[00106558] 6 | 1 10 _ 0 11 3 4 _ _ _ 2 8 
[00106559] 5 | 1 10 5 0 11 3 4 _ _ _ 2 8 
[00106560] 4 | 1 10 5 0 11 3 4 6 _ _ 2 8 
[00106561] 3 | 1 10 5 0 11 3 4 6 9 _ 2 8 
[00106562] 2 | 1 10 5 0 11 3 4 6 9 7 2 8 
[00106563] 5 | 1 10 _ 0 11 3 4 5 _ _ 2 8 
[00106564] 4 | 1 10 6 0 11 3 4 5 _ _ 2 8 
[00106565] 4 | 1 10 _ 0 11 3 4 5 9 _ 2 8 
[00106566] 3 | 1 10 7 0 11 3 4 5 9 _ 2 8 
[00106567] 3 | 1 10 _ 0 11 3 4 5 9 6 2 8 
[00106568] 5 | 1 10 _ 0 11 3 4 7 _ _ 2 8 
[00106569] 4 | 1 10 6 0 11 3 4 7 _ _ 2 8 
[00106570] 4 | 1 10 _ 0 11 3 4 7 5 9 2 8 
[00106571] 4 | 1 10 _ 0 11 3 4 7 9 5 2 8 
[00106572] 6 | 1 10 _ 0 11 3 4 _ _ _ 8 2 
[00106573] 5 | 1 10 5 0 11 3 4 _ _ _ 8 2 
[00106574] 5 | 1 10 _ 0 11 3 4 5 _ _ 8 2 
[00106575] 4 | 1 10 6 0 11 3 4 5 _ _ 8 2 
[00106576] 4 | 1 10 _ 0 11 3 4 5 9 _ 8 2 
[00106577] 3 | 1 10 7 0 11 3 4 5 9 _ 8 2 
[00106578] 3 | 1 10 _ 0 11 3 4 5 9 6 8 2 
[00106579] 7 | 1 10 _ 0 11 3 _ 7 _ _ _ _ 
[00106580] 6 | 1 10 4 0 11 3 _ 7 _ _ _ _ 
[00106581] 5 | 1 10 4 0 11 3 6 7 _ _ _ _ 
[00106582] 4 | 1 10 4 0 11 3 6 7 5 9 _ _ 
[00106583] 4 | 1 10 4 0 11 3 6 7 9 5 _ _ 
[00106584] 4 | 1 10 4 0 11 3 6 7 _ _ 5 9 
[00106585] 4 | 1 10 4 0 11 3 6 7 _ _ 9 5 
[00106586] 5 | 1 10 4 0 11 3 _ 7 2 _ _ _ 
[00106587] 4 | 1 10 4 0 11 3 7 7 2 _ _ _ 
[00106588] 3 | 1 10 4 0 11 3 7 7 2 5 _ _ 
[00106589] 2 | 1 10 4 0 11 3 7 7 2 5 6 8 
[00106590] 1 | 1 10 4 0 11 3 7 7 2 5 6 8  *Graceful*
[00106590] 2 | 1 10 4 0 11 3 7 7 2 5 8 6 
[00106591] 1 | 1 10 4 0 11 3 7 7 2 5 8 6  *Graceful*
[00106591] 3 | 1 10 4 0 11 3 7 7 2 _ 5 8 
[00106592] 3 | 1 10 4 0 11 3 7 7 2 _ 6 9 
[00106593] 3 | 1 10 4 0 11 3 7 7 2 _ 8 5 
[00106594] 3 | 1 10 4 0 11 3 7 7 2 _ 9 6 
[00106595] 4 | 1 10 4 0 11 3 _ 7 2 6 _ _ 
[00106596] 3 | 1 10 4 0 11 3 8 7 2 6 _ _ 
[00106597] 2 | 1 10 4 0 11 3 8 7 2 6 5 _ 
[00106598] 2 | 1 10 4 0 11 3 8 7 2 6 9 _ 
[00106599] 3 | 1 10 4 0 11 3 _ 7 2 6 5 8 
[00106600] 2 | 1 10 4 0 11 3 9 7 2 6 5 8 
[00106601] 3 | 1 10 4 0 11 3 _ 7 2 6 8 5 
[00106602] 2 | 1 10 4 0 11 3 9 7 2 6 8 5 
[00106603] 1 | 1 10 4 0 11 3 9 7 2 6 8 5  *Graceful*
[00106603] 4 | 1 10 4 0 11 3 _ 7 2 _ 11 _ 
[00106604] 3 | 1 10 4 0 11 3 8 7 2 _ 11 _ 
[00106605] 3 | 1 10 4 0 11 3 _ 7 2 5 11 _ 
[00106606] 2 | 1 10 4 0 11 3 9 7 2 5 11 _ 
[00106607] 2 | 1 10 4 0 11 3 _ 7 2 5 11 9 
[00106608] 3 | 1 10 4 0 11 3 _ 7 2 _ 11 8 
[00106609] 4 | 1 10 4 0 11 3 _ 7 2 _ 5 9 
[00106610] 3 | 1 10 4 0 11 3 8 7 2 _ 5 9 
[00106611] 4 | 1 10 4 0 11 3 _ 7 2 _ 9 5 
[00106612] 3 | 1 10 4 0 11 3 8 7 2 _ 9 5 
[00106613] 5 | 1 10 4 0 11 3 _ 7 _ _ 2 _ 
[00106614] 4 | 1 10 4 0 11 3 7 7 _ _ 2 _ 
[00106615] 3 | 1 10 4 0 11 3 7 7 5 8 2 _ 
[00106616] 3 | 1 10 4 0 11 3 7 7 6 9 2 _ 
[00106617] 3 | 1 10 4 0 11 3 7 7 8 5 2 _ 
[00106618] 3 | 1 10 4 0 11 3 7 7 9 6 2 _ 
[00106619] 3 | 1 10 4 0 11 3 7 7 _ _ 2 5 
[00106620] 2 | 1 10 4 0 11 3 7 7 6 8 2 5 
[00106621] 1 | 1 10 4 0 11 3 7 7 6 8 2 5  *Graceful*
[00106621] 2 | 1 10 4 0 11 3 7 7 8 6 2 5 
[00106622] 1 | 1 10 4 0 11 3 7 7 8 6 2 5  *Graceful*
[00106622] 4 | 1 10 4 0 11 3 _ 7 11 _ 2 _ 
[00106623] 3 | 1 10 4 0 11 3 8 7 11 _ 2 _ 
[00106624] 3 | 1 10 4 0 11 3 _ 7 11 8 2 _ 
[00106625] 3 | 1 10 4 0 11 3 _ 7 11 _ 2 5 
[00106626] 2 | 1 10 4 0 11 3 9 7 11 _ 2 5 
[00106627] 2 | 1 10 4 0 11 3 _ 7 11 9 2 5 
[00106628] 4 | 1 10 4 0 11 3 _ 7 5 9 2 _ 
[00106629] 3 | 1 10 4 0 11 3 8 7 5 9 2 _ 
[00106630] 4 | 1 10 4 0 11 3 _ 7 9 5 2 _ 
[00106631] 3 | 1 10 4 0 11 3 8 7 9 5 2 _ 
[00106632] 4 | 1 10 4 0 11 3 _ 7 _ _ 2 6 
[00106633] 3 | 1 10 4 0 11 3 8 7 _ _ 2 6 
[00106634] 2 | 1 10 4 0 11 3 8 7 5 _ 2 6 
[00106635] 2 | 1 10 4 0 11 3 8 7 9 _ 2 6 
[00106636] 3 | 1 10 4 0 11 3 _ 7 5 8 2 6 
[00106637] 2 | 1 10 4 0 11 3 9 7 5 8 2 6 
[00106638] 3 | 1 10 4 0 11 3 _ 7 8 5 2 6 
[00106639] 2 | 1 10 4 0 11 3 9 7 8 5 2 6 
[00106640] 1 | 1 10 4 0 11 3 9 7 8 5 2 6  *Graceful*
[00106640] 6 | 1 10 _ 0 11 3 5 7 _ _ _ _ 
[00106641] 5 | 1 10 _ 0 11 3 5 7 2 _ _ _ 
[00106642] 4 | 1 10 6 0 11 3 5 7 2 _ _ _ 
[00106643] 3 | 1 10 6 0 11 3 5 7 2 _ 4 _ 
[00106644] 2 | 1 10 6 0 11 3 5 7 2 4 4 _ 
[00106645] 2 | 1 10 6 0 11 3 5 7 2 _ 4 2 
[00106646] 4 | 1 10 _ 0 11 3 5 7 2 6 _ _ 
[00106647] 3 | 1 10 7 0 11 3 5 7 2 6 _ _ 
[00106648] 3 | 1 10 _ 0 11 3 5 7 2 6 4 _ 
[00106649] 2 | 1 10 8 0 11 3 5 7 2 6 4 _ 
[00106650] 3 | 1 10 _ 0 11 3 5 7 2 6 10 _ 
[00106651] 2 | 1 10 8 0 11 3 5 7 2 6 10 _ 
[00106652] 2 | 1 10 _ 0 11 3 5 7 2 6 10 8 
[00106653] 4 | 1 10 _ 0 11 3 5 7 2 _ 4 8 
[00106654] 4 | 1 10 _ 0 11 3 5 7 2 _ 8 4 
[00106655] 5 | 1 10 _ 0 11 3 5 7 4 9 _ _ 
[00106656] 4 | 1 10 6 0 11 3 5 7 4 9 _ _ 
[00106657] 4 | 1 10 _ 0 11 3 5 7 4 9 2 6 
[00106658] 4 | 1 10 _ 0 11 3 5 7 4 9 6 2 
[00106659] 5 | 1 10 _ 0 11 3 5 7 9 4 _ _ 
[00106660] 4 | 1 10 6 0 11 3 5 7 9 4 _ _ 
[00106661] 4 | 1 10 _ 0 11 3 5 7 9 4 2 6 
[00106662] 4 | 1 10 _ 0 11 3 5 7 9 4 6 2 
[00106663] 5 | 1 10 _ 0 11 3 5 7 _ _ 2 _ 
[00106664] 4 | 1 10 6 0 11 3 5 7 _ _ 2 _ 
[00106665] 3 | 1 10 6 0 11 3 5 7 4 _ 2 _ 
[00106666] 2 | 1 10 6 0 11 3 5 7 4 2 2 _ 
[00106667] 2 | 1 10 6 0 11 3 5 7 4 _ 2 4 
[00106668] 4 | 1 10 _ 0 11 3 5 7 4 8 2 _ 
[00106669] 4 | 1 10 _ 0 11 3 5 7 8 4 2 _ 
[00106670] 4 | 1 10 _ 0 11 3 5 7 _ _ 2 6 
[00106671] 3 | 1 10 7 0 11 3 5 7 _ _ 2 6 
[00106672] 3 | 1 10 _ 0 11 3 5 7 4 _ 2 6 
[00106673] 2 | 1 10 8 0 11 3 5 7 4 _ 2 6 
[00106674] 3 | 1 10 _ 0 11 3 5 7 10 _ 2 6 
[00106675] 2 | 1 10 8 0 11 3 5 7 10 _ 2 6 
[00106676] 2 | 1 10 _ 0 11 3 5 7 10 8 2 6 
[00106677] 5 | 1 10 _ 0 11 3 5 7 _ _ 4 9 
[00106678] 4 | 1 10 6 0 11 3 5 7 _ _ 4 9 
[00106679] 4 | 1 10 _ 0 11 3 5 7 2 6 4 9 
[00106680] 4 | 1 10 _ 0 11 3 5 7 6 2 4 9 
[00106681] 5 | 1 10 _ 0 11 3 5 7 _ _ 9 4 
[00106682] 4 | 1 10 6 0 11 3 5 7 _ _ 9 4 
[00106683] 4 | 1 10 _ 0 11 3 5 7 2 6 9 4 
[00106684] 4 | 1 10 _ 0 11 3 5 7 6 2 9 4 
[00106685] 6 | 1 10 _ 0 11 3 _ 7 2 8 _ _ 
[00106686] 5 | 1 10 5 0 11 3 _ 7 2 8 _ _ 
[00106687] 4 | 1 10 5 0 11 3 7 7 2 8 _ _ 
[00106688] 3 | 1 10 5 0 11 3 7 7 2 8 6 9 
[00106689] 3 | 1 10 5 0 11 3 7 7 2 8 9 6 
[00106690] 4 | 1 10 5 0 11 3 _ 7 2 8 11 _ 
[00106691] 5 | 1 10 _ 0 11 3 6 7 2 8 _ _ 
[00106692] 4 | 1 10 _ 0 11 3 6 7 2 8 5 9 
[00106693] 4 | 1 10 _ 0 11 3 6 7 2 8 9 5 
[00106694] 5 | 1 10 _ 0 11 3 _ 7 2 8 4 9 
[00106695] 4 | 1 10 6 0 11 3 _ 7 2 8 4 9 
[00106696] 5 | 1 10 _ 0 11 3 _ 7 2 8 9 4 
[00106697] 4 | 1 10 6 0 11 3 _ 7 2 8 9 4 
[00106698] 6 | 1 10 _ 0 11 3 _ 7 8 2 _ _ 
[00106699] 5 | 1 10 5 0 11 3 _ 7 8 2 _ _ 
[00106700] 4 | 1 10 5 0 11 3 7 7 8 2 _ _ 
[00106701] 3 | 1 10 5 0 11 3 7 7 8 2 6 9 
[00106702] 3 | 1 10 5 0 11 3 7 7 8 2 9 6 
[00106703] 4 | 1 10 5 0 11 3 _ 7 8 2 11 _ 
[00106704] 5 | 1 10 _ 0 11 3 6 7 8 2 _ _ 
[00106705] 4 | 1 10 _ 0 11 3 6 7 8 2 5 9 
[00106706] 4 | 1 10 _ 0 11 3 6 7 8 2 9 5 
[00106707] 5 | 1 10 _ 0 11 3 _ 7 8 2 4 9 
[00106708] 4 | 1 10 6 0 11 3 _ 7 8 2 4 9 
[00106709] 5 | 1 10 _ 0 11 3 _ 7 8 2 9 4 
[00106710] 4 | 1 10 6 0 11 3 _ 7 8 2 9 4 
[00106711] 6 | 1 10 _ 0 11 3 _ 7 _ _ 2 8 
[00106712] 5 | 1 10 5 0 11 3 _ 7 _ _ 2 8 
[00106713] 4 | 1 10 5 0 11 3 7 7 _ _ 2 8 
[00106714] 3 | 1 10 5 0 11 3 7 7 6 9 2 8 
[00106715] 3 | 1 10 5 0 11 3 7 7 9 6 2 8 
[00106716] 4 | 1 10 5 0 11 3 _ 7 11 _ 2 8 
[00106717] 5 | 1 10 _ 0 11 3 6 7 _ _ 2 8 
[00106718] 4 | 1 10 _ 0 11 3 6 7 5 9 2 8 
[00106719] 4 | 1 10 _ 0 11 3 6 7 9 5 2 8 
[00106720] 5 | 1 10 _ 0 11 3 _ 7 4 9 2 8 
[00106721] 4 | 1 10 6 0 11 3 _ 7 4 9 2 8 
[00106722] 5 | 1 10 _ 0 11 3 _ 7 9 4 2 8 
[00106723] 4 | 1 10 6 0 11 3 _ 7 9 4 2 8 
[00106724] 6 | 1 10 _ 0 11 3 _ 7 _ _ 8 2 
[00106725] 5 | 1 10 5 0 11 3 _ 7 _ _ 8 2 
[00106726] 4 | 1 10 5 0 11 3 7 7 _ _ 8 2 
[00106727] 3 | 1 10 5 0 11 3 7 7 6 9 8 2 
[00106728] 3 | 1 10 5 0 11 3 7 7 9 6 8 2 
[00106729] 4 | 1 10 5 0 11 3 _ 7 11 _ 8 2 
[00106730] 5 | 1 10 _ 0 11 3 6 7 _ _ 8 2 
[00106731] 4 | 1 10 _ 0 11 3 6 7 5 9 8 2 
[00106732] 4 | 1 10 _ 0 11 3 6 7 9 5 8 2 
[00106733] 5 | 1 10 _ 0 11 3 _ 7 4 9 8 2 
[00106734] 4 | 1 10 6 0 11 3 _ 7 4 9 8 2 
[00106735] 5 | 1 10 _ 0 11 3 _ 7 9 4 8 2 
[00106736] 4 | 1 10 6 0 11 3 _ 7 9 4 8 2 
[00106737] 7 | 1 10 _ 0 11 3 _ 2 9 _ _ _ 
[00106738] 6 | 1 10 4 0 11 3 _ 2 9 _ _ _ 
[00106739] 5 | 1 10 4 0 11 3 6 2 9 _ _ _ 
[00106740] 4 | 1 10 4 0 11 3 6 2 9 5 _ _ 
[00106741] 5 | 1 10 4 0 11 3 _ 2 9 _ 7 _ 
[00106742] 4 | 1 10 4 0 11 3 7 2 9 _ 7 _ 
[00106743] 3 | 1 10 4 0 11 3 7 2 9 6 7 _ 
[00106744] 4 | 1 10 4 0 11 3 _ 2 9 5 7 _ 
[00106745] 3 | 1 10 4 0 11 3 8 2 9 5 7 _ 
[00106746] 4 | 1 10 4 0 11 3 _ 2 9 _ 7 11 
[00106747] 3 | 1 10 4 0 11 3 _ 2 9 6 7 11 
[00106748] 6 | 1 10 _ 0 11 3 5 2 9 _ _ _ 
[00106749] 5 | 1 10 _ 0 11 3 5 2 9 4 _ _ 
[00106750] 4 | 1 10 6 0 11 3 5 2 9 4 _ _ 
[00106751] 4 | 1 10 _ 0 11 3 5 2 9 4 6 _ 
[00106752] 3 | 1 10 7 0 11 3 5 2 9 4 6 _ 
[00106753] 2 | 1 10 7 0 11 3 5 2 9 4 6 8 
[00106754] 5 | 1 10 _ 0 11 3 5 2 9 _ 7 _ 
[00106755] 4 | 1 10 6 0 11 3 5 2 9 _ 7 _ 
[00106756] 3 | 1 10 6 0 11 3 5 2 9 _ 7 4 
[00106757] 6 | 1 10 _ 0 11 3 _ 2 9 _ 8 _ 
[00106758] 5 | 1 10 5 0 11 3 _ 2 9 _ 8 _ 
[00106759] 4 | 1 10 5 0 11 3 7 2 9 _ 8 _ 
[00106760] 3 | 1 10 5 0 11 3 7 2 9 6 8 _ 
[00106761] 4 | 1 10 5 0 11 3 _ 2 9 _ 8 4 
[00106762] 3 | 1 10 5 0 11 3 _ 2 9 6 8 4 
[00106763] 5 | 1 10 _ 0 11 3 6 2 9 _ 8 _ 
[00106764] 4 | 1 10 _ 0 11 3 6 2 9 5 8 _ 
[00106765] 3 | 1 10 7 0 11 3 6 2 9 5 8 _ 
[00106766] 4 | 1 10 _ 0 11 3 6 2 9 _ 8 4 
[00106767] 3 | 1 10 7 0 11 3 6 2 9 _ 8 4 
[00106768] 5 | 1 10 _ 0 11 3 _ 2 9 4 8 _ 
[00106769] 4 | 1 10 6 0 11 3 _ 2 9 4 8 _ 
[00106770] 3 | 1 10 6 0 11 3 8 2 9 4 8 _ 
[00106771] 3 | 1 10 6 0 11 3 _ 2 9 4 8 5 
[00106772] 3 | 1 10 6 0 11 3 _ 2 9 4 8 11 
[00106773] 4 | 1 10 _ 0 11 3 7 2 9 4 8 _ 
[00106774] 3 | 1 10 _ 0 11 3 7 2 9 4 8 5 
[00106775] 7 | 1 10 _ 0 11 3 _ 9 2 _ _ _ 
[00106776] 6 | 1 10 4 0 11 3 _ 9 2 _ _ _ 
[00106777] 5 | 1 10 4 0 11 3 6 9 2 _ _ _ 
[00106778] 4 | 1 10 4 0 11 3 6 9 2 _ 5 _ 
[00106779] 3 | 1 10 4 0 11 3 6 9 2 5 5 _ 
[00106780] 3 | 1 10 4 0 11 3 6 9 2 _ 5 2 
[00106781] 3 | 1 10 4 0 11 3 6 9 2 _ 5 8 
[00106782] 5 | 1 10 4 0 11 3 _ 9 2 7 _ _ 
[00106783] 4 | 1 10 4 0 11 3 _ 9 2 7 5 _ 
[00106784] 3 | 1 10 4 0 11 3 8 9 2 7 5 _ 
[00106785] 3 | 1 10 4 0 11 3 _ 9 2 7 5 8 
[00106786] 6 | 1 10 _ 0 11 3 5 9 2 _ _ _ 
[00106787] 5 | 1 10 _ 0 11 3 5 9 2 7 _ _ 
[00106788] 4 | 1 10 6 0 11 3 5 9 2 7 _ _ 
[00106789] 4 | 1 10 _ 0 11 3 5 9 2 7 4 8 
[00106790] 4 | 1 10 _ 0 11 3 5 9 2 7 8 4 
[00106791] 5 | 1 10 _ 0 11 3 5 9 2 _ 4 _ 
[00106792] 4 | 1 10 6 0 11 3 5 9 2 _ 4 _ 
[00106793] 3 | 1 10 6 0 11 3 5 9 2 _ 4 7 
[00106794] 4 | 1 10 _ 0 11 3 5 9 2 6 4 _ 
[00106795] 3 | 1 10 7 0 11 3 5 9 2 6 4 _ 
[00106796] 3 | 1 10 _ 0 11 3 5 9 2 6 4 7 
[00106797] 2 | 1 10 8 0 11 3 5 9 2 6 4 7 
[00106798] 4 | 1 10 _ 0 11 3 5 9 2 _ 4 8 
[00106799] 3 | 1 10 7 0 11 3 5 9 2 _ 4 8 
[00106800] 6 | 1 10 _ 0 11 3 _ 9 2 8 _ _ 
[00106801] 5 | 1 10 5 0 11 3 _ 9 2 8 _ _ 
[00106802] 4 | 1 10 5 0 11 3 7 9 2 8 _ _ 
[00106803] 3 | 1 10 5 0 11 3 7 9 2 8 6 _ 
[00106804] 2 | 1 10 5 0 11 3 7 9 2 8 6 4 
[00106805] 5 | 1 10 _ 0 11 3 6 9 2 8 _ _ 
[00106806] 4 | 1 10 _ 0 11 3 6 9 2 8 5 _ 
[00106807] 3 | 1 10 7 0 11 3 6 9 2 8 5 _ 
[00106808] 5 | 1 10 _ 0 11 3 _ 9 2 8 4 _ 
[00106809] 4 | 1 10 6 0 11 3 _ 9 2 8 4 _ 
[00106810] 3 | 1 10 6 0 11 3 _ 9 2 8 4 7 
[00106811] 4 | 1 10 _ 0 11 3 7 9 2 8 4 _ 
[00106812] 7 | 1 10 _ 0 11 3 _ _ 2 9 _ _ 
[00106813] 6 | 1 10 4 0 11 3 _ _ 2 9 _ _ 
[00106814] 5 | 1 10 4 0 11 3 6 _ 2 9 _ _ 
[00106815] 5 | 1 10 4 0 11 3 _ 5 2 9 _ _ 
[00106816] 4 | 1 10 4 0 11 3 7 5 2 9 _ _ 
[00106817] 3 | 1 10 4 0 11 3 7 5 2 9 8 _ 
[00106818] 2 | 1 10 4 0 11 3 7 5 2 9 8 6 
[00106819] 5 | 1 10 4 0 11 3 _ 7 2 9 _ _ 
[00106820] 4 | 1 10 4 0 11 3 7 7 2 9 _ _ 
[00106821] 3 | 1 10 4 0 11 3 7 7 2 9 5 8 
[00106822] 3 | 1 10 4 0 11 3 7 7 2 9 8 5 
[00106823] 4 | 1 10 4 0 11 3 _ 7 2 9 11 _ 
[00106824] 3 | 1 10 4 0 11 3 8 7 2 9 11 _ 
[00106825] 3 | 1 10 4 0 11 3 _ 7 2 9 11 8 
[00106826] 6 | 1 10 _ 0 11 3 5 _ 2 9 _ _ 
[00106827] 5 | 1 10 _ 0 11 3 5 7 2 9 _ _ 
[00106828] 4 | 1 10 6 0 11 3 5 7 2 9 _ _ 
[00106829] 3 | 1 10 6 0 11 3 5 7 2 9 4 _ 
[00106830] 4 | 1 10 _ 0 11 3 5 7 2 9 4 8 
[00106831] 4 | 1 10 _ 0 11 3 5 7 2 9 8 4 
[00106832] 6 | 1 10 _ 0 11 3 _ 6 2 9 _ _ 
[00106833] 5 | 1 10 5 0 11 3 _ 6 2 9 _ _ 
[00106834] 4 | 1 10 5 0 11 3 7 6 2 9 _ _ 
[00106835] 4 | 1 10 5 0 11 3 _ 6 2 9 4 8 
[00106836] 4 | 1 10 5 0 11 3 _ 6 2 9 8 4 
[00106837] 5 | 1 10 _ 0 11 3 6 6 2 9 _ _ 
[00106838] 4 | 1 10 _ 0 11 3 6 6 2 9 4 8 
[00106839] 3 | 1 10 7 0 11 3 6 6 2 9 4 8 
[00106840] 4 | 1 10 _ 0 11 3 6 6 2 9 8 4 
[00106841] 3 | 1 10 7 0 11 3 6 6 2 9 8 4 
[00106842] 5 | 1 10 _ 0 11 3 _ 6 2 9 11 _ 
[00106843] 4 | 1 10 _ 0 11 3 7 6 2 9 11 _ 
[00106844] 4 | 1 10 _ 0 11 3 _ 6 2 9 11 7 
[00106845] 6 | 1 10 _ 0 11 3 _ 8 2 9 _ _ 
[00106846] 5 | 1 10 5 0 11 3 _ 8 2 9 _ _ 
[00106847] 4 | 1 10 5 0 11 3 7 8 2 9 _ _ 
[00106848] 4 | 1 10 5 0 11 3 _ 8 2 9 4 _ 
[00106849] 3 | 1 10 5 0 11 3 _ 8 2 9 4 7 
[00106850] 5 | 1 10 _ 0 11 3 6 8 2 9 _ _ 
[00106851] 4 | 1 10 _ 0 11 3 6 8 2 9 4 _ 
[00106852] 3 | 1 10 7 0 11 3 6 8 2 9 4 _ 
[00106853] 3 | 1 10 _ 0 11 3 6 8 2 9 4 7 
[00106854] 7 | 1 10 _ 0 11 3 _ _ 9 2 _ _ 
[00106855] 6 | 1 10 4 0 11 3 _ _ 9 2 _ _ 
[00106856] 5 | 1 10 4 0 11 3 6 _ 9 2 _ _ 
[00106857] 4 | 1 10 4 0 11 3 6 5 9 2 _ _ 
[00106858] 3 | 1 10 4 0 11 3 6 5 9 2 8 _ 
[00106859] 5 | 1 10 4 0 11 3 _ 5 9 2 _ _ 
[00106860] 4 | 1 10 4 0 11 3 7 5 9 2 _ _ 
[00106861] 3 | 1 10 4 0 11 3 7 5 9 2 8 _ 
[00106862] 2 | 1 10 4 0 11 3 7 5 9 2 8 6 
[00106863] 6 | 1 10 _ 0 11 3 5 _ 9 2 _ _ 
[00106864] 5 | 1 10 _ 0 11 3 5 4 9 2 _ _ 
[00106865] 4 | 1 10 6 0 11 3 5 4 9 2 _ _ 
[00106866] 3 | 1 10 6 0 11 3 5 4 9 2 7 _ 
[00106867] 4 | 1 10 _ 0 11 3 5 4 9 2 8 _ 
[00106868] 3 | 1 10 7 0 11 3 5 4 9 2 8 _ 
[00106869] 2 | 1 10 7 0 11 3 5 4 9 2 8 6 
[00106870] 6 | 1 10 _ 0 11 3 _ 6 9 2 _ _ 
[00106871] 5 | 1 10 5 0 11 3 _ 6 9 2 _ _ 
[00106872] 4 | 1 10 5 0 11 3 7 6 9 2 _ _ 
[00106873] 4 | 1 10 5 0 11 3 _ 6 9 2 4 8 
[00106874] 4 | 1 10 5 0 11 3 _ 6 9 2 8 4 
[00106875] 5 | 1 10 _ 0 11 3 6 6 9 2 _ _ 
[00106876] 4 | 1 10 _ 0 11 3 6 6 9 2 4 8 
[00106877] 3 | 1 10 7 0 11 3 6 6 9 2 4 8 
[00106878] 4 | 1 10 _ 0 11 3 6 6 9 2 8 4 
[00106879] 3 | 1 10 7 0 11 3 6 6 9 2 8 4 
[00106880] 5 | 1 10 _ 0 11 3 _ 6 9 2 11 _ 
[00106881] 4 | 1 10 _ 0 11 3 7 6 9 2 11 _ 
[00106882] 4 | 1 10 _ 0 11 3 _ 6 9 2 11 7 
[00106883] 7 | 1 10 _ 0 11 3 _ 2 _ _ 9 _ 
[00106884] 6 | 1 10 4 0 11 3 _ 2 _ _ 9 _ 
[00106885] 5 | 1 10 4 0 11 3 6 2 _ _ 9 _ 
[00106886] 4 | 1 10 4 0 11 3 6 2 _ _ 9 5 
[00106887] 5 | 1 10 4 0 11 3 _ 2 7 _ 9 _ 
[00106888] 4 | 1 10 4 0 11 3 7 2 7 _ 9 _ 
[00106889] 3 | 1 10 4 0 11 3 7 2 7 _ 9 6 
[00106890] 4 | 1 10 4 0 11 3 _ 2 7 11 9 _ 
[00106891] 3 | 1 10 4 0 11 3 _ 2 7 11 9 6 
[00106892] 4 | 1 10 4 0 11 3 _ 2 7 _ 9 5 
[00106893] 3 | 1 10 4 0 11 3 8 2 7 _ 9 5 
[00106894] 6 | 1 10 _ 0 11 3 5 2 _ _ 9 _ 
[00106895] 5 | 1 10 _ 0 11 3 5 2 7 _ 9 _ 
[00106896] 4 | 1 10 6 0 11 3 5 2 7 _ 9 _ 
[00106897] 3 | 1 10 6 0 11 3 5 2 7 4 9 _ 
[00106898] 5 | 1 10 _ 0 11 3 5 2 _ _ 9 4 
[00106899] 4 | 1 10 6 0 11 3 5 2 _ _ 9 4 
[00106900] 4 | 1 10 _ 0 11 3 5 2 6 _ 9 4 
[00106901] 3 | 1 10 7 0 11 3 5 2 6 _ 9 4 
[00106902] 2 | 1 10 7 0 11 3 5 2 6 8 9 4 
[00106903] 6 | 1 10 _ 0 11 3 _ 2 8 _ 9 _ 
[00106904] 5 | 1 10 5 0 11 3 _ 2 8 _ 9 _ 
[00106905] 4 | 1 10 5 0 11 3 7 2 8 _ 9 _ 
[00106906] 3 | 1 10 5 0 11 3 7 2 8 _ 9 6 
[00106907] 4 | 1 10 5 0 11 3 _ 2 8 4 9 _ 
[00106908] 3 | 1 10 5 0 11 3 _ 2 8 4 9 6 
[00106909] 5 | 1 10 _ 0 11 3 6 2 8 _ 9 _ 
[00106910] 4 | 1 10 _ 0 11 3 6 2 8 4 9 _ 
[00106911] 3 | 1 10 7 0 11 3 6 2 8 4 9 _ 
[00106912] 4 | 1 10 _ 0 11 3 6 2 8 _ 9 5 
[00106913] 3 | 1 10 7 0 11 3 6 2 8 _ 9 5 
[00106914] 5 | 1 10 _ 0 11 3 _ 2 8 _ 9 4 
[00106915] 4 | 1 10 6 0 11 3 _ 2 8 _ 9 4 
[00106916] 3 | 1 10 6 0 11 3 8 2 8 _ 9 4 
[00106917] 3 | 1 10 6 0 11 3 _ 2 8 5 9 4 
[00106918] 3 | 1 10 6 0 11 3 _ 2 8 11 9 4 
[00106919] 4 | 1 10 _ 0 11 3 7 2 8 _ 9 4 
[00106920] 3 | 1 10 _ 0 11 3 7 2 8 5 9 4 
[00106921] 7 | 1 10 _ 0 11 3 _ 9 _ _ 2 _ 
[00106922] 6 | 1 10 4 0 11 3 _ 9 _ _ 2 _ 
[00106923] 5 | 1 10 4 0 11 3 6 9 _ _ 2 _ 
[00106924] 4 | 1 10 4 0 11 3 6 9 5 _ 2 _ 
[00106925] 3 | 1 10 4 0 11 3 6 9 5 2 2 _ 
[00106926] 3 | 1 10 4 0 11 3 6 9 5 8 2 _ 
[00106927] 3 | 1 10 4 0 11 3 6 9 5 _ 2 5 
[00106928] 5 | 1 10 4 0 11 3 _ 9 _ _ 2 7 
[00106929] 4 | 1 10 4 0 11 3 _ 9 5 _ 2 7 
[00106930] 3 | 1 10 4 0 11 3 8 9 5 _ 2 7 
[00106931] 3 | 1 10 4 0 11 3 _ 9 5 8 2 7 
[00106932] 6 | 1 10 _ 0 11 3 5 9 _ _ 2 _ 
[00106933] 5 | 1 10 _ 0 11 3 5 9 4 _ 2 _ 
[00106934] 4 | 1 10 6 0 11 3 5 9 4 _ 2 _ 
[00106935] 3 | 1 10 6 0 11 3 5 9 4 7 2 _ 
[00106936] 4 | 1 10 _ 0 11 3 5 9 4 8 2 _ 
[00106937] 3 | 1 10 7 0 11 3 5 9 4 8 2 _ 
[00106938] 4 | 1 10 _ 0 11 3 5 9 4 _ 2 6 
[00106939] 3 | 1 10 7 0 11 3 5 9 4 _ 2 6 
[00106940] 3 | 1 10 _ 0 11 3 5 9 4 7 2 6 
[00106941] 2 | 1 10 8 0 11 3 5 9 4 7 2 6 
[00106942] 5 | 1 10 _ 0 11 3 5 9 _ _ 2 7 
[00106943] 4 | 1 10 6 0 11 3 5 9 _ _ 2 7 
[00106944] 4 | 1 10 _ 0 11 3 5 9 4 8 2 7 
[00106945] 4 | 1 10 _ 0 11 3 5 9 8 4 2 7 
[00106946] 6 | 1 10 _ 0 11 3 _ 9 _ _ 2 8 
[00106947] 5 | 1 10 5 0 11 3 _ 9 _ _ 2 8 
[00106948] 4 | 1 10 5 0 11 3 7 9 _ _ 2 8 
[00106949] 3 | 1 10 5 0 11 3 7 9 6 _ 2 8 
[00106950] 2 | 1 10 5 0 11 3 7 9 6 4 2 8 
[00106951] 5 | 1 10 _ 0 11 3 6 9 _ _ 2 8 
[00106952] 4 | 1 10 _ 0 11 3 6 9 5 _ 2 8 
[00106953] 3 | 1 10 7 0 11 3 6 9 5 _ 2 8 
[00106954] 5 | 1 10 _ 0 11 3 _ 9 4 _ 2 8 
[00106955] 4 | 1 10 6 0 11 3 _ 9 4 _ 2 8 
[00106956] 3 | 1 10 6 0 11 3 _ 9 4 7 2 8 
[00106957] 4 | 1 10 _ 0 11 3 7 9 4 _ 2 8 
[00106958] 7 | 1 10 _ 0 11 3 _ _ _ _ 2 9 
[00106959] 6 | 1 10 4 0 11 3 _ _ _ _ 2 9 
[00106960] 5 | 1 10 4 0 11 3 6 _ _ _ 2 9 
[00106961] 5 | 1 10 4 0 11 3 _ 5 _ _ 2 9 
[00106962] 4 | 1 10 4 0 11 3 7 5 _ _ 2 9 
[00106963] 3 | 1 10 4 0 11 3 7 5 8 _ 2 9 
[00106964] 2 | 1 10 4 0 11 3 7 5 8 6 2 9 
[00106965] 5 | 1 10 4 0 11 3 _ 7 _ _ 2 9 
[00106966] 4 | 1 10 4 0 11 3 7 7 _ _ 2 9 
[00106967] 3 | 1 10 4 0 11 3 7 7 5 8 2 9 
[00106968] 3 | 1 10 4 0 11 3 7 7 8 5 2 9 
[00106969] 4 | 1 10 4 0 11 3 _ 7 11 _ 2 9 
[00106970] 3 | 1 10 4 0 11 3 8 7 11 _ 2 9 
[00106971] 3 | 1 10 4 0 11 3 _ 7 11 8 2 9 
[00106972] 6 | 1 10 _ 0 11 3 5 _ _ _ 2 9 
[00106973] 5 | 1 10 _ 0 11 3 5 7 _ _ 2 9 
[00106974] 4 | 1 10 6 0 11 3 5 7 _ _ 2 9 
[00106975] 3 | 1 10 6 0 11 3 5 7 4 _ 2 9 
[00106976] 4 | 1 10 _ 0 11 3 5 7 4 8 2 9 
[00106977] 4 | 1 10 _ 0 11 3 5 7 8 4 2 9 
[00106978] 6 | 1 10 _ 0 11 3 _ 6 _ _ 2 9 
[00106979] 5 | 1 10 5 0 11 3 _ 6 _ _ 2 9 
[00106980] 4 | 1 10 5 0 11 3 7 6 _ _ 2 9 
[00106981] 4 | 1 10 5 0 11 3 _ 6 4 8 2 9 
[00106982] 4 | 1 10 5 0 11 3 _ 6 8 4 2 9 
[00106983] 5 | 1 10 _ 0 11 3 6 6 _ _ 2 9 
[00106984] 4 | 1 10 _ 0 11 3 6 6 4 8 2 9 
[00106985] 3 | 1 10 7 0 11 3 6 6 4 8 2 9 
[00106986] 4 | 1 10 _ 0 11 3 6 6 8 4 2 9 
[00106987] 3 | 1 10 7 0 11 3 6 6 8 4 2 9 
[00106988] 5 | 1 10 _ 0 11 3 _ 6 11 _ 2 9 
[00106989] 4 | 1 10 _ 0 11 3 7 6 11 _ 2 9 
[00106990] 4 | 1 10 _ 0 11 3 _ 6 11 7 2 9 
[00106991] 6 | 1 10 _ 0 11 3 _ 8 _ _ 2 9 
[00106992] 5 | 1 10 5 0 11 3 _ 8 _ _ 2 9 
[00106993] 4 | 1 10 5 0 11 3 7 8 _ _ 2 9 
[00106994] 4 | 1 10 5 0 11 3 _ 8 4 _ 2 9 
[00106995] 3 | 1 10 5 0 11 3 _ 8 4 7 2 9 
[00106996] 5 | 1 10 _ 0 11 3 6 8 _ _ 2 9 
[00106997] 4 | 1 10 _ 0 11 3 6 8 4 _ 2 9 
[00106998] 3 | 1 10 7 0 11 3 6 8 4 _ 2 9 
[00106999] 3 | 1 10 _ 0 11 3 6 8 4 7 2 9 
[00107000] 7 | 1 10 _ 0 11 3 _ _ _ _ 9 2 
[00107001] 6 | 1 10 4 0 11 3 _ _ _ _ 9 2 
[00107002] 5 | 1 10 4 0 11 3 6 _ _ _ 9 2 
[00107003] 4 | 1 10 4 0 11 3 6 5 _ _ 9 2 
[00107004] 3 | 1 10 4 0 11 3 6 5 8 _ 9 2 
[00107005] 5 | 1 10 4 0 11 3 _ 5 _ _ 9 2 
[00107006] 4 | 1 10 4 0 11 3 7 5 _ _ 9 2 
[00107007] 3 | 1 10 4 0 11 3 7 5 8 _ 9 2 
[00107008] 2 | 1 10 4 0 11 3 7 5 8 6 9 2 
[00107009] 6 | 1 10 _ 0 11 3 5 _ _ _ 9 2 
[00107010] 5 | 1 10 _ 0 11 3 5 4 _ _ 9 2 
[00107011] 4 | 1 10 6 0 11 3 5 4 _ _ 9 2 
[00107012] 3 | 1 10 6 0 11 3 5 4 7 _ 9 2 
[00107013] 4 | 1 10 _ 0 11 3 5 4 8 _ 9 2 
[00107014] 3 | 1 10 7 0 11 3 5 4 8 _ 9 2 
[00107015] 2 | 1 10 7 0 11 3 5 4 8 6 9 2 
[00107016] 6 | 1 10 _ 0 11 3 _ 6 _ _ 9 2 
[00107017] 5 | 1 10 5 0 11 3 _ 6 _ _ 9 2 
[00107018] 4 | 1 10 5 0 11 3 7 6 _ _ 9 2 
[00107019] 4 | 1 10 5 0 11 3 _ 6 4 8 9 2 
[00107020] 4 | 1 10 5 0 11 3 _ 6 8 4 9 2 
[00107021] 5 | 1 10 _ 0 11 3 6 6 _ _ 9 2 
[00107022] 4 | 1 10 _ 0 11 3 6 6 4 8 9 2 
[00107023] 3 | 1 10 7 0 11 3 6 6 4 8 9 2 
[00107024] 4 | 1 10 _ 0 11 3 6 6 8 4 9 2 
[00107025] 3 | 1 10 7 0 11 3 6 6 8 4 9 2 
[00107026] 5 | 1 10 _ 0 11 3 _ 6 11 _ 9 2 
[00107027] 4 | 1 10 _ 0 11 3 7 6 11 _ 9 2 
[00107028] 4 | 1 10 _ 0 11 3 _ 6 11 7 9 2 
[00107029] 8 | 1 10 _ 0 11 _ 3 _ _ _ _ _ 
[00107030] 7 | 1 10 _ 0 11 4 3 _ _ _ _ _ 
[00107031] 6 | 1 10 _ 0 11 4 3 6 _ _ _ _ 
[00107032] 5 | 1 10 5 0 11 4 3 6 _ _ _ _ 
[00107033] 4 | 1 10 5 0 11 4 3 6 2 _ _ _ 
[00107034] 3 | 1 10 5 0 11 4 3 6 2 _ 9 _ 
[00107035] 2 | 1 10 5 0 11 4 3 6 2 _ 9 7 
[00107036] 4 | 1 10 5 0 11 4 3 6 _ _ 2 _ 
[00107037] 3 | 1 10 5 0 11 4 3 6 9 _ 2 _ 
[00107038] 2 | 1 10 5 0 11 4 3 6 9 7 2 _ 
[00107039] 5 | 1 10 _ 0 11 4 3 6 2 7 _ _ 
[00107040] 4 | 1 10 6 0 11 4 3 6 2 7 _ _ 
[00107041] 3 | 1 10 6 0 11 4 3 6 2 7 5 8 
[00107042] 3 | 1 10 6 0 11 4 3 6 2 7 8 5 
[00107043] 4 | 1 10 _ 0 11 4 3 6 2 7 10 _ 
[00107044] 4 | 1 10 _ 0 11 4 3 6 2 7 5 9 
[00107045] 4 | 1 10 _ 0 11 4 3 6 2 7 9 5 
[00107046] 5 | 1 10 _ 0 11 4 3 6 7 2 _ _ 
[00107047] 4 | 1 10 6 0 11 4 3 6 7 2 _ _ 
[00107048] 3 | 1 10 6 0 11 4 3 6 7 2 5 8 
[00107049] 3 | 1 10 6 0 11 4 3 6 7 2 8 5 
[00107050] 4 | 1 10 _ 0 11 4 3 6 7 2 10 _ 
[00107051] 4 | 1 10 _ 0 11 4 3 6 7 2 5 9 
