[00357012] 4 | _ 6 2 1 10 3 5 11 0 8 5 _ 
[00357013] 5 | _ _ _ 1 10 3 _ 11 0 8 5 10 
[00357014] 4 | 2 6 _ 1 10 3 _ 11 0 8 5 10 
[00357015] 4 | 6 2 _ 1 10 3 _ 11 0 8 5 10 
[00357016] 4 | _ 2 6 1 10 3 _ 11 0 8 5 10 
[00357017] 4 | _ 6 2 1 10 3 _ 11 0 8 5 10 
[00357018] 7 | _ _ _ 1 10 _ 3 11 0 8 _ _ 
[00357019] 6 | _ 7 _ 1 10 _ 3 11 0 8 _ _ 
[00357020] 5 | 2 7 _ 1 10 _ 3 11 0 8 _ _ 
[00357021] 4 | 2 7 11 1 10 _ 3 11 0 8 _ _ 
[00357022] 3 | 2 7 11 1 10 _ 3 11 0 8 6 9 
[00357023] 3 | 2 7 11 1 10 _ 3 11 0 8 9 6 
[00357024] 4 | 2 7 _ 1 10 6 3 11 0 8 _ _ 
[00357025] 3 | 2 7 4 1 10 6 3 11 0 8 _ _ 
[00357026] 2 | 2 7 4 1 10 6 3 11 0 8 9 _ 
[00357027] 4 | 2 7 _ 1 10 _ 3 11 0 8 7 _ 
[00357028] 3 | 2 7 4 1 10 _ 3 11 0 8 7 _ 
[00357029] 3 | 2 7 10 1 10 _ 3 11 0 8 7 _ 
[00357030] 3 | 2 7 _ 1 10 7 3 11 0 8 7 _ 
[00357031] 3 | 2 7 _ 1 10 _ 3 11 0 8 7 4 
[00357032] 3 | 2 7 _ 1 10 _ 3 11 0 8 7 10 
[00357033] 4 | 2 7 _ 1 10 _ 3 11 0 8 5 9 
[00357034] 3 | 2 7 4 1 10 _ 3 11 0 8 5 9 
[00357035] 3 | 2 7 10 1 10 _ 3 11 0 8 5 9 
[00357036] 3 | 2 7 _ 1 10 7 3 11 0 8 5 9 
[00357037] 4 | 2 7 _ 1 10 _ 3 11 0 8 9 5 
[00357038] 3 | 2 7 4 1 10 _ 3 11 0 8 9 5 
[00357039] 3 | 2 7 10 1 10 _ 3 11 0 8 9 5 
[00357040] 3 | 2 7 _ 1 10 7 3 11 0 8 9 5 
[00357041] 5 | _ 7 2 1 10 _ 3 11 0 8 _ _ 
[00357042] 4 | 11 7 2 1 10 _ 3 11 0 8 _ _ 
[00357043] 3 | 11 7 2 1 10 _ 3 11 0 8 6 9 
[00357044] 3 | 11 7 2 1 10 _ 3 11 0 8 9 6 
[00357045] 4 | _ 7 2 1 10 6 3 11 0 8 _ _ 
[00357046] 3 | 4 7 2 1 10 6 3 11 0 8 _ _ 
[00357047] 2 | 4 7 2 1 10 6 3 11 0 8 9 _ 
[00357048] 4 | _ 7 2 1 10 _ 3 11 0 8 7 _ 
[00357049] 3 | 4 7 2 1 10 _ 3 11 0 8 7 _ 
[00357050] 3 | 10 7 2 1 10 _ 3 11 0 8 7 _ 
[00357051] 3 | _ 7 2 1 10 7 3 11 0 8 7 _ 
[00357052] 3 | _ 7 2 1 10 _ 3 11 0 8 7 4 
[00357053] 3 | _ 7 2 1 10 _ 3 11 0 8 7 10 
[00357054] 4 | _ 7 2 1 10 _ 3 11 0 8 5 9 
[00357055] 3 | 4 7 2 1 10 _ 3 11 0 8 5 9 
[00357056] 3 | 10 7 2 1 10 _ 3 11 0 8 5 9 
[00357057] 3 | _ 7 2 1 10 7 3 11 0 8 5 9 
[00357058] 4 | _ 7 2 1 10 _ 3 11 0 8 9 5 
[00357059] 3 | 4 7 2 1 10 _ 3 11 0 8 9 5 
[00357060] 3 | 10 7 2 1 10 _ 3 11 0 8 9 5 
[00357061] 3 | _ 7 2 1 10 7 3 11 0 8 9 5 
[00357062] 5 | _ 7 _ 1 10 5 3 11 0 8 _ _ 
[00357063] 4 | 11 7 _ 1 10 5 3 11 0 8 _ _ 
[00357064] 3 | 11 7 4 1 10 5 3 11 0 8 _ _ 
[00357065] 3 | 11 7 _ 1 10 5 3 11 0 8 6 9 
[00357066] 3 | 11 7 _ 1 10 5 3 11 0 8 9 6 
[00357067] 4 | _ 7 11 1 10 5 3 11 0 8 _ _ 
[00357068] 3 | 4 7 11 1 10 5 3 11 0 8 _ _ 
[00357069] 3 | _ 7 11 1 10 5 3 11 0 8 6 9 
[00357070] 3 | _ 7 11 1 10 5 3 11 0 8 9 6 
[00357071] 4 | _ 7 _ 1 10 5 3 11 0 8 7 _ 
[00357072] 3 | 4 7 _ 1 10 5 3 11 0 8 7 _ 
[00357073] 2 | 4 7 9 1 10 5 3 11 0 8 7 _ 
[00357074] 2 | 4 7 _ 1 10 5 3 11 0 8 7 9 
[00357075] 3 | _ 7 4 1 10 5 3 11 0 8 7 _ 
[00357076] 2 | 9 7 4 1 10 5 3 11 0 8 7 _ 
[00357077] 2 | _ 7 4 1 10 5 3 11 0 8 7 9 
[00357078] 3 | _ 7 _ 1 10 5 3 11 0 8 7 4 
[00357079] 4 | _ 7 _ 1 10 5 3 11 0 8 2 6 
[00357080] 3 | 4 7 _ 1 10 5 3 11 0 8 2 6 
[00357081] 2 | 4 7 9 1 10 5 3 11 0 8 2 6 
[00357082] 3 | _ 7 4 1 10 5 3 11 0 8 2 6 
[00357083] 2 | 9 7 4 1 10 5 3 11 0 8 2 6 
[00357084] 4 | _ 7 _ 1 10 5 3 11 0 8 6 2 
[00357085] 3 | 4 7 _ 1 10 5 3 11 0 8 6 2 
[00357086] 2 | 4 7 9 1 10 5 3 11 0 8 6 2 
[00357087] 3 | _ 7 4 1 10 5 3 11 0 8 6 2 
[00357088] 2 | 9 7 4 1 10 5 3 11 0 8 6 2 
[00357089] 5 | _ 7 _ 1 10 _ 3 11 0 8 6 _ 
[00357090] 4 | _ 7 _ 1 10 6 3 11 0 8 6 _ 
[00357091] 3 | 4 7 _ 1 10 6 3 11 0 8 6 _ 
[00357092] 2 | 4 7 5 1 10 6 3 11 0 8 6 _ 
[00357093] 2 | 4 7 9 1 10 6 3 11 0 8 6 _ 
[00357094] 3 | _ 7 4 1 10 6 3 11 0 8 6 _ 
[00357095] 2 | 5 7 4 1 10 6 3 11 0 8 6 _ 
[00357096] 2 | 9 7 4 1 10 6 3 11 0 8 6 _ 
[00357097] 4 | _ 7 _ 1 10 _ 3 11 0 8 6 2 
[00357098] 3 | 4 7 _ 1 10 _ 3 11 0 8 6 2 
[00357099] 2 | 4 7 5 1 10 _ 3 11 0 8 6 2 
[00357100] 1 | 4 7 5 1 10 9 3 11 0 8 6 2  *Graceful*
[00357100] 2 | 4 7 9 1 10 _ 3 11 0 8 6 2 
[00357101] 3 | 10 7 _ 1 10 _ 3 11 0 8 6 2 
[00357102] 2 | 10 7 5 1 10 _ 3 11 0 8 6 2 
[00357103] 2 | 10 7 9 1 10 _ 3 11 0 8 6 2 
[00357104] 3 | _ 7 4 1 10 _ 3 11 0 8 6 2 
[00357105] 2 | 5 7 4 1 10 _ 3 11 0 8 6 2 
[00357106] 1 | 5 7 4 1 10 9 3 11 0 8 6 2  *Graceful*
[00357106] 2 | 9 7 4 1 10 _ 3 11 0 8 6 2 
[00357107] 3 | _ 7 10 1 10 _ 3 11 0 8 6 2 
[00357108] 2 | 5 7 10 1 10 _ 3 11 0 8 6 2 
[00357109] 2 | 9 7 10 1 10 _ 3 11 0 8 6 2 
[00357110] 3 | _ 7 _ 1 10 7 3 11 0 8 6 2 
[00357111] 4 | _ 7 _ 1 10 _ 3 11 0 8 6 10 
[00357112] 3 | 4 7 _ 1 10 _ 3 11 0 8 6 10 
[00357113] 2 | 4 7 5 1 10 _ 3 11 0 8 6 10 
[00357114] 2 | 4 7 9 1 10 _ 3 11 0 8 6 10 
[00357115] 3 | _ 7 4 1 10 _ 3 11 0 8 6 10 
[00357116] 2 | 5 7 4 1 10 _ 3 11 0 8 6 10 
[00357117] 2 | 9 7 4 1 10 _ 3 11 0 8 6 10 
[00357118] 5 | _ 7 _ 1 10 _ 3 11 0 8 4 9 
[00357119] 4 | _ 7 _ 1 10 6 3 11 0 8 4 9 
[00357120] 5 | _ 7 _ 1 10 _ 3 11 0 8 9 4 
[00357121] 4 | _ 7 _ 1 10 6 3 11 0 8 9 4 
[00357122] 6 | _ _ _ 1 10 4 3 11 0 8 _ _ 
[00357123] 5 | 2 7 _ 1 10 4 3 11 0 8 _ _ 
[00357124] 5 | 7 2 _ 1 10 4 3 11 0 8 _ _ 
[00357125] 4 | 7 2 6 1 10 4 3 11 0 8 _ _ 
[00357126] 4 | 7 2 _ 1 10 4 3 11 0 8 5 9 
[00357127] 4 | 7 2 _ 1 10 4 3 11 0 8 9 5 
[00357128] 5 | _ 2 7 1 10 4 3 11 0 8 _ _ 
[00357129] 4 | 6 2 7 1 10 4 3 11 0 8 _ _ 
[00357130] 4 | _ 2 7 1 10 4 3 11 0 8 5 9 
[00357131] 4 | _ 2 7 1 10 4 3 11 0 8 9 5 
[00357132] 5 | _ 7 2 1 10 4 3 11 0 8 _ _ 
[00357133] 5 | _ 6 _ 1 10 4 3 11 0 8 _ _ 
[00357134] 4 | 2 6 _ 1 10 4 3 11 0 8 _ _ 
[00357135] 3 | 2 6 9 1 10 4 3 11 0 8 _ _ 
[00357136] 2 | 2 6 9 1 10 4 3 11 0 8 5 7 
[00357137] 2 | 2 6 9 1 10 4 3 11 0 8 7 5 
[00357138] 4 | _ 6 2 1 10 4 3 11 0 8 _ _ 
[00357139] 3 | 9 6 2 1 10 4 3 11 0 8 _ _ 
[00357140] 2 | 9 6 2 1 10 4 3 11 0 8 5 7 
[00357141] 2 | 9 6 2 1 10 4 3 11 0 8 7 5 
[00357142] 4 | _ 6 _ 1 10 4 3 11 0 8 7 _ 
[00357143] 3 | 9 6 _ 1 10 4 3 11 0 8 7 _ 
[00357144] 2 | 9 6 _ 1 10 4 3 11 0 8 7 5 
[00357145] 3 | _ 6 9 1 10 4 3 11 0 8 7 _ 
[00357146] 2 | _ 6 9 1 10 4 3 11 0 8 7 5 
[00357147] 4 | _ 6 _ 1 10 4 3 11 0 8 5 9 
[00357148] 4 | _ 6 _ 1 10 4 3 11 0 8 9 5 
[00357149] 5 | _ _ _ 1 10 4 3 11 0 8 6 _ 
[00357150] 4 | 5 9 _ 1 10 4 3 11 0 8 6 _ 
[00357151] 4 | 9 5 _ 1 10 4 3 11 0 8 6 _ 
[00357152] 4 | _ 5 9 1 10 4 3 11 0 8 6 _ 
[00357153] 4 | _ 9 5 1 10 4 3 11 0 8 6 _ 
[00357154] 4 | _ 5 _ 1 10 4 3 11 0 8 6 _ 
[00357155] 3 | 2 5 _ 1 10 4 3 11 0 8 6 _ 
[00357156] 2 | 2 5 7 1 10 4 3 11 0 8 6 _ 
[00357157] 3 | _ 5 2 1 10 4 3 11 0 8 6 _ 
[00357158] 2 | 7 5 2 1 10 4 3 11 0 8 6 _ 
[00357159] 3 | _ 5 _ 1 10 4 3 11 0 8 6 9 
[00357160] 2 | 7 5 _ 1 10 4 3 11 0 8 6 9 
[00357161] 2 | _ 5 7 1 10 4 3 11 0 8 6 9 
[00357162] 4 | _ _ _ 1 10 4 3 11 0 8 6 2 
[00357163] 5 | _ _ _ 1 10 4 3 11 0 8 2 7 
[00357164] 4 | 5 9 _ 1 10 4 3 11 0 8 2 7 
[00357165] 4 | 9 5 _ 1 10 4 3 11 0 8 2 7 
[00357166] 4 | _ 5 9 1 10 4 3 11 0 8 2 7 
[00357167] 4 | _ 9 5 1 10 4 3 11 0 8 2 7 
[00357168] 4 | _ 5 _ 1 10 4 3 11 0 8 2 7 
[00357169] 5 | _ _ _ 1 10 4 3 11 0 8 7 2 
[00357170] 4 | 5 9 _ 1 10 4 3 11 0 8 7 2 
[00357171] 4 | 9 5 _ 1 10 4 3 11 0 8 7 2 
[00357172] 4 | _ 5 9 1 10 4 3 11 0 8 7 2 
[00357173] 4 | _ 9 5 1 10 4 3 11 0 8 7 2 
[00357174] 4 | _ 5 _ 1 10 4 3 11 0 8 7 2 
[00357175] 6 | _ _ _ 1 10 _ 3 11 0 8 5 _ 
[00357176] 5 | 2 7 _ 1 10 _ 3 11 0 8 5 _ 
[00357177] 5 | 4 9 _ 1 10 _ 3 11 0 8 5 _ 
[00357178] 5 | 7 2 _ 1 10 _ 3 11 0 8 5 _ 
[00357179] 4 | 7 2 6 1 10 _ 3 11 0 8 5 _ 
[00357180] 4 | 7 2 _ 1 10 6 3 11 0 8 5 _ 
[00357181] 3 | 7 2 5 1 10 6 3 11 0 8 5 _ 
[00357182] 3 | 7 2 _ 1 10 6 3 11 0 8 5 2 
[00357183] 4 | 7 2 _ 1 10 _ 3 11 0 8 5 9 
[00357184] 5 | 9 4 _ 1 10 _ 3 11 0 8 5 _ 
[00357185] 4 | 9 4 _ 1 10 6 3 11 0 8 5 _ 
[00357186] 3 | 9 4 7 1 10 6 3 11 0 8 5 _ 
[00357187] 3 | 9 4 _ 1 10 6 3 11 0 8 5 2 
[00357188] 5 | _ 2 7 1 10 _ 3 11 0 8 5 _ 
[00357189] 4 | 6 2 7 1 10 _ 3 11 0 8 5 _ 
[00357190] 4 | _ 2 7 1 10 6 3 11 0 8 5 _ 
[00357191] 3 | 5 2 7 1 10 6 3 11 0 8 5 _ 
[00357192] 3 | _ 2 7 1 10 6 3 11 0 8 5 2 
[00357193] 4 | _ 2 7 1 10 _ 3 11 0 8 5 9 
[00357194] 5 | _ 4 9 1 10 _ 3 11 0 8 5 _ 
[00357195] 4 | _ 4 9 1 10 6 3 11 0 8 5 _ 
[00357196] 3 | 7 4 9 1 10 6 3 11 0 8 5 _ 
[00357197] 3 | _ 4 9 1 10 6 3 11 0 8 5 2 
[00357198] 5 | _ 7 2 1 10 _ 3 11 0 8 5 _ 
[00357199] 5 | _ 9 4 1 10 _ 3 11 0 8 5 _ 
[00357200] 5 | _ 6 _ 1 10 _ 3 11 0 8 5 _ 
[00357201] 4 | 2 6 _ 1 10 _ 3 11 0 8 5 _ 
[00357202] 3 | 2 6 9 1 10 _ 3 11 0 8 5 _ 
[00357203] 2 | 2 6 9 1 10 _ 3 11 0 8 5 7 
[00357204] 3 | 2 6 _ 1 10 7 3 11 0 8 5 _ 
[00357205] 2 | 2 6 4 1 10 7 3 11 0 8 5 _ 
[00357206] 4 | 10 6 _ 1 10 _ 3 11 0 8 5 _ 
[00357207] 3 | 10 6 9 1 10 _ 3 11 0 8 5 _ 
[00357208] 2 | 10 6 9 1 10 _ 3 11 0 8 5 7 
[00357209] 3 | 10 6 _ 1 10 _ 3 11 0 8 5 2 
[00357210] 2 | 10 6 4 1 10 _ 3 11 0 8 5 2 
[00357211] 4 | _ 6 2 1 10 _ 3 11 0 8 5 _ 
[00357212] 3 | 9 6 2 1 10 _ 3 11 0 8 5 _ 
[00357213] 2 | 9 6 2 1 10 _ 3 11 0 8 5 7 
[00357214] 3 | _ 6 2 1 10 7 3 11 0 8 5 _ 
[00357215] 2 | 4 6 2 1 10 7 3 11 0 8 5 _ 
[00357216] 4 | _ 6 10 1 10 _ 3 11 0 8 5 _ 
[00357217] 3 | 9 6 10 1 10 _ 3 11 0 8 5 _ 
[00357218] 2 | 9 6 10 1 10 _ 3 11 0 8 5 7 
[00357219] 3 | _ 6 10 1 10 _ 3 11 0 8 5 2 
[00357220] 2 | 4 6 10 1 10 _ 3 11 0 8 5 2 
[00357221] 4 | _ 6 _ 1 10 6 3 11 0 8 5 _ 
[00357222] 3 | _ 6 _ 1 10 6 3 11 0 8 5 2 
[00357223] 4 | _ 6 _ 1 10 _ 3 11 0 8 5 9 
[00357224] 3 | _ 6 _ 1 10 7 3 11 0 8 5 9 
[00357225] 2 | 4 6 _ 1 10 7 3 11 0 8 5 9 
[00357226] 2 | _ 6 4 1 10 7 3 11 0 8 5 9 
[00357227] 5 | _ _ _ 1 10 5 3 11 0 8 5 _ 
[00357228] 4 | 2 6 _ 1 10 5 3 11 0 8 5 _ 
[00357229] 4 | 6 2 _ 1 10 5 3 11 0 8 5 _ 
[00357230] 4 | _ 2 6 1 10 5 3 11 0 8 5 _ 
[00357231] 4 | _ 6 2 1 10 5 3 11 0 8 5 _ 
[00357232] 5 | _ _ _ 1 10 _ 3 11 0 8 5 10 
[00357233] 4 | 2 6 _ 1 10 _ 3 11 0 8 5 10 
[00357234] 4 | 6 2 _ 1 10 _ 3 11 0 8 5 10 
[00357235] 4 | _ 2 6 1 10 _ 3 11 0 8 5 10 
[00357236] 4 | _ 6 2 1 10 _ 3 11 0 8 5 10 
[00357237] 7 | _ _ _ 1 10 _ _ 11 0 8 4 _ 
[00357238] 6 | 3 9 _ 1 10 _ _ 11 0 8 4 _ 
[00357239] 6 | 9 3 _ 1 10 _ _ 11 0 8 4 _ 
[00357240] 5 | 9 3 _ 1 10 5 _ 11 0 8 4 _ 
[00357241] 4 | 9 3 7 1 10 5 _ 11 0 8 4 _ 
[00357242] 4 | 9 3 _ 1 10 5 6 11 0 8 4 _ 
[00357243] 3 | 9 3 _ 1 10 5 6 11 0 8 4 7 
[00357244] 5 | 9 3 _ 1 10 _ 5 11 0 8 4 _ 
[00357245] 4 | 9 3 7 1 10 _ 5 11 0 8 4 _ 
[00357246] 4 | 9 3 _ 1 10 6 5 11 0 8 4 _ 
[00357247] 3 | 9 3 _ 1 10 6 5 11 0 8 4 7 
[00357248] 6 | _ 3 9 1 10 _ _ 11 0 8 4 _ 
[00357249] 5 | _ 3 9 1 10 5 _ 11 0 8 4 _ 
[00357250] 4 | 7 3 9 1 10 5 _ 11 0 8 4 _ 
[00357251] 4 | _ 3 9 1 10 5 6 11 0 8 4 _ 
[00357252] 3 | _ 3 9 1 10 5 6 11 0 8 4 7 
[00357253] 5 | _ 3 9 1 10 _ 5 11 0 8 4 _ 
[00357254] 4 | 7 3 9 1 10 _ 5 11 0 8 4 _ 
[00357255] 4 | _ 3 9 1 10 6 5 11 0 8 4 _ 
[00357256] 3 | _ 3 9 1 10 6 5 11 0 8 4 7 
[00357257] 6 | _ 9 3 1 10 _ _ 11 0 8 4 _ 
[00357258] 6 | _ 7 _ 1 10 _ _ 11 0 8 4 _ 
[00357259] 5 | 2 7 _ 1 10 _ _ 11 0 8 4 _ 
[00357260] 4 | 2 7 3 1 10 _ _ 11 0 8 4 _ 
[00357261] 4 | 2 7 _ 1 10 6 _ 11 0 8 4 _ 
[00357262] 3 | 2 7 4 1 10 6 _ 11 0 8 4 _ 
[00357263] 3 | 2 7 10 1 10 6 _ 11 0 8 4 _ 
[00357264] 3 | 2 7 _ 1 10 6 7 11 0 8 4 _ 
[00357265] 3 | 2 7 _ 1 10 6 _ 11 0 8 4 7 
[00357266] 4 | 2 7 _ 1 10 _ 6 11 0 8 4 _ 
[00357267] 3 | 2 7 4 1 10 _ 6 11 0 8 4 _ 
[00357268] 3 | 2 7 10 1 10 _ 6 11 0 8 4 _ 
[00357269] 3 | 2 7 _ 1 10 7 6 11 0 8 4 _ 
[00357270] 3 | 2 7 _ 1 10 _ 6 11 0 8 4 7 
[00357271] 5 | _ 7 2 1 10 _ _ 11 0 8 4 _ 
[00357272] 4 | 3 7 2 1 10 _ _ 11 0 8 4 _ 
[00357273] 4 | _ 7 2 1 10 6 _ 11 0 8 4 _ 
[00357274] 3 | 4 7 2 1 10 6 _ 11 0 8 4 _ 
[00357275] 3 | 10 7 2 1 10 6 _ 11 0 8 4 _ 
[00357276] 3 | _ 7 2 1 10 6 7 11 0 8 4 _ 
[00357277] 3 | _ 7 2 1 10 6 _ 11 0 8 4 7 
[00357278] 4 | _ 7 2 1 10 _ 6 11 0 8 4 _ 
[00357279] 3 | 4 7 2 1 10 _ 6 11 0 8 4 _ 
[00357280] 3 | 10 7 2 1 10 _ 6 11 0 8 4 _ 
[00357281] 3 | _ 7 2 1 10 7 6 11 0 8 4 _ 
[00357282] 3 | _ 7 2 1 10 _ 6 11 0 8 4 7 
[00357283] 5 | _ 7 _ 1 10 5 _ 11 0 8 4 _ 
[00357284] 4 | 3 7 _ 1 10 5 _ 11 0 8 4 _ 
[00357285] 3 | 3 7 4 1 10 5 _ 11 0 8 4 _ 
[00357286] 3 | 3 7 10 1 10 5 _ 11 0 8 4 _ 
[00357287] 2 | 3 7 10 1 10 5 _ 11 0 8 4 2 
[00357288] 2 | 3 7 10 1 10 5 _ 11 0 8 4 6 
[00357289] 3 | 3 7 _ 1 10 5 7 11 0 8 4 _ 
[00357290] 2 | 3 7 _ 1 10 5 7 11 0 8 4 2 
[00357291] 2 | 3 7 _ 1 10 5 7 11 0 8 4 6 
[00357292] 3 | 3 7 _ 1 10 5 _ 11 0 8 4 7 
[00357293] 4 | _ 7 3 1 10 5 _ 11 0 8 4 _ 
[00357294] 3 | 4 7 3 1 10 5 _ 11 0 8 4 _ 
[00357295] 3 | 10 7 3 1 10 5 _ 11 0 8 4 _ 
[00357296] 2 | 10 7 3 1 10 5 _ 11 0 8 4 2 
[00357297] 2 | 10 7 3 1 10 5 _ 11 0 8 4 6 
[00357298] 3 | _ 7 3 1 10 5 7 11 0 8 4 _ 
[00357299] 2 | _ 7 3 1 10 5 7 11 0 8 4 2 
[00357300] 2 | _ 7 3 1 10 5 7 11 0 8 4 6 
[00357301] 3 | _ 7 3 1 10 5 _ 11 0 8 4 7 
[00357302] 4 | _ 7 _ 1 10 5 6 11 0 8 4 _ 
[00357303] 3 | 4 7 _ 1 10 5 6 11 0 8 4 _ 
[00357304] 2 | 4 7 9 1 10 5 6 11 0 8 4 _ 
[00357305] 3 | _ 7 4 1 10 5 6 11 0 8 4 _ 
[00357306] 2 | 9 7 4 1 10 5 6 11 0 8 4 _ 
[00357307] 3 | _ 7 _ 1 10 5 6 11 0 8 4 7 
[00357308] 5 | _ 7 _ 1 10 _ 5 11 0 8 4 _ 
[00357309] 4 | 3 7 _ 1 10 _ 5 11 0 8 4 _ 
[00357310] 3 | 3 7 4 1 10 _ 5 11 0 8 4 _ 
[00357311] 3 | 3 7 10 1 10 _ 5 11 0 8 4 _ 
[00357312] 2 | 3 7 10 1 10 _ 5 11 0 8 4 2 
[00357313] 2 | 3 7 10 1 10 _ 5 11 0 8 4 6 
[00357314] 3 | 3 7 _ 1 10 7 5 11 0 8 4 _ 
[00357315] 2 | 3 7 _ 1 10 7 5 11 0 8 4 2 
[00357316] 2 | 3 7 _ 1 10 7 5 11 0 8 4 6 
[00357317] 3 | 3 7 _ 1 10 _ 5 11 0 8 4 7 
[00357318] 4 | _ 7 3 1 10 _ 5 11 0 8 4 _ 
[00357319] 3 | 4 7 3 1 10 _ 5 11 0 8 4 _ 
[00357320] 3 | 10 7 3 1 10 _ 5 11 0 8 4 _ 
[00357321] 2 | 10 7 3 1 10 _ 5 11 0 8 4 2 
[00357322] 2 | 10 7 3 1 10 _ 5 11 0 8 4 6 
[00357323] 3 | _ 7 3 1 10 7 5 11 0 8 4 _ 
[00357324] 2 | _ 7 3 1 10 7 5 11 0 8 4 2 
[00357325] 2 | _ 7 3 1 10 7 5 11 0 8 4 6 
[00357326] 3 | _ 7 3 1 10 _ 5 11 0 8 4 7 
[00357327] 4 | _ 7 _ 1 10 6 5 11 0 8 4 _ 
[00357328] 3 | 4 7 _ 1 10 6 5 11 0 8 4 _ 
[00357329] 2 | 4 7 9 1 10 6 5 11 0 8 4 _ 
[00357330] 3 | _ 7 4 1 10 6 5 11 0 8 4 _ 
[00357331] 2 | 9 7 4 1 10 6 5 11 0 8 4 _ 
[00357332] 3 | _ 7 _ 1 10 6 5 11 0 8 4 7 
[00357333] 5 | _ 7 _ 1 10 _ _ 11 0 8 4 9 
[00357334] 4 | 3 7 _ 1 10 _ _ 11 0 8 4 9 
[00357335] 3 | 3 7 10 1 10 _ _ 11 0 8 4 9 
[00357336] 3 | 3 7 _ 1 10 7 _ 11 0 8 4 9 
[00357337] 3 | 3 7 _ 1 10 _ 7 11 0 8 4 9 
[00357338] 4 | _ 7 3 1 10 _ _ 11 0 8 4 9 
[00357339] 3 | 10 7 3 1 10 _ _ 11 0 8 4 9 
[00357340] 3 | _ 7 3 1 10 7 _ 11 0 8 4 9 
[00357341] 3 | _ 7 3 1 10 _ 7 11 0 8 4 9 
[00357342] 4 | _ 7 _ 1 10 6 _ 11 0 8 4 9 
[00357343] 3 | 10 7 _ 1 10 6 _ 11 0 8 4 9 
[00357344] 2 | 10 7 5 1 10 6 _ 11 0 8 4 9 
[00357345] 3 | _ 7 10 1 10 6 _ 11 0 8 4 9 
[00357346] 2 | 5 7 10 1 10 6 _ 11 0 8 4 9 
[00357347] 3 | _ 7 _ 1 10 6 7 11 0 8 4 9 
[00357348] 4 | _ 7 _ 1 10 _ 6 11 0 8 4 9 
[00357349] 3 | 10 7 _ 1 10 _ 6 11 0 8 4 9 
[00357350] 2 | 10 7 5 1 10 _ 6 11 0 8 4 9 
[00357351] 3 | _ 7 10 1 10 _ 6 11 0 8 4 9 
[00357352] 2 | 5 7 10 1 10 _ 6 11 0 8 4 9 
[00357353] 3 | _ 7 _ 1 10 7 6 11 0 8 4 9 
[00357354] 6 | _ _ _ 1 10 4 _ 11 0 8 4 _ 
[00357355] 5 | 2 7 _ 1 10 4 _ 11 0 8 4 _ 
[00357356] 5 | 7 2 _ 1 10 4 _ 11 0 8 4 _ 
[00357357] 4 | 7 2 6 1 10 4 _ 11 0 8 4 _ 
[00357358] 4 | 7 2 _ 1 10 4 6 11 0 8 4 _ 
[00357359] 3 | 7 2 5 1 10 4 6 11 0 8 4 _ 
[00357360] 5 | _ 2 7 1 10 4 _ 11 0 8 4 _ 
[00357361] 4 | 6 2 7 1 10 4 _ 11 0 8 4 _ 
[00357362] 4 | _ 2 7 1 10 4 6 11 0 8 4 _ 
[00357363] 3 | 5 2 7 1 10 4 6 11 0 8 4 _ 
[00357364] 5 | _ 7 2 1 10 4 _ 11 0 8 4 _ 
[00357365] 5 | _ 6 _ 1 10 4 _ 11 0 8 4 _ 
[00357366] 4 | 2 6 _ 1 10 4 _ 11 0 8 4 _ 
[00357367] 3 | 2 6 3 1 10 4 _ 11 0 8 4 _ 
[00357368] 3 | 2 6 9 1 10 4 _ 11 0 8 4 _ 
[00357369] 3 | 2 6 _ 1 10 4 7 11 0 8 4 _ 
[00357370] 4 | 10 6 _ 1 10 4 _ 11 0 8 4 _ 
[00357371] 3 | 10 6 3 1 10 4 _ 11 0 8 4 _ 
[00357372] 3 | 10 6 9 1 10 4 _ 11 0 8 4 _ 
[00357373] 4 | _ 6 2 1 10 4 _ 11 0 8 4 _ 
[00357374] 3 | 3 6 2 1 10 4 _ 11 0 8 4 _ 
[00357375] 3 | 9 6 2 1 10 4 _ 11 0 8 4 _ 
[00357376] 3 | _ 6 2 1 10 4 7 11 0 8 4 _ 
[00357377] 4 | _ 6 10 1 10 4 _ 11 0 8 4 _ 
[00357378] 3 | 3 6 10 1 10 4 _ 11 0 8 4 _ 
[00357379] 3 | 9 6 10 1 10 4 _ 11 0 8 4 _ 
[00357380] 4 | _ 6 _ 1 10 4 6 11 0 8 4 _ 
[00357381] 5 | _ _ _ 1 10 4 5 11 0 8 4 _ 
[00357382] 4 | 2 6 _ 1 10 4 5 11 0 8 4 _ 
[00357383] 4 | 3 7 _ 1 10 4 5 11 0 8 4 _ 
[00357384] 4 | 6 2 _ 1 10 4 5 11 0 8 4 _ 
[00357385] 4 | 7 3 _ 1 10 4 5 11 0 8 4 _ 
[00357386] 3 | 7 3 6 1 10 4 5 11 0 8 4 _ 
[00357387] 4 | _ 2 6 1 10 4 5 11 0 8 4 _ 
[00357388] 4 | _ 3 7 1 10 4 5 11 0 8 4 _ 
[00357389] 3 | 6 3 7 1 10 4 5 11 0 8 4 _ 
[00357390] 4 | _ 6 2 1 10 4 5 11 0 8 4 _ 
[00357391] 4 | _ 7 3 1 10 4 5 11 0 8 4 _ 
[00357392] 6 | _ _ _ 1 10 _ 4 11 0 8 4 _ 
[00357393] 5 | 2 7 _ 1 10 _ 4 11 0 8 4 _ 
[00357394] 5 | 7 2 _ 1 10 _ 4 11 0 8 4 _ 
[00357395] 4 | 7 2 6 1 10 _ 4 11 0 8 4 _ 
[00357396] 4 | 7 2 _ 1 10 6 4 11 0 8 4 _ 
[00357397] 3 | 7 2 5 1 10 6 4 11 0 8 4 _ 
[00357398] 5 | _ 2 7 1 10 _ 4 11 0 8 4 _ 
[00357399] 4 | 6 2 7 1 10 _ 4 11 0 8 4 _ 
[00357400] 4 | _ 2 7 1 10 6 4 11 0 8 4 _ 
[00357401] 3 | 5 2 7 1 10 6 4 11 0 8 4 _ 
[00357402] 5 | _ 7 2 1 10 _ 4 11 0 8 4 _ 
[00357403] 5 | _ 6 _ 1 10 _ 4 11 0 8 4 _ 
[00357404] 4 | 2 6 _ 1 10 _ 4 11 0 8 4 _ 
[00357405] 3 | 2 6 3 1 10 _ 4 11 0 8 4 _ 
[00357406] 3 | 2 6 9 1 10 _ 4 11 0 8 4 _ 
[00357407] 3 | 2 6 _ 1 10 7 4 11 0 8 4 _ 
[00357408] 4 | 10 6 _ 1 10 _ 4 11 0 8 4 _ 
[00357409] 3 | 10 6 3 1 10 _ 4 11 0 8 4 _ 
[00357410] 3 | 10 6 9 1 10 _ 4 11 0 8 4 _ 
[00357411] 4 | _ 6 2 1 10 _ 4 11 0 8 4 _ 
[00357412] 3 | 3 6 2 1 10 _ 4 11 0 8 4 _ 
[00357413] 3 | 9 6 2 1 10 _ 4 11 0 8 4 _ 
[00357414] 3 | _ 6 2 1 10 7 4 11 0 8 4 _ 
[00357415] 4 | _ 6 10 1 10 _ 4 11 0 8 4 _ 
[00357416] 3 | 3 6 10 1 10 _ 4 11 0 8 4 _ 
[00357417] 3 | 9 6 10 1 10 _ 4 11 0 8 4 _ 
[00357418] 4 | _ 6 _ 1 10 6 4 11 0 8 4 _ 
[00357419] 5 | _ _ _ 1 10 5 4 11 0 8 4 _ 
[00357420] 4 | 2 6 _ 1 10 5 4 11 0 8 4 _ 
[00357421] 4 | 3 7 _ 1 10 5 4 11 0 8 4 _ 
[00357422] 4 | 6 2 _ 1 10 5 4 11 0 8 4 _ 
[00357423] 4 | 7 3 _ 1 10 5 4 11 0 8 4 _ 
[00357424] 3 | 7 3 6 1 10 5 4 11 0 8 4 _ 
[00357425] 4 | _ 2 6 1 10 5 4 11 0 8 4 _ 
[00357426] 4 | _ 3 7 1 10 5 4 11 0 8 4 _ 
[00357427] 3 | 6 3 7 1 10 5 4 11 0 8 4 _ 
[00357428] 4 | _ 6 2 1 10 5 4 11 0 8 4 _ 
[00357429] 4 | _ 7 3 1 10 5 4 11 0 8 4 _ 
[00357430] 6 | _ _ _ 1 10 _ _ 11 0 8 4 10 
[00357431] 5 | 2 7 _ 1 10 _ _ 11 0 8 4 10 
[00357432] 5 | 7 2 _ 1 10 _ _ 11 0 8 4 10 
[00357433] 4 | 7 2 6 1 10 _ _ 11 0 8 4 10 
[00357434] 5 | _ 2 7 1 10 _ _ 11 0 8 4 10 
[00357435] 4 | 6 2 7 1 10 _ _ 11 0 8 4 10 
[00357436] 5 | _ 7 2 1 10 _ _ 11 0 8 4 10 
[00357437] 5 | _ 6 _ 1 10 _ _ 11 0 8 4 10 
[00357438] 4 | 2 6 _ 1 10 _ _ 11 0 8 4 10 
[00357439] 3 | 2 6 3 1 10 _ _ 11 0 8 4 10 
[00357440] 3 | 2 6 9 1 10 _ _ 11 0 8 4 10 
[00357441] 4 | _ 6 2 1 10 _ _ 11 0 8 4 10 
[00357442] 3 | 3 6 2 1 10 _ _ 11 0 8 4 10 
[00357443] 3 | 9 6 2 1 10 _ _ 11 0 8 4 10 
[00357444] 7 | _ _ _ 1 10 _ _ 11 0 8 2 9 
[00357445] 6 | _ 7 _ 1 10 _ _ 11 0 8 2 9 
[00357446] 5 | _ 7 _ 1 10 5 _ 11 0 8 2 9 
[00357447] 4 | 3 7 _ 1 10 5 _ 11 0 8 2 9 
[00357448] 3 | 3 7 4 1 10 5 _ 11 0 8 2 9 
[00357449] 3 | 3 7 10 1 10 5 _ 11 0 8 2 9 
[00357450] 3 | 3 7 _ 1 10 5 7 11 0 8 2 9 
[00357451] 4 | _ 7 3 1 10 5 _ 11 0 8 2 9 
[00357452] 3 | 4 7 3 1 10 5 _ 11 0 8 2 9 
[00357453] 3 | 10 7 3 1 10 5 _ 11 0 8 2 9 
[00357454] 3 | _ 7 3 1 10 5 7 11 0 8 2 9 
[00357455] 4 | _ 7 _ 1 10 5 6 11 0 8 2 9 
[00357456] 3 | 4 7 _ 1 10 5 6 11 0 8 2 9 
[00357457] 3 | _ 7 4 1 10 5 6 11 0 8 2 9 
[00357458] 5 | _ 7 _ 1 10 _ 5 11 0 8 2 9 
[00357459] 4 | 3 7 _ 1 10 _ 5 11 0 8 2 9 
[00357460] 3 | 3 7 4 1 10 _ 5 11 0 8 2 9 
[00357461] 3 | 3 7 10 1 10 _ 5 11 0 8 2 9 
[00357462] 3 | 3 7 _ 1 10 7 5 11 0 8 2 9 
[00357463] 4 | _ 7 3 1 10 _ 5 11 0 8 2 9 
[00357464] 3 | 4 7 3 1 10 _ 5 11 0 8 2 9 
[00357465] 3 | 10 7 3 1 10 _ 5 11 0 8 2 9 
[00357466] 3 | _ 7 3 1 10 7 5 11 0 8 2 9 
[00357467] 4 | _ 7 _ 1 10 6 5 11 0 8 2 9 
[00357468] 3 | 4 7 _ 1 10 6 5 11 0 8 2 9 
[00357469] 3 | _ 7 4 1 10 6 5 11 0 8 2 9 
[00357470] 6 | _ _ _ 1 10 4 _ 11 0 8 2 9 
[00357471] 5 | _ 6 _ 1 10 4 _ 11 0 8 2 9 
[00357472] 4 | 10 6 _ 1 10 4 _ 11 0 8 2 9 
[00357473] 3 | 10 6 3 1 10 4 _ 11 0 8 2 9 
[00357474] 4 | _ 6 10 1 10 4 _ 11 0 8 2 9 
[00357475] 3 | 3 6 10 1 10 4 _ 11 0 8 2 9 
[00357476] 4 | _ 6 _ 1 10 4 6 11 0 8 2 9 
[00357477] 5 | _ _ _ 1 10 4 5 11 0 8 2 9 
[00357478] 4 | 3 7 _ 1 10 4 5 11 0 8 2 9 
[00357479] 4 | 7 3 _ 1 10 4 5 11 0 8 2 9 
[00357480] 3 | 7 3 6 1 10 4 5 11 0 8 2 9 
[00357481] 4 | _ 3 7 1 10 4 5 11 0 8 2 9 
[00357482] 3 | 6 3 7 1 10 4 5 11 0 8 2 9 
[00357483] 4 | _ 7 3 1 10 4 5 11 0 8 2 9 
[00357484] 6 | _ _ _ 1 10 _ 4 11 0 8 2 9 
[00357485] 5 | _ 6 _ 1 10 _ 4 11 0 8 2 9 
[00357486] 4 | 10 6 _ 1 10 _ 4 11 0 8 2 9 
[00357487] 3 | 10 6 3 1 10 _ 4 11 0 8 2 9 
[00357488] 4 | _ 6 10 1 10 _ 4 11 0 8 2 9 
[00357489] 3 | 3 6 10 1 10 _ 4 11 0 8 2 9 
[00357490] 4 | _ 6 _ 1 10 6 4 11 0 8 2 9 
[00357491] 5 | _ _ _ 1 10 5 4 11 0 8 2 9 
[00357492] 4 | 3 7 _ 1 10 5 4 11 0 8 2 9 
[00357493] 4 | 7 3 _ 1 10 5 4 11 0 8 2 9 
[00357494] 3 | 7 3 6 1 10 5 4 11 0 8 2 9 
[00357495] 4 | _ 3 7 1 10 5 4 11 0 8 2 9 
[00357496] 3 | 6 3 7 1 10 5 4 11 0 8 2 9 
[00357497] 4 | _ 7 3 1 10 5 4 11 0 8 2 9 
[00357498] 7 | _ _ _ 1 10 _ _ 11 0 8 9 2 
[00357499] 6 | _ 7 _ 1 10 _ _ 11 0 8 9 2 
[00357500] 5 | _ 7 _ 1 10 5 _ 11 0 8 9 2 
[00357501] 4 | 3 7 _ 1 10 5 _ 11 0 8 9 2 
[00357502] 3 | 3 7 4 1 10 5 _ 11 0 8 9 2 
[00357503] 3 | 3 7 10 1 10 5 _ 11 0 8 9 2 
[00357504] 3 | 3 7 _ 1 10 5 7 11 0 8 9 2 
[00357505] 4 | _ 7 3 1 10 5 _ 11 0 8 9 2 
[00357506] 3 | 4 7 3 1 10 5 _ 11 0 8 9 2 
[00357507] 3 | 10 7 3 1 10 5 _ 11 0 8 9 2 
[00357508] 3 | _ 7 3 1 10 5 7 11 0 8 9 2 
[00357509] 4 | _ 7 _ 1 10 5 6 11 0 8 9 2 
