[00145751] 1 | 10 1 6 11 0 7 3 3 9 5 4 2  *Graceful*
[00145751] 3 | 10 1 6 11 0 7 _ 3 9 5 0 _ 
[00145752] 2 | 10 1 6 11 0 7 2 3 9 5 0 _ 
[00145753] 2 | 10 1 6 11 0 7 _ 3 9 5 0 2 
[00145754] 4 | 10 1 6 11 0 7 _ 3 9 _ 4 8 
[00145755] 4 | 10 1 6 11 0 7 _ 3 9 _ 8 4 
[00145756] 5 | 10 1 _ 11 0 7 5 3 9 _ _ _ 
[00145757] 4 | 10 1 _ 11 0 7 5 3 9 _ 2 6 
[00145758] 3 | 10 1 4 11 0 7 5 3 9 _ 2 6 
[00145759] 4 | 10 1 _ 11 0 7 5 3 9 _ 4 8 
[00145760] 3 | 10 1 _ 11 0 7 5 3 9 6 4 8 
[00145761] 4 | 10 1 _ 11 0 7 5 3 9 _ 6 2 
[00145762] 3 | 10 1 4 11 0 7 5 3 9 _ 6 2 
[00145763] 4 | 10 1 _ 11 0 7 5 3 9 _ 8 4 
[00145764] 3 | 10 1 _ 11 0 7 5 3 9 6 8 4 
[00145765] 5 | 10 1 _ 11 0 7 _ 3 9 4 _ _ 
[00145766] 4 | 10 1 5 11 0 7 _ 3 9 4 _ _ 
[00145767] 3 | 10 1 5 11 0 7 3 3 9 4 _ _ 
[00145768] 2 | 10 1 5 11 0 7 3 3 9 4 6 8 
[00145769] 2 | 10 1 5 11 0 7 3 3 9 4 8 6 
[00145770] 3 | 10 1 5 11 0 7 _ 3 9 4 0 _ 
[00145771] 2 | 10 1 5 11 0 7 2 3 9 4 0 _ 
[00145772] 2 | 10 1 5 11 0 7 _ 3 9 4 0 2 
[00145773] 3 | 10 1 5 11 0 7 _ 3 9 4 6 _ 
[00145774] 2 | 10 1 5 11 0 7 2 3 9 4 6 _ 
[00145775] 2 | 10 1 5 11 0 7 _ 3 9 4 6 8 
[00145776] 4 | 10 1 _ 11 0 7 _ 3 9 4 2 6 
[00145777] 4 | 10 1 _ 11 0 7 _ 3 9 4 6 2 
[00145778] 5 | 10 1 _ 11 0 7 _ 3 9 _ 8 _ 
[00145779] 4 | 10 1 5 11 0 7 _ 3 9 _ 8 _ 
[00145780] 3 | 10 1 5 11 0 7 _ 3 9 6 8 _ 
[00145781] 2 | 10 1 5 11 0 7 2 3 9 6 8 _ 
[00145782] 4 | 10 1 _ 11 0 7 4 3 9 _ 8 _ 
[00145783] 3 | 10 1 _ 11 0 7 4 3 9 6 8 _ 
[00145784] 3 | 10 1 _ 11 0 7 4 3 9 _ 8 5 
[00145785] 4 | 10 1 _ 11 0 7 _ 3 9 5 8 _ 
[00145786] 3 | 10 1 4 11 0 7 _ 3 9 5 8 _ 
[00145787] 2 | 10 1 4 11 0 7 2 3 9 5 8 _ 
[00145788] 2 | 10 1 4 11 0 7 _ 3 9 5 8 6 
[00145789] 4 | 10 1 _ 11 0 7 _ 3 9 _ 8 4 
[00145790] 3 | 10 1 _ 11 0 7 _ 3 9 6 8 4 
[00145791] 2 | 10 1 _ 11 0 7 2 3 9 6 8 4 
[00145792] 6 | 10 1 _ 11 0 7 _ 3 2 8 _ _ 
[00145793] 5 | 10 1 6 11 0 7 _ 3 2 8 _ _ 
[00145794] 4 | 10 1 6 11 0 7 4 3 2 8 _ _ 
[00145795] 4 | 10 1 6 11 0 7 _ 3 2 8 5 9 
[00145796] 4 | 10 1 6 11 0 7 _ 3 2 8 9 5 
[00145797] 5 | 10 1 _ 11 0 7 5 3 2 8 _ _ 
[00145798] 5 | 10 1 _ 11 0 7 _ 3 2 8 4 9 
[00145799] 4 | 10 1 5 11 0 7 _ 3 2 8 4 9 
[00145800] 5 | 10 1 _ 11 0 7 _ 3 2 8 9 4 
[00145801] 4 | 10 1 5 11 0 7 _ 3 2 8 9 4 
[00145802] 6 | 10 1 _ 11 0 7 _ 3 8 2 _ _ 
[00145803] 5 | 10 1 6 11 0 7 _ 3 8 2 _ _ 
[00145804] 4 | 10 1 6 11 0 7 4 3 8 2 _ _ 
[00145805] 4 | 10 1 6 11 0 7 _ 3 8 2 5 9 
[00145806] 4 | 10 1 6 11 0 7 _ 3 8 2 9 5 
[00145807] 5 | 10 1 _ 11 0 7 5 3 8 2 _ _ 
[00145808] 5 | 10 1 _ 11 0 7 _ 3 8 2 4 9 
[00145809] 4 | 10 1 5 11 0 7 _ 3 8 2 4 9 
[00145810] 5 | 10 1 _ 11 0 7 _ 3 8 2 9 4 
[00145811] 4 | 10 1 5 11 0 7 _ 3 8 2 9 4 
[00145812] 6 | 10 1 _ 11 0 7 _ 3 _ _ 9 _ 
[00145813] 5 | 10 1 6 11 0 7 _ 3 _ _ 9 _ 
[00145814] 4 | 10 1 6 11 0 7 4 3 _ _ 9 _ 
[00145815] 3 | 10 1 6 11 0 7 4 3 2 5 9 _ 
[00145816] 3 | 10 1 6 11 0 7 4 3 5 8 9 _ 
[00145817] 3 | 10 1 6 11 0 7 4 3 5 2 9 _ 
[00145818] 3 | 10 1 6 11 0 7 4 3 8 5 9 _ 
[00145819] 4 | 10 1 6 11 0 7 _ 3 4 8 9 _ 
[00145820] 4 | 10 1 6 11 0 7 _ 3 8 4 9 _ 
[00145821] 4 | 10 1 6 11 0 7 _ 3 _ _ 9 5 
[00145822] 3 | 10 1 6 11 0 7 3 3 _ _ 9 5 
[00145823] 2 | 10 1 6 11 0 7 3 3 2 4 9 5 
[00145824] 1 | 10 1 6 11 0 7 3 3 2 4 9 5  *Graceful*
[00145824] 2 | 10 1 6 11 0 7 3 3 4 2 9 5 
[00145825] 1 | 10 1 6 11 0 7 3 3 4 2 9 5  *Graceful*
[00145825] 3 | 10 1 6 11 0 7 _ 3 0 _ 9 5 
[00145826] 2 | 10 1 6 11 0 7 2 3 0 _ 9 5 
[00145827] 2 | 10 1 6 11 0 7 _ 3 0 2 9 5 
[00145828] 5 | 10 1 _ 11 0 7 5 3 _ _ 9 _ 
[00145829] 4 | 10 1 _ 11 0 7 5 3 2 6 9 _ 
[00145830] 3 | 10 1 4 11 0 7 5 3 2 6 9 _ 
[00145831] 4 | 10 1 _ 11 0 7 5 3 4 8 9 _ 
[00145832] 3 | 10 1 _ 11 0 7 5 3 4 8 9 6 
[00145833] 4 | 10 1 _ 11 0 7 5 3 6 2 9 _ 
[00145834] 3 | 10 1 4 11 0 7 5 3 6 2 9 _ 
[00145835] 4 | 10 1 _ 11 0 7 5 3 8 4 9 _ 
[00145836] 3 | 10 1 _ 11 0 7 5 3 8 4 9 6 
[00145837] 5 | 10 1 _ 11 0 7 _ 3 8 _ 9 _ 
[00145838] 4 | 10 1 5 11 0 7 _ 3 8 _ 9 _ 
[00145839] 3 | 10 1 5 11 0 7 _ 3 8 _ 9 6 
[00145840] 2 | 10 1 5 11 0 7 2 3 8 _ 9 6 
[00145841] 4 | 10 1 _ 11 0 7 4 3 8 _ 9 _ 
[00145842] 3 | 10 1 _ 11 0 7 4 3 8 5 9 _ 
[00145843] 3 | 10 1 _ 11 0 7 4 3 8 _ 9 6 
[00145844] 4 | 10 1 _ 11 0 7 _ 3 8 4 9 _ 
[00145845] 3 | 10 1 _ 11 0 7 _ 3 8 4 9 6 
[00145846] 2 | 10 1 _ 11 0 7 2 3 8 4 9 6 
[00145847] 4 | 10 1 _ 11 0 7 _ 3 8 _ 9 5 
[00145848] 3 | 10 1 4 11 0 7 _ 3 8 _ 9 5 
[00145849] 2 | 10 1 4 11 0 7 2 3 8 _ 9 5 
[00145850] 2 | 10 1 4 11 0 7 _ 3 8 6 9 5 
[00145851] 5 | 10 1 _ 11 0 7 _ 3 _ _ 9 4 
[00145852] 4 | 10 1 5 11 0 7 _ 3 _ _ 9 4 
[00145853] 3 | 10 1 5 11 0 7 3 3 _ _ 9 4 
[00145854] 2 | 10 1 5 11 0 7 3 3 6 8 9 4 
[00145855] 2 | 10 1 5 11 0 7 3 3 8 6 9 4 
[00145856] 3 | 10 1 5 11 0 7 _ 3 0 _ 9 4 
[00145857] 2 | 10 1 5 11 0 7 2 3 0 _ 9 4 
[00145858] 2 | 10 1 5 11 0 7 _ 3 0 2 9 4 
[00145859] 3 | 10 1 5 11 0 7 _ 3 6 _ 9 4 
[00145860] 2 | 10 1 5 11 0 7 2 3 6 _ 9 4 
[00145861] 2 | 10 1 5 11 0 7 _ 3 6 8 9 4 
[00145862] 4 | 10 1 _ 11 0 7 _ 3 2 6 9 4 
[00145863] 4 | 10 1 _ 11 0 7 _ 3 6 2 9 4 
[00145864] 6 | 10 1 _ 11 0 7 _ 3 _ _ 2 8 
[00145865] 5 | 10 1 6 11 0 7 _ 3 _ _ 2 8 
[00145866] 4 | 10 1 6 11 0 7 4 3 _ _ 2 8 
[00145867] 4 | 10 1 6 11 0 7 _ 3 5 9 2 8 
[00145868] 4 | 10 1 6 11 0 7 _ 3 9 5 2 8 
[00145869] 5 | 10 1 _ 11 0 7 5 3 _ _ 2 8 
[00145870] 5 | 10 1 _ 11 0 7 _ 3 4 9 2 8 
[00145871] 4 | 10 1 5 11 0 7 _ 3 4 9 2 8 
[00145872] 5 | 10 1 _ 11 0 7 _ 3 9 4 2 8 
[00145873] 4 | 10 1 5 11 0 7 _ 3 9 4 2 8 
[00145874] 6 | 10 1 _ 11 0 7 _ 3 _ _ 8 2 
[00145875] 5 | 10 1 6 11 0 7 _ 3 _ _ 8 2 
[00145876] 4 | 10 1 6 11 0 7 4 3 _ _ 8 2 
[00145877] 4 | 10 1 6 11 0 7 _ 3 5 9 8 2 
[00145878] 4 | 10 1 6 11 0 7 _ 3 9 5 8 2 
[00145879] 5 | 10 1 _ 11 0 7 5 3 _ _ 8 2 
[00145880] 5 | 10 1 _ 11 0 7 _ 3 4 9 8 2 
[00145881] 4 | 10 1 5 11 0 7 _ 3 4 9 8 2 
[00145882] 5 | 10 1 _ 11 0 7 _ 3 9 4 8 2 
[00145883] 4 | 10 1 5 11 0 7 _ 3 9 4 8 2 
[00145884] 7 | 10 1 _ 11 0 _ 7 3 _ _ _ _ 
[00145885] 6 | 10 1 _ 11 0 6 7 3 _ _ _ _ 
[00145886] 5 | 10 1 _ 11 0 6 7 3 8 _ _ _ 
[00145887] 4 | 10 1 5 11 0 6 7 3 8 _ _ _ 
[00145888] 4 | 10 1 _ 11 0 6 7 3 8 4 _ _ 
[00145889] 3 | 10 1 _ 11 0 6 7 3 8 4 2 5 
[00145890] 3 | 10 1 _ 11 0 6 7 3 8 4 5 2 
[00145891] 4 | 10 1 _ 11 0 6 7 3 8 _ 5 9 
[00145892] 3 | 10 1 4 11 0 6 7 3 8 _ 5 9 
[00145893] 4 | 10 1 _ 11 0 6 7 3 8 _ 9 5 
[00145894] 3 | 10 1 4 11 0 6 7 3 8 _ 9 5 
[00145895] 5 | 10 1 _ 11 0 6 7 3 4 9 _ _ 
[00145896] 4 | 10 1 5 11 0 6 7 3 4 9 _ _ 
[00145897] 5 | 10 1 _ 11 0 6 7 3 9 4 _ _ 
[00145898] 4 | 10 1 5 11 0 6 7 3 9 4 _ _ 
[00145899] 5 | 10 1 _ 11 0 6 7 3 _ _ 8 _ 
[00145900] 4 | 10 1 5 11 0 6 7 3 _ _ 8 _ 
[00145901] 4 | 10 1 _ 11 0 6 7 3 5 9 8 _ 
[00145902] 3 | 10 1 4 11 0 6 7 3 5 9 8 _ 
[00145903] 4 | 10 1 _ 11 0 6 7 3 9 5 8 _ 
[00145904] 3 | 10 1 4 11 0 6 7 3 9 5 8 _ 
[00145905] 4 | 10 1 _ 11 0 6 7 3 _ _ 8 4 
[00145906] 3 | 10 1 _ 11 0 6 7 3 2 5 8 4 
[00145907] 3 | 10 1 _ 11 0 6 7 3 5 2 8 4 
[00145908] 5 | 10 1 _ 11 0 6 7 3 _ _ 4 9 
[00145909] 4 | 10 1 5 11 0 6 7 3 _ _ 4 9 
[00145910] 5 | 10 1 _ 11 0 6 7 3 _ _ 9 4 
[00145911] 4 | 10 1 5 11 0 6 7 3 _ _ 9 4 
[00145912] 6 | 10 1 _ 11 0 _ 7 3 9 _ _ _ 
[00145913] 5 | 10 1 6 11 0 _ 7 3 9 _ _ _ 
[00145914] 4 | 10 1 6 11 0 4 7 3 9 _ _ _ 
[00145915] 3 | 10 1 6 11 0 4 7 3 9 _ 2 5 
[00145916] 3 | 10 1 6 11 0 4 7 3 9 _ 5 8 
[00145917] 3 | 10 1 6 11 0 4 7 3 9 _ 5 2 
[00145918] 3 | 10 1 6 11 0 4 7 3 9 _ 8 5 
[00145919] 4 | 10 1 6 11 0 _ 7 3 9 5 _ _ 
[00145920] 3 | 10 1 6 11 0 3 7 3 9 5 _ _ 
[00145921] 2 | 10 1 6 11 0 3 7 3 9 5 2 4 
[00145922] 1 | 10 1 6 11 0 3 7 3 9 5 2 4  *Graceful*
[00145922] 2 | 10 1 6 11 0 3 7 3 9 5 4 2 
[00145923] 1 | 10 1 6 11 0 3 7 3 9 5 4 2  *Graceful*
[00145923] 3 | 10 1 6 11 0 _ 7 3 9 5 0 _ 
[00145924] 2 | 10 1 6 11 0 2 7 3 9 5 0 _ 
[00145925] 2 | 10 1 6 11 0 _ 7 3 9 5 0 2 
[00145926] 4 | 10 1 6 11 0 _ 7 3 9 _ 4 8 
[00145927] 4 | 10 1 6 11 0 _ 7 3 9 _ 8 4 
[00145928] 5 | 10 1 _ 11 0 5 7 3 9 _ _ _ 
[00145929] 4 | 10 1 _ 11 0 5 7 3 9 _ 2 6 
[00145930] 3 | 10 1 4 11 0 5 7 3 9 _ 2 6 
[00145931] 4 | 10 1 _ 11 0 5 7 3 9 _ 4 8 
[00145932] 3 | 10 1 _ 11 0 5 7 3 9 6 4 8 
[00145933] 4 | 10 1 _ 11 0 5 7 3 9 _ 6 2 
[00145934] 3 | 10 1 4 11 0 5 7 3 9 _ 6 2 
[00145935] 4 | 10 1 _ 11 0 5 7 3 9 _ 8 4 
[00145936] 3 | 10 1 _ 11 0 5 7 3 9 6 8 4 
[00145937] 5 | 10 1 _ 11 0 _ 7 3 9 4 _ _ 
[00145938] 4 | 10 1 5 11 0 _ 7 3 9 4 _ _ 
[00145939] 3 | 10 1 5 11 0 3 7 3 9 4 _ _ 
[00145940] 2 | 10 1 5 11 0 3 7 3 9 4 6 8 
[00145941] 2 | 10 1 5 11 0 3 7 3 9 4 8 6 
[00145942] 3 | 10 1 5 11 0 _ 7 3 9 4 0 _ 
[00145943] 2 | 10 1 5 11 0 2 7 3 9 4 0 _ 
[00145944] 2 | 10 1 5 11 0 _ 7 3 9 4 0 2 
[00145945] 3 | 10 1 5 11 0 _ 7 3 9 4 6 _ 
[00145946] 2 | 10 1 5 11 0 2 7 3 9 4 6 _ 
[00145947] 2 | 10 1 5 11 0 _ 7 3 9 4 6 8 
[00145948] 4 | 10 1 _ 11 0 _ 7 3 9 4 2 6 
[00145949] 4 | 10 1 _ 11 0 _ 7 3 9 4 6 2 
[00145950] 5 | 10 1 _ 11 0 _ 7 3 9 _ 8 _ 
[00145951] 4 | 10 1 5 11 0 _ 7 3 9 _ 8 _ 
[00145952] 3 | 10 1 5 11 0 _ 7 3 9 6 8 _ 
[00145953] 2 | 10 1 5 11 0 2 7 3 9 6 8 _ 
[00145954] 4 | 10 1 _ 11 0 4 7 3 9 _ 8 _ 
[00145955] 3 | 10 1 _ 11 0 4 7 3 9 6 8 _ 
[00145956] 3 | 10 1 _ 11 0 4 7 3 9 _ 8 5 
[00145957] 4 | 10 1 _ 11 0 _ 7 3 9 5 8 _ 
[00145958] 3 | 10 1 4 11 0 _ 7 3 9 5 8 _ 
[00145959] 2 | 10 1 4 11 0 2 7 3 9 5 8 _ 
[00145960] 2 | 10 1 4 11 0 _ 7 3 9 5 8 6 
[00145961] 4 | 10 1 _ 11 0 _ 7 3 9 _ 8 4 
[00145962] 3 | 10 1 _ 11 0 _ 7 3 9 6 8 4 
[00145963] 2 | 10 1 _ 11 0 2 7 3 9 6 8 4 
[00145964] 6 | 10 1 _ 11 0 _ 7 3 2 8 _ _ 
[00145965] 5 | 10 1 6 11 0 _ 7 3 2 8 _ _ 
[00145966] 4 | 10 1 6 11 0 4 7 3 2 8 _ _ 
[00145967] 4 | 10 1 6 11 0 _ 7 3 2 8 5 9 
[00145968] 4 | 10 1 6 11 0 _ 7 3 2 8 9 5 
[00145969] 5 | 10 1 _ 11 0 5 7 3 2 8 _ _ 
[00145970] 5 | 10 1 _ 11 0 _ 7 3 2 8 4 9 
[00145971] 4 | 10 1 5 11 0 _ 7 3 2 8 4 9 
[00145972] 5 | 10 1 _ 11 0 _ 7 3 2 8 9 4 
[00145973] 4 | 10 1 5 11 0 _ 7 3 2 8 9 4 
[00145974] 6 | 10 1 _ 11 0 _ 7 3 8 2 _ _ 
[00145975] 5 | 10 1 6 11 0 _ 7 3 8 2 _ _ 
[00145976] 4 | 10 1 6 11 0 4 7 3 8 2 _ _ 
[00145977] 4 | 10 1 6 11 0 _ 7 3 8 2 5 9 
[00145978] 4 | 10 1 6 11 0 _ 7 3 8 2 9 5 
[00145979] 5 | 10 1 _ 11 0 5 7 3 8 2 _ _ 
[00145980] 5 | 10 1 _ 11 0 _ 7 3 8 2 4 9 
[00145981] 4 | 10 1 5 11 0 _ 7 3 8 2 4 9 
[00145982] 5 | 10 1 _ 11 0 _ 7 3 8 2 9 4 
[00145983] 4 | 10 1 5 11 0 _ 7 3 8 2 9 4 
[00145984] 6 | 10 1 _ 11 0 _ 7 3 _ _ 9 _ 
[00145985] 5 | 10 1 6 11 0 _ 7 3 _ _ 9 _ 
[00145986] 4 | 10 1 6 11 0 4 7 3 _ _ 9 _ 
[00145987] 3 | 10 1 6 11 0 4 7 3 2 5 9 _ 
[00145988] 3 | 10 1 6 11 0 4 7 3 5 8 9 _ 
[00145989] 3 | 10 1 6 11 0 4 7 3 5 2 9 _ 
[00145990] 3 | 10 1 6 11 0 4 7 3 8 5 9 _ 
[00145991] 4 | 10 1 6 11 0 _ 7 3 4 8 9 _ 
[00145992] 4 | 10 1 6 11 0 _ 7 3 8 4 9 _ 
[00145993] 4 | 10 1 6 11 0 _ 7 3 _ _ 9 5 
[00145994] 3 | 10 1 6 11 0 3 7 3 _ _ 9 5 
[00145995] 2 | 10 1 6 11 0 3 7 3 2 4 9 5 
[00145996] 1 | 10 1 6 11 0 3 7 3 2 4 9 5  *Graceful*
[00145996] 2 | 10 1 6 11 0 3 7 3 4 2 9 5 
[00145997] 1 | 10 1 6 11 0 3 7 3 4 2 9 5  *Graceful*
[00145997] 3 | 10 1 6 11 0 _ 7 3 0 _ 9 5 
[00145998] 2 | 10 1 6 11 0 2 7 3 0 _ 9 5 
[00145999] 2 | 10 1 6 11 0 _ 7 3 0 2 9 5 
[00146000] 5 | 10 1 _ 11 0 5 7 3 _ _ 9 _ 
[00146001] 4 | 10 1 _ 11 0 5 7 3 2 6 9 _ 
[00146002] 3 | 10 1 4 11 0 5 7 3 2 6 9 _ 
[00146003] 4 | 10 1 _ 11 0 5 7 3 4 8 9 _ 
[00146004] 3 | 10 1 _ 11 0 5 7 3 4 8 9 6 
[00146005] 4 | 10 1 _ 11 0 5 7 3 6 2 9 _ 
[00146006] 3 | 10 1 4 11 0 5 7 3 6 2 9 _ 
[00146007] 4 | 10 1 _ 11 0 5 7 3 8 4 9 _ 
[00146008] 3 | 10 1 _ 11 0 5 7 3 8 4 9 6 
[00146009] 5 | 10 1 _ 11 0 _ 7 3 8 _ 9 _ 
[00146010] 4 | 10 1 5 11 0 _ 7 3 8 _ 9 _ 
[00146011] 3 | 10 1 5 11 0 _ 7 3 8 _ 9 6 
[00146012] 2 | 10 1 5 11 0 2 7 3 8 _ 9 6 
[00146013] 4 | 10 1 _ 11 0 4 7 3 8 _ 9 _ 
[00146014] 3 | 10 1 _ 11 0 4 7 3 8 5 9 _ 
[00146015] 3 | 10 1 _ 11 0 4 7 3 8 _ 9 6 
[00146016] 4 | 10 1 _ 11 0 _ 7 3 8 4 9 _ 
[00146017] 3 | 10 1 _ 11 0 _ 7 3 8 4 9 6 
[00146018] 2 | 10 1 _ 11 0 2 7 3 8 4 9 6 
[00146019] 4 | 10 1 _ 11 0 _ 7 3 8 _ 9 5 
[00146020] 3 | 10 1 4 11 0 _ 7 3 8 _ 9 5 
[00146021] 2 | 10 1 4 11 0 2 7 3 8 _ 9 5 
[00146022] 2 | 10 1 4 11 0 _ 7 3 8 6 9 5 
[00146023] 5 | 10 1 _ 11 0 _ 7 3 _ _ 9 4 
[00146024] 4 | 10 1 5 11 0 _ 7 3 _ _ 9 4 
[00146025] 3 | 10 1 5 11 0 3 7 3 _ _ 9 4 
[00146026] 2 | 10 1 5 11 0 3 7 3 6 8 9 4 
[00146027] 2 | 10 1 5 11 0 3 7 3 8 6 9 4 
[00146028] 3 | 10 1 5 11 0 _ 7 3 0 _ 9 4 
[00146029] 2 | 10 1 5 11 0 2 7 3 0 _ 9 4 
[00146030] 2 | 10 1 5 11 0 _ 7 3 0 2 9 4 
[00146031] 3 | 10 1 5 11 0 _ 7 3 6 _ 9 4 
[00146032] 2 | 10 1 5 11 0 2 7 3 6 _ 9 4 
[00146033] 2 | 10 1 5 11 0 _ 7 3 6 8 9 4 
[00146034] 4 | 10 1 _ 11 0 _ 7 3 2 6 9 4 
[00146035] 4 | 10 1 _ 11 0 _ 7 3 6 2 9 4 
[00146036] 6 | 10 1 _ 11 0 _ 7 3 _ _ 2 8 
[00146037] 5 | 10 1 6 11 0 _ 7 3 _ _ 2 8 
[00146038] 4 | 10 1 6 11 0 4 7 3 _ _ 2 8 
[00146039] 4 | 10 1 6 11 0 _ 7 3 5 9 2 8 
[00146040] 4 | 10 1 6 11 0 _ 7 3 9 5 2 8 
[00146041] 5 | 10 1 _ 11 0 5 7 3 _ _ 2 8 
[00146042] 5 | 10 1 _ 11 0 _ 7 3 4 9 2 8 
[00146043] 4 | 10 1 5 11 0 _ 7 3 4 9 2 8 
[00146044] 5 | 10 1 _ 11 0 _ 7 3 9 4 2 8 
[00146045] 4 | 10 1 5 11 0 _ 7 3 9 4 2 8 
[00146046] 6 | 10 1 _ 11 0 _ 7 3 _ _ 8 2 
[00146047] 5 | 10 1 6 11 0 _ 7 3 _ _ 8 2 
[00146048] 4 | 10 1 6 11 0 4 7 3 _ _ 8 2 
[00146049] 4 | 10 1 6 11 0 _ 7 3 5 9 8 2 
[00146050] 4 | 10 1 6 11 0 _ 7 3 9 5 8 2 
[00146051] 5 | 10 1 _ 11 0 5 7 3 _ _ 8 2 
[00146052] 5 | 10 1 _ 11 0 _ 7 3 4 9 8 2 
[00146053] 4 | 10 1 5 11 0 _ 7 3 4 9 8 2 
[00146054] 5 | 10 1 _ 11 0 _ 7 3 9 4 8 2 
[00146055] 4 | 10 1 5 11 0 _ 7 3 9 4 8 2 
[00146056] 7 | 10 1 _ 11 0 _ _ 3 2 9 _ _ 
[00146057] 6 | 10 1 7 11 0 _ _ 3 2 9 _ _ 
[00146058] 5 | 10 1 7 11 0 5 _ 3 2 9 _ _ 
[00146059] 4 | 10 1 7 11 0 5 4 3 2 9 _ _ 
[00146060] 3 | 10 1 7 11 0 5 4 3 2 9 6 _ 
[00146061] 2 | 10 1 7 11 0 5 4 3 2 9 6 8 
[00146062] 1 | 10 1 7 11 0 5 4 3 2 9 6 8  *Graceful*
[00146062] 4 | 10 1 7 11 0 5 _ 3 2 9 4 8 
[00146063] 4 | 10 1 7 11 0 5 _ 3 2 9 8 4 
[00146064] 5 | 10 1 7 11 0 _ 5 3 2 9 _ _ 
[00146065] 4 | 10 1 7 11 0 4 5 3 2 9 _ _ 
[00146066] 3 | 10 1 7 11 0 4 5 3 2 9 6 _ 
[00146067] 2 | 10 1 7 11 0 4 5 3 2 9 6 8 
[00146068] 1 | 10 1 7 11 0 4 5 3 2 9 6 8  *Graceful*
[00146068] 4 | 10 1 7 11 0 _ 5 3 2 9 4 8 
[00146069] 4 | 10 1 7 11 0 _ 5 3 2 9 8 4 
[00146070] 5 | 10 1 7 11 0 _ _ 3 2 9 8 _ 
[00146071] 4 | 10 1 7 11 0 4 _ 3 2 9 8 _ 
[00146072] 3 | 10 1 7 11 0 4 _ 3 2 9 8 5 
[00146073] 4 | 10 1 7 11 0 _ 4 3 2 9 8 _ 
[00146074] 3 | 10 1 7 11 0 _ 4 3 2 9 8 5 
[00146075] 4 | 10 1 7 11 0 _ _ 3 2 9 8 4 
[00146076] 6 | 10 1 _ 11 0 6 _ 3 2 9 _ _ 
[00146077] 5 | 10 1 _ 11 0 6 5 3 2 9 _ _ 
[00146078] 4 | 10 1 _ 11 0 6 5 3 2 9 7 _ 
[00146079] 3 | 10 1 4 11 0 6 5 3 2 9 7 _ 
[00146080] 3 | 10 1 _ 11 0 6 5 3 2 9 7 4 
[00146081] 4 | 10 1 _ 11 0 6 5 3 2 9 4 8 
[00146082] 4 | 10 1 _ 11 0 6 5 3 2 9 8 4 
[00146083] 5 | 10 1 _ 11 0 6 _ 3 2 9 8 _ 
[00146084] 4 | 10 1 5 11 0 6 _ 3 2 9 8 _ 
[00146085] 4 | 10 1 _ 11 0 6 4 3 2 9 8 _ 
[00146086] 3 | 10 1 _ 11 0 6 4 3 2 9 8 5 
[00146087] 4 | 10 1 _ 11 0 6 _ 3 2 9 8 4 
[00146088] 6 | 10 1 _ 11 0 _ 6 3 2 9 _ _ 
[00146089] 5 | 10 1 _ 11 0 5 6 3 2 9 _ _ 
[00146090] 4 | 10 1 _ 11 0 5 6 3 2 9 7 _ 
[00146091] 3 | 10 1 4 11 0 5 6 3 2 9 7 _ 
[00146092] 3 | 10 1 _ 11 0 5 6 3 2 9 7 4 
[00146093] 4 | 10 1 _ 11 0 5 6 3 2 9 4 8 
[00146094] 4 | 10 1 _ 11 0 5 6 3 2 9 8 4 
[00146095] 5 | 10 1 _ 11 0 _ 6 3 2 9 8 _ 
[00146096] 4 | 10 1 5 11 0 _ 6 3 2 9 8 _ 
[00146097] 4 | 10 1 _ 11 0 4 6 3 2 9 8 _ 
[00146098] 3 | 10 1 _ 11 0 4 6 3 2 9 8 5 
[00146099] 4 | 10 1 _ 11 0 _ 6 3 2 9 8 4 
[00146100] 7 | 10 1 _ 11 0 _ _ 3 9 2 _ _ 
[00146101] 6 | 10 1 7 11 0 _ _ 3 9 2 _ _ 
[00146102] 5 | 10 1 7 11 0 5 _ 3 9 2 _ _ 
[00146103] 4 | 10 1 7 11 0 5 4 3 9 2 _ _ 
[00146104] 3 | 10 1 7 11 0 5 4 3 9 2 6 _ 
[00146105] 2 | 10 1 7 11 0 5 4 3 9 2 6 8 
[00146106] 4 | 10 1 7 11 0 5 _ 3 9 2 4 8 
[00146107] 4 | 10 1 7 11 0 5 _ 3 9 2 8 4 
[00146108] 5 | 10 1 7 11 0 _ 5 3 9 2 _ _ 
[00146109] 4 | 10 1 7 11 0 4 5 3 9 2 _ _ 
[00146110] 3 | 10 1 7 11 0 4 5 3 9 2 6 _ 
[00146111] 2 | 10 1 7 11 0 4 5 3 9 2 6 8 
[00146112] 4 | 10 1 7 11 0 _ 5 3 9 2 4 8 
[00146113] 4 | 10 1 7 11 0 _ 5 3 9 2 8 4 
[00146114] 5 | 10 1 7 11 0 _ _ 3 9 2 8 _ 
[00146115] 4 | 10 1 7 11 0 4 _ 3 9 2 8 _ 
[00146116] 3 | 10 1 7 11 0 4 _ 3 9 2 8 5 
[00146117] 4 | 10 1 7 11 0 _ 4 3 9 2 8 _ 
[00146118] 3 | 10 1 7 11 0 _ 4 3 9 2 8 5 
[00146119] 4 | 10 1 7 11 0 _ _ 3 9 2 8 4 
[00146120] 6 | 10 1 _ 11 0 6 _ 3 9 2 _ _ 
[00146121] 5 | 10 1 _ 11 0 6 5 3 9 2 _ _ 
[00146122] 4 | 10 1 _ 11 0 6 5 3 9 2 7 _ 
[00146123] 3 | 10 1 4 11 0 6 5 3 9 2 7 _ 
[00146124] 3 | 10 1 _ 11 0 6 5 3 9 2 7 4 
[00146125] 4 | 10 1 _ 11 0 6 5 3 9 2 4 8 
[00146126] 4 | 10 1 _ 11 0 6 5 3 9 2 8 4 
[00146127] 5 | 10 1 _ 11 0 6 _ 3 9 2 8 _ 
[00146128] 4 | 10 1 5 11 0 6 _ 3 9 2 8 _ 
[00146129] 4 | 10 1 _ 11 0 6 4 3 9 2 8 _ 
[00146130] 3 | 10 1 _ 11 0 6 4 3 9 2 8 5 
[00146131] 4 | 10 1 _ 11 0 6 _ 3 9 2 8 4 
[00146132] 6 | 10 1 _ 11 0 _ 6 3 9 2 _ _ 
[00146133] 5 | 10 1 _ 11 0 5 6 3 9 2 _ _ 
[00146134] 4 | 10 1 _ 11 0 5 6 3 9 2 7 _ 
[00146135] 3 | 10 1 4 11 0 5 6 3 9 2 7 _ 
[00146136] 3 | 10 1 _ 11 0 5 6 3 9 2 7 4 
[00146137] 4 | 10 1 _ 11 0 5 6 3 9 2 4 8 
[00146138] 4 | 10 1 _ 11 0 5 6 3 9 2 8 4 
[00146139] 5 | 10 1 _ 11 0 _ 6 3 9 2 8 _ 
[00146140] 4 | 10 1 5 11 0 _ 6 3 9 2 8 _ 
[00146141] 4 | 10 1 _ 11 0 4 6 3 9 2 8 _ 
[00146142] 3 | 10 1 _ 11 0 4 6 3 9 2 8 5 
[00146143] 4 | 10 1 _ 11 0 _ 6 3 9 2 8 4 
[00146144] 7 | 10 1 _ 11 0 _ _ 3 _ _ 2 9 
[00146145] 6 | 10 1 7 11 0 _ _ 3 _ _ 2 9 
[00146146] 5 | 10 1 7 11 0 5 _ 3 _ _ 2 9 
[00146147] 4 | 10 1 7 11 0 5 4 3 _ _ 2 9 
[00146148] 3 | 10 1 7 11 0 5 4 3 6 _ 2 9 
[00146149] 2 | 10 1 7 11 0 5 4 3 6 8 2 9 
[00146150] 1 | 10 1 7 11 0 5 4 3 6 8 2 9  *Graceful*
[00146150] 4 | 10 1 7 11 0 5 _ 3 4 8 2 9 
[00146151] 4 | 10 1 7 11 0 5 _ 3 8 4 2 9 
[00146152] 5 | 10 1 7 11 0 _ 5 3 _ _ 2 9 
[00146153] 4 | 10 1 7 11 0 4 5 3 _ _ 2 9 
[00146154] 3 | 10 1 7 11 0 4 5 3 6 _ 2 9 
[00146155] 2 | 10 1 7 11 0 4 5 3 6 8 2 9 
[00146156] 1 | 10 1 7 11 0 4 5 3 6 8 2 9  *Graceful*
[00146156] 4 | 10 1 7 11 0 _ 5 3 4 8 2 9 
[00146157] 4 | 10 1 7 11 0 _ 5 3 8 4 2 9 
[00146158] 5 | 10 1 7 11 0 _ _ 3 8 _ 2 9 
[00146159] 4 | 10 1 7 11 0 4 _ 3 8 _ 2 9 
[00146160] 3 | 10 1 7 11 0 4 _ 3 8 5 2 9 
[00146161] 4 | 10 1 7 11 0 _ 4 3 8 _ 2 9 
[00146162] 3 | 10 1 7 11 0 _ 4 3 8 5 2 9 
[00146163] 4 | 10 1 7 11 0 _ _ 3 8 4 2 9 
[00146164] 6 | 10 1 _ 11 0 6 _ 3 _ _ 2 9 
[00146165] 5 | 10 1 _ 11 0 6 5 3 _ _ 2 9 
[00146166] 4 | 10 1 _ 11 0 6 5 3 7 _ 2 9 
[00146167] 3 | 10 1 4 11 0 6 5 3 7 _ 2 9 
[00146168] 3 | 10 1 _ 11 0 6 5 3 7 4 2 9 
[00146169] 4 | 10 1 _ 11 0 6 5 3 4 8 2 9 
[00146170] 4 | 10 1 _ 11 0 6 5 3 8 4 2 9 
[00146171] 5 | 10 1 _ 11 0 6 _ 3 8 _ 2 9 
[00146172] 4 | 10 1 5 11 0 6 _ 3 8 _ 2 9 
[00146173] 4 | 10 1 _ 11 0 6 4 3 8 _ 2 9 
[00146174] 3 | 10 1 _ 11 0 6 4 3 8 5 2 9 
[00146175] 4 | 10 1 _ 11 0 6 _ 3 8 4 2 9 
[00146176] 6 | 10 1 _ 11 0 _ 6 3 _ _ 2 9 
[00146177] 5 | 10 1 _ 11 0 5 6 3 _ _ 2 9 
[00146178] 4 | 10 1 _ 11 0 5 6 3 7 _ 2 9 
[00146179] 3 | 10 1 4 11 0 5 6 3 7 _ 2 9 
[00146180] 3 | 10 1 _ 11 0 5 6 3 7 4 2 9 
[00146181] 4 | 10 1 _ 11 0 5 6 3 4 8 2 9 
[00146182] 4 | 10 1 _ 11 0 5 6 3 8 4 2 9 
[00146183] 5 | 10 1 _ 11 0 _ 6 3 8 _ 2 9 
[00146184] 4 | 10 1 5 11 0 _ 6 3 8 _ 2 9 
[00146185] 4 | 10 1 _ 11 0 4 6 3 8 _ 2 9 
[00146186] 3 | 10 1 _ 11 0 4 6 3 8 5 2 9 
[00146187] 4 | 10 1 _ 11 0 _ 6 3 8 4 2 9 
[00146188] 7 | 10 1 _ 11 0 _ _ 3 _ _ 9 2 
[00146189] 6 | 10 1 7 11 0 _ _ 3 _ _ 9 2 
[00146190] 5 | 10 1 7 11 0 5 _ 3 _ _ 9 2 
[00146191] 4 | 10 1 7 11 0 5 4 3 _ _ 9 2 
[00146192] 3 | 10 1 7 11 0 5 4 3 6 _ 9 2 
[00146193] 2 | 10 1 7 11 0 5 4 3 6 8 9 2 
[00146194] 4 | 10 1 7 11 0 5 _ 3 4 8 9 2 
[00146195] 4 | 10 1 7 11 0 5 _ 3 8 4 9 2 
[00146196] 5 | 10 1 7 11 0 _ 5 3 _ _ 9 2 
[00146197] 4 | 10 1 7 11 0 4 5 3 _ _ 9 2 
[00146198] 3 | 10 1 7 11 0 4 5 3 6 _ 9 2 
[00146199] 2 | 10 1 7 11 0 4 5 3 6 8 9 2 
[00146200] 4 | 10 1 7 11 0 _ 5 3 4 8 9 2 
[00146201] 4 | 10 1 7 11 0 _ 5 3 8 4 9 2 
[00146202] 5 | 10 1 7 11 0 _ _ 3 8 _ 9 2 
[00146203] 4 | 10 1 7 11 0 4 _ 3 8 _ 9 2 
[00146204] 3 | 10 1 7 11 0 4 _ 3 8 5 9 2 
[00146205] 4 | 10 1 7 11 0 _ 4 3 8 _ 9 2 
[00146206] 3 | 10 1 7 11 0 _ 4 3 8 5 9 2 
[00146207] 4 | 10 1 7 11 0 _ _ 3 8 4 9 2 
[00146208] 6 | 10 1 _ 11 0 6 _ 3 _ _ 9 2 
[00146209] 5 | 10 1 _ 11 0 6 5 3 _ _ 9 2 
[00146210] 4 | 10 1 _ 11 0 6 5 3 7 _ 9 2 
[00146211] 3 | 10 1 4 11 0 6 5 3 7 _ 9 2 
[00146212] 3 | 10 1 _ 11 0 6 5 3 7 4 9 2 
[00146213] 4 | 10 1 _ 11 0 6 5 3 4 8 9 2 
[00146214] 4 | 10 1 _ 11 0 6 5 3 8 4 9 2 
[00146215] 5 | 10 1 _ 11 0 6 _ 3 8 _ 9 2 
[00146216] 4 | 10 1 5 11 0 6 _ 3 8 _ 9 2 
[00146217] 4 | 10 1 _ 11 0 6 4 3 8 _ 9 2 
[00146218] 3 | 10 1 _ 11 0 6 4 3 8 5 9 2 
[00146219] 4 | 10 1 _ 11 0 6 _ 3 8 4 9 2 
[00146220] 6 | 10 1 _ 11 0 _ 6 3 _ _ 9 2 
[00146221] 5 | 10 1 _ 11 0 5 6 3 _ _ 9 2 
[00146222] 4 | 10 1 _ 11 0 5 6 3 7 _ 9 2 
[00146223] 3 | 10 1 4 11 0 5 6 3 7 _ 9 2 
[00146224] 3 | 10 1 _ 11 0 5 6 3 7 4 9 2 
[00146225] 4 | 10 1 _ 11 0 5 6 3 4 8 9 2 
[00146226] 4 | 10 1 _ 11 0 5 6 3 8 4 9 2 
[00146227] 5 | 10 1 _ 11 0 _ 6 3 8 _ 9 2 
[00146228] 4 | 10 1 5 11 0 _ 6 3 8 _ 9 2 
[00146229] 4 | 10 1 _ 11 0 4 6 3 8 _ 9 2 
[00146230] 3 | 10 1 _ 11 0 4 6 3 8 5 9 2 
[00146231] 4 | 10 1 _ 11 0 _ 6 3 8 4 9 2 
[00146232] 9 | _ 1 10 11 0 _ _ _ _ _ _ _ 
[00146233] 8 | 9 1 10 11 0 _ _ _ _ _ _ _ 
[00146234] 7 | 9 1 10 11 0 7 _ _ _ _ _ _ 
[00146235] 6 | 9 1 10 11 0 7 6 _ _ _ _ _ 
[00146236] 5 | 9 1 10 11 0 7 6 3 8 _ _ _ 
[00146237] 4 | 9 1 10 11 0 7 6 3 8 4 _ _ 
[00146238] 3 | 9 1 10 11 0 7 6 3 8 4 2 5 
[00146239] 3 | 9 1 10 11 0 7 6 3 8 4 5 2 
