[00282362] 5 | _ 1 _ 11 2 7 9 0 6 _ 8 _ 
[00282363] 4 | 5 1 _ 11 2 7 9 0 6 _ 8 _ 
[00282364] 3 | 5 1 4 11 2 7 9 0 6 _ 8 _ 
[00282365] 2 | 5 1 4 11 2 7 9 0 6 8 8 _ 
[00282366] 2 | 5 1 4 11 2 7 9 0 6 _ 8 6 
[00282367] 2 | 5 1 4 11 2 7 9 0 6 _ 8 10 
[00282368] 3 | 5 1 _ 11 2 7 9 0 6 3 8 _ 
[00282369] 2 | 5 1 _ 11 2 7 9 0 6 3 8 10 
[00282370] 4 | _ 1 5 11 2 7 9 0 6 _ 8 _ 
[00282371] 3 | 4 1 5 11 2 7 9 0 6 _ 8 _ 
[00282372] 2 | 4 1 5 11 2 7 9 0 6 8 8 _ 
[00282373] 2 | 4 1 5 11 2 7 9 0 6 _ 8 6 
[00282374] 2 | 4 1 5 11 2 7 9 0 6 _ 8 10 
[00282375] 3 | _ 1 5 11 2 7 9 0 6 3 8 _ 
[00282376] 2 | _ 1 5 11 2 7 9 0 6 3 8 10 
[00282377] 4 | _ 1 _ 11 2 7 9 0 6 10 8 _ 
[00282378] 3 | 4 1 _ 11 2 7 9 0 6 10 8 _ 
[00282379] 2 | 4 1 3 11 2 7 9 0 6 10 8 _ 
[00282380] 3 | _ 1 4 11 2 7 9 0 6 10 8 _ 
[00282381] 2 | 3 1 4 11 2 7 9 0 6 10 8 _ 
[00282382] 3 | _ 1 _ 11 2 7 9 0 6 10 8 5 
[00282383] 2 | 3 1 _ 11 2 7 9 0 6 10 8 5 
[00282384] 2 | _ 1 3 11 2 7 9 0 6 10 8 5 
[00282385] 4 | _ 1 _ 11 2 7 9 0 6 _ 8 4 
[00282386] 3 | _ 1 _ 11 2 7 9 0 6 3 8 4 
[00282387] 5 | _ 1 _ 11 2 _ 9 0 6 1 8 _ 
[00282388] 4 | _ 1 _ 11 2 _ 9 0 6 1 8 4 
[00282389] 3 | _ 1 _ 11 2 5 9 0 6 1 8 4 
[00282390] 5 | _ 1 _ 11 2 _ 9 0 6 _ 8 3 
[00282391] 4 | 5 1 _ 11 2 _ 9 0 6 _ 8 3 
[00282392] 3 | 5 1 4 11 2 _ 9 0 6 _ 8 3 
[00282393] 4 | _ 1 5 11 2 _ 9 0 6 _ 8 3 
[00282394] 3 | 4 1 5 11 2 _ 9 0 6 _ 8 3 
[00282395] 4 | _ 1 _ 11 2 6 9 0 6 _ 8 3 
[00282396] 3 | 4 1 _ 11 2 6 9 0 6 _ 8 3 
[00282397] 3 | _ 1 4 11 2 6 9 0 6 _ 8 3 
[00282398] 4 | _ 1 _ 11 2 _ 9 0 6 2 8 3 
[00282399] 3 | 4 1 _ 11 2 _ 9 0 6 2 8 3 
[00282400] 3 | _ 1 4 11 2 _ 9 0 6 2 8 3 
[00282401] 4 | _ 1 _ 11 2 _ 9 0 6 10 8 3 
[00282402] 3 | 4 1 _ 11 2 _ 9 0 6 10 8 3 
[00282403] 3 | _ 1 4 11 2 _ 9 0 6 10 8 3 
[00282404] 3 | _ 1 _ 11 2 5 9 0 6 10 8 3 
[00282405] 6 | _ 1 _ 11 2 _ 9 0 4 10 8 _ 
[00282406] 5 | 6 1 _ 11 2 _ 9 0 4 10 8 _ 
[00282407] 4 | 6 1 5 11 2 _ 9 0 4 10 8 _ 
[00282408] 5 | _ 1 6 11 2 _ 9 0 4 10 8 _ 
[00282409] 4 | 5 1 6 11 2 _ 9 0 4 10 8 _ 
[00282410] 5 | _ 1 _ 11 2 7 9 0 4 10 8 _ 
[00282411] 4 | 5 1 _ 11 2 7 9 0 4 10 8 _ 
[00282412] 4 | _ 1 5 11 2 7 9 0 4 10 8 _ 
[00282413] 5 | _ 1 _ 11 2 _ 9 0 4 10 8 3 
[00282414] 4 | 5 1 _ 11 2 _ 9 0 4 10 8 3 
[00282415] 4 | _ 1 5 11 2 _ 9 0 4 10 8 3 
[00282416] 4 | _ 1 _ 11 2 6 9 0 4 10 8 3 
[00282417] 6 | _ 1 _ 11 2 _ 9 0 10 4 8 _ 
[00282418] 5 | 6 1 _ 11 2 _ 9 0 10 4 8 _ 
[00282419] 4 | 6 1 5 11 2 _ 9 0 10 4 8 _ 
[00282420] 5 | _ 1 6 11 2 _ 9 0 10 4 8 _ 
[00282421] 4 | 5 1 6 11 2 _ 9 0 10 4 8 _ 
[00282422] 5 | _ 1 _ 11 2 7 9 0 10 4 8 _ 
[00282423] 4 | 5 1 _ 11 2 7 9 0 10 4 8 _ 
[00282424] 4 | _ 1 5 11 2 7 9 0 10 4 8 _ 
[00282425] 5 | _ 1 _ 11 2 _ 9 0 10 4 8 3 
[00282426] 4 | 5 1 _ 11 2 _ 9 0 10 4 8 3 
[00282427] 4 | _ 1 5 11 2 _ 9 0 10 4 8 3 
[00282428] 4 | _ 1 _ 11 2 6 9 0 10 4 8 3 
[00282429] 6 | _ 1 _ 11 2 _ 9 0 _ _ 8 2 
[00282430] 5 | 6 1 _ 11 2 _ 9 0 _ _ 8 2 
[00282431] 4 | 6 1 5 11 2 _ 9 0 _ _ 8 2 
[00282432] 3 | 6 1 5 11 2 _ 9 0 3 _ 8 2 
[00282433] 3 | 6 1 5 11 2 _ 9 0 4 7 8 2 
[00282434] 3 | 6 1 5 11 2 _ 9 0 7 10 8 2 
[00282435] 3 | 6 1 5 11 2 _ 9 0 7 4 8 2 
[00282436] 3 | 6 1 5 11 2 _ 9 0 10 7 8 2 
[00282437] 4 | 6 1 _ 11 2 _ 9 0 4 _ 8 2 
[00282438] 3 | 6 1 4 11 2 _ 9 0 4 _ 8 2 
[00282439] 3 | 6 1 _ 11 2 _ 9 0 4 1 8 2 
[00282440] 3 | 6 1 _ 11 2 _ 9 0 4 7 8 2 
[00282441] 2 | 6 1 3 11 2 _ 9 0 4 7 8 2 
[00282442] 4 | 6 1 _ 11 2 _ 9 0 3 7 8 2 
[00282443] 3 | 6 1 4 11 2 _ 9 0 3 7 8 2 
[00282444] 4 | 6 1 _ 11 2 _ 9 0 7 3 8 2 
[00282445] 3 | 6 1 4 11 2 _ 9 0 7 3 8 2 
[00282446] 5 | _ 1 6 11 2 _ 9 0 _ _ 8 2 
[00282447] 4 | 5 1 6 11 2 _ 9 0 _ _ 8 2 
[00282448] 3 | 5 1 6 11 2 _ 9 0 3 _ 8 2 
[00282449] 3 | 5 1 6 11 2 _ 9 0 4 7 8 2 
[00282450] 3 | 5 1 6 11 2 _ 9 0 7 10 8 2 
[00282451] 3 | 5 1 6 11 2 _ 9 0 7 4 8 2 
[00282452] 3 | 5 1 6 11 2 _ 9 0 10 7 8 2 
[00282453] 4 | _ 1 6 11 2 _ 9 0 4 _ 8 2 
[00282454] 3 | 4 1 6 11 2 _ 9 0 4 _ 8 2 
[00282455] 3 | _ 1 6 11 2 _ 9 0 4 1 8 2 
[00282456] 3 | _ 1 6 11 2 _ 9 0 4 7 8 2 
[00282457] 2 | 3 1 6 11 2 _ 9 0 4 7 8 2 
[00282458] 4 | _ 1 6 11 2 _ 9 0 3 7 8 2 
[00282459] 3 | 4 1 6 11 2 _ 9 0 3 7 8 2 
[00282460] 4 | _ 1 6 11 2 _ 9 0 7 3 8 2 
[00282461] 3 | 4 1 6 11 2 _ 9 0 7 3 8 2 
[00282462] 5 | _ 1 _ 11 2 _ 9 0 5 _ 8 2 
[00282463] 4 | 5 1 _ 11 2 _ 9 0 5 _ 8 2 
[00282464] 3 | 5 1 4 11 2 _ 9 0 5 _ 8 2 
[00282465] 4 | _ 1 5 11 2 _ 9 0 5 _ 8 2 
[00282466] 3 | 4 1 5 11 2 _ 9 0 5 _ 8 2 
[00282467] 4 | _ 1 _ 11 2 _ 9 0 5 1 8 2 
[00282468] 5 | _ 1 _ 11 2 _ 9 0 5 10 8 2 
[00282469] 5 | _ 1 _ 11 2 _ 9 0 10 5 8 2 
[00282470] 7 | _ 1 _ 11 2 _ _ 0 7 _ 8 _ 
[00282471] 6 | 7 1 _ 11 2 _ _ 0 7 _ 8 _ 
[00282472] 5 | 7 1 6 11 2 _ _ 0 7 _ 8 _ 
[00282473] 4 | 7 1 6 11 2 _ _ 0 7 _ 8 4 
[00282474] 3 | 7 1 6 11 2 5 _ 0 7 _ 8 4 
[00282475] 3 | 7 1 6 11 2 _ 5 0 7 _ 8 4 
[00282476] 5 | 7 1 _ 11 2 _ _ 0 7 _ 8 3 
[00282477] 4 | 7 1 5 11 2 _ _ 0 7 _ 8 3 
[00282478] 4 | 7 1 _ 11 2 6 _ 0 7 _ 8 3 
[00282479] 3 | 7 1 4 11 2 6 _ 0 7 _ 8 3 
[00282480] 3 | 7 1 _ 11 2 6 5 0 7 _ 8 3 
[00282481] 4 | 7 1 _ 11 2 _ 6 0 7 _ 8 3 
[00282482] 3 | 7 1 4 11 2 _ 6 0 7 _ 8 3 
[00282483] 3 | 7 1 _ 11 2 5 6 0 7 _ 8 3 
[00282484] 6 | _ 1 7 11 2 _ _ 0 7 _ 8 _ 
[00282485] 5 | 6 1 7 11 2 _ _ 0 7 _ 8 _ 
[00282486] 4 | 6 1 7 11 2 _ _ 0 7 _ 8 4 
[00282487] 3 | 6 1 7 11 2 5 _ 0 7 _ 8 4 
[00282488] 3 | 6 1 7 11 2 _ 5 0 7 _ 8 4 
[00282489] 5 | _ 1 7 11 2 _ _ 0 7 _ 8 3 
[00282490] 4 | 5 1 7 11 2 _ _ 0 7 _ 8 3 
[00282491] 4 | _ 1 7 11 2 6 _ 0 7 _ 8 3 
[00282492] 3 | 4 1 7 11 2 6 _ 0 7 _ 8 3 
[00282493] 3 | _ 1 7 11 2 6 5 0 7 _ 8 3 
[00282494] 4 | _ 1 7 11 2 _ 6 0 7 _ 8 3 
[00282495] 3 | 4 1 7 11 2 _ 6 0 7 _ 8 3 
[00282496] 3 | _ 1 7 11 2 5 6 0 7 _ 8 3 
[00282497] 6 | _ 1 _ 11 2 8 _ 0 7 _ 8 _ 
[00282498] 5 | 6 1 _ 11 2 8 _ 0 7 _ 8 _ 
[00282499] 4 | 6 1 5 11 2 8 _ 0 7 _ 8 _ 
[00282500] 3 | 6 1 5 11 2 8 _ 0 7 4 8 _ 
[00282501] 3 | 6 1 5 11 2 8 _ 0 7 10 8 _ 
[00282502] 2 | 6 1 5 11 2 8 4 0 7 10 8 _ 
[00282503] 4 | 6 1 _ 11 2 8 _ 0 7 3 8 _ 
[00282504] 3 | 6 1 4 11 2 8 _ 0 7 3 8 _ 
[00282505] 3 | 6 1 _ 11 2 8 5 0 7 3 8 _ 
[00282506] 5 | _ 1 6 11 2 8 _ 0 7 _ 8 _ 
[00282507] 4 | 5 1 6 11 2 8 _ 0 7 _ 8 _ 
[00282508] 3 | 5 1 6 11 2 8 _ 0 7 4 8 _ 
[00282509] 3 | 5 1 6 11 2 8 _ 0 7 10 8 _ 
[00282510] 2 | 5 1 6 11 2 8 4 0 7 10 8 _ 
[00282511] 4 | _ 1 6 11 2 8 _ 0 7 3 8 _ 
[00282512] 3 | 4 1 6 11 2 8 _ 0 7 3 8 _ 
[00282513] 3 | _ 1 6 11 2 8 5 0 7 3 8 _ 
[00282514] 5 | _ 1 _ 11 2 8 7 0 7 _ 8 _ 
[00282515] 4 | 5 1 _ 11 2 8 7 0 7 _ 8 _ 
[00282516] 3 | 5 1 4 11 2 8 7 0 7 _ 8 _ 
[00282517] 4 | _ 1 5 11 2 8 7 0 7 _ 8 _ 
[00282518] 3 | 4 1 5 11 2 8 7 0 7 _ 8 _ 
[00282519] 5 | _ 1 _ 11 2 8 _ 0 7 2 8 _ 
[00282520] 4 | 5 1 _ 11 2 8 _ 0 7 2 8 _ 
[00282521] 3 | 5 1 4 11 2 8 _ 0 7 2 8 _ 
[00282522] 4 | _ 1 5 11 2 8 _ 0 7 2 8 _ 
[00282523] 3 | 4 1 5 11 2 8 _ 0 7 2 8 _ 
[00282524] 6 | _ 1 _ 11 2 _ 8 0 7 _ 8 _ 
[00282525] 5 | 6 1 _ 11 2 _ 8 0 7 _ 8 _ 
[00282526] 4 | 6 1 5 11 2 _ 8 0 7 _ 8 _ 
[00282527] 3 | 6 1 5 11 2 _ 8 0 7 4 8 _ 
[00282528] 3 | 6 1 5 11 2 _ 8 0 7 10 8 _ 
[00282529] 2 | 6 1 5 11 2 4 8 0 7 10 8 _ 
[00282530] 4 | 6 1 _ 11 2 _ 8 0 7 3 8 _ 
[00282531] 3 | 6 1 4 11 2 _ 8 0 7 3 8 _ 
[00282532] 3 | 6 1 _ 11 2 5 8 0 7 3 8 _ 
[00282533] 5 | _ 1 6 11 2 _ 8 0 7 _ 8 _ 
[00282534] 4 | 5 1 6 11 2 _ 8 0 7 _ 8 _ 
[00282535] 3 | 5 1 6 11 2 _ 8 0 7 4 8 _ 
[00282536] 3 | 5 1 6 11 2 _ 8 0 7 10 8 _ 
[00282537] 2 | 5 1 6 11 2 4 8 0 7 10 8 _ 
[00282538] 4 | _ 1 6 11 2 _ 8 0 7 3 8 _ 
[00282539] 3 | 4 1 6 11 2 _ 8 0 7 3 8 _ 
[00282540] 3 | _ 1 6 11 2 5 8 0 7 3 8 _ 
[00282541] 5 | _ 1 _ 11 2 7 8 0 7 _ 8 _ 
[00282542] 4 | 5 1 _ 11 2 7 8 0 7 _ 8 _ 
[00282543] 3 | 5 1 4 11 2 7 8 0 7 _ 8 _ 
[00282544] 4 | _ 1 5 11 2 7 8 0 7 _ 8 _ 
[00282545] 3 | 4 1 5 11 2 7 8 0 7 _ 8 _ 
[00282546] 5 | _ 1 _ 11 2 _ 8 0 7 2 8 _ 
[00282547] 4 | 5 1 _ 11 2 _ 8 0 7 2 8 _ 
[00282548] 3 | 5 1 4 11 2 _ 8 0 7 2 8 _ 
[00282549] 4 | _ 1 5 11 2 _ 8 0 7 2 8 _ 
[00282550] 3 | 4 1 5 11 2 _ 8 0 7 2 8 _ 
[00282551] 6 | _ 1 _ 11 2 _ _ 0 7 1 8 _ 
[00282552] 5 | _ 1 _ 11 2 _ _ 0 7 1 8 3 
[00282553] 4 | _ 1 _ 11 2 6 _ 0 7 1 8 3 
[00282554] 3 | _ 1 _ 11 2 6 5 0 7 1 8 3 
[00282555] 4 | _ 1 _ 11 2 _ 6 0 7 1 8 3 
[00282556] 3 | _ 1 _ 11 2 5 6 0 7 1 8 3 
[00282557] 6 | _ 1 _ 11 2 _ _ 0 7 _ 8 2 
[00282558] 5 | 6 1 _ 11 2 _ _ 0 7 _ 8 2 
[00282559] 4 | 6 1 5 11 2 _ _ 0 7 _ 8 2 
[00282560] 3 | 6 1 5 11 2 _ _ 0 7 4 8 2 
[00282561] 3 | 6 1 5 11 2 _ _ 0 7 10 8 2 
[00282562] 4 | 6 1 _ 11 2 _ _ 0 7 3 8 2 
[00282563] 3 | 6 1 4 11 2 _ _ 0 7 3 8 2 
[00282564] 5 | _ 1 6 11 2 _ _ 0 7 _ 8 2 
[00282565] 4 | 5 1 6 11 2 _ _ 0 7 _ 8 2 
[00282566] 3 | 5 1 6 11 2 _ _ 0 7 4 8 2 
[00282567] 3 | 5 1 6 11 2 _ _ 0 7 10 8 2 
[00282568] 4 | _ 1 6 11 2 _ _ 0 7 3 8 2 
[00282569] 3 | 4 1 6 11 2 _ _ 0 7 3 8 2 
[00282570] 7 | _ 1 _ 11 2 _ _ 0 3 10 8 _ 
[00282571] 6 | 7 1 _ 11 2 _ _ 0 3 10 8 _ 
[00282572] 5 | 7 1 6 11 2 _ _ 0 3 10 8 _ 
[00282573] 4 | 7 1 6 11 2 _ _ 0 3 10 8 4 
[00282574] 3 | 7 1 6 11 2 5 _ 0 3 10 8 4 
[00282575] 3 | 7 1 6 11 2 _ 5 0 3 10 8 4 
[00282576] 6 | _ 1 7 11 2 _ _ 0 3 10 8 _ 
[00282577] 5 | 6 1 7 11 2 _ _ 0 3 10 8 _ 
[00282578] 4 | 6 1 7 11 2 _ _ 0 3 10 8 4 
[00282579] 3 | 6 1 7 11 2 5 _ 0 3 10 8 4 
[00282580] 3 | 6 1 7 11 2 _ 5 0 3 10 8 4 
[00282581] 6 | _ 1 _ 11 2 8 _ 0 3 10 8 _ 
[00282582] 5 | 6 1 _ 11 2 8 _ 0 3 10 8 _ 
[00282583] 4 | 6 1 5 11 2 8 _ 0 3 10 8 _ 
[00282584] 5 | _ 1 6 11 2 8 _ 0 3 10 8 _ 
[00282585] 4 | 5 1 6 11 2 8 _ 0 3 10 8 _ 
[00282586] 5 | _ 1 _ 11 2 8 7 0 3 10 8 _ 
[00282587] 4 | 5 1 _ 11 2 8 7 0 3 10 8 _ 
[00282588] 3 | 5 1 4 11 2 8 7 0 3 10 8 _ 
[00282589] 4 | _ 1 5 11 2 8 7 0 3 10 8 _ 
[00282590] 3 | 4 1 5 11 2 8 7 0 3 10 8 _ 
[00282591] 6 | _ 1 _ 11 2 _ 8 0 3 10 8 _ 
[00282592] 5 | 6 1 _ 11 2 _ 8 0 3 10 8 _ 
[00282593] 4 | 6 1 5 11 2 _ 8 0 3 10 8 _ 
[00282594] 5 | _ 1 6 11 2 _ 8 0 3 10 8 _ 
[00282595] 4 | 5 1 6 11 2 _ 8 0 3 10 8 _ 
[00282596] 5 | _ 1 _ 11 2 7 8 0 3 10 8 _ 
[00282597] 4 | 5 1 _ 11 2 7 8 0 3 10 8 _ 
[00282598] 3 | 5 1 4 11 2 7 8 0 3 10 8 _ 
[00282599] 4 | _ 1 5 11 2 7 8 0 3 10 8 _ 
[00282600] 3 | 4 1 5 11 2 7 8 0 3 10 8 _ 
[00282601] 6 | _ 1 _ 11 2 _ _ 0 3 10 8 2 
[00282602] 5 | 6 1 _ 11 2 _ _ 0 3 10 8 2 
[00282603] 4 | 6 1 5 11 2 _ _ 0 3 10 8 2 
[00282604] 5 | _ 1 6 11 2 _ _ 0 3 10 8 2 
[00282605] 4 | 5 1 6 11 2 _ _ 0 3 10 8 2 
[00282606] 7 | _ 1 _ 11 2 _ _ 0 10 3 8 _ 
[00282607] 6 | 7 1 _ 11 2 _ _ 0 10 3 8 _ 
[00282608] 5 | 7 1 6 11 2 _ _ 0 10 3 8 _ 
[00282609] 4 | 7 1 6 11 2 _ _ 0 10 3 8 4 
[00282610] 3 | 7 1 6 11 2 5 _ 0 10 3 8 4 
[00282611] 3 | 7 1 6 11 2 _ 5 0 10 3 8 4 
[00282612] 6 | _ 1 7 11 2 _ _ 0 10 3 8 _ 
[00282613] 5 | 6 1 7 11 2 _ _ 0 10 3 8 _ 
[00282614] 4 | 6 1 7 11 2 _ _ 0 10 3 8 4 
[00282615] 3 | 6 1 7 11 2 5 _ 0 10 3 8 4 
[00282616] 3 | 6 1 7 11 2 _ 5 0 10 3 8 4 
[00282617] 6 | _ 1 _ 11 2 8 _ 0 10 3 8 _ 
[00282618] 5 | 6 1 _ 11 2 8 _ 0 10 3 8 _ 
[00282619] 4 | 6 1 5 11 2 8 _ 0 10 3 8 _ 
[00282620] 5 | _ 1 6 11 2 8 _ 0 10 3 8 _ 
[00282621] 4 | 5 1 6 11 2 8 _ 0 10 3 8 _ 
[00282622] 5 | _ 1 _ 11 2 8 7 0 10 3 8 _ 
[00282623] 4 | 5 1 _ 11 2 8 7 0 10 3 8 _ 
[00282624] 3 | 5 1 4 11 2 8 7 0 10 3 8 _ 
[00282625] 4 | _ 1 5 11 2 8 7 0 10 3 8 _ 
[00282626] 3 | 4 1 5 11 2 8 7 0 10 3 8 _ 
[00282627] 6 | _ 1 _ 11 2 _ 8 0 10 3 8 _ 
[00282628] 5 | 6 1 _ 11 2 _ 8 0 10 3 8 _ 
[00282629] 4 | 6 1 5 11 2 _ 8 0 10 3 8 _ 
[00282630] 5 | _ 1 6 11 2 _ 8 0 10 3 8 _ 
[00282631] 4 | 5 1 6 11 2 _ 8 0 10 3 8 _ 
[00282632] 5 | _ 1 _ 11 2 7 8 0 10 3 8 _ 
[00282633] 4 | 5 1 _ 11 2 7 8 0 10 3 8 _ 
[00282634] 3 | 5 1 4 11 2 7 8 0 10 3 8 _ 
[00282635] 4 | _ 1 5 11 2 7 8 0 10 3 8 _ 
[00282636] 3 | 4 1 5 11 2 7 8 0 10 3 8 _ 
[00282637] 6 | _ 1 _ 11 2 _ _ 0 10 3 8 2 
[00282638] 5 | 6 1 _ 11 2 _ _ 0 10 3 8 2 
[00282639] 4 | 6 1 5 11 2 _ _ 0 10 3 8 2 
[00282640] 5 | _ 1 6 11 2 _ _ 0 10 3 8 2 
[00282641] 4 | 5 1 6 11 2 _ _ 0 10 3 8 2 
[00282642] 7 | _ 1 _ 11 2 _ _ 0 _ _ 8 1 
[00282643] 6 | _ 1 _ 11 2 _ _ 0 6 _ 8 1 
[00282644] 5 | _ 1 _ 11 2 7 _ 0 6 _ 8 1 
[00282645] 4 | _ 1 _ 11 2 7 6 0 6 _ 8 1 
[00282646] 4 | _ 1 _ 11 2 7 _ 0 6 2 8 1 
[00282647] 4 | _ 1 _ 11 2 7 _ 0 6 10 8 1 
[00282648] 3 | _ 1 _ 11 2 7 5 0 6 10 8 1 
[00282649] 5 | _ 1 _ 11 2 _ 7 0 6 _ 8 1 
[00282650] 4 | _ 1 _ 11 2 6 7 0 6 _ 8 1 
[00282651] 4 | _ 1 _ 11 2 _ 7 0 6 2 8 1 
[00282652] 4 | _ 1 _ 11 2 _ 7 0 6 10 8 1 
[00282653] 3 | _ 1 _ 11 2 5 7 0 6 10 8 1 
[00282654] 6 | _ 1 _ 11 2 _ _ 0 3 9 8 1 
[00282655] 5 | _ 1 _ 11 2 7 _ 0 3 9 8 1 
[00282656] 4 | _ 1 _ 11 2 7 6 0 3 9 8 1 
[00282657] 5 | _ 1 _ 11 2 _ 7 0 3 9 8 1 
[00282658] 4 | _ 1 _ 11 2 6 7 0 3 9 8 1 
[00282659] 6 | _ 1 _ 11 2 _ _ 0 4 10 8 1 
[00282660] 5 | _ 1 _ 11 2 7 _ 0 4 10 8 1 
[00282661] 4 | _ 1 _ 11 2 7 6 0 4 10 8 1 
[00282662] 5 | _ 1 _ 11 2 _ 7 0 4 10 8 1 
[00282663] 4 | _ 1 _ 11 2 6 7 0 4 10 8 1 
[00282664] 6 | _ 1 _ 11 2 _ _ 0 9 3 8 1 
[00282665] 5 | _ 1 _ 11 2 7 _ 0 9 3 8 1 
[00282666] 4 | _ 1 _ 11 2 7 6 0 9 3 8 1 
[00282667] 5 | _ 1 _ 11 2 _ 7 0 9 3 8 1 
[00282668] 4 | _ 1 _ 11 2 6 7 0 9 3 8 1 
[00282669] 6 | _ 1 _ 11 2 _ _ 0 10 4 8 1 
[00282670] 5 | _ 1 _ 11 2 7 _ 0 10 4 8 1 
[00282671] 4 | _ 1 _ 11 2 7 6 0 10 4 8 1 
[00282672] 5 | _ 1 _ 11 2 _ 7 0 10 4 8 1 
[00282673] 4 | _ 1 _ 11 2 6 7 0 10 4 8 1 
[00282674] 9 | _ 1 _ 11 _ _ _ 0 9 _ _ _ 
[00282675] 8 | 9 1 _ 11 _ _ _ 0 9 _ _ _ 
[00282676] 7 | 9 1 8 11 _ _ _ 0 9 _ _ _ 
[00282677] 6 | 9 1 8 11 5 _ _ 0 9 _ _ _ 
[00282678] 5 | 9 1 8 11 5 0 _ 0 9 _ _ _ 
[00282679] 4 | 9 1 8 11 5 0 _ 0 9 _ 2 6 
[00282680] 4 | 9 1 8 11 5 0 _ 0 9 _ 3 7 
[00282681] 3 | 9 1 8 11 5 0 2 0 9 _ 3 7 
[00282682] 4 | 9 1 8 11 5 0 _ 0 9 _ 6 10 
[00282683] 3 | 9 1 8 11 5 0 2 0 9 _ 6 10 
[00282684] 4 | 9 1 8 11 5 0 _ 0 9 _ 6 2 
[00282685] 4 | 9 1 8 11 5 0 _ 0 9 _ 7 3 
[00282686] 3 | 9 1 8 11 5 0 2 0 9 _ 7 3 
[00282687] 4 | 9 1 8 11 5 0 _ 0 9 _ 10 6 
[00282688] 3 | 9 1 8 11 5 0 2 0 9 _ 10 6 
[00282689] 5 | 9 1 8 11 5 10 _ 0 9 _ _ _ 
[00282690] 4 | 9 1 8 11 5 10 _ 0 9 _ 4 _ 
[00282691] 3 | 9 1 8 11 5 10 2 0 9 _ 4 _ 
[00282692] 2 | 9 1 8 11 5 10 2 0 9 _ 4 6 
[00282693] 3 | 9 1 8 11 5 10 _ 0 9 _ 4 7 
[00282694] 2 | 9 1 8 11 5 10 3 0 9 _ 4 7 
[00282695] 4 | 9 1 8 11 5 10 _ 0 9 _ 2 6 
[00282696] 4 | 9 1 8 11 5 10 _ 0 9 _ 3 7 
[00282697] 3 | 9 1 8 11 5 10 2 0 9 _ 3 7 
[00282698] 4 | 9 1 8 11 5 10 _ 0 9 _ 6 2 
[00282699] 4 | 9 1 8 11 5 10 _ 0 9 _ 7 3 
[00282700] 3 | 9 1 8 11 5 10 2 0 9 _ 7 3 
[00282701] 5 | 9 1 8 11 5 _ 0 0 9 _ _ _ 
[00282702] 4 | 9 1 8 11 5 _ 0 0 9 _ 2 6 
[00282703] 4 | 9 1 8 11 5 _ 0 0 9 _ 3 7 
[00282704] 3 | 9 1 8 11 5 2 0 0 9 _ 3 7 
[00282705] 4 | 9 1 8 11 5 _ 0 0 9 _ 6 10 
[00282706] 3 | 9 1 8 11 5 2 0 0 9 _ 6 10 
[00282707] 4 | 9 1 8 11 5 _ 0 0 9 _ 6 2 
[00282708] 4 | 9 1 8 11 5 _ 0 0 9 _ 7 3 
[00282709] 3 | 9 1 8 11 5 2 0 0 9 _ 7 3 
[00282710] 4 | 9 1 8 11 5 _ 0 0 9 _ 10 6 
[00282711] 3 | 9 1 8 11 5 2 0 0 9 _ 10 6 
[00282712] 5 | 9 1 8 11 5 _ 10 0 9 _ _ _ 
[00282713] 4 | 9 1 8 11 5 _ 10 0 9 _ 4 _ 
[00282714] 3 | 9 1 8 11 5 2 10 0 9 _ 4 _ 
[00282715] 2 | 9 1 8 11 5 2 10 0 9 _ 4 6 
[00282716] 3 | 9 1 8 11 5 _ 10 0 9 _ 4 7 
[00282717] 2 | 9 1 8 11 5 3 10 0 9 _ 4 7 
[00282718] 4 | 9 1 8 11 5 _ 10 0 9 _ 2 6 
[00282719] 4 | 9 1 8 11 5 _ 10 0 9 _ 3 7 
[00282720] 3 | 9 1 8 11 5 2 10 0 9 _ 3 7 
[00282721] 4 | 9 1 8 11 5 _ 10 0 9 _ 6 2 
[00282722] 4 | 9 1 8 11 5 _ 10 0 9 _ 7 3 
[00282723] 3 | 9 1 8 11 5 2 10 0 9 _ 7 3 
[00282724] 5 | 9 1 8 11 5 _ _ 0 9 _ 5 _ 
[00282725] 5 | 9 1 8 11 5 _ _ 0 9 _ 2 7 
[00282726] 5 | 9 1 8 11 5 _ _ 0 9 _ 7 2 
[00282727] 6 | 9 1 8 11 4 10 _ 0 9 _ _ _ 
[00282728] 5 | 9 1 8 11 4 10 _ 0 9 _ 5 _ 
[00282729] 5 | 9 1 8 11 4 10 _ 0 9 _ 2 7 
[00282730] 5 | 9 1 8 11 4 10 _ 0 9 _ 7 2 
[00282731] 6 | 9 1 8 11 10 4 _ 0 9 _ _ _ 
[00282732] 5 | 9 1 8 11 10 4 5 0 9 _ _ _ 
[00282733] 4 | 9 1 8 11 10 4 5 0 9 _ 2 6 
[00282734] 4 | 9 1 8 11 10 4 5 0 9 _ 3 7 
[00282735] 4 | 9 1 8 11 10 4 5 0 9 _ 6 2 
[00282736] 4 | 9 1 8 11 10 4 5 0 9 _ 7 3 
[00282737] 5 | 9 1 8 11 10 4 _ 0 9 _ 5 _ 
[00282738] 4 | 9 1 8 11 10 4 6 0 9 _ 5 _ 
[00282739] 3 | 9 1 8 11 10 4 6 0 9 _ 5 2 
[00282740] 5 | 9 1 8 11 10 4 _ 0 9 _ 2 7 
[00282741] 4 | 9 1 8 11 10 4 6 0 9 _ 2 7 
[00282742] 5 | 9 1 8 11 10 4 _ 0 9 _ 7 2 
[00282743] 4 | 9 1 8 11 10 4 6 0 9 _ 7 2 
[00282744] 6 | 9 1 8 11 4 _ 10 0 9 _ _ _ 
[00282745] 5 | 9 1 8 11 4 _ 10 0 9 _ 5 _ 
[00282746] 5 | 9 1 8 11 4 _ 10 0 9 _ 2 7 
[00282747] 5 | 9 1 8 11 4 _ 10 0 9 _ 7 2 
[00282748] 6 | 9 1 8 11 10 _ 4 0 9 _ _ _ 
[00282749] 5 | 9 1 8 11 10 5 4 0 9 _ _ _ 
[00282750] 4 | 9 1 8 11 10 5 4 0 9 _ 2 6 
[00282751] 4 | 9 1 8 11 10 5 4 0 9 _ 3 7 
[00282752] 4 | 9 1 8 11 10 5 4 0 9 _ 6 2 
[00282753] 4 | 9 1 8 11 10 5 4 0 9 _ 7 3 
[00282754] 5 | 9 1 8 11 10 _ 4 0 9 _ 5 _ 
[00282755] 4 | 9 1 8 11 10 6 4 0 9 _ 5 _ 
[00282756] 3 | 9 1 8 11 10 6 4 0 9 _ 5 2 
[00282757] 5 | 9 1 8 11 10 _ 4 0 9 _ 2 7 
[00282758] 4 | 9 1 8 11 10 6 4 0 9 _ 2 7 
[00282759] 5 | 9 1 8 11 10 _ 4 0 9 _ 7 2 
[00282760] 4 | 9 1 8 11 10 6 4 0 9 _ 7 2 
[00282761] 6 | 9 1 8 11 _ _ _ 0 9 _ 6 _ 
[00282762] 5 | 9 1 8 11 6 _ _ 0 9 _ 6 _ 
[00282763] 4 | 9 1 8 11 6 2 _ 0 9 _ 6 _ 
[00282764] 3 | 9 1 8 11 6 2 3 0 9 _ 6 _ 
[00282765] 3 | 9 1 8 11 6 2 _ 0 9 _ 6 3 
[00282766] 4 | 9 1 8 11 6 10 _ 0 9 _ 6 _ 
[00282767] 3 | 9 1 8 11 6 10 3 0 9 _ 6 _ 
[00282768] 3 | 9 1 8 11 6 10 _ 0 9 _ 6 3 
[00282769] 4 | 9 1 8 11 6 _ 2 0 9 _ 6 _ 
[00282770] 3 | 9 1 8 11 6 3 2 0 9 _ 6 _ 
[00282771] 3 | 9 1 8 11 6 _ 2 0 9 _ 6 3 
[00282772] 4 | 9 1 8 11 6 _ 10 0 9 _ 6 _ 
[00282773] 3 | 9 1 8 11 6 3 10 0 9 _ 6 _ 
[00282774] 3 | 9 1 8 11 6 _ 10 0 9 _ 6 3 
[00282775] 4 | 9 1 8 11 6 _ _ 0 9 _ 6 2 
[00282776] 4 | 9 1 8 11 6 _ _ 0 9 _ 6 10 
[00282777] 5 | 9 1 8 11 2 7 _ 0 9 _ 6 _ 
[00282778] 4 | 9 1 8 11 2 7 6 0 9 _ 6 _ 
[00282779] 4 | 9 1 8 11 2 7 _ 0 9 _ 6 2 
[00282780] 4 | 9 1 8 11 2 7 _ 0 9 _ 6 10 
[00282781] 3 | 9 1 8 11 2 7 5 0 9 _ 6 10 
[00282782] 5 | 9 1 8 11 5 10 _ 0 9 _ 6 _ 
[00282783] 4 | 9 1 8 11 5 10 _ 0 9 _ 6 2 
[00282784] 5 | 9 1 8 11 7 2 _ 0 9 _ 6 _ 
[00282785] 4 | 9 1 8 11 7 2 3 0 9 _ 6 _ 
[00282786] 4 | 9 1 8 11 7 2 _ 0 9 _ 6 10 
[00282787] 3 | 9 1 8 11 7 2 4 0 9 _ 6 10 
[00282788] 5 | 9 1 8 11 10 5 _ 0 9 _ 6 _ 
[00282789] 4 | 9 1 8 11 10 5 6 0 9 _ 6 _ 
[00282790] 4 | 9 1 8 11 10 5 _ 0 9 _ 6 2 
[00282791] 3 | 9 1 8 11 10 5 7 0 9 _ 6 2 
[00282792] 4 | 9 1 8 11 10 5 _ 0 9 _ 6 10 
[00282793] 5 | 9 1 8 11 2 _ 7 0 9 _ 6 _ 
[00282794] 4 | 9 1 8 11 2 6 7 0 9 _ 6 _ 
[00282795] 4 | 9 1 8 11 2 _ 7 0 9 _ 6 2 
[00282796] 4 | 9 1 8 11 2 _ 7 0 9 _ 6 10 
[00282797] 3 | 9 1 8 11 2 5 7 0 9 _ 6 10 
[00282798] 5 | 9 1 8 11 5 _ 10 0 9 _ 6 _ 
[00282799] 4 | 9 1 8 11 5 _ 10 0 9 _ 6 2 
[00282800] 5 | 9 1 8 11 7 _ 2 0 9 _ 6 _ 
[00282801] 4 | 9 1 8 11 7 3 2 0 9 _ 6 _ 
[00282802] 4 | 9 1 8 11 7 _ 2 0 9 _ 6 10 
[00282803] 3 | 9 1 8 11 7 4 2 0 9 _ 6 10 
[00282804] 5 | 9 1 8 11 10 _ 5 0 9 _ 6 _ 
[00282805] 4 | 9 1 8 11 10 6 5 0 9 _ 6 _ 
[00282806] 4 | 9 1 8 11 10 _ 5 0 9 _ 6 2 
[00282807] 3 | 9 1 8 11 10 7 5 0 9 _ 6 2 
[00282808] 4 | 9 1 8 11 10 _ 5 0 9 _ 6 10 
[00282809] 5 | 9 1 8 11 _ _ _ 0 9 _ 6 11 
[00282810] 4 | 9 1 8 11 3 7 _ 0 9 _ 6 11 
[00282811] 4 | 9 1 8 11 7 3 _ 0 9 _ 6 11 
[00282812] 3 | 9 1 8 11 7 3 4 0 9 _ 6 11 
[00282813] 3 | 9 1 8 11 7 3 10 0 9 _ 6 11 
[00282814] 4 | 9 1 8 11 3 _ 7 0 9 _ 6 11 
[00282815] 4 | 9 1 8 11 7 _ 3 0 9 _ 6 11 
[00282816] 3 | 9 1 8 11 7 4 3 0 9 _ 6 11 
[00282817] 3 | 9 1 8 11 7 10 3 0 9 _ 6 11 
[00282818] 6 | 9 1 8 11 _ _ _ 0 9 _ 4 10 
[00282819] 5 | 9 1 8 11 6 _ _ 0 9 _ 4 10 
[00282820] 4 | 9 1 8 11 6 2 _ 0 9 _ 4 10 
[00282821] 3 | 9 1 8 11 6 2 3 0 9 _ 4 10 
[00282822] 4 | 9 1 8 11 6 _ 2 0 9 _ 4 10 
[00282823] 3 | 9 1 8 11 6 3 2 0 9 _ 4 10 
[00282824] 5 | 9 1 8 11 2 7 _ 0 9 _ 4 10 
[00282825] 4 | 9 1 8 11 2 7 6 0 9 _ 4 10 
[00282826] 5 | 9 1 8 11 7 2 _ 0 9 _ 4 10 
[00282827] 4 | 9 1 8 11 7 2 3 0 9 _ 4 10 
[00282828] 5 | 9 1 8 11 2 _ 7 0 9 _ 4 10 
[00282829] 4 | 9 1 8 11 2 6 7 0 9 _ 4 10 
[00282830] 5 | 9 1 8 11 7 _ 2 0 9 _ 4 10 
[00282831] 4 | 9 1 8 11 7 3 2 0 9 _ 4 10 
[00282832] 6 | 9 1 8 11 _ _ _ 0 9 _ 10 4 
[00282833] 5 | 9 1 8 11 6 _ _ 0 9 _ 10 4 
[00282834] 4 | 9 1 8 11 6 2 _ 0 9 _ 10 4 
[00282835] 3 | 9 1 8 11 6 2 3 0 9 _ 10 4 
[00282836] 4 | 9 1 8 11 6 _ 2 0 9 _ 10 4 
[00282837] 3 | 9 1 8 11 6 3 2 0 9 _ 10 4 
[00282838] 5 | 9 1 8 11 2 7 _ 0 9 _ 10 4 
[00282839] 4 | 9 1 8 11 2 7 6 0 9 _ 10 4 
[00282840] 5 | 9 1 8 11 7 2 _ 0 9 _ 10 4 
[00282841] 4 | 9 1 8 11 7 2 3 0 9 _ 10 4 
[00282842] 5 | 9 1 8 11 2 _ 7 0 9 _ 10 4 
[00282843] 4 | 9 1 8 11 2 6 7 0 9 _ 10 4 
[00282844] 5 | 9 1 8 11 7 _ 2 0 9 _ 10 4 
[00282845] 4 | 9 1 8 11 7 3 2 0 9 _ 10 4 
[00282846] 7 | 9 1 _ 11 4 _ _ 0 9 _ _ _ 
[00282847] 6 | 9 1 7 11 4 _ _ 0 9 _ _ _ 
[00282848] 5 | 9 1 7 11 4 _ _ 0 9 _ 5 _ 
[00282849] 4 | 9 1 7 11 4 8 _ 0 9 _ 5 _ 
[00282850] 3 | 9 1 7 11 4 8 _ 0 9 _ 5 2 
[00282851] 2 | 9 1 7 11 4 8 6 0 9 _ 5 2 
[00282852] 4 | 9 1 7 11 4 _ 8 0 9 _ 5 _ 
[00282853] 3 | 9 1 7 11 4 _ 8 0 9 _ 5 2 
[00282854] 2 | 9 1 7 11 4 6 8 0 9 _ 5 2 
[00282855] 5 | 9 1 7 11 4 _ _ 0 9 _ 3 8 
[00282856] 5 | 9 1 7 11 4 _ _ 0 9 _ 5 10 
[00282857] 4 | 9 1 7 11 4 8 _ 0 9 _ 5 10 
[00282858] 4 | 9 1 7 11 4 _ 8 0 9 _ 5 10 
[00282859] 5 | 9 1 7 11 4 _ _ 0 9 _ 8 3 
[00282860] 5 | 9 1 7 11 4 _ _ 0 9 _ 10 5 
[00282861] 4 | 9 1 7 11 4 8 _ 0 9 _ 10 5 
