[00239502] 4 | _ 3 7 0 10 2 1 11 5 0 4 _ 
[00239503] 3 | 6 3 7 0 10 2 1 11 5 0 4 _ 
[00239504] 4 | _ 7 3 0 10 2 1 11 5 0 4 _ 
[00239505] 4 | _ _ _ 0 10 2 1 11 5 0 4 8 
[00239506] 3 | 3 6 _ 0 10 2 1 11 5 0 4 8 
[00239507] 3 | 6 9 _ 0 10 2 1 11 5 0 4 8 
[00239508] 3 | 6 3 _ 0 10 2 1 11 5 0 4 8 
[00239509] 3 | 9 6 _ 0 10 2 1 11 5 0 4 8 
[00239510] 3 | _ 3 6 0 10 2 1 11 5 0 4 8 
[00239511] 3 | _ 6 9 0 10 2 1 11 5 0 4 8 
[00239512] 3 | _ 6 3 0 10 2 1 11 5 0 4 8 
[00239513] 3 | _ 9 6 0 10 2 1 11 5 0 4 8 
[00239514] 5 | _ _ _ 0 10 2 1 11 5 _ 4 9 
[00239515] 4 | 3 7 _ 0 10 2 1 11 5 _ 4 9 
[00239516] 4 | 7 3 _ 0 10 2 1 11 5 _ 4 9 
[00239517] 3 | 7 3 6 0 10 2 1 11 5 _ 4 9 
[00239518] 3 | 7 3 _ 0 10 2 1 11 5 8 4 9 
[00239519] 4 | _ 3 7 0 10 2 1 11 5 _ 4 9 
[00239520] 3 | 6 3 7 0 10 2 1 11 5 _ 4 9 
[00239521] 3 | _ 3 7 0 10 2 1 11 5 8 4 9 
[00239522] 4 | _ 7 3 0 10 2 1 11 5 _ 4 9 
[00239523] 6 | _ _ _ 0 10 2 1 11 3 9 4 _ 
[00239524] 5 | _ 5 _ 0 10 2 1 11 3 9 4 _ 
[00239525] 4 | _ 5 _ 0 10 2 1 11 3 9 4 8 
[00239526] 6 | _ _ _ 0 10 2 1 11 9 3 4 _ 
[00239527] 5 | _ 5 _ 0 10 2 1 11 9 3 4 _ 
[00239528] 4 | _ 5 _ 0 10 2 1 11 9 3 4 8 
[00239529] 8 | _ _ _ 0 10 _ 1 11 3 _ _ _ 
[00239530] 7 | 2 9 _ 0 10 _ 1 11 3 _ _ _ 
[00239531] 7 | 9 2 _ 0 10 _ 1 11 3 _ _ _ 
[00239532] 6 | 9 2 8 0 10 _ 1 11 3 _ _ _ 
[00239533] 5 | 9 2 8 0 10 5 1 11 3 _ _ _ 
[00239534] 4 | 9 2 8 0 10 5 1 11 3 7 _ _ 
[00239535] 4 | 9 2 8 0 10 5 1 11 3 _ 7 _ 
[00239536] 3 | 9 2 8 0 10 5 1 11 3 6 7 _ 
[00239537] 3 | 9 2 8 0 10 5 1 11 3 _ 7 4 
[00239538] 5 | 9 2 8 0 10 _ 1 11 3 _ 6 _ 
[00239539] 4 | 9 2 8 0 10 6 1 11 3 _ 6 _ 
[00239540] 4 | 9 2 8 0 10 _ 1 11 3 7 6 _ 
[00239541] 4 | 9 2 8 0 10 _ 1 11 3 _ 6 10 
[00239542] 6 | 9 2 _ 0 10 4 1 11 3 _ _ _ 
[00239543] 5 | 9 2 7 0 10 4 1 11 3 _ _ _ 
[00239544] 5 | 9 2 _ 0 10 4 1 11 3 8 _ _ 
[00239545] 4 | 9 2 6 0 10 4 1 11 3 8 _ _ 
[00239546] 4 | 9 2 _ 0 10 4 1 11 3 8 7 _ 
[00239547] 3 | 9 2 5 0 10 4 1 11 3 8 7 _ 
[00239548] 5 | 9 2 _ 0 10 4 1 11 3 _ 6 _ 
[00239549] 4 | 9 2 6 0 10 4 1 11 3 _ 6 _ 
[00239550] 4 | 9 2 _ 0 10 4 1 11 3 7 6 _ 
[00239551] 3 | 9 2 5 0 10 4 1 11 3 7 6 _ 
[00239552] 2 | 9 2 5 0 10 4 1 11 3 7 6 8 
[00239553] 4 | 9 2 _ 0 10 4 1 11 3 _ 6 2 
[00239554] 6 | 9 2 _ 0 10 _ 1 11 3 _ 5 _ 
[00239555] 5 | 9 2 7 0 10 _ 1 11 3 _ 5 _ 
[00239556] 4 | 9 2 7 0 10 6 1 11 3 _ 5 _ 
[00239557] 3 | 9 2 7 0 10 6 1 11 3 _ 5 8 
[00239558] 5 | 9 2 _ 0 10 5 1 11 3 _ 5 _ 
[00239559] 4 | 9 2 6 0 10 5 1 11 3 _ 5 _ 
[00239560] 4 | 9 2 _ 0 10 5 1 11 3 7 5 _ 
[00239561] 5 | 9 2 _ 0 10 _ 1 11 3 8 5 _ 
[00239562] 4 | 9 2 6 0 10 _ 1 11 3 8 5 _ 
[00239563] 3 | 9 2 6 0 10 7 1 11 3 8 5 _ 
[00239564] 4 | 9 2 _ 0 10 6 1 11 3 8 5 _ 
[00239565] 3 | 9 2 5 0 10 6 1 11 3 8 5 _ 
[00239566] 3 | 9 2 _ 0 10 6 1 11 3 8 5 2 
[00239567] 5 | 9 2 _ 0 10 _ 1 11 3 _ 5 10 
[00239568] 4 | 9 2 6 0 10 _ 1 11 3 _ 5 10 
[00239569] 4 | 9 2 _ 0 10 _ 1 11 3 7 5 10 
[00239570] 7 | _ 2 9 0 10 _ 1 11 3 _ _ _ 
[00239571] 6 | 8 2 9 0 10 _ 1 11 3 _ _ _ 
[00239572] 5 | 8 2 9 0 10 5 1 11 3 _ _ _ 
[00239573] 4 | 8 2 9 0 10 5 1 11 3 7 _ _ 
[00239574] 4 | 8 2 9 0 10 5 1 11 3 _ 7 _ 
[00239575] 3 | 8 2 9 0 10 5 1 11 3 6 7 _ 
[00239576] 3 | 8 2 9 0 10 5 1 11 3 _ 7 4 
[00239577] 5 | 8 2 9 0 10 _ 1 11 3 _ 6 _ 
[00239578] 4 | 8 2 9 0 10 6 1 11 3 _ 6 _ 
[00239579] 4 | 8 2 9 0 10 _ 1 11 3 7 6 _ 
[00239580] 4 | 8 2 9 0 10 _ 1 11 3 _ 6 10 
[00239581] 6 | _ 2 9 0 10 4 1 11 3 _ _ _ 
[00239582] 5 | 7 2 9 0 10 4 1 11 3 _ _ _ 
[00239583] 5 | _ 2 9 0 10 4 1 11 3 8 _ _ 
[00239584] 4 | 6 2 9 0 10 4 1 11 3 8 _ _ 
[00239585] 4 | _ 2 9 0 10 4 1 11 3 8 7 _ 
[00239586] 3 | 5 2 9 0 10 4 1 11 3 8 7 _ 
[00239587] 5 | _ 2 9 0 10 4 1 11 3 _ 6 _ 
[00239588] 4 | 6 2 9 0 10 4 1 11 3 _ 6 _ 
[00239589] 4 | _ 2 9 0 10 4 1 11 3 7 6 _ 
[00239590] 3 | 5 2 9 0 10 4 1 11 3 7 6 _ 
[00239591] 2 | 5 2 9 0 10 4 1 11 3 7 6 8 
[00239592] 4 | _ 2 9 0 10 4 1 11 3 _ 6 2 
[00239593] 6 | _ 2 9 0 10 _ 1 11 3 _ 5 _ 
[00239594] 5 | 7 2 9 0 10 _ 1 11 3 _ 5 _ 
[00239595] 4 | 7 2 9 0 10 6 1 11 3 _ 5 _ 
[00239596] 3 | 7 2 9 0 10 6 1 11 3 _ 5 8 
[00239597] 5 | _ 2 9 0 10 5 1 11 3 _ 5 _ 
[00239598] 4 | 6 2 9 0 10 5 1 11 3 _ 5 _ 
[00239599] 4 | _ 2 9 0 10 5 1 11 3 7 5 _ 
[00239600] 5 | _ 2 9 0 10 _ 1 11 3 8 5 _ 
[00239601] 4 | 6 2 9 0 10 _ 1 11 3 8 5 _ 
[00239602] 3 | 6 2 9 0 10 7 1 11 3 8 5 _ 
[00239603] 4 | _ 2 9 0 10 6 1 11 3 8 5 _ 
[00239604] 3 | 5 2 9 0 10 6 1 11 3 8 5 _ 
[00239605] 3 | _ 2 9 0 10 6 1 11 3 8 5 2 
[00239606] 5 | _ 2 9 0 10 _ 1 11 3 _ 5 10 
[00239607] 4 | 6 2 9 0 10 _ 1 11 3 _ 5 10 
[00239608] 4 | _ 2 9 0 10 _ 1 11 3 7 5 10 
[00239609] 7 | _ 9 2 0 10 _ 1 11 3 _ _ _ 
[00239610] 7 | _ 7 _ 0 10 _ 1 11 3 _ _ _ 
[00239611] 6 | _ 7 _ 0 10 4 1 11 3 _ _ _ 
[00239612] 5 | 2 7 _ 0 10 4 1 11 3 _ _ _ 
[00239613] 4 | 2 7 3 0 10 4 1 11 3 _ _ _ 
[00239614] 3 | 2 7 3 0 10 4 1 11 3 _ 8 _ 
[00239615] 2 | 2 7 3 0 10 4 1 11 3 _ 8 6 
[00239616] 3 | 2 7 3 0 10 4 1 11 3 _ 5 8 
[00239617] 3 | 2 7 3 0 10 4 1 11 3 _ 6 9 
[00239618] 3 | 2 7 3 0 10 4 1 11 3 _ 8 5 
[00239619] 3 | 2 7 3 0 10 4 1 11 3 _ 9 6 
[00239620] 4 | 2 7 11 0 10 4 1 11 3 _ _ _ 
[00239621] 3 | 2 7 11 0 10 4 1 11 3 6 _ _ 
[00239622] 3 | 2 7 11 0 10 4 1 11 3 _ 5 8 
[00239623] 3 | 2 7 11 0 10 4 1 11 3 _ 6 9 
[00239624] 2 | 2 7 11 0 10 4 1 11 3 5 6 9 
[00239625] 3 | 2 7 11 0 10 4 1 11 3 _ 8 5 
[00239626] 3 | 2 7 11 0 10 4 1 11 3 _ 9 6 
[00239627] 2 | 2 7 11 0 10 4 1 11 3 5 9 6 
[00239628] 4 | 2 7 _ 0 10 4 1 11 3 7 _ _ 
[00239629] 3 | 2 7 _ 0 10 4 1 11 3 7 8 _ 
[00239630] 2 | 2 7 _ 0 10 4 1 11 3 7 8 6 
[00239631] 3 | 2 7 _ 0 10 4 1 11 3 7 5 8 
[00239632] 3 | 2 7 _ 0 10 4 1 11 3 7 6 9 
[00239633] 3 | 2 7 _ 0 10 4 1 11 3 7 8 5 
[00239634] 3 | 2 7 _ 0 10 4 1 11 3 7 9 6 
[00239635] 4 | 2 7 _ 0 10 4 1 11 3 _ 7 _ 
[00239636] 3 | 2 7 _ 0 10 4 1 11 3 6 7 _ 
[00239637] 2 | 2 7 5 0 10 4 1 11 3 6 7 _ 
[00239638] 2 | 2 7 9 0 10 4 1 11 3 6 7 _ 
[00239639] 2 | 2 7 _ 0 10 4 1 11 3 6 7 5 
[00239640] 2 | 2 7 _ 0 10 4 1 11 3 6 7 9 
[00239641] 4 | 2 7 _ 0 10 4 1 11 3 _ 5 9 
[00239642] 3 | 2 7 _ 0 10 4 1 11 3 6 5 9 
[00239643] 4 | 2 7 _ 0 10 4 1 11 3 _ 9 5 
[00239644] 3 | 2 7 _ 0 10 4 1 11 3 6 9 5 
[00239645] 5 | _ 7 2 0 10 4 1 11 3 _ _ _ 
[00239646] 4 | 3 7 2 0 10 4 1 11 3 _ _ _ 
[00239647] 3 | 3 7 2 0 10 4 1 11 3 _ 8 _ 
[00239648] 2 | 3 7 2 0 10 4 1 11 3 _ 8 6 
[00239649] 3 | 3 7 2 0 10 4 1 11 3 _ 5 8 
[00239650] 3 | 3 7 2 0 10 4 1 11 3 _ 6 9 
[00239651] 3 | 3 7 2 0 10 4 1 11 3 _ 8 5 
[00239652] 3 | 3 7 2 0 10 4 1 11 3 _ 9 6 
[00239653] 4 | 11 7 2 0 10 4 1 11 3 _ _ _ 
[00239654] 3 | 11 7 2 0 10 4 1 11 3 6 _ _ 
[00239655] 3 | 11 7 2 0 10 4 1 11 3 _ 5 8 
[00239656] 3 | 11 7 2 0 10 4 1 11 3 _ 6 9 
[00239657] 2 | 11 7 2 0 10 4 1 11 3 5 6 9 
[00239658] 3 | 11 7 2 0 10 4 1 11 3 _ 8 5 
[00239659] 3 | 11 7 2 0 10 4 1 11 3 _ 9 6 
[00239660] 2 | 11 7 2 0 10 4 1 11 3 5 9 6 
[00239661] 4 | _ 7 2 0 10 4 1 11 3 7 _ _ 
[00239662] 3 | _ 7 2 0 10 4 1 11 3 7 8 _ 
[00239663] 2 | _ 7 2 0 10 4 1 11 3 7 8 6 
[00239664] 3 | _ 7 2 0 10 4 1 11 3 7 5 8 
[00239665] 3 | _ 7 2 0 10 4 1 11 3 7 6 9 
[00239666] 3 | _ 7 2 0 10 4 1 11 3 7 8 5 
[00239667] 3 | _ 7 2 0 10 4 1 11 3 7 9 6 
[00239668] 4 | _ 7 2 0 10 4 1 11 3 _ 7 _ 
[00239669] 3 | _ 7 2 0 10 4 1 11 3 6 7 _ 
[00239670] 2 | 5 7 2 0 10 4 1 11 3 6 7 _ 
[00239671] 2 | 9 7 2 0 10 4 1 11 3 6 7 _ 
[00239672] 2 | _ 7 2 0 10 4 1 11 3 6 7 5 
[00239673] 2 | _ 7 2 0 10 4 1 11 3 6 7 9 
[00239674] 4 | _ 7 2 0 10 4 1 11 3 _ 5 9 
[00239675] 3 | _ 7 2 0 10 4 1 11 3 6 5 9 
[00239676] 4 | _ 7 2 0 10 4 1 11 3 _ 9 5 
[00239677] 3 | _ 7 2 0 10 4 1 11 3 6 9 5 
[00239678] 5 | _ 7 _ 0 10 4 1 11 3 8 _ _ 
[00239679] 4 | 11 7 _ 0 10 4 1 11 3 8 _ _ 
[00239680] 3 | 11 7 _ 0 10 4 1 11 3 8 2 5 
[00239681] 2 | 11 7 9 0 10 4 1 11 3 8 2 5 
[00239682] 3 | 11 7 _ 0 10 4 1 11 3 8 6 9 
[00239683] 2 | 11 7 5 0 10 4 1 11 3 8 6 9 
[00239684] 3 | 11 7 _ 0 10 4 1 11 3 8 5 2 
[00239685] 2 | 11 7 9 0 10 4 1 11 3 8 5 2 
[00239686] 3 | 11 7 _ 0 10 4 1 11 3 8 9 6 
[00239687] 2 | 11 7 5 0 10 4 1 11 3 8 9 6 
[00239688] 4 | _ 7 11 0 10 4 1 11 3 8 _ _ 
[00239689] 3 | _ 7 11 0 10 4 1 11 3 8 2 5 
[00239690] 2 | 9 7 11 0 10 4 1 11 3 8 2 5 
[00239691] 3 | _ 7 11 0 10 4 1 11 3 8 6 9 
[00239692] 2 | 5 7 11 0 10 4 1 11 3 8 6 9 
[00239693] 3 | _ 7 11 0 10 4 1 11 3 8 5 2 
[00239694] 2 | 9 7 11 0 10 4 1 11 3 8 5 2 
[00239695] 3 | _ 7 11 0 10 4 1 11 3 8 9 6 
[00239696] 2 | 5 7 11 0 10 4 1 11 3 8 9 6 
[00239697] 4 | _ 7 _ 0 10 4 1 11 3 8 7 _ 
[00239698] 4 | _ 7 _ 0 10 4 1 11 3 8 2 6 
[00239699] 4 | _ 7 _ 0 10 4 1 11 3 8 5 9 
[00239700] 4 | _ 7 _ 0 10 4 1 11 3 8 6 2 
[00239701] 4 | _ 7 _ 0 10 4 1 11 3 8 9 5 
[00239702] 5 | _ 7 _ 0 10 4 1 11 3 _ 6 _ 
[00239703] 4 | 3 7 _ 0 10 4 1 11 3 _ 6 _ 
[00239704] 3 | 3 7 _ 0 10 4 1 11 3 _ 6 9 
[00239705] 2 | 3 7 5 0 10 4 1 11 3 _ 6 9 
[00239706] 4 | _ 7 3 0 10 4 1 11 3 _ 6 _ 
[00239707] 3 | _ 7 3 0 10 4 1 11 3 _ 6 9 
[00239708] 2 | 5 7 3 0 10 4 1 11 3 _ 6 9 
[00239709] 4 | _ 7 _ 0 10 4 1 11 3 7 6 _ 
[00239710] 3 | _ 7 _ 0 10 4 1 11 3 7 6 9 
[00239711] 4 | _ 7 _ 0 10 4 1 11 3 _ 6 2 
[00239712] 6 | _ 7 _ 0 10 _ 1 11 3 9 _ _ 
[00239713] 5 | 2 7 _ 0 10 _ 1 11 3 9 _ _ 
[00239714] 4 | 2 7 11 0 10 _ 1 11 3 9 _ _ 
[00239715] 3 | 2 7 11 0 10 _ 1 11 3 9 5 8 
[00239716] 3 | 2 7 11 0 10 _ 1 11 3 9 8 5 
[00239717] 4 | 2 7 _ 0 10 6 1 11 3 9 _ _ 
[00239718] 3 | 2 7 4 0 10 6 1 11 3 9 _ _ 
[00239719] 3 | 2 7 _ 0 10 6 1 11 3 9 8 _ 
[00239720] 2 | 2 7 5 0 10 6 1 11 3 9 8 _ 
[00239721] 3 | 2 7 _ 0 10 6 1 11 3 9 5 8 
[00239722] 3 | 2 7 _ 0 10 6 1 11 3 9 8 5 
[00239723] 4 | 2 7 _ 0 10 _ 1 11 3 9 7 _ 
[00239724] 3 | 2 7 4 0 10 _ 1 11 3 9 7 _ 
[00239725] 2 | 2 7 4 0 10 8 1 11 3 9 7 _ 
[00239726] 3 | 2 7 10 0 10 _ 1 11 3 9 7 _ 
[00239727] 3 | 2 7 _ 0 10 7 1 11 3 9 7 _ 
[00239728] 3 | 2 7 _ 0 10 _ 1 11 3 9 7 4 
[00239729] 2 | 2 7 _ 0 10 8 1 11 3 9 7 4 
[00239730] 3 | 2 7 _ 0 10 _ 1 11 3 9 7 10 
[00239731] 4 | 2 7 _ 0 10 _ 1 11 3 9 4 8 
[00239732] 3 | 2 7 10 0 10 _ 1 11 3 9 4 8 
[00239733] 3 | 2 7 _ 0 10 7 1 11 3 9 4 8 
[00239734] 4 | 2 7 _ 0 10 _ 1 11 3 9 8 4 
[00239735] 3 | 2 7 10 0 10 _ 1 11 3 9 8 4 
[00239736] 3 | 2 7 _ 0 10 7 1 11 3 9 8 4 
[00239737] 5 | _ 7 2 0 10 _ 1 11 3 9 _ _ 
[00239738] 4 | 11 7 2 0 10 _ 1 11 3 9 _ _ 
[00239739] 3 | 11 7 2 0 10 _ 1 11 3 9 5 8 
[00239740] 3 | 11 7 2 0 10 _ 1 11 3 9 8 5 
[00239741] 4 | _ 7 2 0 10 6 1 11 3 9 _ _ 
[00239742] 3 | 4 7 2 0 10 6 1 11 3 9 _ _ 
[00239743] 3 | _ 7 2 0 10 6 1 11 3 9 8 _ 
[00239744] 2 | 5 7 2 0 10 6 1 11 3 9 8 _ 
[00239745] 3 | _ 7 2 0 10 6 1 11 3 9 5 8 
[00239746] 3 | _ 7 2 0 10 6 1 11 3 9 8 5 
[00239747] 4 | _ 7 2 0 10 _ 1 11 3 9 7 _ 
[00239748] 3 | 4 7 2 0 10 _ 1 11 3 9 7 _ 
[00239749] 2 | 4 7 2 0 10 8 1 11 3 9 7 _ 
[00239750] 3 | 10 7 2 0 10 _ 1 11 3 9 7 _ 
[00239751] 3 | _ 7 2 0 10 7 1 11 3 9 7 _ 
[00239752] 3 | _ 7 2 0 10 _ 1 11 3 9 7 4 
[00239753] 2 | _ 7 2 0 10 8 1 11 3 9 7 4 
[00239754] 3 | _ 7 2 0 10 _ 1 11 3 9 7 10 
[00239755] 4 | _ 7 2 0 10 _ 1 11 3 9 4 8 
[00239756] 3 | 10 7 2 0 10 _ 1 11 3 9 4 8 
[00239757] 3 | _ 7 2 0 10 7 1 11 3 9 4 8 
[00239758] 4 | _ 7 2 0 10 _ 1 11 3 9 8 4 
[00239759] 3 | 10 7 2 0 10 _ 1 11 3 9 8 4 
[00239760] 3 | _ 7 2 0 10 7 1 11 3 9 8 4 
[00239761] 5 | _ 7 _ 0 10 5 1 11 3 9 _ _ 
[00239762] 4 | 11 7 _ 0 10 5 1 11 3 9 _ _ 
[00239763] 3 | 11 7 4 0 10 5 1 11 3 9 _ _ 
[00239764] 2 | 11 7 4 0 10 5 1 11 3 9 6 8 
[00239765] 2 | 11 7 4 0 10 5 1 11 3 9 8 6 
[00239766] 4 | _ 7 11 0 10 5 1 11 3 9 _ _ 
[00239767] 3 | 4 7 11 0 10 5 1 11 3 9 _ _ 
[00239768] 2 | 4 7 11 0 10 5 1 11 3 9 6 8 
[00239769] 2 | 4 7 11 0 10 5 1 11 3 9 8 6 
[00239770] 4 | _ 7 _ 0 10 5 1 11 3 9 7 _ 
[00239771] 3 | 4 7 _ 0 10 5 1 11 3 9 7 _ 
[00239772] 3 | _ 7 4 0 10 5 1 11 3 9 7 _ 
[00239773] 3 | _ 7 _ 0 10 5 1 11 3 9 7 4 
[00239774] 4 | _ 7 _ 0 10 5 1 11 3 9 2 6 
[00239775] 3 | 4 7 _ 0 10 5 1 11 3 9 2 6 
[00239776] 3 | _ 7 4 0 10 5 1 11 3 9 2 6 
[00239777] 4 | _ 7 _ 0 10 5 1 11 3 9 4 8 
[00239778] 4 | _ 7 _ 0 10 5 1 11 3 9 6 2 
[00239779] 3 | 4 7 _ 0 10 5 1 11 3 9 6 2 
[00239780] 3 | _ 7 4 0 10 5 1 11 3 9 6 2 
[00239781] 4 | _ 7 _ 0 10 5 1 11 3 9 8 4 
[00239782] 5 | _ 7 _ 0 10 _ 1 11 3 9 6 _ 
[00239783] 4 | _ 7 _ 0 10 6 1 11 3 9 6 _ 
[00239784] 3 | 4 7 _ 0 10 6 1 11 3 9 6 _ 
[00239785] 2 | 4 7 5 0 10 6 1 11 3 9 6 _ 
[00239786] 3 | _ 7 4 0 10 6 1 11 3 9 6 _ 
[00239787] 2 | 5 7 4 0 10 6 1 11 3 9 6 _ 
[00239788] 4 | _ 7 _ 0 10 _ 1 11 3 9 6 2 
[00239789] 3 | 4 7 _ 0 10 _ 1 11 3 9 6 2 
[00239790] 2 | 4 7 5 0 10 _ 1 11 3 9 6 2 
[00239791] 2 | 4 7 _ 0 10 8 1 11 3 9 6 2 
[00239792] 3 | 10 7 _ 0 10 _ 1 11 3 9 6 2 
[00239793] 2 | 10 7 5 0 10 _ 1 11 3 9 6 2 
[00239794] 3 | _ 7 4 0 10 _ 1 11 3 9 6 2 
[00239795] 2 | 5 7 4 0 10 _ 1 11 3 9 6 2 
[00239796] 2 | _ 7 4 0 10 8 1 11 3 9 6 2 
[00239797] 3 | _ 7 10 0 10 _ 1 11 3 9 6 2 
[00239798] 2 | 5 7 10 0 10 _ 1 11 3 9 6 2 
[00239799] 3 | _ 7 _ 0 10 7 1 11 3 9 6 2 
[00239800] 4 | _ 7 _ 0 10 _ 1 11 3 9 6 10 
[00239801] 3 | 4 7 _ 0 10 _ 1 11 3 9 6 10 
[00239802] 2 | 4 7 5 0 10 _ 1 11 3 9 6 10 
[00239803] 3 | _ 7 4 0 10 _ 1 11 3 9 6 10 
[00239804] 2 | 5 7 4 0 10 _ 1 11 3 9 6 10 
[00239805] 6 | _ 7 _ 0 10 _ 1 11 3 _ 5 _ 
[00239806] 5 | 2 7 _ 0 10 _ 1 11 3 _ 5 _ 
[00239807] 4 | 2 7 3 0 10 _ 1 11 3 _ 5 _ 
[00239808] 3 | 2 7 3 0 10 _ 1 11 3 _ 5 8 
[00239809] 4 | 2 7 _ 0 10 6 1 11 3 _ 5 _ 
[00239810] 3 | 2 7 4 0 10 6 1 11 3 _ 5 _ 
[00239811] 2 | 2 7 4 0 10 6 1 11 3 5 5 _ 
[00239812] 2 | 2 7 4 0 10 6 1 11 3 _ 5 3 
[00239813] 3 | 2 7 _ 0 10 6 1 11 3 _ 5 8 
[00239814] 2 | 2 7 9 0 10 6 1 11 3 _ 5 8 
[00239815] 1 | 2 7 9 0 10 6 1 11 3 4 5 8  *Graceful*
[00239815] 4 | 2 7 _ 0 10 _ 1 11 3 7 5 _ 
[00239816] 3 | 2 7 _ 0 10 _ 1 11 3 7 5 8 
[00239817] 4 | 2 7 _ 0 10 _ 1 11 3 _ 5 9 
[00239818] 3 | 2 7 4 0 10 _ 1 11 3 _ 5 9 
[00239819] 2 | 2 7 4 0 10 8 1 11 3 _ 5 9 
[00239820] 3 | 2 7 10 0 10 _ 1 11 3 _ 5 9 
[00239821] 3 | 2 7 _ 0 10 7 1 11 3 _ 5 9 
[00239822] 3 | 2 7 _ 0 10 _ 1 11 3 6 5 9 
[00239823] 2 | 2 7 _ 0 10 8 1 11 3 6 5 9 
[00239824] 5 | _ 7 2 0 10 _ 1 11 3 _ 5 _ 
[00239825] 4 | 3 7 2 0 10 _ 1 11 3 _ 5 _ 
[00239826] 3 | 3 7 2 0 10 _ 1 11 3 _ 5 8 
[00239827] 4 | _ 7 2 0 10 6 1 11 3 _ 5 _ 
[00239828] 3 | 4 7 2 0 10 6 1 11 3 _ 5 _ 
[00239829] 2 | 4 7 2 0 10 6 1 11 3 5 5 _ 
[00239830] 2 | 4 7 2 0 10 6 1 11 3 _ 5 3 
[00239831] 3 | _ 7 2 0 10 6 1 11 3 _ 5 8 
[00239832] 2 | 9 7 2 0 10 6 1 11 3 _ 5 8 
[00239833] 1 | 9 7 2 0 10 6 1 11 3 4 5 8  *Graceful*
[00239833] 4 | _ 7 2 0 10 _ 1 11 3 7 5 _ 
[00239834] 3 | _ 7 2 0 10 _ 1 11 3 7 5 8 
[00239835] 4 | _ 7 2 0 10 _ 1 11 3 _ 5 9 
[00239836] 3 | 4 7 2 0 10 _ 1 11 3 _ 5 9 
[00239837] 2 | 4 7 2 0 10 8 1 11 3 _ 5 9 
[00239838] 3 | 10 7 2 0 10 _ 1 11 3 _ 5 9 
[00239839] 3 | _ 7 2 0 10 7 1 11 3 _ 5 9 
[00239840] 3 | _ 7 2 0 10 _ 1 11 3 6 5 9 
[00239841] 2 | _ 7 2 0 10 8 1 11 3 6 5 9 
[00239842] 5 | _ 7 _ 0 10 5 1 11 3 _ 5 _ 
[00239843] 4 | 3 7 _ 0 10 5 1 11 3 _ 5 _ 
[00239844] 3 | 3 7 4 0 10 5 1 11 3 _ 5 _ 
[00239845] 4 | _ 7 3 0 10 5 1 11 3 _ 5 _ 
[00239846] 3 | 4 7 3 0 10 5 1 11 3 _ 5 _ 
[00239847] 4 | _ 7 _ 0 10 5 1 11 3 7 5 _ 
[00239848] 5 | _ 7 _ 0 10 _ 1 11 3 8 5 _ 
[00239849] 4 | _ 7 _ 0 10 6 1 11 3 8 5 _ 
[00239850] 3 | 4 7 _ 0 10 6 1 11 3 8 5 _ 
[00239851] 2 | 4 7 5 0 10 6 1 11 3 8 5 _ 
[00239852] 2 | 4 7 9 0 10 6 1 11 3 8 5 _ 
[00239853] 2 | 4 7 _ 0 10 6 1 11 3 8 5 7 
[00239854] 3 | _ 7 4 0 10 6 1 11 3 8 5 _ 
[00239855] 2 | 5 7 4 0 10 6 1 11 3 8 5 _ 
[00239856] 2 | 9 7 4 0 10 6 1 11 3 8 5 _ 
[00239857] 2 | _ 7 4 0 10 6 1 11 3 8 5 7 
[00239858] 3 | _ 7 _ 0 10 6 1 11 3 8 5 2 
[00239859] 2 | 9 7 _ 0 10 6 1 11 3 8 5 2 
[00239860] 2 | _ 7 9 0 10 6 1 11 3 8 5 2 
[00239861] 4 | _ 7 _ 0 10 _ 1 11 3 8 5 9 
[00239862] 3 | 4 7 _ 0 10 _ 1 11 3 8 5 9 
[00239863] 3 | 10 7 _ 0 10 _ 1 11 3 8 5 9 
[00239864] 3 | _ 7 4 0 10 _ 1 11 3 8 5 9 
[00239865] 3 | _ 7 10 0 10 _ 1 11 3 8 5 9 
[00239866] 3 | _ 7 _ 0 10 7 1 11 3 8 5 9 
[00239867] 5 | _ 7 _ 0 10 _ 1 11 3 _ 5 10 
[00239868] 4 | 3 7 _ 0 10 _ 1 11 3 _ 5 10 
[00239869] 3 | 3 7 4 0 10 _ 1 11 3 _ 5 10 
[00239870] 4 | _ 7 3 0 10 _ 1 11 3 _ 5 10 
[00239871] 3 | 4 7 3 0 10 _ 1 11 3 _ 5 10 
[00239872] 4 | _ 7 _ 0 10 _ 1 11 3 7 5 10 
[00239873] 6 | _ 7 _ 0 10 _ 1 11 3 _ 2 8 
[00239874] 5 | _ 7 _ 0 10 5 1 11 3 _ 2 8 
[00239875] 4 | 3 7 _ 0 10 5 1 11 3 _ 2 8 
[00239876] 3 | 3 7 4 0 10 5 1 11 3 _ 2 8 
[00239877] 4 | _ 7 3 0 10 5 1 11 3 _ 2 8 
[00239878] 3 | 4 7 3 0 10 5 1 11 3 _ 2 8 
[00239879] 4 | _ 7 _ 0 10 5 1 11 3 7 2 8 
[00239880] 6 | _ 7 _ 0 10 _ 1 11 3 _ 8 2 
[00239881] 5 | _ 7 _ 0 10 5 1 11 3 _ 8 2 
[00239882] 4 | 3 7 _ 0 10 5 1 11 3 _ 8 2 
[00239883] 3 | 3 7 4 0 10 5 1 11 3 _ 8 2 
[00239884] 4 | _ 7 3 0 10 5 1 11 3 _ 8 2 
[00239885] 3 | 4 7 3 0 10 5 1 11 3 _ 8 2 
[00239886] 4 | _ 7 _ 0 10 5 1 11 3 7 8 2 
[00239887] 7 | _ _ _ 0 10 3 1 11 3 _ _ _ 
[00239888] 6 | 2 8 _ 0 10 3 1 11 3 _ _ _ 
[00239889] 6 | 8 2 _ 0 10 3 1 11 3 _ _ _ 
[00239890] 5 | 8 2 7 0 10 3 1 11 3 _ _ _ 
[00239891] 4 | 8 2 7 0 10 3 1 11 3 _ 5 9 
[00239892] 4 | 8 2 7 0 10 3 1 11 3 _ 9 5 
[00239893] 5 | 8 2 _ 0 10 3 1 11 3 _ 6 _ 
[00239894] 4 | 8 2 6 0 10 3 1 11 3 _ 6 _ 
[00239895] 4 | 8 2 _ 0 10 3 1 11 3 _ 6 2 
[00239896] 5 | 8 2 _ 0 10 3 1 11 3 _ 4 9 
[00239897] 4 | 8 2 6 0 10 3 1 11 3 _ 4 9 
[00239898] 5 | 8 2 _ 0 10 3 1 11 3 _ 9 4 
[00239899] 4 | 8 2 6 0 10 3 1 11 3 _ 9 4 
[00239900] 6 | _ 2 8 0 10 3 1 11 3 _ _ _ 
[00239901] 5 | 7 2 8 0 10 3 1 11 3 _ _ _ 
[00239902] 4 | 7 2 8 0 10 3 1 11 3 _ 5 9 
[00239903] 4 | 7 2 8 0 10 3 1 11 3 _ 9 5 
[00239904] 5 | _ 2 8 0 10 3 1 11 3 _ 6 _ 
[00239905] 4 | 6 2 8 0 10 3 1 11 3 _ 6 _ 
[00239906] 4 | _ 2 8 0 10 3 1 11 3 _ 6 2 
[00239907] 5 | _ 2 8 0 10 3 1 11 3 _ 4 9 
[00239908] 4 | 6 2 8 0 10 3 1 11 3 _ 4 9 
[00239909] 5 | _ 2 8 0 10 3 1 11 3 _ 9 4 
[00239910] 4 | 6 2 8 0 10 3 1 11 3 _ 9 4 
[00239911] 6 | _ 8 2 0 10 3 1 11 3 _ _ _ 
[00239912] 6 | _ 6 _ 0 10 3 1 11 3 _ _ _ 
[00239913] 5 | 11 6 _ 0 10 3 1 11 3 _ _ _ 
[00239914] 4 | 11 6 2 0 10 3 1 11 3 _ _ _ 
[00239915] 3 | 11 6 2 0 10 3 1 11 3 _ 4 7 
[00239916] 3 | 11 6 2 0 10 3 1 11 3 _ 5 8 
[00239917] 3 | 11 6 2 0 10 3 1 11 3 _ 7 4 
[00239918] 3 | 11 6 2 0 10 3 1 11 3 _ 8 5 
[00239919] 4 | 11 6 _ 0 10 3 1 11 3 _ 4 8 
[00239920] 3 | 11 6 9 0 10 3 1 11 3 _ 4 8 
[00239921] 4 | 11 6 _ 0 10 3 1 11 3 _ 5 9 
[00239922] 4 | 11 6 _ 0 10 3 1 11 3 _ 8 4 
[00239923] 3 | 11 6 9 0 10 3 1 11 3 _ 8 4 
[00239924] 4 | 11 6 _ 0 10 3 1 11 3 _ 9 5 
[00239925] 5 | _ 6 11 0 10 3 1 11 3 _ _ _ 
[00239926] 4 | 2 6 11 0 10 3 1 11 3 _ _ _ 
[00239927] 3 | 2 6 11 0 10 3 1 11 3 _ 4 7 
[00239928] 3 | 2 6 11 0 10 3 1 11 3 _ 5 8 
[00239929] 3 | 2 6 11 0 10 3 1 11 3 _ 7 4 
[00239930] 3 | 2 6 11 0 10 3 1 11 3 _ 8 5 
[00239931] 4 | _ 6 11 0 10 3 1 11 3 _ 4 8 
[00239932] 3 | 9 6 11 0 10 3 1 11 3 _ 4 8 
[00239933] 4 | _ 6 11 0 10 3 1 11 3 _ 5 9 
[00239934] 4 | _ 6 11 0 10 3 1 11 3 _ 8 4 
[00239935] 3 | 9 6 11 0 10 3 1 11 3 _ 8 4 
[00239936] 4 | _ 6 11 0 10 3 1 11 3 _ 9 5 
[00239937] 5 | _ 6 _ 0 10 3 1 11 3 _ 6 _ 
[00239938] 4 | 2 6 _ 0 10 3 1 11 3 _ 6 _ 
[00239939] 3 | 2 6 9 0 10 3 1 11 3 _ 6 _ 
[00239940] 3 | 2 6 _ 0 10 3 1 11 3 _ 6 9 
[00239941] 4 | _ 6 2 0 10 3 1 11 3 _ 6 _ 
[00239942] 3 | 9 6 2 0 10 3 1 11 3 _ 6 _ 
[00239943] 3 | _ 6 2 0 10 3 1 11 3 _ 6 9 
[00239944] 4 | _ 6 _ 0 10 3 1 11 3 _ 6 2 
[00239945] 5 | _ 6 _ 0 10 3 1 11 3 _ 2 7 
[00239946] 5 | _ 6 _ 0 10 3 1 11 3 _ 4 9 
[00239947] 4 | 2 6 _ 0 10 3 1 11 3 _ 4 9 
[00239948] 4 | _ 6 2 0 10 3 1 11 3 _ 4 9 
[00239949] 5 | _ 6 _ 0 10 3 1 11 3 _ 7 2 
[00239950] 5 | _ 6 _ 0 10 3 1 11 3 _ 9 4 
[00239951] 4 | 2 6 _ 0 10 3 1 11 3 _ 9 4 
[00239952] 4 | _ 6 2 0 10 3 1 11 3 _ 9 4 
[00239953] 6 | _ _ _ 0 10 3 1 11 3 _ 5 _ 
[00239954] 5 | 2 7 _ 0 10 3 1 11 3 _ 5 _ 
[00239955] 5 | 4 9 _ 0 10 3 1 11 3 _ 5 _ 
[00239956] 5 | 7 2 _ 0 10 3 1 11 3 _ 5 _ 
[00239957] 4 | 7 2 6 0 10 3 1 11 3 _ 5 _ 
[00239958] 3 | 7 2 6 0 10 3 1 11 3 _ 5 8 
[00239959] 4 | 7 2 _ 0 10 3 1 11 3 _ 5 9 
[00239960] 5 | 9 4 _ 0 10 3 1 11 3 _ 5 _ 
[00239961] 4 | 9 4 8 0 10 3 1 11 3 _ 5 _ 
[00239962] 3 | 9 4 8 0 10 3 1 11 3 _ 5 2 
[00239963] 5 | _ 2 7 0 10 3 1 11 3 _ 5 _ 
[00239964] 4 | 6 2 7 0 10 3 1 11 3 _ 5 _ 
[00239965] 3 | 6 2 7 0 10 3 1 11 3 _ 5 8 
[00239966] 4 | _ 2 7 0 10 3 1 11 3 _ 5 9 
[00239967] 5 | _ 4 9 0 10 3 1 11 3 _ 5 _ 
[00239968] 4 | 8 4 9 0 10 3 1 11 3 _ 5 _ 
[00239969] 3 | 8 4 9 0 10 3 1 11 3 _ 5 2 
[00239970] 5 | _ 7 2 0 10 3 1 11 3 _ 5 _ 
[00239971] 5 | _ 9 4 0 10 3 1 11 3 _ 5 _ 
[00239972] 5 | _ 5 _ 0 10 3 1 11 3 _ 5 _ 
[00239973] 4 | 9 5 _ 0 10 3 1 11 3 _ 5 _ 
[00239974] 3 | 9 5 2 0 10 3 1 11 3 _ 5 _ 
[00239975] 3 | 9 5 8 0 10 3 1 11 3 _ 5 _ 
[00239976] 3 | 9 5 _ 0 10 3 1 11 3 _ 5 2 
[00239977] 3 | 9 5 _ 0 10 3 1 11 3 _ 5 8 
[00239978] 4 | _ 5 9 0 10 3 1 11 3 _ 5 _ 
[00239979] 3 | 2 5 9 0 10 3 1 11 3 _ 5 _ 
[00239980] 3 | 8 5 9 0 10 3 1 11 3 _ 5 _ 
[00239981] 3 | _ 5 9 0 10 3 1 11 3 _ 5 2 
[00239982] 3 | _ 5 9 0 10 3 1 11 3 _ 5 8 
[00239983] 4 | _ 5 _ 0 10 3 1 11 3 _ 5 9 
[00239984] 5 | _ _ _ 0 10 3 1 11 3 _ 5 0 
[00239985] 4 | 2 6 _ 0 10 3 1 11 3 _ 5 0 
[00239986] 4 | 4 8 _ 0 10 3 1 11 3 _ 5 0 
[00239987] 4 | 6 2 _ 0 10 3 1 11 3 _ 5 0 
[00239988] 4 | 8 4 _ 0 10 3 1 11 3 _ 5 0 
[00239989] 4 | _ 2 6 0 10 3 1 11 3 _ 5 0 
[00239990] 4 | _ 4 8 0 10 3 1 11 3 _ 5 0 
[00239991] 4 | _ 6 2 0 10 3 1 11 3 _ 5 0 
[00239992] 4 | _ 8 4 0 10 3 1 11 3 _ 5 0 
[00239993] 6 | _ _ _ 0 10 3 1 11 3 _ 2 8 
[00239994] 5 | 4 9 _ 0 10 3 1 11 3 _ 2 8 
[00239995] 5 | 9 4 _ 0 10 3 1 11 3 _ 2 8 
[00239996] 5 | _ 4 9 0 10 3 1 11 3 _ 2 8 
[00239997] 5 | _ 9 4 0 10 3 1 11 3 _ 2 8 
[00239998] 5 | _ 5 _ 0 10 3 1 11 3 _ 2 8 
[00239999] 4 | 9 5 _ 0 10 3 1 11 3 _ 2 8 
