[00103576] 3 | 8 11 6 0 8 2 _ 10 3 7 1 _ 
[00103577] 3 | _ 11 6 0 8 2 5 10 3 7 1 _ 
[00103578] 2 | 9 11 6 0 8 2 5 10 3 7 1 _ 
[00103579] 3 | _ 11 6 0 8 2 11 10 3 7 1 _ 
[00103580] 3 | _ 11 6 0 8 2 _ 10 3 7 1 4 
[00103581] 2 | 9 11 6 0 8 2 _ 10 3 7 1 4 
[00103582] 4 | _ 11 6 0 8 2 _ 10 3 _ 1 5 
[00103583] 3 | 8 11 6 0 8 2 _ 10 3 _ 1 5 
[00103584] 3 | _ 11 6 0 8 2 11 10 3 _ 1 5 
[00103585] 5 | _ 11 _ 0 8 2 3 10 3 _ 1 _ 
[00103586] 4 | 7 11 _ 0 8 2 3 10 3 _ 1 _ 
[00103587] 3 | 7 11 _ 0 8 2 3 10 3 _ 1 4 
[00103588] 2 | 7 11 9 0 8 2 3 10 3 _ 1 4 
[00103589] 4 | _ 11 7 0 8 2 3 10 3 _ 1 _ 
[00103590] 3 | _ 11 7 0 8 2 3 10 3 _ 1 4 
[00103591] 2 | 9 11 7 0 8 2 3 10 3 _ 1 4 
[00103592] 4 | _ 11 _ 0 8 2 3 10 3 _ 1 5 
[00103593] 5 | _ 11 _ 0 8 2 _ 10 3 8 1 _ 
[00103594] 4 | 7 11 _ 0 8 2 _ 10 3 8 1 _ 
[00103595] 3 | 7 11 _ 0 8 2 _ 10 3 8 1 4 
[00103596] 2 | 7 11 9 0 8 2 _ 10 3 8 1 4 
[00103597] 4 | _ 11 7 0 8 2 _ 10 3 8 1 _ 
[00103598] 3 | _ 11 7 0 8 2 _ 10 3 8 1 4 
[00103599] 2 | 9 11 7 0 8 2 _ 10 3 8 1 4 
[00103600] 4 | _ 11 _ 0 8 2 _ 10 3 8 1 5 
[00103601] 5 | _ 11 _ 0 8 2 _ 10 3 _ 1 6 
[00103602] 4 | 7 11 _ 0 8 2 _ 10 3 _ 1 6 
[00103603] 3 | 7 11 8 0 8 2 _ 10 3 _ 1 6 
[00103604] 2 | 7 11 8 0 8 2 _ 10 3 5 1 6 
[00103605] 3 | 7 11 _ 0 8 2 5 10 3 _ 1 6 
[00103606] 2 | 7 11 9 0 8 2 5 10 3 _ 1 6 
[00103607] 1 | 7 11 9 0 8 2 5 10 3 4 1 6  *Graceful*
[00103607] 3 | 7 11 _ 0 8 2 11 10 3 _ 1 6 
[00103608] 2 | 7 11 _ 0 8 2 11 10 3 5 1 6 
[00103609] 4 | _ 11 7 0 8 2 _ 10 3 _ 1 6 
[00103610] 3 | 8 11 7 0 8 2 _ 10 3 _ 1 6 
[00103611] 2 | 8 11 7 0 8 2 _ 10 3 5 1 6 
[00103612] 3 | _ 11 7 0 8 2 5 10 3 _ 1 6 
[00103613] 2 | 9 11 7 0 8 2 5 10 3 _ 1 6 
[00103614] 1 | 9 11 7 0 8 2 5 10 3 4 1 6  *Graceful*
[00103614] 3 | _ 11 7 0 8 2 11 10 3 _ 1 6 
[00103615] 2 | _ 11 7 0 8 2 11 10 3 5 1 6 
[00103616] 4 | _ 11 _ 0 8 2 4 10 3 _ 1 6 
[00103617] 4 | _ 11 _ 0 8 2 _ 10 3 7 1 6 
[00103618] 3 | 8 11 _ 0 8 2 _ 10 3 7 1 6 
[00103619] 2 | 8 11 9 0 8 2 _ 10 3 7 1 6 
[00103620] 3 | _ 11 8 0 8 2 _ 10 3 7 1 6 
[00103621] 2 | 9 11 8 0 8 2 _ 10 3 7 1 6 
[00103622] 3 | _ 11 _ 0 8 2 5 10 3 7 1 6 
[00103623] 2 | 9 11 _ 0 8 2 5 10 3 7 1 6 
[00103624] 2 | _ 11 9 0 8 2 5 10 3 7 1 6 
[00103625] 3 | _ 11 _ 0 8 2 11 10 3 7 1 6 
[00103626] 6 | _ 11 _ 0 8 _ 2 10 3 _ 1 _ 
[00103627] 5 | 6 11 _ 0 8 _ 2 10 3 _ 1 _ 
[00103628] 4 | 6 11 7 0 8 _ 2 10 3 _ 1 _ 
[00103629] 3 | 6 11 7 0 8 5 2 10 3 _ 1 _ 
[00103630] 2 | 6 11 7 0 8 5 2 10 3 1 1 _ 
[00103631] 2 | 6 11 7 0 8 5 2 10 3 _ 1 3 
[00103632] 3 | 6 11 7 0 8 _ 2 10 3 _ 1 4 
[00103633] 2 | 6 11 7 0 8 _ 2 10 3 5 1 4 
[00103634] 1 | 6 11 7 0 8 9 2 10 3 5 1 4  *Graceful*
[00103634] 4 | 6 11 _ 0 8 4 2 10 3 _ 1 _ 
[00103635] 4 | 6 11 _ 0 8 _ 2 10 3 7 1 _ 
[00103636] 3 | 6 11 8 0 8 _ 2 10 3 7 1 _ 
[00103637] 3 | 6 11 _ 0 8 5 2 10 3 7 1 _ 
[00103638] 2 | 6 11 9 0 8 5 2 10 3 7 1 _ 
[00103639] 3 | 6 11 _ 0 8 11 2 10 3 7 1 _ 
[00103640] 3 | 6 11 _ 0 8 _ 2 10 3 7 1 4 
[00103641] 2 | 6 11 9 0 8 _ 2 10 3 7 1 4 
[00103642] 4 | 6 11 _ 0 8 _ 2 10 3 _ 1 5 
[00103643] 3 | 6 11 8 0 8 _ 2 10 3 _ 1 5 
[00103644] 3 | 6 11 _ 0 8 11 2 10 3 _ 1 5 
[00103645] 5 | _ 11 6 0 8 _ 2 10 3 _ 1 _ 
[00103646] 4 | 7 11 6 0 8 _ 2 10 3 _ 1 _ 
[00103647] 3 | 7 11 6 0 8 5 2 10 3 _ 1 _ 
[00103648] 2 | 7 11 6 0 8 5 2 10 3 1 1 _ 
[00103649] 2 | 7 11 6 0 8 5 2 10 3 _ 1 3 
[00103650] 3 | 7 11 6 0 8 _ 2 10 3 _ 1 4 
[00103651] 2 | 7 11 6 0 8 _ 2 10 3 5 1 4 
[00103652] 1 | 7 11 6 0 8 9 2 10 3 5 1 4  *Graceful*
[00103652] 4 | _ 11 6 0 8 4 2 10 3 _ 1 _ 
[00103653] 4 | _ 11 6 0 8 _ 2 10 3 7 1 _ 
[00103654] 3 | 8 11 6 0 8 _ 2 10 3 7 1 _ 
[00103655] 3 | _ 11 6 0 8 5 2 10 3 7 1 _ 
[00103656] 2 | 9 11 6 0 8 5 2 10 3 7 1 _ 
[00103657] 3 | _ 11 6 0 8 11 2 10 3 7 1 _ 
[00103658] 3 | _ 11 6 0 8 _ 2 10 3 7 1 4 
[00103659] 2 | 9 11 6 0 8 _ 2 10 3 7 1 4 
[00103660] 4 | _ 11 6 0 8 _ 2 10 3 _ 1 5 
[00103661] 3 | 8 11 6 0 8 _ 2 10 3 _ 1 5 
[00103662] 3 | _ 11 6 0 8 11 2 10 3 _ 1 5 
[00103663] 5 | _ 11 _ 0 8 3 2 10 3 _ 1 _ 
[00103664] 4 | 7 11 _ 0 8 3 2 10 3 _ 1 _ 
[00103665] 3 | 7 11 _ 0 8 3 2 10 3 _ 1 4 
[00103666] 2 | 7 11 9 0 8 3 2 10 3 _ 1 4 
[00103667] 4 | _ 11 7 0 8 3 2 10 3 _ 1 _ 
[00103668] 3 | _ 11 7 0 8 3 2 10 3 _ 1 4 
[00103669] 2 | 9 11 7 0 8 3 2 10 3 _ 1 4 
[00103670] 4 | _ 11 _ 0 8 3 2 10 3 _ 1 5 
[00103671] 5 | _ 11 _ 0 8 _ 2 10 3 8 1 _ 
[00103672] 4 | 7 11 _ 0 8 _ 2 10 3 8 1 _ 
[00103673] 3 | 7 11 _ 0 8 _ 2 10 3 8 1 4 
[00103674] 2 | 7 11 9 0 8 _ 2 10 3 8 1 4 
[00103675] 4 | _ 11 7 0 8 _ 2 10 3 8 1 _ 
[00103676] 3 | _ 11 7 0 8 _ 2 10 3 8 1 4 
[00103677] 2 | 9 11 7 0 8 _ 2 10 3 8 1 4 
[00103678] 4 | _ 11 _ 0 8 _ 2 10 3 8 1 5 
[00103679] 5 | _ 11 _ 0 8 _ 2 10 3 _ 1 6 
[00103680] 4 | 7 11 _ 0 8 _ 2 10 3 _ 1 6 
[00103681] 3 | 7 11 8 0 8 _ 2 10 3 _ 1 6 
[00103682] 2 | 7 11 8 0 8 _ 2 10 3 5 1 6 
[00103683] 3 | 7 11 _ 0 8 5 2 10 3 _ 1 6 
[00103684] 2 | 7 11 9 0 8 5 2 10 3 _ 1 6 
[00103685] 1 | 7 11 9 0 8 5 2 10 3 4 1 6  *Graceful*
[00103685] 3 | 7 11 _ 0 8 11 2 10 3 _ 1 6 
[00103686] 2 | 7 11 _ 0 8 11 2 10 3 5 1 6 
[00103687] 4 | _ 11 7 0 8 _ 2 10 3 _ 1 6 
[00103688] 3 | 8 11 7 0 8 _ 2 10 3 _ 1 6 
[00103689] 2 | 8 11 7 0 8 _ 2 10 3 5 1 6 
[00103690] 3 | _ 11 7 0 8 5 2 10 3 _ 1 6 
[00103691] 2 | 9 11 7 0 8 5 2 10 3 _ 1 6 
[00103692] 1 | 9 11 7 0 8 5 2 10 3 4 1 6  *Graceful*
[00103692] 3 | _ 11 7 0 8 11 2 10 3 _ 1 6 
[00103693] 2 | _ 11 7 0 8 11 2 10 3 5 1 6 
[00103694] 4 | _ 11 _ 0 8 4 2 10 3 _ 1 6 
[00103695] 4 | _ 11 _ 0 8 _ 2 10 3 7 1 6 
[00103696] 3 | 8 11 _ 0 8 _ 2 10 3 7 1 6 
[00103697] 2 | 8 11 9 0 8 _ 2 10 3 7 1 6 
[00103698] 3 | _ 11 8 0 8 _ 2 10 3 7 1 6 
[00103699] 2 | 9 11 8 0 8 _ 2 10 3 7 1 6 
[00103700] 3 | _ 11 _ 0 8 5 2 10 3 7 1 6 
[00103701] 2 | 9 11 _ 0 8 5 2 10 3 7 1 6 
[00103702] 2 | _ 11 9 0 8 5 2 10 3 7 1 6 
[00103703] 3 | _ 11 _ 0 8 11 2 10 3 7 1 6 
[00103704] 6 | _ 11 _ 0 8 _ _ 10 3 9 1 _ 
[00103705] 5 | 6 11 _ 0 8 _ _ 10 3 9 1 _ 
[00103706] 4 | 6 11 7 0 8 _ _ 10 3 9 1 _ 
[00103707] 3 | 6 11 7 0 8 5 _ 10 3 9 1 _ 
[00103708] 3 | 6 11 7 0 8 _ 5 10 3 9 1 _ 
[00103709] 3 | 6 11 7 0 8 _ _ 10 3 9 1 4 
[00103710] 4 | 6 11 _ 0 8 4 _ 10 3 9 1 _ 
[00103711] 3 | 6 11 8 0 8 4 _ 10 3 9 1 _ 
[00103712] 3 | 6 11 _ 0 8 4 5 10 3 9 1 _ 
[00103713] 3 | 6 11 _ 0 8 4 11 10 3 9 1 _ 
[00103714] 4 | 6 11 _ 0 8 _ 4 10 3 9 1 _ 
[00103715] 3 | 6 11 8 0 8 _ 4 10 3 9 1 _ 
[00103716] 3 | 6 11 _ 0 8 5 4 10 3 9 1 _ 
[00103717] 3 | 6 11 _ 0 8 11 4 10 3 9 1 _ 
[00103718] 4 | 6 11 _ 0 8 _ _ 10 3 9 1 5 
[00103719] 3 | 6 11 8 0 8 _ _ 10 3 9 1 5 
[00103720] 3 | 6 11 _ 0 8 11 _ 10 3 9 1 5 
[00103721] 3 | 6 11 _ 0 8 _ 11 10 3 9 1 5 
[00103722] 5 | _ 11 6 0 8 _ _ 10 3 9 1 _ 
[00103723] 4 | 7 11 6 0 8 _ _ 10 3 9 1 _ 
[00103724] 3 | 7 11 6 0 8 5 _ 10 3 9 1 _ 
[00103725] 3 | 7 11 6 0 8 _ 5 10 3 9 1 _ 
[00103726] 3 | 7 11 6 0 8 _ _ 10 3 9 1 4 
[00103727] 4 | _ 11 6 0 8 4 _ 10 3 9 1 _ 
[00103728] 3 | 8 11 6 0 8 4 _ 10 3 9 1 _ 
[00103729] 3 | _ 11 6 0 8 4 5 10 3 9 1 _ 
[00103730] 3 | _ 11 6 0 8 4 11 10 3 9 1 _ 
[00103731] 4 | _ 11 6 0 8 _ 4 10 3 9 1 _ 
[00103732] 3 | 8 11 6 0 8 _ 4 10 3 9 1 _ 
[00103733] 3 | _ 11 6 0 8 5 4 10 3 9 1 _ 
[00103734] 3 | _ 11 6 0 8 11 4 10 3 9 1 _ 
[00103735] 4 | _ 11 6 0 8 _ _ 10 3 9 1 5 
[00103736] 3 | 8 11 6 0 8 _ _ 10 3 9 1 5 
[00103737] 3 | _ 11 6 0 8 11 _ 10 3 9 1 5 
[00103738] 3 | _ 11 6 0 8 _ 11 10 3 9 1 5 
[00103739] 5 | _ 11 _ 0 8 _ _ 10 3 9 1 6 
[00103740] 4 | 7 11 _ 0 8 _ _ 10 3 9 1 6 
[00103741] 3 | 7 11 8 0 8 _ _ 10 3 9 1 6 
[00103742] 3 | 7 11 _ 0 8 5 _ 10 3 9 1 6 
[00103743] 3 | 7 11 _ 0 8 11 _ 10 3 9 1 6 
[00103744] 3 | 7 11 _ 0 8 _ 5 10 3 9 1 6 
[00103745] 3 | 7 11 _ 0 8 _ 11 10 3 9 1 6 
[00103746] 4 | _ 11 7 0 8 _ _ 10 3 9 1 6 
[00103747] 3 | 8 11 7 0 8 _ _ 10 3 9 1 6 
[00103748] 3 | _ 11 7 0 8 5 _ 10 3 9 1 6 
[00103749] 3 | _ 11 7 0 8 11 _ 10 3 9 1 6 
[00103750] 3 | _ 11 7 0 8 _ 5 10 3 9 1 6 
[00103751] 3 | _ 11 7 0 8 _ 11 10 3 9 1 6 
[00103752] 4 | _ 11 _ 0 8 4 _ 10 3 9 1 6 
[00103753] 3 | 8 11 _ 0 8 4 _ 10 3 9 1 6 
[00103754] 3 | _ 11 8 0 8 4 _ 10 3 9 1 6 
[00103755] 3 | _ 11 _ 0 8 4 5 10 3 9 1 6 
[00103756] 3 | _ 11 _ 0 8 4 11 10 3 9 1 6 
[00103757] 4 | _ 11 _ 0 8 _ 4 10 3 9 1 6 
[00103758] 3 | 8 11 _ 0 8 _ 4 10 3 9 1 6 
[00103759] 3 | _ 11 8 0 8 _ 4 10 3 9 1 6 
[00103760] 3 | _ 11 _ 0 8 5 4 10 3 9 1 6 
[00103761] 3 | _ 11 _ 0 8 11 4 10 3 9 1 6 
[00103762] 6 | _ 11 _ 0 8 _ _ 10 3 _ 1 7 
[00103763] 5 | 6 11 _ 0 8 _ _ 10 3 _ 1 7 
[00103764] 4 | 6 11 _ 0 8 4 _ 10 3 _ 1 7 
[00103765] 3 | 6 11 8 0 8 4 _ 10 3 _ 1 7 
[00103766] 2 | 6 11 8 0 8 4 _ 10 3 5 1 7 
[00103767] 3 | 6 11 _ 0 8 4 5 10 3 _ 1 7 
[00103768] 2 | 6 11 9 0 8 4 5 10 3 _ 1 7 
[00103769] 1 | 6 11 9 0 8 4 5 10 3 2 1 7  *Graceful*
[00103769] 3 | 6 11 _ 0 8 4 11 10 3 _ 1 7 
[00103770] 2 | 6 11 _ 0 8 4 11 10 3 5 1 7 
[00103771] 4 | 6 11 _ 0 8 _ 4 10 3 _ 1 7 
[00103772] 3 | 6 11 8 0 8 _ 4 10 3 _ 1 7 
[00103773] 2 | 6 11 8 0 8 _ 4 10 3 5 1 7 
[00103774] 3 | 6 11 _ 0 8 5 4 10 3 _ 1 7 
[00103775] 2 | 6 11 9 0 8 5 4 10 3 _ 1 7 
[00103776] 1 | 6 11 9 0 8 5 4 10 3 2 1 7  *Graceful*
[00103776] 3 | 6 11 _ 0 8 11 4 10 3 _ 1 7 
[00103777] 2 | 6 11 _ 0 8 11 4 10 3 5 1 7 
[00103778] 5 | _ 11 6 0 8 _ _ 10 3 _ 1 7 
[00103779] 4 | _ 11 6 0 8 4 _ 10 3 _ 1 7 
[00103780] 3 | 8 11 6 0 8 4 _ 10 3 _ 1 7 
[00103781] 2 | 8 11 6 0 8 4 _ 10 3 5 1 7 
[00103782] 3 | _ 11 6 0 8 4 5 10 3 _ 1 7 
[00103783] 2 | 9 11 6 0 8 4 5 10 3 _ 1 7 
[00103784] 1 | 9 11 6 0 8 4 5 10 3 2 1 7  *Graceful*
[00103784] 3 | _ 11 6 0 8 4 11 10 3 _ 1 7 
[00103785] 2 | _ 11 6 0 8 4 11 10 3 5 1 7 
[00103786] 4 | _ 11 6 0 8 _ 4 10 3 _ 1 7 
[00103787] 3 | 8 11 6 0 8 _ 4 10 3 _ 1 7 
[00103788] 2 | 8 11 6 0 8 _ 4 10 3 5 1 7 
[00103789] 3 | _ 11 6 0 8 5 4 10 3 _ 1 7 
[00103790] 2 | 9 11 6 0 8 5 4 10 3 _ 1 7 
[00103791] 1 | 9 11 6 0 8 5 4 10 3 2 1 7  *Graceful*
[00103791] 3 | _ 11 6 0 8 11 4 10 3 _ 1 7 
[00103792] 2 | _ 11 6 0 8 11 4 10 3 5 1 7 
[00103793] 5 | _ 11 _ 0 8 3 _ 10 3 _ 1 7 
[00103794] 4 | _ 11 _ 0 8 3 4 10 3 _ 1 7 
[00103795] 5 | _ 11 _ 0 8 _ 3 10 3 _ 1 7 
[00103796] 4 | _ 11 _ 0 8 4 3 10 3 _ 1 7 
[00103797] 5 | _ 11 _ 0 8 _ _ 10 3 8 1 7 
[00103798] 7 | _ 11 _ 0 8 _ _ 10 2 9 1 _ 
[00103799] 6 | 5 11 _ 0 8 _ _ 10 2 9 1 _ 
[00103800] 5 | 5 11 6 0 8 _ _ 10 2 9 1 _ 
[00103801] 4 | 5 11 6 0 8 4 _ 10 2 9 1 _ 
[00103802] 4 | 5 11 6 0 8 _ 4 10 2 9 1 _ 
[00103803] 5 | 5 11 _ 0 8 3 _ 10 2 9 1 _ 
[00103804] 4 | 5 11 7 0 8 3 _ 10 2 9 1 _ 
[00103805] 3 | 5 11 7 0 8 3 _ 10 2 9 1 4 
[00103806] 2 | 5 11 7 0 8 3 6 10 2 9 1 4 
[00103807] 4 | 5 11 _ 0 8 3 4 10 2 9 1 _ 
[00103808] 5 | 5 11 _ 0 8 _ 3 10 2 9 1 _ 
[00103809] 4 | 5 11 7 0 8 _ 3 10 2 9 1 _ 
[00103810] 3 | 5 11 7 0 8 _ 3 10 2 9 1 4 
[00103811] 2 | 5 11 7 0 8 6 3 10 2 9 1 4 
[00103812] 4 | 5 11 _ 0 8 4 3 10 2 9 1 _ 
[00103813] 5 | 5 11 _ 0 8 _ _ 10 2 9 1 6 
[00103814] 4 | 5 11 7 0 8 _ _ 10 2 9 1 6 
[00103815] 4 | 5 11 _ 0 8 4 _ 10 2 9 1 6 
[00103816] 3 | 5 11 8 0 8 4 _ 10 2 9 1 6 
[00103817] 3 | 5 11 _ 0 8 4 11 10 2 9 1 6 
[00103818] 4 | 5 11 _ 0 8 _ 4 10 2 9 1 6 
[00103819] 3 | 5 11 8 0 8 _ 4 10 2 9 1 6 
[00103820] 3 | 5 11 _ 0 8 11 4 10 2 9 1 6 
[00103821] 6 | _ 11 5 0 8 _ _ 10 2 9 1 _ 
[00103822] 5 | 6 11 5 0 8 _ _ 10 2 9 1 _ 
[00103823] 4 | 6 11 5 0 8 4 _ 10 2 9 1 _ 
[00103824] 4 | 6 11 5 0 8 _ 4 10 2 9 1 _ 
[00103825] 5 | _ 11 5 0 8 3 _ 10 2 9 1 _ 
[00103826] 4 | 7 11 5 0 8 3 _ 10 2 9 1 _ 
[00103827] 3 | 7 11 5 0 8 3 _ 10 2 9 1 4 
[00103828] 2 | 7 11 5 0 8 3 6 10 2 9 1 4 
[00103829] 4 | _ 11 5 0 8 3 4 10 2 9 1 _ 
[00103830] 5 | _ 11 5 0 8 _ 3 10 2 9 1 _ 
[00103831] 4 | 7 11 5 0 8 _ 3 10 2 9 1 _ 
[00103832] 3 | 7 11 5 0 8 _ 3 10 2 9 1 4 
[00103833] 2 | 7 11 5 0 8 6 3 10 2 9 1 4 
[00103834] 4 | _ 11 5 0 8 4 3 10 2 9 1 _ 
[00103835] 5 | _ 11 5 0 8 _ _ 10 2 9 1 6 
[00103836] 4 | 7 11 5 0 8 _ _ 10 2 9 1 6 
[00103837] 4 | _ 11 5 0 8 4 _ 10 2 9 1 6 
[00103838] 3 | 8 11 5 0 8 4 _ 10 2 9 1 6 
[00103839] 3 | _ 11 5 0 8 4 11 10 2 9 1 6 
[00103840] 4 | _ 11 5 0 8 _ 4 10 2 9 1 6 
[00103841] 3 | 8 11 5 0 8 _ 4 10 2 9 1 6 
[00103842] 3 | _ 11 5 0 8 11 4 10 2 9 1 6 
[00103843] 6 | _ 11 _ 0 8 _ _ 10 2 9 1 7 
[00103844] 5 | 6 11 _ 0 8 _ _ 10 2 9 1 7 
[00103845] 4 | 6 11 _ 0 8 4 _ 10 2 9 1 7 
[00103846] 3 | 6 11 8 0 8 4 _ 10 2 9 1 7 
[00103847] 3 | 6 11 _ 0 8 4 5 10 2 9 1 7 
[00103848] 3 | 6 11 _ 0 8 4 11 10 2 9 1 7 
[00103849] 4 | 6 11 _ 0 8 _ 4 10 2 9 1 7 
[00103850] 3 | 6 11 8 0 8 _ 4 10 2 9 1 7 
[00103851] 3 | 6 11 _ 0 8 5 4 10 2 9 1 7 
[00103852] 3 | 6 11 _ 0 8 11 4 10 2 9 1 7 
[00103853] 5 | _ 11 6 0 8 _ _ 10 2 9 1 7 
[00103854] 4 | _ 11 6 0 8 4 _ 10 2 9 1 7 
[00103855] 3 | 8 11 6 0 8 4 _ 10 2 9 1 7 
[00103856] 3 | _ 11 6 0 8 4 5 10 2 9 1 7 
[00103857] 3 | _ 11 6 0 8 4 11 10 2 9 1 7 
[00103858] 4 | _ 11 6 0 8 _ 4 10 2 9 1 7 
[00103859] 3 | 8 11 6 0 8 _ 4 10 2 9 1 7 
[00103860] 3 | _ 11 6 0 8 5 4 10 2 9 1 7 
[00103861] 3 | _ 11 6 0 8 11 4 10 2 9 1 7 
[00103862] 5 | _ 11 _ 0 8 3 _ 10 2 9 1 7 
[00103863] 4 | _ 11 _ 0 8 3 4 10 2 9 1 7 
[00103864] 5 | _ 11 _ 0 8 _ 3 10 2 9 1 7 
[00103865] 4 | _ 11 _ 0 8 4 3 10 2 9 1 7 
[00103866] 7 | _ 11 _ 0 8 _ _ 10 9 2 1 _ 
[00103867] 6 | 5 11 _ 0 8 _ _ 10 9 2 1 _ 
[00103868] 5 | 5 11 6 0 8 _ _ 10 9 2 1 _ 
[00103869] 4 | 5 11 6 0 8 4 _ 10 9 2 1 _ 
[00103870] 4 | 5 11 6 0 8 _ 4 10 9 2 1 _ 
[00103871] 5 | 5 11 _ 0 8 3 _ 10 9 2 1 _ 
[00103872] 4 | 5 11 7 0 8 3 _ 10 9 2 1 _ 
[00103873] 3 | 5 11 7 0 8 3 _ 10 9 2 1 4 
[00103874] 2 | 5 11 7 0 8 3 6 10 9 2 1 4 
[00103875] 1 | 5 11 7 0 8 3 6 10 9 2 1 4  *Graceful*
[00103875] 4 | 5 11 _ 0 8 3 4 10 9 2 1 _ 
[00103876] 5 | 5 11 _ 0 8 _ 3 10 9 2 1 _ 
[00103877] 4 | 5 11 7 0 8 _ 3 10 9 2 1 _ 
[00103878] 3 | 5 11 7 0 8 _ 3 10 9 2 1 4 
[00103879] 2 | 5 11 7 0 8 6 3 10 9 2 1 4 
[00103880] 1 | 5 11 7 0 8 6 3 10 9 2 1 4  *Graceful*
[00103880] 4 | 5 11 _ 0 8 4 3 10 9 2 1 _ 
[00103881] 5 | 5 11 _ 0 8 _ _ 10 9 2 1 6 
[00103882] 4 | 5 11 7 0 8 _ _ 10 9 2 1 6 
[00103883] 4 | 5 11 _ 0 8 4 _ 10 9 2 1 6 
[00103884] 3 | 5 11 8 0 8 4 _ 10 9 2 1 6 
[00103885] 3 | 5 11 _ 0 8 4 11 10 9 2 1 6 
[00103886] 4 | 5 11 _ 0 8 _ 4 10 9 2 1 6 
[00103887] 3 | 5 11 8 0 8 _ 4 10 9 2 1 6 
[00103888] 3 | 5 11 _ 0 8 11 4 10 9 2 1 6 
[00103889] 6 | _ 11 5 0 8 _ _ 10 9 2 1 _ 
[00103890] 5 | 6 11 5 0 8 _ _ 10 9 2 1 _ 
[00103891] 4 | 6 11 5 0 8 4 _ 10 9 2 1 _ 
[00103892] 4 | 6 11 5 0 8 _ 4 10 9 2 1 _ 
[00103893] 5 | _ 11 5 0 8 3 _ 10 9 2 1 _ 
[00103894] 4 | 7 11 5 0 8 3 _ 10 9 2 1 _ 
[00103895] 3 | 7 11 5 0 8 3 _ 10 9 2 1 4 
[00103896] 2 | 7 11 5 0 8 3 6 10 9 2 1 4 
[00103897] 1 | 7 11 5 0 8 3 6 10 9 2 1 4  *Graceful*
[00103897] 4 | _ 11 5 0 8 3 4 10 9 2 1 _ 
[00103898] 5 | _ 11 5 0 8 _ 3 10 9 2 1 _ 
[00103899] 4 | 7 11 5 0 8 _ 3 10 9 2 1 _ 
[00103900] 3 | 7 11 5 0 8 _ 3 10 9 2 1 4 
[00103901] 2 | 7 11 5 0 8 6 3 10 9 2 1 4 
[00103902] 1 | 7 11 5 0 8 6 3 10 9 2 1 4  *Graceful*
[00103902] 4 | _ 11 5 0 8 4 3 10 9 2 1 _ 
[00103903] 5 | _ 11 5 0 8 _ _ 10 9 2 1 6 
[00103904] 4 | 7 11 5 0 8 _ _ 10 9 2 1 6 
[00103905] 4 | _ 11 5 0 8 4 _ 10 9 2 1 6 
[00103906] 3 | 8 11 5 0 8 4 _ 10 9 2 1 6 
[00103907] 3 | _ 11 5 0 8 4 11 10 9 2 1 6 
[00103908] 4 | _ 11 5 0 8 _ 4 10 9 2 1 6 
[00103909] 3 | 8 11 5 0 8 _ 4 10 9 2 1 6 
[00103910] 3 | _ 11 5 0 8 11 4 10 9 2 1 6 
[00103911] 6 | _ 11 _ 0 8 _ _ 10 9 2 1 7 
[00103912] 5 | 6 11 _ 0 8 _ _ 10 9 2 1 7 
[00103913] 4 | 6 11 _ 0 8 4 _ 10 9 2 1 7 
[00103914] 3 | 6 11 8 0 8 4 _ 10 9 2 1 7 
[00103915] 3 | 6 11 _ 0 8 4 5 10 9 2 1 7 
[00103916] 3 | 6 11 _ 0 8 4 11 10 9 2 1 7 
[00103917] 4 | 6 11 _ 0 8 _ 4 10 9 2 1 7 
[00103918] 3 | 6 11 8 0 8 _ 4 10 9 2 1 7 
[00103919] 3 | 6 11 _ 0 8 5 4 10 9 2 1 7 
[00103920] 3 | 6 11 _ 0 8 11 4 10 9 2 1 7 
[00103921] 5 | _ 11 6 0 8 _ _ 10 9 2 1 7 
[00103922] 4 | _ 11 6 0 8 4 _ 10 9 2 1 7 
[00103923] 3 | 8 11 6 0 8 4 _ 10 9 2 1 7 
[00103924] 3 | _ 11 6 0 8 4 5 10 9 2 1 7 
[00103925] 3 | _ 11 6 0 8 4 11 10 9 2 1 7 
[00103926] 4 | _ 11 6 0 8 _ 4 10 9 2 1 7 
[00103927] 3 | 8 11 6 0 8 _ 4 10 9 2 1 7 
[00103928] 3 | _ 11 6 0 8 5 4 10 9 2 1 7 
[00103929] 3 | _ 11 6 0 8 11 4 10 9 2 1 7 
[00103930] 5 | _ 11 _ 0 8 3 _ 10 9 2 1 7 
[00103931] 4 | _ 11 _ 0 8 3 4 10 9 2 1 7 
[00103932] 5 | _ 11 _ 0 8 _ 3 10 9 2 1 7 
[00103933] 4 | _ 11 _ 0 8 4 3 10 9 2 1 7 
[00103934] 7 | _ 11 _ 0 8 _ _ 10 _ _ 1 8 
[00103935] 6 | 5 11 _ 0 8 _ _ 10 _ _ 1 8 
[00103936] 5 | 5 11 6 0 8 _ _ 10 _ _ 1 8 
[00103937] 4 | 5 11 6 0 8 _ _ 10 3 7 1 8 
[00103938] 4 | 5 11 6 0 8 _ _ 10 7 3 1 8 
[00103939] 5 | 5 11 _ 0 8 _ _ 10 2 7 1 8 
[00103940] 5 | 5 11 _ 0 8 _ _ 10 4 9 1 8 
[00103941] 4 | 5 11 7 0 8 _ _ 10 4 9 1 8 
[00103942] 5 | 5 11 _ 0 8 _ _ 10 7 2 1 8 
[00103943] 5 | 5 11 _ 0 8 _ _ 10 9 4 1 8 
[00103944] 4 | 5 11 7 0 8 _ _ 10 9 4 1 8 
[00103945] 6 | _ 11 5 0 8 _ _ 10 _ _ 1 8 
[00103946] 5 | 6 11 5 0 8 _ _ 10 _ _ 1 8 
[00103947] 4 | 6 11 5 0 8 _ _ 10 3 7 1 8 
[00103948] 4 | 6 11 5 0 8 _ _ 10 7 3 1 8 
[00103949] 5 | _ 11 5 0 8 _ _ 10 2 7 1 8 
[00103950] 5 | _ 11 5 0 8 _ _ 10 4 9 1 8 
[00103951] 4 | 7 11 5 0 8 _ _ 10 4 9 1 8 
[00103952] 5 | _ 11 5 0 8 _ _ 10 7 2 1 8 
[00103953] 5 | _ 11 5 0 8 _ _ 10 9 4 1 8 
[00103954] 4 | 7 11 5 0 8 _ _ 10 9 4 1 8 
[00103955] 6 | _ 11 _ 0 8 _ _ 10 4 _ 1 8 
[00103956] 5 | 6 11 _ 0 8 _ _ 10 4 _ 1 8 
[00103957] 4 | 6 11 7 0 8 _ _ 10 4 _ 1 8 
[00103958] 5 | _ 11 6 0 8 _ _ 10 4 _ 1 8 
[00103959] 4 | 7 11 6 0 8 _ _ 10 4 _ 1 8 
[00103960] 5 | _ 11 _ 0 8 _ _ 10 4 9 1 8 
[00103961] 4 | 7 11 _ 0 8 _ _ 10 4 9 1 8 
[00103962] 4 | _ 11 7 0 8 _ _ 10 4 9 1 8 
[00103963] 6 | _ 11 _ 0 8 _ _ 10 3 9 1 8 
[00103964] 5 | 6 11 _ 0 8 _ _ 10 3 9 1 8 
[00103965] 4 | 6 11 7 0 8 _ _ 10 3 9 1 8 
[00103966] 5 | _ 11 6 0 8 _ _ 10 3 9 1 8 
[00103967] 4 | 7 11 6 0 8 _ _ 10 3 9 1 8 
[00103968] 6 | _ 11 _ 0 8 _ _ 10 9 3 1 8 
[00103969] 5 | 6 11 _ 0 8 _ _ 10 9 3 1 8 
[00103970] 4 | 6 11 7 0 8 _ _ 10 9 3 1 8 
[00103971] 5 | _ 11 6 0 8 _ _ 10 9 3 1 8 
[00103972] 4 | 7 11 6 0 8 _ _ 10 9 3 1 8 
[00103973] 8 | _ 11 _ 0 _ _ _ 10 2 _ 1 _ 
[00103974] 7 | 4 11 _ 0 _ _ _ 10 2 _ 1 _ 
[00103975] 6 | 4 11 5 0 _ _ _ 10 2 _ 1 _ 
[00103976] 5 | 4 11 5 0 3 8 _ 10 2 _ 1 _ 
[00103977] 4 | 4 11 5 0 3 8 7 10 2 _ 1 _ 
[00103978] 4 | 4 11 5 0 3 8 _ 10 2 6 1 _ 
[00103979] 5 | 4 11 5 0 8 3 _ 10 2 _ 1 _ 
[00103980] 4 | 4 11 5 0 8 3 _ 10 2 6 1 _ 
[00103981] 5 | 4 11 5 0 3 _ 8 10 2 _ 1 _ 
[00103982] 4 | 4 11 5 0 3 7 8 10 2 _ 1 _ 
[00103983] 4 | 4 11 5 0 3 _ 8 10 2 6 1 _ 
[00103984] 5 | 4 11 5 0 8 _ 3 10 2 _ 1 _ 
[00103985] 4 | 4 11 5 0 8 _ 3 10 2 6 1 _ 
[00103986] 5 | 4 11 5 0 _ _ _ 10 2 7 1 _ 
[00103987] 5 | 4 11 5 0 _ _ _ 10 2 _ 1 6 
[00103988] 4 | 4 11 5 0 3 7 _ 10 2 _ 1 6 
[00103989] 4 | 4 11 5 0 7 3 _ 10 2 _ 1 6 
[00103990] 4 | 4 11 5 0 3 _ 7 10 2 _ 1 6 
[00103991] 4 | 4 11 5 0 7 _ 3 10 2 _ 1 6 
[00103992] 6 | 4 11 _ 0 6 _ _ 10 2 _ 1 _ 
[00103993] 5 | 4 11 6 0 6 _ _ 10 2 _ 1 _ 
[00103994] 4 | 4 11 6 0 6 _ _ 10 2 _ 1 5 
[00103995] 5 | 4 11 _ 0 6 1 _ 10 2 _ 1 _ 
[00103996] 4 | 4 11 7 0 6 1 _ 10 2 _ 1 _ 
[00103997] 3 | 4 11 7 0 6 1 3 10 2 _ 1 _ 
[00103998] 3 | 4 11 7 0 6 1 9 10 2 _ 1 _ 
[00103999] 3 | 4 11 7 0 6 1 _ 10 2 5 1 _ 
[00104000] 2 | 4 11 7 0 6 1 8 10 2 5 1 _ 
[00104001] 4 | 4 11 _ 0 6 1 2 10 2 _ 1 _ 
[00104002] 3 | 4 11 8 0 6 1 2 10 2 _ 1 _ 
[00104003] 4 | 4 11 _ 0 6 1 _ 10 2 6 1 _ 
[00104004] 3 | 4 11 8 0 6 1 _ 10 2 6 1 _ 
[00104005] 5 | 4 11 _ 0 6 11 _ 10 2 _ 1 _ 
[00104006] 4 | 4 11 _ 0 6 11 2 10 2 _ 1 _ 
[00104007] 4 | 4 11 _ 0 6 11 _ 10 2 6 1 _ 
[00104008] 4 | 4 11 _ 0 6 11 _ 10 2 _ 1 5 
[00104009] 3 | 4 11 _ 0 6 11 3 10 2 _ 1 5 
[00104010] 3 | 4 11 _ 0 6 11 9 10 2 _ 1 5 
[00104011] 5 | 4 11 _ 0 6 _ 1 10 2 _ 1 _ 
[00104012] 4 | 4 11 7 0 6 _ 1 10 2 _ 1 _ 
[00104013] 3 | 4 11 7 0 6 3 1 10 2 _ 1 _ 
[00104014] 3 | 4 11 7 0 6 9 1 10 2 _ 1 _ 
[00104015] 3 | 4 11 7 0 6 _ 1 10 2 5 1 _ 
[00104016] 2 | 4 11 7 0 6 8 1 10 2 5 1 _ 
[00104017] 4 | 4 11 _ 0 6 2 1 10 2 _ 1 _ 
[00104018] 3 | 4 11 8 0 6 2 1 10 2 _ 1 _ 
[00104019] 4 | 4 11 _ 0 6 _ 1 10 2 6 1 _ 
[00104020] 3 | 4 11 8 0 6 _ 1 10 2 6 1 _ 
[00104021] 5 | 4 11 _ 0 6 _ 11 10 2 _ 1 _ 
[00104022] 4 | 4 11 _ 0 6 2 11 10 2 _ 1 _ 
[00104023] 4 | 4 11 _ 0 6 _ 11 10 2 6 1 _ 
[00104024] 4 | 4 11 _ 0 6 _ 11 10 2 _ 1 5 
[00104025] 3 | 4 11 _ 0 6 3 11 10 2 _ 1 5 
[00104026] 3 | 4 11 _ 0 6 9 11 10 2 _ 1 5 
[00104027] 5 | 4 11 _ 0 6 _ _ 10 2 7 1 _ 
[00104028] 4 | 4 11 _ 0 6 _ _ 10 2 7 1 5 
[00104029] 3 | 4 11 8 0 6 _ _ 10 2 7 1 5 
[00104030] 3 | 4 11 _ 0 6 3 _ 10 2 7 1 5 
[00104031] 2 | 4 11 9 0 6 3 _ 10 2 7 1 5 
[00104032] 2 | 4 11 _ 0 6 3 8 10 2 7 1 5 
[00104033] 3 | 4 11 _ 0 6 9 _ 10 2 7 1 5 
[00104034] 2 | 4 11 _ 0 6 9 8 10 2 7 1 5 
[00104035] 3 | 4 11 _ 0 6 _ 3 10 2 7 1 5 
[00104036] 2 | 4 11 9 0 6 _ 3 10 2 7 1 5 
[00104037] 2 | 4 11 _ 0 6 8 3 10 2 7 1 5 
[00104038] 3 | 4 11 _ 0 6 _ 9 10 2 7 1 5 
[00104039] 2 | 4 11 _ 0 6 8 9 10 2 7 1 5 
[00104040] 5 | 4 11 _ 0 6 _ _ 10 2 _ 1 6 
[00104041] 4 | 4 11 7 0 6 _ _ 10 2 _ 1 6 
[00104042] 3 | 4 11 7 0 6 _ _ 10 2 5 1 6 
[00104043] 6 | 4 11 _ 0 3 9 _ 10 2 _ 1 _ 
[00104044] 5 | 4 11 6 0 3 9 _ 10 2 _ 1 _ 
[00104045] 4 | 4 11 6 0 3 9 7 10 2 _ 1 _ 
[00104046] 3 | 4 11 6 0 3 9 7 10 2 5 1 _ 
[00104047] 4 | 4 11 6 0 3 9 _ 10 2 _ 1 5 
[00104048] 5 | 4 11 _ 0 3 9 8 10 2 _ 1 _ 
[00104049] 4 | 4 11 7 0 3 9 8 10 2 _ 1 _ 
[00104050] 3 | 4 11 7 0 3 9 8 10 2 5 1 _ 
[00104051] 4 | 4 11 _ 0 3 9 8 10 2 6 1 _ 
[00104052] 4 | 4 11 _ 0 3 9 8 10 2 _ 1 5 
[00104053] 5 | 4 11 _ 0 3 9 _ 10 2 7 1 _ 
[00104054] 4 | 4 11 _ 0 3 9 _ 10 2 7 1 5 
[00104055] 3 | 4 11 8 0 3 9 _ 10 2 7 1 5 
[00104056] 3 | 4 11 _ 0 3 9 6 10 2 7 1 5 
[00104057] 5 | 4 11 _ 0 3 9 _ 10 2 _ 1 6 
[00104058] 4 | 4 11 7 0 3 9 _ 10 2 _ 1 6 
[00104059] 3 | 4 11 7 0 3 9 _ 10 2 5 1 6 
[00104060] 4 | 4 11 _ 0 3 9 7 10 2 _ 1 6 
[00104061] 3 | 4 11 8 0 3 9 7 10 2 _ 1 6 
