[00051413] 5 | 7 0 9 11 5 _ _ 1 2 10 8 3 
[00051414] 7 | _ 0 9 11 4 _ _ 1 2 10 _ _ 
[00051415] 6 | 6 0 9 11 4 _ _ 1 2 10 _ _ 
[00051416] 5 | 6 0 9 11 4 _ _ 1 2 10 3 8 
[00051417] 5 | 6 0 9 11 4 _ _ 1 2 10 8 3 
[00051418] 6 | _ 0 9 11 4 _ _ 1 2 10 7 _ 
[00051419] 5 | 5 0 9 11 4 _ _ 1 2 10 7 _ 
[00051420] 4 | 5 0 9 11 4 8 _ 1 2 10 7 _ 
[00051421] 3 | 5 0 9 11 4 8 7 1 2 10 7 _ 
[00051422] 3 | 5 0 9 11 4 8 _ 1 2 10 7 4 
[00051423] 4 | 5 0 9 11 4 _ 8 1 2 10 7 _ 
[00051424] 3 | 5 0 9 11 4 7 8 1 2 10 7 _ 
[00051425] 3 | 5 0 9 11 4 _ 8 1 2 10 7 4 
[00051426] 4 | 5 0 9 11 4 _ _ 1 2 10 7 3 
[00051427] 7 | _ 0 9 11 _ _ _ 1 2 10 8 _ 
[00051428] 6 | 6 0 9 11 _ _ _ 1 2 10 8 _ 
[00051429] 5 | 6 0 9 11 _ _ _ 1 2 10 8 3 
[00051430] 4 | 6 0 9 11 7 _ _ 1 2 10 8 3 
[00051431] 3 | 6 0 9 11 7 4 _ 1 2 10 8 3 
[00051432] 2 | 6 0 9 11 7 4 5 1 2 10 8 3 
[00051433] 1 | 6 0 9 11 7 4 5 1 2 10 8 3  *Graceful*
[00051433] 3 | 6 0 9 11 7 _ 4 1 2 10 8 3 
[00051434] 2 | 6 0 9 11 7 5 4 1 2 10 8 3 
[00051435] 1 | 6 0 9 11 7 5 4 1 2 10 8 3  *Graceful*
[00051435] 6 | _ 0 9 11 5 _ _ 1 2 10 8 _ 
[00051436] 5 | 5 0 9 11 5 _ _ 1 2 10 8 _ 
[00051437] 4 | 5 0 9 11 5 _ _ 1 2 10 8 4 
[00051438] 5 | _ 0 9 11 5 0 _ 1 2 10 8 _ 
[00051439] 4 | _ 0 9 11 5 0 _ 1 2 10 8 4 
[00051440] 5 | _ 0 9 11 5 _ 0 1 2 10 8 _ 
[00051441] 4 | _ 0 9 11 5 _ 0 1 2 10 8 4 
[00051442] 5 | _ 0 9 11 5 _ _ 1 2 10 8 3 
[00051443] 4 | 4 0 9 11 5 _ _ 1 2 10 8 3 
[00051444] 8 | _ 0 9 11 _ _ _ 1 10 2 _ _ 
[00051445] 7 | 7 0 9 11 _ _ _ 1 10 2 _ _ 
[00051446] 6 | 7 0 9 11 5 _ _ 1 10 2 _ _ 
[00051447] 5 | 7 0 9 11 5 _ _ 1 10 2 6 _ 
[00051448] 5 | 7 0 9 11 5 _ _ 1 10 2 3 8 
[00051449] 5 | 7 0 9 11 5 _ _ 1 10 2 8 3 
[00051450] 7 | _ 0 9 11 4 _ _ 1 10 2 _ _ 
[00051451] 6 | 6 0 9 11 4 _ _ 1 10 2 _ _ 
[00051452] 5 | 6 0 9 11 4 _ _ 1 10 2 3 8 
[00051453] 5 | 6 0 9 11 4 _ _ 1 10 2 8 3 
[00051454] 6 | _ 0 9 11 4 _ _ 1 10 2 7 _ 
[00051455] 5 | 5 0 9 11 4 _ _ 1 10 2 7 _ 
[00051456] 4 | 5 0 9 11 4 8 _ 1 10 2 7 _ 
[00051457] 3 | 5 0 9 11 4 8 7 1 10 2 7 _ 
[00051458] 3 | 5 0 9 11 4 8 _ 1 10 2 7 4 
[00051459] 4 | 5 0 9 11 4 _ 8 1 10 2 7 _ 
[00051460] 3 | 5 0 9 11 4 7 8 1 10 2 7 _ 
[00051461] 3 | 5 0 9 11 4 _ 8 1 10 2 7 4 
[00051462] 4 | 5 0 9 11 4 _ _ 1 10 2 7 3 
[00051463] 7 | _ 0 9 11 _ _ _ 1 10 2 8 _ 
[00051464] 6 | 6 0 9 11 _ _ _ 1 10 2 8 _ 
[00051465] 5 | 6 0 9 11 _ _ _ 1 10 2 8 3 
[00051466] 4 | 6 0 9 11 7 _ _ 1 10 2 8 3 
[00051467] 3 | 6 0 9 11 7 4 _ 1 10 2 8 3 
[00051468] 2 | 6 0 9 11 7 4 5 1 10 2 8 3 
[00051469] 3 | 6 0 9 11 7 _ 4 1 10 2 8 3 
[00051470] 2 | 6 0 9 11 7 5 4 1 10 2 8 3 
[00051471] 6 | _ 0 9 11 5 _ _ 1 10 2 8 _ 
[00051472] 5 | 5 0 9 11 5 _ _ 1 10 2 8 _ 
[00051473] 4 | 5 0 9 11 5 _ _ 1 10 2 8 4 
[00051474] 5 | _ 0 9 11 5 0 _ 1 10 2 8 _ 
[00051475] 4 | _ 0 9 11 5 0 _ 1 10 2 8 4 
[00051476] 5 | _ 0 9 11 5 _ 0 1 10 2 8 _ 
[00051477] 4 | _ 0 9 11 5 _ 0 1 10 2 8 4 
[00051478] 5 | _ 0 9 11 5 _ _ 1 10 2 8 3 
[00051479] 4 | 4 0 9 11 5 _ _ 1 10 2 8 3 
[00051480] 8 | _ 0 9 11 _ _ _ 1 _ _ 2 10 
[00051481] 7 | 7 0 9 11 _ _ _ 1 _ _ 2 10 
[00051482] 6 | 7 0 9 11 5 _ _ 1 _ _ 2 10 
[00051483] 5 | 7 0 9 11 5 _ _ 1 6 _ 2 10 
[00051484] 5 | 7 0 9 11 5 _ _ 1 3 8 2 10 
[00051485] 5 | 7 0 9 11 5 _ _ 1 8 3 2 10 
[00051486] 7 | _ 0 9 11 4 _ _ 1 _ _ 2 10 
[00051487] 6 | 6 0 9 11 4 _ _ 1 _ _ 2 10 
[00051488] 5 | 6 0 9 11 4 _ _ 1 3 8 2 10 
[00051489] 5 | 6 0 9 11 4 _ _ 1 8 3 2 10 
[00051490] 6 | _ 0 9 11 4 _ _ 1 7 _ 2 10 
[00051491] 5 | 5 0 9 11 4 _ _ 1 7 _ 2 10 
[00051492] 4 | 5 0 9 11 4 8 _ 1 7 _ 2 10 
[00051493] 3 | 5 0 9 11 4 8 7 1 7 _ 2 10 
[00051494] 3 | 5 0 9 11 4 8 _ 1 7 4 2 10 
[00051495] 4 | 5 0 9 11 4 _ 8 1 7 _ 2 10 
[00051496] 3 | 5 0 9 11 4 7 8 1 7 _ 2 10 
[00051497] 3 | 5 0 9 11 4 _ 8 1 7 4 2 10 
[00051498] 4 | 5 0 9 11 4 _ _ 1 7 3 2 10 
[00051499] 7 | _ 0 9 11 _ _ _ 1 8 _ 2 10 
[00051500] 6 | 6 0 9 11 _ _ _ 1 8 _ 2 10 
[00051501] 5 | 6 0 9 11 _ _ _ 1 8 3 2 10 
[00051502] 4 | 6 0 9 11 7 _ _ 1 8 3 2 10 
[00051503] 3 | 6 0 9 11 7 4 _ 1 8 3 2 10 
[00051504] 2 | 6 0 9 11 7 4 5 1 8 3 2 10 
[00051505] 1 | 6 0 9 11 7 4 5 1 8 3 2 10  *Graceful*
[00051505] 3 | 6 0 9 11 7 _ 4 1 8 3 2 10 
[00051506] 2 | 6 0 9 11 7 5 4 1 8 3 2 10 
[00051507] 1 | 6 0 9 11 7 5 4 1 8 3 2 10  *Graceful*
[00051507] 6 | _ 0 9 11 5 _ _ 1 8 _ 2 10 
[00051508] 5 | 5 0 9 11 5 _ _ 1 8 _ 2 10 
[00051509] 4 | 5 0 9 11 5 _ _ 1 8 4 2 10 
[00051510] 5 | _ 0 9 11 5 0 _ 1 8 _ 2 10 
[00051511] 4 | _ 0 9 11 5 0 _ 1 8 4 2 10 
[00051512] 5 | _ 0 9 11 5 _ 0 1 8 _ 2 10 
[00051513] 4 | _ 0 9 11 5 _ 0 1 8 4 2 10 
[00051514] 5 | _ 0 9 11 5 _ _ 1 8 3 2 10 
[00051515] 4 | 4 0 9 11 5 _ _ 1 8 3 2 10 
[00051516] 8 | _ 0 9 11 _ _ _ 1 _ _ 10 2 
[00051517] 7 | 7 0 9 11 _ _ _ 1 _ _ 10 2 
[00051518] 6 | 7 0 9 11 5 _ _ 1 _ _ 10 2 
[00051519] 5 | 7 0 9 11 5 _ _ 1 6 _ 10 2 
[00051520] 5 | 7 0 9 11 5 _ _ 1 3 8 10 2 
[00051521] 5 | 7 0 9 11 5 _ _ 1 8 3 10 2 
[00051522] 7 | _ 0 9 11 4 _ _ 1 _ _ 10 2 
[00051523] 6 | 6 0 9 11 4 _ _ 1 _ _ 10 2 
[00051524] 5 | 6 0 9 11 4 _ _ 1 3 8 10 2 
[00051525] 5 | 6 0 9 11 4 _ _ 1 8 3 10 2 
[00051526] 6 | _ 0 9 11 4 _ _ 1 7 _ 10 2 
[00051527] 5 | 5 0 9 11 4 _ _ 1 7 _ 10 2 
[00051528] 4 | 5 0 9 11 4 8 _ 1 7 _ 10 2 
[00051529] 3 | 5 0 9 11 4 8 7 1 7 _ 10 2 
[00051530] 3 | 5 0 9 11 4 8 _ 1 7 4 10 2 
[00051531] 4 | 5 0 9 11 4 _ 8 1 7 _ 10 2 
[00051532] 3 | 5 0 9 11 4 7 8 1 7 _ 10 2 
[00051533] 3 | 5 0 9 11 4 _ 8 1 7 4 10 2 
[00051534] 4 | 5 0 9 11 4 _ _ 1 7 3 10 2 
[00051535] 7 | _ 0 9 11 _ _ _ 1 8 _ 10 2 
[00051536] 6 | 6 0 9 11 _ _ _ 1 8 _ 10 2 
[00051537] 5 | 6 0 9 11 _ _ _ 1 8 3 10 2 
[00051538] 4 | 6 0 9 11 7 _ _ 1 8 3 10 2 
[00051539] 3 | 6 0 9 11 7 4 _ 1 8 3 10 2 
[00051540] 2 | 6 0 9 11 7 4 5 1 8 3 10 2 
[00051541] 3 | 6 0 9 11 7 _ 4 1 8 3 10 2 
[00051542] 2 | 6 0 9 11 7 5 4 1 8 3 10 2 
[00051543] 6 | _ 0 9 11 5 _ _ 1 8 _ 10 2 
[00051544] 5 | 5 0 9 11 5 _ _ 1 8 _ 10 2 
[00051545] 4 | 5 0 9 11 5 _ _ 1 8 4 10 2 
[00051546] 5 | _ 0 9 11 5 0 _ 1 8 _ 10 2 
[00051547] 4 | _ 0 9 11 5 0 _ 1 8 4 10 2 
[00051548] 5 | _ 0 9 11 5 _ 0 1 8 _ 10 2 
[00051549] 4 | _ 0 9 11 5 _ 0 1 8 4 10 2 
[00051550] 5 | _ 0 9 11 5 _ _ 1 8 3 10 2 
[00051551] 4 | 4 0 9 11 5 _ _ 1 8 3 10 2 
[00051552] 9 | _ 0 _ 11 2 _ _ 1 _ _ _ _ 
[00051553] 8 | 8 0 _ 11 2 _ _ 1 _ _ _ _ 
[00051554] 7 | 8 0 7 11 2 _ _ 1 _ _ _ _ 
[00051555] 6 | 8 0 7 11 2 _ _ 1 3 9 _ _ 
[00051556] 5 | 8 0 7 11 2 _ _ 1 3 9 6 _ 
[00051557] 4 | 8 0 7 11 2 6 _ 1 3 9 6 _ 
[00051558] 3 | 8 0 7 11 2 6 5 1 3 9 6 _ 
[00051559] 4 | 8 0 7 11 2 _ 6 1 3 9 6 _ 
[00051560] 3 | 8 0 7 11 2 5 6 1 3 9 6 _ 
[00051561] 4 | 8 0 7 11 2 _ _ 1 3 9 6 2 
[00051562] 4 | 8 0 7 11 2 _ _ 1 3 9 6 10 
[00051563] 3 | 8 0 7 11 2 5 _ 1 3 9 6 10 
[00051564] 2 | 8 0 7 11 2 5 4 1 3 9 6 10 
[00051565] 3 | 8 0 7 11 2 _ 5 1 3 9 6 10 
[00051566] 2 | 8 0 7 11 2 4 5 1 3 9 6 10 
[00051567] 5 | 8 0 7 11 2 _ _ 1 3 9 5 10 
[00051568] 4 | 8 0 7 11 2 6 _ 1 3 9 5 10 
[00051569] 4 | 8 0 7 11 2 _ 6 1 3 9 5 10 
[00051570] 5 | 8 0 7 11 2 _ _ 1 3 9 10 5 
[00051571] 4 | 8 0 7 11 2 6 _ 1 3 9 10 5 
[00051572] 4 | 8 0 7 11 2 _ 6 1 3 9 10 5 
[00051573] 6 | 8 0 7 11 2 _ _ 1 4 10 _ _ 
[00051574] 5 | 8 0 7 11 2 _ _ 1 4 10 6 _ 
[00051575] 4 | 8 0 7 11 2 6 _ 1 4 10 6 _ 
[00051576] 3 | 8 0 7 11 2 6 5 1 4 10 6 _ 
[00051577] 4 | 8 0 7 11 2 _ 6 1 4 10 6 _ 
[00051578] 3 | 8 0 7 11 2 5 6 1 4 10 6 _ 
[00051579] 4 | 8 0 7 11 2 _ _ 1 4 10 6 2 
[00051580] 6 | 8 0 7 11 2 _ _ 1 9 3 _ _ 
[00051581] 5 | 8 0 7 11 2 _ _ 1 9 3 6 _ 
[00051582] 4 | 8 0 7 11 2 6 _ 1 9 3 6 _ 
[00051583] 3 | 8 0 7 11 2 6 5 1 9 3 6 _ 
[00051584] 4 | 8 0 7 11 2 _ 6 1 9 3 6 _ 
[00051585] 3 | 8 0 7 11 2 5 6 1 9 3 6 _ 
[00051586] 4 | 8 0 7 11 2 _ _ 1 9 3 6 2 
[00051587] 4 | 8 0 7 11 2 _ _ 1 9 3 6 10 
[00051588] 3 | 8 0 7 11 2 5 _ 1 9 3 6 10 
[00051589] 2 | 8 0 7 11 2 5 4 1 9 3 6 10 
[00051590] 3 | 8 0 7 11 2 _ 5 1 9 3 6 10 
[00051591] 2 | 8 0 7 11 2 4 5 1 9 3 6 10 
[00051592] 5 | 8 0 7 11 2 _ _ 1 9 3 5 10 
[00051593] 4 | 8 0 7 11 2 6 _ 1 9 3 5 10 
[00051594] 4 | 8 0 7 11 2 _ 6 1 9 3 5 10 
[00051595] 5 | 8 0 7 11 2 _ _ 1 9 3 10 5 
[00051596] 4 | 8 0 7 11 2 6 _ 1 9 3 10 5 
[00051597] 4 | 8 0 7 11 2 _ 6 1 9 3 10 5 
[00051598] 6 | 8 0 7 11 2 _ _ 1 10 4 _ _ 
[00051599] 5 | 8 0 7 11 2 _ _ 1 10 4 6 _ 
[00051600] 4 | 8 0 7 11 2 6 _ 1 10 4 6 _ 
[00051601] 3 | 8 0 7 11 2 6 5 1 10 4 6 _ 
[00051602] 4 | 8 0 7 11 2 _ 6 1 10 4 6 _ 
[00051603] 3 | 8 0 7 11 2 5 6 1 10 4 6 _ 
[00051604] 4 | 8 0 7 11 2 _ _ 1 10 4 6 2 
[00051605] 6 | 8 0 7 11 2 _ _ 1 _ _ 3 9 
[00051606] 5 | 8 0 7 11 2 _ _ 1 6 _ 3 9 
[00051607] 4 | 8 0 7 11 2 6 _ 1 6 _ 3 9 
[00051608] 3 | 8 0 7 11 2 6 5 1 6 _ 3 9 
[00051609] 4 | 8 0 7 11 2 _ 6 1 6 _ 3 9 
[00051610] 3 | 8 0 7 11 2 5 6 1 6 _ 3 9 
[00051611] 4 | 8 0 7 11 2 _ _ 1 6 2 3 9 
[00051612] 4 | 8 0 7 11 2 _ _ 1 6 10 3 9 
[00051613] 3 | 8 0 7 11 2 5 _ 1 6 10 3 9 
[00051614] 2 | 8 0 7 11 2 5 4 1 6 10 3 9 
[00051615] 3 | 8 0 7 11 2 _ 5 1 6 10 3 9 
[00051616] 2 | 8 0 7 11 2 4 5 1 6 10 3 9 
[00051617] 5 | 8 0 7 11 2 _ _ 1 5 10 3 9 
[00051618] 4 | 8 0 7 11 2 6 _ 1 5 10 3 9 
[00051619] 4 | 8 0 7 11 2 _ 6 1 5 10 3 9 
[00051620] 5 | 8 0 7 11 2 _ _ 1 10 5 3 9 
[00051621] 4 | 8 0 7 11 2 6 _ 1 10 5 3 9 
[00051622] 4 | 8 0 7 11 2 _ 6 1 10 5 3 9 
[00051623] 6 | 8 0 7 11 2 _ _ 1 _ _ 4 10 
[00051624] 5 | 8 0 7 11 2 _ _ 1 6 _ 4 10 
[00051625] 4 | 8 0 7 11 2 6 _ 1 6 _ 4 10 
[00051626] 3 | 8 0 7 11 2 6 5 1 6 _ 4 10 
[00051627] 4 | 8 0 7 11 2 _ 6 1 6 _ 4 10 
[00051628] 3 | 8 0 7 11 2 5 6 1 6 _ 4 10 
[00051629] 4 | 8 0 7 11 2 _ _ 1 6 2 4 10 
[00051630] 6 | 8 0 7 11 2 _ _ 1 _ _ 9 3 
[00051631] 5 | 8 0 7 11 2 _ _ 1 6 _ 9 3 
[00051632] 4 | 8 0 7 11 2 6 _ 1 6 _ 9 3 
[00051633] 3 | 8 0 7 11 2 6 5 1 6 _ 9 3 
[00051634] 4 | 8 0 7 11 2 _ 6 1 6 _ 9 3 
[00051635] 3 | 8 0 7 11 2 5 6 1 6 _ 9 3 
[00051636] 4 | 8 0 7 11 2 _ _ 1 6 2 9 3 
[00051637] 4 | 8 0 7 11 2 _ _ 1 6 10 9 3 
[00051638] 3 | 8 0 7 11 2 5 _ 1 6 10 9 3 
[00051639] 2 | 8 0 7 11 2 5 4 1 6 10 9 3 
[00051640] 3 | 8 0 7 11 2 _ 5 1 6 10 9 3 
[00051641] 2 | 8 0 7 11 2 4 5 1 6 10 9 3 
[00051642] 5 | 8 0 7 11 2 _ _ 1 5 10 9 3 
[00051643] 4 | 8 0 7 11 2 6 _ 1 5 10 9 3 
[00051644] 4 | 8 0 7 11 2 _ 6 1 5 10 9 3 
[00051645] 5 | 8 0 7 11 2 _ _ 1 10 5 9 3 
[00051646] 4 | 8 0 7 11 2 6 _ 1 10 5 9 3 
[00051647] 4 | 8 0 7 11 2 _ 6 1 10 5 9 3 
[00051648] 6 | 8 0 7 11 2 _ _ 1 _ _ 10 4 
[00051649] 5 | 8 0 7 11 2 _ _ 1 6 _ 10 4 
[00051650] 4 | 8 0 7 11 2 6 _ 1 6 _ 10 4 
[00051651] 3 | 8 0 7 11 2 6 5 1 6 _ 10 4 
[00051652] 4 | 8 0 7 11 2 _ 6 1 6 _ 10 4 
[00051653] 3 | 8 0 7 11 2 5 6 1 6 _ 10 4 
[00051654] 4 | 8 0 7 11 2 _ _ 1 6 2 10 4 
[00051655] 7 | 8 0 _ 11 2 9 _ 1 _ _ _ _ 
[00051656] 6 | 8 0 6 11 2 9 _ 1 _ _ _ _ 
[00051657] 5 | 8 0 6 11 2 9 7 1 _ _ _ _ 
[00051658] 4 | 8 0 6 11 2 9 7 1 5 _ _ _ 
[00051659] 3 | 8 0 6 11 2 9 7 1 5 _ 4 _ 
[00051660] 2 | 8 0 6 11 2 9 7 1 5 3 4 _ 
[00051661] 4 | 8 0 6 11 2 9 7 1 _ _ 5 _ 
[00051662] 3 | 8 0 6 11 2 9 7 1 4 _ 5 _ 
[00051663] 2 | 8 0 6 11 2 9 7 1 4 _ 5 3 
[00051664] 5 | 8 0 6 11 2 9 _ 1 5 10 _ _ 
[00051665] 4 | 8 0 6 11 2 9 _ 1 5 10 3 7 
[00051666] 4 | 8 0 6 11 2 9 _ 1 5 10 7 3 
[00051667] 5 | 8 0 6 11 2 9 _ 1 10 5 _ _ 
[00051668] 4 | 8 0 6 11 2 9 _ 1 10 5 3 7 
[00051669] 4 | 8 0 6 11 2 9 _ 1 10 5 7 3 
[00051670] 5 | 8 0 6 11 2 9 _ 1 _ _ 5 10 
[00051671] 4 | 8 0 6 11 2 9 _ 1 3 7 5 10 
[00051672] 4 | 8 0 6 11 2 9 _ 1 7 3 5 10 
[00051673] 5 | 8 0 6 11 2 9 _ 1 _ _ 10 5 
[00051674] 4 | 8 0 6 11 2 9 _ 1 3 7 10 5 
[00051675] 4 | 8 0 6 11 2 9 _ 1 7 3 10 5 
[00051676] 6 | 8 0 _ 11 2 9 _ 1 7 _ _ _ 
[00051677] 5 | 8 0 5 11 2 9 _ 1 7 _ _ _ 
[00051678] 4 | 8 0 5 11 2 9 6 1 7 _ _ _ 
[00051679] 3 | 8 0 5 11 2 9 6 1 7 4 _ _ 
[00051680] 2 | 8 0 5 11 2 9 6 1 7 4 3 _ 
[00051681] 3 | 8 0 5 11 2 9 6 1 7 10 _ _ 
[00051682] 2 | 8 0 5 11 2 9 6 1 7 10 3 _ 
[00051683] 1 | 8 0 5 11 2 9 6 1 7 10 3 4  *Graceful*
[00051683] 3 | 8 0 5 11 2 9 6 1 7 _ 4 _ 
[00051684] 4 | 8 0 5 11 2 9 _ 1 7 3 _ _ 
[00051685] 3 | 8 0 5 11 2 9 _ 1 7 3 4 _ 
[00051686] 2 | 8 0 5 11 2 9 4 1 7 3 4 _ 
[00051687] 2 | 8 0 5 11 2 9 _ 1 7 3 4 2 
[00051688] 2 | 8 0 5 11 2 9 _ 1 7 3 4 6 
[00051689] 4 | 8 0 5 11 2 9 _ 1 7 _ 6 10 
[00051690] 3 | 8 0 5 11 2 9 _ 1 7 4 6 10 
[00051691] 4 | 8 0 5 11 2 9 _ 1 7 _ 10 6 
[00051692] 3 | 8 0 5 11 2 9 _ 1 7 4 10 6 
[00051693] 5 | 8 0 _ 11 2 9 7 1 7 _ _ _ 
[00051694] 4 | 8 0 4 11 2 9 7 1 7 _ _ _ 
[00051695] 3 | 8 0 4 11 2 9 7 1 7 _ 3 6 
[00051696] 3 | 8 0 4 11 2 9 7 1 7 _ 6 3 
[00051697] 4 | 8 0 _ 11 2 9 7 1 7 _ 5 _ 
[00051698] 3 | 8 0 3 11 2 9 7 1 7 _ 5 _ 
[00051699] 4 | 8 0 _ 11 2 9 7 1 7 _ 6 10 
[00051700] 3 | 8 0 3 11 2 9 7 1 7 _ 6 10 
[00051701] 4 | 8 0 _ 11 2 9 7 1 7 _ 10 6 
[00051702] 3 | 8 0 3 11 2 9 7 1 7 _ 10 6 
[00051703] 5 | 8 0 _ 11 2 9 _ 1 7 2 _ _ 
[00051704] 4 | 8 0 4 11 2 9 _ 1 7 2 _ _ 
[00051705] 3 | 8 0 4 11 2 9 _ 1 7 2 3 6 
[00051706] 3 | 8 0 4 11 2 9 _ 1 7 2 6 3 
[00051707] 4 | 8 0 _ 11 2 9 _ 1 7 2 5 _ 
[00051708] 3 | 8 0 3 11 2 9 _ 1 7 2 5 _ 
[00051709] 4 | 8 0 _ 11 2 9 _ 1 7 2 6 10 
[00051710] 3 | 8 0 3 11 2 9 _ 1 7 2 6 10 
[00051711] 4 | 8 0 _ 11 2 9 _ 1 7 2 10 6 
[00051712] 3 | 8 0 3 11 2 9 _ 1 7 2 10 6 
[00051713] 5 | 8 0 _ 11 2 9 _ 1 7 _ 6 _ 
[00051714] 4 | 8 0 4 11 2 9 _ 1 7 _ 6 _ 
[00051715] 3 | 8 0 4 11 2 9 5 1 7 _ 6 _ 
[00051716] 3 | 8 0 4 11 2 9 _ 1 7 10 6 _ 
[00051717] 3 | 8 0 4 11 2 9 _ 1 7 _ 6 3 
[00051718] 2 | 8 0 4 11 2 9 _ 1 7 5 6 3 
[00051719] 4 | 8 0 _ 11 2 9 6 1 7 _ 6 _ 
[00051720] 3 | 8 0 3 11 2 9 6 1 7 _ 6 _ 
[00051721] 2 | 8 0 3 11 2 9 6 1 7 5 6 _ 
[00051722] 3 | 8 0 _ 11 2 9 6 1 7 4 6 _ 
[00051723] 3 | 8 0 _ 11 2 9 6 1 7 10 6 _ 
[00051724] 4 | 8 0 _ 11 2 9 _ 1 7 3 6 _ 
[00051725] 3 | 8 0 _ 11 2 9 5 1 7 3 6 _ 
[00051726] 2 | 8 0 _ 11 2 9 5 1 7 3 6 4 
[00051727] 4 | 8 0 _ 11 2 9 _ 1 7 _ 6 2 
[00051728] 3 | 8 0 3 11 2 9 _ 1 7 _ 6 2 
[00051729] 2 | 8 0 3 11 2 9 _ 1 7 5 6 2 
[00051730] 3 | 8 0 _ 11 2 9 _ 1 7 4 6 2 
[00051731] 3 | 8 0 _ 11 2 9 _ 1 7 10 6 2 
[00051732] 4 | 8 0 _ 11 2 9 _ 1 7 _ 6 10 
[00051733] 3 | 8 0 3 11 2 9 _ 1 7 _ 6 10 
[00051734] 2 | 8 0 3 11 2 9 4 1 7 _ 6 10 
[00051735] 2 | 8 0 3 11 2 9 _ 1 7 5 6 10 
[00051736] 3 | 8 0 _ 11 2 9 5 1 7 _ 6 10 
[00051737] 3 | 8 0 _ 11 2 9 _ 1 7 4 6 10 
[00051738] 2 | 8 0 2 11 2 9 _ 1 7 4 6 10 
[00051739] 2 | 8 0 _ 11 2 9 0 1 7 4 6 10 
[00051740] 5 | 8 0 _ 11 2 9 _ 1 7 _ 5 10 
[00051741] 4 | 8 0 4 11 2 9 _ 1 7 _ 5 10 
[00051742] 4 | 8 0 _ 11 2 9 6 1 7 _ 5 10 
[00051743] 3 | 8 0 3 11 2 9 6 1 7 _ 5 10 
[00051744] 3 | 8 0 _ 11 2 9 6 1 7 4 5 10 
[00051745] 4 | 8 0 _ 11 2 9 _ 1 7 3 5 10 
[00051746] 5 | 8 0 _ 11 2 9 _ 1 7 _ 10 5 
[00051747] 4 | 8 0 4 11 2 9 _ 1 7 _ 10 5 
[00051748] 4 | 8 0 _ 11 2 9 6 1 7 _ 10 5 
[00051749] 3 | 8 0 3 11 2 9 6 1 7 _ 10 5 
[00051750] 3 | 8 0 _ 11 2 9 6 1 7 4 10 5 
[00051751] 4 | 8 0 _ 11 2 9 _ 1 7 3 10 5 
[00051752] 6 | 8 0 _ 11 2 9 _ 1 4 10 _ _ 
[00051753] 5 | 8 0 5 11 2 9 _ 1 4 10 _ _ 
[00051754] 4 | 8 0 5 11 2 9 6 1 4 10 _ _ 
[00051755] 4 | 8 0 5 11 2 9 _ 1 4 10 3 7 
[00051756] 4 | 8 0 5 11 2 9 _ 1 4 10 7 3 
[00051757] 5 | 8 0 _ 11 2 9 7 1 4 10 _ _ 
[00051758] 4 | 8 0 _ 11 2 9 7 1 4 10 5 _ 
[00051759] 3 | 8 0 3 11 2 9 7 1 4 10 5 _ 
[00051760] 5 | 8 0 _ 11 2 9 _ 1 4 10 6 _ 
[00051761] 4 | 8 0 _ 11 2 9 6 1 4 10 6 _ 
[00051762] 3 | 8 0 3 11 2 9 6 1 4 10 6 _ 
[00051763] 4 | 8 0 _ 11 2 9 _ 1 4 10 6 2 
[00051764] 3 | 8 0 3 11 2 9 _ 1 4 10 6 2 
[00051765] 6 | 8 0 _ 11 2 9 _ 1 10 4 _ _ 
[00051766] 5 | 8 0 5 11 2 9 _ 1 10 4 _ _ 
[00051767] 4 | 8 0 5 11 2 9 6 1 10 4 _ _ 
[00051768] 4 | 8 0 5 11 2 9 _ 1 10 4 3 7 
[00051769] 4 | 8 0 5 11 2 9 _ 1 10 4 7 3 
[00051770] 5 | 8 0 _ 11 2 9 7 1 10 4 _ _ 
[00051771] 4 | 8 0 _ 11 2 9 7 1 10 4 5 _ 
[00051772] 3 | 8 0 3 11 2 9 7 1 10 4 5 _ 
[00051773] 5 | 8 0 _ 11 2 9 _ 1 10 4 6 _ 
[00051774] 4 | 8 0 _ 11 2 9 6 1 10 4 6 _ 
[00051775] 3 | 8 0 3 11 2 9 6 1 10 4 6 _ 
[00051776] 4 | 8 0 _ 11 2 9 _ 1 10 4 6 2 
[00051777] 3 | 8 0 3 11 2 9 _ 1 10 4 6 2 
[00051778] 6 | 8 0 _ 11 2 9 _ 1 _ _ 7 _ 
[00051779] 5 | 8 0 5 11 2 9 _ 1 _ _ 7 _ 
[00051780] 4 | 8 0 5 11 2 9 6 1 _ _ 7 _ 
[00051781] 3 | 8 0 5 11 2 9 6 1 4 _ 7 _ 
[00051782] 3 | 8 0 5 11 2 9 6 1 _ _ 7 4 
[00051783] 2 | 8 0 5 11 2 9 6 1 3 _ 7 4 
[00051784] 3 | 8 0 5 11 2 9 6 1 _ _ 7 10 
[00051785] 2 | 8 0 5 11 2 9 6 1 3 _ 7 10 
[00051786] 1 | 8 0 5 11 2 9 6 1 3 4 7 10  *Graceful*
[00051786] 4 | 8 0 5 11 2 9 _ 1 6 10 7 _ 
[00051787] 3 | 8 0 5 11 2 9 _ 1 6 10 7 4 
[00051788] 4 | 8 0 5 11 2 9 _ 1 10 6 7 _ 
[00051789] 3 | 8 0 5 11 2 9 _ 1 10 6 7 4 
[00051790] 4 | 8 0 5 11 2 9 _ 1 _ _ 7 3 
[00051791] 3 | 8 0 5 11 2 9 _ 1 4 _ 7 3 
[00051792] 2 | 8 0 5 11 2 9 4 1 4 _ 7 3 
[00051793] 2 | 8 0 5 11 2 9 _ 1 4 2 7 3 
[00051794] 2 | 8 0 5 11 2 9 _ 1 4 6 7 3 
[00051795] 5 | 8 0 _ 11 2 9 7 1 _ _ 7 _ 
[00051796] 4 | 8 0 4 11 2 9 7 1 _ _ 7 _ 
[00051797] 3 | 8 0 4 11 2 9 7 1 3 6 7 _ 
[00051798] 3 | 8 0 4 11 2 9 7 1 6 3 7 _ 
[00051799] 4 | 8 0 _ 11 2 9 7 1 5 _ 7 _ 
[00051800] 3 | 8 0 3 11 2 9 7 1 5 _ 7 _ 
[00051801] 4 | 8 0 _ 11 2 9 7 1 6 10 7 _ 
[00051802] 3 | 8 0 3 11 2 9 7 1 6 10 7 _ 
[00051803] 4 | 8 0 _ 11 2 9 7 1 10 6 7 _ 
[00051804] 3 | 8 0 3 11 2 9 7 1 10 6 7 _ 
[00051805] 5 | 8 0 _ 11 2 9 _ 1 6 _ 7 _ 
[00051806] 4 | 8 0 4 11 2 9 _ 1 6 _ 7 _ 
[00051807] 3 | 8 0 4 11 2 9 5 1 6 _ 7 _ 
[00051808] 3 | 8 0 4 11 2 9 _ 1 6 3 7 _ 
[00051809] 2 | 8 0 4 11 2 9 _ 1 6 3 7 5 
[00051810] 3 | 8 0 4 11 2 9 _ 1 6 _ 7 10 
[00051811] 4 | 8 0 _ 11 2 9 6 1 6 _ 7 _ 
[00051812] 3 | 8 0 3 11 2 9 6 1 6 _ 7 _ 
[00051813] 2 | 8 0 3 11 2 9 6 1 6 _ 7 5 
[00051814] 3 | 8 0 _ 11 2 9 6 1 6 _ 7 4 
[00051815] 3 | 8 0 _ 11 2 9 6 1 6 _ 7 10 
[00051816] 4 | 8 0 _ 11 2 9 _ 1 6 2 7 _ 
[00051817] 3 | 8 0 3 11 2 9 _ 1 6 2 7 _ 
[00051818] 2 | 8 0 3 11 2 9 _ 1 6 2 7 5 
[00051819] 3 | 8 0 _ 11 2 9 _ 1 6 2 7 4 
[00051820] 3 | 8 0 _ 11 2 9 _ 1 6 2 7 10 
[00051821] 4 | 8 0 _ 11 2 9 _ 1 6 10 7 _ 
[00051822] 3 | 8 0 3 11 2 9 _ 1 6 10 7 _ 
[00051823] 2 | 8 0 3 11 2 9 4 1 6 10 7 _ 
[00051824] 2 | 8 0 3 11 2 9 _ 1 6 10 7 5 
[00051825] 3 | 8 0 _ 11 2 9 5 1 6 10 7 _ 
[00051826] 3 | 8 0 _ 11 2 9 _ 1 6 10 7 4 
[00051827] 2 | 8 0 2 11 2 9 _ 1 6 10 7 4 
[00051828] 2 | 8 0 _ 11 2 9 0 1 6 10 7 4 
[00051829] 4 | 8 0 _ 11 2 9 _ 1 6 _ 7 3 
[00051830] 3 | 8 0 _ 11 2 9 5 1 6 _ 7 3 
[00051831] 2 | 8 0 _ 11 2 9 5 1 6 4 7 3 
[00051832] 5 | 8 0 _ 11 2 9 _ 1 5 10 7 _ 
[00051833] 4 | 8 0 4 11 2 9 _ 1 5 10 7 _ 
[00051834] 4 | 8 0 _ 11 2 9 6 1 5 10 7 _ 
[00051835] 3 | 8 0 3 11 2 9 6 1 5 10 7 _ 
[00051836] 3 | 8 0 _ 11 2 9 6 1 5 10 7 4 
[00051837] 4 | 8 0 _ 11 2 9 _ 1 5 10 7 3 
[00051838] 5 | 8 0 _ 11 2 9 _ 1 10 5 7 _ 
[00051839] 4 | 8 0 4 11 2 9 _ 1 10 5 7 _ 
[00051840] 4 | 8 0 _ 11 2 9 6 1 10 5 7 _ 
[00051841] 3 | 8 0 3 11 2 9 6 1 10 5 7 _ 
[00051842] 3 | 8 0 _ 11 2 9 6 1 10 5 7 4 
[00051843] 4 | 8 0 _ 11 2 9 _ 1 10 5 7 3 
[00051844] 5 | 8 0 _ 11 2 9 _ 1 _ _ 7 2 
[00051845] 4 | 8 0 4 11 2 9 _ 1 _ _ 7 2 
[00051846] 3 | 8 0 4 11 2 9 _ 1 3 6 7 2 
[00051847] 3 | 8 0 4 11 2 9 _ 1 6 3 7 2 
[00051848] 4 | 8 0 _ 11 2 9 _ 1 5 _ 7 2 
[00051849] 3 | 8 0 3 11 2 9 _ 1 5 _ 7 2 
[00051850] 4 | 8 0 _ 11 2 9 _ 1 6 10 7 2 
[00051851] 3 | 8 0 3 11 2 9 _ 1 6 10 7 2 
[00051852] 4 | 8 0 _ 11 2 9 _ 1 10 6 7 2 
[00051853] 3 | 8 0 3 11 2 9 _ 1 10 6 7 2 
[00051854] 6 | 8 0 _ 11 2 9 _ 1 _ _ 4 10 
[00051855] 5 | 8 0 5 11 2 9 _ 1 _ _ 4 10 
[00051856] 4 | 8 0 5 11 2 9 6 1 _ _ 4 10 
[00051857] 4 | 8 0 5 11 2 9 _ 1 3 7 4 10 
[00051858] 4 | 8 0 5 11 2 9 _ 1 7 3 4 10 
[00051859] 5 | 8 0 _ 11 2 9 7 1 _ _ 4 10 
[00051860] 4 | 8 0 _ 11 2 9 7 1 5 _ 4 10 
[00051861] 3 | 8 0 3 11 2 9 7 1 5 _ 4 10 
[00051862] 5 | 8 0 _ 11 2 9 _ 1 6 _ 4 10 
[00051863] 4 | 8 0 _ 11 2 9 6 1 6 _ 4 10 
[00051864] 3 | 8 0 3 11 2 9 6 1 6 _ 4 10 
[00051865] 4 | 8 0 _ 11 2 9 _ 1 6 2 4 10 
[00051866] 3 | 8 0 3 11 2 9 _ 1 6 2 4 10 
[00051867] 6 | 8 0 _ 11 2 9 _ 1 _ _ 10 4 
[00051868] 5 | 8 0 5 11 2 9 _ 1 _ _ 10 4 
[00051869] 4 | 8 0 5 11 2 9 6 1 _ _ 10 4 
[00051870] 4 | 8 0 5 11 2 9 _ 1 3 7 10 4 
[00051871] 4 | 8 0 5 11 2 9 _ 1 7 3 10 4 
[00051872] 5 | 8 0 _ 11 2 9 7 1 _ _ 10 4 
[00051873] 4 | 8 0 _ 11 2 9 7 1 5 _ 10 4 
[00051874] 3 | 8 0 3 11 2 9 7 1 5 _ 10 4 
[00051875] 5 | 8 0 _ 11 2 9 _ 1 6 _ 10 4 
[00051876] 4 | 8 0 _ 11 2 9 6 1 6 _ 10 4 
[00051877] 3 | 8 0 3 11 2 9 6 1 6 _ 10 4 
[00051878] 4 | 8 0 _ 11 2 9 _ 1 6 2 10 4 
[00051879] 3 | 8 0 3 11 2 9 _ 1 6 2 10 4 
[00051880] 7 | 8 0 _ 11 2 _ 9 1 _ _ _ _ 
[00051881] 6 | 8 0 6 11 2 _ 9 1 _ _ _ _ 
[00051882] 5 | 8 0 6 11 2 7 9 1 _ _ _ _ 
[00051883] 4 | 8 0 6 11 2 7 9 1 5 _ _ _ 
[00051884] 3 | 8 0 6 11 2 7 9 1 5 _ 4 _ 
[00051885] 2 | 8 0 6 11 2 7 9 1 5 3 4 _ 
[00051886] 4 | 8 0 6 11 2 7 9 1 _ _ 5 _ 
[00051887] 3 | 8 0 6 11 2 7 9 1 4 _ 5 _ 
[00051888] 2 | 8 0 6 11 2 7 9 1 4 _ 5 3 
[00051889] 5 | 8 0 6 11 2 _ 9 1 5 10 _ _ 
[00051890] 4 | 8 0 6 11 2 _ 9 1 5 10 3 7 
[00051891] 4 | 8 0 6 11 2 _ 9 1 5 10 7 3 
[00051892] 5 | 8 0 6 11 2 _ 9 1 10 5 _ _ 
[00051893] 4 | 8 0 6 11 2 _ 9 1 10 5 3 7 
[00051894] 4 | 8 0 6 11 2 _ 9 1 10 5 7 3 
[00051895] 5 | 8 0 6 11 2 _ 9 1 _ _ 5 10 
[00051896] 4 | 8 0 6 11 2 _ 9 1 3 7 5 10 
[00051897] 4 | 8 0 6 11 2 _ 9 1 7 3 5 10 
[00051898] 5 | 8 0 6 11 2 _ 9 1 _ _ 10 5 
[00051899] 4 | 8 0 6 11 2 _ 9 1 3 7 10 5 
[00051900] 4 | 8 0 6 11 2 _ 9 1 7 3 10 5 
[00051901] 6 | 8 0 _ 11 2 _ 9 1 7 _ _ _ 
[00051902] 5 | 8 0 5 11 2 _ 9 1 7 _ _ _ 
[00051903] 4 | 8 0 5 11 2 6 9 1 7 _ _ _ 
[00051904] 3 | 8 0 5 11 2 6 9 1 7 4 _ _ 
[00051905] 2 | 8 0 5 11 2 6 9 1 7 4 3 _ 
[00051906] 3 | 8 0 5 11 2 6 9 1 7 10 _ _ 
