[00178487] 2 | 9 3 _ 11 0 2 4 1 8 3 10 7 
[00178488] 4 | 9 3 _ 11 0 _ _ 1 8 3 10 6 
[00178489] 5 | 9 3 _ 11 0 _ _ 1 8 _ 10 5 
[00178490] 4 | 9 3 7 11 0 _ _ 1 8 _ 10 5 
[00178491] 4 | 9 3 _ 11 0 4 _ 1 8 _ 10 5 
[00178492] 3 | 9 3 0 11 0 4 _ 1 8 _ 10 5 
[00178493] 2 | 9 3 0 11 0 4 _ 1 8 6 10 5 
[00178494] 3 | 9 3 6 11 0 4 _ 1 8 _ 10 5 
[00178495] 2 | 9 3 6 11 0 4 2 1 8 _ 10 5 
[00178496] 1 | 9 3 6 11 0 4 2 1 8 7 10 5  *Graceful*
[00178496] 3 | 9 3 _ 11 0 4 3 1 8 _ 10 5 
[00178497] 2 | 9 3 _ 11 0 4 3 1 8 6 10 5 
[00178498] 4 | 9 3 _ 11 0 _ 4 1 8 _ 10 5 
[00178499] 3 | 9 3 0 11 0 _ 4 1 8 _ 10 5 
[00178500] 2 | 9 3 0 11 0 _ 4 1 8 6 10 5 
[00178501] 3 | 9 3 6 11 0 _ 4 1 8 _ 10 5 
[00178502] 2 | 9 3 6 11 0 2 4 1 8 _ 10 5 
[00178503] 1 | 9 3 6 11 0 2 4 1 8 7 10 5  *Graceful*
[00178503] 3 | 9 3 _ 11 0 3 4 1 8 _ 10 5 
[00178504] 2 | 9 3 _ 11 0 3 4 1 8 6 10 5 
[00178505] 4 | 9 3 _ 11 0 _ _ 1 8 4 10 5 
[00178506] 3 | 9 3 0 11 0 _ _ 1 8 4 10 5 
[00178507] 3 | 9 3 6 11 0 _ _ 1 8 4 10 5 
[00178508] 2 | 9 3 6 11 0 2 _ 1 8 4 10 5 
[00178509] 2 | 9 3 6 11 0 _ 2 1 8 4 10 5 
[00178510] 3 | 9 3 _ 11 0 3 _ 1 8 4 10 5 
[00178511] 2 | 9 3 _ 11 0 3 2 1 8 4 10 5 
[00178512] 3 | 9 3 _ 11 0 _ 3 1 8 4 10 5 
[00178513] 2 | 9 3 _ 11 0 2 3 1 8 4 10 5 
[00178514] 6 | _ 3 9 11 0 _ _ 1 8 _ 10 _ 
[00178515] 5 | 8 3 9 11 0 _ _ 1 8 _ 10 _ 
[00178516] 4 | 8 3 9 11 0 4 _ 1 8 _ 10 _ 
[00178517] 3 | 8 3 9 11 0 4 _ 1 8 _ 10 7 
[00178518] 2 | 8 3 9 11 0 4 2 1 8 _ 10 7 
[00178519] 4 | 8 3 9 11 0 _ 4 1 8 _ 10 _ 
[00178520] 3 | 8 3 9 11 0 _ 4 1 8 _ 10 7 
[00178521] 2 | 8 3 9 11 0 2 4 1 8 _ 10 7 
[00178522] 4 | 8 3 9 11 0 _ _ 1 8 _ 10 6 
[00178523] 5 | _ 3 9 11 0 5 _ 1 8 _ 10 _ 
[00178524] 4 | 7 3 9 11 0 5 _ 1 8 _ 10 _ 
[00178525] 4 | _ 3 9 11 0 5 4 1 8 _ 10 _ 
[00178526] 3 | 6 3 9 11 0 5 4 1 8 _ 10 _ 
[00178527] 2 | 6 3 9 11 0 5 4 1 8 10 10 _ 
[00178528] 2 | 6 3 9 11 0 5 4 1 8 _ 10 8 
[00178529] 3 | _ 3 9 11 0 5 4 1 8 _ 10 7 
[00178530] 2 | _ 3 9 11 0 5 4 1 8 6 10 7 
[00178531] 1 | 2 3 9 11 0 5 4 1 8 6 10 7  *Graceful*
[00178531] 4 | _ 3 9 11 0 5 _ 1 8 4 10 _ 
[00178532] 3 | 0 3 9 11 0 5 _ 1 8 4 10 _ 
[00178533] 3 | 6 3 9 11 0 5 _ 1 8 4 10 _ 
[00178534] 2 | 6 3 9 11 0 5 2 1 8 4 10 _ 
[00178535] 3 | _ 3 9 11 0 5 3 1 8 4 10 _ 
[00178536] 3 | _ 3 9 11 0 5 _ 1 8 4 10 7 
[00178537] 2 | _ 3 9 11 0 5 2 1 8 4 10 7 
[00178538] 4 | _ 3 9 11 0 5 _ 1 8 _ 10 6 
[00178539] 3 | 0 3 9 11 0 5 _ 1 8 _ 10 6 
[00178540] 3 | _ 3 9 11 0 5 3 1 8 _ 10 6 
[00178541] 5 | _ 3 9 11 0 _ 5 1 8 _ 10 _ 
[00178542] 4 | 7 3 9 11 0 _ 5 1 8 _ 10 _ 
[00178543] 4 | _ 3 9 11 0 4 5 1 8 _ 10 _ 
[00178544] 3 | 6 3 9 11 0 4 5 1 8 _ 10 _ 
[00178545] 2 | 6 3 9 11 0 4 5 1 8 10 10 _ 
[00178546] 2 | 6 3 9 11 0 4 5 1 8 _ 10 8 
[00178547] 3 | _ 3 9 11 0 4 5 1 8 _ 10 7 
[00178548] 2 | _ 3 9 11 0 4 5 1 8 6 10 7 
[00178549] 1 | 2 3 9 11 0 4 5 1 8 6 10 7  *Graceful*
[00178549] 4 | _ 3 9 11 0 _ 5 1 8 4 10 _ 
[00178550] 3 | 0 3 9 11 0 _ 5 1 8 4 10 _ 
[00178551] 3 | 6 3 9 11 0 _ 5 1 8 4 10 _ 
[00178552] 2 | 6 3 9 11 0 2 5 1 8 4 10 _ 
[00178553] 3 | _ 3 9 11 0 3 5 1 8 4 10 _ 
[00178554] 3 | _ 3 9 11 0 _ 5 1 8 4 10 7 
[00178555] 2 | _ 3 9 11 0 2 5 1 8 4 10 7 
[00178556] 4 | _ 3 9 11 0 _ 5 1 8 _ 10 6 
[00178557] 3 | 0 3 9 11 0 _ 5 1 8 _ 10 6 
[00178558] 3 | _ 3 9 11 0 3 5 1 8 _ 10 6 
[00178559] 5 | _ 3 9 11 0 _ _ 1 8 3 10 _ 
[00178560] 4 | _ 3 9 11 0 4 _ 1 8 3 10 _ 
[00178561] 3 | _ 3 9 11 0 4 _ 1 8 3 10 7 
[00178562] 2 | _ 3 9 11 0 4 2 1 8 3 10 7 
[00178563] 4 | _ 3 9 11 0 _ 4 1 8 3 10 _ 
[00178564] 3 | _ 3 9 11 0 _ 4 1 8 3 10 7 
[00178565] 2 | _ 3 9 11 0 2 4 1 8 3 10 7 
[00178566] 4 | _ 3 9 11 0 _ _ 1 8 3 10 6 
[00178567] 5 | _ 3 9 11 0 _ _ 1 8 _ 10 5 
[00178568] 4 | 7 3 9 11 0 _ _ 1 8 _ 10 5 
[00178569] 4 | _ 3 9 11 0 4 _ 1 8 _ 10 5 
[00178570] 3 | 0 3 9 11 0 4 _ 1 8 _ 10 5 
[00178571] 2 | 0 3 9 11 0 4 _ 1 8 6 10 5 
[00178572] 3 | 6 3 9 11 0 4 _ 1 8 _ 10 5 
[00178573] 2 | 6 3 9 11 0 4 2 1 8 _ 10 5 
[00178574] 1 | 6 3 9 11 0 4 2 1 8 7 10 5  *Graceful*
[00178574] 3 | _ 3 9 11 0 4 3 1 8 _ 10 5 
[00178575] 2 | _ 3 9 11 0 4 3 1 8 6 10 5 
[00178576] 4 | _ 3 9 11 0 _ 4 1 8 _ 10 5 
[00178577] 3 | 0 3 9 11 0 _ 4 1 8 _ 10 5 
[00178578] 2 | 0 3 9 11 0 _ 4 1 8 6 10 5 
[00178579] 3 | 6 3 9 11 0 _ 4 1 8 _ 10 5 
[00178580] 2 | 6 3 9 11 0 2 4 1 8 _ 10 5 
[00178581] 1 | 6 3 9 11 0 2 4 1 8 7 10 5  *Graceful*
[00178581] 3 | _ 3 9 11 0 3 4 1 8 _ 10 5 
[00178582] 2 | _ 3 9 11 0 3 4 1 8 6 10 5 
[00178583] 4 | _ 3 9 11 0 _ _ 1 8 4 10 5 
[00178584] 3 | 0 3 9 11 0 _ _ 1 8 4 10 5 
[00178585] 3 | 6 3 9 11 0 _ _ 1 8 4 10 5 
[00178586] 2 | 6 3 9 11 0 2 _ 1 8 4 10 5 
[00178587] 2 | 6 3 9 11 0 _ 2 1 8 4 10 5 
[00178588] 3 | _ 3 9 11 0 3 _ 1 8 4 10 5 
[00178589] 2 | _ 3 9 11 0 3 2 1 8 4 10 5 
[00178590] 3 | _ 3 9 11 0 _ 3 1 8 4 10 5 
[00178591] 2 | _ 3 9 11 0 2 3 1 8 4 10 5 
[00178592] 6 | _ 3 _ 11 0 6 _ 1 8 _ 10 _ 
[00178593] 5 | 8 3 _ 11 0 6 _ 1 8 _ 10 _ 
[00178594] 4 | 8 3 7 11 0 6 _ 1 8 _ 10 _ 
[00178595] 4 | 8 3 _ 11 0 6 4 1 8 _ 10 _ 
[00178596] 3 | 8 3 _ 11 0 6 4 1 8 _ 10 7 
[00178597] 2 | 8 3 5 11 0 6 4 1 8 _ 10 7 
[00178598] 5 | _ 3 8 11 0 6 _ 1 8 _ 10 _ 
[00178599] 4 | 7 3 8 11 0 6 _ 1 8 _ 10 _ 
[00178600] 4 | _ 3 8 11 0 6 4 1 8 _ 10 _ 
[00178601] 3 | _ 3 8 11 0 6 4 1 8 _ 10 7 
[00178602] 2 | 5 3 8 11 0 6 4 1 8 _ 10 7 
[00178603] 5 | _ 3 _ 11 0 6 5 1 8 _ 10 _ 
[00178604] 4 | 7 3 _ 11 0 6 5 1 8 _ 10 _ 
[00178605] 4 | _ 3 7 11 0 6 5 1 8 _ 10 _ 
[00178606] 4 | _ 3 _ 11 0 6 5 1 8 4 10 _ 
[00178607] 3 | _ 3 _ 11 0 6 5 1 8 4 10 7 
[00178608] 5 | _ 3 _ 11 0 6 _ 1 8 3 10 _ 
[00178609] 4 | _ 3 _ 11 0 6 4 1 8 3 10 _ 
[00178610] 3 | _ 3 _ 11 0 6 4 1 8 3 10 7 
[00178611] 5 | _ 3 _ 11 0 6 _ 1 8 _ 10 5 
[00178612] 4 | 7 3 _ 11 0 6 _ 1 8 _ 10 5 
[00178613] 3 | 7 3 0 11 0 6 _ 1 8 _ 10 5 
[00178614] 3 | 7 3 _ 11 0 6 3 1 8 _ 10 5 
[00178615] 4 | _ 3 7 11 0 6 _ 1 8 _ 10 5 
[00178616] 3 | 0 3 7 11 0 6 _ 1 8 _ 10 5 
[00178617] 3 | _ 3 7 11 0 6 3 1 8 _ 10 5 
[00178618] 4 | _ 3 _ 11 0 6 4 1 8 _ 10 5 
[00178619] 4 | _ 3 _ 11 0 6 _ 1 8 4 10 5 
[00178620] 3 | 0 3 _ 11 0 6 _ 1 8 4 10 5 
[00178621] 3 | _ 3 0 11 0 6 _ 1 8 4 10 5 
[00178622] 3 | _ 3 _ 11 0 6 3 1 8 4 10 5 
[00178623] 6 | _ 3 _ 11 0 _ 6 1 8 _ 10 _ 
[00178624] 5 | 8 3 _ 11 0 _ 6 1 8 _ 10 _ 
[00178625] 4 | 8 3 7 11 0 _ 6 1 8 _ 10 _ 
[00178626] 4 | 8 3 _ 11 0 4 6 1 8 _ 10 _ 
[00178627] 3 | 8 3 _ 11 0 4 6 1 8 _ 10 7 
[00178628] 2 | 8 3 5 11 0 4 6 1 8 _ 10 7 
[00178629] 5 | _ 3 8 11 0 _ 6 1 8 _ 10 _ 
[00178630] 4 | 7 3 8 11 0 _ 6 1 8 _ 10 _ 
[00178631] 4 | _ 3 8 11 0 4 6 1 8 _ 10 _ 
[00178632] 3 | _ 3 8 11 0 4 6 1 8 _ 10 7 
[00178633] 2 | 5 3 8 11 0 4 6 1 8 _ 10 7 
[00178634] 5 | _ 3 _ 11 0 5 6 1 8 _ 10 _ 
[00178635] 4 | 7 3 _ 11 0 5 6 1 8 _ 10 _ 
[00178636] 4 | _ 3 7 11 0 5 6 1 8 _ 10 _ 
[00178637] 4 | _ 3 _ 11 0 5 6 1 8 4 10 _ 
[00178638] 3 | _ 3 _ 11 0 5 6 1 8 4 10 7 
[00178639] 5 | _ 3 _ 11 0 _ 6 1 8 3 10 _ 
[00178640] 4 | _ 3 _ 11 0 4 6 1 8 3 10 _ 
[00178641] 3 | _ 3 _ 11 0 4 6 1 8 3 10 7 
[00178642] 5 | _ 3 _ 11 0 _ 6 1 8 _ 10 5 
[00178643] 4 | 7 3 _ 11 0 _ 6 1 8 _ 10 5 
[00178644] 3 | 7 3 0 11 0 _ 6 1 8 _ 10 5 
[00178645] 3 | 7 3 _ 11 0 3 6 1 8 _ 10 5 
[00178646] 4 | _ 3 7 11 0 _ 6 1 8 _ 10 5 
[00178647] 3 | 0 3 7 11 0 _ 6 1 8 _ 10 5 
[00178648] 3 | _ 3 7 11 0 3 6 1 8 _ 10 5 
[00178649] 4 | _ 3 _ 11 0 4 6 1 8 _ 10 5 
[00178650] 4 | _ 3 _ 11 0 _ 6 1 8 4 10 5 
[00178651] 3 | 0 3 _ 11 0 _ 6 1 8 4 10 5 
[00178652] 3 | _ 3 0 11 0 _ 6 1 8 4 10 5 
[00178653] 3 | _ 3 _ 11 0 3 6 1 8 4 10 5 
[00178654] 6 | _ 3 _ 11 0 _ _ 1 8 2 10 _ 
[00178655] 5 | _ 3 _ 11 0 5 _ 1 8 2 10 _ 
[00178656] 4 | 7 3 _ 11 0 5 _ 1 8 2 10 _ 
[00178657] 3 | 7 3 0 11 0 5 _ 1 8 2 10 _ 
[00178658] 3 | 7 3 6 11 0 5 _ 1 8 2 10 _ 
[00178659] 3 | 7 3 _ 11 0 5 3 1 8 2 10 _ 
[00178660] 4 | _ 3 7 11 0 5 _ 1 8 2 10 _ 
[00178661] 3 | 0 3 7 11 0 5 _ 1 8 2 10 _ 
[00178662] 3 | 6 3 7 11 0 5 _ 1 8 2 10 _ 
[00178663] 3 | _ 3 7 11 0 5 3 1 8 2 10 _ 
[00178664] 4 | _ 3 _ 11 0 5 4 1 8 2 10 _ 
[00178665] 3 | 6 3 _ 11 0 5 4 1 8 2 10 _ 
[00178666] 3 | _ 3 6 11 0 5 4 1 8 2 10 _ 
[00178667] 3 | _ 3 _ 11 0 5 4 1 8 2 10 7 
[00178668] 4 | _ 3 _ 11 0 5 _ 1 8 2 10 6 
[00178669] 3 | 0 3 _ 11 0 5 _ 1 8 2 10 6 
[00178670] 3 | _ 3 0 11 0 5 _ 1 8 2 10 6 
[00178671] 3 | _ 3 _ 11 0 5 3 1 8 2 10 6 
[00178672] 5 | _ 3 _ 11 0 _ 5 1 8 2 10 _ 
[00178673] 4 | 7 3 _ 11 0 _ 5 1 8 2 10 _ 
[00178674] 3 | 7 3 0 11 0 _ 5 1 8 2 10 _ 
[00178675] 3 | 7 3 6 11 0 _ 5 1 8 2 10 _ 
[00178676] 3 | 7 3 _ 11 0 3 5 1 8 2 10 _ 
[00178677] 4 | _ 3 7 11 0 _ 5 1 8 2 10 _ 
[00178678] 3 | 0 3 7 11 0 _ 5 1 8 2 10 _ 
[00178679] 3 | 6 3 7 11 0 _ 5 1 8 2 10 _ 
[00178680] 3 | _ 3 7 11 0 3 5 1 8 2 10 _ 
[00178681] 4 | _ 3 _ 11 0 4 5 1 8 2 10 _ 
[00178682] 3 | 6 3 _ 11 0 4 5 1 8 2 10 _ 
[00178683] 3 | _ 3 6 11 0 4 5 1 8 2 10 _ 
[00178684] 3 | _ 3 _ 11 0 4 5 1 8 2 10 7 
[00178685] 4 | _ 3 _ 11 0 _ 5 1 8 2 10 6 
[00178686] 3 | 0 3 _ 11 0 _ 5 1 8 2 10 6 
[00178687] 3 | _ 3 0 11 0 _ 5 1 8 2 10 6 
[00178688] 3 | _ 3 _ 11 0 3 5 1 8 2 10 6 
[00178689] 5 | _ 3 _ 11 0 _ _ 1 8 2 10 5 
[00178690] 4 | 7 3 _ 11 0 _ _ 1 8 2 10 5 
[00178691] 3 | 7 3 0 11 0 _ _ 1 8 2 10 5 
[00178692] 3 | 7 3 6 11 0 _ _ 1 8 2 10 5 
[00178693] 3 | 7 3 _ 11 0 3 _ 1 8 2 10 5 
[00178694] 3 | 7 3 _ 11 0 _ 3 1 8 2 10 5 
[00178695] 4 | _ 3 7 11 0 _ _ 1 8 2 10 5 
[00178696] 3 | 0 3 7 11 0 _ _ 1 8 2 10 5 
[00178697] 3 | 6 3 7 11 0 _ _ 1 8 2 10 5 
[00178698] 3 | _ 3 7 11 0 3 _ 1 8 2 10 5 
[00178699] 3 | _ 3 7 11 0 _ 3 1 8 2 10 5 
[00178700] 4 | _ 3 _ 11 0 4 _ 1 8 2 10 5 
[00178701] 3 | 0 3 _ 11 0 4 _ 1 8 2 10 5 
[00178702] 3 | 6 3 _ 11 0 4 _ 1 8 2 10 5 
[00178703] 3 | _ 3 0 11 0 4 _ 1 8 2 10 5 
[00178704] 3 | _ 3 6 11 0 4 _ 1 8 2 10 5 
[00178705] 3 | _ 3 _ 11 0 4 3 1 8 2 10 5 
[00178706] 4 | _ 3 _ 11 0 _ 4 1 8 2 10 5 
[00178707] 3 | 0 3 _ 11 0 _ 4 1 8 2 10 5 
[00178708] 3 | 6 3 _ 11 0 _ 4 1 8 2 10 5 
[00178709] 3 | _ 3 0 11 0 _ 4 1 8 2 10 5 
[00178710] 3 | _ 3 6 11 0 _ 4 1 8 2 10 5 
[00178711] 3 | _ 3 _ 11 0 3 4 1 8 2 10 5 
[00178712] 6 | _ 3 _ 11 0 _ _ 1 8 _ 10 4 
[00178713] 5 | 8 3 _ 11 0 _ _ 1 8 _ 10 4 
[00178714] 4 | 8 3 7 11 0 _ _ 1 8 _ 10 4 
[00178715] 5 | _ 3 8 11 0 _ _ 1 8 _ 10 4 
[00178716] 4 | 7 3 8 11 0 _ _ 1 8 _ 10 4 
[00178717] 5 | _ 3 _ 11 0 5 _ 1 8 _ 10 4 
[00178718] 4 | 7 3 _ 11 0 5 _ 1 8 _ 10 4 
[00178719] 3 | 7 3 0 11 0 5 _ 1 8 _ 10 4 
[00178720] 2 | 7 3 0 11 0 5 _ 1 8 6 10 4 
[00178721] 3 | 7 3 6 11 0 5 _ 1 8 _ 10 4 
[00178722] 2 | 7 3 6 11 0 5 2 1 8 _ 10 4 
[00178723] 1 | 7 3 6 11 0 5 2 1 8 9 10 4  *Graceful*
[00178723] 3 | 7 3 _ 11 0 5 3 1 8 _ 10 4 
[00178724] 2 | 7 3 _ 11 0 5 3 1 8 6 10 4 
[00178725] 4 | _ 3 7 11 0 5 _ 1 8 _ 10 4 
[00178726] 3 | 0 3 7 11 0 5 _ 1 8 _ 10 4 
[00178727] 2 | 0 3 7 11 0 5 _ 1 8 6 10 4 
[00178728] 3 | 6 3 7 11 0 5 _ 1 8 _ 10 4 
[00178729] 2 | 6 3 7 11 0 5 2 1 8 _ 10 4 
[00178730] 1 | 6 3 7 11 0 5 2 1 8 9 10 4  *Graceful*
[00178730] 3 | _ 3 7 11 0 5 3 1 8 _ 10 4 
[00178731] 2 | _ 3 7 11 0 5 3 1 8 6 10 4 
[00178732] 5 | _ 3 _ 11 0 _ 5 1 8 _ 10 4 
[00178733] 4 | 7 3 _ 11 0 _ 5 1 8 _ 10 4 
[00178734] 3 | 7 3 0 11 0 _ 5 1 8 _ 10 4 
[00178735] 2 | 7 3 0 11 0 _ 5 1 8 6 10 4 
[00178736] 3 | 7 3 6 11 0 _ 5 1 8 _ 10 4 
[00178737] 2 | 7 3 6 11 0 2 5 1 8 _ 10 4 
[00178738] 1 | 7 3 6 11 0 2 5 1 8 9 10 4  *Graceful*
[00178738] 3 | 7 3 _ 11 0 3 5 1 8 _ 10 4 
[00178739] 2 | 7 3 _ 11 0 3 5 1 8 6 10 4 
[00178740] 4 | _ 3 7 11 0 _ 5 1 8 _ 10 4 
[00178741] 3 | 0 3 7 11 0 _ 5 1 8 _ 10 4 
[00178742] 2 | 0 3 7 11 0 _ 5 1 8 6 10 4 
[00178743] 3 | 6 3 7 11 0 _ 5 1 8 _ 10 4 
[00178744] 2 | 6 3 7 11 0 2 5 1 8 _ 10 4 
[00178745] 1 | 6 3 7 11 0 2 5 1 8 9 10 4  *Graceful*
[00178745] 3 | _ 3 7 11 0 3 5 1 8 _ 10 4 
[00178746] 2 | _ 3 7 11 0 3 5 1 8 6 10 4 
[00178747] 5 | _ 3 _ 11 0 _ _ 1 8 3 10 4 
[00178748] 7 | _ 3 _ 11 0 _ _ 1 2 9 10 _ 
[00178749] 6 | _ 3 _ 11 0 6 _ 1 2 9 10 _ 
[00178750] 5 | 8 3 _ 11 0 6 _ 1 2 9 10 _ 
[00178751] 4 | 8 3 7 11 0 6 _ 1 2 9 10 _ 
[00178752] 4 | 8 3 _ 11 0 6 4 1 2 9 10 _ 
[00178753] 3 | 8 3 _ 11 0 6 4 1 2 9 10 7 
[00178754] 2 | 8 3 5 11 0 6 4 1 2 9 10 7 
[00178755] 1 | 8 3 5 11 0 6 4 1 2 9 10 7  *Graceful*
[00178755] 5 | _ 3 8 11 0 6 _ 1 2 9 10 _ 
[00178756] 4 | 7 3 8 11 0 6 _ 1 2 9 10 _ 
[00178757] 4 | _ 3 8 11 0 6 4 1 2 9 10 _ 
[00178758] 3 | _ 3 8 11 0 6 4 1 2 9 10 7 
[00178759] 2 | 5 3 8 11 0 6 4 1 2 9 10 7 
[00178760] 1 | 5 3 8 11 0 6 4 1 2 9 10 7  *Graceful*
[00178760] 5 | _ 3 _ 11 0 6 5 1 2 9 10 _ 
[00178761] 4 | 7 3 _ 11 0 6 5 1 2 9 10 _ 
[00178762] 4 | _ 3 7 11 0 6 5 1 2 9 10 _ 
[00178763] 5 | _ 3 _ 11 0 6 _ 1 2 9 10 5 
[00178764] 4 | 7 3 _ 11 0 6 _ 1 2 9 10 5 
[00178765] 3 | 7 3 0 11 0 6 _ 1 2 9 10 5 
[00178766] 3 | 7 3 _ 11 0 6 3 1 2 9 10 5 
[00178767] 4 | _ 3 7 11 0 6 _ 1 2 9 10 5 
[00178768] 3 | 0 3 7 11 0 6 _ 1 2 9 10 5 
[00178769] 3 | _ 3 7 11 0 6 3 1 2 9 10 5 
[00178770] 4 | _ 3 _ 11 0 6 4 1 2 9 10 5 
[00178771] 6 | _ 3 _ 11 0 _ 6 1 2 9 10 _ 
[00178772] 5 | 8 3 _ 11 0 _ 6 1 2 9 10 _ 
[00178773] 4 | 8 3 7 11 0 _ 6 1 2 9 10 _ 
[00178774] 4 | 8 3 _ 11 0 4 6 1 2 9 10 _ 
[00178775] 3 | 8 3 _ 11 0 4 6 1 2 9 10 7 
[00178776] 2 | 8 3 5 11 0 4 6 1 2 9 10 7 
[00178777] 1 | 8 3 5 11 0 4 6 1 2 9 10 7  *Graceful*
[00178777] 5 | _ 3 8 11 0 _ 6 1 2 9 10 _ 
[00178778] 4 | 7 3 8 11 0 _ 6 1 2 9 10 _ 
[00178779] 4 | _ 3 8 11 0 4 6 1 2 9 10 _ 
[00178780] 3 | _ 3 8 11 0 4 6 1 2 9 10 7 
[00178781] 2 | 5 3 8 11 0 4 6 1 2 9 10 7 
[00178782] 1 | 5 3 8 11 0 4 6 1 2 9 10 7  *Graceful*
[00178782] 5 | _ 3 _ 11 0 5 6 1 2 9 10 _ 
[00178783] 4 | 7 3 _ 11 0 5 6 1 2 9 10 _ 
[00178784] 4 | _ 3 7 11 0 5 6 1 2 9 10 _ 
[00178785] 5 | _ 3 _ 11 0 _ 6 1 2 9 10 5 
[00178786] 4 | 7 3 _ 11 0 _ 6 1 2 9 10 5 
[00178787] 3 | 7 3 0 11 0 _ 6 1 2 9 10 5 
[00178788] 3 | 7 3 _ 11 0 3 6 1 2 9 10 5 
[00178789] 4 | _ 3 7 11 0 _ 6 1 2 9 10 5 
[00178790] 3 | 0 3 7 11 0 _ 6 1 2 9 10 5 
[00178791] 3 | _ 3 7 11 0 3 6 1 2 9 10 5 
[00178792] 4 | _ 3 _ 11 0 4 6 1 2 9 10 5 
[00178793] 6 | _ 3 _ 11 0 _ _ 1 2 9 10 4 
[00178794] 5 | 8 3 _ 11 0 _ _ 1 2 9 10 4 
[00178795] 4 | 8 3 7 11 0 _ _ 1 2 9 10 4 
[00178796] 5 | _ 3 8 11 0 _ _ 1 2 9 10 4 
[00178797] 4 | 7 3 8 11 0 _ _ 1 2 9 10 4 
[00178798] 5 | _ 3 _ 11 0 5 _ 1 2 9 10 4 
[00178799] 4 | 7 3 _ 11 0 5 _ 1 2 9 10 4 
[00178800] 3 | 7 3 0 11 0 5 _ 1 2 9 10 4 
[00178801] 3 | 7 3 6 11 0 5 _ 1 2 9 10 4 
[00178802] 3 | 7 3 _ 11 0 5 3 1 2 9 10 4 
[00178803] 4 | _ 3 7 11 0 5 _ 1 2 9 10 4 
[00178804] 3 | 0 3 7 11 0 5 _ 1 2 9 10 4 
[00178805] 3 | 6 3 7 11 0 5 _ 1 2 9 10 4 
[00178806] 3 | _ 3 7 11 0 5 3 1 2 9 10 4 
[00178807] 5 | _ 3 _ 11 0 _ 5 1 2 9 10 4 
[00178808] 4 | 7 3 _ 11 0 _ 5 1 2 9 10 4 
[00178809] 3 | 7 3 0 11 0 _ 5 1 2 9 10 4 
[00178810] 3 | 7 3 6 11 0 _ 5 1 2 9 10 4 
[00178811] 3 | 7 3 _ 11 0 3 5 1 2 9 10 4 
[00178812] 4 | _ 3 7 11 0 _ 5 1 2 9 10 4 
[00178813] 3 | 0 3 7 11 0 _ 5 1 2 9 10 4 
[00178814] 3 | 6 3 7 11 0 _ 5 1 2 9 10 4 
[00178815] 3 | _ 3 7 11 0 3 5 1 2 9 10 4 
[00178816] 7 | _ 3 _ 11 0 _ _ 1 9 2 10 _ 
[00178817] 6 | _ 3 _ 11 0 6 _ 1 9 2 10 _ 
[00178818] 5 | 8 3 _ 11 0 6 _ 1 9 2 10 _ 
[00178819] 4 | 8 3 7 11 0 6 _ 1 9 2 10 _ 
[00178820] 4 | 8 3 _ 11 0 6 4 1 9 2 10 _ 
[00178821] 3 | 8 3 _ 11 0 6 4 1 9 2 10 7 
[00178822] 2 | 8 3 5 11 0 6 4 1 9 2 10 7 
[00178823] 5 | _ 3 8 11 0 6 _ 1 9 2 10 _ 
[00178824] 4 | 7 3 8 11 0 6 _ 1 9 2 10 _ 
[00178825] 4 | _ 3 8 11 0 6 4 1 9 2 10 _ 
[00178826] 3 | _ 3 8 11 0 6 4 1 9 2 10 7 
[00178827] 2 | 5 3 8 11 0 6 4 1 9 2 10 7 
[00178828] 5 | _ 3 _ 11 0 6 5 1 9 2 10 _ 
[00178829] 4 | 7 3 _ 11 0 6 5 1 9 2 10 _ 
[00178830] 4 | _ 3 7 11 0 6 5 1 9 2 10 _ 
[00178831] 5 | _ 3 _ 11 0 6 _ 1 9 2 10 5 
[00178832] 4 | 7 3 _ 11 0 6 _ 1 9 2 10 5 
[00178833] 3 | 7 3 0 11 0 6 _ 1 9 2 10 5 
[00178834] 3 | 7 3 _ 11 0 6 3 1 9 2 10 5 
[00178835] 4 | _ 3 7 11 0 6 _ 1 9 2 10 5 
[00178836] 3 | 0 3 7 11 0 6 _ 1 9 2 10 5 
[00178837] 3 | _ 3 7 11 0 6 3 1 9 2 10 5 
[00178838] 4 | _ 3 _ 11 0 6 4 1 9 2 10 5 
[00178839] 6 | _ 3 _ 11 0 _ 6 1 9 2 10 _ 
[00178840] 5 | 8 3 _ 11 0 _ 6 1 9 2 10 _ 
[00178841] 4 | 8 3 7 11 0 _ 6 1 9 2 10 _ 
[00178842] 4 | 8 3 _ 11 0 4 6 1 9 2 10 _ 
[00178843] 3 | 8 3 _ 11 0 4 6 1 9 2 10 7 
[00178844] 2 | 8 3 5 11 0 4 6 1 9 2 10 7 
[00178845] 5 | _ 3 8 11 0 _ 6 1 9 2 10 _ 
[00178846] 4 | 7 3 8 11 0 _ 6 1 9 2 10 _ 
[00178847] 4 | _ 3 8 11 0 4 6 1 9 2 10 _ 
[00178848] 3 | _ 3 8 11 0 4 6 1 9 2 10 7 
[00178849] 2 | 5 3 8 11 0 4 6 1 9 2 10 7 
[00178850] 5 | _ 3 _ 11 0 5 6 1 9 2 10 _ 
[00178851] 4 | 7 3 _ 11 0 5 6 1 9 2 10 _ 
[00178852] 4 | _ 3 7 11 0 5 6 1 9 2 10 _ 
[00178853] 5 | _ 3 _ 11 0 _ 6 1 9 2 10 5 
[00178854] 4 | 7 3 _ 11 0 _ 6 1 9 2 10 5 
[00178855] 3 | 7 3 0 11 0 _ 6 1 9 2 10 5 
[00178856] 3 | 7 3 _ 11 0 3 6 1 9 2 10 5 
[00178857] 4 | _ 3 7 11 0 _ 6 1 9 2 10 5 
[00178858] 3 | 0 3 7 11 0 _ 6 1 9 2 10 5 
[00178859] 3 | _ 3 7 11 0 3 6 1 9 2 10 5 
[00178860] 4 | _ 3 _ 11 0 4 6 1 9 2 10 5 
[00178861] 6 | _ 3 _ 11 0 _ _ 1 9 2 10 4 
[00178862] 5 | 8 3 _ 11 0 _ _ 1 9 2 10 4 
[00178863] 4 | 8 3 7 11 0 _ _ 1 9 2 10 4 
[00178864] 5 | _ 3 8 11 0 _ _ 1 9 2 10 4 
[00178865] 4 | 7 3 8 11 0 _ _ 1 9 2 10 4 
[00178866] 5 | _ 3 _ 11 0 5 _ 1 9 2 10 4 
[00178867] 4 | 7 3 _ 11 0 5 _ 1 9 2 10 4 
[00178868] 3 | 7 3 0 11 0 5 _ 1 9 2 10 4 
[00178869] 3 | 7 3 6 11 0 5 _ 1 9 2 10 4 
[00178870] 3 | 7 3 _ 11 0 5 3 1 9 2 10 4 
[00178871] 4 | _ 3 7 11 0 5 _ 1 9 2 10 4 
[00178872] 3 | 0 3 7 11 0 5 _ 1 9 2 10 4 
[00178873] 3 | 6 3 7 11 0 5 _ 1 9 2 10 4 
[00178874] 3 | _ 3 7 11 0 5 3 1 9 2 10 4 
[00178875] 5 | _ 3 _ 11 0 _ 5 1 9 2 10 4 
[00178876] 4 | 7 3 _ 11 0 _ 5 1 9 2 10 4 
[00178877] 3 | 7 3 0 11 0 _ 5 1 9 2 10 4 
[00178878] 3 | 7 3 6 11 0 _ 5 1 9 2 10 4 
[00178879] 3 | 7 3 _ 11 0 3 5 1 9 2 10 4 
[00178880] 4 | _ 3 7 11 0 _ 5 1 9 2 10 4 
[00178881] 3 | 0 3 7 11 0 _ 5 1 9 2 10 4 
[00178882] 3 | 6 3 7 11 0 _ 5 1 9 2 10 4 
[00178883] 3 | _ 3 7 11 0 3 5 1 9 2 10 4 
[00178884] 7 | _ 3 _ 11 0 _ _ 1 _ _ 10 3 
[00178885] 6 | _ 3 _ 11 0 6 _ 1 _ _ 10 3 
[00178886] 5 | _ 3 _ 11 0 6 5 1 _ _ 10 3 
[00178887] 4 | _ 3 _ 11 0 6 5 1 4 8 10 3 
[00178888] 4 | _ 3 _ 11 0 6 5 1 8 4 10 3 
[00178889] 5 | _ 3 _ 11 0 6 _ 1 2 7 10 3 
[00178890] 4 | _ 3 _ 11 0 6 4 1 2 7 10 3 
[00178891] 5 | _ 3 _ 11 0 6 _ 1 4 9 10 3 
[00178892] 5 | _ 3 _ 11 0 6 _ 1 7 2 10 3 
[00178893] 4 | _ 3 _ 11 0 6 4 1 7 2 10 3 
[00178894] 5 | _ 3 _ 11 0 6 _ 1 9 4 10 3 
[00178895] 6 | _ 3 _ 11 0 _ 6 1 _ _ 10 3 
[00178896] 5 | _ 3 _ 11 0 5 6 1 _ _ 10 3 
[00178897] 4 | _ 3 _ 11 0 5 6 1 4 8 10 3 
[00178898] 4 | _ 3 _ 11 0 5 6 1 8 4 10 3 
[00178899] 5 | _ 3 _ 11 0 _ 6 1 2 7 10 3 
[00178900] 4 | _ 3 _ 11 0 4 6 1 2 7 10 3 
[00178901] 5 | _ 3 _ 11 0 _ 6 1 4 9 10 3 
[00178902] 5 | _ 3 _ 11 0 _ 6 1 7 2 10 3 
[00178903] 4 | _ 3 _ 11 0 4 6 1 7 2 10 3 
[00178904] 5 | _ 3 _ 11 0 _ 6 1 9 4 10 3 
[00178905] 6 | _ 3 _ 11 0 _ _ 1 7 _ 10 3 
[00178906] 5 | _ 3 _ 11 0 5 _ 1 7 _ 10 3 
[00178907] 4 | _ 3 _ 11 0 5 4 1 7 _ 10 3 
[00178908] 5 | _ 3 _ 11 0 _ 5 1 7 _ 10 3 
[00178909] 4 | _ 3 _ 11 0 4 5 1 7 _ 10 3 
[00178910] 5 | _ 3 _ 11 0 _ _ 1 7 2 10 3 
[00178911] 4 | _ 3 _ 11 0 4 _ 1 7 2 10 3 
[00178912] 4 | _ 3 _ 11 0 _ 4 1 7 2 10 3 
[00178913] 6 | _ 3 _ 11 0 _ _ 1 2 8 10 3 
[00178914] 5 | _ 3 _ 11 0 5 _ 1 2 8 10 3 
[00178915] 4 | _ 3 _ 11 0 5 4 1 2 8 10 3 
[00178916] 5 | _ 3 _ 11 0 _ 5 1 2 8 10 3 
[00178917] 4 | _ 3 _ 11 0 4 5 1 2 8 10 3 
[00178918] 6 | _ 3 _ 11 0 _ _ 1 8 2 10 3 
[00178919] 5 | _ 3 _ 11 0 5 _ 1 8 2 10 3 
[00178920] 4 | _ 3 _ 11 0 5 4 1 8 2 10 3 
[00178921] 5 | _ 3 _ 11 0 _ 5 1 8 2 10 3 
[00178922] 4 | _ 3 _ 11 0 4 5 1 8 2 10 3 
[00178923] 8 | _ _ _ 11 0 8 _ 1 _ _ 10 _ 
[00178924] 7 | 2 9 _ 11 0 8 _ 1 _ _ 10 _ 
[00178925] 6 | 2 9 3 11 0 8 _ 1 _ _ 10 _ 
[00178926] 5 | 2 9 3 11 0 8 5 1 _ _ 10 _ 
[00178927] 4 | 2 9 3 11 0 8 5 1 _ _ 10 6 
[00178928] 3 | 2 9 3 11 0 8 5 1 4 _ 10 6 
[00178929] 3 | 2 9 3 11 0 8 5 1 4 7 10 6 
[00178930] 3 | 2 9 3 11 0 8 5 1 7 4 10 6 
[00178931] 5 | 2 9 3 11 0 8 _ 1 6 _ 10 _ 
[00178932] 4 | 2 9 3 11 0 8 4 1 6 _ 10 _ 
[00178933] 3 | 2 9 3 11 0 8 4 1 6 _ 10 7 
[00178934] 4 | 2 9 3 11 0 8 _ 1 6 10 10 _ 
[00178935] 4 | 2 9 3 11 0 8 _ 1 6 _ 10 6 
[00178936] 5 | 2 9 3 11 0 8 _ 1 _ _ 10 5 
[00178937] 4 | 2 9 3 11 0 8 4 1 _ _ 10 5 
[00178938] 6 | 2 9 _ 11 0 8 6 1 _ _ 10 _ 
[00178939] 5 | 2 9 4 11 0 8 6 1 _ _ 10 _ 
[00178940] 4 | 2 9 4 11 0 8 6 1 5 _ 10 _ 
[00178941] 3 | 2 9 4 11 0 8 6 1 5 _ 10 7 
[00178942] 2 | 2 9 4 11 0 8 6 1 5 3 10 7 
[00178943] 4 | 2 9 4 11 0 8 6 1 3 7 10 _ 
[00178944] 4 | 2 9 4 11 0 8 6 1 7 3 10 _ 
[00178945] 5 | 2 9 _ 11 0 8 6 1 _ _ 10 5 
[00178946] 4 | 2 9 _ 11 0 8 6 1 3 7 10 5 
[00178947] 4 | 2 9 _ 11 0 8 6 1 7 3 10 5 
[00178948] 6 | 2 9 _ 11 0 8 _ 1 7 _ 10 _ 
[00178949] 5 | 2 9 4 11 0 8 _ 1 7 _ 10 _ 
[00178950] 4 | 2 9 4 11 0 8 _ 1 7 3 10 _ 
[00178951] 4 | 2 9 4 11 0 8 _ 1 7 _ 10 6 
[00178952] 3 | 2 9 4 11 0 8 3 1 7 _ 10 6 
[00178953] 2 | 2 9 4 11 0 8 3 1 7 5 10 6 
[00178954] 5 | 2 9 _ 11 0 8 5 1 7 _ 10 _ 
[00178955] 4 | 2 9 _ 11 0 8 5 1 7 3 10 _ 
[00178956] 3 | 2 9 6 11 0 8 5 1 7 3 10 _ 
[00178957] 4 | 2 9 _ 11 0 8 5 1 7 _ 10 6 
[00178958] 3 | 2 9 _ 11 0 8 5 1 7 4 10 6 
[00178959] 5 | 2 9 _ 11 0 8 _ 1 7 _ 10 5 
[00178960] 4 | 2 9 _ 11 0 8 4 1 7 _ 10 5 
[00178961] 3 | 2 9 6 11 0 8 4 1 7 _ 10 5 
[00178962] 4 | 2 9 _ 11 0 8 _ 1 7 3 10 5 
[00178963] 3 | 2 9 6 11 0 8 _ 1 7 3 10 5 
[00178964] 6 | 2 9 _ 11 0 8 _ 1 _ _ 10 4 
[00178965] 5 | 2 9 _ 11 0 8 5 1 _ _ 10 4 
[00178966] 4 | 2 9 _ 11 0 8 5 1 3 7 10 4 
[00178967] 3 | 2 9 6 11 0 8 5 1 3 7 10 4 
[00178968] 4 | 2 9 _ 11 0 8 5 1 7 3 10 4 
[00178969] 3 | 2 9 6 11 0 8 5 1 7 3 10 4 
[00178970] 5 | 2 9 _ 11 0 8 _ 1 6 _ 10 4 
[00178971] 4 | 2 9 5 11 0 8 _ 1 6 _ 10 4 
[00178972] 3 | 2 9 5 11 0 8 3 1 6 _ 10 4 
