[00363446] 4 | _ 10 3 2 4 8 9 11 0 _ 1 7 
[00363447] 4 | _ 10 3 2 4 _ 9 11 0 4 1 7 
[00363448] 5 | _ 10 3 2 9 _ 4 11 0 _ 1 7 
[00363449] 4 | 6 10 3 2 9 _ 4 11 0 _ 1 7 
[00363450] 4 | _ 10 3 2 9 5 4 11 0 _ 1 7 
[00363451] 5 | _ 10 3 2 _ _ _ 11 0 5 1 7 
[00363452] 4 | 6 10 3 2 _ _ _ 11 0 5 1 7 
[00363453] 4 | _ 10 3 2 6 _ _ 11 0 5 1 7 
[00363454] 3 | _ 10 3 2 6 9 _ 11 0 5 1 7 
[00363455] 2 | 8 10 3 2 6 9 _ 11 0 5 1 7 
[00363456] 2 | _ 10 3 2 6 9 4 11 0 5 1 7 
[00363457] 2 | _ 10 3 2 6 9 8 11 0 5 1 7 
[00363458] 3 | _ 10 3 2 6 _ 9 11 0 5 1 7 
[00363459] 2 | 8 10 3 2 6 _ 9 11 0 5 1 7 
[00363460] 2 | _ 10 3 2 6 4 9 11 0 5 1 7 
[00363461] 2 | _ 10 3 2 6 8 9 11 0 5 1 7 
[00363462] 4 | _ 10 3 2 4 8 _ 11 0 5 1 7 
[00363463] 4 | _ 10 3 2 8 4 _ 11 0 5 1 7 
[00363464] 4 | _ 10 3 2 4 _ 8 11 0 5 1 7 
[00363465] 4 | _ 10 3 2 8 _ 4 11 0 5 1 7 
[00363466] 7 | _ 10 _ 2 9 _ _ 11 0 _ 1 _ 
[00363467] 6 | 4 10 _ 2 9 _ _ 11 0 _ 1 _ 
[00363468] 5 | 4 10 5 2 9 _ _ 11 0 _ 1 _ 
[00363469] 5 | 4 10 _ 2 9 _ _ 11 0 5 1 _ 
[00363470] 4 | 4 10 6 2 9 _ _ 11 0 5 1 _ 
[00363471] 5 | 4 10 _ 2 9 _ _ 11 0 _ 1 6 
[00363472] 4 | 4 10 _ 2 9 5 _ 11 0 _ 1 6 
[00363473] 3 | 4 10 7 2 9 5 _ 11 0 _ 1 6 
[00363474] 3 | 4 10 _ 2 9 5 _ 11 0 3 1 6 
[00363475] 2 | 4 10 8 2 9 5 _ 11 0 3 1 6 
[00363476] 2 | 4 10 _ 2 9 5 7 11 0 3 1 6 
[00363477] 4 | 4 10 _ 2 9 _ 5 11 0 _ 1 6 
[00363478] 3 | 4 10 7 2 9 _ 5 11 0 _ 1 6 
[00363479] 3 | 4 10 _ 2 9 _ 5 11 0 3 1 6 
[00363480] 2 | 4 10 8 2 9 _ 5 11 0 3 1 6 
[00363481] 2 | 4 10 _ 2 9 7 5 11 0 3 1 6 
[00363482] 6 | _ 10 4 2 9 _ _ 11 0 _ 1 _ 
[00363483] 5 | 5 10 4 2 9 _ _ 11 0 _ 1 _ 
[00363484] 5 | _ 10 4 2 9 _ _ 11 0 5 1 _ 
[00363485] 4 | 6 10 4 2 9 _ _ 11 0 5 1 _ 
[00363486] 5 | _ 10 4 2 9 _ _ 11 0 _ 1 6 
[00363487] 4 | _ 10 4 2 9 5 _ 11 0 _ 1 6 
[00363488] 3 | 7 10 4 2 9 5 _ 11 0 _ 1 6 
[00363489] 3 | _ 10 4 2 9 5 _ 11 0 3 1 6 
[00363490] 2 | 8 10 4 2 9 5 _ 11 0 3 1 6 
[00363491] 2 | _ 10 4 2 9 5 7 11 0 3 1 6 
[00363492] 4 | _ 10 4 2 9 _ 5 11 0 _ 1 6 
[00363493] 3 | 7 10 4 2 9 _ 5 11 0 _ 1 6 
[00363494] 3 | _ 10 4 2 9 _ 5 11 0 3 1 6 
[00363495] 2 | 8 10 4 2 9 _ 5 11 0 3 1 6 
[00363496] 2 | _ 10 4 2 9 7 5 11 0 3 1 6 
[00363497] 6 | _ 10 _ 2 9 3 _ 11 0 _ 1 _ 
[00363498] 5 | 5 10 _ 2 9 3 _ 11 0 _ 1 _ 
[00363499] 4 | 5 10 6 2 9 3 _ 11 0 _ 1 _ 
[00363500] 3 | 5 10 6 2 9 3 _ 11 0 _ 1 4 
[00363501] 2 | 5 10 6 2 9 3 7 11 0 _ 1 4 
[00363502] 4 | 5 10 _ 2 9 3 _ 11 0 4 1 _ 
[00363503] 3 | 5 10 7 2 9 3 _ 11 0 4 1 _ 
[00363504] 3 | 5 10 _ 2 9 3 6 11 0 4 1 _ 
[00363505] 2 | 5 10 8 2 9 3 6 11 0 4 1 _ 
[00363506] 5 | _ 10 5 2 9 3 _ 11 0 _ 1 _ 
[00363507] 4 | 6 10 5 2 9 3 _ 11 0 _ 1 _ 
[00363508] 3 | 6 10 5 2 9 3 _ 11 0 _ 1 4 
[00363509] 2 | 6 10 5 2 9 3 7 11 0 _ 1 4 
[00363510] 4 | _ 10 5 2 9 3 _ 11 0 4 1 _ 
[00363511] 3 | 7 10 5 2 9 3 _ 11 0 4 1 _ 
[00363512] 3 | _ 10 5 2 9 3 6 11 0 4 1 _ 
[00363513] 2 | 8 10 5 2 9 3 6 11 0 4 1 _ 
[00363514] 5 | _ 10 _ 2 9 3 4 11 0 _ 1 _ 
[00363515] 4 | 6 10 _ 2 9 3 4 11 0 _ 1 _ 
[00363516] 3 | 6 10 7 2 9 3 4 11 0 _ 1 _ 
[00363517] 4 | _ 10 6 2 9 3 4 11 0 _ 1 _ 
[00363518] 3 | 7 10 6 2 9 3 4 11 0 _ 1 _ 
[00363519] 4 | _ 10 _ 2 9 3 4 11 0 _ 1 5 
[00363520] 3 | 7 10 _ 2 9 3 4 11 0 _ 1 5 
[00363521] 2 | 7 10 8 2 9 3 4 11 0 _ 1 5 
[00363522] 3 | _ 10 7 2 9 3 4 11 0 _ 1 5 
[00363523] 2 | 8 10 7 2 9 3 4 11 0 _ 1 5 
[00363524] 5 | _ 10 _ 2 9 3 _ 11 0 5 1 _ 
[00363525] 4 | 6 10 _ 2 9 3 _ 11 0 5 1 _ 
[00363526] 3 | 6 10 7 2 9 3 _ 11 0 5 1 _ 
[00363527] 3 | 6 10 _ 2 9 3 _ 11 0 5 1 4 
[00363528] 2 | 6 10 8 2 9 3 _ 11 0 5 1 4 
[00363529] 2 | 6 10 _ 2 9 3 7 11 0 5 1 4 
[00363530] 4 | _ 10 6 2 9 3 _ 11 0 5 1 _ 
[00363531] 3 | 7 10 6 2 9 3 _ 11 0 5 1 _ 
[00363532] 3 | _ 10 6 2 9 3 _ 11 0 5 1 4 
[00363533] 2 | 8 10 6 2 9 3 _ 11 0 5 1 4 
[00363534] 2 | _ 10 6 2 9 3 7 11 0 5 1 4 
[00363535] 5 | _ 10 _ 2 9 3 _ 11 0 _ 1 6 
[00363536] 4 | _ 10 _ 2 9 3 5 11 0 _ 1 6 
[00363537] 3 | 7 10 _ 2 9 3 5 11 0 _ 1 6 
[00363538] 2 | 7 10 8 2 9 3 5 11 0 _ 1 6 
[00363539] 3 | _ 10 7 2 9 3 5 11 0 _ 1 6 
[00363540] 2 | 8 10 7 2 9 3 5 11 0 _ 1 6 
[00363541] 4 | _ 10 _ 2 9 3 _ 11 0 4 1 6 
[00363542] 3 | 7 10 _ 2 9 3 _ 11 0 4 1 6 
[00363543] 2 | 7 10 8 2 9 3 _ 11 0 4 1 6 
[00363544] 3 | _ 10 7 2 9 3 _ 11 0 4 1 6 
[00363545] 2 | 8 10 7 2 9 3 _ 11 0 4 1 6 
[00363546] 6 | _ 10 _ 2 9 _ 3 11 0 _ 1 _ 
[00363547] 5 | 5 10 _ 2 9 _ 3 11 0 _ 1 _ 
[00363548] 4 | 5 10 6 2 9 _ 3 11 0 _ 1 _ 
[00363549] 3 | 5 10 6 2 9 _ 3 11 0 _ 1 4 
[00363550] 2 | 5 10 6 2 9 7 3 11 0 _ 1 4 
[00363551] 4 | 5 10 _ 2 9 _ 3 11 0 4 1 _ 
[00363552] 3 | 5 10 7 2 9 _ 3 11 0 4 1 _ 
[00363553] 3 | 5 10 _ 2 9 6 3 11 0 4 1 _ 
[00363554] 2 | 5 10 8 2 9 6 3 11 0 4 1 _ 
[00363555] 5 | _ 10 5 2 9 _ 3 11 0 _ 1 _ 
[00363556] 4 | 6 10 5 2 9 _ 3 11 0 _ 1 _ 
[00363557] 3 | 6 10 5 2 9 _ 3 11 0 _ 1 4 
[00363558] 2 | 6 10 5 2 9 7 3 11 0 _ 1 4 
[00363559] 4 | _ 10 5 2 9 _ 3 11 0 4 1 _ 
[00363560] 3 | 7 10 5 2 9 _ 3 11 0 4 1 _ 
[00363561] 3 | _ 10 5 2 9 6 3 11 0 4 1 _ 
[00363562] 2 | 8 10 5 2 9 6 3 11 0 4 1 _ 
[00363563] 5 | _ 10 _ 2 9 4 3 11 0 _ 1 _ 
[00363564] 4 | 6 10 _ 2 9 4 3 11 0 _ 1 _ 
[00363565] 3 | 6 10 7 2 9 4 3 11 0 _ 1 _ 
[00363566] 4 | _ 10 6 2 9 4 3 11 0 _ 1 _ 
[00363567] 3 | 7 10 6 2 9 4 3 11 0 _ 1 _ 
[00363568] 4 | _ 10 _ 2 9 4 3 11 0 _ 1 5 
[00363569] 3 | 7 10 _ 2 9 4 3 11 0 _ 1 5 
[00363570] 2 | 7 10 8 2 9 4 3 11 0 _ 1 5 
[00363571] 3 | _ 10 7 2 9 4 3 11 0 _ 1 5 
[00363572] 2 | 8 10 7 2 9 4 3 11 0 _ 1 5 
[00363573] 5 | _ 10 _ 2 9 _ 3 11 0 5 1 _ 
[00363574] 4 | 6 10 _ 2 9 _ 3 11 0 5 1 _ 
[00363575] 3 | 6 10 7 2 9 _ 3 11 0 5 1 _ 
[00363576] 3 | 6 10 _ 2 9 _ 3 11 0 5 1 4 
[00363577] 2 | 6 10 8 2 9 _ 3 11 0 5 1 4 
[00363578] 2 | 6 10 _ 2 9 7 3 11 0 5 1 4 
[00363579] 4 | _ 10 6 2 9 _ 3 11 0 5 1 _ 
[00363580] 3 | 7 10 6 2 9 _ 3 11 0 5 1 _ 
[00363581] 3 | _ 10 6 2 9 _ 3 11 0 5 1 4 
[00363582] 2 | 8 10 6 2 9 _ 3 11 0 5 1 4 
[00363583] 2 | _ 10 6 2 9 7 3 11 0 5 1 4 
[00363584] 5 | _ 10 _ 2 9 _ 3 11 0 _ 1 6 
[00363585] 4 | _ 10 _ 2 9 5 3 11 0 _ 1 6 
[00363586] 3 | 7 10 _ 2 9 5 3 11 0 _ 1 6 
[00363587] 2 | 7 10 8 2 9 5 3 11 0 _ 1 6 
[00363588] 3 | _ 10 7 2 9 5 3 11 0 _ 1 6 
[00363589] 2 | 8 10 7 2 9 5 3 11 0 _ 1 6 
[00363590] 4 | _ 10 _ 2 9 _ 3 11 0 4 1 6 
[00363591] 3 | 7 10 _ 2 9 _ 3 11 0 4 1 6 
[00363592] 2 | 7 10 8 2 9 _ 3 11 0 4 1 6 
[00363593] 3 | _ 10 7 2 9 _ 3 11 0 4 1 6 
[00363594] 2 | 8 10 7 2 9 _ 3 11 0 4 1 6 
[00363595] 6 | _ 10 _ 2 9 _ _ 11 0 6 1 _ 
[00363596] 5 | 5 10 _ 2 9 _ _ 11 0 6 1 _ 
[00363597] 5 | _ 10 5 2 9 _ _ 11 0 6 1 _ 
[00363598] 5 | _ 10 _ 2 9 4 _ 11 0 6 1 _ 
[00363599] 4 | _ 10 _ 2 9 4 5 11 0 6 1 _ 
[00363600] 3 | 7 10 _ 2 9 4 5 11 0 6 1 _ 
[00363601] 2 | 7 10 8 2 9 4 5 11 0 6 1 _ 
[00363602] 2 | 7 10 _ 2 9 4 5 11 0 6 1 3 
[00363603] 3 | _ 10 7 2 9 4 5 11 0 6 1 _ 
[00363604] 2 | 8 10 7 2 9 4 5 11 0 6 1 _ 
[00363605] 2 | _ 10 7 2 9 4 5 11 0 6 1 3 
[00363606] 4 | _ 10 _ 2 9 4 _ 11 0 6 1 5 
[00363607] 3 | 7 10 _ 2 9 4 _ 11 0 6 1 5 
[00363608] 2 | 7 10 8 2 9 4 _ 11 0 6 1 5 
[00363609] 3 | _ 10 7 2 9 4 _ 11 0 6 1 5 
[00363610] 2 | 8 10 7 2 9 4 _ 11 0 6 1 5 
[00363611] 5 | _ 10 _ 2 9 _ 4 11 0 6 1 _ 
[00363612] 4 | _ 10 _ 2 9 5 4 11 0 6 1 _ 
[00363613] 3 | 7 10 _ 2 9 5 4 11 0 6 1 _ 
[00363614] 2 | 7 10 8 2 9 5 4 11 0 6 1 _ 
[00363615] 2 | 7 10 _ 2 9 5 4 11 0 6 1 3 
[00363616] 3 | _ 10 7 2 9 5 4 11 0 6 1 _ 
[00363617] 2 | 8 10 7 2 9 5 4 11 0 6 1 _ 
[00363618] 2 | _ 10 7 2 9 5 4 11 0 6 1 3 
[00363619] 4 | _ 10 _ 2 9 _ 4 11 0 6 1 5 
[00363620] 3 | 7 10 _ 2 9 _ 4 11 0 6 1 5 
[00363621] 2 | 7 10 8 2 9 _ 4 11 0 6 1 5 
[00363622] 3 | _ 10 7 2 9 _ 4 11 0 6 1 5 
[00363623] 2 | 8 10 7 2 9 _ 4 11 0 6 1 5 
[00363624] 6 | _ 10 _ 2 9 _ _ 11 0 _ 1 7 
[00363625] 5 | 5 10 _ 2 9 _ _ 11 0 _ 1 7 
[00363626] 4 | 5 10 6 2 9 _ _ 11 0 _ 1 7 
[00363627] 3 | 5 10 6 2 9 _ _ 11 0 3 1 7 
[00363628] 4 | 5 10 _ 2 9 _ _ 11 0 4 1 7 
[00363629] 3 | 5 10 _ 2 9 6 _ 11 0 4 1 7 
[00363630] 2 | 5 10 8 2 9 6 _ 11 0 4 1 7 
[00363631] 3 | 5 10 _ 2 9 _ 6 11 0 4 1 7 
[00363632] 2 | 5 10 8 2 9 _ 6 11 0 4 1 7 
[00363633] 5 | _ 10 5 2 9 _ _ 11 0 _ 1 7 
[00363634] 4 | 6 10 5 2 9 _ _ 11 0 _ 1 7 
[00363635] 3 | 6 10 5 2 9 _ _ 11 0 3 1 7 
[00363636] 4 | _ 10 5 2 9 _ _ 11 0 4 1 7 
[00363637] 3 | _ 10 5 2 9 6 _ 11 0 4 1 7 
[00363638] 2 | 8 10 5 2 9 6 _ 11 0 4 1 7 
[00363639] 3 | _ 10 5 2 9 _ 6 11 0 4 1 7 
[00363640] 2 | 8 10 5 2 9 _ 6 11 0 4 1 7 
[00363641] 5 | _ 10 _ 2 9 4 _ 11 0 _ 1 7 
[00363642] 4 | 6 10 _ 2 9 4 _ 11 0 _ 1 7 
[00363643] 3 | 6 10 _ 2 9 4 _ 11 0 3 1 7 
[00363644] 2 | 6 10 8 2 9 4 _ 11 0 3 1 7 
[00363645] 4 | _ 10 6 2 9 4 _ 11 0 _ 1 7 
[00363646] 3 | _ 10 6 2 9 4 _ 11 0 3 1 7 
[00363647] 2 | 8 10 6 2 9 4 _ 11 0 3 1 7 
[00363648] 4 | _ 10 _ 2 9 4 5 11 0 _ 1 7 
[00363649] 3 | _ 10 _ 2 9 4 5 11 0 3 1 7 
[00363650] 2 | 8 10 _ 2 9 4 5 11 0 3 1 7 
[00363651] 2 | _ 10 8 2 9 4 5 11 0 3 1 7 
[00363652] 5 | _ 10 _ 2 9 _ 4 11 0 _ 1 7 
[00363653] 4 | 6 10 _ 2 9 _ 4 11 0 _ 1 7 
[00363654] 3 | 6 10 _ 2 9 _ 4 11 0 3 1 7 
[00363655] 2 | 6 10 8 2 9 _ 4 11 0 3 1 7 
[00363656] 4 | _ 10 6 2 9 _ 4 11 0 _ 1 7 
[00363657] 3 | _ 10 6 2 9 _ 4 11 0 3 1 7 
[00363658] 2 | 8 10 6 2 9 _ 4 11 0 3 1 7 
[00363659] 4 | _ 10 _ 2 9 5 4 11 0 _ 1 7 
[00363660] 3 | _ 10 _ 2 9 5 4 11 0 3 1 7 
[00363661] 2 | 8 10 _ 2 9 5 4 11 0 3 1 7 
[00363662] 2 | _ 10 8 2 9 5 4 11 0 3 1 7 
[00363663] 5 | _ 10 _ 2 9 _ _ 11 0 5 1 7 
[00363664] 4 | 6 10 _ 2 9 _ _ 11 0 5 1 7 
[00363665] 4 | _ 10 6 2 9 _ _ 11 0 5 1 7 
[00363666] 7 | _ 10 _ 2 _ _ _ 11 0 7 1 _ 
[00363667] 6 | 4 10 _ 2 _ _ _ 11 0 7 1 _ 
[00363668] 5 | 4 10 5 2 _ _ _ 11 0 7 1 _ 
[00363669] 4 | 4 10 5 2 6 _ _ 11 0 7 1 _ 
[00363670] 3 | 4 10 5 2 6 3 _ 11 0 7 1 _ 
[00363671] 2 | 4 10 5 2 6 3 8 11 0 7 1 _ 
[00363672] 3 | 4 10 5 2 6 9 _ 11 0 7 1 _ 
[00363673] 2 | 4 10 5 2 6 9 8 11 0 7 1 _ 
[00363674] 2 | 4 10 5 2 6 9 _ 11 0 7 1 3 
[00363675] 3 | 4 10 5 2 6 _ 3 11 0 7 1 _ 
[00363676] 2 | 4 10 5 2 6 8 3 11 0 7 1 _ 
[00363677] 3 | 4 10 5 2 6 _ 9 11 0 7 1 _ 
[00363678] 2 | 4 10 5 2 6 8 9 11 0 7 1 _ 
[00363679] 2 | 4 10 5 2 6 _ 9 11 0 7 1 3 
[00363680] 5 | 4 10 _ 2 3 8 _ 11 0 7 1 _ 
[00363681] 4 | 4 10 6 2 3 8 _ 11 0 7 1 _ 
[00363682] 4 | 4 10 _ 2 3 8 _ 11 0 7 1 5 
[00363683] 3 | 4 10 _ 2 3 8 6 11 0 7 1 5 
[00363684] 5 | 4 10 _ 2 8 3 _ 11 0 7 1 _ 
[00363685] 4 | 4 10 6 2 8 3 _ 11 0 7 1 _ 
[00363686] 3 | 4 10 6 2 8 3 5 11 0 7 1 _ 
[00363687] 4 | 4 10 _ 2 8 3 _ 11 0 7 1 5 
[00363688] 5 | 4 10 _ 2 3 _ 8 11 0 7 1 _ 
[00363689] 4 | 4 10 6 2 3 _ 8 11 0 7 1 _ 
[00363690] 4 | 4 10 _ 2 3 _ 8 11 0 7 1 5 
[00363691] 3 | 4 10 _ 2 3 6 8 11 0 7 1 5 
[00363692] 5 | 4 10 _ 2 8 _ 3 11 0 7 1 _ 
[00363693] 4 | 4 10 6 2 8 _ 3 11 0 7 1 _ 
[00363694] 3 | 4 10 6 2 8 5 3 11 0 7 1 _ 
[00363695] 4 | 4 10 _ 2 8 _ 3 11 0 7 1 5 
[00363696] 5 | 4 10 _ 2 _ _ _ 11 0 7 1 6 
[00363697] 4 | 4 10 _ 2 5 9 _ 11 0 7 1 6 
[00363698] 3 | 4 10 _ 2 5 9 8 11 0 7 1 6 
[00363699] 4 | 4 10 _ 2 9 5 _ 11 0 7 1 6 
[00363700] 4 | 4 10 _ 2 5 _ 9 11 0 7 1 6 
[00363701] 3 | 4 10 _ 2 5 8 9 11 0 7 1 6 
[00363702] 4 | 4 10 _ 2 9 _ 5 11 0 7 1 6 
[00363703] 6 | _ 10 4 2 _ _ _ 11 0 7 1 _ 
[00363704] 5 | 5 10 4 2 _ _ _ 11 0 7 1 _ 
[00363705] 4 | 5 10 4 2 6 _ _ 11 0 7 1 _ 
[00363706] 3 | 5 10 4 2 6 3 _ 11 0 7 1 _ 
[00363707] 2 | 5 10 4 2 6 3 8 11 0 7 1 _ 
[00363708] 3 | 5 10 4 2 6 9 _ 11 0 7 1 _ 
[00363709] 2 | 5 10 4 2 6 9 8 11 0 7 1 _ 
[00363710] 2 | 5 10 4 2 6 9 _ 11 0 7 1 3 
[00363711] 3 | 5 10 4 2 6 _ 3 11 0 7 1 _ 
[00363712] 2 | 5 10 4 2 6 8 3 11 0 7 1 _ 
[00363713] 3 | 5 10 4 2 6 _ 9 11 0 7 1 _ 
[00363714] 2 | 5 10 4 2 6 8 9 11 0 7 1 _ 
[00363715] 2 | 5 10 4 2 6 _ 9 11 0 7 1 3 
[00363716] 5 | _ 10 4 2 3 8 _ 11 0 7 1 _ 
[00363717] 4 | 6 10 4 2 3 8 _ 11 0 7 1 _ 
[00363718] 4 | _ 10 4 2 3 8 _ 11 0 7 1 5 
[00363719] 3 | _ 10 4 2 3 8 6 11 0 7 1 5 
[00363720] 5 | _ 10 4 2 8 3 _ 11 0 7 1 _ 
[00363721] 4 | 6 10 4 2 8 3 _ 11 0 7 1 _ 
[00363722] 3 | 6 10 4 2 8 3 5 11 0 7 1 _ 
[00363723] 4 | _ 10 4 2 8 3 _ 11 0 7 1 5 
[00363724] 5 | _ 10 4 2 3 _ 8 11 0 7 1 _ 
[00363725] 4 | 6 10 4 2 3 _ 8 11 0 7 1 _ 
[00363726] 4 | _ 10 4 2 3 _ 8 11 0 7 1 5 
[00363727] 3 | _ 10 4 2 3 6 8 11 0 7 1 5 
[00363728] 5 | _ 10 4 2 8 _ 3 11 0 7 1 _ 
[00363729] 4 | 6 10 4 2 8 _ 3 11 0 7 1 _ 
[00363730] 3 | 6 10 4 2 8 5 3 11 0 7 1 _ 
[00363731] 4 | _ 10 4 2 8 _ 3 11 0 7 1 5 
[00363732] 5 | _ 10 4 2 _ _ _ 11 0 7 1 6 
[00363733] 4 | _ 10 4 2 5 9 _ 11 0 7 1 6 
[00363734] 3 | _ 10 4 2 5 9 8 11 0 7 1 6 
[00363735] 4 | _ 10 4 2 9 5 _ 11 0 7 1 6 
[00363736] 4 | _ 10 4 2 5 _ 9 11 0 7 1 6 
[00363737] 3 | _ 10 4 2 5 8 9 11 0 7 1 6 
[00363738] 4 | _ 10 4 2 9 _ 5 11 0 7 1 6 
[00363739] 6 | _ 10 _ 2 8 _ _ 11 0 7 1 _ 
[00363740] 5 | 5 10 _ 2 8 _ _ 11 0 7 1 _ 
[00363741] 4 | 5 10 6 2 8 _ _ 11 0 7 1 _ 
[00363742] 3 | 5 10 6 2 8 _ _ 11 0 7 1 4 
[00363743] 4 | 5 10 _ 2 8 4 _ 11 0 7 1 _ 
[00363744] 4 | 5 10 _ 2 8 _ 4 11 0 7 1 _ 
[00363745] 5 | _ 10 5 2 8 _ _ 11 0 7 1 _ 
[00363746] 4 | 6 10 5 2 8 _ _ 11 0 7 1 _ 
[00363747] 3 | 6 10 5 2 8 _ _ 11 0 7 1 4 
[00363748] 4 | _ 10 5 2 8 4 _ 11 0 7 1 _ 
[00363749] 4 | _ 10 5 2 8 _ 4 11 0 7 1 _ 
[00363750] 5 | _ 10 _ 2 8 3 _ 11 0 7 1 _ 
[00363751] 4 | 6 10 _ 2 8 3 _ 11 0 7 1 _ 
[00363752] 3 | 6 10 _ 2 8 3 5 11 0 7 1 _ 
[00363753] 3 | 6 10 _ 2 8 3 _ 11 0 7 1 4 
[00363754] 2 | 6 10 8 2 8 3 _ 11 0 7 1 4 
[00363755] 2 | 6 10 _ 2 8 3 10 11 0 7 1 4 
[00363756] 4 | _ 10 6 2 8 3 _ 11 0 7 1 _ 
[00363757] 3 | _ 10 6 2 8 3 5 11 0 7 1 _ 
[00363758] 3 | _ 10 6 2 8 3 _ 11 0 7 1 4 
[00363759] 2 | 8 10 6 2 8 3 _ 11 0 7 1 4 
[00363760] 2 | _ 10 6 2 8 3 10 11 0 7 1 4 
[00363761] 4 | _ 10 _ 2 8 3 4 11 0 7 1 _ 
[00363762] 4 | _ 10 _ 2 8 3 _ 11 0 7 1 5 
[00363763] 5 | _ 10 _ 2 8 _ 3 11 0 7 1 _ 
[00363764] 4 | 6 10 _ 2 8 _ 3 11 0 7 1 _ 
[00363765] 3 | 6 10 _ 2 8 5 3 11 0 7 1 _ 
[00363766] 3 | 6 10 _ 2 8 _ 3 11 0 7 1 4 
[00363767] 2 | 6 10 8 2 8 _ 3 11 0 7 1 4 
[00363768] 2 | 6 10 _ 2 8 10 3 11 0 7 1 4 
[00363769] 4 | _ 10 6 2 8 _ 3 11 0 7 1 _ 
[00363770] 3 | _ 10 6 2 8 5 3 11 0 7 1 _ 
[00363771] 3 | _ 10 6 2 8 _ 3 11 0 7 1 4 
[00363772] 2 | 8 10 6 2 8 _ 3 11 0 7 1 4 
[00363773] 2 | _ 10 6 2 8 10 3 11 0 7 1 4 
[00363774] 4 | _ 10 _ 2 8 4 3 11 0 7 1 _ 
[00363775] 4 | _ 10 _ 2 8 _ 3 11 0 7 1 5 
[00363776] 5 | _ 10 _ 2 8 _ _ 11 0 7 1 6 
[00363777] 4 | _ 10 _ 2 8 4 _ 11 0 7 1 6 
[00363778] 3 | _ 10 _ 2 8 4 5 11 0 7 1 6 
[00363779] 4 | _ 10 _ 2 8 _ 4 11 0 7 1 6 
[00363780] 3 | _ 10 _ 2 8 5 4 11 0 7 1 6 
[00363781] 6 | _ 10 _ 2 3 9 _ 11 0 7 1 _ 
[00363782] 5 | 5 10 _ 2 3 9 _ 11 0 7 1 _ 
[00363783] 4 | 5 10 6 2 3 9 _ 11 0 7 1 _ 
[00363784] 3 | 5 10 6 2 3 9 _ 11 0 7 1 4 
[00363785] 5 | _ 10 5 2 3 9 _ 11 0 7 1 _ 
[00363786] 4 | 6 10 5 2 3 9 _ 11 0 7 1 _ 
[00363787] 3 | 6 10 5 2 3 9 _ 11 0 7 1 4 
[00363788] 5 | _ 10 _ 2 3 9 8 11 0 7 1 _ 
[00363789] 4 | 6 10 _ 2 3 9 8 11 0 7 1 _ 
[00363790] 3 | 6 10 _ 2 3 9 8 11 0 7 1 4 
[00363791] 4 | _ 10 6 2 3 9 8 11 0 7 1 _ 
[00363792] 3 | _ 10 6 2 3 9 8 11 0 7 1 4 
[00363793] 4 | _ 10 _ 2 3 9 8 11 0 7 1 5 
[00363794] 5 | _ 10 _ 2 3 9 _ 11 0 7 1 6 
[00363795] 6 | _ 10 _ 2 9 3 _ 11 0 7 1 _ 
[00363796] 5 | 5 10 _ 2 9 3 _ 11 0 7 1 _ 
[00363797] 4 | 5 10 6 2 9 3 _ 11 0 7 1 _ 
[00363798] 3 | 5 10 6 2 9 3 _ 11 0 7 1 4 
[00363799] 5 | _ 10 5 2 9 3 _ 11 0 7 1 _ 
[00363800] 4 | 6 10 5 2 9 3 _ 11 0 7 1 _ 
[00363801] 3 | 6 10 5 2 9 3 _ 11 0 7 1 4 
[00363802] 5 | _ 10 _ 2 9 3 4 11 0 7 1 _ 
[00363803] 4 | 6 10 _ 2 9 3 4 11 0 7 1 _ 
[00363804] 4 | _ 10 6 2 9 3 4 11 0 7 1 _ 
[00363805] 4 | _ 10 _ 2 9 3 4 11 0 7 1 5 
[00363806] 5 | _ 10 _ 2 9 3 _ 11 0 7 1 6 
[00363807] 4 | _ 10 _ 2 9 3 5 11 0 7 1 6 
[00363808] 6 | _ 10 _ 2 3 _ 9 11 0 7 1 _ 
[00363809] 5 | 5 10 _ 2 3 _ 9 11 0 7 1 _ 
[00363810] 4 | 5 10 6 2 3 _ 9 11 0 7 1 _ 
[00363811] 3 | 5 10 6 2 3 _ 9 11 0 7 1 4 
[00363812] 5 | _ 10 5 2 3 _ 9 11 0 7 1 _ 
[00363813] 4 | 6 10 5 2 3 _ 9 11 0 7 1 _ 
[00363814] 3 | 6 10 5 2 3 _ 9 11 0 7 1 4 
[00363815] 5 | _ 10 _ 2 3 8 9 11 0 7 1 _ 
[00363816] 4 | 6 10 _ 2 3 8 9 11 0 7 1 _ 
[00363817] 3 | 6 10 _ 2 3 8 9 11 0 7 1 4 
[00363818] 4 | _ 10 6 2 3 8 9 11 0 7 1 _ 
[00363819] 3 | _ 10 6 2 3 8 9 11 0 7 1 4 
[00363820] 4 | _ 10 _ 2 3 8 9 11 0 7 1 5 
[00363821] 5 | _ 10 _ 2 3 _ 9 11 0 7 1 6 
[00363822] 6 | _ 10 _ 2 9 _ 3 11 0 7 1 _ 
[00363823] 5 | 5 10 _ 2 9 _ 3 11 0 7 1 _ 
[00363824] 4 | 5 10 6 2 9 _ 3 11 0 7 1 _ 
[00363825] 3 | 5 10 6 2 9 _ 3 11 0 7 1 4 
[00363826] 5 | _ 10 5 2 9 _ 3 11 0 7 1 _ 
[00363827] 4 | 6 10 5 2 9 _ 3 11 0 7 1 _ 
[00363828] 3 | 6 10 5 2 9 _ 3 11 0 7 1 4 
[00363829] 5 | _ 10 _ 2 9 4 3 11 0 7 1 _ 
[00363830] 4 | 6 10 _ 2 9 4 3 11 0 7 1 _ 
[00363831] 4 | _ 10 6 2 9 4 3 11 0 7 1 _ 
[00363832] 4 | _ 10 _ 2 9 4 3 11 0 7 1 5 
[00363833] 5 | _ 10 _ 2 9 _ 3 11 0 7 1 6 
[00363834] 4 | _ 10 _ 2 9 5 3 11 0 7 1 6 
[00363835] 7 | _ 10 _ 2 _ _ _ 11 0 _ 1 8 
[00363836] 6 | 4 10 _ 2 _ _ _ 11 0 _ 1 8 
[00363837] 5 | 4 10 5 2 _ _ _ 11 0 _ 1 8 
[00363838] 4 | 4 10 5 2 6 _ _ 11 0 _ 1 8 
[00363839] 3 | 4 10 5 2 6 3 _ 11 0 _ 1 8 
[00363840] 3 | 4 10 5 2 6 9 _ 11 0 _ 1 8 
[00363841] 3 | 4 10 5 2 6 _ 3 11 0 _ 1 8 
[00363842] 3 | 4 10 5 2 6 _ 9 11 0 _ 1 8 
[00363843] 3 | 4 10 5 2 6 _ _ 11 0 3 1 8 
[00363844] 4 | 4 10 5 2 3 7 _ 11 0 _ 1 8 
[00363845] 3 | 4 10 5 2 3 7 0 11 0 _ 1 8 
[00363846] 3 | 4 10 5 2 3 7 6 11 0 _ 1 8 
[00363847] 3 | 4 10 5 2 3 7 _ 11 0 3 1 8 
[00363848] 4 | 4 10 5 2 7 3 _ 11 0 _ 1 8 
[00363849] 4 | 4 10 5 2 3 _ 7 11 0 _ 1 8 
[00363850] 3 | 4 10 5 2 3 0 7 11 0 _ 1 8 
[00363851] 3 | 4 10 5 2 3 6 7 11 0 _ 1 8 
[00363852] 3 | 4 10 5 2 3 _ 7 11 0 3 1 8 
[00363853] 4 | 4 10 5 2 7 _ 3 11 0 _ 1 8 
[00363854] 5 | 4 10 _ 2 7 _ _ 11 0 _ 1 8 
[00363855] 4 | 4 10 6 2 7 _ _ 11 0 _ 1 8 
[00363856] 3 | 4 10 6 2 7 _ _ 11 0 3 1 8 
[00363857] 2 | 4 10 6 2 7 5 _ 11 0 3 1 8 
[00363858] 2 | 4 10 6 2 7 9 _ 11 0 3 1 8 
[00363859] 2 | 4 10 6 2 7 _ 5 11 0 3 1 8 
[00363860] 2 | 4 10 6 2 7 _ 9 11 0 3 1 8 
[00363861] 4 | 4 10 _ 2 7 3 _ 11 0 _ 1 8 
[00363862] 3 | 4 10 7 2 7 3 _ 11 0 _ 1 8 
[00363863] 3 | 4 10 _ 2 7 3 10 11 0 _ 1 8 
[00363864] 4 | 4 10 _ 2 7 _ 3 11 0 _ 1 8 
[00363865] 3 | 4 10 7 2 7 _ 3 11 0 _ 1 8 
[00363866] 3 | 4 10 _ 2 7 10 3 11 0 _ 1 8 
[00363867] 5 | 4 10 _ 2 _ _ _ 11 0 5 1 8 
[00363868] 4 | 4 10 6 2 _ _ _ 11 0 5 1 8 
[00363869] 4 | 4 10 _ 2 6 _ _ 11 0 5 1 8 
[00363870] 3 | 4 10 7 2 6 _ _ 11 0 5 1 8 
[00363871] 3 | 4 10 _ 2 6 3 _ 11 0 5 1 8 
[00363872] 3 | 4 10 _ 2 6 9 _ 11 0 5 1 8 
[00363873] 3 | 4 10 _ 2 6 _ 3 11 0 5 1 8 
[00363874] 3 | 4 10 _ 2 6 _ 9 11 0 5 1 8 
[00363875] 4 | 4 10 _ 2 3 7 _ 11 0 5 1 8 
[00363876] 3 | 4 10 _ 2 3 7 6 11 0 5 1 8 
[00363877] 4 | 4 10 _ 2 7 3 _ 11 0 5 1 8 
[00363878] 3 | 4 10 7 2 7 3 _ 11 0 5 1 8 
[00363879] 3 | 4 10 _ 2 7 3 10 11 0 5 1 8 
[00363880] 4 | 4 10 _ 2 3 _ 7 11 0 5 1 8 
[00363881] 3 | 4 10 _ 2 3 6 7 11 0 5 1 8 
[00363882] 4 | 4 10 _ 2 7 _ 3 11 0 5 1 8 
[00363883] 3 | 4 10 7 2 7 _ 3 11 0 5 1 8 
[00363884] 3 | 4 10 _ 2 7 10 3 11 0 5 1 8 
[00363885] 6 | _ 10 4 2 _ _ _ 11 0 _ 1 8 
[00363886] 5 | 5 10 4 2 _ _ _ 11 0 _ 1 8 
[00363887] 4 | 5 10 4 2 6 _ _ 11 0 _ 1 8 
[00363888] 3 | 5 10 4 2 6 3 _ 11 0 _ 1 8 
[00363889] 3 | 5 10 4 2 6 9 _ 11 0 _ 1 8 
[00363890] 3 | 5 10 4 2 6 _ 3 11 0 _ 1 8 
[00363891] 3 | 5 10 4 2 6 _ 9 11 0 _ 1 8 
[00363892] 3 | 5 10 4 2 6 _ _ 11 0 3 1 8 
[00363893] 4 | 5 10 4 2 3 7 _ 11 0 _ 1 8 
[00363894] 3 | 5 10 4 2 3 7 0 11 0 _ 1 8 
[00363895] 3 | 5 10 4 2 3 7 6 11 0 _ 1 8 
[00363896] 3 | 5 10 4 2 3 7 _ 11 0 3 1 8 
[00363897] 4 | 5 10 4 2 7 3 _ 11 0 _ 1 8 
[00363898] 4 | 5 10 4 2 3 _ 7 11 0 _ 1 8 
[00363899] 3 | 5 10 4 2 3 0 7 11 0 _ 1 8 
[00363900] 3 | 5 10 4 2 3 6 7 11 0 _ 1 8 
[00363901] 3 | 5 10 4 2 3 _ 7 11 0 3 1 8 
[00363902] 4 | 5 10 4 2 7 _ 3 11 0 _ 1 8 
[00363903] 5 | _ 10 4 2 7 _ _ 11 0 _ 1 8 
[00363904] 4 | 6 10 4 2 7 _ _ 11 0 _ 1 8 
[00363905] 3 | 6 10 4 2 7 _ _ 11 0 3 1 8 
[00363906] 2 | 6 10 4 2 7 5 _ 11 0 3 1 8 
[00363907] 2 | 6 10 4 2 7 9 _ 11 0 3 1 8 
[00363908] 2 | 6 10 4 2 7 _ 5 11 0 3 1 8 
[00363909] 2 | 6 10 4 2 7 _ 9 11 0 3 1 8 
[00363910] 4 | _ 10 4 2 7 3 _ 11 0 _ 1 8 
[00363911] 3 | 7 10 4 2 7 3 _ 11 0 _ 1 8 
[00363912] 3 | _ 10 4 2 7 3 10 11 0 _ 1 8 
[00363913] 4 | _ 10 4 2 7 _ 3 11 0 _ 1 8 
[00363914] 3 | 7 10 4 2 7 _ 3 11 0 _ 1 8 
[00363915] 3 | _ 10 4 2 7 10 3 11 0 _ 1 8 
[00363916] 5 | _ 10 4 2 _ _ _ 11 0 5 1 8 
[00363917] 4 | 6 10 4 2 _ _ _ 11 0 5 1 8 
[00363918] 4 | _ 10 4 2 6 _ _ 11 0 5 1 8 
[00363919] 3 | 7 10 4 2 6 _ _ 11 0 5 1 8 
[00363920] 3 | _ 10 4 2 6 3 _ 11 0 5 1 8 
[00363921] 3 | _ 10 4 2 6 9 _ 11 0 5 1 8 
[00363922] 3 | _ 10 4 2 6 _ 3 11 0 5 1 8 
[00363923] 3 | _ 10 4 2 6 _ 9 11 0 5 1 8 
[00363924] 4 | _ 10 4 2 3 7 _ 11 0 5 1 8 
[00363925] 3 | _ 10 4 2 3 7 6 11 0 5 1 8 
[00363926] 4 | _ 10 4 2 7 3 _ 11 0 5 1 8 
[00363927] 3 | 7 10 4 2 7 3 _ 11 0 5 1 8 
[00363928] 3 | _ 10 4 2 7 3 10 11 0 5 1 8 
[00363929] 4 | _ 10 4 2 3 _ 7 11 0 5 1 8 
[00363930] 3 | _ 10 4 2 3 6 7 11 0 5 1 8 
[00363931] 4 | _ 10 4 2 7 _ 3 11 0 5 1 8 
[00363932] 3 | 7 10 4 2 7 _ 3 11 0 5 1 8 
[00363933] 3 | _ 10 4 2 7 10 3 11 0 5 1 8 
[00363934] 6 | _ 10 _ 2 3 9 _ 11 0 _ 1 8 
[00363935] 5 | 5 10 _ 2 3 9 _ 11 0 _ 1 8 
[00363936] 4 | 5 10 6 2 3 9 _ 11 0 _ 1 8 
[00363937] 3 | 5 10 6 2 3 9 0 11 0 _ 1 8 
[00363938] 3 | 5 10 6 2 3 9 _ 11 0 3 1 8 
[00363939] 4 | 5 10 _ 2 3 9 7 11 0 _ 1 8 
[00363940] 4 | 5 10 _ 2 3 9 _ 11 0 4 1 8 
[00363941] 3 | 5 10 7 2 3 9 _ 11 0 4 1 8 
[00363942] 3 | 5 10 _ 2 3 9 6 11 0 4 1 8 
[00363943] 5 | _ 10 5 2 3 9 _ 11 0 _ 1 8 
[00363944] 4 | 6 10 5 2 3 9 _ 11 0 _ 1 8 
[00363945] 3 | 6 10 5 2 3 9 0 11 0 _ 1 8 
