[00238002] 3 | 2 6 _ 0 10 1 _ 11 4 7 3 8 
[00238003] 4 | 10 6 _ 0 10 1 _ 11 4 _ 3 8 
[00238004] 3 | 10 6 9 0 10 1 _ 11 4 _ 3 8 
[00238005] 2 | 10 6 9 0 10 1 _ 11 4 2 3 8 
[00238006] 3 | 10 6 _ 0 10 1 _ 11 4 7 3 8 
[00238007] 4 | _ 6 2 0 10 1 _ 11 4 _ 3 8 
[00238008] 3 | 9 6 2 0 10 1 _ 11 4 _ 3 8 
[00238009] 3 | _ 6 2 0 10 1 7 11 4 _ 3 8 
[00238010] 2 | 4 6 2 0 10 1 7 11 4 _ 3 8 
[00238011] 2 | _ 6 2 0 10 1 7 11 4 6 3 8 
[00238012] 3 | _ 6 2 0 10 1 _ 11 4 7 3 8 
[00238013] 4 | _ 6 10 0 10 1 _ 11 4 _ 3 8 
[00238014] 3 | 9 6 10 0 10 1 _ 11 4 _ 3 8 
[00238015] 2 | 9 6 10 0 10 1 _ 11 4 2 3 8 
[00238016] 3 | _ 6 10 0 10 1 _ 11 4 7 3 8 
[00238017] 4 | _ 6 _ 0 10 1 6 11 4 _ 3 8 
[00238018] 3 | _ 6 _ 0 10 1 6 11 4 7 3 8 
[00238019] 6 | _ _ _ 0 10 1 4 11 4 _ 3 _ 
[00238020] 5 | 2 7 _ 0 10 1 4 11 4 _ 3 _ 
[00238021] 5 | 7 2 _ 0 10 1 4 11 4 _ 3 _ 
[00238022] 4 | 7 2 6 0 10 1 4 11 4 _ 3 _ 
[00238023] 5 | _ 2 7 0 10 1 4 11 4 _ 3 _ 
[00238024] 4 | 6 2 7 0 10 1 4 11 4 _ 3 _ 
[00238025] 5 | _ 7 2 0 10 1 4 11 4 _ 3 _ 
[00238026] 5 | _ 5 _ 0 10 1 4 11 4 _ 3 _ 
[00238027] 4 | 9 5 _ 0 10 1 4 11 4 _ 3 _ 
[00238028] 3 | 9 5 2 0 10 1 4 11 4 _ 3 _ 
[00238029] 3 | 9 5 8 0 10 1 4 11 4 _ 3 _ 
[00238030] 3 | 9 5 _ 0 10 1 4 11 4 _ 3 6 
[00238031] 2 | 9 5 7 0 10 1 4 11 4 _ 3 6 
[00238032] 4 | _ 5 9 0 10 1 4 11 4 _ 3 _ 
[00238033] 3 | 2 5 9 0 10 1 4 11 4 _ 3 _ 
[00238034] 3 | 8 5 9 0 10 1 4 11 4 _ 3 _ 
[00238035] 3 | _ 5 9 0 10 1 4 11 4 _ 3 6 
[00238036] 2 | 7 5 9 0 10 1 4 11 4 _ 3 6 
[00238037] 4 | _ 5 _ 0 10 1 4 11 4 _ 3 7 
[00238038] 3 | 2 5 _ 0 10 1 4 11 4 _ 3 7 
[00238039] 3 | 8 5 _ 0 10 1 4 11 4 _ 3 7 
[00238040] 3 | _ 5 2 0 10 1 4 11 4 _ 3 7 
[00238041] 3 | _ 5 8 0 10 1 4 11 4 _ 3 7 
[00238042] 5 | _ _ _ 0 10 1 4 11 4 _ 3 8 
[00238043] 4 | 2 6 _ 0 10 1 4 11 4 _ 3 8 
[00238044] 4 | 5 9 _ 0 10 1 4 11 4 _ 3 8 
[00238045] 4 | 6 2 _ 0 10 1 4 11 4 _ 3 8 
[00238046] 3 | 6 2 5 0 10 1 4 11 4 _ 3 8 
[00238047] 4 | 9 5 _ 0 10 1 4 11 4 _ 3 8 
[00238048] 4 | _ 2 6 0 10 1 4 11 4 _ 3 8 
[00238049] 3 | 5 2 6 0 10 1 4 11 4 _ 3 8 
[00238050] 4 | _ 5 9 0 10 1 4 11 4 _ 3 8 
[00238051] 4 | _ 6 2 0 10 1 4 11 4 _ 3 8 
[00238052] 4 | _ 9 5 0 10 1 4 11 4 _ 3 8 
[00238053] 6 | _ _ _ 0 10 1 _ 11 4 10 3 _ 
[00238054] 5 | 2 7 _ 0 10 1 _ 11 4 10 3 _ 
[00238055] 5 | 7 2 _ 0 10 1 _ 11 4 10 3 _ 
[00238056] 4 | 7 2 6 0 10 1 _ 11 4 10 3 _ 
[00238057] 5 | _ 2 7 0 10 1 _ 11 4 10 3 _ 
[00238058] 4 | 6 2 7 0 10 1 _ 11 4 10 3 _ 
[00238059] 5 | _ 7 2 0 10 1 _ 11 4 10 3 _ 
[00238060] 5 | _ 5 _ 0 10 1 _ 11 4 10 3 _ 
[00238061] 4 | 9 5 _ 0 10 1 _ 11 4 10 3 _ 
[00238062] 3 | 9 5 2 0 10 1 _ 11 4 10 3 _ 
[00238063] 3 | 9 5 8 0 10 1 _ 11 4 10 3 _ 
[00238064] 3 | 9 5 _ 0 10 1 _ 11 4 10 3 6 
[00238065] 2 | 9 5 7 0 10 1 _ 11 4 10 3 6 
[00238066] 4 | _ 5 9 0 10 1 _ 11 4 10 3 _ 
[00238067] 3 | 2 5 9 0 10 1 _ 11 4 10 3 _ 
[00238068] 3 | 8 5 9 0 10 1 _ 11 4 10 3 _ 
[00238069] 3 | _ 5 9 0 10 1 _ 11 4 10 3 6 
[00238070] 2 | 7 5 9 0 10 1 _ 11 4 10 3 6 
[00238071] 4 | _ 5 _ 0 10 1 _ 11 4 10 3 7 
[00238072] 3 | 2 5 _ 0 10 1 _ 11 4 10 3 7 
[00238073] 3 | 8 5 _ 0 10 1 _ 11 4 10 3 7 
[00238074] 3 | _ 5 2 0 10 1 _ 11 4 10 3 7 
[00238075] 3 | _ 5 8 0 10 1 _ 11 4 10 3 7 
[00238076] 5 | _ _ _ 0 10 1 _ 11 4 10 3 8 
[00238077] 4 | 2 6 _ 0 10 1 _ 11 4 10 3 8 
[00238078] 4 | 5 9 _ 0 10 1 _ 11 4 10 3 8 
[00238079] 4 | 6 2 _ 0 10 1 _ 11 4 10 3 8 
[00238080] 3 | 6 2 5 0 10 1 _ 11 4 10 3 8 
[00238081] 4 | 9 5 _ 0 10 1 _ 11 4 10 3 8 
[00238082] 4 | _ 2 6 0 10 1 _ 11 4 10 3 8 
[00238083] 3 | 5 2 6 0 10 1 _ 11 4 10 3 8 
[00238084] 4 | _ 5 9 0 10 1 _ 11 4 10 3 8 
[00238085] 4 | _ 6 2 0 10 1 _ 11 4 10 3 8 
[00238086] 4 | _ 9 5 0 10 1 _ 11 4 10 3 8 
[00238087] 6 | _ _ _ 0 10 1 _ 11 4 _ 3 9 
[00238088] 5 | 2 7 _ 0 10 1 _ 11 4 _ 3 9 
[00238089] 5 | 7 2 _ 0 10 1 _ 11 4 _ 3 9 
[00238090] 4 | 7 2 6 0 10 1 _ 11 4 _ 3 9 
[00238091] 4 | 7 2 _ 0 10 1 6 11 4 _ 3 9 
[00238092] 3 | 7 2 5 0 10 1 6 11 4 _ 3 9 
[00238093] 4 | 7 2 _ 0 10 1 _ 11 4 8 3 9 
[00238094] 3 | 7 2 5 0 10 1 _ 11 4 8 3 9 
[00238095] 5 | _ 2 7 0 10 1 _ 11 4 _ 3 9 
[00238096] 4 | 6 2 7 0 10 1 _ 11 4 _ 3 9 
[00238097] 4 | _ 2 7 0 10 1 6 11 4 _ 3 9 
[00238098] 3 | 5 2 7 0 10 1 6 11 4 _ 3 9 
[00238099] 4 | _ 2 7 0 10 1 _ 11 4 8 3 9 
[00238100] 3 | 5 2 7 0 10 1 _ 11 4 8 3 9 
[00238101] 5 | _ 7 2 0 10 1 _ 11 4 _ 3 9 
[00238102] 5 | _ 5 _ 0 10 1 _ 11 4 _ 3 9 
[00238103] 4 | _ 5 _ 0 10 1 6 11 4 _ 3 9 
[00238104] 3 | 2 5 _ 0 10 1 6 11 4 _ 3 9 
[00238105] 2 | 2 5 7 0 10 1 6 11 4 _ 3 9 
[00238106] 3 | 8 5 _ 0 10 1 6 11 4 _ 3 9 
[00238107] 2 | 8 5 7 0 10 1 6 11 4 _ 3 9 
[00238108] 2 | 8 5 _ 0 10 1 6 11 4 2 3 9 
[00238109] 3 | _ 5 2 0 10 1 6 11 4 _ 3 9 
[00238110] 2 | 7 5 2 0 10 1 6 11 4 _ 3 9 
[00238111] 3 | _ 5 8 0 10 1 6 11 4 _ 3 9 
[00238112] 2 | 7 5 8 0 10 1 6 11 4 _ 3 9 
[00238113] 2 | _ 5 8 0 10 1 6 11 4 2 3 9 
[00238114] 3 | _ 5 _ 0 10 1 6 11 4 7 3 9 
[00238115] 4 | _ 5 _ 0 10 1 _ 11 4 8 3 9 
[00238116] 3 | 2 5 _ 0 10 1 _ 11 4 8 3 9 
[00238117] 2 | 2 5 7 0 10 1 _ 11 4 8 3 9 
[00238118] 3 | _ 5 2 0 10 1 _ 11 4 8 3 9 
[00238119] 2 | 7 5 2 0 10 1 _ 11 4 8 3 9 
[00238120] 3 | _ 5 _ 0 10 1 7 11 4 8 3 9 
[00238121] 5 | _ _ _ 0 10 1 5 11 4 _ 3 9 
[00238122] 4 | 2 6 _ 0 10 1 5 11 4 _ 3 9 
[00238123] 4 | 6 2 _ 0 10 1 5 11 4 _ 3 9 
[00238124] 3 | 6 2 _ 0 10 1 5 11 4 7 3 9 
[00238125] 4 | _ 2 6 0 10 1 5 11 4 _ 3 9 
[00238126] 3 | _ 2 6 0 10 1 5 11 4 7 3 9 
[00238127] 4 | _ 6 2 0 10 1 5 11 4 _ 3 9 
[00238128] 4 | _ 4 _ 0 10 1 5 11 4 _ 3 9 
[00238129] 3 | 7 4 _ 0 10 1 5 11 4 _ 3 9 
[00238130] 2 | 7 4 2 0 10 1 5 11 4 _ 3 9 
[00238131] 2 | 7 4 6 0 10 1 5 11 4 _ 3 9 
[00238132] 2 | 7 4 _ 0 10 1 5 11 4 2 3 9 
[00238133] 2 | 7 4 _ 0 10 1 5 11 4 6 3 9 
[00238134] 3 | _ 4 7 0 10 1 5 11 4 _ 3 9 
[00238135] 2 | 2 4 7 0 10 1 5 11 4 _ 3 9 
[00238136] 2 | 6 4 7 0 10 1 5 11 4 _ 3 9 
[00238137] 2 | _ 4 7 0 10 1 5 11 4 2 3 9 
[00238138] 2 | _ 4 7 0 10 1 5 11 4 6 3 9 
[00238139] 3 | _ 4 _ 0 10 1 5 11 4 7 3 9 
[00238140] 4 | _ _ _ 0 10 1 5 11 4 0 3 9 
[00238141] 4 | _ _ _ 0 10 1 5 11 4 8 3 9 
[00238142] 7 | _ _ _ 0 10 1 _ 11 2 9 3 _ 
[00238143] 6 | _ 6 _ 0 10 1 _ 11 2 9 3 _ 
[00238144] 5 | _ 6 _ 0 10 1 5 11 2 9 3 _ 
[00238145] 4 | _ 6 _ 0 10 1 5 11 2 9 3 7 
[00238146] 5 | _ 6 _ 0 10 1 _ 11 2 9 3 8 
[00238147] 4 | 10 6 _ 0 10 1 _ 11 2 9 3 8 
[00238148] 4 | _ 6 10 0 10 1 _ 11 2 9 3 8 
[00238149] 4 | _ 6 _ 0 10 1 6 11 2 9 3 8 
[00238150] 6 | _ _ _ 0 10 1 4 11 2 9 3 _ 
[00238151] 5 | _ 5 _ 0 10 1 4 11 2 9 3 _ 
[00238152] 4 | _ 5 _ 0 10 1 4 11 2 9 3 7 
[00238153] 3 | 8 5 _ 0 10 1 4 11 2 9 3 7 
[00238154] 3 | _ 5 8 0 10 1 4 11 2 9 3 7 
[00238155] 5 | _ _ _ 0 10 1 4 11 2 9 3 8 
[00238156] 7 | _ _ _ 0 10 1 _ 11 9 2 3 _ 
[00238157] 6 | _ 6 _ 0 10 1 _ 11 9 2 3 _ 
[00238158] 5 | _ 6 _ 0 10 1 5 11 9 2 3 _ 
[00238159] 4 | _ 6 _ 0 10 1 5 11 9 2 3 7 
[00238160] 5 | _ 6 _ 0 10 1 _ 11 9 2 3 8 
[00238161] 4 | 10 6 _ 0 10 1 _ 11 9 2 3 8 
[00238162] 4 | _ 6 10 0 10 1 _ 11 9 2 3 8 
[00238163] 4 | _ 6 _ 0 10 1 6 11 9 2 3 8 
[00238164] 6 | _ _ _ 0 10 1 4 11 9 2 3 _ 
[00238165] 5 | _ 5 _ 0 10 1 4 11 9 2 3 _ 
[00238166] 4 | _ 5 _ 0 10 1 4 11 9 2 3 7 
[00238167] 3 | 8 5 _ 0 10 1 4 11 9 2 3 7 
[00238168] 3 | _ 5 8 0 10 1 4 11 9 2 3 7 
[00238169] 5 | _ _ _ 0 10 1 4 11 9 2 3 8 
[00238170] 7 | _ _ _ 0 10 1 _ 11 _ _ 3 10 
[00238171] 6 | 2 8 _ 0 10 1 _ 11 _ _ 3 10 
[00238172] 6 | 8 2 _ 0 10 1 _ 11 _ _ 3 10 
[00238173] 5 | 8 2 7 0 10 1 _ 11 _ _ 3 10 
[00238174] 4 | 8 2 7 0 10 1 _ 11 5 9 3 10 
[00238175] 4 | 8 2 7 0 10 1 _ 11 9 5 3 10 
[00238176] 5 | 8 2 _ 0 10 1 _ 11 6 _ 3 10 
[00238177] 4 | 8 2 6 0 10 1 _ 11 6 _ 3 10 
[00238178] 4 | 8 2 _ 0 10 1 _ 11 6 2 3 10 
[00238179] 5 | 8 2 _ 0 10 1 _ 11 4 9 3 10 
[00238180] 4 | 8 2 6 0 10 1 _ 11 4 9 3 10 
[00238181] 5 | 8 2 _ 0 10 1 _ 11 9 4 3 10 
[00238182] 4 | 8 2 6 0 10 1 _ 11 9 4 3 10 
[00238183] 6 | _ 2 8 0 10 1 _ 11 _ _ 3 10 
[00238184] 5 | 7 2 8 0 10 1 _ 11 _ _ 3 10 
[00238185] 4 | 7 2 8 0 10 1 _ 11 5 9 3 10 
[00238186] 4 | 7 2 8 0 10 1 _ 11 9 5 3 10 
[00238187] 5 | _ 2 8 0 10 1 _ 11 6 _ 3 10 
[00238188] 4 | 6 2 8 0 10 1 _ 11 6 _ 3 10 
[00238189] 4 | _ 2 8 0 10 1 _ 11 6 2 3 10 
[00238190] 5 | _ 2 8 0 10 1 _ 11 4 9 3 10 
[00238191] 4 | 6 2 8 0 10 1 _ 11 4 9 3 10 
[00238192] 5 | _ 2 8 0 10 1 _ 11 9 4 3 10 
[00238193] 4 | 6 2 8 0 10 1 _ 11 9 4 3 10 
[00238194] 6 | _ 8 2 0 10 1 _ 11 _ _ 3 10 
[00238195] 6 | _ 6 _ 0 10 1 _ 11 _ _ 3 10 
[00238196] 5 | 11 6 _ 0 10 1 _ 11 _ _ 3 10 
[00238197] 4 | 11 6 2 0 10 1 _ 11 _ _ 3 10 
[00238198] 3 | 11 6 2 0 10 1 _ 11 4 7 3 10 
[00238199] 3 | 11 6 2 0 10 1 _ 11 5 8 3 10 
[00238200] 3 | 11 6 2 0 10 1 _ 11 7 4 3 10 
[00238201] 3 | 11 6 2 0 10 1 _ 11 8 5 3 10 
[00238202] 4 | 11 6 _ 0 10 1 _ 11 4 8 3 10 
[00238203] 3 | 11 6 9 0 10 1 _ 11 4 8 3 10 
[00238204] 4 | 11 6 _ 0 10 1 _ 11 5 9 3 10 
[00238205] 4 | 11 6 _ 0 10 1 _ 11 8 4 3 10 
[00238206] 3 | 11 6 9 0 10 1 _ 11 8 4 3 10 
[00238207] 4 | 11 6 _ 0 10 1 _ 11 9 5 3 10 
[00238208] 5 | _ 6 11 0 10 1 _ 11 _ _ 3 10 
[00238209] 4 | 2 6 11 0 10 1 _ 11 _ _ 3 10 
[00238210] 3 | 2 6 11 0 10 1 _ 11 4 7 3 10 
[00238211] 3 | 2 6 11 0 10 1 _ 11 5 8 3 10 
[00238212] 3 | 2 6 11 0 10 1 _ 11 7 4 3 10 
[00238213] 3 | 2 6 11 0 10 1 _ 11 8 5 3 10 
[00238214] 4 | _ 6 11 0 10 1 _ 11 4 8 3 10 
[00238215] 3 | 9 6 11 0 10 1 _ 11 4 8 3 10 
[00238216] 4 | _ 6 11 0 10 1 _ 11 5 9 3 10 
[00238217] 4 | _ 6 11 0 10 1 _ 11 8 4 3 10 
[00238218] 3 | 9 6 11 0 10 1 _ 11 8 4 3 10 
[00238219] 4 | _ 6 11 0 10 1 _ 11 9 5 3 10 
[00238220] 5 | _ 6 _ 0 10 1 _ 11 6 _ 3 10 
[00238221] 4 | 2 6 _ 0 10 1 _ 11 6 _ 3 10 
[00238222] 3 | 2 6 9 0 10 1 _ 11 6 _ 3 10 
[00238223] 3 | 2 6 _ 0 10 1 _ 11 6 9 3 10 
[00238224] 4 | _ 6 2 0 10 1 _ 11 6 _ 3 10 
[00238225] 3 | 9 6 2 0 10 1 _ 11 6 _ 3 10 
[00238226] 3 | _ 6 2 0 10 1 _ 11 6 9 3 10 
[00238227] 4 | _ 6 _ 0 10 1 _ 11 6 2 3 10 
[00238228] 5 | _ 6 _ 0 10 1 _ 11 2 7 3 10 
[00238229] 5 | _ 6 _ 0 10 1 _ 11 4 9 3 10 
[00238230] 4 | 2 6 _ 0 10 1 _ 11 4 9 3 10 
[00238231] 4 | _ 6 2 0 10 1 _ 11 4 9 3 10 
[00238232] 5 | _ 6 _ 0 10 1 _ 11 7 2 3 10 
[00238233] 5 | _ 6 _ 0 10 1 _ 11 9 4 3 10 
[00238234] 4 | 2 6 _ 0 10 1 _ 11 9 4 3 10 
[00238235] 4 | _ 6 2 0 10 1 _ 11 9 4 3 10 
[00238236] 6 | _ _ _ 0 10 1 _ 11 5 _ 3 10 
[00238237] 5 | 2 7 _ 0 10 1 _ 11 5 _ 3 10 
[00238238] 5 | 4 9 _ 0 10 1 _ 11 5 _ 3 10 
[00238239] 5 | 7 2 _ 0 10 1 _ 11 5 _ 3 10 
[00238240] 4 | 7 2 6 0 10 1 _ 11 5 _ 3 10 
[00238241] 3 | 7 2 6 0 10 1 _ 11 5 8 3 10 
[00238242] 4 | 7 2 _ 0 10 1 _ 11 5 9 3 10 
[00238243] 5 | 9 4 _ 0 10 1 _ 11 5 _ 3 10 
[00238244] 4 | 9 4 8 0 10 1 _ 11 5 _ 3 10 
[00238245] 3 | 9 4 8 0 10 1 _ 11 5 2 3 10 
[00238246] 5 | _ 2 7 0 10 1 _ 11 5 _ 3 10 
[00238247] 4 | 6 2 7 0 10 1 _ 11 5 _ 3 10 
[00238248] 3 | 6 2 7 0 10 1 _ 11 5 8 3 10 
[00238249] 4 | _ 2 7 0 10 1 _ 11 5 9 3 10 
[00238250] 5 | _ 4 9 0 10 1 _ 11 5 _ 3 10 
[00238251] 4 | 8 4 9 0 10 1 _ 11 5 _ 3 10 
[00238252] 3 | 8 4 9 0 10 1 _ 11 5 2 3 10 
[00238253] 5 | _ 7 2 0 10 1 _ 11 5 _ 3 10 
[00238254] 5 | _ 9 4 0 10 1 _ 11 5 _ 3 10 
[00238255] 5 | _ 5 _ 0 10 1 _ 11 5 _ 3 10 
[00238256] 4 | 9 5 _ 0 10 1 _ 11 5 _ 3 10 
[00238257] 3 | 9 5 2 0 10 1 _ 11 5 _ 3 10 
[00238258] 3 | 9 5 8 0 10 1 _ 11 5 _ 3 10 
[00238259] 3 | 9 5 _ 0 10 1 _ 11 5 2 3 10 
[00238260] 3 | 9 5 _ 0 10 1 _ 11 5 8 3 10 
[00238261] 4 | _ 5 9 0 10 1 _ 11 5 _ 3 10 
[00238262] 3 | 2 5 9 0 10 1 _ 11 5 _ 3 10 
[00238263] 3 | 8 5 9 0 10 1 _ 11 5 _ 3 10 
[00238264] 3 | _ 5 9 0 10 1 _ 11 5 2 3 10 
[00238265] 3 | _ 5 9 0 10 1 _ 11 5 8 3 10 
[00238266] 4 | _ 5 _ 0 10 1 _ 11 5 9 3 10 
[00238267] 5 | _ _ _ 0 10 1 _ 11 5 0 3 10 
[00238268] 4 | 2 6 _ 0 10 1 _ 11 5 0 3 10 
[00238269] 4 | 4 8 _ 0 10 1 _ 11 5 0 3 10 
[00238270] 4 | 6 2 _ 0 10 1 _ 11 5 0 3 10 
[00238271] 4 | 8 4 _ 0 10 1 _ 11 5 0 3 10 
[00238272] 4 | _ 2 6 0 10 1 _ 11 5 0 3 10 
[00238273] 4 | _ 4 8 0 10 1 _ 11 5 0 3 10 
[00238274] 4 | _ 6 2 0 10 1 _ 11 5 0 3 10 
[00238275] 4 | _ 8 4 0 10 1 _ 11 5 0 3 10 
[00238276] 6 | _ _ _ 0 10 1 _ 11 2 8 3 10 
[00238277] 5 | 4 9 _ 0 10 1 _ 11 2 8 3 10 
[00238278] 5 | 9 4 _ 0 10 1 _ 11 2 8 3 10 
[00238279] 5 | _ 4 9 0 10 1 _ 11 2 8 3 10 
[00238280] 5 | _ 9 4 0 10 1 _ 11 2 8 3 10 
[00238281] 5 | _ 5 _ 0 10 1 _ 11 2 8 3 10 
[00238282] 4 | 9 5 _ 0 10 1 _ 11 2 8 3 10 
[00238283] 4 | _ 5 9 0 10 1 _ 11 2 8 3 10 
[00238284] 6 | _ _ _ 0 10 1 _ 11 8 2 3 10 
[00238285] 5 | 4 9 _ 0 10 1 _ 11 8 2 3 10 
[00238286] 5 | 9 4 _ 0 10 1 _ 11 8 2 3 10 
[00238287] 5 | _ 4 9 0 10 1 _ 11 8 2 3 10 
[00238288] 5 | _ 9 4 0 10 1 _ 11 8 2 3 10 
[00238289] 5 | _ 5 _ 0 10 1 _ 11 8 2 3 10 
[00238290] 4 | 9 5 _ 0 10 1 _ 11 8 2 3 10 
[00238291] 4 | _ 5 9 0 10 1 _ 11 8 2 3 10 
[00238292] 9 | _ _ _ 0 10 _ 1 11 _ _ _ _ 
[00238293] 8 | _ 8 _ 0 10 _ 1 11 _ _ _ _ 
[00238294] 7 | _ 8 _ 0 10 3 1 11 _ _ _ _ 
[00238295] 6 | 2 8 _ 0 10 3 1 11 _ _ _ _ 
[00238296] 5 | 2 8 _ 0 10 3 1 11 6 _ _ _ 
[00238297] 4 | 2 8 4 0 10 3 1 11 6 _ _ _ 
[00238298] 3 | 2 8 4 0 10 3 1 11 6 9 _ _ 
[00238299] 2 | 2 8 4 0 10 3 1 11 6 9 5 7 
[00238300] 2 | 2 8 4 0 10 3 1 11 6 9 7 5 
[00238301] 4 | 2 8 _ 0 10 3 1 11 6 _ 7 _ 
[00238302] 3 | 2 8 5 0 10 3 1 11 6 _ 7 _ 
[00238303] 2 | 2 8 5 0 10 3 1 11 6 4 7 _ 
[00238304] 2 | 2 8 5 0 10 3 1 11 6 _ 7 9 
[00238305] 3 | 2 8 _ 0 10 3 1 11 6 9 7 _ 
[00238306] 2 | 2 8 _ 0 10 3 1 11 6 9 7 5 
[00238307] 3 | 2 8 _ 0 10 3 1 11 6 _ 7 4 
[00238308] 2 | 2 8 6 0 10 3 1 11 6 _ 7 4 
[00238309] 2 | 2 8 _ 0 10 3 1 11 6 8 7 4 
[00238310] 4 | 2 8 _ 0 10 3 1 11 6 _ 5 9 
[00238311] 4 | 2 8 _ 0 10 3 1 11 6 _ 9 5 
[00238312] 5 | 2 8 _ 0 10 3 1 11 4 9 _ _ 
[00238313] 4 | 2 8 _ 0 10 3 1 11 4 9 7 _ 
[00238314] 3 | 2 8 5 0 10 3 1 11 4 9 7 _ 
[00238315] 5 | 2 8 _ 0 10 3 1 11 9 4 _ _ 
[00238316] 4 | 2 8 _ 0 10 3 1 11 9 4 7 _ 
[00238317] 3 | 2 8 5 0 10 3 1 11 9 4 7 _ 
[00238318] 5 | 2 8 _ 0 10 3 1 11 _ _ 6 _ 
[00238319] 4 | 2 8 4 0 10 3 1 11 _ _ 6 _ 
[00238320] 3 | 2 8 4 0 10 3 1 11 _ _ 6 9 
[00238321] 2 | 2 8 4 0 10 3 1 11 5 7 6 9 
[00238322] 2 | 2 8 4 0 10 3 1 11 7 5 6 9 
[00238323] 4 | 2 8 _ 0 10 3 1 11 7 _ 6 _ 
[00238324] 3 | 2 8 5 0 10 3 1 11 7 _ 6 _ 
[00238325] 2 | 2 8 5 0 10 3 1 11 7 9 6 _ 
[00238326] 2 | 2 8 5 0 10 3 1 11 7 _ 6 4 
[00238327] 3 | 2 8 _ 0 10 3 1 11 7 4 6 _ 
[00238328] 2 | 2 8 6 0 10 3 1 11 7 4 6 _ 
[00238329] 2 | 2 8 _ 0 10 3 1 11 7 4 6 8 
[00238330] 3 | 2 8 _ 0 10 3 1 11 7 _ 6 9 
[00238331] 2 | 2 8 _ 0 10 3 1 11 7 5 6 9 
[00238332] 4 | 2 8 _ 0 10 3 1 11 5 9 6 _ 
[00238333] 4 | 2 8 _ 0 10 3 1 11 9 5 6 _ 
[00238334] 5 | 2 8 _ 0 10 3 1 11 _ _ 4 9 
[00238335] 4 | 2 8 _ 0 10 3 1 11 7 _ 4 9 
[00238336] 3 | 2 8 5 0 10 3 1 11 7 _ 4 9 
[00238337] 5 | 2 8 _ 0 10 3 1 11 _ _ 9 4 
[00238338] 4 | 2 8 _ 0 10 3 1 11 7 _ 9 4 
[00238339] 3 | 2 8 5 0 10 3 1 11 7 _ 9 4 
[00238340] 6 | _ 8 2 0 10 3 1 11 _ _ _ _ 
[00238341] 5 | _ 8 2 0 10 3 1 11 6 _ _ _ 
[00238342] 4 | 4 8 2 0 10 3 1 11 6 _ _ _ 
[00238343] 3 | 4 8 2 0 10 3 1 11 6 9 _ _ 
[00238344] 2 | 4 8 2 0 10 3 1 11 6 9 5 7 
[00238345] 2 | 4 8 2 0 10 3 1 11 6 9 7 5 
[00238346] 4 | _ 8 2 0 10 3 1 11 6 _ 7 _ 
[00238347] 3 | 5 8 2 0 10 3 1 11 6 _ 7 _ 
[00238348] 2 | 5 8 2 0 10 3 1 11 6 4 7 _ 
[00238349] 2 | 5 8 2 0 10 3 1 11 6 _ 7 9 
[00238350] 3 | _ 8 2 0 10 3 1 11 6 9 7 _ 
[00238351] 2 | _ 8 2 0 10 3 1 11 6 9 7 5 
[00238352] 3 | _ 8 2 0 10 3 1 11 6 _ 7 4 
[00238353] 2 | 6 8 2 0 10 3 1 11 6 _ 7 4 
[00238354] 2 | _ 8 2 0 10 3 1 11 6 8 7 4 
[00238355] 4 | _ 8 2 0 10 3 1 11 6 _ 5 9 
[00238356] 4 | _ 8 2 0 10 3 1 11 6 _ 9 5 
[00238357] 5 | _ 8 2 0 10 3 1 11 4 9 _ _ 
[00238358] 4 | _ 8 2 0 10 3 1 11 4 9 7 _ 
[00238359] 3 | 5 8 2 0 10 3 1 11 4 9 7 _ 
[00238360] 5 | _ 8 2 0 10 3 1 11 9 4 _ _ 
[00238361] 4 | _ 8 2 0 10 3 1 11 9 4 7 _ 
[00238362] 3 | 5 8 2 0 10 3 1 11 9 4 7 _ 
[00238363] 5 | _ 8 2 0 10 3 1 11 _ _ 6 _ 
[00238364] 4 | 4 8 2 0 10 3 1 11 _ _ 6 _ 
[00238365] 3 | 4 8 2 0 10 3 1 11 _ _ 6 9 
[00238366] 2 | 4 8 2 0 10 3 1 11 5 7 6 9 
[00238367] 2 | 4 8 2 0 10 3 1 11 7 5 6 9 
[00238368] 4 | _ 8 2 0 10 3 1 11 7 _ 6 _ 
[00238369] 3 | 5 8 2 0 10 3 1 11 7 _ 6 _ 
[00238370] 2 | 5 8 2 0 10 3 1 11 7 9 6 _ 
[00238371] 2 | 5 8 2 0 10 3 1 11 7 _ 6 4 
[00238372] 3 | _ 8 2 0 10 3 1 11 7 4 6 _ 
[00238373] 2 | 6 8 2 0 10 3 1 11 7 4 6 _ 
[00238374] 2 | _ 8 2 0 10 3 1 11 7 4 6 8 
[00238375] 3 | _ 8 2 0 10 3 1 11 7 _ 6 9 
[00238376] 2 | _ 8 2 0 10 3 1 11 7 5 6 9 
[00238377] 4 | _ 8 2 0 10 3 1 11 5 9 6 _ 
[00238378] 4 | _ 8 2 0 10 3 1 11 9 5 6 _ 
[00238379] 5 | _ 8 2 0 10 3 1 11 _ _ 4 9 
[00238380] 4 | _ 8 2 0 10 3 1 11 7 _ 4 9 
[00238381] 3 | 5 8 2 0 10 3 1 11 7 _ 4 9 
[00238382] 5 | _ 8 2 0 10 3 1 11 _ _ 9 4 
[00238383] 4 | _ 8 2 0 10 3 1 11 7 _ 9 4 
[00238384] 3 | 5 8 2 0 10 3 1 11 7 _ 9 4 
[00238385] 6 | _ 8 _ 0 10 3 1 11 5 _ _ _ 
[00238386] 5 | _ 8 _ 0 10 3 1 11 5 _ 6 _ 
[00238387] 4 | 4 8 _ 0 10 3 1 11 5 _ 6 _ 
[00238388] 3 | 4 8 5 0 10 3 1 11 5 _ 6 _ 
[00238389] 3 | 4 8 _ 0 10 3 1 11 5 2 6 _ 
[00238390] 2 | 4 8 6 0 10 3 1 11 5 2 6 _ 
[00238391] 2 | 4 8 _ 0 10 3 1 11 5 2 6 8 
[00238392] 3 | 4 8 _ 0 10 3 1 11 5 8 6 _ 
[00238393] 3 | 4 8 _ 0 10 3 1 11 5 _ 6 9 
[00238394] 2 | 4 8 _ 0 10 3 1 11 5 7 6 9 
[00238395] 4 | _ 8 4 0 10 3 1 11 5 _ 6 _ 
[00238396] 3 | 5 8 4 0 10 3 1 11 5 _ 6 _ 
[00238397] 3 | _ 8 4 0 10 3 1 11 5 2 6 _ 
[00238398] 2 | 6 8 4 0 10 3 1 11 5 2 6 _ 
[00238399] 2 | _ 8 4 0 10 3 1 11 5 2 6 8 
[00238400] 3 | _ 8 4 0 10 3 1 11 5 8 6 _ 
[00238401] 3 | _ 8 4 0 10 3 1 11 5 _ 6 9 
[00238402] 2 | _ 8 4 0 10 3 1 11 5 7 6 9 
[00238403] 4 | _ 8 _ 0 10 3 1 11 5 9 6 _ 
[00238404] 4 | _ 8 _ 0 10 3 1 11 5 _ 6 2 
[00238405] 3 | 5 8 _ 0 10 3 1 11 5 _ 6 2 
[00238406] 3 | _ 8 5 0 10 3 1 11 5 _ 6 2 
[00238407] 3 | _ 8 _ 0 10 3 1 11 5 8 6 2 
[00238408] 5 | _ 8 _ 0 10 3 1 11 5 _ 2 7 
[00238409] 4 | 4 8 _ 0 10 3 1 11 5 _ 2 7 
[00238410] 3 | 4 8 5 0 10 3 1 11 5 _ 2 7 
[00238411] 3 | 4 8 _ 0 10 3 1 11 5 8 2 7 
[00238412] 4 | _ 8 4 0 10 3 1 11 5 _ 2 7 
[00238413] 3 | 5 8 4 0 10 3 1 11 5 _ 2 7 
[00238414] 3 | _ 8 4 0 10 3 1 11 5 8 2 7 
[00238415] 4 | _ 8 _ 0 10 3 1 11 5 9 2 7 
[00238416] 5 | _ 8 _ 0 10 3 1 11 5 _ 4 9 
[00238417] 5 | _ 8 _ 0 10 3 1 11 5 _ 7 2 
[00238418] 4 | 4 8 _ 0 10 3 1 11 5 _ 7 2 
[00238419] 3 | 4 8 5 0 10 3 1 11 5 _ 7 2 
[00238420] 3 | 4 8 _ 0 10 3 1 11 5 8 7 2 
[00238421] 4 | _ 8 4 0 10 3 1 11 5 _ 7 2 
[00238422] 3 | 5 8 4 0 10 3 1 11 5 _ 7 2 
[00238423] 3 | _ 8 4 0 10 3 1 11 5 8 7 2 
[00238424] 4 | _ 8 _ 0 10 3 1 11 5 9 7 2 
[00238425] 5 | _ 8 _ 0 10 3 1 11 5 _ 9 4 
[00238426] 6 | _ 8 _ 0 10 3 1 11 _ _ 5 _ 
[00238427] 5 | _ 8 _ 0 10 3 1 11 6 _ 5 _ 
[00238428] 4 | 4 8 _ 0 10 3 1 11 6 _ 5 _ 
[00238429] 3 | 4 8 5 0 10 3 1 11 6 _ 5 _ 
[00238430] 3 | 4 8 _ 0 10 3 1 11 6 9 5 _ 
[00238431] 2 | 4 8 _ 0 10 3 1 11 6 9 5 7 
[00238432] 3 | 4 8 _ 0 10 3 1 11 6 _ 5 2 
[00238433] 2 | 4 8 6 0 10 3 1 11 6 _ 5 2 
[00238434] 2 | 4 8 _ 0 10 3 1 11 6 8 5 2 
[00238435] 3 | 4 8 _ 0 10 3 1 11 6 _ 5 8 
[00238436] 4 | _ 8 4 0 10 3 1 11 6 _ 5 _ 
[00238437] 3 | 5 8 4 0 10 3 1 11 6 _ 5 _ 
[00238438] 3 | _ 8 4 0 10 3 1 11 6 9 5 _ 
[00238439] 2 | _ 8 4 0 10 3 1 11 6 9 5 7 
[00238440] 3 | _ 8 4 0 10 3 1 11 6 _ 5 2 
[00238441] 2 | 6 8 4 0 10 3 1 11 6 _ 5 2 
[00238442] 2 | _ 8 4 0 10 3 1 11 6 8 5 2 
[00238443] 3 | _ 8 4 0 10 3 1 11 6 _ 5 8 
[00238444] 4 | _ 8 _ 0 10 3 1 11 6 2 5 _ 
[00238445] 3 | 5 8 _ 0 10 3 1 11 6 2 5 _ 
[00238446] 3 | _ 8 5 0 10 3 1 11 6 2 5 _ 
[00238447] 3 | _ 8 _ 0 10 3 1 11 6 2 5 8 
[00238448] 4 | _ 8 _ 0 10 3 1 11 6 _ 5 9 
[00238449] 5 | _ 8 _ 0 10 3 1 11 2 7 5 _ 
[00238450] 4 | 4 8 _ 0 10 3 1 11 2 7 5 _ 
[00238451] 3 | 4 8 5 0 10 3 1 11 2 7 5 _ 
[00238452] 3 | 4 8 _ 0 10 3 1 11 2 7 5 8 
[00238453] 4 | _ 8 4 0 10 3 1 11 2 7 5 _ 
[00238454] 3 | 5 8 4 0 10 3 1 11 2 7 5 _ 
[00238455] 3 | _ 8 4 0 10 3 1 11 2 7 5 8 
[00238456] 4 | _ 8 _ 0 10 3 1 11 2 7 5 9 
[00238457] 5 | _ 8 _ 0 10 3 1 11 4 9 5 _ 
[00238458] 5 | _ 8 _ 0 10 3 1 11 7 2 5 _ 
[00238459] 4 | 4 8 _ 0 10 3 1 11 7 2 5 _ 
[00238460] 3 | 4 8 5 0 10 3 1 11 7 2 5 _ 
[00238461] 3 | 4 8 _ 0 10 3 1 11 7 2 5 8 
[00238462] 4 | _ 8 4 0 10 3 1 11 7 2 5 _ 
[00238463] 3 | 5 8 4 0 10 3 1 11 7 2 5 _ 
[00238464] 3 | _ 8 4 0 10 3 1 11 7 2 5 8 
[00238465] 4 | _ 8 _ 0 10 3 1 11 7 2 5 9 
[00238466] 5 | _ 8 _ 0 10 3 1 11 9 4 5 _ 
[00238467] 7 | _ 8 _ 0 10 _ 1 11 4 _ _ _ 
[00238468] 6 | 2 8 _ 0 10 _ 1 11 4 _ _ _ 
[00238469] 5 | 2 8 3 0 10 _ 1 11 4 _ _ _ 
[00238470] 4 | 2 8 3 0 10 6 1 11 4 _ _ _ 
[00238471] 3 | 2 8 3 0 10 6 1 11 4 7 _ _ 
[00238472] 2 | 2 8 3 0 10 6 1 11 4 7 9 _ 
[00238473] 4 | 2 8 3 0 10 _ 1 11 4 _ 7 _ 
[00238474] 3 | 2 8 3 0 10 7 1 11 4 _ 7 _ 
[00238475] 2 | 2 8 3 0 10 7 1 11 4 6 7 _ 
[00238476] 3 | 2 8 3 0 10 _ 1 11 4 7 7 _ 
[00238477] 3 | 2 8 3 0 10 _ 1 11 4 _ 7 4 
[00238478] 3 | 2 8 3 0 10 _ 1 11 4 _ 7 10 
[00238479] 2 | 2 8 3 0 10 _ 1 11 4 6 7 10 
[00238480] 4 | 2 8 3 0 10 _ 1 11 4 _ 5 9 
[00238481] 3 | 2 8 3 0 10 7 1 11 4 _ 5 9 
[00238482] 2 | 2 8 3 0 10 7 1 11 4 6 5 9 
[00238483] 3 | 2 8 3 0 10 _ 1 11 4 7 5 9 
[00238484] 4 | 2 8 3 0 10 _ 1 11 4 _ 9 5 
[00238485] 3 | 2 8 3 0 10 7 1 11 4 _ 9 5 
[00238486] 2 | 2 8 3 0 10 7 1 11 4 6 9 5 
[00238487] 3 | 2 8 3 0 10 _ 1 11 4 7 9 5 
[00238488] 5 | 2 8 _ 0 10 5 1 11 4 _ _ _ 
[00238489] 4 | 2 8 4 0 10 5 1 11 4 _ _ _ 
[00238490] 3 | 2 8 4 0 10 5 1 11 4 _ 3 6 
[00238491] 3 | 2 8 4 0 10 5 1 11 4 _ 6 9 
[00238492] 3 | 2 8 4 0 10 5 1 11 4 _ 6 3 
[00238493] 3 | 2 8 4 0 10 5 1 11 4 _ 9 6 
[00238494] 4 | 2 8 _ 0 10 5 1 11 4 8 _ _ 
[00238495] 3 | 2 8 _ 0 10 5 1 11 4 8 3 6 
[00238496] 3 | 2 8 _ 0 10 5 1 11 4 8 6 9 
[00238497] 3 | 2 8 _ 0 10 5 1 11 4 8 6 3 
[00238498] 3 | 2 8 _ 0 10 5 1 11 4 8 9 6 
[00238499] 4 | 2 8 _ 0 10 5 1 11 4 _ 7 _ 
[00238500] 3 | 2 8 _ 0 10 5 1 11 4 7 7 _ 
[00238501] 2 | 2 8 6 0 10 5 1 11 4 7 7 _ 
