[00172033] 3 | 7 4 _ 11 0 9 8 1 7 _ 6 2 
[00172034] 3 | _ 4 7 11 0 9 8 1 7 _ 6 2 
[00172035] 3 | _ 4 _ 11 0 9 8 1 7 4 6 2 
[00172036] 3 | _ 4 _ 11 0 9 8 1 7 10 6 2 
[00172037] 4 | _ 4 _ 11 0 9 8 1 7 _ 6 10 
[00172038] 3 | 7 4 _ 11 0 9 8 1 7 _ 6 10 
[00172039] 2 | 7 4 2 11 0 9 8 1 7 _ 6 10 
[00172040] 3 | _ 4 7 11 0 9 8 1 7 _ 6 10 
[00172041] 2 | 2 4 7 11 0 9 8 1 7 _ 6 10 
[00172042] 3 | _ 4 _ 11 0 9 8 1 7 4 6 10 
[00172043] 5 | _ 4 _ 11 0 9 8 1 7 _ 5 10 
[00172044] 4 | _ 4 _ 11 0 9 8 1 7 3 5 10 
[00172045] 5 | _ 4 _ 11 0 9 8 1 7 _ 10 5 
[00172046] 4 | _ 4 _ 11 0 9 8 1 7 3 10 5 
[00172047] 6 | _ 4 _ 11 0 9 8 1 _ _ 7 _ 
[00172048] 5 | _ 4 _ 11 0 9 8 1 6 _ 7 _ 
[00172049] 4 | _ 4 _ 11 0 9 8 1 6 2 7 _ 
[00172050] 3 | 7 4 _ 11 0 9 8 1 6 2 7 _ 
[00172051] 3 | _ 4 7 11 0 9 8 1 6 2 7 _ 
[00172052] 3 | _ 4 _ 11 0 9 8 1 6 2 7 4 
[00172053] 3 | _ 4 _ 11 0 9 8 1 6 2 7 10 
[00172054] 4 | _ 4 _ 11 0 9 8 1 6 10 7 _ 
[00172055] 3 | 7 4 _ 11 0 9 8 1 6 10 7 _ 
[00172056] 2 | 7 4 2 11 0 9 8 1 6 10 7 _ 
[00172057] 3 | _ 4 7 11 0 9 8 1 6 10 7 _ 
[00172058] 2 | 2 4 7 11 0 9 8 1 6 10 7 _ 
[00172059] 3 | _ 4 _ 11 0 9 8 1 6 10 7 4 
[00172060] 4 | _ 4 _ 11 0 9 8 1 6 _ 7 3 
[00172061] 5 | _ 4 _ 11 0 9 8 1 5 10 7 _ 
[00172062] 4 | _ 4 _ 11 0 9 8 1 5 10 7 3 
[00172063] 5 | _ 4 _ 11 0 9 8 1 10 5 7 _ 
[00172064] 4 | _ 4 _ 11 0 9 8 1 10 5 7 3 
[00172065] 5 | _ 4 _ 11 0 9 8 1 _ _ 7 2 
[00172066] 4 | _ 4 _ 11 0 9 8 1 5 _ 7 2 
[00172067] 4 | _ 4 _ 11 0 9 8 1 6 10 7 2 
[00172068] 4 | _ 4 _ 11 0 9 8 1 10 6 7 2 
[00172069] 7 | _ _ _ 11 0 9 8 1 3 10 _ _ 
[00172070] 6 | _ 5 _ 11 0 9 8 1 3 10 _ _ 
[00172071] 5 | _ 5 _ 11 0 9 8 1 3 10 6 _ 
[00172072] 4 | _ 5 _ 11 0 9 8 1 3 10 6 2 
[00172073] 5 | _ 5 _ 11 0 9 8 1 3 10 2 7 
[00172074] 5 | _ 5 _ 11 0 9 8 1 3 10 7 2 
[00172075] 6 | _ _ _ 11 0 9 8 1 3 10 7 _ 
[00172076] 5 | _ 6 _ 11 0 9 8 1 3 10 7 _ 
[00172077] 4 | 2 6 _ 11 0 9 8 1 3 10 7 _ 
[00172078] 3 | 2 6 _ 11 0 9 8 1 3 10 7 4 
[00172079] 4 | _ 6 2 11 0 9 8 1 3 10 7 _ 
[00172080] 3 | _ 6 2 11 0 9 8 1 3 10 7 4 
[00172081] 5 | _ _ _ 11 0 9 8 1 3 10 7 2 
[00172082] 7 | _ _ _ 11 0 9 8 1 10 3 _ _ 
[00172083] 6 | _ 5 _ 11 0 9 8 1 10 3 _ _ 
[00172084] 5 | _ 5 _ 11 0 9 8 1 10 3 6 _ 
[00172085] 4 | _ 5 _ 11 0 9 8 1 10 3 6 2 
[00172086] 5 | _ 5 _ 11 0 9 8 1 10 3 2 7 
[00172087] 5 | _ 5 _ 11 0 9 8 1 10 3 7 2 
[00172088] 6 | _ _ _ 11 0 9 8 1 10 3 7 _ 
[00172089] 5 | _ 6 _ 11 0 9 8 1 10 3 7 _ 
[00172090] 4 | 2 6 _ 11 0 9 8 1 10 3 7 _ 
[00172091] 3 | 2 6 _ 11 0 9 8 1 10 3 7 4 
[00172092] 4 | _ 6 2 11 0 9 8 1 10 3 7 _ 
[00172093] 3 | _ 6 2 11 0 9 8 1 10 3 7 4 
[00172094] 5 | _ _ _ 11 0 9 8 1 10 3 7 2 
[00172095] 7 | _ _ _ 11 0 9 8 1 _ _ 3 10 
[00172096] 6 | _ 5 _ 11 0 9 8 1 _ _ 3 10 
[00172097] 5 | _ 5 _ 11 0 9 8 1 6 _ 3 10 
[00172098] 4 | _ 5 _ 11 0 9 8 1 6 2 3 10 
[00172099] 5 | _ 5 _ 11 0 9 8 1 2 7 3 10 
[00172100] 5 | _ 5 _ 11 0 9 8 1 7 2 3 10 
[00172101] 6 | _ _ _ 11 0 9 8 1 7 _ 3 10 
[00172102] 5 | _ 6 _ 11 0 9 8 1 7 _ 3 10 
[00172103] 4 | 2 6 _ 11 0 9 8 1 7 _ 3 10 
[00172104] 3 | 2 6 _ 11 0 9 8 1 7 4 3 10 
[00172105] 4 | _ 6 2 11 0 9 8 1 7 _ 3 10 
[00172106] 3 | _ 6 2 11 0 9 8 1 7 4 3 10 
[00172107] 5 | _ _ _ 11 0 9 8 1 7 2 3 10 
[00172108] 7 | _ _ _ 11 0 9 8 1 _ _ 10 3 
[00172109] 6 | _ 5 _ 11 0 9 8 1 _ _ 10 3 
[00172110] 5 | _ 5 _ 11 0 9 8 1 6 _ 10 3 
[00172111] 4 | _ 5 _ 11 0 9 8 1 6 2 10 3 
[00172112] 5 | _ 5 _ 11 0 9 8 1 2 7 10 3 
[00172113] 5 | _ 5 _ 11 0 9 8 1 7 2 10 3 
[00172114] 6 | _ _ _ 11 0 9 8 1 7 _ 10 3 
[00172115] 5 | _ 6 _ 11 0 9 8 1 7 _ 10 3 
[00172116] 4 | 2 6 _ 11 0 9 8 1 7 _ 10 3 
[00172117] 3 | 2 6 _ 11 0 9 8 1 7 4 10 3 
[00172118] 4 | _ 6 2 11 0 9 8 1 7 _ 10 3 
[00172119] 3 | _ 6 2 11 0 9 8 1 7 4 10 3 
[00172120] 5 | _ _ _ 11 0 9 8 1 7 2 10 3 
[00172121] 8 | _ _ _ 11 0 9 _ 1 2 10 _ _ 
[00172122] 7 | _ 4 _ 11 0 9 _ 1 2 10 _ _ 
[00172123] 6 | _ 4 _ 11 0 9 6 1 2 10 _ _ 
[00172124] 5 | _ 4 _ 11 0 9 6 1 2 10 3 8 
[00172125] 5 | _ 4 _ 11 0 9 6 1 2 10 8 3 
[00172126] 6 | _ 4 _ 11 0 9 _ 1 2 10 7 _ 
[00172127] 5 | _ 4 _ 11 0 9 5 1 2 10 7 _ 
[00172128] 4 | 8 4 _ 11 0 9 5 1 2 10 7 _ 
[00172129] 3 | 8 4 7 11 0 9 5 1 2 10 7 _ 
[00172130] 3 | 8 4 _ 11 0 9 5 1 2 10 7 4 
[00172131] 4 | _ 4 8 11 0 9 5 1 2 10 7 _ 
[00172132] 3 | 7 4 8 11 0 9 5 1 2 10 7 _ 
[00172133] 3 | _ 4 8 11 0 9 5 1 2 10 7 4 
[00172134] 4 | _ 4 _ 11 0 9 5 1 2 10 7 3 
[00172135] 7 | _ _ _ 11 0 9 7 1 2 10 _ _ 
[00172136] 6 | _ 5 _ 11 0 9 7 1 2 10 _ _ 
[00172137] 5 | _ 5 _ 11 0 9 7 1 2 10 6 _ 
[00172138] 5 | _ 5 _ 11 0 9 7 1 2 10 3 8 
[00172139] 5 | _ 5 _ 11 0 9 7 1 2 10 8 3 
[00172140] 7 | _ _ _ 11 0 9 _ 1 2 10 8 _ 
[00172141] 6 | _ 5 _ 11 0 9 _ 1 2 10 8 _ 
[00172142] 5 | 0 5 _ 11 0 9 _ 1 2 10 8 _ 
[00172143] 4 | 0 5 _ 11 0 9 _ 1 2 10 8 4 
[00172144] 5 | _ 5 0 11 0 9 _ 1 2 10 8 _ 
[00172145] 4 | _ 5 0 11 0 9 _ 1 2 10 8 4 
[00172146] 5 | _ 5 _ 11 0 9 5 1 2 10 8 _ 
[00172147] 4 | _ 5 _ 11 0 9 5 1 2 10 8 4 
[00172148] 5 | _ 5 _ 11 0 9 _ 1 2 10 8 3 
[00172149] 4 | _ 5 _ 11 0 9 4 1 2 10 8 3 
[00172150] 6 | _ _ _ 11 0 9 6 1 2 10 8 _ 
[00172151] 5 | _ _ _ 11 0 9 6 1 2 10 8 3 
[00172152] 4 | _ 7 _ 11 0 9 6 1 2 10 8 3 
[00172153] 3 | 4 7 _ 11 0 9 6 1 2 10 8 3 
[00172154] 2 | 4 7 5 11 0 9 6 1 2 10 8 3 
[00172155] 1 | 4 7 5 11 0 9 6 1 2 10 8 3  *Graceful*
[00172155] 3 | _ 7 4 11 0 9 6 1 2 10 8 3 
[00172156] 2 | 5 7 4 11 0 9 6 1 2 10 8 3 
[00172157] 1 | 5 7 4 11 0 9 6 1 2 10 8 3  *Graceful*
[00172157] 8 | _ _ _ 11 0 9 _ 1 10 2 _ _ 
[00172158] 7 | _ 4 _ 11 0 9 _ 1 10 2 _ _ 
[00172159] 6 | _ 4 _ 11 0 9 6 1 10 2 _ _ 
[00172160] 5 | _ 4 _ 11 0 9 6 1 10 2 3 8 
[00172161] 5 | _ 4 _ 11 0 9 6 1 10 2 8 3 
[00172162] 6 | _ 4 _ 11 0 9 _ 1 10 2 7 _ 
[00172163] 5 | _ 4 _ 11 0 9 5 1 10 2 7 _ 
[00172164] 4 | 8 4 _ 11 0 9 5 1 10 2 7 _ 
[00172165] 3 | 8 4 7 11 0 9 5 1 10 2 7 _ 
[00172166] 3 | 8 4 _ 11 0 9 5 1 10 2 7 4 
[00172167] 4 | _ 4 8 11 0 9 5 1 10 2 7 _ 
[00172168] 3 | 7 4 8 11 0 9 5 1 10 2 7 _ 
[00172169] 3 | _ 4 8 11 0 9 5 1 10 2 7 4 
[00172170] 4 | _ 4 _ 11 0 9 5 1 10 2 7 3 
[00172171] 7 | _ _ _ 11 0 9 7 1 10 2 _ _ 
[00172172] 6 | _ 5 _ 11 0 9 7 1 10 2 _ _ 
[00172173] 5 | _ 5 _ 11 0 9 7 1 10 2 6 _ 
[00172174] 5 | _ 5 _ 11 0 9 7 1 10 2 3 8 
[00172175] 5 | _ 5 _ 11 0 9 7 1 10 2 8 3 
[00172176] 7 | _ _ _ 11 0 9 _ 1 10 2 8 _ 
[00172177] 6 | _ 5 _ 11 0 9 _ 1 10 2 8 _ 
[00172178] 5 | 0 5 _ 11 0 9 _ 1 10 2 8 _ 
[00172179] 4 | 0 5 _ 11 0 9 _ 1 10 2 8 4 
[00172180] 5 | _ 5 0 11 0 9 _ 1 10 2 8 _ 
[00172181] 4 | _ 5 0 11 0 9 _ 1 10 2 8 4 
[00172182] 5 | _ 5 _ 11 0 9 5 1 10 2 8 _ 
[00172183] 4 | _ 5 _ 11 0 9 5 1 10 2 8 4 
[00172184] 5 | _ 5 _ 11 0 9 _ 1 10 2 8 3 
[00172185] 4 | _ 5 _ 11 0 9 4 1 10 2 8 3 
[00172186] 6 | _ _ _ 11 0 9 6 1 10 2 8 _ 
[00172187] 5 | _ _ _ 11 0 9 6 1 10 2 8 3 
[00172188] 4 | _ 7 _ 11 0 9 6 1 10 2 8 3 
[00172189] 3 | 4 7 _ 11 0 9 6 1 10 2 8 3 
[00172190] 2 | 4 7 5 11 0 9 6 1 10 2 8 3 
[00172191] 3 | _ 7 4 11 0 9 6 1 10 2 8 3 
[00172192] 2 | 5 7 4 11 0 9 6 1 10 2 8 3 
[00172193] 8 | _ _ _ 11 0 9 _ 1 _ _ 2 10 
[00172194] 7 | _ 4 _ 11 0 9 _ 1 _ _ 2 10 
[00172195] 6 | _ 4 _ 11 0 9 6 1 _ _ 2 10 
[00172196] 5 | _ 4 _ 11 0 9 6 1 3 8 2 10 
[00172197] 5 | _ 4 _ 11 0 9 6 1 8 3 2 10 
[00172198] 6 | _ 4 _ 11 0 9 _ 1 7 _ 2 10 
[00172199] 5 | _ 4 _ 11 0 9 5 1 7 _ 2 10 
[00172200] 4 | 8 4 _ 11 0 9 5 1 7 _ 2 10 
[00172201] 3 | 8 4 7 11 0 9 5 1 7 _ 2 10 
[00172202] 3 | 8 4 _ 11 0 9 5 1 7 4 2 10 
[00172203] 4 | _ 4 8 11 0 9 5 1 7 _ 2 10 
[00172204] 3 | 7 4 8 11 0 9 5 1 7 _ 2 10 
[00172205] 3 | _ 4 8 11 0 9 5 1 7 4 2 10 
[00172206] 4 | _ 4 _ 11 0 9 5 1 7 3 2 10 
[00172207] 7 | _ _ _ 11 0 9 7 1 _ _ 2 10 
[00172208] 6 | _ 5 _ 11 0 9 7 1 _ _ 2 10 
[00172209] 5 | _ 5 _ 11 0 9 7 1 6 _ 2 10 
[00172210] 5 | _ 5 _ 11 0 9 7 1 3 8 2 10 
[00172211] 5 | _ 5 _ 11 0 9 7 1 8 3 2 10 
[00172212] 7 | _ _ _ 11 0 9 _ 1 8 _ 2 10 
[00172213] 6 | _ 5 _ 11 0 9 _ 1 8 _ 2 10 
[00172214] 5 | 0 5 _ 11 0 9 _ 1 8 _ 2 10 
[00172215] 4 | 0 5 _ 11 0 9 _ 1 8 4 2 10 
[00172216] 5 | _ 5 0 11 0 9 _ 1 8 _ 2 10 
[00172217] 4 | _ 5 0 11 0 9 _ 1 8 4 2 10 
[00172218] 5 | _ 5 _ 11 0 9 5 1 8 _ 2 10 
[00172219] 4 | _ 5 _ 11 0 9 5 1 8 4 2 10 
[00172220] 5 | _ 5 _ 11 0 9 _ 1 8 3 2 10 
[00172221] 4 | _ 5 _ 11 0 9 4 1 8 3 2 10 
[00172222] 6 | _ _ _ 11 0 9 6 1 8 _ 2 10 
[00172223] 5 | _ _ _ 11 0 9 6 1 8 3 2 10 
[00172224] 4 | _ 7 _ 11 0 9 6 1 8 3 2 10 
[00172225] 3 | 4 7 _ 11 0 9 6 1 8 3 2 10 
[00172226] 2 | 4 7 5 11 0 9 6 1 8 3 2 10 
[00172227] 1 | 4 7 5 11 0 9 6 1 8 3 2 10  *Graceful*
[00172227] 3 | _ 7 4 11 0 9 6 1 8 3 2 10 
[00172228] 2 | 5 7 4 11 0 9 6 1 8 3 2 10 
[00172229] 1 | 5 7 4 11 0 9 6 1 8 3 2 10  *Graceful*
[00172229] 8 | _ _ _ 11 0 9 _ 1 _ _ 10 2 
[00172230] 7 | _ 4 _ 11 0 9 _ 1 _ _ 10 2 
[00172231] 6 | _ 4 _ 11 0 9 6 1 _ _ 10 2 
[00172232] 5 | _ 4 _ 11 0 9 6 1 3 8 10 2 
[00172233] 5 | _ 4 _ 11 0 9 6 1 8 3 10 2 
[00172234] 6 | _ 4 _ 11 0 9 _ 1 7 _ 10 2 
[00172235] 5 | _ 4 _ 11 0 9 5 1 7 _ 10 2 
[00172236] 4 | 8 4 _ 11 0 9 5 1 7 _ 10 2 
[00172237] 3 | 8 4 7 11 0 9 5 1 7 _ 10 2 
[00172238] 3 | 8 4 _ 11 0 9 5 1 7 4 10 2 
[00172239] 4 | _ 4 8 11 0 9 5 1 7 _ 10 2 
[00172240] 3 | 7 4 8 11 0 9 5 1 7 _ 10 2 
[00172241] 3 | _ 4 8 11 0 9 5 1 7 4 10 2 
[00172242] 4 | _ 4 _ 11 0 9 5 1 7 3 10 2 
[00172243] 7 | _ _ _ 11 0 9 7 1 _ _ 10 2 
[00172244] 6 | _ 5 _ 11 0 9 7 1 _ _ 10 2 
[00172245] 5 | _ 5 _ 11 0 9 7 1 6 _ 10 2 
[00172246] 5 | _ 5 _ 11 0 9 7 1 3 8 10 2 
[00172247] 5 | _ 5 _ 11 0 9 7 1 8 3 10 2 
[00172248] 7 | _ _ _ 11 0 9 _ 1 8 _ 10 2 
[00172249] 6 | _ 5 _ 11 0 9 _ 1 8 _ 10 2 
[00172250] 5 | 0 5 _ 11 0 9 _ 1 8 _ 10 2 
[00172251] 4 | 0 5 _ 11 0 9 _ 1 8 4 10 2 
[00172252] 5 | _ 5 0 11 0 9 _ 1 8 _ 10 2 
[00172253] 4 | _ 5 0 11 0 9 _ 1 8 4 10 2 
[00172254] 5 | _ 5 _ 11 0 9 5 1 8 _ 10 2 
[00172255] 4 | _ 5 _ 11 0 9 5 1 8 4 10 2 
[00172256] 5 | _ 5 _ 11 0 9 _ 1 8 3 10 2 
[00172257] 4 | _ 5 _ 11 0 9 4 1 8 3 10 2 
[00172258] 6 | _ _ _ 11 0 9 6 1 8 _ 10 2 
[00172259] 5 | _ _ _ 11 0 9 6 1 8 3 10 2 
[00172260] 4 | _ 7 _ 11 0 9 6 1 8 3 10 2 
[00172261] 3 | 4 7 _ 11 0 9 6 1 8 3 10 2 
[00172262] 2 | 4 7 5 11 0 9 6 1 8 3 10 2 
[00172263] 3 | _ 7 4 11 0 9 6 1 8 3 10 2 
[00172264] 2 | 5 7 4 11 0 9 6 1 8 3 10 2 
[00172265] 9 | _ _ _ 11 0 _ 9 1 _ _ _ _ 
[00172266] 8 | 2 10 _ 11 0 _ 9 1 _ _ _ _ 
[00172267] 7 | 2 10 3 11 0 _ 9 1 _ _ _ _ 
[00172268] 6 | 2 10 3 11 0 6 9 1 _ _ _ _ 
[00172269] 6 | 2 10 3 11 0 _ 9 1 7 _ _ _ 
[00172270] 5 | 2 10 3 11 0 5 9 1 7 _ _ _ 
[00172271] 4 | 2 10 3 11 0 5 9 1 7 _ 4 8 
[00172272] 4 | 2 10 3 11 0 5 9 1 7 _ 8 4 
[00172273] 5 | 2 10 3 11 0 _ 9 1 7 _ 6 _ 
[00172274] 4 | 2 10 3 11 0 4 9 1 7 _ 6 _ 
[00172275] 6 | 2 10 3 11 0 _ 9 1 _ _ 7 _ 
[00172276] 5 | 2 10 3 11 0 5 9 1 _ _ 7 _ 
[00172277] 4 | 2 10 3 11 0 5 9 1 4 8 7 _ 
[00172278] 4 | 2 10 3 11 0 5 9 1 8 4 7 _ 
[00172279] 5 | 2 10 3 11 0 _ 9 1 6 _ 7 _ 
[00172280] 4 | 2 10 3 11 0 4 9 1 6 _ 7 _ 
[00172281] 7 | 2 10 _ 11 0 7 9 1 _ _ _ _ 
[00172282] 6 | 2 10 4 11 0 7 9 1 _ _ _ _ 
[00172283] 5 | 2 10 4 11 0 7 9 1 6 _ _ _ 
[00172284] 4 | 2 10 4 11 0 7 9 1 6 _ 5 _ 
[00172285] 3 | 2 10 4 11 0 7 9 1 6 3 5 _ 
[00172286] 3 | 2 10 4 11 0 7 9 1 6 _ 5 8 
[00172287] 5 | 2 10 4 11 0 7 9 1 3 8 _ _ 
[00172288] 4 | 2 10 4 11 0 7 9 1 3 8 5 _ 
[00172289] 5 | 2 10 4 11 0 7 9 1 8 3 _ _ 
[00172290] 4 | 2 10 4 11 0 7 9 1 8 3 5 _ 
[00172291] 5 | 2 10 4 11 0 7 9 1 _ _ 6 _ 
[00172292] 4 | 2 10 4 11 0 7 9 1 5 _ 6 _ 
[00172293] 3 | 2 10 4 11 0 7 9 1 5 8 6 _ 
[00172294] 3 | 2 10 4 11 0 7 9 1 5 _ 6 3 
[00172295] 5 | 2 10 4 11 0 7 9 1 _ _ 3 8 
[00172296] 4 | 2 10 4 11 0 7 9 1 5 _ 3 8 
[00172297] 5 | 2 10 4 11 0 7 9 1 _ _ 8 3 
[00172298] 4 | 2 10 4 11 0 7 9 1 5 _ 8 3 
[00172299] 7 | 2 10 _ 11 0 _ 9 1 8 _ _ _ 
[00172300] 6 | 2 10 4 11 0 _ 9 1 8 _ _ _ 
[00172301] 5 | 2 10 4 11 0 5 9 1 8 _ _ _ 
[00172302] 4 | 2 10 4 11 0 5 9 1 8 _ 3 7 
[00172303] 4 | 2 10 4 11 0 5 9 1 8 _ 7 3 
[00172304] 5 | 2 10 4 11 0 _ 9 1 8 3 _ _ 
[00172305] 4 | 2 10 4 11 0 _ 9 1 8 3 5 _ 
[00172306] 5 | 2 10 4 11 0 _ 9 1 8 _ 6 _ 
[00172307] 6 | 2 10 _ 11 0 6 9 1 8 _ _ _ 
[00172308] 5 | 2 10 5 11 0 6 9 1 8 _ _ _ 
[00172309] 4 | 2 10 5 11 0 6 9 1 8 4 _ _ 
[00172310] 4 | 2 10 5 11 0 6 9 1 8 _ 3 7 
[00172311] 4 | 2 10 5 11 0 6 9 1 8 _ 7 3 
[00172312] 5 | 2 10 _ 11 0 6 9 1 8 3 _ _ 
[00172313] 4 | 2 10 _ 11 0 6 9 1 8 3 5 _ 
[00172314] 3 | 2 10 7 11 0 6 9 1 8 3 5 _ 
[00172315] 6 | 2 10 _ 11 0 _ 9 1 8 _ 7 _ 
[00172316] 5 | 2 10 5 11 0 _ 9 1 8 _ 7 _ 
[00172317] 4 | 2 10 5 11 0 4 9 1 8 _ 7 _ 
[00172318] 4 | 2 10 5 11 0 _ 9 1 8 4 7 _ 
[00172319] 3 | 2 10 5 11 0 3 9 1 8 4 7 _ 
[00172320] 4 | 2 10 5 11 0 _ 9 1 8 _ 7 3 
[00172321] 5 | 2 10 _ 11 0 5 9 1 8 _ 7 _ 
[00172322] 4 | 2 10 6 11 0 5 9 1 8 _ 7 _ 
[00172323] 3 | 2 10 6 11 0 5 9 1 8 _ 7 4 
[00172324] 4 | 2 10 _ 11 0 5 9 1 8 4 7 _ 
[00172325] 3 | 2 10 7 11 0 5 9 1 8 4 7 _ 
[00172326] 3 | 2 10 _ 11 0 5 9 1 8 4 7 10 
[00172327] 4 | 2 10 _ 11 0 5 9 1 8 _ 7 3 
[00172328] 5 | 2 10 _ 11 0 _ 9 1 8 3 7 _ 
[00172329] 4 | 2 10 6 11 0 _ 9 1 8 3 7 _ 
[00172330] 3 | 2 10 6 11 0 _ 9 1 8 3 7 4 
[00172331] 4 | 2 10 _ 11 0 4 9 1 8 3 7 _ 
[00172332] 3 | 2 10 7 11 0 4 9 1 8 3 7 _ 
[00172333] 3 | 2 10 _ 11 0 4 9 1 8 3 7 10 
[00172334] 7 | 2 10 _ 11 0 _ 9 1 _ _ 8 _ 
[00172335] 6 | 2 10 4 11 0 _ 9 1 _ _ 8 _ 
[00172336] 5 | 2 10 4 11 0 5 9 1 _ _ 8 _ 
[00172337] 4 | 2 10 4 11 0 5 9 1 3 7 8 _ 
[00172338] 4 | 2 10 4 11 0 5 9 1 7 3 8 _ 
[00172339] 5 | 2 10 4 11 0 _ 9 1 6 _ 8 _ 
[00172340] 5 | 2 10 4 11 0 _ 9 1 _ _ 8 3 
[00172341] 4 | 2 10 4 11 0 _ 9 1 5 _ 8 3 
[00172342] 6 | 2 10 _ 11 0 6 9 1 _ _ 8 _ 
[00172343] 5 | 2 10 5 11 0 6 9 1 _ _ 8 _ 
[00172344] 4 | 2 10 5 11 0 6 9 1 3 7 8 _ 
[00172345] 4 | 2 10 5 11 0 6 9 1 7 3 8 _ 
[00172346] 4 | 2 10 5 11 0 6 9 1 _ _ 8 4 
[00172347] 5 | 2 10 _ 11 0 6 9 1 _ _ 8 3 
[00172348] 4 | 2 10 _ 11 0 6 9 1 5 _ 8 3 
[00172349] 3 | 2 10 7 11 0 6 9 1 5 _ 8 3 
[00172350] 6 | 2 10 _ 11 0 _ 9 1 7 _ 8 _ 
[00172351] 5 | 2 10 5 11 0 _ 9 1 7 _ 8 _ 
[00172352] 4 | 2 10 5 11 0 4 9 1 7 _ 8 _ 
[00172353] 4 | 2 10 5 11 0 _ 9 1 7 3 8 _ 
[00172354] 4 | 2 10 5 11 0 _ 9 1 7 _ 8 4 
[00172355] 3 | 2 10 5 11 0 3 9 1 7 _ 8 4 
[00172356] 5 | 2 10 _ 11 0 5 9 1 7 _ 8 _ 
[00172357] 4 | 2 10 6 11 0 5 9 1 7 _ 8 _ 
[00172358] 3 | 2 10 6 11 0 5 9 1 7 4 8 _ 
[00172359] 4 | 2 10 _ 11 0 5 9 1 7 3 8 _ 
[00172360] 4 | 2 10 _ 11 0 5 9 1 7 _ 8 4 
[00172361] 3 | 2 10 7 11 0 5 9 1 7 _ 8 4 
[00172362] 3 | 2 10 _ 11 0 5 9 1 7 10 8 4 
[00172363] 5 | 2 10 _ 11 0 _ 9 1 7 _ 8 3 
[00172364] 4 | 2 10 6 11 0 _ 9 1 7 _ 8 3 
[00172365] 3 | 2 10 6 11 0 _ 9 1 7 4 8 3 
[00172366] 4 | 2 10 _ 11 0 4 9 1 7 _ 8 3 
[00172367] 3 | 2 10 7 11 0 4 9 1 7 _ 8 3 
[00172368] 3 | 2 10 _ 11 0 4 9 1 7 10 8 3 
[00172369] 8 | 10 2 _ 11 0 _ 9 1 _ _ _ _ 
[00172370] 8 | _ 2 10 11 0 _ 9 1 _ _ _ _ 
[00172371] 8 | _ 10 2 11 0 _ 9 1 _ _ _ _ 
[00172372] 7 | 3 10 2 11 0 _ 9 1 _ _ _ _ 
[00172373] 6 | 3 10 2 11 0 6 9 1 _ _ _ _ 
[00172374] 6 | 3 10 2 11 0 _ 9 1 7 _ _ _ 
[00172375] 5 | 3 10 2 11 0 5 9 1 7 _ _ _ 
[00172376] 4 | 3 10 2 11 0 5 9 1 7 _ 4 8 
[00172377] 4 | 3 10 2 11 0 5 9 1 7 _ 8 4 
[00172378] 5 | 3 10 2 11 0 _ 9 1 7 _ 6 _ 
[00172379] 4 | 3 10 2 11 0 4 9 1 7 _ 6 _ 
[00172380] 6 | 3 10 2 11 0 _ 9 1 _ _ 7 _ 
[00172381] 5 | 3 10 2 11 0 5 9 1 _ _ 7 _ 
[00172382] 4 | 3 10 2 11 0 5 9 1 4 8 7 _ 
[00172383] 4 | 3 10 2 11 0 5 9 1 8 4 7 _ 
[00172384] 5 | 3 10 2 11 0 _ 9 1 6 _ 7 _ 
[00172385] 4 | 3 10 2 11 0 4 9 1 6 _ 7 _ 
[00172386] 7 | _ 10 2 11 0 7 9 1 _ _ _ _ 
[00172387] 6 | 4 10 2 11 0 7 9 1 _ _ _ _ 
[00172388] 5 | 4 10 2 11 0 7 9 1 6 _ _ _ 
[00172389] 4 | 4 10 2 11 0 7 9 1 6 _ 5 _ 
[00172390] 3 | 4 10 2 11 0 7 9 1 6 3 5 _ 
[00172391] 3 | 4 10 2 11 0 7 9 1 6 _ 5 8 
[00172392] 5 | 4 10 2 11 0 7 9 1 3 8 _ _ 
[00172393] 4 | 4 10 2 11 0 7 9 1 3 8 5 _ 
[00172394] 5 | 4 10 2 11 0 7 9 1 8 3 _ _ 
[00172395] 4 | 4 10 2 11 0 7 9 1 8 3 5 _ 
[00172396] 5 | 4 10 2 11 0 7 9 1 _ _ 6 _ 
[00172397] 4 | 4 10 2 11 0 7 9 1 5 _ 6 _ 
[00172398] 3 | 4 10 2 11 0 7 9 1 5 8 6 _ 
[00172399] 3 | 4 10 2 11 0 7 9 1 5 _ 6 3 
[00172400] 5 | 4 10 2 11 0 7 9 1 _ _ 3 8 
[00172401] 4 | 4 10 2 11 0 7 9 1 5 _ 3 8 
[00172402] 5 | 4 10 2 11 0 7 9 1 _ _ 8 3 
[00172403] 4 | 4 10 2 11 0 7 9 1 5 _ 8 3 
[00172404] 7 | _ 10 2 11 0 _ 9 1 8 _ _ _ 
[00172405] 6 | 4 10 2 11 0 _ 9 1 8 _ _ _ 
[00172406] 5 | 4 10 2 11 0 5 9 1 8 _ _ _ 
[00172407] 4 | 4 10 2 11 0 5 9 1 8 _ 3 7 
[00172408] 4 | 4 10 2 11 0 5 9 1 8 _ 7 3 
[00172409] 5 | 4 10 2 11 0 _ 9 1 8 3 _ _ 
[00172410] 4 | 4 10 2 11 0 _ 9 1 8 3 5 _ 
[00172411] 5 | 4 10 2 11 0 _ 9 1 8 _ 6 _ 
[00172412] 6 | _ 10 2 11 0 6 9 1 8 _ _ _ 
[00172413] 5 | 5 10 2 11 0 6 9 1 8 _ _ _ 
[00172414] 4 | 5 10 2 11 0 6 9 1 8 4 _ _ 
[00172415] 4 | 5 10 2 11 0 6 9 1 8 _ 3 7 
[00172416] 4 | 5 10 2 11 0 6 9 1 8 _ 7 3 
[00172417] 5 | _ 10 2 11 0 6 9 1 8 3 _ _ 
[00172418] 4 | _ 10 2 11 0 6 9 1 8 3 5 _ 
[00172419] 3 | 7 10 2 11 0 6 9 1 8 3 5 _ 
[00172420] 6 | _ 10 2 11 0 _ 9 1 8 _ 7 _ 
[00172421] 5 | 5 10 2 11 0 _ 9 1 8 _ 7 _ 
[00172422] 4 | 5 10 2 11 0 4 9 1 8 _ 7 _ 
[00172423] 4 | 5 10 2 11 0 _ 9 1 8 4 7 _ 
[00172424] 3 | 5 10 2 11 0 3 9 1 8 4 7 _ 
[00172425] 4 | 5 10 2 11 0 _ 9 1 8 _ 7 3 
[00172426] 5 | _ 10 2 11 0 5 9 1 8 _ 7 _ 
[00172427] 4 | 6 10 2 11 0 5 9 1 8 _ 7 _ 
[00172428] 3 | 6 10 2 11 0 5 9 1 8 _ 7 4 
[00172429] 4 | _ 10 2 11 0 5 9 1 8 4 7 _ 
[00172430] 3 | 7 10 2 11 0 5 9 1 8 4 7 _ 
[00172431] 3 | _ 10 2 11 0 5 9 1 8 4 7 10 
[00172432] 4 | _ 10 2 11 0 5 9 1 8 _ 7 3 
[00172433] 5 | _ 10 2 11 0 _ 9 1 8 3 7 _ 
[00172434] 4 | 6 10 2 11 0 _ 9 1 8 3 7 _ 
[00172435] 3 | 6 10 2 11 0 _ 9 1 8 3 7 4 
[00172436] 4 | _ 10 2 11 0 4 9 1 8 3 7 _ 
[00172437] 3 | 7 10 2 11 0 4 9 1 8 3 7 _ 
[00172438] 3 | _ 10 2 11 0 4 9 1 8 3 7 10 
[00172439] 7 | _ 10 2 11 0 _ 9 1 _ _ 8 _ 
[00172440] 6 | 4 10 2 11 0 _ 9 1 _ _ 8 _ 
[00172441] 5 | 4 10 2 11 0 5 9 1 _ _ 8 _ 
[00172442] 4 | 4 10 2 11 0 5 9 1 3 7 8 _ 
[00172443] 4 | 4 10 2 11 0 5 9 1 7 3 8 _ 
[00172444] 5 | 4 10 2 11 0 _ 9 1 6 _ 8 _ 
[00172445] 5 | 4 10 2 11 0 _ 9 1 _ _ 8 3 
[00172446] 4 | 4 10 2 11 0 _ 9 1 5 _ 8 3 
[00172447] 6 | _ 10 2 11 0 6 9 1 _ _ 8 _ 
[00172448] 5 | 5 10 2 11 0 6 9 1 _ _ 8 _ 
[00172449] 4 | 5 10 2 11 0 6 9 1 3 7 8 _ 
[00172450] 4 | 5 10 2 11 0 6 9 1 7 3 8 _ 
[00172451] 4 | 5 10 2 11 0 6 9 1 _ _ 8 4 
[00172452] 5 | _ 10 2 11 0 6 9 1 _ _ 8 3 
[00172453] 4 | _ 10 2 11 0 6 9 1 5 _ 8 3 
[00172454] 3 | 7 10 2 11 0 6 9 1 5 _ 8 3 
[00172455] 6 | _ 10 2 11 0 _ 9 1 7 _ 8 _ 
[00172456] 5 | 5 10 2 11 0 _ 9 1 7 _ 8 _ 
[00172457] 4 | 5 10 2 11 0 4 9 1 7 _ 8 _ 
[00172458] 4 | 5 10 2 11 0 _ 9 1 7 3 8 _ 
[00172459] 4 | 5 10 2 11 0 _ 9 1 7 _ 8 4 
[00172460] 3 | 5 10 2 11 0 3 9 1 7 _ 8 4 
[00172461] 5 | _ 10 2 11 0 5 9 1 7 _ 8 _ 
[00172462] 4 | 6 10 2 11 0 5 9 1 7 _ 8 _ 
[00172463] 3 | 6 10 2 11 0 5 9 1 7 4 8 _ 
[00172464] 4 | _ 10 2 11 0 5 9 1 7 3 8 _ 
[00172465] 4 | _ 10 2 11 0 5 9 1 7 _ 8 4 
[00172466] 3 | 7 10 2 11 0 5 9 1 7 _ 8 4 
[00172467] 3 | _ 10 2 11 0 5 9 1 7 10 8 4 
[00172468] 5 | _ 10 2 11 0 _ 9 1 7 _ 8 3 
[00172469] 4 | 6 10 2 11 0 _ 9 1 7 _ 8 3 
[00172470] 3 | 6 10 2 11 0 _ 9 1 7 4 8 3 
[00172471] 4 | _ 10 2 11 0 4 9 1 7 _ 8 3 
[00172472] 3 | 7 10 2 11 0 4 9 1 7 _ 8 3 
[00172473] 3 | _ 10 2 11 0 4 9 1 7 10 8 3 
[00172474] 8 | _ 3 _ 11 0 _ 9 1 _ _ _ _ 
[00172475] 7 | 10 3 _ 11 0 _ 9 1 _ _ _ _ 
[00172476] 6 | 10 3 _ 11 0 6 9 1 _ _ _ _ 
[00172477] 5 | 10 3 8 11 0 6 9 1 _ _ _ _ 
[00172478] 4 | 10 3 8 11 0 6 9 1 5 _ _ _ 
[00172479] 3 | 10 3 8 11 0 6 9 1 5 2 _ _ 
[00172480] 3 | 10 3 8 11 0 6 9 1 5 _ 4 _ 
[00172481] 2 | 10 3 8 11 0 6 9 1 5 7 4 _ 
[00172482] 2 | 10 3 8 11 0 6 9 1 5 _ 4 2 
[00172483] 3 | 10 3 8 11 0 6 9 1 5 _ 4 7 
[00172484] 3 | 10 3 8 11 0 6 9 1 5 _ 7 4 
[00172485] 4 | 10 3 8 11 0 6 9 1 _ _ 5 _ 
[00172486] 3 | 10 3 8 11 0 6 9 1 4 _ 5 _ 
[00172487] 2 | 10 3 8 11 0 6 9 1 4 2 5 _ 
[00172488] 2 | 10 3 8 11 0 6 9 1 4 _ 5 7 
[00172489] 3 | 10 3 8 11 0 6 9 1 4 7 5 _ 
[00172490] 3 | 10 3 8 11 0 6 9 1 7 4 5 _ 
[00172491] 3 | 10 3 8 11 0 6 9 1 _ _ 5 2 
[00172492] 5 | 10 3 _ 11 0 6 9 1 2 7 _ _ 
[00172493] 4 | 10 3 _ 11 0 6 9 1 2 7 5 _ 
[00172494] 3 | 10 3 _ 11 0 6 9 1 2 7 5 8 
[00172495] 4 | 10 3 _ 11 0 6 9 1 2 7 4 8 
[00172496] 4 | 10 3 _ 11 0 6 9 1 2 7 8 4 
[00172497] 5 | 10 3 _ 11 0 6 9 1 7 2 _ _ 
[00172498] 4 | 10 3 _ 11 0 6 9 1 7 2 5 _ 
[00172499] 3 | 10 3 _ 11 0 6 9 1 7 2 5 8 
[00172500] 4 | 10 3 _ 11 0 6 9 1 7 2 4 8 
[00172501] 4 | 10 3 _ 11 0 6 9 1 7 2 8 4 
[00172502] 5 | 10 3 _ 11 0 6 9 1 _ _ 2 7 
[00172503] 4 | 10 3 _ 11 0 6 9 1 5 _ 2 7 
[00172504] 3 | 10 3 _ 11 0 6 9 1 5 8 2 7 
[00172505] 4 | 10 3 _ 11 0 6 9 1 4 8 2 7 
[00172506] 4 | 10 3 _ 11 0 6 9 1 8 4 2 7 
[00172507] 5 | 10 3 _ 11 0 6 9 1 _ _ 7 2 
[00172508] 4 | 10 3 _ 11 0 6 9 1 5 _ 7 2 
[00172509] 3 | 10 3 _ 11 0 6 9 1 5 8 7 2 
[00172510] 4 | 10 3 _ 11 0 6 9 1 4 8 7 2 
[00172511] 4 | 10 3 _ 11 0 6 9 1 8 4 7 2 
[00172512] 6 | 10 3 _ 11 0 _ 9 1 7 _ _ _ 
[00172513] 5 | 10 3 8 11 0 _ 9 1 7 _ _ _ 
[00172514] 4 | 10 3 8 11 0 4 9 1 7 _ _ _ 
[00172515] 3 | 10 3 8 11 0 4 9 1 7 _ 2 5 
[00172516] 3 | 10 3 8 11 0 4 9 1 7 _ 5 2 
[00172517] 4 | 10 3 8 11 0 _ 9 1 7 _ 5 _ 
[00172518] 3 | 10 3 8 11 0 _ 9 1 7 4 5 _ 
[00172519] 2 | 10 3 8 11 0 2 9 1 7 4 5 _ 
[00172520] 1 | 10 3 8 11 0 2 9 1 7 4 5 6  *Graceful*
[00172520] 3 | 10 3 8 11 0 _ 9 1 7 _ 5 2 
[00172521] 4 | 10 3 8 11 0 _ 9 1 7 _ 2 6 
[00172522] 3 | 10 3 8 11 0 _ 9 1 7 4 2 6 
[00172523] 4 | 10 3 8 11 0 _ 9 1 7 _ 6 2 
[00172524] 3 | 10 3 8 11 0 _ 9 1 7 4 6 2 
[00172525] 5 | 10 3 _ 11 0 5 9 1 7 _ _ _ 
[00172526] 4 | 10 3 7 11 0 5 9 1 7 _ _ _ 
[00172527] 3 | 10 3 7 11 0 5 9 1 7 _ 4 _ 
