[00165555] 4 | 1 5 _ 11 0 8 10 2 _ _ 9 4 
[00165556] 3 | 1 5 2 11 0 8 10 2 _ _ 9 4 
[00165557] 3 | 1 5 _ 11 0 8 10 2 5 _ 9 4 
[00165558] 2 | 1 5 3 11 0 8 10 2 5 _ 9 4 
[00165559] 2 | 1 5 7 11 0 8 10 2 5 _ 9 4 
[00165560] 2 | 1 5 _ 11 0 8 10 2 5 3 9 4 
[00165561] 2 | 1 5 _ 11 0 8 10 2 5 7 9 4 
[00165562] 3 | 1 5 _ 11 0 8 10 2 3 6 9 4 
[00165563] 2 | 1 5 7 11 0 8 10 2 3 6 9 4 
[00165564] 1 | 1 5 7 11 0 8 10 2 3 6 9 4  *Graceful*
[00165564] 3 | 1 5 _ 11 0 8 10 2 6 3 9 4 
[00165565] 2 | 1 5 7 11 0 8 10 2 6 3 9 4 
[00165566] 4 | _ 5 1 11 0 8 10 2 _ _ 9 4 
[00165567] 3 | 2 5 1 11 0 8 10 2 _ _ 9 4 
[00165568] 3 | _ 5 1 11 0 8 10 2 5 _ 9 4 
[00165569] 2 | 3 5 1 11 0 8 10 2 5 _ 9 4 
[00165570] 2 | 7 5 1 11 0 8 10 2 5 _ 9 4 
[00165571] 2 | _ 5 1 11 0 8 10 2 5 3 9 4 
[00165572] 2 | _ 5 1 11 0 8 10 2 5 7 9 4 
[00165573] 3 | _ 5 1 11 0 8 10 2 3 6 9 4 
[00165574] 2 | 7 5 1 11 0 8 10 2 3 6 9 4 
[00165575] 1 | 7 5 1 11 0 8 10 2 3 6 9 4  *Graceful*
[00165575] 3 | _ 5 1 11 0 8 10 2 6 3 9 4 
[00165576] 2 | 7 5 1 11 0 8 10 2 6 3 9 4 
[00165577] 4 | _ 5 _ 11 0 8 10 2 6 _ 9 4 
[00165578] 3 | _ 5 _ 11 0 8 10 2 6 3 9 4 
[00165579] 2 | 7 5 _ 11 0 8 10 2 6 3 9 4 
[00165580] 2 | _ 5 7 11 0 8 10 2 6 3 9 4 
[00165581] 4 | _ 5 _ 11 0 8 10 2 3 7 9 4 
[00165582] 4 | _ 5 _ 11 0 8 10 2 7 3 9 4 
[00165583] 6 | _ _ _ 11 0 8 10 2 1 7 9 _ 
[00165584] 5 | _ 6 _ 11 0 8 10 2 1 7 9 _ 
[00165585] 4 | _ 6 _ 11 0 8 10 2 1 7 9 5 
[00165586] 3 | 3 6 _ 11 0 8 10 2 1 7 9 5 
[00165587] 2 | 3 6 4 11 0 8 10 2 1 7 9 5 
[00165588] 1 | 3 6 4 11 0 8 10 2 1 7 9 5  *Graceful*
[00165588] 3 | _ 6 3 11 0 8 10 2 1 7 9 5 
[00165589] 2 | 4 6 3 11 0 8 10 2 1 7 9 5 
[00165590] 1 | 4 6 3 11 0 8 10 2 1 7 9 5  *Graceful*
[00165590] 5 | _ _ _ 11 0 8 10 2 1 7 9 4 
[00165591] 6 | _ _ _ 11 0 8 10 2 7 1 9 _ 
[00165592] 5 | _ 6 _ 11 0 8 10 2 7 1 9 _ 
[00165593] 4 | _ 6 _ 11 0 8 10 2 7 1 9 5 
[00165594] 3 | 3 6 _ 11 0 8 10 2 7 1 9 5 
[00165595] 2 | 3 6 4 11 0 8 10 2 7 1 9 5 
[00165596] 3 | _ 6 3 11 0 8 10 2 7 1 9 5 
[00165597] 2 | 4 6 3 11 0 8 10 2 7 1 9 5 
[00165598] 5 | _ _ _ 11 0 8 10 2 7 1 9 4 
[00165599] 6 | _ _ _ 11 0 8 10 2 _ _ 9 3 
[00165600] 5 | 1 6 _ 11 0 8 10 2 _ _ 9 3 
[00165601] 5 | 6 1 _ 11 0 8 10 2 _ _ 9 3 
[00165602] 5 | _ 1 6 11 0 8 10 2 _ _ 9 3 
[00165603] 5 | _ 6 1 11 0 8 10 2 _ _ 9 3 
[00165604] 5 | _ 6 _ 11 0 8 10 2 _ _ 9 3 
[00165605] 4 | 2 6 _ 11 0 8 10 2 _ _ 9 3 
[00165606] 3 | 2 6 _ 11 0 8 10 2 1 4 9 3 
[00165607] 3 | 2 6 _ 11 0 8 10 2 4 7 9 3 
[00165608] 3 | 2 6 _ 11 0 8 10 2 4 1 9 3 
[00165609] 3 | 2 6 _ 11 0 8 10 2 7 4 9 3 
[00165610] 4 | _ 6 2 11 0 8 10 2 _ _ 9 3 
[00165611] 3 | _ 6 2 11 0 8 10 2 1 4 9 3 
[00165612] 3 | _ 6 2 11 0 8 10 2 4 7 9 3 
[00165613] 3 | _ 6 2 11 0 8 10 2 4 1 9 3 
[00165614] 3 | _ 6 2 11 0 8 10 2 7 4 9 3 
[00165615] 4 | _ 6 _ 11 0 8 10 2 6 _ 9 3 
[00165616] 4 | _ 6 _ 11 0 8 10 2 1 5 9 3 
[00165617] 4 | _ 6 _ 11 0 8 10 2 5 1 9 3 
[00165618] 5 | _ _ _ 11 0 8 10 2 7 _ 9 3 
[00165619] 4 | 1 5 _ 11 0 8 10 2 7 _ 9 3 
[00165620] 4 | 5 1 _ 11 0 8 10 2 7 _ 9 3 
[00165621] 4 | _ 1 5 11 0 8 10 2 7 _ 9 3 
[00165622] 4 | _ 5 1 11 0 8 10 2 7 _ 9 3 
[00165623] 4 | _ 7 _ 11 0 8 10 2 7 _ 9 3 
[00165624] 3 | 4 7 _ 11 0 8 10 2 7 _ 9 3 
[00165625] 2 | 4 7 5 11 0 8 10 2 7 _ 9 3 
[00165626] 2 | 4 7 _ 11 0 8 10 2 7 5 9 3 
[00165627] 3 | _ 7 4 11 0 8 10 2 7 _ 9 3 
[00165628] 2 | 5 7 4 11 0 8 10 2 7 _ 9 3 
[00165629] 2 | _ 7 4 11 0 8 10 2 7 5 9 3 
[00165630] 3 | _ 7 _ 11 0 8 10 2 7 4 9 3 
[00165631] 4 | _ _ _ 11 0 8 10 2 7 11 9 3 
[00165632] 3 | 1 4 _ 11 0 8 10 2 7 11 9 3 
[00165633] 3 | 4 1 _ 11 0 8 10 2 7 11 9 3 
[00165634] 3 | _ 1 4 11 0 8 10 2 7 11 9 3 
[00165635] 3 | _ 4 1 11 0 8 10 2 7 11 9 3 
[00165636] 5 | _ _ _ 11 0 8 10 2 1 6 9 3 
[00165637] 4 | _ 7 _ 11 0 8 10 2 1 6 9 3 
[00165638] 3 | 4 7 _ 11 0 8 10 2 1 6 9 3 
[00165639] 2 | 4 7 5 11 0 8 10 2 1 6 9 3 
[00165640] 1 | 4 7 5 11 0 8 10 2 1 6 9 3  *Graceful*
[00165640] 3 | _ 7 4 11 0 8 10 2 1 6 9 3 
[00165641] 2 | 5 7 4 11 0 8 10 2 1 6 9 3 
[00165642] 1 | 5 7 4 11 0 8 10 2 1 6 9 3  *Graceful*
[00165642] 5 | _ _ _ 11 0 8 10 2 6 1 9 3 
[00165643] 4 | _ 7 _ 11 0 8 10 2 6 1 9 3 
[00165644] 3 | 4 7 _ 11 0 8 10 2 6 1 9 3 
[00165645] 2 | 4 7 5 11 0 8 10 2 6 1 9 3 
[00165646] 3 | _ 7 4 11 0 8 10 2 6 1 9 3 
[00165647] 2 | 5 7 4 11 0 8 10 2 6 1 9 3 
[00165648] 8 | _ _ _ 11 0 _ 10 2 1 9 _ _ 
[00165649] 7 | _ 4 _ 11 0 _ 10 2 1 9 _ _ 
[00165650] 6 | _ 4 _ 11 0 6 10 2 1 9 _ _ 
[00165651] 5 | _ 4 _ 11 0 6 10 2 1 9 7 _ 
[00165652] 4 | 8 4 _ 11 0 6 10 2 1 9 7 _ 
[00165653] 3 | 8 4 7 11 0 6 10 2 1 9 7 _ 
[00165654] 3 | 8 4 _ 11 0 6 10 2 1 9 7 4 
[00165655] 4 | _ 4 8 11 0 6 10 2 1 9 7 _ 
[00165656] 3 | 7 4 8 11 0 6 10 2 1 9 7 _ 
[00165657] 3 | _ 4 8 11 0 6 10 2 1 9 7 4 
[00165658] 4 | _ 4 _ 11 0 6 10 2 1 9 7 3 
[00165659] 5 | _ 4 _ 11 0 6 10 2 1 9 3 8 
[00165660] 5 | _ 4 _ 11 0 6 10 2 1 9 8 3 
[00165661] 6 | _ 4 _ 11 0 _ 10 2 1 9 8 _ 
[00165662] 5 | _ 4 _ 11 0 5 10 2 1 9 8 _ 
[00165663] 4 | 8 4 _ 11 0 5 10 2 1 9 8 _ 
[00165664] 3 | 8 4 7 11 0 5 10 2 1 9 8 _ 
[00165665] 4 | _ 4 8 11 0 5 10 2 1 9 8 _ 
[00165666] 3 | 7 4 8 11 0 5 10 2 1 9 8 _ 
[00165667] 4 | _ 4 _ 11 0 5 10 2 1 9 8 4 
[00165668] 5 | _ 4 _ 11 0 _ 10 2 1 9 8 3 
[00165669] 4 | 0 4 _ 11 0 _ 10 2 1 9 8 3 
[00165670] 3 | 0 4 7 11 0 _ 10 2 1 9 8 3 
[00165671] 4 | _ 4 0 11 0 _ 10 2 1 9 8 3 
[00165672] 3 | 7 4 0 11 0 _ 10 2 1 9 8 3 
[00165673] 4 | _ 4 _ 11 0 4 10 2 1 9 8 3 
[00165674] 7 | _ _ _ 11 0 7 10 2 1 9 _ _ 
[00165675] 6 | _ 5 _ 11 0 7 10 2 1 9 _ _ 
[00165676] 5 | _ 5 _ 11 0 7 10 2 1 9 3 8 
[00165677] 5 | _ 5 _ 11 0 7 10 2 1 9 8 3 
[00165678] 6 | _ _ _ 11 0 7 10 2 1 9 8 _ 
[00165679] 5 | _ 6 _ 11 0 7 10 2 1 9 8 _ 
[00165680] 4 | _ 6 _ 11 0 7 10 2 1 9 8 4 
[00165681] 3 | 3 6 _ 11 0 7 10 2 1 9 8 4 
[00165682] 3 | _ 6 3 11 0 7 10 2 1 9 8 4 
[00165683] 5 | _ _ _ 11 0 7 10 2 1 9 8 3 
[00165684] 8 | _ _ _ 11 0 _ 10 2 9 1 _ _ 
[00165685] 7 | _ 4 _ 11 0 _ 10 2 9 1 _ _ 
[00165686] 6 | _ 4 _ 11 0 6 10 2 9 1 _ _ 
[00165687] 5 | _ 4 _ 11 0 6 10 2 9 1 7 _ 
[00165688] 4 | 8 4 _ 11 0 6 10 2 9 1 7 _ 
[00165689] 3 | 8 4 7 11 0 6 10 2 9 1 7 _ 
[00165690] 3 | 8 4 _ 11 0 6 10 2 9 1 7 4 
[00165691] 4 | _ 4 8 11 0 6 10 2 9 1 7 _ 
[00165692] 3 | 7 4 8 11 0 6 10 2 9 1 7 _ 
[00165693] 3 | _ 4 8 11 0 6 10 2 9 1 7 4 
[00165694] 4 | _ 4 _ 11 0 6 10 2 9 1 7 3 
[00165695] 5 | _ 4 _ 11 0 6 10 2 9 1 3 8 
[00165696] 5 | _ 4 _ 11 0 6 10 2 9 1 8 3 
[00165697] 6 | _ 4 _ 11 0 _ 10 2 9 1 8 _ 
[00165698] 5 | _ 4 _ 11 0 5 10 2 9 1 8 _ 
[00165699] 4 | 8 4 _ 11 0 5 10 2 9 1 8 _ 
[00165700] 3 | 8 4 7 11 0 5 10 2 9 1 8 _ 
[00165701] 4 | _ 4 8 11 0 5 10 2 9 1 8 _ 
[00165702] 3 | 7 4 8 11 0 5 10 2 9 1 8 _ 
[00165703] 4 | _ 4 _ 11 0 5 10 2 9 1 8 4 
[00165704] 5 | _ 4 _ 11 0 _ 10 2 9 1 8 3 
[00165705] 4 | 0 4 _ 11 0 _ 10 2 9 1 8 3 
[00165706] 3 | 0 4 7 11 0 _ 10 2 9 1 8 3 
[00165707] 4 | _ 4 0 11 0 _ 10 2 9 1 8 3 
[00165708] 3 | 7 4 0 11 0 _ 10 2 9 1 8 3 
[00165709] 4 | _ 4 _ 11 0 4 10 2 9 1 8 3 
[00165710] 7 | _ _ _ 11 0 7 10 2 9 1 _ _ 
[00165711] 6 | _ 5 _ 11 0 7 10 2 9 1 _ _ 
[00165712] 5 | _ 5 _ 11 0 7 10 2 9 1 3 8 
[00165713] 5 | _ 5 _ 11 0 7 10 2 9 1 8 3 
[00165714] 6 | _ _ _ 11 0 7 10 2 9 1 8 _ 
[00165715] 5 | _ 6 _ 11 0 7 10 2 9 1 8 _ 
[00165716] 4 | _ 6 _ 11 0 7 10 2 9 1 8 4 
[00165717] 3 | 3 6 _ 11 0 7 10 2 9 1 8 4 
[00165718] 3 | _ 6 3 11 0 7 10 2 9 1 8 4 
[00165719] 5 | _ _ _ 11 0 7 10 2 9 1 8 3 
[00165720] 8 | _ _ _ 11 0 _ 10 2 _ _ 1 9 
[00165721] 7 | _ 4 _ 11 0 _ 10 2 _ _ 1 9 
[00165722] 6 | _ 4 _ 11 0 6 10 2 _ _ 1 9 
[00165723] 5 | _ 4 _ 11 0 6 10 2 7 _ 1 9 
[00165724] 4 | 8 4 _ 11 0 6 10 2 7 _ 1 9 
[00165725] 3 | 8 4 7 11 0 6 10 2 7 _ 1 9 
[00165726] 3 | 8 4 _ 11 0 6 10 2 7 4 1 9 
[00165727] 4 | _ 4 8 11 0 6 10 2 7 _ 1 9 
[00165728] 3 | 7 4 8 11 0 6 10 2 7 _ 1 9 
[00165729] 3 | _ 4 8 11 0 6 10 2 7 4 1 9 
[00165730] 4 | _ 4 _ 11 0 6 10 2 7 3 1 9 
[00165731] 5 | _ 4 _ 11 0 6 10 2 3 8 1 9 
[00165732] 5 | _ 4 _ 11 0 6 10 2 8 3 1 9 
[00165733] 6 | _ 4 _ 11 0 _ 10 2 8 _ 1 9 
[00165734] 5 | _ 4 _ 11 0 5 10 2 8 _ 1 9 
[00165735] 4 | 8 4 _ 11 0 5 10 2 8 _ 1 9 
[00165736] 3 | 8 4 7 11 0 5 10 2 8 _ 1 9 
[00165737] 4 | _ 4 8 11 0 5 10 2 8 _ 1 9 
[00165738] 3 | 7 4 8 11 0 5 10 2 8 _ 1 9 
[00165739] 4 | _ 4 _ 11 0 5 10 2 8 4 1 9 
[00165740] 5 | _ 4 _ 11 0 _ 10 2 8 3 1 9 
[00165741] 4 | 0 4 _ 11 0 _ 10 2 8 3 1 9 
[00165742] 3 | 0 4 7 11 0 _ 10 2 8 3 1 9 
[00165743] 4 | _ 4 0 11 0 _ 10 2 8 3 1 9 
[00165744] 3 | 7 4 0 11 0 _ 10 2 8 3 1 9 
[00165745] 4 | _ 4 _ 11 0 4 10 2 8 3 1 9 
[00165746] 7 | _ _ _ 11 0 7 10 2 _ _ 1 9 
[00165747] 6 | _ 5 _ 11 0 7 10 2 _ _ 1 9 
[00165748] 5 | _ 5 _ 11 0 7 10 2 3 8 1 9 
[00165749] 5 | _ 5 _ 11 0 7 10 2 8 3 1 9 
[00165750] 6 | _ _ _ 11 0 7 10 2 8 _ 1 9 
[00165751] 5 | _ 6 _ 11 0 7 10 2 8 _ 1 9 
[00165752] 4 | _ 6 _ 11 0 7 10 2 8 4 1 9 
[00165753] 3 | 3 6 _ 11 0 7 10 2 8 4 1 9 
[00165754] 3 | _ 6 3 11 0 7 10 2 8 4 1 9 
[00165755] 5 | _ _ _ 11 0 7 10 2 8 3 1 9 
[00165756] 8 | _ _ _ 11 0 _ 10 2 _ _ 9 1 
[00165757] 7 | _ 4 _ 11 0 _ 10 2 _ _ 9 1 
[00165758] 6 | _ 4 _ 11 0 6 10 2 _ _ 9 1 
[00165759] 5 | _ 4 _ 11 0 6 10 2 7 _ 9 1 
[00165760] 4 | 8 4 _ 11 0 6 10 2 7 _ 9 1 
[00165761] 3 | 8 4 7 11 0 6 10 2 7 _ 9 1 
[00165762] 3 | 8 4 _ 11 0 6 10 2 7 4 9 1 
[00165763] 4 | _ 4 8 11 0 6 10 2 7 _ 9 1 
[00165764] 3 | 7 4 8 11 0 6 10 2 7 _ 9 1 
[00165765] 3 | _ 4 8 11 0 6 10 2 7 4 9 1 
[00165766] 4 | _ 4 _ 11 0 6 10 2 7 3 9 1 
[00165767] 5 | _ 4 _ 11 0 6 10 2 3 8 9 1 
[00165768] 5 | _ 4 _ 11 0 6 10 2 8 3 9 1 
[00165769] 6 | _ 4 _ 11 0 _ 10 2 8 _ 9 1 
[00165770] 5 | _ 4 _ 11 0 5 10 2 8 _ 9 1 
[00165771] 4 | 8 4 _ 11 0 5 10 2 8 _ 9 1 
[00165772] 3 | 8 4 7 11 0 5 10 2 8 _ 9 1 
[00165773] 4 | _ 4 8 11 0 5 10 2 8 _ 9 1 
[00165774] 3 | 7 4 8 11 0 5 10 2 8 _ 9 1 
[00165775] 4 | _ 4 _ 11 0 5 10 2 8 4 9 1 
[00165776] 5 | _ 4 _ 11 0 _ 10 2 8 3 9 1 
[00165777] 4 | 0 4 _ 11 0 _ 10 2 8 3 9 1 
[00165778] 3 | 0 4 7 11 0 _ 10 2 8 3 9 1 
[00165779] 4 | _ 4 0 11 0 _ 10 2 8 3 9 1 
[00165780] 3 | 7 4 0 11 0 _ 10 2 8 3 9 1 
[00165781] 4 | _ 4 _ 11 0 4 10 2 8 3 9 1 
[00165782] 7 | _ _ _ 11 0 7 10 2 _ _ 9 1 
[00165783] 6 | _ 5 _ 11 0 7 10 2 _ _ 9 1 
[00165784] 5 | _ 5 _ 11 0 7 10 2 3 8 9 1 
[00165785] 5 | _ 5 _ 11 0 7 10 2 8 3 9 1 
[00165786] 6 | _ _ _ 11 0 7 10 2 8 _ 9 1 
[00165787] 5 | _ 6 _ 11 0 7 10 2 8 _ 9 1 
[00165788] 4 | _ 6 _ 11 0 7 10 2 8 4 9 1 
[00165789] 3 | 3 6 _ 11 0 7 10 2 8 4 9 1 
[00165790] 3 | _ 6 3 11 0 7 10 2 8 4 9 1 
[00165791] 5 | _ _ _ 11 0 7 10 2 8 3 9 1 
[00165792] 10 | _ _ _ 11 0 _ _ 1 _ _ _ _ 
[00165793] 9 | _ 2 _ 11 0 _ _ 1 _ _ _ _ 
[00165794] 8 | 10 2 _ 11 0 _ _ 1 _ _ _ _ 
[00165795] 7 | 10 2 9 11 0 _ _ 1 _ _ _ _ 
[00165796] 6 | 10 2 9 11 0 6 _ 1 _ _ _ _ 
[00165797] 5 | 10 2 9 11 0 6 5 1 _ _ _ _ 
[00165798] 4 | 10 2 9 11 0 6 5 1 3 7 _ _ 
[00165799] 3 | 10 2 9 11 0 6 5 1 3 7 4 _ 
[00165800] 4 | 10 2 9 11 0 6 5 1 4 8 _ _ 
[00165801] 4 | 10 2 9 11 0 6 5 1 7 3 _ _ 
[00165802] 3 | 10 2 9 11 0 6 5 1 7 3 4 _ 
[00165803] 4 | 10 2 9 11 0 6 5 1 8 4 _ _ 
[00165804] 4 | 10 2 9 11 0 6 5 1 _ _ 3 7 
[00165805] 3 | 10 2 9 11 0 6 5 1 4 _ 3 7 
[00165806] 4 | 10 2 9 11 0 6 5 1 _ _ 4 8 
[00165807] 4 | 10 2 9 11 0 6 5 1 _ _ 7 3 
[00165808] 3 | 10 2 9 11 0 6 5 1 4 _ 7 3 
[00165809] 4 | 10 2 9 11 0 6 5 1 _ _ 8 4 
[00165810] 5 | 10 2 9 11 0 6 _ 1 3 8 _ _ 
[00165811] 4 | 10 2 9 11 0 6 4 1 3 8 _ _ 
[00165812] 4 | 10 2 9 11 0 6 _ 1 3 8 5 _ 
[00165813] 5 | 10 2 9 11 0 6 _ 1 8 3 _ _ 
[00165814] 4 | 10 2 9 11 0 6 4 1 8 3 _ _ 
[00165815] 4 | 10 2 9 11 0 6 _ 1 8 3 5 _ 
[00165816] 5 | 10 2 9 11 0 6 _ 1 _ _ 3 8 
[00165817] 4 | 10 2 9 11 0 6 4 1 _ _ 3 8 
[00165818] 4 | 10 2 9 11 0 6 _ 1 5 _ 3 8 
[00165819] 5 | 10 2 9 11 0 6 _ 1 _ _ 8 3 
[00165820] 4 | 10 2 9 11 0 6 4 1 _ _ 8 3 
[00165821] 4 | 10 2 9 11 0 6 _ 1 5 _ 8 3 
[00165822] 6 | 10 2 9 11 0 _ 6 1 _ _ _ _ 
[00165823] 5 | 10 2 9 11 0 5 6 1 _ _ _ _ 
[00165824] 4 | 10 2 9 11 0 5 6 1 3 7 _ _ 
[00165825] 3 | 10 2 9 11 0 5 6 1 3 7 4 _ 
[00165826] 4 | 10 2 9 11 0 5 6 1 4 8 _ _ 
[00165827] 4 | 10 2 9 11 0 5 6 1 7 3 _ _ 
[00165828] 3 | 10 2 9 11 0 5 6 1 7 3 4 _ 
[00165829] 4 | 10 2 9 11 0 5 6 1 8 4 _ _ 
[00165830] 4 | 10 2 9 11 0 5 6 1 _ _ 3 7 
[00165831] 3 | 10 2 9 11 0 5 6 1 4 _ 3 7 
[00165832] 4 | 10 2 9 11 0 5 6 1 _ _ 4 8 
[00165833] 4 | 10 2 9 11 0 5 6 1 _ _ 7 3 
[00165834] 3 | 10 2 9 11 0 5 6 1 4 _ 7 3 
[00165835] 4 | 10 2 9 11 0 5 6 1 _ _ 8 4 
[00165836] 5 | 10 2 9 11 0 _ 6 1 3 8 _ _ 
[00165837] 4 | 10 2 9 11 0 4 6 1 3 8 _ _ 
[00165838] 4 | 10 2 9 11 0 _ 6 1 3 8 5 _ 
[00165839] 5 | 10 2 9 11 0 _ 6 1 8 3 _ _ 
[00165840] 4 | 10 2 9 11 0 4 6 1 8 3 _ _ 
[00165841] 4 | 10 2 9 11 0 _ 6 1 8 3 5 _ 
[00165842] 5 | 10 2 9 11 0 _ 6 1 _ _ 3 8 
[00165843] 4 | 10 2 9 11 0 4 6 1 _ _ 3 8 
[00165844] 4 | 10 2 9 11 0 _ 6 1 5 _ 3 8 
[00165845] 5 | 10 2 9 11 0 _ 6 1 _ _ 8 3 
[00165846] 4 | 10 2 9 11 0 4 6 1 _ _ 8 3 
[00165847] 4 | 10 2 9 11 0 _ 6 1 5 _ 8 3 
[00165848] 6 | 10 2 9 11 0 _ _ 1 7 _ _ _ 
[00165849] 5 | 10 2 9 11 0 5 _ 1 7 _ _ _ 
[00165850] 4 | 10 2 9 11 0 5 4 1 7 _ _ _ 
[00165851] 3 | 10 2 9 11 0 5 4 1 7 _ 3 6 
[00165852] 3 | 10 2 9 11 0 5 4 1 7 _ 6 3 
[00165853] 4 | 10 2 9 11 0 5 _ 1 7 3 _ _ 
[00165854] 3 | 10 2 9 11 0 5 _ 1 7 3 4 _ 
[00165855] 2 | 10 2 9 11 0 5 _ 1 7 3 4 6 
[00165856] 4 | 10 2 9 11 0 5 _ 1 7 _ 4 8 
[00165857] 3 | 10 2 9 11 0 5 3 1 7 _ 4 8 
[00165858] 4 | 10 2 9 11 0 5 _ 1 7 _ 8 4 
[00165859] 3 | 10 2 9 11 0 5 3 1 7 _ 8 4 
[00165860] 5 | 10 2 9 11 0 _ 5 1 7 _ _ _ 
[00165861] 4 | 10 2 9 11 0 4 5 1 7 _ _ _ 
[00165862] 3 | 10 2 9 11 0 4 5 1 7 _ 3 6 
[00165863] 3 | 10 2 9 11 0 4 5 1 7 _ 6 3 
[00165864] 4 | 10 2 9 11 0 _ 5 1 7 3 _ _ 
[00165865] 3 | 10 2 9 11 0 _ 5 1 7 3 4 _ 
[00165866] 2 | 10 2 9 11 0 _ 5 1 7 3 4 6 
[00165867] 4 | 10 2 9 11 0 _ 5 1 7 _ 4 8 
[00165868] 3 | 10 2 9 11 0 3 5 1 7 _ 4 8 
[00165869] 4 | 10 2 9 11 0 _ 5 1 7 _ 8 4 
[00165870] 3 | 10 2 9 11 0 3 5 1 7 _ 8 4 
[00165871] 5 | 10 2 9 11 0 _ _ 1 7 _ 6 _ 
[00165872] 4 | 10 2 9 11 0 4 _ 1 7 _ 6 _ 
[00165873] 3 | 10 2 9 11 0 4 3 1 7 _ 6 _ 
[00165874] 2 | 10 2 9 11 0 4 3 1 7 5 6 _ 
[00165875] 2 | 10 2 9 11 0 4 3 1 7 _ 6 8 
[00165876] 3 | 10 2 9 11 0 4 _ 1 7 _ 6 3 
[00165877] 2 | 10 2 9 11 0 4 _ 1 7 5 6 3 
[00165878] 4 | 10 2 9 11 0 _ 4 1 7 _ 6 _ 
[00165879] 3 | 10 2 9 11 0 3 4 1 7 _ 6 _ 
[00165880] 2 | 10 2 9 11 0 3 4 1 7 5 6 _ 
[00165881] 2 | 10 2 9 11 0 3 4 1 7 _ 6 8 
[00165882] 3 | 10 2 9 11 0 _ 4 1 7 _ 6 3 
[00165883] 2 | 10 2 9 11 0 _ 4 1 7 5 6 3 
[00165884] 4 | 10 2 9 11 0 _ _ 1 7 3 6 _ 
[00165885] 5 | 10 2 9 11 0 _ _ 1 7 _ 3 8 
[00165886] 4 | 10 2 9 11 0 4 _ 1 7 _ 3 8 
[00165887] 4 | 10 2 9 11 0 _ 4 1 7 _ 3 8 
[00165888] 5 | 10 2 9 11 0 _ _ 1 7 _ 8 3 
[00165889] 4 | 10 2 9 11 0 4 _ 1 7 _ 8 3 
[00165890] 4 | 10 2 9 11 0 _ 4 1 7 _ 8 3 
[00165891] 6 | 10 2 9 11 0 _ _ 1 _ _ 7 _ 
[00165892] 5 | 10 2 9 11 0 5 _ 1 _ _ 7 _ 
[00165893] 4 | 10 2 9 11 0 5 4 1 _ _ 7 _ 
[00165894] 3 | 10 2 9 11 0 5 4 1 3 6 7 _ 
[00165895] 3 | 10 2 9 11 0 5 4 1 6 3 7 _ 
[00165896] 4 | 10 2 9 11 0 5 _ 1 4 8 7 _ 
[00165897] 3 | 10 2 9 11 0 5 3 1 4 8 7 _ 
[00165898] 4 | 10 2 9 11 0 5 _ 1 8 4 7 _ 
[00165899] 3 | 10 2 9 11 0 5 3 1 8 4 7 _ 
[00165900] 4 | 10 2 9 11 0 5 _ 1 _ _ 7 3 
[00165901] 3 | 10 2 9 11 0 5 _ 1 4 _ 7 3 
[00165902] 2 | 10 2 9 11 0 5 _ 1 4 6 7 3 
[00165903] 5 | 10 2 9 11 0 _ 5 1 _ _ 7 _ 
[00165904] 4 | 10 2 9 11 0 4 5 1 _ _ 7 _ 
[00165905] 3 | 10 2 9 11 0 4 5 1 3 6 7 _ 
[00165906] 3 | 10 2 9 11 0 4 5 1 6 3 7 _ 
[00165907] 4 | 10 2 9 11 0 _ 5 1 4 8 7 _ 
[00165908] 3 | 10 2 9 11 0 3 5 1 4 8 7 _ 
[00165909] 4 | 10 2 9 11 0 _ 5 1 8 4 7 _ 
[00165910] 3 | 10 2 9 11 0 3 5 1 8 4 7 _ 
[00165911] 4 | 10 2 9 11 0 _ 5 1 _ _ 7 3 
[00165912] 3 | 10 2 9 11 0 _ 5 1 4 _ 7 3 
[00165913] 2 | 10 2 9 11 0 _ 5 1 4 6 7 3 
[00165914] 5 | 10 2 9 11 0 _ _ 1 6 _ 7 _ 
[00165915] 4 | 10 2 9 11 0 4 _ 1 6 _ 7 _ 
[00165916] 3 | 10 2 9 11 0 4 3 1 6 _ 7 _ 
[00165917] 2 | 10 2 9 11 0 4 3 1 6 8 7 _ 
[00165918] 2 | 10 2 9 11 0 4 3 1 6 _ 7 5 
[00165919] 3 | 10 2 9 11 0 4 _ 1 6 3 7 _ 
[00165920] 2 | 10 2 9 11 0 4 _ 1 6 3 7 5 
[00165921] 4 | 10 2 9 11 0 _ 4 1 6 _ 7 _ 
[00165922] 3 | 10 2 9 11 0 3 4 1 6 _ 7 _ 
[00165923] 2 | 10 2 9 11 0 3 4 1 6 8 7 _ 
[00165924] 2 | 10 2 9 11 0 3 4 1 6 _ 7 5 
[00165925] 3 | 10 2 9 11 0 _ 4 1 6 3 7 _ 
[00165926] 2 | 10 2 9 11 0 _ 4 1 6 3 7 5 
[00165927] 4 | 10 2 9 11 0 _ _ 1 6 _ 7 3 
[00165928] 5 | 10 2 9 11 0 _ _ 1 3 8 7 _ 
[00165929] 4 | 10 2 9 11 0 4 _ 1 3 8 7 _ 
[00165930] 4 | 10 2 9 11 0 _ 4 1 3 8 7 _ 
[00165931] 5 | 10 2 9 11 0 _ _ 1 8 3 7 _ 
[00165932] 4 | 10 2 9 11 0 4 _ 1 8 3 7 _ 
[00165933] 4 | 10 2 9 11 0 _ 4 1 8 3 7 _ 
[00165934] 7 | 10 2 _ 11 0 7 _ 1 _ _ _ _ 
[00165935] 6 | 10 2 8 11 0 7 _ 1 _ _ _ _ 
[00165936] 5 | 10 2 8 11 0 7 5 1 _ _ _ _ 
[00165937] 5 | 10 2 8 11 0 7 _ 1 6 _ _ _ 
[00165938] 4 | 10 2 8 11 0 7 4 1 6 _ _ _ 
[00165939] 3 | 10 2 8 11 0 7 4 1 6 3 _ _ 
[00165940] 3 | 10 2 8 11 0 7 4 1 6 9 _ _ 
[00165941] 2 | 10 2 8 11 0 7 4 1 6 9 3 _ 
[00165942] 2 | 10 2 8 11 0 7 4 1 6 9 3 5 
[00165943] 2 | 10 2 8 11 0 7 4 1 6 9 5 3 
[00165944] 4 | 10 2 8 11 0 7 _ 1 6 _ 5 _ 
[00165945] 3 | 10 2 8 11 0 7 3 1 6 _ 5 _ 
[00165946] 2 | 10 2 8 11 0 7 3 1 6 4 5 _ 
[00165947] 3 | 10 2 8 11 0 7 _ 1 6 3 5 _ 
[00165948] 3 | 10 2 8 11 0 7 _ 1 6 9 5 _ 
[00165949] 2 | 10 2 8 11 0 7 _ 1 6 9 5 3 
[00165950] 4 | 10 2 8 11 0 7 _ 1 6 _ 5 9 
[00165951] 3 | 10 2 8 11 0 7 3 1 6 _ 5 9 
[00165952] 2 | 10 2 8 11 0 7 3 1 6 4 5 9 
[00165953] 3 | 10 2 8 11 0 7 _ 1 6 3 5 9 
[00165954] 4 | 10 2 8 11 0 7 _ 1 6 _ 9 5 
[00165955] 3 | 10 2 8 11 0 7 3 1 6 _ 9 5 
[00165956] 2 | 10 2 8 11 0 7 3 1 6 4 9 5 
[00165957] 3 | 10 2 8 11 0 7 _ 1 6 3 9 5 
[00165958] 5 | 10 2 8 11 0 7 _ 1 4 9 _ _ 
[00165959] 4 | 10 2 8 11 0 7 _ 1 4 9 5 _ 
[00165960] 3 | 10 2 8 11 0 7 3 1 4 9 5 _ 
[00165961] 5 | 10 2 8 11 0 7 _ 1 9 4 _ _ 
[00165962] 4 | 10 2 8 11 0 7 _ 1 9 4 5 _ 
[00165963] 3 | 10 2 8 11 0 7 3 1 9 4 5 _ 
[00165964] 5 | 10 2 8 11 0 7 _ 1 _ _ 6 _ 
[00165965] 4 | 10 2 8 11 0 7 4 1 _ _ 6 _ 
[00165966] 3 | 10 2 8 11 0 7 4 1 _ _ 6 3 
[00165967] 3 | 10 2 8 11 0 7 4 1 _ _ 6 9 
[00165968] 2 | 10 2 8 11 0 7 4 1 3 _ 6 9 
[00165969] 2 | 10 2 8 11 0 7 4 1 3 5 6 9 
[00165970] 2 | 10 2 8 11 0 7 4 1 5 3 6 9 
[00165971] 4 | 10 2 8 11 0 7 _ 1 5 _ 6 _ 
[00165972] 3 | 10 2 8 11 0 7 3 1 5 _ 6 _ 
[00165973] 2 | 10 2 8 11 0 7 3 1 5 _ 6 4 
[00165974] 3 | 10 2 8 11 0 7 _ 1 5 _ 6 3 
[00165975] 3 | 10 2 8 11 0 7 _ 1 5 _ 6 9 
[00165976] 2 | 10 2 8 11 0 7 _ 1 5 3 6 9 
[00165977] 4 | 10 2 8 11 0 7 _ 1 5 9 6 _ 
[00165978] 3 | 10 2 8 11 0 7 3 1 5 9 6 _ 
[00165979] 2 | 10 2 8 11 0 7 3 1 5 9 6 4 
[00165980] 3 | 10 2 8 11 0 7 _ 1 5 9 6 3 
[00165981] 4 | 10 2 8 11 0 7 _ 1 9 5 6 _ 
[00165982] 3 | 10 2 8 11 0 7 3 1 9 5 6 _ 
[00165983] 2 | 10 2 8 11 0 7 3 1 9 5 6 4 
[00165984] 3 | 10 2 8 11 0 7 _ 1 9 5 6 3 
[00165985] 5 | 10 2 8 11 0 7 _ 1 _ _ 4 9 
[00165986] 4 | 10 2 8 11 0 7 _ 1 5 _ 4 9 
[00165987] 3 | 10 2 8 11 0 7 3 1 5 _ 4 9 
[00165988] 5 | 10 2 8 11 0 7 _ 1 _ _ 9 4 
[00165989] 4 | 10 2 8 11 0 7 _ 1 5 _ 9 4 
[00165990] 3 | 10 2 8 11 0 7 3 1 5 _ 9 4 
[00165991] 6 | 10 2 _ 11 0 7 6 1 _ _ _ _ 
[00165992] 5 | 10 2 _ 11 0 7 6 1 3 8 _ _ 
[00165993] 4 | 10 2 _ 11 0 7 6 1 3 8 5 _ 
[00165994] 3 | 10 2 5 11 0 7 6 1 3 8 5 _ 
[00165995] 3 | 10 2 _ 11 0 7 6 1 3 8 5 2 
[00165996] 4 | 10 2 _ 11 0 7 6 1 3 8 5 9 
[00165997] 4 | 10 2 _ 11 0 7 6 1 3 8 9 5 
[00165998] 5 | 10 2 _ 11 0 7 6 1 4 9 _ _ 
[00165999] 4 | 10 2 _ 11 0 7 6 1 4 9 5 _ 
[00166000] 3 | 10 2 5 11 0 7 6 1 4 9 5 _ 
[00166001] 3 | 10 2 _ 11 0 7 6 1 4 9 5 2 
[00166002] 3 | 10 2 _ 11 0 7 6 1 4 9 5 8 
[00166003] 5 | 10 2 _ 11 0 7 6 1 8 3 _ _ 
[00166004] 4 | 10 2 _ 11 0 7 6 1 8 3 5 _ 
[00166005] 3 | 10 2 5 11 0 7 6 1 8 3 5 _ 
[00166006] 3 | 10 2 _ 11 0 7 6 1 8 3 5 2 
[00166007] 4 | 10 2 _ 11 0 7 6 1 8 3 5 9 
[00166008] 4 | 10 2 _ 11 0 7 6 1 8 3 9 5 
[00166009] 5 | 10 2 _ 11 0 7 6 1 9 4 _ _ 
[00166010] 4 | 10 2 _ 11 0 7 6 1 9 4 5 _ 
[00166011] 3 | 10 2 5 11 0 7 6 1 9 4 5 _ 
[00166012] 3 | 10 2 _ 11 0 7 6 1 9 4 5 2 
[00166013] 3 | 10 2 _ 11 0 7 6 1 9 4 5 8 
[00166014] 5 | 10 2 _ 11 0 7 6 1 _ _ 3 8 
[00166015] 4 | 10 2 _ 11 0 7 6 1 5 _ 3 8 
[00166016] 3 | 10 2 5 11 0 7 6 1 5 _ 3 8 
[00166017] 3 | 10 2 _ 11 0 7 6 1 5 2 3 8 
[00166018] 4 | 10 2 _ 11 0 7 6 1 5 9 3 8 
[00166019] 4 | 10 2 _ 11 0 7 6 1 9 5 3 8 
[00166020] 5 | 10 2 _ 11 0 7 6 1 _ _ 4 9 
[00166021] 4 | 10 2 _ 11 0 7 6 1 5 _ 4 9 
[00166022] 3 | 10 2 5 11 0 7 6 1 5 _ 4 9 
[00166023] 3 | 10 2 _ 11 0 7 6 1 5 2 4 9 
[00166024] 3 | 10 2 _ 11 0 7 6 1 5 8 4 9 
[00166025] 5 | 10 2 _ 11 0 7 6 1 _ _ 8 3 
[00166026] 4 | 10 2 _ 11 0 7 6 1 5 _ 8 3 
[00166027] 3 | 10 2 5 11 0 7 6 1 5 _ 8 3 
[00166028] 3 | 10 2 _ 11 0 7 6 1 5 2 8 3 
[00166029] 4 | 10 2 _ 11 0 7 6 1 5 9 8 3 
[00166030] 4 | 10 2 _ 11 0 7 6 1 9 5 8 3 
[00166031] 5 | 10 2 _ 11 0 7 6 1 _ _ 9 4 
[00166032] 4 | 10 2 _ 11 0 7 6 1 5 _ 9 4 
[00166033] 3 | 10 2 5 11 0 7 6 1 5 _ 9 4 
[00166034] 3 | 10 2 _ 11 0 7 6 1 5 2 9 4 
[00166035] 3 | 10 2 _ 11 0 7 6 1 5 8 9 4 
[00166036] 6 | 10 2 _ 11 0 7 _ 1 3 9 _ _ 
[00166037] 5 | 10 2 _ 11 0 7 5 1 3 9 _ _ 
[00166038] 4 | 10 2 6 11 0 7 5 1 3 9 _ _ 
[00166039] 3 | 10 2 6 11 0 7 5 1 3 9 4 _ 
[00166040] 4 | 10 2 _ 11 0 7 5 1 3 9 4 8 
[00166041] 4 | 10 2 _ 11 0 7 5 1 3 9 8 4 
[00166042] 5 | 10 2 _ 11 0 7 _ 1 3 9 6 _ 
[00166043] 4 | 10 2 6 11 0 7 _ 1 3 9 6 _ 
[00166044] 4 | 10 2 _ 11 0 7 4 1 3 9 6 _ 
[00166045] 3 | 10 2 5 11 0 7 4 1 3 9 6 _ 
[00166046] 2 | 10 2 5 11 0 7 4 1 3 9 6 8 
[00166047] 4 | 10 2 _ 11 0 7 _ 1 3 9 6 2 
[00166048] 6 | 10 2 _ 11 0 7 _ 1 9 3 _ _ 
