[00055401] 4 | _ 0 5 11 2 6 _ 1 9 3 8 _ 
[00055402] 4 | _ 0 5 11 2 _ 6 1 9 3 8 _ 
[00055403] 4 | _ 0 5 11 2 _ _ 1 9 3 8 4 
[00055404] 5 | _ 0 _ 11 2 7 _ 1 9 3 8 _ 
[00055405] 4 | 4 0 _ 11 2 7 _ 1 9 3 8 _ 
[00055406] 3 | 4 0 _ 11 2 7 5 1 9 3 8 _ 
[00055407] 2 | 4 0 _ 11 2 7 5 1 9 3 8 6 
[00055408] 2 | 4 0 _ 11 2 7 5 1 9 3 8 10 
[00055409] 3 | 4 0 _ 11 2 7 _ 1 9 3 8 5 
[00055410] 2 | 4 0 2 11 2 7 _ 1 9 3 8 5 
[00055411] 2 | 4 0 _ 11 2 7 0 1 9 3 8 5 
[00055412] 4 | _ 0 4 11 2 7 _ 1 9 3 8 _ 
[00055413] 3 | _ 0 4 11 2 7 5 1 9 3 8 _ 
[00055414] 2 | _ 0 4 11 2 7 5 1 9 3 8 6 
[00055415] 2 | _ 0 4 11 2 7 5 1 9 3 8 10 
[00055416] 3 | _ 0 4 11 2 7 _ 1 9 3 8 5 
[00055417] 2 | 2 0 4 11 2 7 _ 1 9 3 8 5 
[00055418] 2 | _ 0 4 11 2 7 0 1 9 3 8 5 
[00055419] 4 | _ 0 _ 11 2 7 6 1 9 3 8 _ 
[00055420] 3 | _ 0 _ 11 2 7 6 1 9 3 8 5 
[00055421] 4 | _ 0 _ 11 2 7 _ 1 9 3 8 4 
[00055422] 3 | _ 0 _ 11 2 7 5 1 9 3 8 4 
[00055423] 5 | _ 0 _ 11 2 _ 7 1 9 3 8 _ 
[00055424] 4 | 4 0 _ 11 2 _ 7 1 9 3 8 _ 
[00055425] 3 | 4 0 _ 11 2 5 7 1 9 3 8 _ 
[00055426] 2 | 4 0 _ 11 2 5 7 1 9 3 8 6 
[00055427] 2 | 4 0 _ 11 2 5 7 1 9 3 8 10 
[00055428] 3 | 4 0 _ 11 2 _ 7 1 9 3 8 5 
[00055429] 2 | 4 0 2 11 2 _ 7 1 9 3 8 5 
[00055430] 2 | 4 0 _ 11 2 0 7 1 9 3 8 5 
[00055431] 4 | _ 0 4 11 2 _ 7 1 9 3 8 _ 
[00055432] 3 | _ 0 4 11 2 5 7 1 9 3 8 _ 
[00055433] 2 | _ 0 4 11 2 5 7 1 9 3 8 6 
[00055434] 2 | _ 0 4 11 2 5 7 1 9 3 8 10 
[00055435] 3 | _ 0 4 11 2 _ 7 1 9 3 8 5 
[00055436] 2 | 2 0 4 11 2 _ 7 1 9 3 8 5 
[00055437] 2 | _ 0 4 11 2 0 7 1 9 3 8 5 
[00055438] 4 | _ 0 _ 11 2 6 7 1 9 3 8 _ 
[00055439] 3 | _ 0 _ 11 2 6 7 1 9 3 8 5 
[00055440] 4 | _ 0 _ 11 2 _ 7 1 9 3 8 4 
[00055441] 3 | _ 0 _ 11 2 5 7 1 9 3 8 4 
[00055442] 6 | _ 0 _ 11 2 _ _ 1 9 _ 8 2 
[00055443] 5 | 5 0 _ 11 2 _ _ 1 9 _ 8 2 
[00055444] 4 | 5 0 4 11 2 _ _ 1 9 _ 8 2 
[00055445] 3 | 5 0 4 11 2 _ _ 1 9 6 8 2 
[00055446] 5 | _ 0 5 11 2 _ _ 1 9 _ 8 2 
[00055447] 4 | 4 0 5 11 2 _ _ 1 9 _ 8 2 
[00055448] 3 | 4 0 5 11 2 _ _ 1 9 6 8 2 
[00055449] 5 | _ 0 _ 11 2 _ _ 1 9 4 8 2 
[00055450] 7 | _ 0 _ 11 2 _ _ 1 9 _ 3 10 
[00055451] 6 | 6 0 _ 11 2 _ _ 1 9 _ 3 10 
[00055452] 5 | 6 0 5 11 2 _ _ 1 9 _ 3 10 
[00055453] 5 | 6 0 _ 11 2 7 _ 1 9 _ 3 10 
[00055454] 4 | 6 0 4 11 2 7 _ 1 9 _ 3 10 
[00055455] 3 | 6 0 4 11 2 7 5 1 9 _ 3 10 
[00055456] 4 | 6 0 _ 11 2 7 _ 1 9 5 3 10 
[00055457] 5 | 6 0 _ 11 2 _ 7 1 9 _ 3 10 
[00055458] 4 | 6 0 4 11 2 _ 7 1 9 _ 3 10 
[00055459] 3 | 6 0 4 11 2 5 7 1 9 _ 3 10 
[00055460] 4 | 6 0 _ 11 2 _ 7 1 9 5 3 10 
[00055461] 5 | 6 0 _ 11 2 _ _ 1 9 4 3 10 
[00055462] 6 | _ 0 6 11 2 _ _ 1 9 _ 3 10 
[00055463] 5 | 5 0 6 11 2 _ _ 1 9 _ 3 10 
[00055464] 5 | _ 0 6 11 2 7 _ 1 9 _ 3 10 
[00055465] 4 | 4 0 6 11 2 7 _ 1 9 _ 3 10 
[00055466] 3 | 4 0 6 11 2 7 5 1 9 _ 3 10 
[00055467] 4 | _ 0 6 11 2 7 _ 1 9 5 3 10 
[00055468] 5 | _ 0 6 11 2 _ 7 1 9 _ 3 10 
[00055469] 4 | 4 0 6 11 2 _ 7 1 9 _ 3 10 
[00055470] 3 | 4 0 6 11 2 5 7 1 9 _ 3 10 
[00055471] 4 | _ 0 6 11 2 _ 7 1 9 5 3 10 
[00055472] 5 | _ 0 6 11 2 _ _ 1 9 4 3 10 
[00055473] 6 | _ 0 _ 11 2 8 _ 1 9 _ 3 10 
[00055474] 5 | 5 0 _ 11 2 8 _ 1 9 _ 3 10 
[00055475] 4 | 5 0 4 11 2 8 _ 1 9 _ 3 10 
[00055476] 3 | 5 0 4 11 2 8 _ 1 9 6 3 10 
[00055477] 4 | 5 0 _ 11 2 8 6 1 9 _ 3 10 
[00055478] 5 | _ 0 5 11 2 8 _ 1 9 _ 3 10 
[00055479] 4 | 4 0 5 11 2 8 _ 1 9 _ 3 10 
[00055480] 3 | 4 0 5 11 2 8 _ 1 9 6 3 10 
[00055481] 4 | _ 0 5 11 2 8 6 1 9 _ 3 10 
[00055482] 5 | _ 0 _ 11 2 8 7 1 9 _ 3 10 
[00055483] 4 | 4 0 _ 11 2 8 7 1 9 _ 3 10 
[00055484] 3 | 4 0 _ 11 2 8 7 1 9 6 3 10 
[00055485] 4 | _ 0 4 11 2 8 7 1 9 _ 3 10 
[00055486] 3 | _ 0 4 11 2 8 7 1 9 6 3 10 
[00055487] 4 | _ 0 _ 11 2 8 7 1 9 5 3 10 
[00055488] 5 | _ 0 _ 11 2 8 _ 1 9 4 3 10 
[00055489] 4 | _ 0 _ 11 2 8 6 1 9 4 3 10 
[00055490] 6 | _ 0 _ 11 2 _ 8 1 9 _ 3 10 
[00055491] 5 | 5 0 _ 11 2 _ 8 1 9 _ 3 10 
[00055492] 4 | 5 0 4 11 2 _ 8 1 9 _ 3 10 
[00055493] 3 | 5 0 4 11 2 _ 8 1 9 6 3 10 
[00055494] 4 | 5 0 _ 11 2 6 8 1 9 _ 3 10 
[00055495] 5 | _ 0 5 11 2 _ 8 1 9 _ 3 10 
[00055496] 4 | 4 0 5 11 2 _ 8 1 9 _ 3 10 
[00055497] 3 | 4 0 5 11 2 _ 8 1 9 6 3 10 
[00055498] 4 | _ 0 5 11 2 6 8 1 9 _ 3 10 
[00055499] 5 | _ 0 _ 11 2 7 8 1 9 _ 3 10 
[00055500] 4 | 4 0 _ 11 2 7 8 1 9 _ 3 10 
[00055501] 3 | 4 0 _ 11 2 7 8 1 9 6 3 10 
[00055502] 4 | _ 0 4 11 2 7 8 1 9 _ 3 10 
[00055503] 3 | _ 0 4 11 2 7 8 1 9 6 3 10 
[00055504] 4 | _ 0 _ 11 2 7 8 1 9 5 3 10 
[00055505] 5 | _ 0 _ 11 2 _ 8 1 9 4 3 10 
[00055506] 4 | _ 0 _ 11 2 6 8 1 9 4 3 10 
[00055507] 7 | _ 0 _ 11 2 _ _ 1 9 _ 10 3 
[00055508] 6 | 6 0 _ 11 2 _ _ 1 9 _ 10 3 
[00055509] 5 | 6 0 5 11 2 _ _ 1 9 _ 10 3 
[00055510] 5 | 6 0 _ 11 2 7 _ 1 9 _ 10 3 
[00055511] 4 | 6 0 4 11 2 7 _ 1 9 _ 10 3 
[00055512] 3 | 6 0 4 11 2 7 5 1 9 _ 10 3 
[00055513] 4 | 6 0 _ 11 2 7 _ 1 9 5 10 3 
[00055514] 5 | 6 0 _ 11 2 _ 7 1 9 _ 10 3 
[00055515] 4 | 6 0 4 11 2 _ 7 1 9 _ 10 3 
[00055516] 3 | 6 0 4 11 2 5 7 1 9 _ 10 3 
[00055517] 4 | 6 0 _ 11 2 _ 7 1 9 5 10 3 
[00055518] 5 | 6 0 _ 11 2 _ _ 1 9 4 10 3 
[00055519] 6 | _ 0 6 11 2 _ _ 1 9 _ 10 3 
[00055520] 5 | 5 0 6 11 2 _ _ 1 9 _ 10 3 
[00055521] 5 | _ 0 6 11 2 7 _ 1 9 _ 10 3 
[00055522] 4 | 4 0 6 11 2 7 _ 1 9 _ 10 3 
[00055523] 3 | 4 0 6 11 2 7 5 1 9 _ 10 3 
[00055524] 4 | _ 0 6 11 2 7 _ 1 9 5 10 3 
[00055525] 5 | _ 0 6 11 2 _ 7 1 9 _ 10 3 
[00055526] 4 | 4 0 6 11 2 _ 7 1 9 _ 10 3 
[00055527] 3 | 4 0 6 11 2 5 7 1 9 _ 10 3 
[00055528] 4 | _ 0 6 11 2 _ 7 1 9 5 10 3 
[00055529] 5 | _ 0 6 11 2 _ _ 1 9 4 10 3 
[00055530] 6 | _ 0 _ 11 2 8 _ 1 9 _ 10 3 
[00055531] 5 | 5 0 _ 11 2 8 _ 1 9 _ 10 3 
[00055532] 4 | 5 0 4 11 2 8 _ 1 9 _ 10 3 
[00055533] 3 | 5 0 4 11 2 8 _ 1 9 6 10 3 
[00055534] 4 | 5 0 _ 11 2 8 6 1 9 _ 10 3 
[00055535] 5 | _ 0 5 11 2 8 _ 1 9 _ 10 3 
[00055536] 4 | 4 0 5 11 2 8 _ 1 9 _ 10 3 
[00055537] 3 | 4 0 5 11 2 8 _ 1 9 6 10 3 
[00055538] 4 | _ 0 5 11 2 8 6 1 9 _ 10 3 
[00055539] 5 | _ 0 _ 11 2 8 7 1 9 _ 10 3 
[00055540] 4 | 4 0 _ 11 2 8 7 1 9 _ 10 3 
[00055541] 3 | 4 0 _ 11 2 8 7 1 9 6 10 3 
[00055542] 4 | _ 0 4 11 2 8 7 1 9 _ 10 3 
[00055543] 3 | _ 0 4 11 2 8 7 1 9 6 10 3 
[00055544] 4 | _ 0 _ 11 2 8 7 1 9 5 10 3 
[00055545] 5 | _ 0 _ 11 2 8 _ 1 9 4 10 3 
[00055546] 4 | _ 0 _ 11 2 8 6 1 9 4 10 3 
[00055547] 6 | _ 0 _ 11 2 _ 8 1 9 _ 10 3 
[00055548] 5 | 5 0 _ 11 2 _ 8 1 9 _ 10 3 
[00055549] 4 | 5 0 4 11 2 _ 8 1 9 _ 10 3 
[00055550] 3 | 5 0 4 11 2 _ 8 1 9 6 10 3 
[00055551] 4 | 5 0 _ 11 2 6 8 1 9 _ 10 3 
[00055552] 5 | _ 0 5 11 2 _ 8 1 9 _ 10 3 
[00055553] 4 | 4 0 5 11 2 _ 8 1 9 _ 10 3 
[00055554] 3 | 4 0 5 11 2 _ 8 1 9 6 10 3 
[00055555] 4 | _ 0 5 11 2 6 8 1 9 _ 10 3 
[00055556] 5 | _ 0 _ 11 2 7 8 1 9 _ 10 3 
[00055557] 4 | 4 0 _ 11 2 7 8 1 9 _ 10 3 
[00055558] 3 | 4 0 _ 11 2 7 8 1 9 6 10 3 
[00055559] 4 | _ 0 4 11 2 7 8 1 9 _ 10 3 
[00055560] 3 | _ 0 4 11 2 7 8 1 9 6 10 3 
[00055561] 4 | _ 0 _ 11 2 7 8 1 9 5 10 3 
[00055562] 5 | _ 0 _ 11 2 _ 8 1 9 4 10 3 
[00055563] 4 | _ 0 _ 11 2 6 8 1 9 4 10 3 
[00055564] 8 | _ 0 _ 11 2 _ _ 1 _ _ 9 _ 
[00055565] 7 | 7 0 _ 11 2 _ _ 1 _ _ 9 _ 
[00055566] 6 | 7 0 6 11 2 _ _ 1 _ _ 9 _ 
[00055567] 5 | 7 0 6 11 2 _ _ 1 3 8 9 _ 
[00055568] 4 | 7 0 6 11 2 _ _ 1 3 8 9 5 
[00055569] 5 | 7 0 6 11 2 _ _ 1 5 10 9 _ 
[00055570] 5 | 7 0 6 11 2 _ _ 1 8 3 9 _ 
[00055571] 4 | 7 0 6 11 2 _ _ 1 8 3 9 5 
[00055572] 5 | 7 0 6 11 2 _ _ 1 10 5 9 _ 
[00055573] 5 | 7 0 6 11 2 _ _ 1 _ _ 9 4 
[00055574] 4 | 7 0 6 11 2 _ _ 1 5 _ 9 4 
[00055575] 3 | 7 0 6 11 2 5 _ 1 5 _ 9 4 
[00055576] 3 | 7 0 6 11 2 _ 5 1 5 _ 9 4 
[00055577] 3 | 7 0 6 11 2 _ _ 1 5 2 9 4 
[00055578] 3 | 7 0 6 11 2 _ _ 1 5 8 9 4 
[00055579] 6 | 7 0 _ 11 2 8 _ 1 _ _ 9 _ 
[00055580] 5 | 7 0 5 11 2 8 _ 1 _ _ 9 _ 
[00055581] 4 | 7 0 5 11 2 8 6 1 _ _ 9 _ 
[00055582] 3 | 7 0 5 11 2 8 6 1 4 _ 9 _ 
[00055583] 4 | 7 0 5 11 2 8 _ 1 6 10 9 _ 
[00055584] 4 | 7 0 5 11 2 8 _ 1 10 6 9 _ 
[00055585] 5 | 7 0 _ 11 2 8 _ 1 6 _ 9 _ 
[00055586] 4 | 7 0 4 11 2 8 _ 1 6 _ 9 _ 
[00055587] 3 | 7 0 4 11 2 8 5 1 6 _ 9 _ 
[00055588] 3 | 7 0 4 11 2 8 _ 1 6 3 9 _ 
[00055589] 3 | 7 0 4 11 2 8 _ 1 6 9 9 _ 
[00055590] 3 | 7 0 4 11 2 8 _ 1 6 _ 9 6 
[00055591] 4 | 7 0 _ 11 2 8 6 1 6 _ 9 _ 
[00055592] 3 | 7 0 3 11 2 8 6 1 6 _ 9 _ 
[00055593] 4 | 7 0 _ 11 2 8 _ 1 6 2 9 _ 
[00055594] 3 | 7 0 3 11 2 8 _ 1 6 2 9 _ 
[00055595] 4 | 7 0 _ 11 2 8 _ 1 6 10 9 _ 
[00055596] 3 | 7 0 3 11 2 8 _ 1 6 10 9 _ 
[00055597] 2 | 7 0 3 11 2 8 4 1 6 10 9 _ 
[00055598] 3 | 7 0 _ 11 2 8 5 1 6 10 9 _ 
[00055599] 4 | 7 0 _ 11 2 8 _ 1 6 _ 9 5 
[00055600] 3 | 7 0 3 11 2 8 _ 1 6 _ 9 5 
[00055601] 2 | 7 0 3 11 2 8 4 1 6 _ 9 5 
[00055602] 2 | 7 0 3 11 2 8 _ 1 6 4 9 5 
[00055603] 3 | 7 0 _ 11 2 8 _ 1 6 3 9 5 
[00055604] 2 | 7 0 2 11 2 8 _ 1 6 3 9 5 
[00055605] 2 | 7 0 _ 11 2 8 0 1 6 3 9 5 
[00055606] 2 | 7 0 _ 11 2 8 4 1 6 3 9 5 
[00055607] 5 | 7 0 _ 11 2 8 _ 1 5 10 9 _ 
[00055608] 4 | 7 0 4 11 2 8 _ 1 5 10 9 _ 
[00055609] 3 | 7 0 4 11 2 8 _ 1 5 10 9 6 
[00055610] 4 | 7 0 _ 11 2 8 6 1 5 10 9 _ 
[00055611] 3 | 7 0 3 11 2 8 6 1 5 10 9 _ 
[00055612] 5 | 7 0 _ 11 2 8 _ 1 10 5 9 _ 
[00055613] 4 | 7 0 4 11 2 8 _ 1 10 5 9 _ 
[00055614] 3 | 7 0 4 11 2 8 _ 1 10 5 9 6 
[00055615] 4 | 7 0 _ 11 2 8 6 1 10 5 9 _ 
[00055616] 3 | 7 0 3 11 2 8 6 1 10 5 9 _ 
[00055617] 5 | 7 0 _ 11 2 8 _ 1 _ _ 9 4 
[00055618] 4 | 7 0 _ 11 2 8 6 1 _ _ 9 4 
[00055619] 3 | 7 0 3 11 2 8 6 1 _ _ 9 4 
[00055620] 4 | 7 0 _ 11 2 8 _ 1 5 _ 9 4 
[00055621] 3 | 7 0 3 11 2 8 _ 1 5 _ 9 4 
[00055622] 3 | 7 0 _ 11 2 8 5 1 5 _ 9 4 
[00055623] 3 | 7 0 _ 11 2 8 _ 1 5 2 9 4 
[00055624] 4 | 7 0 _ 11 2 8 _ 1 6 10 9 4 
[00055625] 3 | 7 0 3 11 2 8 _ 1 6 10 9 4 
[00055626] 3 | 7 0 _ 11 2 8 5 1 6 10 9 4 
[00055627] 4 | 7 0 _ 11 2 8 _ 1 10 6 9 4 
[00055628] 3 | 7 0 3 11 2 8 _ 1 10 6 9 4 
[00055629] 3 | 7 0 _ 11 2 8 5 1 10 6 9 4 
[00055630] 6 | 7 0 _ 11 2 _ 8 1 _ _ 9 _ 
[00055631] 5 | 7 0 5 11 2 _ 8 1 _ _ 9 _ 
[00055632] 4 | 7 0 5 11 2 6 8 1 _ _ 9 _ 
[00055633] 3 | 7 0 5 11 2 6 8 1 4 _ 9 _ 
[00055634] 4 | 7 0 5 11 2 _ 8 1 6 10 9 _ 
[00055635] 4 | 7 0 5 11 2 _ 8 1 10 6 9 _ 
[00055636] 5 | 7 0 _ 11 2 _ 8 1 6 _ 9 _ 
[00055637] 4 | 7 0 4 11 2 _ 8 1 6 _ 9 _ 
[00055638] 3 | 7 0 4 11 2 5 8 1 6 _ 9 _ 
[00055639] 3 | 7 0 4 11 2 _ 8 1 6 3 9 _ 
[00055640] 3 | 7 0 4 11 2 _ 8 1 6 9 9 _ 
[00055641] 3 | 7 0 4 11 2 _ 8 1 6 _ 9 6 
[00055642] 4 | 7 0 _ 11 2 6 8 1 6 _ 9 _ 
[00055643] 3 | 7 0 3 11 2 6 8 1 6 _ 9 _ 
[00055644] 4 | 7 0 _ 11 2 _ 8 1 6 2 9 _ 
[00055645] 3 | 7 0 3 11 2 _ 8 1 6 2 9 _ 
[00055646] 4 | 7 0 _ 11 2 _ 8 1 6 10 9 _ 
[00055647] 3 | 7 0 3 11 2 _ 8 1 6 10 9 _ 
[00055648] 2 | 7 0 3 11 2 4 8 1 6 10 9 _ 
[00055649] 3 | 7 0 _ 11 2 5 8 1 6 10 9 _ 
[00055650] 4 | 7 0 _ 11 2 _ 8 1 6 _ 9 5 
[00055651] 3 | 7 0 3 11 2 _ 8 1 6 _ 9 5 
[00055652] 2 | 7 0 3 11 2 4 8 1 6 _ 9 5 
[00055653] 2 | 7 0 3 11 2 _ 8 1 6 4 9 5 
[00055654] 3 | 7 0 _ 11 2 _ 8 1 6 3 9 5 
[00055655] 2 | 7 0 2 11 2 _ 8 1 6 3 9 5 
[00055656] 2 | 7 0 _ 11 2 0 8 1 6 3 9 5 
[00055657] 2 | 7 0 _ 11 2 4 8 1 6 3 9 5 
[00055658] 5 | 7 0 _ 11 2 _ 8 1 5 10 9 _ 
[00055659] 4 | 7 0 4 11 2 _ 8 1 5 10 9 _ 
[00055660] 3 | 7 0 4 11 2 _ 8 1 5 10 9 6 
[00055661] 4 | 7 0 _ 11 2 6 8 1 5 10 9 _ 
[00055662] 3 | 7 0 3 11 2 6 8 1 5 10 9 _ 
[00055663] 5 | 7 0 _ 11 2 _ 8 1 10 5 9 _ 
[00055664] 4 | 7 0 4 11 2 _ 8 1 10 5 9 _ 
[00055665] 3 | 7 0 4 11 2 _ 8 1 10 5 9 6 
[00055666] 4 | 7 0 _ 11 2 6 8 1 10 5 9 _ 
[00055667] 3 | 7 0 3 11 2 6 8 1 10 5 9 _ 
[00055668] 5 | 7 0 _ 11 2 _ 8 1 _ _ 9 4 
[00055669] 4 | 7 0 _ 11 2 6 8 1 _ _ 9 4 
[00055670] 3 | 7 0 3 11 2 6 8 1 _ _ 9 4 
[00055671] 4 | 7 0 _ 11 2 _ 8 1 5 _ 9 4 
[00055672] 3 | 7 0 3 11 2 _ 8 1 5 _ 9 4 
[00055673] 3 | 7 0 _ 11 2 5 8 1 5 _ 9 4 
[00055674] 3 | 7 0 _ 11 2 _ 8 1 5 2 9 4 
[00055675] 4 | 7 0 _ 11 2 _ 8 1 6 10 9 4 
[00055676] 3 | 7 0 3 11 2 _ 8 1 6 10 9 4 
[00055677] 3 | 7 0 _ 11 2 5 8 1 6 10 9 4 
[00055678] 4 | 7 0 _ 11 2 _ 8 1 10 6 9 4 
[00055679] 3 | 7 0 3 11 2 _ 8 1 10 6 9 4 
[00055680] 3 | 7 0 _ 11 2 5 8 1 10 6 9 4 
[00055681] 6 | 7 0 _ 11 2 _ _ 1 4 10 9 _ 
[00055682] 5 | 7 0 5 11 2 _ _ 1 4 10 9 _ 
[00055683] 4 | 7 0 5 11 2 6 _ 1 4 10 9 _ 
[00055684] 4 | 7 0 5 11 2 _ 6 1 4 10 9 _ 
[00055685] 6 | 7 0 _ 11 2 _ _ 1 10 4 9 _ 
[00055686] 5 | 7 0 5 11 2 _ _ 1 10 4 9 _ 
[00055687] 4 | 7 0 5 11 2 6 _ 1 10 4 9 _ 
[00055688] 4 | 7 0 5 11 2 _ 6 1 10 4 9 _ 
[00055689] 6 | 7 0 _ 11 2 _ _ 1 _ _ 9 3 
[00055690] 5 | 7 0 5 11 2 _ _ 1 _ _ 9 3 
[00055691] 4 | 7 0 5 11 2 6 _ 1 _ _ 9 3 
[00055692] 3 | 7 0 5 11 2 6 _ 1 4 _ 9 3 
[00055693] 2 | 7 0 5 11 2 6 4 1 4 _ 9 3 
[00055694] 2 | 7 0 5 11 2 6 _ 1 4 2 9 3 
[00055695] 4 | 7 0 5 11 2 _ 6 1 _ _ 9 3 
[00055696] 3 | 7 0 5 11 2 _ 6 1 4 _ 9 3 
[00055697] 2 | 7 0 5 11 2 4 6 1 4 _ 9 3 
[00055698] 2 | 7 0 5 11 2 _ 6 1 4 2 9 3 
[00055699] 4 | 7 0 5 11 2 _ _ 1 4 8 9 3 
[00055700] 4 | 7 0 5 11 2 _ _ 1 6 10 9 3 
[00055701] 4 | 7 0 5 11 2 _ _ 1 8 4 9 3 
[00055702] 4 | 7 0 5 11 2 _ _ 1 10 6 9 3 
[00055703] 5 | 7 0 _ 11 2 _ _ 1 6 _ 9 3 
[00055704] 4 | 7 0 4 11 2 _ _ 1 6 _ 9 3 
[00055705] 3 | 7 0 4 11 2 5 _ 1 6 _ 9 3 
[00055706] 2 | 7 0 4 11 2 5 _ 1 6 8 9 3 
[00055707] 3 | 7 0 4 11 2 _ 5 1 6 _ 9 3 
[00055708] 2 | 7 0 4 11 2 _ 5 1 6 8 9 3 
[00055709] 4 | 7 0 _ 11 2 6 _ 1 6 _ 9 3 
[00055710] 3 | 7 0 _ 11 2 6 5 1 6 _ 9 3 
[00055711] 4 | 7 0 _ 11 2 _ 6 1 6 _ 9 3 
[00055712] 3 | 7 0 _ 11 2 5 6 1 6 _ 9 3 
[00055713] 4 | 7 0 _ 11 2 _ _ 1 6 2 9 3 
[00055714] 4 | 7 0 _ 11 2 _ _ 1 6 10 9 3 
[00055715] 3 | 7 0 _ 11 2 5 _ 1 6 10 9 3 
[00055716] 2 | 7 0 2 11 2 5 _ 1 6 10 9 3 
[00055717] 2 | 7 0 _ 11 2 5 0 1 6 10 9 3 
[00055718] 2 | 7 0 _ 11 2 5 4 1 6 10 9 3 
[00055719] 3 | 7 0 _ 11 2 _ 5 1 6 10 9 3 
[00055720] 2 | 7 0 2 11 2 _ 5 1 6 10 9 3 
[00055721] 2 | 7 0 _ 11 2 0 5 1 6 10 9 3 
[00055722] 2 | 7 0 _ 11 2 4 5 1 6 10 9 3 
[00055723] 5 | 7 0 _ 11 2 _ _ 1 5 10 9 3 
[00055724] 4 | 7 0 4 11 2 _ _ 1 5 10 9 3 
[00055725] 4 | 7 0 _ 11 2 6 _ 1 5 10 9 3 
[00055726] 4 | 7 0 _ 11 2 _ 6 1 5 10 9 3 
[00055727] 5 | 7 0 _ 11 2 _ _ 1 10 5 9 3 
[00055728] 4 | 7 0 4 11 2 _ _ 1 10 5 9 3 
[00055729] 4 | 7 0 _ 11 2 6 _ 1 10 5 9 3 
[00055730] 4 | 7 0 _ 11 2 _ 6 1 10 5 9 3 
[00055731] 7 | _ 0 7 11 2 _ _ 1 _ _ 9 _ 
[00055732] 6 | 6 0 7 11 2 _ _ 1 _ _ 9 _ 
[00055733] 5 | 6 0 7 11 2 _ _ 1 3 8 9 _ 
[00055734] 4 | 6 0 7 11 2 _ _ 1 3 8 9 5 
[00055735] 5 | 6 0 7 11 2 _ _ 1 5 10 9 _ 
[00055736] 5 | 6 0 7 11 2 _ _ 1 8 3 9 _ 
[00055737] 4 | 6 0 7 11 2 _ _ 1 8 3 9 5 
[00055738] 5 | 6 0 7 11 2 _ _ 1 10 5 9 _ 
[00055739] 5 | 6 0 7 11 2 _ _ 1 _ _ 9 4 
[00055740] 4 | 6 0 7 11 2 _ _ 1 5 _ 9 4 
[00055741] 3 | 6 0 7 11 2 5 _ 1 5 _ 9 4 
[00055742] 3 | 6 0 7 11 2 _ 5 1 5 _ 9 4 
[00055743] 3 | 6 0 7 11 2 _ _ 1 5 2 9 4 
[00055744] 3 | 6 0 7 11 2 _ _ 1 5 8 9 4 
[00055745] 6 | _ 0 7 11 2 8 _ 1 _ _ 9 _ 
[00055746] 5 | 5 0 7 11 2 8 _ 1 _ _ 9 _ 
[00055747] 4 | 5 0 7 11 2 8 6 1 _ _ 9 _ 
[00055748] 3 | 5 0 7 11 2 8 6 1 4 _ 9 _ 
[00055749] 4 | 5 0 7 11 2 8 _ 1 6 10 9 _ 
[00055750] 4 | 5 0 7 11 2 8 _ 1 10 6 9 _ 
[00055751] 5 | _ 0 7 11 2 8 _ 1 6 _ 9 _ 
[00055752] 4 | 4 0 7 11 2 8 _ 1 6 _ 9 _ 
[00055753] 3 | 4 0 7 11 2 8 5 1 6 _ 9 _ 
[00055754] 3 | 4 0 7 11 2 8 _ 1 6 3 9 _ 
[00055755] 3 | 4 0 7 11 2 8 _ 1 6 9 9 _ 
[00055756] 3 | 4 0 7 11 2 8 _ 1 6 _ 9 6 
[00055757] 4 | _ 0 7 11 2 8 6 1 6 _ 9 _ 
[00055758] 3 | 3 0 7 11 2 8 6 1 6 _ 9 _ 
[00055759] 4 | _ 0 7 11 2 8 _ 1 6 2 9 _ 
[00055760] 3 | 3 0 7 11 2 8 _ 1 6 2 9 _ 
[00055761] 4 | _ 0 7 11 2 8 _ 1 6 10 9 _ 
[00055762] 3 | 3 0 7 11 2 8 _ 1 6 10 9 _ 
[00055763] 2 | 3 0 7 11 2 8 4 1 6 10 9 _ 
[00055764] 3 | _ 0 7 11 2 8 5 1 6 10 9 _ 
[00055765] 4 | _ 0 7 11 2 8 _ 1 6 _ 9 5 
[00055766] 3 | 3 0 7 11 2 8 _ 1 6 _ 9 5 
[00055767] 2 | 3 0 7 11 2 8 4 1 6 _ 9 5 
[00055768] 2 | 3 0 7 11 2 8 _ 1 6 4 9 5 
[00055769] 3 | _ 0 7 11 2 8 _ 1 6 3 9 5 
[00055770] 2 | 2 0 7 11 2 8 _ 1 6 3 9 5 
[00055771] 2 | _ 0 7 11 2 8 0 1 6 3 9 5 
[00055772] 2 | _ 0 7 11 2 8 4 1 6 3 9 5 
[00055773] 5 | _ 0 7 11 2 8 _ 1 5 10 9 _ 
[00055774] 4 | 4 0 7 11 2 8 _ 1 5 10 9 _ 
[00055775] 3 | 4 0 7 11 2 8 _ 1 5 10 9 6 
[00055776] 4 | _ 0 7 11 2 8 6 1 5 10 9 _ 
[00055777] 3 | 3 0 7 11 2 8 6 1 5 10 9 _ 
[00055778] 5 | _ 0 7 11 2 8 _ 1 10 5 9 _ 
[00055779] 4 | 4 0 7 11 2 8 _ 1 10 5 9 _ 
[00055780] 3 | 4 0 7 11 2 8 _ 1 10 5 9 6 
[00055781] 4 | _ 0 7 11 2 8 6 1 10 5 9 _ 
[00055782] 3 | 3 0 7 11 2 8 6 1 10 5 9 _ 
[00055783] 5 | _ 0 7 11 2 8 _ 1 _ _ 9 4 
[00055784] 4 | _ 0 7 11 2 8 6 1 _ _ 9 4 
[00055785] 3 | 3 0 7 11 2 8 6 1 _ _ 9 4 
[00055786] 4 | _ 0 7 11 2 8 _ 1 5 _ 9 4 
[00055787] 3 | 3 0 7 11 2 8 _ 1 5 _ 9 4 
[00055788] 3 | _ 0 7 11 2 8 5 1 5 _ 9 4 
[00055789] 3 | _ 0 7 11 2 8 _ 1 5 2 9 4 
[00055790] 4 | _ 0 7 11 2 8 _ 1 6 10 9 4 
[00055791] 3 | 3 0 7 11 2 8 _ 1 6 10 9 4 
[00055792] 3 | _ 0 7 11 2 8 5 1 6 10 9 4 
[00055793] 4 | _ 0 7 11 2 8 _ 1 10 6 9 4 
[00055794] 3 | 3 0 7 11 2 8 _ 1 10 6 9 4 
[00055795] 3 | _ 0 7 11 2 8 5 1 10 6 9 4 
[00055796] 6 | _ 0 7 11 2 _ 8 1 _ _ 9 _ 
[00055797] 5 | 5 0 7 11 2 _ 8 1 _ _ 9 _ 
[00055798] 4 | 5 0 7 11 2 6 8 1 _ _ 9 _ 
[00055799] 3 | 5 0 7 11 2 6 8 1 4 _ 9 _ 
[00055800] 4 | 5 0 7 11 2 _ 8 1 6 10 9 _ 
[00055801] 4 | 5 0 7 11 2 _ 8 1 10 6 9 _ 
[00055802] 5 | _ 0 7 11 2 _ 8 1 6 _ 9 _ 
[00055803] 4 | 4 0 7 11 2 _ 8 1 6 _ 9 _ 
[00055804] 3 | 4 0 7 11 2 5 8 1 6 _ 9 _ 
[00055805] 3 | 4 0 7 11 2 _ 8 1 6 3 9 _ 
[00055806] 3 | 4 0 7 11 2 _ 8 1 6 9 9 _ 
[00055807] 3 | 4 0 7 11 2 _ 8 1 6 _ 9 6 
[00055808] 4 | _ 0 7 11 2 6 8 1 6 _ 9 _ 
[00055809] 3 | 3 0 7 11 2 6 8 1 6 _ 9 _ 
[00055810] 4 | _ 0 7 11 2 _ 8 1 6 2 9 _ 
[00055811] 3 | 3 0 7 11 2 _ 8 1 6 2 9 _ 
[00055812] 4 | _ 0 7 11 2 _ 8 1 6 10 9 _ 
[00055813] 3 | 3 0 7 11 2 _ 8 1 6 10 9 _ 
[00055814] 2 | 3 0 7 11 2 4 8 1 6 10 9 _ 
[00055815] 3 | _ 0 7 11 2 5 8 1 6 10 9 _ 
[00055816] 4 | _ 0 7 11 2 _ 8 1 6 _ 9 5 
[00055817] 3 | 3 0 7 11 2 _ 8 1 6 _ 9 5 
[00055818] 2 | 3 0 7 11 2 4 8 1 6 _ 9 5 
[00055819] 2 | 3 0 7 11 2 _ 8 1 6 4 9 5 
[00055820] 3 | _ 0 7 11 2 _ 8 1 6 3 9 5 
[00055821] 2 | 2 0 7 11 2 _ 8 1 6 3 9 5 
[00055822] 2 | _ 0 7 11 2 0 8 1 6 3 9 5 
[00055823] 2 | _ 0 7 11 2 4 8 1 6 3 9 5 
[00055824] 5 | _ 0 7 11 2 _ 8 1 5 10 9 _ 
[00055825] 4 | 4 0 7 11 2 _ 8 1 5 10 9 _ 
[00055826] 3 | 4 0 7 11 2 _ 8 1 5 10 9 6 
[00055827] 4 | _ 0 7 11 2 6 8 1 5 10 9 _ 
[00055828] 3 | 3 0 7 11 2 6 8 1 5 10 9 _ 
[00055829] 5 | _ 0 7 11 2 _ 8 1 10 5 9 _ 
[00055830] 4 | 4 0 7 11 2 _ 8 1 10 5 9 _ 
[00055831] 3 | 4 0 7 11 2 _ 8 1 10 5 9 6 
[00055832] 4 | _ 0 7 11 2 6 8 1 10 5 9 _ 
[00055833] 3 | 3 0 7 11 2 6 8 1 10 5 9 _ 
[00055834] 5 | _ 0 7 11 2 _ 8 1 _ _ 9 4 
[00055835] 4 | _ 0 7 11 2 6 8 1 _ _ 9 4 
[00055836] 3 | 3 0 7 11 2 6 8 1 _ _ 9 4 
[00055837] 4 | _ 0 7 11 2 _ 8 1 5 _ 9 4 
[00055838] 3 | 3 0 7 11 2 _ 8 1 5 _ 9 4 
[00055839] 3 | _ 0 7 11 2 5 8 1 5 _ 9 4 
[00055840] 3 | _ 0 7 11 2 _ 8 1 5 2 9 4 
[00055841] 4 | _ 0 7 11 2 _ 8 1 6 10 9 4 
[00055842] 3 | 3 0 7 11 2 _ 8 1 6 10 9 4 
[00055843] 3 | _ 0 7 11 2 5 8 1 6 10 9 4 
[00055844] 4 | _ 0 7 11 2 _ 8 1 10 6 9 4 
[00055845] 3 | 3 0 7 11 2 _ 8 1 10 6 9 4 
[00055846] 3 | _ 0 7 11 2 5 8 1 10 6 9 4 
[00055847] 6 | _ 0 7 11 2 _ _ 1 4 10 9 _ 
[00055848] 5 | 5 0 7 11 2 _ _ 1 4 10 9 _ 
[00055849] 4 | 5 0 7 11 2 6 _ 1 4 10 9 _ 
[00055850] 4 | 5 0 7 11 2 _ 6 1 4 10 9 _ 
[00055851] 6 | _ 0 7 11 2 _ _ 1 10 4 9 _ 
[00055852] 5 | 5 0 7 11 2 _ _ 1 10 4 9 _ 
[00055853] 4 | 5 0 7 11 2 6 _ 1 10 4 9 _ 
[00055854] 4 | 5 0 7 11 2 _ 6 1 10 4 9 _ 
[00055855] 6 | _ 0 7 11 2 _ _ 1 _ _ 9 3 
[00055856] 5 | 5 0 7 11 2 _ _ 1 _ _ 9 3 
[00055857] 4 | 5 0 7 11 2 6 _ 1 _ _ 9 3 
[00055858] 3 | 5 0 7 11 2 6 _ 1 4 _ 9 3 
[00055859] 2 | 5 0 7 11 2 6 4 1 4 _ 9 3 
[00055860] 2 | 5 0 7 11 2 6 _ 1 4 2 9 3 
[00055861] 4 | 5 0 7 11 2 _ 6 1 _ _ 9 3 
[00055862] 3 | 5 0 7 11 2 _ 6 1 4 _ 9 3 
[00055863] 2 | 5 0 7 11 2 4 6 1 4 _ 9 3 
[00055864] 2 | 5 0 7 11 2 _ 6 1 4 2 9 3 
[00055865] 4 | 5 0 7 11 2 _ _ 1 4 8 9 3 
[00055866] 4 | 5 0 7 11 2 _ _ 1 6 10 9 3 
[00055867] 4 | 5 0 7 11 2 _ _ 1 8 4 9 3 
[00055868] 4 | 5 0 7 11 2 _ _ 1 10 6 9 3 
[00055869] 5 | _ 0 7 11 2 _ _ 1 6 _ 9 3 
[00055870] 4 | 4 0 7 11 2 _ _ 1 6 _ 9 3 
[00055871] 3 | 4 0 7 11 2 5 _ 1 6 _ 9 3 
[00055872] 2 | 4 0 7 11 2 5 _ 1 6 8 9 3 
[00055873] 3 | 4 0 7 11 2 _ 5 1 6 _ 9 3 
[00055874] 2 | 4 0 7 11 2 _ 5 1 6 8 9 3 
[00055875] 4 | _ 0 7 11 2 6 _ 1 6 _ 9 3 
[00055876] 3 | _ 0 7 11 2 6 5 1 6 _ 9 3 
[00055877] 4 | _ 0 7 11 2 _ 6 1 6 _ 9 3 
[00055878] 3 | _ 0 7 11 2 5 6 1 6 _ 9 3 
[00055879] 4 | _ 0 7 11 2 _ _ 1 6 2 9 3 
[00055880] 4 | _ 0 7 11 2 _ _ 1 6 10 9 3 
[00055881] 3 | _ 0 7 11 2 5 _ 1 6 10 9 3 
[00055882] 2 | 2 0 7 11 2 5 _ 1 6 10 9 3 
[00055883] 2 | _ 0 7 11 2 5 0 1 6 10 9 3 
[00055884] 2 | _ 0 7 11 2 5 4 1 6 10 9 3 
[00055885] 3 | _ 0 7 11 2 _ 5 1 6 10 9 3 
[00055886] 2 | 2 0 7 11 2 _ 5 1 6 10 9 3 
[00055887] 2 | _ 0 7 11 2 0 5 1 6 10 9 3 
[00055888] 2 | _ 0 7 11 2 4 5 1 6 10 9 3 
[00055889] 5 | _ 0 7 11 2 _ _ 1 5 10 9 3 
[00055890] 4 | 4 0 7 11 2 _ _ 1 5 10 9 3 
[00055891] 4 | _ 0 7 11 2 6 _ 1 5 10 9 3 
[00055892] 4 | _ 0 7 11 2 _ 6 1 5 10 9 3 
[00055893] 5 | _ 0 7 11 2 _ _ 1 10 5 9 3 
[00055894] 4 | 4 0 7 11 2 _ _ 1 10 5 9 3 
[00055895] 4 | _ 0 7 11 2 6 _ 1 10 5 9 3 
[00055896] 4 | _ 0 7 11 2 _ 6 1 10 5 9 3 
[00055897] 7 | _ 0 _ 11 2 9 _ 1 _ _ 9 _ 
[00055898] 6 | 6 0 _ 11 2 9 _ 1 _ _ 9 _ 
[00055899] 5 | 6 0 5 11 2 9 _ 1 _ _ 9 _ 
[00055900] 4 | 6 0 5 11 2 9 _ 1 3 7 9 _ 
