[00301794] 2 | 8 4 6 11 1 9 10 0 5 2 6 _ 
[00301795] 2 | 8 4 _ 11 1 9 10 0 5 2 6 4 
[00301796] 3 | 8 4 _ 11 1 9 10 0 5 _ 6 3 
[00301797] 2 | 8 4 2 11 1 9 10 0 5 _ 6 3 
[00301798] 2 | 8 4 _ 11 1 9 10 0 5 7 6 3 
[00301799] 4 | _ 4 8 11 1 9 10 0 5 _ 6 _ 
[00301800] 3 | 7 4 8 11 1 9 10 0 5 _ 6 _ 
[00301801] 2 | 7 4 8 11 1 9 10 0 5 3 6 _ 
[00301802] 3 | _ 4 8 11 1 9 10 0 5 2 6 _ 
[00301803] 2 | 6 4 8 11 1 9 10 0 5 2 6 _ 
[00301804] 2 | _ 4 8 11 1 9 10 0 5 2 6 4 
[00301805] 3 | _ 4 8 11 1 9 10 0 5 _ 6 3 
[00301806] 2 | 2 4 8 11 1 9 10 0 5 _ 6 3 
[00301807] 2 | _ 4 8 11 1 9 10 0 5 7 6 3 
[00301808] 4 | _ 4 _ 11 1 9 10 0 5 _ 6 2 
[00301809] 3 | 7 4 _ 11 1 9 10 0 5 _ 6 2 
[00301810] 2 | 7 4 _ 11 1 9 10 0 5 3 6 2 
[00301811] 3 | _ 4 7 11 1 9 10 0 5 _ 6 2 
[00301812] 2 | _ 4 7 11 1 9 10 0 5 3 6 2 
[00301813] 3 | _ 4 _ 11 1 9 10 0 5 8 6 2 
[00301814] 5 | _ 4 _ 11 1 9 10 0 2 7 6 _ 
[00301815] 4 | 8 4 _ 11 1 9 10 0 2 7 6 _ 
[00301816] 3 | 8 4 _ 11 1 9 10 0 2 7 6 3 
[00301817] 4 | _ 4 8 11 1 9 10 0 2 7 6 _ 
[00301818] 3 | _ 4 8 11 1 9 10 0 2 7 6 3 
[00301819] 5 | _ 4 _ 11 1 9 10 0 3 8 6 _ 
[00301820] 4 | _ 4 _ 11 1 9 10 0 3 8 6 2 
[00301821] 3 | 7 4 _ 11 1 9 10 0 3 8 6 2 
[00301822] 3 | _ 4 7 11 1 9 10 0 3 8 6 2 
[00301823] 5 | _ 4 _ 11 1 9 10 0 7 2 6 _ 
[00301824] 4 | 8 4 _ 11 1 9 10 0 7 2 6 _ 
[00301825] 3 | 8 4 _ 11 1 9 10 0 7 2 6 3 
[00301826] 4 | _ 4 8 11 1 9 10 0 7 2 6 _ 
[00301827] 3 | _ 4 8 11 1 9 10 0 7 2 6 3 
[00301828] 5 | _ 4 _ 11 1 9 10 0 8 3 6 _ 
[00301829] 4 | _ 4 _ 11 1 9 10 0 8 3 6 2 
[00301830] 3 | 7 4 _ 11 1 9 10 0 8 3 6 2 
[00301831] 3 | _ 4 7 11 1 9 10 0 8 3 6 2 
[00301832] 6 | _ 4 _ 11 1 9 10 0 _ _ 2 8 
[00301833] 5 | _ 4 _ 11 1 9 10 0 5 _ 2 8 
[00301834] 6 | _ 4 _ 11 1 9 10 0 _ _ 8 2 
[00301835] 5 | _ 4 _ 11 1 9 10 0 5 _ 8 2 
[00301836] 7 | _ _ _ 11 1 9 10 0 7 _ _ _ 
[00301837] 6 | 2 8 _ 11 1 9 10 0 7 _ _ _ 
[00301838] 5 | 2 8 3 11 1 9 10 0 7 _ _ _ 
[00301839] 4 | 2 8 3 11 1 9 10 0 7 _ 4 _ 
[00301840] 3 | 2 8 3 11 1 9 10 0 7 4 4 _ 
[00301841] 3 | 2 8 3 11 1 9 10 0 7 _ 4 7 
[00301842] 5 | 2 8 _ 11 1 9 10 0 7 _ 5 _ 
[00301843] 4 | 2 8 4 11 1 9 10 0 7 _ 5 _ 
[00301844] 4 | 2 8 _ 11 1 9 10 0 7 3 5 _ 
[00301845] 3 | 2 8 5 11 1 9 10 0 7 3 5 _ 
[00301846] 3 | 2 8 _ 11 1 9 10 0 7 3 5 8 
[00301847] 6 | 8 2 _ 11 1 9 10 0 7 _ _ _ 
[00301848] 6 | _ 2 8 11 1 9 10 0 7 _ _ _ 
[00301849] 6 | _ 8 2 11 1 9 10 0 7 _ _ _ 
[00301850] 5 | 3 8 2 11 1 9 10 0 7 _ _ _ 
[00301851] 4 | 3 8 2 11 1 9 10 0 7 _ 4 _ 
[00301852] 3 | 3 8 2 11 1 9 10 0 7 4 4 _ 
[00301853] 3 | 3 8 2 11 1 9 10 0 7 _ 4 7 
[00301854] 5 | _ 8 2 11 1 9 10 0 7 _ 5 _ 
[00301855] 4 | 4 8 2 11 1 9 10 0 7 _ 5 _ 
[00301856] 4 | _ 8 2 11 1 9 10 0 7 3 5 _ 
[00301857] 3 | 5 8 2 11 1 9 10 0 7 3 5 _ 
[00301858] 3 | _ 8 2 11 1 9 10 0 7 3 5 8 
[00301859] 6 | _ 5 _ 11 1 9 10 0 7 _ _ _ 
[00301860] 5 | 0 5 _ 11 1 9 10 0 7 _ _ _ 
[00301861] 4 | 0 5 _ 11 1 9 10 0 7 3 _ _ 
[00301862] 3 | 0 5 2 11 1 9 10 0 7 3 _ _ 
[00301863] 2 | 0 5 2 11 1 9 10 0 7 3 4 6 
[00301864] 2 | 0 5 2 11 1 9 10 0 7 3 6 8 
[00301865] 2 | 0 5 2 11 1 9 10 0 7 3 6 4 
[00301866] 2 | 0 5 2 11 1 9 10 0 7 3 8 6 
[00301867] 3 | 0 5 8 11 1 9 10 0 7 3 _ _ 
[00301868] 2 | 0 5 8 11 1 9 10 0 7 3 2 4 
[00301869] 2 | 0 5 8 11 1 9 10 0 7 3 4 6 
[00301870] 2 | 0 5 8 11 1 9 10 0 7 3 4 2 
[00301871] 2 | 0 5 8 11 1 9 10 0 7 3 6 4 
[00301872] 4 | 0 5 _ 11 1 9 10 0 7 _ 2 6 
[00301873] 3 | 0 5 8 11 1 9 10 0 7 _ 2 6 
[00301874] 3 | 0 5 _ 11 1 9 10 0 7 4 2 6 
[00301875] 2 | 0 5 3 11 1 9 10 0 7 4 2 6 
[00301876] 4 | 0 5 _ 11 1 9 10 0 7 _ 4 8 
[00301877] 3 | 0 5 2 11 1 9 10 0 7 _ 4 8 
[00301878] 4 | 0 5 _ 11 1 9 10 0 7 _ 6 2 
[00301879] 3 | 0 5 8 11 1 9 10 0 7 _ 6 2 
[00301880] 3 | 0 5 _ 11 1 9 10 0 7 4 6 2 
[00301881] 2 | 0 5 3 11 1 9 10 0 7 4 6 2 
[00301882] 4 | 0 5 _ 11 1 9 10 0 7 _ 8 4 
[00301883] 3 | 0 5 2 11 1 9 10 0 7 _ 8 4 
[00301884] 5 | _ 5 0 11 1 9 10 0 7 _ _ _ 
[00301885] 4 | _ 5 0 11 1 9 10 0 7 3 _ _ 
[00301886] 3 | 2 5 0 11 1 9 10 0 7 3 _ _ 
[00301887] 2 | 2 5 0 11 1 9 10 0 7 3 4 6 
[00301888] 2 | 2 5 0 11 1 9 10 0 7 3 6 8 
[00301889] 2 | 2 5 0 11 1 9 10 0 7 3 6 4 
[00301890] 2 | 2 5 0 11 1 9 10 0 7 3 8 6 
[00301891] 3 | 8 5 0 11 1 9 10 0 7 3 _ _ 
[00301892] 2 | 8 5 0 11 1 9 10 0 7 3 2 4 
[00301893] 2 | 8 5 0 11 1 9 10 0 7 3 4 6 
[00301894] 2 | 8 5 0 11 1 9 10 0 7 3 4 2 
[00301895] 2 | 8 5 0 11 1 9 10 0 7 3 6 4 
[00301896] 4 | _ 5 0 11 1 9 10 0 7 _ 2 6 
[00301897] 3 | 8 5 0 11 1 9 10 0 7 _ 2 6 
[00301898] 3 | _ 5 0 11 1 9 10 0 7 4 2 6 
[00301899] 2 | 3 5 0 11 1 9 10 0 7 4 2 6 
[00301900] 4 | _ 5 0 11 1 9 10 0 7 _ 4 8 
[00301901] 3 | 2 5 0 11 1 9 10 0 7 _ 4 8 
[00301902] 4 | _ 5 0 11 1 9 10 0 7 _ 6 2 
[00301903] 3 | 8 5 0 11 1 9 10 0 7 _ 6 2 
[00301904] 3 | _ 5 0 11 1 9 10 0 7 4 6 2 
[00301905] 2 | 3 5 0 11 1 9 10 0 7 4 6 2 
[00301906] 4 | _ 5 0 11 1 9 10 0 7 _ 8 4 
[00301907] 3 | 2 5 0 11 1 9 10 0 7 _ 8 4 
[00301908] 5 | _ 5 _ 11 1 9 10 0 7 2 _ _ 
[00301909] 4 | _ 5 _ 11 1 9 10 0 7 2 4 _ 
[00301910] 3 | 8 5 _ 11 1 9 10 0 7 2 4 _ 
[00301911] 2 | 8 5 3 11 1 9 10 0 7 2 4 _ 
[00301912] 2 | 8 5 _ 11 1 9 10 0 7 2 4 6 
[00301913] 3 | _ 5 8 11 1 9 10 0 7 2 4 _ 
[00301914] 2 | 3 5 8 11 1 9 10 0 7 2 4 _ 
[00301915] 2 | _ 5 8 11 1 9 10 0 7 2 4 6 
[00301916] 4 | _ 5 _ 11 1 9 10 0 7 2 4 8 
[00301917] 4 | _ 5 _ 11 1 9 10 0 7 2 8 4 
[00301918] 5 | _ 5 _ 11 1 9 10 0 7 _ 5 _ 
[00301919] 4 | _ 5 _ 11 1 9 10 0 7 3 5 _ 
[00301920] 3 | 2 5 _ 11 1 9 10 0 7 3 5 _ 
[00301921] 3 | 8 5 _ 11 1 9 10 0 7 3 5 _ 
[00301922] 3 | _ 5 2 11 1 9 10 0 7 3 5 _ 
[00301923] 3 | _ 5 8 11 1 9 10 0 7 3 5 _ 
[00301924] 3 | _ 5 _ 11 1 9 10 0 7 3 5 2 
[00301925] 3 | _ 5 _ 11 1 9 10 0 7 3 5 8 
[00301926] 5 | _ 5 _ 11 1 9 10 0 7 _ 3 8 
[00301927] 5 | _ 5 _ 11 1 9 10 0 7 _ 8 3 
[00301928] 6 | _ _ _ 11 1 9 10 0 7 _ 6 _ 
[00301929] 5 | 3 8 _ 11 1 9 10 0 7 _ 6 _ 
[00301930] 4 | 3 8 4 11 1 9 10 0 7 _ 6 _ 
[00301931] 4 | 3 8 _ 11 1 9 10 0 7 _ 6 2 
[00301932] 3 | 3 8 5 11 1 9 10 0 7 _ 6 2 
[00301933] 3 | 3 8 _ 11 1 9 10 0 7 4 6 2 
[00301934] 5 | 8 3 _ 11 1 9 10 0 7 _ 6 _ 
[00301935] 5 | _ 3 8 11 1 9 10 0 7 _ 6 _ 
[00301936] 5 | _ 8 3 11 1 9 10 0 7 _ 6 _ 
[00301937] 4 | 4 8 3 11 1 9 10 0 7 _ 6 _ 
[00301938] 4 | _ 8 3 11 1 9 10 0 7 _ 6 2 
[00301939] 3 | 5 8 3 11 1 9 10 0 7 _ 6 2 
[00301940] 3 | _ 8 3 11 1 9 10 0 7 4 6 2 
[00301941] 5 | _ 6 _ 11 1 9 10 0 7 _ 6 _ 
[00301942] 4 | 2 6 _ 11 1 9 10 0 7 _ 6 _ 
[00301943] 3 | 2 6 3 11 1 9 10 0 7 _ 6 _ 
[00301944] 2 | 2 6 3 11 1 9 10 0 7 5 6 _ 
[00301945] 3 | 2 6 _ 11 1 9 10 0 7 4 6 _ 
[00301946] 2 | 2 6 8 11 1 9 10 0 7 4 6 _ 
[00301947] 2 | 2 6 _ 11 1 9 10 0 7 4 6 8 
[00301948] 3 | 2 6 _ 11 1 9 10 0 7 _ 6 3 
[00301949] 2 | 2 6 _ 11 1 9 10 0 7 5 6 3 
[00301950] 4 | _ 6 2 11 1 9 10 0 7 _ 6 _ 
[00301951] 3 | 3 6 2 11 1 9 10 0 7 _ 6 _ 
[00301952] 2 | 3 6 2 11 1 9 10 0 7 5 6 _ 
[00301953] 3 | _ 6 2 11 1 9 10 0 7 4 6 _ 
[00301954] 2 | 8 6 2 11 1 9 10 0 7 4 6 _ 
[00301955] 2 | _ 6 2 11 1 9 10 0 7 4 6 8 
[00301956] 3 | _ 6 2 11 1 9 10 0 7 _ 6 3 
[00301957] 2 | _ 6 2 11 1 9 10 0 7 5 6 3 
[00301958] 4 | _ 6 _ 11 1 9 10 0 7 3 6 _ 
[00301959] 4 | _ 6 _ 11 1 9 10 0 7 _ 6 2 
[00301960] 3 | _ 6 _ 11 1 9 10 0 7 4 6 2 
[00301961] 5 | _ _ _ 11 1 9 10 0 7 2 6 _ 
[00301962] 4 | 4 8 _ 11 1 9 10 0 7 2 6 _ 
[00301963] 3 | 4 8 5 11 1 9 10 0 7 2 6 _ 
[00301964] 3 | 4 8 _ 11 1 9 10 0 7 2 6 3 
[00301965] 4 | 8 4 _ 11 1 9 10 0 7 2 6 _ 
[00301966] 4 | _ 4 8 11 1 9 10 0 7 2 6 _ 
[00301967] 4 | _ 8 4 11 1 9 10 0 7 2 6 _ 
[00301968] 3 | 5 8 4 11 1 9 10 0 7 2 6 _ 
[00301969] 3 | _ 8 4 11 1 9 10 0 7 2 6 3 
[00301970] 5 | _ _ _ 11 1 9 10 0 7 _ 6 11 
[00301971] 4 | 4 8 _ 11 1 9 10 0 7 _ 6 11 
[00301972] 3 | 4 8 5 11 1 9 10 0 7 _ 6 11 
[00301973] 4 | 8 4 _ 11 1 9 10 0 7 _ 6 11 
[00301974] 4 | _ 4 8 11 1 9 10 0 7 _ 6 11 
[00301975] 4 | _ 8 4 11 1 9 10 0 7 _ 6 11 
[00301976] 3 | 5 8 4 11 1 9 10 0 7 _ 6 11 
[00301977] 4 | _ _ _ 11 1 9 10 0 7 3 6 11 
[00301978] 3 | 2 5 _ 11 1 9 10 0 7 3 6 11 
[00301979] 3 | 5 8 _ 11 1 9 10 0 7 3 6 11 
[00301980] 3 | 5 2 _ 11 1 9 10 0 7 3 6 11 
[00301981] 3 | 8 5 _ 11 1 9 10 0 7 3 6 11 
[00301982] 3 | _ 2 5 11 1 9 10 0 7 3 6 11 
[00301983] 3 | _ 5 8 11 1 9 10 0 7 3 6 11 
[00301984] 3 | _ 5 2 11 1 9 10 0 7 3 6 11 
[00301985] 3 | _ 8 5 11 1 9 10 0 7 3 6 11 
[00301986] 6 | _ _ _ 11 1 9 10 0 7 _ 2 8 
[00301987] 5 | _ 6 _ 11 1 9 10 0 7 _ 2 8 
[00301988] 4 | _ 6 _ 11 1 9 10 0 7 3 2 8 
[00301989] 6 | _ _ _ 11 1 9 10 0 7 _ 8 2 
[00301990] 5 | _ 6 _ 11 1 9 10 0 7 _ 8 2 
[00301991] 4 | _ 6 _ 11 1 9 10 0 7 3 8 2 
[00301992] 7 | _ _ _ 11 1 9 10 0 _ _ 7 _ 
[00301993] 6 | 2 8 _ 11 1 9 10 0 _ _ 7 _ 
[00301994] 5 | 2 8 3 11 1 9 10 0 _ _ 7 _ 
[00301995] 4 | 2 8 3 11 1 9 10 0 4 _ 7 _ 
[00301996] 3 | 2 8 3 11 1 9 10 0 4 7 7 _ 
[00301997] 3 | 2 8 3 11 1 9 10 0 4 _ 7 4 
[00301998] 5 | 2 8 _ 11 1 9 10 0 5 _ 7 _ 
[00301999] 4 | 2 8 4 11 1 9 10 0 5 _ 7 _ 
[00302000] 4 | 2 8 _ 11 1 9 10 0 5 _ 7 3 
[00302001] 3 | 2 8 5 11 1 9 10 0 5 _ 7 3 
[00302002] 3 | 2 8 _ 11 1 9 10 0 5 8 7 3 
[00302003] 6 | 8 2 _ 11 1 9 10 0 _ _ 7 _ 
[00302004] 6 | _ 2 8 11 1 9 10 0 _ _ 7 _ 
[00302005] 6 | _ 8 2 11 1 9 10 0 _ _ 7 _ 
[00302006] 5 | 3 8 2 11 1 9 10 0 _ _ 7 _ 
[00302007] 4 | 3 8 2 11 1 9 10 0 4 _ 7 _ 
[00302008] 3 | 3 8 2 11 1 9 10 0 4 7 7 _ 
[00302009] 3 | 3 8 2 11 1 9 10 0 4 _ 7 4 
[00302010] 5 | _ 8 2 11 1 9 10 0 5 _ 7 _ 
[00302011] 4 | 4 8 2 11 1 9 10 0 5 _ 7 _ 
[00302012] 4 | _ 8 2 11 1 9 10 0 5 _ 7 3 
[00302013] 3 | 5 8 2 11 1 9 10 0 5 _ 7 3 
[00302014] 3 | _ 8 2 11 1 9 10 0 5 8 7 3 
[00302015] 6 | _ 5 _ 11 1 9 10 0 _ _ 7 _ 
[00302016] 5 | 0 5 _ 11 1 9 10 0 _ _ 7 _ 
[00302017] 4 | 0 5 _ 11 1 9 10 0 2 6 7 _ 
[00302018] 3 | 0 5 8 11 1 9 10 0 2 6 7 _ 
[00302019] 3 | 0 5 _ 11 1 9 10 0 2 6 7 4 
[00302020] 2 | 0 5 3 11 1 9 10 0 2 6 7 4 
[00302021] 4 | 0 5 _ 11 1 9 10 0 4 8 7 _ 
[00302022] 3 | 0 5 2 11 1 9 10 0 4 8 7 _ 
[00302023] 4 | 0 5 _ 11 1 9 10 0 6 2 7 _ 
[00302024] 3 | 0 5 8 11 1 9 10 0 6 2 7 _ 
[00302025] 3 | 0 5 _ 11 1 9 10 0 6 2 7 4 
[00302026] 2 | 0 5 3 11 1 9 10 0 6 2 7 4 
[00302027] 4 | 0 5 _ 11 1 9 10 0 8 4 7 _ 
[00302028] 3 | 0 5 2 11 1 9 10 0 8 4 7 _ 
[00302029] 4 | 0 5 _ 11 1 9 10 0 _ _ 7 3 
[00302030] 3 | 0 5 2 11 1 9 10 0 _ _ 7 3 
[00302031] 2 | 0 5 2 11 1 9 10 0 4 6 7 3 
[00302032] 2 | 0 5 2 11 1 9 10 0 6 8 7 3 
[00302033] 2 | 0 5 2 11 1 9 10 0 6 4 7 3 
[00302034] 2 | 0 5 2 11 1 9 10 0 8 6 7 3 
[00302035] 3 | 0 5 8 11 1 9 10 0 _ _ 7 3 
[00302036] 2 | 0 5 8 11 1 9 10 0 2 4 7 3 
[00302037] 2 | 0 5 8 11 1 9 10 0 4 6 7 3 
[00302038] 2 | 0 5 8 11 1 9 10 0 4 2 7 3 
[00302039] 2 | 0 5 8 11 1 9 10 0 6 4 7 3 
[00302040] 5 | _ 5 0 11 1 9 10 0 _ _ 7 _ 
[00302041] 4 | _ 5 0 11 1 9 10 0 2 6 7 _ 
[00302042] 3 | 8 5 0 11 1 9 10 0 2 6 7 _ 
[00302043] 3 | _ 5 0 11 1 9 10 0 2 6 7 4 
[00302044] 2 | 3 5 0 11 1 9 10 0 2 6 7 4 
[00302045] 4 | _ 5 0 11 1 9 10 0 4 8 7 _ 
[00302046] 3 | 2 5 0 11 1 9 10 0 4 8 7 _ 
[00302047] 4 | _ 5 0 11 1 9 10 0 6 2 7 _ 
[00302048] 3 | 8 5 0 11 1 9 10 0 6 2 7 _ 
[00302049] 3 | _ 5 0 11 1 9 10 0 6 2 7 4 
[00302050] 2 | 3 5 0 11 1 9 10 0 6 2 7 4 
[00302051] 4 | _ 5 0 11 1 9 10 0 8 4 7 _ 
[00302052] 3 | 2 5 0 11 1 9 10 0 8 4 7 _ 
[00302053] 4 | _ 5 0 11 1 9 10 0 _ _ 7 3 
[00302054] 3 | 2 5 0 11 1 9 10 0 _ _ 7 3 
[00302055] 2 | 2 5 0 11 1 9 10 0 4 6 7 3 
[00302056] 2 | 2 5 0 11 1 9 10 0 6 8 7 3 
[00302057] 2 | 2 5 0 11 1 9 10 0 6 4 7 3 
[00302058] 2 | 2 5 0 11 1 9 10 0 8 6 7 3 
[00302059] 3 | 8 5 0 11 1 9 10 0 _ _ 7 3 
[00302060] 2 | 8 5 0 11 1 9 10 0 2 4 7 3 
[00302061] 2 | 8 5 0 11 1 9 10 0 4 6 7 3 
[00302062] 2 | 8 5 0 11 1 9 10 0 4 2 7 3 
[00302063] 2 | 8 5 0 11 1 9 10 0 6 4 7 3 
[00302064] 5 | _ 5 _ 11 1 9 10 0 5 _ 7 _ 
[00302065] 4 | _ 5 _ 11 1 9 10 0 5 _ 7 3 
[00302066] 3 | 2 5 _ 11 1 9 10 0 5 _ 7 3 
[00302067] 3 | 8 5 _ 11 1 9 10 0 5 _ 7 3 
[00302068] 3 | _ 5 2 11 1 9 10 0 5 _ 7 3 
[00302069] 3 | _ 5 8 11 1 9 10 0 5 _ 7 3 
[00302070] 3 | _ 5 _ 11 1 9 10 0 5 2 7 3 
[00302071] 3 | _ 5 _ 11 1 9 10 0 5 8 7 3 
[00302072] 5 | _ 5 _ 11 1 9 10 0 3 8 7 _ 
[00302073] 5 | _ 5 _ 11 1 9 10 0 8 3 7 _ 
[00302074] 5 | _ 5 _ 11 1 9 10 0 _ _ 7 2 
[00302075] 4 | _ 5 _ 11 1 9 10 0 4 _ 7 2 
[00302076] 3 | 8 5 _ 11 1 9 10 0 4 _ 7 2 
[00302077] 2 | 8 5 3 11 1 9 10 0 4 _ 7 2 
[00302078] 2 | 8 5 _ 11 1 9 10 0 4 6 7 2 
[00302079] 3 | _ 5 8 11 1 9 10 0 4 _ 7 2 
[00302080] 2 | 3 5 8 11 1 9 10 0 4 _ 7 2 
[00302081] 2 | _ 5 8 11 1 9 10 0 4 6 7 2 
[00302082] 4 | _ 5 _ 11 1 9 10 0 4 8 7 2 
[00302083] 4 | _ 5 _ 11 1 9 10 0 8 4 7 2 
[00302084] 6 | _ _ _ 11 1 9 10 0 6 _ 7 _ 
[00302085] 5 | 3 8 _ 11 1 9 10 0 6 _ 7 _ 
[00302086] 4 | 3 8 4 11 1 9 10 0 6 _ 7 _ 
[00302087] 4 | 3 8 _ 11 1 9 10 0 6 2 7 _ 
[00302088] 3 | 3 8 5 11 1 9 10 0 6 2 7 _ 
[00302089] 3 | 3 8 _ 11 1 9 10 0 6 2 7 4 
[00302090] 5 | 8 3 _ 11 1 9 10 0 6 _ 7 _ 
[00302091] 5 | _ 3 8 11 1 9 10 0 6 _ 7 _ 
[00302092] 5 | _ 8 3 11 1 9 10 0 6 _ 7 _ 
[00302093] 4 | 4 8 3 11 1 9 10 0 6 _ 7 _ 
[00302094] 4 | _ 8 3 11 1 9 10 0 6 2 7 _ 
[00302095] 3 | 5 8 3 11 1 9 10 0 6 2 7 _ 
[00302096] 3 | _ 8 3 11 1 9 10 0 6 2 7 4 
[00302097] 5 | _ 6 _ 11 1 9 10 0 6 _ 7 _ 
[00302098] 4 | 2 6 _ 11 1 9 10 0 6 _ 7 _ 
[00302099] 3 | 2 6 3 11 1 9 10 0 6 _ 7 _ 
[00302100] 2 | 2 6 3 11 1 9 10 0 6 _ 7 5 
[00302101] 3 | 2 6 _ 11 1 9 10 0 6 3 7 _ 
[00302102] 2 | 2 6 _ 11 1 9 10 0 6 3 7 5 
[00302103] 3 | 2 6 _ 11 1 9 10 0 6 _ 7 4 
[00302104] 2 | 2 6 8 11 1 9 10 0 6 _ 7 4 
[00302105] 2 | 2 6 _ 11 1 9 10 0 6 8 7 4 
[00302106] 4 | _ 6 2 11 1 9 10 0 6 _ 7 _ 
[00302107] 3 | 3 6 2 11 1 9 10 0 6 _ 7 _ 
[00302108] 2 | 3 6 2 11 1 9 10 0 6 _ 7 5 
[00302109] 3 | _ 6 2 11 1 9 10 0 6 3 7 _ 
[00302110] 2 | _ 6 2 11 1 9 10 0 6 3 7 5 
[00302111] 3 | _ 6 2 11 1 9 10 0 6 _ 7 4 
[00302112] 2 | 8 6 2 11 1 9 10 0 6 _ 7 4 
[00302113] 2 | _ 6 2 11 1 9 10 0 6 8 7 4 
[00302114] 4 | _ 6 _ 11 1 9 10 0 6 2 7 _ 
[00302115] 3 | _ 6 _ 11 1 9 10 0 6 2 7 4 
[00302116] 4 | _ 6 _ 11 1 9 10 0 6 _ 7 3 
[00302117] 5 | _ _ _ 11 1 9 10 0 6 11 7 _ 
[00302118] 4 | 4 8 _ 11 1 9 10 0 6 11 7 _ 
[00302119] 3 | 4 8 5 11 1 9 10 0 6 11 7 _ 
[00302120] 4 | 8 4 _ 11 1 9 10 0 6 11 7 _ 
[00302121] 4 | _ 4 8 11 1 9 10 0 6 11 7 _ 
[00302122] 4 | _ 8 4 11 1 9 10 0 6 11 7 _ 
[00302123] 3 | 5 8 4 11 1 9 10 0 6 11 7 _ 
[00302124] 4 | _ _ _ 11 1 9 10 0 6 11 7 3 
[00302125] 3 | 2 5 _ 11 1 9 10 0 6 11 7 3 
[00302126] 3 | 5 8 _ 11 1 9 10 0 6 11 7 3 
[00302127] 3 | 5 2 _ 11 1 9 10 0 6 11 7 3 
[00302128] 3 | 8 5 _ 11 1 9 10 0 6 11 7 3 
[00302129] 3 | _ 2 5 11 1 9 10 0 6 11 7 3 
[00302130] 3 | _ 5 8 11 1 9 10 0 6 11 7 3 
[00302131] 3 | _ 5 2 11 1 9 10 0 6 11 7 3 
[00302132] 3 | _ 8 5 11 1 9 10 0 6 11 7 3 
[00302133] 5 | _ _ _ 11 1 9 10 0 6 _ 7 2 
[00302134] 4 | 4 8 _ 11 1 9 10 0 6 _ 7 2 
[00302135] 3 | 4 8 5 11 1 9 10 0 6 _ 7 2 
[00302136] 3 | 4 8 _ 11 1 9 10 0 6 3 7 2 
[00302137] 4 | 8 4 _ 11 1 9 10 0 6 _ 7 2 
[00302138] 4 | _ 4 8 11 1 9 10 0 6 _ 7 2 
[00302139] 4 | _ 8 4 11 1 9 10 0 6 _ 7 2 
[00302140] 3 | 5 8 4 11 1 9 10 0 6 _ 7 2 
[00302141] 3 | _ 8 4 11 1 9 10 0 6 3 7 2 
[00302142] 6 | _ _ _ 11 1 9 10 0 2 8 7 _ 
[00302143] 5 | _ 6 _ 11 1 9 10 0 2 8 7 _ 
[00302144] 4 | _ 6 _ 11 1 9 10 0 2 8 7 3 
[00302145] 6 | _ _ _ 11 1 9 10 0 8 2 7 _ 
[00302146] 5 | _ 6 _ 11 1 9 10 0 8 2 7 _ 
[00302147] 4 | _ 6 _ 11 1 9 10 0 8 2 7 3 
[00302148] 8 | _ _ _ 11 1 _ 10 0 8 _ _ _ 
[00302149] 7 | 2 9 _ 11 1 _ 10 0 8 _ _ _ 
[00302150] 6 | 2 9 3 11 1 _ 10 0 8 _ _ _ 
[00302151] 5 | 2 9 3 11 1 6 10 0 8 _ _ _ 
[00302152] 4 | 2 9 3 11 1 6 10 0 8 4 _ _ 
[00302153] 4 | 2 9 3 11 1 6 10 0 8 _ 4 _ 
[00302154] 3 | 2 9 3 11 1 6 10 0 8 5 4 _ 
[00302155] 3 | 2 9 3 11 1 6 10 0 8 _ 4 7 
[00302156] 5 | 2 9 3 11 1 _ 10 0 8 _ 5 _ 
[00302157] 4 | 2 9 3 11 1 5 10 0 8 _ 5 _ 
[00302158] 4 | 2 9 3 11 1 _ 10 0 8 4 5 _ 
[00302159] 4 | 2 9 3 11 1 _ 10 0 8 _ 5 1 
[00302160] 6 | 2 9 _ 11 1 7 10 0 8 _ _ _ 
[00302161] 5 | 2 9 4 11 1 7 10 0 8 _ _ _ 
[00302162] 5 | 2 9 _ 11 1 7 10 0 8 3 _ _ 
[00302163] 4 | 2 9 5 11 1 7 10 0 8 3 _ _ 
[00302164] 4 | 2 9 _ 11 1 7 10 0 8 3 4 _ 
[00302165] 3 | 2 9 6 11 1 7 10 0 8 3 4 _ 
[00302166] 5 | 2 9 _ 11 1 7 10 0 8 _ 5 _ 
[00302167] 4 | 2 9 5 11 1 7 10 0 8 _ 5 _ 
[00302168] 4 | 2 9 _ 11 1 7 10 0 8 4 5 _ 
[00302169] 3 | 2 9 6 11 1 7 10 0 8 4 5 _ 
[00302170] 2 | 2 9 6 11 1 7 10 0 8 4 5 3 
[00302171] 4 | 2 9 _ 11 1 7 10 0 8 _ 5 9 
[00302172] 6 | 2 9 _ 11 1 _ 10 0 8 _ 6 _ 
[00302173] 5 | 2 9 4 11 1 _ 10 0 8 _ 6 _ 
[00302174] 4 | 2 9 4 11 1 5 10 0 8 _ 6 _ 
[00302175] 3 | 2 9 4 11 1 5 10 0 8 _ 6 3 
[00302176] 5 | 2 9 _ 11 1 6 10 0 8 _ 6 _ 
[00302177] 4 | 2 9 5 11 1 6 10 0 8 _ 6 _ 
[00302178] 4 | 2 9 _ 11 1 6 10 0 8 4 6 _ 
[00302179] 5 | 2 9 _ 11 1 _ 10 0 8 3 6 _ 
[00302180] 4 | 2 9 5 11 1 _ 10 0 8 3 6 _ 
[00302181] 3 | 2 9 5 11 1 4 10 0 8 3 6 _ 
[00302182] 4 | 2 9 _ 11 1 5 10 0 8 3 6 _ 
[00302183] 3 | 2 9 6 11 1 5 10 0 8 3 6 _ 
[00302184] 3 | 2 9 _ 11 1 5 10 0 8 3 6 9 
[00302185] 5 | 2 9 _ 11 1 _ 10 0 8 _ 6 1 
[00302186] 4 | 2 9 5 11 1 _ 10 0 8 _ 6 1 
[00302187] 4 | 2 9 _ 11 1 _ 10 0 8 4 6 1 
[00302188] 7 | 9 2 _ 11 1 _ 10 0 8 _ _ _ 
[00302189] 7 | _ 2 9 11 1 _ 10 0 8 _ _ _ 
[00302190] 7 | _ 9 2 11 1 _ 10 0 8 _ _ _ 
[00302191] 6 | 3 9 2 11 1 _ 10 0 8 _ _ _ 
[00302192] 5 | 3 9 2 11 1 6 10 0 8 _ _ _ 
[00302193] 4 | 3 9 2 11 1 6 10 0 8 4 _ _ 
[00302194] 4 | 3 9 2 11 1 6 10 0 8 _ 4 _ 
[00302195] 3 | 3 9 2 11 1 6 10 0 8 5 4 _ 
[00302196] 3 | 3 9 2 11 1 6 10 0 8 _ 4 7 
[00302197] 5 | 3 9 2 11 1 _ 10 0 8 _ 5 _ 
[00302198] 4 | 3 9 2 11 1 5 10 0 8 _ 5 _ 
[00302199] 4 | 3 9 2 11 1 _ 10 0 8 4 5 _ 
[00302200] 4 | 3 9 2 11 1 _ 10 0 8 _ 5 1 
[00302201] 6 | _ 9 2 11 1 7 10 0 8 _ _ _ 
[00302202] 5 | 4 9 2 11 1 7 10 0 8 _ _ _ 
[00302203] 5 | _ 9 2 11 1 7 10 0 8 3 _ _ 
[00302204] 4 | 5 9 2 11 1 7 10 0 8 3 _ _ 
[00302205] 4 | _ 9 2 11 1 7 10 0 8 3 4 _ 
[00302206] 3 | 6 9 2 11 1 7 10 0 8 3 4 _ 
[00302207] 5 | _ 9 2 11 1 7 10 0 8 _ 5 _ 
[00302208] 4 | 5 9 2 11 1 7 10 0 8 _ 5 _ 
[00302209] 4 | _ 9 2 11 1 7 10 0 8 4 5 _ 
[00302210] 3 | 6 9 2 11 1 7 10 0 8 4 5 _ 
[00302211] 2 | 6 9 2 11 1 7 10 0 8 4 5 3 
[00302212] 4 | _ 9 2 11 1 7 10 0 8 _ 5 9 
[00302213] 6 | _ 9 2 11 1 _ 10 0 8 _ 6 _ 
[00302214] 5 | 4 9 2 11 1 _ 10 0 8 _ 6 _ 
[00302215] 4 | 4 9 2 11 1 5 10 0 8 _ 6 _ 
[00302216] 3 | 4 9 2 11 1 5 10 0 8 _ 6 3 
[00302217] 5 | _ 9 2 11 1 6 10 0 8 _ 6 _ 
[00302218] 4 | 5 9 2 11 1 6 10 0 8 _ 6 _ 
[00302219] 4 | _ 9 2 11 1 6 10 0 8 4 6 _ 
[00302220] 5 | _ 9 2 11 1 _ 10 0 8 3 6 _ 
[00302221] 4 | 5 9 2 11 1 _ 10 0 8 3 6 _ 
[00302222] 3 | 5 9 2 11 1 4 10 0 8 3 6 _ 
[00302223] 4 | _ 9 2 11 1 5 10 0 8 3 6 _ 
[00302224] 3 | 6 9 2 11 1 5 10 0 8 3 6 _ 
[00302225] 3 | _ 9 2 11 1 5 10 0 8 3 6 9 
[00302226] 5 | _ 9 2 11 1 _ 10 0 8 _ 6 1 
[00302227] 4 | 5 9 2 11 1 _ 10 0 8 _ 6 1 
[00302228] 4 | _ 9 2 11 1 _ 10 0 8 4 6 1 
[00302229] 7 | _ 4 _ 11 1 _ 10 0 8 _ _ _ 
[00302230] 6 | _ 4 _ 11 1 7 10 0 8 _ _ _ 
[00302231] 5 | 9 4 _ 11 1 7 10 0 8 _ _ _ 
[00302232] 4 | 9 4 0 11 1 7 10 0 8 _ _ _ 
[00302233] 3 | 9 4 0 11 1 7 10 0 8 5 _ _ 
[00302234] 3 | 9 4 0 11 1 7 10 0 8 _ 2 5 
[00302235] 2 | 9 4 0 11 1 7 10 0 8 6 2 5 
[00302236] 3 | 9 4 0 11 1 7 10 0 8 _ 3 6 
[00302237] 3 | 9 4 0 11 1 7 10 0 8 _ 5 2 
[00302238] 2 | 9 4 0 11 1 7 10 0 8 6 5 2 
[00302239] 3 | 9 4 0 11 1 7 10 0 8 _ 6 3 
[00302240] 4 | 9 4 8 11 1 7 10 0 8 _ _ _ 
[00302241] 3 | 9 4 8 11 1 7 10 0 8 _ 3 _ 
[00302242] 2 | 9 4 8 11 1 7 10 0 8 _ 3 5 
[00302243] 3 | 9 4 8 11 1 7 10 0 8 _ 2 5 
[00302244] 3 | 9 4 8 11 1 7 10 0 8 _ 3 6 
[00302245] 3 | 9 4 8 11 1 7 10 0 8 _ 5 2 
[00302246] 3 | 9 4 8 11 1 7 10 0 8 _ 6 3 
[00302247] 4 | 9 4 _ 11 1 7 10 0 8 4 _ _ 
[00302248] 3 | 9 4 _ 11 1 7 10 0 8 4 3 _ 
[00302249] 2 | 9 4 _ 11 1 7 10 0 8 4 3 5 
[00302250] 3 | 9 4 _ 11 1 7 10 0 8 4 2 5 
[00302251] 3 | 9 4 _ 11 1 7 10 0 8 4 3 6 
[00302252] 3 | 9 4 _ 11 1 7 10 0 8 4 5 2 
[00302253] 3 | 9 4 _ 11 1 7 10 0 8 4 6 3 
[00302254] 4 | 9 4 _ 11 1 7 10 0 8 _ 4 _ 
[00302255] 3 | 9 4 _ 11 1 7 10 0 8 5 4 _ 
[00302256] 2 | 9 4 2 11 1 7 10 0 8 5 4 _ 
[00302257] 2 | 9 4 6 11 1 7 10 0 8 5 4 _ 
[00302258] 2 | 9 4 _ 11 1 7 10 0 8 5 4 2 
[00302259] 2 | 9 4 _ 11 1 7 10 0 8 5 4 6 
[00302260] 4 | 9 4 _ 11 1 7 10 0 8 _ 2 6 
[00302261] 3 | 9 4 _ 11 1 7 10 0 8 5 2 6 
[00302262] 4 | 9 4 _ 11 1 7 10 0 8 _ 6 2 
[00302263] 3 | 9 4 _ 11 1 7 10 0 8 5 6 2 
[00302264] 5 | _ 4 9 11 1 7 10 0 8 _ _ _ 
[00302265] 4 | 0 4 9 11 1 7 10 0 8 _ _ _ 
[00302266] 3 | 0 4 9 11 1 7 10 0 8 5 _ _ 
[00302267] 3 | 0 4 9 11 1 7 10 0 8 _ 2 5 
[00302268] 2 | 0 4 9 11 1 7 10 0 8 6 2 5 
[00302269] 3 | 0 4 9 11 1 7 10 0 8 _ 3 6 
[00302270] 3 | 0 4 9 11 1 7 10 0 8 _ 5 2 
[00302271] 2 | 0 4 9 11 1 7 10 0 8 6 5 2 
[00302272] 3 | 0 4 9 11 1 7 10 0 8 _ 6 3 
[00302273] 4 | 8 4 9 11 1 7 10 0 8 _ _ _ 
[00302274] 3 | 8 4 9 11 1 7 10 0 8 _ 3 _ 
[00302275] 2 | 8 4 9 11 1 7 10 0 8 _ 3 5 
[00302276] 3 | 8 4 9 11 1 7 10 0 8 _ 2 5 
[00302277] 3 | 8 4 9 11 1 7 10 0 8 _ 3 6 
[00302278] 3 | 8 4 9 11 1 7 10 0 8 _ 5 2 
[00302279] 3 | 8 4 9 11 1 7 10 0 8 _ 6 3 
[00302280] 4 | _ 4 9 11 1 7 10 0 8 4 _ _ 
[00302281] 3 | _ 4 9 11 1 7 10 0 8 4 3 _ 
[00302282] 2 | _ 4 9 11 1 7 10 0 8 4 3 5 
[00302283] 3 | _ 4 9 11 1 7 10 0 8 4 2 5 
[00302284] 3 | _ 4 9 11 1 7 10 0 8 4 3 6 
[00302285] 3 | _ 4 9 11 1 7 10 0 8 4 5 2 
[00302286] 3 | _ 4 9 11 1 7 10 0 8 4 6 3 
[00302287] 4 | _ 4 9 11 1 7 10 0 8 _ 4 _ 
[00302288] 3 | _ 4 9 11 1 7 10 0 8 5 4 _ 
[00302289] 2 | 2 4 9 11 1 7 10 0 8 5 4 _ 
[00302290] 2 | 6 4 9 11 1 7 10 0 8 5 4 _ 
[00302291] 2 | _ 4 9 11 1 7 10 0 8 5 4 2 
[00302292] 2 | _ 4 9 11 1 7 10 0 8 5 4 6 
[00302293] 4 | _ 4 9 11 1 7 10 0 8 _ 2 6 
