[00188869] 3 | 4 10 5 1 11 0 3 2 9 _ 6 9 
[00188870] 5 | 4 10 _ 1 11 0 3 2 9 _ 7 _ 
[00188871] 4 | 4 10 6 1 11 0 3 2 9 _ 7 _ 
[00188872] 4 | 4 10 _ 1 11 0 3 2 9 5 7 _ 
[00188873] 3 | 4 10 7 1 11 0 3 2 9 5 7 _ 
[00188874] 3 | 4 10 _ 1 11 0 3 2 9 5 7 10 
[00188875] 6 | _ 10 4 1 11 0 3 2 9 _ _ _ 
[00188876] 5 | 5 10 4 1 11 0 3 2 9 _ _ _ 
[00188877] 4 | 5 10 4 1 11 0 3 2 9 _ 6 _ 
[00188878] 3 | 5 10 4 1 11 0 3 2 9 6 6 _ 
[00188879] 3 | 5 10 4 1 11 0 3 2 9 _ 6 9 
[00188880] 5 | _ 10 4 1 11 0 3 2 9 _ 7 _ 
[00188881] 4 | 6 10 4 1 11 0 3 2 9 _ 7 _ 
[00188882] 4 | _ 10 4 1 11 0 3 2 9 5 7 _ 
[00188883] 3 | 7 10 4 1 11 0 3 2 9 5 7 _ 
[00188884] 3 | _ 10 4 1 11 0 3 2 9 5 7 10 
[00188885] 6 | _ 10 _ 1 11 0 3 2 9 _ 8 _ 
[00188886] 5 | 5 10 _ 1 11 0 3 2 9 _ 8 _ 
[00188887] 4 | 5 10 6 1 11 0 3 2 9 _ 8 _ 
[00188888] 4 | 5 10 _ 1 11 0 3 2 9 _ 8 4 
[00188889] 3 | 5 10 7 1 11 0 3 2 9 _ 8 4 
[00188890] 3 | 5 10 _ 1 11 0 3 2 9 6 8 4 
[00188891] 5 | _ 10 5 1 11 0 3 2 9 _ 8 _ 
[00188892] 4 | 6 10 5 1 11 0 3 2 9 _ 8 _ 
[00188893] 4 | _ 10 5 1 11 0 3 2 9 _ 8 4 
[00188894] 3 | 7 10 5 1 11 0 3 2 9 _ 8 4 
[00188895] 3 | _ 10 5 1 11 0 3 2 9 6 8 4 
[00188896] 5 | _ 10 _ 1 11 0 3 2 9 4 8 _ 
[00188897] 4 | 6 10 _ 1 11 0 3 2 9 4 8 _ 
[00188898] 3 | 6 10 7 1 11 0 3 2 9 4 8 _ 
[00188899] 3 | 6 10 _ 1 11 0 3 2 9 4 8 5 
[00188900] 4 | _ 10 6 1 11 0 3 2 9 4 8 _ 
[00188901] 3 | 7 10 6 1 11 0 3 2 9 4 8 _ 
[00188902] 3 | _ 10 6 1 11 0 3 2 9 4 8 5 
[00188903] 7 | _ 10 _ 1 11 0 3 9 2 _ _ _ 
[00188904] 6 | 4 10 _ 1 11 0 3 9 2 _ _ _ 
[00188905] 5 | 4 10 5 1 11 0 3 9 2 _ _ _ 
[00188906] 4 | 4 10 5 1 11 0 3 9 2 6 _ _ 
[00188907] 5 | 4 10 _ 1 11 0 3 9 2 7 _ _ 
[00188908] 4 | 4 10 6 1 11 0 3 9 2 7 _ _ 
[00188909] 3 | 4 10 6 1 11 0 3 9 2 7 5 8 
[00188910] 3 | 4 10 6 1 11 0 3 9 2 7 8 5 
[00188911] 4 | 4 10 _ 1 11 0 3 9 2 7 5 _ 
[00188912] 3 | 4 10 _ 1 11 0 3 9 2 7 5 8 
[00188913] 6 | _ 10 4 1 11 0 3 9 2 _ _ _ 
[00188914] 5 | 5 10 4 1 11 0 3 9 2 _ _ _ 
[00188915] 4 | 5 10 4 1 11 0 3 9 2 6 _ _ 
[00188916] 5 | _ 10 4 1 11 0 3 9 2 7 _ _ 
[00188917] 4 | 6 10 4 1 11 0 3 9 2 7 _ _ 
[00188918] 3 | 6 10 4 1 11 0 3 9 2 7 5 8 
[00188919] 3 | 6 10 4 1 11 0 3 9 2 7 8 5 
[00188920] 4 | _ 10 4 1 11 0 3 9 2 7 5 _ 
[00188921] 3 | _ 10 4 1 11 0 3 9 2 7 5 8 
[00188922] 6 | _ 10 _ 1 11 0 3 9 2 8 _ _ 
[00188923] 5 | 5 10 _ 1 11 0 3 9 2 8 _ _ 
[00188924] 4 | 5 10 6 1 11 0 3 9 2 8 _ _ 
[00188925] 3 | 5 10 6 1 11 0 3 9 2 8 4 7 
[00188926] 3 | 5 10 6 1 11 0 3 9 2 8 7 4 
[00188927] 5 | _ 10 5 1 11 0 3 9 2 8 _ _ 
[00188928] 4 | 6 10 5 1 11 0 3 9 2 8 _ _ 
[00188929] 3 | 6 10 5 1 11 0 3 9 2 8 4 7 
[00188930] 3 | 6 10 5 1 11 0 3 9 2 8 7 4 
[00188931] 5 | _ 10 _ 1 11 0 3 9 2 8 4 _ 
[00188932] 4 | 6 10 _ 1 11 0 3 9 2 8 4 _ 
[00188933] 3 | 6 10 7 1 11 0 3 9 2 8 4 _ 
[00188934] 3 | 6 10 _ 1 11 0 3 9 2 8 4 7 
[00188935] 4 | _ 10 6 1 11 0 3 9 2 8 4 _ 
[00188936] 3 | 7 10 6 1 11 0 3 9 2 8 4 _ 
[00188937] 3 | _ 10 6 1 11 0 3 9 2 8 4 7 
[00188938] 7 | _ 10 _ 1 11 0 3 _ 2 9 _ _ 
[00188939] 6 | 4 10 _ 1 11 0 3 _ 2 9 _ _ 
[00188940] 5 | 4 10 5 1 11 0 3 _ 2 9 _ _ 
[00188941] 4 | 4 10 5 1 11 0 3 6 2 9 _ _ 
[00188942] 5 | 4 10 _ 1 11 0 3 6 2 9 _ _ 
[00188943] 4 | 4 10 6 1 11 0 3 6 2 9 _ _ 
[00188944] 3 | 4 10 6 1 11 0 3 6 2 9 5 8 
[00188945] 3 | 4 10 6 1 11 0 3 6 2 9 8 5 
[00188946] 4 | 4 10 _ 1 11 0 3 6 2 9 10 _ 
[00188947] 3 | 4 10 7 1 11 0 3 6 2 9 10 _ 
[00188948] 3 | 4 10 _ 1 11 0 3 6 2 9 10 7 
[00188949] 5 | 4 10 _ 1 11 0 3 7 2 9 _ _ 
[00188950] 4 | 4 10 6 1 11 0 3 7 2 9 _ _ 
[00188951] 3 | 4 10 6 1 11 0 3 7 2 9 5 8 
[00188952] 3 | 4 10 6 1 11 0 3 7 2 9 8 5 
[00188953] 6 | _ 10 4 1 11 0 3 _ 2 9 _ _ 
[00188954] 5 | 5 10 4 1 11 0 3 _ 2 9 _ _ 
[00188955] 4 | 5 10 4 1 11 0 3 6 2 9 _ _ 
[00188956] 5 | _ 10 4 1 11 0 3 6 2 9 _ _ 
[00188957] 4 | 6 10 4 1 11 0 3 6 2 9 _ _ 
[00188958] 3 | 6 10 4 1 11 0 3 6 2 9 5 8 
[00188959] 3 | 6 10 4 1 11 0 3 6 2 9 8 5 
[00188960] 4 | _ 10 4 1 11 0 3 6 2 9 10 _ 
[00188961] 3 | 7 10 4 1 11 0 3 6 2 9 10 _ 
[00188962] 3 | _ 10 4 1 11 0 3 6 2 9 10 7 
[00188963] 5 | _ 10 4 1 11 0 3 7 2 9 _ _ 
[00188964] 4 | 6 10 4 1 11 0 3 7 2 9 _ _ 
[00188965] 3 | 6 10 4 1 11 0 3 7 2 9 5 8 
[00188966] 3 | 6 10 4 1 11 0 3 7 2 9 8 5 
[00188967] 6 | _ 10 _ 1 11 0 3 7 2 9 _ _ 
[00188968] 5 | 5 10 _ 1 11 0 3 7 2 9 _ _ 
[00188969] 4 | 5 10 6 1 11 0 3 7 2 9 _ _ 
[00188970] 3 | 5 10 6 1 11 0 3 7 2 9 4 _ 
[00188971] 4 | 5 10 _ 1 11 0 3 7 2 9 4 8 
[00188972] 4 | 5 10 _ 1 11 0 3 7 2 9 8 4 
[00188973] 5 | _ 10 5 1 11 0 3 7 2 9 _ _ 
[00188974] 4 | 6 10 5 1 11 0 3 7 2 9 _ _ 
[00188975] 3 | 6 10 5 1 11 0 3 7 2 9 4 _ 
[00188976] 4 | _ 10 5 1 11 0 3 7 2 9 4 8 
[00188977] 4 | _ 10 5 1 11 0 3 7 2 9 8 4 
[00188978] 6 | _ 10 _ 1 11 0 3 8 2 9 _ _ 
[00188979] 5 | 5 10 _ 1 11 0 3 8 2 9 _ _ 
[00188980] 4 | 5 10 6 1 11 0 3 8 2 9 _ _ 
[00188981] 3 | 5 10 6 1 11 0 3 8 2 9 4 7 
[00188982] 3 | 5 10 6 1 11 0 3 8 2 9 7 4 
[00188983] 4 | 5 10 _ 1 11 0 3 8 2 9 4 _ 
[00188984] 3 | 5 10 7 1 11 0 3 8 2 9 4 _ 
[00188985] 2 | 5 10 7 1 11 0 3 8 2 9 4 6 
[00188986] 3 | 5 10 _ 1 11 0 3 8 2 9 4 7 
[00188987] 5 | _ 10 5 1 11 0 3 8 2 9 _ _ 
[00188988] 4 | 6 10 5 1 11 0 3 8 2 9 _ _ 
[00188989] 3 | 6 10 5 1 11 0 3 8 2 9 4 7 
[00188990] 3 | 6 10 5 1 11 0 3 8 2 9 7 4 
[00188991] 4 | _ 10 5 1 11 0 3 8 2 9 4 _ 
[00188992] 3 | 7 10 5 1 11 0 3 8 2 9 4 _ 
[00188993] 2 | 7 10 5 1 11 0 3 8 2 9 4 6 
[00188994] 3 | _ 10 5 1 11 0 3 8 2 9 4 7 
[00188995] 7 | _ 10 _ 1 11 0 3 _ 9 2 _ _ 
[00188996] 6 | 4 10 _ 1 11 0 3 _ 9 2 _ _ 
[00188997] 5 | 4 10 5 1 11 0 3 _ 9 2 _ _ 
[00188998] 5 | 4 10 _ 1 11 0 3 6 9 2 _ _ 
[00188999] 4 | 4 10 6 1 11 0 3 6 9 2 _ _ 
[00189000] 3 | 4 10 6 1 11 0 3 6 9 2 5 8 
[00189001] 3 | 4 10 6 1 11 0 3 6 9 2 8 5 
[00189002] 4 | 4 10 _ 1 11 0 3 6 9 2 10 _ 
[00189003] 3 | 4 10 7 1 11 0 3 6 9 2 10 _ 
[00189004] 3 | 4 10 _ 1 11 0 3 6 9 2 10 7 
[00189005] 6 | _ 10 4 1 11 0 3 _ 9 2 _ _ 
[00189006] 5 | 5 10 4 1 11 0 3 _ 9 2 _ _ 
[00189007] 5 | _ 10 4 1 11 0 3 6 9 2 _ _ 
[00189008] 4 | 6 10 4 1 11 0 3 6 9 2 _ _ 
[00189009] 3 | 6 10 4 1 11 0 3 6 9 2 5 8 
[00189010] 3 | 6 10 4 1 11 0 3 6 9 2 8 5 
[00189011] 4 | _ 10 4 1 11 0 3 6 9 2 10 _ 
[00189012] 3 | 7 10 4 1 11 0 3 6 9 2 10 _ 
[00189013] 3 | _ 10 4 1 11 0 3 6 9 2 10 7 
[00189014] 6 | _ 10 _ 1 11 0 3 7 9 2 _ _ 
[00189015] 5 | 5 10 _ 1 11 0 3 7 9 2 _ _ 
[00189016] 4 | 5 10 6 1 11 0 3 7 9 2 _ _ 
[00189017] 3 | 5 10 6 1 11 0 3 7 9 2 4 _ 
[00189018] 4 | 5 10 _ 1 11 0 3 7 9 2 4 8 
[00189019] 4 | 5 10 _ 1 11 0 3 7 9 2 8 4 
[00189020] 5 | _ 10 5 1 11 0 3 7 9 2 _ _ 
[00189021] 4 | 6 10 5 1 11 0 3 7 9 2 _ _ 
[00189022] 3 | 6 10 5 1 11 0 3 7 9 2 4 _ 
[00189023] 4 | _ 10 5 1 11 0 3 7 9 2 4 8 
[00189024] 4 | _ 10 5 1 11 0 3 7 9 2 8 4 
[00189025] 7 | _ 10 _ 1 11 0 3 2 _ _ 9 _ 
[00189026] 6 | 4 10 _ 1 11 0 3 2 _ _ 9 _ 
[00189027] 5 | 4 10 5 1 11 0 3 2 _ _ 9 _ 
[00189028] 4 | 4 10 5 1 11 0 3 2 6 _ 9 _ 
[00189029] 3 | 4 10 5 1 11 0 3 2 6 9 9 _ 
[00189030] 3 | 4 10 5 1 11 0 3 2 6 _ 9 6 
[00189031] 5 | 4 10 _ 1 11 0 3 2 7 _ 9 _ 
[00189032] 4 | 4 10 6 1 11 0 3 2 7 _ 9 _ 
[00189033] 4 | 4 10 _ 1 11 0 3 2 7 _ 9 5 
[00189034] 3 | 4 10 7 1 11 0 3 2 7 _ 9 5 
[00189035] 3 | 4 10 _ 1 11 0 3 2 7 10 9 5 
[00189036] 6 | _ 10 4 1 11 0 3 2 _ _ 9 _ 
[00189037] 5 | 5 10 4 1 11 0 3 2 _ _ 9 _ 
[00189038] 4 | 5 10 4 1 11 0 3 2 6 _ 9 _ 
[00189039] 3 | 5 10 4 1 11 0 3 2 6 9 9 _ 
[00189040] 3 | 5 10 4 1 11 0 3 2 6 _ 9 6 
[00189041] 5 | _ 10 4 1 11 0 3 2 7 _ 9 _ 
[00189042] 4 | 6 10 4 1 11 0 3 2 7 _ 9 _ 
[00189043] 4 | _ 10 4 1 11 0 3 2 7 _ 9 5 
[00189044] 3 | 7 10 4 1 11 0 3 2 7 _ 9 5 
[00189045] 3 | _ 10 4 1 11 0 3 2 7 10 9 5 
[00189046] 6 | _ 10 _ 1 11 0 3 2 8 _ 9 _ 
[00189047] 5 | 5 10 _ 1 11 0 3 2 8 _ 9 _ 
[00189048] 4 | 5 10 6 1 11 0 3 2 8 _ 9 _ 
[00189049] 4 | 5 10 _ 1 11 0 3 2 8 4 9 _ 
[00189050] 3 | 5 10 7 1 11 0 3 2 8 4 9 _ 
[00189051] 3 | 5 10 _ 1 11 0 3 2 8 4 9 6 
[00189052] 5 | _ 10 5 1 11 0 3 2 8 _ 9 _ 
[00189053] 4 | 6 10 5 1 11 0 3 2 8 _ 9 _ 
[00189054] 4 | _ 10 5 1 11 0 3 2 8 4 9 _ 
[00189055] 3 | 7 10 5 1 11 0 3 2 8 4 9 _ 
[00189056] 3 | _ 10 5 1 11 0 3 2 8 4 9 6 
[00189057] 5 | _ 10 _ 1 11 0 3 2 8 _ 9 4 
[00189058] 4 | 6 10 _ 1 11 0 3 2 8 _ 9 4 
[00189059] 3 | 6 10 7 1 11 0 3 2 8 _ 9 4 
[00189060] 3 | 6 10 _ 1 11 0 3 2 8 5 9 4 
[00189061] 4 | _ 10 6 1 11 0 3 2 8 _ 9 4 
[00189062] 3 | 7 10 6 1 11 0 3 2 8 _ 9 4 
[00189063] 3 | _ 10 6 1 11 0 3 2 8 5 9 4 
[00189064] 7 | _ 10 _ 1 11 0 3 9 _ _ 2 _ 
[00189065] 6 | 4 10 _ 1 11 0 3 9 _ _ 2 _ 
[00189066] 5 | 4 10 5 1 11 0 3 9 _ _ 2 _ 
[00189067] 4 | 4 10 5 1 11 0 3 9 _ _ 2 6 
[00189068] 5 | 4 10 _ 1 11 0 3 9 _ _ 2 7 
[00189069] 4 | 4 10 6 1 11 0 3 9 _ _ 2 7 
[00189070] 3 | 4 10 6 1 11 0 3 9 5 8 2 7 
[00189071] 3 | 4 10 6 1 11 0 3 9 8 5 2 7 
[00189072] 4 | 4 10 _ 1 11 0 3 9 5 _ 2 7 
[00189073] 3 | 4 10 _ 1 11 0 3 9 5 8 2 7 
[00189074] 6 | _ 10 4 1 11 0 3 9 _ _ 2 _ 
[00189075] 5 | 5 10 4 1 11 0 3 9 _ _ 2 _ 
[00189076] 4 | 5 10 4 1 11 0 3 9 _ _ 2 6 
[00189077] 5 | _ 10 4 1 11 0 3 9 _ _ 2 7 
[00189078] 4 | 6 10 4 1 11 0 3 9 _ _ 2 7 
[00189079] 3 | 6 10 4 1 11 0 3 9 5 8 2 7 
[00189080] 3 | 6 10 4 1 11 0 3 9 8 5 2 7 
[00189081] 4 | _ 10 4 1 11 0 3 9 5 _ 2 7 
[00189082] 3 | _ 10 4 1 11 0 3 9 5 8 2 7 
[00189083] 6 | _ 10 _ 1 11 0 3 9 _ _ 2 8 
[00189084] 5 | 5 10 _ 1 11 0 3 9 _ _ 2 8 
[00189085] 4 | 5 10 6 1 11 0 3 9 _ _ 2 8 
[00189086] 3 | 5 10 6 1 11 0 3 9 4 7 2 8 
[00189087] 3 | 5 10 6 1 11 0 3 9 7 4 2 8 
[00189088] 5 | _ 10 5 1 11 0 3 9 _ _ 2 8 
[00189089] 4 | 6 10 5 1 11 0 3 9 _ _ 2 8 
[00189090] 3 | 6 10 5 1 11 0 3 9 4 7 2 8 
[00189091] 3 | 6 10 5 1 11 0 3 9 7 4 2 8 
[00189092] 5 | _ 10 _ 1 11 0 3 9 4 _ 2 8 
[00189093] 4 | 6 10 _ 1 11 0 3 9 4 _ 2 8 
[00189094] 3 | 6 10 7 1 11 0 3 9 4 _ 2 8 
[00189095] 3 | 6 10 _ 1 11 0 3 9 4 7 2 8 
[00189096] 4 | _ 10 6 1 11 0 3 9 4 _ 2 8 
[00189097] 3 | 7 10 6 1 11 0 3 9 4 _ 2 8 
[00189098] 3 | _ 10 6 1 11 0 3 9 4 7 2 8 
[00189099] 7 | _ 10 _ 1 11 0 3 _ _ _ 2 9 
[00189100] 6 | 4 10 _ 1 11 0 3 _ _ _ 2 9 
[00189101] 5 | 4 10 5 1 11 0 3 _ _ _ 2 9 
[00189102] 4 | 4 10 5 1 11 0 3 6 _ _ 2 9 
[00189103] 5 | 4 10 _ 1 11 0 3 6 _ _ 2 9 
[00189104] 4 | 4 10 6 1 11 0 3 6 _ _ 2 9 
[00189105] 3 | 4 10 6 1 11 0 3 6 5 8 2 9 
[00189106] 3 | 4 10 6 1 11 0 3 6 8 5 2 9 
[00189107] 4 | 4 10 _ 1 11 0 3 6 10 _ 2 9 
[00189108] 3 | 4 10 7 1 11 0 3 6 10 _ 2 9 
[00189109] 3 | 4 10 _ 1 11 0 3 6 10 7 2 9 
[00189110] 5 | 4 10 _ 1 11 0 3 7 _ _ 2 9 
[00189111] 4 | 4 10 6 1 11 0 3 7 _ _ 2 9 
[00189112] 3 | 4 10 6 1 11 0 3 7 5 8 2 9 
[00189113] 3 | 4 10 6 1 11 0 3 7 8 5 2 9 
[00189114] 6 | _ 10 4 1 11 0 3 _ _ _ 2 9 
[00189115] 5 | 5 10 4 1 11 0 3 _ _ _ 2 9 
[00189116] 4 | 5 10 4 1 11 0 3 6 _ _ 2 9 
[00189117] 5 | _ 10 4 1 11 0 3 6 _ _ 2 9 
[00189118] 4 | 6 10 4 1 11 0 3 6 _ _ 2 9 
[00189119] 3 | 6 10 4 1 11 0 3 6 5 8 2 9 
[00189120] 3 | 6 10 4 1 11 0 3 6 8 5 2 9 
[00189121] 4 | _ 10 4 1 11 0 3 6 10 _ 2 9 
[00189122] 3 | 7 10 4 1 11 0 3 6 10 _ 2 9 
[00189123] 3 | _ 10 4 1 11 0 3 6 10 7 2 9 
[00189124] 5 | _ 10 4 1 11 0 3 7 _ _ 2 9 
[00189125] 4 | 6 10 4 1 11 0 3 7 _ _ 2 9 
[00189126] 3 | 6 10 4 1 11 0 3 7 5 8 2 9 
[00189127] 3 | 6 10 4 1 11 0 3 7 8 5 2 9 
[00189128] 6 | _ 10 _ 1 11 0 3 7 _ _ 2 9 
[00189129] 5 | 5 10 _ 1 11 0 3 7 _ _ 2 9 
[00189130] 4 | 5 10 6 1 11 0 3 7 _ _ 2 9 
[00189131] 3 | 5 10 6 1 11 0 3 7 4 _ 2 9 
[00189132] 4 | 5 10 _ 1 11 0 3 7 4 8 2 9 
[00189133] 4 | 5 10 _ 1 11 0 3 7 8 4 2 9 
[00189134] 5 | _ 10 5 1 11 0 3 7 _ _ 2 9 
[00189135] 4 | 6 10 5 1 11 0 3 7 _ _ 2 9 
[00189136] 3 | 6 10 5 1 11 0 3 7 4 _ 2 9 
[00189137] 4 | _ 10 5 1 11 0 3 7 4 8 2 9 
[00189138] 4 | _ 10 5 1 11 0 3 7 8 4 2 9 
[00189139] 6 | _ 10 _ 1 11 0 3 8 _ _ 2 9 
[00189140] 5 | 5 10 _ 1 11 0 3 8 _ _ 2 9 
[00189141] 4 | 5 10 6 1 11 0 3 8 _ _ 2 9 
[00189142] 3 | 5 10 6 1 11 0 3 8 4 7 2 9 
[00189143] 3 | 5 10 6 1 11 0 3 8 7 4 2 9 
[00189144] 4 | 5 10 _ 1 11 0 3 8 4 _ 2 9 
[00189145] 3 | 5 10 7 1 11 0 3 8 4 _ 2 9 
[00189146] 2 | 5 10 7 1 11 0 3 8 4 6 2 9 
[00189147] 3 | 5 10 _ 1 11 0 3 8 4 7 2 9 
[00189148] 5 | _ 10 5 1 11 0 3 8 _ _ 2 9 
[00189149] 4 | 6 10 5 1 11 0 3 8 _ _ 2 9 
[00189150] 3 | 6 10 5 1 11 0 3 8 4 7 2 9 
[00189151] 3 | 6 10 5 1 11 0 3 8 7 4 2 9 
[00189152] 4 | _ 10 5 1 11 0 3 8 4 _ 2 9 
[00189153] 3 | 7 10 5 1 11 0 3 8 4 _ 2 9 
[00189154] 2 | 7 10 5 1 11 0 3 8 4 6 2 9 
[00189155] 3 | _ 10 5 1 11 0 3 8 4 7 2 9 
[00189156] 7 | _ 10 _ 1 11 0 3 _ _ _ 9 2 
[00189157] 6 | 4 10 _ 1 11 0 3 _ _ _ 9 2 
[00189158] 5 | 4 10 5 1 11 0 3 _ _ _ 9 2 
[00189159] 5 | 4 10 _ 1 11 0 3 6 _ _ 9 2 
[00189160] 4 | 4 10 6 1 11 0 3 6 _ _ 9 2 
[00189161] 3 | 4 10 6 1 11 0 3 6 5 8 9 2 
[00189162] 3 | 4 10 6 1 11 0 3 6 8 5 9 2 
[00189163] 4 | 4 10 _ 1 11 0 3 6 10 _ 9 2 
[00189164] 3 | 4 10 7 1 11 0 3 6 10 _ 9 2 
[00189165] 3 | 4 10 _ 1 11 0 3 6 10 7 9 2 
[00189166] 6 | _ 10 4 1 11 0 3 _ _ _ 9 2 
[00189167] 5 | 5 10 4 1 11 0 3 _ _ _ 9 2 
[00189168] 5 | _ 10 4 1 11 0 3 6 _ _ 9 2 
[00189169] 4 | 6 10 4 1 11 0 3 6 _ _ 9 2 
[00189170] 3 | 6 10 4 1 11 0 3 6 5 8 9 2 
[00189171] 3 | 6 10 4 1 11 0 3 6 8 5 9 2 
[00189172] 4 | _ 10 4 1 11 0 3 6 10 _ 9 2 
[00189173] 3 | 7 10 4 1 11 0 3 6 10 _ 9 2 
[00189174] 3 | _ 10 4 1 11 0 3 6 10 7 9 2 
[00189175] 6 | _ 10 _ 1 11 0 3 7 _ _ 9 2 
[00189176] 5 | 5 10 _ 1 11 0 3 7 _ _ 9 2 
[00189177] 4 | 5 10 6 1 11 0 3 7 _ _ 9 2 
[00189178] 3 | 5 10 6 1 11 0 3 7 4 _ 9 2 
[00189179] 4 | 5 10 _ 1 11 0 3 7 4 8 9 2 
[00189180] 4 | 5 10 _ 1 11 0 3 7 8 4 9 2 
[00189181] 5 | _ 10 5 1 11 0 3 7 _ _ 9 2 
[00189182] 4 | 6 10 5 1 11 0 3 7 _ _ 9 2 
[00189183] 3 | 6 10 5 1 11 0 3 7 4 _ 9 2 
[00189184] 4 | _ 10 5 1 11 0 3 7 4 8 9 2 
[00189185] 4 | _ 10 5 1 11 0 3 7 8 4 9 2 
[00189186] 8 | _ 10 _ 1 11 0 _ 9 _ _ _ _ 
[00189187] 7 | 3 10 _ 1 11 0 _ 9 _ _ _ _ 
[00189188] 6 | 3 10 4 1 11 0 _ 9 _ _ _ _ 
[00189189] 5 | 3 10 4 1 11 0 6 9 _ _ _ _ 
[00189190] 4 | 3 10 4 1 11 0 6 9 5 _ _ _ 
[00189191] 3 | 3 10 4 1 11 0 6 9 5 2 _ _ 
[00189192] 2 | 3 10 4 1 11 0 6 9 5 2 7 _ 
[00189193] 1 | 3 10 4 1 11 0 6 9 5 2 7 8  *Graceful*
[00189193] 3 | 3 10 4 1 11 0 6 9 5 8 _ _ 
[00189194] 2 | 3 10 4 1 11 0 6 9 5 8 7 _ 
[00189195] 4 | 3 10 4 1 11 0 6 9 _ _ 5 _ 
[00189196] 3 | 3 10 4 1 11 0 6 9 _ _ 5 2 
[00189197] 2 | 3 10 4 1 11 0 6 9 7 _ 5 2 
[00189198] 1 | 3 10 4 1 11 0 6 9 7 8 5 2  *Graceful*
[00189198] 3 | 3 10 4 1 11 0 6 9 _ _ 5 8 
[00189199] 2 | 3 10 4 1 11 0 6 9 7 _ 5 8 
[00189200] 5 | 3 10 4 1 11 0 _ 9 2 7 _ _ 
[00189201] 4 | 3 10 4 1 11 0 _ 9 2 7 5 _ 
[00189202] 3 | 3 10 4 1 11 0 8 9 2 7 5 _ 
[00189203] 3 | 3 10 4 1 11 0 _ 9 2 7 5 8 
[00189204] 5 | 3 10 4 1 11 0 _ 9 7 2 _ _ 
[00189205] 4 | 3 10 4 1 11 0 _ 9 7 2 5 _ 
[00189206] 3 | 3 10 4 1 11 0 8 9 7 2 5 _ 
[00189207] 3 | 3 10 4 1 11 0 _ 9 7 2 5 8 
[00189208] 5 | 3 10 4 1 11 0 _ 9 _ _ 2 7 
[00189209] 4 | 3 10 4 1 11 0 _ 9 5 _ 2 7 
[00189210] 3 | 3 10 4 1 11 0 8 9 5 _ 2 7 
[00189211] 3 | 3 10 4 1 11 0 _ 9 5 8 2 7 
[00189212] 5 | 3 10 4 1 11 0 _ 9 _ _ 7 2 
[00189213] 4 | 3 10 4 1 11 0 _ 9 5 _ 7 2 
[00189214] 3 | 3 10 4 1 11 0 8 9 5 _ 7 2 
[00189215] 3 | 3 10 4 1 11 0 _ 9 5 8 7 2 
[00189216] 6 | 3 10 _ 1 11 0 5 9 _ _ _ _ 
[00189217] 5 | 3 10 _ 1 11 0 5 9 4 _ _ _ 
[00189218] 4 | 3 10 6 1 11 0 5 9 4 _ _ _ 
[00189219] 3 | 3 10 6 1 11 0 5 9 4 7 _ _ 
[00189220] 4 | 3 10 _ 1 11 0 5 9 4 8 _ _ 
[00189221] 3 | 3 10 7 1 11 0 5 9 4 8 _ _ 
[00189222] 3 | 3 10 _ 1 11 0 5 9 4 8 6 _ 
[00189223] 4 | 3 10 _ 1 11 0 5 9 4 _ 2 6 
[00189224] 3 | 3 10 7 1 11 0 5 9 4 _ 2 6 
[00189225] 3 | 3 10 _ 1 11 0 5 9 4 7 2 6 
[00189226] 2 | 3 10 8 1 11 0 5 9 4 7 2 6 
[00189227] 4 | 3 10 _ 1 11 0 5 9 4 _ 6 2 
[00189228] 3 | 3 10 7 1 11 0 5 9 4 _ 6 2 
[00189229] 3 | 3 10 _ 1 11 0 5 9 4 7 6 2 
[00189230] 2 | 3 10 8 1 11 0 5 9 4 7 6 2 
[00189231] 5 | 3 10 _ 1 11 0 5 9 2 7 _ _ 
[00189232] 4 | 3 10 6 1 11 0 5 9 2 7 _ _ 
[00189233] 4 | 3 10 _ 1 11 0 5 9 2 7 4 8 
[00189234] 4 | 3 10 _ 1 11 0 5 9 2 7 8 4 
[00189235] 5 | 3 10 _ 1 11 0 5 9 7 2 _ _ 
[00189236] 4 | 3 10 6 1 11 0 5 9 7 2 _ _ 
[00189237] 4 | 3 10 _ 1 11 0 5 9 7 2 4 8 
[00189238] 4 | 3 10 _ 1 11 0 5 9 7 2 8 4 
[00189239] 5 | 3 10 _ 1 11 0 5 9 _ _ 4 _ 
[00189240] 4 | 3 10 6 1 11 0 5 9 _ _ 4 _ 
[00189241] 3 | 3 10 6 1 11 0 5 9 _ _ 4 7 
[00189242] 4 | 3 10 _ 1 11 0 5 9 2 6 4 _ 
[00189243] 3 | 3 10 7 1 11 0 5 9 2 6 4 _ 
[00189244] 3 | 3 10 _ 1 11 0 5 9 2 6 4 7 
[00189245] 2 | 3 10 8 1 11 0 5 9 2 6 4 7 
[00189246] 4 | 3 10 _ 1 11 0 5 9 6 2 4 _ 
[00189247] 3 | 3 10 7 1 11 0 5 9 6 2 4 _ 
[00189248] 3 | 3 10 _ 1 11 0 5 9 6 2 4 7 
[00189249] 2 | 3 10 8 1 11 0 5 9 6 2 4 7 
[00189250] 4 | 3 10 _ 1 11 0 5 9 _ _ 4 8 
[00189251] 3 | 3 10 7 1 11 0 5 9 _ _ 4 8 
[00189252] 3 | 3 10 _ 1 11 0 5 9 6 _ 4 8 
[00189253] 5 | 3 10 _ 1 11 0 5 9 _ _ 2 7 
[00189254] 4 | 3 10 6 1 11 0 5 9 _ _ 2 7 
[00189255] 4 | 3 10 _ 1 11 0 5 9 4 8 2 7 
[00189256] 4 | 3 10 _ 1 11 0 5 9 8 4 2 7 
[00189257] 5 | 3 10 _ 1 11 0 5 9 _ _ 7 2 
[00189258] 4 | 3 10 6 1 11 0 5 9 _ _ 7 2 
[00189259] 4 | 3 10 _ 1 11 0 5 9 4 8 7 2 
[00189260] 4 | 3 10 _ 1 11 0 5 9 8 4 7 2 
[00189261] 6 | 3 10 _ 1 11 0 _ 9 2 8 _ _ 
[00189262] 5 | 3 10 5 1 11 0 _ 9 2 8 _ _ 
[00189263] 4 | 3 10 5 1 11 0 7 9 2 8 _ _ 
[00189264] 3 | 3 10 5 1 11 0 7 9 2 8 6 _ 
[00189265] 2 | 3 10 5 1 11 0 7 9 2 8 6 4 
[00189266] 5 | 3 10 _ 1 11 0 6 9 2 8 _ _ 
[00189267] 4 | 3 10 _ 1 11 0 6 9 2 8 5 _ 
[00189268] 3 | 3 10 7 1 11 0 6 9 2 8 5 _ 
[00189269] 5 | 3 10 _ 1 11 0 _ 9 2 8 4 _ 
[00189270] 4 | 3 10 6 1 11 0 _ 9 2 8 4 _ 
[00189271] 3 | 3 10 6 1 11 0 _ 9 2 8 4 7 
[00189272] 4 | 3 10 _ 1 11 0 7 9 2 8 4 _ 
[00189273] 6 | 3 10 _ 1 11 0 _ 9 8 2 _ _ 
[00189274] 5 | 3 10 5 1 11 0 _ 9 8 2 _ _ 
[00189275] 4 | 3 10 5 1 11 0 7 9 8 2 _ _ 
[00189276] 3 | 3 10 5 1 11 0 7 9 8 2 6 _ 
[00189277] 2 | 3 10 5 1 11 0 7 9 8 2 6 4 
[00189278] 1 | 3 10 5 1 11 0 7 9 8 2 6 4  *Graceful*
[00189278] 5 | 3 10 _ 1 11 0 6 9 8 2 _ _ 
[00189279] 4 | 3 10 _ 1 11 0 6 9 8 2 5 _ 
[00189280] 3 | 3 10 7 1 11 0 6 9 8 2 5 _ 
[00189281] 5 | 3 10 _ 1 11 0 _ 9 8 2 4 _ 
[00189282] 4 | 3 10 6 1 11 0 _ 9 8 2 4 _ 
[00189283] 3 | 3 10 6 1 11 0 _ 9 8 2 4 7 
[00189284] 4 | 3 10 _ 1 11 0 7 9 8 2 4 _ 
[00189285] 6 | 3 10 _ 1 11 0 _ 9 _ _ 2 8 
[00189286] 5 | 3 10 5 1 11 0 _ 9 _ _ 2 8 
[00189287] 4 | 3 10 5 1 11 0 7 9 _ _ 2 8 
[00189288] 3 | 3 10 5 1 11 0 7 9 6 _ 2 8 
[00189289] 2 | 3 10 5 1 11 0 7 9 6 4 2 8 
[00189290] 5 | 3 10 _ 1 11 0 6 9 _ _ 2 8 
[00189291] 4 | 3 10 _ 1 11 0 6 9 5 _ 2 8 
[00189292] 3 | 3 10 7 1 11 0 6 9 5 _ 2 8 
[00189293] 5 | 3 10 _ 1 11 0 _ 9 4 _ 2 8 
[00189294] 4 | 3 10 6 1 11 0 _ 9 4 _ 2 8 
[00189295] 3 | 3 10 6 1 11 0 _ 9 4 7 2 8 
[00189296] 4 | 3 10 _ 1 11 0 7 9 4 _ 2 8 
[00189297] 6 | 3 10 _ 1 11 0 _ 9 _ _ 8 2 
[00189298] 5 | 3 10 5 1 11 0 _ 9 _ _ 8 2 
[00189299] 4 | 3 10 5 1 11 0 7 9 _ _ 8 2 
[00189300] 3 | 3 10 5 1 11 0 7 9 6 _ 8 2 
[00189301] 2 | 3 10 5 1 11 0 7 9 6 4 8 2 
[00189302] 1 | 3 10 5 1 11 0 7 9 6 4 8 2  *Graceful*
[00189302] 5 | 3 10 _ 1 11 0 6 9 _ _ 8 2 
[00189303] 4 | 3 10 _ 1 11 0 6 9 5 _ 8 2 
[00189304] 3 | 3 10 7 1 11 0 6 9 5 _ 8 2 
[00189305] 5 | 3 10 _ 1 11 0 _ 9 4 _ 8 2 
[00189306] 4 | 3 10 6 1 11 0 _ 9 4 _ 8 2 
[00189307] 3 | 3 10 6 1 11 0 _ 9 4 7 8 2 
[00189308] 4 | 3 10 _ 1 11 0 7 9 4 _ 8 2 
[00189309] 7 | _ 10 3 1 11 0 _ 9 _ _ _ _ 
[00189310] 6 | 4 10 3 1 11 0 _ 9 _ _ _ _ 
[00189311] 5 | 4 10 3 1 11 0 6 9 _ _ _ _ 
[00189312] 4 | 4 10 3 1 11 0 6 9 5 _ _ _ 
[00189313] 3 | 4 10 3 1 11 0 6 9 5 2 _ _ 
[00189314] 2 | 4 10 3 1 11 0 6 9 5 2 7 _ 
[00189315] 1 | 4 10 3 1 11 0 6 9 5 2 7 8  *Graceful*
[00189315] 3 | 4 10 3 1 11 0 6 9 5 8 _ _ 
[00189316] 2 | 4 10 3 1 11 0 6 9 5 8 7 _ 
[00189317] 4 | 4 10 3 1 11 0 6 9 _ _ 5 _ 
[00189318] 3 | 4 10 3 1 11 0 6 9 _ _ 5 2 
[00189319] 2 | 4 10 3 1 11 0 6 9 7 _ 5 2 
[00189320] 1 | 4 10 3 1 11 0 6 9 7 8 5 2  *Graceful*
[00189320] 3 | 4 10 3 1 11 0 6 9 _ _ 5 8 
[00189321] 2 | 4 10 3 1 11 0 6 9 7 _ 5 8 
[00189322] 5 | 4 10 3 1 11 0 _ 9 2 7 _ _ 
[00189323] 4 | 4 10 3 1 11 0 _ 9 2 7 5 _ 
[00189324] 3 | 4 10 3 1 11 0 8 9 2 7 5 _ 
[00189325] 3 | 4 10 3 1 11 0 _ 9 2 7 5 8 
[00189326] 5 | 4 10 3 1 11 0 _ 9 7 2 _ _ 
[00189327] 4 | 4 10 3 1 11 0 _ 9 7 2 5 _ 
[00189328] 3 | 4 10 3 1 11 0 8 9 7 2 5 _ 
[00189329] 3 | 4 10 3 1 11 0 _ 9 7 2 5 8 
[00189330] 5 | 4 10 3 1 11 0 _ 9 _ _ 2 7 
[00189331] 4 | 4 10 3 1 11 0 _ 9 5 _ 2 7 
[00189332] 3 | 4 10 3 1 11 0 8 9 5 _ 2 7 
[00189333] 3 | 4 10 3 1 11 0 _ 9 5 8 2 7 
[00189334] 5 | 4 10 3 1 11 0 _ 9 _ _ 7 2 
[00189335] 4 | 4 10 3 1 11 0 _ 9 5 _ 7 2 
[00189336] 3 | 4 10 3 1 11 0 8 9 5 _ 7 2 
[00189337] 3 | 4 10 3 1 11 0 _ 9 5 8 7 2 
[00189338] 6 | _ 10 3 1 11 0 5 9 _ _ _ _ 
[00189339] 5 | _ 10 3 1 11 0 5 9 4 _ _ _ 
[00189340] 4 | 6 10 3 1 11 0 5 9 4 _ _ _ 
[00189341] 3 | 6 10 3 1 11 0 5 9 4 7 _ _ 
[00189342] 4 | _ 10 3 1 11 0 5 9 4 8 _ _ 
[00189343] 3 | 7 10 3 1 11 0 5 9 4 8 _ _ 
[00189344] 3 | _ 10 3 1 11 0 5 9 4 8 6 _ 
[00189345] 4 | _ 10 3 1 11 0 5 9 4 _ 2 6 
[00189346] 3 | 7 10 3 1 11 0 5 9 4 _ 2 6 
[00189347] 3 | _ 10 3 1 11 0 5 9 4 7 2 6 
[00189348] 2 | 8 10 3 1 11 0 5 9 4 7 2 6 
[00189349] 4 | _ 10 3 1 11 0 5 9 4 _ 6 2 
[00189350] 3 | 7 10 3 1 11 0 5 9 4 _ 6 2 
[00189351] 3 | _ 10 3 1 11 0 5 9 4 7 6 2 
[00189352] 2 | 8 10 3 1 11 0 5 9 4 7 6 2 
[00189353] 5 | _ 10 3 1 11 0 5 9 2 7 _ _ 
[00189354] 4 | 6 10 3 1 11 0 5 9 2 7 _ _ 
[00189355] 4 | _ 10 3 1 11 0 5 9 2 7 4 8 
[00189356] 4 | _ 10 3 1 11 0 5 9 2 7 8 4 
[00189357] 5 | _ 10 3 1 11 0 5 9 7 2 _ _ 
[00189358] 4 | 6 10 3 1 11 0 5 9 7 2 _ _ 
[00189359] 4 | _ 10 3 1 11 0 5 9 7 2 4 8 
[00189360] 4 | _ 10 3 1 11 0 5 9 7 2 8 4 
[00189361] 5 | _ 10 3 1 11 0 5 9 _ _ 4 _ 
[00189362] 4 | 6 10 3 1 11 0 5 9 _ _ 4 _ 
