[00005920] 4 | 0 11 6 1 8 _ 2 10 3 7 2 _ 
[00005921] 3 | 0 11 6 1 8 5 2 10 3 7 2 _ 
[00005922] 4 | 0 11 6 1 8 _ 2 10 5 9 2 _ 
[00005923] 4 | 0 11 6 1 8 _ 2 10 7 3 2 _ 
[00005924] 3 | 0 11 6 1 8 5 2 10 7 3 2 _ 
[00005925] 4 | 0 11 6 1 8 _ 2 10 9 5 2 _ 
[00005926] 5 | 0 11 _ 1 8 3 2 10 _ _ 2 _ 
[00005927] 4 | 0 11 7 1 8 3 2 10 _ _ 2 _ 
[00005928] 3 | 0 11 7 1 8 3 2 10 6 9 2 _ 
[00005929] 3 | 0 11 7 1 8 3 2 10 9 6 2 _ 
[00005930] 4 | 0 11 _ 1 8 3 2 10 6 _ 2 _ 
[00005931] 3 | 0 11 _ 1 8 3 2 10 6 9 2 _ 
[00005932] 4 | 0 11 _ 1 8 3 2 10 5 9 2 _ 
[00005933] 4 | 0 11 _ 1 8 3 2 10 9 5 2 _ 
[00005934] 5 | 0 11 _ 1 8 _ 2 10 5 _ 2 _ 
[00005935] 4 | 0 11 7 1 8 _ 2 10 5 _ 2 _ 
[00005936] 3 | 0 11 7 1 8 5 2 10 5 _ 2 _ 
[00005937] 3 | 0 11 7 1 8 _ 2 10 5 8 2 _ 
[00005938] 4 | 0 11 _ 1 8 4 2 10 5 _ 2 _ 
[00005939] 4 | 0 11 _ 1 8 _ 2 10 5 9 2 _ 
[00005940] 3 | 0 11 8 1 8 _ 2 10 5 9 2 _ 
[00005941] 3 | 0 11 _ 1 8 11 2 10 5 9 2 _ 
[00005942] 5 | 0 11 _ 1 8 _ 2 10 4 9 2 _ 
[00005943] 4 | 0 11 7 1 8 _ 2 10 4 9 2 _ 
[00005944] 3 | 0 11 7 1 8 5 2 10 4 9 2 _ 
[00005945] 5 | 0 11 _ 1 8 _ 2 10 9 4 2 _ 
[00005946] 4 | 0 11 7 1 8 _ 2 10 9 4 2 _ 
[00005947] 3 | 0 11 7 1 8 5 2 10 9 4 2 _ 
[00005948] 6 | 0 11 _ 1 8 _ _ 10 4 _ 2 _ 
[00005949] 5 | 0 11 6 1 8 _ _ 10 4 _ 2 _ 
[00005950] 4 | 0 11 6 1 8 4 _ 10 4 _ 2 _ 
[00005951] 3 | 0 11 6 1 8 4 5 10 4 _ 2 _ 
[00005952] 3 | 0 11 6 1 8 4 _ 10 4 _ 2 5 
[00005953] 4 | 0 11 6 1 8 _ 4 10 4 _ 2 _ 
[00005954] 3 | 0 11 6 1 8 5 4 10 4 _ 2 _ 
[00005955] 3 | 0 11 6 1 8 _ 4 10 4 _ 2 5 
[00005956] 4 | 0 11 6 1 8 _ _ 10 4 8 2 _ 
[00005957] 3 | 0 11 6 1 8 _ _ 10 4 8 2 5 
[00005958] 5 | 0 11 _ 1 8 3 _ 10 4 _ 2 _ 
[00005959] 4 | 0 11 7 1 8 3 _ 10 4 _ 2 _ 
[00005960] 3 | 0 11 7 1 8 3 5 10 4 _ 2 _ 
[00005961] 2 | 0 11 7 1 8 3 5 10 4 2 2 _ 
[00005962] 2 | 0 11 7 1 8 3 5 10 4 6 2 _ 
[00005963] 2 | 0 11 7 1 8 3 5 10 4 _ 2 4 
[00005964] 3 | 0 11 7 1 8 3 _ 10 4 _ 2 5 
[00005965] 2 | 0 11 7 1 8 3 6 10 4 _ 2 5 
[00005966] 2 | 0 11 7 1 8 3 _ 10 4 6 2 5 
[00005967] 1 | 0 11 7 1 8 3 9 10 4 6 2 5  *Graceful*
[00005967] 4 | 0 11 _ 1 8 3 4 10 4 _ 2 _ 
[00005968] 3 | 0 11 _ 1 8 3 4 10 4 _ 2 5 
[00005969] 2 | 0 11 9 1 8 3 4 10 4 _ 2 5 
[00005970] 4 | 0 11 _ 1 8 3 _ 10 4 8 2 _ 
[00005971] 3 | 0 11 _ 1 8 3 _ 10 4 8 2 5 
[00005972] 2 | 0 11 9 1 8 3 _ 10 4 8 2 5 
[00005973] 4 | 0 11 _ 1 8 3 _ 10 4 _ 2 6 
[00005974] 3 | 0 11 8 1 8 3 _ 10 4 _ 2 6 
[00005975] 3 | 0 11 _ 1 8 3 5 10 4 _ 2 6 
[00005976] 2 | 0 11 9 1 8 3 5 10 4 _ 2 6 
[00005977] 3 | 0 11 _ 1 8 3 11 10 4 _ 2 6 
[00005978] 3 | 0 11 _ 1 8 3 _ 10 4 7 2 6 
[00005979] 2 | 0 11 9 1 8 3 _ 10 4 7 2 6 
[00005980] 5 | 0 11 _ 1 8 _ 3 10 4 _ 2 _ 
[00005981] 4 | 0 11 7 1 8 _ 3 10 4 _ 2 _ 
[00005982] 3 | 0 11 7 1 8 5 3 10 4 _ 2 _ 
[00005983] 2 | 0 11 7 1 8 5 3 10 4 2 2 _ 
[00005984] 2 | 0 11 7 1 8 5 3 10 4 6 2 _ 
[00005985] 2 | 0 11 7 1 8 5 3 10 4 _ 2 4 
[00005986] 3 | 0 11 7 1 8 _ 3 10 4 _ 2 5 
[00005987] 2 | 0 11 7 1 8 6 3 10 4 _ 2 5 
[00005988] 2 | 0 11 7 1 8 _ 3 10 4 6 2 5 
[00005989] 1 | 0 11 7 1 8 9 3 10 4 6 2 5  *Graceful*
[00005989] 4 | 0 11 _ 1 8 4 3 10 4 _ 2 _ 
[00005990] 3 | 0 11 _ 1 8 4 3 10 4 _ 2 5 
[00005991] 2 | 0 11 9 1 8 4 3 10 4 _ 2 5 
[00005992] 4 | 0 11 _ 1 8 _ 3 10 4 8 2 _ 
[00005993] 3 | 0 11 _ 1 8 _ 3 10 4 8 2 5 
[00005994] 2 | 0 11 9 1 8 _ 3 10 4 8 2 5 
[00005995] 4 | 0 11 _ 1 8 _ 3 10 4 _ 2 6 
[00005996] 3 | 0 11 8 1 8 _ 3 10 4 _ 2 6 
[00005997] 3 | 0 11 _ 1 8 5 3 10 4 _ 2 6 
[00005998] 2 | 0 11 9 1 8 5 3 10 4 _ 2 6 
[00005999] 3 | 0 11 _ 1 8 11 3 10 4 _ 2 6 
[00006000] 3 | 0 11 _ 1 8 _ 3 10 4 7 2 6 
[00006001] 2 | 0 11 9 1 8 _ 3 10 4 7 2 6 
[00006002] 5 | 0 11 _ 1 8 _ _ 10 4 9 2 _ 
[00006003] 4 | 0 11 7 1 8 _ _ 10 4 9 2 _ 
[00006004] 3 | 0 11 7 1 8 5 _ 10 4 9 2 _ 
[00006005] 2 | 0 11 7 1 8 5 6 10 4 9 2 _ 
[00006006] 1 | 0 11 7 1 8 5 6 10 4 9 2 3  *Graceful*
[00006006] 3 | 0 11 7 1 8 _ 5 10 4 9 2 _ 
[00006007] 2 | 0 11 7 1 8 6 5 10 4 9 2 _ 
[00006008] 1 | 0 11 7 1 8 6 5 10 4 9 2 3  *Graceful*
[00006008] 3 | 0 11 7 1 8 _ _ 10 4 9 2 5 
[00006009] 2 | 0 11 7 1 8 6 _ 10 4 9 2 5 
[00006010] 2 | 0 11 7 1 8 _ 6 10 4 9 2 5 
[00006011] 4 | 0 11 _ 1 8 _ _ 10 4 9 2 6 
[00006012] 3 | 0 11 8 1 8 _ _ 10 4 9 2 6 
[00006013] 3 | 0 11 _ 1 8 5 _ 10 4 9 2 6 
[00006014] 3 | 0 11 _ 1 8 11 _ 10 4 9 2 6 
[00006015] 3 | 0 11 _ 1 8 _ 5 10 4 9 2 6 
[00006016] 3 | 0 11 _ 1 8 _ 11 10 4 9 2 6 
[00006017] 5 | 0 11 _ 1 8 _ _ 10 4 _ 2 7 
[00006018] 4 | 0 11 _ 1 8 4 _ 10 4 _ 2 7 
[00006019] 3 | 0 11 8 1 8 4 _ 10 4 _ 2 7 
[00006020] 3 | 0 11 _ 1 8 4 5 10 4 _ 2 7 
[00006021] 2 | 0 11 9 1 8 4 5 10 4 _ 2 7 
[00006022] 3 | 0 11 _ 1 8 4 11 10 4 _ 2 7 
[00006023] 4 | 0 11 _ 1 8 _ 4 10 4 _ 2 7 
[00006024] 3 | 0 11 8 1 8 _ 4 10 4 _ 2 7 
[00006025] 3 | 0 11 _ 1 8 5 4 10 4 _ 2 7 
[00006026] 2 | 0 11 9 1 8 5 4 10 4 _ 2 7 
[00006027] 3 | 0 11 _ 1 8 11 4 10 4 _ 2 7 
[00006028] 4 | 0 11 _ 1 8 _ _ 10 4 8 2 7 
[00006029] 6 | 0 11 _ 1 8 _ _ 10 3 9 2 _ 
[00006030] 5 | 0 11 6 1 8 _ _ 10 3 9 2 _ 
[00006031] 4 | 0 11 6 1 8 4 _ 10 3 9 2 _ 
[00006032] 3 | 0 11 6 1 8 4 5 10 3 9 2 _ 
[00006033] 3 | 0 11 6 1 8 4 _ 10 3 9 2 5 
[00006034] 4 | 0 11 6 1 8 _ 4 10 3 9 2 _ 
[00006035] 3 | 0 11 6 1 8 5 4 10 3 9 2 _ 
[00006036] 3 | 0 11 6 1 8 _ 4 10 3 9 2 5 
[00006037] 5 | 0 11 _ 1 8 _ _ 10 3 9 2 7 
[00006038] 4 | 0 11 _ 1 8 4 _ 10 3 9 2 7 
[00006039] 3 | 0 11 8 1 8 4 _ 10 3 9 2 7 
[00006040] 3 | 0 11 _ 1 8 4 5 10 3 9 2 7 
[00006041] 3 | 0 11 _ 1 8 4 11 10 3 9 2 7 
[00006042] 4 | 0 11 _ 1 8 _ 4 10 3 9 2 7 
[00006043] 3 | 0 11 8 1 8 _ 4 10 3 9 2 7 
[00006044] 3 | 0 11 _ 1 8 5 4 10 3 9 2 7 
[00006045] 3 | 0 11 _ 1 8 11 4 10 3 9 2 7 
[00006046] 6 | 0 11 _ 1 8 _ _ 10 9 3 2 _ 
[00006047] 5 | 0 11 6 1 8 _ _ 10 9 3 2 _ 
[00006048] 4 | 0 11 6 1 8 4 _ 10 9 3 2 _ 
[00006049] 3 | 0 11 6 1 8 4 5 10 9 3 2 _ 
[00006050] 3 | 0 11 6 1 8 4 _ 10 9 3 2 5 
[00006051] 4 | 0 11 6 1 8 _ 4 10 9 3 2 _ 
[00006052] 3 | 0 11 6 1 8 5 4 10 9 3 2 _ 
[00006053] 3 | 0 11 6 1 8 _ 4 10 9 3 2 5 
[00006054] 5 | 0 11 _ 1 8 _ _ 10 9 3 2 7 
[00006055] 4 | 0 11 _ 1 8 4 _ 10 9 3 2 7 
[00006056] 3 | 0 11 8 1 8 4 _ 10 9 3 2 7 
[00006057] 3 | 0 11 _ 1 8 4 5 10 9 3 2 7 
[00006058] 3 | 0 11 _ 1 8 4 11 10 9 3 2 7 
[00006059] 4 | 0 11 _ 1 8 _ 4 10 9 3 2 7 
[00006060] 3 | 0 11 8 1 8 _ 4 10 9 3 2 7 
[00006061] 3 | 0 11 _ 1 8 5 4 10 9 3 2 7 
[00006062] 3 | 0 11 _ 1 8 11 4 10 9 3 2 7 
[00006063] 6 | 0 11 _ 1 8 _ _ 10 _ _ 2 8 
[00006064] 5 | 0 11 6 1 8 _ _ 10 _ _ 2 8 
[00006065] 4 | 0 11 6 1 8 _ _ 10 3 7 2 8 
[00006066] 4 | 0 11 6 1 8 _ _ 10 5 9 2 8 
[00006067] 4 | 0 11 6 1 8 _ _ 10 7 3 2 8 
[00006068] 4 | 0 11 6 1 8 _ _ 10 9 5 2 8 
[00006069] 5 | 0 11 _ 1 8 _ _ 10 5 _ 2 8 
[00006070] 4 | 0 11 7 1 8 _ _ 10 5 _ 2 8 
[00006071] 4 | 0 11 _ 1 8 _ _ 10 5 9 2 8 
[00006072] 5 | 0 11 _ 1 8 _ _ 10 4 9 2 8 
[00006073] 4 | 0 11 7 1 8 _ _ 10 4 9 2 8 
[00006074] 5 | 0 11 _ 1 8 _ _ 10 9 4 2 8 
[00006075] 4 | 0 11 7 1 8 _ _ 10 9 4 2 8 
[00006076] 7 | 0 11 _ 1 _ _ _ 10 3 _ 2 _ 
[00006077] 6 | 0 11 5 1 _ _ _ 10 3 _ 2 _ 
[00006078] 5 | 0 11 5 1 6 _ _ 10 3 _ 2 _ 
[00006079] 4 | 0 11 5 1 6 2 _ 10 3 _ 2 _ 
[00006080] 3 | 0 11 5 1 6 2 3 10 3 _ 2 _ 
[00006081] 3 | 0 11 5 1 6 2 9 10 3 _ 2 _ 
[00006082] 3 | 0 11 5 1 6 2 _ 10 3 6 2 _ 
[00006083] 4 | 0 11 5 1 6 _ 2 10 3 _ 2 _ 
[00006084] 3 | 0 11 5 1 6 3 2 10 3 _ 2 _ 
[00006085] 3 | 0 11 5 1 6 9 2 10 3 _ 2 _ 
[00006086] 3 | 0 11 5 1 6 _ 2 10 3 6 2 _ 
[00006087] 4 | 0 11 5 1 6 _ _ 10 3 7 2 _ 
[00006088] 3 | 0 11 5 1 6 9 _ 10 3 7 2 _ 
[00006089] 2 | 0 11 5 1 6 9 4 10 3 7 2 _ 
[00006090] 2 | 0 11 5 1 6 9 8 10 3 7 2 _ 
[00006091] 2 | 0 11 5 1 6 9 _ 10 3 7 2 4 
[00006092] 3 | 0 11 5 1 6 _ 9 10 3 7 2 _ 
[00006093] 2 | 0 11 5 1 6 4 9 10 3 7 2 _ 
[00006094] 2 | 0 11 5 1 6 8 9 10 3 7 2 _ 
[00006095] 2 | 0 11 5 1 6 _ 9 10 3 7 2 4 
[00006096] 4 | 0 11 5 1 6 _ _ 10 3 _ 2 6 
[00006097] 5 | 0 11 5 1 4 9 _ 10 3 _ 2 _ 
[00006098] 4 | 0 11 5 1 4 9 8 10 3 _ 2 _ 
[00006099] 3 | 0 11 5 1 4 9 8 10 3 6 2 _ 
[00006100] 4 | 0 11 5 1 4 9 _ 10 3 7 2 _ 
[00006101] 4 | 0 11 5 1 4 9 _ 10 3 _ 2 6 
[00006102] 3 | 0 11 5 1 4 9 7 10 3 _ 2 6 
[00006103] 5 | 0 11 5 1 9 4 _ 10 3 _ 2 _ 
[00006104] 4 | 0 11 5 1 9 4 _ 10 3 7 2 _ 
[00006105] 3 | 0 11 5 1 9 4 6 10 3 7 2 _ 
[00006106] 4 | 0 11 5 1 9 4 _ 10 3 _ 2 6 
[00006107] 5 | 0 11 5 1 4 _ 9 10 3 _ 2 _ 
[00006108] 4 | 0 11 5 1 4 8 9 10 3 _ 2 _ 
[00006109] 3 | 0 11 5 1 4 8 9 10 3 6 2 _ 
[00006110] 4 | 0 11 5 1 4 _ 9 10 3 7 2 _ 
[00006111] 4 | 0 11 5 1 4 _ 9 10 3 _ 2 6 
[00006112] 3 | 0 11 5 1 4 7 9 10 3 _ 2 6 
[00006113] 5 | 0 11 5 1 9 _ 4 10 3 _ 2 _ 
[00006114] 4 | 0 11 5 1 9 _ 4 10 3 7 2 _ 
[00006115] 3 | 0 11 5 1 9 6 4 10 3 7 2 _ 
[00006116] 4 | 0 11 5 1 9 _ 4 10 3 _ 2 6 
[00006117] 5 | 0 11 5 1 _ _ _ 10 3 8 2 _ 
[00006118] 4 | 0 11 5 1 _ _ _ 10 3 8 2 6 
[00006119] 3 | 0 11 5 1 4 _ _ 10 3 8 2 6 
[00006120] 3 | 0 11 5 1 4 7 _ 10 3 8 2 6 
[00006121] 3 | 0 11 5 1 7 4 _ 10 3 8 2 6 
[00006122] 2 | 0 11 5 1 7 4 9 10 3 8 2 6 
[00006123] 3 | 0 11 5 1 4 _ 7 10 3 8 2 6 
[00006124] 3 | 0 11 5 1 7 _ 4 10 3 8 2 6 
[00006125] 2 | 0 11 5 1 7 9 4 10 3 8 2 6 
[00006126] 5 | 0 11 5 1 _ _ _ 10 3 _ 2 7 
[00006127] 4 | 0 11 5 1 4 8 _ 10 3 _ 2 7 
[00006128] 3 | 0 11 5 1 4 8 _ 10 3 6 2 7 
[00006129] 4 | 0 11 5 1 8 4 _ 10 3 _ 2 7 
[00006130] 3 | 0 11 5 1 8 4 _ 10 3 6 2 7 
[00006131] 4 | 0 11 5 1 4 _ 8 10 3 _ 2 7 
[00006132] 3 | 0 11 5 1 4 _ 8 10 3 6 2 7 
[00006133] 4 | 0 11 5 1 8 _ 4 10 3 _ 2 7 
[00006134] 3 | 0 11 5 1 8 _ 4 10 3 6 2 7 
[00006135] 6 | 0 11 _ 1 7 _ _ 10 3 _ 2 _ 
[00006136] 5 | 0 11 6 1 7 _ _ 10 3 _ 2 _ 
[00006137] 4 | 0 11 6 1 7 3 _ 10 3 _ 2 _ 
[00006138] 3 | 0 11 6 1 7 3 4 10 3 _ 2 _ 
[00006139] 3 | 0 11 6 1 7 3 _ 10 3 _ 2 5 
[00006140] 2 | 0 11 6 1 7 3 9 10 3 _ 2 5 
[00006141] 4 | 0 11 6 1 7 _ 3 10 3 _ 2 _ 
[00006142] 3 | 0 11 6 1 7 4 3 10 3 _ 2 _ 
[00006143] 3 | 0 11 6 1 7 _ 3 10 3 _ 2 5 
[00006144] 2 | 0 11 6 1 7 9 3 10 3 _ 2 5 
[00006145] 4 | 0 11 6 1 7 _ _ 10 3 7 2 _ 
[00006146] 3 | 0 11 6 1 7 _ _ 10 3 7 2 5 
[00006147] 5 | 0 11 _ 1 7 2 _ 10 3 _ 2 _ 
[00006148] 4 | 0 11 7 1 7 2 _ 10 3 _ 2 _ 
[00006149] 3 | 0 11 7 1 7 2 _ 10 3 6 2 _ 
[00006150] 4 | 0 11 _ 1 7 2 3 10 3 _ 2 _ 
[00006151] 3 | 0 11 8 1 7 2 3 10 3 _ 2 _ 
[00006152] 4 | 0 11 _ 1 7 2 11 10 3 _ 2 _ 
[00006153] 3 | 0 11 _ 1 7 2 11 10 3 6 2 _ 
[00006154] 4 | 0 11 _ 1 7 2 _ 10 3 7 2 _ 
[00006155] 3 | 0 11 8 1 7 2 _ 10 3 7 2 _ 
[00006156] 5 | 0 11 _ 1 7 _ 2 10 3 _ 2 _ 
[00006157] 4 | 0 11 7 1 7 _ 2 10 3 _ 2 _ 
[00006158] 3 | 0 11 7 1 7 _ 2 10 3 6 2 _ 
[00006159] 4 | 0 11 _ 1 7 3 2 10 3 _ 2 _ 
[00006160] 3 | 0 11 8 1 7 3 2 10 3 _ 2 _ 
[00006161] 4 | 0 11 _ 1 7 11 2 10 3 _ 2 _ 
[00006162] 3 | 0 11 _ 1 7 11 2 10 3 6 2 _ 
[00006163] 4 | 0 11 _ 1 7 _ 2 10 3 7 2 _ 
[00006164] 3 | 0 11 8 1 7 _ 2 10 3 7 2 _ 
[00006165] 5 | 0 11 _ 1 7 _ _ 10 3 8 2 _ 
[00006166] 4 | 0 11 7 1 7 _ _ 10 3 8 2 _ 
[00006167] 3 | 0 11 7 1 7 _ _ 10 3 8 2 5 
[00006168] 4 | 0 11 _ 1 7 11 _ 10 3 8 2 _ 
[00006169] 3 | 0 11 _ 1 7 11 4 10 3 8 2 _ 
[00006170] 3 | 0 11 _ 1 7 11 _ 10 3 8 2 5 
[00006171] 2 | 0 11 _ 1 7 11 9 10 3 8 2 5 
[00006172] 4 | 0 11 _ 1 7 _ 11 10 3 8 2 _ 
[00006173] 3 | 0 11 _ 1 7 4 11 10 3 8 2 _ 
[00006174] 3 | 0 11 _ 1 7 _ 11 10 3 8 2 5 
[00006175] 2 | 0 11 _ 1 7 9 11 10 3 8 2 5 
[00006176] 4 | 0 11 _ 1 7 _ _ 10 3 8 2 6 
[00006177] 3 | 0 11 _ 1 7 4 _ 10 3 8 2 6 
[00006178] 2 | 0 11 9 1 7 4 _ 10 3 8 2 6 
[00006179] 2 | 0 11 _ 1 7 4 5 10 3 8 2 6 
[00006180] 2 | 0 11 _ 1 7 4 9 10 3 8 2 6 
[00006181] 3 | 0 11 _ 1 7 _ 4 10 3 8 2 6 
[00006182] 2 | 0 11 9 1 7 _ 4 10 3 8 2 6 
[00006183] 2 | 0 11 _ 1 7 5 4 10 3 8 2 6 
[00006184] 2 | 0 11 _ 1 7 9 4 10 3 8 2 6 
[00006185] 5 | 0 11 _ 1 7 _ _ 10 3 _ 2 7 
[00006186] 6 | 0 11 _ 1 _ _ _ 10 3 9 2 _ 
[00006187] 5 | 0 11 6 1 _ _ _ 10 3 9 2 _ 
[00006188] 4 | 0 11 6 1 5 _ _ 10 3 9 2 _ 
[00006189] 3 | 0 11 6 1 5 2 _ 10 3 9 2 _ 
[00006190] 2 | 0 11 6 1 5 2 7 10 3 9 2 _ 
[00006191] 3 | 0 11 6 1 5 8 _ 10 3 9 2 _ 
[00006192] 2 | 0 11 6 1 5 8 7 10 3 9 2 _ 
[00006193] 2 | 0 11 6 1 5 8 _ 10 3 9 2 4 
[00006194] 3 | 0 11 6 1 5 _ 2 10 3 9 2 _ 
[00006195] 2 | 0 11 6 1 5 7 2 10 3 9 2 _ 
[00006196] 3 | 0 11 6 1 5 _ 8 10 3 9 2 _ 
[00006197] 2 | 0 11 6 1 5 7 8 10 3 9 2 _ 
[00006198] 2 | 0 11 6 1 5 _ 8 10 3 9 2 4 
[00006199] 3 | 0 11 6 1 5 _ _ 10 3 9 2 5 
[00006200] 4 | 0 11 6 1 4 8 _ 10 3 9 2 _ 
[00006201] 3 | 0 11 6 1 4 8 7 10 3 9 2 _ 
[00006202] 3 | 0 11 6 1 4 8 _ 10 3 9 2 5 
[00006203] 4 | 0 11 6 1 8 4 _ 10 3 9 2 _ 
[00006204] 3 | 0 11 6 1 8 4 5 10 3 9 2 _ 
[00006205] 3 | 0 11 6 1 8 4 _ 10 3 9 2 5 
[00006206] 4 | 0 11 6 1 4 _ 8 10 3 9 2 _ 
[00006207] 3 | 0 11 6 1 4 7 8 10 3 9 2 _ 
[00006208] 3 | 0 11 6 1 4 _ 8 10 3 9 2 5 
[00006209] 4 | 0 11 6 1 8 _ 4 10 3 9 2 _ 
[00006210] 3 | 0 11 6 1 8 5 4 10 3 9 2 _ 
[00006211] 3 | 0 11 6 1 8 _ 4 10 3 9 2 5 
[00006212] 5 | 0 11 _ 1 6 _ _ 10 3 9 2 _ 
[00006213] 4 | 0 11 7 1 6 _ _ 10 3 9 2 _ 
[00006214] 3 | 0 11 7 1 6 _ _ 10 3 9 2 5 
[00006215] 2 | 0 11 7 1 6 4 _ 10 3 9 2 5 
[00006216] 2 | 0 11 7 1 6 8 _ 10 3 9 2 5 
[00006217] 2 | 0 11 7 1 6 _ 4 10 3 9 2 5 
[00006218] 2 | 0 11 7 1 6 _ 8 10 3 9 2 5 
[00006219] 4 | 0 11 _ 1 6 2 _ 10 3 9 2 _ 
[00006220] 3 | 0 11 8 1 6 2 _ 10 3 9 2 _ 
[00006221] 2 | 0 11 8 1 6 2 4 10 3 9 2 _ 
[00006222] 4 | 0 11 _ 1 6 _ 2 10 3 9 2 _ 
[00006223] 3 | 0 11 8 1 6 _ 2 10 3 9 2 _ 
[00006224] 2 | 0 11 8 1 6 4 2 10 3 9 2 _ 
[00006225] 4 | 0 11 _ 1 6 _ _ 10 3 9 2 6 
[00006226] 3 | 0 11 8 1 6 _ _ 10 3 9 2 6 
[00006227] 5 | 0 11 _ 1 _ _ _ 10 3 9 2 7 
[00006228] 4 | 0 11 _ 1 5 _ _ 10 3 9 2 7 
[00006229] 3 | 0 11 8 1 5 _ _ 10 3 9 2 7 
[00006230] 3 | 0 11 _ 1 5 8 _ 10 3 9 2 7 
[00006231] 3 | 0 11 _ 1 5 _ 8 10 3 9 2 7 
[00006232] 4 | 0 11 _ 1 4 8 _ 10 3 9 2 7 
[00006233] 4 | 0 11 _ 1 8 4 _ 10 3 9 2 7 
[00006234] 3 | 0 11 8 1 8 4 _ 10 3 9 2 7 
[00006235] 3 | 0 11 _ 1 8 4 5 10 3 9 2 7 
[00006236] 3 | 0 11 _ 1 8 4 11 10 3 9 2 7 
[00006237] 4 | 0 11 _ 1 4 _ 8 10 3 9 2 7 
[00006238] 4 | 0 11 _ 1 8 _ 4 10 3 9 2 7 
[00006239] 3 | 0 11 8 1 8 _ 4 10 3 9 2 7 
[00006240] 3 | 0 11 _ 1 8 5 4 10 3 9 2 7 
[00006241] 3 | 0 11 _ 1 8 11 4 10 3 9 2 7 
[00006242] 6 | 0 11 _ 1 _ _ _ 10 3 _ 2 8 
[00006243] 5 | 0 11 6 1 _ _ _ 10 3 _ 2 8 
[00006244] 4 | 0 11 6 1 5 _ _ 10 3 _ 2 8 
[00006245] 4 | 0 11 6 1 5 9 _ 10 3 _ 2 8 
[00006246] 4 | 0 11 6 1 9 5 _ 10 3 _ 2 8 
[00006247] 4 | 0 11 6 1 5 _ 9 10 3 _ 2 8 
[00006248] 4 | 0 11 6 1 9 _ 5 10 3 _ 2 8 
[00006249] 4 | 0 11 6 1 _ _ _ 10 3 7 2 8 
[00006250] 3 | 0 11 6 1 4 _ _ 10 3 7 2 8 
[00006251] 5 | 0 11 _ 1 6 _ _ 10 3 _ 2 8 
[00006252] 4 | 0 11 7 1 6 _ _ 10 3 _ 2 8 
[00006253] 3 | 0 11 7 1 6 3 _ 10 3 _ 2 8 
[00006254] 2 | 0 11 7 1 6 3 4 10 3 _ 2 8 
[00006255] 3 | 0 11 7 1 6 9 _ 10 3 _ 2 8 
[00006256] 2 | 0 11 7 1 6 9 4 10 3 _ 2 8 
[00006257] 2 | 0 11 7 1 6 9 _ 10 3 5 2 8 
[00006258] 3 | 0 11 7 1 6 _ 3 10 3 _ 2 8 
[00006259] 2 | 0 11 7 1 6 4 3 10 3 _ 2 8 
[00006260] 3 | 0 11 7 1 6 _ 9 10 3 _ 2 8 
[00006261] 2 | 0 11 7 1 6 4 9 10 3 _ 2 8 
[00006262] 2 | 0 11 7 1 6 _ 9 10 3 5 2 8 
[00006263] 3 | 0 11 7 1 6 _ _ 10 3 6 2 8 
[00006264] 4 | 0 11 _ 1 6 _ _ 10 3 7 2 8 
[00006265] 3 | 0 11 _ 1 6 9 _ 10 3 7 2 8 
[00006266] 2 | 0 11 _ 1 6 9 4 10 3 7 2 8 
[00006267] 3 | 0 11 _ 1 6 _ 9 10 3 7 2 8 
[00006268] 2 | 0 11 _ 1 6 4 9 10 3 7 2 8 
[00006269] 5 | 0 11 _ 1 4 9 _ 10 3 _ 2 8 
[00006270] 4 | 0 11 7 1 4 9 _ 10 3 _ 2 8 
[00006271] 3 | 0 11 7 1 4 9 _ 10 3 6 2 8 
[00006272] 4 | 0 11 _ 1 4 9 _ 10 3 7 2 8 
[00006273] 5 | 0 11 _ 1 9 4 _ 10 3 _ 2 8 
[00006274] 4 | 0 11 7 1 9 4 _ 10 3 _ 2 8 
[00006275] 3 | 0 11 7 1 9 4 6 10 3 _ 2 8 
[00006276] 2 | 0 11 7 1 9 4 6 10 3 5 2 8 
[00006277] 3 | 0 11 7 1 9 4 _ 10 3 6 2 8 
[00006278] 4 | 0 11 _ 1 9 4 5 10 3 _ 2 8 
[00006279] 3 | 0 11 _ 1 9 4 5 10 3 6 2 8 
[00006280] 4 | 0 11 _ 1 9 4 _ 10 3 7 2 8 
[00006281] 3 | 0 11 _ 1 9 4 6 10 3 7 2 8 
[00006282] 5 | 0 11 _ 1 4 _ 9 10 3 _ 2 8 
[00006283] 4 | 0 11 7 1 4 _ 9 10 3 _ 2 8 
[00006284] 3 | 0 11 7 1 4 _ 9 10 3 6 2 8 
[00006285] 4 | 0 11 _ 1 4 _ 9 10 3 7 2 8 
[00006286] 5 | 0 11 _ 1 9 _ 4 10 3 _ 2 8 
[00006287] 4 | 0 11 7 1 9 _ 4 10 3 _ 2 8 
[00006288] 3 | 0 11 7 1 9 6 4 10 3 _ 2 8 
[00006289] 2 | 0 11 7 1 9 6 4 10 3 5 2 8 
[00006290] 3 | 0 11 7 1 9 _ 4 10 3 6 2 8 
[00006291] 4 | 0 11 _ 1 9 5 4 10 3 _ 2 8 
[00006292] 3 | 0 11 _ 1 9 5 4 10 3 6 2 8 
[00006293] 4 | 0 11 _ 1 9 _ 4 10 3 7 2 8 
[00006294] 3 | 0 11 _ 1 9 6 4 10 3 7 2 8 
[00006295] 7 | 0 11 _ 1 _ _ _ 10 _ _ 2 9 
[00006296] 6 | 0 11 5 1 _ _ _ 10 _ _ 2 9 
[00006297] 5 | 0 11 5 1 6 _ _ 10 _ _ 2 9 
[00006298] 4 | 0 11 5 1 6 10 _ 10 _ _ 2 9 
[00006299] 3 | 0 11 5 1 6 10 3 10 _ _ 2 9 
[00006300] 3 | 0 11 5 1 6 10 _ 10 4 7 2 9 
[00006301] 2 | 0 11 5 1 6 10 8 10 4 7 2 9 
[00006302] 3 | 0 11 5 1 6 10 _ 10 7 4 2 9 
[00006303] 2 | 0 11 5 1 6 10 8 10 7 4 2 9 
[00006304] 4 | 0 11 5 1 6 _ 10 10 _ _ 2 9 
[00006305] 3 | 0 11 5 1 6 3 10 10 _ _ 2 9 
[00006306] 3 | 0 11 5 1 6 _ 10 10 4 7 2 9 
[00006307] 2 | 0 11 5 1 6 8 10 10 4 7 2 9 
[00006308] 3 | 0 11 5 1 6 _ 10 10 7 4 2 9 
[00006309] 2 | 0 11 5 1 6 8 10 10 7 4 2 9 
[00006310] 4 | 0 11 5 1 6 _ _ 10 6 _ 2 9 
[00006311] 3 | 0 11 5 1 6 3 _ 10 6 _ 2 9 
[00006312] 2 | 0 11 5 1 6 3 4 10 6 _ 2 9 
[00006313] 2 | 0 11 5 1 6 3 8 10 6 _ 2 9 
[00006314] 2 | 0 11 5 1 6 3 _ 10 6 4 2 9 
[00006315] 2 | 0 11 5 1 6 3 _ 10 6 8 2 9 
[00006316] 3 | 0 11 5 1 6 _ 3 10 6 _ 2 9 
[00006317] 2 | 0 11 5 1 6 4 3 10 6 _ 2 9 
[00006318] 2 | 0 11 5 1 6 8 3 10 6 _ 2 9 
[00006319] 2 | 0 11 5 1 6 _ 3 10 6 4 2 9 
[00006320] 2 | 0 11 5 1 6 _ 3 10 6 8 2 9 
[00006321] 3 | 0 11 5 1 6 _ _ 10 6 3 2 9 
[00006322] 4 | 0 11 5 1 6 _ _ 10 3 7 2 9 
[00006323] 4 | 0 11 5 1 6 _ _ 10 4 8 2 9 
[00006324] 3 | 0 11 5 1 6 3 _ 10 4 8 2 9 
[00006325] 3 | 0 11 5 1 6 _ 3 10 4 8 2 9 
[00006326] 4 | 0 11 5 1 6 _ _ 10 7 3 2 9 
[00006327] 4 | 0 11 5 1 6 _ _ 10 8 4 2 9 
[00006328] 3 | 0 11 5 1 6 3 _ 10 8 4 2 9 
[00006329] 3 | 0 11 5 1 6 _ 3 10 8 4 2 9 
[00006330] 5 | 0 11 5 1 3 8 _ 10 _ _ 2 9 
[00006331] 4 | 0 11 5 1 3 8 7 10 _ _ 2 9 
[00006332] 4 | 0 11 5 1 3 8 _ 10 6 _ 2 9 
[00006333] 3 | 0 11 5 1 3 8 6 10 6 _ 2 9 
[00006334] 3 | 0 11 5 1 3 8 _ 10 6 3 2 9 
[00006335] 5 | 0 11 5 1 8 3 _ 10 _ _ 2 9 
[00006336] 4 | 0 11 5 1 8 3 4 10 _ _ 2 9 
[00006337] 3 | 0 11 5 1 8 3 4 10 7 _ 2 9 
[00006338] 4 | 0 11 5 1 8 3 _ 10 6 _ 2 9 
[00006339] 5 | 0 11 5 1 3 _ 8 10 _ _ 2 9 
[00006340] 4 | 0 11 5 1 3 7 8 10 _ _ 2 9 
[00006341] 4 | 0 11 5 1 3 _ 8 10 6 _ 2 9 
[00006342] 3 | 0 11 5 1 3 6 8 10 6 _ 2 9 
[00006343] 3 | 0 11 5 1 3 _ 8 10 6 3 2 9 
[00006344] 5 | 0 11 5 1 8 _ 3 10 _ _ 2 9 
[00006345] 4 | 0 11 5 1 8 4 3 10 _ _ 2 9 
[00006346] 3 | 0 11 5 1 8 4 3 10 7 _ 2 9 
[00006347] 4 | 0 11 5 1 8 _ 3 10 6 _ 2 9 
[00006348] 5 | 0 11 5 1 _ _ _ 10 3 8 2 9 
[00006349] 5 | 0 11 5 1 _ _ _ 10 8 3 2 9 
[00006350] 6 | 0 11 _ 1 7 _ _ 10 _ _ 2 9 
[00006351] 5 | 0 11 6 1 7 _ _ 10 _ _ 2 9 
[00006352] 4 | 0 11 6 1 7 3 _ 10 _ _ 2 9 
[00006353] 3 | 0 11 6 1 7 3 4 10 _ _ 2 9 
[00006354] 2 | 0 11 6 1 7 3 4 10 8 _ 2 9 
[00006355] 3 | 0 11 6 1 7 3 10 10 _ _ 2 9 
[00006356] 3 | 0 11 6 1 7 3 _ 10 7 _ 2 9 
[00006357] 2 | 0 11 6 1 7 3 5 10 7 _ 2 9 
[00006358] 2 | 0 11 6 1 7 3 _ 10 7 5 2 9 
[00006359] 3 | 0 11 6 1 7 3 _ 10 5 8 2 9 
[00006360] 3 | 0 11 6 1 7 3 _ 10 8 5 2 9 
[00006361] 4 | 0 11 6 1 7 _ 3 10 _ _ 2 9 
[00006362] 3 | 0 11 6 1 7 4 3 10 _ _ 2 9 
[00006363] 2 | 0 11 6 1 7 4 3 10 8 _ 2 9 
[00006364] 3 | 0 11 6 1 7 10 3 10 _ _ 2 9 
[00006365] 3 | 0 11 6 1 7 _ 3 10 7 _ 2 9 
[00006366] 2 | 0 11 6 1 7 5 3 10 7 _ 2 9 
[00006367] 2 | 0 11 6 1 7 _ 3 10 7 5 2 9 
[00006368] 3 | 0 11 6 1 7 _ 3 10 5 8 2 9 
[00006369] 3 | 0 11 6 1 7 _ 3 10 8 5 2 9 
[00006370] 4 | 0 11 6 1 7 _ _ 10 4 8 2 9 
[00006371] 4 | 0 11 6 1 7 _ _ 10 8 4 2 9 
[00006372] 5 | 0 11 _ 1 7 _ _ 10 5 _ 2 9 
[00006373] 4 | 0 11 7 1 7 _ _ 10 5 _ 2 9 
[00006374] 3 | 0 11 7 1 7 _ _ 10 5 8 2 9 
[00006375] 4 | 0 11 _ 1 7 3 _ 10 5 _ 2 9 
[00006376] 3 | 0 11 8 1 7 3 _ 10 5 _ 2 9 
[00006377] 2 | 0 11 8 1 7 3 5 10 5 _ 2 9 
[00006378] 2 | 0 11 8 1 7 3 _ 10 5 7 2 9 
[00006379] 3 | 0 11 _ 1 7 3 4 10 5 _ 2 9 
[00006380] 3 | 0 11 _ 1 7 3 _ 10 5 8 2 9 
[00006381] 4 | 0 11 _ 1 7 11 _ 10 5 _ 2 9 
[00006382] 3 | 0 11 _ 1 7 11 4 10 5 _ 2 9 
[00006383] 2 | 0 11 _ 1 7 11 4 10 5 3 2 9 
[00006384] 3 | 0 11 _ 1 7 11 _ 10 5 8 2 9 
[00006385] 4 | 0 11 _ 1 7 _ 3 10 5 _ 2 9 
[00006386] 3 | 0 11 8 1 7 _ 3 10 5 _ 2 9 
[00006387] 2 | 0 11 8 1 7 5 3 10 5 _ 2 9 
[00006388] 2 | 0 11 8 1 7 _ 3 10 5 7 2 9 
[00006389] 3 | 0 11 _ 1 7 4 3 10 5 _ 2 9 
[00006390] 3 | 0 11 _ 1 7 _ 3 10 5 8 2 9 
[00006391] 4 | 0 11 _ 1 7 _ 11 10 5 _ 2 9 
[00006392] 3 | 0 11 _ 1 7 4 11 10 5 _ 2 9 
[00006393] 2 | 0 11 _ 1 7 4 11 10 5 3 2 9 
[00006394] 3 | 0 11 _ 1 7 _ 11 10 5 8 2 9 
[00006395] 5 | 0 11 _ 1 7 _ _ 10 3 8 2 9 
[00006396] 4 | 0 11 7 1 7 _ _ 10 3 8 2 9 
[00006397] 4 | 0 11 _ 1 7 11 _ 10 3 8 2 9 
[00006398] 3 | 0 11 _ 1 7 11 4 10 3 8 2 9 
[00006399] 4 | 0 11 _ 1 7 _ 11 10 3 8 2 9 
[00006400] 3 | 0 11 _ 1 7 4 11 10 3 8 2 9 
[00006401] 5 | 0 11 _ 1 7 _ _ 10 8 3 2 9 
[00006402] 4 | 0 11 7 1 7 _ _ 10 8 3 2 9 
[00006403] 4 | 0 11 _ 1 7 11 _ 10 8 3 2 9 
[00006404] 3 | 0 11 _ 1 7 11 4 10 8 3 2 9 
[00006405] 4 | 0 11 _ 1 7 _ 11 10 8 3 2 9 
[00006406] 3 | 0 11 _ 1 7 4 11 10 8 3 2 9 
[00006407] 6 | 0 11 _ 1 _ _ _ 10 4 _ 2 9 
[00006408] 5 | 0 11 6 1 _ _ _ 10 4 _ 2 9 
[00006409] 4 | 0 11 6 1 5 _ _ 10 4 _ 2 9 
[00006410] 3 | 0 11 6 1 5 8 _ 10 4 _ 2 9 
[00006411] 2 | 0 11 6 1 5 8 3 10 4 _ 2 9 
[00006412] 2 | 0 11 6 1 5 8 7 10 4 _ 2 9 
[00006413] 1 | 0 11 6 1 5 8 7 10 4 3 2 9  *Graceful*
[00006413] 3 | 0 11 6 1 5 _ 8 10 4 _ 2 9 
[00006414] 2 | 0 11 6 1 5 3 8 10 4 _ 2 9 
