[00079235] 2 | 3 11 7 0 10 1 4 5 2 9 8 6 
[00079236] 5 | 3 11 _ 0 10 1 4 7 2 9 _ _ 
[00079237] 4 | 3 11 7 0 10 1 4 7 2 9 _ _ 
[00079238] 3 | 3 11 7 0 10 1 4 7 2 9 5 8 
[00079239] 3 | 3 11 7 0 10 1 4 7 2 9 8 5 
[00079240] 4 | 3 11 _ 0 10 1 4 7 2 9 11 _ 
[00079241] 3 | 3 11 8 0 10 1 4 7 2 9 11 _ 
[00079242] 3 | 3 11 _ 0 10 1 4 7 2 9 11 8 
[00079243] 6 | 3 11 _ 0 10 1 _ 6 2 9 _ _ 
[00079244] 5 | 3 11 6 0 10 1 _ 6 2 9 _ _ 
[00079245] 4 | 3 11 6 0 10 1 _ 6 2 9 4 8 
[00079246] 3 | 3 11 6 0 10 1 7 6 2 9 4 8 
[00079247] 4 | 3 11 6 0 10 1 _ 6 2 9 8 4 
[00079248] 3 | 3 11 6 0 10 1 7 6 2 9 8 4 
[00079249] 5 | 3 11 _ 0 10 1 5 6 2 9 _ _ 
[00079250] 4 | 3 11 7 0 10 1 5 6 2 9 _ _ 
[00079251] 4 | 3 11 _ 0 10 1 5 6 2 9 4 8 
[00079252] 4 | 3 11 _ 0 10 1 5 6 2 9 8 4 
[00079253] 5 | 3 11 _ 0 10 1 _ 6 2 9 11 _ 
[00079254] 4 | 3 11 7 0 10 1 _ 6 2 9 11 _ 
[00079255] 4 | 3 11 _ 0 10 1 _ 6 2 9 11 7 
[00079256] 6 | 3 11 _ 0 10 1 _ 8 2 9 _ _ 
[00079257] 5 | 3 11 6 0 10 1 _ 8 2 9 _ _ 
[00079258] 4 | 3 11 6 0 10 1 _ 8 2 9 4 _ 
[00079259] 3 | 3 11 6 0 10 1 7 8 2 9 4 _ 
[00079260] 3 | 3 11 6 0 10 1 _ 8 2 9 4 7 
[00079261] 5 | 3 11 _ 0 10 1 5 8 2 9 _ _ 
[00079262] 4 | 3 11 7 0 10 1 5 8 2 9 _ _ 
[00079263] 4 | 3 11 _ 0 10 1 5 8 2 9 4 _ 
[00079264] 3 | 3 11 _ 0 10 1 5 8 2 9 4 7 
[00079265] 7 | 3 11 _ 0 10 1 _ _ 9 2 _ _ 
[00079266] 6 | 3 11 5 0 10 1 _ _ 9 2 _ _ 
[00079267] 5 | 3 11 5 0 10 1 _ 4 9 2 _ _ 
[00079268] 4 | 3 11 5 0 10 1 6 4 9 2 _ _ 
[00079269] 3 | 3 11 5 0 10 1 6 4 9 2 7 _ 
[00079270] 4 | 3 11 5 0 10 1 _ 4 9 2 8 _ 
[00079271] 3 | 3 11 5 0 10 1 7 4 9 2 8 _ 
[00079272] 2 | 3 11 5 0 10 1 7 4 9 2 8 6 
[00079273] 6 | 3 11 _ 0 10 1 4 _ 9 2 _ _ 
[00079274] 5 | 3 11 6 0 10 1 4 _ 9 2 _ _ 
[00079275] 4 | 3 11 6 0 10 1 4 5 9 2 _ _ 
[00079276] 3 | 3 11 6 0 10 1 4 5 9 2 8 _ 
[00079277] 5 | 3 11 _ 0 10 1 4 5 9 2 _ _ 
[00079278] 4 | 3 11 7 0 10 1 4 5 9 2 _ _ 
[00079279] 3 | 3 11 7 0 10 1 4 5 9 2 8 _ 
[00079280] 2 | 3 11 7 0 10 1 4 5 9 2 8 6 
[00079281] 6 | 3 11 _ 0 10 1 _ 6 9 2 _ _ 
[00079282] 5 | 3 11 6 0 10 1 _ 6 9 2 _ _ 
[00079283] 4 | 3 11 6 0 10 1 _ 6 9 2 4 8 
[00079284] 3 | 3 11 6 0 10 1 7 6 9 2 4 8 
[00079285] 4 | 3 11 6 0 10 1 _ 6 9 2 8 4 
[00079286] 3 | 3 11 6 0 10 1 7 6 9 2 8 4 
[00079287] 5 | 3 11 _ 0 10 1 5 6 9 2 _ _ 
[00079288] 4 | 3 11 7 0 10 1 5 6 9 2 _ _ 
[00079289] 4 | 3 11 _ 0 10 1 5 6 9 2 4 8 
[00079290] 4 | 3 11 _ 0 10 1 5 6 9 2 8 4 
[00079291] 5 | 3 11 _ 0 10 1 _ 6 9 2 11 _ 
[00079292] 4 | 3 11 7 0 10 1 _ 6 9 2 11 _ 
[00079293] 4 | 3 11 _ 0 10 1 _ 6 9 2 11 7 
[00079294] 7 | 3 11 _ 0 10 1 _ 2 _ _ 9 _ 
[00079295] 6 | 3 11 5 0 10 1 _ 2 _ _ 9 _ 
[00079296] 5 | 3 11 5 0 10 1 _ 2 7 _ 9 _ 
[00079297] 4 | 3 11 5 0 10 1 6 2 7 _ 9 _ 
[00079298] 3 | 3 11 5 0 10 1 6 2 7 4 9 _ 
[00079299] 5 | 3 11 5 0 10 1 _ 2 _ _ 9 4 
[00079300] 4 | 3 11 5 0 10 1 6 2 _ _ 9 4 
[00079301] 4 | 3 11 5 0 10 1 _ 2 6 _ 9 4 
[00079302] 3 | 3 11 5 0 10 1 7 2 6 _ 9 4 
[00079303] 2 | 3 11 5 0 10 1 7 2 6 8 9 4 
[00079304] 6 | 3 11 _ 0 10 1 4 2 _ _ 9 _ 
[00079305] 5 | 3 11 6 0 10 1 4 2 _ _ 9 _ 
[00079306] 4 | 3 11 6 0 10 1 4 2 _ _ 9 5 
[00079307] 5 | 3 11 _ 0 10 1 4 2 7 _ 9 _ 
[00079308] 4 | 3 11 7 0 10 1 4 2 7 _ 9 _ 
[00079309] 3 | 3 11 7 0 10 1 4 2 7 _ 9 6 
[00079310] 4 | 3 11 _ 0 10 1 4 2 7 11 9 _ 
[00079311] 3 | 3 11 _ 0 10 1 4 2 7 11 9 6 
[00079312] 4 | 3 11 _ 0 10 1 4 2 7 _ 9 5 
[00079313] 3 | 3 11 8 0 10 1 4 2 7 _ 9 5 
[00079314] 6 | 3 11 _ 0 10 1 _ 2 8 _ 9 _ 
[00079315] 5 | 3 11 6 0 10 1 _ 2 8 _ 9 _ 
[00079316] 4 | 3 11 6 0 10 1 _ 2 8 4 9 _ 
[00079317] 3 | 3 11 6 0 10 1 7 2 8 4 9 _ 
[00079318] 4 | 3 11 6 0 10 1 _ 2 8 _ 9 5 
[00079319] 3 | 3 11 6 0 10 1 7 2 8 _ 9 5 
[00079320] 5 | 3 11 _ 0 10 1 5 2 8 _ 9 _ 
[00079321] 4 | 3 11 7 0 10 1 5 2 8 _ 9 _ 
[00079322] 3 | 3 11 7 0 10 1 5 2 8 _ 9 6 
[00079323] 4 | 3 11 _ 0 10 1 5 2 8 4 9 _ 
[00079324] 3 | 3 11 _ 0 10 1 5 2 8 4 9 6 
[00079325] 5 | 3 11 _ 0 10 1 _ 2 8 _ 9 4 
[00079326] 4 | 3 11 7 0 10 1 _ 2 8 _ 9 4 
[00079327] 3 | 3 11 7 0 10 1 _ 2 8 5 9 4 
[00079328] 4 | 3 11 _ 0 10 1 6 2 8 _ 9 4 
[00079329] 3 | 3 11 8 0 10 1 6 2 8 _ 9 4 
[00079330] 3 | 3 11 _ 0 10 1 6 2 8 5 9 4 
[00079331] 3 | 3 11 _ 0 10 1 6 2 8 11 9 4 
[00079332] 7 | 3 11 _ 0 10 1 _ 9 _ _ 2 _ 
[00079333] 6 | 3 11 5 0 10 1 _ 9 _ _ 2 _ 
[00079334] 5 | 3 11 5 0 10 1 _ 9 4 _ 2 _ 
[00079335] 4 | 3 11 5 0 10 1 6 9 4 _ 2 _ 
[00079336] 3 | 3 11 5 0 10 1 6 9 4 7 2 _ 
[00079337] 4 | 3 11 5 0 10 1 _ 9 4 8 2 _ 
[00079338] 3 | 3 11 5 0 10 1 7 9 4 8 2 _ 
[00079339] 4 | 3 11 5 0 10 1 _ 9 4 _ 2 6 
[00079340] 3 | 3 11 5 0 10 1 7 9 4 _ 2 6 
[00079341] 3 | 3 11 5 0 10 1 _ 9 4 7 2 6 
[00079342] 2 | 3 11 5 0 10 1 8 9 4 7 2 6 
[00079343] 5 | 3 11 5 0 10 1 _ 9 _ _ 2 7 
[00079344] 4 | 3 11 5 0 10 1 6 9 _ _ 2 7 
[00079345] 4 | 3 11 5 0 10 1 _ 9 4 8 2 7 
[00079346] 4 | 3 11 5 0 10 1 _ 9 8 4 2 7 
[00079347] 6 | 3 11 _ 0 10 1 4 9 _ _ 2 _ 
[00079348] 5 | 3 11 6 0 10 1 4 9 _ _ 2 _ 
[00079349] 4 | 3 11 6 0 10 1 4 9 5 _ 2 _ 
[00079350] 3 | 3 11 6 0 10 1 4 9 5 2 2 _ 
[00079351] 3 | 3 11 6 0 10 1 4 9 5 8 2 _ 
[00079352] 3 | 3 11 6 0 10 1 4 9 5 _ 2 5 
[00079353] 5 | 3 11 _ 0 10 1 4 9 _ _ 2 7 
[00079354] 4 | 3 11 _ 0 10 1 4 9 5 _ 2 7 
[00079355] 3 | 3 11 8 0 10 1 4 9 5 _ 2 7 
[00079356] 3 | 3 11 _ 0 10 1 4 9 5 8 2 7 
[00079357] 6 | 3 11 _ 0 10 1 _ 9 _ _ 2 8 
[00079358] 5 | 3 11 6 0 10 1 _ 9 _ _ 2 8 
[00079359] 4 | 3 11 6 0 10 1 _ 9 5 _ 2 8 
[00079360] 3 | 3 11 6 0 10 1 7 9 5 _ 2 8 
[00079361] 5 | 3 11 _ 0 10 1 5 9 _ _ 2 8 
[00079362] 4 | 3 11 7 0 10 1 5 9 _ _ 2 8 
[00079363] 3 | 3 11 7 0 10 1 5 9 6 _ 2 8 
[00079364] 2 | 3 11 7 0 10 1 5 9 6 4 2 8 
[00079365] 5 | 3 11 _ 0 10 1 _ 9 4 _ 2 8 
[00079366] 4 | 3 11 7 0 10 1 _ 9 4 _ 2 8 
[00079367] 4 | 3 11 _ 0 10 1 6 9 4 _ 2 8 
[00079368] 3 | 3 11 _ 0 10 1 6 9 4 7 2 8 
[00079369] 7 | 3 11 _ 0 10 1 _ _ _ _ 2 9 
[00079370] 6 | 3 11 5 0 10 1 _ _ _ _ 2 9 
[00079371] 5 | 3 11 5 0 10 1 _ 7 _ _ 2 9 
[00079372] 4 | 3 11 5 0 10 1 6 7 _ _ 2 9 
[00079373] 3 | 3 11 5 0 10 1 6 7 4 _ 2 9 
[00079374] 4 | 3 11 5 0 10 1 _ 7 4 8 2 9 
[00079375] 4 | 3 11 5 0 10 1 _ 7 8 4 2 9 
[00079376] 6 | 3 11 _ 0 10 1 4 _ _ _ 2 9 
[00079377] 5 | 3 11 6 0 10 1 4 _ _ _ 2 9 
[00079378] 5 | 3 11 _ 0 10 1 4 5 _ _ 2 9 
[00079379] 4 | 3 11 7 0 10 1 4 5 _ _ 2 9 
[00079380] 3 | 3 11 7 0 10 1 4 5 8 _ 2 9 
[00079381] 2 | 3 11 7 0 10 1 4 5 8 6 2 9 
[00079382] 5 | 3 11 _ 0 10 1 4 7 _ _ 2 9 
[00079383] 4 | 3 11 7 0 10 1 4 7 _ _ 2 9 
[00079384] 3 | 3 11 7 0 10 1 4 7 5 8 2 9 
[00079385] 3 | 3 11 7 0 10 1 4 7 8 5 2 9 
[00079386] 4 | 3 11 _ 0 10 1 4 7 11 _ 2 9 
[00079387] 3 | 3 11 8 0 10 1 4 7 11 _ 2 9 
[00079388] 3 | 3 11 _ 0 10 1 4 7 11 8 2 9 
[00079389] 6 | 3 11 _ 0 10 1 _ 6 _ _ 2 9 
[00079390] 5 | 3 11 6 0 10 1 _ 6 _ _ 2 9 
[00079391] 4 | 3 11 6 0 10 1 _ 6 4 8 2 9 
[00079392] 3 | 3 11 6 0 10 1 7 6 4 8 2 9 
[00079393] 4 | 3 11 6 0 10 1 _ 6 8 4 2 9 
[00079394] 3 | 3 11 6 0 10 1 7 6 8 4 2 9 
[00079395] 5 | 3 11 _ 0 10 1 5 6 _ _ 2 9 
[00079396] 4 | 3 11 7 0 10 1 5 6 _ _ 2 9 
[00079397] 4 | 3 11 _ 0 10 1 5 6 4 8 2 9 
[00079398] 4 | 3 11 _ 0 10 1 5 6 8 4 2 9 
[00079399] 5 | 3 11 _ 0 10 1 _ 6 11 _ 2 9 
[00079400] 4 | 3 11 7 0 10 1 _ 6 11 _ 2 9 
[00079401] 4 | 3 11 _ 0 10 1 _ 6 11 7 2 9 
[00079402] 6 | 3 11 _ 0 10 1 _ 8 _ _ 2 9 
[00079403] 5 | 3 11 6 0 10 1 _ 8 _ _ 2 9 
[00079404] 4 | 3 11 6 0 10 1 _ 8 4 _ 2 9 
[00079405] 3 | 3 11 6 0 10 1 7 8 4 _ 2 9 
[00079406] 3 | 3 11 6 0 10 1 _ 8 4 7 2 9 
[00079407] 5 | 3 11 _ 0 10 1 5 8 _ _ 2 9 
[00079408] 4 | 3 11 7 0 10 1 5 8 _ _ 2 9 
[00079409] 4 | 3 11 _ 0 10 1 5 8 4 _ 2 9 
[00079410] 3 | 3 11 _ 0 10 1 5 8 4 7 2 9 
[00079411] 7 | 3 11 _ 0 10 1 _ _ _ _ 9 2 
[00079412] 6 | 3 11 5 0 10 1 _ _ _ _ 9 2 
[00079413] 5 | 3 11 5 0 10 1 _ 4 _ _ 9 2 
[00079414] 4 | 3 11 5 0 10 1 6 4 _ _ 9 2 
[00079415] 3 | 3 11 5 0 10 1 6 4 7 _ 9 2 
[00079416] 4 | 3 11 5 0 10 1 _ 4 8 _ 9 2 
[00079417] 3 | 3 11 5 0 10 1 7 4 8 _ 9 2 
[00079418] 2 | 3 11 5 0 10 1 7 4 8 6 9 2 
[00079419] 6 | 3 11 _ 0 10 1 4 _ _ _ 9 2 
[00079420] 5 | 3 11 6 0 10 1 4 _ _ _ 9 2 
[00079421] 4 | 3 11 6 0 10 1 4 5 _ _ 9 2 
[00079422] 3 | 3 11 6 0 10 1 4 5 8 _ 9 2 
[00079423] 5 | 3 11 _ 0 10 1 4 5 _ _ 9 2 
[00079424] 4 | 3 11 7 0 10 1 4 5 _ _ 9 2 
[00079425] 3 | 3 11 7 0 10 1 4 5 8 _ 9 2 
[00079426] 2 | 3 11 7 0 10 1 4 5 8 6 9 2 
[00079427] 6 | 3 11 _ 0 10 1 _ 6 _ _ 9 2 
[00079428] 5 | 3 11 6 0 10 1 _ 6 _ _ 9 2 
[00079429] 4 | 3 11 6 0 10 1 _ 6 4 8 9 2 
[00079430] 3 | 3 11 6 0 10 1 7 6 4 8 9 2 
[00079431] 4 | 3 11 6 0 10 1 _ 6 8 4 9 2 
[00079432] 3 | 3 11 6 0 10 1 7 6 8 4 9 2 
[00079433] 5 | 3 11 _ 0 10 1 5 6 _ _ 9 2 
[00079434] 4 | 3 11 7 0 10 1 5 6 _ _ 9 2 
[00079435] 4 | 3 11 _ 0 10 1 5 6 4 8 9 2 
[00079436] 4 | 3 11 _ 0 10 1 5 6 8 4 9 2 
[00079437] 5 | 3 11 _ 0 10 1 _ 6 11 _ 9 2 
[00079438] 4 | 3 11 7 0 10 1 _ 6 11 _ 9 2 
[00079439] 4 | 3 11 _ 0 10 1 _ 6 11 7 9 2 
[00079440] 8 | _ 11 3 0 10 1 _ _ _ _ _ _ 
[00079441] 7 | 4 11 3 0 10 1 _ _ _ _ _ _ 
[00079442] 6 | 4 11 3 0 10 1 _ 6 _ _ _ _ 
[00079443] 5 | 4 11 3 0 10 1 5 6 _ _ _ _ 
[00079444] 4 | 4 11 3 0 10 1 5 6 2 _ _ _ 
[00079445] 3 | 4 11 3 0 10 1 5 6 2 _ 9 _ 
[00079446] 2 | 4 11 3 0 10 1 5 6 2 _ 9 7 
[00079447] 4 | 4 11 3 0 10 1 5 6 _ _ 2 _ 
[00079448] 3 | 4 11 3 0 10 1 5 6 9 _ 2 _ 
[00079449] 2 | 4 11 3 0 10 1 5 6 9 7 2 _ 
[00079450] 5 | 4 11 3 0 10 1 _ 6 2 7 _ _ 
[00079451] 4 | 4 11 3 0 10 1 6 6 2 7 _ _ 
[00079452] 3 | 4 11 3 0 10 1 6 6 2 7 5 8 
[00079453] 3 | 4 11 3 0 10 1 6 6 2 7 8 5 
[00079454] 4 | 4 11 3 0 10 1 _ 6 2 7 10 _ 
[00079455] 4 | 4 11 3 0 10 1 _ 6 2 7 5 9 
[00079456] 4 | 4 11 3 0 10 1 _ 6 2 7 9 5 
[00079457] 5 | 4 11 3 0 10 1 _ 6 7 2 _ _ 
[00079458] 4 | 4 11 3 0 10 1 6 6 7 2 _ _ 
[00079459] 3 | 4 11 3 0 10 1 6 6 7 2 5 8 
[00079460] 3 | 4 11 3 0 10 1 6 6 7 2 8 5 
[00079461] 4 | 4 11 3 0 10 1 _ 6 7 2 10 _ 
[00079462] 4 | 4 11 3 0 10 1 _ 6 7 2 5 9 
[00079463] 4 | 4 11 3 0 10 1 _ 6 7 2 9 5 
[00079464] 5 | 4 11 3 0 10 1 _ 6 _ _ 2 7 
[00079465] 4 | 4 11 3 0 10 1 6 6 _ _ 2 7 
[00079466] 3 | 4 11 3 0 10 1 6 6 5 8 2 7 
[00079467] 3 | 4 11 3 0 10 1 6 6 8 5 2 7 
[00079468] 4 | 4 11 3 0 10 1 _ 6 10 _ 2 7 
[00079469] 4 | 4 11 3 0 10 1 _ 6 5 9 2 7 
[00079470] 4 | 4 11 3 0 10 1 _ 6 9 5 2 7 
[00079471] 5 | 4 11 3 0 10 1 _ 6 _ _ 7 2 
[00079472] 4 | 4 11 3 0 10 1 6 6 _ _ 7 2 
[00079473] 3 | 4 11 3 0 10 1 6 6 5 8 7 2 
[00079474] 3 | 4 11 3 0 10 1 6 6 8 5 7 2 
[00079475] 4 | 4 11 3 0 10 1 _ 6 10 _ 7 2 
[00079476] 4 | 4 11 3 0 10 1 _ 6 5 9 7 2 
[00079477] 4 | 4 11 3 0 10 1 _ 6 9 5 7 2 
[00079478] 6 | 4 11 3 0 10 1 _ 2 8 _ _ _ 
[00079479] 5 | 4 11 3 0 10 1 5 2 8 _ _ _ 
[00079480] 4 | 4 11 3 0 10 1 5 2 8 _ 6 _ 
[00079481] 3 | 4 11 3 0 10 1 5 2 8 _ 6 9 
[00079482] 5 | 4 11 3 0 10 1 _ 2 8 _ 7 _ 
[00079483] 4 | 4 11 3 0 10 1 6 2 8 _ 7 _ 
[00079484] 3 | 4 11 3 0 10 1 6 2 8 5 7 _ 
[00079485] 2 | 4 11 3 0 10 1 6 2 8 5 7 9 
[00079486] 6 | 4 11 3 0 10 1 _ 8 2 _ _ _ 
[00079487] 5 | 4 11 3 0 10 1 5 8 2 _ _ _ 
[00079488] 4 | 4 11 3 0 10 1 5 8 2 6 _ _ 
[00079489] 5 | 4 11 3 0 10 1 _ 8 2 7 _ _ 
[00079490] 4 | 4 11 3 0 10 1 6 8 2 7 _ _ 
[00079491] 3 | 4 11 3 0 10 1 6 8 2 7 5 _ 
[00079492] 4 | 4 11 3 0 10 1 _ 8 2 7 5 9 
[00079493] 4 | 4 11 3 0 10 1 _ 8 2 7 9 5 
[00079494] 6 | 4 11 3 0 10 1 _ _ 2 8 _ _ 
[00079495] 5 | 4 11 3 0 10 1 5 _ 2 8 _ _ 
[00079496] 4 | 4 11 3 0 10 1 5 6 2 8 _ _ 
[00079497] 3 | 4 11 3 0 10 1 5 6 2 8 9 _ 
[00079498] 2 | 4 11 3 0 10 1 5 6 2 8 9 7 
[00079499] 5 | 4 11 3 0 10 1 _ 5 2 8 _ _ 
[00079500] 4 | 4 11 3 0 10 1 6 5 2 8 _ _ 
[00079501] 4 | 4 11 3 0 10 1 _ 5 2 8 9 _ 
[00079502] 3 | 4 11 3 0 10 1 7 5 2 8 9 _ 
[00079503] 3 | 4 11 3 0 10 1 _ 5 2 8 9 6 
[00079504] 5 | 4 11 3 0 10 1 _ 7 2 8 _ _ 
[00079505] 4 | 4 11 3 0 10 1 6 7 2 8 _ _ 
[00079506] 4 | 4 11 3 0 10 1 _ 7 2 8 5 9 
[00079507] 4 | 4 11 3 0 10 1 _ 7 2 8 9 5 
[00079508] 6 | 4 11 3 0 10 1 _ _ 8 2 _ _ 
[00079509] 5 | 4 11 3 0 10 1 5 _ 8 2 _ _ 
[00079510] 5 | 4 11 3 0 10 1 _ 5 8 2 _ _ 
[00079511] 4 | 4 11 3 0 10 1 6 5 8 2 _ _ 
[00079512] 4 | 4 11 3 0 10 1 _ 5 8 2 9 _ 
[00079513] 3 | 4 11 3 0 10 1 7 5 8 2 9 _ 
[00079514] 3 | 4 11 3 0 10 1 _ 5 8 2 9 6 
[00079515] 6 | 4 11 3 0 10 1 _ 2 _ _ 8 _ 
[00079516] 5 | 4 11 3 0 10 1 5 2 _ _ 8 _ 
[00079517] 4 | 4 11 3 0 10 1 5 2 6 _ 8 _ 
[00079518] 3 | 4 11 3 0 10 1 5 2 6 9 8 _ 
[00079519] 5 | 4 11 3 0 10 1 _ 2 7 _ 8 _ 
[00079520] 4 | 4 11 3 0 10 1 6 2 7 _ 8 _ 
[00079521] 3 | 4 11 3 0 10 1 6 2 7 _ 8 5 
[00079522] 2 | 4 11 3 0 10 1 6 2 7 9 8 5 
[00079523] 6 | 4 11 3 0 10 1 _ 8 _ _ 2 _ 
[00079524] 5 | 4 11 3 0 10 1 5 8 _ _ 2 _ 
[00079525] 4 | 4 11 3 0 10 1 5 8 _ _ 2 6 
[00079526] 5 | 4 11 3 0 10 1 _ 8 _ _ 2 7 
[00079527] 4 | 4 11 3 0 10 1 6 8 _ _ 2 7 
[00079528] 3 | 4 11 3 0 10 1 6 8 5 _ 2 7 
[00079529] 4 | 4 11 3 0 10 1 _ 8 5 9 2 7 
[00079530] 4 | 4 11 3 0 10 1 _ 8 9 5 2 7 
[00079531] 6 | 4 11 3 0 10 1 _ _ _ _ 2 8 
[00079532] 5 | 4 11 3 0 10 1 5 _ _ _ 2 8 
[00079533] 4 | 4 11 3 0 10 1 5 6 _ _ 2 8 
[00079534] 3 | 4 11 3 0 10 1 5 6 9 _ 2 8 
[00079535] 2 | 4 11 3 0 10 1 5 6 9 7 2 8 
[00079536] 5 | 4 11 3 0 10 1 _ 5 _ _ 2 8 
[00079537] 4 | 4 11 3 0 10 1 6 5 _ _ 2 8 
[00079538] 4 | 4 11 3 0 10 1 _ 5 9 _ 2 8 
[00079539] 3 | 4 11 3 0 10 1 7 5 9 _ 2 8 
[00079540] 3 | 4 11 3 0 10 1 _ 5 9 6 2 8 
[00079541] 5 | 4 11 3 0 10 1 _ 7 _ _ 2 8 
[00079542] 4 | 4 11 3 0 10 1 6 7 _ _ 2 8 
[00079543] 4 | 4 11 3 0 10 1 _ 7 5 9 2 8 
[00079544] 4 | 4 11 3 0 10 1 _ 7 9 5 2 8 
[00079545] 6 | 4 11 3 0 10 1 _ _ _ _ 8 2 
[00079546] 5 | 4 11 3 0 10 1 5 _ _ _ 8 2 
[00079547] 5 | 4 11 3 0 10 1 _ 5 _ _ 8 2 
[00079548] 4 | 4 11 3 0 10 1 6 5 _ _ 8 2 
[00079549] 4 | 4 11 3 0 10 1 _ 5 9 _ 8 2 
[00079550] 3 | 4 11 3 0 10 1 7 5 9 _ 8 2 
[00079551] 3 | 4 11 3 0 10 1 _ 5 9 6 8 2 
[00079552] 7 | _ 11 3 0 10 1 _ 7 _ _ _ _ 
[00079553] 6 | 5 11 3 0 10 1 _ 7 _ _ _ _ 
[00079554] 5 | 5 11 3 0 10 1 _ 7 2 _ _ _ 
[00079555] 4 | 5 11 3 0 10 1 6 7 2 _ _ _ 
[00079556] 3 | 5 11 3 0 10 1 6 7 2 _ 4 _ 
[00079557] 2 | 5 11 3 0 10 1 6 7 2 4 4 _ 
[00079558] 2 | 5 11 3 0 10 1 6 7 2 _ 4 2 
[00079559] 4 | 5 11 3 0 10 1 _ 7 2 6 _ _ 
[00079560] 3 | 5 11 3 0 10 1 7 7 2 6 _ _ 
[00079561] 3 | 5 11 3 0 10 1 _ 7 2 6 4 _ 
[00079562] 2 | 5 11 3 0 10 1 8 7 2 6 4 _ 
[00079563] 3 | 5 11 3 0 10 1 _ 7 2 6 10 _ 
[00079564] 2 | 5 11 3 0 10 1 8 7 2 6 10 _ 
[00079565] 2 | 5 11 3 0 10 1 _ 7 2 6 10 8 
[00079566] 4 | 5 11 3 0 10 1 _ 7 2 _ 4 8 
[00079567] 4 | 5 11 3 0 10 1 _ 7 2 _ 8 4 
[00079568] 5 | 5 11 3 0 10 1 _ 7 4 9 _ _ 
[00079569] 4 | 5 11 3 0 10 1 6 7 4 9 _ _ 
[00079570] 4 | 5 11 3 0 10 1 _ 7 4 9 2 6 
[00079571] 4 | 5 11 3 0 10 1 _ 7 4 9 6 2 
[00079572] 5 | 5 11 3 0 10 1 _ 7 9 4 _ _ 
[00079573] 4 | 5 11 3 0 10 1 6 7 9 4 _ _ 
[00079574] 4 | 5 11 3 0 10 1 _ 7 9 4 2 6 
[00079575] 4 | 5 11 3 0 10 1 _ 7 9 4 6 2 
[00079576] 5 | 5 11 3 0 10 1 _ 7 _ _ 2 _ 
[00079577] 4 | 5 11 3 0 10 1 6 7 _ _ 2 _ 
[00079578] 3 | 5 11 3 0 10 1 6 7 4 _ 2 _ 
[00079579] 2 | 5 11 3 0 10 1 6 7 4 2 2 _ 
[00079580] 2 | 5 11 3 0 10 1 6 7 4 _ 2 4 
[00079581] 4 | 5 11 3 0 10 1 _ 7 4 8 2 _ 
[00079582] 4 | 5 11 3 0 10 1 _ 7 8 4 2 _ 
[00079583] 4 | 5 11 3 0 10 1 _ 7 _ _ 2 6 
[00079584] 3 | 5 11 3 0 10 1 7 7 _ _ 2 6 
[00079585] 3 | 5 11 3 0 10 1 _ 7 4 _ 2 6 
[00079586] 2 | 5 11 3 0 10 1 8 7 4 _ 2 6 
[00079587] 3 | 5 11 3 0 10 1 _ 7 10 _ 2 6 
[00079588] 2 | 5 11 3 0 10 1 8 7 10 _ 2 6 
[00079589] 2 | 5 11 3 0 10 1 _ 7 10 8 2 6 
[00079590] 5 | 5 11 3 0 10 1 _ 7 _ _ 4 9 
[00079591] 4 | 5 11 3 0 10 1 6 7 _ _ 4 9 
[00079592] 4 | 5 11 3 0 10 1 _ 7 2 6 4 9 
[00079593] 4 | 5 11 3 0 10 1 _ 7 6 2 4 9 
[00079594] 5 | 5 11 3 0 10 1 _ 7 _ _ 9 4 
[00079595] 4 | 5 11 3 0 10 1 6 7 _ _ 9 4 
[00079596] 4 | 5 11 3 0 10 1 _ 7 2 6 9 4 
[00079597] 4 | 5 11 3 0 10 1 _ 7 6 2 9 4 
[00079598] 6 | _ 11 3 0 10 1 4 7 _ _ _ _ 
[00079599] 5 | 6 11 3 0 10 1 4 7 _ _ _ _ 
[00079600] 4 | 6 11 3 0 10 1 4 7 5 9 _ _ 
[00079601] 4 | 6 11 3 0 10 1 4 7 9 5 _ _ 
[00079602] 4 | 6 11 3 0 10 1 4 7 _ _ 5 9 
[00079603] 4 | 6 11 3 0 10 1 4 7 _ _ 9 5 
[00079604] 5 | _ 11 3 0 10 1 4 7 2 _ _ _ 
[00079605] 4 | 7 11 3 0 10 1 4 7 2 _ _ _ 
[00079606] 3 | 7 11 3 0 10 1 4 7 2 5 _ _ 
[00079607] 2 | 7 11 3 0 10 1 4 7 2 5 6 8 
[00079608] 1 | 7 11 3 0 10 1 4 7 2 5 6 8  *Graceful*
[00079608] 2 | 7 11 3 0 10 1 4 7 2 5 8 6 
[00079609] 1 | 7 11 3 0 10 1 4 7 2 5 8 6  *Graceful*
[00079609] 3 | 7 11 3 0 10 1 4 7 2 _ 5 8 
[00079610] 3 | 7 11 3 0 10 1 4 7 2 _ 6 9 
[00079611] 3 | 7 11 3 0 10 1 4 7 2 _ 8 5 
[00079612] 3 | 7 11 3 0 10 1 4 7 2 _ 9 6 
[00079613] 4 | _ 11 3 0 10 1 4 7 2 6 _ _ 
[00079614] 3 | 8 11 3 0 10 1 4 7 2 6 _ _ 
[00079615] 2 | 8 11 3 0 10 1 4 7 2 6 5 _ 
[00079616] 2 | 8 11 3 0 10 1 4 7 2 6 9 _ 
[00079617] 3 | _ 11 3 0 10 1 4 7 2 6 5 8 
[00079618] 2 | 9 11 3 0 10 1 4 7 2 6 5 8 
[00079619] 3 | _ 11 3 0 10 1 4 7 2 6 8 5 
[00079620] 2 | 9 11 3 0 10 1 4 7 2 6 8 5 
[00079621] 1 | 9 11 3 0 10 1 4 7 2 6 8 5  *Graceful*
[00079621] 4 | _ 11 3 0 10 1 4 7 2 _ 11 _ 
[00079622] 3 | 8 11 3 0 10 1 4 7 2 _ 11 _ 
[00079623] 3 | _ 11 3 0 10 1 4 7 2 5 11 _ 
[00079624] 2 | 9 11 3 0 10 1 4 7 2 5 11 _ 
[00079625] 2 | _ 11 3 0 10 1 4 7 2 5 11 9 
[00079626] 3 | _ 11 3 0 10 1 4 7 2 _ 11 8 
[00079627] 4 | _ 11 3 0 10 1 4 7 2 _ 5 9 
[00079628] 3 | 8 11 3 0 10 1 4 7 2 _ 5 9 
[00079629] 4 | _ 11 3 0 10 1 4 7 2 _ 9 5 
[00079630] 3 | 8 11 3 0 10 1 4 7 2 _ 9 5 
[00079631] 5 | _ 11 3 0 10 1 4 7 _ _ 2 _ 
[00079632] 4 | 7 11 3 0 10 1 4 7 _ _ 2 _ 
[00079633] 3 | 7 11 3 0 10 1 4 7 5 8 2 _ 
[00079634] 3 | 7 11 3 0 10 1 4 7 6 9 2 _ 
[00079635] 3 | 7 11 3 0 10 1 4 7 8 5 2 _ 
[00079636] 3 | 7 11 3 0 10 1 4 7 9 6 2 _ 
[00079637] 3 | 7 11 3 0 10 1 4 7 _ _ 2 5 
[00079638] 2 | 7 11 3 0 10 1 4 7 6 8 2 5 
[00079639] 1 | 7 11 3 0 10 1 4 7 6 8 2 5  *Graceful*
[00079639] 2 | 7 11 3 0 10 1 4 7 8 6 2 5 
[00079640] 1 | 7 11 3 0 10 1 4 7 8 6 2 5  *Graceful*
[00079640] 4 | _ 11 3 0 10 1 4 7 11 _ 2 _ 
[00079641] 3 | 8 11 3 0 10 1 4 7 11 _ 2 _ 
[00079642] 3 | _ 11 3 0 10 1 4 7 11 8 2 _ 
[00079643] 3 | _ 11 3 0 10 1 4 7 11 _ 2 5 
[00079644] 2 | 9 11 3 0 10 1 4 7 11 _ 2 5 
[00079645] 2 | _ 11 3 0 10 1 4 7 11 9 2 5 
[00079646] 4 | _ 11 3 0 10 1 4 7 5 9 2 _ 
[00079647] 3 | 8 11 3 0 10 1 4 7 5 9 2 _ 
[00079648] 4 | _ 11 3 0 10 1 4 7 9 5 2 _ 
[00079649] 3 | 8 11 3 0 10 1 4 7 9 5 2 _ 
[00079650] 4 | _ 11 3 0 10 1 4 7 _ _ 2 6 
[00079651] 3 | 8 11 3 0 10 1 4 7 _ _ 2 6 
[00079652] 2 | 8 11 3 0 10 1 4 7 5 _ 2 6 
[00079653] 2 | 8 11 3 0 10 1 4 7 9 _ 2 6 
[00079654] 3 | _ 11 3 0 10 1 4 7 5 8 2 6 
[00079655] 2 | 9 11 3 0 10 1 4 7 5 8 2 6 
[00079656] 3 | _ 11 3 0 10 1 4 7 8 5 2 6 
[00079657] 2 | 9 11 3 0 10 1 4 7 8 5 2 6 
[00079658] 1 | 9 11 3 0 10 1 4 7 8 5 2 6  *Graceful*
[00079658] 6 | _ 11 3 0 10 1 _ 7 2 8 _ _ 
[00079659] 5 | 6 11 3 0 10 1 _ 7 2 8 _ _ 
[00079660] 4 | 6 11 3 0 10 1 _ 7 2 8 5 9 
[00079661] 4 | 6 11 3 0 10 1 _ 7 2 8 9 5 
[00079662] 5 | _ 11 3 0 10 1 5 7 2 8 _ _ 
[00079663] 4 | 7 11 3 0 10 1 5 7 2 8 _ _ 
[00079664] 3 | 7 11 3 0 10 1 5 7 2 8 6 9 
[00079665] 3 | 7 11 3 0 10 1 5 7 2 8 9 6 
[00079666] 4 | _ 11 3 0 10 1 5 7 2 8 11 _ 
[00079667] 5 | _ 11 3 0 10 1 _ 7 2 8 4 9 
[00079668] 4 | _ 11 3 0 10 1 6 7 2 8 4 9 
[00079669] 5 | _ 11 3 0 10 1 _ 7 2 8 9 4 
[00079670] 4 | _ 11 3 0 10 1 6 7 2 8 9 4 
[00079671] 6 | _ 11 3 0 10 1 _ 7 8 2 _ _ 
[00079672] 5 | 6 11 3 0 10 1 _ 7 8 2 _ _ 
[00079673] 4 | 6 11 3 0 10 1 _ 7 8 2 5 9 
[00079674] 4 | 6 11 3 0 10 1 _ 7 8 2 9 5 
[00079675] 5 | _ 11 3 0 10 1 5 7 8 2 _ _ 
[00079676] 4 | 7 11 3 0 10 1 5 7 8 2 _ _ 
[00079677] 3 | 7 11 3 0 10 1 5 7 8 2 6 9 
[00079678] 3 | 7 11 3 0 10 1 5 7 8 2 9 6 
[00079679] 4 | _ 11 3 0 10 1 5 7 8 2 11 _ 
[00079680] 5 | _ 11 3 0 10 1 _ 7 8 2 4 9 
[00079681] 4 | _ 11 3 0 10 1 6 7 8 2 4 9 
[00079682] 5 | _ 11 3 0 10 1 _ 7 8 2 9 4 
[00079683] 4 | _ 11 3 0 10 1 6 7 8 2 9 4 
[00079684] 6 | _ 11 3 0 10 1 _ 7 _ _ 2 8 
[00079685] 5 | 6 11 3 0 10 1 _ 7 _ _ 2 8 
[00079686] 4 | 6 11 3 0 10 1 _ 7 5 9 2 8 
[00079687] 4 | 6 11 3 0 10 1 _ 7 9 5 2 8 
[00079688] 5 | _ 11 3 0 10 1 5 7 _ _ 2 8 
[00079689] 4 | 7 11 3 0 10 1 5 7 _ _ 2 8 
[00079690] 3 | 7 11 3 0 10 1 5 7 6 9 2 8 
[00079691] 3 | 7 11 3 0 10 1 5 7 9 6 2 8 
[00079692] 4 | _ 11 3 0 10 1 5 7 11 _ 2 8 
[00079693] 5 | _ 11 3 0 10 1 _ 7 4 9 2 8 
[00079694] 4 | _ 11 3 0 10 1 6 7 4 9 2 8 
[00079695] 5 | _ 11 3 0 10 1 _ 7 9 4 2 8 
[00079696] 4 | _ 11 3 0 10 1 6 7 9 4 2 8 
[00079697] 6 | _ 11 3 0 10 1 _ 7 _ _ 8 2 
[00079698] 5 | 6 11 3 0 10 1 _ 7 _ _ 8 2 
[00079699] 4 | 6 11 3 0 10 1 _ 7 5 9 8 2 
[00079700] 4 | 6 11 3 0 10 1 _ 7 9 5 8 2 
[00079701] 5 | _ 11 3 0 10 1 5 7 _ _ 8 2 
[00079702] 4 | 7 11 3 0 10 1 5 7 _ _ 8 2 
[00079703] 3 | 7 11 3 0 10 1 5 7 6 9 8 2 
[00079704] 3 | 7 11 3 0 10 1 5 7 9 6 8 2 
[00079705] 4 | _ 11 3 0 10 1 5 7 11 _ 8 2 
[00079706] 5 | _ 11 3 0 10 1 _ 7 4 9 8 2 
[00079707] 4 | _ 11 3 0 10 1 6 7 4 9 8 2 
[00079708] 5 | _ 11 3 0 10 1 _ 7 9 4 8 2 
[00079709] 4 | _ 11 3 0 10 1 6 7 9 4 8 2 
[00079710] 7 | _ 11 3 0 10 1 _ 2 9 _ _ _ 
[00079711] 6 | 5 11 3 0 10 1 _ 2 9 _ _ _ 
[00079712] 5 | 5 11 3 0 10 1 _ 2 9 4 _ _ 
[00079713] 4 | 5 11 3 0 10 1 6 2 9 4 _ _ 
[00079714] 4 | 5 11 3 0 10 1 _ 2 9 4 6 _ 
[00079715] 3 | 5 11 3 0 10 1 7 2 9 4 6 _ 
[00079716] 2 | 5 11 3 0 10 1 7 2 9 4 6 8 
[00079717] 5 | 5 11 3 0 10 1 _ 2 9 _ 7 _ 
[00079718] 4 | 5 11 3 0 10 1 6 2 9 _ 7 _ 
[00079719] 3 | 5 11 3 0 10 1 6 2 9 _ 7 4 
[00079720] 6 | _ 11 3 0 10 1 4 2 9 _ _ _ 
[00079721] 5 | 6 11 3 0 10 1 4 2 9 _ _ _ 
[00079722] 4 | 6 11 3 0 10 1 4 2 9 5 _ _ 
[00079723] 5 | _ 11 3 0 10 1 4 2 9 _ 7 _ 
[00079724] 4 | 7 11 3 0 10 1 4 2 9 _ 7 _ 
[00079725] 3 | 7 11 3 0 10 1 4 2 9 6 7 _ 
[00079726] 4 | _ 11 3 0 10 1 4 2 9 5 7 _ 
[00079727] 3 | 8 11 3 0 10 1 4 2 9 5 7 _ 
[00079728] 4 | _ 11 3 0 10 1 4 2 9 _ 7 11 
