[00287850] 5 | 8 1 9 11 7 2 _ 0 4 10 9 _ 
[00287851] 4 | 8 1 9 11 7 2 3 0 4 10 9 _ 
[00287852] 5 | 8 1 9 11 2 _ 7 0 4 10 9 _ 
[00287853] 4 | 8 1 9 11 2 6 7 0 4 10 9 _ 
[00287854] 5 | 8 1 9 11 7 _ 2 0 4 10 9 _ 
[00287855] 4 | 8 1 9 11 7 3 2 0 4 10 9 _ 
[00287856] 6 | 8 1 9 11 _ _ _ 0 10 4 9 _ 
[00287857] 5 | 8 1 9 11 6 _ _ 0 10 4 9 _ 
[00287858] 4 | 8 1 9 11 6 2 _ 0 10 4 9 _ 
[00287859] 3 | 8 1 9 11 6 2 3 0 10 4 9 _ 
[00287860] 4 | 8 1 9 11 6 _ 2 0 10 4 9 _ 
[00287861] 3 | 8 1 9 11 6 3 2 0 10 4 9 _ 
[00287862] 5 | 8 1 9 11 2 7 _ 0 10 4 9 _ 
[00287863] 4 | 8 1 9 11 2 7 6 0 10 4 9 _ 
[00287864] 5 | 8 1 9 11 7 2 _ 0 10 4 9 _ 
[00287865] 4 | 8 1 9 11 7 2 3 0 10 4 9 _ 
[00287866] 5 | 8 1 9 11 2 _ 7 0 10 4 9 _ 
[00287867] 4 | 8 1 9 11 2 6 7 0 10 4 9 _ 
[00287868] 5 | 8 1 9 11 7 _ 2 0 10 4 9 _ 
[00287869] 4 | 8 1 9 11 7 3 2 0 10 4 9 _ 
[00287870] 7 | _ 1 9 11 4 _ _ 0 _ _ 9 _ 
[00287871] 6 | 7 1 9 11 4 _ _ 0 _ _ 9 _ 
[00287872] 5 | 7 1 9 11 4 _ _ 0 5 _ 9 _ 
[00287873] 4 | 7 1 9 11 4 8 _ 0 5 _ 9 _ 
[00287874] 3 | 7 1 9 11 4 8 _ 0 5 2 9 _ 
[00287875] 2 | 7 1 9 11 4 8 6 0 5 2 9 _ 
[00287876] 4 | 7 1 9 11 4 _ 8 0 5 _ 9 _ 
[00287877] 3 | 7 1 9 11 4 _ 8 0 5 2 9 _ 
[00287878] 2 | 7 1 9 11 4 6 8 0 5 2 9 _ 
[00287879] 5 | 7 1 9 11 4 _ _ 0 3 8 9 _ 
[00287880] 5 | 7 1 9 11 4 _ _ 0 5 10 9 _ 
[00287881] 4 | 7 1 9 11 4 8 _ 0 5 10 9 _ 
[00287882] 4 | 7 1 9 11 4 _ 8 0 5 10 9 _ 
[00287883] 5 | 7 1 9 11 4 _ _ 0 8 3 9 _ 
[00287884] 5 | 7 1 9 11 4 _ _ 0 10 5 9 _ 
[00287885] 4 | 7 1 9 11 4 8 _ 0 10 5 9 _ 
[00287886] 4 | 7 1 9 11 4 _ 8 0 10 5 9 _ 
[00287887] 6 | _ 1 9 11 4 10 _ 0 _ _ 9 _ 
[00287888] 5 | 6 1 9 11 4 10 _ 0 _ _ 9 _ 
[00287889] 4 | 6 1 9 11 4 10 0 0 _ _ 9 _ 
[00287890] 3 | 6 1 9 11 4 10 0 0 2 5 9 _ 
[00287891] 3 | 6 1 9 11 4 10 0 0 5 8 9 _ 
[00287892] 3 | 6 1 9 11 4 10 0 0 5 2 9 _ 
[00287893] 3 | 6 1 9 11 4 10 0 0 8 5 9 _ 
[00287894] 4 | 6 1 9 11 4 10 8 0 _ _ 9 _ 
[00287895] 3 | 6 1 9 11 4 10 8 0 3 _ 9 _ 
[00287896] 2 | 6 1 9 11 4 10 8 0 3 5 9 _ 
[00287897] 3 | 6 1 9 11 4 10 8 0 2 5 9 _ 
[00287898] 3 | 6 1 9 11 4 10 8 0 5 2 9 _ 
[00287899] 4 | 6 1 9 11 4 10 _ 0 4 _ 9 _ 
[00287900] 3 | 6 1 9 11 4 10 7 0 4 _ 9 _ 
[00287901] 3 | 6 1 9 11 4 10 _ 0 4 7 9 _ 
[00287902] 4 | 6 1 9 11 4 10 _ 0 3 7 9 _ 
[00287903] 4 | 6 1 9 11 4 10 _ 0 7 3 9 _ 
[00287904] 5 | _ 1 9 11 4 10 _ 0 5 _ 9 _ 
[00287905] 4 | 5 1 9 11 4 10 _ 0 5 _ 9 _ 
[00287906] 3 | 5 1 9 11 4 10 7 0 5 _ 9 _ 
[00287907] 4 | _ 1 9 11 4 10 8 0 5 _ 9 _ 
[00287908] 3 | _ 1 9 11 4 10 8 0 5 2 9 _ 
[00287909] 2 | 3 1 9 11 4 10 8 0 5 2 9 _ 
[00287910] 4 | _ 1 9 11 4 10 _ 0 5 1 9 _ 
[00287911] 3 | _ 1 9 11 4 10 7 0 5 1 9 _ 
[00287912] 5 | _ 1 9 11 4 10 _ 0 2 7 9 _ 
[00287913] 4 | 5 1 9 11 4 10 _ 0 2 7 9 _ 
[00287914] 4 | _ 1 9 11 4 10 8 0 2 7 9 _ 
[00287915] 5 | _ 1 9 11 4 10 _ 0 3 8 9 _ 
[00287916] 4 | 5 1 9 11 4 10 _ 0 3 8 9 _ 
[00287917] 3 | 5 1 9 11 4 10 7 0 3 8 9 _ 
[00287918] 5 | _ 1 9 11 4 10 _ 0 7 2 9 _ 
[00287919] 4 | 5 1 9 11 4 10 _ 0 7 2 9 _ 
[00287920] 4 | _ 1 9 11 4 10 8 0 7 2 9 _ 
[00287921] 5 | _ 1 9 11 4 10 _ 0 8 3 9 _ 
[00287922] 4 | 5 1 9 11 4 10 _ 0 8 3 9 _ 
[00287923] 3 | 5 1 9 11 4 10 7 0 8 3 9 _ 
[00287924] 6 | _ 1 9 11 4 _ 10 0 _ _ 9 _ 
[00287925] 5 | 6 1 9 11 4 _ 10 0 _ _ 9 _ 
[00287926] 4 | 6 1 9 11 4 0 10 0 _ _ 9 _ 
[00287927] 3 | 6 1 9 11 4 0 10 0 2 5 9 _ 
[00287928] 3 | 6 1 9 11 4 0 10 0 5 8 9 _ 
[00287929] 3 | 6 1 9 11 4 0 10 0 5 2 9 _ 
[00287930] 3 | 6 1 9 11 4 0 10 0 8 5 9 _ 
[00287931] 4 | 6 1 9 11 4 8 10 0 _ _ 9 _ 
[00287932] 3 | 6 1 9 11 4 8 10 0 3 _ 9 _ 
[00287933] 2 | 6 1 9 11 4 8 10 0 3 5 9 _ 
[00287934] 3 | 6 1 9 11 4 8 10 0 2 5 9 _ 
[00287935] 3 | 6 1 9 11 4 8 10 0 5 2 9 _ 
[00287936] 4 | 6 1 9 11 4 _ 10 0 4 _ 9 _ 
[00287937] 3 | 6 1 9 11 4 7 10 0 4 _ 9 _ 
[00287938] 3 | 6 1 9 11 4 _ 10 0 4 7 9 _ 
[00287939] 4 | 6 1 9 11 4 _ 10 0 3 7 9 _ 
[00287940] 4 | 6 1 9 11 4 _ 10 0 7 3 9 _ 
[00287941] 5 | _ 1 9 11 4 _ 10 0 5 _ 9 _ 
[00287942] 4 | 5 1 9 11 4 _ 10 0 5 _ 9 _ 
[00287943] 3 | 5 1 9 11 4 7 10 0 5 _ 9 _ 
[00287944] 4 | _ 1 9 11 4 8 10 0 5 _ 9 _ 
[00287945] 3 | _ 1 9 11 4 8 10 0 5 2 9 _ 
[00287946] 2 | 3 1 9 11 4 8 10 0 5 2 9 _ 
[00287947] 4 | _ 1 9 11 4 _ 10 0 5 1 9 _ 
[00287948] 3 | _ 1 9 11 4 7 10 0 5 1 9 _ 
[00287949] 5 | _ 1 9 11 4 _ 10 0 2 7 9 _ 
[00287950] 4 | 5 1 9 11 4 _ 10 0 2 7 9 _ 
[00287951] 4 | _ 1 9 11 4 8 10 0 2 7 9 _ 
[00287952] 5 | _ 1 9 11 4 _ 10 0 3 8 9 _ 
[00287953] 4 | 5 1 9 11 4 _ 10 0 3 8 9 _ 
[00287954] 3 | 5 1 9 11 4 7 10 0 3 8 9 _ 
[00287955] 5 | _ 1 9 11 4 _ 10 0 7 2 9 _ 
[00287956] 4 | 5 1 9 11 4 _ 10 0 7 2 9 _ 
[00287957] 4 | _ 1 9 11 4 8 10 0 7 2 9 _ 
[00287958] 5 | _ 1 9 11 4 _ 10 0 8 3 9 _ 
[00287959] 4 | 5 1 9 11 4 _ 10 0 8 3 9 _ 
[00287960] 3 | 5 1 9 11 4 7 10 0 8 3 9 _ 
[00287961] 6 | _ 1 9 11 4 _ _ 0 6 _ 9 _ 
[00287962] 5 | 6 1 9 11 4 _ _ 0 6 _ 9 _ 
[00287963] 4 | 6 1 9 11 4 8 _ 0 6 _ 9 _ 
[00287964] 3 | 6 1 9 11 4 8 7 0 6 _ 9 _ 
[00287965] 4 | 6 1 9 11 4 _ 8 0 6 _ 9 _ 
[00287966] 3 | 6 1 9 11 4 7 8 0 6 _ 9 _ 
[00287967] 5 | _ 1 9 11 4 _ _ 0 6 1 9 _ 
[00287968] 4 | _ 1 9 11 4 8 _ 0 6 1 9 _ 
[00287969] 3 | _ 1 9 11 4 8 7 0 6 1 9 _ 
[00287970] 4 | _ 1 9 11 4 _ 8 0 6 1 9 _ 
[00287971] 3 | _ 1 9 11 4 7 8 0 6 1 9 _ 
[00287972] 6 | _ 1 9 11 4 _ _ 0 2 8 9 _ 
[00287973] 5 | 6 1 9 11 4 _ _ 0 2 8 9 _ 
[00287974] 6 | _ 1 9 11 4 _ _ 0 8 2 9 _ 
[00287975] 5 | 6 1 9 11 4 _ _ 0 8 2 9 _ 
[00287976] 7 | _ 1 9 11 3 10 _ 0 _ _ 9 _ 
[00287977] 6 | 7 1 9 11 3 10 _ 0 _ _ 9 _ 
[00287978] 5 | 7 1 9 11 3 10 8 0 _ _ 9 _ 
[00287979] 4 | 7 1 9 11 3 10 8 0 4 _ 9 _ 
[00287980] 4 | 7 1 9 11 3 10 8 0 2 6 9 _ 
[00287981] 4 | 7 1 9 11 3 10 8 0 6 2 9 _ 
[00287982] 5 | 7 1 9 11 3 10 _ 0 5 _ 9 _ 
[00287983] 6 | _ 1 9 11 3 10 _ 0 6 _ 9 _ 
[00287984] 5 | 6 1 9 11 3 10 _ 0 6 _ 9 _ 
[00287985] 4 | 6 1 9 11 3 10 7 0 6 _ 9 _ 
[00287986] 5 | _ 1 9 11 3 10 8 0 6 _ 9 _ 
[00287987] 4 | 5 1 9 11 3 10 8 0 6 _ 9 _ 
[00287988] 4 | _ 1 9 11 3 10 8 0 6 2 9 _ 
[00287989] 3 | 4 1 9 11 3 10 8 0 6 2 9 _ 
[00287990] 5 | _ 1 9 11 3 10 _ 0 6 1 9 _ 
[00287991] 4 | _ 1 9 11 3 10 7 0 6 1 9 _ 
[00287992] 6 | _ 1 9 11 3 10 _ 0 2 8 9 _ 
[00287993] 5 | 6 1 9 11 3 10 _ 0 2 8 9 _ 
[00287994] 4 | 6 1 9 11 3 10 7 0 2 8 9 _ 
[00287995] 6 | _ 1 9 11 3 10 _ 0 8 2 9 _ 
[00287996] 5 | 6 1 9 11 3 10 _ 0 8 2 9 _ 
[00287997] 4 | 6 1 9 11 3 10 7 0 8 2 9 _ 
[00287998] 7 | _ 1 9 11 10 3 _ 0 _ _ 9 _ 
[00287999] 6 | 7 1 9 11 10 3 _ 0 _ _ 9 _ 
[00288000] 5 | 7 1 9 11 10 3 5 0 _ _ 9 _ 
[00288001] 4 | 7 1 9 11 10 3 5 0 4 _ 9 _ 
[00288002] 4 | 7 1 9 11 10 3 5 0 2 6 9 _ 
[00288003] 4 | 7 1 9 11 10 3 5 0 4 8 9 _ 
[00288004] 4 | 7 1 9 11 10 3 5 0 6 2 9 _ 
[00288005] 4 | 7 1 9 11 10 3 5 0 8 4 9 _ 
[00288006] 5 | 7 1 9 11 10 3 _ 0 5 _ 9 _ 
[00288007] 4 | 7 1 9 11 10 3 6 0 5 _ 9 _ 
[00288008] 3 | 7 1 9 11 10 3 6 0 5 2 9 _ 
[00288009] 3 | 7 1 9 11 10 3 6 0 5 8 9 _ 
[00288010] 6 | _ 1 9 11 10 3 4 0 _ _ 9 _ 
[00288011] 5 | 6 1 9 11 10 3 4 0 _ _ 9 _ 
[00288012] 5 | _ 1 9 11 10 3 4 0 5 _ 9 _ 
[00288013] 4 | 5 1 9 11 10 3 4 0 5 _ 9 _ 
[00288014] 4 | _ 1 9 11 10 3 4 0 5 1 9 _ 
[00288015] 5 | _ 1 9 11 10 3 4 0 2 7 9 _ 
[00288016] 4 | 5 1 9 11 10 3 4 0 2 7 9 _ 
[00288017] 5 | _ 1 9 11 10 3 4 0 7 2 9 _ 
[00288018] 4 | 5 1 9 11 10 3 4 0 7 2 9 _ 
[00288019] 6 | _ 1 9 11 10 3 _ 0 6 _ 9 _ 
[00288020] 5 | 6 1 9 11 10 3 _ 0 6 _ 9 _ 
[00288021] 5 | _ 1 9 11 10 3 5 0 6 _ 9 _ 
[00288022] 4 | _ 1 9 11 10 3 5 0 6 2 9 _ 
[00288023] 3 | 4 1 9 11 10 3 5 0 6 2 9 _ 
[00288024] 5 | _ 1 9 11 10 3 _ 0 6 1 9 _ 
[00288025] 6 | _ 1 9 11 10 3 _ 0 2 8 9 _ 
[00288026] 5 | 6 1 9 11 10 3 _ 0 2 8 9 _ 
[00288027] 5 | _ 1 9 11 10 3 5 0 2 8 9 _ 
[00288028] 6 | _ 1 9 11 10 3 _ 0 8 2 9 _ 
[00288029] 5 | 6 1 9 11 10 3 _ 0 8 2 9 _ 
[00288030] 5 | _ 1 9 11 10 3 5 0 8 2 9 _ 
[00288031] 7 | _ 1 9 11 3 _ 10 0 _ _ 9 _ 
[00288032] 6 | 7 1 9 11 3 _ 10 0 _ _ 9 _ 
[00288033] 5 | 7 1 9 11 3 8 10 0 _ _ 9 _ 
[00288034] 4 | 7 1 9 11 3 8 10 0 4 _ 9 _ 
[00288035] 4 | 7 1 9 11 3 8 10 0 2 6 9 _ 
[00288036] 4 | 7 1 9 11 3 8 10 0 6 2 9 _ 
[00288037] 5 | 7 1 9 11 3 _ 10 0 5 _ 9 _ 
[00288038] 6 | _ 1 9 11 3 _ 10 0 6 _ 9 _ 
[00288039] 5 | 6 1 9 11 3 _ 10 0 6 _ 9 _ 
[00288040] 4 | 6 1 9 11 3 7 10 0 6 _ 9 _ 
[00288041] 5 | _ 1 9 11 3 8 10 0 6 _ 9 _ 
[00288042] 4 | 5 1 9 11 3 8 10 0 6 _ 9 _ 
[00288043] 4 | _ 1 9 11 3 8 10 0 6 2 9 _ 
[00288044] 3 | 4 1 9 11 3 8 10 0 6 2 9 _ 
[00288045] 5 | _ 1 9 11 3 _ 10 0 6 1 9 _ 
[00288046] 4 | _ 1 9 11 3 7 10 0 6 1 9 _ 
[00288047] 6 | _ 1 9 11 3 _ 10 0 2 8 9 _ 
[00288048] 5 | 6 1 9 11 3 _ 10 0 2 8 9 _ 
[00288049] 4 | 6 1 9 11 3 7 10 0 2 8 9 _ 
[00288050] 6 | _ 1 9 11 3 _ 10 0 8 2 9 _ 
[00288051] 5 | 6 1 9 11 3 _ 10 0 8 2 9 _ 
[00288052] 4 | 6 1 9 11 3 7 10 0 8 2 9 _ 
[00288053] 7 | _ 1 9 11 10 _ 3 0 _ _ 9 _ 
[00288054] 6 | 7 1 9 11 10 _ 3 0 _ _ 9 _ 
[00288055] 5 | 7 1 9 11 10 5 3 0 _ _ 9 _ 
[00288056] 4 | 7 1 9 11 10 5 3 0 4 _ 9 _ 
[00288057] 4 | 7 1 9 11 10 5 3 0 2 6 9 _ 
[00288058] 4 | 7 1 9 11 10 5 3 0 4 8 9 _ 
[00288059] 4 | 7 1 9 11 10 5 3 0 6 2 9 _ 
[00288060] 4 | 7 1 9 11 10 5 3 0 8 4 9 _ 
[00288061] 5 | 7 1 9 11 10 _ 3 0 5 _ 9 _ 
[00288062] 4 | 7 1 9 11 10 6 3 0 5 _ 9 _ 
[00288063] 3 | 7 1 9 11 10 6 3 0 5 2 9 _ 
[00288064] 3 | 7 1 9 11 10 6 3 0 5 8 9 _ 
[00288065] 6 | _ 1 9 11 10 4 3 0 _ _ 9 _ 
[00288066] 5 | 6 1 9 11 10 4 3 0 _ _ 9 _ 
[00288067] 5 | _ 1 9 11 10 4 3 0 5 _ 9 _ 
[00288068] 4 | 5 1 9 11 10 4 3 0 5 _ 9 _ 
[00288069] 4 | _ 1 9 11 10 4 3 0 5 1 9 _ 
[00288070] 5 | _ 1 9 11 10 4 3 0 2 7 9 _ 
[00288071] 4 | 5 1 9 11 10 4 3 0 2 7 9 _ 
[00288072] 5 | _ 1 9 11 10 4 3 0 7 2 9 _ 
[00288073] 4 | 5 1 9 11 10 4 3 0 7 2 9 _ 
[00288074] 6 | _ 1 9 11 10 _ 3 0 6 _ 9 _ 
[00288075] 5 | 6 1 9 11 10 _ 3 0 6 _ 9 _ 
[00288076] 5 | _ 1 9 11 10 5 3 0 6 _ 9 _ 
[00288077] 4 | _ 1 9 11 10 5 3 0 6 2 9 _ 
[00288078] 3 | 4 1 9 11 10 5 3 0 6 2 9 _ 
[00288079] 5 | _ 1 9 11 10 _ 3 0 6 1 9 _ 
[00288080] 6 | _ 1 9 11 10 _ 3 0 2 8 9 _ 
[00288081] 5 | 6 1 9 11 10 _ 3 0 2 8 9 _ 
[00288082] 5 | _ 1 9 11 10 5 3 0 2 8 9 _ 
[00288083] 6 | _ 1 9 11 10 _ 3 0 8 2 9 _ 
[00288084] 5 | 6 1 9 11 10 _ 3 0 8 2 9 _ 
[00288085] 5 | _ 1 9 11 10 5 3 0 8 2 9 _ 
[00288086] 7 | _ 1 9 11 _ _ _ 0 7 _ 9 _ 
[00288087] 6 | 7 1 9 11 _ _ _ 0 7 _ 9 _ 
[00288088] 5 | 7 1 9 11 6 _ _ 0 7 _ 9 _ 
[00288089] 4 | 7 1 9 11 6 2 _ 0 7 _ 9 _ 
[00288090] 3 | 7 1 9 11 6 2 3 0 7 _ 9 _ 
[00288091] 4 | 7 1 9 11 6 10 _ 0 7 _ 9 _ 
[00288092] 3 | 7 1 9 11 6 10 3 0 7 _ 9 _ 
[00288093] 4 | 7 1 9 11 6 _ 2 0 7 _ 9 _ 
[00288094] 3 | 7 1 9 11 6 3 2 0 7 _ 9 _ 
[00288095] 4 | 7 1 9 11 6 _ 10 0 7 _ 9 _ 
[00288096] 3 | 7 1 9 11 6 3 10 0 7 _ 9 _ 
[00288097] 5 | 7 1 9 11 3 8 _ 0 7 _ 9 _ 
[00288098] 5 | 7 1 9 11 5 10 _ 0 7 _ 9 _ 
[00288099] 5 | 7 1 9 11 8 3 _ 0 7 _ 9 _ 
[00288100] 4 | 7 1 9 11 8 3 4 0 7 _ 9 _ 
[00288101] 5 | 7 1 9 11 10 5 _ 0 7 _ 9 _ 
[00288102] 4 | 7 1 9 11 10 5 6 0 7 _ 9 _ 
[00288103] 5 | 7 1 9 11 3 _ 8 0 7 _ 9 _ 
[00288104] 5 | 7 1 9 11 5 _ 10 0 7 _ 9 _ 
[00288105] 5 | 7 1 9 11 8 _ 3 0 7 _ 9 _ 
[00288106] 4 | 7 1 9 11 8 4 3 0 7 _ 9 _ 
[00288107] 5 | 7 1 9 11 10 _ 5 0 7 _ 9 _ 
[00288108] 4 | 7 1 9 11 10 6 5 0 7 _ 9 _ 
[00288109] 6 | _ 1 9 11 5 _ _ 0 7 _ 9 _ 
[00288110] 5 | 6 1 9 11 5 _ _ 0 7 _ 9 _ 
[00288111] 4 | 6 1 9 11 5 _ _ 0 7 3 9 _ 
[00288112] 3 | 6 1 9 11 5 2 _ 0 7 3 9 _ 
[00288113] 3 | 6 1 9 11 5 8 _ 0 7 3 9 _ 
[00288114] 3 | 6 1 9 11 5 _ 2 0 7 3 9 _ 
[00288115] 3 | 6 1 9 11 5 _ 8 0 7 3 9 _ 
[00288116] 5 | _ 1 9 11 5 10 _ 0 7 _ 9 _ 
[00288117] 4 | 5 1 9 11 5 10 _ 0 7 _ 9 _ 
[00288118] 3 | 5 1 9 11 5 10 _ 0 7 4 9 _ 
[00288119] 4 | _ 1 9 11 5 10 1 0 7 _ 9 _ 
[00288120] 3 | _ 1 9 11 5 10 1 0 7 4 9 _ 
[00288121] 4 | _ 1 9 11 5 10 _ 0 7 3 9 _ 
[00288122] 3 | 4 1 9 11 5 10 _ 0 7 3 9 _ 
[00288123] 3 | _ 1 9 11 5 10 2 0 7 3 9 _ 
[00288124] 3 | _ 1 9 11 5 10 8 0 7 3 9 _ 
[00288125] 5 | _ 1 9 11 5 _ 10 0 7 _ 9 _ 
[00288126] 4 | 5 1 9 11 5 _ 10 0 7 _ 9 _ 
[00288127] 3 | 5 1 9 11 5 _ 10 0 7 4 9 _ 
[00288128] 4 | _ 1 9 11 5 1 10 0 7 _ 9 _ 
[00288129] 3 | _ 1 9 11 5 1 10 0 7 4 9 _ 
[00288130] 4 | _ 1 9 11 5 _ 10 0 7 3 9 _ 
[00288131] 3 | 4 1 9 11 5 _ 10 0 7 3 9 _ 
[00288132] 3 | _ 1 9 11 5 2 10 0 7 3 9 _ 
[00288133] 3 | _ 1 9 11 5 8 10 0 7 3 9 _ 
[00288134] 5 | _ 1 9 11 5 _ _ 0 7 2 9 _ 
[00288135] 4 | 5 1 9 11 5 _ _ 0 7 2 9 _ 
[00288136] 4 | _ 1 9 11 5 1 _ 0 7 2 9 _ 
[00288137] 3 | _ 1 9 11 5 1 8 0 7 2 9 _ 
[00288138] 4 | _ 1 9 11 5 _ 1 0 7 2 9 _ 
[00288139] 3 | _ 1 9 11 5 8 1 0 7 2 9 _ 
[00288140] 6 | _ 1 9 11 2 8 _ 0 7 _ 9 _ 
[00288141] 5 | 6 1 9 11 2 8 _ 0 7 _ 9 _ 
[00288142] 4 | 6 1 9 11 2 8 _ 0 7 3 9 _ 
[00288143] 3 | 6 1 9 11 2 8 5 0 7 3 9 _ 
[00288144] 5 | _ 1 9 11 2 8 7 0 7 _ 9 _ 
[00288145] 4 | 5 1 9 11 2 8 7 0 7 _ 9 _ 
[00288146] 5 | _ 1 9 11 2 8 _ 0 7 2 9 _ 
[00288147] 4 | 5 1 9 11 2 8 _ 0 7 2 9 _ 
[00288148] 6 | _ 1 9 11 4 10 _ 0 7 _ 9 _ 
[00288149] 5 | 6 1 9 11 4 10 _ 0 7 _ 9 _ 
[00288150] 4 | 6 1 9 11 4 10 8 0 7 _ 9 _ 
[00288151] 4 | 6 1 9 11 4 10 _ 0 7 3 9 _ 
[00288152] 5 | _ 1 9 11 4 10 _ 0 7 2 9 _ 
[00288153] 4 | 5 1 9 11 4 10 _ 0 7 2 9 _ 
[00288154] 4 | _ 1 9 11 4 10 8 0 7 2 9 _ 
[00288155] 6 | _ 1 9 11 8 2 _ 0 7 _ 9 _ 
[00288156] 5 | 6 1 9 11 8 2 _ 0 7 _ 9 _ 
[00288157] 4 | 6 1 9 11 8 2 4 0 7 _ 9 _ 
[00288158] 3 | 6 1 9 11 8 2 4 0 7 10 9 _ 
[00288159] 4 | 6 1 9 11 8 2 _ 0 7 3 9 _ 
[00288160] 3 | 6 1 9 11 8 2 5 0 7 3 9 _ 
[00288161] 5 | _ 1 9 11 8 2 3 0 7 _ 9 _ 
[00288162] 4 | 5 1 9 11 8 2 3 0 7 _ 9 _ 
[00288163] 3 | 5 1 9 11 8 2 3 0 7 4 9 _ 
[00288164] 3 | 5 1 9 11 8 2 3 0 7 10 9 _ 
[00288165] 6 | _ 1 9 11 10 4 _ 0 7 _ 9 _ 
[00288166] 5 | 6 1 9 11 10 4 _ 0 7 _ 9 _ 
[00288167] 4 | 6 1 9 11 10 4 _ 0 7 3 9 _ 
[00288168] 5 | _ 1 9 11 10 4 5 0 7 _ 9 _ 
[00288169] 4 | _ 1 9 11 10 4 5 0 7 3 9 _ 
[00288170] 5 | _ 1 9 11 10 4 _ 0 7 2 9 _ 
[00288171] 4 | 5 1 9 11 10 4 _ 0 7 2 9 _ 
[00288172] 4 | _ 1 9 11 10 4 6 0 7 2 9 _ 
[00288173] 6 | _ 1 9 11 2 _ 8 0 7 _ 9 _ 
[00288174] 5 | 6 1 9 11 2 _ 8 0 7 _ 9 _ 
[00288175] 4 | 6 1 9 11 2 _ 8 0 7 3 9 _ 
[00288176] 3 | 6 1 9 11 2 5 8 0 7 3 9 _ 
[00288177] 5 | _ 1 9 11 2 7 8 0 7 _ 9 _ 
[00288178] 4 | 5 1 9 11 2 7 8 0 7 _ 9 _ 
[00288179] 5 | _ 1 9 11 2 _ 8 0 7 2 9 _ 
[00288180] 4 | 5 1 9 11 2 _ 8 0 7 2 9 _ 
[00288181] 6 | _ 1 9 11 4 _ 10 0 7 _ 9 _ 
[00288182] 5 | 6 1 9 11 4 _ 10 0 7 _ 9 _ 
[00288183] 4 | 6 1 9 11 4 8 10 0 7 _ 9 _ 
[00288184] 4 | 6 1 9 11 4 _ 10 0 7 3 9 _ 
[00288185] 5 | _ 1 9 11 4 _ 10 0 7 2 9 _ 
[00288186] 4 | 5 1 9 11 4 _ 10 0 7 2 9 _ 
[00288187] 4 | _ 1 9 11 4 8 10 0 7 2 9 _ 
[00288188] 6 | _ 1 9 11 8 _ 2 0 7 _ 9 _ 
[00288189] 5 | 6 1 9 11 8 _ 2 0 7 _ 9 _ 
[00288190] 4 | 6 1 9 11 8 4 2 0 7 _ 9 _ 
[00288191] 3 | 6 1 9 11 8 4 2 0 7 10 9 _ 
[00288192] 4 | 6 1 9 11 8 _ 2 0 7 3 9 _ 
[00288193] 3 | 6 1 9 11 8 5 2 0 7 3 9 _ 
[00288194] 5 | _ 1 9 11 8 3 2 0 7 _ 9 _ 
[00288195] 4 | 5 1 9 11 8 3 2 0 7 _ 9 _ 
[00288196] 3 | 5 1 9 11 8 3 2 0 7 4 9 _ 
[00288197] 3 | 5 1 9 11 8 3 2 0 7 10 9 _ 
[00288198] 6 | _ 1 9 11 10 _ 4 0 7 _ 9 _ 
[00288199] 5 | 6 1 9 11 10 _ 4 0 7 _ 9 _ 
[00288200] 4 | 6 1 9 11 10 _ 4 0 7 3 9 _ 
[00288201] 5 | _ 1 9 11 10 5 4 0 7 _ 9 _ 
[00288202] 4 | _ 1 9 11 10 5 4 0 7 3 9 _ 
[00288203] 5 | _ 1 9 11 10 _ 4 0 7 2 9 _ 
[00288204] 4 | 5 1 9 11 10 _ 4 0 7 2 9 _ 
[00288205] 4 | _ 1 9 11 10 6 4 0 7 2 9 _ 
[00288206] 6 | _ 1 9 11 _ _ _ 0 7 1 9 _ 
[00288207] 5 | _ 1 9 11 6 _ _ 0 7 1 9 _ 
[00288208] 4 | _ 1 9 11 6 2 _ 0 7 1 9 _ 
[00288209] 3 | _ 1 9 11 6 2 3 0 7 1 9 _ 
[00288210] 4 | _ 1 9 11 6 10 _ 0 7 1 9 _ 
[00288211] 3 | _ 1 9 11 6 10 3 0 7 1 9 _ 
[00288212] 4 | _ 1 9 11 6 _ 2 0 7 1 9 _ 
[00288213] 3 | _ 1 9 11 6 3 2 0 7 1 9 _ 
[00288214] 4 | _ 1 9 11 6 _ 10 0 7 1 9 _ 
[00288215] 3 | _ 1 9 11 6 3 10 0 7 1 9 _ 
[00288216] 5 | _ 1 9 11 3 8 _ 0 7 1 9 _ 
[00288217] 5 | _ 1 9 11 5 10 _ 0 7 1 9 _ 
[00288218] 5 | _ 1 9 11 8 3 _ 0 7 1 9 _ 
[00288219] 4 | _ 1 9 11 8 3 4 0 7 1 9 _ 
[00288220] 5 | _ 1 9 11 10 5 _ 0 7 1 9 _ 
[00288221] 4 | _ 1 9 11 10 5 6 0 7 1 9 _ 
[00288222] 5 | _ 1 9 11 3 _ 8 0 7 1 9 _ 
[00288223] 5 | _ 1 9 11 5 _ 10 0 7 1 9 _ 
[00288224] 5 | _ 1 9 11 8 _ 3 0 7 1 9 _ 
[00288225] 4 | _ 1 9 11 8 4 3 0 7 1 9 _ 
[00288226] 5 | _ 1 9 11 10 _ 5 0 7 1 9 _ 
[00288227] 4 | _ 1 9 11 10 6 5 0 7 1 9 _ 
[00288228] 7 | _ 1 9 11 _ _ _ 0 3 10 9 _ 
[00288229] 6 | 7 1 9 11 _ _ _ 0 3 10 9 _ 
[00288230] 5 | 7 1 9 11 6 _ _ 0 3 10 9 _ 
[00288231] 4 | 7 1 9 11 6 2 _ 0 3 10 9 _ 
[00288232] 4 | 7 1 9 11 6 _ 2 0 3 10 9 _ 
[00288233] 6 | _ 1 9 11 5 _ _ 0 3 10 9 _ 
[00288234] 5 | 6 1 9 11 5 _ _ 0 3 10 9 _ 
[00288235] 6 | _ 1 9 11 2 8 _ 0 3 10 9 _ 
[00288236] 5 | 6 1 9 11 2 8 _ 0 3 10 9 _ 
[00288237] 5 | _ 1 9 11 2 8 7 0 3 10 9 _ 
[00288238] 4 | 5 1 9 11 2 8 7 0 3 10 9 _ 
[00288239] 6 | _ 1 9 11 8 2 _ 0 3 10 9 _ 
[00288240] 5 | 6 1 9 11 8 2 _ 0 3 10 9 _ 
[00288241] 4 | 6 1 9 11 8 2 4 0 3 10 9 _ 
[00288242] 6 | _ 1 9 11 2 _ 8 0 3 10 9 _ 
[00288243] 5 | 6 1 9 11 2 _ 8 0 3 10 9 _ 
[00288244] 5 | _ 1 9 11 2 7 8 0 3 10 9 _ 
[00288245] 4 | 5 1 9 11 2 7 8 0 3 10 9 _ 
[00288246] 6 | _ 1 9 11 8 _ 2 0 3 10 9 _ 
[00288247] 5 | 6 1 9 11 8 _ 2 0 3 10 9 _ 
[00288248] 4 | 6 1 9 11 8 4 2 0 3 10 9 _ 
[00288249] 7 | _ 1 9 11 _ _ _ 0 10 3 9 _ 
[00288250] 6 | 7 1 9 11 _ _ _ 0 10 3 9 _ 
[00288251] 5 | 7 1 9 11 6 _ _ 0 10 3 9 _ 
[00288252] 4 | 7 1 9 11 6 2 _ 0 10 3 9 _ 
[00288253] 4 | 7 1 9 11 6 _ 2 0 10 3 9 _ 
[00288254] 6 | _ 1 9 11 5 _ _ 0 10 3 9 _ 
[00288255] 5 | 6 1 9 11 5 _ _ 0 10 3 9 _ 
[00288256] 6 | _ 1 9 11 2 8 _ 0 10 3 9 _ 
[00288257] 5 | 6 1 9 11 2 8 _ 0 10 3 9 _ 
[00288258] 5 | _ 1 9 11 2 8 7 0 10 3 9 _ 
[00288259] 4 | 5 1 9 11 2 8 7 0 10 3 9 _ 
[00288260] 6 | _ 1 9 11 8 2 _ 0 10 3 9 _ 
[00288261] 5 | 6 1 9 11 8 2 _ 0 10 3 9 _ 
[00288262] 4 | 6 1 9 11 8 2 4 0 10 3 9 _ 
[00288263] 6 | _ 1 9 11 2 _ 8 0 10 3 9 _ 
[00288264] 5 | 6 1 9 11 2 _ 8 0 10 3 9 _ 
[00288265] 5 | _ 1 9 11 2 7 8 0 10 3 9 _ 
[00288266] 4 | 5 1 9 11 2 7 8 0 10 3 9 _ 
[00288267] 6 | _ 1 9 11 8 _ 2 0 10 3 9 _ 
[00288268] 5 | 6 1 9 11 8 _ 2 0 10 3 9 _ 
[00288269] 4 | 6 1 9 11 8 4 2 0 10 3 9 _ 
[00288270] 8 | _ 1 _ 11 3 _ _ 0 _ _ 9 _ 
[00288271] 7 | 8 1 _ 11 3 _ _ 0 _ _ 9 _ 
[00288272] 6 | 8 1 7 11 3 _ _ 0 _ _ 9 _ 
[00288273] 5 | 8 1 7 11 3 _ _ 0 5 _ 9 _ 
[00288274] 4 | 8 1 7 11 3 _ _ 0 5 9 9 _ 
[00288275] 3 | 8 1 7 11 3 6 _ 0 5 9 9 _ 
[00288276] 3 | 8 1 7 11 3 _ 6 0 5 9 9 _ 
[00288277] 4 | 8 1 7 11 3 _ _ 0 5 _ 9 5 
[00288278] 3 | 8 1 7 11 3 6 _ 0 5 _ 9 5 
[00288279] 3 | 8 1 7 11 3 _ 6 0 5 _ 9 5 
[00288280] 5 | 8 1 7 11 3 _ _ 0 5 10 9 _ 
[00288281] 5 | 8 1 7 11 3 _ _ 0 10 5 9 _ 
[00288282] 5 | 8 1 7 11 3 _ _ 0 _ _ 9 4 
[00288283] 4 | 8 1 7 11 3 _ _ 0 2 6 9 4 
[00288284] 4 | 8 1 7 11 3 _ _ 0 6 10 9 4 
[00288285] 4 | 8 1 7 11 3 _ _ 0 6 2 9 4 
[00288286] 4 | 8 1 7 11 3 _ _ 0 10 6 9 4 
[00288287] 6 | 8 1 _ 11 3 9 _ 0 _ _ 9 _ 
[00288288] 5 | 8 1 6 11 3 9 _ 0 _ _ 9 _ 
[00288289] 4 | 8 1 6 11 3 9 7 0 _ _ 9 _ 
[00288290] 3 | 8 1 6 11 3 9 7 0 2 5 9 _ 
[00288291] 3 | 8 1 6 11 3 9 7 0 5 2 9 _ 
[00288292] 4 | 8 1 6 11 3 9 _ 0 4 _ 9 _ 
[00288293] 3 | 8 1 6 11 3 9 _ 0 4 7 9 _ 
[00288294] 2 | 8 1 6 11 3 9 5 0 4 7 9 _ 
[00288295] 5 | 8 1 _ 11 3 9 _ 0 5 _ 9 _ 
[00288296] 4 | 8 1 5 11 3 9 _ 0 5 _ 9 _ 
[00288297] 3 | 8 1 5 11 3 9 6 0 5 _ 9 _ 
[00288298] 4 | 8 1 _ 11 3 9 7 0 5 _ 9 _ 
[00288299] 3 | 8 1 4 11 3 9 7 0 5 _ 9 _ 
[00288300] 3 | 8 1 _ 11 3 9 7 0 5 2 9 _ 
[00288301] 4 | 8 1 _ 11 3 9 _ 0 5 1 9 _ 
[00288302] 3 | 8 1 _ 11 3 9 6 0 5 1 9 _ 
[00288303] 5 | 8 1 _ 11 3 9 _ 0 2 7 9 _ 
[00288304] 4 | 8 1 5 11 3 9 _ 0 2 7 9 _ 
[00288305] 3 | 8 1 5 11 3 9 6 0 2 7 9 _ 
[00288306] 5 | 8 1 _ 11 3 9 _ 0 5 10 9 _ 
[00288307] 4 | 8 1 _ 11 3 9 7 0 5 10 9 _ 
[00288308] 3 | 8 1 4 11 3 9 7 0 5 10 9 _ 
[00288309] 5 | 8 1 _ 11 3 9 _ 0 7 2 9 _ 
[00288310] 4 | 8 1 5 11 3 9 _ 0 7 2 9 _ 
[00288311] 3 | 8 1 5 11 3 9 6 0 7 2 9 _ 
[00288312] 5 | 8 1 _ 11 3 9 _ 0 10 5 9 _ 
[00288313] 4 | 8 1 _ 11 3 9 7 0 10 5 9 _ 
[00288314] 3 | 8 1 4 11 3 9 7 0 10 5 9 _ 
[00288315] 6 | 8 1 _ 11 3 _ 9 0 _ _ 9 _ 
[00288316] 5 | 8 1 6 11 3 _ 9 0 _ _ 9 _ 
[00288317] 4 | 8 1 6 11 3 7 9 0 _ _ 9 _ 
[00288318] 3 | 8 1 6 11 3 7 9 0 2 5 9 _ 
[00288319] 3 | 8 1 6 11 3 7 9 0 5 2 9 _ 
[00288320] 4 | 8 1 6 11 3 _ 9 0 4 _ 9 _ 
[00288321] 3 | 8 1 6 11 3 _ 9 0 4 7 9 _ 
[00288322] 2 | 8 1 6 11 3 5 9 0 4 7 9 _ 
[00288323] 5 | 8 1 _ 11 3 _ 9 0 5 _ 9 _ 
[00288324] 4 | 8 1 5 11 3 _ 9 0 5 _ 9 _ 
[00288325] 3 | 8 1 5 11 3 6 9 0 5 _ 9 _ 
[00288326] 4 | 8 1 _ 11 3 7 9 0 5 _ 9 _ 
[00288327] 3 | 8 1 4 11 3 7 9 0 5 _ 9 _ 
[00288328] 3 | 8 1 _ 11 3 7 9 0 5 2 9 _ 
[00288329] 4 | 8 1 _ 11 3 _ 9 0 5 1 9 _ 
[00288330] 3 | 8 1 _ 11 3 6 9 0 5 1 9 _ 
[00288331] 5 | 8 1 _ 11 3 _ 9 0 2 7 9 _ 
[00288332] 4 | 8 1 5 11 3 _ 9 0 2 7 9 _ 
[00288333] 3 | 8 1 5 11 3 6 9 0 2 7 9 _ 
[00288334] 5 | 8 1 _ 11 3 _ 9 0 5 10 9 _ 
[00288335] 4 | 8 1 _ 11 3 7 9 0 5 10 9 _ 
[00288336] 3 | 8 1 4 11 3 7 9 0 5 10 9 _ 
[00288337] 5 | 8 1 _ 11 3 _ 9 0 7 2 9 _ 
[00288338] 4 | 8 1 5 11 3 _ 9 0 7 2 9 _ 
[00288339] 3 | 8 1 5 11 3 6 9 0 7 2 9 _ 
[00288340] 5 | 8 1 _ 11 3 _ 9 0 10 5 9 _ 
[00288341] 4 | 8 1 _ 11 3 7 9 0 10 5 9 _ 
[00288342] 3 | 8 1 4 11 3 7 9 0 10 5 9 _ 
[00288343] 6 | 8 1 _ 11 3 _ _ 0 6 _ 9 _ 
[00288344] 5 | 8 1 6 11 3 _ _ 0 6 _ 9 _ 
[00288345] 4 | 8 1 6 11 3 7 _ 0 6 _ 9 _ 
[00288346] 4 | 8 1 6 11 3 _ 7 0 6 _ 9 _ 
[00288347] 4 | 8 1 6 11 3 _ _ 0 6 _ 9 5 
[00288348] 5 | 8 1 _ 11 3 _ _ 0 6 1 9 _ 
[00288349] 4 | 8 1 _ 11 3 7 _ 0 6 1 9 _ 
