[00204651] 3 | 5 8 4 1 11 6 0 10 2 _ 3 9 
[00204652] 3 | _ 8 4 1 11 6 0 10 2 5 3 9 
[00204653] 5 | _ 8 _ 1 11 _ 0 10 2 7 3 9 
[00204654] 4 | 4 8 _ 1 11 _ 0 10 2 7 3 9 
[00204655] 3 | 4 8 5 1 11 _ 0 10 2 7 3 9 
[00204656] 3 | 4 8 11 1 11 _ 0 10 2 7 3 9 
[00204657] 3 | 4 8 _ 1 11 8 0 10 2 7 3 9 
[00204658] 4 | _ 8 4 1 11 _ 0 10 2 7 3 9 
[00204659] 3 | 5 8 4 1 11 _ 0 10 2 7 3 9 
[00204660] 3 | 11 8 4 1 11 _ 0 10 2 7 3 9 
[00204661] 3 | _ 8 4 1 11 8 0 10 2 7 3 9 
[00204662] 6 | _ 8 _ 1 11 _ 0 10 2 _ 9 3 
[00204663] 5 | _ 8 _ 1 11 6 0 10 2 _ 9 3 
[00204664] 4 | 4 8 _ 1 11 6 0 10 2 _ 9 3 
[00204665] 3 | 4 8 5 1 11 6 0 10 2 _ 9 3 
[00204666] 3 | 4 8 _ 1 11 6 0 10 2 5 9 3 
[00204667] 4 | _ 8 4 1 11 6 0 10 2 _ 9 3 
[00204668] 3 | 5 8 4 1 11 6 0 10 2 _ 9 3 
[00204669] 3 | _ 8 4 1 11 6 0 10 2 5 9 3 
[00204670] 5 | _ 8 _ 1 11 _ 0 10 2 7 9 3 
[00204671] 4 | 4 8 _ 1 11 _ 0 10 2 7 9 3 
[00204672] 3 | 4 8 5 1 11 _ 0 10 2 7 9 3 
[00204673] 3 | 4 8 11 1 11 _ 0 10 2 7 9 3 
[00204674] 3 | 4 8 _ 1 11 8 0 10 2 7 9 3 
[00204675] 4 | _ 8 4 1 11 _ 0 10 2 7 9 3 
[00204676] 3 | 5 8 4 1 11 _ 0 10 2 7 9 3 
[00204677] 3 | 11 8 4 1 11 _ 0 10 2 7 9 3 
[00204678] 3 | _ 8 4 1 11 8 0 10 2 7 9 3 
[00204679] 7 | _ _ _ 1 11 4 0 10 2 _ _ _ 
[00204680] 6 | 3 9 _ 1 11 4 0 10 2 _ _ _ 
[00204681] 6 | 9 3 _ 1 11 4 0 10 2 _ _ _ 
[00204682] 5 | 9 3 8 1 11 4 0 10 2 _ _ _ 
[00204683] 4 | 9 3 8 1 11 4 0 10 2 6 _ _ 
[00204684] 3 | 9 3 8 1 11 4 0 10 2 6 7 _ 
[00204685] 2 | 9 3 8 1 11 4 0 10 2 6 7 5 
[00204686] 4 | 9 3 8 1 11 4 0 10 2 _ 6 _ 
[00204687] 3 | 9 3 8 1 11 4 0 10 2 5 6 _ 
[00204688] 5 | 9 3 _ 1 11 4 0 10 2 7 _ _ 
[00204689] 4 | 9 3 _ 1 11 4 0 10 2 7 6 _ 
[00204690] 3 | 9 3 6 1 11 4 0 10 2 7 6 _ 
[00204691] 3 | 9 3 _ 1 11 4 0 10 2 7 6 3 
[00204692] 5 | 9 3 _ 1 11 4 0 10 2 _ 5 _ 
[00204693] 4 | 9 3 7 1 11 4 0 10 2 _ 5 _ 
[00204694] 3 | 9 3 7 1 11 4 0 10 2 5 5 _ 
[00204695] 3 | 9 3 7 1 11 4 0 10 2 _ 5 2 
[00204696] 3 | 9 3 7 1 11 4 0 10 2 _ 5 8 
[00204697] 4 | 9 3 _ 1 11 4 0 10 2 6 5 _ 
[00204698] 3 | 9 3 _ 1 11 4 0 10 2 6 5 8 
[00204699] 6 | _ 3 9 1 11 4 0 10 2 _ _ _ 
[00204700] 5 | 8 3 9 1 11 4 0 10 2 _ _ _ 
[00204701] 4 | 8 3 9 1 11 4 0 10 2 6 _ _ 
[00204702] 3 | 8 3 9 1 11 4 0 10 2 6 7 _ 
[00204703] 2 | 8 3 9 1 11 4 0 10 2 6 7 5 
[00204704] 4 | 8 3 9 1 11 4 0 10 2 _ 6 _ 
[00204705] 3 | 8 3 9 1 11 4 0 10 2 5 6 _ 
[00204706] 5 | _ 3 9 1 11 4 0 10 2 7 _ _ 
[00204707] 4 | _ 3 9 1 11 4 0 10 2 7 6 _ 
[00204708] 3 | 6 3 9 1 11 4 0 10 2 7 6 _ 
[00204709] 3 | _ 3 9 1 11 4 0 10 2 7 6 3 
[00204710] 5 | _ 3 9 1 11 4 0 10 2 _ 5 _ 
[00204711] 4 | 7 3 9 1 11 4 0 10 2 _ 5 _ 
[00204712] 3 | 7 3 9 1 11 4 0 10 2 5 5 _ 
[00204713] 3 | 7 3 9 1 11 4 0 10 2 _ 5 2 
[00204714] 3 | 7 3 9 1 11 4 0 10 2 _ 5 8 
[00204715] 4 | _ 3 9 1 11 4 0 10 2 6 5 _ 
[00204716] 3 | _ 3 9 1 11 4 0 10 2 6 5 8 
[00204717] 6 | _ 9 3 1 11 4 0 10 2 _ _ _ 
[00204718] 6 | _ 7 _ 1 11 4 0 10 2 _ _ _ 
[00204719] 5 | 2 7 _ 1 11 4 0 10 2 _ _ _ 
[00204720] 4 | 2 7 3 1 11 4 0 10 2 _ _ _ 
[00204721] 3 | 2 7 3 1 11 4 0 10 2 _ 5 8 
[00204722] 3 | 2 7 3 1 11 4 0 10 2 _ 6 9 
[00204723] 3 | 2 7 3 1 11 4 0 10 2 _ 8 5 
[00204724] 3 | 2 7 3 1 11 4 0 10 2 _ 9 6 
[00204725] 4 | 2 7 _ 1 11 4 0 10 2 _ 6 _ 
[00204726] 3 | 2 7 _ 1 11 4 0 10 2 _ 6 3 
[00204727] 2 | 2 7 5 1 11 4 0 10 2 _ 6 3 
[00204728] 2 | 2 7 9 1 11 4 0 10 2 _ 6 3 
[00204729] 3 | 2 7 _ 1 11 4 0 10 2 _ 6 9 
[00204730] 2 | 2 7 5 1 11 4 0 10 2 _ 6 9 
[00204731] 4 | 2 7 _ 1 11 4 0 10 2 _ 5 9 
[00204732] 4 | 2 7 _ 1 11 4 0 10 2 _ 9 5 
[00204733] 5 | _ 7 2 1 11 4 0 10 2 _ _ _ 
[00204734] 4 | 3 7 2 1 11 4 0 10 2 _ _ _ 
[00204735] 3 | 3 7 2 1 11 4 0 10 2 _ 5 8 
[00204736] 3 | 3 7 2 1 11 4 0 10 2 _ 6 9 
[00204737] 3 | 3 7 2 1 11 4 0 10 2 _ 8 5 
[00204738] 3 | 3 7 2 1 11 4 0 10 2 _ 9 6 
[00204739] 4 | _ 7 2 1 11 4 0 10 2 _ 6 _ 
[00204740] 3 | _ 7 2 1 11 4 0 10 2 _ 6 3 
[00204741] 2 | 5 7 2 1 11 4 0 10 2 _ 6 3 
[00204742] 2 | 9 7 2 1 11 4 0 10 2 _ 6 3 
[00204743] 3 | _ 7 2 1 11 4 0 10 2 _ 6 9 
[00204744] 2 | 5 7 2 1 11 4 0 10 2 _ 6 9 
[00204745] 4 | _ 7 2 1 11 4 0 10 2 _ 5 9 
[00204746] 4 | _ 7 2 1 11 4 0 10 2 _ 9 5 
[00204747] 5 | _ 7 _ 1 11 4 0 10 2 7 _ _ 
[00204748] 4 | _ 7 _ 1 11 4 0 10 2 7 6 _ 
[00204749] 3 | _ 7 _ 1 11 4 0 10 2 7 6 3 
[00204750] 3 | _ 7 _ 1 11 4 0 10 2 7 6 9 
[00204751] 4 | _ 7 _ 1 11 4 0 10 2 7 5 9 
[00204752] 4 | _ 7 _ 1 11 4 0 10 2 7 9 5 
[00204753] 5 | _ 7 _ 1 11 4 0 10 2 _ 5 _ 
[00204754] 4 | 3 7 _ 1 11 4 0 10 2 _ 5 _ 
[00204755] 3 | 3 7 _ 1 11 4 0 10 2 5 5 _ 
[00204756] 2 | 3 7 9 1 11 4 0 10 2 5 5 _ 
[00204757] 3 | 3 7 _ 1 11 4 0 10 2 _ 5 2 
[00204758] 2 | 3 7 9 1 11 4 0 10 2 _ 5 2 
[00204759] 3 | 3 7 _ 1 11 4 0 10 2 _ 5 8 
[00204760] 2 | 3 7 9 1 11 4 0 10 2 _ 5 8 
[00204761] 4 | _ 7 3 1 11 4 0 10 2 _ 5 _ 
[00204762] 3 | _ 7 3 1 11 4 0 10 2 5 5 _ 
[00204763] 2 | 9 7 3 1 11 4 0 10 2 5 5 _ 
[00204764] 3 | _ 7 3 1 11 4 0 10 2 _ 5 2 
[00204765] 2 | 9 7 3 1 11 4 0 10 2 _ 5 2 
[00204766] 3 | _ 7 3 1 11 4 0 10 2 _ 5 8 
[00204767] 2 | 9 7 3 1 11 4 0 10 2 _ 5 8 
[00204768] 4 | _ 7 _ 1 11 4 0 10 2 6 5 _ 
[00204769] 3 | _ 7 _ 1 11 4 0 10 2 6 5 8 
[00204770] 2 | 9 7 _ 1 11 4 0 10 2 6 5 8 
[00204771] 2 | _ 7 9 1 11 4 0 10 2 6 5 8 
[00204772] 4 | _ 7 _ 1 11 4 0 10 2 _ 5 9 
[00204773] 5 | _ 7 _ 1 11 4 0 10 2 _ 3 8 
[00204774] 4 | _ 7 _ 1 11 4 0 10 2 6 3 8 
[00204775] 5 | _ 7 _ 1 11 4 0 10 2 _ 8 3 
[00204776] 4 | _ 7 _ 1 11 4 0 10 2 6 8 3 
[00204777] 6 | _ _ _ 1 11 4 0 10 2 8 _ _ 
[00204778] 5 | _ 6 _ 1 11 4 0 10 2 8 _ _ 
[00204779] 4 | 10 6 _ 1 11 4 0 10 2 8 _ _ 
[00204780] 3 | 10 6 3 1 11 4 0 10 2 8 _ _ 
[00204781] 2 | 10 6 3 1 11 4 0 10 2 8 5 7 
[00204782] 2 | 10 6 3 1 11 4 0 10 2 8 7 9 
[00204783] 2 | 10 6 3 1 11 4 0 10 2 8 7 5 
[00204784] 2 | 10 6 3 1 11 4 0 10 2 8 9 7 
[00204785] 1 | 10 6 3 1 11 4 0 10 2 8 9 7  *Graceful*
[00204785] 3 | 10 6 9 1 11 4 0 10 2 8 _ _ 
[00204786] 2 | 10 6 9 1 11 4 0 10 2 8 3 5 
[00204787] 2 | 10 6 9 1 11 4 0 10 2 8 5 7 
[00204788] 2 | 10 6 9 1 11 4 0 10 2 8 5 3 
[00204789] 2 | 10 6 9 1 11 4 0 10 2 8 7 5 
[00204790] 4 | _ 6 10 1 11 4 0 10 2 8 _ _ 
[00204791] 3 | 3 6 10 1 11 4 0 10 2 8 _ _ 
[00204792] 2 | 3 6 10 1 11 4 0 10 2 8 5 7 
[00204793] 2 | 3 6 10 1 11 4 0 10 2 8 7 9 
[00204794] 2 | 3 6 10 1 11 4 0 10 2 8 7 5 
[00204795] 2 | 3 6 10 1 11 4 0 10 2 8 9 7 
[00204796] 1 | 3 6 10 1 11 4 0 10 2 8 9 7  *Graceful*
[00204796] 3 | 9 6 10 1 11 4 0 10 2 8 _ _ 
[00204797] 2 | 9 6 10 1 11 4 0 10 2 8 3 5 
[00204798] 2 | 9 6 10 1 11 4 0 10 2 8 5 7 
[00204799] 2 | 9 6 10 1 11 4 0 10 2 8 5 3 
[00204800] 2 | 9 6 10 1 11 4 0 10 2 8 7 5 
[00204801] 4 | _ 6 _ 1 11 4 0 10 2 8 6 _ 
[00204802] 3 | 3 6 _ 1 11 4 0 10 2 8 6 _ 
[00204803] 3 | 9 6 _ 1 11 4 0 10 2 8 6 _ 
[00204804] 3 | _ 6 3 1 11 4 0 10 2 8 6 _ 
[00204805] 3 | _ 6 9 1 11 4 0 10 2 8 6 _ 
[00204806] 3 | _ 6 _ 1 11 4 0 10 2 8 6 3 
[00204807] 3 | _ 6 _ 1 11 4 0 10 2 8 6 9 
[00204808] 4 | _ 6 _ 1 11 4 0 10 2 8 3 7 
[00204809] 3 | 9 6 _ 1 11 4 0 10 2 8 3 7 
[00204810] 3 | _ 6 9 1 11 4 0 10 2 8 3 7 
[00204811] 4 | _ 6 _ 1 11 4 0 10 2 8 5 9 
[00204812] 3 | 3 6 _ 1 11 4 0 10 2 8 5 9 
[00204813] 3 | _ 6 3 1 11 4 0 10 2 8 5 9 
[00204814] 4 | _ 6 _ 1 11 4 0 10 2 8 7 3 
[00204815] 3 | 9 6 _ 1 11 4 0 10 2 8 7 3 
[00204816] 3 | _ 6 9 1 11 4 0 10 2 8 7 3 
[00204817] 4 | _ 6 _ 1 11 4 0 10 2 8 9 5 
[00204818] 3 | 3 6 _ 1 11 4 0 10 2 8 9 5 
[00204819] 3 | _ 6 3 1 11 4 0 10 2 8 9 5 
[00204820] 5 | _ _ _ 1 11 4 0 10 2 8 5 _ 
[00204821] 4 | 3 7 _ 1 11 4 0 10 2 8 5 _ 
[00204822] 4 | 7 3 _ 1 11 4 0 10 2 8 5 _ 
[00204823] 3 | 7 3 6 1 11 4 0 10 2 8 5 _ 
[00204824] 4 | _ 3 7 1 11 4 0 10 2 8 5 _ 
[00204825] 3 | 6 3 7 1 11 4 0 10 2 8 5 _ 
[00204826] 4 | _ 7 3 1 11 4 0 10 2 8 5 _ 
[00204827] 4 | _ 5 _ 1 11 4 0 10 2 8 5 _ 
[00204828] 4 | _ _ _ 1 11 4 0 10 2 8 5 1 
[00204829] 3 | 3 6 _ 1 11 4 0 10 2 8 5 1 
[00204830] 3 | 6 9 _ 1 11 4 0 10 2 8 5 1 
[00204831] 3 | 6 3 _ 1 11 4 0 10 2 8 5 1 
[00204832] 3 | 9 6 _ 1 11 4 0 10 2 8 5 1 
[00204833] 3 | _ 3 6 1 11 4 0 10 2 8 5 1 
[00204834] 3 | _ 6 9 1 11 4 0 10 2 8 5 1 
[00204835] 3 | _ 6 3 1 11 4 0 10 2 8 5 1 
[00204836] 3 | _ 9 6 1 11 4 0 10 2 8 5 1 
[00204837] 4 | _ _ _ 1 11 4 0 10 2 8 5 9 
[00204838] 3 | 3 6 _ 1 11 4 0 10 2 8 5 9 
[00204839] 3 | 6 3 _ 1 11 4 0 10 2 8 5 9 
[00204840] 3 | _ 3 6 1 11 4 0 10 2 8 5 9 
[00204841] 3 | _ 6 3 1 11 4 0 10 2 8 5 9 
[00204842] 6 | _ _ _ 1 11 4 0 10 2 _ 3 9 
[00204843] 5 | _ 6 _ 1 11 4 0 10 2 _ 3 9 
[00204844] 4 | 2 6 _ 1 11 4 0 10 2 _ 3 9 
[00204845] 4 | _ 6 2 1 11 4 0 10 2 _ 3 9 
[00204846] 4 | _ 6 _ 1 11 4 0 10 2 6 3 9 
[00204847] 5 | _ _ _ 1 11 4 0 10 2 7 3 9 
[00204848] 4 | _ 5 _ 1 11 4 0 10 2 7 3 9 
[00204849] 3 | 8 5 _ 1 11 4 0 10 2 7 3 9 
[00204850] 3 | _ 5 8 1 11 4 0 10 2 7 3 9 
[00204851] 6 | _ _ _ 1 11 4 0 10 2 _ 9 3 
[00204852] 5 | _ 6 _ 1 11 4 0 10 2 _ 9 3 
[00204853] 4 | 2 6 _ 1 11 4 0 10 2 _ 9 3 
[00204854] 4 | _ 6 2 1 11 4 0 10 2 _ 9 3 
[00204855] 4 | _ 6 _ 1 11 4 0 10 2 6 9 3 
[00204856] 5 | _ _ _ 1 11 4 0 10 2 7 9 3 
[00204857] 4 | _ 5 _ 1 11 4 0 10 2 7 9 3 
[00204858] 3 | 8 5 _ 1 11 4 0 10 2 7 9 3 
[00204859] 3 | _ 5 8 1 11 4 0 10 2 7 9 3 
[00204860] 7 | _ _ _ 1 11 _ 0 10 2 9 _ _ 
[00204861] 6 | _ 7 _ 1 11 _ 0 10 2 9 _ _ 
[00204862] 5 | _ 7 _ 1 11 6 0 10 2 9 _ _ 
[00204863] 4 | 3 7 _ 1 11 6 0 10 2 9 _ _ 
[00204864] 3 | 3 7 4 1 11 6 0 10 2 9 _ _ 
[00204865] 2 | 3 7 4 1 11 6 0 10 2 9 8 _ 
[00204866] 3 | 3 7 10 1 11 6 0 10 2 9 _ _ 
[00204867] 3 | 3 7 _ 1 11 6 0 10 2 9 7 _ 
[00204868] 2 | 3 7 5 1 11 6 0 10 2 9 7 _ 
[00204869] 2 | 3 7 _ 1 11 6 0 10 2 9 7 5 
[00204870] 3 | 3 7 _ 1 11 6 0 10 2 9 5 8 
[00204871] 3 | 3 7 _ 1 11 6 0 10 2 9 8 5 
[00204872] 4 | _ 7 3 1 11 6 0 10 2 9 _ _ 
[00204873] 3 | 4 7 3 1 11 6 0 10 2 9 _ _ 
[00204874] 2 | 4 7 3 1 11 6 0 10 2 9 8 _ 
[00204875] 3 | 10 7 3 1 11 6 0 10 2 9 _ _ 
[00204876] 3 | _ 7 3 1 11 6 0 10 2 9 7 _ 
[00204877] 2 | 5 7 3 1 11 6 0 10 2 9 7 _ 
[00204878] 2 | _ 7 3 1 11 6 0 10 2 9 7 5 
[00204879] 3 | _ 7 3 1 11 6 0 10 2 9 5 8 
[00204880] 3 | _ 7 3 1 11 6 0 10 2 9 8 5 
[00204881] 4 | _ 7 _ 1 11 6 0 10 2 9 4 8 
[00204882] 4 | _ 7 _ 1 11 6 0 10 2 9 8 4 
[00204883] 5 | _ 7 _ 1 11 _ 0 10 2 9 5 _ 
[00204884] 4 | 3 7 _ 1 11 _ 0 10 2 9 5 _ 
[00204885] 3 | 3 7 4 1 11 _ 0 10 2 9 5 _ 
[00204886] 3 | 3 7 _ 1 11 8 0 10 2 9 5 _ 
[00204887] 2 | 3 7 5 1 11 8 0 10 2 9 5 _ 
[00204888] 2 | 3 7 _ 1 11 8 0 10 2 9 5 7 
[00204889] 3 | 3 7 _ 1 11 _ 0 10 2 9 5 8 
[00204890] 4 | 11 7 _ 1 11 _ 0 10 2 9 5 _ 
[00204891] 3 | 11 7 4 1 11 _ 0 10 2 9 5 _ 
[00204892] 2 | 11 7 4 1 11 _ 0 10 2 9 5 3 
[00204893] 3 | 11 7 _ 1 11 _ 0 10 2 9 5 8 
[00204894] 4 | _ 7 3 1 11 _ 0 10 2 9 5 _ 
[00204895] 3 | 4 7 3 1 11 _ 0 10 2 9 5 _ 
[00204896] 3 | _ 7 3 1 11 8 0 10 2 9 5 _ 
[00204897] 2 | 5 7 3 1 11 8 0 10 2 9 5 _ 
[00204898] 2 | _ 7 3 1 11 8 0 10 2 9 5 7 
[00204899] 3 | _ 7 3 1 11 _ 0 10 2 9 5 8 
[00204900] 4 | _ 7 11 1 11 _ 0 10 2 9 5 _ 
[00204901] 3 | 4 7 11 1 11 _ 0 10 2 9 5 _ 
[00204902] 2 | 4 7 11 1 11 _ 0 10 2 9 5 3 
[00204903] 3 | _ 7 11 1 11 _ 0 10 2 9 5 8 
[00204904] 4 | _ 7 _ 1 11 7 0 10 2 9 5 _ 
[00204905] 3 | _ 7 _ 1 11 7 0 10 2 9 5 8 
[00204906] 5 | _ 7 _ 1 11 _ 0 10 2 9 3 8 
[00204907] 4 | 11 7 _ 1 11 _ 0 10 2 9 3 8 
[00204908] 3 | 11 7 4 1 11 _ 0 10 2 9 3 8 
[00204909] 4 | _ 7 11 1 11 _ 0 10 2 9 3 8 
[00204910] 3 | 4 7 11 1 11 _ 0 10 2 9 3 8 
[00204911] 4 | _ 7 _ 1 11 7 0 10 2 9 3 8 
[00204912] 5 | _ 7 _ 1 11 _ 0 10 2 9 8 3 
[00204913] 4 | 11 7 _ 1 11 _ 0 10 2 9 8 3 
[00204914] 3 | 11 7 4 1 11 _ 0 10 2 9 8 3 
[00204915] 4 | _ 7 11 1 11 _ 0 10 2 9 8 3 
[00204916] 3 | 4 7 11 1 11 _ 0 10 2 9 8 3 
[00204917] 4 | _ 7 _ 1 11 7 0 10 2 9 8 3 
[00204918] 6 | _ _ _ 1 11 5 0 10 2 9 _ _ 
[00204919] 5 | 3 8 _ 1 11 5 0 10 2 9 _ _ 
[00204920] 5 | 8 3 _ 1 11 5 0 10 2 9 _ _ 
[00204921] 4 | 8 3 7 1 11 5 0 10 2 9 _ _ 
[00204922] 4 | 8 3 _ 1 11 5 0 10 2 9 6 _ 
[00204923] 3 | 8 3 6 1 11 5 0 10 2 9 6 _ 
[00204924] 3 | 8 3 _ 1 11 5 0 10 2 9 6 3 
[00204925] 5 | _ 3 8 1 11 5 0 10 2 9 _ _ 
[00204926] 4 | 7 3 8 1 11 5 0 10 2 9 _ _ 
[00204927] 4 | _ 3 8 1 11 5 0 10 2 9 6 _ 
[00204928] 3 | 6 3 8 1 11 5 0 10 2 9 6 _ 
[00204929] 3 | _ 3 8 1 11 5 0 10 2 9 6 3 
[00204930] 5 | _ 8 3 1 11 5 0 10 2 9 _ _ 
[00204931] 5 | _ 6 _ 1 11 5 0 10 2 9 _ _ 
[00204932] 4 | 10 6 _ 1 11 5 0 10 2 9 _ _ 
[00204933] 3 | 10 6 3 1 11 5 0 10 2 9 _ _ 
[00204934] 3 | 10 6 _ 1 11 5 0 10 2 9 4 7 
[00204935] 2 | 10 6 8 1 11 5 0 10 2 9 4 7 
[00204936] 3 | 10 6 _ 1 11 5 0 10 2 9 7 4 
[00204937] 2 | 10 6 8 1 11 5 0 10 2 9 7 4 
[00204938] 4 | _ 6 10 1 11 5 0 10 2 9 _ _ 
[00204939] 3 | 3 6 10 1 11 5 0 10 2 9 _ _ 
[00204940] 3 | _ 6 10 1 11 5 0 10 2 9 4 7 
[00204941] 2 | 8 6 10 1 11 5 0 10 2 9 4 7 
[00204942] 3 | _ 6 10 1 11 5 0 10 2 9 7 4 
[00204943] 2 | 8 6 10 1 11 5 0 10 2 9 7 4 
[00204944] 4 | _ 6 _ 1 11 5 0 10 2 9 6 _ 
[00204945] 3 | 3 6 _ 1 11 5 0 10 2 9 6 _ 
[00204946] 2 | 3 6 4 1 11 5 0 10 2 9 6 _ 
[00204947] 2 | 3 6 8 1 11 5 0 10 2 9 6 _ 
[00204948] 2 | 3 6 _ 1 11 5 0 10 2 9 6 4 
[00204949] 2 | 3 6 _ 1 11 5 0 10 2 9 6 8 
[00204950] 3 | _ 6 3 1 11 5 0 10 2 9 6 _ 
[00204951] 2 | 4 6 3 1 11 5 0 10 2 9 6 _ 
[00204952] 2 | 8 6 3 1 11 5 0 10 2 9 6 _ 
[00204953] 2 | _ 6 3 1 11 5 0 10 2 9 6 4 
[00204954] 2 | _ 6 3 1 11 5 0 10 2 9 6 8 
[00204955] 3 | _ 6 _ 1 11 5 0 10 2 9 6 3 
[00204956] 4 | _ 6 _ 1 11 5 0 10 2 9 3 7 
[00204957] 4 | _ 6 _ 1 11 5 0 10 2 9 4 8 
[00204958] 3 | 3 6 _ 1 11 5 0 10 2 9 4 8 
[00204959] 3 | _ 6 3 1 11 5 0 10 2 9 4 8 
[00204960] 4 | _ 6 _ 1 11 5 0 10 2 9 7 3 
[00204961] 4 | _ 6 _ 1 11 5 0 10 2 9 8 4 
[00204962] 3 | 3 6 _ 1 11 5 0 10 2 9 8 4 
[00204963] 3 | _ 6 3 1 11 5 0 10 2 9 8 4 
[00204964] 5 | _ _ _ 1 11 5 0 10 2 9 3 8 
[00204965] 5 | _ _ _ 1 11 5 0 10 2 9 8 3 
[00204966] 6 | _ _ _ 1 11 _ 0 10 2 9 4 _ 
[00204967] 5 | 3 8 _ 1 11 _ 0 10 2 9 4 _ 
[00204968] 5 | 8 3 _ 1 11 _ 0 10 2 9 4 _ 
[00204969] 4 | 8 3 7 1 11 _ 0 10 2 9 4 _ 
[00204970] 4 | 8 3 _ 1 11 7 0 10 2 9 4 _ 
[00204971] 3 | 8 3 6 1 11 7 0 10 2 9 4 _ 
[00204972] 5 | _ 3 8 1 11 _ 0 10 2 9 4 _ 
[00204973] 4 | 7 3 8 1 11 _ 0 10 2 9 4 _ 
[00204974] 4 | _ 3 8 1 11 7 0 10 2 9 4 _ 
[00204975] 3 | 6 3 8 1 11 7 0 10 2 9 4 _ 
[00204976] 5 | _ 8 3 1 11 _ 0 10 2 9 4 _ 
[00204977] 5 | _ 6 _ 1 11 _ 0 10 2 9 4 _ 
[00204978] 4 | _ 6 _ 1 11 7 0 10 2 9 4 _ 
[00204979] 3 | 3 6 _ 1 11 7 0 10 2 9 4 _ 
[00204980] 2 | 3 6 4 1 11 7 0 10 2 9 4 _ 
[00204981] 2 | 3 6 8 1 11 7 0 10 2 9 4 _ 
[00204982] 1 | 3 6 8 1 11 7 0 10 2 9 4 5  *Graceful*
[00204982] 2 | 3 6 _ 1 11 7 0 10 2 9 4 6 
[00204983] 3 | _ 6 3 1 11 7 0 10 2 9 4 _ 
[00204984] 2 | 4 6 3 1 11 7 0 10 2 9 4 _ 
[00204985] 2 | 8 6 3 1 11 7 0 10 2 9 4 _ 
[00204986] 1 | 8 6 3 1 11 7 0 10 2 9 4 5  *Graceful*
[00204986] 2 | _ 6 3 1 11 7 0 10 2 9 4 6 
[00204987] 4 | _ 6 _ 1 11 _ 0 10 2 9 4 8 
[00204988] 3 | 3 6 _ 1 11 _ 0 10 2 9 4 8 
[00204989] 3 | _ 6 3 1 11 _ 0 10 2 9 4 8 
[00204990] 5 | _ _ _ 1 11 6 0 10 2 9 4 _ 
[00204991] 4 | 3 7 _ 1 11 6 0 10 2 9 4 _ 
[00204992] 4 | 7 3 _ 1 11 6 0 10 2 9 4 _ 
[00204993] 4 | _ 3 7 1 11 6 0 10 2 9 4 _ 
[00204994] 4 | _ 7 3 1 11 6 0 10 2 9 4 _ 
[00204995] 4 | _ 5 _ 1 11 6 0 10 2 9 4 _ 
[00204996] 3 | 8 5 _ 1 11 6 0 10 2 9 4 _ 
[00204997] 2 | 8 5 3 1 11 6 0 10 2 9 4 _ 
[00204998] 2 | 8 5 7 1 11 6 0 10 2 9 4 _ 
[00204999] 1 | 8 5 7 1 11 6 0 10 2 9 4 3  *Graceful*
[00204999] 3 | _ 5 8 1 11 6 0 10 2 9 4 _ 
[00205000] 2 | 3 5 8 1 11 6 0 10 2 9 4 _ 
[00205001] 2 | 7 5 8 1 11 6 0 10 2 9 4 _ 
[00205002] 1 | 7 5 8 1 11 6 0 10 2 9 4 3  *Graceful*
[00205002] 3 | _ 5 _ 1 11 6 0 10 2 9 4 7 
[00205003] 2 | 3 5 _ 1 11 6 0 10 2 9 4 7 
[00205004] 2 | _ 5 3 1 11 6 0 10 2 9 4 7 
[00205005] 4 | _ _ _ 1 11 6 0 10 2 9 4 8 
[00205006] 7 | _ _ _ 1 11 _ 0 10 2 _ 3 _ 
[00205007] 6 | _ 7 _ 1 11 _ 0 10 2 _ 3 _ 
[00205008] 5 | 2 7 _ 1 11 _ 0 10 2 _ 3 _ 
[00205009] 4 | 2 7 3 1 11 _ 0 10 2 _ 3 _ 
[00205010] 3 | 2 7 3 1 11 8 0 10 2 _ 3 _ 
[00205011] 4 | 2 7 11 1 11 _ 0 10 2 _ 3 _ 
[00205012] 3 | 2 7 11 1 11 _ 0 10 2 _ 3 6 
[00205013] 4 | 2 7 _ 1 11 7 0 10 2 _ 3 _ 
[00205014] 3 | 2 7 _ 1 11 7 0 10 2 _ 3 6 
[00205015] 4 | 2 7 _ 1 11 _ 0 10 2 _ 3 7 
[00205016] 3 | 2 7 _ 1 11 8 0 10 2 _ 3 7 
[00205017] 5 | _ 7 2 1 11 _ 0 10 2 _ 3 _ 
[00205018] 4 | 3 7 2 1 11 _ 0 10 2 _ 3 _ 
[00205019] 3 | 3 7 2 1 11 8 0 10 2 _ 3 _ 
[00205020] 4 | 11 7 2 1 11 _ 0 10 2 _ 3 _ 
[00205021] 3 | 11 7 2 1 11 _ 0 10 2 _ 3 6 
[00205022] 4 | _ 7 2 1 11 7 0 10 2 _ 3 _ 
[00205023] 3 | _ 7 2 1 11 7 0 10 2 _ 3 6 
[00205024] 4 | _ 7 2 1 11 _ 0 10 2 _ 3 7 
[00205025] 3 | _ 7 2 1 11 8 0 10 2 _ 3 7 
[00205026] 5 | _ 7 _ 1 11 6 0 10 2 _ 3 _ 
[00205027] 4 | 3 7 _ 1 11 6 0 10 2 _ 3 _ 
[00205028] 3 | 3 7 4 1 11 6 0 10 2 _ 3 _ 
[00205029] 3 | 3 7 _ 1 11 6 0 10 2 5 3 _ 
[00205030] 2 | 3 7 9 1 11 6 0 10 2 5 3 _ 
[00205031] 4 | _ 7 3 1 11 6 0 10 2 _ 3 _ 
[00205032] 3 | 4 7 3 1 11 6 0 10 2 _ 3 _ 
[00205033] 3 | _ 7 3 1 11 6 0 10 2 5 3 _ 
[00205034] 2 | 9 7 3 1 11 6 0 10 2 5 3 _ 
[00205035] 4 | _ 7 _ 1 11 6 0 10 2 _ 3 7 
[00205036] 3 | _ 7 _ 1 11 6 0 10 2 5 3 7 
[00205037] 5 | _ 7 _ 1 11 _ 0 10 2 7 3 _ 
[00205038] 5 | _ 7 _ 1 11 _ 0 10 2 _ 3 8 
[00205039] 4 | 11 7 _ 1 11 _ 0 10 2 _ 3 8 
[00205040] 3 | 11 7 4 1 11 _ 0 10 2 _ 3 8 
[00205041] 3 | 11 7 _ 1 11 _ 0 10 2 5 3 8 
[00205042] 2 | 11 7 9 1 11 _ 0 10 2 5 3 8 
[00205043] 4 | _ 7 11 1 11 _ 0 10 2 _ 3 8 
[00205044] 3 | 4 7 11 1 11 _ 0 10 2 _ 3 8 
[00205045] 3 | _ 7 11 1 11 _ 0 10 2 5 3 8 
[00205046] 2 | 9 7 11 1 11 _ 0 10 2 5 3 8 
[00205047] 4 | _ 7 _ 1 11 7 0 10 2 _ 3 8 
[00205048] 3 | _ 7 _ 1 11 7 0 10 2 5 3 8 
[00205049] 4 | _ 7 _ 1 11 _ 0 10 2 6 3 8 
[00205050] 3 | 4 7 _ 1 11 _ 0 10 2 6 3 8 
[00205051] 2 | 4 7 5 1 11 _ 0 10 2 6 3 8 
[00205052] 2 | 4 7 9 1 11 _ 0 10 2 6 3 8 
[00205053] 2 | 4 7 _ 1 11 9 0 10 2 6 3 8 
[00205054] 3 | _ 7 4 1 11 _ 0 10 2 6 3 8 
[00205055] 2 | 5 7 4 1 11 _ 0 10 2 6 3 8 
[00205056] 2 | 9 7 4 1 11 _ 0 10 2 6 3 8 
[00205057] 2 | _ 7 4 1 11 9 0 10 2 6 3 8 
[00205058] 6 | _ _ _ 1 11 5 0 10 2 _ 3 _ 
[00205059] 5 | 4 9 _ 1 11 5 0 10 2 _ 3 _ 
[00205060] 5 | 9 4 _ 1 11 5 0 10 2 _ 3 _ 
[00205061] 4 | 9 4 8 1 11 5 0 10 2 _ 3 _ 
[00205062] 3 | 9 4 8 1 11 5 0 10 2 _ 3 6 
[00205063] 4 | 9 4 _ 1 11 5 0 10 2 6 3 _ 
[00205064] 3 | 9 4 7 1 11 5 0 10 2 6 3 _ 
[00205065] 4 | 9 4 _ 1 11 5 0 10 2 _ 3 7 
[00205066] 5 | _ 4 9 1 11 5 0 10 2 _ 3 _ 
[00205067] 4 | 8 4 9 1 11 5 0 10 2 _ 3 _ 
[00205068] 3 | 8 4 9 1 11 5 0 10 2 _ 3 6 
[00205069] 4 | _ 4 9 1 11 5 0 10 2 6 3 _ 
[00205070] 3 | 7 4 9 1 11 5 0 10 2 6 3 _ 
[00205071] 4 | _ 4 9 1 11 5 0 10 2 _ 3 7 
[00205072] 5 | _ 9 4 1 11 5 0 10 2 _ 3 _ 
[00205073] 5 | _ 6 _ 1 11 5 0 10 2 _ 3 _ 
[00205074] 4 | 2 6 _ 1 11 5 0 10 2 _ 3 _ 
[00205075] 3 | 2 6 3 1 11 5 0 10 2 _ 3 _ 
[00205076] 3 | 2 6 9 1 11 5 0 10 2 _ 3 _ 
[00205077] 3 | 2 6 _ 1 11 5 0 10 2 _ 3 6 
[00205078] 4 | _ 6 2 1 11 5 0 10 2 _ 3 _ 
[00205079] 3 | 3 6 2 1 11 5 0 10 2 _ 3 _ 
[00205080] 3 | 9 6 2 1 11 5 0 10 2 _ 3 _ 
[00205081] 3 | _ 6 2 1 11 5 0 10 2 _ 3 6 
[00205082] 4 | _ 6 _ 1 11 5 0 10 2 6 3 _ 
[00205083] 4 | _ 6 _ 1 11 5 0 10 2 _ 3 7 
[00205084] 3 | 9 6 _ 1 11 5 0 10 2 _ 3 7 
[00205085] 2 | 9 6 4 1 11 5 0 10 2 _ 3 7 
[00205086] 2 | 9 6 8 1 11 5 0 10 2 _ 3 7 
[00205087] 2 | 9 6 _ 1 11 5 0 10 2 4 3 7 
[00205088] 3 | _ 6 9 1 11 5 0 10 2 _ 3 7 
[00205089] 2 | 4 6 9 1 11 5 0 10 2 _ 3 7 
[00205090] 2 | 8 6 9 1 11 5 0 10 2 _ 3 7 
[00205091] 2 | _ 6 9 1 11 5 0 10 2 4 3 7 
[00205092] 5 | _ _ _ 1 11 5 0 10 2 7 3 _ 
[00205093] 4 | 4 8 _ 1 11 5 0 10 2 7 3 _ 
[00205094] 4 | 8 4 _ 1 11 5 0 10 2 7 3 _ 
[00205095] 3 | 8 4 _ 1 11 5 0 10 2 7 3 6 
[00205096] 4 | _ 4 8 1 11 5 0 10 2 7 3 _ 
[00205097] 3 | _ 4 8 1 11 5 0 10 2 7 3 6 
[00205098] 4 | _ 8 4 1 11 5 0 10 2 7 3 _ 
[00205099] 5 | _ _ _ 1 11 5 0 10 2 _ 3 8 
[00205100] 4 | _ _ _ 1 11 5 0 10 2 6 3 8 
[00205101] 3 | 4 7 _ 1 11 5 0 10 2 6 3 8 
[00205102] 3 | 7 4 _ 1 11 5 0 10 2 6 3 8 
[00205103] 3 | _ 4 7 1 11 5 0 10 2 6 3 8 
[00205104] 3 | _ 7 4 1 11 5 0 10 2 6 3 8 
[00205105] 3 | _ 4 _ 1 11 5 0 10 2 6 3 8 
[00205106] 6 | _ _ _ 1 11 _ 0 10 2 8 3 _ 
[00205107] 5 | 4 9 _ 1 11 _ 0 10 2 8 3 _ 
[00205108] 5 | 9 4 _ 1 11 _ 0 10 2 8 3 _ 
[00205109] 4 | 9 4 _ 1 11 7 0 10 2 8 3 _ 
[00205110] 3 | 9 4 _ 1 11 7 0 10 2 8 3 6 
[00205111] 4 | 9 4 _ 1 11 _ 0 10 2 8 3 7 
[00205112] 5 | _ 4 9 1 11 _ 0 10 2 8 3 _ 
[00205113] 4 | _ 4 9 1 11 7 0 10 2 8 3 _ 
[00205114] 3 | _ 4 9 1 11 7 0 10 2 8 3 6 
[00205115] 4 | _ 4 9 1 11 _ 0 10 2 8 3 7 
[00205116] 5 | _ 9 4 1 11 _ 0 10 2 8 3 _ 
[00205117] 5 | _ 6 _ 1 11 _ 0 10 2 8 3 _ 
[00205118] 4 | _ 6 _ 1 11 7 0 10 2 8 3 _ 
[00205119] 3 | 3 6 _ 1 11 7 0 10 2 8 3 _ 
[00205120] 2 | 3 6 4 1 11 7 0 10 2 8 3 _ 
[00205121] 3 | 9 6 _ 1 11 7 0 10 2 8 3 _ 
[00205122] 2 | 9 6 4 1 11 7 0 10 2 8 3 _ 
[00205123] 2 | 9 6 _ 1 11 7 0 10 2 8 3 5 
[00205124] 3 | _ 6 3 1 11 7 0 10 2 8 3 _ 
[00205125] 2 | 4 6 3 1 11 7 0 10 2 8 3 _ 
[00205126] 3 | _ 6 9 1 11 7 0 10 2 8 3 _ 
[00205127] 2 | 4 6 9 1 11 7 0 10 2 8 3 _ 
[00205128] 2 | _ 6 9 1 11 7 0 10 2 8 3 5 
[00205129] 3 | _ 6 _ 1 11 7 0 10 2 8 3 6 
[00205130] 4 | _ 6 _ 1 11 _ 0 10 2 8 3 7 
[00205131] 3 | 9 6 _ 1 11 _ 0 10 2 8 3 7 
[00205132] 2 | 9 6 4 1 11 _ 0 10 2 8 3 7 
[00205133] 3 | _ 6 9 1 11 _ 0 10 2 8 3 7 
[00205134] 2 | 4 6 9 1 11 _ 0 10 2 8 3 7 
[00205135] 5 | _ _ _ 1 11 6 0 10 2 8 3 _ 
[00205136] 4 | 5 9 _ 1 11 6 0 10 2 8 3 _ 
[00205137] 4 | 9 5 _ 1 11 6 0 10 2 8 3 _ 
[00205138] 4 | _ 5 9 1 11 6 0 10 2 8 3 _ 
[00205139] 4 | _ 9 5 1 11 6 0 10 2 8 3 _ 
[00205140] 4 | _ 5 _ 1 11 6 0 10 2 8 3 _ 
[00205141] 4 | _ _ _ 1 11 6 0 10 2 8 3 7 
[00205142] 3 | _ 4 _ 1 11 6 0 10 2 8 3 7 
[00205143] 6 | _ _ _ 1 11 _ 0 10 2 _ 3 9 
[00205144] 5 | _ 6 _ 1 11 _ 0 10 2 _ 3 9 
