[00087639] 4 | 6 11 _ 0 10 4 3 9 5 _ 1 _ 
[00087640] 3 | 6 11 8 0 10 4 3 9 5 _ 1 _ 
[00087641] 2 | 6 11 8 0 10 4 3 9 5 7 1 _ 
[00087642] 1 | 6 11 8 0 10 4 3 9 5 7 1 2  *Graceful*
[00087642] 3 | 6 11 _ 0 10 4 3 9 5 2 1 _ 
[00087643] 3 | 6 11 _ 0 10 4 3 9 5 8 1 _ 
[00087644] 4 | 6 11 _ 0 10 4 3 9 _ _ 1 5 
[00087645] 3 | 6 11 8 0 10 4 3 9 _ _ 1 5 
[00087646] 2 | 6 11 8 0 10 4 3 9 7 _ 1 5 
[00087647] 5 | _ 11 6 0 10 4 3 9 _ _ 1 _ 
[00087648] 4 | 7 11 6 0 10 4 3 9 _ _ 1 _ 
[00087649] 3 | 7 11 6 0 10 4 3 9 2 5 1 _ 
[00087650] 3 | 7 11 6 0 10 4 3 9 5 8 1 _ 
[00087651] 3 | 7 11 6 0 10 4 3 9 5 2 1 _ 
[00087652] 3 | 7 11 6 0 10 4 3 9 8 5 1 _ 
[00087653] 4 | _ 11 6 0 10 4 3 9 5 _ 1 _ 
[00087654] 3 | 8 11 6 0 10 4 3 9 5 _ 1 _ 
[00087655] 2 | 8 11 6 0 10 4 3 9 5 7 1 _ 
[00087656] 1 | 8 11 6 0 10 4 3 9 5 7 1 2  *Graceful*
[00087656] 3 | _ 11 6 0 10 4 3 9 5 2 1 _ 
[00087657] 3 | _ 11 6 0 10 4 3 9 5 8 1 _ 
[00087658] 4 | _ 11 6 0 10 4 3 9 _ _ 1 5 
[00087659] 3 | 8 11 6 0 10 4 3 9 _ _ 1 5 
[00087660] 2 | 8 11 6 0 10 4 3 9 7 _ 1 5 
[00087661] 5 | _ 11 _ 0 10 4 3 9 2 7 1 _ 
[00087662] 4 | _ 11 _ 0 10 4 3 9 2 7 1 5 
[00087663] 3 | 8 11 _ 0 10 4 3 9 2 7 1 5 
[00087664] 3 | _ 11 8 0 10 4 3 9 2 7 1 5 
[00087665] 5 | _ 11 _ 0 10 4 3 9 7 2 1 _ 
[00087666] 4 | _ 11 _ 0 10 4 3 9 7 2 1 5 
[00087667] 3 | 8 11 _ 0 10 4 3 9 7 2 1 5 
[00087668] 3 | _ 11 8 0 10 4 3 9 7 2 1 5 
[00087669] 5 | _ 11 _ 0 10 4 3 9 _ _ 1 6 
[00087670] 4 | 7 11 _ 0 10 4 3 9 _ _ 1 6 
[00087671] 3 | 7 11 8 0 10 4 3 9 _ _ 1 6 
[00087672] 3 | 7 11 _ 0 10 4 3 9 2 5 1 6 
[00087673] 3 | 7 11 _ 0 10 4 3 9 5 8 1 6 
[00087674] 3 | 7 11 _ 0 10 4 3 9 5 2 1 6 
[00087675] 3 | 7 11 _ 0 10 4 3 9 8 5 1 6 
[00087676] 4 | _ 11 7 0 10 4 3 9 _ _ 1 6 
[00087677] 3 | 8 11 7 0 10 4 3 9 _ _ 1 6 
[00087678] 3 | _ 11 7 0 10 4 3 9 2 5 1 6 
[00087679] 3 | _ 11 7 0 10 4 3 9 5 8 1 6 
[00087680] 3 | _ 11 7 0 10 4 3 9 5 2 1 6 
[00087681] 3 | _ 11 7 0 10 4 3 9 8 5 1 6 
[00087682] 4 | _ 11 _ 0 10 4 3 9 5 _ 1 6 
[00087683] 3 | 8 11 _ 0 10 4 3 9 5 _ 1 6 
[00087684] 2 | 8 11 _ 0 10 4 3 9 5 7 1 6 
[00087685] 3 | _ 11 8 0 10 4 3 9 5 _ 1 6 
[00087686] 2 | _ 11 8 0 10 4 3 9 5 7 1 6 
[00087687] 3 | _ 11 _ 0 10 4 3 9 5 2 1 6 
[00087688] 3 | _ 11 _ 0 10 4 3 9 5 8 1 6 
[00087689] 6 | _ 11 _ 0 10 _ 3 9 2 8 1 _ 
[00087690] 5 | 6 11 _ 0 10 _ 3 9 2 8 1 _ 
[00087691] 4 | 6 11 7 0 10 _ 3 9 2 8 1 _ 
[00087692] 3 | 6 11 7 0 10 _ 3 9 2 8 1 4 
[00087693] 4 | 6 11 _ 0 10 _ 3 9 2 8 1 5 
[00087694] 3 | 6 11 _ 0 10 7 3 9 2 8 1 5 
[00087695] 5 | _ 11 6 0 10 _ 3 9 2 8 1 _ 
[00087696] 4 | 7 11 6 0 10 _ 3 9 2 8 1 _ 
[00087697] 3 | 7 11 6 0 10 _ 3 9 2 8 1 4 
[00087698] 4 | _ 11 6 0 10 _ 3 9 2 8 1 5 
[00087699] 3 | _ 11 6 0 10 7 3 9 2 8 1 5 
[00087700] 5 | _ 11 _ 0 10 5 3 9 2 8 1 _ 
[00087701] 4 | 7 11 _ 0 10 5 3 9 2 8 1 _ 
[00087702] 3 | 7 11 _ 0 10 5 3 9 2 8 1 4 
[00087703] 4 | _ 11 7 0 10 5 3 9 2 8 1 _ 
[00087704] 3 | _ 11 7 0 10 5 3 9 2 8 1 4 
[00087705] 5 | _ 11 _ 0 10 _ 3 9 2 8 1 6 
[00087706] 4 | 7 11 _ 0 10 _ 3 9 2 8 1 6 
[00087707] 4 | _ 11 7 0 10 _ 3 9 2 8 1 6 
[00087708] 6 | _ 11 _ 0 10 _ 3 9 8 2 1 _ 
[00087709] 5 | 6 11 _ 0 10 _ 3 9 8 2 1 _ 
[00087710] 4 | 6 11 7 0 10 _ 3 9 8 2 1 _ 
[00087711] 3 | 6 11 7 0 10 _ 3 9 8 2 1 4 
[00087712] 4 | 6 11 _ 0 10 _ 3 9 8 2 1 5 
[00087713] 3 | 6 11 _ 0 10 7 3 9 8 2 1 5 
[00087714] 5 | _ 11 6 0 10 _ 3 9 8 2 1 _ 
[00087715] 4 | 7 11 6 0 10 _ 3 9 8 2 1 _ 
[00087716] 3 | 7 11 6 0 10 _ 3 9 8 2 1 4 
[00087717] 4 | _ 11 6 0 10 _ 3 9 8 2 1 5 
[00087718] 3 | _ 11 6 0 10 7 3 9 8 2 1 5 
[00087719] 5 | _ 11 _ 0 10 5 3 9 8 2 1 _ 
[00087720] 4 | 7 11 _ 0 10 5 3 9 8 2 1 _ 
[00087721] 3 | 7 11 _ 0 10 5 3 9 8 2 1 4 
[00087722] 4 | _ 11 7 0 10 5 3 9 8 2 1 _ 
[00087723] 3 | _ 11 7 0 10 5 3 9 8 2 1 4 
[00087724] 5 | _ 11 _ 0 10 _ 3 9 8 2 1 6 
[00087725] 4 | 7 11 _ 0 10 _ 3 9 8 2 1 6 
[00087726] 4 | _ 11 7 0 10 _ 3 9 8 2 1 6 
[00087727] 6 | _ 11 _ 0 10 _ 3 9 _ _ 1 7 
[00087728] 5 | 6 11 _ 0 10 _ 3 9 _ _ 1 7 
[00087729] 4 | 6 11 _ 0 10 _ 3 9 5 _ 1 7 
[00087730] 3 | 6 11 8 0 10 _ 3 9 5 _ 1 7 
[00087731] 3 | 6 11 _ 0 10 _ 3 9 5 2 1 7 
[00087732] 2 | 6 11 _ 0 10 8 3 9 5 2 1 7 
[00087733] 3 | 6 11 _ 0 10 _ 3 9 5 8 1 7 
[00087734] 4 | 6 11 _ 0 10 _ 3 9 4 8 1 7 
[00087735] 4 | 6 11 _ 0 10 _ 3 9 8 4 1 7 
[00087736] 5 | _ 11 6 0 10 _ 3 9 _ _ 1 7 
[00087737] 4 | _ 11 6 0 10 _ 3 9 5 _ 1 7 
[00087738] 3 | 8 11 6 0 10 _ 3 9 5 _ 1 7 
[00087739] 3 | _ 11 6 0 10 _ 3 9 5 2 1 7 
[00087740] 2 | _ 11 6 0 10 8 3 9 5 2 1 7 
[00087741] 3 | _ 11 6 0 10 _ 3 9 5 8 1 7 
[00087742] 4 | _ 11 6 0 10 _ 3 9 4 8 1 7 
[00087743] 4 | _ 11 6 0 10 _ 3 9 8 4 1 7 
[00087744] 5 | _ 11 _ 0 10 5 3 9 _ _ 1 7 
[00087745] 4 | _ 11 _ 0 10 5 3 9 2 6 1 7 
[00087746] 3 | 8 11 _ 0 10 5 3 9 2 6 1 7 
[00087747] 3 | _ 11 8 0 10 5 3 9 2 6 1 7 
[00087748] 4 | _ 11 _ 0 10 5 3 9 4 8 1 7 
[00087749] 4 | _ 11 _ 0 10 5 3 9 6 2 1 7 
[00087750] 3 | 8 11 _ 0 10 5 3 9 6 2 1 7 
[00087751] 3 | _ 11 8 0 10 5 3 9 6 2 1 7 
[00087752] 4 | _ 11 _ 0 10 5 3 9 8 4 1 7 
[00087753] 5 | _ 11 _ 0 10 _ 3 9 4 _ 1 7 
[00087754] 4 | _ 11 _ 0 10 6 3 9 4 _ 1 7 
[00087755] 3 | 8 11 _ 0 10 6 3 9 4 _ 1 7 
[00087756] 2 | 8 11 _ 0 10 6 3 9 4 2 1 7 
[00087757] 3 | _ 11 8 0 10 6 3 9 4 _ 1 7 
[00087758] 2 | _ 11 8 0 10 6 3 9 4 2 1 7 
[00087759] 4 | _ 11 _ 0 10 _ 3 9 4 8 1 7 
[00087760] 7 | _ 11 _ 0 10 _ _ 9 2 _ 1 _ 
[00087761] 6 | 5 11 _ 0 10 _ _ 9 2 _ 1 _ 
[00087762] 5 | 5 11 6 0 10 _ _ 9 2 _ 1 _ 
[00087763] 5 | 5 11 _ 0 10 _ _ 9 2 7 1 _ 
[00087764] 4 | 5 11 _ 0 10 6 _ 9 2 7 1 _ 
[00087765] 3 | 5 11 8 0 10 6 _ 9 2 7 1 _ 
[00087766] 2 | 5 11 8 0 10 6 _ 9 2 7 1 3 
[00087767] 3 | 5 11 _ 0 10 6 _ 9 2 7 1 4 
[00087768] 2 | 5 11 _ 0 10 6 8 9 2 7 1 4 
[00087769] 4 | 5 11 _ 0 10 _ 6 9 2 7 1 _ 
[00087770] 3 | 5 11 8 0 10 _ 6 9 2 7 1 _ 
[00087771] 2 | 5 11 8 0 10 _ 6 9 2 7 1 3 
[00087772] 3 | 5 11 _ 0 10 _ 6 9 2 7 1 4 
[00087773] 2 | 5 11 _ 0 10 8 6 9 2 7 1 4 
[00087774] 5 | 5 11 _ 0 10 _ _ 9 2 _ 1 6 
[00087775] 4 | 5 11 7 0 10 _ _ 9 2 _ 1 6 
[00087776] 6 | _ 11 5 0 10 _ _ 9 2 _ 1 _ 
[00087777] 5 | 6 11 5 0 10 _ _ 9 2 _ 1 _ 
[00087778] 5 | _ 11 5 0 10 _ _ 9 2 7 1 _ 
[00087779] 4 | _ 11 5 0 10 6 _ 9 2 7 1 _ 
[00087780] 3 | 8 11 5 0 10 6 _ 9 2 7 1 _ 
[00087781] 2 | 8 11 5 0 10 6 _ 9 2 7 1 3 
[00087782] 3 | _ 11 5 0 10 6 _ 9 2 7 1 4 
[00087783] 2 | _ 11 5 0 10 6 8 9 2 7 1 4 
[00087784] 4 | _ 11 5 0 10 _ 6 9 2 7 1 _ 
[00087785] 3 | 8 11 5 0 10 _ 6 9 2 7 1 _ 
[00087786] 2 | 8 11 5 0 10 _ 6 9 2 7 1 3 
[00087787] 3 | _ 11 5 0 10 _ 6 9 2 7 1 4 
[00087788] 2 | _ 11 5 0 10 8 6 9 2 7 1 4 
[00087789] 5 | _ 11 5 0 10 _ _ 9 2 _ 1 6 
[00087790] 4 | 7 11 5 0 10 _ _ 9 2 _ 1 6 
[00087791] 6 | _ 11 _ 0 10 4 _ 9 2 _ 1 _ 
[00087792] 5 | 6 11 _ 0 10 4 _ 9 2 _ 1 _ 
[00087793] 4 | 6 11 7 0 10 4 _ 9 2 _ 1 _ 
[00087794] 3 | 6 11 7 0 10 4 _ 9 2 5 1 _ 
[00087795] 2 | 6 11 7 0 10 4 8 9 2 5 1 _ 
[00087796] 2 | 6 11 7 0 10 4 _ 9 2 5 1 3 
[00087797] 4 | 6 11 _ 0 10 4 _ 9 2 _ 1 5 
[00087798] 3 | 6 11 8 0 10 4 _ 9 2 _ 1 5 
[00087799] 3 | 6 11 _ 0 10 4 7 9 2 _ 1 5 
[00087800] 5 | _ 11 6 0 10 4 _ 9 2 _ 1 _ 
[00087801] 4 | 7 11 6 0 10 4 _ 9 2 _ 1 _ 
[00087802] 3 | 7 11 6 0 10 4 _ 9 2 5 1 _ 
[00087803] 2 | 7 11 6 0 10 4 8 9 2 5 1 _ 
[00087804] 2 | 7 11 6 0 10 4 _ 9 2 5 1 3 
[00087805] 4 | _ 11 6 0 10 4 _ 9 2 _ 1 5 
[00087806] 3 | 8 11 6 0 10 4 _ 9 2 _ 1 5 
[00087807] 3 | _ 11 6 0 10 4 7 9 2 _ 1 5 
[00087808] 5 | _ 11 _ 0 10 4 5 9 2 _ 1 _ 
[00087809] 4 | 7 11 _ 0 10 4 5 9 2 _ 1 _ 
[00087810] 3 | 7 11 8 0 10 4 5 9 2 _ 1 _ 
[00087811] 2 | 7 11 8 0 10 4 5 9 2 _ 1 3 
[00087812] 4 | _ 11 7 0 10 4 5 9 2 _ 1 _ 
[00087813] 3 | 8 11 7 0 10 4 5 9 2 _ 1 _ 
[00087814] 2 | 8 11 7 0 10 4 5 9 2 _ 1 3 
[00087815] 4 | _ 11 _ 0 10 4 5 9 2 6 1 _ 
[00087816] 3 | 8 11 _ 0 10 4 5 9 2 6 1 _ 
[00087817] 2 | 8 11 _ 0 10 4 5 9 2 6 1 3 
[00087818] 3 | _ 11 8 0 10 4 5 9 2 6 1 _ 
[00087819] 2 | _ 11 8 0 10 4 5 9 2 6 1 3 
[00087820] 5 | _ 11 _ 0 10 4 _ 9 2 7 1 _ 
[00087821] 4 | _ 11 _ 0 10 4 6 9 2 7 1 _ 
[00087822] 3 | 8 11 _ 0 10 4 6 9 2 7 1 _ 
[00087823] 2 | 8 11 _ 0 10 4 6 9 2 7 1 3 
[00087824] 3 | _ 11 8 0 10 4 6 9 2 7 1 _ 
[00087825] 2 | _ 11 8 0 10 4 6 9 2 7 1 3 
[00087826] 4 | _ 11 _ 0 10 4 _ 9 2 7 1 5 
[00087827] 3 | 8 11 _ 0 10 4 _ 9 2 7 1 5 
[00087828] 3 | _ 11 8 0 10 4 _ 9 2 7 1 5 
[00087829] 5 | _ 11 _ 0 10 4 _ 9 2 _ 1 6 
[00087830] 4 | 7 11 _ 0 10 4 _ 9 2 _ 1 6 
[00087831] 3 | 7 11 8 0 10 4 _ 9 2 _ 1 6 
[00087832] 3 | 7 11 _ 0 10 4 _ 9 2 5 1 6 
[00087833] 2 | 7 11 _ 0 10 4 8 9 2 5 1 6 
[00087834] 4 | _ 11 7 0 10 4 _ 9 2 _ 1 6 
[00087835] 3 | 8 11 7 0 10 4 _ 9 2 _ 1 6 
[00087836] 3 | _ 11 7 0 10 4 _ 9 2 5 1 6 
[00087837] 2 | _ 11 7 0 10 4 8 9 2 5 1 6 
[00087838] 6 | _ 11 _ 0 10 _ 4 9 2 _ 1 _ 
[00087839] 5 | 6 11 _ 0 10 _ 4 9 2 _ 1 _ 
[00087840] 4 | 6 11 7 0 10 _ 4 9 2 _ 1 _ 
[00087841] 3 | 6 11 7 0 10 _ 4 9 2 5 1 _ 
[00087842] 2 | 6 11 7 0 10 8 4 9 2 5 1 _ 
[00087843] 2 | 6 11 7 0 10 _ 4 9 2 5 1 3 
[00087844] 4 | 6 11 _ 0 10 _ 4 9 2 _ 1 5 
[00087845] 3 | 6 11 8 0 10 _ 4 9 2 _ 1 5 
[00087846] 3 | 6 11 _ 0 10 7 4 9 2 _ 1 5 
[00087847] 5 | _ 11 6 0 10 _ 4 9 2 _ 1 _ 
[00087848] 4 | 7 11 6 0 10 _ 4 9 2 _ 1 _ 
[00087849] 3 | 7 11 6 0 10 _ 4 9 2 5 1 _ 
[00087850] 2 | 7 11 6 0 10 8 4 9 2 5 1 _ 
[00087851] 2 | 7 11 6 0 10 _ 4 9 2 5 1 3 
[00087852] 4 | _ 11 6 0 10 _ 4 9 2 _ 1 5 
[00087853] 3 | 8 11 6 0 10 _ 4 9 2 _ 1 5 
[00087854] 3 | _ 11 6 0 10 7 4 9 2 _ 1 5 
[00087855] 5 | _ 11 _ 0 10 5 4 9 2 _ 1 _ 
[00087856] 4 | 7 11 _ 0 10 5 4 9 2 _ 1 _ 
[00087857] 3 | 7 11 8 0 10 5 4 9 2 _ 1 _ 
[00087858] 2 | 7 11 8 0 10 5 4 9 2 _ 1 3 
[00087859] 4 | _ 11 7 0 10 5 4 9 2 _ 1 _ 
[00087860] 3 | 8 11 7 0 10 5 4 9 2 _ 1 _ 
[00087861] 2 | 8 11 7 0 10 5 4 9 2 _ 1 3 
[00087862] 4 | _ 11 _ 0 10 5 4 9 2 6 1 _ 
[00087863] 3 | 8 11 _ 0 10 5 4 9 2 6 1 _ 
[00087864] 2 | 8 11 _ 0 10 5 4 9 2 6 1 3 
[00087865] 3 | _ 11 8 0 10 5 4 9 2 6 1 _ 
[00087866] 2 | _ 11 8 0 10 5 4 9 2 6 1 3 
[00087867] 5 | _ 11 _ 0 10 _ 4 9 2 7 1 _ 
[00087868] 4 | _ 11 _ 0 10 6 4 9 2 7 1 _ 
[00087869] 3 | 8 11 _ 0 10 6 4 9 2 7 1 _ 
[00087870] 2 | 8 11 _ 0 10 6 4 9 2 7 1 3 
[00087871] 3 | _ 11 8 0 10 6 4 9 2 7 1 _ 
[00087872] 2 | _ 11 8 0 10 6 4 9 2 7 1 3 
[00087873] 4 | _ 11 _ 0 10 _ 4 9 2 7 1 5 
[00087874] 3 | 8 11 _ 0 10 _ 4 9 2 7 1 5 
[00087875] 3 | _ 11 8 0 10 _ 4 9 2 7 1 5 
[00087876] 5 | _ 11 _ 0 10 _ 4 9 2 _ 1 6 
[00087877] 4 | 7 11 _ 0 10 _ 4 9 2 _ 1 6 
[00087878] 3 | 7 11 8 0 10 _ 4 9 2 _ 1 6 
[00087879] 3 | 7 11 _ 0 10 _ 4 9 2 5 1 6 
[00087880] 2 | 7 11 _ 0 10 8 4 9 2 5 1 6 
[00087881] 4 | _ 11 7 0 10 _ 4 9 2 _ 1 6 
[00087882] 3 | 8 11 7 0 10 _ 4 9 2 _ 1 6 
[00087883] 3 | _ 11 7 0 10 _ 4 9 2 5 1 6 
[00087884] 2 | _ 11 7 0 10 8 4 9 2 5 1 6 
[00087885] 6 | _ 11 _ 0 10 _ _ 9 2 8 1 _ 
[00087886] 5 | 6 11 _ 0 10 _ _ 9 2 8 1 _ 
[00087887] 4 | 6 11 7 0 10 _ _ 9 2 8 1 _ 
[00087888] 3 | 6 11 7 0 10 _ _ 9 2 8 1 4 
[00087889] 4 | 6 11 _ 0 10 _ _ 9 2 8 1 5 
[00087890] 3 | 6 11 _ 0 10 7 _ 9 2 8 1 5 
[00087891] 3 | 6 11 _ 0 10 _ 7 9 2 8 1 5 
[00087892] 5 | _ 11 6 0 10 _ _ 9 2 8 1 _ 
[00087893] 4 | 7 11 6 0 10 _ _ 9 2 8 1 _ 
[00087894] 3 | 7 11 6 0 10 _ _ 9 2 8 1 4 
[00087895] 4 | _ 11 6 0 10 _ _ 9 2 8 1 5 
[00087896] 3 | _ 11 6 0 10 7 _ 9 2 8 1 5 
[00087897] 3 | _ 11 6 0 10 _ 7 9 2 8 1 5 
[00087898] 5 | _ 11 _ 0 10 5 _ 9 2 8 1 _ 
[00087899] 4 | 7 11 _ 0 10 5 _ 9 2 8 1 _ 
[00087900] 3 | 7 11 _ 0 10 5 _ 9 2 8 1 4 
[00087901] 4 | _ 11 7 0 10 5 _ 9 2 8 1 _ 
[00087902] 3 | _ 11 7 0 10 5 _ 9 2 8 1 4 
[00087903] 4 | _ 11 _ 0 10 5 6 9 2 8 1 _ 
[00087904] 3 | _ 11 _ 0 10 5 6 9 2 8 1 4 
[00087905] 5 | _ 11 _ 0 10 _ 5 9 2 8 1 _ 
[00087906] 4 | 7 11 _ 0 10 _ 5 9 2 8 1 _ 
[00087907] 3 | 7 11 _ 0 10 _ 5 9 2 8 1 4 
[00087908] 4 | _ 11 7 0 10 _ 5 9 2 8 1 _ 
[00087909] 3 | _ 11 7 0 10 _ 5 9 2 8 1 4 
[00087910] 4 | _ 11 _ 0 10 6 5 9 2 8 1 _ 
[00087911] 3 | _ 11 _ 0 10 6 5 9 2 8 1 4 
[00087912] 5 | _ 11 _ 0 10 _ _ 9 2 8 1 6 
[00087913] 4 | 7 11 _ 0 10 _ _ 9 2 8 1 6 
[00087914] 4 | _ 11 7 0 10 _ _ 9 2 8 1 6 
[00087915] 6 | _ 11 _ 0 10 _ _ 9 2 _ 1 7 
[00087916] 5 | 6 11 _ 0 10 _ _ 9 2 _ 1 7 
[00087917] 5 | _ 11 6 0 10 _ _ 9 2 _ 1 7 
[00087918] 5 | _ 11 _ 0 10 5 _ 9 2 _ 1 7 
[00087919] 4 | _ 11 _ 0 10 5 6 9 2 _ 1 7 
[00087920] 3 | 8 11 _ 0 10 5 6 9 2 _ 1 7 
[00087921] 2 | 8 11 _ 0 10 5 6 9 2 4 1 7 
[00087922] 3 | _ 11 8 0 10 5 6 9 2 _ 1 7 
[00087923] 2 | _ 11 8 0 10 5 6 9 2 4 1 7 
[00087924] 4 | _ 11 _ 0 10 5 _ 9 2 6 1 7 
[00087925] 3 | 8 11 _ 0 10 5 _ 9 2 6 1 7 
[00087926] 3 | _ 11 8 0 10 5 _ 9 2 6 1 7 
[00087927] 5 | _ 11 _ 0 10 _ 5 9 2 _ 1 7 
[00087928] 4 | _ 11 _ 0 10 6 5 9 2 _ 1 7 
[00087929] 3 | 8 11 _ 0 10 6 5 9 2 _ 1 7 
[00087930] 2 | 8 11 _ 0 10 6 5 9 2 4 1 7 
[00087931] 3 | _ 11 8 0 10 6 5 9 2 _ 1 7 
[00087932] 2 | _ 11 8 0 10 6 5 9 2 4 1 7 
[00087933] 4 | _ 11 _ 0 10 _ 5 9 2 6 1 7 
[00087934] 3 | 8 11 _ 0 10 _ 5 9 2 6 1 7 
[00087935] 3 | _ 11 8 0 10 _ 5 9 2 6 1 7 
[00087936] 7 | _ 11 _ 0 10 _ _ 9 _ _ 1 8 
[00087937] 6 | 5 11 _ 0 10 _ _ 9 _ _ 1 8 
[00087938] 5 | 5 11 6 0 10 _ _ 9 _ _ 1 8 
[00087939] 4 | 5 11 6 0 10 _ _ 9 3 7 1 8 
[00087940] 4 | 5 11 6 0 10 _ _ 9 7 3 1 8 
[00087941] 5 | 5 11 _ 0 10 _ _ 9 4 _ 1 8 
[00087942] 4 | 5 11 7 0 10 _ _ 9 4 _ 1 8 
[00087943] 4 | 5 11 _ 0 10 6 _ 9 4 _ 1 8 
[00087944] 3 | 5 11 _ 0 10 6 7 9 4 _ 1 8 
[00087945] 2 | 5 11 _ 0 10 6 7 9 4 2 1 8 
[00087946] 3 | 5 11 _ 0 10 6 _ 9 4 7 1 8 
[00087947] 4 | 5 11 _ 0 10 _ 6 9 4 _ 1 8 
[00087948] 3 | 5 11 _ 0 10 7 6 9 4 _ 1 8 
[00087949] 2 | 5 11 _ 0 10 7 6 9 4 2 1 8 
[00087950] 3 | 5 11 _ 0 10 _ 6 9 4 7 1 8 
[00087951] 5 | 5 11 _ 0 10 _ _ 9 2 7 1 8 
[00087952] 4 | 5 11 _ 0 10 6 _ 9 2 7 1 8 
[00087953] 4 | 5 11 _ 0 10 _ 6 9 2 7 1 8 
[00087954] 5 | 5 11 _ 0 10 _ _ 9 7 2 1 8 
[00087955] 4 | 5 11 _ 0 10 6 _ 9 7 2 1 8 
[00087956] 4 | 5 11 _ 0 10 _ 6 9 7 2 1 8 
[00087957] 6 | _ 11 5 0 10 _ _ 9 _ _ 1 8 
[00087958] 5 | 6 11 5 0 10 _ _ 9 _ _ 1 8 
[00087959] 4 | 6 11 5 0 10 _ _ 9 3 7 1 8 
[00087960] 4 | 6 11 5 0 10 _ _ 9 7 3 1 8 
[00087961] 5 | _ 11 5 0 10 _ _ 9 4 _ 1 8 
[00087962] 4 | 7 11 5 0 10 _ _ 9 4 _ 1 8 
[00087963] 4 | _ 11 5 0 10 6 _ 9 4 _ 1 8 
[00087964] 3 | _ 11 5 0 10 6 7 9 4 _ 1 8 
[00087965] 2 | _ 11 5 0 10 6 7 9 4 2 1 8 
[00087966] 3 | _ 11 5 0 10 6 _ 9 4 7 1 8 
[00087967] 4 | _ 11 5 0 10 _ 6 9 4 _ 1 8 
[00087968] 3 | _ 11 5 0 10 7 6 9 4 _ 1 8 
[00087969] 2 | _ 11 5 0 10 7 6 9 4 2 1 8 
[00087970] 3 | _ 11 5 0 10 _ 6 9 4 7 1 8 
[00087971] 5 | _ 11 5 0 10 _ _ 9 2 7 1 8 
[00087972] 4 | _ 11 5 0 10 6 _ 9 2 7 1 8 
[00087973] 4 | _ 11 5 0 10 _ 6 9 2 7 1 8 
[00087974] 5 | _ 11 5 0 10 _ _ 9 7 2 1 8 
[00087975] 4 | _ 11 5 0 10 6 _ 9 7 2 1 8 
[00087976] 4 | _ 11 5 0 10 _ 6 9 7 2 1 8 
[00087977] 6 | _ 11 _ 0 10 4 _ 9 _ _ 1 8 
[00087978] 5 | 6 11 _ 0 10 4 _ 9 _ _ 1 8 
[00087979] 4 | 6 11 7 0 10 4 _ 9 _ _ 1 8 
[00087980] 3 | 6 11 7 0 10 4 _ 9 2 5 1 8 
[00087981] 3 | 6 11 7 0 10 4 _ 9 5 2 1 8 
[00087982] 4 | 6 11 _ 0 10 4 _ 9 5 _ 1 8 
[00087983] 3 | 6 11 _ 0 10 4 7 9 5 _ 1 8 
[00087984] 2 | 6 11 _ 0 10 4 7 9 5 3 1 8 
[00087985] 3 | 6 11 _ 0 10 4 _ 9 5 2 1 8 
[00087986] 4 | 6 11 _ 0 10 4 _ 9 3 7 1 8 
[00087987] 4 | 6 11 _ 0 10 4 _ 9 7 3 1 8 
[00087988] 5 | _ 11 6 0 10 4 _ 9 _ _ 1 8 
[00087989] 4 | 7 11 6 0 10 4 _ 9 _ _ 1 8 
[00087990] 3 | 7 11 6 0 10 4 _ 9 2 5 1 8 
[00087991] 3 | 7 11 6 0 10 4 _ 9 5 2 1 8 
[00087992] 4 | _ 11 6 0 10 4 _ 9 5 _ 1 8 
[00087993] 3 | _ 11 6 0 10 4 7 9 5 _ 1 8 
[00087994] 2 | _ 11 6 0 10 4 7 9 5 3 1 8 
[00087995] 3 | _ 11 6 0 10 4 _ 9 5 2 1 8 
[00087996] 4 | _ 11 6 0 10 4 _ 9 3 7 1 8 
[00087997] 4 | _ 11 6 0 10 4 _ 9 7 3 1 8 
[00087998] 5 | _ 11 _ 0 10 4 5 9 _ _ 1 8 
[00087999] 4 | 7 11 _ 0 10 4 5 9 _ _ 1 8 
[00088000] 3 | 7 11 _ 0 10 4 5 9 6 _ 1 8 
[00088001] 3 | 7 11 _ 0 10 4 5 9 3 6 1 8 
[00088002] 3 | 7 11 _ 0 10 4 5 9 6 3 1 8 
[00088003] 4 | _ 11 7 0 10 4 5 9 _ _ 1 8 
[00088004] 3 | _ 11 7 0 10 4 5 9 6 _ 1 8 
[00088005] 3 | _ 11 7 0 10 4 5 9 3 6 1 8 
[00088006] 3 | _ 11 7 0 10 4 5 9 6 3 1 8 
[00088007] 4 | _ 11 _ 0 10 4 5 9 2 6 1 8 
[00088008] 4 | _ 11 _ 0 10 4 5 9 3 7 1 8 
[00088009] 4 | _ 11 _ 0 10 4 5 9 6 2 1 8 
[00088010] 4 | _ 11 _ 0 10 4 5 9 7 3 1 8 
[00088011] 5 | _ 11 _ 0 10 4 _ 9 2 7 1 8 
[00088012] 4 | _ 11 _ 0 10 4 6 9 2 7 1 8 
[00088013] 5 | _ 11 _ 0 10 4 _ 9 7 2 1 8 
[00088014] 4 | _ 11 _ 0 10 4 6 9 7 2 1 8 
[00088015] 6 | _ 11 _ 0 10 _ 4 9 _ _ 1 8 
[00088016] 5 | 6 11 _ 0 10 _ 4 9 _ _ 1 8 
[00088017] 4 | 6 11 7 0 10 _ 4 9 _ _ 1 8 
[00088018] 3 | 6 11 7 0 10 _ 4 9 2 5 1 8 
[00088019] 3 | 6 11 7 0 10 _ 4 9 5 2 1 8 
[00088020] 4 | 6 11 _ 0 10 _ 4 9 5 _ 1 8 
[00088021] 3 | 6 11 _ 0 10 7 4 9 5 _ 1 8 
[00088022] 2 | 6 11 _ 0 10 7 4 9 5 3 1 8 
[00088023] 3 | 6 11 _ 0 10 _ 4 9 5 2 1 8 
[00088024] 4 | 6 11 _ 0 10 _ 4 9 3 7 1 8 
[00088025] 4 | 6 11 _ 0 10 _ 4 9 7 3 1 8 
[00088026] 5 | _ 11 6 0 10 _ 4 9 _ _ 1 8 
[00088027] 4 | 7 11 6 0 10 _ 4 9 _ _ 1 8 
[00088028] 3 | 7 11 6 0 10 _ 4 9 2 5 1 8 
[00088029] 3 | 7 11 6 0 10 _ 4 9 5 2 1 8 
[00088030] 4 | _ 11 6 0 10 _ 4 9 5 _ 1 8 
[00088031] 3 | _ 11 6 0 10 7 4 9 5 _ 1 8 
[00088032] 2 | _ 11 6 0 10 7 4 9 5 3 1 8 
[00088033] 3 | _ 11 6 0 10 _ 4 9 5 2 1 8 
[00088034] 4 | _ 11 6 0 10 _ 4 9 3 7 1 8 
[00088035] 4 | _ 11 6 0 10 _ 4 9 7 3 1 8 
[00088036] 5 | _ 11 _ 0 10 5 4 9 _ _ 1 8 
[00088037] 4 | 7 11 _ 0 10 5 4 9 _ _ 1 8 
[00088038] 3 | 7 11 _ 0 10 5 4 9 6 _ 1 8 
[00088039] 3 | 7 11 _ 0 10 5 4 9 3 6 1 8 
[00088040] 3 | 7 11 _ 0 10 5 4 9 6 3 1 8 
[00088041] 4 | _ 11 7 0 10 5 4 9 _ _ 1 8 
[00088042] 3 | _ 11 7 0 10 5 4 9 6 _ 1 8 
[00088043] 3 | _ 11 7 0 10 5 4 9 3 6 1 8 
[00088044] 3 | _ 11 7 0 10 5 4 9 6 3 1 8 
[00088045] 4 | _ 11 _ 0 10 5 4 9 2 6 1 8 
[00088046] 4 | _ 11 _ 0 10 5 4 9 3 7 1 8 
[00088047] 4 | _ 11 _ 0 10 5 4 9 6 2 1 8 
[00088048] 4 | _ 11 _ 0 10 5 4 9 7 3 1 8 
[00088049] 5 | _ 11 _ 0 10 _ 4 9 2 7 1 8 
[00088050] 4 | _ 11 _ 0 10 6 4 9 2 7 1 8 
[00088051] 5 | _ 11 _ 0 10 _ 4 9 7 2 1 8 
[00088052] 4 | _ 11 _ 0 10 6 4 9 7 2 1 8 
[00088053] 6 | _ 11 _ 0 10 _ _ 9 3 _ 1 8 
[00088054] 5 | 6 11 _ 0 10 _ _ 9 3 _ 1 8 
[00088055] 4 | 6 11 7 0 10 _ _ 9 3 _ 1 8 
[00088056] 4 | 6 11 _ 0 10 _ _ 9 3 7 1 8 
[00088057] 5 | _ 11 6 0 10 _ _ 9 3 _ 1 8 
[00088058] 4 | 7 11 6 0 10 _ _ 9 3 _ 1 8 
[00088059] 4 | _ 11 6 0 10 _ _ 9 3 7 1 8 
[00088060] 5 | _ 11 _ 0 10 5 _ 9 3 _ 1 8 
[00088061] 4 | 7 11 _ 0 10 5 _ 9 3 _ 1 8 
[00088062] 3 | 7 11 _ 0 10 5 _ 9 3 6 1 8 
[00088063] 4 | _ 11 7 0 10 5 _ 9 3 _ 1 8 
[00088064] 3 | _ 11 7 0 10 5 _ 9 3 6 1 8 
[00088065] 4 | _ 11 _ 0 10 5 6 9 3 _ 1 8 
[00088066] 4 | _ 11 _ 0 10 5 _ 9 3 7 1 8 
[00088067] 5 | _ 11 _ 0 10 _ 5 9 3 _ 1 8 
[00088068] 4 | 7 11 _ 0 10 _ 5 9 3 _ 1 8 
[00088069] 3 | 7 11 _ 0 10 _ 5 9 3 6 1 8 
[00088070] 4 | _ 11 7 0 10 _ 5 9 3 _ 1 8 
[00088071] 3 | _ 11 7 0 10 _ 5 9 3 6 1 8 
[00088072] 4 | _ 11 _ 0 10 6 5 9 3 _ 1 8 
[00088073] 4 | _ 11 _ 0 10 _ 5 9 3 7 1 8 
[00088074] 10 | _ 11 _ 0 _ _ _ 10 _ _ _ _ 
[00088075] 9 | 2 11 _ 0 _ _ _ 10 _ _ _ _ 
[00088076] 8 | 2 11 3 0 _ _ _ 10 _ _ _ _ 
[00088077] 7 | 2 11 3 0 7 _ _ 10 _ _ _ _ 
[00088078] 6 | 2 11 3 0 7 1 _ 10 _ _ _ _ 
[00088079] 5 | 2 11 3 0 7 1 _ 10 5 _ _ _ 
[00088080] 4 | 2 11 3 0 7 1 _ 10 5 9 _ _ 
[00088081] 3 | 2 11 3 0 7 1 4 10 5 9 _ _ 
[00088082] 2 | 2 11 3 0 7 1 4 10 5 9 8 _ 
[00088083] 2 | 2 11 3 0 7 1 4 10 5 9 6 8 
[00088084] 2 | 2 11 3 0 7 1 4 10 5 9 8 6 
[00088085] 3 | 2 11 3 0 7 1 10 10 5 9 _ _ 
[00088086] 2 | 2 11 3 0 7 1 10 10 5 9 4 6 
[00088087] 2 | 2 11 3 0 7 1 10 10 5 9 6 8 
[00088088] 2 | 2 11 3 0 7 1 10 10 5 9 6 4 
[00088089] 2 | 2 11 3 0 7 1 10 10 5 9 8 6 
[00088090] 3 | 2 11 3 0 7 1 _ 10 5 9 7 _ 
[00088091] 4 | 2 11 3 0 7 1 _ 10 5 _ 6 _ 
[00088092] 3 | 2 11 3 0 7 1 4 10 5 _ 6 _ 
[00088093] 2 | 2 11 3 0 7 1 4 10 5 _ 6 8 
[00088094] 3 | 2 11 3 0 7 1 _ 10 5 8 6 _ 
[00088095] 2 | 2 11 3 0 7 1 9 10 5 8 6 _ 
[00088096] 2 | 2 11 3 0 7 1 _ 10 5 8 6 4 
[00088097] 3 | 2 11 3 0 7 1 _ 10 5 _ 6 9 
[00088098] 2 | 2 11 3 0 7 1 5 10 5 _ 6 9 
[00088099] 2 | 2 11 3 0 7 1 _ 10 5 7 6 9 
[00088100] 4 | 2 11 3 0 7 1 _ 10 5 _ 4 8 
[00088101] 4 | 2 11 3 0 7 1 _ 10 5 _ 8 4 
[00088102] 5 | 2 11 3 0 7 1 _ 10 4 9 _ _ 
[00088103] 4 | 2 11 3 0 7 1 _ 10 4 9 6 _ 
[00088104] 5 | 2 11 3 0 7 1 _ 10 9 4 _ _ 
[00088105] 4 | 2 11 3 0 7 1 _ 10 9 4 6 _ 
[00088106] 5 | 2 11 3 0 7 1 _ 10 _ _ 5 _ 
[00088107] 4 | 2 11 3 0 7 1 _ 10 6 _ 5 _ 
[00088108] 3 | 2 11 3 0 7 1 4 10 6 _ 5 _ 
[00088109] 2 | 2 11 3 0 7 1 4 10 6 8 5 _ 
[00088110] 3 | 2 11 3 0 7 1 _ 10 6 9 5 _ 
[00088111] 2 | 2 11 3 0 7 1 5 10 6 9 5 _ 
[00088112] 2 | 2 11 3 0 7 1 _ 10 6 9 5 7 
[00088113] 3 | 2 11 3 0 7 1 _ 10 6 _ 5 8 
[00088114] 2 | 2 11 3 0 7 1 9 10 6 _ 5 8 
[00088115] 2 | 2 11 3 0 7 1 _ 10 6 4 5 8 
[00088116] 4 | 2 11 3 0 7 1 _ 10 4 8 5 _ 
[00088117] 4 | 2 11 3 0 7 1 _ 10 8 4 5 _ 
[00088118] 4 | 2 11 3 0 7 1 _ 10 _ _ 5 9 
[00088119] 3 | 2 11 3 0 7 1 4 10 _ _ 5 9 
[00088120] 2 | 2 11 3 0 7 1 4 10 8 _ 5 9 
[00088121] 2 | 2 11 3 0 7 1 4 10 6 8 5 9 
[00088122] 2 | 2 11 3 0 7 1 4 10 8 6 5 9 
[00088123] 3 | 2 11 3 0 7 1 10 10 _ _ 5 9 
[00088124] 2 | 2 11 3 0 7 1 10 10 4 6 5 9 
[00088125] 2 | 2 11 3 0 7 1 10 10 6 8 5 9 
[00088126] 2 | 2 11 3 0 7 1 10 10 6 4 5 9 
[00088127] 2 | 2 11 3 0 7 1 10 10 8 6 5 9 
[00088128] 3 | 2 11 3 0 7 1 _ 10 7 _ 5 9 
[00088129] 5 | 2 11 3 0 7 1 _ 10 _ _ 4 9 
[00088130] 4 | 2 11 3 0 7 1 _ 10 6 _ 4 9 
[00088131] 5 | 2 11 3 0 7 1 _ 10 _ _ 9 4 
[00088132] 4 | 2 11 3 0 7 1 _ 10 6 _ 9 4 
[00088133] 6 | 2 11 3 0 7 _ 1 10 _ _ _ _ 
[00088134] 5 | 2 11 3 0 7 _ 1 10 5 _ _ _ 
[00088135] 4 | 2 11 3 0 7 _ 1 10 5 9 _ _ 
[00088136] 3 | 2 11 3 0 7 4 1 10 5 9 _ _ 
