[00092607] 4 | _ 11 3 0 9 4 2 10 4 _ 6 _ 
[00092608] 3 | 8 11 3 0 9 4 2 10 4 _ 6 _ 
[00092609] 4 | _ 11 3 0 9 4 2 10 4 _ 1 5 
[00092610] 3 | 8 11 3 0 9 4 2 10 4 _ 1 5 
[00092611] 4 | _ 11 3 0 9 4 2 10 4 _ 5 1 
[00092612] 3 | 8 11 3 0 9 4 2 10 4 _ 5 1 
[00092613] 5 | _ 11 3 0 9 _ 2 10 4 9 _ _ 
[00092614] 4 | 7 11 3 0 9 _ 2 10 4 9 _ _ 
[00092615] 3 | 7 11 3 0 9 _ 2 10 4 9 5 8 
[00092616] 3 | 7 11 3 0 9 _ 2 10 4 9 8 5 
[00092617] 4 | _ 11 3 0 9 _ 2 10 4 9 6 _ 
[00092618] 3 | 8 11 3 0 9 _ 2 10 4 9 6 _ 
[00092619] 4 | _ 11 3 0 9 _ 2 10 4 9 1 5 
[00092620] 3 | 8 11 3 0 9 _ 2 10 4 9 1 5 
[00092621] 4 | _ 11 3 0 9 _ 2 10 4 9 5 1 
[00092622] 3 | 8 11 3 0 9 _ 2 10 4 9 5 1 
[00092623] 5 | _ 11 3 0 9 _ 2 10 4 _ 5 _ 
[00092624] 4 | 7 11 3 0 9 _ 2 10 4 _ 5 _ 
[00092625] 3 | 7 11 3 0 9 6 2 10 4 _ 5 _ 
[00092626] 3 | 7 11 3 0 9 _ 2 10 4 1 5 _ 
[00092627] 3 | 7 11 3 0 9 _ 2 10 4 _ 5 8 
[00092628] 2 | 7 11 3 0 9 _ 2 10 4 6 5 8 
[00092629] 4 | _ 11 3 0 9 5 2 10 4 _ 5 _ 
[00092630] 3 | 8 11 3 0 9 5 2 10 4 _ 5 _ 
[00092631] 2 | 8 11 3 0 9 5 2 10 4 6 5 _ 
[00092632] 3 | _ 11 3 0 9 5 2 10 4 1 5 _ 
[00092633] 3 | _ 11 3 0 9 5 2 10 4 7 5 _ 
[00092634] 4 | _ 11 3 0 9 _ 2 10 4 8 5 _ 
[00092635] 3 | _ 11 3 0 9 6 2 10 4 8 5 _ 
[00092636] 2 | _ 11 3 0 9 6 2 10 4 8 5 7 
[00092637] 4 | _ 11 3 0 9 _ 2 10 4 _ 5 1 
[00092638] 3 | 8 11 3 0 9 _ 2 10 4 _ 5 1 
[00092639] 2 | 8 11 3 0 9 7 2 10 4 _ 5 1 
[00092640] 2 | 8 11 3 0 9 _ 2 10 4 6 5 1 
[00092641] 3 | _ 11 3 0 9 6 2 10 4 _ 5 1 
[00092642] 3 | _ 11 3 0 9 _ 2 10 4 7 5 1 
[00092643] 2 | 9 11 3 0 9 _ 2 10 4 7 5 1 
[00092644] 2 | _ 11 3 0 9 11 2 10 4 7 5 1 
[00092645] 4 | _ 11 3 0 9 _ 2 10 4 _ 5 9 
[00092646] 3 | 8 11 3 0 9 _ 2 10 4 _ 5 9 
[00092647] 2 | 8 11 3 0 9 _ 2 10 4 6 5 9 
[00092648] 3 | _ 11 3 0 9 _ 2 10 4 1 5 9 
[00092649] 3 | _ 11 3 0 9 _ 2 10 4 7 5 9 
[00092650] 5 | _ 11 3 0 9 _ 2 10 4 _ 1 6 
[00092651] 4 | 7 11 3 0 9 _ 2 10 4 _ 1 6 
[00092652] 4 | _ 11 3 0 9 5 2 10 4 _ 1 6 
[00092653] 3 | 8 11 3 0 9 5 2 10 4 _ 1 6 
[00092654] 3 | _ 11 3 0 9 5 2 10 4 7 1 6 
[00092655] 4 | _ 11 3 0 9 _ 2 10 4 8 1 6 
[00092656] 5 | _ 11 3 0 9 _ 2 10 4 _ 6 1 
[00092657] 4 | 7 11 3 0 9 _ 2 10 4 _ 6 1 
[00092658] 4 | _ 11 3 0 9 5 2 10 4 _ 6 1 
[00092659] 3 | 8 11 3 0 9 5 2 10 4 _ 6 1 
[00092660] 3 | _ 11 3 0 9 5 2 10 4 7 6 1 
[00092661] 4 | _ 11 3 0 9 _ 2 10 4 8 6 1 
[00092662] 6 | _ 11 3 0 9 _ 2 10 1 7 _ _ 
[00092663] 5 | 6 11 3 0 9 _ 2 10 1 7 _ _ 
[00092664] 4 | 6 11 3 0 9 5 2 10 1 7 _ _ 
[00092665] 4 | 6 11 3 0 9 _ 2 10 1 7 4 8 
[00092666] 4 | 6 11 3 0 9 _ 2 10 1 7 8 4 
[00092667] 5 | _ 11 3 0 9 4 2 10 1 7 _ _ 
[00092668] 4 | _ 11 3 0 9 4 2 10 1 7 6 _ 
[00092669] 3 | 8 11 3 0 9 4 2 10 1 7 6 _ 
[00092670] 5 | _ 11 3 0 9 _ 2 10 1 7 5 _ 
[00092671] 4 | _ 11 3 0 9 5 2 10 1 7 5 _ 
[00092672] 3 | 8 11 3 0 9 5 2 10 1 7 5 _ 
[00092673] 4 | _ 11 3 0 9 _ 2 10 1 7 5 9 
[00092674] 3 | 8 11 3 0 9 _ 2 10 1 7 5 9 
[00092675] 6 | _ 11 3 0 9 _ 2 10 7 1 _ _ 
[00092676] 5 | 6 11 3 0 9 _ 2 10 7 1 _ _ 
[00092677] 4 | 6 11 3 0 9 5 2 10 7 1 _ _ 
[00092678] 4 | 6 11 3 0 9 _ 2 10 7 1 4 8 
[00092679] 4 | 6 11 3 0 9 _ 2 10 7 1 8 4 
[00092680] 5 | _ 11 3 0 9 4 2 10 7 1 _ _ 
[00092681] 4 | _ 11 3 0 9 4 2 10 7 1 6 _ 
[00092682] 3 | 8 11 3 0 9 4 2 10 7 1 6 _ 
[00092683] 5 | _ 11 3 0 9 _ 2 10 7 1 5 _ 
[00092684] 4 | _ 11 3 0 9 5 2 10 7 1 5 _ 
[00092685] 3 | 8 11 3 0 9 5 2 10 7 1 5 _ 
[00092686] 4 | _ 11 3 0 9 _ 2 10 7 1 5 9 
[00092687] 3 | 8 11 3 0 9 _ 2 10 7 1 5 9 
[00092688] 6 | _ 11 3 0 9 _ 2 10 _ _ 4 _ 
[00092689] 5 | 6 11 3 0 9 _ 2 10 _ _ 4 _ 
[00092690] 4 | 6 11 3 0 9 5 2 10 _ _ 4 _ 
[00092691] 3 | 6 11 3 0 9 5 2 10 7 _ 4 _ 
[00092692] 3 | 6 11 3 0 9 5 2 10 _ _ 4 1 
[00092693] 2 | 6 11 3 0 9 5 2 10 8 _ 4 1 
[00092694] 1 | 6 11 3 0 9 5 2 10 8 7 4 1  *Graceful*
[00092694] 3 | 6 11 3 0 9 5 2 10 _ _ 4 7 
[00092695] 2 | 6 11 3 0 9 5 2 10 8 _ 4 7 
[00092696] 4 | 6 11 3 0 9 _ 2 10 1 5 4 _ 
[00092697] 3 | 6 11 3 0 9 _ 2 10 1 5 4 7 
[00092698] 4 | 6 11 3 0 9 _ 2 10 5 1 4 _ 
[00092699] 3 | 6 11 3 0 9 _ 2 10 5 1 4 7 
[00092700] 4 | 6 11 3 0 9 _ 2 10 _ _ 4 8 
[00092701] 3 | 6 11 3 0 9 _ 2 10 7 _ 4 8 
[00092702] 2 | 6 11 3 0 9 7 2 10 7 _ 4 8 
[00092703] 2 | 6 11 3 0 9 _ 2 10 7 5 4 8 
[00092704] 2 | 6 11 3 0 9 _ 2 10 7 9 4 8 
[00092705] 5 | _ 11 3 0 9 4 2 10 _ _ 4 _ 
[00092706] 4 | 7 11 3 0 9 4 2 10 _ _ 4 _ 
[00092707] 3 | 7 11 3 0 9 4 2 10 5 8 4 _ 
[00092708] 3 | 7 11 3 0 9 4 2 10 8 5 4 _ 
[00092709] 4 | _ 11 3 0 9 4 2 10 6 _ 4 _ 
[00092710] 3 | 8 11 3 0 9 4 2 10 6 _ 4 _ 
[00092711] 4 | _ 11 3 0 9 4 2 10 1 5 4 _ 
[00092712] 3 | 8 11 3 0 9 4 2 10 1 5 4 _ 
[00092713] 4 | _ 11 3 0 9 4 2 10 5 1 4 _ 
[00092714] 3 | 8 11 3 0 9 4 2 10 5 1 4 _ 
[00092715] 5 | _ 11 3 0 9 _ 2 10 5 _ 4 _ 
[00092716] 4 | 7 11 3 0 9 _ 2 10 5 _ 4 _ 
[00092717] 3 | 7 11 3 0 9 6 2 10 5 _ 4 _ 
[00092718] 3 | 7 11 3 0 9 _ 2 10 5 8 4 _ 
[00092719] 2 | 7 11 3 0 9 _ 2 10 5 8 4 6 
[00092720] 3 | 7 11 3 0 9 _ 2 10 5 _ 4 1 
[00092721] 4 | _ 11 3 0 9 5 2 10 5 _ 4 _ 
[00092722] 3 | 8 11 3 0 9 5 2 10 5 _ 4 _ 
[00092723] 2 | 8 11 3 0 9 5 2 10 5 _ 4 6 
[00092724] 3 | _ 11 3 0 9 5 2 10 5 _ 4 1 
[00092725] 3 | _ 11 3 0 9 5 2 10 5 _ 4 7 
[00092726] 4 | _ 11 3 0 9 _ 2 10 5 1 4 _ 
[00092727] 3 | 8 11 3 0 9 _ 2 10 5 1 4 _ 
[00092728] 2 | 8 11 3 0 9 7 2 10 5 1 4 _ 
[00092729] 2 | 8 11 3 0 9 _ 2 10 5 1 4 6 
[00092730] 3 | _ 11 3 0 9 6 2 10 5 1 4 _ 
[00092731] 3 | _ 11 3 0 9 _ 2 10 5 1 4 7 
[00092732] 2 | 9 11 3 0 9 _ 2 10 5 1 4 7 
[00092733] 2 | _ 11 3 0 9 11 2 10 5 1 4 7 
[00092734] 4 | _ 11 3 0 9 _ 2 10 5 9 4 _ 
[00092735] 3 | 8 11 3 0 9 _ 2 10 5 9 4 _ 
[00092736] 2 | 8 11 3 0 9 _ 2 10 5 9 4 6 
[00092737] 3 | _ 11 3 0 9 _ 2 10 5 9 4 1 
[00092738] 3 | _ 11 3 0 9 _ 2 10 5 9 4 7 
[00092739] 4 | _ 11 3 0 9 _ 2 10 5 _ 4 8 
[00092740] 3 | _ 11 3 0 9 6 2 10 5 _ 4 8 
[00092741] 2 | _ 11 3 0 9 6 2 10 5 7 4 8 
[00092742] 5 | _ 11 3 0 9 _ 2 10 1 6 4 _ 
[00092743] 4 | 7 11 3 0 9 _ 2 10 1 6 4 _ 
[00092744] 4 | _ 11 3 0 9 5 2 10 1 6 4 _ 
[00092745] 3 | 8 11 3 0 9 5 2 10 1 6 4 _ 
[00092746] 3 | _ 11 3 0 9 5 2 10 1 6 4 7 
[00092747] 4 | _ 11 3 0 9 _ 2 10 1 6 4 8 
[00092748] 5 | _ 11 3 0 9 _ 2 10 6 1 4 _ 
[00092749] 4 | 7 11 3 0 9 _ 2 10 6 1 4 _ 
[00092750] 4 | _ 11 3 0 9 5 2 10 6 1 4 _ 
[00092751] 3 | 8 11 3 0 9 5 2 10 6 1 4 _ 
[00092752] 3 | _ 11 3 0 9 5 2 10 6 1 4 7 
[00092753] 4 | _ 11 3 0 9 _ 2 10 6 1 4 8 
[00092754] 5 | _ 11 3 0 9 _ 2 10 _ _ 4 9 
[00092755] 4 | 7 11 3 0 9 _ 2 10 _ _ 4 9 
[00092756] 3 | 7 11 3 0 9 _ 2 10 5 8 4 9 
[00092757] 3 | 7 11 3 0 9 _ 2 10 8 5 4 9 
[00092758] 4 | _ 11 3 0 9 _ 2 10 6 _ 4 9 
[00092759] 3 | 8 11 3 0 9 _ 2 10 6 _ 4 9 
[00092760] 4 | _ 11 3 0 9 _ 2 10 1 5 4 9 
[00092761] 3 | 8 11 3 0 9 _ 2 10 1 5 4 9 
[00092762] 4 | _ 11 3 0 9 _ 2 10 5 1 4 9 
[00092763] 3 | 8 11 3 0 9 _ 2 10 5 1 4 9 
[00092764] 6 | _ 11 3 0 9 _ 2 10 _ _ 1 7 
[00092765] 5 | 6 11 3 0 9 _ 2 10 _ _ 1 7 
[00092766] 4 | 6 11 3 0 9 5 2 10 _ _ 1 7 
[00092767] 4 | 6 11 3 0 9 _ 2 10 4 8 1 7 
[00092768] 4 | 6 11 3 0 9 _ 2 10 8 4 1 7 
[00092769] 5 | _ 11 3 0 9 4 2 10 _ _ 1 7 
[00092770] 4 | _ 11 3 0 9 4 2 10 6 _ 1 7 
[00092771] 3 | 8 11 3 0 9 4 2 10 6 _ 1 7 
[00092772] 5 | _ 11 3 0 9 _ 2 10 5 _ 1 7 
[00092773] 4 | _ 11 3 0 9 5 2 10 5 _ 1 7 
[00092774] 3 | 8 11 3 0 9 5 2 10 5 _ 1 7 
[00092775] 4 | _ 11 3 0 9 _ 2 10 5 9 1 7 
[00092776] 3 | 8 11 3 0 9 _ 2 10 5 9 1 7 
[00092777] 6 | _ 11 3 0 9 _ 2 10 _ _ 7 1 
[00092778] 5 | 6 11 3 0 9 _ 2 10 _ _ 7 1 
[00092779] 4 | 6 11 3 0 9 5 2 10 _ _ 7 1 
[00092780] 4 | 6 11 3 0 9 _ 2 10 4 8 7 1 
[00092781] 4 | 6 11 3 0 9 _ 2 10 8 4 7 1 
[00092782] 5 | _ 11 3 0 9 4 2 10 _ _ 7 1 
[00092783] 4 | _ 11 3 0 9 4 2 10 6 _ 7 1 
[00092784] 3 | 8 11 3 0 9 4 2 10 6 _ 7 1 
[00092785] 5 | _ 11 3 0 9 _ 2 10 5 _ 7 1 
[00092786] 4 | _ 11 3 0 9 5 2 10 5 _ 7 1 
[00092787] 3 | 8 11 3 0 9 5 2 10 5 _ 7 1 
[00092788] 4 | _ 11 3 0 9 _ 2 10 5 9 7 1 
[00092789] 3 | 8 11 3 0 9 _ 2 10 5 9 7 1 
[00092790] 7 | _ 11 3 0 9 _ _ 10 1 8 _ _ 
[00092791] 6 | 5 11 3 0 9 _ _ 10 1 8 _ _ 
[00092792] 5 | 5 11 3 0 9 4 _ 10 1 8 _ _ 
[00092793] 4 | 5 11 3 0 9 4 _ 10 1 8 6 _ 
[00092794] 3 | 5 11 3 0 9 4 6 10 1 8 6 _ 
[00092795] 3 | 5 11 3 0 9 4 _ 10 1 8 6 9 
[00092796] 4 | 5 11 3 0 9 4 _ 10 1 8 2 6 
[00092797] 4 | 5 11 3 0 9 4 _ 10 1 8 6 2 
[00092798] 5 | 5 11 3 0 9 _ 4 10 1 8 _ _ 
[00092799] 4 | 5 11 3 0 9 _ 4 10 1 8 6 _ 
[00092800] 3 | 5 11 3 0 9 6 4 10 1 8 6 _ 
[00092801] 3 | 5 11 3 0 9 _ 4 10 1 8 6 9 
[00092802] 4 | 5 11 3 0 9 _ 4 10 1 8 2 6 
[00092803] 4 | 5 11 3 0 9 _ 4 10 1 8 6 2 
[00092804] 5 | 5 11 3 0 9 _ _ 10 1 8 2 7 
[00092805] 5 | 5 11 3 0 9 _ _ 10 1 8 7 2 
[00092806] 6 | _ 11 3 0 9 _ _ 10 1 8 4 _ 
[00092807] 5 | 6 11 3 0 9 _ _ 10 1 8 4 _ 
[00092808] 4 | 6 11 3 0 9 5 _ 10 1 8 4 _ 
[00092809] 3 | 6 11 3 0 9 5 _ 10 1 8 4 7 
[00092810] 4 | 6 11 3 0 9 _ 5 10 1 8 4 _ 
[00092811] 3 | 6 11 3 0 9 _ 5 10 1 8 4 7 
[00092812] 5 | _ 11 3 0 9 4 _ 10 1 8 4 _ 
[00092813] 4 | 7 11 3 0 9 4 _ 10 1 8 4 _ 
[00092814] 3 | 7 11 3 0 9 4 6 10 1 8 4 _ 
[00092815] 4 | _ 11 3 0 9 4 5 10 1 8 4 _ 
[00092816] 5 | _ 11 3 0 9 _ 4 10 1 8 4 _ 
[00092817] 4 | 7 11 3 0 9 _ 4 10 1 8 4 _ 
[00092818] 3 | 7 11 3 0 9 6 4 10 1 8 4 _ 
[00092819] 4 | _ 11 3 0 9 5 4 10 1 8 4 _ 
[00092820] 5 | _ 11 3 0 9 _ _ 10 1 8 4 9 
[00092821] 4 | 7 11 3 0 9 _ _ 10 1 8 4 9 
[00092822] 7 | _ 11 3 0 9 _ _ 10 8 1 _ _ 
[00092823] 6 | 5 11 3 0 9 _ _ 10 8 1 _ _ 
[00092824] 5 | 5 11 3 0 9 4 _ 10 8 1 _ _ 
[00092825] 4 | 5 11 3 0 9 4 _ 10 8 1 6 _ 
[00092826] 3 | 5 11 3 0 9 4 6 10 8 1 6 _ 
[00092827] 3 | 5 11 3 0 9 4 _ 10 8 1 6 9 
[00092828] 4 | 5 11 3 0 9 4 _ 10 8 1 2 6 
[00092829] 4 | 5 11 3 0 9 4 _ 10 8 1 6 2 
[00092830] 5 | 5 11 3 0 9 _ 4 10 8 1 _ _ 
[00092831] 4 | 5 11 3 0 9 _ 4 10 8 1 6 _ 
[00092832] 3 | 5 11 3 0 9 6 4 10 8 1 6 _ 
[00092833] 3 | 5 11 3 0 9 _ 4 10 8 1 6 9 
[00092834] 4 | 5 11 3 0 9 _ 4 10 8 1 2 6 
[00092835] 4 | 5 11 3 0 9 _ 4 10 8 1 6 2 
[00092836] 5 | 5 11 3 0 9 _ _ 10 8 1 2 7 
[00092837] 5 | 5 11 3 0 9 _ _ 10 8 1 7 2 
[00092838] 6 | _ 11 3 0 9 _ _ 10 8 1 4 _ 
[00092839] 5 | 6 11 3 0 9 _ _ 10 8 1 4 _ 
[00092840] 4 | 6 11 3 0 9 5 _ 10 8 1 4 _ 
[00092841] 3 | 6 11 3 0 9 5 _ 10 8 1 4 7 
[00092842] 4 | 6 11 3 0 9 _ 5 10 8 1 4 _ 
[00092843] 3 | 6 11 3 0 9 _ 5 10 8 1 4 7 
[00092844] 5 | _ 11 3 0 9 4 _ 10 8 1 4 _ 
[00092845] 4 | 7 11 3 0 9 4 _ 10 8 1 4 _ 
[00092846] 3 | 7 11 3 0 9 4 6 10 8 1 4 _ 
[00092847] 4 | _ 11 3 0 9 4 5 10 8 1 4 _ 
[00092848] 5 | _ 11 3 0 9 _ 4 10 8 1 4 _ 
[00092849] 4 | 7 11 3 0 9 _ 4 10 8 1 4 _ 
[00092850] 3 | 7 11 3 0 9 6 4 10 8 1 4 _ 
[00092851] 4 | _ 11 3 0 9 5 4 10 8 1 4 _ 
[00092852] 5 | _ 11 3 0 9 _ _ 10 8 1 4 9 
[00092853] 4 | 7 11 3 0 9 _ _ 10 8 1 4 9 
[00092854] 7 | _ 11 3 0 9 _ _ 10 _ _ 1 8 
[00092855] 6 | 5 11 3 0 9 _ _ 10 _ _ 1 8 
[00092856] 5 | 5 11 3 0 9 4 _ 10 _ _ 1 8 
[00092857] 4 | 5 11 3 0 9 4 _ 10 6 _ 1 8 
[00092858] 3 | 5 11 3 0 9 4 6 10 6 _ 1 8 
[00092859] 3 | 5 11 3 0 9 4 _ 10 6 9 1 8 
[00092860] 4 | 5 11 3 0 9 4 _ 10 2 6 1 8 
[00092861] 4 | 5 11 3 0 9 4 _ 10 6 2 1 8 
[00092862] 5 | 5 11 3 0 9 _ 4 10 _ _ 1 8 
[00092863] 4 | 5 11 3 0 9 _ 4 10 6 _ 1 8 
[00092864] 3 | 5 11 3 0 9 6 4 10 6 _ 1 8 
[00092865] 3 | 5 11 3 0 9 _ 4 10 6 9 1 8 
[00092866] 4 | 5 11 3 0 9 _ 4 10 2 6 1 8 
[00092867] 4 | 5 11 3 0 9 _ 4 10 6 2 1 8 
[00092868] 5 | 5 11 3 0 9 _ _ 10 2 7 1 8 
[00092869] 5 | 5 11 3 0 9 _ _ 10 7 2 1 8 
[00092870] 6 | _ 11 3 0 9 _ _ 10 4 _ 1 8 
[00092871] 5 | 6 11 3 0 9 _ _ 10 4 _ 1 8 
[00092872] 4 | 6 11 3 0 9 5 _ 10 4 _ 1 8 
[00092873] 3 | 6 11 3 0 9 5 _ 10 4 7 1 8 
[00092874] 4 | 6 11 3 0 9 _ 5 10 4 _ 1 8 
[00092875] 3 | 6 11 3 0 9 _ 5 10 4 7 1 8 
[00092876] 5 | _ 11 3 0 9 4 _ 10 4 _ 1 8 
[00092877] 4 | 7 11 3 0 9 4 _ 10 4 _ 1 8 
[00092878] 3 | 7 11 3 0 9 4 6 10 4 _ 1 8 
[00092879] 4 | _ 11 3 0 9 4 5 10 4 _ 1 8 
[00092880] 5 | _ 11 3 0 9 _ 4 10 4 _ 1 8 
[00092881] 4 | 7 11 3 0 9 _ 4 10 4 _ 1 8 
[00092882] 3 | 7 11 3 0 9 6 4 10 4 _ 1 8 
[00092883] 4 | _ 11 3 0 9 5 4 10 4 _ 1 8 
[00092884] 5 | _ 11 3 0 9 _ _ 10 4 9 1 8 
[00092885] 4 | 7 11 3 0 9 _ _ 10 4 9 1 8 
[00092886] 7 | _ 11 3 0 9 _ _ 10 _ _ 8 1 
[00092887] 6 | 5 11 3 0 9 _ _ 10 _ _ 8 1 
[00092888] 5 | 5 11 3 0 9 4 _ 10 _ _ 8 1 
[00092889] 4 | 5 11 3 0 9 4 _ 10 6 _ 8 1 
[00092890] 3 | 5 11 3 0 9 4 6 10 6 _ 8 1 
[00092891] 3 | 5 11 3 0 9 4 _ 10 6 9 8 1 
[00092892] 4 | 5 11 3 0 9 4 _ 10 2 6 8 1 
[00092893] 4 | 5 11 3 0 9 4 _ 10 6 2 8 1 
[00092894] 5 | 5 11 3 0 9 _ 4 10 _ _ 8 1 
[00092895] 4 | 5 11 3 0 9 _ 4 10 6 _ 8 1 
[00092896] 3 | 5 11 3 0 9 6 4 10 6 _ 8 1 
[00092897] 3 | 5 11 3 0 9 _ 4 10 6 9 8 1 
[00092898] 4 | 5 11 3 0 9 _ 4 10 2 6 8 1 
[00092899] 4 | 5 11 3 0 9 _ 4 10 6 2 8 1 
[00092900] 5 | 5 11 3 0 9 _ _ 10 2 7 8 1 
[00092901] 5 | 5 11 3 0 9 _ _ 10 7 2 8 1 
[00092902] 6 | _ 11 3 0 9 _ _ 10 4 _ 8 1 
[00092903] 5 | 6 11 3 0 9 _ _ 10 4 _ 8 1 
[00092904] 4 | 6 11 3 0 9 5 _ 10 4 _ 8 1 
[00092905] 3 | 6 11 3 0 9 5 _ 10 4 7 8 1 
[00092906] 4 | 6 11 3 0 9 _ 5 10 4 _ 8 1 
[00092907] 3 | 6 11 3 0 9 _ 5 10 4 7 8 1 
[00092908] 5 | _ 11 3 0 9 4 _ 10 4 _ 8 1 
[00092909] 4 | 7 11 3 0 9 4 _ 10 4 _ 8 1 
[00092910] 3 | 7 11 3 0 9 4 6 10 4 _ 8 1 
[00092911] 4 | _ 11 3 0 9 4 5 10 4 _ 8 1 
[00092912] 5 | _ 11 3 0 9 _ 4 10 4 _ 8 1 
[00092913] 4 | 7 11 3 0 9 _ 4 10 4 _ 8 1 
[00092914] 3 | 7 11 3 0 9 6 4 10 4 _ 8 1 
[00092915] 4 | _ 11 3 0 9 5 4 10 4 _ 8 1 
[00092916] 5 | _ 11 3 0 9 _ _ 10 4 9 8 1 
[00092917] 4 | 7 11 3 0 9 _ _ 10 4 9 8 1 
[00092918] 8 | _ 11 _ 0 9 1 _ 10 _ _ _ _ 
[00092919] 7 | 4 11 _ 0 9 1 _ 10 _ _ _ _ 
[00092920] 6 | 4 11 5 0 9 1 _ 10 _ _ _ _ 
[00092921] 5 | 4 11 5 0 9 1 _ 10 2 7 _ _ 
[00092922] 4 | 4 11 5 0 9 1 _ 10 2 7 6 _ 
[00092923] 3 | 4 11 5 0 9 1 6 10 2 7 6 _ 
[00092924] 3 | 4 11 5 0 9 1 _ 10 2 7 6 3 
[00092925] 3 | 4 11 5 0 9 1 _ 10 2 7 6 9 
[00092926] 5 | 4 11 5 0 9 1 _ 10 3 8 _ _ 
[00092927] 4 | 4 11 5 0 9 1 _ 10 3 8 6 _ 
[00092928] 3 | 4 11 5 0 9 1 6 10 3 8 6 _ 
[00092929] 3 | 4 11 5 0 9 1 _ 10 3 8 6 9 
[00092930] 4 | 4 11 5 0 9 1 _ 10 3 8 2 6 
[00092931] 4 | 4 11 5 0 9 1 _ 10 3 8 6 2 
[00092932] 5 | 4 11 5 0 9 1 _ 10 7 2 _ _ 
[00092933] 4 | 4 11 5 0 9 1 _ 10 7 2 6 _ 
[00092934] 3 | 4 11 5 0 9 1 6 10 7 2 6 _ 
[00092935] 3 | 4 11 5 0 9 1 _ 10 7 2 6 3 
[00092936] 3 | 4 11 5 0 9 1 _ 10 7 2 6 9 
[00092937] 5 | 4 11 5 0 9 1 _ 10 8 3 _ _ 
[00092938] 4 | 4 11 5 0 9 1 _ 10 8 3 6 _ 
[00092939] 3 | 4 11 5 0 9 1 6 10 8 3 6 _ 
[00092940] 3 | 4 11 5 0 9 1 _ 10 8 3 6 9 
[00092941] 4 | 4 11 5 0 9 1 _ 10 8 3 2 6 
[00092942] 4 | 4 11 5 0 9 1 _ 10 8 3 6 2 
[00092943] 5 | 4 11 5 0 9 1 _ 10 _ _ 2 7 
[00092944] 4 | 4 11 5 0 9 1 _ 10 6 _ 2 7 
[00092945] 3 | 4 11 5 0 9 1 6 10 6 _ 2 7 
[00092946] 3 | 4 11 5 0 9 1 _ 10 6 3 2 7 
[00092947] 3 | 4 11 5 0 9 1 _ 10 6 9 2 7 
[00092948] 5 | 4 11 5 0 9 1 _ 10 _ _ 3 8 
[00092949] 4 | 4 11 5 0 9 1 _ 10 6 _ 3 8 
[00092950] 3 | 4 11 5 0 9 1 6 10 6 _ 3 8 
[00092951] 3 | 4 11 5 0 9 1 _ 10 6 9 3 8 
[00092952] 4 | 4 11 5 0 9 1 _ 10 2 6 3 8 
[00092953] 4 | 4 11 5 0 9 1 _ 10 6 2 3 8 
[00092954] 5 | 4 11 5 0 9 1 _ 10 _ _ 7 2 
[00092955] 4 | 4 11 5 0 9 1 _ 10 6 _ 7 2 
[00092956] 3 | 4 11 5 0 9 1 6 10 6 _ 7 2 
[00092957] 3 | 4 11 5 0 9 1 _ 10 6 3 7 2 
[00092958] 3 | 4 11 5 0 9 1 _ 10 6 9 7 2 
[00092959] 5 | 4 11 5 0 9 1 _ 10 _ _ 8 3 
[00092960] 4 | 4 11 5 0 9 1 _ 10 6 _ 8 3 
[00092961] 3 | 4 11 5 0 9 1 6 10 6 _ 8 3 
[00092962] 3 | 4 11 5 0 9 1 _ 10 6 9 8 3 
[00092963] 4 | 4 11 5 0 9 1 _ 10 2 6 8 3 
[00092964] 4 | 4 11 5 0 9 1 _ 10 6 2 8 3 
[00092965] 6 | 4 11 _ 0 9 1 3 10 _ _ _ _ 
[00092966] 5 | 4 11 6 0 9 1 3 10 _ _ _ _ 
[00092967] 5 | 4 11 _ 0 9 1 3 10 5 _ _ _ 
[00092968] 4 | 4 11 7 0 9 1 3 10 5 _ _ _ 
[00092969] 3 | 4 11 7 0 9 1 3 10 5 2 _ _ 
[00092970] 2 | 4 11 7 0 9 1 3 10 5 2 8 _ 
[00092971] 2 | 4 11 7 0 9 1 3 10 5 2 6 8 
[00092972] 2 | 4 11 7 0 9 1 3 10 5 2 8 6 
[00092973] 3 | 4 11 7 0 9 1 3 10 5 8 _ _ 
[00092974] 4 | 4 11 _ 0 9 1 3 10 5 _ 6 _ 
[00092975] 3 | 4 11 8 0 9 1 3 10 5 _ 6 _ 
[00092976] 2 | 4 11 8 0 9 1 3 10 5 7 6 _ 
[00092977] 3 | 4 11 _ 0 9 1 3 10 5 2 6 _ 
[00092978] 2 | 4 11 _ 0 9 1 3 10 5 2 6 8 
[00092979] 3 | 4 11 _ 0 9 1 3 10 5 8 6 _ 
[00092980] 4 | 4 11 _ 0 9 1 3 10 5 _ 2 6 
[00092981] 3 | 4 11 8 0 9 1 3 10 5 _ 2 6 
[00092982] 2 | 4 11 8 0 9 1 3 10 5 7 2 6 
[00092983] 3 | 4 11 _ 0 9 1 3 10 5 8 2 6 
[00092984] 4 | 4 11 _ 0 9 1 3 10 5 _ 6 2 
[00092985] 3 | 4 11 8 0 9 1 3 10 5 _ 6 2 
[00092986] 2 | 4 11 8 0 9 1 3 10 5 7 6 2 
[00092987] 3 | 4 11 _ 0 9 1 3 10 5 8 6 2 
[00092988] 5 | 4 11 _ 0 9 1 3 10 2 7 _ _ 
[00092989] 4 | 4 11 _ 0 9 1 3 10 2 7 6 _ 
[00092990] 3 | 4 11 8 0 9 1 3 10 2 7 6 _ 
[00092991] 5 | 4 11 _ 0 9 1 3 10 7 2 _ _ 
[00092992] 4 | 4 11 _ 0 9 1 3 10 7 2 6 _ 
[00092993] 3 | 4 11 8 0 9 1 3 10 7 2 6 _ 
[00092994] 5 | 4 11 _ 0 9 1 3 10 _ _ 5 _ 
[00092995] 4 | 4 11 7 0 9 1 3 10 _ _ 5 _ 
[00092996] 3 | 4 11 7 0 9 1 3 10 _ _ 5 2 
[00092997] 2 | 4 11 7 0 9 1 3 10 8 _ 5 2 
[00092998] 2 | 4 11 7 0 9 1 3 10 6 8 5 2 
[00092999] 2 | 4 11 7 0 9 1 3 10 8 6 5 2 
[00093000] 3 | 4 11 7 0 9 1 3 10 _ _ 5 8 
[00093001] 4 | 4 11 _ 0 9 1 3 10 6 _ 5 _ 
[00093002] 3 | 4 11 8 0 9 1 3 10 6 _ 5 _ 
[00093003] 2 | 4 11 8 0 9 1 3 10 6 _ 5 7 
[00093004] 3 | 4 11 _ 0 9 1 3 10 6 _ 5 2 
[00093005] 2 | 4 11 _ 0 9 1 3 10 6 8 5 2 
[00093006] 3 | 4 11 _ 0 9 1 3 10 6 _ 5 8 
[00093007] 4 | 4 11 _ 0 9 1 3 10 2 6 5 _ 
[00093008] 3 | 4 11 8 0 9 1 3 10 2 6 5 _ 
[00093009] 2 | 4 11 8 0 9 1 3 10 2 6 5 7 
[00093010] 3 | 4 11 _ 0 9 1 3 10 2 6 5 8 
[00093011] 4 | 4 11 _ 0 9 1 3 10 6 2 5 _ 
[00093012] 3 | 4 11 8 0 9 1 3 10 6 2 5 _ 
[00093013] 2 | 4 11 8 0 9 1 3 10 6 2 5 7 
[00093014] 3 | 4 11 _ 0 9 1 3 10 6 2 5 8 
[00093015] 5 | 4 11 _ 0 9 1 3 10 _ _ 2 7 
[00093016] 4 | 4 11 _ 0 9 1 3 10 6 _ 2 7 
[00093017] 3 | 4 11 8 0 9 1 3 10 6 _ 2 7 
[00093018] 5 | 4 11 _ 0 9 1 3 10 _ _ 7 2 
[00093019] 4 | 4 11 _ 0 9 1 3 10 6 _ 7 2 
[00093020] 3 | 4 11 8 0 9 1 3 10 6 _ 7 2 
[00093021] 6 | 4 11 _ 0 9 1 _ 10 2 8 _ _ 
[00093022] 5 | 4 11 6 0 9 1 _ 10 2 8 _ _ 
[00093023] 4 | 4 11 6 0 9 1 5 10 2 8 _ _ 
[00093024] 3 | 4 11 6 0 9 1 5 10 2 8 7 _ 
[00093025] 4 | 4 11 6 0 9 1 _ 10 2 8 3 7 
[00093026] 4 | 4 11 6 0 9 1 _ 10 2 8 7 3 
[00093027] 5 | 4 11 _ 0 9 1 _ 10 2 8 5 _ 
[00093028] 4 | 4 11 7 0 9 1 _ 10 2 8 5 _ 
[00093029] 3 | 4 11 7 0 9 1 6 10 2 8 5 _ 
[00093030] 2 | 4 11 7 0 9 1 6 10 2 8 5 3 
[00093031] 4 | 4 11 _ 0 9 1 5 10 2 8 5 _ 
[00093032] 4 | 4 11 _ 0 9 1 _ 10 2 8 5 9 
[00093033] 6 | 4 11 _ 0 9 1 _ 10 8 2 _ _ 
[00093034] 5 | 4 11 6 0 9 1 _ 10 8 2 _ _ 
[00093035] 4 | 4 11 6 0 9 1 5 10 8 2 _ _ 
[00093036] 3 | 4 11 6 0 9 1 5 10 8 2 7 _ 
[00093037] 4 | 4 11 6 0 9 1 _ 10 8 2 3 7 
[00093038] 4 | 4 11 6 0 9 1 _ 10 8 2 7 3 
[00093039] 5 | 4 11 _ 0 9 1 _ 10 8 2 5 _ 
[00093040] 4 | 4 11 7 0 9 1 _ 10 8 2 5 _ 
[00093041] 3 | 4 11 7 0 9 1 6 10 8 2 5 _ 
[00093042] 2 | 4 11 7 0 9 1 6 10 8 2 5 3 
[00093043] 4 | 4 11 _ 0 9 1 5 10 8 2 5 _ 
[00093044] 4 | 4 11 _ 0 9 1 _ 10 8 2 5 9 
[00093045] 6 | 4 11 _ 0 9 1 _ 10 _ _ 2 8 
[00093046] 5 | 4 11 6 0 9 1 _ 10 _ _ 2 8 
[00093047] 4 | 4 11 6 0 9 1 5 10 _ _ 2 8 
[00093048] 3 | 4 11 6 0 9 1 5 10 7 _ 2 8 
[00093049] 4 | 4 11 6 0 9 1 _ 10 3 7 2 8 
[00093050] 4 | 4 11 6 0 9 1 _ 10 7 3 2 8 
[00093051] 5 | 4 11 _ 0 9 1 _ 10 5 _ 2 8 
[00093052] 4 | 4 11 7 0 9 1 _ 10 5 _ 2 8 
[00093053] 3 | 4 11 7 0 9 1 6 10 5 _ 2 8 
[00093054] 2 | 4 11 7 0 9 1 6 10 5 3 2 8 
[00093055] 4 | 4 11 _ 0 9 1 5 10 5 _ 2 8 
[00093056] 4 | 4 11 _ 0 9 1 _ 10 5 9 2 8 
[00093057] 6 | 4 11 _ 0 9 1 _ 10 _ _ 8 2 
[00093058] 5 | 4 11 6 0 9 1 _ 10 _ _ 8 2 
[00093059] 4 | 4 11 6 0 9 1 5 10 _ _ 8 2 
[00093060] 3 | 4 11 6 0 9 1 5 10 7 _ 8 2 
[00093061] 4 | 4 11 6 0 9 1 _ 10 3 7 8 2 
[00093062] 4 | 4 11 6 0 9 1 _ 10 7 3 8 2 
[00093063] 5 | 4 11 _ 0 9 1 _ 10 5 _ 8 2 
[00093064] 4 | 4 11 7 0 9 1 _ 10 5 _ 8 2 
[00093065] 3 | 4 11 7 0 9 1 6 10 5 _ 8 2 
[00093066] 2 | 4 11 7 0 9 1 6 10 5 3 8 2 
[00093067] 4 | 4 11 _ 0 9 1 5 10 5 _ 8 2 
[00093068] 4 | 4 11 _ 0 9 1 _ 10 5 9 8 2 
[00093069] 7 | _ 11 4 0 9 1 _ 10 _ _ _ _ 
[00093070] 6 | 5 11 4 0 9 1 _ 10 _ _ _ _ 
[00093071] 5 | 5 11 4 0 9 1 _ 10 2 7 _ _ 
[00093072] 4 | 5 11 4 0 9 1 _ 10 2 7 6 _ 
[00093073] 3 | 5 11 4 0 9 1 6 10 2 7 6 _ 
[00093074] 3 | 5 11 4 0 9 1 _ 10 2 7 6 3 
[00093075] 3 | 5 11 4 0 9 1 _ 10 2 7 6 9 
[00093076] 5 | 5 11 4 0 9 1 _ 10 3 8 _ _ 
[00093077] 4 | 5 11 4 0 9 1 _ 10 3 8 6 _ 
[00093078] 3 | 5 11 4 0 9 1 6 10 3 8 6 _ 
[00093079] 3 | 5 11 4 0 9 1 _ 10 3 8 6 9 
[00093080] 4 | 5 11 4 0 9 1 _ 10 3 8 2 6 
[00093081] 4 | 5 11 4 0 9 1 _ 10 3 8 6 2 
[00093082] 5 | 5 11 4 0 9 1 _ 10 7 2 _ _ 
[00093083] 4 | 5 11 4 0 9 1 _ 10 7 2 6 _ 
[00093084] 3 | 5 11 4 0 9 1 6 10 7 2 6 _ 
[00093085] 3 | 5 11 4 0 9 1 _ 10 7 2 6 3 
[00093086] 3 | 5 11 4 0 9 1 _ 10 7 2 6 9 
[00093087] 5 | 5 11 4 0 9 1 _ 10 8 3 _ _ 
[00093088] 4 | 5 11 4 0 9 1 _ 10 8 3 6 _ 
[00093089] 3 | 5 11 4 0 9 1 6 10 8 3 6 _ 
[00093090] 3 | 5 11 4 0 9 1 _ 10 8 3 6 9 
[00093091] 4 | 5 11 4 0 9 1 _ 10 8 3 2 6 
[00093092] 4 | 5 11 4 0 9 1 _ 10 8 3 6 2 
[00093093] 5 | 5 11 4 0 9 1 _ 10 _ _ 2 7 
[00093094] 4 | 5 11 4 0 9 1 _ 10 6 _ 2 7 
[00093095] 3 | 5 11 4 0 9 1 6 10 6 _ 2 7 
[00093096] 3 | 5 11 4 0 9 1 _ 10 6 3 2 7 
[00093097] 3 | 5 11 4 0 9 1 _ 10 6 9 2 7 
[00093098] 5 | 5 11 4 0 9 1 _ 10 _ _ 3 8 
[00093099] 4 | 5 11 4 0 9 1 _ 10 6 _ 3 8 
[00093100] 3 | 5 11 4 0 9 1 6 10 6 _ 3 8 
[00093101] 3 | 5 11 4 0 9 1 _ 10 6 9 3 8 
[00093102] 4 | 5 11 4 0 9 1 _ 10 2 6 3 8 
[00093103] 4 | 5 11 4 0 9 1 _ 10 6 2 3 8 
[00093104] 5 | 5 11 4 0 9 1 _ 10 _ _ 7 2 
[00093105] 4 | 5 11 4 0 9 1 _ 10 6 _ 7 2 
