[00375324] 4 | 6 1 8 10 3 9 _ 0 8 _ 11 7 
[00375325] 5 | _ 1 8 10 3 9 _ 0 8 _ 11 6 
[00375326] 4 | 5 1 8 10 3 9 _ 0 8 _ 11 6 
[00375327] 4 | _ 1 8 10 3 9 7 0 8 _ 11 6 
[00375328] 3 | 4 1 8 10 3 9 7 0 8 _ 11 6 
[00375329] 6 | _ 1 8 10 9 3 _ 0 8 _ 11 _ 
[00375330] 5 | 6 1 8 10 9 3 _ 0 8 _ 11 _ 
[00375331] 4 | 6 1 8 10 9 3 5 0 8 _ 11 _ 
[00375332] 4 | 6 1 8 10 9 3 _ 0 8 _ 11 7 
[00375333] 5 | _ 1 8 10 9 3 4 0 8 _ 11 _ 
[00375334] 4 | 5 1 8 10 9 3 4 0 8 _ 11 _ 
[00375335] 4 | _ 1 8 10 9 3 4 0 8 _ 11 7 
[00375336] 5 | _ 1 8 10 9 3 _ 0 8 _ 11 6 
[00375337] 4 | 5 1 8 10 9 3 _ 0 8 _ 11 6 
[00375338] 4 | _ 1 8 10 9 3 5 0 8 _ 11 6 
[00375339] 3 | 4 1 8 10 9 3 5 0 8 _ 11 6 
[00375340] 6 | _ 1 8 10 3 _ 9 0 8 _ 11 _ 
[00375341] 5 | 6 1 8 10 3 _ 9 0 8 _ 11 _ 
[00375342] 4 | 6 1 8 10 3 7 9 0 8 _ 11 _ 
[00375343] 4 | 6 1 8 10 3 _ 9 0 8 _ 11 7 
[00375344] 5 | _ 1 8 10 3 _ 9 0 8 _ 11 6 
[00375345] 4 | 5 1 8 10 3 _ 9 0 8 _ 11 6 
[00375346] 4 | _ 1 8 10 3 7 9 0 8 _ 11 6 
[00375347] 3 | 4 1 8 10 3 7 9 0 8 _ 11 6 
[00375348] 6 | _ 1 8 10 9 _ 3 0 8 _ 11 _ 
[00375349] 5 | 6 1 8 10 9 _ 3 0 8 _ 11 _ 
[00375350] 4 | 6 1 8 10 9 5 3 0 8 _ 11 _ 
[00375351] 4 | 6 1 8 10 9 _ 3 0 8 _ 11 7 
[00375352] 5 | _ 1 8 10 9 4 3 0 8 _ 11 _ 
[00375353] 4 | 5 1 8 10 9 4 3 0 8 _ 11 _ 
[00375354] 4 | _ 1 8 10 9 4 3 0 8 _ 11 7 
[00375355] 5 | _ 1 8 10 9 _ 3 0 8 _ 11 6 
[00375356] 4 | 5 1 8 10 9 _ 3 0 8 _ 11 6 
[00375357] 4 | _ 1 8 10 9 5 3 0 8 _ 11 6 
[00375358] 3 | 4 1 8 10 9 5 3 0 8 _ 11 6 
[00375359] 6 | _ 1 8 10 _ _ _ 0 8 _ 11 5 
[00375360] 5 | 6 1 8 10 _ _ _ 0 8 _ 11 5 
[00375361] 4 | 6 1 8 10 3 7 _ 0 8 _ 11 5 
[00375362] 4 | 6 1 8 10 7 3 _ 0 8 _ 11 5 
[00375363] 3 | 6 1 8 10 7 3 4 0 8 _ 11 5 
[00375364] 4 | 6 1 8 10 3 _ 7 0 8 _ 11 5 
[00375365] 4 | 6 1 8 10 7 _ 3 0 8 _ 11 5 
[00375366] 3 | 6 1 8 10 7 4 3 0 8 _ 11 5 
[00375367] 5 | _ 1 8 10 2 7 _ 0 8 _ 11 5 
[00375368] 4 | _ 1 8 10 2 7 6 0 8 _ 11 5 
[00375369] 3 | 4 1 8 10 2 7 6 0 8 _ 11 5 
[00375370] 5 | _ 1 8 10 4 9 _ 0 8 _ 11 5 
[00375371] 5 | _ 1 8 10 7 2 _ 0 8 _ 11 5 
[00375372] 4 | _ 1 8 10 7 2 3 0 8 _ 11 5 
[00375373] 3 | 4 1 8 10 7 2 3 0 8 _ 11 5 
[00375374] 5 | _ 1 8 10 9 4 _ 0 8 _ 11 5 
[00375375] 5 | _ 1 8 10 2 _ 7 0 8 _ 11 5 
[00375376] 4 | _ 1 8 10 2 6 7 0 8 _ 11 5 
[00375377] 3 | 4 1 8 10 2 6 7 0 8 _ 11 5 
[00375378] 5 | _ 1 8 10 4 _ 9 0 8 _ 11 5 
[00375379] 5 | _ 1 8 10 7 _ 2 0 8 _ 11 5 
[00375380] 4 | _ 1 8 10 7 3 2 0 8 _ 11 5 
[00375381] 3 | 4 1 8 10 7 3 2 0 8 _ 11 5 
[00375382] 5 | _ 1 8 10 9 _ 4 0 8 _ 11 5 
[00375383] 7 | _ 1 _ 10 3 _ _ 0 8 _ 11 _ 
[00375384] 6 | 7 1 _ 10 3 _ _ 0 8 _ 11 _ 
[00375385] 5 | 7 1 6 10 3 _ _ 0 8 _ 11 _ 
[00375386] 4 | 7 1 6 10 3 _ _ 0 8 4 11 _ 
[00375387] 5 | 7 1 _ 10 3 8 _ 0 8 _ 11 _ 
[00375388] 4 | 7 1 5 10 3 8 _ 0 8 _ 11 _ 
[00375389] 3 | 7 1 5 10 3 8 6 0 8 _ 11 _ 
[00375390] 2 | 7 1 5 10 3 8 6 0 8 _ 11 9 
[00375391] 5 | 7 1 _ 10 3 _ 8 0 8 _ 11 _ 
[00375392] 4 | 7 1 5 10 3 _ 8 0 8 _ 11 _ 
[00375393] 3 | 7 1 5 10 3 6 8 0 8 _ 11 _ 
[00375394] 2 | 7 1 5 10 3 6 8 0 8 _ 11 9 
[00375395] 5 | 7 1 _ 10 3 _ _ 0 8 3 11 _ 
[00375396] 4 | 7 1 5 10 3 _ _ 0 8 3 11 _ 
[00375397] 5 | 7 1 _ 10 3 _ _ 0 8 _ 11 6 
[00375398] 4 | 7 1 5 10 3 _ _ 0 8 _ 11 6 
[00375399] 4 | 7 1 _ 10 3 _ _ 0 8 4 11 6 
[00375400] 6 | _ 1 7 10 3 _ _ 0 8 _ 11 _ 
[00375401] 5 | 6 1 7 10 3 _ _ 0 8 _ 11 _ 
[00375402] 4 | 6 1 7 10 3 _ _ 0 8 4 11 _ 
[00375403] 5 | _ 1 7 10 3 8 _ 0 8 _ 11 _ 
[00375404] 4 | 5 1 7 10 3 8 _ 0 8 _ 11 _ 
[00375405] 3 | 5 1 7 10 3 8 6 0 8 _ 11 _ 
[00375406] 2 | 5 1 7 10 3 8 6 0 8 _ 11 9 
[00375407] 5 | _ 1 7 10 3 _ 8 0 8 _ 11 _ 
[00375408] 4 | 5 1 7 10 3 _ 8 0 8 _ 11 _ 
[00375409] 3 | 5 1 7 10 3 6 8 0 8 _ 11 _ 
[00375410] 2 | 5 1 7 10 3 6 8 0 8 _ 11 9 
[00375411] 5 | _ 1 7 10 3 _ _ 0 8 3 11 _ 
[00375412] 4 | 5 1 7 10 3 _ _ 0 8 3 11 _ 
[00375413] 5 | _ 1 7 10 3 _ _ 0 8 _ 11 6 
[00375414] 4 | 5 1 7 10 3 _ _ 0 8 _ 11 6 
[00375415] 4 | _ 1 7 10 3 _ _ 0 8 4 11 6 
[00375416] 6 | _ 1 _ 10 3 9 _ 0 8 _ 11 _ 
[00375417] 5 | 6 1 _ 10 3 9 _ 0 8 _ 11 _ 
[00375418] 4 | 6 1 5 10 3 9 _ 0 8 _ 11 _ 
[00375419] 3 | 6 1 5 10 3 9 _ 0 8 11 11 _ 
[00375420] 3 | 6 1 5 10 3 9 _ 0 8 _ 11 8 
[00375421] 4 | 6 1 _ 10 3 9 7 0 8 _ 11 _ 
[00375422] 3 | 6 1 4 10 3 9 7 0 8 _ 11 _ 
[00375423] 3 | 6 1 _ 10 3 9 7 0 8 5 11 _ 
[00375424] 3 | 6 1 _ 10 3 9 7 0 8 11 11 _ 
[00375425] 3 | 6 1 _ 10 3 9 7 0 8 _ 11 8 
[00375426] 4 | 6 1 _ 10 3 9 _ 0 8 4 11 _ 
[00375427] 4 | 6 1 _ 10 3 9 _ 0 8 _ 11 7 
[00375428] 3 | 6 1 4 10 3 9 _ 0 8 _ 11 7 
[00375429] 2 | 6 1 4 10 3 9 5 0 8 _ 11 7 
[00375430] 3 | 6 1 _ 10 3 9 _ 0 8 5 11 7 
[00375431] 2 | 6 1 3 10 3 9 _ 0 8 5 11 7 
[00375432] 2 | 6 1 _ 10 3 9 1 0 8 5 11 7 
[00375433] 5 | _ 1 6 10 3 9 _ 0 8 _ 11 _ 
[00375434] 4 | 5 1 6 10 3 9 _ 0 8 _ 11 _ 
[00375435] 3 | 5 1 6 10 3 9 _ 0 8 11 11 _ 
[00375436] 3 | 5 1 6 10 3 9 _ 0 8 _ 11 8 
[00375437] 4 | _ 1 6 10 3 9 7 0 8 _ 11 _ 
[00375438] 3 | 4 1 6 10 3 9 7 0 8 _ 11 _ 
[00375439] 3 | _ 1 6 10 3 9 7 0 8 5 11 _ 
[00375440] 3 | _ 1 6 10 3 9 7 0 8 11 11 _ 
[00375441] 3 | _ 1 6 10 3 9 7 0 8 _ 11 8 
[00375442] 4 | _ 1 6 10 3 9 _ 0 8 4 11 _ 
[00375443] 4 | _ 1 6 10 3 9 _ 0 8 _ 11 7 
[00375444] 3 | 4 1 6 10 3 9 _ 0 8 _ 11 7 
[00375445] 2 | 4 1 6 10 3 9 5 0 8 _ 11 7 
[00375446] 3 | _ 1 6 10 3 9 _ 0 8 5 11 7 
[00375447] 2 | 3 1 6 10 3 9 _ 0 8 5 11 7 
[00375448] 2 | _ 1 6 10 3 9 1 0 8 5 11 7 
[00375449] 5 | _ 1 _ 10 3 9 8 0 8 _ 11 _ 
[00375450] 4 | 5 1 _ 10 3 9 8 0 8 _ 11 _ 
[00375451] 3 | 5 1 4 10 3 9 8 0 8 _ 11 _ 
[00375452] 4 | _ 1 5 10 3 9 8 0 8 _ 11 _ 
[00375453] 3 | 4 1 5 10 3 9 8 0 8 _ 11 _ 
[00375454] 4 | _ 1 _ 10 3 9 8 0 8 _ 11 7 
[00375455] 3 | 4 1 _ 10 3 9 8 0 8 _ 11 7 
[00375456] 3 | _ 1 4 10 3 9 8 0 8 _ 11 7 
[00375457] 5 | _ 1 _ 10 3 9 _ 0 8 3 11 _ 
[00375458] 4 | 5 1 _ 10 3 9 _ 0 8 3 11 _ 
[00375459] 3 | 5 1 4 10 3 9 _ 0 8 3 11 _ 
[00375460] 4 | _ 1 5 10 3 9 _ 0 8 3 11 _ 
[00375461] 3 | 4 1 5 10 3 9 _ 0 8 3 11 _ 
[00375462] 4 | _ 1 _ 10 3 9 _ 0 8 3 11 7 
[00375463] 3 | 4 1 _ 10 3 9 _ 0 8 3 11 7 
[00375464] 3 | _ 1 4 10 3 9 _ 0 8 3 11 7 
[00375465] 5 | _ 1 _ 10 3 9 _ 0 8 _ 11 6 
[00375466] 4 | 5 1 _ 10 3 9 _ 0 8 _ 11 6 
[00375467] 3 | 5 1 4 10 3 9 _ 0 8 _ 11 6 
[00375468] 4 | _ 1 5 10 3 9 _ 0 8 _ 11 6 
[00375469] 3 | 4 1 5 10 3 9 _ 0 8 _ 11 6 
[00375470] 4 | _ 1 _ 10 3 9 7 0 8 _ 11 6 
[00375471] 3 | 4 1 _ 10 3 9 7 0 8 _ 11 6 
[00375472] 3 | _ 1 4 10 3 9 7 0 8 _ 11 6 
[00375473] 3 | _ 1 _ 10 3 9 7 0 8 5 11 6 
[00375474] 4 | _ 1 _ 10 3 9 _ 0 8 4 11 6 
[00375475] 6 | _ 1 _ 10 3 _ 9 0 8 _ 11 _ 
[00375476] 5 | 6 1 _ 10 3 _ 9 0 8 _ 11 _ 
[00375477] 4 | 6 1 5 10 3 _ 9 0 8 _ 11 _ 
[00375478] 3 | 6 1 5 10 3 _ 9 0 8 11 11 _ 
[00375479] 3 | 6 1 5 10 3 _ 9 0 8 _ 11 8 
[00375480] 4 | 6 1 _ 10 3 7 9 0 8 _ 11 _ 
[00375481] 3 | 6 1 4 10 3 7 9 0 8 _ 11 _ 
[00375482] 3 | 6 1 _ 10 3 7 9 0 8 5 11 _ 
[00375483] 3 | 6 1 _ 10 3 7 9 0 8 11 11 _ 
[00375484] 3 | 6 1 _ 10 3 7 9 0 8 _ 11 8 
[00375485] 4 | 6 1 _ 10 3 _ 9 0 8 4 11 _ 
[00375486] 4 | 6 1 _ 10 3 _ 9 0 8 _ 11 7 
[00375487] 3 | 6 1 4 10 3 _ 9 0 8 _ 11 7 
[00375488] 2 | 6 1 4 10 3 5 9 0 8 _ 11 7 
[00375489] 3 | 6 1 _ 10 3 _ 9 0 8 5 11 7 
[00375490] 2 | 6 1 3 10 3 _ 9 0 8 5 11 7 
[00375491] 2 | 6 1 _ 10 3 1 9 0 8 5 11 7 
[00375492] 5 | _ 1 6 10 3 _ 9 0 8 _ 11 _ 
[00375493] 4 | 5 1 6 10 3 _ 9 0 8 _ 11 _ 
[00375494] 3 | 5 1 6 10 3 _ 9 0 8 11 11 _ 
[00375495] 3 | 5 1 6 10 3 _ 9 0 8 _ 11 8 
[00375496] 4 | _ 1 6 10 3 7 9 0 8 _ 11 _ 
[00375497] 3 | 4 1 6 10 3 7 9 0 8 _ 11 _ 
[00375498] 3 | _ 1 6 10 3 7 9 0 8 5 11 _ 
[00375499] 3 | _ 1 6 10 3 7 9 0 8 11 11 _ 
[00375500] 3 | _ 1 6 10 3 7 9 0 8 _ 11 8 
[00375501] 4 | _ 1 6 10 3 _ 9 0 8 4 11 _ 
[00375502] 4 | _ 1 6 10 3 _ 9 0 8 _ 11 7 
[00375503] 3 | 4 1 6 10 3 _ 9 0 8 _ 11 7 
[00375504] 2 | 4 1 6 10 3 5 9 0 8 _ 11 7 
[00375505] 3 | _ 1 6 10 3 _ 9 0 8 5 11 7 
[00375506] 2 | 3 1 6 10 3 _ 9 0 8 5 11 7 
[00375507] 2 | _ 1 6 10 3 1 9 0 8 5 11 7 
[00375508] 5 | _ 1 _ 10 3 8 9 0 8 _ 11 _ 
[00375509] 4 | 5 1 _ 10 3 8 9 0 8 _ 11 _ 
[00375510] 3 | 5 1 4 10 3 8 9 0 8 _ 11 _ 
[00375511] 4 | _ 1 5 10 3 8 9 0 8 _ 11 _ 
[00375512] 3 | 4 1 5 10 3 8 9 0 8 _ 11 _ 
[00375513] 4 | _ 1 _ 10 3 8 9 0 8 _ 11 7 
[00375514] 3 | 4 1 _ 10 3 8 9 0 8 _ 11 7 
[00375515] 3 | _ 1 4 10 3 8 9 0 8 _ 11 7 
[00375516] 5 | _ 1 _ 10 3 _ 9 0 8 3 11 _ 
[00375517] 4 | 5 1 _ 10 3 _ 9 0 8 3 11 _ 
[00375518] 3 | 5 1 4 10 3 _ 9 0 8 3 11 _ 
[00375519] 4 | _ 1 5 10 3 _ 9 0 8 3 11 _ 
[00375520] 3 | 4 1 5 10 3 _ 9 0 8 3 11 _ 
[00375521] 4 | _ 1 _ 10 3 _ 9 0 8 3 11 7 
[00375522] 3 | 4 1 _ 10 3 _ 9 0 8 3 11 7 
[00375523] 3 | _ 1 4 10 3 _ 9 0 8 3 11 7 
[00375524] 5 | _ 1 _ 10 3 _ 9 0 8 _ 11 6 
[00375525] 4 | 5 1 _ 10 3 _ 9 0 8 _ 11 6 
[00375526] 3 | 5 1 4 10 3 _ 9 0 8 _ 11 6 
[00375527] 4 | _ 1 5 10 3 _ 9 0 8 _ 11 6 
[00375528] 3 | 4 1 5 10 3 _ 9 0 8 _ 11 6 
[00375529] 4 | _ 1 _ 10 3 7 9 0 8 _ 11 6 
[00375530] 3 | 4 1 _ 10 3 7 9 0 8 _ 11 6 
[00375531] 3 | _ 1 4 10 3 7 9 0 8 _ 11 6 
[00375532] 3 | _ 1 _ 10 3 7 9 0 8 5 11 6 
[00375533] 4 | _ 1 _ 10 3 _ 9 0 8 4 11 6 
[00375534] 6 | _ 1 _ 10 3 _ _ 0 8 2 11 _ 
[00375535] 5 | 6 1 _ 10 3 _ _ 0 8 2 11 _ 
[00375536] 4 | 6 1 5 10 3 _ _ 0 8 2 11 _ 
[00375537] 4 | 6 1 _ 10 3 7 _ 0 8 2 11 _ 
[00375538] 3 | 6 1 4 10 3 7 _ 0 8 2 11 _ 
[00375539] 2 | 6 1 4 10 3 7 5 0 8 2 11 _ 
[00375540] 2 | 6 1 4 10 3 7 _ 0 8 2 11 9 
[00375541] 4 | 6 1 _ 10 3 _ 7 0 8 2 11 _ 
[00375542] 3 | 6 1 4 10 3 _ 7 0 8 2 11 _ 
[00375543] 2 | 6 1 4 10 3 5 7 0 8 2 11 _ 
[00375544] 2 | 6 1 4 10 3 _ 7 0 8 2 11 9 
[00375545] 4 | 6 1 _ 10 3 _ _ 0 8 2 11 7 
[00375546] 3 | 6 1 4 10 3 _ _ 0 8 2 11 7 
[00375547] 2 | 6 1 4 10 3 5 _ 0 8 2 11 7 
[00375548] 2 | 6 1 4 10 3 _ 5 0 8 2 11 7 
[00375549] 5 | _ 1 6 10 3 _ _ 0 8 2 11 _ 
[00375550] 4 | 5 1 6 10 3 _ _ 0 8 2 11 _ 
[00375551] 4 | _ 1 6 10 3 7 _ 0 8 2 11 _ 
[00375552] 3 | 4 1 6 10 3 7 _ 0 8 2 11 _ 
[00375553] 2 | 4 1 6 10 3 7 5 0 8 2 11 _ 
[00375554] 2 | 4 1 6 10 3 7 _ 0 8 2 11 9 
[00375555] 4 | _ 1 6 10 3 _ 7 0 8 2 11 _ 
[00375556] 3 | 4 1 6 10 3 _ 7 0 8 2 11 _ 
[00375557] 2 | 4 1 6 10 3 5 7 0 8 2 11 _ 
[00375558] 2 | 4 1 6 10 3 _ 7 0 8 2 11 9 
[00375559] 4 | _ 1 6 10 3 _ _ 0 8 2 11 7 
[00375560] 3 | 4 1 6 10 3 _ _ 0 8 2 11 7 
[00375561] 2 | 4 1 6 10 3 5 _ 0 8 2 11 7 
[00375562] 2 | 4 1 6 10 3 _ 5 0 8 2 11 7 
[00375563] 5 | _ 1 _ 10 3 _ _ 0 8 2 11 6 
[00375564] 4 | 5 1 _ 10 3 _ _ 0 8 2 11 6 
[00375565] 3 | 5 1 4 10 3 _ _ 0 8 2 11 6 
[00375566] 4 | _ 1 5 10 3 _ _ 0 8 2 11 6 
[00375567] 3 | 4 1 5 10 3 _ _ 0 8 2 11 6 
[00375568] 4 | _ 1 _ 10 3 7 _ 0 8 2 11 6 
[00375569] 3 | 4 1 _ 10 3 7 _ 0 8 2 11 6 
[00375570] 2 | 4 1 3 10 3 7 _ 0 8 2 11 6 
[00375571] 2 | 4 1 _ 10 3 7 1 0 8 2 11 6 
[00375572] 2 | 4 1 _ 10 3 7 5 0 8 2 11 6 
[00375573] 3 | _ 1 4 10 3 7 _ 0 8 2 11 6 
[00375574] 2 | 3 1 4 10 3 7 _ 0 8 2 11 6 
[00375575] 2 | _ 1 4 10 3 7 1 0 8 2 11 6 
[00375576] 2 | _ 1 4 10 3 7 5 0 8 2 11 6 
[00375577] 4 | _ 1 _ 10 3 _ 7 0 8 2 11 6 
[00375578] 3 | 4 1 _ 10 3 _ 7 0 8 2 11 6 
[00375579] 2 | 4 1 3 10 3 _ 7 0 8 2 11 6 
[00375580] 2 | 4 1 _ 10 3 1 7 0 8 2 11 6 
[00375581] 2 | 4 1 _ 10 3 5 7 0 8 2 11 6 
[00375582] 3 | _ 1 4 10 3 _ 7 0 8 2 11 6 
[00375583] 2 | 3 1 4 10 3 _ 7 0 8 2 11 6 
[00375584] 2 | _ 1 4 10 3 1 7 0 8 2 11 6 
[00375585] 2 | _ 1 4 10 3 5 7 0 8 2 11 6 
[00375586] 6 | _ 1 _ 10 3 _ _ 0 8 _ 11 5 
[00375587] 5 | 6 1 _ 10 3 _ _ 0 8 _ 11 5 
[00375588] 4 | 6 1 _ 10 3 7 _ 0 8 _ 11 5 
[00375589] 3 | 6 1 4 10 3 7 _ 0 8 _ 11 5 
[00375590] 4 | 6 1 _ 10 3 _ 7 0 8 _ 11 5 
[00375591] 3 | 6 1 4 10 3 _ 7 0 8 _ 11 5 
[00375592] 4 | 6 1 _ 10 3 _ _ 0 8 4 11 5 
[00375593] 5 | _ 1 6 10 3 _ _ 0 8 _ 11 5 
[00375594] 4 | _ 1 6 10 3 7 _ 0 8 _ 11 5 
[00375595] 3 | 4 1 6 10 3 7 _ 0 8 _ 11 5 
[00375596] 4 | _ 1 6 10 3 _ 7 0 8 _ 11 5 
[00375597] 3 | 4 1 6 10 3 _ 7 0 8 _ 11 5 
[00375598] 4 | _ 1 6 10 3 _ _ 0 8 4 11 5 
[00375599] 5 | _ 1 _ 10 3 8 _ 0 8 _ 11 5 
[00375600] 4 | _ 1 _ 10 3 8 7 0 8 _ 11 5 
[00375601] 3 | 4 1 _ 10 3 8 7 0 8 _ 11 5 
[00375602] 3 | _ 1 4 10 3 8 7 0 8 _ 11 5 
[00375603] 5 | _ 1 _ 10 3 _ 8 0 8 _ 11 5 
[00375604] 4 | _ 1 _ 10 3 7 8 0 8 _ 11 5 
[00375605] 3 | 4 1 _ 10 3 7 8 0 8 _ 11 5 
[00375606] 3 | _ 1 4 10 3 7 8 0 8 _ 11 5 
[00375607] 5 | _ 1 _ 10 3 _ _ 0 8 3 11 5 
[00375608] 7 | _ 1 _ 10 2 9 _ 0 8 _ 11 _ 
[00375609] 6 | 7 1 _ 10 2 9 _ 0 8 _ 11 _ 
[00375610] 5 | 7 1 6 10 2 9 _ 0 8 _ 11 _ 
[00375611] 4 | 7 1 6 10 2 9 _ 0 8 4 11 _ 
[00375612] 3 | 7 1 6 10 2 9 5 0 8 4 11 _ 
[00375613] 5 | 7 1 _ 10 2 9 _ 0 8 3 11 _ 
[00375614] 4 | 7 1 5 10 2 9 _ 0 8 3 11 _ 
[00375615] 4 | 7 1 _ 10 2 9 6 0 8 3 11 _ 
[00375616] 3 | 7 1 4 10 2 9 6 0 8 3 11 _ 
[00375617] 5 | 7 1 _ 10 2 9 _ 0 8 _ 11 6 
[00375618] 4 | 7 1 5 10 2 9 _ 0 8 _ 11 6 
[00375619] 4 | 7 1 _ 10 2 9 _ 0 8 4 11 6 
[00375620] 3 | 7 1 _ 10 2 9 5 0 8 4 11 6 
[00375621] 2 | 7 1 3 10 2 9 5 0 8 4 11 6 
[00375622] 6 | _ 1 7 10 2 9 _ 0 8 _ 11 _ 
[00375623] 5 | 6 1 7 10 2 9 _ 0 8 _ 11 _ 
[00375624] 4 | 6 1 7 10 2 9 _ 0 8 4 11 _ 
[00375625] 3 | 6 1 7 10 2 9 5 0 8 4 11 _ 
[00375626] 5 | _ 1 7 10 2 9 _ 0 8 3 11 _ 
[00375627] 4 | 5 1 7 10 2 9 _ 0 8 3 11 _ 
[00375628] 4 | _ 1 7 10 2 9 6 0 8 3 11 _ 
[00375629] 3 | 4 1 7 10 2 9 6 0 8 3 11 _ 
[00375630] 5 | _ 1 7 10 2 9 _ 0 8 _ 11 6 
[00375631] 4 | 5 1 7 10 2 9 _ 0 8 _ 11 6 
[00375632] 4 | _ 1 7 10 2 9 _ 0 8 4 11 6 
[00375633] 3 | _ 1 7 10 2 9 5 0 8 4 11 6 
[00375634] 2 | 3 1 7 10 2 9 5 0 8 4 11 6 
[00375635] 6 | _ 1 _ 10 2 9 8 0 8 _ 11 _ 
[00375636] 5 | 6 1 _ 10 2 9 8 0 8 _ 11 _ 
[00375637] 4 | 6 1 5 10 2 9 8 0 8 _ 11 _ 
[00375638] 4 | 6 1 _ 10 2 9 8 0 8 _ 11 7 
[00375639] 3 | 6 1 4 10 2 9 8 0 8 _ 11 7 
[00375640] 5 | _ 1 6 10 2 9 8 0 8 _ 11 _ 
[00375641] 4 | 5 1 6 10 2 9 8 0 8 _ 11 _ 
[00375642] 4 | _ 1 6 10 2 9 8 0 8 _ 11 7 
[00375643] 3 | 4 1 6 10 2 9 8 0 8 _ 11 7 
[00375644] 5 | _ 1 _ 10 2 9 8 0 8 _ 11 6 
[00375645] 4 | 5 1 _ 10 2 9 8 0 8 _ 11 6 
[00375646] 3 | 5 1 4 10 2 9 8 0 8 _ 11 6 
[00375647] 4 | _ 1 5 10 2 9 8 0 8 _ 11 6 
[00375648] 3 | 4 1 5 10 2 9 8 0 8 _ 11 6 
[00375649] 6 | _ 1 _ 10 2 9 _ 0 8 2 11 _ 
[00375650] 5 | 6 1 _ 10 2 9 _ 0 8 2 11 _ 
[00375651] 4 | 6 1 5 10 2 9 _ 0 8 2 11 _ 
[00375652] 4 | 6 1 _ 10 2 9 _ 0 8 2 11 7 
[00375653] 3 | 6 1 4 10 2 9 _ 0 8 2 11 7 
[00375654] 5 | _ 1 6 10 2 9 _ 0 8 2 11 _ 
[00375655] 4 | 5 1 6 10 2 9 _ 0 8 2 11 _ 
[00375656] 4 | _ 1 6 10 2 9 _ 0 8 2 11 7 
[00375657] 3 | 4 1 6 10 2 9 _ 0 8 2 11 7 
[00375658] 5 | _ 1 _ 10 2 9 _ 0 8 2 11 6 
[00375659] 4 | 5 1 _ 10 2 9 _ 0 8 2 11 6 
[00375660] 3 | 5 1 4 10 2 9 _ 0 8 2 11 6 
[00375661] 4 | _ 1 5 10 2 9 _ 0 8 2 11 6 
[00375662] 3 | 4 1 5 10 2 9 _ 0 8 2 11 6 
[00375663] 6 | _ 1 _ 10 2 9 _ 0 8 _ 11 5 
[00375664] 5 | 6 1 _ 10 2 9 _ 0 8 _ 11 5 
[00375665] 4 | 6 1 _ 10 2 9 _ 0 8 4 11 5 
[00375666] 5 | _ 1 6 10 2 9 _ 0 8 _ 11 5 
[00375667] 4 | _ 1 6 10 2 9 _ 0 8 4 11 5 
[00375668] 5 | _ 1 _ 10 2 9 7 0 8 _ 11 5 
[00375669] 4 | _ 1 _ 10 2 9 7 0 8 4 11 5 
[00375670] 5 | _ 1 _ 10 2 9 _ 0 8 3 11 5 
[00375671] 4 | _ 1 _ 10 2 9 6 0 8 3 11 5 
[00375672] 3 | 4 1 _ 10 2 9 6 0 8 3 11 5 
[00375673] 3 | _ 1 4 10 2 9 6 0 8 3 11 5 
[00375674] 7 | _ 1 _ 10 9 2 _ 0 8 _ 11 _ 
[00375675] 6 | 7 1 _ 10 9 2 _ 0 8 _ 11 _ 
[00375676] 5 | 7 1 6 10 9 2 _ 0 8 _ 11 _ 
[00375677] 4 | 7 1 6 10 9 2 5 0 8 _ 11 _ 
[00375678] 3 | 7 1 6 10 9 2 5 0 8 11 11 _ 
[00375679] 3 | 7 1 6 10 9 2 5 0 8 _ 11 8 
[00375680] 4 | 7 1 6 10 9 2 _ 0 8 4 11 _ 
[00375681] 5 | 7 1 _ 10 9 2 4 0 8 _ 11 _ 
[00375682] 4 | 7 1 5 10 9 2 4 0 8 _ 11 _ 
[00375683] 3 | 7 1 5 10 9 2 4 0 8 11 11 _ 
[00375684] 3 | 7 1 5 10 9 2 4 0 8 _ 11 8 
[00375685] 5 | 7 1 _ 10 9 2 _ 0 8 3 11 _ 
[00375686] 4 | 7 1 5 10 9 2 _ 0 8 3 11 _ 
[00375687] 3 | 7 1 5 10 9 2 6 0 8 3 11 _ 
[00375688] 4 | 7 1 _ 10 9 2 5 0 8 3 11 _ 
[00375689] 3 | 7 1 4 10 9 2 5 0 8 3 11 _ 
[00375690] 5 | 7 1 _ 10 9 2 _ 0 8 _ 11 6 
[00375691] 4 | 7 1 5 10 9 2 _ 0 8 _ 11 6 
[00375692] 4 | 7 1 _ 10 9 2 5 0 8 _ 11 6 
[00375693] 3 | 7 1 4 10 9 2 5 0 8 _ 11 6 
[00375694] 4 | 7 1 _ 10 9 2 _ 0 8 4 11 6 
[00375695] 6 | _ 1 7 10 9 2 _ 0 8 _ 11 _ 
[00375696] 5 | 6 1 7 10 9 2 _ 0 8 _ 11 _ 
[00375697] 4 | 6 1 7 10 9 2 5 0 8 _ 11 _ 
[00375698] 3 | 6 1 7 10 9 2 5 0 8 11 11 _ 
[00375699] 3 | 6 1 7 10 9 2 5 0 8 _ 11 8 
[00375700] 4 | 6 1 7 10 9 2 _ 0 8 4 11 _ 
[00375701] 5 | _ 1 7 10 9 2 4 0 8 _ 11 _ 
[00375702] 4 | 5 1 7 10 9 2 4 0 8 _ 11 _ 
[00375703] 3 | 5 1 7 10 9 2 4 0 8 11 11 _ 
[00375704] 3 | 5 1 7 10 9 2 4 0 8 _ 11 8 
[00375705] 5 | _ 1 7 10 9 2 _ 0 8 3 11 _ 
[00375706] 4 | 5 1 7 10 9 2 _ 0 8 3 11 _ 
[00375707] 3 | 5 1 7 10 9 2 6 0 8 3 11 _ 
[00375708] 4 | _ 1 7 10 9 2 5 0 8 3 11 _ 
[00375709] 3 | 4 1 7 10 9 2 5 0 8 3 11 _ 
[00375710] 5 | _ 1 7 10 9 2 _ 0 8 _ 11 6 
[00375711] 4 | 5 1 7 10 9 2 _ 0 8 _ 11 6 
[00375712] 4 | _ 1 7 10 9 2 5 0 8 _ 11 6 
[00375713] 3 | 4 1 7 10 9 2 5 0 8 _ 11 6 
[00375714] 4 | _ 1 7 10 9 2 _ 0 8 4 11 6 
[00375715] 6 | _ 1 _ 10 9 2 3 0 8 _ 11 _ 
[00375716] 5 | 6 1 _ 10 9 2 3 0 8 _ 11 _ 
[00375717] 4 | 6 1 5 10 9 2 3 0 8 _ 11 _ 
[00375718] 3 | 6 1 5 10 9 2 3 0 8 11 11 _ 
[00375719] 3 | 6 1 5 10 9 2 3 0 8 _ 11 8 
[00375720] 4 | 6 1 _ 10 9 2 3 0 8 4 11 _ 
[00375721] 4 | 6 1 _ 10 9 2 3 0 8 _ 11 7 
[00375722] 3 | 6 1 4 10 9 2 3 0 8 _ 11 7 
[00375723] 3 | 6 1 _ 10 9 2 3 0 8 5 11 7 
[00375724] 5 | _ 1 6 10 9 2 3 0 8 _ 11 _ 
[00375725] 4 | 5 1 6 10 9 2 3 0 8 _ 11 _ 
[00375726] 3 | 5 1 6 10 9 2 3 0 8 11 11 _ 
[00375727] 3 | 5 1 6 10 9 2 3 0 8 _ 11 8 
[00375728] 4 | _ 1 6 10 9 2 3 0 8 4 11 _ 
[00375729] 4 | _ 1 6 10 9 2 3 0 8 _ 11 7 
[00375730] 3 | 4 1 6 10 9 2 3 0 8 _ 11 7 
[00375731] 3 | _ 1 6 10 9 2 3 0 8 5 11 7 
[00375732] 5 | _ 1 _ 10 9 2 3 0 8 _ 11 6 
[00375733] 4 | 5 1 _ 10 9 2 3 0 8 _ 11 6 
[00375734] 3 | 5 1 4 10 9 2 3 0 8 _ 11 6 
[00375735] 4 | _ 1 5 10 9 2 3 0 8 _ 11 6 
[00375736] 3 | 4 1 5 10 9 2 3 0 8 _ 11 6 
[00375737] 4 | _ 1 _ 10 9 2 3 0 8 4 11 6 
[00375738] 6 | _ 1 _ 10 9 2 _ 0 8 _ 11 5 
[00375739] 5 | 6 1 _ 10 9 2 _ 0 8 _ 11 5 
[00375740] 4 | 6 1 _ 10 9 2 _ 0 8 4 11 5 
[00375741] 5 | _ 1 6 10 9 2 _ 0 8 _ 11 5 
[00375742] 4 | _ 1 6 10 9 2 _ 0 8 4 11 5 
[00375743] 5 | _ 1 _ 10 9 2 4 0 8 _ 11 5 
[00375744] 5 | _ 1 _ 10 9 2 _ 0 8 3 11 5 
[00375745] 7 | _ 1 _ 10 2 _ 9 0 8 _ 11 _ 
[00375746] 6 | 7 1 _ 10 2 _ 9 0 8 _ 11 _ 
[00375747] 5 | 7 1 6 10 2 _ 9 0 8 _ 11 _ 
[00375748] 4 | 7 1 6 10 2 _ 9 0 8 4 11 _ 
[00375749] 3 | 7 1 6 10 2 5 9 0 8 4 11 _ 
[00375750] 5 | 7 1 _ 10 2 _ 9 0 8 3 11 _ 
[00375751] 4 | 7 1 5 10 2 _ 9 0 8 3 11 _ 
[00375752] 4 | 7 1 _ 10 2 6 9 0 8 3 11 _ 
[00375753] 3 | 7 1 4 10 2 6 9 0 8 3 11 _ 
[00375754] 5 | 7 1 _ 10 2 _ 9 0 8 _ 11 6 
[00375755] 4 | 7 1 5 10 2 _ 9 0 8 _ 11 6 
[00375756] 4 | 7 1 _ 10 2 _ 9 0 8 4 11 6 
[00375757] 3 | 7 1 _ 10 2 5 9 0 8 4 11 6 
[00375758] 2 | 7 1 3 10 2 5 9 0 8 4 11 6 
[00375759] 6 | _ 1 7 10 2 _ 9 0 8 _ 11 _ 
[00375760] 5 | 6 1 7 10 2 _ 9 0 8 _ 11 _ 
[00375761] 4 | 6 1 7 10 2 _ 9 0 8 4 11 _ 
[00375762] 3 | 6 1 7 10 2 5 9 0 8 4 11 _ 
[00375763] 5 | _ 1 7 10 2 _ 9 0 8 3 11 _ 
[00375764] 4 | 5 1 7 10 2 _ 9 0 8 3 11 _ 
[00375765] 4 | _ 1 7 10 2 6 9 0 8 3 11 _ 
[00375766] 3 | 4 1 7 10 2 6 9 0 8 3 11 _ 
[00375767] 5 | _ 1 7 10 2 _ 9 0 8 _ 11 6 
[00375768] 4 | 5 1 7 10 2 _ 9 0 8 _ 11 6 
[00375769] 4 | _ 1 7 10 2 _ 9 0 8 4 11 6 
[00375770] 3 | _ 1 7 10 2 5 9 0 8 4 11 6 
[00375771] 2 | 3 1 7 10 2 5 9 0 8 4 11 6 
[00375772] 6 | _ 1 _ 10 2 8 9 0 8 _ 11 _ 
[00375773] 5 | 6 1 _ 10 2 8 9 0 8 _ 11 _ 
[00375774] 4 | 6 1 5 10 2 8 9 0 8 _ 11 _ 
[00375775] 4 | 6 1 _ 10 2 8 9 0 8 _ 11 7 
[00375776] 3 | 6 1 4 10 2 8 9 0 8 _ 11 7 
[00375777] 5 | _ 1 6 10 2 8 9 0 8 _ 11 _ 
[00375778] 4 | 5 1 6 10 2 8 9 0 8 _ 11 _ 
[00375779] 4 | _ 1 6 10 2 8 9 0 8 _ 11 7 
[00375780] 3 | 4 1 6 10 2 8 9 0 8 _ 11 7 
[00375781] 5 | _ 1 _ 10 2 8 9 0 8 _ 11 6 
[00375782] 4 | 5 1 _ 10 2 8 9 0 8 _ 11 6 
[00375783] 3 | 5 1 4 10 2 8 9 0 8 _ 11 6 
[00375784] 4 | _ 1 5 10 2 8 9 0 8 _ 11 6 
[00375785] 3 | 4 1 5 10 2 8 9 0 8 _ 11 6 
[00375786] 6 | _ 1 _ 10 2 _ 9 0 8 2 11 _ 
[00375787] 5 | 6 1 _ 10 2 _ 9 0 8 2 11 _ 
[00375788] 4 | 6 1 5 10 2 _ 9 0 8 2 11 _ 
[00375789] 4 | 6 1 _ 10 2 _ 9 0 8 2 11 7 
[00375790] 3 | 6 1 4 10 2 _ 9 0 8 2 11 7 
[00375791] 5 | _ 1 6 10 2 _ 9 0 8 2 11 _ 
[00375792] 4 | 5 1 6 10 2 _ 9 0 8 2 11 _ 
[00375793] 4 | _ 1 6 10 2 _ 9 0 8 2 11 7 
[00375794] 3 | 4 1 6 10 2 _ 9 0 8 2 11 7 
[00375795] 5 | _ 1 _ 10 2 _ 9 0 8 2 11 6 
[00375796] 4 | 5 1 _ 10 2 _ 9 0 8 2 11 6 
[00375797] 3 | 5 1 4 10 2 _ 9 0 8 2 11 6 
[00375798] 4 | _ 1 5 10 2 _ 9 0 8 2 11 6 
[00375799] 3 | 4 1 5 10 2 _ 9 0 8 2 11 6 
[00375800] 6 | _ 1 _ 10 2 _ 9 0 8 _ 11 5 
[00375801] 5 | 6 1 _ 10 2 _ 9 0 8 _ 11 5 
[00375802] 4 | 6 1 _ 10 2 _ 9 0 8 4 11 5 
[00375803] 5 | _ 1 6 10 2 _ 9 0 8 _ 11 5 
[00375804] 4 | _ 1 6 10 2 _ 9 0 8 4 11 5 
[00375805] 5 | _ 1 _ 10 2 7 9 0 8 _ 11 5 
[00375806] 4 | _ 1 _ 10 2 7 9 0 8 4 11 5 
[00375807] 5 | _ 1 _ 10 2 _ 9 0 8 3 11 5 
[00375808] 4 | _ 1 _ 10 2 6 9 0 8 3 11 5 
[00375809] 3 | 4 1 _ 10 2 6 9 0 8 3 11 5 
[00375810] 3 | _ 1 4 10 2 6 9 0 8 3 11 5 
[00375811] 7 | _ 1 _ 10 9 _ 2 0 8 _ 11 _ 
[00375812] 6 | 7 1 _ 10 9 _ 2 0 8 _ 11 _ 
[00375813] 5 | 7 1 6 10 9 _ 2 0 8 _ 11 _ 
[00375814] 4 | 7 1 6 10 9 5 2 0 8 _ 11 _ 
[00375815] 3 | 7 1 6 10 9 5 2 0 8 11 11 _ 
[00375816] 3 | 7 1 6 10 9 5 2 0 8 _ 11 8 
[00375817] 4 | 7 1 6 10 9 _ 2 0 8 4 11 _ 
[00375818] 5 | 7 1 _ 10 9 4 2 0 8 _ 11 _ 
[00375819] 4 | 7 1 5 10 9 4 2 0 8 _ 11 _ 
[00375820] 3 | 7 1 5 10 9 4 2 0 8 11 11 _ 
[00375821] 3 | 7 1 5 10 9 4 2 0 8 _ 11 8 
[00375822] 5 | 7 1 _ 10 9 _ 2 0 8 3 11 _ 
[00375823] 4 | 7 1 5 10 9 _ 2 0 8 3 11 _ 
