[00248474] 4 | 1 9 2 0 4 _ _ 11 1 _ 5 10 
[00248475] 3 | 1 9 2 0 4 7 _ 11 1 _ 5 10 
[00248476] 2 | 1 9 2 0 4 7 6 11 1 _ 5 10 
[00248477] 3 | 1 9 2 0 4 _ 7 11 1 _ 5 10 
[00248478] 2 | 1 9 2 0 4 6 7 11 1 _ 5 10 
[00248479] 4 | 1 9 2 0 3 7 _ 11 1 _ 5 10 
[00248480] 3 | 1 9 2 0 3 7 6 11 1 _ 5 10 
[00248481] 4 | 1 9 2 0 4 8 _ 11 1 _ 5 10 
[00248482] 3 | 1 9 2 0 4 8 7 11 1 _ 5 10 
[00248483] 4 | 1 9 2 0 7 3 _ 11 1 _ 5 10 
[00248484] 3 | 1 9 2 0 7 3 4 11 1 _ 5 10 
[00248485] 4 | 1 9 2 0 8 4 _ 11 1 _ 5 10 
[00248486] 4 | 1 9 2 0 3 _ 7 11 1 _ 5 10 
[00248487] 3 | 1 9 2 0 3 6 7 11 1 _ 5 10 
[00248488] 4 | 1 9 2 0 4 _ 8 11 1 _ 5 10 
[00248489] 3 | 1 9 2 0 4 7 8 11 1 _ 5 10 
[00248490] 4 | 1 9 2 0 7 _ 3 11 1 _ 5 10 
[00248491] 3 | 1 9 2 0 7 4 3 11 1 _ 5 10 
[00248492] 4 | 1 9 2 0 8 _ 4 11 1 _ 5 10 
[00248493] 6 | 1 9 2 0 _ _ _ 11 1 _ 4 10 
[00248494] 5 | 1 9 2 0 5 _ _ 11 1 _ 4 10 
[00248495] 5 | 1 9 2 0 3 8 _ 11 1 _ 4 10 
[00248496] 4 | 1 9 2 0 3 8 7 11 1 _ 4 10 
[00248497] 5 | 1 9 2 0 8 3 _ 11 1 _ 4 10 
[00248498] 5 | 1 9 2 0 3 _ 8 11 1 _ 4 10 
[00248499] 4 | 1 9 2 0 3 7 8 11 1 _ 4 10 
[00248500] 5 | 1 9 2 0 8 _ 3 11 1 _ 4 10 
[00248501] 6 | 1 9 2 0 _ _ _ 11 1 _ 10 4 
[00248502] 5 | 1 9 2 0 5 _ _ 11 1 _ 10 4 
[00248503] 5 | 1 9 2 0 3 8 _ 11 1 _ 10 4 
[00248504] 4 | 1 9 2 0 3 8 7 11 1 _ 10 4 
[00248505] 5 | 1 9 2 0 8 3 _ 11 1 _ 10 4 
[00248506] 5 | 1 9 2 0 3 _ 8 11 1 _ 10 4 
[00248507] 4 | 1 9 2 0 3 7 8 11 1 _ 10 4 
[00248508] 5 | 1 9 2 0 8 _ 3 11 1 _ 10 4 
[00248509] 7 | 1 9 _ 0 7 _ _ 11 1 _ _ _ 
[00248510] 6 | 1 9 3 0 7 _ _ 11 1 _ _ _ 
[00248511] 5 | 1 9 3 0 7 2 _ 11 1 _ _ _ 
[00248512] 4 | 1 9 3 0 7 2 11 11 1 _ _ _ 
[00248513] 3 | 1 9 3 0 7 2 11 11 1 _ 5 8 
[00248514] 3 | 1 9 3 0 7 2 11 11 1 _ 8 5 
[00248515] 4 | 1 9 3 0 7 2 _ 11 1 _ 7 _ 
[00248516] 3 | 1 9 3 0 7 2 4 11 1 _ 7 _ 
[00248517] 3 | 1 9 3 0 7 2 10 11 1 _ 7 _ 
[00248518] 3 | 1 9 3 0 7 2 _ 11 1 _ 7 4 
[00248519] 3 | 1 9 3 0 7 2 _ 11 1 _ 7 10 
[00248520] 4 | 1 9 3 0 7 2 _ 11 1 _ 4 8 
[00248521] 3 | 1 9 3 0 7 2 10 11 1 _ 4 8 
[00248522] 4 | 1 9 3 0 7 2 _ 11 1 _ 6 10 
[00248523] 3 | 1 9 3 0 7 2 4 11 1 _ 6 10 
[00248524] 4 | 1 9 3 0 7 2 _ 11 1 _ 8 4 
[00248525] 3 | 1 9 3 0 7 2 10 11 1 _ 8 4 
[00248526] 4 | 1 9 3 0 7 2 _ 11 1 _ 10 6 
[00248527] 3 | 1 9 3 0 7 2 4 11 1 _ 10 6 
[00248528] 5 | 1 9 3 0 7 _ 2 11 1 _ _ _ 
[00248529] 4 | 1 9 3 0 7 11 2 11 1 _ _ _ 
[00248530] 3 | 1 9 3 0 7 11 2 11 1 _ 5 8 
[00248531] 3 | 1 9 3 0 7 11 2 11 1 _ 8 5 
[00248532] 4 | 1 9 3 0 7 _ 2 11 1 _ 7 _ 
[00248533] 3 | 1 9 3 0 7 4 2 11 1 _ 7 _ 
[00248534] 3 | 1 9 3 0 7 10 2 11 1 _ 7 _ 
[00248535] 3 | 1 9 3 0 7 _ 2 11 1 _ 7 4 
[00248536] 3 | 1 9 3 0 7 _ 2 11 1 _ 7 10 
[00248537] 4 | 1 9 3 0 7 _ 2 11 1 _ 4 8 
[00248538] 3 | 1 9 3 0 7 10 2 11 1 _ 4 8 
[00248539] 4 | 1 9 3 0 7 _ 2 11 1 _ 6 10 
[00248540] 3 | 1 9 3 0 7 4 2 11 1 _ 6 10 
[00248541] 4 | 1 9 3 0 7 _ 2 11 1 _ 8 4 
[00248542] 3 | 1 9 3 0 7 10 2 11 1 _ 8 4 
[00248543] 4 | 1 9 3 0 7 _ 2 11 1 _ 10 6 
[00248544] 3 | 1 9 3 0 7 4 2 11 1 _ 10 6 
[00248545] 5 | 1 9 3 0 7 _ _ 11 1 _ 6 _ 
[00248546] 4 | 1 9 3 0 7 _ _ 11 1 _ 6 2 
[00248547] 3 | 1 9 3 0 7 4 _ 11 1 _ 6 2 
[00248548] 2 | 1 9 3 0 7 4 5 11 1 _ 6 2 
[00248549] 3 | 1 9 3 0 7 10 _ 11 1 _ 6 2 
[00248550] 2 | 1 9 3 0 7 10 5 11 1 _ 6 2 
[00248551] 3 | 1 9 3 0 7 _ 4 11 1 _ 6 2 
[00248552] 2 | 1 9 3 0 7 5 4 11 1 _ 6 2 
[00248553] 3 | 1 9 3 0 7 _ 10 11 1 _ 6 2 
[00248554] 2 | 1 9 3 0 7 5 10 11 1 _ 6 2 
[00248555] 4 | 1 9 3 0 7 _ _ 11 1 _ 6 10 
[00248556] 3 | 1 9 3 0 7 4 _ 11 1 _ 6 10 
[00248557] 2 | 1 9 3 0 7 4 5 11 1 _ 6 10 
[00248558] 3 | 1 9 3 0 7 _ 4 11 1 _ 6 10 
[00248559] 2 | 1 9 3 0 7 5 4 11 1 _ 6 10 
[00248560] 5 | 1 9 3 0 7 _ _ 11 1 _ 5 10 
[00248561] 5 | 1 9 3 0 7 _ _ 11 1 _ 10 5 
[00248562] 6 | 1 9 _ 0 7 _ _ 11 1 _ 5 _ 
[00248563] 5 | 1 9 4 0 7 _ _ 11 1 _ 5 _ 
[00248564] 4 | 1 9 4 0 7 3 _ 11 1 _ 5 _ 
[00248565] 3 | 1 9 4 0 7 3 10 11 1 _ 5 _ 
[00248566] 3 | 1 9 4 0 7 3 _ 11 1 _ 5 2 
[00248567] 3 | 1 9 4 0 7 3 _ 11 1 _ 5 8 
[00248568] 4 | 1 9 4 0 7 _ 3 11 1 _ 5 _ 
[00248569] 3 | 1 9 4 0 7 10 3 11 1 _ 5 _ 
[00248570] 3 | 1 9 4 0 7 _ 3 11 1 _ 5 2 
[00248571] 3 | 1 9 4 0 7 _ 3 11 1 _ 5 8 
[00248572] 5 | 1 9 _ 0 7 2 _ 11 1 _ 5 _ 
[00248573] 4 | 1 9 5 0 7 2 _ 11 1 _ 5 _ 
[00248574] 3 | 1 9 5 0 7 2 4 11 1 _ 5 _ 
[00248575] 3 | 1 9 5 0 7 2 10 11 1 _ 5 _ 
[00248576] 4 | 1 9 _ 0 7 2 3 11 1 _ 5 _ 
[00248577] 3 | 1 9 6 0 7 2 3 11 1 _ 5 _ 
[00248578] 3 | 1 9 _ 0 7 2 3 11 1 _ 5 8 
[00248579] 4 | 1 9 _ 0 7 2 _ 11 1 _ 5 9 
[00248580] 3 | 1 9 _ 0 7 2 4 11 1 _ 5 9 
[00248581] 3 | 1 9 _ 0 7 2 10 11 1 _ 5 9 
[00248582] 5 | 1 9 _ 0 7 _ 2 11 1 _ 5 _ 
[00248583] 4 | 1 9 5 0 7 _ 2 11 1 _ 5 _ 
[00248584] 3 | 1 9 5 0 7 4 2 11 1 _ 5 _ 
[00248585] 3 | 1 9 5 0 7 10 2 11 1 _ 5 _ 
[00248586] 4 | 1 9 _ 0 7 3 2 11 1 _ 5 _ 
[00248587] 3 | 1 9 6 0 7 3 2 11 1 _ 5 _ 
[00248588] 3 | 1 9 _ 0 7 3 2 11 1 _ 5 8 
[00248589] 4 | 1 9 _ 0 7 _ 2 11 1 _ 5 9 
[00248590] 3 | 1 9 _ 0 7 4 2 11 1 _ 5 9 
[00248591] 3 | 1 9 _ 0 7 10 2 11 1 _ 5 9 
[00248592] 5 | 1 9 _ 0 7 _ _ 11 1 _ 5 10 
[00248593] 4 | 1 9 _ 0 7 3 _ 11 1 _ 5 10 
[00248594] 3 | 1 9 6 0 7 3 _ 11 1 _ 5 10 
[00248595] 3 | 1 9 _ 0 7 3 4 11 1 _ 5 10 
[00248596] 4 | 1 9 _ 0 7 _ 3 11 1 _ 5 10 
[00248597] 3 | 1 9 6 0 7 _ 3 11 1 _ 5 10 
[00248598] 3 | 1 9 _ 0 7 4 3 11 1 _ 5 10 
[00248599] 6 | 1 9 _ 0 7 _ _ 11 1 _ 2 8 
[00248600] 5 | 1 9 4 0 7 _ _ 11 1 _ 2 8 
[00248601] 4 | 1 9 4 0 7 3 _ 11 1 _ 2 8 
[00248602] 3 | 1 9 4 0 7 3 10 11 1 _ 2 8 
[00248603] 4 | 1 9 4 0 7 _ 3 11 1 _ 2 8 
[00248604] 3 | 1 9 4 0 7 10 3 11 1 _ 2 8 
[00248605] 6 | 1 9 _ 0 7 _ _ 11 1 _ 4 10 
[00248606] 5 | 1 9 _ 0 7 2 _ 11 1 _ 4 10 
[00248607] 4 | 1 9 5 0 7 2 _ 11 1 _ 4 10 
[00248608] 4 | 1 9 _ 0 7 2 3 11 1 _ 4 10 
[00248609] 3 | 1 9 6 0 7 2 3 11 1 _ 4 10 
[00248610] 5 | 1 9 _ 0 7 _ 2 11 1 _ 4 10 
[00248611] 4 | 1 9 5 0 7 _ 2 11 1 _ 4 10 
[00248612] 4 | 1 9 _ 0 7 3 2 11 1 _ 4 10 
[00248613] 3 | 1 9 6 0 7 3 2 11 1 _ 4 10 
[00248614] 6 | 1 9 _ 0 7 _ _ 11 1 _ 8 2 
[00248615] 5 | 1 9 4 0 7 _ _ 11 1 _ 8 2 
[00248616] 4 | 1 9 4 0 7 3 _ 11 1 _ 8 2 
[00248617] 3 | 1 9 4 0 7 3 10 11 1 _ 8 2 
[00248618] 4 | 1 9 4 0 7 _ 3 11 1 _ 8 2 
[00248619] 3 | 1 9 4 0 7 10 3 11 1 _ 8 2 
[00248620] 6 | 1 9 _ 0 7 _ _ 11 1 _ 10 4 
[00248621] 5 | 1 9 _ 0 7 2 _ 11 1 _ 10 4 
[00248622] 4 | 1 9 5 0 7 2 _ 11 1 _ 10 4 
[00248623] 4 | 1 9 _ 0 7 2 3 11 1 _ 10 4 
[00248624] 3 | 1 9 6 0 7 2 3 11 1 _ 10 4 
[00248625] 5 | 1 9 _ 0 7 _ 2 11 1 _ 10 4 
[00248626] 4 | 1 9 5 0 7 _ 2 11 1 _ 10 4 
[00248627] 4 | 1 9 _ 0 7 3 2 11 1 _ 10 4 
[00248628] 3 | 1 9 6 0 7 3 2 11 1 _ 10 4 
[00248629] 7 | 1 9 _ 0 3 10 _ 11 1 _ _ _ 
[00248630] 6 | 1 9 3 0 3 10 _ 11 1 _ _ _ 
[00248631] 5 | 1 9 3 0 3 10 _ 11 1 _ 6 _ 
[00248632] 4 | 1 9 3 0 3 10 _ 11 1 _ 6 2 
[00248633] 5 | 1 9 3 0 3 10 _ 11 1 _ 2 7 
[00248634] 5 | 1 9 3 0 3 10 _ 11 1 _ 7 2 
[00248635] 6 | 1 9 _ 0 3 10 9 11 1 _ _ _ 
[00248636] 5 | 1 9 _ 0 3 10 9 11 1 _ 6 _ 
[00248637] 4 | 1 9 _ 0 3 10 9 11 1 _ 6 2 
[00248638] 5 | 1 9 _ 0 3 10 9 11 1 _ 2 7 
[00248639] 5 | 1 9 _ 0 3 10 9 11 1 _ 7 2 
[00248640] 6 | 1 9 _ 0 3 10 _ 11 1 _ 5 _ 
[00248641] 5 | 1 9 4 0 3 10 _ 11 1 _ 5 _ 
[00248642] 4 | 1 9 4 0 3 10 7 11 1 _ 5 _ 
[00248643] 3 | 1 9 4 0 3 10 7 11 1 _ 5 2 
[00248644] 3 | 1 9 4 0 3 10 7 11 1 _ 5 8 
[00248645] 5 | 1 9 _ 0 3 10 8 11 1 _ 5 _ 
[00248646] 4 | 1 9 5 0 3 10 8 11 1 _ 5 _ 
[00248647] 4 | 1 9 _ 0 3 10 8 11 1 _ 5 9 
[00248648] 6 | 1 9 _ 0 3 10 _ 11 1 _ 2 8 
[00248649] 5 | 1 9 4 0 3 10 _ 11 1 _ 2 8 
[00248650] 4 | 1 9 4 0 3 10 7 11 1 _ 2 8 
[00248651] 6 | 1 9 _ 0 3 10 _ 11 1 _ 8 2 
[00248652] 5 | 1 9 4 0 3 10 _ 11 1 _ 8 2 
[00248653] 4 | 1 9 4 0 3 10 7 11 1 _ 8 2 
[00248654] 7 | 1 9 _ 0 10 3 _ 11 1 _ _ _ 
[00248655] 6 | 1 9 _ 0 10 3 4 11 1 _ _ _ 
[00248656] 5 | 1 9 _ 0 10 3 4 11 1 _ 6 _ 
[00248657] 4 | 1 9 5 0 10 3 4 11 1 _ 6 _ 
[00248658] 4 | 1 9 _ 0 10 3 4 11 1 _ 6 2 
[00248659] 5 | 1 9 _ 0 10 3 4 11 1 _ 2 7 
[00248660] 4 | 1 9 5 0 10 3 4 11 1 _ 2 7 
[00248661] 5 | 1 9 _ 0 10 3 4 11 1 _ 7 2 
[00248662] 4 | 1 9 5 0 10 3 4 11 1 _ 7 2 
[00248663] 6 | 1 9 _ 0 10 3 _ 11 1 _ 5 _ 
[00248664] 5 | 1 9 4 0 10 3 _ 11 1 _ 5 _ 
[00248665] 4 | 1 9 4 0 10 3 6 11 1 _ 5 _ 
[00248666] 3 | 1 9 4 0 10 3 6 11 1 _ 5 2 
[00248667] 3 | 1 9 4 0 10 3 6 11 1 _ 5 8 
[00248668] 5 | 1 9 _ 0 10 3 5 11 1 _ 5 _ 
[00248669] 5 | 1 9 _ 0 10 3 _ 11 1 _ 5 10 
[00248670] 6 | 1 9 _ 0 10 3 _ 11 1 _ 2 8 
[00248671] 5 | 1 9 4 0 10 3 _ 11 1 _ 2 8 
[00248672] 4 | 1 9 4 0 10 3 6 11 1 _ 2 8 
[00248673] 5 | 1 9 _ 0 10 3 5 11 1 _ 2 8 
[00248674] 6 | 1 9 _ 0 10 3 _ 11 1 _ 8 2 
[00248675] 5 | 1 9 4 0 10 3 _ 11 1 _ 8 2 
[00248676] 4 | 1 9 4 0 10 3 6 11 1 _ 8 2 
[00248677] 5 | 1 9 _ 0 10 3 5 11 1 _ 8 2 
[00248678] 7 | 1 9 _ 0 3 _ 10 11 1 _ _ _ 
[00248679] 6 | 1 9 3 0 3 _ 10 11 1 _ _ _ 
[00248680] 5 | 1 9 3 0 3 _ 10 11 1 _ 6 _ 
[00248681] 4 | 1 9 3 0 3 _ 10 11 1 _ 6 2 
[00248682] 5 | 1 9 3 0 3 _ 10 11 1 _ 2 7 
[00248683] 5 | 1 9 3 0 3 _ 10 11 1 _ 7 2 
[00248684] 6 | 1 9 _ 0 3 9 10 11 1 _ _ _ 
[00248685] 5 | 1 9 _ 0 3 9 10 11 1 _ 6 _ 
[00248686] 4 | 1 9 _ 0 3 9 10 11 1 _ 6 2 
[00248687] 5 | 1 9 _ 0 3 9 10 11 1 _ 2 7 
[00248688] 5 | 1 9 _ 0 3 9 10 11 1 _ 7 2 
[00248689] 6 | 1 9 _ 0 3 _ 10 11 1 _ 5 _ 
[00248690] 5 | 1 9 4 0 3 _ 10 11 1 _ 5 _ 
[00248691] 4 | 1 9 4 0 3 7 10 11 1 _ 5 _ 
[00248692] 3 | 1 9 4 0 3 7 10 11 1 _ 5 2 
[00248693] 3 | 1 9 4 0 3 7 10 11 1 _ 5 8 
[00248694] 5 | 1 9 _ 0 3 8 10 11 1 _ 5 _ 
[00248695] 4 | 1 9 5 0 3 8 10 11 1 _ 5 _ 
[00248696] 4 | 1 9 _ 0 3 8 10 11 1 _ 5 9 
[00248697] 6 | 1 9 _ 0 3 _ 10 11 1 _ 2 8 
[00248698] 5 | 1 9 4 0 3 _ 10 11 1 _ 2 8 
[00248699] 4 | 1 9 4 0 3 7 10 11 1 _ 2 8 
[00248700] 6 | 1 9 _ 0 3 _ 10 11 1 _ 8 2 
[00248701] 5 | 1 9 4 0 3 _ 10 11 1 _ 8 2 
[00248702] 4 | 1 9 4 0 3 7 10 11 1 _ 8 2 
[00248703] 7 | 1 9 _ 0 10 _ 3 11 1 _ _ _ 
[00248704] 6 | 1 9 _ 0 10 4 3 11 1 _ _ _ 
[00248705] 5 | 1 9 _ 0 10 4 3 11 1 _ 6 _ 
[00248706] 4 | 1 9 5 0 10 4 3 11 1 _ 6 _ 
[00248707] 4 | 1 9 _ 0 10 4 3 11 1 _ 6 2 
[00248708] 5 | 1 9 _ 0 10 4 3 11 1 _ 2 7 
[00248709] 4 | 1 9 5 0 10 4 3 11 1 _ 2 7 
[00248710] 5 | 1 9 _ 0 10 4 3 11 1 _ 7 2 
[00248711] 4 | 1 9 5 0 10 4 3 11 1 _ 7 2 
[00248712] 6 | 1 9 _ 0 10 _ 3 11 1 _ 5 _ 
[00248713] 5 | 1 9 4 0 10 _ 3 11 1 _ 5 _ 
[00248714] 4 | 1 9 4 0 10 6 3 11 1 _ 5 _ 
[00248715] 3 | 1 9 4 0 10 6 3 11 1 _ 5 2 
[00248716] 3 | 1 9 4 0 10 6 3 11 1 _ 5 8 
[00248717] 5 | 1 9 _ 0 10 5 3 11 1 _ 5 _ 
[00248718] 5 | 1 9 _ 0 10 _ 3 11 1 _ 5 10 
[00248719] 6 | 1 9 _ 0 10 _ 3 11 1 _ 2 8 
[00248720] 5 | 1 9 4 0 10 _ 3 11 1 _ 2 8 
[00248721] 4 | 1 9 4 0 10 6 3 11 1 _ 2 8 
[00248722] 5 | 1 9 _ 0 10 5 3 11 1 _ 2 8 
[00248723] 6 | 1 9 _ 0 10 _ 3 11 1 _ 8 2 
[00248724] 5 | 1 9 4 0 10 _ 3 11 1 _ 8 2 
[00248725] 4 | 1 9 4 0 10 6 3 11 1 _ 8 2 
[00248726] 5 | 1 9 _ 0 10 5 3 11 1 _ 8 2 
[00248727] 7 | 1 9 _ 0 _ _ _ 11 1 _ 4 _ 
[00248728] 6 | 1 9 3 0 _ _ _ 11 1 _ 4 _ 
[00248729] 5 | 1 9 3 0 5 _ _ 11 1 _ 4 _ 
[00248730] 4 | 1 9 3 0 5 _ _ 11 1 _ 4 8 
[00248731] 3 | 1 9 3 0 5 2 _ 11 1 _ 4 8 
[00248732] 2 | 1 9 3 0 5 2 7 11 1 _ 4 8 
[00248733] 3 | 1 9 3 0 5 _ 2 11 1 _ 4 8 
[00248734] 2 | 1 9 3 0 5 7 2 11 1 _ 4 8 
[00248735] 5 | 1 9 3 0 2 7 _ 11 1 _ 4 _ 
[00248736] 4 | 1 9 3 0 2 7 6 11 1 _ 4 _ 
[00248737] 4 | 1 9 3 0 2 7 _ 11 1 _ 4 8 
[00248738] 3 | 1 9 3 0 2 7 5 11 1 _ 4 8 
[00248739] 5 | 1 9 3 0 5 10 _ 11 1 _ 4 _ 
[00248740] 4 | 1 9 3 0 5 10 _ 11 1 _ 4 8 
[00248741] 3 | 1 9 3 0 5 10 2 11 1 _ 4 8 
[00248742] 5 | 1 9 3 0 7 2 _ 11 1 _ 4 _ 
[00248743] 4 | 1 9 3 0 7 2 _ 11 1 _ 4 8 
[00248744] 3 | 1 9 3 0 7 2 10 11 1 _ 4 8 
[00248745] 5 | 1 9 3 0 10 5 _ 11 1 _ 4 _ 
[00248746] 4 | 1 9 3 0 10 5 6 11 1 _ 4 _ 
[00248747] 3 | 1 9 3 0 10 5 6 11 1 _ 4 7 
[00248748] 4 | 1 9 3 0 10 5 _ 11 1 _ 4 8 
[00248749] 3 | 1 9 3 0 10 5 7 11 1 _ 4 8 
[00248750] 5 | 1 9 3 0 2 _ 7 11 1 _ 4 _ 
[00248751] 4 | 1 9 3 0 2 6 7 11 1 _ 4 _ 
[00248752] 4 | 1 9 3 0 2 _ 7 11 1 _ 4 8 
[00248753] 3 | 1 9 3 0 2 5 7 11 1 _ 4 8 
[00248754] 5 | 1 9 3 0 5 _ 10 11 1 _ 4 _ 
[00248755] 4 | 1 9 3 0 5 _ 10 11 1 _ 4 8 
[00248756] 3 | 1 9 3 0 5 2 10 11 1 _ 4 8 
[00248757] 5 | 1 9 3 0 7 _ 2 11 1 _ 4 _ 
[00248758] 4 | 1 9 3 0 7 _ 2 11 1 _ 4 8 
[00248759] 3 | 1 9 3 0 7 10 2 11 1 _ 4 8 
[00248760] 5 | 1 9 3 0 10 _ 5 11 1 _ 4 _ 
[00248761] 4 | 1 9 3 0 10 6 5 11 1 _ 4 _ 
[00248762] 3 | 1 9 3 0 10 6 5 11 1 _ 4 7 
[00248763] 4 | 1 9 3 0 10 _ 5 11 1 _ 4 8 
[00248764] 3 | 1 9 3 0 10 7 5 11 1 _ 4 8 
[00248765] 6 | 1 9 _ 0 6 _ _ 11 1 _ 4 _ 
[00248766] 5 | 1 9 4 0 6 _ _ 11 1 _ 4 _ 
[00248767] 4 | 1 9 4 0 6 2 _ 11 1 _ 4 _ 
[00248768] 3 | 1 9 4 0 6 2 3 11 1 _ 4 _ 
[00248769] 4 | 1 9 4 0 6 10 _ 11 1 _ 4 _ 
[00248770] 3 | 1 9 4 0 6 10 3 11 1 _ 4 _ 
[00248771] 4 | 1 9 4 0 6 _ 2 11 1 _ 4 _ 
[00248772] 3 | 1 9 4 0 6 3 2 11 1 _ 4 _ 
[00248773] 4 | 1 9 4 0 6 _ 10 11 1 _ 4 _ 
[00248774] 3 | 1 9 4 0 6 3 10 11 1 _ 4 _ 
[00248775] 5 | 1 9 _ 0 6 _ _ 11 1 _ 4 9 
[00248776] 4 | 1 9 _ 0 6 2 _ 11 1 _ 4 9 
[00248777] 3 | 1 9 _ 0 6 2 3 11 1 _ 4 9 
[00248778] 4 | 1 9 _ 0 6 10 _ 11 1 _ 4 9 
[00248779] 3 | 1 9 _ 0 6 10 3 11 1 _ 4 9 
[00248780] 4 | 1 9 _ 0 6 _ 2 11 1 _ 4 9 
[00248781] 3 | 1 9 _ 0 6 3 2 11 1 _ 4 9 
[00248782] 4 | 1 9 _ 0 6 _ 10 11 1 _ 4 9 
[00248783] 3 | 1 9 _ 0 6 3 10 11 1 _ 4 9 
[00248784] 6 | 1 9 _ 0 2 8 _ 11 1 _ 4 _ 
[00248785] 5 | 1 9 4 0 2 8 _ 11 1 _ 4 _ 
[00248786] 4 | 1 9 4 0 2 8 6 11 1 _ 4 _ 
[00248787] 5 | 1 9 _ 0 2 8 7 11 1 _ 4 _ 
[00248788] 4 | 1 9 5 0 2 8 7 11 1 _ 4 _ 
[00248789] 5 | 1 9 _ 0 2 8 _ 11 1 _ 4 9 
[00248790] 4 | 1 9 _ 0 2 8 6 11 1 _ 4 9 
[00248791] 6 | 1 9 _ 0 8 2 _ 11 1 _ 4 _ 
[00248792] 5 | 1 9 4 0 8 2 _ 11 1 _ 4 _ 
[00248793] 5 | 1 9 _ 0 8 2 3 11 1 _ 4 _ 
[00248794] 4 | 1 9 5 0 8 2 3 11 1 _ 4 _ 
[00248795] 3 | 1 9 5 0 8 2 3 11 1 _ 4 7 
[00248796] 5 | 1 9 _ 0 8 2 _ 11 1 _ 4 9 
[00248797] 6 | 1 9 _ 0 2 _ 8 11 1 _ 4 _ 
[00248798] 5 | 1 9 4 0 2 _ 8 11 1 _ 4 _ 
[00248799] 4 | 1 9 4 0 2 6 8 11 1 _ 4 _ 
[00248800] 5 | 1 9 _ 0 2 7 8 11 1 _ 4 _ 
[00248801] 4 | 1 9 5 0 2 7 8 11 1 _ 4 _ 
[00248802] 5 | 1 9 _ 0 2 _ 8 11 1 _ 4 9 
[00248803] 4 | 1 9 _ 0 2 6 8 11 1 _ 4 9 
[00248804] 6 | 1 9 _ 0 8 _ 2 11 1 _ 4 _ 
[00248805] 5 | 1 9 4 0 8 _ 2 11 1 _ 4 _ 
[00248806] 5 | 1 9 _ 0 8 3 2 11 1 _ 4 _ 
[00248807] 4 | 1 9 5 0 8 3 2 11 1 _ 4 _ 
[00248808] 3 | 1 9 5 0 8 3 2 11 1 _ 4 7 
[00248809] 5 | 1 9 _ 0 8 _ 2 11 1 _ 4 9 
[00248810] 6 | 1 9 _ 0 _ _ _ 11 1 _ 4 10 
[00248811] 5 | 1 9 _ 0 5 _ _ 11 1 _ 4 10 
[00248812] 4 | 1 9 5 0 5 _ _ 11 1 _ 4 10 
[00248813] 4 | 1 9 _ 0 5 9 _ 11 1 _ 4 10 
[00248814] 3 | 1 9 _ 0 5 9 2 11 1 _ 4 10 
[00248815] 3 | 1 9 _ 0 5 9 8 11 1 _ 4 10 
[00248816] 4 | 1 9 _ 0 5 _ 9 11 1 _ 4 10 
[00248817] 3 | 1 9 _ 0 5 2 9 11 1 _ 4 10 
[00248818] 3 | 1 9 _ 0 5 8 9 11 1 _ 4 10 
[00248819] 5 | 1 9 _ 0 2 7 _ 11 1 _ 4 10 
[00248820] 4 | 1 9 5 0 2 7 _ 11 1 _ 4 10 
[00248821] 4 | 1 9 _ 0 2 7 6 11 1 _ 4 10 
[00248822] 5 | 1 9 _ 0 3 8 _ 11 1 _ 4 10 
[00248823] 4 | 1 9 5 0 3 8 _ 11 1 _ 4 10 
[00248824] 3 | 1 9 5 0 3 8 6 11 1 _ 4 10 
[00248825] 4 | 1 9 _ 0 3 8 7 11 1 _ 4 10 
[00248826] 3 | 1 9 6 0 3 8 7 11 1 _ 4 10 
[00248827] 5 | 1 9 _ 0 7 2 _ 11 1 _ 4 10 
[00248828] 4 | 1 9 5 0 7 2 _ 11 1 _ 4 10 
[00248829] 4 | 1 9 _ 0 7 2 3 11 1 _ 4 10 
[00248830] 3 | 1 9 6 0 7 2 3 11 1 _ 4 10 
[00248831] 5 | 1 9 _ 0 8 3 _ 11 1 _ 4 10 
[00248832] 4 | 1 9 5 0 8 3 _ 11 1 _ 4 10 
[00248833] 5 | 1 9 _ 0 2 _ 7 11 1 _ 4 10 
[00248834] 4 | 1 9 5 0 2 _ 7 11 1 _ 4 10 
[00248835] 4 | 1 9 _ 0 2 6 7 11 1 _ 4 10 
[00248836] 5 | 1 9 _ 0 3 _ 8 11 1 _ 4 10 
[00248837] 4 | 1 9 5 0 3 _ 8 11 1 _ 4 10 
[00248838] 3 | 1 9 5 0 3 6 8 11 1 _ 4 10 
[00248839] 4 | 1 9 _ 0 3 7 8 11 1 _ 4 10 
[00248840] 3 | 1 9 6 0 3 7 8 11 1 _ 4 10 
[00248841] 5 | 1 9 _ 0 7 _ 2 11 1 _ 4 10 
[00248842] 4 | 1 9 5 0 7 _ 2 11 1 _ 4 10 
[00248843] 4 | 1 9 _ 0 7 3 2 11 1 _ 4 10 
[00248844] 3 | 1 9 6 0 7 3 2 11 1 _ 4 10 
[00248845] 5 | 1 9 _ 0 8 _ 3 11 1 _ 4 10 
[00248846] 4 | 1 9 5 0 8 _ 3 11 1 _ 4 10 
[00248847] 7 | 1 9 _ 0 _ _ _ 11 1 _ 3 10 
[00248848] 6 | 1 9 _ 0 6 _ _ 11 1 _ 3 10 
[00248849] 5 | 1 9 4 0 6 _ _ 11 1 _ 3 10 
[00248850] 4 | 1 9 4 0 6 2 _ 11 1 _ 3 10 
[00248851] 4 | 1 9 4 0 6 _ 2 11 1 _ 3 10 
[00248852] 6 | 1 9 _ 0 2 8 _ 11 1 _ 3 10 
[00248853] 5 | 1 9 4 0 2 8 _ 11 1 _ 3 10 
[00248854] 4 | 1 9 4 0 2 8 6 11 1 _ 3 10 
[00248855] 5 | 1 9 _ 0 2 8 7 11 1 _ 3 10 
[00248856] 4 | 1 9 5 0 2 8 7 11 1 _ 3 10 
[00248857] 6 | 1 9 _ 0 8 2 _ 11 1 _ 3 10 
[00248858] 5 | 1 9 4 0 8 2 _ 11 1 _ 3 10 
[00248859] 6 | 1 9 _ 0 2 _ 8 11 1 _ 3 10 
[00248860] 5 | 1 9 4 0 2 _ 8 11 1 _ 3 10 
[00248861] 4 | 1 9 4 0 2 6 8 11 1 _ 3 10 
[00248862] 5 | 1 9 _ 0 2 7 8 11 1 _ 3 10 
[00248863] 4 | 1 9 5 0 2 7 8 11 1 _ 3 10 
[00248864] 6 | 1 9 _ 0 8 _ 2 11 1 _ 3 10 
[00248865] 5 | 1 9 4 0 8 _ 2 11 1 _ 3 10 
[00248866] 7 | 1 9 _ 0 _ _ _ 11 1 _ 10 3 
[00248867] 6 | 1 9 _ 0 6 _ _ 11 1 _ 10 3 
[00248868] 5 | 1 9 4 0 6 _ _ 11 1 _ 10 3 
[00248869] 4 | 1 9 4 0 6 2 _ 11 1 _ 10 3 
[00248870] 4 | 1 9 4 0 6 _ 2 11 1 _ 10 3 
[00248871] 6 | 1 9 _ 0 2 8 _ 11 1 _ 10 3 
[00248872] 5 | 1 9 4 0 2 8 _ 11 1 _ 10 3 
[00248873] 4 | 1 9 4 0 2 8 6 11 1 _ 10 3 
[00248874] 5 | 1 9 _ 0 2 8 7 11 1 _ 10 3 
[00248875] 4 | 1 9 5 0 2 8 7 11 1 _ 10 3 
[00248876] 6 | 1 9 _ 0 8 2 _ 11 1 _ 10 3 
[00248877] 5 | 1 9 4 0 8 2 _ 11 1 _ 10 3 
[00248878] 6 | 1 9 _ 0 2 _ 8 11 1 _ 10 3 
[00248879] 5 | 1 9 4 0 2 _ 8 11 1 _ 10 3 
[00248880] 4 | 1 9 4 0 2 6 8 11 1 _ 10 3 
[00248881] 5 | 1 9 _ 0 2 7 8 11 1 _ 10 3 
[00248882] 4 | 1 9 5 0 2 7 8 11 1 _ 10 3 
[00248883] 6 | 1 9 _ 0 8 _ 2 11 1 _ 10 3 
[00248884] 5 | 1 9 4 0 8 _ 2 11 1 _ 10 3 
[00248885] 8 | _ 9 1 0 _ _ _ 11 1 _ _ _ 
[00248886] 7 | 2 9 1 0 _ _ _ 11 1 _ _ _ 
[00248887] 6 | 2 9 1 0 6 _ _ 11 1 _ _ _ 
[00248888] 5 | 2 9 1 0 6 11 _ 11 1 _ _ _ 
[00248889] 4 | 2 9 1 0 6 11 10 11 1 _ _ _ 
[00248890] 3 | 2 9 1 0 6 11 10 11 1 _ 4 7 
[00248891] 3 | 2 9 1 0 6 11 10 11 1 _ 5 8 
[00248892] 3 | 2 9 1 0 6 11 10 11 1 _ 7 4 
[00248893] 3 | 2 9 1 0 6 11 10 11 1 _ 8 5 
[00248894] 4 | 2 9 1 0 6 11 _ 11 1 _ 3 7 
[00248895] 4 | 2 9 1 0 6 11 _ 11 1 _ 4 8 
[00248896] 3 | 2 9 1 0 6 11 3 11 1 _ 4 8 
[00248897] 4 | 2 9 1 0 6 11 _ 11 1 _ 7 3 
[00248898] 4 | 2 9 1 0 6 11 _ 11 1 _ 8 4 
[00248899] 3 | 2 9 1 0 6 11 3 11 1 _ 8 4 
[00248900] 5 | 2 9 1 0 6 _ 11 11 1 _ _ _ 
[00248901] 4 | 2 9 1 0 6 10 11 11 1 _ _ _ 
[00248902] 3 | 2 9 1 0 6 10 11 11 1 _ 4 7 
[00248903] 3 | 2 9 1 0 6 10 11 11 1 _ 5 8 
[00248904] 3 | 2 9 1 0 6 10 11 11 1 _ 7 4 
[00248905] 3 | 2 9 1 0 6 10 11 11 1 _ 8 5 
[00248906] 4 | 2 9 1 0 6 _ 11 11 1 _ 3 7 
[00248907] 4 | 2 9 1 0 6 _ 11 11 1 _ 4 8 
[00248908] 3 | 2 9 1 0 6 3 11 11 1 _ 4 8 
[00248909] 4 | 2 9 1 0 6 _ 11 11 1 _ 7 3 
[00248910] 4 | 2 9 1 0 6 _ 11 11 1 _ 8 4 
[00248911] 3 | 2 9 1 0 6 3 11 11 1 _ 8 4 
[00248912] 5 | 2 9 1 0 6 _ _ 11 1 _ 6 _ 
[00248913] 4 | 2 9 1 0 6 10 _ 11 1 _ 6 _ 
[00248914] 3 | 2 9 1 0 6 10 3 11 1 _ 6 _ 
[00248915] 3 | 2 9 1 0 6 10 _ 11 1 _ 6 3 
[00248916] 4 | 2 9 1 0 6 _ 10 11 1 _ 6 _ 
[00248917] 3 | 2 9 1 0 6 3 10 11 1 _ 6 _ 
[00248918] 3 | 2 9 1 0 6 _ 10 11 1 _ 6 3 
[00248919] 4 | 2 9 1 0 6 _ _ 11 1 _ 6 10 
[00248920] 5 | 2 9 1 0 6 _ _ 11 1 _ 3 8 
[00248921] 4 | 2 9 1 0 6 10 _ 11 1 _ 3 8 
[00248922] 4 | 2 9 1 0 6 _ 10 11 1 _ 3 8 
[00248923] 5 | 2 9 1 0 6 _ _ 11 1 _ 5 10 
[00248924] 5 | 2 9 1 0 6 _ _ 11 1 _ 8 3 
[00248925] 4 | 2 9 1 0 6 10 _ 11 1 _ 8 3 
[00248926] 4 | 2 9 1 0 6 _ 10 11 1 _ 8 3 
[00248927] 5 | 2 9 1 0 6 _ _ 11 1 _ 10 5 
[00248928] 6 | 2 9 1 0 4 10 _ 11 1 _ _ _ 
[00248929] 5 | 2 9 1 0 4 10 _ 11 1 _ 6 _ 
[00248930] 4 | 2 9 1 0 4 10 8 11 1 _ 6 _ 
[00248931] 3 | 2 9 1 0 4 10 8 11 1 _ 6 3 
[00248932] 5 | 2 9 1 0 4 10 _ 11 1 _ 3 8 
[00248933] 5 | 2 9 1 0 4 10 _ 11 1 _ 8 3 
[00248934] 6 | 2 9 1 0 10 4 _ 11 1 _ _ _ 
[00248935] 5 | 2 9 1 0 10 4 5 11 1 _ _ _ 
[00248936] 4 | 2 9 1 0 10 4 5 11 1 _ 7 _ 
[00248937] 4 | 2 9 1 0 10 4 5 11 1 _ 3 7 
[00248938] 4 | 2 9 1 0 10 4 5 11 1 _ 7 3 
[00248939] 5 | 2 9 1 0 10 4 _ 11 1 _ 6 _ 
[00248940] 4 | 2 9 1 0 10 4 6 11 1 _ 6 _ 
[00248941] 4 | 2 9 1 0 10 4 _ 11 1 _ 6 10 
[00248942] 5 | 2 9 1 0 10 4 _ 11 1 _ 3 8 
[00248943] 4 | 2 9 1 0 10 4 6 11 1 _ 3 8 
[00248944] 5 | 2 9 1 0 10 4 _ 11 1 _ 8 3 
[00248945] 4 | 2 9 1 0 10 4 6 11 1 _ 8 3 
[00248946] 6 | 2 9 1 0 4 _ 10 11 1 _ _ _ 
[00248947] 5 | 2 9 1 0 4 _ 10 11 1 _ 6 _ 
[00248948] 4 | 2 9 1 0 4 8 10 11 1 _ 6 _ 
[00248949] 3 | 2 9 1 0 4 8 10 11 1 _ 6 3 
[00248950] 5 | 2 9 1 0 4 _ 10 11 1 _ 3 8 
[00248951] 5 | 2 9 1 0 4 _ 10 11 1 _ 8 3 
[00248952] 6 | 2 9 1 0 10 _ 4 11 1 _ _ _ 
[00248953] 5 | 2 9 1 0 10 5 4 11 1 _ _ _ 
[00248954] 4 | 2 9 1 0 10 5 4 11 1 _ 7 _ 
[00248955] 4 | 2 9 1 0 10 5 4 11 1 _ 3 7 
[00248956] 4 | 2 9 1 0 10 5 4 11 1 _ 7 3 
[00248957] 5 | 2 9 1 0 10 _ 4 11 1 _ 6 _ 
[00248958] 4 | 2 9 1 0 10 6 4 11 1 _ 6 _ 
[00248959] 4 | 2 9 1 0 10 _ 4 11 1 _ 6 10 
[00248960] 5 | 2 9 1 0 10 _ 4 11 1 _ 3 8 
[00248961] 4 | 2 9 1 0 10 6 4 11 1 _ 3 8 
[00248962] 5 | 2 9 1 0 10 _ 4 11 1 _ 8 3 
[00248963] 4 | 2 9 1 0 10 6 4 11 1 _ 8 3 
[00248964] 6 | 2 9 1 0 _ _ _ 11 1 _ 5 _ 
[00248965] 5 | 2 9 1 0 5 _ _ 11 1 _ 5 _ 
[00248966] 5 | 2 9 1 0 3 8 _ 11 1 _ 5 _ 
[00248967] 4 | 2 9 1 0 3 8 7 11 1 _ 5 _ 
[00248968] 5 | 2 9 1 0 8 3 _ 11 1 _ 5 _ 
[00248969] 4 | 2 9 1 0 8 3 4 11 1 _ 5 _ 
[00248970] 5 | 2 9 1 0 3 _ 8 11 1 _ 5 _ 
[00248971] 4 | 2 9 1 0 3 7 8 11 1 _ 5 _ 
[00248972] 5 | 2 9 1 0 8 _ 3 11 1 _ 5 _ 
[00248973] 4 | 2 9 1 0 8 4 3 11 1 _ 5 _ 
