[00035581] 2 | 9 0 6 11 1 4 8 7 2 10 3 5 
[00035582] 6 | 9 0 _ 11 1 7 8 _ 2 10 _ _ 
[00035583] 5 | 9 0 5 11 1 7 8 _ 2 10 _ _ 
[00035584] 4 | 9 0 5 11 1 7 8 6 2 10 _ _ 
[00035585] 3 | 9 0 5 11 1 7 8 6 2 10 3 _ 
[00035586] 5 | 9 0 _ 11 1 7 8 6 2 10 _ _ 
[00035587] 4 | 9 0 4 11 1 7 8 6 2 10 _ _ 
[00035588] 3 | 9 0 4 11 1 7 8 6 2 10 3 _ 
[00035589] 2 | 9 0 4 11 1 7 8 6 2 10 3 5 
[00035590] 6 | 9 0 _ 11 1 _ 8 5 2 10 _ _ 
[00035591] 5 | 9 0 5 11 1 _ 8 5 2 10 _ _ 
[00035592] 4 | 9 0 5 11 1 _ 8 5 2 10 3 7 
[00035593] 3 | 9 0 5 11 1 4 8 5 2 10 3 7 
[00035594] 4 | 9 0 5 11 1 _ 8 5 2 10 7 3 
[00035595] 3 | 9 0 5 11 1 4 8 5 2 10 7 3 
[00035596] 5 | 9 0 _ 11 1 6 8 5 2 10 _ _ 
[00035597] 4 | 9 0 4 11 1 6 8 5 2 10 _ _ 
[00035598] 4 | 9 0 _ 11 1 6 8 5 2 10 3 7 
[00035599] 4 | 9 0 _ 11 1 6 8 5 2 10 7 3 
[00035600] 5 | 9 0 _ 11 1 _ 8 5 2 10 0 _ 
[00035601] 4 | 9 0 4 11 1 _ 8 5 2 10 0 _ 
[00035602] 4 | 9 0 _ 11 1 _ 8 5 2 10 0 4 
[00035603] 7 | 9 0 _ 11 1 _ _ 4 2 10 _ _ 
[00035604] 6 | 9 0 6 11 1 _ _ 4 2 10 _ _ 
[00035605] 5 | 9 0 6 11 1 _ _ 4 2 10 3 8 
[00035606] 4 | 9 0 6 11 1 5 _ 4 2 10 3 8 
[00035607] 4 | 9 0 6 11 1 _ 5 4 2 10 3 8 
[00035608] 5 | 9 0 6 11 1 _ _ 4 2 10 8 3 
[00035609] 4 | 9 0 6 11 1 5 _ 4 2 10 8 3 
[00035610] 4 | 9 0 6 11 1 _ 5 4 2 10 8 3 
[00035611] 6 | 9 0 _ 11 1 7 _ 4 2 10 _ _ 
[00035612] 5 | 9 0 5 11 1 7 _ 4 2 10 _ _ 
[00035613] 4 | 9 0 5 11 1 7 _ 4 2 10 8 _ 
[00035614] 5 | 9 0 _ 11 1 7 6 4 2 10 _ _ 
[00035615] 4 | 9 0 4 11 1 7 6 4 2 10 _ _ 
[00035616] 3 | 9 0 4 11 1 7 6 4 2 10 5 8 
[00035617] 3 | 9 0 4 11 1 7 6 4 2 10 8 5 
[00035618] 4 | 9 0 _ 11 1 7 6 4 2 10 0 _ 
[00035619] 3 | 9 0 3 11 1 7 6 4 2 10 0 _ 
[00035620] 3 | 9 0 _ 11 1 7 6 4 2 10 0 3 
[00035621] 4 | 9 0 _ 11 1 7 6 4 2 10 8 _ 
[00035622] 3 | 9 0 3 11 1 7 6 4 2 10 8 _ 
[00035623] 3 | 9 0 _ 11 1 7 6 4 2 10 8 5 
[00035624] 5 | 9 0 _ 11 1 7 _ 4 2 10 3 8 
[00035625] 4 | 9 0 _ 11 1 7 5 4 2 10 3 8 
[00035626] 5 | 9 0 _ 11 1 7 _ 4 2 10 8 3 
[00035627] 4 | 9 0 _ 11 1 7 5 4 2 10 8 3 
[00035628] 6 | 9 0 _ 11 1 _ 7 4 2 10 _ _ 
[00035629] 5 | 9 0 5 11 1 _ 7 4 2 10 _ _ 
[00035630] 4 | 9 0 5 11 1 _ 7 4 2 10 8 _ 
[00035631] 5 | 9 0 _ 11 1 6 7 4 2 10 _ _ 
[00035632] 4 | 9 0 4 11 1 6 7 4 2 10 _ _ 
[00035633] 3 | 9 0 4 11 1 6 7 4 2 10 5 8 
[00035634] 3 | 9 0 4 11 1 6 7 4 2 10 8 5 
[00035635] 4 | 9 0 _ 11 1 6 7 4 2 10 0 _ 
[00035636] 3 | 9 0 3 11 1 6 7 4 2 10 0 _ 
[00035637] 3 | 9 0 _ 11 1 6 7 4 2 10 0 3 
[00035638] 4 | 9 0 _ 11 1 6 7 4 2 10 8 _ 
[00035639] 3 | 9 0 3 11 1 6 7 4 2 10 8 _ 
[00035640] 3 | 9 0 _ 11 1 6 7 4 2 10 8 5 
[00035641] 5 | 9 0 _ 11 1 _ 7 4 2 10 3 8 
[00035642] 4 | 9 0 _ 11 1 5 7 4 2 10 3 8 
[00035643] 5 | 9 0 _ 11 1 _ 7 4 2 10 8 3 
[00035644] 4 | 9 0 _ 11 1 5 7 4 2 10 8 3 
[00035645] 8 | 9 0 _ 11 1 _ _ _ 10 2 _ _ 
[00035646] 7 | 9 0 7 11 1 _ _ _ 10 2 _ _ 
[00035647] 6 | 9 0 7 11 1 _ _ 5 10 2 _ _ 
[00035648] 5 | 9 0 7 11 1 6 _ 5 10 2 _ _ 
[00035649] 4 | 9 0 7 11 1 6 5 5 10 2 _ _ 
[00035650] 4 | 9 0 7 11 1 6 _ 5 10 2 1 _ 
[00035651] 3 | 9 0 7 11 1 6 4 5 10 2 1 _ 
[00035652] 3 | 9 0 7 11 1 6 _ 5 10 2 1 4 
[00035653] 4 | 9 0 7 11 1 6 _ 5 10 2 4 8 
[00035654] 4 | 9 0 7 11 1 6 _ 5 10 2 8 4 
[00035655] 5 | 9 0 7 11 1 _ 6 5 10 2 _ _ 
[00035656] 4 | 9 0 7 11 1 5 6 5 10 2 _ _ 
[00035657] 4 | 9 0 7 11 1 _ 6 5 10 2 1 _ 
[00035658] 3 | 9 0 7 11 1 4 6 5 10 2 1 _ 
[00035659] 3 | 9 0 7 11 1 _ 6 5 10 2 1 4 
[00035660] 4 | 9 0 7 11 1 _ 6 5 10 2 4 8 
[00035661] 4 | 9 0 7 11 1 _ 6 5 10 2 8 4 
[00035662] 5 | 9 0 7 11 1 _ _ 5 10 2 3 8 
[00035663] 5 | 9 0 7 11 1 _ _ 5 10 2 8 3 
[00035664] 6 | 9 0 7 11 1 _ _ 4 10 2 _ _ 
[00035665] 5 | 9 0 7 11 1 6 _ 4 10 2 _ _ 
[00035666] 4 | 9 0 7 11 1 6 5 4 10 2 _ _ 
[00035667] 4 | 9 0 7 11 1 6 _ 4 10 2 8 _ 
[00035668] 3 | 9 0 7 11 1 6 _ 4 10 2 8 5 
[00035669] 2 | 9 0 7 11 1 6 3 4 10 2 8 5 
[00035670] 5 | 9 0 7 11 1 _ 6 4 10 2 _ _ 
[00035671] 4 | 9 0 7 11 1 5 6 4 10 2 _ _ 
[00035672] 4 | 9 0 7 11 1 _ 6 4 10 2 8 _ 
[00035673] 3 | 9 0 7 11 1 _ 6 4 10 2 8 5 
[00035674] 2 | 9 0 7 11 1 3 6 4 10 2 8 5 
[00035675] 5 | 9 0 7 11 1 _ _ 4 10 2 3 8 
[00035676] 4 | 9 0 7 11 1 5 _ 4 10 2 3 8 
[00035677] 4 | 9 0 7 11 1 _ 5 4 10 2 3 8 
[00035678] 5 | 9 0 7 11 1 _ _ 4 10 2 8 3 
[00035679] 4 | 9 0 7 11 1 5 _ 4 10 2 8 3 
[00035680] 4 | 9 0 7 11 1 _ 5 4 10 2 8 3 
[00035681] 7 | 9 0 _ 11 1 8 _ _ 10 2 _ _ 
[00035682] 6 | 9 0 6 11 1 8 _ _ 10 2 _ _ 
[00035683] 5 | 9 0 6 11 1 8 _ 5 10 2 _ _ 
[00035684] 4 | 9 0 6 11 1 8 5 5 10 2 _ _ 
[00035685] 3 | 9 0 6 11 1 8 5 5 10 2 4 7 
[00035686] 3 | 9 0 6 11 1 8 5 5 10 2 7 4 
[00035687] 4 | 9 0 6 11 1 8 _ 5 10 2 1 _ 
[00035688] 3 | 9 0 6 11 1 8 4 5 10 2 1 _ 
[00035689] 3 | 9 0 6 11 1 8 _ 5 10 2 1 4 
[00035690] 4 | 9 0 6 11 1 8 _ 5 10 2 3 7 
[00035691] 3 | 9 0 6 11 1 8 4 5 10 2 3 7 
[00035692] 4 | 9 0 6 11 1 8 _ 5 10 2 7 3 
[00035693] 3 | 9 0 6 11 1 8 4 5 10 2 7 3 
[00035694] 6 | 9 0 _ 11 1 8 7 _ 10 2 _ _ 
[00035695] 5 | 9 0 5 11 1 8 7 _ 10 2 _ _ 
[00035696] 4 | 9 0 5 11 1 8 7 6 10 2 _ _ 
[00035697] 3 | 9 0 5 11 1 8 7 6 10 2 3 _ 
[00035698] 5 | 9 0 _ 11 1 8 7 6 10 2 _ _ 
[00035699] 4 | 9 0 4 11 1 8 7 6 10 2 _ _ 
[00035700] 3 | 9 0 4 11 1 8 7 6 10 2 3 _ 
[00035701] 2 | 9 0 4 11 1 8 7 6 10 2 3 5 
[00035702] 5 | 9 0 _ 11 1 8 7 5 10 2 _ _ 
[00035703] 4 | 9 0 4 11 1 8 7 5 10 2 _ _ 
[00035704] 3 | 9 0 4 11 1 8 7 5 10 2 3 6 
[00035705] 3 | 9 0 4 11 1 8 7 5 10 2 6 3 
[00035706] 6 | 9 0 _ 11 1 8 _ 5 10 2 _ _ 
[00035707] 5 | 9 0 5 11 1 8 _ 5 10 2 _ _ 
[00035708] 4 | 9 0 5 11 1 8 _ 5 10 2 3 7 
[00035709] 3 | 9 0 5 11 1 8 4 5 10 2 3 7 
[00035710] 4 | 9 0 5 11 1 8 _ 5 10 2 7 3 
[00035711] 3 | 9 0 5 11 1 8 4 5 10 2 7 3 
[00035712] 5 | 9 0 _ 11 1 8 6 5 10 2 _ _ 
[00035713] 4 | 9 0 4 11 1 8 6 5 10 2 _ _ 
[00035714] 4 | 9 0 _ 11 1 8 6 5 10 2 3 7 
[00035715] 4 | 9 0 _ 11 1 8 6 5 10 2 7 3 
[00035716] 5 | 9 0 _ 11 1 8 _ 5 10 2 0 _ 
[00035717] 4 | 9 0 4 11 1 8 _ 5 10 2 0 _ 
[00035718] 4 | 9 0 _ 11 1 8 _ 5 10 2 0 4 
[00035719] 6 | 9 0 _ 11 1 8 _ 4 10 2 _ _ 
[00035720] 5 | 9 0 5 11 1 8 _ 4 10 2 _ _ 
[00035721] 4 | 9 0 5 11 1 8 _ 4 10 2 3 7 
[00035722] 4 | 9 0 5 11 1 8 _ 4 10 2 7 3 
[00035723] 5 | 9 0 _ 11 1 8 6 4 10 2 _ _ 
[00035724] 4 | 9 0 4 11 1 8 6 4 10 2 _ _ 
[00035725] 4 | 9 0 _ 11 1 8 6 4 10 2 0 _ 
[00035726] 3 | 9 0 3 11 1 8 6 4 10 2 0 _ 
[00035727] 3 | 9 0 _ 11 1 8 6 4 10 2 0 3 
[00035728] 4 | 9 0 _ 11 1 8 6 4 10 2 3 7 
[00035729] 4 | 9 0 _ 11 1 8 6 4 10 2 7 3 
[00035730] 7 | 9 0 _ 11 1 _ 8 _ 10 2 _ _ 
[00035731] 6 | 9 0 6 11 1 _ 8 _ 10 2 _ _ 
[00035732] 5 | 9 0 6 11 1 _ 8 5 10 2 _ _ 
[00035733] 4 | 9 0 6 11 1 5 8 5 10 2 _ _ 
[00035734] 3 | 9 0 6 11 1 5 8 5 10 2 4 7 
[00035735] 3 | 9 0 6 11 1 5 8 5 10 2 7 4 
[00035736] 4 | 9 0 6 11 1 _ 8 5 10 2 1 _ 
[00035737] 3 | 9 0 6 11 1 4 8 5 10 2 1 _ 
[00035738] 3 | 9 0 6 11 1 _ 8 5 10 2 1 4 
[00035739] 4 | 9 0 6 11 1 _ 8 5 10 2 3 7 
[00035740] 3 | 9 0 6 11 1 4 8 5 10 2 3 7 
[00035741] 4 | 9 0 6 11 1 _ 8 5 10 2 7 3 
[00035742] 3 | 9 0 6 11 1 4 8 5 10 2 7 3 
[00035743] 6 | 9 0 _ 11 1 7 8 _ 10 2 _ _ 
[00035744] 5 | 9 0 5 11 1 7 8 _ 10 2 _ _ 
[00035745] 4 | 9 0 5 11 1 7 8 6 10 2 _ _ 
[00035746] 3 | 9 0 5 11 1 7 8 6 10 2 3 _ 
[00035747] 5 | 9 0 _ 11 1 7 8 6 10 2 _ _ 
[00035748] 4 | 9 0 4 11 1 7 8 6 10 2 _ _ 
[00035749] 3 | 9 0 4 11 1 7 8 6 10 2 3 _ 
[00035750] 2 | 9 0 4 11 1 7 8 6 10 2 3 5 
[00035751] 5 | 9 0 _ 11 1 7 8 5 10 2 _ _ 
[00035752] 4 | 9 0 4 11 1 7 8 5 10 2 _ _ 
[00035753] 3 | 9 0 4 11 1 7 8 5 10 2 3 6 
[00035754] 3 | 9 0 4 11 1 7 8 5 10 2 6 3 
[00035755] 6 | 9 0 _ 11 1 _ 8 5 10 2 _ _ 
[00035756] 5 | 9 0 5 11 1 _ 8 5 10 2 _ _ 
[00035757] 4 | 9 0 5 11 1 _ 8 5 10 2 3 7 
[00035758] 3 | 9 0 5 11 1 4 8 5 10 2 3 7 
[00035759] 4 | 9 0 5 11 1 _ 8 5 10 2 7 3 
[00035760] 3 | 9 0 5 11 1 4 8 5 10 2 7 3 
[00035761] 5 | 9 0 _ 11 1 6 8 5 10 2 _ _ 
[00035762] 4 | 9 0 4 11 1 6 8 5 10 2 _ _ 
[00035763] 4 | 9 0 _ 11 1 6 8 5 10 2 3 7 
[00035764] 4 | 9 0 _ 11 1 6 8 5 10 2 7 3 
[00035765] 5 | 9 0 _ 11 1 _ 8 5 10 2 0 _ 
[00035766] 4 | 9 0 4 11 1 _ 8 5 10 2 0 _ 
[00035767] 4 | 9 0 _ 11 1 _ 8 5 10 2 0 4 
[00035768] 6 | 9 0 _ 11 1 _ 8 4 10 2 _ _ 
[00035769] 5 | 9 0 5 11 1 _ 8 4 10 2 _ _ 
[00035770] 4 | 9 0 5 11 1 _ 8 4 10 2 3 7 
[00035771] 4 | 9 0 5 11 1 _ 8 4 10 2 7 3 
[00035772] 5 | 9 0 _ 11 1 6 8 4 10 2 _ _ 
[00035773] 4 | 9 0 4 11 1 6 8 4 10 2 _ _ 
[00035774] 4 | 9 0 _ 11 1 6 8 4 10 2 0 _ 
[00035775] 3 | 9 0 3 11 1 6 8 4 10 2 0 _ 
[00035776] 3 | 9 0 _ 11 1 6 8 4 10 2 0 3 
[00035777] 4 | 9 0 _ 11 1 6 8 4 10 2 3 7 
[00035778] 4 | 9 0 _ 11 1 6 8 4 10 2 7 3 
[00035779] 7 | 9 0 _ 11 1 _ _ 4 10 2 _ _ 
[00035780] 6 | 9 0 6 11 1 _ _ 4 10 2 _ _ 
[00035781] 5 | 9 0 6 11 1 _ _ 4 10 2 3 8 
[00035782] 4 | 9 0 6 11 1 5 _ 4 10 2 3 8 
[00035783] 4 | 9 0 6 11 1 _ 5 4 10 2 3 8 
[00035784] 5 | 9 0 6 11 1 _ _ 4 10 2 8 3 
[00035785] 4 | 9 0 6 11 1 5 _ 4 10 2 8 3 
[00035786] 4 | 9 0 6 11 1 _ 5 4 10 2 8 3 
[00035787] 6 | 9 0 _ 11 1 7 _ 4 10 2 _ _ 
[00035788] 5 | 9 0 5 11 1 7 _ 4 10 2 _ _ 
[00035789] 4 | 9 0 5 11 1 7 _ 4 10 2 8 _ 
[00035790] 5 | 9 0 _ 11 1 7 6 4 10 2 _ _ 
[00035791] 4 | 9 0 4 11 1 7 6 4 10 2 _ _ 
[00035792] 3 | 9 0 4 11 1 7 6 4 10 2 5 8 
[00035793] 3 | 9 0 4 11 1 7 6 4 10 2 8 5 
[00035794] 4 | 9 0 _ 11 1 7 6 4 10 2 0 _ 
[00035795] 3 | 9 0 3 11 1 7 6 4 10 2 0 _ 
[00035796] 3 | 9 0 _ 11 1 7 6 4 10 2 0 3 
[00035797] 4 | 9 0 _ 11 1 7 6 4 10 2 8 _ 
[00035798] 3 | 9 0 3 11 1 7 6 4 10 2 8 _ 
[00035799] 3 | 9 0 _ 11 1 7 6 4 10 2 8 5 
[00035800] 5 | 9 0 _ 11 1 7 _ 4 10 2 3 8 
[00035801] 4 | 9 0 _ 11 1 7 5 4 10 2 3 8 
[00035802] 5 | 9 0 _ 11 1 7 _ 4 10 2 8 3 
[00035803] 4 | 9 0 _ 11 1 7 5 4 10 2 8 3 
[00035804] 6 | 9 0 _ 11 1 _ 7 4 10 2 _ _ 
[00035805] 5 | 9 0 5 11 1 _ 7 4 10 2 _ _ 
[00035806] 4 | 9 0 5 11 1 _ 7 4 10 2 8 _ 
[00035807] 5 | 9 0 _ 11 1 6 7 4 10 2 _ _ 
[00035808] 4 | 9 0 4 11 1 6 7 4 10 2 _ _ 
[00035809] 3 | 9 0 4 11 1 6 7 4 10 2 5 8 
[00035810] 3 | 9 0 4 11 1 6 7 4 10 2 8 5 
[00035811] 4 | 9 0 _ 11 1 6 7 4 10 2 0 _ 
[00035812] 3 | 9 0 3 11 1 6 7 4 10 2 0 _ 
[00035813] 3 | 9 0 _ 11 1 6 7 4 10 2 0 3 
[00035814] 4 | 9 0 _ 11 1 6 7 4 10 2 8 _ 
[00035815] 3 | 9 0 3 11 1 6 7 4 10 2 8 _ 
[00035816] 3 | 9 0 _ 11 1 6 7 4 10 2 8 5 
[00035817] 5 | 9 0 _ 11 1 _ 7 4 10 2 3 8 
[00035818] 4 | 9 0 _ 11 1 5 7 4 10 2 3 8 
[00035819] 5 | 9 0 _ 11 1 _ 7 4 10 2 8 3 
[00035820] 4 | 9 0 _ 11 1 5 7 4 10 2 8 3 
[00035821] 7 | 9 0 _ 11 1 _ _ 3 10 2 _ _ 
[00035822] 6 | 9 0 6 11 1 _ _ 3 10 2 _ _ 
[00035823] 5 | 9 0 6 11 1 _ _ 3 10 2 8 _ 
[00035824] 4 | 9 0 6 11 1 5 _ 3 10 2 8 _ 
[00035825] 3 | 9 0 6 11 1 5 4 3 10 2 8 _ 
[00035826] 4 | 9 0 6 11 1 _ 5 3 10 2 8 _ 
[00035827] 3 | 9 0 6 11 1 4 5 3 10 2 8 _ 
[00035828] 4 | 9 0 6 11 1 _ _ 3 10 2 8 4 
[00035829] 6 | 9 0 _ 11 1 7 _ 3 10 2 _ _ 
[00035830] 5 | 9 0 5 11 1 7 _ 3 10 2 _ _ 
[00035831] 4 | 9 0 5 11 1 7 _ 3 10 2 4 8 
[00035832] 4 | 9 0 5 11 1 7 _ 3 10 2 8 4 
[00035833] 5 | 9 0 _ 11 1 7 6 3 10 2 _ _ 
[00035834] 4 | 9 0 4 11 1 7 6 3 10 2 _ _ 
[00035835] 3 | 9 0 4 11 1 7 6 3 10 2 5 8 
[00035836] 3 | 9 0 4 11 1 7 6 3 10 2 8 5 
[00035837] 4 | 9 0 _ 11 1 7 6 3 10 2 4 8 
[00035838] 4 | 9 0 _ 11 1 7 6 3 10 2 8 4 
[00035839] 5 | 9 0 _ 11 1 7 _ 3 10 2 8 _ 
[00035840] 4 | 9 0 4 11 1 7 _ 3 10 2 8 _ 
[00035841] 3 | 9 0 4 11 1 7 _ 3 10 2 8 5 
[00035842] 4 | 9 0 _ 11 1 7 5 3 10 2 8 _ 
[00035843] 4 | 9 0 _ 11 1 7 _ 3 10 2 8 4 
[00035844] 6 | 9 0 _ 11 1 _ 7 3 10 2 _ _ 
[00035845] 5 | 9 0 5 11 1 _ 7 3 10 2 _ _ 
[00035846] 4 | 9 0 5 11 1 _ 7 3 10 2 4 8 
[00035847] 4 | 9 0 5 11 1 _ 7 3 10 2 8 4 
[00035848] 5 | 9 0 _ 11 1 6 7 3 10 2 _ _ 
[00035849] 4 | 9 0 4 11 1 6 7 3 10 2 _ _ 
[00035850] 3 | 9 0 4 11 1 6 7 3 10 2 5 8 
[00035851] 3 | 9 0 4 11 1 6 7 3 10 2 8 5 
[00035852] 4 | 9 0 _ 11 1 6 7 3 10 2 4 8 
[00035853] 4 | 9 0 _ 11 1 6 7 3 10 2 8 4 
[00035854] 5 | 9 0 _ 11 1 _ 7 3 10 2 8 _ 
[00035855] 4 | 9 0 4 11 1 _ 7 3 10 2 8 _ 
[00035856] 3 | 9 0 4 11 1 _ 7 3 10 2 8 5 
[00035857] 4 | 9 0 _ 11 1 5 7 3 10 2 8 _ 
[00035858] 4 | 9 0 _ 11 1 _ 7 3 10 2 8 4 
[00035859] 8 | 9 0 _ 11 1 _ _ 2 _ _ 10 _ 
[00035860] 7 | 9 0 7 11 1 _ _ 2 _ _ 10 _ 
[00035861] 6 | 9 0 7 11 1 _ _ 2 8 _ 10 _ 
[00035862] 5 | 9 0 7 11 1 6 _ 2 8 _ 10 _ 
[00035863] 4 | 9 0 7 11 1 6 5 2 8 _ 10 _ 
[00035864] 4 | 9 0 7 11 1 6 _ 2 8 4 10 _ 
[00035865] 5 | 9 0 7 11 1 _ 6 2 8 _ 10 _ 
[00035866] 4 | 9 0 7 11 1 5 6 2 8 _ 10 _ 
[00035867] 4 | 9 0 7 11 1 _ 6 2 8 4 10 _ 
[00035868] 5 | 9 0 7 11 1 _ _ 2 8 3 10 _ 
[00035869] 4 | 9 0 7 11 1 5 _ 2 8 3 10 _ 
[00035870] 3 | 9 0 7 11 1 5 4 2 8 3 10 _ 
[00035871] 4 | 9 0 7 11 1 _ 5 2 8 3 10 _ 
[00035872] 3 | 9 0 7 11 1 4 5 2 8 3 10 _ 
[00035873] 4 | 9 0 7 11 1 _ _ 2 8 3 10 6 
[00035874] 3 | 9 0 7 11 1 4 _ 2 8 3 10 6 
[00035875] 3 | 9 0 7 11 1 _ 4 2 8 3 10 6 
[00035876] 5 | 9 0 7 11 1 _ _ 2 8 _ 10 5 
[00035877] 4 | 9 0 7 11 1 _ _ 2 8 4 10 5 
[00035878] 6 | 9 0 7 11 1 _ _ 2 _ _ 10 4 
[00035879] 5 | 9 0 7 11 1 6 _ 2 _ _ 10 4 
[00035880] 4 | 9 0 7 11 1 6 5 2 _ _ 10 4 
[00035881] 5 | 9 0 7 11 1 _ 6 2 _ _ 10 4 
[00035882] 4 | 9 0 7 11 1 5 6 2 _ _ 10 4 
[00035883] 5 | 9 0 7 11 1 _ _ 2 3 8 10 4 
[00035884] 4 | 9 0 7 11 1 5 _ 2 3 8 10 4 
[00035885] 4 | 9 0 7 11 1 _ 5 2 3 8 10 4 
[00035886] 5 | 9 0 7 11 1 _ _ 2 8 3 10 4 
[00035887] 4 | 9 0 7 11 1 5 _ 2 8 3 10 4 
[00035888] 4 | 9 0 7 11 1 _ 5 2 8 3 10 4 
[00035889] 7 | 9 0 _ 11 1 8 _ 2 _ _ 10 _ 
[00035890] 6 | 9 0 6 11 1 8 _ 2 _ _ 10 _ 
[00035891] 5 | 9 0 6 11 1 8 _ 2 7 _ 10 _ 
[00035892] 4 | 9 0 6 11 1 8 5 2 7 _ 10 _ 
[00035893] 3 | 9 0 6 11 1 8 5 2 7 4 10 _ 
[00035894] 3 | 9 0 6 11 1 8 5 2 7 10 10 _ 
[00035895] 3 | 9 0 6 11 1 8 5 2 7 _ 10 7 
[00035896] 4 | 9 0 6 11 1 8 _ 2 7 3 10 _ 
[00035897] 3 | 9 0 6 11 1 8 4 2 7 3 10 _ 
[00035898] 5 | 9 0 6 11 1 8 _ 2 _ _ 10 5 
[00035899] 4 | 9 0 6 11 1 8 _ 2 3 7 10 5 
[00035900] 3 | 9 0 6 11 1 8 4 2 3 7 10 5 
[00035901] 4 | 9 0 6 11 1 8 _ 2 7 3 10 5 
[00035902] 3 | 9 0 6 11 1 8 4 2 7 3 10 5 
[00035903] 6 | 9 0 _ 11 1 8 7 2 _ _ 10 _ 
[00035904] 5 | 9 0 5 11 1 8 7 2 _ _ 10 _ 
[00035905] 4 | 9 0 5 11 1 8 7 2 6 _ 10 _ 
[00035906] 3 | 9 0 5 11 1 8 7 2 6 3 10 _ 
[00035907] 4 | 9 0 5 11 1 8 7 2 _ _ 10 6 
[00035908] 5 | 9 0 _ 11 1 8 7 2 _ _ 10 5 
[00035909] 4 | 9 0 4 11 1 8 7 2 _ _ 10 5 
[00035910] 3 | 9 0 4 11 1 8 7 2 3 6 10 5 
[00035911] 3 | 9 0 4 11 1 8 7 2 6 3 10 5 
[00035912] 4 | 9 0 _ 11 1 8 7 2 6 _ 10 5 
[00035913] 3 | 9 0 3 11 1 8 7 2 6 _ 10 5 
[00035914] 2 | 9 0 3 11 1 8 7 2 6 4 10 5 
[00035915] 3 | 9 0 _ 11 1 8 7 2 6 3 10 5 
[00035916] 6 | 9 0 _ 11 1 8 _ 2 _ _ 10 4 
[00035917] 5 | 9 0 5 11 1 8 _ 2 _ _ 10 4 
[00035918] 4 | 9 0 5 11 1 8 _ 2 6 _ 10 4 
[00035919] 3 | 9 0 5 11 1 8 _ 2 6 3 10 4 
[00035920] 4 | 9 0 5 11 1 8 _ 2 3 7 10 4 
[00035921] 4 | 9 0 5 11 1 8 _ 2 7 3 10 4 
[00035922] 5 | 9 0 _ 11 1 8 6 2 _ _ 10 4 
[00035923] 4 | 9 0 _ 11 1 8 6 2 3 7 10 4 
[00035924] 4 | 9 0 _ 11 1 8 6 2 7 3 10 4 
[00035925] 5 | 9 0 _ 11 1 8 _ 2 7 _ 10 4 
[00035926] 4 | 9 0 _ 11 1 8 5 2 7 _ 10 4 
[00035927] 3 | 9 0 3 11 1 8 5 2 7 _ 10 4 
[00035928] 4 | 9 0 _ 11 1 8 _ 2 7 3 10 4 
[00035929] 7 | 9 0 _ 11 1 _ 8 2 _ _ 10 _ 
[00035930] 6 | 9 0 6 11 1 _ 8 2 _ _ 10 _ 
[00035931] 5 | 9 0 6 11 1 _ 8 2 7 _ 10 _ 
[00035932] 4 | 9 0 6 11 1 5 8 2 7 _ 10 _ 
[00035933] 3 | 9 0 6 11 1 5 8 2 7 4 10 _ 
[00035934] 3 | 9 0 6 11 1 5 8 2 7 10 10 _ 
[00035935] 3 | 9 0 6 11 1 5 8 2 7 _ 10 7 
[00035936] 4 | 9 0 6 11 1 _ 8 2 7 3 10 _ 
[00035937] 3 | 9 0 6 11 1 4 8 2 7 3 10 _ 
[00035938] 5 | 9 0 6 11 1 _ 8 2 _ _ 10 5 
[00035939] 4 | 9 0 6 11 1 _ 8 2 3 7 10 5 
[00035940] 3 | 9 0 6 11 1 4 8 2 3 7 10 5 
[00035941] 4 | 9 0 6 11 1 _ 8 2 7 3 10 5 
[00035942] 3 | 9 0 6 11 1 4 8 2 7 3 10 5 
[00035943] 6 | 9 0 _ 11 1 7 8 2 _ _ 10 _ 
[00035944] 5 | 9 0 5 11 1 7 8 2 _ _ 10 _ 
[00035945] 4 | 9 0 5 11 1 7 8 2 6 _ 10 _ 
[00035946] 3 | 9 0 5 11 1 7 8 2 6 3 10 _ 
[00035947] 4 | 9 0 5 11 1 7 8 2 _ _ 10 6 
[00035948] 5 | 9 0 _ 11 1 7 8 2 _ _ 10 5 
[00035949] 4 | 9 0 4 11 1 7 8 2 _ _ 10 5 
[00035950] 3 | 9 0 4 11 1 7 8 2 3 6 10 5 
[00035951] 3 | 9 0 4 11 1 7 8 2 6 3 10 5 
[00035952] 4 | 9 0 _ 11 1 7 8 2 6 _ 10 5 
[00035953] 3 | 9 0 3 11 1 7 8 2 6 _ 10 5 
[00035954] 2 | 9 0 3 11 1 7 8 2 6 4 10 5 
[00035955] 3 | 9 0 _ 11 1 7 8 2 6 3 10 5 
[00035956] 6 | 9 0 _ 11 1 _ 8 2 _ _ 10 4 
[00035957] 5 | 9 0 5 11 1 _ 8 2 _ _ 10 4 
[00035958] 4 | 9 0 5 11 1 _ 8 2 6 _ 10 4 
[00035959] 3 | 9 0 5 11 1 _ 8 2 6 3 10 4 
[00035960] 4 | 9 0 5 11 1 _ 8 2 3 7 10 4 
[00035961] 4 | 9 0 5 11 1 _ 8 2 7 3 10 4 
[00035962] 5 | 9 0 _ 11 1 6 8 2 _ _ 10 4 
[00035963] 4 | 9 0 _ 11 1 6 8 2 3 7 10 4 
[00035964] 4 | 9 0 _ 11 1 6 8 2 7 3 10 4 
[00035965] 5 | 9 0 _ 11 1 _ 8 2 7 _ 10 4 
[00035966] 4 | 9 0 _ 11 1 5 8 2 7 _ 10 4 
[00035967] 3 | 9 0 3 11 1 5 8 2 7 _ 10 4 
[00035968] 4 | 9 0 _ 11 1 _ 8 2 7 3 10 4 
[00035969] 7 | 9 0 _ 11 1 _ _ 2 _ _ 10 3 
[00035970] 6 | 9 0 6 11 1 _ _ 2 _ _ 10 3 
[00035971] 5 | 9 0 6 11 1 _ _ 2 7 _ 10 3 
[00035972] 4 | 9 0 6 11 1 5 _ 2 7 _ 10 3 
[00035973] 3 | 9 0 6 11 1 5 4 2 7 _ 10 3 
[00035974] 3 | 9 0 6 11 1 5 _ 2 7 4 10 3 
[00035975] 4 | 9 0 6 11 1 _ 5 2 7 _ 10 3 
[00035976] 3 | 9 0 6 11 1 4 5 2 7 _ 10 3 
[00035977] 3 | 9 0 6 11 1 _ 5 2 7 4 10 3 
[00035978] 6 | 9 0 _ 11 1 7 _ 2 _ _ 10 3 
[00035979] 5 | 9 0 5 11 1 7 _ 2 _ _ 10 3 
[00035980] 4 | 9 0 5 11 1 7 _ 2 6 _ 10 3 
[00035981] 3 | 9 0 5 11 1 7 4 2 6 _ 10 3 
[00035982] 2 | 9 0 5 11 1 7 4 2 6 8 10 3 
[00035983] 4 | 9 0 5 11 1 7 _ 2 4 8 10 3 
[00035984] 4 | 9 0 5 11 1 7 _ 2 8 4 10 3 
[00035985] 5 | 9 0 _ 11 1 7 6 2 _ _ 10 3 
[00035986] 4 | 9 0 4 11 1 7 6 2 _ _ 10 3 
[00035987] 3 | 9 0 4 11 1 7 6 2 5 _ 10 3 
[00035988] 3 | 9 0 4 11 1 7 6 2 5 8 10 3 
[00035989] 3 | 9 0 4 11 1 7 6 2 8 5 10 3 
[00035990] 4 | 9 0 _ 11 1 7 6 2 4 8 10 3 
[00035991] 4 | 9 0 _ 11 1 7 6 2 8 4 10 3 
[00035992] 6 | 9 0 _ 11 1 _ 7 2 _ _ 10 3 
[00035993] 5 | 9 0 5 11 1 _ 7 2 _ _ 10 3 
[00035994] 4 | 9 0 5 11 1 _ 7 2 6 _ 10 3 
[00035995] 3 | 9 0 5 11 1 4 7 2 6 _ 10 3 
[00035996] 2 | 9 0 5 11 1 4 7 2 6 8 10 3 
[00035997] 4 | 9 0 5 11 1 _ 7 2 4 8 10 3 
[00035998] 4 | 9 0 5 11 1 _ 7 2 8 4 10 3 
[00035999] 5 | 9 0 _ 11 1 6 7 2 _ _ 10 3 
[00036000] 4 | 9 0 4 11 1 6 7 2 _ _ 10 3 
[00036001] 3 | 9 0 4 11 1 6 7 2 5 _ 10 3 
[00036002] 3 | 9 0 4 11 1 6 7 2 5 8 10 3 
[00036003] 3 | 9 0 4 11 1 6 7 2 8 5 10 3 
[00036004] 4 | 9 0 _ 11 1 6 7 2 4 8 10 3 
[00036005] 4 | 9 0 _ 11 1 6 7 2 8 4 10 3 
[00036006] 6 | 9 0 _ 11 1 _ _ 2 8 _ 10 3 
[00036007] 5 | 9 0 5 11 1 _ _ 2 8 _ 10 3 
[00036008] 4 | 9 0 5 11 1 _ _ 2 8 4 10 3 
[00036009] 5 | 9 0 _ 11 1 6 _ 2 8 _ 10 3 
[00036010] 4 | 9 0 4 11 1 6 _ 2 8 _ 10 3 
[00036011] 3 | 9 0 4 11 1 6 _ 2 8 5 10 3 
[00036012] 4 | 9 0 _ 11 1 6 5 2 8 _ 10 3 
[00036013] 4 | 9 0 _ 11 1 6 _ 2 8 4 10 3 
[00036014] 5 | 9 0 _ 11 1 _ 6 2 8 _ 10 3 
[00036015] 4 | 9 0 4 11 1 _ 6 2 8 _ 10 3 
[00036016] 3 | 9 0 4 11 1 _ 6 2 8 5 10 3 
[00036017] 4 | 9 0 _ 11 1 5 6 2 8 _ 10 3 
[00036018] 4 | 9 0 _ 11 1 _ 6 2 8 4 10 3 
[00036019] 8 | 9 0 _ 11 1 _ _ 10 _ _ 2 _ 
[00036020] 7 | 9 0 7 11 1 _ _ 10 _ _ 2 _ 
[00036021] 6 | 9 0 7 11 1 _ _ 10 4 _ 2 _ 
[00036022] 5 | 9 0 7 11 1 6 _ 10 4 _ 2 _ 
[00036023] 4 | 9 0 7 11 1 6 5 10 4 _ 2 _ 
[00036024] 4 | 9 0 7 11 1 6 _ 10 4 8 2 _ 
[00036025] 3 | 9 0 7 11 1 6 _ 10 4 8 2 5 
[00036026] 2 | 9 0 7 11 1 6 3 10 4 8 2 5 
[00036027] 1 | 9 0 7 11 1 6 3 10 4 8 2 5  *Graceful*
[00036027] 5 | 9 0 7 11 1 _ 6 10 4 _ 2 _ 
[00036028] 4 | 9 0 7 11 1 5 6 10 4 _ 2 _ 
[00036029] 4 | 9 0 7 11 1 _ 6 10 4 8 2 _ 
[00036030] 3 | 9 0 7 11 1 _ 6 10 4 8 2 5 
[00036031] 2 | 9 0 7 11 1 3 6 10 4 8 2 5 
[00036032] 1 | 9 0 7 11 1 3 6 10 4 8 2 5  *Graceful*
[00036032] 6 | 9 0 7 11 1 _ _ 10 _ _ 2 8 
[00036033] 5 | 9 0 7 11 1 6 _ 10 _ _ 2 8 
[00036034] 4 | 9 0 7 11 1 6 5 10 _ _ 2 8 
[00036035] 5 | 9 0 7 11 1 _ 6 10 _ _ 2 8 
[00036036] 4 | 9 0 7 11 1 5 6 10 _ _ 2 8 
[00036037] 5 | 9 0 7 11 1 _ _ 10 5 _ 2 8 
[00036038] 4 | 9 0 7 11 1 5 _ 10 5 _ 2 8 
[00036039] 3 | 9 0 7 11 1 5 4 10 5 _ 2 8 
[00036040] 4 | 9 0 7 11 1 _ 5 10 5 _ 2 8 
[00036041] 3 | 9 0 7 11 1 4 5 10 5 _ 2 8 
[00036042] 4 | 9 0 7 11 1 _ _ 10 5 1 2 8 
[00036043] 7 | 9 0 _ 11 1 8 _ 10 _ _ 2 _ 
[00036044] 6 | 9 0 6 11 1 8 _ 10 _ _ 2 _ 
[00036045] 5 | 9 0 6 11 1 8 _ 10 5 _ 2 _ 
[00036046] 4 | 9 0 6 11 1 8 5 10 5 _ 2 _ 
[00036047] 4 | 9 0 6 11 1 8 _ 10 5 1 2 _ 
[00036048] 5 | 9 0 6 11 1 8 _ 10 _ _ 2 7 
[00036049] 4 | 9 0 6 11 1 8 5 10 _ _ 2 7 
[00036050] 6 | 9 0 _ 11 1 8 7 10 _ _ 2 _ 
[00036051] 5 | 9 0 5 11 1 8 7 10 _ _ 2 _ 
[00036052] 4 | 9 0 5 11 1 8 7 10 6 _ 2 _ 
[00036053] 3 | 9 0 5 11 1 8 7 10 6 3 2 _ 
[00036054] 2 | 9 0 5 11 1 8 7 10 6 3 2 4 
[00036055] 1 | 9 0 5 11 1 8 7 10 6 3 2 4  *Graceful*
[00036055] 4 | 9 0 5 11 1 8 7 10 _ _ 2 6 
[00036056] 5 | 9 0 _ 11 1 8 7 10 5 _ 2 _ 
[00036057] 4 | 9 0 4 11 1 8 7 10 5 _ 2 _ 
[00036058] 3 | 9 0 4 11 1 8 7 10 5 2 2 _ 
[00036059] 3 | 9 0 4 11 1 8 7 10 5 _ 2 5 
[00036060] 4 | 9 0 _ 11 1 8 7 10 5 _ 2 6 
[00036061] 3 | 9 0 3 11 1 8 7 10 5 _ 2 6 
[00036062] 6 | 9 0 _ 11 1 8 _ 10 4 _ 2 _ 
[00036063] 5 | 9 0 5 11 1 8 _ 10 4 _ 2 _ 
[00036064] 4 | 9 0 5 11 1 8 _ 10 4 _ 2 6 
[00036065] 3 | 9 0 5 11 1 8 4 10 4 _ 2 6 
[00036066] 3 | 9 0 5 11 1 8 _ 10 4 1 2 6 
[00036067] 3 | 9 0 5 11 1 8 _ 10 4 7 2 6 
[00036068] 2 | 9 0 5 11 1 8 3 10 4 7 2 6 
[00036069] 1 | 9 0 5 11 1 8 3 10 4 7 2 6  *Graceful*
[00036069] 5 | 9 0 _ 11 1 8 6 10 4 _ 2 _ 
[00036070] 4 | 9 0 4 11 1 8 6 10 4 _ 2 _ 
[00036071] 3 | 9 0 4 11 1 8 6 10 4 _ 2 5 
[00036072] 4 | 9 0 _ 11 1 8 6 10 4 0 2 _ 
[00036073] 3 | 9 0 _ 11 1 8 6 10 4 0 2 5 
[00036074] 5 | 9 0 _ 11 1 8 _ 10 4 _ 2 7 
[00036075] 4 | 9 0 4 11 1 8 _ 10 4 _ 2 7 
[00036076] 4 | 9 0 _ 11 1 8 5 10 4 _ 2 7 
