[00220569] 4 | 2 10 _ 0 5 _ 1 11 2 _ 4 10 
[00220570] 3 | 2 10 _ 0 5 8 1 11 2 _ 4 10 
[00220571] 4 | 2 10 _ 0 5 _ 9 11 2 _ 4 10 
[00220572] 3 | 2 10 _ 0 5 8 9 11 2 _ 4 10 
[00220573] 5 | 2 10 _ 0 1 6 _ 11 2 _ 4 10 
[00220574] 4 | 2 10 _ 0 1 6 5 11 2 _ 4 10 
[00220575] 5 | 2 10 _ 0 3 8 _ 11 2 _ 4 10 
[00220576] 4 | 2 10 _ 0 3 8 7 11 2 _ 4 10 
[00220577] 5 | 2 10 _ 0 6 1 _ 11 2 _ 4 10 
[00220578] 5 | 2 10 _ 0 8 3 _ 11 2 _ 4 10 
[00220579] 5 | 2 10 _ 0 1 _ 6 11 2 _ 4 10 
[00220580] 4 | 2 10 _ 0 1 5 6 11 2 _ 4 10 
[00220581] 5 | 2 10 _ 0 3 _ 8 11 2 _ 4 10 
[00220582] 4 | 2 10 _ 0 3 7 8 11 2 _ 4 10 
[00220583] 5 | 2 10 _ 0 6 _ 1 11 2 _ 4 10 
[00220584] 5 | 2 10 _ 0 8 _ 3 11 2 _ 4 10 
[00220585] 7 | 2 10 _ 0 _ _ _ 11 2 _ 1 8 
[00220586] 6 | 2 10 4 0 _ _ _ 11 2 _ 1 8 
[00220587] 5 | 2 10 4 0 5 _ _ 11 2 _ 1 8 
[00220588] 4 | 2 10 4 0 5 9 _ 11 2 _ 1 8 
[00220589] 4 | 2 10 4 0 5 _ 9 11 2 _ 1 8 
[00220590] 6 | 2 10 _ 0 6 _ _ 11 2 _ 1 8 
[00220591] 5 | 2 10 5 0 6 _ _ 11 2 _ 1 8 
[00220592] 6 | 2 10 _ 0 3 9 _ 11 2 _ 1 8 
[00220593] 5 | 2 10 5 0 3 9 _ 11 2 _ 1 8 
[00220594] 4 | 2 10 5 0 3 9 7 11 2 _ 1 8 
[00220595] 6 | 2 10 _ 0 9 3 _ 11 2 _ 1 8 
[00220596] 5 | 2 10 5 0 9 3 _ 11 2 _ 1 8 
[00220597] 5 | 2 10 _ 0 9 3 4 11 2 _ 1 8 
[00220598] 4 | 2 10 6 0 9 3 4 11 2 _ 1 8 
[00220599] 6 | 2 10 _ 0 3 _ 9 11 2 _ 1 8 
[00220600] 5 | 2 10 5 0 3 _ 9 11 2 _ 1 8 
[00220601] 4 | 2 10 5 0 3 7 9 11 2 _ 1 8 
[00220602] 6 | 2 10 _ 0 9 _ 3 11 2 _ 1 8 
[00220603] 5 | 2 10 5 0 9 _ 3 11 2 _ 1 8 
[00220604] 5 | 2 10 _ 0 9 4 3 11 2 _ 1 8 
[00220605] 4 | 2 10 6 0 9 4 3 11 2 _ 1 8 
[00220606] 7 | 2 10 _ 0 _ _ _ 11 2 _ 8 1 
[00220607] 6 | 2 10 4 0 _ _ _ 11 2 _ 8 1 
[00220608] 5 | 2 10 4 0 5 _ _ 11 2 _ 8 1 
[00220609] 4 | 2 10 4 0 5 9 _ 11 2 _ 8 1 
[00220610] 4 | 2 10 4 0 5 _ 9 11 2 _ 8 1 
[00220611] 6 | 2 10 _ 0 6 _ _ 11 2 _ 8 1 
[00220612] 5 | 2 10 5 0 6 _ _ 11 2 _ 8 1 
[00220613] 6 | 2 10 _ 0 3 9 _ 11 2 _ 8 1 
[00220614] 5 | 2 10 5 0 3 9 _ 11 2 _ 8 1 
[00220615] 4 | 2 10 5 0 3 9 7 11 2 _ 8 1 
[00220616] 6 | 2 10 _ 0 9 3 _ 11 2 _ 8 1 
[00220617] 5 | 2 10 5 0 9 3 _ 11 2 _ 8 1 
[00220618] 5 | 2 10 _ 0 9 3 4 11 2 _ 8 1 
[00220619] 4 | 2 10 6 0 9 3 4 11 2 _ 8 1 
[00220620] 6 | 2 10 _ 0 3 _ 9 11 2 _ 8 1 
[00220621] 5 | 2 10 5 0 3 _ 9 11 2 _ 8 1 
[00220622] 4 | 2 10 5 0 3 7 9 11 2 _ 8 1 
[00220623] 6 | 2 10 _ 0 9 _ 3 11 2 _ 8 1 
[00220624] 5 | 2 10 5 0 9 _ 3 11 2 _ 8 1 
[00220625] 5 | 2 10 _ 0 9 4 3 11 2 _ 8 1 
[00220626] 4 | 2 10 6 0 9 4 3 11 2 _ 8 1 
[00220627] 8 | _ 10 2 0 _ _ _ 11 2 _ _ _ 
[00220628] 7 | 3 10 2 0 _ _ _ 11 2 _ _ _ 
[00220629] 6 | 3 10 2 0 6 _ _ 11 2 _ _ _ 
[00220630] 5 | 3 10 2 0 6 1 _ 11 2 _ _ _ 
[00220631] 4 | 3 10 2 0 6 1 _ 11 2 _ 7 _ 
[00220632] 3 | 3 10 2 0 6 1 9 11 2 _ 7 _ 
[00220633] 2 | 3 10 2 0 6 1 9 11 2 _ 7 5 
[00220634] 3 | 3 10 2 0 6 1 _ 11 2 _ 7 4 
[00220635] 2 | 3 10 2 0 6 1 8 11 2 _ 7 4 
[00220636] 4 | 3 10 2 0 6 1 _ 11 2 _ 4 8 
[00220637] 3 | 3 10 2 0 6 1 9 11 2 _ 4 8 
[00220638] 4 | 3 10 2 0 6 1 _ 11 2 _ 5 9 
[00220639] 4 | 3 10 2 0 6 1 _ 11 2 _ 8 4 
[00220640] 3 | 3 10 2 0 6 1 9 11 2 _ 8 4 
[00220641] 4 | 3 10 2 0 6 1 _ 11 2 _ 9 5 
[00220642] 5 | 3 10 2 0 6 11 _ 11 2 _ _ _ 
[00220643] 4 | 3 10 2 0 6 11 _ 11 2 _ 1 5 
[00220644] 3 | 3 10 2 0 6 11 9 11 2 _ 1 5 
[00220645] 4 | 3 10 2 0 6 11 _ 11 2 _ 4 8 
[00220646] 3 | 3 10 2 0 6 11 9 11 2 _ 4 8 
[00220647] 4 | 3 10 2 0 6 11 _ 11 2 _ 5 9 
[00220648] 4 | 3 10 2 0 6 11 _ 11 2 _ 5 1 
[00220649] 3 | 3 10 2 0 6 11 9 11 2 _ 5 1 
[00220650] 4 | 3 10 2 0 6 11 _ 11 2 _ 8 4 
[00220651] 3 | 3 10 2 0 6 11 9 11 2 _ 8 4 
[00220652] 4 | 3 10 2 0 6 11 _ 11 2 _ 9 5 
[00220653] 5 | 3 10 2 0 6 _ 1 11 2 _ _ _ 
[00220654] 4 | 3 10 2 0 6 _ 1 11 2 _ 7 _ 
[00220655] 3 | 3 10 2 0 6 9 1 11 2 _ 7 _ 
[00220656] 2 | 3 10 2 0 6 9 1 11 2 _ 7 5 
[00220657] 3 | 3 10 2 0 6 _ 1 11 2 _ 7 4 
[00220658] 2 | 3 10 2 0 6 8 1 11 2 _ 7 4 
[00220659] 4 | 3 10 2 0 6 _ 1 11 2 _ 4 8 
[00220660] 3 | 3 10 2 0 6 9 1 11 2 _ 4 8 
[00220661] 4 | 3 10 2 0 6 _ 1 11 2 _ 5 9 
[00220662] 4 | 3 10 2 0 6 _ 1 11 2 _ 8 4 
[00220663] 3 | 3 10 2 0 6 9 1 11 2 _ 8 4 
[00220664] 4 | 3 10 2 0 6 _ 1 11 2 _ 9 5 
[00220665] 5 | 3 10 2 0 6 _ 11 11 2 _ _ _ 
[00220666] 4 | 3 10 2 0 6 _ 11 11 2 _ 1 5 
[00220667] 3 | 3 10 2 0 6 9 11 11 2 _ 1 5 
[00220668] 4 | 3 10 2 0 6 _ 11 11 2 _ 4 8 
[00220669] 3 | 3 10 2 0 6 9 11 11 2 _ 4 8 
[00220670] 4 | 3 10 2 0 6 _ 11 11 2 _ 5 9 
[00220671] 4 | 3 10 2 0 6 _ 11 11 2 _ 5 1 
[00220672] 3 | 3 10 2 0 6 9 11 11 2 _ 5 1 
[00220673] 4 | 3 10 2 0 6 _ 11 11 2 _ 8 4 
[00220674] 3 | 3 10 2 0 6 9 11 11 2 _ 8 4 
[00220675] 4 | 3 10 2 0 6 _ 11 11 2 _ 9 5 
[00220676] 5 | 3 10 2 0 6 _ _ 11 2 _ 6 _ 
[00220677] 5 | 3 10 2 0 6 _ _ 11 2 _ 4 9 
[00220678] 5 | 3 10 2 0 6 _ _ 11 2 _ 9 4 
[00220679] 6 | 3 10 2 0 1 7 _ 11 2 _ _ _ 
[00220680] 5 | 3 10 2 0 1 7 6 11 2 _ _ _ 
[00220681] 4 | 3 10 2 0 1 7 6 11 2 _ 4 8 
[00220682] 4 | 3 10 2 0 1 7 6 11 2 _ 5 9 
[00220683] 4 | 3 10 2 0 1 7 6 11 2 _ 8 4 
[00220684] 4 | 3 10 2 0 1 7 6 11 2 _ 9 5 
[00220685] 5 | 3 10 2 0 1 7 _ 11 2 _ 6 _ 
[00220686] 4 | 3 10 2 0 1 7 5 11 2 _ 6 _ 
[00220687] 3 | 3 10 2 0 1 7 5 11 2 _ 6 9 
[00220688] 5 | 3 10 2 0 1 7 _ 11 2 _ 4 9 
[00220689] 4 | 3 10 2 0 1 7 5 11 2 _ 4 9 
[00220690] 5 | 3 10 2 0 1 7 _ 11 2 _ 9 4 
[00220691] 4 | 3 10 2 0 1 7 5 11 2 _ 9 4 
[00220692] 6 | 3 10 2 0 7 1 _ 11 2 _ _ _ 
[00220693] 5 | 3 10 2 0 7 1 _ 11 2 _ 6 _ 
[00220694] 5 | 3 10 2 0 7 1 _ 11 2 _ 4 9 
[00220695] 5 | 3 10 2 0 7 1 _ 11 2 _ 9 4 
[00220696] 6 | 3 10 2 0 1 _ 7 11 2 _ _ _ 
[00220697] 5 | 3 10 2 0 1 6 7 11 2 _ _ _ 
[00220698] 4 | 3 10 2 0 1 6 7 11 2 _ 4 8 
[00220699] 4 | 3 10 2 0 1 6 7 11 2 _ 5 9 
[00220700] 4 | 3 10 2 0 1 6 7 11 2 _ 8 4 
[00220701] 4 | 3 10 2 0 1 6 7 11 2 _ 9 5 
[00220702] 5 | 3 10 2 0 1 _ 7 11 2 _ 6 _ 
[00220703] 4 | 3 10 2 0 1 5 7 11 2 _ 6 _ 
[00220704] 3 | 3 10 2 0 1 5 7 11 2 _ 6 9 
[00220705] 5 | 3 10 2 0 1 _ 7 11 2 _ 4 9 
[00220706] 4 | 3 10 2 0 1 5 7 11 2 _ 4 9 
[00220707] 5 | 3 10 2 0 1 _ 7 11 2 _ 9 4 
[00220708] 4 | 3 10 2 0 1 5 7 11 2 _ 9 4 
[00220709] 6 | 3 10 2 0 7 _ 1 11 2 _ _ _ 
[00220710] 5 | 3 10 2 0 7 _ 1 11 2 _ 6 _ 
[00220711] 5 | 3 10 2 0 7 _ 1 11 2 _ 4 9 
[00220712] 5 | 3 10 2 0 7 _ 1 11 2 _ 9 4 
[00220713] 6 | 3 10 2 0 _ _ _ 11 2 _ 5 _ 
[00220714] 5 | 3 10 2 0 5 _ _ 11 2 _ 5 _ 
[00220715] 4 | 3 10 2 0 5 1 _ 11 2 _ 5 _ 
[00220716] 3 | 3 10 2 0 5 1 8 11 2 _ 5 _ 
[00220717] 3 | 3 10 2 0 5 1 _ 11 2 _ 5 8 
[00220718] 4 | 3 10 2 0 5 9 _ 11 2 _ 5 _ 
[00220719] 3 | 3 10 2 0 5 9 8 11 2 _ 5 _ 
[00220720] 3 | 3 10 2 0 5 9 _ 11 2 _ 5 8 
[00220721] 4 | 3 10 2 0 5 _ 1 11 2 _ 5 _ 
[00220722] 3 | 3 10 2 0 5 8 1 11 2 _ 5 _ 
[00220723] 3 | 3 10 2 0 5 _ 1 11 2 _ 5 8 
[00220724] 4 | 3 10 2 0 5 _ 9 11 2 _ 5 _ 
[00220725] 3 | 3 10 2 0 5 8 9 11 2 _ 5 _ 
[00220726] 3 | 3 10 2 0 5 _ 9 11 2 _ 5 8 
[00220727] 4 | 3 10 2 0 5 _ _ 11 2 _ 5 1 
[00220728] 4 | 3 10 2 0 5 _ _ 11 2 _ 5 9 
[00220729] 5 | 3 10 2 0 1 6 _ 11 2 _ 5 _ 
[00220730] 4 | 3 10 2 0 1 6 5 11 2 _ 5 _ 
[00220731] 4 | 3 10 2 0 1 6 _ 11 2 _ 5 1 
[00220732] 4 | 3 10 2 0 1 6 _ 11 2 _ 5 9 
[00220733] 3 | 3 10 2 0 1 6 4 11 2 _ 5 9 
[00220734] 5 | 3 10 2 0 4 9 _ 11 2 _ 5 _ 
[00220735] 4 | 3 10 2 0 4 9 8 11 2 _ 5 _ 
[00220736] 4 | 3 10 2 0 4 9 _ 11 2 _ 5 1 
[00220737] 3 | 3 10 2 0 4 9 7 11 2 _ 5 1 
[00220738] 5 | 3 10 2 0 6 1 _ 11 2 _ 5 _ 
[00220739] 4 | 3 10 2 0 6 1 _ 11 2 _ 5 9 
[00220740] 5 | 3 10 2 0 9 4 _ 11 2 _ 5 _ 
[00220741] 4 | 3 10 2 0 9 4 5 11 2 _ 5 _ 
[00220742] 4 | 3 10 2 0 9 4 _ 11 2 _ 5 1 
[00220743] 3 | 3 10 2 0 9 4 6 11 2 _ 5 1 
[00220744] 4 | 3 10 2 0 9 4 _ 11 2 _ 5 9 
[00220745] 5 | 3 10 2 0 1 _ 6 11 2 _ 5 _ 
[00220746] 4 | 3 10 2 0 1 5 6 11 2 _ 5 _ 
[00220747] 4 | 3 10 2 0 1 _ 6 11 2 _ 5 1 
[00220748] 4 | 3 10 2 0 1 _ 6 11 2 _ 5 9 
[00220749] 3 | 3 10 2 0 1 4 6 11 2 _ 5 9 
[00220750] 5 | 3 10 2 0 4 _ 9 11 2 _ 5 _ 
[00220751] 4 | 3 10 2 0 4 8 9 11 2 _ 5 _ 
[00220752] 4 | 3 10 2 0 4 _ 9 11 2 _ 5 1 
[00220753] 3 | 3 10 2 0 4 7 9 11 2 _ 5 1 
[00220754] 5 | 3 10 2 0 6 _ 1 11 2 _ 5 _ 
[00220755] 4 | 3 10 2 0 6 _ 1 11 2 _ 5 9 
[00220756] 5 | 3 10 2 0 9 _ 4 11 2 _ 5 _ 
[00220757] 4 | 3 10 2 0 9 5 4 11 2 _ 5 _ 
[00220758] 4 | 3 10 2 0 9 _ 4 11 2 _ 5 1 
[00220759] 3 | 3 10 2 0 9 6 4 11 2 _ 5 1 
[00220760] 4 | 3 10 2 0 9 _ 4 11 2 _ 5 9 
[00220761] 5 | 3 10 2 0 _ _ _ 11 2 _ 5 0 
[00220762] 4 | 3 10 2 0 4 8 _ 11 2 _ 5 0 
[00220763] 3 | 3 10 2 0 4 8 1 11 2 _ 5 0 
[00220764] 3 | 3 10 2 0 4 8 7 11 2 _ 5 0 
[00220765] 4 | 3 10 2 0 8 4 _ 11 2 _ 5 0 
[00220766] 4 | 3 10 2 0 4 _ 8 11 2 _ 5 0 
[00220767] 3 | 3 10 2 0 4 1 8 11 2 _ 5 0 
[00220768] 3 | 3 10 2 0 4 7 8 11 2 _ 5 0 
[00220769] 4 | 3 10 2 0 8 _ 4 11 2 _ 5 0 
[00220770] 6 | 3 10 2 0 _ _ _ 11 2 _ 1 7 
[00220771] 5 | 3 10 2 0 5 _ _ 11 2 _ 1 7 
[00220772] 4 | 3 10 2 0 5 9 _ 11 2 _ 1 7 
[00220773] 3 | 3 10 2 0 5 9 8 11 2 _ 1 7 
[00220774] 4 | 3 10 2 0 5 _ 9 11 2 _ 1 7 
[00220775] 3 | 3 10 2 0 5 8 9 11 2 _ 1 7 
[00220776] 5 | 3 10 2 0 4 9 _ 11 2 _ 1 7 
[00220777] 4 | 3 10 2 0 4 9 8 11 2 _ 1 7 
[00220778] 5 | 3 10 2 0 9 4 _ 11 2 _ 1 7 
[00220779] 4 | 3 10 2 0 9 4 5 11 2 _ 1 7 
[00220780] 5 | 3 10 2 0 4 _ 9 11 2 _ 1 7 
[00220781] 4 | 3 10 2 0 4 8 9 11 2 _ 1 7 
[00220782] 5 | 3 10 2 0 9 _ 4 11 2 _ 1 7 
[00220783] 4 | 3 10 2 0 9 5 4 11 2 _ 1 7 
[00220784] 6 | 3 10 2 0 _ _ _ 11 2 _ 7 1 
[00220785] 5 | 3 10 2 0 5 _ _ 11 2 _ 7 1 
[00220786] 4 | 3 10 2 0 5 9 _ 11 2 _ 7 1 
[00220787] 3 | 3 10 2 0 5 9 8 11 2 _ 7 1 
[00220788] 4 | 3 10 2 0 5 _ 9 11 2 _ 7 1 
[00220789] 3 | 3 10 2 0 5 8 9 11 2 _ 7 1 
[00220790] 5 | 3 10 2 0 4 9 _ 11 2 _ 7 1 
[00220791] 4 | 3 10 2 0 4 9 8 11 2 _ 7 1 
[00220792] 5 | 3 10 2 0 9 4 _ 11 2 _ 7 1 
[00220793] 4 | 3 10 2 0 9 4 5 11 2 _ 7 1 
[00220794] 5 | 3 10 2 0 4 _ 9 11 2 _ 7 1 
[00220795] 4 | 3 10 2 0 4 8 9 11 2 _ 7 1 
[00220796] 5 | 3 10 2 0 9 _ 4 11 2 _ 7 1 
[00220797] 4 | 3 10 2 0 9 5 4 11 2 _ 7 1 
[00220798] 7 | _ 10 2 0 7 _ _ 11 2 _ _ _ 
[00220799] 6 | 4 10 2 0 7 _ _ 11 2 _ _ _ 
[00220800] 5 | 4 10 2 0 7 _ _ 11 2 _ 6 _ 
[00220801] 4 | 4 10 2 0 7 3 _ 11 2 _ 6 _ 
[00220802] 3 | 4 10 2 0 7 3 _ 11 2 _ 6 9 
[00220803] 2 | 4 10 2 0 7 3 5 11 2 _ 6 9 
[00220804] 4 | 4 10 2 0 7 _ 3 11 2 _ 6 _ 
[00220805] 3 | 4 10 2 0 7 _ 3 11 2 _ 6 9 
[00220806] 2 | 4 10 2 0 7 5 3 11 2 _ 6 9 
[00220807] 5 | 4 10 2 0 7 _ _ 11 2 _ 1 6 
[00220808] 4 | 4 10 2 0 7 3 _ 11 2 _ 1 6 
[00220809] 4 | 4 10 2 0 7 _ 3 11 2 _ 1 6 
[00220810] 5 | 4 10 2 0 7 _ _ 11 2 _ 3 8 
[00220811] 5 | 4 10 2 0 7 _ _ 11 2 _ 6 1 
[00220812] 4 | 4 10 2 0 7 3 _ 11 2 _ 6 1 
[00220813] 4 | 4 10 2 0 7 _ 3 11 2 _ 6 1 
[00220814] 5 | 4 10 2 0 7 _ _ 11 2 _ 8 3 
[00220815] 6 | _ 10 2 0 7 1 _ 11 2 _ _ _ 
[00220816] 5 | 5 10 2 0 7 1 _ 11 2 _ _ _ 
[00220817] 4 | 5 10 2 0 7 1 3 11 2 _ _ _ 
[00220818] 3 | 5 10 2 0 7 1 3 11 2 _ 8 _ 
[00220819] 2 | 5 10 2 0 7 1 3 11 2 _ 8 6 
[00220820] 3 | 5 10 2 0 7 1 3 11 2 _ 6 9 
[00220821] 3 | 5 10 2 0 7 1 3 11 2 _ 9 6 
[00220822] 4 | 5 10 2 0 7 1 11 11 2 _ _ _ 
[00220823] 3 | 5 10 2 0 7 1 11 11 2 _ 3 6 
[00220824] 3 | 5 10 2 0 7 1 11 11 2 _ 6 9 
[00220825] 3 | 5 10 2 0 7 1 11 11 2 _ 6 3 
[00220826] 3 | 5 10 2 0 7 1 11 11 2 _ 9 6 
[00220827] 4 | 5 10 2 0 7 1 _ 11 2 _ 7 _ 
[00220828] 3 | 5 10 2 0 7 1 4 11 2 _ 7 _ 
[00220829] 3 | 5 10 2 0 7 1 _ 11 2 _ 7 4 
[00220830] 4 | 5 10 2 0 7 1 _ 11 2 _ 4 8 
[00220831] 4 | 5 10 2 0 7 1 _ 11 2 _ 8 4 
[00220832] 5 | _ 10 2 0 7 1 _ 11 2 _ 6 _ 
[00220833] 4 | 6 10 2 0 7 1 _ 11 2 _ 6 _ 
[00220834] 3 | 6 10 2 0 7 1 4 11 2 _ 6 _ 
[00220835] 4 | _ 10 2 0 7 1 3 11 2 _ 6 _ 
[00220836] 3 | _ 10 2 0 7 1 3 11 2 _ 6 9 
[00220837] 2 | 8 10 2 0 7 1 3 11 2 _ 6 9 
[00220838] 4 | _ 10 2 0 7 1 _ 11 2 _ 6 10 
[00220839] 3 | _ 10 2 0 7 1 4 11 2 _ 6 10 
[00220840] 5 | _ 10 2 0 7 1 _ 11 2 _ 3 8 
[00220841] 4 | 6 10 2 0 7 1 _ 11 2 _ 3 8 
[00220842] 3 | 6 10 2 0 7 1 4 11 2 _ 3 8 
[00220843] 5 | _ 10 2 0 7 1 _ 11 2 _ 4 9 
[00220844] 4 | 6 10 2 0 7 1 _ 11 2 _ 4 9 
[00220845] 4 | _ 10 2 0 7 1 3 11 2 _ 4 9 
[00220846] 5 | _ 10 2 0 7 1 _ 11 2 _ 8 3 
[00220847] 4 | 6 10 2 0 7 1 _ 11 2 _ 8 3 
[00220848] 3 | 6 10 2 0 7 1 4 11 2 _ 8 3 
[00220849] 5 | _ 10 2 0 7 1 _ 11 2 _ 9 4 
[00220850] 4 | 6 10 2 0 7 1 _ 11 2 _ 9 4 
[00220851] 4 | _ 10 2 0 7 1 3 11 2 _ 9 4 
[00220852] 6 | _ 10 2 0 7 _ 1 11 2 _ _ _ 
[00220853] 5 | 5 10 2 0 7 _ 1 11 2 _ _ _ 
[00220854] 4 | 5 10 2 0 7 3 1 11 2 _ _ _ 
[00220855] 3 | 5 10 2 0 7 3 1 11 2 _ 8 _ 
[00220856] 2 | 5 10 2 0 7 3 1 11 2 _ 8 6 
[00220857] 3 | 5 10 2 0 7 3 1 11 2 _ 6 9 
[00220858] 3 | 5 10 2 0 7 3 1 11 2 _ 9 6 
[00220859] 4 | 5 10 2 0 7 11 1 11 2 _ _ _ 
[00220860] 3 | 5 10 2 0 7 11 1 11 2 _ 3 6 
[00220861] 3 | 5 10 2 0 7 11 1 11 2 _ 6 9 
[00220862] 3 | 5 10 2 0 7 11 1 11 2 _ 6 3 
[00220863] 3 | 5 10 2 0 7 11 1 11 2 _ 9 6 
[00220864] 4 | 5 10 2 0 7 _ 1 11 2 _ 7 _ 
[00220865] 3 | 5 10 2 0 7 4 1 11 2 _ 7 _ 
[00220866] 3 | 5 10 2 0 7 _ 1 11 2 _ 7 4 
[00220867] 4 | 5 10 2 0 7 _ 1 11 2 _ 4 8 
[00220868] 4 | 5 10 2 0 7 _ 1 11 2 _ 8 4 
[00220869] 5 | _ 10 2 0 7 _ 1 11 2 _ 6 _ 
[00220870] 4 | 6 10 2 0 7 _ 1 11 2 _ 6 _ 
[00220871] 3 | 6 10 2 0 7 4 1 11 2 _ 6 _ 
[00220872] 4 | _ 10 2 0 7 3 1 11 2 _ 6 _ 
[00220873] 3 | _ 10 2 0 7 3 1 11 2 _ 6 9 
[00220874] 2 | 8 10 2 0 7 3 1 11 2 _ 6 9 
[00220875] 4 | _ 10 2 0 7 _ 1 11 2 _ 6 10 
[00220876] 3 | _ 10 2 0 7 4 1 11 2 _ 6 10 
[00220877] 5 | _ 10 2 0 7 _ 1 11 2 _ 3 8 
[00220878] 4 | 6 10 2 0 7 _ 1 11 2 _ 3 8 
[00220879] 3 | 6 10 2 0 7 4 1 11 2 _ 3 8 
[00220880] 5 | _ 10 2 0 7 _ 1 11 2 _ 4 9 
[00220881] 4 | 6 10 2 0 7 _ 1 11 2 _ 4 9 
[00220882] 4 | _ 10 2 0 7 3 1 11 2 _ 4 9 
[00220883] 5 | _ 10 2 0 7 _ 1 11 2 _ 8 3 
[00220884] 4 | 6 10 2 0 7 _ 1 11 2 _ 8 3 
[00220885] 3 | 6 10 2 0 7 4 1 11 2 _ 8 3 
[00220886] 5 | _ 10 2 0 7 _ 1 11 2 _ 9 4 
[00220887] 4 | 6 10 2 0 7 _ 1 11 2 _ 9 4 
[00220888] 4 | _ 10 2 0 7 3 1 11 2 _ 9 4 
[00220889] 6 | _ 10 2 0 7 _ _ 11 2 _ 5 _ 
[00220890] 5 | 5 10 2 0 7 _ _ 11 2 _ 5 _ 
[00220891] 4 | 5 10 2 0 7 3 _ 11 2 _ 5 _ 
[00220892] 3 | 5 10 2 0 7 3 4 11 2 _ 5 _ 
[00220893] 4 | 5 10 2 0 7 _ 3 11 2 _ 5 _ 
[00220894] 3 | 5 10 2 0 7 4 3 11 2 _ 5 _ 
[00220895] 5 | _ 10 2 0 7 _ _ 11 2 _ 5 10 
[00220896] 4 | _ 10 2 0 7 3 _ 11 2 _ 5 10 
[00220897] 3 | _ 10 2 0 7 3 4 11 2 _ 5 10 
[00220898] 4 | _ 10 2 0 7 _ 3 11 2 _ 5 10 
[00220899] 3 | _ 10 2 0 7 4 3 11 2 _ 5 10 
[00220900] 6 | _ 10 2 0 7 _ _ 11 2 _ 3 9 
[00220901] 5 | 5 10 2 0 7 _ _ 11 2 _ 3 9 
[00220902] 6 | _ 10 2 0 7 _ _ 11 2 _ 9 3 
[00220903] 5 | 5 10 2 0 7 _ _ 11 2 _ 9 3 
[00220904] 7 | _ 10 2 0 1 8 _ 11 2 _ _ _ 
[00220905] 6 | 4 10 2 0 1 8 _ 11 2 _ _ _ 
[00220906] 5 | 4 10 2 0 1 8 6 11 2 _ _ _ 
[00220907] 4 | 4 10 2 0 1 8 6 11 2 _ 7 _ 
[00220908] 4 | 4 10 2 0 1 8 6 11 2 _ 3 7 
[00220909] 4 | 4 10 2 0 1 8 6 11 2 _ 5 9 
[00220910] 4 | 4 10 2 0 1 8 6 11 2 _ 7 3 
[00220911] 4 | 4 10 2 0 1 8 6 11 2 _ 9 5 
[00220912] 5 | 4 10 2 0 1 8 _ 11 2 _ 6 _ 
[00220913] 4 | 4 10 2 0 1 8 5 11 2 _ 6 _ 
[00220914] 3 | 4 10 2 0 1 8 5 11 2 _ 6 3 
[00220915] 3 | 4 10 2 0 1 8 5 11 2 _ 6 9 
[00220916] 6 | _ 10 2 0 1 8 7 11 2 _ _ _ 
[00220917] 5 | 5 10 2 0 1 8 7 11 2 _ _ _ 
[00220918] 5 | _ 10 2 0 1 8 7 11 2 _ 6 _ 
[00220919] 4 | 6 10 2 0 1 8 7 11 2 _ 6 _ 
[00220920] 4 | _ 10 2 0 1 8 7 11 2 _ 6 10 
[00220921] 5 | _ 10 2 0 1 8 7 11 2 _ 4 9 
[00220922] 4 | 6 10 2 0 1 8 7 11 2 _ 4 9 
[00220923] 5 | _ 10 2 0 1 8 7 11 2 _ 9 4 
[00220924] 4 | 6 10 2 0 1 8 7 11 2 _ 9 4 
[00220925] 6 | _ 10 2 0 1 8 _ 11 2 _ 5 _ 
[00220926] 5 | 5 10 2 0 1 8 _ 11 2 _ 5 _ 
[00220927] 5 | _ 10 2 0 1 8 6 11 2 _ 5 _ 
[00220928] 4 | _ 10 2 0 1 8 6 11 2 _ 5 9 
[00220929] 3 | 7 10 2 0 1 8 6 11 2 _ 5 9 
[00220930] 5 | _ 10 2 0 1 8 _ 11 2 _ 5 10 
[00220931] 6 | _ 10 2 0 1 8 _ 11 2 _ 3 9 
[00220932] 5 | 5 10 2 0 1 8 _ 11 2 _ 3 9 
[00220933] 5 | _ 10 2 0 1 8 6 11 2 _ 3 9 
[00220934] 6 | _ 10 2 0 1 8 _ 11 2 _ 9 3 
[00220935] 5 | 5 10 2 0 1 8 _ 11 2 _ 9 3 
[00220936] 5 | _ 10 2 0 1 8 6 11 2 _ 9 3 
[00220937] 7 | _ 10 2 0 8 1 _ 11 2 _ _ _ 
[00220938] 6 | 4 10 2 0 8 1 _ 11 2 _ _ _ 
[00220939] 5 | 4 10 2 0 8 1 3 11 2 _ _ _ 
[00220940] 4 | 4 10 2 0 8 1 3 11 2 _ 7 _ 
[00220941] 4 | 4 10 2 0 8 1 3 11 2 _ 5 9 
[00220942] 4 | 4 10 2 0 8 1 3 11 2 _ 9 5 
[00220943] 5 | 4 10 2 0 8 1 _ 11 2 _ 6 _ 
[00220944] 6 | _ 10 2 0 8 1 _ 11 2 _ 5 _ 
[00220945] 5 | 5 10 2 0 8 1 _ 11 2 _ 5 _ 
[00220946] 4 | 5 10 2 0 8 1 4 11 2 _ 5 _ 
[00220947] 5 | _ 10 2 0 8 1 3 11 2 _ 5 _ 
[00220948] 4 | 6 10 2 0 8 1 3 11 2 _ 5 _ 
[00220949] 4 | _ 10 2 0 8 1 3 11 2 _ 5 9 
[00220950] 3 | 7 10 2 0 8 1 3 11 2 _ 5 9 
[00220951] 5 | _ 10 2 0 8 1 _ 11 2 _ 5 10 
[00220952] 4 | _ 10 2 0 8 1 4 11 2 _ 5 10 
[00220953] 6 | _ 10 2 0 8 1 _ 11 2 _ 3 9 
[00220954] 5 | 5 10 2 0 8 1 _ 11 2 _ 3 9 
[00220955] 4 | 5 10 2 0 8 1 4 11 2 _ 3 9 
[00220956] 6 | _ 10 2 0 8 1 _ 11 2 _ 9 3 
[00220957] 5 | 5 10 2 0 8 1 _ 11 2 _ 9 3 
[00220958] 4 | 5 10 2 0 8 1 4 11 2 _ 9 3 
[00220959] 7 | _ 10 2 0 1 _ 8 11 2 _ _ _ 
[00220960] 6 | 4 10 2 0 1 _ 8 11 2 _ _ _ 
[00220961] 5 | 4 10 2 0 1 6 8 11 2 _ _ _ 
[00220962] 4 | 4 10 2 0 1 6 8 11 2 _ 7 _ 
[00220963] 4 | 4 10 2 0 1 6 8 11 2 _ 3 7 
[00220964] 4 | 4 10 2 0 1 6 8 11 2 _ 5 9 
[00220965] 4 | 4 10 2 0 1 6 8 11 2 _ 7 3 
[00220966] 4 | 4 10 2 0 1 6 8 11 2 _ 9 5 
[00220967] 5 | 4 10 2 0 1 _ 8 11 2 _ 6 _ 
[00220968] 4 | 4 10 2 0 1 5 8 11 2 _ 6 _ 
[00220969] 3 | 4 10 2 0 1 5 8 11 2 _ 6 3 
[00220970] 3 | 4 10 2 0 1 5 8 11 2 _ 6 9 
[00220971] 6 | _ 10 2 0 1 7 8 11 2 _ _ _ 
[00220972] 5 | 5 10 2 0 1 7 8 11 2 _ _ _ 
[00220973] 5 | _ 10 2 0 1 7 8 11 2 _ 6 _ 
[00220974] 4 | 6 10 2 0 1 7 8 11 2 _ 6 _ 
[00220975] 4 | _ 10 2 0 1 7 8 11 2 _ 6 10 
[00220976] 5 | _ 10 2 0 1 7 8 11 2 _ 4 9 
[00220977] 4 | 6 10 2 0 1 7 8 11 2 _ 4 9 
[00220978] 5 | _ 10 2 0 1 7 8 11 2 _ 9 4 
[00220979] 4 | 6 10 2 0 1 7 8 11 2 _ 9 4 
[00220980] 6 | _ 10 2 0 1 _ 8 11 2 _ 5 _ 
[00220981] 5 | 5 10 2 0 1 _ 8 11 2 _ 5 _ 
[00220982] 5 | _ 10 2 0 1 6 8 11 2 _ 5 _ 
[00220983] 4 | _ 10 2 0 1 6 8 11 2 _ 5 9 
[00220984] 3 | 7 10 2 0 1 6 8 11 2 _ 5 9 
[00220985] 5 | _ 10 2 0 1 _ 8 11 2 _ 5 10 
[00220986] 6 | _ 10 2 0 1 _ 8 11 2 _ 3 9 
[00220987] 5 | 5 10 2 0 1 _ 8 11 2 _ 3 9 
[00220988] 5 | _ 10 2 0 1 6 8 11 2 _ 3 9 
[00220989] 6 | _ 10 2 0 1 _ 8 11 2 _ 9 3 
[00220990] 5 | 5 10 2 0 1 _ 8 11 2 _ 9 3 
[00220991] 5 | _ 10 2 0 1 6 8 11 2 _ 9 3 
[00220992] 7 | _ 10 2 0 8 _ 1 11 2 _ _ _ 
[00220993] 6 | 4 10 2 0 8 _ 1 11 2 _ _ _ 
[00220994] 5 | 4 10 2 0 8 3 1 11 2 _ _ _ 
[00220995] 4 | 4 10 2 0 8 3 1 11 2 _ 7 _ 
[00220996] 4 | 4 10 2 0 8 3 1 11 2 _ 5 9 
[00220997] 4 | 4 10 2 0 8 3 1 11 2 _ 9 5 
[00220998] 5 | 4 10 2 0 8 _ 1 11 2 _ 6 _ 
[00220999] 6 | _ 10 2 0 8 _ 1 11 2 _ 5 _ 
[00221000] 5 | 5 10 2 0 8 _ 1 11 2 _ 5 _ 
[00221001] 4 | 5 10 2 0 8 4 1 11 2 _ 5 _ 
[00221002] 5 | _ 10 2 0 8 3 1 11 2 _ 5 _ 
[00221003] 4 | 6 10 2 0 8 3 1 11 2 _ 5 _ 
[00221004] 4 | _ 10 2 0 8 3 1 11 2 _ 5 9 
[00221005] 3 | 7 10 2 0 8 3 1 11 2 _ 5 9 
[00221006] 5 | _ 10 2 0 8 _ 1 11 2 _ 5 10 
[00221007] 4 | _ 10 2 0 8 4 1 11 2 _ 5 10 
[00221008] 6 | _ 10 2 0 8 _ 1 11 2 _ 3 9 
[00221009] 5 | 5 10 2 0 8 _ 1 11 2 _ 3 9 
[00221010] 4 | 5 10 2 0 8 4 1 11 2 _ 3 9 
[00221011] 6 | _ 10 2 0 8 _ 1 11 2 _ 9 3 
[00221012] 5 | 5 10 2 0 8 _ 1 11 2 _ 9 3 
[00221013] 4 | 5 10 2 0 8 4 1 11 2 _ 9 3 
[00221014] 7 | _ 10 2 0 _ _ _ 11 2 _ 4 _ 
[00221015] 6 | 4 10 2 0 _ _ _ 11 2 _ 4 _ 
[00221016] 5 | 4 10 2 0 5 _ _ 11 2 _ 4 _ 
[00221017] 4 | 4 10 2 0 5 1 _ 11 2 _ 4 _ 
[00221018] 3 | 4 10 2 0 5 1 8 11 2 _ 4 _ 
[00221019] 4 | 4 10 2 0 5 9 _ 11 2 _ 4 _ 
[00221020] 3 | 4 10 2 0 5 9 8 11 2 _ 4 _ 
[00221021] 4 | 4 10 2 0 5 _ 1 11 2 _ 4 _ 
[00221022] 3 | 4 10 2 0 5 8 1 11 2 _ 4 _ 
[00221023] 4 | 4 10 2 0 5 _ 9 11 2 _ 4 _ 
[00221024] 3 | 4 10 2 0 5 8 9 11 2 _ 4 _ 
[00221025] 5 | 4 10 2 0 1 6 _ 11 2 _ 4 _ 
[00221026] 4 | 4 10 2 0 1 6 5 11 2 _ 4 _ 
[00221027] 5 | 4 10 2 0 3 8 _ 11 2 _ 4 _ 
[00221028] 4 | 4 10 2 0 3 8 7 11 2 _ 4 _ 
[00221029] 5 | 4 10 2 0 6 1 _ 11 2 _ 4 _ 
[00221030] 5 | 4 10 2 0 8 3 _ 11 2 _ 4 _ 
[00221031] 5 | 4 10 2 0 1 _ 6 11 2 _ 4 _ 
[00221032] 4 | 4 10 2 0 1 5 6 11 2 _ 4 _ 
[00221033] 5 | 4 10 2 0 3 _ 8 11 2 _ 4 _ 
[00221034] 4 | 4 10 2 0 3 7 8 11 2 _ 4 _ 
[00221035] 5 | 4 10 2 0 6 _ 1 11 2 _ 4 _ 
[00221036] 5 | 4 10 2 0 8 _ 3 11 2 _ 4 _ 
[00221037] 6 | _ 10 2 0 6 _ _ 11 2 _ 4 _ 
[00221038] 5 | 5 10 2 0 6 _ _ 11 2 _ 4 _ 
[00221039] 4 | 5 10 2 0 6 _ _ 11 2 _ 4 8 
[00221040] 3 | 5 10 2 0 6 3 _ 11 2 _ 4 8 
[00221041] 3 | 5 10 2 0 6 9 _ 11 2 _ 4 8 
[00221042] 3 | 5 10 2 0 6 _ 3 11 2 _ 4 8 
[00221043] 3 | 5 10 2 0 6 _ 9 11 2 _ 4 8 
[00221044] 5 | _ 10 2 0 6 1 _ 11 2 _ 4 _ 
[00221045] 4 | 6 10 2 0 6 1 _ 11 2 _ 4 _ 
[00221046] 3 | 6 10 2 0 6 1 _ 11 2 _ 4 7 
[00221047] 4 | _ 10 2 0 6 1 10 11 2 _ 4 _ 
[00221048] 3 | _ 10 2 0 6 1 10 11 2 _ 4 7 
[00221049] 4 | _ 10 2 0 6 1 _ 11 2 _ 4 8 
[00221050] 3 | 7 10 2 0 6 1 _ 11 2 _ 4 8 
[00221051] 3 | _ 10 2 0 6 1 3 11 2 _ 4 8 
[00221052] 3 | _ 10 2 0 6 1 9 11 2 _ 4 8 
[00221053] 5 | _ 10 2 0 6 _ 1 11 2 _ 4 _ 
[00221054] 4 | 6 10 2 0 6 _ 1 11 2 _ 4 _ 
[00221055] 3 | 6 10 2 0 6 _ 1 11 2 _ 4 7 
[00221056] 4 | _ 10 2 0 6 10 1 11 2 _ 4 _ 
[00221057] 3 | _ 10 2 0 6 10 1 11 2 _ 4 7 
[00221058] 4 | _ 10 2 0 6 _ 1 11 2 _ 4 8 
[00221059] 3 | 7 10 2 0 6 _ 1 11 2 _ 4 8 
[00221060] 3 | _ 10 2 0 6 3 1 11 2 _ 4 8 
[00221061] 3 | _ 10 2 0 6 9 1 11 2 _ 4 8 
[00221062] 5 | _ 10 2 0 6 _ _ 11 2 _ 4 9 
[00221063] 4 | 6 10 2 0 6 _ _ 11 2 _ 4 9 
[00221064] 4 | _ 10 2 0 6 10 _ 11 2 _ 4 9 
[00221065] 3 | _ 10 2 0 6 10 3 11 2 _ 4 9 
[00221066] 4 | _ 10 2 0 6 _ 10 11 2 _ 4 9 
[00221067] 3 | _ 10 2 0 6 3 10 11 2 _ 4 9 
[00221068] 6 | _ 10 2 0 1 7 _ 11 2 _ 4 _ 
