[00264430] 5 | 7 2 8 0 9 1 _ 11 4 _ 1 _ 
[00264431] 4 | 7 2 8 0 9 1 5 11 4 _ 1 _ 
[00264432] 5 | _ 2 8 0 9 1 4 11 4 _ 1 _ 
[00264433] 4 | 6 2 8 0 9 1 4 11 4 _ 1 _ 
[00264434] 5 | _ 2 8 0 9 1 _ 11 4 9 1 _ 
[00264435] 4 | 6 2 8 0 9 1 _ 11 4 9 1 _ 
[00264436] 6 | _ 8 2 0 9 1 _ 11 4 _ 1 _ 
[00264437] 6 | _ 6 _ 0 9 1 _ 11 4 _ 1 _ 
[00264438] 5 | _ 6 _ 0 9 1 4 11 4 _ 1 _ 
[00264439] 4 | 2 6 _ 0 9 1 4 11 4 _ 1 _ 
[00264440] 3 | 2 6 3 0 9 1 4 11 4 _ 1 _ 
[00264441] 4 | 10 6 _ 0 9 1 4 11 4 _ 1 _ 
[00264442] 3 | 10 6 3 0 9 1 4 11 4 _ 1 _ 
[00264443] 4 | _ 6 2 0 9 1 4 11 4 _ 1 _ 
[00264444] 3 | 3 6 2 0 9 1 4 11 4 _ 1 _ 
[00264445] 4 | _ 6 10 0 9 1 4 11 4 _ 1 _ 
[00264446] 3 | 3 6 10 0 9 1 4 11 4 _ 1 _ 
[00264447] 5 | _ 6 _ 0 9 1 _ 11 4 9 1 _ 
[00264448] 4 | 2 6 _ 0 9 1 _ 11 4 9 1 _ 
[00264449] 3 | 2 6 3 0 9 1 _ 11 4 9 1 _ 
[00264450] 4 | 10 6 _ 0 9 1 _ 11 4 9 1 _ 
[00264451] 3 | 10 6 3 0 9 1 _ 11 4 9 1 _ 
[00264452] 4 | _ 6 2 0 9 1 _ 11 4 9 1 _ 
[00264453] 3 | 3 6 2 0 9 1 _ 11 4 9 1 _ 
[00264454] 4 | _ 6 10 0 9 1 _ 11 4 9 1 _ 
[00264455] 3 | 3 6 10 0 9 1 _ 11 4 9 1 _ 
[00264456] 6 | _ _ _ 0 9 1 3 11 4 _ 1 _ 
[00264457] 5 | 2 7 _ 0 9 1 3 11 4 _ 1 _ 
[00264458] 5 | 5 10 _ 0 9 1 3 11 4 _ 1 _ 
[00264459] 5 | 7 2 _ 0 9 1 3 11 4 _ 1 _ 
[00264460] 4 | 7 2 6 0 9 1 3 11 4 _ 1 _ 
[00264461] 4 | 7 2 _ 0 9 1 3 11 4 8 1 _ 
[00264462] 3 | 7 2 5 0 9 1 3 11 4 8 1 _ 
[00264463] 5 | 10 5 _ 0 9 1 3 11 4 _ 1 _ 
[00264464] 5 | _ 2 7 0 9 1 3 11 4 _ 1 _ 
[00264465] 4 | 6 2 7 0 9 1 3 11 4 _ 1 _ 
[00264466] 4 | _ 2 7 0 9 1 3 11 4 8 1 _ 
[00264467] 3 | 5 2 7 0 9 1 3 11 4 8 1 _ 
[00264468] 5 | _ 5 10 0 9 1 3 11 4 _ 1 _ 
[00264469] 5 | _ 7 2 0 9 1 3 11 4 _ 1 _ 
[00264470] 5 | _ 10 5 0 9 1 3 11 4 _ 1 _ 
[00264471] 5 | _ 5 _ 0 9 1 3 11 4 _ 1 _ 
[00264472] 4 | _ 5 _ 0 9 1 3 11 4 8 1 _ 
[00264473] 3 | 2 5 _ 0 9 1 3 11 4 8 1 _ 
[00264474] 2 | 2 5 7 0 9 1 3 11 4 8 1 _ 
[00264475] 3 | _ 5 2 0 9 1 3 11 4 8 1 _ 
[00264476] 2 | 7 5 2 0 9 1 3 11 4 8 1 _ 
[00264477] 6 | _ _ _ 0 9 1 _ 11 4 10 1 _ 
[00264478] 5 | 2 7 _ 0 9 1 _ 11 4 10 1 _ 
[00264479] 5 | 3 8 _ 0 9 1 _ 11 4 10 1 _ 
[00264480] 5 | 7 2 _ 0 9 1 _ 11 4 10 1 _ 
[00264481] 4 | 7 2 6 0 9 1 _ 11 4 10 1 _ 
[00264482] 4 | 7 2 _ 0 9 1 5 11 4 10 1 _ 
[00264483] 5 | 8 3 _ 0 9 1 _ 11 4 10 1 _ 
[00264484] 4 | 8 3 7 0 9 1 _ 11 4 10 1 _ 
[00264485] 3 | 8 3 7 0 9 1 6 11 4 10 1 _ 
[00264486] 4 | 8 3 _ 0 9 1 5 11 4 10 1 _ 
[00264487] 3 | 8 3 6 0 9 1 5 11 4 10 1 _ 
[00264488] 5 | _ 2 7 0 9 1 _ 11 4 10 1 _ 
[00264489] 4 | 6 2 7 0 9 1 _ 11 4 10 1 _ 
[00264490] 4 | _ 2 7 0 9 1 5 11 4 10 1 _ 
[00264491] 5 | _ 3 8 0 9 1 _ 11 4 10 1 _ 
[00264492] 4 | 7 3 8 0 9 1 _ 11 4 10 1 _ 
[00264493] 3 | 7 3 8 0 9 1 6 11 4 10 1 _ 
[00264494] 4 | _ 3 8 0 9 1 5 11 4 10 1 _ 
[00264495] 3 | 6 3 8 0 9 1 5 11 4 10 1 _ 
[00264496] 5 | _ 7 2 0 9 1 _ 11 4 10 1 _ 
[00264497] 5 | _ 8 3 0 9 1 _ 11 4 10 1 _ 
[00264498] 5 | _ 5 _ 0 9 1 _ 11 4 10 1 _ 
[00264499] 4 | 9 5 _ 0 9 1 _ 11 4 10 1 _ 
[00264500] 3 | 9 5 2 0 9 1 _ 11 4 10 1 _ 
[00264501] 3 | 9 5 8 0 9 1 _ 11 4 10 1 _ 
[00264502] 4 | _ 5 9 0 9 1 _ 11 4 10 1 _ 
[00264503] 3 | 2 5 9 0 9 1 _ 11 4 10 1 _ 
[00264504] 3 | 8 5 9 0 9 1 _ 11 4 10 1 _ 
[00264505] 4 | _ 5 _ 0 9 1 5 11 4 10 1 _ 
[00264506] 7 | _ _ _ 0 9 1 _ 11 3 10 1 _ 
[00264507] 6 | 2 8 _ 0 9 1 _ 11 3 10 1 _ 
[00264508] 6 | 8 2 _ 0 9 1 _ 11 3 10 1 _ 
[00264509] 5 | 8 2 7 0 9 1 _ 11 3 10 1 _ 
[00264510] 4 | 8 2 7 0 9 1 5 11 3 10 1 _ 
[00264511] 5 | 8 2 _ 0 9 1 4 11 3 10 1 _ 
[00264512] 4 | 8 2 6 0 9 1 4 11 3 10 1 _ 
[00264513] 6 | _ 2 8 0 9 1 _ 11 3 10 1 _ 
[00264514] 5 | 7 2 8 0 9 1 _ 11 3 10 1 _ 
[00264515] 4 | 7 2 8 0 9 1 5 11 3 10 1 _ 
[00264516] 5 | _ 2 8 0 9 1 4 11 3 10 1 _ 
[00264517] 4 | 6 2 8 0 9 1 4 11 3 10 1 _ 
[00264518] 6 | _ 8 2 0 9 1 _ 11 3 10 1 _ 
[00264519] 6 | _ 6 _ 0 9 1 _ 11 3 10 1 _ 
[00264520] 5 | _ 6 _ 0 9 1 4 11 3 10 1 _ 
[00264521] 4 | 2 6 _ 0 9 1 4 11 3 10 1 _ 
[00264522] 4 | _ 6 2 0 9 1 4 11 3 10 1 _ 
[00264523] 7 | _ _ _ 0 9 1 _ 11 10 3 1 _ 
[00264524] 6 | 2 8 _ 0 9 1 _ 11 10 3 1 _ 
[00264525] 6 | 8 2 _ 0 9 1 _ 11 10 3 1 _ 
[00264526] 5 | 8 2 7 0 9 1 _ 11 10 3 1 _ 
[00264527] 4 | 8 2 7 0 9 1 5 11 10 3 1 _ 
[00264528] 5 | 8 2 _ 0 9 1 4 11 10 3 1 _ 
[00264529] 4 | 8 2 6 0 9 1 4 11 10 3 1 _ 
[00264530] 6 | _ 2 8 0 9 1 _ 11 10 3 1 _ 
[00264531] 5 | 7 2 8 0 9 1 _ 11 10 3 1 _ 
[00264532] 4 | 7 2 8 0 9 1 5 11 10 3 1 _ 
[00264533] 5 | _ 2 8 0 9 1 4 11 10 3 1 _ 
[00264534] 4 | 6 2 8 0 9 1 4 11 10 3 1 _ 
[00264535] 6 | _ 8 2 0 9 1 _ 11 10 3 1 _ 
[00264536] 6 | _ 6 _ 0 9 1 _ 11 10 3 1 _ 
[00264537] 5 | _ 6 _ 0 9 1 4 11 10 3 1 _ 
[00264538] 4 | 2 6 _ 0 9 1 4 11 10 3 1 _ 
[00264539] 4 | _ 6 2 0 9 1 4 11 10 3 1 _ 
[00264540] 8 | _ _ _ 0 9 _ 1 11 _ _ 1 _ 
[00264541] 7 | 3 10 _ 0 9 _ 1 11 _ _ 1 _ 
[00264542] 7 | 10 3 _ 0 9 _ 1 11 _ _ 1 _ 
[00264543] 6 | 10 3 9 0 9 _ 1 11 _ _ 1 _ 
[00264544] 5 | 10 3 9 0 9 _ 1 11 6 _ 1 _ 
[00264545] 4 | 10 3 9 0 9 _ 1 11 6 2 1 _ 
[00264546] 5 | 10 3 9 0 9 _ 1 11 2 7 1 _ 
[00264547] 5 | 10 3 9 0 9 _ 1 11 7 2 1 _ 
[00264548] 6 | 10 3 _ 0 9 3 1 11 _ _ 1 _ 
[00264549] 5 | 10 3 _ 0 9 3 1 11 6 _ 1 _ 
[00264550] 4 | 10 3 _ 0 9 3 1 11 6 2 1 _ 
[00264551] 5 | 10 3 _ 0 9 3 1 11 2 7 1 _ 
[00264552] 5 | 10 3 _ 0 9 3 1 11 7 2 1 _ 
[00264553] 6 | 10 3 _ 0 9 _ 1 11 5 _ 1 _ 
[00264554] 5 | 10 3 8 0 9 _ 1 11 5 _ 1 _ 
[00264555] 4 | 10 3 8 0 9 5 1 11 5 _ 1 _ 
[00264556] 4 | 10 3 8 0 9 _ 1 11 5 9 1 _ 
[00264557] 5 | 10 3 _ 0 9 4 1 11 5 _ 1 _ 
[00264558] 4 | 10 3 7 0 9 4 1 11 5 _ 1 _ 
[00264559] 3 | 10 3 7 0 9 4 1 11 5 2 1 _ 
[00264560] 3 | 10 3 7 0 9 4 1 11 5 8 1 _ 
[00264561] 6 | 10 3 _ 0 9 _ 1 11 2 8 1 _ 
[00264562] 5 | 10 3 _ 0 9 4 1 11 2 8 1 _ 
[00264563] 4 | 10 3 7 0 9 4 1 11 2 8 1 _ 
[00264564] 6 | 10 3 _ 0 9 _ 1 11 8 2 1 _ 
[00264565] 5 | 10 3 _ 0 9 4 1 11 8 2 1 _ 
[00264566] 4 | 10 3 7 0 9 4 1 11 8 2 1 _ 
[00264567] 7 | _ 3 10 0 9 _ 1 11 _ _ 1 _ 
[00264568] 6 | 9 3 10 0 9 _ 1 11 _ _ 1 _ 
[00264569] 5 | 9 3 10 0 9 _ 1 11 6 _ 1 _ 
[00264570] 4 | 9 3 10 0 9 _ 1 11 6 2 1 _ 
[00264571] 5 | 9 3 10 0 9 _ 1 11 2 7 1 _ 
[00264572] 5 | 9 3 10 0 9 _ 1 11 7 2 1 _ 
[00264573] 6 | _ 3 10 0 9 3 1 11 _ _ 1 _ 
[00264574] 5 | _ 3 10 0 9 3 1 11 6 _ 1 _ 
[00264575] 4 | _ 3 10 0 9 3 1 11 6 2 1 _ 
[00264576] 5 | _ 3 10 0 9 3 1 11 2 7 1 _ 
[00264577] 5 | _ 3 10 0 9 3 1 11 7 2 1 _ 
[00264578] 6 | _ 3 10 0 9 _ 1 11 5 _ 1 _ 
[00264579] 5 | 8 3 10 0 9 _ 1 11 5 _ 1 _ 
[00264580] 4 | 8 3 10 0 9 5 1 11 5 _ 1 _ 
[00264581] 4 | 8 3 10 0 9 _ 1 11 5 9 1 _ 
[00264582] 5 | _ 3 10 0 9 4 1 11 5 _ 1 _ 
[00264583] 4 | 7 3 10 0 9 4 1 11 5 _ 1 _ 
[00264584] 3 | 7 3 10 0 9 4 1 11 5 2 1 _ 
[00264585] 3 | 7 3 10 0 9 4 1 11 5 8 1 _ 
[00264586] 6 | _ 3 10 0 9 _ 1 11 2 8 1 _ 
[00264587] 5 | _ 3 10 0 9 4 1 11 2 8 1 _ 
[00264588] 4 | 7 3 10 0 9 4 1 11 2 8 1 _ 
[00264589] 6 | _ 3 10 0 9 _ 1 11 8 2 1 _ 
[00264590] 5 | _ 3 10 0 9 4 1 11 8 2 1 _ 
[00264591] 4 | 7 3 10 0 9 4 1 11 8 2 1 _ 
[00264592] 7 | _ 10 3 0 9 _ 1 11 _ _ 1 _ 
[00264593] 7 | _ 7 _ 0 9 _ 1 11 _ _ 1 _ 
[00264594] 6 | _ 7 _ 0 9 3 1 11 _ _ 1 _ 
[00264595] 5 | 2 7 _ 0 9 3 1 11 _ _ 1 _ 
[00264596] 4 | 2 7 11 0 9 3 1 11 _ _ 1 _ 
[00264597] 3 | 2 7 11 0 9 3 1 11 5 8 1 _ 
[00264598] 3 | 2 7 11 0 9 3 1 11 8 5 1 _ 
[00264599] 4 | 2 7 _ 0 9 3 1 11 7 _ 1 _ 
[00264600] 3 | 2 7 4 0 9 3 1 11 7 _ 1 _ 
[00264601] 3 | 2 7 10 0 9 3 1 11 7 _ 1 _ 
[00264602] 3 | 2 7 _ 0 9 3 1 11 7 4 1 _ 
[00264603] 3 | 2 7 _ 0 9 3 1 11 7 10 1 _ 
[00264604] 4 | 2 7 _ 0 9 3 1 11 4 8 1 _ 
[00264605] 3 | 2 7 10 0 9 3 1 11 4 8 1 _ 
[00264606] 4 | 2 7 _ 0 9 3 1 11 6 10 1 _ 
[00264607] 3 | 2 7 4 0 9 3 1 11 6 10 1 _ 
[00264608] 4 | 2 7 _ 0 9 3 1 11 8 4 1 _ 
[00264609] 3 | 2 7 10 0 9 3 1 11 8 4 1 _ 
[00264610] 4 | 2 7 _ 0 9 3 1 11 10 6 1 _ 
[00264611] 3 | 2 7 4 0 9 3 1 11 10 6 1 _ 
[00264612] 5 | _ 7 2 0 9 3 1 11 _ _ 1 _ 
[00264613] 4 | 11 7 2 0 9 3 1 11 _ _ 1 _ 
[00264614] 3 | 11 7 2 0 9 3 1 11 5 8 1 _ 
[00264615] 3 | 11 7 2 0 9 3 1 11 8 5 1 _ 
[00264616] 4 | _ 7 2 0 9 3 1 11 7 _ 1 _ 
[00264617] 3 | 4 7 2 0 9 3 1 11 7 _ 1 _ 
[00264618] 3 | 10 7 2 0 9 3 1 11 7 _ 1 _ 
[00264619] 3 | _ 7 2 0 9 3 1 11 7 4 1 _ 
[00264620] 3 | _ 7 2 0 9 3 1 11 7 10 1 _ 
[00264621] 4 | _ 7 2 0 9 3 1 11 4 8 1 _ 
[00264622] 3 | 10 7 2 0 9 3 1 11 4 8 1 _ 
[00264623] 4 | _ 7 2 0 9 3 1 11 6 10 1 _ 
[00264624] 3 | 4 7 2 0 9 3 1 11 6 10 1 _ 
[00264625] 4 | _ 7 2 0 9 3 1 11 8 4 1 _ 
[00264626] 3 | 10 7 2 0 9 3 1 11 8 4 1 _ 
[00264627] 4 | _ 7 2 0 9 3 1 11 10 6 1 _ 
[00264628] 3 | 4 7 2 0 9 3 1 11 10 6 1 _ 
[00264629] 5 | _ 7 _ 0 9 3 1 11 6 _ 1 _ 
[00264630] 4 | _ 7 _ 0 9 3 1 11 6 2 1 _ 
[00264631] 3 | 4 7 _ 0 9 3 1 11 6 2 1 _ 
[00264632] 2 | 4 7 5 0 9 3 1 11 6 2 1 _ 
[00264633] 3 | 10 7 _ 0 9 3 1 11 6 2 1 _ 
[00264634] 2 | 10 7 5 0 9 3 1 11 6 2 1 _ 
[00264635] 3 | _ 7 4 0 9 3 1 11 6 2 1 _ 
[00264636] 2 | 5 7 4 0 9 3 1 11 6 2 1 _ 
[00264637] 3 | _ 7 10 0 9 3 1 11 6 2 1 _ 
[00264638] 2 | 5 7 10 0 9 3 1 11 6 2 1 _ 
[00264639] 4 | _ 7 _ 0 9 3 1 11 6 10 1 _ 
[00264640] 3 | 4 7 _ 0 9 3 1 11 6 10 1 _ 
[00264641] 2 | 4 7 5 0 9 3 1 11 6 10 1 _ 
[00264642] 3 | _ 7 4 0 9 3 1 11 6 10 1 _ 
[00264643] 2 | 5 7 4 0 9 3 1 11 6 10 1 _ 
[00264644] 5 | _ 7 _ 0 9 3 1 11 5 10 1 _ 
[00264645] 5 | _ 7 _ 0 9 3 1 11 10 5 1 _ 
[00264646] 6 | _ 7 _ 0 9 _ 1 11 5 _ 1 _ 
[00264647] 5 | 2 7 _ 0 9 _ 1 11 5 _ 1 _ 
[00264648] 4 | 2 7 3 0 9 _ 1 11 5 _ 1 _ 
[00264649] 3 | 2 7 3 0 9 6 1 11 5 _ 1 _ 
[00264650] 3 | 2 7 3 0 9 _ 1 11 5 8 1 _ 
[00264651] 4 | 2 7 _ 0 9 5 1 11 5 _ 1 _ 
[00264652] 3 | 2 7 4 0 9 5 1 11 5 _ 1 _ 
[00264653] 3 | 2 7 10 0 9 5 1 11 5 _ 1 _ 
[00264654] 4 | 2 7 _ 0 9 _ 1 11 5 9 1 _ 
[00264655] 3 | 2 7 4 0 9 _ 1 11 5 9 1 _ 
[00264656] 3 | 2 7 10 0 9 _ 1 11 5 9 1 _ 
[00264657] 5 | _ 7 2 0 9 _ 1 11 5 _ 1 _ 
[00264658] 4 | 3 7 2 0 9 _ 1 11 5 _ 1 _ 
[00264659] 3 | 3 7 2 0 9 6 1 11 5 _ 1 _ 
[00264660] 3 | 3 7 2 0 9 _ 1 11 5 8 1 _ 
[00264661] 4 | _ 7 2 0 9 5 1 11 5 _ 1 _ 
[00264662] 3 | 4 7 2 0 9 5 1 11 5 _ 1 _ 
[00264663] 3 | 10 7 2 0 9 5 1 11 5 _ 1 _ 
[00264664] 4 | _ 7 2 0 9 _ 1 11 5 9 1 _ 
[00264665] 3 | 4 7 2 0 9 _ 1 11 5 9 1 _ 
[00264666] 3 | 10 7 2 0 9 _ 1 11 5 9 1 _ 
[00264667] 5 | _ 7 _ 0 9 4 1 11 5 _ 1 _ 
[00264668] 4 | 3 7 _ 0 9 4 1 11 5 _ 1 _ 
[00264669] 3 | 3 7 10 0 9 4 1 11 5 _ 1 _ 
[00264670] 3 | 3 7 _ 0 9 4 1 11 5 2 1 _ 
[00264671] 3 | 3 7 _ 0 9 4 1 11 5 8 1 _ 
[00264672] 4 | _ 7 3 0 9 4 1 11 5 _ 1 _ 
[00264673] 3 | 10 7 3 0 9 4 1 11 5 _ 1 _ 
[00264674] 3 | _ 7 3 0 9 4 1 11 5 2 1 _ 
[00264675] 3 | _ 7 3 0 9 4 1 11 5 8 1 _ 
[00264676] 5 | _ 7 _ 0 9 _ 1 11 5 10 1 _ 
[00264677] 4 | 3 7 _ 0 9 _ 1 11 5 10 1 _ 
[00264678] 3 | 3 7 4 0 9 _ 1 11 5 10 1 _ 
[00264679] 3 | 3 7 _ 0 9 6 1 11 5 10 1 _ 
[00264680] 4 | _ 7 3 0 9 _ 1 11 5 10 1 _ 
[00264681] 3 | 4 7 3 0 9 _ 1 11 5 10 1 _ 
[00264682] 3 | _ 7 3 0 9 6 1 11 5 10 1 _ 
[00264683] 6 | _ 7 _ 0 9 _ 1 11 2 8 1 _ 
[00264684] 5 | _ 7 _ 0 9 4 1 11 2 8 1 _ 
[00264685] 4 | 3 7 _ 0 9 4 1 11 2 8 1 _ 
[00264686] 3 | 3 7 10 0 9 4 1 11 2 8 1 _ 
[00264687] 4 | _ 7 3 0 9 4 1 11 2 8 1 _ 
[00264688] 3 | 10 7 3 0 9 4 1 11 2 8 1 _ 
[00264689] 6 | _ 7 _ 0 9 _ 1 11 4 10 1 _ 
[00264690] 5 | 2 7 _ 0 9 _ 1 11 4 10 1 _ 
[00264691] 4 | 2 7 3 0 9 _ 1 11 4 10 1 _ 
[00264692] 3 | 2 7 3 0 9 6 1 11 4 10 1 _ 
[00264693] 4 | 2 7 _ 0 9 5 1 11 4 10 1 _ 
[00264694] 5 | _ 7 2 0 9 _ 1 11 4 10 1 _ 
[00264695] 4 | 3 7 2 0 9 _ 1 11 4 10 1 _ 
[00264696] 3 | 3 7 2 0 9 6 1 11 4 10 1 _ 
[00264697] 4 | _ 7 2 0 9 5 1 11 4 10 1 _ 
[00264698] 6 | _ 7 _ 0 9 _ 1 11 8 2 1 _ 
[00264699] 5 | _ 7 _ 0 9 4 1 11 8 2 1 _ 
[00264700] 4 | 3 7 _ 0 9 4 1 11 8 2 1 _ 
[00264701] 3 | 3 7 10 0 9 4 1 11 8 2 1 _ 
[00264702] 4 | _ 7 3 0 9 4 1 11 8 2 1 _ 
[00264703] 3 | 10 7 3 0 9 4 1 11 8 2 1 _ 
[00264704] 6 | _ 7 _ 0 9 _ 1 11 10 4 1 _ 
[00264705] 5 | 2 7 _ 0 9 _ 1 11 10 4 1 _ 
[00264706] 4 | 2 7 3 0 9 _ 1 11 10 4 1 _ 
[00264707] 3 | 2 7 3 0 9 6 1 11 10 4 1 _ 
[00264708] 4 | 2 7 _ 0 9 5 1 11 10 4 1 _ 
[00264709] 5 | _ 7 2 0 9 _ 1 11 10 4 1 _ 
[00264710] 4 | 3 7 2 0 9 _ 1 11 10 4 1 _ 
[00264711] 3 | 3 7 2 0 9 6 1 11 10 4 1 _ 
[00264712] 4 | _ 7 2 0 9 5 1 11 10 4 1 _ 
[00264713] 7 | _ _ _ 0 9 2 1 11 _ _ 1 _ 
[00264714] 6 | 4 10 _ 0 9 2 1 11 _ _ 1 _ 
[00264715] 6 | 10 4 _ 0 9 2 1 11 _ _ 1 _ 
[00264716] 5 | 10 4 _ 0 9 2 1 11 6 _ 1 _ 
[00264717] 4 | 10 4 8 0 9 2 1 11 6 _ 1 _ 
[00264718] 3 | 10 4 8 0 9 2 1 11 6 3 1 _ 
[00264719] 5 | 10 4 _ 0 9 2 1 11 3 8 1 _ 
[00264720] 5 | 10 4 _ 0 9 2 1 11 8 3 1 _ 
[00264721] 6 | _ 4 10 0 9 2 1 11 _ _ 1 _ 
[00264722] 5 | _ 4 10 0 9 2 1 11 6 _ 1 _ 
[00264723] 4 | 8 4 10 0 9 2 1 11 6 _ 1 _ 
[00264724] 3 | 8 4 10 0 9 2 1 11 6 3 1 _ 
[00264725] 5 | _ 4 10 0 9 2 1 11 3 8 1 _ 
[00264726] 5 | _ 4 10 0 9 2 1 11 8 3 1 _ 
[00264727] 6 | _ 10 4 0 9 2 1 11 _ _ 1 _ 
[00264728] 6 | _ 6 _ 0 9 2 1 11 _ _ 1 _ 
[00264729] 5 | 11 6 _ 0 9 2 1 11 _ _ 1 _ 
[00264730] 4 | 11 6 10 0 9 2 1 11 _ _ 1 _ 
[00264731] 3 | 11 6 10 0 9 2 1 11 4 7 1 _ 
[00264732] 3 | 11 6 10 0 9 2 1 11 5 8 1 _ 
[00264733] 3 | 11 6 10 0 9 2 1 11 7 4 1 _ 
[00264734] 3 | 11 6 10 0 9 2 1 11 8 5 1 _ 
[00264735] 4 | 11 6 _ 0 9 2 1 11 3 7 1 _ 
[00264736] 4 | 11 6 _ 0 9 2 1 11 4 8 1 _ 
[00264737] 3 | 11 6 3 0 9 2 1 11 4 8 1 _ 
[00264738] 4 | 11 6 _ 0 9 2 1 11 7 3 1 _ 
[00264739] 4 | 11 6 _ 0 9 2 1 11 8 4 1 _ 
[00264740] 3 | 11 6 3 0 9 2 1 11 8 4 1 _ 
[00264741] 5 | _ 6 11 0 9 2 1 11 _ _ 1 _ 
[00264742] 4 | 10 6 11 0 9 2 1 11 _ _ 1 _ 
[00264743] 3 | 10 6 11 0 9 2 1 11 4 7 1 _ 
[00264744] 3 | 10 6 11 0 9 2 1 11 5 8 1 _ 
[00264745] 3 | 10 6 11 0 9 2 1 11 7 4 1 _ 
[00264746] 3 | 10 6 11 0 9 2 1 11 8 5 1 _ 
[00264747] 4 | _ 6 11 0 9 2 1 11 3 7 1 _ 
[00264748] 4 | _ 6 11 0 9 2 1 11 4 8 1 _ 
[00264749] 3 | 3 6 11 0 9 2 1 11 4 8 1 _ 
[00264750] 4 | _ 6 11 0 9 2 1 11 7 3 1 _ 
[00264751] 4 | _ 6 11 0 9 2 1 11 8 4 1 _ 
[00264752] 3 | 3 6 11 0 9 2 1 11 8 4 1 _ 
[00264753] 5 | _ 6 _ 0 9 2 1 11 6 _ 1 _ 
[00264754] 4 | 10 6 _ 0 9 2 1 11 6 _ 1 _ 
[00264755] 3 | 10 6 3 0 9 2 1 11 6 _ 1 _ 
[00264756] 3 | 10 6 _ 0 9 2 1 11 6 3 1 _ 
[00264757] 4 | _ 6 10 0 9 2 1 11 6 _ 1 _ 
[00264758] 3 | 3 6 10 0 9 2 1 11 6 _ 1 _ 
[00264759] 3 | _ 6 10 0 9 2 1 11 6 3 1 _ 
[00264760] 4 | _ 6 _ 0 9 2 1 11 6 10 1 _ 
[00264761] 5 | _ 6 _ 0 9 2 1 11 3 8 1 _ 
[00264762] 4 | 10 6 _ 0 9 2 1 11 3 8 1 _ 
[00264763] 4 | _ 6 10 0 9 2 1 11 3 8 1 _ 
[00264764] 5 | _ 6 _ 0 9 2 1 11 5 10 1 _ 
[00264765] 5 | _ 6 _ 0 9 2 1 11 8 3 1 _ 
[00264766] 4 | 10 6 _ 0 9 2 1 11 8 3 1 _ 
[00264767] 4 | _ 6 10 0 9 2 1 11 8 3 1 _ 
[00264768] 5 | _ 6 _ 0 9 2 1 11 10 5 1 _ 
[00264769] 6 | _ _ _ 0 9 2 1 11 5 _ 1 _ 
[00264770] 5 | 3 8 _ 0 9 2 1 11 5 _ 1 _ 
[00264771] 5 | 8 3 _ 0 9 2 1 11 5 _ 1 _ 
[00264772] 4 | 8 3 7 0 9 2 1 11 5 _ 1 _ 
[00264773] 5 | _ 3 8 0 9 2 1 11 5 _ 1 _ 
[00264774] 4 | 7 3 8 0 9 2 1 11 5 _ 1 _ 
[00264775] 5 | _ 8 3 0 9 2 1 11 5 _ 1 _ 
[00264776] 5 | _ 5 _ 0 9 2 1 11 5 _ 1 _ 
[00264777] 5 | _ _ _ 0 9 2 1 11 5 0 1 _ 
[00264778] 4 | 3 7 _ 0 9 2 1 11 5 0 1 _ 
[00264779] 4 | 4 8 _ 0 9 2 1 11 5 0 1 _ 
[00264780] 4 | 6 10 _ 0 9 2 1 11 5 0 1 _ 
[00264781] 4 | 7 3 _ 0 9 2 1 11 5 0 1 _ 
[00264782] 3 | 7 3 6 0 9 2 1 11 5 0 1 _ 
[00264783] 4 | 8 4 _ 0 9 2 1 11 5 0 1 _ 
[00264784] 4 | 10 6 _ 0 9 2 1 11 5 0 1 _ 
[00264785] 4 | _ 3 7 0 9 2 1 11 5 0 1 _ 
[00264786] 3 | 6 3 7 0 9 2 1 11 5 0 1 _ 
[00264787] 4 | _ 4 8 0 9 2 1 11 5 0 1 _ 
[00264788] 4 | _ 6 10 0 9 2 1 11 5 0 1 _ 
[00264789] 4 | _ 7 3 0 9 2 1 11 5 0 1 _ 
[00264790] 4 | _ 8 4 0 9 2 1 11 5 0 1 _ 
[00264791] 4 | _ 10 6 0 9 2 1 11 5 0 1 _ 
[00264792] 5 | _ _ _ 0 9 2 1 11 5 10 1 _ 
[00264793] 4 | 3 7 _ 0 9 2 1 11 5 10 1 _ 
[00264794] 4 | 4 8 _ 0 9 2 1 11 5 10 1 _ 
[00264795] 4 | 7 3 _ 0 9 2 1 11 5 10 1 _ 
[00264796] 3 | 7 3 6 0 9 2 1 11 5 10 1 _ 
[00264797] 4 | 8 4 _ 0 9 2 1 11 5 10 1 _ 
[00264798] 4 | _ 3 7 0 9 2 1 11 5 10 1 _ 
[00264799] 3 | 6 3 7 0 9 2 1 11 5 10 1 _ 
[00264800] 4 | _ 4 8 0 9 2 1 11 5 10 1 _ 
[00264801] 4 | _ 7 3 0 9 2 1 11 5 10 1 _ 
[00264802] 4 | _ 8 4 0 9 2 1 11 5 10 1 _ 
[00264803] 4 | _ 4 _ 0 9 2 1 11 5 10 1 _ 
[00264804] 3 | 7 4 _ 0 9 2 1 11 5 10 1 _ 
[00264805] 2 | 7 4 6 0 9 2 1 11 5 10 1 _ 
[00264806] 3 | _ 4 7 0 9 2 1 11 5 10 1 _ 
[00264807] 2 | 6 4 7 0 9 2 1 11 5 10 1 _ 
[00264808] 6 | _ _ _ 0 9 2 1 11 4 10 1 _ 
[00264809] 5 | 3 8 _ 0 9 2 1 11 4 10 1 _ 
[00264810] 5 | 8 3 _ 0 9 2 1 11 4 10 1 _ 
[00264811] 4 | 8 3 7 0 9 2 1 11 4 10 1 _ 
[00264812] 5 | _ 3 8 0 9 2 1 11 4 10 1 _ 
[00264813] 4 | 7 3 8 0 9 2 1 11 4 10 1 _ 
[00264814] 5 | _ 8 3 0 9 2 1 11 4 10 1 _ 
[00264815] 5 | _ 5 _ 0 9 2 1 11 4 10 1 _ 
[00264816] 6 | _ _ _ 0 9 2 1 11 10 4 1 _ 
[00264817] 5 | 3 8 _ 0 9 2 1 11 10 4 1 _ 
[00264818] 5 | 8 3 _ 0 9 2 1 11 10 4 1 _ 
[00264819] 4 | 8 3 7 0 9 2 1 11 10 4 1 _ 
[00264820] 5 | _ 3 8 0 9 2 1 11 10 4 1 _ 
[00264821] 4 | 7 3 8 0 9 2 1 11 10 4 1 _ 
[00264822] 5 | _ 8 3 0 9 2 1 11 10 4 1 _ 
[00264823] 5 | _ 5 _ 0 9 2 1 11 10 4 1 _ 
[00264824] 7 | _ _ _ 0 9 _ 1 11 4 _ 1 _ 
[00264825] 6 | 2 8 _ 0 9 _ 1 11 4 _ 1 _ 
[00264826] 6 | 8 2 _ 0 9 _ 1 11 4 _ 1 _ 
[00264827] 5 | 8 2 7 0 9 _ 1 11 4 _ 1 _ 
[00264828] 4 | 8 2 7 0 9 5 1 11 4 _ 1 _ 
[00264829] 5 | 8 2 _ 0 9 4 1 11 4 _ 1 _ 
[00264830] 4 | 8 2 6 0 9 4 1 11 4 _ 1 _ 
[00264831] 5 | 8 2 _ 0 9 _ 1 11 4 9 1 _ 
[00264832] 4 | 8 2 6 0 9 _ 1 11 4 9 1 _ 
[00264833] 6 | _ 2 8 0 9 _ 1 11 4 _ 1 _ 
[00264834] 5 | 7 2 8 0 9 _ 1 11 4 _ 1 _ 
[00264835] 4 | 7 2 8 0 9 5 1 11 4 _ 1 _ 
[00264836] 5 | _ 2 8 0 9 4 1 11 4 _ 1 _ 
[00264837] 4 | 6 2 8 0 9 4 1 11 4 _ 1 _ 
[00264838] 5 | _ 2 8 0 9 _ 1 11 4 9 1 _ 
[00264839] 4 | 6 2 8 0 9 _ 1 11 4 9 1 _ 
[00264840] 6 | _ 8 2 0 9 _ 1 11 4 _ 1 _ 
[00264841] 6 | _ 6 _ 0 9 _ 1 11 4 _ 1 _ 
[00264842] 5 | _ 6 _ 0 9 4 1 11 4 _ 1 _ 
[00264843] 4 | 2 6 _ 0 9 4 1 11 4 _ 1 _ 
[00264844] 3 | 2 6 3 0 9 4 1 11 4 _ 1 _ 
[00264845] 4 | 10 6 _ 0 9 4 1 11 4 _ 1 _ 
[00264846] 3 | 10 6 3 0 9 4 1 11 4 _ 1 _ 
[00264847] 4 | _ 6 2 0 9 4 1 11 4 _ 1 _ 
[00264848] 3 | 3 6 2 0 9 4 1 11 4 _ 1 _ 
[00264849] 4 | _ 6 10 0 9 4 1 11 4 _ 1 _ 
[00264850] 3 | 3 6 10 0 9 4 1 11 4 _ 1 _ 
[00264851] 5 | _ 6 _ 0 9 _ 1 11 4 9 1 _ 
[00264852] 4 | 2 6 _ 0 9 _ 1 11 4 9 1 _ 
[00264853] 3 | 2 6 3 0 9 _ 1 11 4 9 1 _ 
[00264854] 4 | 10 6 _ 0 9 _ 1 11 4 9 1 _ 
[00264855] 3 | 10 6 3 0 9 _ 1 11 4 9 1 _ 
[00264856] 4 | _ 6 2 0 9 _ 1 11 4 9 1 _ 
[00264857] 3 | 3 6 2 0 9 _ 1 11 4 9 1 _ 
[00264858] 4 | _ 6 10 0 9 _ 1 11 4 9 1 _ 
[00264859] 3 | 3 6 10 0 9 _ 1 11 4 9 1 _ 
[00264860] 6 | _ _ _ 0 9 3 1 11 4 _ 1 _ 
[00264861] 5 | 2 7 _ 0 9 3 1 11 4 _ 1 _ 
[00264862] 5 | 5 10 _ 0 9 3 1 11 4 _ 1 _ 
[00264863] 5 | 7 2 _ 0 9 3 1 11 4 _ 1 _ 
[00264864] 4 | 7 2 6 0 9 3 1 11 4 _ 1 _ 
[00264865] 4 | 7 2 _ 0 9 3 1 11 4 8 1 _ 
[00264866] 3 | 7 2 5 0 9 3 1 11 4 8 1 _ 
[00264867] 5 | 10 5 _ 0 9 3 1 11 4 _ 1 _ 
[00264868] 5 | _ 2 7 0 9 3 1 11 4 _ 1 _ 
[00264869] 4 | 6 2 7 0 9 3 1 11 4 _ 1 _ 
[00264870] 4 | _ 2 7 0 9 3 1 11 4 8 1 _ 
[00264871] 3 | 5 2 7 0 9 3 1 11 4 8 1 _ 
[00264872] 5 | _ 5 10 0 9 3 1 11 4 _ 1 _ 
[00264873] 5 | _ 7 2 0 9 3 1 11 4 _ 1 _ 
[00264874] 5 | _ 10 5 0 9 3 1 11 4 _ 1 _ 
[00264875] 5 | _ 5 _ 0 9 3 1 11 4 _ 1 _ 
[00264876] 4 | _ 5 _ 0 9 3 1 11 4 8 1 _ 
[00264877] 3 | 2 5 _ 0 9 3 1 11 4 8 1 _ 
[00264878] 2 | 2 5 7 0 9 3 1 11 4 8 1 _ 
[00264879] 3 | _ 5 2 0 9 3 1 11 4 8 1 _ 
[00264880] 2 | 7 5 2 0 9 3 1 11 4 8 1 _ 
[00264881] 6 | _ _ _ 0 9 _ 1 11 4 10 1 _ 
[00264882] 5 | 2 7 _ 0 9 _ 1 11 4 10 1 _ 
[00264883] 5 | 3 8 _ 0 9 _ 1 11 4 10 1 _ 
[00264884] 5 | 7 2 _ 0 9 _ 1 11 4 10 1 _ 
[00264885] 4 | 7 2 6 0 9 _ 1 11 4 10 1 _ 
[00264886] 4 | 7 2 _ 0 9 5 1 11 4 10 1 _ 
[00264887] 5 | 8 3 _ 0 9 _ 1 11 4 10 1 _ 
[00264888] 4 | 8 3 7 0 9 _ 1 11 4 10 1 _ 
[00264889] 3 | 8 3 7 0 9 6 1 11 4 10 1 _ 
[00264890] 4 | 8 3 _ 0 9 5 1 11 4 10 1 _ 
[00264891] 3 | 8 3 6 0 9 5 1 11 4 10 1 _ 
[00264892] 5 | _ 2 7 0 9 _ 1 11 4 10 1 _ 
[00264893] 4 | 6 2 7 0 9 _ 1 11 4 10 1 _ 
[00264894] 4 | _ 2 7 0 9 5 1 11 4 10 1 _ 
[00264895] 5 | _ 3 8 0 9 _ 1 11 4 10 1 _ 
[00264896] 4 | 7 3 8 0 9 _ 1 11 4 10 1 _ 
[00264897] 3 | 7 3 8 0 9 6 1 11 4 10 1 _ 
[00264898] 4 | _ 3 8 0 9 5 1 11 4 10 1 _ 
[00264899] 3 | 6 3 8 0 9 5 1 11 4 10 1 _ 
[00264900] 5 | _ 7 2 0 9 _ 1 11 4 10 1 _ 
[00264901] 5 | _ 8 3 0 9 _ 1 11 4 10 1 _ 
[00264902] 5 | _ 5 _ 0 9 _ 1 11 4 10 1 _ 
[00264903] 4 | 9 5 _ 0 9 _ 1 11 4 10 1 _ 
[00264904] 3 | 9 5 2 0 9 _ 1 11 4 10 1 _ 
[00264905] 3 | 9 5 8 0 9 _ 1 11 4 10 1 _ 
[00264906] 4 | _ 5 9 0 9 _ 1 11 4 10 1 _ 
[00264907] 3 | 2 5 9 0 9 _ 1 11 4 10 1 _ 
[00264908] 3 | 8 5 9 0 9 _ 1 11 4 10 1 _ 
[00264909] 4 | _ 5 _ 0 9 5 1 11 4 10 1 _ 
[00264910] 7 | _ _ _ 0 9 _ 1 11 3 10 1 _ 
[00264911] 6 | 2 8 _ 0 9 _ 1 11 3 10 1 _ 
[00264912] 6 | 8 2 _ 0 9 _ 1 11 3 10 1 _ 
[00264913] 5 | 8 2 7 0 9 _ 1 11 3 10 1 _ 
[00264914] 4 | 8 2 7 0 9 5 1 11 3 10 1 _ 
[00264915] 5 | 8 2 _ 0 9 4 1 11 3 10 1 _ 
[00264916] 4 | 8 2 6 0 9 4 1 11 3 10 1 _ 
[00264917] 6 | _ 2 8 0 9 _ 1 11 3 10 1 _ 
[00264918] 5 | 7 2 8 0 9 _ 1 11 3 10 1 _ 
[00264919] 4 | 7 2 8 0 9 5 1 11 3 10 1 _ 
[00264920] 5 | _ 2 8 0 9 4 1 11 3 10 1 _ 
[00264921] 4 | 6 2 8 0 9 4 1 11 3 10 1 _ 
[00264922] 6 | _ 8 2 0 9 _ 1 11 3 10 1 _ 
[00264923] 6 | _ 6 _ 0 9 _ 1 11 3 10 1 _ 
[00264924] 5 | _ 6 _ 0 9 4 1 11 3 10 1 _ 
[00264925] 4 | 2 6 _ 0 9 4 1 11 3 10 1 _ 
[00264926] 4 | _ 6 2 0 9 4 1 11 3 10 1 _ 
[00264927] 7 | _ _ _ 0 9 _ 1 11 10 3 1 _ 
[00264928] 6 | 2 8 _ 0 9 _ 1 11 10 3 1 _ 
[00264929] 6 | 8 2 _ 0 9 _ 1 11 10 3 1 _ 
