[00367444] 3 | 2 9 5 1 7 _ 4 10 0 11 8 3 
[00367445] 6 | 2 9 _ 1 _ _ _ 10 0 11 4 _ 
[00367446] 5 | 2 9 4 1 _ _ _ 10 0 11 4 _ 
[00367447] 4 | 2 9 4 1 5 _ _ 10 0 11 4 _ 
[00367448] 3 | 2 9 4 1 5 8 _ 10 0 11 4 _ 
[00367449] 2 | 2 9 4 1 5 8 3 10 0 11 4 _ 
[00367450] 2 | 2 9 4 1 5 8 7 10 0 11 4 _ 
[00367451] 3 | 2 9 4 1 5 _ 8 10 0 11 4 _ 
[00367452] 2 | 2 9 4 1 5 3 8 10 0 11 4 _ 
[00367453] 2 | 2 9 4 1 5 7 8 10 0 11 4 _ 
[00367454] 4 | 2 9 4 1 3 7 _ 10 0 11 4 _ 
[00367455] 3 | 2 9 4 1 3 7 6 10 0 11 4 _ 
[00367456] 4 | 2 9 4 1 7 3 _ 10 0 11 4 _ 
[00367457] 4 | 2 9 4 1 3 _ 7 10 0 11 4 _ 
[00367458] 3 | 2 9 4 1 3 6 7 10 0 11 4 _ 
[00367459] 4 | 2 9 4 1 7 _ 3 10 0 11 4 _ 
[00367460] 5 | 2 9 _ 1 6 _ _ 10 0 11 4 _ 
[00367461] 4 | 2 9 5 1 6 _ _ 10 0 11 4 _ 
[00367462] 3 | 2 9 5 1 6 3 _ 10 0 11 4 _ 
[00367463] 2 | 2 9 5 1 6 3 4 10 0 11 4 _ 
[00367464] 2 | 2 9 5 1 6 3 8 10 0 11 4 _ 
[00367465] 2 | 2 9 5 1 6 3 _ 10 0 11 4 6 
[00367466] 3 | 2 9 5 1 6 _ 3 10 0 11 4 _ 
[00367467] 2 | 2 9 5 1 6 4 3 10 0 11 4 _ 
[00367468] 2 | 2 9 5 1 6 8 3 10 0 11 4 _ 
[00367469] 2 | 2 9 5 1 6 _ 3 10 0 11 4 6 
[00367470] 3 | 2 9 5 1 6 _ _ 10 0 11 4 7 
[00367471] 2 | 2 9 5 1 6 8 _ 10 0 11 4 7 
[00367472] 2 | 2 9 5 1 6 _ 8 10 0 11 4 7 
[00367473] 4 | 2 9 _ 1 6 _ _ 10 0 11 4 8 
[00367474] 3 | 2 9 6 1 6 _ _ 10 0 11 4 8 
[00367475] 3 | 2 9 _ 1 6 3 _ 10 0 11 4 8 
[00367476] 2 | 2 9 7 1 6 3 _ 10 0 11 4 8 
[00367477] 1 | 2 9 7 1 6 3 5 10 0 11 4 8  *Graceful*
[00367477] 3 | 2 9 _ 1 6 9 _ 10 0 11 4 8 
[00367478] 3 | 2 9 _ 1 6 _ 3 10 0 11 4 8 
[00367479] 2 | 2 9 7 1 6 _ 3 10 0 11 4 8 
[00367480] 1 | 2 9 7 1 6 5 3 10 0 11 4 8  *Graceful*
[00367480] 3 | 2 9 _ 1 6 _ 9 10 0 11 4 8 
[00367481] 5 | 2 9 _ 1 3 8 _ 10 0 11 4 _ 
[00367482] 4 | 2 9 5 1 3 8 _ 10 0 11 4 _ 
[00367483] 3 | 2 9 5 1 3 8 6 10 0 11 4 _ 
[00367484] 3 | 2 9 5 1 3 8 _ 10 0 11 4 7 
[00367485] 4 | 2 9 _ 1 3 8 7 10 0 11 4 _ 
[00367486] 3 | 2 9 6 1 3 8 7 10 0 11 4 _ 
[00367487] 5 | 2 9 _ 1 8 3 _ 10 0 11 4 _ 
[00367488] 4 | 2 9 5 1 8 3 _ 10 0 11 4 _ 
[00367489] 3 | 2 9 5 1 8 3 _ 10 0 11 4 7 
[00367490] 2 | 2 9 5 1 8 3 6 10 0 11 4 7 
[00367491] 4 | 2 9 _ 1 8 3 4 10 0 11 4 _ 
[00367492] 3 | 2 9 6 1 8 3 4 10 0 11 4 _ 
[00367493] 4 | 2 9 _ 1 8 3 _ 10 0 11 4 8 
[00367494] 3 | 2 9 6 1 8 3 _ 10 0 11 4 8 
[00367495] 5 | 2 9 _ 1 3 _ 8 10 0 11 4 _ 
[00367496] 4 | 2 9 5 1 3 _ 8 10 0 11 4 _ 
[00367497] 3 | 2 9 5 1 3 6 8 10 0 11 4 _ 
[00367498] 3 | 2 9 5 1 3 _ 8 10 0 11 4 7 
[00367499] 4 | 2 9 _ 1 3 7 8 10 0 11 4 _ 
[00367500] 3 | 2 9 6 1 3 7 8 10 0 11 4 _ 
[00367501] 5 | 2 9 _ 1 8 _ 3 10 0 11 4 _ 
[00367502] 4 | 2 9 5 1 8 _ 3 10 0 11 4 _ 
[00367503] 3 | 2 9 5 1 8 _ 3 10 0 11 4 7 
[00367504] 2 | 2 9 5 1 8 6 3 10 0 11 4 7 
[00367505] 4 | 2 9 _ 1 8 4 3 10 0 11 4 _ 
[00367506] 3 | 2 9 6 1 8 4 3 10 0 11 4 _ 
[00367507] 4 | 2 9 _ 1 8 _ 3 10 0 11 4 8 
[00367508] 3 | 2 9 6 1 8 _ 3 10 0 11 4 8 
[00367509] 5 | 2 9 _ 1 _ _ _ 10 0 11 4 9 
[00367510] 4 | 2 9 _ 1 5 _ _ 10 0 11 4 9 
[00367511] 3 | 2 9 _ 1 5 8 _ 10 0 11 4 9 
[00367512] 2 | 2 9 _ 1 5 8 3 10 0 11 4 9 
[00367513] 2 | 2 9 _ 1 5 8 7 10 0 11 4 9 
[00367514] 3 | 2 9 _ 1 5 _ 8 10 0 11 4 9 
[00367515] 2 | 2 9 _ 1 5 3 8 10 0 11 4 9 
[00367516] 2 | 2 9 _ 1 5 7 8 10 0 11 4 9 
[00367517] 4 | 2 9 _ 1 3 7 _ 10 0 11 4 9 
[00367518] 3 | 2 9 _ 1 3 7 6 10 0 11 4 9 
[00367519] 4 | 2 9 _ 1 7 3 _ 10 0 11 4 9 
[00367520] 4 | 2 9 _ 1 3 _ 7 10 0 11 4 9 
[00367521] 3 | 2 9 _ 1 3 6 7 10 0 11 4 9 
[00367522] 4 | 2 9 _ 1 7 _ 3 10 0 11 4 9 
[00367523] 7 | _ 9 2 1 _ _ _ 10 0 11 _ _ 
[00367524] 6 | 3 9 2 1 _ _ _ 10 0 11 _ _ 
[00367525] 5 | 3 9 2 1 6 _ _ 10 0 11 _ _ 
[00367526] 4 | 3 9 2 1 6 10 _ 10 0 11 _ _ 
[00367527] 3 | 3 9 2 1 6 10 _ 10 0 11 4 7 
[00367528] 2 | 3 9 2 1 6 10 8 10 0 11 4 7 
[00367529] 3 | 3 9 2 1 6 10 _ 10 0 11 5 8 
[00367530] 2 | 3 9 2 1 6 10 4 10 0 11 5 8 
[00367531] 3 | 3 9 2 1 6 10 _ 10 0 11 7 4 
[00367532] 2 | 3 9 2 1 6 10 8 10 0 11 7 4 
[00367533] 3 | 3 9 2 1 6 10 _ 10 0 11 8 5 
[00367534] 2 | 3 9 2 1 6 10 4 10 0 11 8 5 
[00367535] 4 | 3 9 2 1 6 _ 10 10 0 11 _ _ 
[00367536] 3 | 3 9 2 1 6 _ 10 10 0 11 4 7 
[00367537] 2 | 3 9 2 1 6 8 10 10 0 11 4 7 
[00367538] 3 | 3 9 2 1 6 _ 10 10 0 11 5 8 
[00367539] 2 | 3 9 2 1 6 4 10 10 0 11 5 8 
[00367540] 3 | 3 9 2 1 6 _ 10 10 0 11 7 4 
[00367541] 2 | 3 9 2 1 6 8 10 10 0 11 7 4 
[00367542] 3 | 3 9 2 1 6 _ 10 10 0 11 8 5 
[00367543] 2 | 3 9 2 1 6 4 10 10 0 11 8 5 
[00367544] 4 | 3 9 2 1 6 _ _ 10 0 11 6 _ 
[00367545] 4 | 3 9 2 1 6 _ _ 10 0 11 4 8 
[00367546] 4 | 3 9 2 1 6 _ _ 10 0 11 8 4 
[00367547] 5 | 3 9 2 1 _ _ _ 10 0 11 5 _ 
[00367548] 4 | 3 9 2 1 5 _ _ 10 0 11 5 _ 
[00367549] 3 | 3 9 2 1 5 8 _ 10 0 11 5 _ 
[00367550] 2 | 3 9 2 1 5 8 7 10 0 11 5 _ 
[00367551] 2 | 3 9 2 1 5 8 _ 10 0 11 5 7 
[00367552] 3 | 3 9 2 1 5 _ 8 10 0 11 5 _ 
[00367553] 2 | 3 9 2 1 5 7 8 10 0 11 5 _ 
[00367554] 2 | 3 9 2 1 5 _ 8 10 0 11 5 7 
[00367555] 3 | 3 9 2 1 5 _ _ 10 0 11 5 8 
[00367556] 4 | 3 9 2 1 4 8 _ 10 0 11 5 _ 
[00367557] 3 | 3 9 2 1 4 8 7 10 0 11 5 _ 
[00367558] 4 | 3 9 2 1 8 4 _ 10 0 11 5 _ 
[00367559] 3 | 3 9 2 1 8 4 5 10 0 11 5 _ 
[00367560] 3 | 3 9 2 1 8 4 _ 10 0 11 5 8 
[00367561] 4 | 3 9 2 1 4 _ 8 10 0 11 5 _ 
[00367562] 3 | 3 9 2 1 4 7 8 10 0 11 5 _ 
[00367563] 4 | 3 9 2 1 8 _ 4 10 0 11 5 _ 
[00367564] 3 | 3 9 2 1 8 5 4 10 0 11 5 _ 
[00367565] 3 | 3 9 2 1 8 _ 4 10 0 11 5 8 
[00367566] 4 | 3 9 2 1 _ _ _ 10 0 11 5 1 
[00367567] 3 | 3 9 2 1 4 7 _ 10 0 11 5 1 
[00367568] 2 | 3 9 2 1 4 7 6 10 0 11 5 1 
[00367569] 3 | 3 9 2 1 7 4 _ 10 0 11 5 1 
[00367570] 3 | 3 9 2 1 4 _ 7 10 0 11 5 1 
[00367571] 2 | 3 9 2 1 4 6 7 10 0 11 5 1 
[00367572] 3 | 3 9 2 1 7 _ 4 10 0 11 5 1 
[00367573] 6 | _ 9 2 1 7 _ _ 10 0 11 _ _ 
[00367574] 5 | 4 9 2 1 7 _ _ 10 0 11 _ _ 
[00367575] 4 | 4 9 2 1 7 3 _ 10 0 11 _ _ 
[00367576] 3 | 4 9 2 1 7 3 10 10 0 11 _ _ 
[00367577] 2 | 4 9 2 1 7 3 10 10 0 11 6 8 
[00367578] 2 | 4 9 2 1 7 3 10 10 0 11 8 6 
[00367579] 3 | 4 9 2 1 7 3 _ 10 0 11 7 _ 
[00367580] 2 | 4 9 2 1 7 3 5 10 0 11 7 _ 
[00367581] 2 | 4 9 2 1 7 3 _ 10 0 11 7 5 
[00367582] 3 | 4 9 2 1 7 3 _ 10 0 11 5 8 
[00367583] 3 | 4 9 2 1 7 3 _ 10 0 11 8 5 
[00367584] 4 | 4 9 2 1 7 _ 3 10 0 11 _ _ 
[00367585] 3 | 4 9 2 1 7 10 3 10 0 11 _ _ 
[00367586] 2 | 4 9 2 1 7 10 3 10 0 11 6 8 
[00367587] 2 | 4 9 2 1 7 10 3 10 0 11 8 6 
[00367588] 3 | 4 9 2 1 7 _ 3 10 0 11 7 _ 
[00367589] 2 | 4 9 2 1 7 5 3 10 0 11 7 _ 
[00367590] 2 | 4 9 2 1 7 _ 3 10 0 11 7 5 
[00367591] 3 | 4 9 2 1 7 _ 3 10 0 11 5 8 
[00367592] 3 | 4 9 2 1 7 _ 3 10 0 11 8 5 
[00367593] 4 | 4 9 2 1 7 _ _ 10 0 11 6 _ 
[00367594] 3 | 4 9 2 1 7 _ _ 10 0 11 6 3 
[00367595] 2 | 4 9 2 1 7 5 _ 10 0 11 6 3 
[00367596] 1 | 4 9 2 1 7 5 8 10 0 11 6 3  *Graceful*
[00367596] 2 | 4 9 2 1 7 _ 5 10 0 11 6 3 
[00367597] 1 | 4 9 2 1 7 8 5 10 0 11 6 3  *Graceful*
[00367597] 5 | _ 9 2 1 7 _ _ 10 0 11 5 _ 
[00367598] 4 | 5 9 2 1 7 _ _ 10 0 11 5 _ 
[00367599] 3 | 5 9 2 1 7 4 _ 10 0 11 5 _ 
[00367600] 3 | 5 9 2 1 7 _ 4 10 0 11 5 _ 
[00367601] 4 | _ 9 2 1 7 3 _ 10 0 11 5 _ 
[00367602] 3 | 6 9 2 1 7 3 _ 10 0 11 5 _ 
[00367603] 2 | 6 9 2 1 7 3 5 10 0 11 5 _ 
[00367604] 2 | 6 9 2 1 7 3 _ 10 0 11 5 7 
[00367605] 3 | _ 9 2 1 7 3 4 10 0 11 5 _ 
[00367606] 3 | _ 9 2 1 7 3 _ 10 0 11 5 8 
[00367607] 2 | 7 9 2 1 7 3 _ 10 0 11 5 8 
[00367608] 2 | _ 9 2 1 7 3 9 10 0 11 5 8 
[00367609] 4 | _ 9 2 1 7 _ 3 10 0 11 5 _ 
[00367610] 3 | 6 9 2 1 7 _ 3 10 0 11 5 _ 
[00367611] 2 | 6 9 2 1 7 5 3 10 0 11 5 _ 
[00367612] 2 | 6 9 2 1 7 _ 3 10 0 11 5 7 
[00367613] 3 | _ 9 2 1 7 4 3 10 0 11 5 _ 
[00367614] 3 | _ 9 2 1 7 _ 3 10 0 11 5 8 
[00367615] 2 | 7 9 2 1 7 _ 3 10 0 11 5 8 
[00367616] 2 | _ 9 2 1 7 9 3 10 0 11 5 8 
[00367617] 4 | _ 9 2 1 7 _ _ 10 0 11 5 9 
[00367618] 3 | _ 9 2 1 7 4 _ 10 0 11 5 9 
[00367619] 3 | _ 9 2 1 7 _ 4 10 0 11 5 9 
[00367620] 5 | _ 9 2 1 7 _ _ 10 0 11 3 8 
[00367621] 4 | 5 9 2 1 7 _ _ 10 0 11 3 8 
[00367622] 3 | 5 9 2 1 7 4 _ 10 0 11 3 8 
[00367623] 3 | 5 9 2 1 7 _ 4 10 0 11 3 8 
[00367624] 5 | _ 9 2 1 7 _ _ 10 0 11 8 3 
[00367625] 4 | 5 9 2 1 7 _ _ 10 0 11 8 3 
[00367626] 3 | 5 9 2 1 7 4 _ 10 0 11 8 3 
[00367627] 3 | 5 9 2 1 7 _ 4 10 0 11 8 3 
[00367628] 6 | _ 9 2 1 _ _ _ 10 0 11 4 _ 
[00367629] 5 | 4 9 2 1 _ _ _ 10 0 11 4 _ 
[00367630] 4 | 4 9 2 1 5 _ _ 10 0 11 4 _ 
[00367631] 3 | 4 9 2 1 5 8 _ 10 0 11 4 _ 
[00367632] 2 | 4 9 2 1 5 8 3 10 0 11 4 _ 
[00367633] 2 | 4 9 2 1 5 8 7 10 0 11 4 _ 
[00367634] 3 | 4 9 2 1 5 _ 8 10 0 11 4 _ 
[00367635] 2 | 4 9 2 1 5 3 8 10 0 11 4 _ 
[00367636] 2 | 4 9 2 1 5 7 8 10 0 11 4 _ 
[00367637] 4 | 4 9 2 1 3 7 _ 10 0 11 4 _ 
[00367638] 3 | 4 9 2 1 3 7 6 10 0 11 4 _ 
[00367639] 4 | 4 9 2 1 7 3 _ 10 0 11 4 _ 
[00367640] 4 | 4 9 2 1 3 _ 7 10 0 11 4 _ 
[00367641] 3 | 4 9 2 1 3 6 7 10 0 11 4 _ 
[00367642] 4 | 4 9 2 1 7 _ 3 10 0 11 4 _ 
[00367643] 5 | _ 9 2 1 6 _ _ 10 0 11 4 _ 
[00367644] 4 | 5 9 2 1 6 _ _ 10 0 11 4 _ 
[00367645] 3 | 5 9 2 1 6 3 _ 10 0 11 4 _ 
[00367646] 2 | 5 9 2 1 6 3 4 10 0 11 4 _ 
[00367647] 2 | 5 9 2 1 6 3 8 10 0 11 4 _ 
[00367648] 2 | 5 9 2 1 6 3 _ 10 0 11 4 6 
[00367649] 3 | 5 9 2 1 6 _ 3 10 0 11 4 _ 
[00367650] 2 | 5 9 2 1 6 4 3 10 0 11 4 _ 
[00367651] 2 | 5 9 2 1 6 8 3 10 0 11 4 _ 
[00367652] 2 | 5 9 2 1 6 _ 3 10 0 11 4 6 
[00367653] 3 | 5 9 2 1 6 _ _ 10 0 11 4 7 
[00367654] 2 | 5 9 2 1 6 8 _ 10 0 11 4 7 
[00367655] 2 | 5 9 2 1 6 _ 8 10 0 11 4 7 
[00367656] 4 | _ 9 2 1 6 _ _ 10 0 11 4 8 
[00367657] 3 | 6 9 2 1 6 _ _ 10 0 11 4 8 
[00367658] 3 | _ 9 2 1 6 3 _ 10 0 11 4 8 
[00367659] 2 | 7 9 2 1 6 3 _ 10 0 11 4 8 
[00367660] 1 | 7 9 2 1 6 3 5 10 0 11 4 8  *Graceful*
[00367660] 3 | _ 9 2 1 6 9 _ 10 0 11 4 8 
[00367661] 3 | _ 9 2 1 6 _ 3 10 0 11 4 8 
[00367662] 2 | 7 9 2 1 6 _ 3 10 0 11 4 8 
[00367663] 1 | 7 9 2 1 6 5 3 10 0 11 4 8  *Graceful*
[00367663] 3 | _ 9 2 1 6 _ 9 10 0 11 4 8 
[00367664] 5 | _ 9 2 1 3 8 _ 10 0 11 4 _ 
[00367665] 4 | 5 9 2 1 3 8 _ 10 0 11 4 _ 
[00367666] 3 | 5 9 2 1 3 8 6 10 0 11 4 _ 
[00367667] 3 | 5 9 2 1 3 8 _ 10 0 11 4 7 
[00367668] 4 | _ 9 2 1 3 8 7 10 0 11 4 _ 
[00367669] 3 | 6 9 2 1 3 8 7 10 0 11 4 _ 
[00367670] 5 | _ 9 2 1 8 3 _ 10 0 11 4 _ 
[00367671] 4 | 5 9 2 1 8 3 _ 10 0 11 4 _ 
[00367672] 3 | 5 9 2 1 8 3 _ 10 0 11 4 7 
[00367673] 2 | 5 9 2 1 8 3 6 10 0 11 4 7 
[00367674] 4 | _ 9 2 1 8 3 4 10 0 11 4 _ 
[00367675] 3 | 6 9 2 1 8 3 4 10 0 11 4 _ 
[00367676] 4 | _ 9 2 1 8 3 _ 10 0 11 4 8 
[00367677] 3 | 6 9 2 1 8 3 _ 10 0 11 4 8 
[00367678] 5 | _ 9 2 1 3 _ 8 10 0 11 4 _ 
[00367679] 4 | 5 9 2 1 3 _ 8 10 0 11 4 _ 
[00367680] 3 | 5 9 2 1 3 6 8 10 0 11 4 _ 
[00367681] 3 | 5 9 2 1 3 _ 8 10 0 11 4 7 
[00367682] 4 | _ 9 2 1 3 7 8 10 0 11 4 _ 
[00367683] 3 | 6 9 2 1 3 7 8 10 0 11 4 _ 
[00367684] 5 | _ 9 2 1 8 _ 3 10 0 11 4 _ 
[00367685] 4 | 5 9 2 1 8 _ 3 10 0 11 4 _ 
[00367686] 3 | 5 9 2 1 8 _ 3 10 0 11 4 7 
[00367687] 2 | 5 9 2 1 8 6 3 10 0 11 4 7 
[00367688] 4 | _ 9 2 1 8 4 3 10 0 11 4 _ 
[00367689] 3 | 6 9 2 1 8 4 3 10 0 11 4 _ 
[00367690] 4 | _ 9 2 1 8 _ 3 10 0 11 4 8 
[00367691] 3 | 6 9 2 1 8 _ 3 10 0 11 4 8 
[00367692] 5 | _ 9 2 1 _ _ _ 10 0 11 4 9 
[00367693] 4 | _ 9 2 1 5 _ _ 10 0 11 4 9 
[00367694] 3 | _ 9 2 1 5 8 _ 10 0 11 4 9 
[00367695] 2 | _ 9 2 1 5 8 3 10 0 11 4 9 
[00367696] 2 | _ 9 2 1 5 8 7 10 0 11 4 9 
[00367697] 3 | _ 9 2 1 5 _ 8 10 0 11 4 9 
[00367698] 2 | _ 9 2 1 5 3 8 10 0 11 4 9 
[00367699] 2 | _ 9 2 1 5 7 8 10 0 11 4 9 
[00367700] 4 | _ 9 2 1 3 7 _ 10 0 11 4 9 
[00367701] 3 | _ 9 2 1 3 7 6 10 0 11 4 9 
[00367702] 4 | _ 9 2 1 7 3 _ 10 0 11 4 9 
[00367703] 4 | _ 9 2 1 3 _ 7 10 0 11 4 9 
[00367704] 3 | _ 9 2 1 3 6 7 10 0 11 4 9 
[00367705] 4 | _ 9 2 1 7 _ 3 10 0 11 4 9 
[00367706] 7 | _ 9 _ 1 8 _ _ 10 0 11 _ _ 
[00367707] 6 | 3 9 _ 1 8 _ _ 10 0 11 _ _ 
[00367708] 5 | 3 9 4 1 8 _ _ 10 0 11 _ _ 
[00367709] 4 | 3 9 4 1 8 _ _ 10 0 11 6 _ 
[00367710] 3 | 3 9 4 1 8 5 _ 10 0 11 6 _ 
[00367711] 2 | 3 9 4 1 8 5 6 10 0 11 6 _ 
[00367712] 2 | 3 9 4 1 8 5 _ 10 0 11 6 8 
[00367713] 3 | 3 9 4 1 8 _ 5 10 0 11 6 _ 
[00367714] 2 | 3 9 4 1 8 6 5 10 0 11 6 _ 
[00367715] 2 | 3 9 4 1 8 _ 5 10 0 11 6 8 
[00367716] 4 | 3 9 4 1 8 _ _ 10 0 11 2 6 
[00367717] 3 | 3 9 4 1 8 5 _ 10 0 11 2 6 
[00367718] 3 | 3 9 4 1 8 _ 5 10 0 11 2 6 
[00367719] 4 | 3 9 4 1 8 _ _ 10 0 11 6 2 
[00367720] 3 | 3 9 4 1 8 5 _ 10 0 11 6 2 
[00367721] 3 | 3 9 4 1 8 _ 5 10 0 11 6 2 
[00367722] 5 | 3 9 _ 1 8 _ _ 10 0 11 5 _ 
[00367723] 4 | 3 9 5 1 8 _ _ 10 0 11 5 _ 
[00367724] 4 | 3 9 _ 1 8 4 _ 10 0 11 5 _ 
[00367725] 3 | 3 9 6 1 8 4 _ 10 0 11 5 _ 
[00367726] 2 | 3 9 6 1 8 4 _ 10 0 11 5 7 
[00367727] 3 | 3 9 _ 1 8 4 5 10 0 11 5 _ 
[00367728] 2 | 3 9 7 1 8 4 5 10 0 11 5 _ 
[00367729] 3 | 3 9 _ 1 8 4 _ 10 0 11 5 2 
[00367730] 2 | 3 9 7 1 8 4 _ 10 0 11 5 2 
[00367731] 2 | 3 9 _ 1 8 4 6 10 0 11 5 2 
[00367732] 3 | 3 9 _ 1 8 4 _ 10 0 11 5 8 
[00367733] 2 | 3 9 7 1 8 4 _ 10 0 11 5 8 
[00367734] 4 | 3 9 _ 1 8 _ 4 10 0 11 5 _ 
[00367735] 3 | 3 9 6 1 8 _ 4 10 0 11 5 _ 
[00367736] 2 | 3 9 6 1 8 _ 4 10 0 11 5 7 
[00367737] 3 | 3 9 _ 1 8 5 4 10 0 11 5 _ 
[00367738] 2 | 3 9 7 1 8 5 4 10 0 11 5 _ 
[00367739] 3 | 3 9 _ 1 8 _ 4 10 0 11 5 2 
[00367740] 2 | 3 9 7 1 8 _ 4 10 0 11 5 2 
[00367741] 2 | 3 9 _ 1 8 6 4 10 0 11 5 2 
[00367742] 3 | 3 9 _ 1 8 _ 4 10 0 11 5 8 
[00367743] 2 | 3 9 7 1 8 _ 4 10 0 11 5 8 
[00367744] 4 | 3 9 _ 1 8 _ _ 10 0 11 5 9 
[00367745] 5 | 3 9 _ 1 8 _ _ 10 0 11 2 7 
[00367746] 4 | 3 9 5 1 8 _ _ 10 0 11 2 7 
[00367747] 4 | 3 9 _ 1 8 4 _ 10 0 11 2 7 
[00367748] 3 | 3 9 6 1 8 4 _ 10 0 11 2 7 
[00367749] 3 | 3 9 _ 1 8 4 5 10 0 11 2 7 
[00367750] 4 | 3 9 _ 1 8 _ 4 10 0 11 2 7 
[00367751] 3 | 3 9 6 1 8 _ 4 10 0 11 2 7 
[00367752] 3 | 3 9 _ 1 8 5 4 10 0 11 2 7 
[00367753] 5 | 3 9 _ 1 8 _ _ 10 0 11 7 2 
[00367754] 4 | 3 9 5 1 8 _ _ 10 0 11 7 2 
[00367755] 4 | 3 9 _ 1 8 4 _ 10 0 11 7 2 
[00367756] 3 | 3 9 6 1 8 4 _ 10 0 11 7 2 
[00367757] 3 | 3 9 _ 1 8 4 5 10 0 11 7 2 
[00367758] 4 | 3 9 _ 1 8 _ 4 10 0 11 7 2 
[00367759] 3 | 3 9 6 1 8 _ 4 10 0 11 7 2 
[00367760] 3 | 3 9 _ 1 8 5 4 10 0 11 7 2 
[00367761] 6 | _ 9 3 1 8 _ _ 10 0 11 _ _ 
[00367762] 5 | 4 9 3 1 8 _ _ 10 0 11 _ _ 
[00367763] 4 | 4 9 3 1 8 _ _ 10 0 11 6 _ 
[00367764] 3 | 4 9 3 1 8 5 _ 10 0 11 6 _ 
[00367765] 2 | 4 9 3 1 8 5 6 10 0 11 6 _ 
[00367766] 2 | 4 9 3 1 8 5 _ 10 0 11 6 8 
[00367767] 3 | 4 9 3 1 8 _ 5 10 0 11 6 _ 
[00367768] 2 | 4 9 3 1 8 6 5 10 0 11 6 _ 
[00367769] 2 | 4 9 3 1 8 _ 5 10 0 11 6 8 
[00367770] 4 | 4 9 3 1 8 _ _ 10 0 11 2 6 
[00367771] 3 | 4 9 3 1 8 5 _ 10 0 11 2 6 
[00367772] 3 | 4 9 3 1 8 _ 5 10 0 11 2 6 
[00367773] 4 | 4 9 3 1 8 _ _ 10 0 11 6 2 
[00367774] 3 | 4 9 3 1 8 5 _ 10 0 11 6 2 
[00367775] 3 | 4 9 3 1 8 _ 5 10 0 11 6 2 
[00367776] 5 | _ 9 3 1 8 _ _ 10 0 11 5 _ 
[00367777] 4 | 5 9 3 1 8 _ _ 10 0 11 5 _ 
[00367778] 4 | _ 9 3 1 8 4 _ 10 0 11 5 _ 
[00367779] 3 | 6 9 3 1 8 4 _ 10 0 11 5 _ 
[00367780] 2 | 6 9 3 1 8 4 _ 10 0 11 5 7 
[00367781] 3 | _ 9 3 1 8 4 5 10 0 11 5 _ 
[00367782] 2 | 7 9 3 1 8 4 5 10 0 11 5 _ 
[00367783] 3 | _ 9 3 1 8 4 _ 10 0 11 5 2 
[00367784] 2 | 7 9 3 1 8 4 _ 10 0 11 5 2 
[00367785] 2 | _ 9 3 1 8 4 6 10 0 11 5 2 
[00367786] 3 | _ 9 3 1 8 4 _ 10 0 11 5 8 
[00367787] 2 | 7 9 3 1 8 4 _ 10 0 11 5 8 
[00367788] 4 | _ 9 3 1 8 _ 4 10 0 11 5 _ 
[00367789] 3 | 6 9 3 1 8 _ 4 10 0 11 5 _ 
[00367790] 2 | 6 9 3 1 8 _ 4 10 0 11 5 7 
[00367791] 3 | _ 9 3 1 8 5 4 10 0 11 5 _ 
[00367792] 2 | 7 9 3 1 8 5 4 10 0 11 5 _ 
[00367793] 3 | _ 9 3 1 8 _ 4 10 0 11 5 2 
[00367794] 2 | 7 9 3 1 8 _ 4 10 0 11 5 2 
[00367795] 2 | _ 9 3 1 8 6 4 10 0 11 5 2 
[00367796] 3 | _ 9 3 1 8 _ 4 10 0 11 5 8 
[00367797] 2 | 7 9 3 1 8 _ 4 10 0 11 5 8 
[00367798] 4 | _ 9 3 1 8 _ _ 10 0 11 5 9 
[00367799] 5 | _ 9 3 1 8 _ _ 10 0 11 2 7 
[00367800] 4 | 5 9 3 1 8 _ _ 10 0 11 2 7 
[00367801] 4 | _ 9 3 1 8 4 _ 10 0 11 2 7 
[00367802] 3 | 6 9 3 1 8 4 _ 10 0 11 2 7 
[00367803] 3 | _ 9 3 1 8 4 5 10 0 11 2 7 
[00367804] 4 | _ 9 3 1 8 _ 4 10 0 11 2 7 
[00367805] 3 | 6 9 3 1 8 _ 4 10 0 11 2 7 
[00367806] 3 | _ 9 3 1 8 5 4 10 0 11 2 7 
[00367807] 5 | _ 9 3 1 8 _ _ 10 0 11 7 2 
[00367808] 4 | 5 9 3 1 8 _ _ 10 0 11 7 2 
[00367809] 4 | _ 9 3 1 8 4 _ 10 0 11 7 2 
[00367810] 3 | 6 9 3 1 8 4 _ 10 0 11 7 2 
[00367811] 3 | _ 9 3 1 8 4 5 10 0 11 7 2 
[00367812] 4 | _ 9 3 1 8 _ 4 10 0 11 7 2 
[00367813] 3 | 6 9 3 1 8 _ 4 10 0 11 7 2 
[00367814] 3 | _ 9 3 1 8 5 4 10 0 11 7 2 
[00367815] 6 | _ 9 _ 1 8 2 _ 10 0 11 _ _ 
[00367816] 5 | 4 9 _ 1 8 2 _ 10 0 11 _ _ 
[00367817] 4 | 4 9 5 1 8 2 _ 10 0 11 _ _ 
[00367818] 3 | 4 9 5 1 8 2 _ 10 0 11 7 _ 
[00367819] 2 | 4 9 5 1 8 2 6 10 0 11 7 _ 
[00367820] 3 | 4 9 5 1 8 2 _ 10 0 11 3 6 
[00367821] 3 | 4 9 5 1 8 2 _ 10 0 11 6 3 
[00367822] 4 | 4 9 _ 1 8 2 _ 10 0 11 6 _ 
[00367823] 3 | 4 9 6 1 8 2 _ 10 0 11 6 _ 
[00367824] 3 | 4 9 _ 1 8 2 5 10 0 11 6 _ 
[00367825] 2 | 4 9 7 1 8 2 5 10 0 11 6 _ 
[00367826] 3 | 4 9 _ 1 8 2 _ 10 0 11 6 3 
[00367827] 2 | 4 9 7 1 8 2 _ 10 0 11 6 3 
[00367828] 3 | 4 9 _ 1 8 2 _ 10 0 11 6 9 
[00367829] 4 | 4 9 _ 1 8 2 _ 10 0 11 3 7 
[00367830] 3 | 4 9 6 1 8 2 _ 10 0 11 3 7 
[00367831] 3 | 4 9 _ 1 8 2 5 10 0 11 3 7 
[00367832] 4 | 4 9 _ 1 8 2 _ 10 0 11 7 3 
[00367833] 3 | 4 9 6 1 8 2 _ 10 0 11 7 3 
[00367834] 3 | 4 9 _ 1 8 2 5 10 0 11 7 3 
[00367835] 5 | _ 9 4 1 8 2 _ 10 0 11 _ _ 
[00367836] 4 | 5 9 4 1 8 2 _ 10 0 11 _ _ 
[00367837] 3 | 5 9 4 1 8 2 _ 10 0 11 7 _ 
[00367838] 2 | 5 9 4 1 8 2 6 10 0 11 7 _ 
[00367839] 3 | 5 9 4 1 8 2 _ 10 0 11 3 6 
[00367840] 3 | 5 9 4 1 8 2 _ 10 0 11 6 3 
[00367841] 4 | _ 9 4 1 8 2 _ 10 0 11 6 _ 
[00367842] 3 | 6 9 4 1 8 2 _ 10 0 11 6 _ 
[00367843] 3 | _ 9 4 1 8 2 5 10 0 11 6 _ 
[00367844] 2 | 7 9 4 1 8 2 5 10 0 11 6 _ 
[00367845] 3 | _ 9 4 1 8 2 _ 10 0 11 6 3 
[00367846] 2 | 7 9 4 1 8 2 _ 10 0 11 6 3 
[00367847] 3 | _ 9 4 1 8 2 _ 10 0 11 6 9 
[00367848] 4 | _ 9 4 1 8 2 _ 10 0 11 3 7 
[00367849] 3 | 6 9 4 1 8 2 _ 10 0 11 3 7 
[00367850] 3 | _ 9 4 1 8 2 5 10 0 11 3 7 
[00367851] 4 | _ 9 4 1 8 2 _ 10 0 11 7 3 
[00367852] 3 | 6 9 4 1 8 2 _ 10 0 11 7 3 
[00367853] 3 | _ 9 4 1 8 2 5 10 0 11 7 3 
[00367854] 5 | _ 9 _ 1 8 2 3 10 0 11 _ _ 
[00367855] 4 | 5 9 _ 1 8 2 3 10 0 11 _ _ 
[00367856] 3 | 5 9 6 1 8 2 3 10 0 11 _ _ 
[00367857] 3 | 5 9 _ 1 8 2 3 10 0 11 7 _ 
[00367858] 2 | 5 9 7 1 8 2 3 10 0 11 7 _ 
[00367859] 2 | 5 9 _ 1 8 2 3 10 0 11 7 9 
[00367860] 3 | 5 9 _ 1 8 2 3 10 0 11 4 7 
[00367861] 3 | 5 9 _ 1 8 2 3 10 0 11 7 4 
[00367862] 4 | _ 9 5 1 8 2 3 10 0 11 _ _ 
[00367863] 3 | 6 9 5 1 8 2 3 10 0 11 _ _ 
[00367864] 3 | _ 9 5 1 8 2 3 10 0 11 7 _ 
[00367865] 2 | 7 9 5 1 8 2 3 10 0 11 7 _ 
[00367866] 2 | _ 9 5 1 8 2 3 10 0 11 7 9 
[00367867] 3 | _ 9 5 1 8 2 3 10 0 11 4 7 
[00367868] 3 | _ 9 5 1 8 2 3 10 0 11 7 4 
[00367869] 4 | _ 9 _ 1 8 2 3 10 0 11 6 _ 
[00367870] 3 | 6 9 _ 1 8 2 3 10 0 11 6 _ 
[00367871] 2 | 6 9 7 1 8 2 3 10 0 11 6 _ 
[00367872] 3 | _ 9 6 1 8 2 3 10 0 11 6 _ 
[00367873] 2 | 7 9 6 1 8 2 3 10 0 11 6 _ 
[00367874] 3 | _ 9 _ 1 8 2 3 10 0 11 6 9 
[00367875] 5 | _ 9 _ 1 8 2 _ 10 0 11 5 _ 
[00367876] 4 | 5 9 _ 1 8 2 _ 10 0 11 5 _ 
[00367877] 3 | 5 9 6 1 8 2 _ 10 0 11 5 _ 
[00367878] 4 | _ 9 5 1 8 2 _ 10 0 11 5 _ 
[00367879] 3 | 6 9 5 1 8 2 _ 10 0 11 5 _ 
[00367880] 4 | _ 9 _ 1 8 2 4 10 0 11 5 _ 
[00367881] 3 | 6 9 _ 1 8 2 4 10 0 11 5 _ 
[00367882] 2 | 6 9 7 1 8 2 4 10 0 11 5 _ 
[00367883] 2 | 6 9 _ 1 8 2 4 10 0 11 5 3 
[00367884] 2 | 6 9 _ 1 8 2 4 10 0 11 5 7 
[00367885] 3 | _ 9 6 1 8 2 4 10 0 11 5 _ 
[00367886] 2 | 7 9 6 1 8 2 4 10 0 11 5 _ 
[00367887] 2 | _ 9 6 1 8 2 4 10 0 11 5 3 
[00367888] 2 | _ 9 6 1 8 2 4 10 0 11 5 7 
[00367889] 4 | _ 9 _ 1 8 2 _ 10 0 11 5 9 
[00367890] 6 | _ 9 _ 1 8 _ 2 10 0 11 _ _ 
[00367891] 5 | 4 9 _ 1 8 _ 2 10 0 11 _ _ 
[00367892] 4 | 4 9 5 1 8 _ 2 10 0 11 _ _ 
[00367893] 3 | 4 9 5 1 8 _ 2 10 0 11 7 _ 
[00367894] 2 | 4 9 5 1 8 6 2 10 0 11 7 _ 
[00367895] 3 | 4 9 5 1 8 _ 2 10 0 11 3 6 
[00367896] 3 | 4 9 5 1 8 _ 2 10 0 11 6 3 
[00367897] 4 | 4 9 _ 1 8 _ 2 10 0 11 6 _ 
[00367898] 3 | 4 9 6 1 8 _ 2 10 0 11 6 _ 
[00367899] 3 | 4 9 _ 1 8 5 2 10 0 11 6 _ 
[00367900] 2 | 4 9 7 1 8 5 2 10 0 11 6 _ 
[00367901] 3 | 4 9 _ 1 8 _ 2 10 0 11 6 3 
[00367902] 2 | 4 9 7 1 8 _ 2 10 0 11 6 3 
[00367903] 3 | 4 9 _ 1 8 _ 2 10 0 11 6 9 
[00367904] 4 | 4 9 _ 1 8 _ 2 10 0 11 3 7 
[00367905] 3 | 4 9 6 1 8 _ 2 10 0 11 3 7 
[00367906] 3 | 4 9 _ 1 8 5 2 10 0 11 3 7 
[00367907] 4 | 4 9 _ 1 8 _ 2 10 0 11 7 3 
[00367908] 3 | 4 9 6 1 8 _ 2 10 0 11 7 3 
[00367909] 3 | 4 9 _ 1 8 5 2 10 0 11 7 3 
[00367910] 5 | _ 9 4 1 8 _ 2 10 0 11 _ _ 
[00367911] 4 | 5 9 4 1 8 _ 2 10 0 11 _ _ 
[00367912] 3 | 5 9 4 1 8 _ 2 10 0 11 7 _ 
[00367913] 2 | 5 9 4 1 8 6 2 10 0 11 7 _ 
[00367914] 3 | 5 9 4 1 8 _ 2 10 0 11 3 6 
[00367915] 3 | 5 9 4 1 8 _ 2 10 0 11 6 3 
[00367916] 4 | _ 9 4 1 8 _ 2 10 0 11 6 _ 
[00367917] 3 | 6 9 4 1 8 _ 2 10 0 11 6 _ 
[00367918] 3 | _ 9 4 1 8 5 2 10 0 11 6 _ 
[00367919] 2 | 7 9 4 1 8 5 2 10 0 11 6 _ 
[00367920] 3 | _ 9 4 1 8 _ 2 10 0 11 6 3 
[00367921] 2 | 7 9 4 1 8 _ 2 10 0 11 6 3 
[00367922] 3 | _ 9 4 1 8 _ 2 10 0 11 6 9 
[00367923] 4 | _ 9 4 1 8 _ 2 10 0 11 3 7 
[00367924] 3 | 6 9 4 1 8 _ 2 10 0 11 3 7 
[00367925] 3 | _ 9 4 1 8 5 2 10 0 11 3 7 
[00367926] 4 | _ 9 4 1 8 _ 2 10 0 11 7 3 
[00367927] 3 | 6 9 4 1 8 _ 2 10 0 11 7 3 
[00367928] 3 | _ 9 4 1 8 5 2 10 0 11 7 3 
[00367929] 5 | _ 9 _ 1 8 3 2 10 0 11 _ _ 
[00367930] 4 | 5 9 _ 1 8 3 2 10 0 11 _ _ 
[00367931] 3 | 5 9 6 1 8 3 2 10 0 11 _ _ 
[00367932] 3 | 5 9 _ 1 8 3 2 10 0 11 7 _ 
[00367933] 2 | 5 9 7 1 8 3 2 10 0 11 7 _ 
[00367934] 2 | 5 9 _ 1 8 3 2 10 0 11 7 9 
[00367935] 3 | 5 9 _ 1 8 3 2 10 0 11 4 7 
[00367936] 3 | 5 9 _ 1 8 3 2 10 0 11 7 4 
[00367937] 4 | _ 9 5 1 8 3 2 10 0 11 _ _ 
