[00259442] 5 | 2 9 1 0 10 5 4 11 _ _ 1 _ 
[00259443] 4 | 2 9 1 0 10 5 4 11 7 _ 1 _ 
[00259444] 4 | 2 9 1 0 10 5 4 11 3 7 1 _ 
[00259445] 4 | 2 9 1 0 10 5 4 11 7 3 1 _ 
[00259446] 5 | 2 9 1 0 10 _ 4 11 6 _ 1 _ 
[00259447] 4 | 2 9 1 0 10 6 4 11 6 _ 1 _ 
[00259448] 4 | 2 9 1 0 10 _ 4 11 6 10 1 _ 
[00259449] 5 | 2 9 1 0 10 _ 4 11 3 8 1 _ 
[00259450] 4 | 2 9 1 0 10 6 4 11 3 8 1 _ 
[00259451] 5 | 2 9 1 0 10 _ 4 11 8 3 1 _ 
[00259452] 4 | 2 9 1 0 10 6 4 11 8 3 1 _ 
[00259453] 6 | 2 9 1 0 _ _ _ 11 5 _ 1 _ 
[00259454] 5 | 2 9 1 0 5 _ _ 11 5 _ 1 _ 
[00259455] 5 | 2 9 1 0 3 8 _ 11 5 _ 1 _ 
[00259456] 4 | 2 9 1 0 3 8 7 11 5 _ 1 _ 
[00259457] 5 | 2 9 1 0 8 3 _ 11 5 _ 1 _ 
[00259458] 4 | 2 9 1 0 8 3 4 11 5 _ 1 _ 
[00259459] 5 | 2 9 1 0 3 _ 8 11 5 _ 1 _ 
[00259460] 4 | 2 9 1 0 3 7 8 11 5 _ 1 _ 
[00259461] 5 | 2 9 1 0 8 _ 3 11 5 _ 1 _ 
[00259462] 4 | 2 9 1 0 8 4 3 11 5 _ 1 _ 
[00259463] 5 | 2 9 1 0 _ _ _ 11 5 0 1 _ 
[00259464] 4 | 2 9 1 0 3 7 _ 11 5 0 1 _ 
[00259465] 3 | 2 9 1 0 3 7 6 11 5 0 1 _ 
[00259466] 4 | 2 9 1 0 4 8 _ 11 5 0 1 _ 
[00259467] 3 | 2 9 1 0 4 8 7 11 5 0 1 _ 
[00259468] 4 | 2 9 1 0 6 10 _ 11 5 0 1 _ 
[00259469] 3 | 2 9 1 0 6 10 3 11 5 0 1 _ 
[00259470] 4 | 2 9 1 0 7 3 _ 11 5 0 1 _ 
[00259471] 3 | 2 9 1 0 7 3 4 11 5 0 1 _ 
[00259472] 3 | 2 9 1 0 7 3 10 11 5 0 1 _ 
[00259473] 4 | 2 9 1 0 8 4 _ 11 5 0 1 _ 
[00259474] 4 | 2 9 1 0 10 6 _ 11 5 0 1 _ 
[00259475] 3 | 2 9 1 0 10 6 7 11 5 0 1 _ 
[00259476] 4 | 2 9 1 0 3 _ 7 11 5 0 1 _ 
[00259477] 3 | 2 9 1 0 3 6 7 11 5 0 1 _ 
[00259478] 4 | 2 9 1 0 4 _ 8 11 5 0 1 _ 
[00259479] 3 | 2 9 1 0 4 7 8 11 5 0 1 _ 
[00259480] 4 | 2 9 1 0 6 _ 10 11 5 0 1 _ 
[00259481] 3 | 2 9 1 0 6 3 10 11 5 0 1 _ 
[00259482] 4 | 2 9 1 0 7 _ 3 11 5 0 1 _ 
[00259483] 3 | 2 9 1 0 7 4 3 11 5 0 1 _ 
[00259484] 3 | 2 9 1 0 7 10 3 11 5 0 1 _ 
[00259485] 4 | 2 9 1 0 8 _ 4 11 5 0 1 _ 
[00259486] 4 | 2 9 1 0 10 _ 6 11 5 0 1 _ 
[00259487] 3 | 2 9 1 0 10 7 6 11 5 0 1 _ 
[00259488] 5 | 2 9 1 0 _ _ _ 11 5 10 1 _ 
[00259489] 4 | 2 9 1 0 4 _ _ 11 5 10 1 _ 
[00259490] 3 | 2 9 1 0 4 7 _ 11 5 10 1 _ 
[00259491] 2 | 2 9 1 0 4 7 6 11 5 10 1 _ 
[00259492] 3 | 2 9 1 0 4 _ 7 11 5 10 1 _ 
[00259493] 2 | 2 9 1 0 4 6 7 11 5 10 1 _ 
[00259494] 4 | 2 9 1 0 3 7 _ 11 5 10 1 _ 
[00259495] 3 | 2 9 1 0 3 7 6 11 5 10 1 _ 
[00259496] 4 | 2 9 1 0 4 8 _ 11 5 10 1 _ 
[00259497] 3 | 2 9 1 0 4 8 7 11 5 10 1 _ 
[00259498] 4 | 2 9 1 0 7 3 _ 11 5 10 1 _ 
[00259499] 3 | 2 9 1 0 7 3 4 11 5 10 1 _ 
[00259500] 4 | 2 9 1 0 8 4 _ 11 5 10 1 _ 
[00259501] 4 | 2 9 1 0 3 _ 7 11 5 10 1 _ 
[00259502] 3 | 2 9 1 0 3 6 7 11 5 10 1 _ 
[00259503] 4 | 2 9 1 0 4 _ 8 11 5 10 1 _ 
[00259504] 3 | 2 9 1 0 4 7 8 11 5 10 1 _ 
[00259505] 4 | 2 9 1 0 7 _ 3 11 5 10 1 _ 
[00259506] 3 | 2 9 1 0 7 4 3 11 5 10 1 _ 
[00259507] 4 | 2 9 1 0 8 _ 4 11 5 10 1 _ 
[00259508] 6 | 2 9 1 0 _ _ _ 11 4 10 1 _ 
[00259509] 5 | 2 9 1 0 5 _ _ 11 4 10 1 _ 
[00259510] 5 | 2 9 1 0 3 8 _ 11 4 10 1 _ 
[00259511] 4 | 2 9 1 0 3 8 7 11 4 10 1 _ 
[00259512] 5 | 2 9 1 0 8 3 _ 11 4 10 1 _ 
[00259513] 5 | 2 9 1 0 3 _ 8 11 4 10 1 _ 
[00259514] 4 | 2 9 1 0 3 7 8 11 4 10 1 _ 
[00259515] 5 | 2 9 1 0 8 _ 3 11 4 10 1 _ 
[00259516] 6 | 2 9 1 0 _ _ _ 11 10 4 1 _ 
[00259517] 5 | 2 9 1 0 5 _ _ 11 10 4 1 _ 
[00259518] 5 | 2 9 1 0 3 8 _ 11 10 4 1 _ 
[00259519] 4 | 2 9 1 0 3 8 7 11 10 4 1 _ 
[00259520] 5 | 2 9 1 0 8 3 _ 11 10 4 1 _ 
[00259521] 5 | 2 9 1 0 3 _ 8 11 10 4 1 _ 
[00259522] 4 | 2 9 1 0 3 7 8 11 10 4 1 _ 
[00259523] 5 | 2 9 1 0 8 _ 3 11 10 4 1 _ 
[00259524] 7 | _ 9 1 0 7 _ _ 11 _ _ 1 _ 
[00259525] 6 | 3 9 1 0 7 _ _ 11 _ _ 1 _ 
[00259526] 5 | 3 9 1 0 7 2 _ 11 _ _ 1 _ 
[00259527] 4 | 3 9 1 0 7 2 11 11 _ _ 1 _ 
[00259528] 3 | 3 9 1 0 7 2 11 11 5 8 1 _ 
[00259529] 3 | 3 9 1 0 7 2 11 11 8 5 1 _ 
[00259530] 4 | 3 9 1 0 7 2 _ 11 7 _ 1 _ 
[00259531] 3 | 3 9 1 0 7 2 4 11 7 _ 1 _ 
[00259532] 3 | 3 9 1 0 7 2 10 11 7 _ 1 _ 
[00259533] 3 | 3 9 1 0 7 2 _ 11 7 4 1 _ 
[00259534] 3 | 3 9 1 0 7 2 _ 11 7 10 1 _ 
[00259535] 4 | 3 9 1 0 7 2 _ 11 4 8 1 _ 
[00259536] 3 | 3 9 1 0 7 2 10 11 4 8 1 _ 
[00259537] 4 | 3 9 1 0 7 2 _ 11 6 10 1 _ 
[00259538] 3 | 3 9 1 0 7 2 4 11 6 10 1 _ 
[00259539] 4 | 3 9 1 0 7 2 _ 11 8 4 1 _ 
[00259540] 3 | 3 9 1 0 7 2 10 11 8 4 1 _ 
[00259541] 4 | 3 9 1 0 7 2 _ 11 10 6 1 _ 
[00259542] 3 | 3 9 1 0 7 2 4 11 10 6 1 _ 
[00259543] 5 | 3 9 1 0 7 _ 2 11 _ _ 1 _ 
[00259544] 4 | 3 9 1 0 7 11 2 11 _ _ 1 _ 
[00259545] 3 | 3 9 1 0 7 11 2 11 5 8 1 _ 
[00259546] 3 | 3 9 1 0 7 11 2 11 8 5 1 _ 
[00259547] 4 | 3 9 1 0 7 _ 2 11 7 _ 1 _ 
[00259548] 3 | 3 9 1 0 7 4 2 11 7 _ 1 _ 
[00259549] 3 | 3 9 1 0 7 10 2 11 7 _ 1 _ 
[00259550] 3 | 3 9 1 0 7 _ 2 11 7 4 1 _ 
[00259551] 3 | 3 9 1 0 7 _ 2 11 7 10 1 _ 
[00259552] 4 | 3 9 1 0 7 _ 2 11 4 8 1 _ 
[00259553] 3 | 3 9 1 0 7 10 2 11 4 8 1 _ 
[00259554] 4 | 3 9 1 0 7 _ 2 11 6 10 1 _ 
[00259555] 3 | 3 9 1 0 7 4 2 11 6 10 1 _ 
[00259556] 4 | 3 9 1 0 7 _ 2 11 8 4 1 _ 
[00259557] 3 | 3 9 1 0 7 10 2 11 8 4 1 _ 
[00259558] 4 | 3 9 1 0 7 _ 2 11 10 6 1 _ 
[00259559] 3 | 3 9 1 0 7 4 2 11 10 6 1 _ 
[00259560] 5 | 3 9 1 0 7 _ _ 11 6 _ 1 _ 
[00259561] 4 | 3 9 1 0 7 _ _ 11 6 2 1 _ 
[00259562] 3 | 3 9 1 0 7 4 _ 11 6 2 1 _ 
[00259563] 2 | 3 9 1 0 7 4 5 11 6 2 1 _ 
[00259564] 3 | 3 9 1 0 7 10 _ 11 6 2 1 _ 
[00259565] 2 | 3 9 1 0 7 10 5 11 6 2 1 _ 
[00259566] 3 | 3 9 1 0 7 _ 4 11 6 2 1 _ 
[00259567] 2 | 3 9 1 0 7 5 4 11 6 2 1 _ 
[00259568] 3 | 3 9 1 0 7 _ 10 11 6 2 1 _ 
[00259569] 2 | 3 9 1 0 7 5 10 11 6 2 1 _ 
[00259570] 4 | 3 9 1 0 7 _ _ 11 6 10 1 _ 
[00259571] 3 | 3 9 1 0 7 4 _ 11 6 10 1 _ 
[00259572] 2 | 3 9 1 0 7 4 5 11 6 10 1 _ 
[00259573] 3 | 3 9 1 0 7 _ 4 11 6 10 1 _ 
[00259574] 2 | 3 9 1 0 7 5 4 11 6 10 1 _ 
[00259575] 5 | 3 9 1 0 7 _ _ 11 5 10 1 _ 
[00259576] 5 | 3 9 1 0 7 _ _ 11 10 5 1 _ 
[00259577] 6 | _ 9 1 0 7 _ _ 11 5 _ 1 _ 
[00259578] 5 | 4 9 1 0 7 _ _ 11 5 _ 1 _ 
[00259579] 4 | 4 9 1 0 7 3 _ 11 5 _ 1 _ 
[00259580] 3 | 4 9 1 0 7 3 10 11 5 _ 1 _ 
[00259581] 3 | 4 9 1 0 7 3 _ 11 5 2 1 _ 
[00259582] 3 | 4 9 1 0 7 3 _ 11 5 8 1 _ 
[00259583] 4 | 4 9 1 0 7 _ 3 11 5 _ 1 _ 
[00259584] 3 | 4 9 1 0 7 10 3 11 5 _ 1 _ 
[00259585] 3 | 4 9 1 0 7 _ 3 11 5 2 1 _ 
[00259586] 3 | 4 9 1 0 7 _ 3 11 5 8 1 _ 
[00259587] 5 | _ 9 1 0 7 2 _ 11 5 _ 1 _ 
[00259588] 4 | 5 9 1 0 7 2 _ 11 5 _ 1 _ 
[00259589] 3 | 5 9 1 0 7 2 4 11 5 _ 1 _ 
[00259590] 3 | 5 9 1 0 7 2 10 11 5 _ 1 _ 
[00259591] 4 | _ 9 1 0 7 2 3 11 5 _ 1 _ 
[00259592] 3 | 6 9 1 0 7 2 3 11 5 _ 1 _ 
[00259593] 3 | _ 9 1 0 7 2 3 11 5 8 1 _ 
[00259594] 4 | _ 9 1 0 7 2 _ 11 5 9 1 _ 
[00259595] 3 | _ 9 1 0 7 2 4 11 5 9 1 _ 
[00259596] 3 | _ 9 1 0 7 2 10 11 5 9 1 _ 
[00259597] 5 | _ 9 1 0 7 _ 2 11 5 _ 1 _ 
[00259598] 4 | 5 9 1 0 7 _ 2 11 5 _ 1 _ 
[00259599] 3 | 5 9 1 0 7 4 2 11 5 _ 1 _ 
[00259600] 3 | 5 9 1 0 7 10 2 11 5 _ 1 _ 
[00259601] 4 | _ 9 1 0 7 3 2 11 5 _ 1 _ 
[00259602] 3 | 6 9 1 0 7 3 2 11 5 _ 1 _ 
[00259603] 3 | _ 9 1 0 7 3 2 11 5 8 1 _ 
[00259604] 4 | _ 9 1 0 7 _ 2 11 5 9 1 _ 
[00259605] 3 | _ 9 1 0 7 4 2 11 5 9 1 _ 
[00259606] 3 | _ 9 1 0 7 10 2 11 5 9 1 _ 
[00259607] 5 | _ 9 1 0 7 _ _ 11 5 10 1 _ 
[00259608] 4 | _ 9 1 0 7 3 _ 11 5 10 1 _ 
[00259609] 3 | 6 9 1 0 7 3 _ 11 5 10 1 _ 
[00259610] 3 | _ 9 1 0 7 3 4 11 5 10 1 _ 
[00259611] 4 | _ 9 1 0 7 _ 3 11 5 10 1 _ 
[00259612] 3 | 6 9 1 0 7 _ 3 11 5 10 1 _ 
[00259613] 3 | _ 9 1 0 7 4 3 11 5 10 1 _ 
[00259614] 6 | _ 9 1 0 7 _ _ 11 2 8 1 _ 
[00259615] 5 | 4 9 1 0 7 _ _ 11 2 8 1 _ 
[00259616] 4 | 4 9 1 0 7 3 _ 11 2 8 1 _ 
[00259617] 3 | 4 9 1 0 7 3 10 11 2 8 1 _ 
[00259618] 4 | 4 9 1 0 7 _ 3 11 2 8 1 _ 
[00259619] 3 | 4 9 1 0 7 10 3 11 2 8 1 _ 
[00259620] 6 | _ 9 1 0 7 _ _ 11 4 10 1 _ 
[00259621] 5 | _ 9 1 0 7 2 _ 11 4 10 1 _ 
[00259622] 4 | 5 9 1 0 7 2 _ 11 4 10 1 _ 
[00259623] 4 | _ 9 1 0 7 2 3 11 4 10 1 _ 
[00259624] 3 | 6 9 1 0 7 2 3 11 4 10 1 _ 
[00259625] 5 | _ 9 1 0 7 _ 2 11 4 10 1 _ 
[00259626] 4 | 5 9 1 0 7 _ 2 11 4 10 1 _ 
[00259627] 4 | _ 9 1 0 7 3 2 11 4 10 1 _ 
[00259628] 3 | 6 9 1 0 7 3 2 11 4 10 1 _ 
[00259629] 6 | _ 9 1 0 7 _ _ 11 8 2 1 _ 
[00259630] 5 | 4 9 1 0 7 _ _ 11 8 2 1 _ 
[00259631] 4 | 4 9 1 0 7 3 _ 11 8 2 1 _ 
[00259632] 3 | 4 9 1 0 7 3 10 11 8 2 1 _ 
[00259633] 4 | 4 9 1 0 7 _ 3 11 8 2 1 _ 
[00259634] 3 | 4 9 1 0 7 10 3 11 8 2 1 _ 
[00259635] 6 | _ 9 1 0 7 _ _ 11 10 4 1 _ 
[00259636] 5 | _ 9 1 0 7 2 _ 11 10 4 1 _ 
[00259637] 4 | 5 9 1 0 7 2 _ 11 10 4 1 _ 
[00259638] 4 | _ 9 1 0 7 2 3 11 10 4 1 _ 
[00259639] 3 | 6 9 1 0 7 2 3 11 10 4 1 _ 
[00259640] 5 | _ 9 1 0 7 _ 2 11 10 4 1 _ 
[00259641] 4 | 5 9 1 0 7 _ 2 11 10 4 1 _ 
[00259642] 4 | _ 9 1 0 7 3 2 11 10 4 1 _ 
[00259643] 3 | 6 9 1 0 7 3 2 11 10 4 1 _ 
[00259644] 7 | _ 9 1 0 3 10 _ 11 _ _ 1 _ 
[00259645] 6 | 3 9 1 0 3 10 _ 11 _ _ 1 _ 
[00259646] 5 | 3 9 1 0 3 10 _ 11 6 _ 1 _ 
[00259647] 4 | 3 9 1 0 3 10 _ 11 6 2 1 _ 
[00259648] 5 | 3 9 1 0 3 10 _ 11 2 7 1 _ 
[00259649] 5 | 3 9 1 0 3 10 _ 11 7 2 1 _ 
[00259650] 6 | _ 9 1 0 3 10 9 11 _ _ 1 _ 
[00259651] 5 | _ 9 1 0 3 10 9 11 6 _ 1 _ 
[00259652] 4 | _ 9 1 0 3 10 9 11 6 2 1 _ 
[00259653] 5 | _ 9 1 0 3 10 9 11 2 7 1 _ 
[00259654] 5 | _ 9 1 0 3 10 9 11 7 2 1 _ 
[00259655] 6 | _ 9 1 0 3 10 _ 11 5 _ 1 _ 
[00259656] 5 | 4 9 1 0 3 10 _ 11 5 _ 1 _ 
[00259657] 4 | 4 9 1 0 3 10 7 11 5 _ 1 _ 
[00259658] 3 | 4 9 1 0 3 10 7 11 5 2 1 _ 
[00259659] 3 | 4 9 1 0 3 10 7 11 5 8 1 _ 
[00259660] 5 | _ 9 1 0 3 10 8 11 5 _ 1 _ 
[00259661] 4 | 5 9 1 0 3 10 8 11 5 _ 1 _ 
[00259662] 4 | _ 9 1 0 3 10 8 11 5 9 1 _ 
[00259663] 6 | _ 9 1 0 3 10 _ 11 2 8 1 _ 
[00259664] 5 | 4 9 1 0 3 10 _ 11 2 8 1 _ 
[00259665] 4 | 4 9 1 0 3 10 7 11 2 8 1 _ 
[00259666] 6 | _ 9 1 0 3 10 _ 11 8 2 1 _ 
[00259667] 5 | 4 9 1 0 3 10 _ 11 8 2 1 _ 
[00259668] 4 | 4 9 1 0 3 10 7 11 8 2 1 _ 
[00259669] 7 | _ 9 1 0 10 3 _ 11 _ _ 1 _ 
[00259670] 6 | _ 9 1 0 10 3 4 11 _ _ 1 _ 
[00259671] 5 | _ 9 1 0 10 3 4 11 6 _ 1 _ 
[00259672] 4 | 5 9 1 0 10 3 4 11 6 _ 1 _ 
[00259673] 4 | _ 9 1 0 10 3 4 11 6 2 1 _ 
[00259674] 5 | _ 9 1 0 10 3 4 11 2 7 1 _ 
[00259675] 4 | 5 9 1 0 10 3 4 11 2 7 1 _ 
[00259676] 5 | _ 9 1 0 10 3 4 11 7 2 1 _ 
[00259677] 4 | 5 9 1 0 10 3 4 11 7 2 1 _ 
[00259678] 6 | _ 9 1 0 10 3 _ 11 5 _ 1 _ 
[00259679] 5 | 4 9 1 0 10 3 _ 11 5 _ 1 _ 
[00259680] 4 | 4 9 1 0 10 3 6 11 5 _ 1 _ 
[00259681] 3 | 4 9 1 0 10 3 6 11 5 2 1 _ 
[00259682] 3 | 4 9 1 0 10 3 6 11 5 8 1 _ 
[00259683] 5 | _ 9 1 0 10 3 5 11 5 _ 1 _ 
[00259684] 5 | _ 9 1 0 10 3 _ 11 5 10 1 _ 
[00259685] 6 | _ 9 1 0 10 3 _ 11 2 8 1 _ 
[00259686] 5 | 4 9 1 0 10 3 _ 11 2 8 1 _ 
[00259687] 4 | 4 9 1 0 10 3 6 11 2 8 1 _ 
[00259688] 5 | _ 9 1 0 10 3 5 11 2 8 1 _ 
[00259689] 6 | _ 9 1 0 10 3 _ 11 8 2 1 _ 
[00259690] 5 | 4 9 1 0 10 3 _ 11 8 2 1 _ 
[00259691] 4 | 4 9 1 0 10 3 6 11 8 2 1 _ 
[00259692] 5 | _ 9 1 0 10 3 5 11 8 2 1 _ 
[00259693] 7 | _ 9 1 0 3 _ 10 11 _ _ 1 _ 
[00259694] 6 | 3 9 1 0 3 _ 10 11 _ _ 1 _ 
[00259695] 5 | 3 9 1 0 3 _ 10 11 6 _ 1 _ 
[00259696] 4 | 3 9 1 0 3 _ 10 11 6 2 1 _ 
[00259697] 5 | 3 9 1 0 3 _ 10 11 2 7 1 _ 
[00259698] 5 | 3 9 1 0 3 _ 10 11 7 2 1 _ 
[00259699] 6 | _ 9 1 0 3 9 10 11 _ _ 1 _ 
[00259700] 5 | _ 9 1 0 3 9 10 11 6 _ 1 _ 
[00259701] 4 | _ 9 1 0 3 9 10 11 6 2 1 _ 
[00259702] 5 | _ 9 1 0 3 9 10 11 2 7 1 _ 
[00259703] 5 | _ 9 1 0 3 9 10 11 7 2 1 _ 
[00259704] 6 | _ 9 1 0 3 _ 10 11 5 _ 1 _ 
[00259705] 5 | 4 9 1 0 3 _ 10 11 5 _ 1 _ 
[00259706] 4 | 4 9 1 0 3 7 10 11 5 _ 1 _ 
[00259707] 3 | 4 9 1 0 3 7 10 11 5 2 1 _ 
[00259708] 3 | 4 9 1 0 3 7 10 11 5 8 1 _ 
[00259709] 5 | _ 9 1 0 3 8 10 11 5 _ 1 _ 
[00259710] 4 | 5 9 1 0 3 8 10 11 5 _ 1 _ 
[00259711] 4 | _ 9 1 0 3 8 10 11 5 9 1 _ 
[00259712] 6 | _ 9 1 0 3 _ 10 11 2 8 1 _ 
[00259713] 5 | 4 9 1 0 3 _ 10 11 2 8 1 _ 
[00259714] 4 | 4 9 1 0 3 7 10 11 2 8 1 _ 
[00259715] 6 | _ 9 1 0 3 _ 10 11 8 2 1 _ 
[00259716] 5 | 4 9 1 0 3 _ 10 11 8 2 1 _ 
[00259717] 4 | 4 9 1 0 3 7 10 11 8 2 1 _ 
[00259718] 7 | _ 9 1 0 10 _ 3 11 _ _ 1 _ 
[00259719] 6 | _ 9 1 0 10 4 3 11 _ _ 1 _ 
[00259720] 5 | _ 9 1 0 10 4 3 11 6 _ 1 _ 
[00259721] 4 | 5 9 1 0 10 4 3 11 6 _ 1 _ 
[00259722] 4 | _ 9 1 0 10 4 3 11 6 2 1 _ 
[00259723] 5 | _ 9 1 0 10 4 3 11 2 7 1 _ 
[00259724] 4 | 5 9 1 0 10 4 3 11 2 7 1 _ 
[00259725] 5 | _ 9 1 0 10 4 3 11 7 2 1 _ 
[00259726] 4 | 5 9 1 0 10 4 3 11 7 2 1 _ 
[00259727] 6 | _ 9 1 0 10 _ 3 11 5 _ 1 _ 
[00259728] 5 | 4 9 1 0 10 _ 3 11 5 _ 1 _ 
[00259729] 4 | 4 9 1 0 10 6 3 11 5 _ 1 _ 
[00259730] 3 | 4 9 1 0 10 6 3 11 5 2 1 _ 
[00259731] 3 | 4 9 1 0 10 6 3 11 5 8 1 _ 
[00259732] 5 | _ 9 1 0 10 5 3 11 5 _ 1 _ 
[00259733] 5 | _ 9 1 0 10 _ 3 11 5 10 1 _ 
[00259734] 6 | _ 9 1 0 10 _ 3 11 2 8 1 _ 
[00259735] 5 | 4 9 1 0 10 _ 3 11 2 8 1 _ 
[00259736] 4 | 4 9 1 0 10 6 3 11 2 8 1 _ 
[00259737] 5 | _ 9 1 0 10 5 3 11 2 8 1 _ 
[00259738] 6 | _ 9 1 0 10 _ 3 11 8 2 1 _ 
[00259739] 5 | 4 9 1 0 10 _ 3 11 8 2 1 _ 
[00259740] 4 | 4 9 1 0 10 6 3 11 8 2 1 _ 
[00259741] 5 | _ 9 1 0 10 5 3 11 8 2 1 _ 
[00259742] 7 | _ 9 1 0 _ _ _ 11 4 _ 1 _ 
[00259743] 6 | 3 9 1 0 _ _ _ 11 4 _ 1 _ 
[00259744] 5 | 3 9 1 0 5 _ _ 11 4 _ 1 _ 
[00259745] 4 | 3 9 1 0 5 _ _ 11 4 8 1 _ 
[00259746] 3 | 3 9 1 0 5 2 _ 11 4 8 1 _ 
[00259747] 2 | 3 9 1 0 5 2 7 11 4 8 1 _ 
[00259748] 3 | 3 9 1 0 5 _ 2 11 4 8 1 _ 
[00259749] 2 | 3 9 1 0 5 7 2 11 4 8 1 _ 
[00259750] 5 | 3 9 1 0 2 7 _ 11 4 _ 1 _ 
[00259751] 4 | 3 9 1 0 2 7 6 11 4 _ 1 _ 
[00259752] 4 | 3 9 1 0 2 7 _ 11 4 8 1 _ 
[00259753] 3 | 3 9 1 0 2 7 5 11 4 8 1 _ 
[00259754] 5 | 3 9 1 0 5 10 _ 11 4 _ 1 _ 
[00259755] 4 | 3 9 1 0 5 10 _ 11 4 8 1 _ 
[00259756] 3 | 3 9 1 0 5 10 2 11 4 8 1 _ 
[00259757] 5 | 3 9 1 0 7 2 _ 11 4 _ 1 _ 
[00259758] 4 | 3 9 1 0 7 2 _ 11 4 8 1 _ 
[00259759] 3 | 3 9 1 0 7 2 10 11 4 8 1 _ 
[00259760] 5 | 3 9 1 0 10 5 _ 11 4 _ 1 _ 
[00259761] 4 | 3 9 1 0 10 5 6 11 4 _ 1 _ 
[00259762] 3 | 3 9 1 0 10 5 6 11 4 7 1 _ 
[00259763] 4 | 3 9 1 0 10 5 _ 11 4 8 1 _ 
[00259764] 3 | 3 9 1 0 10 5 7 11 4 8 1 _ 
[00259765] 5 | 3 9 1 0 2 _ 7 11 4 _ 1 _ 
[00259766] 4 | 3 9 1 0 2 6 7 11 4 _ 1 _ 
[00259767] 4 | 3 9 1 0 2 _ 7 11 4 8 1 _ 
[00259768] 3 | 3 9 1 0 2 5 7 11 4 8 1 _ 
[00259769] 5 | 3 9 1 0 5 _ 10 11 4 _ 1 _ 
[00259770] 4 | 3 9 1 0 5 _ 10 11 4 8 1 _ 
[00259771] 3 | 3 9 1 0 5 2 10 11 4 8 1 _ 
[00259772] 5 | 3 9 1 0 7 _ 2 11 4 _ 1 _ 
[00259773] 4 | 3 9 1 0 7 _ 2 11 4 8 1 _ 
[00259774] 3 | 3 9 1 0 7 10 2 11 4 8 1 _ 
[00259775] 5 | 3 9 1 0 10 _ 5 11 4 _ 1 _ 
[00259776] 4 | 3 9 1 0 10 6 5 11 4 _ 1 _ 
[00259777] 3 | 3 9 1 0 10 6 5 11 4 7 1 _ 
[00259778] 4 | 3 9 1 0 10 _ 5 11 4 8 1 _ 
[00259779] 3 | 3 9 1 0 10 7 5 11 4 8 1 _ 
[00259780] 6 | _ 9 1 0 6 _ _ 11 4 _ 1 _ 
[00259781] 5 | 4 9 1 0 6 _ _ 11 4 _ 1 _ 
[00259782] 4 | 4 9 1 0 6 2 _ 11 4 _ 1 _ 
[00259783] 3 | 4 9 1 0 6 2 3 11 4 _ 1 _ 
[00259784] 4 | 4 9 1 0 6 10 _ 11 4 _ 1 _ 
[00259785] 3 | 4 9 1 0 6 10 3 11 4 _ 1 _ 
[00259786] 4 | 4 9 1 0 6 _ 2 11 4 _ 1 _ 
[00259787] 3 | 4 9 1 0 6 3 2 11 4 _ 1 _ 
[00259788] 4 | 4 9 1 0 6 _ 10 11 4 _ 1 _ 
[00259789] 3 | 4 9 1 0 6 3 10 11 4 _ 1 _ 
[00259790] 5 | _ 9 1 0 6 _ _ 11 4 9 1 _ 
[00259791] 4 | _ 9 1 0 6 2 _ 11 4 9 1 _ 
[00259792] 3 | _ 9 1 0 6 2 3 11 4 9 1 _ 
[00259793] 4 | _ 9 1 0 6 10 _ 11 4 9 1 _ 
[00259794] 3 | _ 9 1 0 6 10 3 11 4 9 1 _ 
[00259795] 4 | _ 9 1 0 6 _ 2 11 4 9 1 _ 
[00259796] 3 | _ 9 1 0 6 3 2 11 4 9 1 _ 
[00259797] 4 | _ 9 1 0 6 _ 10 11 4 9 1 _ 
[00259798] 3 | _ 9 1 0 6 3 10 11 4 9 1 _ 
[00259799] 6 | _ 9 1 0 2 8 _ 11 4 _ 1 _ 
[00259800] 5 | 4 9 1 0 2 8 _ 11 4 _ 1 _ 
[00259801] 4 | 4 9 1 0 2 8 6 11 4 _ 1 _ 
[00259802] 5 | _ 9 1 0 2 8 7 11 4 _ 1 _ 
[00259803] 4 | 5 9 1 0 2 8 7 11 4 _ 1 _ 
[00259804] 5 | _ 9 1 0 2 8 _ 11 4 9 1 _ 
[00259805] 4 | _ 9 1 0 2 8 6 11 4 9 1 _ 
[00259806] 6 | _ 9 1 0 8 2 _ 11 4 _ 1 _ 
[00259807] 5 | 4 9 1 0 8 2 _ 11 4 _ 1 _ 
[00259808] 5 | _ 9 1 0 8 2 3 11 4 _ 1 _ 
[00259809] 4 | 5 9 1 0 8 2 3 11 4 _ 1 _ 
[00259810] 3 | 5 9 1 0 8 2 3 11 4 7 1 _ 
[00259811] 5 | _ 9 1 0 8 2 _ 11 4 9 1 _ 
[00259812] 6 | _ 9 1 0 2 _ 8 11 4 _ 1 _ 
[00259813] 5 | 4 9 1 0 2 _ 8 11 4 _ 1 _ 
[00259814] 4 | 4 9 1 0 2 6 8 11 4 _ 1 _ 
[00259815] 5 | _ 9 1 0 2 7 8 11 4 _ 1 _ 
[00259816] 4 | 5 9 1 0 2 7 8 11 4 _ 1 _ 
[00259817] 5 | _ 9 1 0 2 _ 8 11 4 9 1 _ 
[00259818] 4 | _ 9 1 0 2 6 8 11 4 9 1 _ 
[00259819] 6 | _ 9 1 0 8 _ 2 11 4 _ 1 _ 
[00259820] 5 | 4 9 1 0 8 _ 2 11 4 _ 1 _ 
[00259821] 5 | _ 9 1 0 8 3 2 11 4 _ 1 _ 
[00259822] 4 | 5 9 1 0 8 3 2 11 4 _ 1 _ 
[00259823] 3 | 5 9 1 0 8 3 2 11 4 7 1 _ 
[00259824] 5 | _ 9 1 0 8 _ 2 11 4 9 1 _ 
[00259825] 6 | _ 9 1 0 _ _ _ 11 4 10 1 _ 
[00259826] 5 | _ 9 1 0 5 _ _ 11 4 10 1 _ 
[00259827] 4 | 5 9 1 0 5 _ _ 11 4 10 1 _ 
[00259828] 4 | _ 9 1 0 5 9 _ 11 4 10 1 _ 
[00259829] 3 | _ 9 1 0 5 9 2 11 4 10 1 _ 
[00259830] 3 | _ 9 1 0 5 9 8 11 4 10 1 _ 
[00259831] 4 | _ 9 1 0 5 _ 9 11 4 10 1 _ 
[00259832] 3 | _ 9 1 0 5 2 9 11 4 10 1 _ 
[00259833] 3 | _ 9 1 0 5 8 9 11 4 10 1 _ 
[00259834] 5 | _ 9 1 0 2 7 _ 11 4 10 1 _ 
[00259835] 4 | 5 9 1 0 2 7 _ 11 4 10 1 _ 
[00259836] 4 | _ 9 1 0 2 7 6 11 4 10 1 _ 
[00259837] 5 | _ 9 1 0 3 8 _ 11 4 10 1 _ 
[00259838] 4 | 5 9 1 0 3 8 _ 11 4 10 1 _ 
[00259839] 3 | 5 9 1 0 3 8 6 11 4 10 1 _ 
[00259840] 4 | _ 9 1 0 3 8 7 11 4 10 1 _ 
[00259841] 3 | 6 9 1 0 3 8 7 11 4 10 1 _ 
[00259842] 5 | _ 9 1 0 7 2 _ 11 4 10 1 _ 
[00259843] 4 | 5 9 1 0 7 2 _ 11 4 10 1 _ 
[00259844] 4 | _ 9 1 0 7 2 3 11 4 10 1 _ 
[00259845] 3 | 6 9 1 0 7 2 3 11 4 10 1 _ 
[00259846] 5 | _ 9 1 0 8 3 _ 11 4 10 1 _ 
[00259847] 4 | 5 9 1 0 8 3 _ 11 4 10 1 _ 
[00259848] 5 | _ 9 1 0 2 _ 7 11 4 10 1 _ 
[00259849] 4 | 5 9 1 0 2 _ 7 11 4 10 1 _ 
[00259850] 4 | _ 9 1 0 2 6 7 11 4 10 1 _ 
[00259851] 5 | _ 9 1 0 3 _ 8 11 4 10 1 _ 
[00259852] 4 | 5 9 1 0 3 _ 8 11 4 10 1 _ 
[00259853] 3 | 5 9 1 0 3 6 8 11 4 10 1 _ 
[00259854] 4 | _ 9 1 0 3 7 8 11 4 10 1 _ 
[00259855] 3 | 6 9 1 0 3 7 8 11 4 10 1 _ 
[00259856] 5 | _ 9 1 0 7 _ 2 11 4 10 1 _ 
[00259857] 4 | 5 9 1 0 7 _ 2 11 4 10 1 _ 
[00259858] 4 | _ 9 1 0 7 3 2 11 4 10 1 _ 
[00259859] 3 | 6 9 1 0 7 3 2 11 4 10 1 _ 
[00259860] 5 | _ 9 1 0 8 _ 3 11 4 10 1 _ 
[00259861] 4 | 5 9 1 0 8 _ 3 11 4 10 1 _ 
[00259862] 7 | _ 9 1 0 _ _ _ 11 3 10 1 _ 
[00259863] 6 | _ 9 1 0 6 _ _ 11 3 10 1 _ 
[00259864] 5 | 4 9 1 0 6 _ _ 11 3 10 1 _ 
[00259865] 4 | 4 9 1 0 6 2 _ 11 3 10 1 _ 
[00259866] 4 | 4 9 1 0 6 _ 2 11 3 10 1 _ 
[00259867] 6 | _ 9 1 0 2 8 _ 11 3 10 1 _ 
[00259868] 5 | 4 9 1 0 2 8 _ 11 3 10 1 _ 
[00259869] 4 | 4 9 1 0 2 8 6 11 3 10 1 _ 
[00259870] 5 | _ 9 1 0 2 8 7 11 3 10 1 _ 
[00259871] 4 | 5 9 1 0 2 8 7 11 3 10 1 _ 
[00259872] 6 | _ 9 1 0 8 2 _ 11 3 10 1 _ 
[00259873] 5 | 4 9 1 0 8 2 _ 11 3 10 1 _ 
[00259874] 6 | _ 9 1 0 2 _ 8 11 3 10 1 _ 
[00259875] 5 | 4 9 1 0 2 _ 8 11 3 10 1 _ 
[00259876] 4 | 4 9 1 0 2 6 8 11 3 10 1 _ 
[00259877] 5 | _ 9 1 0 2 7 8 11 3 10 1 _ 
[00259878] 4 | 5 9 1 0 2 7 8 11 3 10 1 _ 
[00259879] 6 | _ 9 1 0 8 _ 2 11 3 10 1 _ 
[00259880] 5 | 4 9 1 0 8 _ 2 11 3 10 1 _ 
[00259881] 7 | _ 9 1 0 _ _ _ 11 10 3 1 _ 
[00259882] 6 | _ 9 1 0 6 _ _ 11 10 3 1 _ 
[00259883] 5 | 4 9 1 0 6 _ _ 11 10 3 1 _ 
[00259884] 4 | 4 9 1 0 6 2 _ 11 10 3 1 _ 
[00259885] 4 | 4 9 1 0 6 _ 2 11 10 3 1 _ 
[00259886] 6 | _ 9 1 0 2 8 _ 11 10 3 1 _ 
[00259887] 5 | 4 9 1 0 2 8 _ 11 10 3 1 _ 
[00259888] 4 | 4 9 1 0 2 8 6 11 10 3 1 _ 
[00259889] 5 | _ 9 1 0 2 8 7 11 10 3 1 _ 
[00259890] 4 | 5 9 1 0 2 8 7 11 10 3 1 _ 
[00259891] 6 | _ 9 1 0 8 2 _ 11 10 3 1 _ 
[00259892] 5 | 4 9 1 0 8 2 _ 11 10 3 1 _ 
[00259893] 6 | _ 9 1 0 2 _ 8 11 10 3 1 _ 
[00259894] 5 | 4 9 1 0 2 _ 8 11 10 3 1 _ 
[00259895] 4 | 4 9 1 0 2 6 8 11 10 3 1 _ 
[00259896] 5 | _ 9 1 0 2 7 8 11 10 3 1 _ 
[00259897] 4 | 5 9 1 0 2 7 8 11 10 3 1 _ 
[00259898] 6 | _ 9 1 0 8 _ 2 11 10 3 1 _ 
[00259899] 5 | 4 9 1 0 8 _ 2 11 10 3 1 _ 
[00259900] 8 | _ 9 _ 0 8 _ _ 11 _ _ 1 _ 
[00259901] 7 | 2 9 _ 0 8 _ _ 11 _ _ 1 _ 
[00259902] 6 | 2 9 3 0 8 _ _ 11 _ _ 1 _ 
[00259903] 5 | 2 9 3 0 8 _ _ 11 6 _ 1 _ 
[00259904] 4 | 2 9 3 0 8 4 _ 11 6 _ 1 _ 
[00259905] 3 | 2 9 3 0 8 4 5 11 6 _ 1 _ 
[00259906] 4 | 2 9 3 0 8 _ 4 11 6 _ 1 _ 
[00259907] 3 | 2 9 3 0 8 5 4 11 6 _ 1 _ 
[00259908] 4 | 2 9 3 0 8 _ _ 11 6 10 1 _ 
[00259909] 3 | 2 9 3 0 8 5 _ 11 6 10 1 _ 
[00259910] 3 | 2 9 3 0 8 _ 5 11 6 10 1 _ 
[00259911] 3 | 2 9 3 0 8 _ _ 11 6 10 1 4 
[00259912] 4 | 2 9 3 0 8 _ _ 11 6 _ 1 5 
[00259913] 5 | 2 9 3 0 8 _ _ 11 5 10 1 _ 
[00259914] 4 | 2 9 3 0 8 4 _ 11 5 10 1 _ 
[00259915] 4 | 2 9 3 0 8 _ 4 11 5 10 1 _ 
[00259916] 5 | 2 9 3 0 8 _ _ 11 10 5 1 _ 
[00259917] 4 | 2 9 3 0 8 4 _ 11 10 5 1 _ 
[00259918] 4 | 2 9 3 0 8 _ 4 11 10 5 1 _ 
[00259919] 5 | 2 9 3 0 8 _ _ 11 _ _ 1 6 
[00259920] 4 | 2 9 3 0 8 4 _ 11 _ _ 1 6 
[00259921] 3 | 2 9 3 0 8 4 5 11 _ _ 1 6 
[00259922] 3 | 2 9 3 0 8 4 11 11 _ _ 1 6 
[00259923] 2 | 2 9 3 0 8 4 11 11 5 7 1 6 
[00259924] 2 | 2 9 3 0 8 4 11 11 7 5 1 6 
[00259925] 3 | 2 9 3 0 8 4 _ 11 8 _ 1 6 
[00259926] 2 | 2 9 3 0 8 4 10 11 8 _ 1 6 
[00259927] 2 | 2 9 3 0 8 4 _ 11 8 10 1 6 
[00259928] 3 | 2 9 3 0 8 4 _ 11 7 10 1 6 
[00259929] 3 | 2 9 3 0 8 4 _ 11 10 7 1 6 
[00259930] 4 | 2 9 3 0 8 _ 4 11 _ _ 1 6 
[00259931] 3 | 2 9 3 0 8 5 4 11 _ _ 1 6 
[00259932] 3 | 2 9 3 0 8 11 4 11 _ _ 1 6 
[00259933] 2 | 2 9 3 0 8 11 4 11 5 7 1 6 
[00259934] 2 | 2 9 3 0 8 11 4 11 7 5 1 6 
[00259935] 3 | 2 9 3 0 8 _ 4 11 8 _ 1 6 
[00259936] 2 | 2 9 3 0 8 10 4 11 8 _ 1 6 
[00259937] 2 | 2 9 3 0 8 _ 4 11 8 10 1 6 
[00259938] 3 | 2 9 3 0 8 _ 4 11 7 10 1 6 
[00259939] 3 | 2 9 3 0 8 _ 4 11 10 7 1 6 
[00259940] 4 | 2 9 3 0 8 _ _ 11 7 _ 1 6 
[00259941] 3 | 2 9 3 0 8 5 _ 11 7 _ 1 6 
