[00241492] 4 | 8 1 9 0 10 5 4 11 2 _ 3 7 
[00241493] 4 | 8 1 9 0 10 5 4 11 2 _ 7 3 
[00241494] 5 | 8 1 9 0 10 _ 4 11 2 7 _ _ 
[00241495] 4 | 8 1 9 0 10 6 4 11 2 7 _ _ 
[00241496] 5 | 8 1 9 0 10 _ 4 11 2 _ 6 _ 
[00241497] 4 | 8 1 9 0 10 6 4 11 2 _ 6 _ 
[00241498] 3 | 8 1 9 0 10 6 4 11 2 5 6 _ 
[00241499] 4 | 8 1 9 0 10 _ 4 11 2 6 6 _ 
[00241500] 3 | 8 1 9 0 10 7 4 11 2 6 6 _ 
[00241501] 4 | 8 1 9 0 10 _ 4 11 2 _ 6 2 
[00241502] 3 | 8 1 9 0 10 7 4 11 2 _ 6 2 
[00241503] 4 | 8 1 9 0 10 _ 4 11 2 _ 6 10 
[00241504] 3 | 8 1 9 0 10 _ 4 11 2 5 6 10 
[00241505] 6 | 8 1 9 0 10 _ _ 11 2 _ 5 _ 
[00241506] 5 | 8 1 9 0 10 5 _ 11 2 _ 5 _ 
[00241507] 4 | 8 1 9 0 10 5 6 11 2 _ 5 _ 
[00241508] 4 | 8 1 9 0 10 5 _ 11 2 6 5 _ 
[00241509] 3 | 8 1 9 0 10 5 7 11 2 6 5 _ 
[00241510] 5 | 8 1 9 0 10 _ 5 11 2 _ 5 _ 
[00241511] 4 | 8 1 9 0 10 6 5 11 2 _ 5 _ 
[00241512] 4 | 8 1 9 0 10 _ 5 11 2 6 5 _ 
[00241513] 3 | 8 1 9 0 10 7 5 11 2 6 5 _ 
[00241514] 5 | 8 1 9 0 10 _ _ 11 2 7 5 _ 
[00241515] 4 | 8 1 9 0 10 6 _ 11 2 7 5 _ 
[00241516] 4 | 8 1 9 0 10 _ 6 11 2 7 5 _ 
[00241517] 5 | 8 1 9 0 10 _ _ 11 2 _ 5 10 
[00241518] 4 | 8 1 9 0 10 _ _ 11 2 6 5 10 
[00241519] 7 | _ 1 9 0 10 3 _ 11 2 _ _ _ 
[00241520] 6 | 7 1 9 0 10 3 _ 11 2 _ _ _ 
[00241521] 5 | 7 1 9 0 10 3 5 11 2 _ _ _ 
[00241522] 4 | 7 1 9 0 10 3 5 11 2 6 _ _ 
[00241523] 3 | 7 1 9 0 10 3 5 11 2 6 8 _ 
[00241524] 4 | 7 1 9 0 10 3 5 11 2 _ 4 8 
[00241525] 4 | 7 1 9 0 10 3 5 11 2 _ 8 4 
[00241526] 5 | 7 1 9 0 10 3 _ 11 2 _ 6 _ 
[00241527] 4 | 7 1 9 0 10 3 6 11 2 _ 6 _ 
[00241528] 3 | 7 1 9 0 10 3 6 11 2 5 6 _ 
[00241529] 4 | 7 1 9 0 10 3 _ 11 2 6 6 _ 
[00241530] 4 | 7 1 9 0 10 3 _ 11 2 _ 6 2 
[00241531] 4 | 7 1 9 0 10 3 _ 11 2 _ 6 10 
[00241532] 3 | 7 1 9 0 10 3 _ 11 2 5 6 10 
[00241533] 6 | _ 1 9 0 10 3 4 11 2 _ _ _ 
[00241534] 5 | 6 1 9 0 10 3 4 11 2 _ _ _ 
[00241535] 4 | 6 1 9 0 10 3 4 11 2 _ 7 _ 
[00241536] 3 | 6 1 9 0 10 3 4 11 2 5 7 _ 
[00241537] 5 | _ 1 9 0 10 3 4 11 2 7 _ _ 
[00241538] 4 | 5 1 9 0 10 3 4 11 2 7 _ _ 
[00241539] 3 | 5 1 9 0 10 3 4 11 2 7 8 _ 
[00241540] 2 | 5 1 9 0 10 3 4 11 2 7 8 6 
[00241541] 1 | 5 1 9 0 10 3 4 11 2 7 8 6  *Graceful*
[00241541] 5 | _ 1 9 0 10 3 4 11 2 _ 6 _ 
[00241542] 4 | 5 1 9 0 10 3 4 11 2 _ 6 _ 
[00241543] 4 | _ 1 9 0 10 3 4 11 2 6 6 _ 
[00241544] 4 | _ 1 9 0 10 3 4 11 2 _ 6 2 
[00241545] 6 | _ 1 9 0 10 3 _ 11 2 8 _ _ 
[00241546] 5 | 6 1 9 0 10 3 _ 11 2 8 _ _ 
[00241547] 4 | 6 1 9 0 10 3 _ 11 2 8 7 _ 
[00241548] 3 | 6 1 9 0 10 3 7 11 2 8 7 _ 
[00241549] 3 | 6 1 9 0 10 3 _ 11 2 8 7 4 
[00241550] 3 | 6 1 9 0 10 3 _ 11 2 8 7 10 
[00241551] 5 | _ 1 9 0 10 3 5 11 2 8 _ _ 
[00241552] 4 | _ 1 9 0 10 3 5 11 2 8 7 _ 
[00241553] 3 | 4 1 9 0 10 3 5 11 2 8 7 _ 
[00241554] 3 | _ 1 9 0 10 3 5 11 2 8 7 4 
[00241555] 5 | _ 1 9 0 10 3 _ 11 2 8 6 _ 
[00241556] 4 | 5 1 9 0 10 3 _ 11 2 8 6 _ 
[00241557] 3 | 5 1 9 0 10 3 7 11 2 8 6 _ 
[00241558] 2 | 5 1 9 0 10 3 7 11 2 8 6 4 
[00241559] 1 | 5 1 9 0 10 3 7 11 2 8 6 4  *Graceful*
[00241559] 4 | _ 1 9 0 10 3 6 11 2 8 6 _ 
[00241560] 3 | 4 1 9 0 10 3 6 11 2 8 6 _ 
[00241561] 4 | _ 1 9 0 10 3 _ 11 2 8 6 10 
[00241562] 3 | 4 1 9 0 10 3 _ 11 2 8 6 10 
[00241563] 6 | _ 1 9 0 10 3 _ 11 2 _ 5 _ 
[00241564] 5 | 6 1 9 0 10 3 _ 11 2 _ 5 _ 
[00241565] 5 | _ 1 9 0 10 3 5 11 2 _ 5 _ 
[00241566] 4 | _ 1 9 0 10 3 5 11 2 6 5 _ 
[00241567] 3 | 4 1 9 0 10 3 5 11 2 6 5 _ 
[00241568] 5 | _ 1 9 0 10 3 _ 11 2 7 5 _ 
[00241569] 4 | 5 1 9 0 10 3 _ 11 2 7 5 _ 
[00241570] 4 | _ 1 9 0 10 3 6 11 2 7 5 _ 
[00241571] 3 | 4 1 9 0 10 3 6 11 2 7 5 _ 
[00241572] 3 | _ 1 9 0 10 3 6 11 2 7 5 8 
[00241573] 4 | _ 1 9 0 10 3 _ 11 2 7 5 1 
[00241574] 5 | _ 1 9 0 10 3 _ 11 2 _ 5 10 
[00241575] 4 | _ 1 9 0 10 3 _ 11 2 6 5 10 
[00241576] 3 | 4 1 9 0 10 3 _ 11 2 6 5 10 
[00241577] 7 | _ 1 9 0 10 _ 3 11 2 _ _ _ 
[00241578] 6 | 7 1 9 0 10 _ 3 11 2 _ _ _ 
[00241579] 5 | 7 1 9 0 10 5 3 11 2 _ _ _ 
[00241580] 4 | 7 1 9 0 10 5 3 11 2 6 _ _ 
[00241581] 3 | 7 1 9 0 10 5 3 11 2 6 8 _ 
[00241582] 4 | 7 1 9 0 10 5 3 11 2 _ 4 8 
[00241583] 4 | 7 1 9 0 10 5 3 11 2 _ 8 4 
[00241584] 5 | 7 1 9 0 10 _ 3 11 2 _ 6 _ 
[00241585] 4 | 7 1 9 0 10 6 3 11 2 _ 6 _ 
[00241586] 3 | 7 1 9 0 10 6 3 11 2 5 6 _ 
[00241587] 4 | 7 1 9 0 10 _ 3 11 2 6 6 _ 
[00241588] 4 | 7 1 9 0 10 _ 3 11 2 _ 6 2 
[00241589] 4 | 7 1 9 0 10 _ 3 11 2 _ 6 10 
[00241590] 3 | 7 1 9 0 10 _ 3 11 2 5 6 10 
[00241591] 6 | _ 1 9 0 10 4 3 11 2 _ _ _ 
[00241592] 5 | 6 1 9 0 10 4 3 11 2 _ _ _ 
[00241593] 4 | 6 1 9 0 10 4 3 11 2 _ 7 _ 
[00241594] 3 | 6 1 9 0 10 4 3 11 2 5 7 _ 
[00241595] 5 | _ 1 9 0 10 4 3 11 2 7 _ _ 
[00241596] 4 | 5 1 9 0 10 4 3 11 2 7 _ _ 
[00241597] 3 | 5 1 9 0 10 4 3 11 2 7 8 _ 
[00241598] 2 | 5 1 9 0 10 4 3 11 2 7 8 6 
[00241599] 1 | 5 1 9 0 10 4 3 11 2 7 8 6  *Graceful*
[00241599] 5 | _ 1 9 0 10 4 3 11 2 _ 6 _ 
[00241600] 4 | 5 1 9 0 10 4 3 11 2 _ 6 _ 
[00241601] 4 | _ 1 9 0 10 4 3 11 2 6 6 _ 
[00241602] 4 | _ 1 9 0 10 4 3 11 2 _ 6 2 
[00241603] 6 | _ 1 9 0 10 _ 3 11 2 8 _ _ 
[00241604] 5 | 6 1 9 0 10 _ 3 11 2 8 _ _ 
[00241605] 4 | 6 1 9 0 10 _ 3 11 2 8 7 _ 
[00241606] 3 | 6 1 9 0 10 7 3 11 2 8 7 _ 
[00241607] 3 | 6 1 9 0 10 _ 3 11 2 8 7 4 
[00241608] 3 | 6 1 9 0 10 _ 3 11 2 8 7 10 
[00241609] 5 | _ 1 9 0 10 5 3 11 2 8 _ _ 
[00241610] 4 | _ 1 9 0 10 5 3 11 2 8 7 _ 
[00241611] 3 | 4 1 9 0 10 5 3 11 2 8 7 _ 
[00241612] 3 | _ 1 9 0 10 5 3 11 2 8 7 4 
[00241613] 5 | _ 1 9 0 10 _ 3 11 2 8 6 _ 
[00241614] 4 | 5 1 9 0 10 _ 3 11 2 8 6 _ 
[00241615] 3 | 5 1 9 0 10 7 3 11 2 8 6 _ 
[00241616] 2 | 5 1 9 0 10 7 3 11 2 8 6 4 
[00241617] 1 | 5 1 9 0 10 7 3 11 2 8 6 4  *Graceful*
[00241617] 4 | _ 1 9 0 10 6 3 11 2 8 6 _ 
[00241618] 3 | 4 1 9 0 10 6 3 11 2 8 6 _ 
[00241619] 4 | _ 1 9 0 10 _ 3 11 2 8 6 10 
[00241620] 3 | 4 1 9 0 10 _ 3 11 2 8 6 10 
[00241621] 6 | _ 1 9 0 10 _ 3 11 2 _ 5 _ 
[00241622] 5 | 6 1 9 0 10 _ 3 11 2 _ 5 _ 
[00241623] 5 | _ 1 9 0 10 5 3 11 2 _ 5 _ 
[00241624] 4 | _ 1 9 0 10 5 3 11 2 6 5 _ 
[00241625] 3 | 4 1 9 0 10 5 3 11 2 6 5 _ 
[00241626] 5 | _ 1 9 0 10 _ 3 11 2 7 5 _ 
[00241627] 4 | 5 1 9 0 10 _ 3 11 2 7 5 _ 
[00241628] 4 | _ 1 9 0 10 6 3 11 2 7 5 _ 
[00241629] 3 | 4 1 9 0 10 6 3 11 2 7 5 _ 
[00241630] 3 | _ 1 9 0 10 6 3 11 2 7 5 8 
[00241631] 4 | _ 1 9 0 10 _ 3 11 2 7 5 1 
[00241632] 5 | _ 1 9 0 10 _ 3 11 2 _ 5 10 
[00241633] 4 | _ 1 9 0 10 _ 3 11 2 6 5 10 
[00241634] 3 | 4 1 9 0 10 _ 3 11 2 6 5 10 
[00241635] 7 | _ 1 9 0 10 _ _ 11 2 _ 4 _ 
[00241636] 6 | 7 1 9 0 10 _ _ 11 2 _ 4 _ 
[00241637] 5 | 7 1 9 0 10 5 _ 11 2 _ 4 _ 
[00241638] 4 | 7 1 9 0 10 5 6 11 2 _ 4 _ 
[00241639] 4 | 7 1 9 0 10 5 _ 11 2 6 4 _ 
[00241640] 4 | 7 1 9 0 10 5 _ 11 2 _ 4 8 
[00241641] 5 | 7 1 9 0 10 _ 5 11 2 _ 4 _ 
[00241642] 4 | 7 1 9 0 10 6 5 11 2 _ 4 _ 
[00241643] 4 | 7 1 9 0 10 _ 5 11 2 6 4 _ 
[00241644] 4 | 7 1 9 0 10 _ 5 11 2 _ 4 8 
[00241645] 6 | _ 1 9 0 10 4 _ 11 2 _ 4 _ 
[00241646] 5 | 6 1 9 0 10 4 _ 11 2 _ 4 _ 
[00241647] 5 | _ 1 9 0 10 4 5 11 2 _ 4 _ 
[00241648] 4 | _ 1 9 0 10 4 5 11 2 6 4 _ 
[00241649] 5 | _ 1 9 0 10 4 _ 11 2 7 4 _ 
[00241650] 4 | 5 1 9 0 10 4 _ 11 2 7 4 _ 
[00241651] 4 | _ 1 9 0 10 4 6 11 2 7 4 _ 
[00241652] 6 | _ 1 9 0 10 _ 4 11 2 _ 4 _ 
[00241653] 5 | 6 1 9 0 10 _ 4 11 2 _ 4 _ 
[00241654] 5 | _ 1 9 0 10 5 4 11 2 _ 4 _ 
[00241655] 4 | _ 1 9 0 10 5 4 11 2 6 4 _ 
[00241656] 5 | _ 1 9 0 10 _ 4 11 2 7 4 _ 
[00241657] 4 | 5 1 9 0 10 _ 4 11 2 7 4 _ 
[00241658] 4 | _ 1 9 0 10 6 4 11 2 7 4 _ 
[00241659] 6 | _ 1 9 0 10 _ _ 11 2 8 4 _ 
[00241660] 5 | 6 1 9 0 10 _ _ 11 2 8 4 _ 
[00241661] 5 | _ 1 9 0 10 5 _ 11 2 8 4 _ 
[00241662] 4 | _ 1 9 0 10 5 6 11 2 8 4 _ 
[00241663] 3 | 4 1 9 0 10 5 6 11 2 8 4 _ 
[00241664] 3 | _ 1 9 0 10 5 6 11 2 8 4 1 
[00241665] 3 | _ 1 9 0 10 5 6 11 2 8 4 7 
[00241666] 2 | 3 1 9 0 10 5 6 11 2 8 4 7 
[00241667] 1 | 3 1 9 0 10 5 6 11 2 8 4 7  *Graceful*
[00241667] 5 | _ 1 9 0 10 _ 5 11 2 8 4 _ 
[00241668] 4 | _ 1 9 0 10 6 5 11 2 8 4 _ 
[00241669] 3 | 4 1 9 0 10 6 5 11 2 8 4 _ 
[00241670] 3 | _ 1 9 0 10 6 5 11 2 8 4 1 
[00241671] 3 | _ 1 9 0 10 6 5 11 2 8 4 7 
[00241672] 2 | 3 1 9 0 10 6 5 11 2 8 4 7 
[00241673] 1 | 3 1 9 0 10 6 5 11 2 8 4 7  *Graceful*
[00241673] 6 | _ 1 9 0 10 _ _ 11 2 _ 4 10 
[00241674] 5 | 6 1 9 0 10 _ _ 11 2 _ 4 10 
[00241675] 5 | _ 1 9 0 10 _ _ 11 2 7 4 10 
[00241676] 4 | 5 1 9 0 10 _ _ 11 2 7 4 10 
[00241677] 8 | _ 9 1 0 10 _ _ 11 2 _ _ _ 
[00241678] 8 | _ 8 _ 0 10 _ _ 11 2 _ _ _ 
[00241679] 7 | 1 8 _ 0 10 _ _ 11 2 _ _ _ 
[00241680] 6 | 1 8 2 0 10 _ _ 11 2 _ _ _ 
[00241681] 5 | 1 8 2 0 10 5 _ 11 2 _ _ _ 
[00241682] 4 | 1 8 2 0 10 5 6 11 2 _ _ _ 
[00241683] 3 | 1 8 2 0 10 5 6 11 2 _ 4 7 
[00241684] 3 | 1 8 2 0 10 5 6 11 2 _ 7 4 
[00241685] 4 | 1 8 2 0 10 5 _ 11 2 _ 7 _ 
[00241686] 3 | 1 8 2 0 10 5 7 11 2 _ 7 _ 
[00241687] 3 | 1 8 2 0 10 5 _ 11 2 _ 7 4 
[00241688] 3 | 1 8 2 0 10 5 _ 11 2 _ 7 10 
[00241689] 4 | 1 8 2 0 10 5 _ 11 2 _ 3 7 
[00241690] 4 | 1 8 2 0 10 5 _ 11 2 _ 7 3 
[00241691] 5 | 1 8 2 0 10 _ 5 11 2 _ _ _ 
[00241692] 4 | 1 8 2 0 10 6 5 11 2 _ _ _ 
[00241693] 3 | 1 8 2 0 10 6 5 11 2 _ 4 7 
[00241694] 3 | 1 8 2 0 10 6 5 11 2 _ 7 4 
[00241695] 4 | 1 8 2 0 10 _ 5 11 2 _ 7 _ 
[00241696] 3 | 1 8 2 0 10 7 5 11 2 _ 7 _ 
[00241697] 3 | 1 8 2 0 10 _ 5 11 2 _ 7 4 
[00241698] 3 | 1 8 2 0 10 _ 5 11 2 _ 7 10 
[00241699] 4 | 1 8 2 0 10 _ 5 11 2 _ 3 7 
[00241700] 4 | 1 8 2 0 10 _ 5 11 2 _ 7 3 
[00241701] 5 | 1 8 2 0 10 _ _ 11 2 _ 6 _ 
[00241702] 4 | 1 8 2 0 10 6 _ 11 2 _ 6 _ 
[00241703] 3 | 1 8 2 0 10 6 7 11 2 _ 6 _ 
[00241704] 4 | 1 8 2 0 10 _ 6 11 2 _ 6 _ 
[00241705] 3 | 1 8 2 0 10 7 6 11 2 _ 6 _ 
[00241706] 4 | 1 8 2 0 10 _ _ 11 2 _ 6 10 
[00241707] 5 | 1 8 2 0 10 _ _ 11 2 _ 4 9 
[00241708] 4 | 1 8 2 0 10 6 _ 11 2 _ 4 9 
[00241709] 3 | 1 8 2 0 10 6 7 11 2 _ 4 9 
[00241710] 4 | 1 8 2 0 10 _ 6 11 2 _ 4 9 
[00241711] 3 | 1 8 2 0 10 7 6 11 2 _ 4 9 
[00241712] 5 | 1 8 2 0 10 _ _ 11 2 _ 9 4 
[00241713] 4 | 1 8 2 0 10 6 _ 11 2 _ 9 4 
[00241714] 3 | 1 8 2 0 10 6 7 11 2 _ 9 4 
[00241715] 4 | 1 8 2 0 10 _ 6 11 2 _ 9 4 
[00241716] 3 | 1 8 2 0 10 7 6 11 2 _ 9 4 
[00241717] 6 | 1 8 _ 0 10 4 _ 11 2 _ _ _ 
[00241718] 5 | 1 8 3 0 10 4 _ 11 2 _ _ _ 
[00241719] 4 | 1 8 3 0 10 4 6 11 2 _ _ _ 
[00241720] 3 | 1 8 3 0 10 4 6 11 2 5 _ _ 
[00241721] 2 | 1 8 3 0 10 4 6 11 2 5 9 _ 
[00241722] 2 | 1 8 3 0 10 4 6 11 2 5 7 9 
[00241723] 2 | 1 8 3 0 10 4 6 11 2 5 9 7 
[00241724] 4 | 1 8 3 0 10 4 _ 11 2 6 _ _ 
[00241725] 3 | 1 8 3 0 10 4 7 11 2 6 _ _ 
[00241726] 2 | 1 8 3 0 10 4 7 11 2 6 9 _ 
[00241727] 4 | 1 8 3 0 10 4 _ 11 2 _ 7 _ 
[00241728] 3 | 1 8 3 0 10 4 7 11 2 _ 7 _ 
[00241729] 3 | 1 8 3 0 10 4 _ 11 2 5 7 _ 
[00241730] 2 | 1 8 3 0 10 4 _ 11 2 5 7 9 
[00241731] 3 | 1 8 3 0 10 4 _ 11 2 _ 7 10 
[00241732] 4 | 1 8 3 0 10 4 _ 11 2 _ 5 9 
[00241733] 3 | 1 8 3 0 10 4 7 11 2 _ 5 9 
[00241734] 4 | 1 8 3 0 10 4 _ 11 2 _ 9 5 
[00241735] 3 | 1 8 3 0 10 4 7 11 2 _ 9 5 
[00241736] 5 | 1 8 _ 0 10 4 5 11 2 _ _ _ 
[00241737] 4 | 1 8 _ 0 10 4 5 11 2 6 _ _ 
[00241738] 3 | 1 8 11 0 10 4 5 11 2 6 _ _ 
[00241739] 2 | 1 8 11 0 10 4 5 11 2 6 7 9 
[00241740] 2 | 1 8 11 0 10 4 5 11 2 6 9 7 
[00241741] 3 | 1 8 _ 0 10 4 5 11 2 6 8 _ 
[00241742] 4 | 1 8 _ 0 10 4 5 11 2 _ 7 _ 
[00241743] 4 | 1 8 _ 0 10 4 5 11 2 _ 3 7 
[00241744] 4 | 1 8 _ 0 10 4 5 11 2 _ 7 3 
[00241745] 5 | 1 8 _ 0 10 4 _ 11 2 7 _ _ 
[00241746] 4 | 1 8 _ 0 10 4 6 11 2 7 _ _ 
[00241747] 3 | 1 8 5 0 10 4 6 11 2 7 _ _ 
[00241748] 2 | 1 8 5 0 10 4 6 11 2 7 9 _ 
[00241749] 3 | 1 8 11 0 10 4 6 11 2 7 _ _ 
[00241750] 2 | 1 8 11 0 10 4 6 11 2 7 3 5 
[00241751] 2 | 1 8 11 0 10 4 6 11 2 7 5 3 
[00241752] 3 | 1 8 _ 0 10 4 6 11 2 7 8 _ 
[00241753] 4 | 1 8 _ 0 10 4 _ 11 2 7 5 9 
[00241754] 4 | 1 8 _ 0 10 4 _ 11 2 7 9 5 
[00241755] 5 | 1 8 _ 0 10 4 _ 11 2 _ 6 _ 
[00241756] 4 | 1 8 _ 0 10 4 6 11 2 _ 6 _ 
[00241757] 3 | 1 8 5 0 10 4 6 11 2 _ 6 _ 
[00241758] 3 | 1 8 _ 0 10 4 6 11 2 5 6 _ 
[00241759] 4 | 1 8 _ 0 10 4 _ 11 2 6 6 _ 
[00241760] 3 | 1 8 5 0 10 4 _ 11 2 6 6 _ 
[00241761] 3 | 1 8 _ 0 10 4 7 11 2 6 6 _ 
[00241762] 4 | 1 8 _ 0 10 4 _ 11 2 _ 6 2 
[00241763] 3 | 1 8 5 0 10 4 _ 11 2 _ 6 2 
[00241764] 3 | 1 8 _ 0 10 4 7 11 2 _ 6 2 
[00241765] 4 | 1 8 _ 0 10 4 _ 11 2 _ 6 10 
[00241766] 3 | 1 8 5 0 10 4 _ 11 2 _ 6 10 
[00241767] 3 | 1 8 _ 0 10 4 _ 11 2 5 6 10 
[00241768] 6 | 1 8 _ 0 10 _ 4 11 2 _ _ _ 
[00241769] 5 | 1 8 3 0 10 _ 4 11 2 _ _ _ 
[00241770] 4 | 1 8 3 0 10 6 4 11 2 _ _ _ 
[00241771] 3 | 1 8 3 0 10 6 4 11 2 5 _ _ 
[00241772] 2 | 1 8 3 0 10 6 4 11 2 5 9 _ 
[00241773] 2 | 1 8 3 0 10 6 4 11 2 5 7 9 
[00241774] 2 | 1 8 3 0 10 6 4 11 2 5 9 7 
[00241775] 4 | 1 8 3 0 10 _ 4 11 2 6 _ _ 
[00241776] 3 | 1 8 3 0 10 7 4 11 2 6 _ _ 
[00241777] 2 | 1 8 3 0 10 7 4 11 2 6 9 _ 
[00241778] 4 | 1 8 3 0 10 _ 4 11 2 _ 7 _ 
[00241779] 3 | 1 8 3 0 10 7 4 11 2 _ 7 _ 
[00241780] 3 | 1 8 3 0 10 _ 4 11 2 5 7 _ 
[00241781] 2 | 1 8 3 0 10 _ 4 11 2 5 7 9 
[00241782] 3 | 1 8 3 0 10 _ 4 11 2 _ 7 10 
[00241783] 4 | 1 8 3 0 10 _ 4 11 2 _ 5 9 
[00241784] 3 | 1 8 3 0 10 7 4 11 2 _ 5 9 
[00241785] 4 | 1 8 3 0 10 _ 4 11 2 _ 9 5 
[00241786] 3 | 1 8 3 0 10 7 4 11 2 _ 9 5 
[00241787] 5 | 1 8 _ 0 10 5 4 11 2 _ _ _ 
[00241788] 4 | 1 8 _ 0 10 5 4 11 2 6 _ _ 
[00241789] 3 | 1 8 11 0 10 5 4 11 2 6 _ _ 
[00241790] 2 | 1 8 11 0 10 5 4 11 2 6 7 9 
[00241791] 2 | 1 8 11 0 10 5 4 11 2 6 9 7 
[00241792] 3 | 1 8 _ 0 10 5 4 11 2 6 8 _ 
[00241793] 4 | 1 8 _ 0 10 5 4 11 2 _ 7 _ 
[00241794] 4 | 1 8 _ 0 10 5 4 11 2 _ 3 7 
[00241795] 4 | 1 8 _ 0 10 5 4 11 2 _ 7 3 
[00241796] 5 | 1 8 _ 0 10 _ 4 11 2 7 _ _ 
[00241797] 4 | 1 8 _ 0 10 6 4 11 2 7 _ _ 
[00241798] 3 | 1 8 5 0 10 6 4 11 2 7 _ _ 
[00241799] 2 | 1 8 5 0 10 6 4 11 2 7 9 _ 
[00241800] 3 | 1 8 11 0 10 6 4 11 2 7 _ _ 
[00241801] 2 | 1 8 11 0 10 6 4 11 2 7 3 5 
[00241802] 2 | 1 8 11 0 10 6 4 11 2 7 5 3 
[00241803] 3 | 1 8 _ 0 10 6 4 11 2 7 8 _ 
[00241804] 4 | 1 8 _ 0 10 _ 4 11 2 7 5 9 
[00241805] 4 | 1 8 _ 0 10 _ 4 11 2 7 9 5 
[00241806] 5 | 1 8 _ 0 10 _ 4 11 2 _ 6 _ 
[00241807] 4 | 1 8 _ 0 10 6 4 11 2 _ 6 _ 
[00241808] 3 | 1 8 5 0 10 6 4 11 2 _ 6 _ 
[00241809] 3 | 1 8 _ 0 10 6 4 11 2 5 6 _ 
[00241810] 4 | 1 8 _ 0 10 _ 4 11 2 6 6 _ 
[00241811] 3 | 1 8 5 0 10 _ 4 11 2 6 6 _ 
[00241812] 3 | 1 8 _ 0 10 7 4 11 2 6 6 _ 
[00241813] 4 | 1 8 _ 0 10 _ 4 11 2 _ 6 2 
[00241814] 3 | 1 8 5 0 10 _ 4 11 2 _ 6 2 
[00241815] 3 | 1 8 _ 0 10 7 4 11 2 _ 6 2 
[00241816] 4 | 1 8 _ 0 10 _ 4 11 2 _ 6 10 
[00241817] 3 | 1 8 5 0 10 _ 4 11 2 _ 6 10 
[00241818] 3 | 1 8 _ 0 10 _ 4 11 2 5 6 10 
[00241819] 6 | 1 8 _ 0 10 _ _ 11 2 8 _ _ 
[00241820] 5 | 1 8 _ 0 10 5 _ 11 2 8 _ _ 
[00241821] 4 | 1 8 _ 0 10 5 6 11 2 8 _ _ 
[00241822] 3 | 1 8 _ 0 10 5 6 11 2 8 4 7 
[00241823] 3 | 1 8 _ 0 10 5 6 11 2 8 7 4 
[00241824] 4 | 1 8 _ 0 10 5 _ 11 2 8 7 _ 
[00241825] 3 | 1 8 _ 0 10 5 7 11 2 8 7 _ 
[00241826] 3 | 1 8 _ 0 10 5 _ 11 2 8 7 4 
[00241827] 3 | 1 8 _ 0 10 5 _ 11 2 8 7 10 
[00241828] 4 | 1 8 _ 0 10 5 _ 11 2 8 3 7 
[00241829] 4 | 1 8 _ 0 10 5 _ 11 2 8 7 3 
[00241830] 5 | 1 8 _ 0 10 _ 5 11 2 8 _ _ 
[00241831] 4 | 1 8 _ 0 10 6 5 11 2 8 _ _ 
[00241832] 3 | 1 8 _ 0 10 6 5 11 2 8 4 7 
[00241833] 3 | 1 8 _ 0 10 6 5 11 2 8 7 4 
[00241834] 4 | 1 8 _ 0 10 _ 5 11 2 8 7 _ 
[00241835] 3 | 1 8 _ 0 10 7 5 11 2 8 7 _ 
[00241836] 3 | 1 8 _ 0 10 _ 5 11 2 8 7 4 
[00241837] 3 | 1 8 _ 0 10 _ 5 11 2 8 7 10 
[00241838] 4 | 1 8 _ 0 10 _ 5 11 2 8 3 7 
[00241839] 4 | 1 8 _ 0 10 _ 5 11 2 8 7 3 
[00241840] 5 | 1 8 _ 0 10 _ _ 11 2 8 6 _ 
[00241841] 4 | 1 8 _ 0 10 6 _ 11 2 8 6 _ 
[00241842] 3 | 1 8 _ 0 10 6 7 11 2 8 6 _ 
[00241843] 4 | 1 8 _ 0 10 _ 6 11 2 8 6 _ 
[00241844] 3 | 1 8 _ 0 10 7 6 11 2 8 6 _ 
[00241845] 4 | 1 8 _ 0 10 _ _ 11 2 8 6 10 
[00241846] 5 | 1 8 _ 0 10 _ _ 11 2 8 4 9 
[00241847] 4 | 1 8 _ 0 10 6 _ 11 2 8 4 9 
[00241848] 3 | 1 8 _ 0 10 6 7 11 2 8 4 9 
[00241849] 4 | 1 8 _ 0 10 _ 6 11 2 8 4 9 
[00241850] 3 | 1 8 _ 0 10 7 6 11 2 8 4 9 
[00241851] 5 | 1 8 _ 0 10 _ _ 11 2 8 9 4 
[00241852] 4 | 1 8 _ 0 10 6 _ 11 2 8 9 4 
[00241853] 3 | 1 8 _ 0 10 6 7 11 2 8 9 4 
[00241854] 4 | 1 8 _ 0 10 _ 6 11 2 8 9 4 
[00241855] 3 | 1 8 _ 0 10 7 6 11 2 8 9 4 
[00241856] 6 | 1 8 _ 0 10 _ _ 11 2 _ 5 _ 
[00241857] 5 | 1 8 3 0 10 _ _ 11 2 _ 5 _ 
[00241858] 4 | 1 8 3 0 10 6 _ 11 2 _ 5 _ 
[00241859] 3 | 1 8 3 0 10 6 7 11 2 _ 5 _ 
[00241860] 2 | 1 8 3 0 10 6 7 11 2 4 5 _ 
[00241861] 3 | 1 8 3 0 10 6 _ 11 2 5 5 _ 
[00241862] 3 | 1 8 3 0 10 6 _ 11 2 _ 5 2 
[00241863] 4 | 1 8 3 0 10 _ 6 11 2 _ 5 _ 
[00241864] 3 | 1 8 3 0 10 7 6 11 2 _ 5 _ 
[00241865] 2 | 1 8 3 0 10 7 6 11 2 4 5 _ 
[00241866] 3 | 1 8 3 0 10 _ 6 11 2 5 5 _ 
[00241867] 3 | 1 8 3 0 10 _ 6 11 2 _ 5 2 
[00241868] 4 | 1 8 3 0 10 _ _ 11 2 6 5 _ 
[00241869] 3 | 1 8 3 0 10 7 _ 11 2 6 5 _ 
[00241870] 3 | 1 8 3 0 10 _ 7 11 2 6 5 _ 
[00241871] 4 | 1 8 3 0 10 _ _ 11 2 _ 5 9 
[00241872] 3 | 1 8 3 0 10 7 _ 11 2 _ 5 9 
[00241873] 2 | 1 8 3 0 10 7 _ 11 2 4 5 9 
[00241874] 3 | 1 8 3 0 10 _ 7 11 2 _ 5 9 
[00241875] 2 | 1 8 3 0 10 _ 7 11 2 4 5 9 
[00241876] 5 | 1 8 _ 0 10 5 _ 11 2 _ 5 _ 
[00241877] 4 | 1 8 4 0 10 5 _ 11 2 _ 5 _ 
[00241878] 3 | 1 8 4 0 10 5 7 11 2 _ 5 _ 
[00241879] 4 | 1 8 _ 0 10 5 6 11 2 _ 5 _ 
[00241880] 4 | 1 8 _ 0 10 5 _ 11 2 6 5 _ 
[00241881] 3 | 1 8 _ 0 10 5 7 11 2 6 5 _ 
[00241882] 5 | 1 8 _ 0 10 _ 5 11 2 _ 5 _ 
[00241883] 4 | 1 8 4 0 10 _ 5 11 2 _ 5 _ 
[00241884] 3 | 1 8 4 0 10 7 5 11 2 _ 5 _ 
[00241885] 4 | 1 8 _ 0 10 6 5 11 2 _ 5 _ 
[00241886] 4 | 1 8 _ 0 10 _ 5 11 2 6 5 _ 
[00241887] 3 | 1 8 _ 0 10 7 5 11 2 6 5 _ 
[00241888] 5 | 1 8 _ 0 10 _ _ 11 2 7 5 _ 
[00241889] 4 | 1 8 4 0 10 _ _ 11 2 7 5 _ 
[00241890] 4 | 1 8 _ 0 10 6 _ 11 2 7 5 _ 
[00241891] 3 | 1 8 5 0 10 6 _ 11 2 7 5 _ 
[00241892] 3 | 1 8 _ 0 10 6 _ 11 2 7 5 8 
[00241893] 4 | 1 8 _ 0 10 _ 6 11 2 7 5 _ 
[00241894] 3 | 1 8 5 0 10 _ 6 11 2 7 5 _ 
[00241895] 3 | 1 8 _ 0 10 _ 6 11 2 7 5 8 
[00241896] 4 | 1 8 _ 0 10 _ _ 11 2 7 5 9 
[00241897] 5 | 1 8 _ 0 10 _ _ 11 2 _ 5 10 
[00241898] 4 | 1 8 4 0 10 _ _ 11 2 _ 5 10 
[00241899] 4 | 1 8 _ 0 10 _ _ 11 2 6 5 10 
[00241900] 6 | 1 8 _ 0 10 _ _ 11 2 _ 3 9 
[00241901] 5 | 1 8 _ 0 10 5 _ 11 2 _ 3 9 
[00241902] 4 | 1 8 4 0 10 5 _ 11 2 _ 3 9 
[00241903] 3 | 1 8 4 0 10 5 7 11 2 _ 3 9 
[00241904] 4 | 1 8 _ 0 10 5 6 11 2 _ 3 9 
[00241905] 4 | 1 8 _ 0 10 5 _ 11 2 6 3 9 
[00241906] 3 | 1 8 _ 0 10 5 7 11 2 6 3 9 
[00241907] 5 | 1 8 _ 0 10 _ 5 11 2 _ 3 9 
[00241908] 4 | 1 8 4 0 10 _ 5 11 2 _ 3 9 
[00241909] 3 | 1 8 4 0 10 7 5 11 2 _ 3 9 
[00241910] 4 | 1 8 _ 0 10 6 5 11 2 _ 3 9 
[00241911] 4 | 1 8 _ 0 10 _ 5 11 2 6 3 9 
[00241912] 3 | 1 8 _ 0 10 7 5 11 2 6 3 9 
[00241913] 5 | 1 8 _ 0 10 _ _ 11 2 7 3 9 
[00241914] 4 | 1 8 4 0 10 _ _ 11 2 7 3 9 
[00241915] 4 | 1 8 _ 0 10 6 _ 11 2 7 3 9 
[00241916] 3 | 1 8 5 0 10 6 _ 11 2 7 3 9 
[00241917] 4 | 1 8 _ 0 10 _ 6 11 2 7 3 9 
[00241918] 3 | 1 8 5 0 10 _ 6 11 2 7 3 9 
[00241919] 6 | 1 8 _ 0 10 _ _ 11 2 _ 9 3 
[00241920] 5 | 1 8 _ 0 10 5 _ 11 2 _ 9 3 
[00241921] 4 | 1 8 4 0 10 5 _ 11 2 _ 9 3 
[00241922] 3 | 1 8 4 0 10 5 7 11 2 _ 9 3 
[00241923] 4 | 1 8 _ 0 10 5 6 11 2 _ 9 3 
[00241924] 4 | 1 8 _ 0 10 5 _ 11 2 6 9 3 
[00241925] 3 | 1 8 _ 0 10 5 7 11 2 6 9 3 
[00241926] 5 | 1 8 _ 0 10 _ 5 11 2 _ 9 3 
[00241927] 4 | 1 8 4 0 10 _ 5 11 2 _ 9 3 
[00241928] 3 | 1 8 4 0 10 7 5 11 2 _ 9 3 
[00241929] 4 | 1 8 _ 0 10 6 5 11 2 _ 9 3 
[00241930] 4 | 1 8 _ 0 10 _ 5 11 2 6 9 3 
[00241931] 3 | 1 8 _ 0 10 7 5 11 2 6 9 3 
[00241932] 5 | 1 8 _ 0 10 _ _ 11 2 7 9 3 
[00241933] 4 | 1 8 4 0 10 _ _ 11 2 7 9 3 
[00241934] 4 | 1 8 _ 0 10 6 _ 11 2 7 9 3 
[00241935] 3 | 1 8 5 0 10 6 _ 11 2 7 9 3 
[00241936] 4 | 1 8 _ 0 10 _ 6 11 2 7 9 3 
[00241937] 3 | 1 8 5 0 10 _ 6 11 2 7 9 3 
[00241938] 7 | _ 8 1 0 10 _ _ 11 2 _ _ _ 
[00241939] 6 | 2 8 1 0 10 _ _ 11 2 _ _ _ 
[00241940] 5 | 2 8 1 0 10 5 _ 11 2 _ _ _ 
[00241941] 4 | 2 8 1 0 10 5 6 11 2 _ _ _ 
[00241942] 3 | 2 8 1 0 10 5 6 11 2 _ 4 7 
[00241943] 3 | 2 8 1 0 10 5 6 11 2 _ 7 4 
[00241944] 4 | 2 8 1 0 10 5 _ 11 2 _ 7 _ 
[00241945] 3 | 2 8 1 0 10 5 7 11 2 _ 7 _ 
[00241946] 3 | 2 8 1 0 10 5 _ 11 2 _ 7 4 
[00241947] 3 | 2 8 1 0 10 5 _ 11 2 _ 7 10 
[00241948] 4 | 2 8 1 0 10 5 _ 11 2 _ 3 7 
[00241949] 4 | 2 8 1 0 10 5 _ 11 2 _ 7 3 
[00241950] 5 | 2 8 1 0 10 _ 5 11 2 _ _ _ 
[00241951] 4 | 2 8 1 0 10 6 5 11 2 _ _ _ 
[00241952] 3 | 2 8 1 0 10 6 5 11 2 _ 4 7 
[00241953] 3 | 2 8 1 0 10 6 5 11 2 _ 7 4 
[00241954] 4 | 2 8 1 0 10 _ 5 11 2 _ 7 _ 
[00241955] 3 | 2 8 1 0 10 7 5 11 2 _ 7 _ 
[00241956] 3 | 2 8 1 0 10 _ 5 11 2 _ 7 4 
[00241957] 3 | 2 8 1 0 10 _ 5 11 2 _ 7 10 
[00241958] 4 | 2 8 1 0 10 _ 5 11 2 _ 3 7 
[00241959] 4 | 2 8 1 0 10 _ 5 11 2 _ 7 3 
[00241960] 5 | 2 8 1 0 10 _ _ 11 2 _ 6 _ 
[00241961] 4 | 2 8 1 0 10 6 _ 11 2 _ 6 _ 
[00241962] 3 | 2 8 1 0 10 6 7 11 2 _ 6 _ 
[00241963] 4 | 2 8 1 0 10 _ 6 11 2 _ 6 _ 
[00241964] 3 | 2 8 1 0 10 7 6 11 2 _ 6 _ 
[00241965] 4 | 2 8 1 0 10 _ _ 11 2 _ 6 10 
[00241966] 5 | 2 8 1 0 10 _ _ 11 2 _ 4 9 
[00241967] 4 | 2 8 1 0 10 6 _ 11 2 _ 4 9 
[00241968] 3 | 2 8 1 0 10 6 7 11 2 _ 4 9 
[00241969] 4 | 2 8 1 0 10 _ 6 11 2 _ 4 9 
[00241970] 3 | 2 8 1 0 10 7 6 11 2 _ 4 9 
[00241971] 5 | 2 8 1 0 10 _ _ 11 2 _ 9 4 
[00241972] 4 | 2 8 1 0 10 6 _ 11 2 _ 9 4 
[00241973] 3 | 2 8 1 0 10 6 7 11 2 _ 9 4 
[00241974] 4 | 2 8 1 0 10 _ 6 11 2 _ 9 4 
[00241975] 3 | 2 8 1 0 10 7 6 11 2 _ 9 4 
[00241976] 6 | _ 8 1 0 10 4 _ 11 2 _ _ _ 
[00241977] 5 | 3 8 1 0 10 4 _ 11 2 _ _ _ 
[00241978] 4 | 3 8 1 0 10 4 6 11 2 _ _ _ 
[00241979] 3 | 3 8 1 0 10 4 6 11 2 5 _ _ 
[00241980] 2 | 3 8 1 0 10 4 6 11 2 5 9 _ 
[00241981] 2 | 3 8 1 0 10 4 6 11 2 5 7 9 
[00241982] 2 | 3 8 1 0 10 4 6 11 2 5 9 7 
[00241983] 4 | 3 8 1 0 10 4 _ 11 2 6 _ _ 
[00241984] 3 | 3 8 1 0 10 4 7 11 2 6 _ _ 
[00241985] 2 | 3 8 1 0 10 4 7 11 2 6 9 _ 
