[00070333] 3 | 3 11 1 0 9 2 5 4 9 _ 10 7 
[00070334] 4 | 3 11 1 0 9 2 _ 4 9 5 10 _ 
[00070335] 3 | 3 11 1 0 9 2 _ 4 9 5 10 7 
[00070336] 4 | 3 11 1 0 9 2 _ 4 9 _ 10 6 
[00070337] 5 | 3 11 1 0 9 2 _ 4 _ _ 10 5 
[00070338] 4 | 3 11 1 0 9 2 _ 4 8 _ 10 5 
[00070339] 3 | 3 11 1 0 9 2 6 4 8 _ 10 5 
[00070340] 6 | 3 11 1 0 9 2 _ 10 _ _ 4 _ 
[00070341] 5 | 3 11 1 0 9 2 4 10 _ _ 4 _ 
[00070342] 4 | 3 11 1 0 9 2 4 10 6 _ 4 _ 
[00070343] 5 | 3 11 1 0 9 2 _ 10 5 _ 4 _ 
[00070344] 4 | 3 11 1 0 9 2 5 10 5 _ 4 _ 
[00070345] 3 | 3 11 1 0 9 2 5 10 5 _ 4 7 
[00070346] 4 | 3 11 1 0 9 2 _ 10 5 9 4 _ 
[00070347] 3 | 3 11 1 0 9 2 _ 10 5 9 4 7 
[00070348] 4 | 3 11 1 0 9 2 _ 10 5 _ 4 8 
[00070349] 3 | 3 11 1 0 9 2 6 10 5 _ 4 8 
[00070350] 2 | 3 11 1 0 9 2 6 10 5 7 4 8 
[00070351] 5 | 3 11 1 0 9 2 _ 10 _ _ 4 9 
[00070352] 4 | 3 11 1 0 9 2 _ 10 6 _ 4 9 
[00070353] 6 | 3 11 1 0 9 2 _ _ _ _ 4 10 
[00070354] 5 | 3 11 1 0 9 2 4 _ _ _ 4 10 
[00070355] 5 | 3 11 1 0 9 2 _ 5 _ _ 4 10 
[00070356] 4 | 3 11 1 0 9 2 5 5 _ _ 4 10 
[00070357] 4 | 3 11 1 0 9 2 _ 5 9 _ 4 10 
[00070358] 3 | 3 11 1 0 9 2 6 5 9 _ 4 10 
[00070359] 3 | 3 11 1 0 9 2 _ 5 9 6 4 10 
[00070360] 5 | 3 11 1 0 9 2 _ 9 _ _ 4 10 
[00070361] 4 | 3 11 1 0 9 2 5 9 _ _ 4 10 
[00070362] 4 | 3 11 1 0 9 2 _ 9 5 _ 4 10 
[00070363] 3 | 3 11 1 0 9 2 _ 9 5 8 4 10 
[00070364] 6 | 3 11 1 0 9 2 _ _ _ _ 10 4 
[00070365] 5 | 3 11 1 0 9 2 _ 5 _ _ 10 4 
[00070366] 5 | 3 11 1 0 9 2 _ 5 _ _ 10 4 
[00070367] 4 | 3 11 1 0 9 2 5 5 _ _ 10 4 
[00070368] 4 | 3 11 1 0 9 2 _ 5 9 _ 10 4 
[00070369] 3 | 3 11 1 0 9 2 6 5 9 _ 10 4 
[00070370] 3 | 3 11 1 0 9 2 _ 5 9 6 10 4 
[00070371] 7 | 3 11 1 0 9 _ 2 _ _ _ _ _ 
[00070372] 6 | 3 11 1 0 9 _ 2 6 _ _ _ _ 
[00070373] 5 | 3 11 1 0 9 4 2 6 _ _ _ _ 
[00070374] 4 | 3 11 1 0 9 4 2 6 10 _ _ _ 
[00070375] 3 | 3 11 1 0 9 4 2 6 10 7 _ _ 
[00070376] 2 | 3 11 1 0 9 4 2 6 10 7 8 _ 
[00070377] 3 | 3 11 1 0 9 4 2 6 10 _ 5 8 
[00070378] 3 | 3 11 1 0 9 4 2 6 10 _ 8 5 
[00070379] 4 | 3 11 1 0 9 4 2 6 _ _ 10 _ 
[00070380] 3 | 3 11 1 0 9 4 2 6 5 8 10 _ 
[00070381] 3 | 3 11 1 0 9 4 2 6 8 5 10 _ 
[00070382] 3 | 3 11 1 0 9 4 2 6 _ _ 10 7 
[00070383] 2 | 3 11 1 0 9 4 2 6 8 _ 10 7 
[00070384] 5 | 3 11 1 0 9 _ 2 6 5 10 _ _ 
[00070385] 4 | 3 11 1 0 9 _ 2 6 5 10 4 8 
[00070386] 4 | 3 11 1 0 9 _ 2 6 5 10 8 4 
[00070387] 5 | 3 11 1 0 9 _ 2 6 10 5 _ _ 
[00070388] 4 | 3 11 1 0 9 _ 2 6 10 5 4 8 
[00070389] 4 | 3 11 1 0 9 _ 2 6 10 5 8 4 
[00070390] 5 | 3 11 1 0 9 _ 2 6 _ _ 5 10 
[00070391] 4 | 3 11 1 0 9 _ 2 6 4 8 5 10 
[00070392] 4 | 3 11 1 0 9 _ 2 6 8 4 5 10 
[00070393] 5 | 3 11 1 0 9 _ 2 6 _ _ 10 5 
[00070394] 4 | 3 11 1 0 9 _ 2 6 4 8 10 5 
[00070395] 4 | 3 11 1 0 9 _ 2 6 8 4 10 5 
[00070396] 6 | 3 11 1 0 9 _ 2 4 10 _ _ _ 
[00070397] 5 | 3 11 1 0 9 4 2 4 10 _ _ _ 
[00070398] 4 | 3 11 1 0 9 4 2 4 10 6 _ _ 
[00070399] 3 | 3 11 1 0 9 4 2 4 10 6 5 8 
[00070400] 3 | 3 11 1 0 9 4 2 4 10 6 8 5 
[00070401] 5 | 3 11 1 0 9 _ 2 4 10 5 _ _ 
[00070402] 4 | 3 11 1 0 9 _ 2 4 10 5 8 _ 
[00070403] 3 | 3 11 1 0 9 6 2 4 10 5 8 _ 
[00070404] 5 | 3 11 1 0 9 _ 2 4 10 _ 9 _ 
[00070405] 4 | 3 11 1 0 9 5 2 4 10 _ 9 _ 
[00070406] 3 | 3 11 1 0 9 5 2 4 10 7 9 _ 
[00070407] 4 | 3 11 1 0 9 _ 2 4 10 6 9 _ 
[00070408] 4 | 3 11 1 0 9 _ 2 4 10 _ 9 5 
[00070409] 3 | 3 11 1 0 9 _ 2 4 10 7 9 5 
[00070410] 6 | 3 11 1 0 9 _ 2 10 4 _ _ _ 
[00070411] 5 | 3 11 1 0 9 4 2 10 4 _ _ _ 
[00070412] 4 | 3 11 1 0 9 4 2 10 4 _ 6 _ 
[00070413] 5 | 3 11 1 0 9 _ 2 10 4 9 _ _ 
[00070414] 4 | 3 11 1 0 9 _ 2 10 4 9 6 _ 
[00070415] 5 | 3 11 1 0 9 _ 2 10 4 _ 5 _ 
[00070416] 4 | 3 11 1 0 9 5 2 10 4 _ 5 _ 
[00070417] 3 | 3 11 1 0 9 5 2 10 4 7 5 _ 
[00070418] 4 | 3 11 1 0 9 _ 2 10 4 8 5 _ 
[00070419] 3 | 3 11 1 0 9 6 2 10 4 8 5 _ 
[00070420] 2 | 3 11 1 0 9 6 2 10 4 8 5 7 
[00070421] 4 | 3 11 1 0 9 _ 2 10 4 _ 5 9 
[00070422] 3 | 3 11 1 0 9 _ 2 10 4 7 5 9 
[00070423] 6 | 3 11 1 0 9 _ 2 _ 4 10 _ _ 
[00070424] 5 | 3 11 1 0 9 4 2 _ 4 10 _ _ 
[00070425] 5 | 3 11 1 0 9 _ 2 5 4 10 _ _ 
[00070426] 4 | 3 11 1 0 9 5 2 5 4 10 _ _ 
[00070427] 4 | 3 11 1 0 9 _ 2 5 4 10 9 _ 
[00070428] 3 | 3 11 1 0 9 6 2 5 4 10 9 _ 
[00070429] 3 | 3 11 1 0 9 _ 2 5 4 10 9 6 
[00070430] 5 | 3 11 1 0 9 _ 2 9 4 10 _ _ 
[00070431] 4 | 3 11 1 0 9 5 2 9 4 10 _ _ 
[00070432] 4 | 3 11 1 0 9 _ 2 9 4 10 5 _ 
[00070433] 3 | 3 11 1 0 9 _ 2 9 4 10 5 8 
[00070434] 6 | 3 11 1 0 9 _ 2 _ 10 4 _ _ 
[00070435] 5 | 3 11 1 0 9 _ 2 5 10 4 _ _ 
[00070436] 5 | 3 11 1 0 9 _ 2 5 10 4 _ _ 
[00070437] 4 | 3 11 1 0 9 5 2 5 10 4 _ _ 
[00070438] 4 | 3 11 1 0 9 _ 2 5 10 4 9 _ 
[00070439] 3 | 3 11 1 0 9 6 2 5 10 4 9 _ 
[00070440] 3 | 3 11 1 0 9 _ 2 5 10 4 9 6 
[00070441] 6 | 3 11 1 0 9 _ 2 4 _ _ 10 _ 
[00070442] 5 | 3 11 1 0 9 4 2 4 _ _ 10 _ 
[00070443] 4 | 3 11 1 0 9 4 2 4 _ _ 10 6 
[00070444] 3 | 3 11 1 0 9 4 2 4 5 8 10 6 
[00070445] 3 | 3 11 1 0 9 4 2 4 8 5 10 6 
[00070446] 5 | 3 11 1 0 9 _ 2 4 9 _ 10 _ 
[00070447] 4 | 3 11 1 0 9 5 2 4 9 _ 10 _ 
[00070448] 3 | 3 11 1 0 9 5 2 4 9 _ 10 7 
[00070449] 4 | 3 11 1 0 9 _ 2 4 9 5 10 _ 
[00070450] 3 | 3 11 1 0 9 _ 2 4 9 5 10 7 
[00070451] 4 | 3 11 1 0 9 _ 2 4 9 _ 10 6 
[00070452] 5 | 3 11 1 0 9 _ 2 4 _ _ 10 5 
[00070453] 4 | 3 11 1 0 9 _ 2 4 8 _ 10 5 
[00070454] 3 | 3 11 1 0 9 6 2 4 8 _ 10 5 
[00070455] 6 | 3 11 1 0 9 _ 2 10 _ _ 4 _ 
[00070456] 5 | 3 11 1 0 9 4 2 10 _ _ 4 _ 
[00070457] 4 | 3 11 1 0 9 4 2 10 6 _ 4 _ 
[00070458] 5 | 3 11 1 0 9 _ 2 10 5 _ 4 _ 
[00070459] 4 | 3 11 1 0 9 5 2 10 5 _ 4 _ 
[00070460] 3 | 3 11 1 0 9 5 2 10 5 _ 4 7 
[00070461] 4 | 3 11 1 0 9 _ 2 10 5 9 4 _ 
[00070462] 3 | 3 11 1 0 9 _ 2 10 5 9 4 7 
[00070463] 4 | 3 11 1 0 9 _ 2 10 5 _ 4 8 
[00070464] 3 | 3 11 1 0 9 6 2 10 5 _ 4 8 
[00070465] 2 | 3 11 1 0 9 6 2 10 5 7 4 8 
[00070466] 5 | 3 11 1 0 9 _ 2 10 _ _ 4 9 
[00070467] 4 | 3 11 1 0 9 _ 2 10 6 _ 4 9 
[00070468] 6 | 3 11 1 0 9 _ 2 _ _ _ 4 10 
[00070469] 5 | 3 11 1 0 9 4 2 _ _ _ 4 10 
[00070470] 5 | 3 11 1 0 9 _ 2 5 _ _ 4 10 
[00070471] 4 | 3 11 1 0 9 5 2 5 _ _ 4 10 
[00070472] 4 | 3 11 1 0 9 _ 2 5 9 _ 4 10 
[00070473] 3 | 3 11 1 0 9 6 2 5 9 _ 4 10 
[00070474] 3 | 3 11 1 0 9 _ 2 5 9 6 4 10 
[00070475] 5 | 3 11 1 0 9 _ 2 9 _ _ 4 10 
[00070476] 4 | 3 11 1 0 9 5 2 9 _ _ 4 10 
[00070477] 4 | 3 11 1 0 9 _ 2 9 5 _ 4 10 
[00070478] 3 | 3 11 1 0 9 _ 2 9 5 8 4 10 
[00070479] 6 | 3 11 1 0 9 _ 2 _ _ _ 10 4 
[00070480] 5 | 3 11 1 0 9 _ 2 5 _ _ 10 4 
[00070481] 5 | 3 11 1 0 9 _ 2 5 _ _ 10 4 
[00070482] 4 | 3 11 1 0 9 5 2 5 _ _ 10 4 
[00070483] 4 | 3 11 1 0 9 _ 2 5 9 _ 10 4 
[00070484] 3 | 3 11 1 0 9 6 2 5 9 _ 10 4 
[00070485] 3 | 3 11 1 0 9 _ 2 5 9 6 10 4 
[00070486] 7 | 3 11 1 0 9 _ _ 7 _ _ _ _ 
[00070487] 6 | 3 11 1 0 9 _ _ 7 2 8 _ _ 
[00070488] 5 | 3 11 1 0 9 4 _ 7 2 8 _ _ 
[00070489] 4 | 3 11 1 0 9 4 5 7 2 8 _ _ 
[00070490] 3 | 3 11 1 0 9 4 5 7 2 8 10 _ 
[00070491] 4 | 3 11 1 0 9 4 _ 7 2 8 6 10 
[00070492] 4 | 3 11 1 0 9 4 _ 7 2 8 10 6 
[00070493] 5 | 3 11 1 0 9 _ 4 7 2 8 _ _ 
[00070494] 4 | 3 11 1 0 9 5 4 7 2 8 _ _ 
[00070495] 3 | 3 11 1 0 9 5 4 7 2 8 10 _ 
[00070496] 4 | 3 11 1 0 9 _ 4 7 2 8 6 10 
[00070497] 4 | 3 11 1 0 9 _ 4 7 2 8 10 6 
[00070498] 5 | 3 11 1 0 9 _ _ 7 2 8 5 10 
[00070499] 5 | 3 11 1 0 9 _ _ 7 2 8 10 5 
[00070500] 6 | 3 11 1 0 9 _ _ 7 4 10 _ _ 
[00070501] 5 | 3 11 1 0 9 _ _ 7 4 10 2 _ 
[00070502] 4 | 3 11 1 0 9 5 _ 7 4 10 2 _ 
[00070503] 3 | 3 11 1 0 9 5 6 7 4 10 2 _ 
[00070504] 4 | 3 11 1 0 9 _ 5 7 4 10 2 _ 
[00070505] 3 | 3 11 1 0 9 6 5 7 4 10 2 _ 
[00070506] 4 | 3 11 1 0 9 _ _ 7 4 10 2 6 
[00070507] 6 | 3 11 1 0 9 _ _ 7 8 2 _ _ 
[00070508] 5 | 3 11 1 0 9 4 _ 7 8 2 _ _ 
[00070509] 4 | 3 11 1 0 9 4 5 7 8 2 _ _ 
[00070510] 3 | 3 11 1 0 9 4 5 7 8 2 10 _ 
[00070511] 4 | 3 11 1 0 9 4 _ 7 8 2 6 10 
[00070512] 4 | 3 11 1 0 9 4 _ 7 8 2 10 6 
[00070513] 5 | 3 11 1 0 9 _ 4 7 8 2 _ _ 
[00070514] 4 | 3 11 1 0 9 5 4 7 8 2 _ _ 
[00070515] 3 | 3 11 1 0 9 5 4 7 8 2 10 _ 
[00070516] 4 | 3 11 1 0 9 _ 4 7 8 2 6 10 
[00070517] 4 | 3 11 1 0 9 _ 4 7 8 2 10 6 
[00070518] 5 | 3 11 1 0 9 _ _ 7 8 2 5 10 
[00070519] 5 | 3 11 1 0 9 _ _ 7 8 2 10 5 
[00070520] 6 | 3 11 1 0 9 _ _ 7 10 4 _ _ 
[00070521] 5 | 3 11 1 0 9 _ _ 7 10 4 2 _ 
[00070522] 4 | 3 11 1 0 9 5 _ 7 10 4 2 _ 
[00070523] 3 | 3 11 1 0 9 5 6 7 10 4 2 _ 
[00070524] 4 | 3 11 1 0 9 _ 5 7 10 4 2 _ 
[00070525] 3 | 3 11 1 0 9 6 5 7 10 4 2 _ 
[00070526] 4 | 3 11 1 0 9 _ _ 7 10 4 2 6 
[00070527] 6 | 3 11 1 0 9 _ _ 7 _ _ 2 8 
[00070528] 5 | 3 11 1 0 9 4 _ 7 _ _ 2 8 
[00070529] 4 | 3 11 1 0 9 4 5 7 _ _ 2 8 
[00070530] 3 | 3 11 1 0 9 4 5 7 10 _ 2 8 
[00070531] 4 | 3 11 1 0 9 4 _ 7 6 10 2 8 
[00070532] 4 | 3 11 1 0 9 4 _ 7 10 6 2 8 
[00070533] 5 | 3 11 1 0 9 _ 4 7 _ _ 2 8 
[00070534] 4 | 3 11 1 0 9 5 4 7 _ _ 2 8 
[00070535] 3 | 3 11 1 0 9 5 4 7 10 _ 2 8 
[00070536] 4 | 3 11 1 0 9 _ 4 7 6 10 2 8 
[00070537] 4 | 3 11 1 0 9 _ 4 7 10 6 2 8 
[00070538] 5 | 3 11 1 0 9 _ _ 7 5 10 2 8 
[00070539] 5 | 3 11 1 0 9 _ _ 7 10 5 2 8 
[00070540] 6 | 3 11 1 0 9 _ _ 7 _ _ 4 10 
[00070541] 5 | 3 11 1 0 9 _ _ 7 2 _ 4 10 
[00070542] 4 | 3 11 1 0 9 5 _ 7 2 _ 4 10 
[00070543] 3 | 3 11 1 0 9 5 6 7 2 _ 4 10 
[00070544] 4 | 3 11 1 0 9 _ 5 7 2 _ 4 10 
[00070545] 3 | 3 11 1 0 9 6 5 7 2 _ 4 10 
[00070546] 4 | 3 11 1 0 9 _ _ 7 2 6 4 10 
[00070547] 6 | 3 11 1 0 9 _ _ 7 _ _ 8 2 
[00070548] 5 | 3 11 1 0 9 4 _ 7 _ _ 8 2 
[00070549] 4 | 3 11 1 0 9 4 5 7 _ _ 8 2 
[00070550] 3 | 3 11 1 0 9 4 5 7 10 _ 8 2 
[00070551] 4 | 3 11 1 0 9 4 _ 7 6 10 8 2 
[00070552] 4 | 3 11 1 0 9 4 _ 7 10 6 8 2 
[00070553] 5 | 3 11 1 0 9 _ 4 7 _ _ 8 2 
[00070554] 4 | 3 11 1 0 9 5 4 7 _ _ 8 2 
[00070555] 3 | 3 11 1 0 9 5 4 7 10 _ 8 2 
[00070556] 4 | 3 11 1 0 9 _ 4 7 6 10 8 2 
[00070557] 4 | 3 11 1 0 9 _ 4 7 10 6 8 2 
[00070558] 5 | 3 11 1 0 9 _ _ 7 5 10 8 2 
[00070559] 5 | 3 11 1 0 9 _ _ 7 10 5 8 2 
[00070560] 6 | 3 11 1 0 9 _ _ 7 _ _ 10 4 
[00070561] 5 | 3 11 1 0 9 _ _ 7 2 _ 10 4 
[00070562] 4 | 3 11 1 0 9 5 _ 7 2 _ 10 4 
[00070563] 3 | 3 11 1 0 9 5 6 7 2 _ 10 4 
[00070564] 4 | 3 11 1 0 9 _ 5 7 2 _ 10 4 
[00070565] 3 | 3 11 1 0 9 6 5 7 2 _ 10 4 
[00070566] 4 | 3 11 1 0 9 _ _ 7 2 6 10 4 
[00070567] 8 | _ 11 1 0 9 _ _ 8 _ _ _ _ 
[00070568] 7 | 4 11 1 0 9 _ _ 8 _ _ _ _ 
[00070569] 6 | 4 11 1 0 9 3 _ 8 _ _ _ _ 
[00070570] 5 | 4 11 1 0 9 3 _ 8 2 7 _ _ 
[00070571] 4 | 4 11 1 0 9 3 5 8 2 7 _ _ 
[00070572] 4 | 4 11 1 0 9 3 _ 8 2 7 6 10 
[00070573] 4 | 4 11 1 0 9 3 _ 8 2 7 10 6 
[00070574] 5 | 4 11 1 0 9 3 _ 8 5 10 _ _ 
[00070575] 4 | 4 11 1 0 9 3 _ 8 5 10 2 6 
[00070576] 4 | 4 11 1 0 9 3 _ 8 5 10 6 2 
[00070577] 5 | 4 11 1 0 9 3 _ 8 7 2 _ _ 
[00070578] 4 | 4 11 1 0 9 3 5 8 7 2 _ _ 
[00070579] 4 | 4 11 1 0 9 3 _ 8 7 2 6 10 
[00070580] 4 | 4 11 1 0 9 3 _ 8 7 2 10 6 
[00070581] 5 | 4 11 1 0 9 3 _ 8 10 5 _ _ 
[00070582] 4 | 4 11 1 0 9 3 _ 8 10 5 2 6 
[00070583] 4 | 4 11 1 0 9 3 _ 8 10 5 6 2 
[00070584] 5 | 4 11 1 0 9 3 _ 8 _ _ 2 7 
[00070585] 4 | 4 11 1 0 9 3 5 8 _ _ 2 7 
[00070586] 4 | 4 11 1 0 9 3 _ 8 6 10 2 7 
[00070587] 4 | 4 11 1 0 9 3 _ 8 10 6 2 7 
[00070588] 5 | 4 11 1 0 9 3 _ 8 _ _ 5 10 
[00070589] 4 | 4 11 1 0 9 3 _ 8 2 6 5 10 
[00070590] 4 | 4 11 1 0 9 3 _ 8 6 2 5 10 
[00070591] 5 | 4 11 1 0 9 3 _ 8 _ _ 7 2 
[00070592] 4 | 4 11 1 0 9 3 5 8 _ _ 7 2 
[00070593] 4 | 4 11 1 0 9 3 _ 8 6 10 7 2 
[00070594] 4 | 4 11 1 0 9 3 _ 8 10 6 7 2 
[00070595] 5 | 4 11 1 0 9 3 _ 8 _ _ 10 5 
[00070596] 4 | 4 11 1 0 9 3 _ 8 2 6 10 5 
[00070597] 4 | 4 11 1 0 9 3 _ 8 6 2 10 5 
[00070598] 6 | 4 11 1 0 9 _ 3 8 _ _ _ _ 
[00070599] 5 | 4 11 1 0 9 _ 3 8 2 7 _ _ 
[00070600] 4 | 4 11 1 0 9 5 3 8 2 7 _ _ 
[00070601] 4 | 4 11 1 0 9 _ 3 8 2 7 6 10 
[00070602] 4 | 4 11 1 0 9 _ 3 8 2 7 10 6 
[00070603] 5 | 4 11 1 0 9 _ 3 8 5 10 _ _ 
[00070604] 4 | 4 11 1 0 9 _ 3 8 5 10 2 6 
[00070605] 4 | 4 11 1 0 9 _ 3 8 5 10 6 2 
[00070606] 5 | 4 11 1 0 9 _ 3 8 7 2 _ _ 
[00070607] 4 | 4 11 1 0 9 5 3 8 7 2 _ _ 
[00070608] 4 | 4 11 1 0 9 _ 3 8 7 2 6 10 
[00070609] 4 | 4 11 1 0 9 _ 3 8 7 2 10 6 
[00070610] 5 | 4 11 1 0 9 _ 3 8 10 5 _ _ 
[00070611] 4 | 4 11 1 0 9 _ 3 8 10 5 2 6 
[00070612] 4 | 4 11 1 0 9 _ 3 8 10 5 6 2 
[00070613] 5 | 4 11 1 0 9 _ 3 8 _ _ 2 7 
[00070614] 4 | 4 11 1 0 9 5 3 8 _ _ 2 7 
[00070615] 4 | 4 11 1 0 9 _ 3 8 6 10 2 7 
[00070616] 4 | 4 11 1 0 9 _ 3 8 10 6 2 7 
[00070617] 5 | 4 11 1 0 9 _ 3 8 _ _ 5 10 
[00070618] 4 | 4 11 1 0 9 _ 3 8 2 6 5 10 
[00070619] 4 | 4 11 1 0 9 _ 3 8 6 2 5 10 
[00070620] 5 | 4 11 1 0 9 _ 3 8 _ _ 7 2 
[00070621] 4 | 4 11 1 0 9 5 3 8 _ _ 7 2 
[00070622] 4 | 4 11 1 0 9 _ 3 8 6 10 7 2 
[00070623] 4 | 4 11 1 0 9 _ 3 8 10 6 7 2 
[00070624] 5 | 4 11 1 0 9 _ 3 8 _ _ 10 5 
[00070625] 4 | 4 11 1 0 9 _ 3 8 2 6 10 5 
[00070626] 4 | 4 11 1 0 9 _ 3 8 6 2 10 5 
[00070627] 6 | 4 11 1 0 9 _ _ 8 2 _ _ _ 
[00070628] 5 | 4 11 1 0 9 _ _ 8 2 7 _ _ 
[00070629] 4 | 4 11 1 0 9 5 _ 8 2 7 _ _ 
[00070630] 3 | 4 11 1 0 9 5 6 8 2 7 _ _ 
[00070631] 2 | 4 11 1 0 9 5 6 8 2 7 10 _ 
[00070632] 3 | 4 11 1 0 9 5 _ 8 2 7 3 6 
[00070633] 3 | 4 11 1 0 9 5 _ 8 2 7 6 3 
[00070634] 4 | 4 11 1 0 9 _ 5 8 2 7 _ _ 
[00070635] 3 | 4 11 1 0 9 6 5 8 2 7 _ _ 
[00070636] 2 | 4 11 1 0 9 6 5 8 2 7 10 _ 
[00070637] 3 | 4 11 1 0 9 _ 5 8 2 7 3 6 
[00070638] 3 | 4 11 1 0 9 _ 5 8 2 7 6 3 
[00070639] 4 | 4 11 1 0 9 _ _ 8 2 7 6 10 
[00070640] 4 | 4 11 1 0 9 _ _ 8 2 7 10 6 
[00070641] 5 | 4 11 1 0 9 _ _ 8 2 _ 3 _ 
[00070642] 4 | 4 11 1 0 9 5 _ 8 2 _ 3 _ 
[00070643] 3 | 4 11 1 0 9 5 6 8 2 _ 3 _ 
[00070644] 3 | 4 11 1 0 9 5 _ 8 2 _ 3 6 
[00070645] 2 | 4 11 1 0 9 5 7 8 2 _ 3 6 
[00070646] 4 | 4 11 1 0 9 _ 5 8 2 _ 3 _ 
[00070647] 3 | 4 11 1 0 9 6 5 8 2 _ 3 _ 
[00070648] 3 | 4 11 1 0 9 _ 5 8 2 _ 3 6 
[00070649] 2 | 4 11 1 0 9 7 5 8 2 _ 3 6 
[00070650] 4 | 4 11 1 0 9 _ _ 8 2 6 3 _ 
[00070651] 4 | 4 11 1 0 9 _ _ 8 2 _ 3 7 
[00070652] 3 | 4 11 1 0 9 6 _ 8 2 _ 3 7 
[00070653] 3 | 4 11 1 0 9 _ 6 8 2 _ 3 7 
[00070654] 3 | 4 11 1 0 9 _ _ 8 2 5 3 7 
[00070655] 5 | 4 11 1 0 9 _ _ 8 2 _ 5 10 
[00070656] 4 | 4 11 1 0 9 _ _ 8 2 6 5 10 
[00070657] 5 | 4 11 1 0 9 _ _ 8 2 _ 10 5 
[00070658] 4 | 4 11 1 0 9 _ _ 8 2 6 10 5 
[00070659] 6 | 4 11 1 0 9 _ _ 8 _ _ 2 _ 
[00070660] 5 | 4 11 1 0 9 _ _ 8 3 _ 2 _ 
[00070661] 4 | 4 11 1 0 9 5 _ 8 3 _ 2 _ 
[00070662] 3 | 4 11 1 0 9 5 6 8 3 _ 2 _ 
[00070663] 3 | 4 11 1 0 9 5 _ 8 3 6 2 _ 
[00070664] 2 | 4 11 1 0 9 5 7 8 3 6 2 _ 
[00070665] 4 | 4 11 1 0 9 _ 5 8 3 _ 2 _ 
[00070666] 3 | 4 11 1 0 9 6 5 8 3 _ 2 _ 
[00070667] 3 | 4 11 1 0 9 _ 5 8 3 6 2 _ 
[00070668] 2 | 4 11 1 0 9 7 5 8 3 6 2 _ 
[00070669] 4 | 4 11 1 0 9 _ _ 8 3 7 2 _ 
[00070670] 3 | 4 11 1 0 9 6 _ 8 3 7 2 _ 
[00070671] 3 | 4 11 1 0 9 _ 6 8 3 7 2 _ 
[00070672] 3 | 4 11 1 0 9 _ _ 8 3 7 2 5 
[00070673] 4 | 4 11 1 0 9 _ _ 8 3 _ 2 6 
[00070674] 5 | 4 11 1 0 9 _ _ 8 5 10 2 _ 
[00070675] 4 | 4 11 1 0 9 _ _ 8 5 10 2 6 
[00070676] 5 | 4 11 1 0 9 _ _ 8 10 5 2 _ 
[00070677] 4 | 4 11 1 0 9 _ _ 8 10 5 2 6 
[00070678] 5 | 4 11 1 0 9 _ _ 8 _ _ 2 7 
[00070679] 4 | 4 11 1 0 9 5 _ 8 _ _ 2 7 
[00070680] 3 | 4 11 1 0 9 5 6 8 _ _ 2 7 
[00070681] 2 | 4 11 1 0 9 5 6 8 10 _ 2 7 
[00070682] 3 | 4 11 1 0 9 5 _ 8 3 6 2 7 
[00070683] 3 | 4 11 1 0 9 5 _ 8 6 3 2 7 
[00070684] 4 | 4 11 1 0 9 _ 5 8 _ _ 2 7 
[00070685] 3 | 4 11 1 0 9 6 5 8 _ _ 2 7 
[00070686] 2 | 4 11 1 0 9 6 5 8 10 _ 2 7 
[00070687] 3 | 4 11 1 0 9 _ 5 8 3 6 2 7 
[00070688] 3 | 4 11 1 0 9 _ 5 8 6 3 2 7 
[00070689] 4 | 4 11 1 0 9 _ _ 8 6 10 2 7 
[00070690] 4 | 4 11 1 0 9 _ _ 8 10 6 2 7 
[00070691] 7 | _ 11 1 0 9 2 _ 8 _ _ _ _ 
[00070692] 6 | 5 11 1 0 9 2 _ 8 _ _ _ _ 
[00070693] 5 | 5 11 1 0 9 2 4 8 _ _ _ _ 
[00070694] 4 | 5 11 1 0 9 2 4 8 3 7 _ _ 
[00070695] 4 | 5 11 1 0 9 2 4 8 6 10 _ _ 
[00070696] 4 | 5 11 1 0 9 2 4 8 7 3 _ _ 
[00070697] 4 | 5 11 1 0 9 2 4 8 10 6 _ _ 
[00070698] 4 | 5 11 1 0 9 2 4 8 _ _ 3 7 
[00070699] 4 | 5 11 1 0 9 2 4 8 _ _ 6 10 
[00070700] 4 | 5 11 1 0 9 2 4 8 _ _ 7 3 
[00070701] 4 | 5 11 1 0 9 2 4 8 _ _ 10 6 
[00070702] 5 | 5 11 1 0 9 2 _ 8 3 _ _ _ 
[00070703] 4 | 5 11 1 0 9 2 _ 8 3 7 _ _ 
[00070704] 3 | 5 11 1 0 9 2 6 8 3 7 _ _ 
[00070705] 2 | 5 11 1 0 9 2 6 8 3 7 10 _ 
[00070706] 4 | 5 11 1 0 9 2 _ 8 3 _ 4 _ 
[00070707] 3 | 5 11 1 0 9 2 6 8 3 _ 4 _ 
[00070708] 3 | 5 11 1 0 9 2 _ 8 3 6 4 _ 
[00070709] 2 | 5 11 1 0 9 2 7 8 3 6 4 _ 
[00070710] 3 | 5 11 1 0 9 2 _ 8 3 _ 4 7 
[00070711] 4 | 5 11 1 0 9 2 _ 8 3 _ 6 10 
[00070712] 4 | 5 11 1 0 9 2 _ 8 3 _ 10 6 
[00070713] 5 | 5 11 1 0 9 2 _ 8 _ _ 3 _ 
[00070714] 4 | 5 11 1 0 9 2 _ 8 4 _ 3 _ 
[00070715] 3 | 5 11 1 0 9 2 6 8 4 _ 3 _ 
[00070716] 3 | 5 11 1 0 9 2 _ 8 4 7 3 _ 
[00070717] 3 | 5 11 1 0 9 2 _ 8 4 _ 3 6 
[00070718] 2 | 5 11 1 0 9 2 7 8 4 _ 3 6 
[00070719] 4 | 5 11 1 0 9 2 _ 8 6 10 3 _ 
[00070720] 4 | 5 11 1 0 9 2 _ 8 10 6 3 _ 
[00070721] 4 | 5 11 1 0 9 2 _ 8 _ _ 3 7 
[00070722] 3 | 5 11 1 0 9 2 6 8 _ _ 3 7 
[00070723] 2 | 5 11 1 0 9 2 6 8 10 _ 3 7 
[00070724] 6 | _ 11 1 0 9 2 3 8 _ _ _ _ 
[00070725] 5 | 6 11 1 0 9 2 3 8 _ _ _ _ 
[00070726] 4 | 6 11 1 0 9 2 3 8 4 _ _ _ 
[00070727] 3 | 6 11 1 0 9 2 3 8 4 7 _ _ 
[00070728] 2 | 6 11 1 0 9 2 3 8 4 7 10 _ 
[00070729] 3 | 6 11 1 0 9 2 3 8 4 _ 5 _ 
[00070730] 2 | 6 11 1 0 9 2 3 8 4 _ 5 7 
[00070731] 3 | 6 11 1 0 9 2 3 8 4 _ 7 10 
[00070732] 3 | 6 11 1 0 9 2 3 8 4 _ 10 7 
[00070733] 4 | 6 11 1 0 9 2 3 8 _ _ 4 _ 
[00070734] 3 | 6 11 1 0 9 2 3 8 5 _ 4 _ 
[00070735] 2 | 6 11 1 0 9 2 3 8 5 7 4 _ 
[00070736] 3 | 6 11 1 0 9 2 3 8 7 10 4 _ 
[00070737] 3 | 6 11 1 0 9 2 3 8 10 7 4 _ 
[00070738] 3 | 6 11 1 0 9 2 3 8 _ _ 4 7 
[00070739] 2 | 6 11 1 0 9 2 3 8 10 _ 4 7 
[00070740] 5 | _ 11 1 0 9 2 3 8 5 10 _ _ 
[00070741] 4 | 7 11 1 0 9 2 3 8 5 10 _ _ 
[00070742] 4 | _ 11 1 0 9 2 3 8 5 10 4 _ 
[00070743] 3 | _ 11 1 0 9 2 3 8 5 10 4 7 
[00070744] 5 | _ 11 1 0 9 2 3 8 10 5 _ _ 
[00070745] 4 | 7 11 1 0 9 2 3 8 10 5 _ _ 
[00070746] 4 | _ 11 1 0 9 2 3 8 10 5 4 _ 
[00070747] 3 | _ 11 1 0 9 2 3 8 10 5 4 7 
[00070748] 5 | _ 11 1 0 9 2 3 8 _ _ 5 10 
[00070749] 4 | 7 11 1 0 9 2 3 8 _ _ 5 10 
[00070750] 4 | _ 11 1 0 9 2 3 8 4 _ 5 10 
[00070751] 3 | _ 11 1 0 9 2 3 8 4 7 5 10 
[00070752] 5 | _ 11 1 0 9 2 3 8 _ _ 10 5 
[00070753] 4 | 7 11 1 0 9 2 3 8 _ _ 10 5 
[00070754] 4 | _ 11 1 0 9 2 3 8 4 _ 10 5 
[00070755] 3 | _ 11 1 0 9 2 3 8 4 7 10 5 
[00070756] 6 | _ 11 1 0 9 2 _ 8 4 10 _ _ 
[00070757] 5 | 6 11 1 0 9 2 _ 8 4 10 _ _ 
[00070758] 4 | 6 11 1 0 9 2 5 8 4 10 _ _ 
[00070759] 4 | 6 11 1 0 9 2 _ 8 4 10 3 7 
[00070760] 4 | 6 11 1 0 9 2 _ 8 4 10 7 3 
[00070761] 5 | _ 11 1 0 9 2 _ 8 4 10 3 _ 
[00070762] 4 | 7 11 1 0 9 2 _ 8 4 10 3 _ 
[00070763] 3 | 7 11 1 0 9 2 6 8 4 10 3 _ 
[00070764] 2 | 7 11 1 0 9 2 6 8 4 10 3 5 
[00070765] 3 | 7 11 1 0 9 2 _ 8 4 10 3 6 
[00070766] 4 | _ 11 1 0 9 2 5 8 4 10 3 _ 
[00070767] 3 | _ 11 1 0 9 2 5 8 4 10 3 6 
[00070768] 4 | _ 11 1 0 9 2 _ 8 4 10 3 7 
[00070769] 3 | _ 11 1 0 9 2 6 8 4 10 3 7 
[00070770] 6 | _ 11 1 0 9 2 _ 8 10 4 _ _ 
[00070771] 5 | 6 11 1 0 9 2 _ 8 10 4 _ _ 
[00070772] 4 | 6 11 1 0 9 2 5 8 10 4 _ _ 
[00070773] 4 | 6 11 1 0 9 2 _ 8 10 4 3 7 
[00070774] 4 | 6 11 1 0 9 2 _ 8 10 4 7 3 
[00070775] 5 | _ 11 1 0 9 2 _ 8 10 4 3 _ 
[00070776] 4 | 7 11 1 0 9 2 _ 8 10 4 3 _ 
[00070777] 3 | 7 11 1 0 9 2 6 8 10 4 3 _ 
[00070778] 2 | 7 11 1 0 9 2 6 8 10 4 3 5 
[00070779] 3 | 7 11 1 0 9 2 _ 8 10 4 3 6 
[00070780] 4 | _ 11 1 0 9 2 5 8 10 4 3 _ 
[00070781] 3 | _ 11 1 0 9 2 5 8 10 4 3 6 
[00070782] 4 | _ 11 1 0 9 2 _ 8 10 4 3 7 
[00070783] 3 | _ 11 1 0 9 2 6 8 10 4 3 7 
[00070784] 6 | _ 11 1 0 9 2 _ 8 _ _ 4 10 
[00070785] 5 | 6 11 1 0 9 2 _ 8 _ _ 4 10 
[00070786] 4 | 6 11 1 0 9 2 5 8 _ _ 4 10 
[00070787] 4 | 6 11 1 0 9 2 _ 8 3 7 4 10 
[00070788] 4 | 6 11 1 0 9 2 _ 8 7 3 4 10 
[00070789] 5 | _ 11 1 0 9 2 _ 8 3 _ 4 10 
[00070790] 4 | 7 11 1 0 9 2 _ 8 3 _ 4 10 
[00070791] 3 | 7 11 1 0 9 2 6 8 3 _ 4 10 
[00070792] 2 | 7 11 1 0 9 2 6 8 3 5 4 10 
[00070793] 3 | 7 11 1 0 9 2 _ 8 3 6 4 10 
[00070794] 4 | _ 11 1 0 9 2 5 8 3 _ 4 10 
[00070795] 3 | _ 11 1 0 9 2 5 8 3 6 4 10 
[00070796] 4 | _ 11 1 0 9 2 _ 8 3 7 4 10 
[00070797] 3 | _ 11 1 0 9 2 6 8 3 7 4 10 
[00070798] 6 | _ 11 1 0 9 2 _ 8 _ _ 10 4 
[00070799] 5 | 6 11 1 0 9 2 _ 8 _ _ 10 4 
[00070800] 4 | 6 11 1 0 9 2 5 8 _ _ 10 4 
[00070801] 4 | 6 11 1 0 9 2 _ 8 3 7 10 4 
[00070802] 4 | 6 11 1 0 9 2 _ 8 7 3 10 4 
[00070803] 5 | _ 11 1 0 9 2 _ 8 3 _ 10 4 
[00070804] 4 | 7 11 1 0 9 2 _ 8 3 _ 10 4 
[00070805] 3 | 7 11 1 0 9 2 6 8 3 _ 10 4 
[00070806] 2 | 7 11 1 0 9 2 6 8 3 5 10 4 
[00070807] 3 | 7 11 1 0 9 2 _ 8 3 6 10 4 
[00070808] 4 | _ 11 1 0 9 2 5 8 3 _ 10 4 
[00070809] 3 | _ 11 1 0 9 2 5 8 3 6 10 4 
[00070810] 4 | _ 11 1 0 9 2 _ 8 3 7 10 4 
[00070811] 3 | _ 11 1 0 9 2 6 8 3 7 10 4 
[00070812] 7 | _ 11 1 0 9 _ 2 8 _ _ _ _ 
[00070813] 6 | 5 11 1 0 9 _ 2 8 _ _ _ _ 
[00070814] 5 | 5 11 1 0 9 4 2 8 _ _ _ _ 
[00070815] 4 | 5 11 1 0 9 4 2 8 3 7 _ _ 
[00070816] 4 | 5 11 1 0 9 4 2 8 6 10 _ _ 
[00070817] 4 | 5 11 1 0 9 4 2 8 7 3 _ _ 
[00070818] 4 | 5 11 1 0 9 4 2 8 10 6 _ _ 
[00070819] 4 | 5 11 1 0 9 4 2 8 _ _ 3 7 
[00070820] 4 | 5 11 1 0 9 4 2 8 _ _ 6 10 
[00070821] 4 | 5 11 1 0 9 4 2 8 _ _ 7 3 
[00070822] 4 | 5 11 1 0 9 4 2 8 _ _ 10 6 
[00070823] 5 | 5 11 1 0 9 _ 2 8 3 _ _ _ 
[00070824] 4 | 5 11 1 0 9 _ 2 8 3 7 _ _ 
[00070825] 3 | 5 11 1 0 9 6 2 8 3 7 _ _ 
[00070826] 2 | 5 11 1 0 9 6 2 8 3 7 10 _ 
[00070827] 4 | 5 11 1 0 9 _ 2 8 3 _ 4 _ 
[00070828] 3 | 5 11 1 0 9 6 2 8 3 _ 4 _ 
[00070829] 3 | 5 11 1 0 9 _ 2 8 3 6 4 _ 
[00070830] 2 | 5 11 1 0 9 7 2 8 3 6 4 _ 
[00070831] 3 | 5 11 1 0 9 _ 2 8 3 _ 4 7 
[00070832] 4 | 5 11 1 0 9 _ 2 8 3 _ 6 10 
