[00266426] 7 | _ 8 _ 0 10 3 _ 11 2 _ 1 _ 
[00266427] 6 | 2 8 _ 0 10 3 _ 11 2 _ 1 _ 
[00266428] 5 | 2 8 _ 0 10 3 5 11 2 _ 1 _ 
[00266429] 4 | 2 8 4 0 10 3 5 11 2 _ 1 _ 
[00266430] 5 | 2 8 _ 0 10 3 _ 11 2 _ 1 6 
[00266431] 4 | 2 8 4 0 10 3 _ 11 2 _ 1 6 
[00266432] 3 | 2 8 4 0 10 3 7 11 2 _ 1 6 
[00266433] 6 | _ 8 2 0 10 3 _ 11 2 _ 1 _ 
[00266434] 5 | _ 8 2 0 10 3 5 11 2 _ 1 _ 
[00266435] 4 | 4 8 2 0 10 3 5 11 2 _ 1 _ 
[00266436] 5 | _ 8 2 0 10 3 _ 11 2 _ 1 6 
[00266437] 4 | 4 8 2 0 10 3 _ 11 2 _ 1 6 
[00266438] 3 | 4 8 2 0 10 3 7 11 2 _ 1 6 
[00266439] 6 | _ 8 _ 0 10 3 4 11 2 _ 1 _ 
[00266440] 5 | _ 8 _ 0 10 3 4 11 2 7 1 _ 
[00266441] 4 | _ 8 _ 0 10 3 4 11 2 7 1 5 
[00266442] 5 | _ 8 _ 0 10 3 4 11 2 _ 1 6 
[00266443] 6 | _ 8 _ 0 10 3 _ 11 2 8 1 _ 
[00266444] 5 | _ 8 _ 0 10 3 5 11 2 8 1 _ 
[00266445] 5 | _ 8 _ 0 10 3 _ 11 2 8 1 6 
[00266446] 6 | _ 8 _ 0 10 3 _ 11 2 _ 1 7 
[00266447] 5 | _ 8 _ 0 10 3 5 11 2 _ 1 7 
[00266448] 4 | 4 8 _ 0 10 3 5 11 2 _ 1 7 
[00266449] 4 | _ 8 4 0 10 3 5 11 2 _ 1 7 
[00266450] 4 | _ 8 _ 0 10 3 5 11 2 6 1 7 
[00266451] 7 | _ 8 _ 0 3 _ 10 11 2 _ 1 _ 
[00266452] 6 | 2 8 _ 0 3 _ 10 11 2 _ 1 _ 
[00266453] 5 | 2 8 3 0 3 _ 10 11 2 _ 1 _ 
[00266454] 4 | 2 8 3 0 3 _ 10 11 2 _ 1 5 
[00266455] 5 | 2 8 _ 0 3 8 10 11 2 _ 1 _ 
[00266456] 4 | 2 8 _ 0 3 8 10 11 2 _ 1 5 
[00266457] 5 | 2 8 _ 0 3 _ 10 11 2 _ 1 6 
[00266458] 4 | 2 8 4 0 3 _ 10 11 2 _ 1 6 
[00266459] 4 | 2 8 _ 0 3 7 10 11 2 _ 1 6 
[00266460] 3 | 2 8 5 0 3 7 10 11 2 _ 1 6 
[00266461] 6 | _ 8 2 0 3 _ 10 11 2 _ 1 _ 
[00266462] 5 | 3 8 2 0 3 _ 10 11 2 _ 1 _ 
[00266463] 4 | 3 8 2 0 3 _ 10 11 2 _ 1 5 
[00266464] 5 | _ 8 2 0 3 8 10 11 2 _ 1 _ 
[00266465] 4 | _ 8 2 0 3 8 10 11 2 _ 1 5 
[00266466] 5 | _ 8 2 0 3 _ 10 11 2 _ 1 6 
[00266467] 4 | 4 8 2 0 3 _ 10 11 2 _ 1 6 
[00266468] 4 | _ 8 2 0 3 7 10 11 2 _ 1 6 
[00266469] 3 | 5 8 2 0 3 7 10 11 2 _ 1 6 
[00266470] 6 | _ 8 _ 0 3 9 10 11 2 _ 1 _ 
[00266471] 5 | _ 8 _ 0 3 9 10 11 2 7 1 _ 
[00266472] 4 | 4 8 _ 0 3 9 10 11 2 7 1 _ 
[00266473] 3 | 4 8 5 0 3 9 10 11 2 7 1 _ 
[00266474] 4 | _ 8 4 0 3 9 10 11 2 7 1 _ 
[00266475] 3 | 5 8 4 0 3 9 10 11 2 7 1 _ 
[00266476] 4 | _ 8 _ 0 3 9 10 11 2 7 1 5 
[00266477] 5 | _ 8 _ 0 3 9 10 11 2 _ 1 6 
[00266478] 4 | 4 8 _ 0 3 9 10 11 2 _ 1 6 
[00266479] 3 | 4 8 5 0 3 9 10 11 2 _ 1 6 
[00266480] 3 | 4 8 _ 0 3 9 10 11 2 5 1 6 
[00266481] 4 | _ 8 4 0 3 9 10 11 2 _ 1 6 
[00266482] 3 | 5 8 4 0 3 9 10 11 2 _ 1 6 
[00266483] 3 | _ 8 4 0 3 9 10 11 2 5 1 6 
[00266484] 6 | _ 8 _ 0 3 _ 10 11 2 8 1 _ 
[00266485] 5 | _ 8 _ 0 3 _ 10 11 2 8 1 6 
[00266486] 4 | _ 8 _ 0 3 7 10 11 2 8 1 6 
[00266487] 6 | _ 8 _ 0 3 _ 10 11 2 _ 1 7 
[00266488] 5 | 3 8 _ 0 3 _ 10 11 2 _ 1 7 
[00266489] 4 | 3 8 4 0 3 _ 10 11 2 _ 1 7 
[00266490] 3 | 3 8 4 0 3 _ 10 11 2 5 1 7 
[00266491] 4 | 3 8 _ 0 3 _ 10 11 2 6 1 7 
[00266492] 3 | 3 8 5 0 3 _ 10 11 2 6 1 7 
[00266493] 5 | _ 8 3 0 3 _ 10 11 2 _ 1 7 
[00266494] 4 | 4 8 3 0 3 _ 10 11 2 _ 1 7 
[00266495] 3 | 4 8 3 0 3 _ 10 11 2 5 1 7 
[00266496] 4 | _ 8 3 0 3 _ 10 11 2 6 1 7 
[00266497] 3 | 5 8 3 0 3 _ 10 11 2 6 1 7 
[00266498] 5 | _ 8 _ 0 3 8 10 11 2 _ 1 7 
[00266499] 4 | _ 8 _ 0 3 8 10 11 2 6 1 7 
[00266500] 7 | _ 8 _ 0 10 _ 3 11 2 _ 1 _ 
[00266501] 6 | 2 8 _ 0 10 _ 3 11 2 _ 1 _ 
[00266502] 5 | 2 8 _ 0 10 5 3 11 2 _ 1 _ 
[00266503] 4 | 2 8 4 0 10 5 3 11 2 _ 1 _ 
[00266504] 5 | 2 8 _ 0 10 _ 3 11 2 _ 1 6 
[00266505] 4 | 2 8 4 0 10 _ 3 11 2 _ 1 6 
[00266506] 3 | 2 8 4 0 10 7 3 11 2 _ 1 6 
[00266507] 6 | _ 8 2 0 10 _ 3 11 2 _ 1 _ 
[00266508] 5 | _ 8 2 0 10 5 3 11 2 _ 1 _ 
[00266509] 4 | 4 8 2 0 10 5 3 11 2 _ 1 _ 
[00266510] 5 | _ 8 2 0 10 _ 3 11 2 _ 1 6 
[00266511] 4 | 4 8 2 0 10 _ 3 11 2 _ 1 6 
[00266512] 3 | 4 8 2 0 10 7 3 11 2 _ 1 6 
[00266513] 6 | _ 8 _ 0 10 4 3 11 2 _ 1 _ 
[00266514] 5 | _ 8 _ 0 10 4 3 11 2 7 1 _ 
[00266515] 4 | _ 8 _ 0 10 4 3 11 2 7 1 5 
[00266516] 5 | _ 8 _ 0 10 4 3 11 2 _ 1 6 
[00266517] 6 | _ 8 _ 0 10 _ 3 11 2 8 1 _ 
[00266518] 5 | _ 8 _ 0 10 5 3 11 2 8 1 _ 
[00266519] 5 | _ 8 _ 0 10 _ 3 11 2 8 1 6 
[00266520] 6 | _ 8 _ 0 10 _ 3 11 2 _ 1 7 
[00266521] 5 | _ 8 _ 0 10 5 3 11 2 _ 1 7 
[00266522] 4 | 4 8 _ 0 10 5 3 11 2 _ 1 7 
[00266523] 4 | _ 8 4 0 10 5 3 11 2 _ 1 7 
[00266524] 4 | _ 8 _ 0 10 5 3 11 2 6 1 7 
[00266525] 7 | _ 8 _ 0 _ _ _ 11 2 9 1 _ 
[00266526] 6 | _ 8 _ 0 6 _ _ 11 2 9 1 _ 
[00266527] 5 | 3 8 _ 0 6 _ _ 11 2 9 1 _ 
[00266528] 4 | 3 8 4 0 6 _ _ 11 2 9 1 _ 
[00266529] 4 | 3 8 _ 0 6 10 _ 11 2 9 1 _ 
[00266530] 3 | 3 8 5 0 6 10 _ 11 2 9 1 _ 
[00266531] 2 | 3 8 5 0 6 10 4 11 2 9 1 _ 
[00266532] 3 | 3 8 _ 0 6 10 _ 11 2 9 1 4 
[00266533] 2 | 3 8 6 0 6 10 _ 11 2 9 1 4 
[00266534] 2 | 3 8 _ 0 6 10 8 11 2 9 1 4 
[00266535] 4 | 3 8 _ 0 6 _ 10 11 2 9 1 _ 
[00266536] 3 | 3 8 5 0 6 _ 10 11 2 9 1 _ 
[00266537] 2 | 3 8 5 0 6 4 10 11 2 9 1 _ 
[00266538] 3 | 3 8 _ 0 6 _ 10 11 2 9 1 4 
[00266539] 2 | 3 8 6 0 6 _ 10 11 2 9 1 4 
[00266540] 2 | 3 8 _ 0 6 8 10 11 2 9 1 4 
[00266541] 4 | 3 8 _ 0 6 _ _ 11 2 9 1 5 
[00266542] 5 | _ 8 3 0 6 _ _ 11 2 9 1 _ 
[00266543] 4 | 4 8 3 0 6 _ _ 11 2 9 1 _ 
[00266544] 4 | _ 8 3 0 6 10 _ 11 2 9 1 _ 
[00266545] 3 | 5 8 3 0 6 10 _ 11 2 9 1 _ 
[00266546] 2 | 5 8 3 0 6 10 4 11 2 9 1 _ 
[00266547] 3 | _ 8 3 0 6 10 _ 11 2 9 1 4 
[00266548] 2 | 6 8 3 0 6 10 _ 11 2 9 1 4 
[00266549] 2 | _ 8 3 0 6 10 8 11 2 9 1 4 
[00266550] 4 | _ 8 3 0 6 _ 10 11 2 9 1 _ 
[00266551] 3 | 5 8 3 0 6 _ 10 11 2 9 1 _ 
[00266552] 2 | 5 8 3 0 6 4 10 11 2 9 1 _ 
[00266553] 3 | _ 8 3 0 6 _ 10 11 2 9 1 4 
[00266554] 2 | 6 8 3 0 6 _ 10 11 2 9 1 4 
[00266555] 2 | _ 8 3 0 6 8 10 11 2 9 1 4 
[00266556] 4 | _ 8 3 0 6 _ _ 11 2 9 1 5 
[00266557] 5 | _ 8 _ 0 6 1 _ 11 2 9 1 _ 
[00266558] 4 | 4 8 _ 0 6 1 _ 11 2 9 1 _ 
[00266559] 3 | 4 8 5 0 6 1 _ 11 2 9 1 _ 
[00266560] 3 | 4 8 _ 0 6 1 3 11 2 9 1 _ 
[00266561] 2 | 4 8 10 0 6 1 3 11 2 9 1 _ 
[00266562] 4 | _ 8 4 0 6 1 _ 11 2 9 1 _ 
[00266563] 3 | 5 8 4 0 6 1 _ 11 2 9 1 _ 
[00266564] 3 | _ 8 4 0 6 1 3 11 2 9 1 _ 
[00266565] 2 | 10 8 4 0 6 1 3 11 2 9 1 _ 
[00266566] 4 | _ 8 _ 0 6 1 10 11 2 9 1 _ 
[00266567] 3 | 5 8 _ 0 6 1 10 11 2 9 1 _ 
[00266568] 3 | _ 8 5 0 6 1 10 11 2 9 1 _ 
[00266569] 5 | _ 8 _ 0 6 _ 1 11 2 9 1 _ 
[00266570] 4 | 4 8 _ 0 6 _ 1 11 2 9 1 _ 
[00266571] 3 | 4 8 5 0 6 _ 1 11 2 9 1 _ 
[00266572] 3 | 4 8 _ 0 6 3 1 11 2 9 1 _ 
[00266573] 2 | 4 8 10 0 6 3 1 11 2 9 1 _ 
[00266574] 4 | _ 8 4 0 6 _ 1 11 2 9 1 _ 
[00266575] 3 | 5 8 4 0 6 _ 1 11 2 9 1 _ 
[00266576] 3 | _ 8 4 0 6 3 1 11 2 9 1 _ 
[00266577] 2 | 10 8 4 0 6 3 1 11 2 9 1 _ 
[00266578] 4 | _ 8 _ 0 6 10 1 11 2 9 1 _ 
[00266579] 3 | 5 8 _ 0 6 10 1 11 2 9 1 _ 
[00266580] 3 | _ 8 5 0 6 10 1 11 2 9 1 _ 
[00266581] 5 | _ 8 _ 0 6 _ _ 11 2 9 1 6 
[00266582] 4 | 4 8 _ 0 6 _ _ 11 2 9 1 6 
[00266583] 3 | 4 8 5 0 6 _ _ 11 2 9 1 6 
[00266584] 4 | _ 8 4 0 6 _ _ 11 2 9 1 6 
[00266585] 3 | 5 8 4 0 6 _ _ 11 2 9 1 6 
[00266586] 6 | _ 8 _ 0 4 10 _ 11 2 9 1 _ 
[00266587] 5 | 3 8 _ 0 4 10 _ 11 2 9 1 _ 
[00266588] 4 | 3 8 4 0 4 10 _ 11 2 9 1 _ 
[00266589] 4 | 3 8 _ 0 4 10 8 11 2 9 1 _ 
[00266590] 4 | 3 8 _ 0 4 10 _ 11 2 9 1 5 
[00266591] 3 | 3 8 _ 0 4 10 7 11 2 9 1 5 
[00266592] 2 | 3 8 6 0 4 10 7 11 2 9 1 5 
[00266593] 5 | _ 8 3 0 4 10 _ 11 2 9 1 _ 
[00266594] 4 | 4 8 3 0 4 10 _ 11 2 9 1 _ 
[00266595] 4 | _ 8 3 0 4 10 8 11 2 9 1 _ 
[00266596] 4 | _ 8 3 0 4 10 _ 11 2 9 1 5 
[00266597] 3 | _ 8 3 0 4 10 7 11 2 9 1 5 
[00266598] 2 | 6 8 3 0 4 10 7 11 2 9 1 5 
[00266599] 5 | _ 8 _ 0 4 10 _ 11 2 9 1 6 
[00266600] 4 | 4 8 _ 0 4 10 _ 11 2 9 1 6 
[00266601] 3 | 4 8 5 0 4 10 _ 11 2 9 1 6 
[00266602] 4 | _ 8 4 0 4 10 _ 11 2 9 1 6 
[00266603] 3 | 5 8 4 0 4 10 _ 11 2 9 1 6 
[00266604] 4 | _ 8 _ 0 4 10 8 11 2 9 1 6 
[00266605] 6 | _ 8 _ 0 10 4 _ 11 2 9 1 _ 
[00266606] 5 | 3 8 _ 0 10 4 _ 11 2 9 1 _ 
[00266607] 4 | 3 8 _ 0 10 4 6 11 2 9 1 _ 
[00266608] 3 | 3 8 5 0 10 4 6 11 2 9 1 _ 
[00266609] 4 | 3 8 _ 0 10 4 _ 11 2 9 1 5 
[00266610] 3 | 3 8 _ 0 10 4 7 11 2 9 1 5 
[00266611] 2 | 3 8 6 0 10 4 7 11 2 9 1 5 
[00266612] 5 | _ 8 3 0 10 4 _ 11 2 9 1 _ 
[00266613] 4 | _ 8 3 0 10 4 6 11 2 9 1 _ 
[00266614] 3 | 5 8 3 0 10 4 6 11 2 9 1 _ 
[00266615] 4 | _ 8 3 0 10 4 _ 11 2 9 1 5 
[00266616] 3 | _ 8 3 0 10 4 7 11 2 9 1 5 
[00266617] 2 | 6 8 3 0 10 4 7 11 2 9 1 5 
[00266618] 5 | _ 8 _ 0 10 4 5 11 2 9 1 _ 
[00266619] 5 | _ 8 _ 0 10 4 _ 11 2 9 1 6 
[00266620] 6 | _ 8 _ 0 4 _ 10 11 2 9 1 _ 
[00266621] 5 | 3 8 _ 0 4 _ 10 11 2 9 1 _ 
[00266622] 4 | 3 8 4 0 4 _ 10 11 2 9 1 _ 
[00266623] 4 | 3 8 _ 0 4 8 10 11 2 9 1 _ 
[00266624] 4 | 3 8 _ 0 4 _ 10 11 2 9 1 5 
[00266625] 3 | 3 8 _ 0 4 7 10 11 2 9 1 5 
[00266626] 2 | 3 8 6 0 4 7 10 11 2 9 1 5 
[00266627] 5 | _ 8 3 0 4 _ 10 11 2 9 1 _ 
[00266628] 4 | 4 8 3 0 4 _ 10 11 2 9 1 _ 
[00266629] 4 | _ 8 3 0 4 8 10 11 2 9 1 _ 
[00266630] 4 | _ 8 3 0 4 _ 10 11 2 9 1 5 
[00266631] 3 | _ 8 3 0 4 7 10 11 2 9 1 5 
[00266632] 2 | 6 8 3 0 4 7 10 11 2 9 1 5 
[00266633] 5 | _ 8 _ 0 4 _ 10 11 2 9 1 6 
[00266634] 4 | 4 8 _ 0 4 _ 10 11 2 9 1 6 
[00266635] 3 | 4 8 5 0 4 _ 10 11 2 9 1 6 
[00266636] 4 | _ 8 4 0 4 _ 10 11 2 9 1 6 
[00266637] 3 | 5 8 4 0 4 _ 10 11 2 9 1 6 
[00266638] 4 | _ 8 _ 0 4 8 10 11 2 9 1 6 
[00266639] 6 | _ 8 _ 0 10 _ 4 11 2 9 1 _ 
[00266640] 5 | 3 8 _ 0 10 _ 4 11 2 9 1 _ 
[00266641] 4 | 3 8 _ 0 10 6 4 11 2 9 1 _ 
[00266642] 3 | 3 8 5 0 10 6 4 11 2 9 1 _ 
[00266643] 4 | 3 8 _ 0 10 _ 4 11 2 9 1 5 
[00266644] 3 | 3 8 _ 0 10 7 4 11 2 9 1 5 
[00266645] 2 | 3 8 6 0 10 7 4 11 2 9 1 5 
[00266646] 5 | _ 8 3 0 10 _ 4 11 2 9 1 _ 
[00266647] 4 | _ 8 3 0 10 6 4 11 2 9 1 _ 
[00266648] 3 | 5 8 3 0 10 6 4 11 2 9 1 _ 
[00266649] 4 | _ 8 3 0 10 _ 4 11 2 9 1 5 
[00266650] 3 | _ 8 3 0 10 7 4 11 2 9 1 5 
[00266651] 2 | 6 8 3 0 10 7 4 11 2 9 1 5 
[00266652] 5 | _ 8 _ 0 10 5 4 11 2 9 1 _ 
[00266653] 5 | _ 8 _ 0 10 _ 4 11 2 9 1 6 
[00266654] 6 | _ 8 _ 0 _ _ _ 11 2 9 1 7 
[00266655] 5 | 3 8 _ 0 _ _ _ 11 2 9 1 7 
[00266656] 4 | 3 8 4 0 _ _ _ 11 2 9 1 7 
[00266657] 4 | 3 8 _ 0 4 _ _ 11 2 9 1 7 
[00266658] 3 | 3 8 5 0 4 _ _ 11 2 9 1 7 
[00266659] 2 | 3 8 5 0 4 6 _ 11 2 9 1 7 
[00266660] 2 | 3 8 5 0 4 _ 6 11 2 9 1 7 
[00266661] 4 | 3 8 _ 0 6 10 _ 11 2 9 1 7 
[00266662] 3 | 3 8 5 0 6 10 _ 11 2 9 1 7 
[00266663] 2 | 3 8 5 0 6 10 4 11 2 9 1 7 
[00266664] 4 | 3 8 _ 0 10 6 _ 11 2 9 1 7 
[00266665] 3 | 3 8 5 0 10 6 _ 11 2 9 1 7 
[00266666] 4 | 3 8 _ 0 6 _ 10 11 2 9 1 7 
[00266667] 3 | 3 8 5 0 6 _ 10 11 2 9 1 7 
[00266668] 2 | 3 8 5 0 6 4 10 11 2 9 1 7 
[00266669] 4 | 3 8 _ 0 10 _ 6 11 2 9 1 7 
[00266670] 3 | 3 8 5 0 10 _ 6 11 2 9 1 7 
[00266671] 5 | _ 8 3 0 _ _ _ 11 2 9 1 7 
[00266672] 4 | 4 8 3 0 _ _ _ 11 2 9 1 7 
[00266673] 4 | _ 8 3 0 4 _ _ 11 2 9 1 7 
[00266674] 3 | 5 8 3 0 4 _ _ 11 2 9 1 7 
[00266675] 2 | 5 8 3 0 4 6 _ 11 2 9 1 7 
[00266676] 2 | 5 8 3 0 4 _ 6 11 2 9 1 7 
[00266677] 4 | _ 8 3 0 6 10 _ 11 2 9 1 7 
[00266678] 3 | 5 8 3 0 6 10 _ 11 2 9 1 7 
[00266679] 2 | 5 8 3 0 6 10 4 11 2 9 1 7 
[00266680] 4 | _ 8 3 0 10 6 _ 11 2 9 1 7 
[00266681] 3 | 5 8 3 0 10 6 _ 11 2 9 1 7 
[00266682] 4 | _ 8 3 0 6 _ 10 11 2 9 1 7 
[00266683] 3 | 5 8 3 0 6 _ 10 11 2 9 1 7 
[00266684] 2 | 5 8 3 0 6 4 10 11 2 9 1 7 
[00266685] 4 | _ 8 3 0 10 _ 6 11 2 9 1 7 
[00266686] 3 | 5 8 3 0 10 _ 6 11 2 9 1 7 
[00266687] 5 | _ 8 _ 0 5 _ _ 11 2 9 1 7 
[00266688] 4 | 4 8 _ 0 5 _ _ 11 2 9 1 7 
[00266689] 3 | 4 8 5 0 5 _ _ 11 2 9 1 7 
[00266690] 3 | 4 8 _ 0 5 8 _ 11 2 9 1 7 
[00266691] 2 | 4 8 _ 0 5 8 3 11 2 9 1 7 
[00266692] 3 | 4 8 _ 0 5 _ 8 11 2 9 1 7 
[00266693] 2 | 4 8 _ 0 5 3 8 11 2 9 1 7 
[00266694] 4 | _ 8 4 0 5 _ _ 11 2 9 1 7 
[00266695] 3 | 5 8 4 0 5 _ _ 11 2 9 1 7 
[00266696] 3 | _ 8 4 0 5 8 _ 11 2 9 1 7 
[00266697] 2 | _ 8 4 0 5 8 3 11 2 9 1 7 
[00266698] 3 | _ 8 4 0 5 _ 8 11 2 9 1 7 
[00266699] 2 | _ 8 4 0 5 3 8 11 2 9 1 7 
[00266700] 5 | _ 8 _ 0 5 10 _ 11 2 9 1 7 
[00266701] 4 | 4 8 _ 0 5 10 _ 11 2 9 1 7 
[00266702] 3 | 4 8 5 0 5 10 _ 11 2 9 1 7 
[00266703] 3 | 4 8 _ 0 5 10 8 11 2 9 1 7 
[00266704] 4 | _ 8 4 0 5 10 _ 11 2 9 1 7 
[00266705] 3 | 5 8 4 0 5 10 _ 11 2 9 1 7 
[00266706] 3 | _ 8 4 0 5 10 8 11 2 9 1 7 
[00266707] 5 | _ 8 _ 0 10 5 _ 11 2 9 1 7 
[00266708] 4 | 4 8 _ 0 10 5 _ 11 2 9 1 7 
[00266709] 4 | _ 8 4 0 10 5 _ 11 2 9 1 7 
[00266710] 4 | _ 8 _ 0 10 5 6 11 2 9 1 7 
[00266711] 5 | _ 8 _ 0 5 _ 10 11 2 9 1 7 
[00266712] 4 | 4 8 _ 0 5 _ 10 11 2 9 1 7 
[00266713] 3 | 4 8 5 0 5 _ 10 11 2 9 1 7 
[00266714] 3 | 4 8 _ 0 5 8 10 11 2 9 1 7 
[00266715] 4 | _ 8 4 0 5 _ 10 11 2 9 1 7 
[00266716] 3 | 5 8 4 0 5 _ 10 11 2 9 1 7 
[00266717] 3 | _ 8 4 0 5 8 10 11 2 9 1 7 
[00266718] 5 | _ 8 _ 0 10 _ 5 11 2 9 1 7 
[00266719] 4 | 4 8 _ 0 10 _ 5 11 2 9 1 7 
[00266720] 4 | _ 8 4 0 10 _ 5 11 2 9 1 7 
[00266721] 4 | _ 8 _ 0 10 6 5 11 2 9 1 7 
[00266722] 7 | _ 8 _ 0 _ _ _ 11 2 _ 1 8 
[00266723] 6 | _ 8 _ 0 6 _ _ 11 2 _ 1 8 
[00266724] 5 | _ 8 _ 0 6 _ _ 11 2 7 1 8 
[00266725] 4 | _ 8 _ 0 6 10 _ 11 2 7 1 8 
[00266726] 3 | _ 8 _ 0 6 10 3 11 2 7 1 8 
[00266727] 3 | _ 8 _ 0 6 10 9 11 2 7 1 8 
[00266728] 4 | _ 8 _ 0 6 _ 10 11 2 7 1 8 
[00266729] 3 | _ 8 _ 0 6 3 10 11 2 7 1 8 
[00266730] 3 | _ 8 _ 0 6 9 10 11 2 7 1 8 
[00266731] 6 | _ 8 _ 0 3 9 _ 11 2 _ 1 8 
[00266732] 5 | _ 8 _ 0 3 9 _ 11 2 7 1 8 
[00266733] 6 | _ 8 _ 0 4 10 _ 11 2 _ 1 8 
[00266734] 5 | _ 8 _ 0 4 10 9 11 2 _ 1 8 
[00266735] 4 | _ 8 _ 0 4 10 9 11 2 6 1 8 
[00266736] 5 | _ 8 _ 0 4 10 _ 11 2 7 1 8 
[00266737] 6 | _ 8 _ 0 9 3 _ 11 2 _ 1 8 
[00266738] 5 | _ 8 _ 0 9 3 4 11 2 _ 1 8 
[00266739] 4 | _ 8 _ 0 9 3 4 11 2 6 1 8 
[00266740] 5 | _ 8 _ 0 9 3 _ 11 2 7 1 8 
[00266741] 4 | _ 8 _ 0 9 3 5 11 2 7 1 8 
[00266742] 6 | _ 8 _ 0 10 4 _ 11 2 _ 1 8 
[00266743] 5 | _ 8 _ 0 10 4 5 11 2 _ 1 8 
[00266744] 4 | _ 8 _ 0 10 4 5 11 2 6 1 8 
[00266745] 5 | _ 8 _ 0 10 4 _ 11 2 7 1 8 
[00266746] 4 | _ 8 _ 0 10 4 6 11 2 7 1 8 
[00266747] 6 | _ 8 _ 0 3 _ 9 11 2 _ 1 8 
[00266748] 5 | _ 8 _ 0 3 _ 9 11 2 7 1 8 
[00266749] 6 | _ 8 _ 0 4 _ 10 11 2 _ 1 8 
[00266750] 5 | _ 8 _ 0 4 9 10 11 2 _ 1 8 
[00266751] 4 | _ 8 _ 0 4 9 10 11 2 6 1 8 
[00266752] 5 | _ 8 _ 0 4 _ 10 11 2 7 1 8 
[00266753] 6 | _ 8 _ 0 9 _ 3 11 2 _ 1 8 
[00266754] 5 | _ 8 _ 0 9 4 3 11 2 _ 1 8 
[00266755] 4 | _ 8 _ 0 9 4 3 11 2 6 1 8 
[00266756] 5 | _ 8 _ 0 9 _ 3 11 2 7 1 8 
[00266757] 4 | _ 8 _ 0 9 5 3 11 2 7 1 8 
[00266758] 6 | _ 8 _ 0 10 _ 4 11 2 _ 1 8 
[00266759] 5 | _ 8 _ 0 10 5 4 11 2 _ 1 8 
[00266760] 4 | _ 8 _ 0 10 5 4 11 2 6 1 8 
[00266761] 5 | _ 8 _ 0 10 _ 4 11 2 7 1 8 
[00266762] 4 | _ 8 _ 0 10 6 4 11 2 7 1 8 
[00266763] 8 | _ _ _ 0 8 _ _ 11 2 _ 1 _ 
[00266764] 7 | 3 10 _ 0 8 _ _ 11 2 _ 1 _ 
[00266765] 7 | 10 3 _ 0 8 _ _ 11 2 _ 1 _ 
[00266766] 6 | 10 3 9 0 8 _ _ 11 2 _ 1 _ 
[00266767] 5 | 10 3 9 0 8 _ _ 11 2 7 1 _ 
[00266768] 4 | 10 3 9 0 8 4 _ 11 2 7 1 _ 
[00266769] 3 | 10 3 9 0 8 4 5 11 2 7 1 _ 
[00266770] 4 | 10 3 9 0 8 _ 4 11 2 7 1 _ 
[00266771] 3 | 10 3 9 0 8 5 4 11 2 7 1 _ 
[00266772] 4 | 10 3 9 0 8 _ _ 11 2 7 1 5 
[00266773] 5 | 10 3 9 0 8 _ _ 11 2 _ 1 6 
[00266774] 4 | 10 3 9 0 8 4 _ 11 2 _ 1 6 
[00266775] 3 | 10 3 9 0 8 4 5 11 2 _ 1 6 
[00266776] 3 | 10 3 9 0 8 4 _ 11 2 5 1 6 
[00266777] 4 | 10 3 9 0 8 _ 4 11 2 _ 1 6 
[00266778] 3 | 10 3 9 0 8 5 4 11 2 _ 1 6 
[00266779] 3 | 10 3 9 0 8 _ 4 11 2 5 1 6 
[00266780] 6 | 10 3 _ 0 8 2 _ 11 2 _ 1 _ 
[00266781] 5 | 10 3 8 0 8 2 _ 11 2 _ 1 _ 
[00266782] 4 | 10 3 8 0 8 2 _ 11 2 _ 1 5 
[00266783] 5 | 10 3 _ 0 8 2 3 11 2 _ 1 _ 
[00266784] 4 | 10 3 _ 0 8 2 3 11 2 _ 1 5 
[00266785] 5 | 10 3 _ 0 8 2 _ 11 2 _ 1 6 
[00266786] 4 | 10 3 7 0 8 2 _ 11 2 _ 1 6 
[00266787] 3 | 10 3 7 0 8 2 5 11 2 _ 1 6 
[00266788] 4 | 10 3 _ 0 8 2 4 11 2 _ 1 6 
[00266789] 6 | 10 3 _ 0 8 _ 2 11 2 _ 1 _ 
[00266790] 5 | 10 3 8 0 8 _ 2 11 2 _ 1 _ 
[00266791] 4 | 10 3 8 0 8 _ 2 11 2 _ 1 5 
[00266792] 5 | 10 3 _ 0 8 3 2 11 2 _ 1 _ 
[00266793] 4 | 10 3 _ 0 8 3 2 11 2 _ 1 5 
[00266794] 5 | 10 3 _ 0 8 _ 2 11 2 _ 1 6 
[00266795] 4 | 10 3 7 0 8 _ 2 11 2 _ 1 6 
[00266796] 3 | 10 3 7 0 8 5 2 11 2 _ 1 6 
[00266797] 4 | 10 3 _ 0 8 4 2 11 2 _ 1 6 
[00266798] 6 | 10 3 _ 0 8 _ _ 11 2 8 1 _ 
[00266799] 5 | 10 3 _ 0 8 _ _ 11 2 8 1 6 
[00266800] 4 | 10 3 7 0 8 _ _ 11 2 8 1 6 
[00266801] 6 | 10 3 _ 0 8 _ _ 11 2 _ 1 7 
[00266802] 5 | 10 3 8 0 8 _ _ 11 2 _ 1 7 
[00266803] 4 | 10 3 8 0 8 _ _ 11 2 6 1 7 
[00266804] 5 | 10 3 _ 0 8 3 _ 11 2 _ 1 7 
[00266805] 4 | 10 3 _ 0 8 3 4 11 2 _ 1 7 
[00266806] 3 | 10 3 _ 0 8 3 4 11 2 5 1 7 
[00266807] 4 | 10 3 _ 0 8 3 _ 11 2 6 1 7 
[00266808] 3 | 10 3 _ 0 8 3 5 11 2 6 1 7 
[00266809] 5 | 10 3 _ 0 8 _ 3 11 2 _ 1 7 
[00266810] 4 | 10 3 _ 0 8 4 3 11 2 _ 1 7 
[00266811] 3 | 10 3 _ 0 8 4 3 11 2 5 1 7 
[00266812] 4 | 10 3 _ 0 8 _ 3 11 2 6 1 7 
[00266813] 3 | 10 3 _ 0 8 5 3 11 2 6 1 7 
[00266814] 7 | _ 3 10 0 8 _ _ 11 2 _ 1 _ 
[00266815] 6 | 9 3 10 0 8 _ _ 11 2 _ 1 _ 
[00266816] 5 | 9 3 10 0 8 _ _ 11 2 7 1 _ 
[00266817] 4 | 9 3 10 0 8 4 _ 11 2 7 1 _ 
[00266818] 3 | 9 3 10 0 8 4 5 11 2 7 1 _ 
[00266819] 4 | 9 3 10 0 8 _ 4 11 2 7 1 _ 
[00266820] 3 | 9 3 10 0 8 5 4 11 2 7 1 _ 
[00266821] 4 | 9 3 10 0 8 _ _ 11 2 7 1 5 
[00266822] 5 | 9 3 10 0 8 _ _ 11 2 _ 1 6 
[00266823] 4 | 9 3 10 0 8 4 _ 11 2 _ 1 6 
[00266824] 3 | 9 3 10 0 8 4 5 11 2 _ 1 6 
[00266825] 3 | 9 3 10 0 8 4 _ 11 2 5 1 6 
[00266826] 4 | 9 3 10 0 8 _ 4 11 2 _ 1 6 
[00266827] 3 | 9 3 10 0 8 5 4 11 2 _ 1 6 
[00266828] 3 | 9 3 10 0 8 _ 4 11 2 5 1 6 
[00266829] 6 | _ 3 10 0 8 2 _ 11 2 _ 1 _ 
[00266830] 5 | 8 3 10 0 8 2 _ 11 2 _ 1 _ 
[00266831] 4 | 8 3 10 0 8 2 _ 11 2 _ 1 5 
[00266832] 5 | _ 3 10 0 8 2 3 11 2 _ 1 _ 
[00266833] 4 | _ 3 10 0 8 2 3 11 2 _ 1 5 
[00266834] 5 | _ 3 10 0 8 2 _ 11 2 _ 1 6 
[00266835] 4 | 7 3 10 0 8 2 _ 11 2 _ 1 6 
[00266836] 3 | 7 3 10 0 8 2 5 11 2 _ 1 6 
[00266837] 4 | _ 3 10 0 8 2 4 11 2 _ 1 6 
[00266838] 6 | _ 3 10 0 8 _ 2 11 2 _ 1 _ 
[00266839] 5 | 8 3 10 0 8 _ 2 11 2 _ 1 _ 
[00266840] 4 | 8 3 10 0 8 _ 2 11 2 _ 1 5 
[00266841] 5 | _ 3 10 0 8 3 2 11 2 _ 1 _ 
[00266842] 4 | _ 3 10 0 8 3 2 11 2 _ 1 5 
[00266843] 5 | _ 3 10 0 8 _ 2 11 2 _ 1 6 
[00266844] 4 | 7 3 10 0 8 _ 2 11 2 _ 1 6 
[00266845] 3 | 7 3 10 0 8 5 2 11 2 _ 1 6 
[00266846] 4 | _ 3 10 0 8 4 2 11 2 _ 1 6 
[00266847] 6 | _ 3 10 0 8 _ _ 11 2 8 1 _ 
[00266848] 5 | _ 3 10 0 8 _ _ 11 2 8 1 6 
[00266849] 4 | 7 3 10 0 8 _ _ 11 2 8 1 6 
[00266850] 6 | _ 3 10 0 8 _ _ 11 2 _ 1 7 
[00266851] 5 | 8 3 10 0 8 _ _ 11 2 _ 1 7 
[00266852] 4 | 8 3 10 0 8 _ _ 11 2 6 1 7 
[00266853] 5 | _ 3 10 0 8 3 _ 11 2 _ 1 7 
[00266854] 4 | _ 3 10 0 8 3 4 11 2 _ 1 7 
[00266855] 3 | _ 3 10 0 8 3 4 11 2 5 1 7 
[00266856] 4 | _ 3 10 0 8 3 _ 11 2 6 1 7 
[00266857] 3 | _ 3 10 0 8 3 5 11 2 6 1 7 
[00266858] 5 | _ 3 10 0 8 _ 3 11 2 _ 1 7 
[00266859] 4 | _ 3 10 0 8 4 3 11 2 _ 1 7 
[00266860] 3 | _ 3 10 0 8 4 3 11 2 5 1 7 
[00266861] 4 | _ 3 10 0 8 _ 3 11 2 6 1 7 
[00266862] 3 | _ 3 10 0 8 5 3 11 2 6 1 7 
[00266863] 7 | _ 10 3 0 8 _ _ 11 2 _ 1 _ 
[00266864] 7 | _ 7 _ 0 8 _ _ 11 2 _ 1 _ 
[00266865] 6 | 1 7 _ 0 8 _ _ 11 2 _ 1 _ 
[00266866] 5 | 1 7 2 0 8 _ _ 11 2 _ 1 _ 
[00266867] 4 | 1 7 2 0 8 4 _ 11 2 _ 1 _ 
[00266868] 3 | 1 7 2 0 8 4 5 11 2 _ 1 _ 
[00266869] 4 | 1 7 2 0 8 _ 4 11 2 _ 1 _ 
[00266870] 3 | 1 7 2 0 8 5 4 11 2 _ 1 _ 
[00266871] 5 | 1 7 _ 0 8 3 _ 11 2 _ 1 _ 
[00266872] 4 | 1 7 _ 0 8 3 4 11 2 _ 1 _ 
[00266873] 3 | 1 7 10 0 8 3 4 11 2 _ 1 _ 
[00266874] 3 | 1 7 _ 0 8 3 4 11 2 5 1 _ 
[00266875] 2 | 1 7 9 0 8 3 4 11 2 5 1 _ 
[00266876] 4 | 1 7 _ 0 8 3 _ 11 2 6 1 _ 
[00266877] 3 | 1 7 4 0 8 3 _ 11 2 6 1 _ 
[00266878] 2 | 1 7 4 0 8 3 10 11 2 6 1 _ 
[00266879] 3 | 1 7 10 0 8 3 _ 11 2 6 1 _ 
[00266880] 3 | 1 7 _ 0 8 3 5 11 2 6 1 _ 
[00266881] 2 | 1 7 9 0 8 3 5 11 2 6 1 _ 
[00266882] 5 | 1 7 _ 0 8 _ 3 11 2 _ 1 _ 
[00266883] 4 | 1 7 _ 0 8 4 3 11 2 _ 1 _ 
[00266884] 3 | 1 7 10 0 8 4 3 11 2 _ 1 _ 
[00266885] 3 | 1 7 _ 0 8 4 3 11 2 5 1 _ 
[00266886] 2 | 1 7 9 0 8 4 3 11 2 5 1 _ 
[00266887] 4 | 1 7 _ 0 8 _ 3 11 2 6 1 _ 
[00266888] 3 | 1 7 4 0 8 _ 3 11 2 6 1 _ 
[00266889] 2 | 1 7 4 0 8 10 3 11 2 6 1 _ 
[00266890] 3 | 1 7 10 0 8 _ 3 11 2 6 1 _ 
[00266891] 3 | 1 7 _ 0 8 5 3 11 2 6 1 _ 
[00266892] 2 | 1 7 9 0 8 5 3 11 2 6 1 _ 
[00266893] 5 | 1 7 _ 0 8 _ _ 11 2 7 1 _ 
[00266894] 4 | 1 7 _ 0 8 4 _ 11 2 7 1 _ 
[00266895] 3 | 1 7 _ 0 8 4 5 11 2 7 1 _ 
[00266896] 4 | 1 7 _ 0 8 _ 4 11 2 7 1 _ 
[00266897] 3 | 1 7 _ 0 8 5 4 11 2 7 1 _ 
[00266898] 6 | _ 7 1 0 8 _ _ 11 2 _ 1 _ 
[00266899] 5 | 2 7 1 0 8 _ _ 11 2 _ 1 _ 
[00266900] 4 | 2 7 1 0 8 4 _ 11 2 _ 1 _ 
[00266901] 3 | 2 7 1 0 8 4 5 11 2 _ 1 _ 
[00266902] 4 | 2 7 1 0 8 _ 4 11 2 _ 1 _ 
[00266903] 3 | 2 7 1 0 8 5 4 11 2 _ 1 _ 
[00266904] 5 | _ 7 1 0 8 3 _ 11 2 _ 1 _ 
[00266905] 4 | _ 7 1 0 8 3 4 11 2 _ 1 _ 
[00266906] 3 | 10 7 1 0 8 3 4 11 2 _ 1 _ 
[00266907] 3 | _ 7 1 0 8 3 4 11 2 5 1 _ 
[00266908] 2 | 9 7 1 0 8 3 4 11 2 5 1 _ 
[00266909] 4 | _ 7 1 0 8 3 _ 11 2 6 1 _ 
[00266910] 3 | 4 7 1 0 8 3 _ 11 2 6 1 _ 
[00266911] 2 | 4 7 1 0 8 3 10 11 2 6 1 _ 
[00266912] 3 | 10 7 1 0 8 3 _ 11 2 6 1 _ 
[00266913] 3 | _ 7 1 0 8 3 5 11 2 6 1 _ 
[00266914] 2 | 9 7 1 0 8 3 5 11 2 6 1 _ 
[00266915] 5 | _ 7 1 0 8 _ 3 11 2 _ 1 _ 
[00266916] 4 | _ 7 1 0 8 4 3 11 2 _ 1 _ 
[00266917] 3 | 10 7 1 0 8 4 3 11 2 _ 1 _ 
[00266918] 3 | _ 7 1 0 8 4 3 11 2 5 1 _ 
[00266919] 2 | 9 7 1 0 8 4 3 11 2 5 1 _ 
[00266920] 4 | _ 7 1 0 8 _ 3 11 2 6 1 _ 
[00266921] 3 | 4 7 1 0 8 _ 3 11 2 6 1 _ 
[00266922] 2 | 4 7 1 0 8 10 3 11 2 6 1 _ 
[00266923] 3 | 10 7 1 0 8 _ 3 11 2 6 1 _ 
[00266924] 3 | _ 7 1 0 8 5 3 11 2 6 1 _ 
[00266925] 2 | 9 7 1 0 8 5 3 11 2 6 1 _ 
