[00052404] 4 | _ 0 8 11 2 9 _ 1 7 3 6 _ 
[00052405] 3 | _ 0 8 11 2 9 5 1 7 3 6 _ 
[00052406] 2 | _ 0 8 11 2 9 5 1 7 3 6 4 
[00052407] 4 | _ 0 8 11 2 9 _ 1 7 _ 6 2 
[00052408] 3 | 3 0 8 11 2 9 _ 1 7 _ 6 2 
[00052409] 2 | 3 0 8 11 2 9 _ 1 7 5 6 2 
[00052410] 3 | _ 0 8 11 2 9 _ 1 7 4 6 2 
[00052411] 3 | _ 0 8 11 2 9 _ 1 7 10 6 2 
[00052412] 4 | _ 0 8 11 2 9 _ 1 7 _ 6 10 
[00052413] 3 | 3 0 8 11 2 9 _ 1 7 _ 6 10 
[00052414] 2 | 3 0 8 11 2 9 4 1 7 _ 6 10 
[00052415] 2 | 3 0 8 11 2 9 _ 1 7 5 6 10 
[00052416] 3 | _ 0 8 11 2 9 5 1 7 _ 6 10 
[00052417] 3 | _ 0 8 11 2 9 _ 1 7 4 6 10 
[00052418] 2 | 2 0 8 11 2 9 _ 1 7 4 6 10 
[00052419] 2 | _ 0 8 11 2 9 0 1 7 4 6 10 
[00052420] 5 | _ 0 8 11 2 9 _ 1 7 _ 5 10 
[00052421] 4 | 4 0 8 11 2 9 _ 1 7 _ 5 10 
[00052422] 4 | _ 0 8 11 2 9 6 1 7 _ 5 10 
[00052423] 3 | 3 0 8 11 2 9 6 1 7 _ 5 10 
[00052424] 3 | _ 0 8 11 2 9 6 1 7 4 5 10 
[00052425] 4 | _ 0 8 11 2 9 _ 1 7 3 5 10 
[00052426] 5 | _ 0 8 11 2 9 _ 1 7 _ 10 5 
[00052427] 4 | 4 0 8 11 2 9 _ 1 7 _ 10 5 
[00052428] 4 | _ 0 8 11 2 9 6 1 7 _ 10 5 
[00052429] 3 | 3 0 8 11 2 9 6 1 7 _ 10 5 
[00052430] 3 | _ 0 8 11 2 9 6 1 7 4 10 5 
[00052431] 4 | _ 0 8 11 2 9 _ 1 7 3 10 5 
[00052432] 6 | _ 0 8 11 2 9 _ 1 4 10 _ _ 
[00052433] 5 | 5 0 8 11 2 9 _ 1 4 10 _ _ 
[00052434] 4 | 5 0 8 11 2 9 6 1 4 10 _ _ 
[00052435] 4 | 5 0 8 11 2 9 _ 1 4 10 3 7 
[00052436] 4 | 5 0 8 11 2 9 _ 1 4 10 7 3 
[00052437] 5 | _ 0 8 11 2 9 7 1 4 10 _ _ 
[00052438] 4 | _ 0 8 11 2 9 7 1 4 10 5 _ 
[00052439] 3 | 3 0 8 11 2 9 7 1 4 10 5 _ 
[00052440] 5 | _ 0 8 11 2 9 _ 1 4 10 6 _ 
[00052441] 4 | _ 0 8 11 2 9 6 1 4 10 6 _ 
[00052442] 3 | 3 0 8 11 2 9 6 1 4 10 6 _ 
[00052443] 4 | _ 0 8 11 2 9 _ 1 4 10 6 2 
[00052444] 3 | 3 0 8 11 2 9 _ 1 4 10 6 2 
[00052445] 6 | _ 0 8 11 2 9 _ 1 10 4 _ _ 
[00052446] 5 | 5 0 8 11 2 9 _ 1 10 4 _ _ 
[00052447] 4 | 5 0 8 11 2 9 6 1 10 4 _ _ 
[00052448] 4 | 5 0 8 11 2 9 _ 1 10 4 3 7 
[00052449] 4 | 5 0 8 11 2 9 _ 1 10 4 7 3 
[00052450] 5 | _ 0 8 11 2 9 7 1 10 4 _ _ 
[00052451] 4 | _ 0 8 11 2 9 7 1 10 4 5 _ 
[00052452] 3 | 3 0 8 11 2 9 7 1 10 4 5 _ 
[00052453] 5 | _ 0 8 11 2 9 _ 1 10 4 6 _ 
[00052454] 4 | _ 0 8 11 2 9 6 1 10 4 6 _ 
[00052455] 3 | 3 0 8 11 2 9 6 1 10 4 6 _ 
[00052456] 4 | _ 0 8 11 2 9 _ 1 10 4 6 2 
[00052457] 3 | 3 0 8 11 2 9 _ 1 10 4 6 2 
[00052458] 6 | _ 0 8 11 2 9 _ 1 _ _ 7 _ 
[00052459] 5 | 5 0 8 11 2 9 _ 1 _ _ 7 _ 
[00052460] 4 | 5 0 8 11 2 9 6 1 _ _ 7 _ 
[00052461] 3 | 5 0 8 11 2 9 6 1 4 _ 7 _ 
[00052462] 3 | 5 0 8 11 2 9 6 1 _ _ 7 4 
[00052463] 2 | 5 0 8 11 2 9 6 1 3 _ 7 4 
[00052464] 3 | 5 0 8 11 2 9 6 1 _ _ 7 10 
[00052465] 2 | 5 0 8 11 2 9 6 1 3 _ 7 10 
[00052466] 1 | 5 0 8 11 2 9 6 1 3 4 7 10  *Graceful*
[00052466] 4 | 5 0 8 11 2 9 _ 1 6 10 7 _ 
[00052467] 3 | 5 0 8 11 2 9 _ 1 6 10 7 4 
[00052468] 4 | 5 0 8 11 2 9 _ 1 10 6 7 _ 
[00052469] 3 | 5 0 8 11 2 9 _ 1 10 6 7 4 
[00052470] 4 | 5 0 8 11 2 9 _ 1 _ _ 7 3 
[00052471] 3 | 5 0 8 11 2 9 _ 1 4 _ 7 3 
[00052472] 2 | 5 0 8 11 2 9 4 1 4 _ 7 3 
[00052473] 2 | 5 0 8 11 2 9 _ 1 4 2 7 3 
[00052474] 2 | 5 0 8 11 2 9 _ 1 4 6 7 3 
[00052475] 5 | _ 0 8 11 2 9 7 1 _ _ 7 _ 
[00052476] 4 | 4 0 8 11 2 9 7 1 _ _ 7 _ 
[00052477] 3 | 4 0 8 11 2 9 7 1 3 6 7 _ 
[00052478] 3 | 4 0 8 11 2 9 7 1 6 3 7 _ 
[00052479] 4 | _ 0 8 11 2 9 7 1 5 _ 7 _ 
[00052480] 3 | 3 0 8 11 2 9 7 1 5 _ 7 _ 
[00052481] 4 | _ 0 8 11 2 9 7 1 6 10 7 _ 
[00052482] 3 | 3 0 8 11 2 9 7 1 6 10 7 _ 
[00052483] 4 | _ 0 8 11 2 9 7 1 10 6 7 _ 
[00052484] 3 | 3 0 8 11 2 9 7 1 10 6 7 _ 
[00052485] 5 | _ 0 8 11 2 9 _ 1 6 _ 7 _ 
[00052486] 4 | 4 0 8 11 2 9 _ 1 6 _ 7 _ 
[00052487] 3 | 4 0 8 11 2 9 5 1 6 _ 7 _ 
[00052488] 3 | 4 0 8 11 2 9 _ 1 6 3 7 _ 
[00052489] 2 | 4 0 8 11 2 9 _ 1 6 3 7 5 
[00052490] 3 | 4 0 8 11 2 9 _ 1 6 _ 7 10 
[00052491] 4 | _ 0 8 11 2 9 6 1 6 _ 7 _ 
[00052492] 3 | 3 0 8 11 2 9 6 1 6 _ 7 _ 
[00052493] 2 | 3 0 8 11 2 9 6 1 6 _ 7 5 
[00052494] 3 | _ 0 8 11 2 9 6 1 6 _ 7 4 
[00052495] 3 | _ 0 8 11 2 9 6 1 6 _ 7 10 
[00052496] 4 | _ 0 8 11 2 9 _ 1 6 2 7 _ 
[00052497] 3 | 3 0 8 11 2 9 _ 1 6 2 7 _ 
[00052498] 2 | 3 0 8 11 2 9 _ 1 6 2 7 5 
[00052499] 3 | _ 0 8 11 2 9 _ 1 6 2 7 4 
[00052500] 3 | _ 0 8 11 2 9 _ 1 6 2 7 10 
[00052501] 4 | _ 0 8 11 2 9 _ 1 6 10 7 _ 
[00052502] 3 | 3 0 8 11 2 9 _ 1 6 10 7 _ 
[00052503] 2 | 3 0 8 11 2 9 4 1 6 10 7 _ 
[00052504] 2 | 3 0 8 11 2 9 _ 1 6 10 7 5 
[00052505] 3 | _ 0 8 11 2 9 5 1 6 10 7 _ 
[00052506] 3 | _ 0 8 11 2 9 _ 1 6 10 7 4 
[00052507] 2 | 2 0 8 11 2 9 _ 1 6 10 7 4 
[00052508] 2 | _ 0 8 11 2 9 0 1 6 10 7 4 
[00052509] 4 | _ 0 8 11 2 9 _ 1 6 _ 7 3 
[00052510] 3 | _ 0 8 11 2 9 5 1 6 _ 7 3 
[00052511] 2 | _ 0 8 11 2 9 5 1 6 4 7 3 
[00052512] 5 | _ 0 8 11 2 9 _ 1 5 10 7 _ 
[00052513] 4 | 4 0 8 11 2 9 _ 1 5 10 7 _ 
[00052514] 4 | _ 0 8 11 2 9 6 1 5 10 7 _ 
[00052515] 3 | 3 0 8 11 2 9 6 1 5 10 7 _ 
[00052516] 3 | _ 0 8 11 2 9 6 1 5 10 7 4 
[00052517] 4 | _ 0 8 11 2 9 _ 1 5 10 7 3 
[00052518] 5 | _ 0 8 11 2 9 _ 1 10 5 7 _ 
[00052519] 4 | 4 0 8 11 2 9 _ 1 10 5 7 _ 
[00052520] 4 | _ 0 8 11 2 9 6 1 10 5 7 _ 
[00052521] 3 | 3 0 8 11 2 9 6 1 10 5 7 _ 
[00052522] 3 | _ 0 8 11 2 9 6 1 10 5 7 4 
[00052523] 4 | _ 0 8 11 2 9 _ 1 10 5 7 3 
[00052524] 5 | _ 0 8 11 2 9 _ 1 _ _ 7 2 
[00052525] 4 | 4 0 8 11 2 9 _ 1 _ _ 7 2 
[00052526] 3 | 4 0 8 11 2 9 _ 1 3 6 7 2 
[00052527] 3 | 4 0 8 11 2 9 _ 1 6 3 7 2 
[00052528] 4 | _ 0 8 11 2 9 _ 1 5 _ 7 2 
[00052529] 3 | 3 0 8 11 2 9 _ 1 5 _ 7 2 
[00052530] 4 | _ 0 8 11 2 9 _ 1 6 10 7 2 
[00052531] 3 | 3 0 8 11 2 9 _ 1 6 10 7 2 
[00052532] 4 | _ 0 8 11 2 9 _ 1 10 6 7 2 
[00052533] 3 | 3 0 8 11 2 9 _ 1 10 6 7 2 
[00052534] 6 | _ 0 8 11 2 9 _ 1 _ _ 4 10 
[00052535] 5 | 5 0 8 11 2 9 _ 1 _ _ 4 10 
[00052536] 4 | 5 0 8 11 2 9 6 1 _ _ 4 10 
[00052537] 4 | 5 0 8 11 2 9 _ 1 3 7 4 10 
[00052538] 4 | 5 0 8 11 2 9 _ 1 7 3 4 10 
[00052539] 5 | _ 0 8 11 2 9 7 1 _ _ 4 10 
[00052540] 4 | _ 0 8 11 2 9 7 1 5 _ 4 10 
[00052541] 3 | 3 0 8 11 2 9 7 1 5 _ 4 10 
[00052542] 5 | _ 0 8 11 2 9 _ 1 6 _ 4 10 
[00052543] 4 | _ 0 8 11 2 9 6 1 6 _ 4 10 
[00052544] 3 | 3 0 8 11 2 9 6 1 6 _ 4 10 
[00052545] 4 | _ 0 8 11 2 9 _ 1 6 2 4 10 
[00052546] 3 | 3 0 8 11 2 9 _ 1 6 2 4 10 
[00052547] 6 | _ 0 8 11 2 9 _ 1 _ _ 10 4 
[00052548] 5 | 5 0 8 11 2 9 _ 1 _ _ 10 4 
[00052549] 4 | 5 0 8 11 2 9 6 1 _ _ 10 4 
[00052550] 4 | 5 0 8 11 2 9 _ 1 3 7 10 4 
[00052551] 4 | 5 0 8 11 2 9 _ 1 7 3 10 4 
[00052552] 5 | _ 0 8 11 2 9 7 1 _ _ 10 4 
[00052553] 4 | _ 0 8 11 2 9 7 1 5 _ 10 4 
[00052554] 3 | 3 0 8 11 2 9 7 1 5 _ 10 4 
[00052555] 5 | _ 0 8 11 2 9 _ 1 6 _ 10 4 
[00052556] 4 | _ 0 8 11 2 9 6 1 6 _ 10 4 
[00052557] 3 | 3 0 8 11 2 9 6 1 6 _ 10 4 
[00052558] 4 | _ 0 8 11 2 9 _ 1 6 2 10 4 
[00052559] 3 | 3 0 8 11 2 9 _ 1 6 2 10 4 
[00052560] 7 | _ 0 8 11 2 _ 9 1 _ _ _ _ 
[00052561] 6 | 6 0 8 11 2 _ 9 1 _ _ _ _ 
[00052562] 5 | 6 0 8 11 2 7 9 1 _ _ _ _ 
[00052563] 4 | 6 0 8 11 2 7 9 1 5 _ _ _ 
[00052564] 3 | 6 0 8 11 2 7 9 1 5 _ 4 _ 
[00052565] 2 | 6 0 8 11 2 7 9 1 5 3 4 _ 
[00052566] 4 | 6 0 8 11 2 7 9 1 _ _ 5 _ 
[00052567] 3 | 6 0 8 11 2 7 9 1 4 _ 5 _ 
[00052568] 2 | 6 0 8 11 2 7 9 1 4 _ 5 3 
[00052569] 5 | 6 0 8 11 2 _ 9 1 5 10 _ _ 
[00052570] 4 | 6 0 8 11 2 _ 9 1 5 10 3 7 
[00052571] 4 | 6 0 8 11 2 _ 9 1 5 10 7 3 
[00052572] 5 | 6 0 8 11 2 _ 9 1 10 5 _ _ 
[00052573] 4 | 6 0 8 11 2 _ 9 1 10 5 3 7 
[00052574] 4 | 6 0 8 11 2 _ 9 1 10 5 7 3 
[00052575] 5 | 6 0 8 11 2 _ 9 1 _ _ 5 10 
[00052576] 4 | 6 0 8 11 2 _ 9 1 3 7 5 10 
[00052577] 4 | 6 0 8 11 2 _ 9 1 7 3 5 10 
[00052578] 5 | 6 0 8 11 2 _ 9 1 _ _ 10 5 
[00052579] 4 | 6 0 8 11 2 _ 9 1 3 7 10 5 
[00052580] 4 | 6 0 8 11 2 _ 9 1 7 3 10 5 
[00052581] 6 | _ 0 8 11 2 _ 9 1 7 _ _ _ 
[00052582] 5 | 5 0 8 11 2 _ 9 1 7 _ _ _ 
[00052583] 4 | 5 0 8 11 2 6 9 1 7 _ _ _ 
[00052584] 3 | 5 0 8 11 2 6 9 1 7 4 _ _ 
[00052585] 2 | 5 0 8 11 2 6 9 1 7 4 3 _ 
[00052586] 3 | 5 0 8 11 2 6 9 1 7 10 _ _ 
[00052587] 2 | 5 0 8 11 2 6 9 1 7 10 3 _ 
[00052588] 1 | 5 0 8 11 2 6 9 1 7 10 3 4  *Graceful*
[00052588] 3 | 5 0 8 11 2 6 9 1 7 _ 4 _ 
[00052589] 4 | 5 0 8 11 2 _ 9 1 7 3 _ _ 
[00052590] 3 | 5 0 8 11 2 _ 9 1 7 3 4 _ 
[00052591] 2 | 5 0 8 11 2 4 9 1 7 3 4 _ 
[00052592] 2 | 5 0 8 11 2 _ 9 1 7 3 4 2 
[00052593] 2 | 5 0 8 11 2 _ 9 1 7 3 4 6 
[00052594] 4 | 5 0 8 11 2 _ 9 1 7 _ 6 10 
[00052595] 3 | 5 0 8 11 2 _ 9 1 7 4 6 10 
[00052596] 4 | 5 0 8 11 2 _ 9 1 7 _ 10 6 
[00052597] 3 | 5 0 8 11 2 _ 9 1 7 4 10 6 
[00052598] 5 | _ 0 8 11 2 7 9 1 7 _ _ _ 
[00052599] 4 | 4 0 8 11 2 7 9 1 7 _ _ _ 
[00052600] 3 | 4 0 8 11 2 7 9 1 7 _ 3 6 
[00052601] 3 | 4 0 8 11 2 7 9 1 7 _ 6 3 
[00052602] 4 | _ 0 8 11 2 7 9 1 7 _ 5 _ 
[00052603] 3 | 3 0 8 11 2 7 9 1 7 _ 5 _ 
[00052604] 4 | _ 0 8 11 2 7 9 1 7 _ 6 10 
[00052605] 3 | 3 0 8 11 2 7 9 1 7 _ 6 10 
[00052606] 4 | _ 0 8 11 2 7 9 1 7 _ 10 6 
[00052607] 3 | 3 0 8 11 2 7 9 1 7 _ 10 6 
[00052608] 5 | _ 0 8 11 2 _ 9 1 7 2 _ _ 
[00052609] 4 | 4 0 8 11 2 _ 9 1 7 2 _ _ 
[00052610] 3 | 4 0 8 11 2 _ 9 1 7 2 3 6 
[00052611] 3 | 4 0 8 11 2 _ 9 1 7 2 6 3 
[00052612] 4 | _ 0 8 11 2 _ 9 1 7 2 5 _ 
[00052613] 3 | 3 0 8 11 2 _ 9 1 7 2 5 _ 
[00052614] 4 | _ 0 8 11 2 _ 9 1 7 2 6 10 
[00052615] 3 | 3 0 8 11 2 _ 9 1 7 2 6 10 
[00052616] 4 | _ 0 8 11 2 _ 9 1 7 2 10 6 
[00052617] 3 | 3 0 8 11 2 _ 9 1 7 2 10 6 
[00052618] 5 | _ 0 8 11 2 _ 9 1 7 _ 6 _ 
[00052619] 4 | 4 0 8 11 2 _ 9 1 7 _ 6 _ 
[00052620] 3 | 4 0 8 11 2 5 9 1 7 _ 6 _ 
[00052621] 3 | 4 0 8 11 2 _ 9 1 7 10 6 _ 
[00052622] 3 | 4 0 8 11 2 _ 9 1 7 _ 6 3 
[00052623] 2 | 4 0 8 11 2 _ 9 1 7 5 6 3 
[00052624] 4 | _ 0 8 11 2 6 9 1 7 _ 6 _ 
[00052625] 3 | 3 0 8 11 2 6 9 1 7 _ 6 _ 
[00052626] 2 | 3 0 8 11 2 6 9 1 7 5 6 _ 
[00052627] 3 | _ 0 8 11 2 6 9 1 7 4 6 _ 
[00052628] 3 | _ 0 8 11 2 6 9 1 7 10 6 _ 
[00052629] 4 | _ 0 8 11 2 _ 9 1 7 3 6 _ 
[00052630] 3 | _ 0 8 11 2 5 9 1 7 3 6 _ 
[00052631] 2 | _ 0 8 11 2 5 9 1 7 3 6 4 
[00052632] 4 | _ 0 8 11 2 _ 9 1 7 _ 6 2 
[00052633] 3 | 3 0 8 11 2 _ 9 1 7 _ 6 2 
[00052634] 2 | 3 0 8 11 2 _ 9 1 7 5 6 2 
[00052635] 3 | _ 0 8 11 2 _ 9 1 7 4 6 2 
[00052636] 3 | _ 0 8 11 2 _ 9 1 7 10 6 2 
[00052637] 4 | _ 0 8 11 2 _ 9 1 7 _ 6 10 
[00052638] 3 | 3 0 8 11 2 _ 9 1 7 _ 6 10 
[00052639] 2 | 3 0 8 11 2 4 9 1 7 _ 6 10 
[00052640] 2 | 3 0 8 11 2 _ 9 1 7 5 6 10 
[00052641] 3 | _ 0 8 11 2 5 9 1 7 _ 6 10 
[00052642] 3 | _ 0 8 11 2 _ 9 1 7 4 6 10 
[00052643] 2 | 2 0 8 11 2 _ 9 1 7 4 6 10 
[00052644] 2 | _ 0 8 11 2 0 9 1 7 4 6 10 
[00052645] 5 | _ 0 8 11 2 _ 9 1 7 _ 5 10 
[00052646] 4 | 4 0 8 11 2 _ 9 1 7 _ 5 10 
[00052647] 4 | _ 0 8 11 2 6 9 1 7 _ 5 10 
[00052648] 3 | 3 0 8 11 2 6 9 1 7 _ 5 10 
[00052649] 3 | _ 0 8 11 2 6 9 1 7 4 5 10 
[00052650] 4 | _ 0 8 11 2 _ 9 1 7 3 5 10 
[00052651] 5 | _ 0 8 11 2 _ 9 1 7 _ 10 5 
[00052652] 4 | 4 0 8 11 2 _ 9 1 7 _ 10 5 
[00052653] 4 | _ 0 8 11 2 6 9 1 7 _ 10 5 
[00052654] 3 | 3 0 8 11 2 6 9 1 7 _ 10 5 
[00052655] 3 | _ 0 8 11 2 6 9 1 7 4 10 5 
[00052656] 4 | _ 0 8 11 2 _ 9 1 7 3 10 5 
[00052657] 6 | _ 0 8 11 2 _ 9 1 4 10 _ _ 
[00052658] 5 | 5 0 8 11 2 _ 9 1 4 10 _ _ 
[00052659] 4 | 5 0 8 11 2 6 9 1 4 10 _ _ 
[00052660] 4 | 5 0 8 11 2 _ 9 1 4 10 3 7 
[00052661] 4 | 5 0 8 11 2 _ 9 1 4 10 7 3 
[00052662] 5 | _ 0 8 11 2 7 9 1 4 10 _ _ 
[00052663] 4 | _ 0 8 11 2 7 9 1 4 10 5 _ 
[00052664] 3 | 3 0 8 11 2 7 9 1 4 10 5 _ 
[00052665] 5 | _ 0 8 11 2 _ 9 1 4 10 6 _ 
[00052666] 4 | _ 0 8 11 2 6 9 1 4 10 6 _ 
[00052667] 3 | 3 0 8 11 2 6 9 1 4 10 6 _ 
[00052668] 4 | _ 0 8 11 2 _ 9 1 4 10 6 2 
[00052669] 3 | 3 0 8 11 2 _ 9 1 4 10 6 2 
[00052670] 6 | _ 0 8 11 2 _ 9 1 10 4 _ _ 
[00052671] 5 | 5 0 8 11 2 _ 9 1 10 4 _ _ 
[00052672] 4 | 5 0 8 11 2 6 9 1 10 4 _ _ 
[00052673] 4 | 5 0 8 11 2 _ 9 1 10 4 3 7 
[00052674] 4 | 5 0 8 11 2 _ 9 1 10 4 7 3 
[00052675] 5 | _ 0 8 11 2 7 9 1 10 4 _ _ 
[00052676] 4 | _ 0 8 11 2 7 9 1 10 4 5 _ 
[00052677] 3 | 3 0 8 11 2 7 9 1 10 4 5 _ 
[00052678] 5 | _ 0 8 11 2 _ 9 1 10 4 6 _ 
[00052679] 4 | _ 0 8 11 2 6 9 1 10 4 6 _ 
[00052680] 3 | 3 0 8 11 2 6 9 1 10 4 6 _ 
[00052681] 4 | _ 0 8 11 2 _ 9 1 10 4 6 2 
[00052682] 3 | 3 0 8 11 2 _ 9 1 10 4 6 2 
[00052683] 6 | _ 0 8 11 2 _ 9 1 _ _ 7 _ 
[00052684] 5 | 5 0 8 11 2 _ 9 1 _ _ 7 _ 
[00052685] 4 | 5 0 8 11 2 6 9 1 _ _ 7 _ 
[00052686] 3 | 5 0 8 11 2 6 9 1 4 _ 7 _ 
[00052687] 3 | 5 0 8 11 2 6 9 1 _ _ 7 4 
[00052688] 2 | 5 0 8 11 2 6 9 1 3 _ 7 4 
[00052689] 3 | 5 0 8 11 2 6 9 1 _ _ 7 10 
[00052690] 2 | 5 0 8 11 2 6 9 1 3 _ 7 10 
[00052691] 1 | 5 0 8 11 2 6 9 1 3 4 7 10  *Graceful*
[00052691] 4 | 5 0 8 11 2 _ 9 1 6 10 7 _ 
[00052692] 3 | 5 0 8 11 2 _ 9 1 6 10 7 4 
[00052693] 4 | 5 0 8 11 2 _ 9 1 10 6 7 _ 
[00052694] 3 | 5 0 8 11 2 _ 9 1 10 6 7 4 
[00052695] 4 | 5 0 8 11 2 _ 9 1 _ _ 7 3 
[00052696] 3 | 5 0 8 11 2 _ 9 1 4 _ 7 3 
[00052697] 2 | 5 0 8 11 2 4 9 1 4 _ 7 3 
[00052698] 2 | 5 0 8 11 2 _ 9 1 4 2 7 3 
[00052699] 2 | 5 0 8 11 2 _ 9 1 4 6 7 3 
[00052700] 5 | _ 0 8 11 2 7 9 1 _ _ 7 _ 
[00052701] 4 | 4 0 8 11 2 7 9 1 _ _ 7 _ 
[00052702] 3 | 4 0 8 11 2 7 9 1 3 6 7 _ 
[00052703] 3 | 4 0 8 11 2 7 9 1 6 3 7 _ 
[00052704] 4 | _ 0 8 11 2 7 9 1 5 _ 7 _ 
[00052705] 3 | 3 0 8 11 2 7 9 1 5 _ 7 _ 
[00052706] 4 | _ 0 8 11 2 7 9 1 6 10 7 _ 
[00052707] 3 | 3 0 8 11 2 7 9 1 6 10 7 _ 
[00052708] 4 | _ 0 8 11 2 7 9 1 10 6 7 _ 
[00052709] 3 | 3 0 8 11 2 7 9 1 10 6 7 _ 
[00052710] 5 | _ 0 8 11 2 _ 9 1 6 _ 7 _ 
[00052711] 4 | 4 0 8 11 2 _ 9 1 6 _ 7 _ 
[00052712] 3 | 4 0 8 11 2 5 9 1 6 _ 7 _ 
[00052713] 3 | 4 0 8 11 2 _ 9 1 6 3 7 _ 
[00052714] 2 | 4 0 8 11 2 _ 9 1 6 3 7 5 
[00052715] 3 | 4 0 8 11 2 _ 9 1 6 _ 7 10 
[00052716] 4 | _ 0 8 11 2 6 9 1 6 _ 7 _ 
[00052717] 3 | 3 0 8 11 2 6 9 1 6 _ 7 _ 
[00052718] 2 | 3 0 8 11 2 6 9 1 6 _ 7 5 
[00052719] 3 | _ 0 8 11 2 6 9 1 6 _ 7 4 
[00052720] 3 | _ 0 8 11 2 6 9 1 6 _ 7 10 
[00052721] 4 | _ 0 8 11 2 _ 9 1 6 2 7 _ 
[00052722] 3 | 3 0 8 11 2 _ 9 1 6 2 7 _ 
[00052723] 2 | 3 0 8 11 2 _ 9 1 6 2 7 5 
[00052724] 3 | _ 0 8 11 2 _ 9 1 6 2 7 4 
[00052725] 3 | _ 0 8 11 2 _ 9 1 6 2 7 10 
[00052726] 4 | _ 0 8 11 2 _ 9 1 6 10 7 _ 
[00052727] 3 | 3 0 8 11 2 _ 9 1 6 10 7 _ 
[00052728] 2 | 3 0 8 11 2 4 9 1 6 10 7 _ 
[00052729] 2 | 3 0 8 11 2 _ 9 1 6 10 7 5 
[00052730] 3 | _ 0 8 11 2 5 9 1 6 10 7 _ 
[00052731] 3 | _ 0 8 11 2 _ 9 1 6 10 7 4 
[00052732] 2 | 2 0 8 11 2 _ 9 1 6 10 7 4 
[00052733] 2 | _ 0 8 11 2 0 9 1 6 10 7 4 
[00052734] 4 | _ 0 8 11 2 _ 9 1 6 _ 7 3 
[00052735] 3 | _ 0 8 11 2 5 9 1 6 _ 7 3 
[00052736] 2 | _ 0 8 11 2 5 9 1 6 4 7 3 
[00052737] 5 | _ 0 8 11 2 _ 9 1 5 10 7 _ 
[00052738] 4 | 4 0 8 11 2 _ 9 1 5 10 7 _ 
[00052739] 4 | _ 0 8 11 2 6 9 1 5 10 7 _ 
[00052740] 3 | 3 0 8 11 2 6 9 1 5 10 7 _ 
[00052741] 3 | _ 0 8 11 2 6 9 1 5 10 7 4 
[00052742] 4 | _ 0 8 11 2 _ 9 1 5 10 7 3 
[00052743] 5 | _ 0 8 11 2 _ 9 1 10 5 7 _ 
[00052744] 4 | 4 0 8 11 2 _ 9 1 10 5 7 _ 
[00052745] 4 | _ 0 8 11 2 6 9 1 10 5 7 _ 
[00052746] 3 | 3 0 8 11 2 6 9 1 10 5 7 _ 
[00052747] 3 | _ 0 8 11 2 6 9 1 10 5 7 4 
[00052748] 4 | _ 0 8 11 2 _ 9 1 10 5 7 3 
[00052749] 5 | _ 0 8 11 2 _ 9 1 _ _ 7 2 
[00052750] 4 | 4 0 8 11 2 _ 9 1 _ _ 7 2 
[00052751] 3 | 4 0 8 11 2 _ 9 1 3 6 7 2 
[00052752] 3 | 4 0 8 11 2 _ 9 1 6 3 7 2 
[00052753] 4 | _ 0 8 11 2 _ 9 1 5 _ 7 2 
[00052754] 3 | 3 0 8 11 2 _ 9 1 5 _ 7 2 
[00052755] 4 | _ 0 8 11 2 _ 9 1 6 10 7 2 
[00052756] 3 | 3 0 8 11 2 _ 9 1 6 10 7 2 
[00052757] 4 | _ 0 8 11 2 _ 9 1 10 6 7 2 
[00052758] 3 | 3 0 8 11 2 _ 9 1 10 6 7 2 
[00052759] 6 | _ 0 8 11 2 _ 9 1 _ _ 4 10 
[00052760] 5 | 5 0 8 11 2 _ 9 1 _ _ 4 10 
[00052761] 4 | 5 0 8 11 2 6 9 1 _ _ 4 10 
[00052762] 4 | 5 0 8 11 2 _ 9 1 3 7 4 10 
[00052763] 4 | 5 0 8 11 2 _ 9 1 7 3 4 10 
[00052764] 5 | _ 0 8 11 2 7 9 1 _ _ 4 10 
[00052765] 4 | _ 0 8 11 2 7 9 1 5 _ 4 10 
[00052766] 3 | 3 0 8 11 2 7 9 1 5 _ 4 10 
[00052767] 5 | _ 0 8 11 2 _ 9 1 6 _ 4 10 
[00052768] 4 | _ 0 8 11 2 6 9 1 6 _ 4 10 
[00052769] 3 | 3 0 8 11 2 6 9 1 6 _ 4 10 
[00052770] 4 | _ 0 8 11 2 _ 9 1 6 2 4 10 
[00052771] 3 | 3 0 8 11 2 _ 9 1 6 2 4 10 
[00052772] 6 | _ 0 8 11 2 _ 9 1 _ _ 10 4 
[00052773] 5 | 5 0 8 11 2 _ 9 1 _ _ 10 4 
[00052774] 4 | 5 0 8 11 2 6 9 1 _ _ 10 4 
[00052775] 4 | 5 0 8 11 2 _ 9 1 3 7 10 4 
[00052776] 4 | 5 0 8 11 2 _ 9 1 7 3 10 4 
[00052777] 5 | _ 0 8 11 2 7 9 1 _ _ 10 4 
[00052778] 4 | _ 0 8 11 2 7 9 1 5 _ 10 4 
[00052779] 3 | 3 0 8 11 2 7 9 1 5 _ 10 4 
[00052780] 5 | _ 0 8 11 2 _ 9 1 6 _ 10 4 
[00052781] 4 | _ 0 8 11 2 6 9 1 6 _ 10 4 
[00052782] 3 | 3 0 8 11 2 6 9 1 6 _ 10 4 
[00052783] 4 | _ 0 8 11 2 _ 9 1 6 2 10 4 
[00052784] 3 | 3 0 8 11 2 _ 9 1 6 2 10 4 
[00052785] 7 | _ 0 8 11 2 _ _ 1 3 10 _ _ 
[00052786] 6 | 6 0 8 11 2 _ _ 1 3 10 _ _ 
[00052787] 5 | 6 0 8 11 2 7 _ 1 3 10 _ _ 
[00052788] 4 | 6 0 8 11 2 7 _ 1 3 10 5 _ 
[00052789] 3 | 6 0 8 11 2 7 5 1 3 10 5 _ 
[00052790] 3 | 6 0 8 11 2 7 _ 1 3 10 5 2 
[00052791] 4 | 6 0 8 11 2 7 _ 1 3 10 5 9 
[00052792] 4 | 6 0 8 11 2 7 _ 1 3 10 9 5 
[00052793] 5 | 6 0 8 11 2 _ 7 1 3 10 _ _ 
[00052794] 4 | 6 0 8 11 2 _ 7 1 3 10 5 _ 
[00052795] 3 | 6 0 8 11 2 5 7 1 3 10 5 _ 
[00052796] 3 | 6 0 8 11 2 _ 7 1 3 10 5 2 
[00052797] 4 | 6 0 8 11 2 _ 7 1 3 10 5 9 
[00052798] 4 | 6 0 8 11 2 _ 7 1 3 10 9 5 
[00052799] 5 | 6 0 8 11 2 _ _ 1 3 10 4 9 
[00052800] 5 | 6 0 8 11 2 _ _ 1 3 10 9 4 
[00052801] 6 | _ 0 8 11 2 _ _ 1 3 10 7 _ 
[00052802] 5 | 5 0 8 11 2 _ _ 1 3 10 7 _ 
[00052803] 4 | 5 0 8 11 2 6 _ 1 3 10 7 _ 
[00052804] 3 | 5 0 8 11 2 6 _ 1 3 10 7 4 
[00052805] 4 | 5 0 8 11 2 _ 6 1 3 10 7 _ 
[00052806] 3 | 5 0 8 11 2 _ 6 1 3 10 7 4 
[00052807] 5 | _ 0 8 11 2 7 _ 1 3 10 7 _ 
[00052808] 4 | 4 0 8 11 2 7 _ 1 3 10 7 _ 
[00052809] 3 | 4 0 8 11 2 7 5 1 3 10 7 _ 
[00052810] 4 | _ 0 8 11 2 7 6 1 3 10 7 _ 
[00052811] 5 | _ 0 8 11 2 _ 7 1 3 10 7 _ 
[00052812] 4 | 4 0 8 11 2 _ 7 1 3 10 7 _ 
[00052813] 3 | 4 0 8 11 2 5 7 1 3 10 7 _ 
[00052814] 4 | _ 0 8 11 2 6 7 1 3 10 7 _ 
[00052815] 5 | _ 0 8 11 2 _ _ 1 3 10 7 2 
[00052816] 4 | 4 0 8 11 2 _ _ 1 3 10 7 2 
[00052817] 7 | _ 0 8 11 2 _ _ 1 10 3 _ _ 
[00052818] 6 | 6 0 8 11 2 _ _ 1 10 3 _ _ 
[00052819] 5 | 6 0 8 11 2 7 _ 1 10 3 _ _ 
[00052820] 4 | 6 0 8 11 2 7 _ 1 10 3 5 _ 
[00052821] 3 | 6 0 8 11 2 7 5 1 10 3 5 _ 
[00052822] 3 | 6 0 8 11 2 7 _ 1 10 3 5 2 
[00052823] 4 | 6 0 8 11 2 7 _ 1 10 3 5 9 
[00052824] 4 | 6 0 8 11 2 7 _ 1 10 3 9 5 
[00052825] 5 | 6 0 8 11 2 _ 7 1 10 3 _ _ 
[00052826] 4 | 6 0 8 11 2 _ 7 1 10 3 5 _ 
[00052827] 3 | 6 0 8 11 2 5 7 1 10 3 5 _ 
[00052828] 3 | 6 0 8 11 2 _ 7 1 10 3 5 2 
[00052829] 4 | 6 0 8 11 2 _ 7 1 10 3 5 9 
[00052830] 4 | 6 0 8 11 2 _ 7 1 10 3 9 5 
[00052831] 5 | 6 0 8 11 2 _ _ 1 10 3 4 9 
[00052832] 5 | 6 0 8 11 2 _ _ 1 10 3 9 4 
[00052833] 6 | _ 0 8 11 2 _ _ 1 10 3 7 _ 
[00052834] 5 | 5 0 8 11 2 _ _ 1 10 3 7 _ 
[00052835] 4 | 5 0 8 11 2 6 _ 1 10 3 7 _ 
[00052836] 3 | 5 0 8 11 2 6 _ 1 10 3 7 4 
[00052837] 4 | 5 0 8 11 2 _ 6 1 10 3 7 _ 
[00052838] 3 | 5 0 8 11 2 _ 6 1 10 3 7 4 
[00052839] 5 | _ 0 8 11 2 7 _ 1 10 3 7 _ 
[00052840] 4 | 4 0 8 11 2 7 _ 1 10 3 7 _ 
[00052841] 3 | 4 0 8 11 2 7 5 1 10 3 7 _ 
[00052842] 4 | _ 0 8 11 2 7 6 1 10 3 7 _ 
[00052843] 5 | _ 0 8 11 2 _ 7 1 10 3 7 _ 
[00052844] 4 | 4 0 8 11 2 _ 7 1 10 3 7 _ 
[00052845] 3 | 4 0 8 11 2 5 7 1 10 3 7 _ 
[00052846] 4 | _ 0 8 11 2 6 7 1 10 3 7 _ 
[00052847] 5 | _ 0 8 11 2 _ _ 1 10 3 7 2 
[00052848] 4 | 4 0 8 11 2 _ _ 1 10 3 7 2 
[00052849] 7 | _ 0 8 11 2 _ _ 1 _ _ 3 10 
[00052850] 6 | 6 0 8 11 2 _ _ 1 _ _ 3 10 
[00052851] 5 | 6 0 8 11 2 7 _ 1 _ _ 3 10 
[00052852] 4 | 6 0 8 11 2 7 _ 1 5 _ 3 10 
[00052853] 3 | 6 0 8 11 2 7 5 1 5 _ 3 10 
[00052854] 3 | 6 0 8 11 2 7 _ 1 5 2 3 10 
[00052855] 4 | 6 0 8 11 2 7 _ 1 5 9 3 10 
[00052856] 4 | 6 0 8 11 2 7 _ 1 9 5 3 10 
[00052857] 5 | 6 0 8 11 2 _ 7 1 _ _ 3 10 
[00052858] 4 | 6 0 8 11 2 _ 7 1 5 _ 3 10 
[00052859] 3 | 6 0 8 11 2 5 7 1 5 _ 3 10 
[00052860] 3 | 6 0 8 11 2 _ 7 1 5 2 3 10 
[00052861] 4 | 6 0 8 11 2 _ 7 1 5 9 3 10 
[00052862] 4 | 6 0 8 11 2 _ 7 1 9 5 3 10 
[00052863] 5 | 6 0 8 11 2 _ _ 1 4 9 3 10 
[00052864] 5 | 6 0 8 11 2 _ _ 1 9 4 3 10 
[00052865] 6 | _ 0 8 11 2 _ _ 1 7 _ 3 10 
[00052866] 5 | 5 0 8 11 2 _ _ 1 7 _ 3 10 
[00052867] 4 | 5 0 8 11 2 6 _ 1 7 _ 3 10 
[00052868] 3 | 5 0 8 11 2 6 _ 1 7 4 3 10 
[00052869] 4 | 5 0 8 11 2 _ 6 1 7 _ 3 10 
[00052870] 3 | 5 0 8 11 2 _ 6 1 7 4 3 10 
[00052871] 5 | _ 0 8 11 2 7 _ 1 7 _ 3 10 
[00052872] 4 | 4 0 8 11 2 7 _ 1 7 _ 3 10 
[00052873] 3 | 4 0 8 11 2 7 5 1 7 _ 3 10 
[00052874] 4 | _ 0 8 11 2 7 6 1 7 _ 3 10 
[00052875] 5 | _ 0 8 11 2 _ 7 1 7 _ 3 10 
[00052876] 4 | 4 0 8 11 2 _ 7 1 7 _ 3 10 
[00052877] 3 | 4 0 8 11 2 5 7 1 7 _ 3 10 
[00052878] 4 | _ 0 8 11 2 6 7 1 7 _ 3 10 
[00052879] 5 | _ 0 8 11 2 _ _ 1 7 2 3 10 
[00052880] 4 | 4 0 8 11 2 _ _ 1 7 2 3 10 
[00052881] 7 | _ 0 8 11 2 _ _ 1 _ _ 10 3 
[00052882] 6 | 6 0 8 11 2 _ _ 1 _ _ 10 3 
[00052883] 5 | 6 0 8 11 2 7 _ 1 _ _ 10 3 
[00052884] 4 | 6 0 8 11 2 7 _ 1 5 _ 10 3 
[00052885] 3 | 6 0 8 11 2 7 5 1 5 _ 10 3 
[00052886] 3 | 6 0 8 11 2 7 _ 1 5 2 10 3 
[00052887] 4 | 6 0 8 11 2 7 _ 1 5 9 10 3 
[00052888] 4 | 6 0 8 11 2 7 _ 1 9 5 10 3 
[00052889] 5 | 6 0 8 11 2 _ 7 1 _ _ 10 3 
[00052890] 4 | 6 0 8 11 2 _ 7 1 5 _ 10 3 
[00052891] 3 | 6 0 8 11 2 5 7 1 5 _ 10 3 
[00052892] 3 | 6 0 8 11 2 _ 7 1 5 2 10 3 
[00052893] 4 | 6 0 8 11 2 _ 7 1 5 9 10 3 
[00052894] 4 | 6 0 8 11 2 _ 7 1 9 5 10 3 
[00052895] 5 | 6 0 8 11 2 _ _ 1 4 9 10 3 
[00052896] 5 | 6 0 8 11 2 _ _ 1 9 4 10 3 
[00052897] 6 | _ 0 8 11 2 _ _ 1 7 _ 10 3 
[00052898] 5 | 5 0 8 11 2 _ _ 1 7 _ 10 3 
[00052899] 4 | 5 0 8 11 2 6 _ 1 7 _ 10 3 
[00052900] 3 | 5 0 8 11 2 6 _ 1 7 4 10 3 
