[00395684] 2 | _ 9 6 1 10 4 3 11 7 9 0 5 
[00395685] 4 | _ 9 _ 1 10 4 3 11 2 6 0 5 
[00395686] 4 | _ 9 _ 1 10 4 3 11 6 2 0 5 
[00395687] 6 | _ 9 _ 1 10 _ 3 11 5 _ 0 _ 
[00395688] 5 | 4 9 _ 1 10 _ 3 11 5 _ 0 _ 
[00395689] 4 | 4 9 5 1 10 _ 3 11 5 _ 0 _ 
[00395690] 3 | 4 9 5 1 10 7 3 11 5 _ 0 _ 
[00395691] 2 | 4 9 5 1 10 7 3 11 5 _ 0 2 
[00395692] 4 | 4 9 _ 1 10 6 3 11 5 _ 0 _ 
[00395693] 3 | 4 9 _ 1 10 6 3 11 5 2 0 _ 
[00395694] 2 | 4 9 7 1 10 6 3 11 5 2 0 _ 
[00395695] 3 | 4 9 _ 1 10 6 3 11 5 8 0 _ 
[00395696] 2 | 4 9 7 1 10 6 3 11 5 8 0 _ 
[00395697] 2 | 4 9 _ 1 10 6 3 11 5 8 0 2 
[00395698] 4 | 4 9 _ 1 10 _ 3 11 5 9 0 _ 
[00395699] 3 | 4 9 _ 1 10 7 3 11 5 9 0 _ 
[00395700] 2 | 4 9 _ 1 10 7 3 11 5 9 0 2 
[00395701] 5 | _ 9 4 1 10 _ 3 11 5 _ 0 _ 
[00395702] 4 | 5 9 4 1 10 _ 3 11 5 _ 0 _ 
[00395703] 3 | 5 9 4 1 10 7 3 11 5 _ 0 _ 
[00395704] 2 | 5 9 4 1 10 7 3 11 5 _ 0 2 
[00395705] 4 | _ 9 4 1 10 6 3 11 5 _ 0 _ 
[00395706] 3 | _ 9 4 1 10 6 3 11 5 2 0 _ 
[00395707] 2 | 7 9 4 1 10 6 3 11 5 2 0 _ 
[00395708] 3 | _ 9 4 1 10 6 3 11 5 8 0 _ 
[00395709] 2 | 7 9 4 1 10 6 3 11 5 8 0 _ 
[00395710] 2 | _ 9 4 1 10 6 3 11 5 8 0 2 
[00395711] 4 | _ 9 4 1 10 _ 3 11 5 9 0 _ 
[00395712] 3 | _ 9 4 1 10 7 3 11 5 9 0 _ 
[00395713] 2 | _ 9 4 1 10 7 3 11 5 9 0 2 
[00395714] 5 | _ 9 _ 1 10 5 3 11 5 _ 0 _ 
[00395715] 4 | _ 9 _ 1 10 5 3 11 5 _ 0 4 
[00395716] 3 | 6 9 _ 1 10 5 3 11 5 _ 0 4 
[00395717] 2 | 6 9 7 1 10 5 3 11 5 _ 0 4 
[00395718] 3 | _ 9 6 1 10 5 3 11 5 _ 0 4 
[00395719] 2 | 7 9 6 1 10 5 3 11 5 _ 0 4 
[00395720] 5 | _ 9 _ 1 10 _ 3 11 5 0 0 _ 
[00395721] 4 | _ 9 _ 1 10 6 3 11 5 0 0 _ 
[00395722] 5 | _ 9 _ 1 10 _ 3 11 5 10 0 _ 
[00395723] 4 | _ 9 _ 1 10 _ 3 11 5 10 0 4 
[00395724] 3 | 6 9 _ 1 10 _ 3 11 5 10 0 4 
[00395725] 2 | 6 9 7 1 10 _ 3 11 5 10 0 4 
[00395726] 3 | _ 9 6 1 10 _ 3 11 5 10 0 4 
[00395727] 2 | 7 9 6 1 10 _ 3 11 5 10 0 4 
[00395728] 5 | _ 9 _ 1 10 _ 3 11 5 _ 0 5 
[00395729] 4 | _ 9 _ 1 10 6 3 11 5 _ 0 5 
[00395730] 6 | _ 9 _ 1 10 _ 3 11 2 8 0 _ 
[00395731] 5 | 4 9 _ 1 10 _ 3 11 2 8 0 _ 
[00395732] 4 | 4 9 5 1 10 _ 3 11 2 8 0 _ 
[00395733] 3 | 4 9 5 1 10 7 3 11 2 8 0 _ 
[00395734] 4 | 4 9 _ 1 10 6 3 11 2 8 0 _ 
[00395735] 5 | _ 9 4 1 10 _ 3 11 2 8 0 _ 
[00395736] 4 | 5 9 4 1 10 _ 3 11 2 8 0 _ 
[00395737] 3 | 5 9 4 1 10 7 3 11 2 8 0 _ 
[00395738] 4 | _ 9 4 1 10 6 3 11 2 8 0 _ 
[00395739] 5 | _ 9 _ 1 10 5 3 11 2 8 0 _ 
[00395740] 4 | _ 9 _ 1 10 5 3 11 2 8 0 4 
[00395741] 3 | 6 9 _ 1 10 5 3 11 2 8 0 4 
[00395742] 2 | 6 9 7 1 10 5 3 11 2 8 0 4 
[00395743] 3 | _ 9 6 1 10 5 3 11 2 8 0 4 
[00395744] 2 | 7 9 6 1 10 5 3 11 2 8 0 4 
[00395745] 5 | _ 9 _ 1 10 _ 3 11 2 8 0 5 
[00395746] 4 | _ 9 _ 1 10 6 3 11 2 8 0 5 
[00395747] 6 | _ 9 _ 1 10 _ 3 11 8 2 0 _ 
[00395748] 5 | 4 9 _ 1 10 _ 3 11 8 2 0 _ 
[00395749] 4 | 4 9 5 1 10 _ 3 11 8 2 0 _ 
[00395750] 3 | 4 9 5 1 10 7 3 11 8 2 0 _ 
[00395751] 4 | 4 9 _ 1 10 6 3 11 8 2 0 _ 
[00395752] 5 | _ 9 4 1 10 _ 3 11 8 2 0 _ 
[00395753] 4 | 5 9 4 1 10 _ 3 11 8 2 0 _ 
[00395754] 3 | 5 9 4 1 10 7 3 11 8 2 0 _ 
[00395755] 4 | _ 9 4 1 10 6 3 11 8 2 0 _ 
[00395756] 5 | _ 9 _ 1 10 5 3 11 8 2 0 _ 
[00395757] 4 | _ 9 _ 1 10 5 3 11 8 2 0 4 
[00395758] 3 | 6 9 _ 1 10 5 3 11 8 2 0 4 
[00395759] 2 | 6 9 7 1 10 5 3 11 8 2 0 4 
[00395760] 3 | _ 9 6 1 10 5 3 11 8 2 0 4 
[00395761] 2 | 7 9 6 1 10 5 3 11 8 2 0 4 
[00395762] 5 | _ 9 _ 1 10 _ 3 11 8 2 0 5 
[00395763] 4 | _ 9 _ 1 10 6 3 11 8 2 0 5 
[00395764] 6 | _ 9 _ 1 10 _ 3 11 _ _ 0 6 
[00395765] 5 | 4 9 _ 1 10 _ 3 11 _ _ 0 6 
[00395766] 4 | 4 9 5 1 10 _ 3 11 _ _ 0 6 
[00395767] 3 | 4 9 5 1 10 7 3 11 _ _ 0 6 
[00395768] 3 | 4 9 5 1 10 _ 3 11 8 _ 0 6 
[00395769] 2 | 4 9 5 1 10 8 3 11 8 _ 0 6 
[00395770] 2 | 4 9 5 1 10 _ 3 11 8 10 0 6 
[00395771] 4 | 4 9 _ 1 10 _ 3 11 7 _ 0 6 
[00395772] 3 | 4 9 _ 1 10 7 3 11 7 _ 0 6 
[00395773] 3 | 4 9 _ 1 10 _ 3 11 7 10 0 6 
[00395774] 5 | _ 9 4 1 10 _ 3 11 _ _ 0 6 
[00395775] 4 | 5 9 4 1 10 _ 3 11 _ _ 0 6 
[00395776] 3 | 5 9 4 1 10 7 3 11 _ _ 0 6 
[00395777] 3 | 5 9 4 1 10 _ 3 11 8 _ 0 6 
[00395778] 2 | 5 9 4 1 10 8 3 11 8 _ 0 6 
[00395779] 2 | 5 9 4 1 10 _ 3 11 8 10 0 6 
[00395780] 4 | _ 9 4 1 10 _ 3 11 7 _ 0 6 
[00395781] 3 | _ 9 4 1 10 7 3 11 7 _ 0 6 
[00395782] 3 | _ 9 4 1 10 _ 3 11 7 10 0 6 
[00395783] 5 | _ 9 _ 1 10 5 3 11 _ _ 0 6 
[00395784] 4 | _ 9 _ 1 10 5 3 11 7 _ 0 6 
[00395785] 3 | _ 9 _ 1 10 5 3 11 7 4 0 6 
[00395786] 4 | _ 9 _ 1 10 5 3 11 4 8 0 6 
[00395787] 4 | _ 9 _ 1 10 5 3 11 8 4 0 6 
[00395788] 5 | _ 9 _ 1 10 _ 3 11 2 7 0 6 
[00395789] 4 | 5 9 _ 1 10 _ 3 11 2 7 0 6 
[00395790] 4 | _ 9 5 1 10 _ 3 11 2 7 0 6 
[00395791] 5 | _ 9 _ 1 10 _ 3 11 7 2 0 6 
[00395792] 4 | 5 9 _ 1 10 _ 3 11 7 2 0 6 
[00395793] 4 | _ 9 5 1 10 _ 3 11 7 2 0 6 
[00395794] 7 | _ 9 _ 1 10 _ _ 11 4 _ 0 _ 
[00395795] 6 | 3 9 _ 1 10 _ _ 11 4 _ 0 _ 
[00395796] 5 | 3 9 4 1 10 _ _ 11 4 _ 0 _ 
[00395797] 4 | 3 9 4 1 10 6 _ 11 4 _ 0 _ 
[00395798] 3 | 3 9 4 1 10 6 7 11 4 _ 0 _ 
[00395799] 2 | 3 9 4 1 10 6 7 11 4 _ 0 2 
[00395800] 4 | 3 9 4 1 10 _ 6 11 4 _ 0 _ 
[00395801] 3 | 3 9 4 1 10 7 6 11 4 _ 0 _ 
[00395802] 2 | 3 9 4 1 10 7 6 11 4 _ 0 2 
[00395803] 5 | 3 9 _ 1 10 5 _ 11 4 _ 0 _ 
[00395804] 4 | 3 9 _ 1 10 5 6 11 4 _ 0 _ 
[00395805] 3 | 3 9 _ 1 10 5 6 11 4 7 0 _ 
[00395806] 2 | 3 9 _ 1 10 5 6 11 4 7 0 2 
[00395807] 1 | 3 9 8 1 10 5 6 11 4 7 0 2  *Graceful*
[00395807] 4 | 3 9 _ 1 10 5 _ 11 4 0 0 _ 
[00395808] 3 | 3 9 6 1 10 5 _ 11 4 0 0 _ 
[00395809] 2 | 3 9 6 1 10 5 8 11 4 0 0 _ 
[00395810] 3 | 3 9 _ 1 10 5 7 11 4 0 0 _ 
[00395811] 4 | 3 9 _ 1 10 5 _ 11 4 8 0 _ 
[00395812] 3 | 3 9 6 1 10 5 _ 11 4 8 0 _ 
[00395813] 2 | 3 9 6 1 10 5 _ 11 4 8 0 2 
[00395814] 3 | 3 9 _ 1 10 5 7 11 4 8 0 _ 
[00395815] 2 | 3 9 _ 1 10 5 7 11 4 8 0 2 
[00395816] 4 | 3 9 _ 1 10 5 _ 11 4 _ 0 4 
[00395817] 3 | 3 9 6 1 10 5 _ 11 4 _ 0 4 
[00395818] 2 | 3 9 6 1 10 5 8 11 4 _ 0 4 
[00395819] 3 | 3 9 _ 1 10 5 7 11 4 _ 0 4 
[00395820] 5 | 3 9 _ 1 10 _ 5 11 4 _ 0 _ 
[00395821] 4 | 3 9 _ 1 10 6 5 11 4 _ 0 _ 
[00395822] 3 | 3 9 _ 1 10 6 5 11 4 7 0 _ 
[00395823] 2 | 3 9 _ 1 10 6 5 11 4 7 0 2 
[00395824] 1 | 3 9 8 1 10 6 5 11 4 7 0 2  *Graceful*
[00395824] 4 | 3 9 _ 1 10 _ 5 11 4 0 0 _ 
[00395825] 3 | 3 9 6 1 10 _ 5 11 4 0 0 _ 
[00395826] 2 | 3 9 6 1 10 8 5 11 4 0 0 _ 
[00395827] 3 | 3 9 _ 1 10 7 5 11 4 0 0 _ 
[00395828] 4 | 3 9 _ 1 10 _ 5 11 4 8 0 _ 
[00395829] 3 | 3 9 6 1 10 _ 5 11 4 8 0 _ 
[00395830] 2 | 3 9 6 1 10 _ 5 11 4 8 0 2 
[00395831] 3 | 3 9 _ 1 10 7 5 11 4 8 0 _ 
[00395832] 2 | 3 9 _ 1 10 7 5 11 4 8 0 2 
[00395833] 4 | 3 9 _ 1 10 _ 5 11 4 _ 0 4 
[00395834] 3 | 3 9 6 1 10 _ 5 11 4 _ 0 4 
[00395835] 2 | 3 9 6 1 10 8 5 11 4 _ 0 4 
[00395836] 3 | 3 9 _ 1 10 7 5 11 4 _ 0 4 
[00395837] 5 | 3 9 _ 1 10 _ _ 11 4 9 0 _ 
[00395838] 4 | 3 9 _ 1 10 6 _ 11 4 9 0 _ 
[00395839] 3 | 3 9 _ 1 10 6 7 11 4 9 0 _ 
[00395840] 2 | 3 9 _ 1 10 6 7 11 4 9 0 2 
[00395841] 4 | 3 9 _ 1 10 _ 6 11 4 9 0 _ 
[00395842] 3 | 3 9 _ 1 10 7 6 11 4 9 0 _ 
[00395843] 2 | 3 9 _ 1 10 7 6 11 4 9 0 2 
[00395844] 5 | 3 9 _ 1 10 _ _ 11 4 _ 0 5 
[00395845] 4 | 3 9 _ 1 10 6 _ 11 4 _ 0 5 
[00395846] 3 | 3 9 _ 1 10 6 7 11 4 _ 0 5 
[00395847] 2 | 3 9 _ 1 10 6 7 11 4 2 0 5 
[00395848] 1 | 3 9 8 1 10 6 7 11 4 2 0 5  *Graceful*
[00395848] 3 | 3 9 _ 1 10 6 _ 11 4 7 0 5 
[00395849] 2 | 3 9 _ 1 10 6 8 11 4 7 0 5 
[00395850] 4 | 3 9 _ 1 10 _ 6 11 4 _ 0 5 
[00395851] 3 | 3 9 _ 1 10 7 6 11 4 _ 0 5 
[00395852] 2 | 3 9 _ 1 10 7 6 11 4 2 0 5 
[00395853] 1 | 3 9 8 1 10 7 6 11 4 2 0 5  *Graceful*
[00395853] 3 | 3 9 _ 1 10 _ 6 11 4 7 0 5 
[00395854] 2 | 3 9 _ 1 10 8 6 11 4 7 0 5 
[00395855] 4 | 3 9 _ 1 10 _ _ 11 4 8 0 5 
[00395856] 3 | 3 9 6 1 10 _ _ 11 4 8 0 5 
[00395857] 3 | 3 9 _ 1 10 7 _ 11 4 8 0 5 
[00395858] 3 | 3 9 _ 1 10 _ 7 11 4 8 0 5 
[00395859] 6 | _ 9 3 1 10 _ _ 11 4 _ 0 _ 
[00395860] 5 | 4 9 3 1 10 _ _ 11 4 _ 0 _ 
[00395861] 4 | 4 9 3 1 10 6 _ 11 4 _ 0 _ 
[00395862] 3 | 4 9 3 1 10 6 7 11 4 _ 0 _ 
[00395863] 2 | 4 9 3 1 10 6 7 11 4 _ 0 2 
[00395864] 4 | 4 9 3 1 10 _ 6 11 4 _ 0 _ 
[00395865] 3 | 4 9 3 1 10 7 6 11 4 _ 0 _ 
[00395866] 2 | 4 9 3 1 10 7 6 11 4 _ 0 2 
[00395867] 5 | _ 9 3 1 10 5 _ 11 4 _ 0 _ 
[00395868] 4 | _ 9 3 1 10 5 6 11 4 _ 0 _ 
[00395869] 3 | _ 9 3 1 10 5 6 11 4 7 0 _ 
[00395870] 2 | _ 9 3 1 10 5 6 11 4 7 0 2 
[00395871] 1 | 8 9 3 1 10 5 6 11 4 7 0 2  *Graceful*
[00395871] 4 | _ 9 3 1 10 5 _ 11 4 0 0 _ 
[00395872] 3 | 6 9 3 1 10 5 _ 11 4 0 0 _ 
[00395873] 2 | 6 9 3 1 10 5 8 11 4 0 0 _ 
[00395874] 3 | _ 9 3 1 10 5 7 11 4 0 0 _ 
[00395875] 4 | _ 9 3 1 10 5 _ 11 4 8 0 _ 
[00395876] 3 | 6 9 3 1 10 5 _ 11 4 8 0 _ 
[00395877] 2 | 6 9 3 1 10 5 _ 11 4 8 0 2 
[00395878] 3 | _ 9 3 1 10 5 7 11 4 8 0 _ 
[00395879] 2 | _ 9 3 1 10 5 7 11 4 8 0 2 
[00395880] 4 | _ 9 3 1 10 5 _ 11 4 _ 0 4 
[00395881] 3 | 6 9 3 1 10 5 _ 11 4 _ 0 4 
[00395882] 2 | 6 9 3 1 10 5 8 11 4 _ 0 4 
[00395883] 3 | _ 9 3 1 10 5 7 11 4 _ 0 4 
[00395884] 5 | _ 9 3 1 10 _ 5 11 4 _ 0 _ 
[00395885] 4 | _ 9 3 1 10 6 5 11 4 _ 0 _ 
[00395886] 3 | _ 9 3 1 10 6 5 11 4 7 0 _ 
[00395887] 2 | _ 9 3 1 10 6 5 11 4 7 0 2 
[00395888] 1 | 8 9 3 1 10 6 5 11 4 7 0 2  *Graceful*
[00395888] 4 | _ 9 3 1 10 _ 5 11 4 0 0 _ 
[00395889] 3 | 6 9 3 1 10 _ 5 11 4 0 0 _ 
[00395890] 2 | 6 9 3 1 10 8 5 11 4 0 0 _ 
[00395891] 3 | _ 9 3 1 10 7 5 11 4 0 0 _ 
[00395892] 4 | _ 9 3 1 10 _ 5 11 4 8 0 _ 
[00395893] 3 | 6 9 3 1 10 _ 5 11 4 8 0 _ 
[00395894] 2 | 6 9 3 1 10 _ 5 11 4 8 0 2 
[00395895] 3 | _ 9 3 1 10 7 5 11 4 8 0 _ 
[00395896] 2 | _ 9 3 1 10 7 5 11 4 8 0 2 
[00395897] 4 | _ 9 3 1 10 _ 5 11 4 _ 0 4 
[00395898] 3 | 6 9 3 1 10 _ 5 11 4 _ 0 4 
[00395899] 2 | 6 9 3 1 10 8 5 11 4 _ 0 4 
[00395900] 3 | _ 9 3 1 10 7 5 11 4 _ 0 4 
[00395901] 5 | _ 9 3 1 10 _ _ 11 4 9 0 _ 
[00395902] 4 | _ 9 3 1 10 6 _ 11 4 9 0 _ 
[00395903] 3 | _ 9 3 1 10 6 7 11 4 9 0 _ 
[00395904] 2 | _ 9 3 1 10 6 7 11 4 9 0 2 
[00395905] 4 | _ 9 3 1 10 _ 6 11 4 9 0 _ 
[00395906] 3 | _ 9 3 1 10 7 6 11 4 9 0 _ 
[00395907] 2 | _ 9 3 1 10 7 6 11 4 9 0 2 
[00395908] 5 | _ 9 3 1 10 _ _ 11 4 _ 0 5 
[00395909] 4 | _ 9 3 1 10 6 _ 11 4 _ 0 5 
[00395910] 3 | _ 9 3 1 10 6 7 11 4 _ 0 5 
[00395911] 2 | _ 9 3 1 10 6 7 11 4 2 0 5 
[00395912] 1 | 8 9 3 1 10 6 7 11 4 2 0 5  *Graceful*
[00395912] 3 | _ 9 3 1 10 6 _ 11 4 7 0 5 
[00395913] 2 | _ 9 3 1 10 6 8 11 4 7 0 5 
[00395914] 4 | _ 9 3 1 10 _ 6 11 4 _ 0 5 
[00395915] 3 | _ 9 3 1 10 7 6 11 4 _ 0 5 
[00395916] 2 | _ 9 3 1 10 7 6 11 4 2 0 5 
[00395917] 1 | 8 9 3 1 10 7 6 11 4 2 0 5  *Graceful*
[00395917] 3 | _ 9 3 1 10 _ 6 11 4 7 0 5 
[00395918] 2 | _ 9 3 1 10 8 6 11 4 7 0 5 
[00395919] 4 | _ 9 3 1 10 _ _ 11 4 8 0 5 
[00395920] 3 | 6 9 3 1 10 _ _ 11 4 8 0 5 
[00395921] 3 | _ 9 3 1 10 7 _ 11 4 8 0 5 
[00395922] 3 | _ 9 3 1 10 _ 7 11 4 8 0 5 
[00395923] 6 | _ 9 _ 1 10 4 _ 11 4 _ 0 _ 
[00395924] 5 | _ 9 _ 1 10 4 5 11 4 _ 0 _ 
[00395925] 5 | _ 9 _ 1 10 4 _ 11 4 _ 0 5 
[00395926] 4 | _ 9 _ 1 10 4 6 11 4 _ 0 5 
[00395927] 6 | _ 9 _ 1 10 _ 4 11 4 _ 0 _ 
[00395928] 5 | _ 9 _ 1 10 5 4 11 4 _ 0 _ 
[00395929] 5 | _ 9 _ 1 10 _ 4 11 4 _ 0 5 
[00395930] 4 | _ 9 _ 1 10 6 4 11 4 _ 0 5 
[00395931] 6 | _ 9 _ 1 10 _ _ 11 4 10 0 _ 
[00395932] 5 | _ 9 _ 1 10 _ _ 11 4 10 0 5 
[00395933] 6 | _ 9 _ 1 10 _ _ 11 4 _ 0 6 
[00395934] 5 | 4 9 _ 1 10 _ _ 11 4 _ 0 6 
[00395935] 4 | 4 9 5 1 10 _ _ 11 4 _ 0 6 
[00395936] 3 | 4 9 5 1 10 7 _ 11 4 _ 0 6 
[00395937] 2 | 4 9 5 1 10 7 8 11 4 _ 0 6 
[00395938] 3 | 4 9 5 1 10 _ 7 11 4 _ 0 6 
[00395939] 2 | 4 9 5 1 10 8 7 11 4 _ 0 6 
[00395940] 5 | _ 9 4 1 10 _ _ 11 4 _ 0 6 
[00395941] 4 | 5 9 4 1 10 _ _ 11 4 _ 0 6 
[00395942] 3 | 5 9 4 1 10 7 _ 11 4 _ 0 6 
[00395943] 2 | 5 9 4 1 10 7 8 11 4 _ 0 6 
[00395944] 3 | 5 9 4 1 10 _ 7 11 4 _ 0 6 
[00395945] 2 | 5 9 4 1 10 8 7 11 4 _ 0 6 
[00395946] 5 | _ 9 _ 1 10 5 _ 11 4 _ 0 6 
[00395947] 4 | _ 9 _ 1 10 5 _ 11 4 8 0 6 
[00395948] 3 | _ 9 _ 1 10 5 7 11 4 8 0 6 
[00395949] 5 | _ 9 _ 1 10 _ 5 11 4 _ 0 6 
[00395950] 4 | _ 9 _ 1 10 _ 5 11 4 8 0 6 
[00395951] 3 | _ 9 _ 1 10 7 5 11 4 8 0 6 
[00395952] 5 | _ 9 _ 1 10 _ _ 11 4 9 0 6 
[00395953] 7 | _ 9 _ 1 10 _ _ 11 _ _ 0 7 
[00395954] 6 | 3 9 _ 1 10 _ _ 11 _ _ 0 7 
[00395955] 5 | 3 9 4 1 10 _ _ 11 _ _ 0 7 
[00395956] 4 | 3 9 4 1 10 6 _ 11 _ _ 0 7 
[00395957] 3 | 3 9 4 1 10 6 _ 11 8 _ 0 7 
[00395958] 2 | 3 9 4 1 10 6 8 11 8 _ 0 7 
[00395959] 2 | 3 9 4 1 10 6 _ 11 8 10 0 7 
[00395960] 3 | 3 9 4 1 10 6 _ 11 2 5 0 7 
[00395961] 2 | 3 9 4 1 10 6 8 11 2 5 0 7 
[00395962] 3 | 3 9 4 1 10 6 _ 11 5 8 0 7 
[00395963] 3 | 3 9 4 1 10 6 _ 11 5 2 0 7 
[00395964] 2 | 3 9 4 1 10 6 8 11 5 2 0 7 
[00395965] 3 | 3 9 4 1 10 6 _ 11 8 5 0 7 
[00395966] 4 | 3 9 4 1 10 _ 6 11 _ _ 0 7 
[00395967] 3 | 3 9 4 1 10 _ 6 11 8 _ 0 7 
[00395968] 2 | 3 9 4 1 10 8 6 11 8 _ 0 7 
[00395969] 2 | 3 9 4 1 10 _ 6 11 8 10 0 7 
[00395970] 3 | 3 9 4 1 10 _ 6 11 2 5 0 7 
[00395971] 2 | 3 9 4 1 10 8 6 11 2 5 0 7 
[00395972] 3 | 3 9 4 1 10 _ 6 11 5 8 0 7 
[00395973] 3 | 3 9 4 1 10 _ 6 11 5 2 0 7 
[00395974] 2 | 3 9 4 1 10 8 6 11 5 2 0 7 
[00395975] 3 | 3 9 4 1 10 _ 6 11 8 5 0 7 
[00395976] 4 | 3 9 4 1 10 _ _ 11 2 6 0 7 
[00395977] 4 | 3 9 4 1 10 _ _ 11 6 2 0 7 
[00395978] 5 | 3 9 _ 1 10 5 _ 11 _ _ 0 7 
[00395979] 4 | 3 9 _ 1 10 5 6 11 _ _ 0 7 
[00395980] 3 | 3 9 _ 1 10 5 6 11 8 _ 0 7 
[00395981] 4 | 3 9 _ 1 10 5 _ 11 2 6 0 7 
[00395982] 4 | 3 9 _ 1 10 5 _ 11 4 8 0 7 
[00395983] 3 | 3 9 6 1 10 5 _ 11 4 8 0 7 
[00395984] 4 | 3 9 _ 1 10 5 _ 11 6 2 0 7 
[00395985] 4 | 3 9 _ 1 10 5 _ 11 8 4 0 7 
[00395986] 3 | 3 9 6 1 10 5 _ 11 8 4 0 7 
[00395987] 5 | 3 9 _ 1 10 _ 5 11 _ _ 0 7 
[00395988] 4 | 3 9 _ 1 10 6 5 11 _ _ 0 7 
[00395989] 3 | 3 9 _ 1 10 6 5 11 8 _ 0 7 
[00395990] 4 | 3 9 _ 1 10 _ 5 11 2 6 0 7 
[00395991] 4 | 3 9 _ 1 10 _ 5 11 4 8 0 7 
[00395992] 3 | 3 9 6 1 10 _ 5 11 4 8 0 7 
[00395993] 4 | 3 9 _ 1 10 _ 5 11 6 2 0 7 
[00395994] 4 | 3 9 _ 1 10 _ 5 11 8 4 0 7 
[00395995] 3 | 3 9 6 1 10 _ 5 11 8 4 0 7 
[00395996] 5 | 3 9 _ 1 10 _ _ 11 6 _ 0 7 
[00395997] 4 | 3 9 5 1 10 _ _ 11 6 _ 0 7 
[00395998] 4 | 3 9 _ 1 10 6 _ 11 6 _ 0 7 
[00395999] 4 | 3 9 _ 1 10 _ 6 11 6 _ 0 7 
[00396000] 4 | 3 9 _ 1 10 _ _ 11 6 2 0 7 
[00396001] 4 | 3 9 _ 1 10 _ _ 11 6 10 0 7 
[00396002] 6 | _ 9 3 1 10 _ _ 11 _ _ 0 7 
[00396003] 5 | 4 9 3 1 10 _ _ 11 _ _ 0 7 
[00396004] 4 | 4 9 3 1 10 6 _ 11 _ _ 0 7 
[00396005] 3 | 4 9 3 1 10 6 _ 11 8 _ 0 7 
[00396006] 2 | 4 9 3 1 10 6 8 11 8 _ 0 7 
[00396007] 2 | 4 9 3 1 10 6 _ 11 8 10 0 7 
[00396008] 3 | 4 9 3 1 10 6 _ 11 2 5 0 7 
[00396009] 2 | 4 9 3 1 10 6 8 11 2 5 0 7 
[00396010] 3 | 4 9 3 1 10 6 _ 11 5 8 0 7 
[00396011] 3 | 4 9 3 1 10 6 _ 11 5 2 0 7 
[00396012] 2 | 4 9 3 1 10 6 8 11 5 2 0 7 
[00396013] 3 | 4 9 3 1 10 6 _ 11 8 5 0 7 
[00396014] 4 | 4 9 3 1 10 _ 6 11 _ _ 0 7 
[00396015] 3 | 4 9 3 1 10 _ 6 11 8 _ 0 7 
[00396016] 2 | 4 9 3 1 10 8 6 11 8 _ 0 7 
[00396017] 2 | 4 9 3 1 10 _ 6 11 8 10 0 7 
[00396018] 3 | 4 9 3 1 10 _ 6 11 2 5 0 7 
[00396019] 2 | 4 9 3 1 10 8 6 11 2 5 0 7 
[00396020] 3 | 4 9 3 1 10 _ 6 11 5 8 0 7 
[00396021] 3 | 4 9 3 1 10 _ 6 11 5 2 0 7 
[00396022] 2 | 4 9 3 1 10 8 6 11 5 2 0 7 
[00396023] 3 | 4 9 3 1 10 _ 6 11 8 5 0 7 
[00396024] 4 | 4 9 3 1 10 _ _ 11 2 6 0 7 
[00396025] 4 | 4 9 3 1 10 _ _ 11 6 2 0 7 
[00396026] 5 | _ 9 3 1 10 5 _ 11 _ _ 0 7 
[00396027] 4 | _ 9 3 1 10 5 6 11 _ _ 0 7 
[00396028] 3 | _ 9 3 1 10 5 6 11 8 _ 0 7 
[00396029] 4 | _ 9 3 1 10 5 _ 11 2 6 0 7 
[00396030] 4 | _ 9 3 1 10 5 _ 11 4 8 0 7 
[00396031] 3 | 6 9 3 1 10 5 _ 11 4 8 0 7 
[00396032] 4 | _ 9 3 1 10 5 _ 11 6 2 0 7 
[00396033] 4 | _ 9 3 1 10 5 _ 11 8 4 0 7 
[00396034] 3 | 6 9 3 1 10 5 _ 11 8 4 0 7 
[00396035] 5 | _ 9 3 1 10 _ 5 11 _ _ 0 7 
[00396036] 4 | _ 9 3 1 10 6 5 11 _ _ 0 7 
[00396037] 3 | _ 9 3 1 10 6 5 11 8 _ 0 7 
[00396038] 4 | _ 9 3 1 10 _ 5 11 2 6 0 7 
[00396039] 4 | _ 9 3 1 10 _ 5 11 4 8 0 7 
[00396040] 3 | 6 9 3 1 10 _ 5 11 4 8 0 7 
[00396041] 4 | _ 9 3 1 10 _ 5 11 6 2 0 7 
[00396042] 4 | _ 9 3 1 10 _ 5 11 8 4 0 7 
[00396043] 3 | 6 9 3 1 10 _ 5 11 8 4 0 7 
[00396044] 5 | _ 9 3 1 10 _ _ 11 6 _ 0 7 
[00396045] 4 | 5 9 3 1 10 _ _ 11 6 _ 0 7 
[00396046] 4 | _ 9 3 1 10 6 _ 11 6 _ 0 7 
[00396047] 4 | _ 9 3 1 10 _ 6 11 6 _ 0 7 
[00396048] 4 | _ 9 3 1 10 _ _ 11 6 2 0 7 
[00396049] 4 | _ 9 3 1 10 _ _ 11 6 10 0 7 
[00396050] 6 | _ 9 _ 1 10 4 _ 11 _ _ 0 7 
[00396051] 5 | _ 9 _ 1 10 4 5 11 _ _ 0 7 
[00396052] 4 | _ 9 _ 1 10 4 5 11 2 6 0 7 
[00396053] 4 | _ 9 _ 1 10 4 5 11 6 2 0 7 
[00396054] 5 | _ 9 _ 1 10 4 _ 11 6 _ 0 7 
[00396055] 4 | 5 9 _ 1 10 4 _ 11 6 _ 0 7 
[00396056] 3 | 5 9 6 1 10 4 _ 11 6 _ 0 7 
[00396057] 2 | 5 9 6 1 10 4 8 11 6 _ 0 7 
[00396058] 3 | 5 9 _ 1 10 4 _ 11 6 3 0 7 
[00396059] 2 | 5 9 _ 1 10 4 8 11 6 3 0 7 
[00396060] 3 | 5 9 _ 1 10 4 _ 11 6 9 0 7 
[00396061] 2 | 5 9 _ 1 10 4 8 11 6 9 0 7 
[00396062] 4 | _ 9 5 1 10 4 _ 11 6 _ 0 7 
[00396063] 3 | 6 9 5 1 10 4 _ 11 6 _ 0 7 
[00396064] 2 | 6 9 5 1 10 4 8 11 6 _ 0 7 
[00396065] 3 | _ 9 5 1 10 4 _ 11 6 3 0 7 
[00396066] 2 | _ 9 5 1 10 4 8 11 6 3 0 7 
[00396067] 3 | _ 9 5 1 10 4 _ 11 6 9 0 7 
[00396068] 2 | _ 9 5 1 10 4 8 11 6 9 0 7 
[00396069] 4 | _ 9 _ 1 10 4 6 11 6 _ 0 7 
[00396070] 4 | _ 9 _ 1 10 4 _ 11 6 2 0 7 
[00396071] 4 | _ 9 _ 1 10 4 _ 11 6 10 0 7 
[00396072] 5 | _ 9 _ 1 10 4 _ 11 3 8 0 7 
[00396073] 4 | 5 9 _ 1 10 4 _ 11 3 8 0 7 
[00396074] 3 | 5 9 6 1 10 4 _ 11 3 8 0 7 
[00396075] 4 | _ 9 5 1 10 4 _ 11 3 8 0 7 
[00396076] 3 | 6 9 5 1 10 4 _ 11 3 8 0 7 
[00396077] 4 | _ 9 _ 1 10 4 6 11 3 8 0 7 
[00396078] 5 | _ 9 _ 1 10 4 _ 11 8 3 0 7 
[00396079] 4 | 5 9 _ 1 10 4 _ 11 8 3 0 7 
[00396080] 3 | 5 9 6 1 10 4 _ 11 8 3 0 7 
[00396081] 4 | _ 9 5 1 10 4 _ 11 8 3 0 7 
[00396082] 3 | 6 9 5 1 10 4 _ 11 8 3 0 7 
[00396083] 4 | _ 9 _ 1 10 4 6 11 8 3 0 7 
[00396084] 6 | _ 9 _ 1 10 _ 4 11 _ _ 0 7 
[00396085] 5 | _ 9 _ 1 10 5 4 11 _ _ 0 7 
[00396086] 4 | _ 9 _ 1 10 5 4 11 2 6 0 7 
[00396087] 4 | _ 9 _ 1 10 5 4 11 6 2 0 7 
[00396088] 5 | _ 9 _ 1 10 _ 4 11 6 _ 0 7 
[00396089] 4 | 5 9 _ 1 10 _ 4 11 6 _ 0 7 
[00396090] 3 | 5 9 6 1 10 _ 4 11 6 _ 0 7 
[00396091] 2 | 5 9 6 1 10 8 4 11 6 _ 0 7 
[00396092] 3 | 5 9 _ 1 10 _ 4 11 6 3 0 7 
[00396093] 2 | 5 9 _ 1 10 8 4 11 6 3 0 7 
[00396094] 3 | 5 9 _ 1 10 _ 4 11 6 9 0 7 
[00396095] 2 | 5 9 _ 1 10 8 4 11 6 9 0 7 
[00396096] 4 | _ 9 5 1 10 _ 4 11 6 _ 0 7 
[00396097] 3 | 6 9 5 1 10 _ 4 11 6 _ 0 7 
[00396098] 2 | 6 9 5 1 10 8 4 11 6 _ 0 7 
[00396099] 3 | _ 9 5 1 10 _ 4 11 6 3 0 7 
[00396100] 2 | _ 9 5 1 10 8 4 11 6 3 0 7 
[00396101] 3 | _ 9 5 1 10 _ 4 11 6 9 0 7 
[00396102] 2 | _ 9 5 1 10 8 4 11 6 9 0 7 
[00396103] 4 | _ 9 _ 1 10 6 4 11 6 _ 0 7 
[00396104] 4 | _ 9 _ 1 10 _ 4 11 6 2 0 7 
[00396105] 4 | _ 9 _ 1 10 _ 4 11 6 10 0 7 
[00396106] 5 | _ 9 _ 1 10 _ 4 11 3 8 0 7 
[00396107] 4 | 5 9 _ 1 10 _ 4 11 3 8 0 7 
[00396108] 3 | 5 9 6 1 10 _ 4 11 3 8 0 7 
[00396109] 4 | _ 9 5 1 10 _ 4 11 3 8 0 7 
[00396110] 3 | 6 9 5 1 10 _ 4 11 3 8 0 7 
[00396111] 4 | _ 9 _ 1 10 6 4 11 3 8 0 7 
[00396112] 5 | _ 9 _ 1 10 _ 4 11 8 3 0 7 
[00396113] 4 | 5 9 _ 1 10 _ 4 11 8 3 0 7 
[00396114] 3 | 5 9 6 1 10 _ 4 11 8 3 0 7 
[00396115] 4 | _ 9 5 1 10 _ 4 11 8 3 0 7 
[00396116] 3 | 6 9 5 1 10 _ 4 11 8 3 0 7 
[00396117] 4 | _ 9 _ 1 10 6 4 11 8 3 0 7 
[00396118] 6 | _ 9 _ 1 10 _ _ 11 5 _ 0 7 
[00396119] 5 | 4 9 _ 1 10 _ _ 11 5 _ 0 7 
[00396120] 4 | 4 9 5 1 10 _ _ 11 5 _ 0 7 
[00396121] 4 | 4 9 _ 1 10 6 _ 11 5 _ 0 7 
[00396122] 3 | 4 9 _ 1 10 6 _ 11 5 2 0 7 
[00396123] 2 | 4 9 _ 1 10 6 8 11 5 2 0 7 
[00396124] 3 | 4 9 _ 1 10 6 _ 11 5 8 0 7 
[00396125] 4 | 4 9 _ 1 10 _ 6 11 5 _ 0 7 
[00396126] 3 | 4 9 _ 1 10 _ 6 11 5 2 0 7 
[00396127] 2 | 4 9 _ 1 10 8 6 11 5 2 0 7 
[00396128] 3 | 4 9 _ 1 10 _ 6 11 5 8 0 7 
[00396129] 4 | 4 9 _ 1 10 _ _ 11 5 9 0 7 
[00396130] 5 | _ 9 4 1 10 _ _ 11 5 _ 0 7 
[00396131] 4 | 5 9 4 1 10 _ _ 11 5 _ 0 7 
[00396132] 4 | _ 9 4 1 10 6 _ 11 5 _ 0 7 
[00396133] 3 | _ 9 4 1 10 6 _ 11 5 2 0 7 
[00396134] 2 | _ 9 4 1 10 6 8 11 5 2 0 7 
[00396135] 3 | _ 9 4 1 10 6 _ 11 5 8 0 7 
[00396136] 4 | _ 9 4 1 10 _ 6 11 5 _ 0 7 
[00396137] 3 | _ 9 4 1 10 _ 6 11 5 2 0 7 
[00396138] 2 | _ 9 4 1 10 8 6 11 5 2 0 7 
[00396139] 3 | _ 9 4 1 10 _ 6 11 5 8 0 7 
[00396140] 4 | _ 9 4 1 10 _ _ 11 5 9 0 7 
[00396141] 5 | _ 9 _ 1 10 5 _ 11 5 _ 0 7 
[00396142] 4 | _ 9 _ 1 10 5 6 11 5 _ 0 7 
[00396143] 5 | _ 9 _ 1 10 _ 5 11 5 _ 0 7 
[00396144] 4 | _ 9 _ 1 10 6 5 11 5 _ 0 7 
[00396145] 5 | _ 9 _ 1 10 _ _ 11 5 10 0 7 
[00396146] 6 | _ 9 _ 1 10 _ _ 11 2 8 0 7 
[00396147] 5 | 4 9 _ 1 10 _ _ 11 2 8 0 7 
[00396148] 4 | 4 9 5 1 10 _ _ 11 2 8 0 7 
[00396149] 4 | 4 9 _ 1 10 6 _ 11 2 8 0 7 
[00396150] 4 | 4 9 _ 1 10 _ 6 11 2 8 0 7 
[00396151] 5 | _ 9 4 1 10 _ _ 11 2 8 0 7 
[00396152] 4 | 5 9 4 1 10 _ _ 11 2 8 0 7 
[00396153] 4 | _ 9 4 1 10 6 _ 11 2 8 0 7 
[00396154] 4 | _ 9 4 1 10 _ 6 11 2 8 0 7 
[00396155] 5 | _ 9 _ 1 10 5 _ 11 2 8 0 7 
[00396156] 4 | _ 9 _ 1 10 5 6 11 2 8 0 7 
[00396157] 5 | _ 9 _ 1 10 _ 5 11 2 8 0 7 
[00396158] 4 | _ 9 _ 1 10 6 5 11 2 8 0 7 
[00396159] 6 | _ 9 _ 1 10 _ _ 11 8 2 0 7 
[00396160] 5 | 4 9 _ 1 10 _ _ 11 8 2 0 7 
[00396161] 4 | 4 9 5 1 10 _ _ 11 8 2 0 7 
[00396162] 4 | 4 9 _ 1 10 6 _ 11 8 2 0 7 
[00396163] 4 | 4 9 _ 1 10 _ 6 11 8 2 0 7 
[00396164] 5 | _ 9 4 1 10 _ _ 11 8 2 0 7 
[00396165] 4 | 5 9 4 1 10 _ _ 11 8 2 0 7 
[00396166] 4 | _ 9 4 1 10 6 _ 11 8 2 0 7 
[00396167] 4 | _ 9 4 1 10 _ 6 11 8 2 0 7 
[00396168] 5 | _ 9 _ 1 10 5 _ 11 8 2 0 7 
[00396169] 4 | _ 9 _ 1 10 5 6 11 8 2 0 7 
[00396170] 5 | _ 9 _ 1 10 _ 5 11 8 2 0 7 
[00396171] 4 | _ 9 _ 1 10 6 5 11 8 2 0 7 
[00396172] 8 | _ _ _ 1 10 2 _ 11 _ _ 0 _ 
[00396173] 7 | _ 8 _ 1 10 2 _ 11 _ _ 0 _ 
[00396174] 6 | _ 8 _ 1 10 2 4 11 _ _ 0 _ 
[00396175] 5 | 3 8 _ 1 10 2 4 11 _ _ 0 _ 
