[00120383] 3 | 6 9 5 0 11 1 4 8 2 _ 3 _ 
[00120384] 3 | _ 9 5 0 11 1 4 8 2 _ 3 6 
[00120385] 2 | 7 9 5 0 11 1 4 8 2 _ 3 6 
[00120386] 4 | _ 9 _ 0 11 1 4 8 2 6 3 _ 
[00120387] 4 | _ 9 _ 0 11 1 4 8 2 _ 3 7 
[00120388] 3 | 6 9 _ 0 11 1 4 8 2 _ 3 7 
[00120389] 3 | _ 9 6 0 11 1 4 8 2 _ 3 7 
[00120390] 3 | _ 9 _ 0 11 1 4 8 2 5 3 7 
[00120391] 5 | _ 9 _ 0 11 1 4 8 2 _ 5 10 
[00120392] 4 | _ 9 _ 0 11 1 4 8 2 6 5 10 
[00120393] 5 | _ 9 _ 0 11 1 4 8 2 _ 10 5 
[00120394] 4 | _ 9 _ 0 11 1 4 8 2 6 10 5 
[00120395] 6 | _ 9 _ 0 11 1 4 8 _ _ 2 _ 
[00120396] 5 | _ 9 _ 0 11 1 4 8 3 _ 2 _ 
[00120397] 4 | 5 9 _ 0 11 1 4 8 3 _ 2 _ 
[00120398] 3 | 5 9 6 0 11 1 4 8 3 _ 2 _ 
[00120399] 3 | 5 9 _ 0 11 1 4 8 3 6 2 _ 
[00120400] 2 | 5 9 7 0 11 1 4 8 3 6 2 _ 
[00120401] 4 | _ 9 5 0 11 1 4 8 3 _ 2 _ 
[00120402] 3 | 6 9 5 0 11 1 4 8 3 _ 2 _ 
[00120403] 3 | _ 9 5 0 11 1 4 8 3 6 2 _ 
[00120404] 2 | 7 9 5 0 11 1 4 8 3 6 2 _ 
[00120405] 4 | _ 9 _ 0 11 1 4 8 3 7 2 _ 
[00120406] 3 | 6 9 _ 0 11 1 4 8 3 7 2 _ 
[00120407] 3 | _ 9 6 0 11 1 4 8 3 7 2 _ 
[00120408] 3 | _ 9 _ 0 11 1 4 8 3 7 2 5 
[00120409] 4 | _ 9 _ 0 11 1 4 8 3 _ 2 6 
[00120410] 5 | _ 9 _ 0 11 1 4 8 5 10 2 _ 
[00120411] 4 | _ 9 _ 0 11 1 4 8 5 10 2 6 
[00120412] 5 | _ 9 _ 0 11 1 4 8 10 5 2 _ 
[00120413] 4 | _ 9 _ 0 11 1 4 8 10 5 2 6 
[00120414] 5 | _ 9 _ 0 11 1 4 8 _ _ 2 7 
[00120415] 4 | 5 9 _ 0 11 1 4 8 _ _ 2 7 
[00120416] 3 | 5 9 6 0 11 1 4 8 _ _ 2 7 
[00120417] 2 | 5 9 6 0 11 1 4 8 10 _ 2 7 
[00120418] 3 | 5 9 _ 0 11 1 4 8 3 6 2 7 
[00120419] 3 | 5 9 _ 0 11 1 4 8 6 3 2 7 
[00120420] 4 | _ 9 5 0 11 1 4 8 _ _ 2 7 
[00120421] 3 | 6 9 5 0 11 1 4 8 _ _ 2 7 
[00120422] 2 | 6 9 5 0 11 1 4 8 10 _ 2 7 
[00120423] 3 | _ 9 5 0 11 1 4 8 3 6 2 7 
[00120424] 3 | _ 9 5 0 11 1 4 8 6 3 2 7 
[00120425] 4 | _ 9 _ 0 11 1 4 8 6 10 2 7 
[00120426] 4 | _ 9 _ 0 11 1 4 8 10 6 2 7 
[00120427] 7 | _ 9 _ 0 11 1 _ 8 3 10 _ _ 
[00120428] 6 | _ 9 _ 0 11 1 5 8 3 10 _ _ 
[00120429] 5 | 4 9 _ 0 11 1 5 8 3 10 _ _ 
[00120430] 4 | 4 9 _ 0 11 1 5 8 3 10 2 6 
[00120431] 4 | 4 9 _ 0 11 1 5 8 3 10 6 2 
[00120432] 5 | _ 9 4 0 11 1 5 8 3 10 _ _ 
[00120433] 4 | _ 9 4 0 11 1 5 8 3 10 2 6 
[00120434] 4 | _ 9 4 0 11 1 5 8 3 10 6 2 
[00120435] 5 | _ 9 _ 0 11 1 5 8 3 10 2 7 
[00120436] 5 | _ 9 _ 0 11 1 5 8 3 10 7 2 
[00120437] 6 | _ 9 _ 0 11 1 _ 8 3 10 2 _ 
[00120438] 5 | 4 9 _ 0 11 1 _ 8 3 10 2 _ 
[00120439] 4 | 4 9 5 0 11 1 _ 8 3 10 2 _ 
[00120440] 4 | 4 9 _ 0 11 1 7 8 3 10 2 _ 
[00120441] 3 | 4 9 6 0 11 1 7 8 3 10 2 _ 
[00120442] 3 | 4 9 _ 0 11 1 7 8 3 10 2 5 
[00120443] 4 | 4 9 _ 0 11 1 _ 8 3 10 2 6 
[00120444] 5 | _ 9 4 0 11 1 _ 8 3 10 2 _ 
[00120445] 4 | 5 9 4 0 11 1 _ 8 3 10 2 _ 
[00120446] 4 | _ 9 4 0 11 1 7 8 3 10 2 _ 
[00120447] 3 | 6 9 4 0 11 1 7 8 3 10 2 _ 
[00120448] 3 | _ 9 4 0 11 1 7 8 3 10 2 5 
[00120449] 4 | _ 9 4 0 11 1 _ 8 3 10 2 6 
[00120450] 5 | _ 9 _ 0 11 1 6 8 3 10 2 _ 
[00120451] 4 | 5 9 _ 0 11 1 6 8 3 10 2 _ 
[00120452] 4 | _ 9 5 0 11 1 6 8 3 10 2 _ 
[00120453] 5 | _ 9 _ 0 11 1 _ 8 3 10 2 7 
[00120454] 4 | 5 9 _ 0 11 1 _ 8 3 10 2 7 
[00120455] 3 | 5 9 6 0 11 1 _ 8 3 10 2 7 
[00120456] 4 | _ 9 5 0 11 1 _ 8 3 10 2 7 
[00120457] 3 | 6 9 5 0 11 1 _ 8 3 10 2 7 
[00120458] 7 | _ 9 _ 0 11 1 _ 8 10 3 _ _ 
[00120459] 6 | _ 9 _ 0 11 1 5 8 10 3 _ _ 
[00120460] 5 | 4 9 _ 0 11 1 5 8 10 3 _ _ 
[00120461] 4 | 4 9 _ 0 11 1 5 8 10 3 2 6 
[00120462] 4 | 4 9 _ 0 11 1 5 8 10 3 6 2 
[00120463] 5 | _ 9 4 0 11 1 5 8 10 3 _ _ 
[00120464] 4 | _ 9 4 0 11 1 5 8 10 3 2 6 
[00120465] 4 | _ 9 4 0 11 1 5 8 10 3 6 2 
[00120466] 5 | _ 9 _ 0 11 1 5 8 10 3 2 7 
[00120467] 5 | _ 9 _ 0 11 1 5 8 10 3 7 2 
[00120468] 6 | _ 9 _ 0 11 1 _ 8 10 3 2 _ 
[00120469] 5 | 4 9 _ 0 11 1 _ 8 10 3 2 _ 
[00120470] 4 | 4 9 5 0 11 1 _ 8 10 3 2 _ 
[00120471] 4 | 4 9 _ 0 11 1 7 8 10 3 2 _ 
[00120472] 3 | 4 9 6 0 11 1 7 8 10 3 2 _ 
[00120473] 3 | 4 9 _ 0 11 1 7 8 10 3 2 5 
[00120474] 4 | 4 9 _ 0 11 1 _ 8 10 3 2 6 
[00120475] 5 | _ 9 4 0 11 1 _ 8 10 3 2 _ 
[00120476] 4 | 5 9 4 0 11 1 _ 8 10 3 2 _ 
[00120477] 4 | _ 9 4 0 11 1 7 8 10 3 2 _ 
[00120478] 3 | 6 9 4 0 11 1 7 8 10 3 2 _ 
[00120479] 3 | _ 9 4 0 11 1 7 8 10 3 2 5 
[00120480] 4 | _ 9 4 0 11 1 _ 8 10 3 2 6 
[00120481] 5 | _ 9 _ 0 11 1 6 8 10 3 2 _ 
[00120482] 4 | 5 9 _ 0 11 1 6 8 10 3 2 _ 
[00120483] 4 | _ 9 5 0 11 1 6 8 10 3 2 _ 
[00120484] 5 | _ 9 _ 0 11 1 _ 8 10 3 2 7 
[00120485] 4 | 5 9 _ 0 11 1 _ 8 10 3 2 7 
[00120486] 3 | 5 9 6 0 11 1 _ 8 10 3 2 7 
[00120487] 4 | _ 9 5 0 11 1 _ 8 10 3 2 7 
[00120488] 3 | 6 9 5 0 11 1 _ 8 10 3 2 7 
[00120489] 7 | _ 9 _ 0 11 1 _ 8 _ _ 3 10 
[00120490] 6 | _ 9 _ 0 11 1 5 8 _ _ 3 10 
[00120491] 5 | 4 9 _ 0 11 1 5 8 _ _ 3 10 
[00120492] 4 | 4 9 _ 0 11 1 5 8 2 6 3 10 
[00120493] 4 | 4 9 _ 0 11 1 5 8 6 2 3 10 
[00120494] 5 | _ 9 4 0 11 1 5 8 _ _ 3 10 
[00120495] 4 | _ 9 4 0 11 1 5 8 2 6 3 10 
[00120496] 4 | _ 9 4 0 11 1 5 8 6 2 3 10 
[00120497] 5 | _ 9 _ 0 11 1 5 8 2 7 3 10 
[00120498] 5 | _ 9 _ 0 11 1 5 8 7 2 3 10 
[00120499] 6 | _ 9 _ 0 11 1 _ 8 2 _ 3 10 
[00120500] 5 | 4 9 _ 0 11 1 _ 8 2 _ 3 10 
[00120501] 4 | 4 9 5 0 11 1 _ 8 2 _ 3 10 
[00120502] 4 | 4 9 _ 0 11 1 7 8 2 _ 3 10 
[00120503] 3 | 4 9 6 0 11 1 7 8 2 _ 3 10 
[00120504] 3 | 4 9 _ 0 11 1 7 8 2 5 3 10 
[00120505] 4 | 4 9 _ 0 11 1 _ 8 2 6 3 10 
[00120506] 5 | _ 9 4 0 11 1 _ 8 2 _ 3 10 
[00120507] 4 | 5 9 4 0 11 1 _ 8 2 _ 3 10 
[00120508] 4 | _ 9 4 0 11 1 7 8 2 _ 3 10 
[00120509] 3 | 6 9 4 0 11 1 7 8 2 _ 3 10 
[00120510] 3 | _ 9 4 0 11 1 7 8 2 5 3 10 
[00120511] 4 | _ 9 4 0 11 1 _ 8 2 6 3 10 
[00120512] 5 | _ 9 _ 0 11 1 6 8 2 _ 3 10 
[00120513] 4 | 5 9 _ 0 11 1 6 8 2 _ 3 10 
[00120514] 4 | _ 9 5 0 11 1 6 8 2 _ 3 10 
[00120515] 5 | _ 9 _ 0 11 1 _ 8 2 7 3 10 
[00120516] 4 | 5 9 _ 0 11 1 _ 8 2 7 3 10 
[00120517] 3 | 5 9 6 0 11 1 _ 8 2 7 3 10 
[00120518] 4 | _ 9 5 0 11 1 _ 8 2 7 3 10 
[00120519] 3 | 6 9 5 0 11 1 _ 8 2 7 3 10 
[00120520] 7 | _ 9 _ 0 11 1 _ 8 _ _ 10 3 
[00120521] 6 | _ 9 _ 0 11 1 5 8 _ _ 10 3 
[00120522] 5 | 4 9 _ 0 11 1 5 8 _ _ 10 3 
[00120523] 4 | 4 9 _ 0 11 1 5 8 2 6 10 3 
[00120524] 4 | 4 9 _ 0 11 1 5 8 6 2 10 3 
[00120525] 5 | _ 9 4 0 11 1 5 8 _ _ 10 3 
[00120526] 4 | _ 9 4 0 11 1 5 8 2 6 10 3 
[00120527] 4 | _ 9 4 0 11 1 5 8 6 2 10 3 
[00120528] 5 | _ 9 _ 0 11 1 5 8 2 7 10 3 
[00120529] 5 | _ 9 _ 0 11 1 5 8 7 2 10 3 
[00120530] 6 | _ 9 _ 0 11 1 _ 8 2 _ 10 3 
[00120531] 5 | 4 9 _ 0 11 1 _ 8 2 _ 10 3 
[00120532] 4 | 4 9 5 0 11 1 _ 8 2 _ 10 3 
[00120533] 4 | 4 9 _ 0 11 1 7 8 2 _ 10 3 
[00120534] 3 | 4 9 6 0 11 1 7 8 2 _ 10 3 
[00120535] 3 | 4 9 _ 0 11 1 7 8 2 5 10 3 
[00120536] 4 | 4 9 _ 0 11 1 _ 8 2 6 10 3 
[00120537] 5 | _ 9 4 0 11 1 _ 8 2 _ 10 3 
[00120538] 4 | 5 9 4 0 11 1 _ 8 2 _ 10 3 
[00120539] 4 | _ 9 4 0 11 1 7 8 2 _ 10 3 
[00120540] 3 | 6 9 4 0 11 1 7 8 2 _ 10 3 
[00120541] 3 | _ 9 4 0 11 1 7 8 2 5 10 3 
[00120542] 4 | _ 9 4 0 11 1 _ 8 2 6 10 3 
[00120543] 5 | _ 9 _ 0 11 1 6 8 2 _ 10 3 
[00120544] 4 | 5 9 _ 0 11 1 6 8 2 _ 10 3 
[00120545] 4 | _ 9 5 0 11 1 6 8 2 _ 10 3 
[00120546] 5 | _ 9 _ 0 11 1 _ 8 2 7 10 3 
[00120547] 4 | 5 9 _ 0 11 1 _ 8 2 7 10 3 
[00120548] 3 | 5 9 6 0 11 1 _ 8 2 7 10 3 
[00120549] 4 | _ 9 5 0 11 1 _ 8 2 7 10 3 
[00120550] 3 | 6 9 5 0 11 1 _ 8 2 7 10 3 
[00120551] 8 | _ 9 _ 0 11 1 _ 2 10 _ _ _ 
[00120552] 7 | 2 9 _ 0 11 1 _ 2 10 _ _ _ 
[00120553] 6 | 2 9 3 0 11 1 _ 2 10 _ _ _ 
[00120554] 5 | 2 9 3 0 11 1 6 2 10 _ _ _ 
[00120555] 4 | 2 9 3 0 11 1 6 2 10 _ 4 8 
[00120556] 3 | 2 9 3 0 11 1 6 2 10 7 4 8 
[00120557] 4 | 2 9 3 0 11 1 6 2 10 _ 8 4 
[00120558] 3 | 2 9 3 0 11 1 6 2 10 7 8 4 
[00120559] 5 | 2 9 3 0 11 1 _ 2 10 5 _ _ 
[00120560] 4 | 2 9 3 0 11 1 7 2 10 5 _ _ 
[00120561] 4 | 2 9 3 0 11 1 _ 2 10 5 4 8 
[00120562] 4 | 2 9 3 0 11 1 _ 2 10 5 8 4 
[00120563] 6 | 2 9 _ 0 11 1 5 2 10 _ _ _ 
[00120564] 5 | 2 9 4 0 11 1 5 2 10 _ _ _ 
[00120565] 4 | 2 9 4 0 11 1 5 2 10 6 _ _ 
[00120566] 4 | 2 9 4 0 11 1 5 2 10 _ 3 7 
[00120567] 4 | 2 9 4 0 11 1 5 2 10 _ 7 3 
[00120568] 5 | 2 9 _ 0 11 1 5 2 10 _ 3 8 
[00120569] 4 | 2 9 _ 0 11 1 5 2 10 6 3 8 
[00120570] 5 | 2 9 _ 0 11 1 5 2 10 _ 8 3 
[00120571] 4 | 2 9 _ 0 11 1 5 2 10 6 8 3 
[00120572] 6 | 2 9 _ 0 11 1 _ 2 10 4 _ _ 
[00120573] 5 | 2 9 _ 0 11 1 6 2 10 4 _ _ 
[00120574] 4 | 2 9 5 0 11 1 6 2 10 4 _ _ 
[00120575] 4 | 2 9 _ 0 11 1 6 2 10 4 3 7 
[00120576] 4 | 2 9 _ 0 11 1 6 2 10 4 7 3 
[00120577] 5 | 2 9 _ 0 11 1 _ 2 10 4 3 8 
[00120578] 4 | 2 9 5 0 11 1 _ 2 10 4 3 8 
[00120579] 4 | 2 9 _ 0 11 1 7 2 10 4 3 8 
[00120580] 3 | 2 9 6 0 11 1 7 2 10 4 3 8 
[00120581] 5 | 2 9 _ 0 11 1 _ 2 10 4 8 3 
[00120582] 4 | 2 9 5 0 11 1 _ 2 10 4 8 3 
[00120583] 4 | 2 9 _ 0 11 1 7 2 10 4 8 3 
[00120584] 3 | 2 9 6 0 11 1 7 2 10 4 8 3 
[00120585] 7 | _ 9 2 0 11 1 _ 2 10 _ _ _ 
[00120586] 6 | 3 9 2 0 11 1 _ 2 10 _ _ _ 
[00120587] 5 | 3 9 2 0 11 1 6 2 10 _ _ _ 
[00120588] 4 | 3 9 2 0 11 1 6 2 10 _ 4 8 
[00120589] 3 | 3 9 2 0 11 1 6 2 10 7 4 8 
[00120590] 4 | 3 9 2 0 11 1 6 2 10 _ 8 4 
[00120591] 3 | 3 9 2 0 11 1 6 2 10 7 8 4 
[00120592] 5 | 3 9 2 0 11 1 _ 2 10 5 _ _ 
[00120593] 4 | 3 9 2 0 11 1 7 2 10 5 _ _ 
[00120594] 4 | 3 9 2 0 11 1 _ 2 10 5 4 8 
[00120595] 4 | 3 9 2 0 11 1 _ 2 10 5 8 4 
[00120596] 6 | _ 9 2 0 11 1 5 2 10 _ _ _ 
[00120597] 5 | 4 9 2 0 11 1 5 2 10 _ _ _ 
[00120598] 4 | 4 9 2 0 11 1 5 2 10 6 _ _ 
[00120599] 4 | 4 9 2 0 11 1 5 2 10 _ 3 7 
[00120600] 4 | 4 9 2 0 11 1 5 2 10 _ 7 3 
[00120601] 5 | _ 9 2 0 11 1 5 2 10 _ 3 8 
[00120602] 4 | _ 9 2 0 11 1 5 2 10 6 3 8 
[00120603] 5 | _ 9 2 0 11 1 5 2 10 _ 8 3 
[00120604] 4 | _ 9 2 0 11 1 5 2 10 6 8 3 
[00120605] 6 | _ 9 2 0 11 1 _ 2 10 4 _ _ 
[00120606] 5 | _ 9 2 0 11 1 6 2 10 4 _ _ 
[00120607] 4 | 5 9 2 0 11 1 6 2 10 4 _ _ 
[00120608] 4 | _ 9 2 0 11 1 6 2 10 4 3 7 
[00120609] 4 | _ 9 2 0 11 1 6 2 10 4 7 3 
[00120610] 5 | _ 9 2 0 11 1 _ 2 10 4 3 8 
[00120611] 4 | 5 9 2 0 11 1 _ 2 10 4 3 8 
[00120612] 4 | _ 9 2 0 11 1 7 2 10 4 3 8 
[00120613] 3 | 6 9 2 0 11 1 7 2 10 4 3 8 
[00120614] 5 | _ 9 2 0 11 1 _ 2 10 4 8 3 
[00120615] 4 | 5 9 2 0 11 1 _ 2 10 4 8 3 
[00120616] 4 | _ 9 2 0 11 1 7 2 10 4 8 3 
[00120617] 3 | 6 9 2 0 11 1 7 2 10 4 8 3 
[00120618] 7 | _ 9 _ 0 11 1 4 2 10 _ _ _ 
[00120619] 6 | 3 9 _ 0 11 1 4 2 10 _ _ _ 
[00120620] 5 | 3 9 _ 0 11 1 4 2 10 5 _ _ 
[00120621] 4 | 3 9 _ 0 11 1 4 2 10 5 6 _ 
[00120622] 3 | 3 9 6 0 11 1 4 2 10 5 6 _ 
[00120623] 3 | 3 9 _ 0 11 1 4 2 10 5 6 9 
[00120624] 5 | 3 9 _ 0 11 1 4 2 10 _ 7 _ 
[00120625] 4 | 3 9 5 0 11 1 4 2 10 _ 7 _ 
[00120626] 3 | 3 9 5 0 11 1 4 2 10 7 7 _ 
[00120627] 3 | 3 9 5 0 11 1 4 2 10 _ 7 10 
[00120628] 4 | 3 9 _ 0 11 1 4 2 10 6 7 _ 
[00120629] 6 | _ 9 3 0 11 1 4 2 10 _ _ _ 
[00120630] 5 | _ 9 3 0 11 1 4 2 10 5 _ _ 
[00120631] 4 | _ 9 3 0 11 1 4 2 10 5 6 _ 
[00120632] 3 | 6 9 3 0 11 1 4 2 10 5 6 _ 
[00120633] 3 | _ 9 3 0 11 1 4 2 10 5 6 9 
[00120634] 5 | _ 9 3 0 11 1 4 2 10 _ 7 _ 
[00120635] 4 | 5 9 3 0 11 1 4 2 10 _ 7 _ 
[00120636] 3 | 5 9 3 0 11 1 4 2 10 7 7 _ 
[00120637] 3 | 5 9 3 0 11 1 4 2 10 _ 7 10 
[00120638] 4 | _ 9 3 0 11 1 4 2 10 6 7 _ 
[00120639] 6 | _ 9 _ 0 11 1 4 2 10 _ 8 _ 
[00120640] 5 | _ 9 _ 0 11 1 4 2 10 5 8 _ 
[00120641] 5 | _ 9 _ 0 11 1 4 2 10 _ 8 3 
[00120642] 4 | 5 9 _ 0 11 1 4 2 10 _ 8 3 
[00120643] 3 | 5 9 6 0 11 1 4 2 10 _ 8 3 
[00120644] 3 | 5 9 _ 0 11 1 4 2 10 7 8 3 
[00120645] 4 | _ 9 5 0 11 1 4 2 10 _ 8 3 
[00120646] 3 | 6 9 5 0 11 1 4 2 10 _ 8 3 
[00120647] 3 | _ 9 5 0 11 1 4 2 10 7 8 3 
[00120648] 4 | _ 9 _ 0 11 1 4 2 10 6 8 3 
[00120649] 7 | _ 9 _ 0 11 1 _ 2 10 3 _ _ 
[00120650] 6 | _ 9 _ 0 11 1 5 2 10 3 _ _ 
[00120651] 5 | 4 9 _ 0 11 1 5 2 10 3 _ _ 
[00120652] 4 | 4 9 _ 0 11 1 5 2 10 3 6 _ 
[00120653] 3 | 4 9 6 0 11 1 5 2 10 3 6 _ 
[00120654] 3 | 4 9 _ 0 11 1 5 2 10 3 6 9 
[00120655] 5 | _ 9 4 0 11 1 5 2 10 3 _ _ 
[00120656] 4 | _ 9 4 0 11 1 5 2 10 3 6 _ 
[00120657] 3 | 6 9 4 0 11 1 5 2 10 3 6 _ 
[00120658] 3 | _ 9 4 0 11 1 5 2 10 3 6 9 
[00120659] 5 | _ 9 _ 0 11 1 5 2 10 3 7 _ 
[00120660] 6 | _ 9 _ 0 11 1 _ 2 10 3 8 _ 
[00120661] 5 | 4 9 _ 0 11 1 _ 2 10 3 8 _ 
[00120662] 4 | 4 9 5 0 11 1 _ 2 10 3 8 _ 
[00120663] 3 | 4 9 5 0 11 1 8 2 10 3 8 _ 
[00120664] 3 | 4 9 5 0 11 1 _ 2 10 3 8 11 
[00120665] 4 | 4 9 _ 0 11 1 7 2 10 3 8 _ 
[00120666] 3 | 4 9 6 0 11 1 7 2 10 3 8 _ 
[00120667] 3 | 4 9 _ 0 11 1 7 2 10 3 8 5 
[00120668] 5 | _ 9 4 0 11 1 _ 2 10 3 8 _ 
[00120669] 4 | 5 9 4 0 11 1 _ 2 10 3 8 _ 
[00120670] 3 | 5 9 4 0 11 1 8 2 10 3 8 _ 
[00120671] 3 | 5 9 4 0 11 1 _ 2 10 3 8 11 
[00120672] 4 | _ 9 4 0 11 1 7 2 10 3 8 _ 
[00120673] 3 | 6 9 4 0 11 1 7 2 10 3 8 _ 
[00120674] 3 | _ 9 4 0 11 1 7 2 10 3 8 5 
[00120675] 5 | _ 9 _ 0 11 1 6 2 10 3 8 _ 
[00120676] 4 | 5 9 _ 0 11 1 6 2 10 3 8 _ 
[00120677] 4 | _ 9 5 0 11 1 6 2 10 3 8 _ 
[00120678] 4 | _ 9 _ 0 11 1 6 2 10 3 8 4 
[00120679] 7 | _ 9 _ 0 11 1 _ 2 10 _ 9 _ 
[00120680] 6 | 3 9 _ 0 11 1 _ 2 10 _ 9 _ 
[00120681] 5 | 3 9 4 0 11 1 _ 2 10 _ 9 _ 
[00120682] 4 | 3 9 4 0 11 1 7 2 10 _ 9 _ 
[00120683] 4 | 3 9 4 0 11 1 _ 2 10 6 9 _ 
[00120684] 3 | 3 9 4 0 11 1 8 2 10 6 9 _ 
[00120685] 5 | 3 9 _ 0 11 1 6 2 10 _ 9 _ 
[00120686] 4 | 3 9 5 0 11 1 6 2 10 _ 9 _ 
[00120687] 3 | 3 9 5 0 11 1 6 2 10 7 9 _ 
[00120688] 4 | 3 9 _ 0 11 1 6 2 10 _ 9 5 
[00120689] 3 | 3 9 _ 0 11 1 6 2 10 7 9 5 
[00120690] 5 | 3 9 _ 0 11 1 _ 2 10 5 9 _ 
[00120691] 4 | 3 9 _ 0 11 1 7 2 10 5 9 _ 
[00120692] 3 | 3 9 6 0 11 1 7 2 10 5 9 _ 
[00120693] 3 | 3 9 _ 0 11 1 7 2 10 5 9 6 
[00120694] 5 | 3 9 _ 0 11 1 _ 2 10 _ 9 4 
[00120695] 4 | 3 9 _ 0 11 1 7 2 10 _ 9 4 
[00120696] 4 | 3 9 _ 0 11 1 _ 2 10 6 9 4 
[00120697] 3 | 3 9 _ 0 11 1 8 2 10 6 9 4 
[00120698] 6 | _ 9 3 0 11 1 _ 2 10 _ 9 _ 
[00120699] 5 | 4 9 3 0 11 1 _ 2 10 _ 9 _ 
[00120700] 4 | 4 9 3 0 11 1 7 2 10 _ 9 _ 
[00120701] 4 | 4 9 3 0 11 1 _ 2 10 6 9 _ 
[00120702] 3 | 4 9 3 0 11 1 8 2 10 6 9 _ 
[00120703] 5 | _ 9 3 0 11 1 6 2 10 _ 9 _ 
[00120704] 4 | 5 9 3 0 11 1 6 2 10 _ 9 _ 
[00120705] 3 | 5 9 3 0 11 1 6 2 10 7 9 _ 
[00120706] 4 | _ 9 3 0 11 1 6 2 10 _ 9 5 
[00120707] 3 | _ 9 3 0 11 1 6 2 10 7 9 5 
[00120708] 5 | _ 9 3 0 11 1 _ 2 10 5 9 _ 
[00120709] 4 | _ 9 3 0 11 1 7 2 10 5 9 _ 
[00120710] 3 | 6 9 3 0 11 1 7 2 10 5 9 _ 
[00120711] 3 | _ 9 3 0 11 1 7 2 10 5 9 6 
[00120712] 5 | _ 9 3 0 11 1 _ 2 10 _ 9 4 
[00120713] 4 | _ 9 3 0 11 1 7 2 10 _ 9 4 
[00120714] 4 | _ 9 3 0 11 1 _ 2 10 6 9 4 
[00120715] 3 | _ 9 3 0 11 1 8 2 10 6 9 4 
[00120716] 6 | _ 9 _ 0 11 1 5 2 10 _ 9 _ 
[00120717] 5 | 4 9 _ 0 11 1 5 2 10 _ 9 _ 
[00120718] 4 | 4 9 _ 0 11 1 5 2 10 6 9 _ 
[00120719] 5 | _ 9 4 0 11 1 5 2 10 _ 9 _ 
[00120720] 4 | _ 9 4 0 11 1 5 2 10 6 9 _ 
[00120721] 5 | _ 9 _ 0 11 1 5 2 10 _ 9 4 
[00120722] 4 | _ 9 _ 0 11 1 5 2 10 6 9 4 
[00120723] 6 | _ 9 _ 0 11 1 _ 2 10 4 9 _ 
[00120724] 5 | _ 9 _ 0 11 1 6 2 10 4 9 _ 
[00120725] 4 | 5 9 _ 0 11 1 6 2 10 4 9 _ 
[00120726] 4 | _ 9 5 0 11 1 6 2 10 4 9 _ 
[00120727] 4 | _ 9 _ 0 11 1 6 2 10 4 9 5 
[00120728] 6 | _ 9 _ 0 11 1 _ 2 10 _ 9 3 
[00120729] 5 | _ 9 _ 0 11 1 6 2 10 _ 9 3 
[00120730] 5 | _ 9 _ 0 11 1 _ 2 10 5 9 3 
[00120731] 4 | _ 9 _ 0 11 1 7 2 10 5 9 3 
[00120732] 8 | _ 9 _ 0 11 1 _ 10 2 _ _ _ 
[00120733] 7 | 2 9 _ 0 11 1 _ 10 2 _ _ _ 
[00120734] 6 | 2 9 3 0 11 1 _ 10 2 _ _ _ 
[00120735] 5 | 2 9 3 0 11 1 6 10 2 _ _ _ 
[00120736] 4 | 2 9 3 0 11 1 6 10 2 _ 4 8 
[00120737] 4 | 2 9 3 0 11 1 6 10 2 _ 8 4 
[00120738] 5 | 2 9 3 0 11 1 _ 10 2 _ 5 _ 
[00120739] 4 | 2 9 3 0 11 1 7 10 2 _ 5 _ 
[00120740] 3 | 2 9 3 0 11 1 7 10 2 _ 5 8 
[00120741] 6 | 2 9 _ 0 11 1 5 10 2 _ _ _ 
[00120742] 5 | 2 9 4 0 11 1 5 10 2 _ _ _ 
[00120743] 4 | 2 9 4 0 11 1 5 10 2 _ 6 _ 
[00120744] 3 | 2 9 4 0 11 1 5 10 2 _ 6 3 
[00120745] 4 | 2 9 4 0 11 1 5 10 2 _ 3 7 
[00120746] 4 | 2 9 4 0 11 1 5 10 2 _ 7 3 
[00120747] 5 | 2 9 _ 0 11 1 5 10 2 _ 3 8 
[00120748] 5 | 2 9 _ 0 11 1 5 10 2 _ 8 3 
[00120749] 6 | 2 9 _ 0 11 1 _ 10 2 _ 4 _ 
[00120750] 5 | 2 9 4 0 11 1 _ 10 2 _ 4 _ 
[00120751] 4 | 2 9 4 0 11 1 7 10 2 _ 4 _ 
[00120752] 5 | 2 9 _ 0 11 1 6 10 2 _ 4 _ 
[00120753] 4 | 2 9 5 0 11 1 6 10 2 _ 4 _ 
[00120754] 3 | 2 9 5 0 11 1 6 10 2 _ 4 7 
[00120755] 4 | 2 9 _ 0 11 1 6 10 2 _ 4 8 
[00120756] 5 | 2 9 _ 0 11 1 _ 10 2 _ 4 9 
[00120757] 4 | 2 9 _ 0 11 1 7 10 2 _ 4 9 
[00120758] 7 | _ 9 2 0 11 1 _ 10 2 _ _ _ 
[00120759] 6 | 3 9 2 0 11 1 _ 10 2 _ _ _ 
[00120760] 5 | 3 9 2 0 11 1 6 10 2 _ _ _ 
[00120761] 4 | 3 9 2 0 11 1 6 10 2 _ 4 8 
[00120762] 4 | 3 9 2 0 11 1 6 10 2 _ 8 4 
[00120763] 5 | 3 9 2 0 11 1 _ 10 2 _ 5 _ 
[00120764] 4 | 3 9 2 0 11 1 7 10 2 _ 5 _ 
[00120765] 3 | 3 9 2 0 11 1 7 10 2 _ 5 8 
[00120766] 6 | _ 9 2 0 11 1 5 10 2 _ _ _ 
[00120767] 5 | 4 9 2 0 11 1 5 10 2 _ _ _ 
[00120768] 4 | 4 9 2 0 11 1 5 10 2 _ 6 _ 
[00120769] 3 | 4 9 2 0 11 1 5 10 2 _ 6 3 
[00120770] 4 | 4 9 2 0 11 1 5 10 2 _ 3 7 
[00120771] 4 | 4 9 2 0 11 1 5 10 2 _ 7 3 
[00120772] 5 | _ 9 2 0 11 1 5 10 2 _ 3 8 
[00120773] 5 | _ 9 2 0 11 1 5 10 2 _ 8 3 
[00120774] 6 | _ 9 2 0 11 1 _ 10 2 _ 4 _ 
[00120775] 5 | 4 9 2 0 11 1 _ 10 2 _ 4 _ 
[00120776] 4 | 4 9 2 0 11 1 7 10 2 _ 4 _ 
[00120777] 5 | _ 9 2 0 11 1 6 10 2 _ 4 _ 
[00120778] 4 | 5 9 2 0 11 1 6 10 2 _ 4 _ 
[00120779] 3 | 5 9 2 0 11 1 6 10 2 _ 4 7 
[00120780] 4 | _ 9 2 0 11 1 6 10 2 _ 4 8 
[00120781] 5 | _ 9 2 0 11 1 _ 10 2 _ 4 9 
[00120782] 4 | _ 9 2 0 11 1 7 10 2 _ 4 9 
[00120783] 7 | _ 9 _ 0 11 1 4 10 2 _ _ _ 
[00120784] 6 | 3 9 _ 0 11 1 4 10 2 _ _ _ 
[00120785] 5 | 3 9 _ 0 11 1 4 10 2 7 _ _ 
[00120786] 4 | 3 9 5 0 11 1 4 10 2 7 _ _ 
[00120787] 4 | 3 9 _ 0 11 1 4 10 2 7 6 _ 
[00120788] 3 | 3 9 6 0 11 1 4 10 2 7 6 _ 
[00120789] 3 | 3 9 _ 0 11 1 4 10 2 7 6 9 
[00120790] 5 | 3 9 _ 0 11 1 4 10 2 _ 5 _ 
[00120791] 4 | 3 9 5 0 11 1 4 10 2 _ 5 _ 
[00120792] 4 | 3 9 _ 0 11 1 4 10 2 6 5 _ 
[00120793] 3 | 3 9 _ 0 11 1 4 10 2 6 5 8 
[00120794] 2 | 3 9 7 0 11 1 4 10 2 6 5 8 
[00120795] 4 | 3 9 _ 0 11 1 4 10 2 _ 5 9 
[00120796] 6 | _ 9 3 0 11 1 4 10 2 _ _ _ 
[00120797] 5 | _ 9 3 0 11 1 4 10 2 7 _ _ 
[00120798] 4 | 5 9 3 0 11 1 4 10 2 7 _ _ 
[00120799] 4 | _ 9 3 0 11 1 4 10 2 7 6 _ 
[00120800] 3 | 6 9 3 0 11 1 4 10 2 7 6 _ 
[00120801] 3 | _ 9 3 0 11 1 4 10 2 7 6 9 
[00120802] 5 | _ 9 3 0 11 1 4 10 2 _ 5 _ 
[00120803] 4 | 5 9 3 0 11 1 4 10 2 _ 5 _ 
[00120804] 4 | _ 9 3 0 11 1 4 10 2 6 5 _ 
[00120805] 3 | _ 9 3 0 11 1 4 10 2 6 5 8 
[00120806] 2 | 7 9 3 0 11 1 4 10 2 6 5 8 
[00120807] 4 | _ 9 3 0 11 1 4 10 2 _ 5 9 
[00120808] 6 | _ 9 _ 0 11 1 4 10 2 8 _ _ 
[00120809] 5 | _ 9 _ 0 11 1 4 10 2 8 5 _ 
[00120810] 4 | 5 9 _ 0 11 1 4 10 2 8 5 _ 
[00120811] 3 | 5 9 6 0 11 1 4 10 2 8 5 _ 
[00120812] 4 | _ 9 5 0 11 1 4 10 2 8 5 _ 
[00120813] 3 | 6 9 5 0 11 1 4 10 2 8 5 _ 
[00120814] 4 | _ 9 _ 0 11 1 4 10 2 8 5 9 
[00120815] 7 | _ 9 _ 0 11 1 _ 10 2 9 _ _ 
[00120816] 6 | _ 9 _ 0 11 1 5 10 2 9 _ _ 
[00120817] 5 | _ 9 _ 0 11 1 5 10 2 9 3 8 
[00120818] 5 | _ 9 _ 0 11 1 5 10 2 9 8 3 
[00120819] 6 | _ 9 _ 0 11 1 _ 10 2 9 4 _ 
[00120820] 5 | _ 9 _ 0 11 1 6 10 2 9 4 _ 
[00120821] 4 | _ 9 _ 0 11 1 6 10 2 9 4 8 
[00120822] 7 | _ 9 _ 0 11 1 _ 10 2 _ 3 _ 
[00120823] 6 | 3 9 _ 0 11 1 _ 10 2 _ 3 _ 
[00120824] 5 | 3 9 4 0 11 1 _ 10 2 _ 3 _ 
[00120825] 4 | 3 9 4 0 11 1 7 10 2 _ 3 _ 
[00120826] 3 | 3 9 4 0 11 1 7 10 2 5 3 _ 
[00120827] 4 | 3 9 4 0 11 1 _ 10 2 6 3 _ 
[00120828] 3 | 3 9 4 0 11 1 8 10 2 6 3 _ 
[00120829] 5 | 3 9 _ 0 11 1 6 10 2 _ 3 _ 
[00120830] 4 | 3 9 5 0 11 1 6 10 2 _ 3 _ 
[00120831] 5 | 3 9 _ 0 11 1 _ 10 2 7 3 _ 
[00120832] 4 | 3 9 5 0 11 1 _ 10 2 7 3 _ 
[00120833] 3 | 3 9 5 0 11 1 8 10 2 7 3 _ 
[00120834] 6 | _ 9 3 0 11 1 _ 10 2 _ 3 _ 
[00120835] 5 | 4 9 3 0 11 1 _ 10 2 _ 3 _ 
[00120836] 4 | 4 9 3 0 11 1 7 10 2 _ 3 _ 
[00120837] 3 | 4 9 3 0 11 1 7 10 2 5 3 _ 
[00120838] 4 | 4 9 3 0 11 1 _ 10 2 6 3 _ 
[00120839] 3 | 4 9 3 0 11 1 8 10 2 6 3 _ 
[00120840] 5 | _ 9 3 0 11 1 6 10 2 _ 3 _ 
[00120841] 4 | 5 9 3 0 11 1 6 10 2 _ 3 _ 
[00120842] 5 | _ 9 3 0 11 1 _ 10 2 7 3 _ 
[00120843] 4 | 5 9 3 0 11 1 _ 10 2 7 3 _ 
[00120844] 3 | 5 9 3 0 11 1 8 10 2 7 3 _ 
[00120845] 6 | _ 9 _ 0 11 1 5 10 2 _ 3 _ 
[00120846] 5 | 4 9 _ 0 11 1 5 10 2 _ 3 _ 
[00120847] 4 | 4 9 _ 0 11 1 5 10 2 6 3 _ 
[00120848] 4 | 4 9 _ 0 11 1 5 10 2 _ 3 7 
[00120849] 3 | 4 9 6 0 11 1 5 10 2 _ 3 7 
[00120850] 5 | _ 9 4 0 11 1 5 10 2 _ 3 _ 
[00120851] 4 | _ 9 4 0 11 1 5 10 2 6 3 _ 
[00120852] 4 | _ 9 4 0 11 1 5 10 2 _ 3 7 
[00120853] 3 | 6 9 4 0 11 1 5 10 2 _ 3 7 
[00120854] 5 | _ 9 _ 0 11 1 5 10 2 7 3 _ 
[00120855] 5 | _ 9 _ 0 11 1 5 10 2 _ 3 8 
[00120856] 4 | _ 9 _ 0 11 1 5 10 2 6 3 8 
[00120857] 6 | _ 9 _ 0 11 1 _ 10 2 8 3 _ 
[00120858] 5 | 4 9 _ 0 11 1 _ 10 2 8 3 _ 
[00120859] 4 | 4 9 5 0 11 1 _ 10 2 8 3 _ 
[00120860] 3 | 4 9 5 0 11 1 _ 10 2 8 3 6 
[00120861] 4 | 4 9 _ 0 11 1 7 10 2 8 3 _ 
[00120862] 3 | 4 9 6 0 11 1 7 10 2 8 3 _ 
[00120863] 2 | 4 9 6 0 11 1 7 10 2 8 3 5 
[00120864] 3 | 4 9 _ 0 11 1 7 10 2 8 3 6 
[00120865] 4 | 4 9 _ 0 11 1 _ 10 2 8 3 7 
[00120866] 3 | 4 9 6 0 11 1 _ 10 2 8 3 7 
[00120867] 5 | _ 9 4 0 11 1 _ 10 2 8 3 _ 
[00120868] 4 | 5 9 4 0 11 1 _ 10 2 8 3 _ 
[00120869] 3 | 5 9 4 0 11 1 _ 10 2 8 3 6 
[00120870] 4 | _ 9 4 0 11 1 7 10 2 8 3 _ 
[00120871] 3 | 6 9 4 0 11 1 7 10 2 8 3 _ 
[00120872] 2 | 6 9 4 0 11 1 7 10 2 8 3 5 
[00120873] 3 | _ 9 4 0 11 1 7 10 2 8 3 6 
[00120874] 4 | _ 9 4 0 11 1 _ 10 2 8 3 7 
[00120875] 3 | 6 9 4 0 11 1 _ 10 2 8 3 7 
[00120876] 5 | _ 9 _ 0 11 1 6 10 2 8 3 _ 
[00120877] 4 | 5 9 _ 0 11 1 6 10 2 8 3 _ 
[00120878] 4 | _ 9 5 0 11 1 6 10 2 8 3 _ 
[00120879] 4 | _ 9 _ 0 11 1 6 10 2 8 3 7 
[00120880] 6 | _ 9 _ 0 11 1 _ 10 2 _ 3 9 
[00120881] 5 | _ 9 _ 0 11 1 6 10 2 _ 3 9 
[00120882] 5 | _ 9 _ 0 11 1 _ 10 2 7 3 9 
