[00167049] 4 | _ 2 10 11 0 5 7 1 9 3 8 4 
[00167050] 5 | _ 2 10 11 0 _ 7 1 9 3 6 _ 
[00167051] 4 | 6 2 10 11 0 _ 7 1 9 3 6 _ 
[00167052] 4 | _ 2 10 11 0 4 7 1 9 3 6 _ 
[00167053] 3 | 5 2 10 11 0 4 7 1 9 3 6 _ 
[00167054] 2 | 5 2 10 11 0 4 7 1 9 3 6 8 
[00167055] 4 | _ 2 10 11 0 _ 7 1 9 3 6 2 
[00167056] 6 | _ 2 10 11 0 _ 7 1 _ _ 3 9 
[00167057] 5 | _ 2 10 11 0 5 7 1 _ _ 3 9 
[00167058] 4 | 6 2 10 11 0 5 7 1 _ _ 3 9 
[00167059] 3 | 6 2 10 11 0 5 7 1 4 _ 3 9 
[00167060] 4 | _ 2 10 11 0 5 7 1 4 8 3 9 
[00167061] 4 | _ 2 10 11 0 5 7 1 8 4 3 9 
[00167062] 5 | _ 2 10 11 0 _ 7 1 6 _ 3 9 
[00167063] 4 | 6 2 10 11 0 _ 7 1 6 _ 3 9 
[00167064] 4 | _ 2 10 11 0 4 7 1 6 _ 3 9 
[00167065] 3 | 5 2 10 11 0 4 7 1 6 _ 3 9 
[00167066] 2 | 5 2 10 11 0 4 7 1 6 8 3 9 
[00167067] 4 | _ 2 10 11 0 _ 7 1 6 2 3 9 
[00167068] 6 | _ 2 10 11 0 _ 7 1 _ _ 9 3 
[00167069] 5 | _ 2 10 11 0 5 7 1 _ _ 9 3 
[00167070] 4 | 6 2 10 11 0 5 7 1 _ _ 9 3 
[00167071] 3 | 6 2 10 11 0 5 7 1 4 _ 9 3 
[00167072] 4 | _ 2 10 11 0 5 7 1 4 8 9 3 
[00167073] 4 | _ 2 10 11 0 5 7 1 8 4 9 3 
[00167074] 5 | _ 2 10 11 0 _ 7 1 6 _ 9 3 
[00167075] 4 | 6 2 10 11 0 _ 7 1 6 _ 9 3 
[00167076] 4 | _ 2 10 11 0 4 7 1 6 _ 9 3 
[00167077] 3 | 5 2 10 11 0 4 7 1 6 _ 9 3 
[00167078] 2 | 5 2 10 11 0 4 7 1 6 8 9 3 
[00167079] 4 | _ 2 10 11 0 _ 7 1 6 2 9 3 
[00167080] 7 | _ 2 10 11 0 _ _ 1 8 _ _ _ 
[00167081] 6 | 8 2 10 11 0 _ _ 1 8 _ _ _ 
[00167082] 5 | 8 2 10 11 0 5 _ 1 8 _ _ _ 
[00167083] 4 | 8 2 10 11 0 5 4 1 8 _ _ _ 
[00167084] 3 | 8 2 10 11 0 5 4 1 8 _ 3 6 
[00167085] 3 | 8 2 10 11 0 5 4 1 8 _ 6 9 
[00167086] 3 | 8 2 10 11 0 5 4 1 8 _ 6 3 
[00167087] 3 | 8 2 10 11 0 5 4 1 8 _ 9 6 
[00167088] 4 | 8 2 10 11 0 5 _ 1 8 _ 3 7 
[00167089] 4 | 8 2 10 11 0 5 _ 1 8 _ 7 3 
[00167090] 5 | 8 2 10 11 0 _ 5 1 8 _ _ _ 
[00167091] 4 | 8 2 10 11 0 4 5 1 8 _ _ _ 
[00167092] 3 | 8 2 10 11 0 4 5 1 8 _ 3 6 
[00167093] 3 | 8 2 10 11 0 4 5 1 8 _ 6 9 
[00167094] 3 | 8 2 10 11 0 4 5 1 8 _ 6 3 
[00167095] 3 | 8 2 10 11 0 4 5 1 8 _ 9 6 
[00167096] 4 | 8 2 10 11 0 _ 5 1 8 _ 3 7 
[00167097] 4 | 8 2 10 11 0 _ 5 1 8 _ 7 3 
[00167098] 5 | 8 2 10 11 0 _ _ 1 8 _ 6 _ 
[00167099] 4 | 8 2 10 11 0 4 _ 1 8 _ 6 _ 
[00167100] 3 | 8 2 10 11 0 4 3 1 8 _ 6 _ 
[00167101] 3 | 8 2 10 11 0 4 _ 1 8 _ 6 3 
[00167102] 3 | 8 2 10 11 0 4 _ 1 8 _ 6 9 
[00167103] 4 | 8 2 10 11 0 _ 4 1 8 _ 6 _ 
[00167104] 3 | 8 2 10 11 0 3 4 1 8 _ 6 _ 
[00167105] 3 | 8 2 10 11 0 _ 4 1 8 _ 6 3 
[00167106] 3 | 8 2 10 11 0 _ 4 1 8 _ 6 9 
[00167107] 5 | 8 2 10 11 0 _ _ 1 8 _ 4 9 
[00167108] 5 | 8 2 10 11 0 _ _ 1 8 _ 9 4 
[00167109] 6 | _ 2 10 11 0 6 _ 1 8 _ _ _ 
[00167110] 5 | 7 2 10 11 0 6 _ 1 8 _ _ _ 
[00167111] 4 | 7 2 10 11 0 6 4 1 8 _ _ _ 
[00167112] 3 | 7 2 10 11 0 6 4 1 8 5 _ _ 
[00167113] 2 | 7 2 10 11 0 6 4 1 8 5 3 _ 
[00167114] 4 | 7 2 10 11 0 6 _ 1 8 4 _ _ 
[00167115] 3 | 7 2 10 11 0 6 3 1 8 4 _ _ 
[00167116] 4 | 7 2 10 11 0 6 _ 1 8 _ 5 _ 
[00167117] 3 | 7 2 10 11 0 6 3 1 8 _ 5 _ 
[00167118] 3 | 7 2 10 11 0 6 _ 1 8 5 5 _ 
[00167119] 3 | 7 2 10 11 0 6 _ 1 8 _ 5 8 
[00167120] 4 | 7 2 10 11 0 6 _ 1 8 _ 5 9 
[00167121] 3 | 7 2 10 11 0 6 3 1 8 _ 5 9 
[00167122] 4 | 7 2 10 11 0 6 _ 1 8 _ 9 5 
[00167123] 3 | 7 2 10 11 0 6 3 1 8 _ 9 5 
[00167124] 5 | _ 2 10 11 0 6 5 1 8 _ _ _ 
[00167125] 4 | _ 2 10 11 0 6 5 1 8 4 _ _ 
[00167126] 4 | _ 2 10 11 0 6 5 1 8 _ 3 7 
[00167127] 4 | _ 2 10 11 0 6 5 1 8 _ 7 3 
[00167128] 5 | _ 2 10 11 0 6 _ 1 8 3 _ _ 
[00167129] 4 | _ 2 10 11 0 6 4 1 8 3 _ _ 
[00167130] 3 | 5 2 10 11 0 6 4 1 8 3 _ _ 
[00167131] 2 | 5 2 10 11 0 6 4 1 8 3 7 9 
[00167132] 2 | 5 2 10 11 0 6 4 1 8 3 9 7 
[00167133] 4 | _ 2 10 11 0 6 _ 1 8 3 5 _ 
[00167134] 3 | 5 2 10 11 0 6 _ 1 8 3 5 _ 
[00167135] 3 | _ 2 10 11 0 6 _ 1 8 3 5 2 
[00167136] 4 | _ 2 10 11 0 6 _ 1 8 3 5 9 
[00167137] 4 | _ 2 10 11 0 6 _ 1 8 3 9 5 
[00167138] 5 | _ 2 10 11 0 6 _ 1 8 _ 4 9 
[00167139] 5 | _ 2 10 11 0 6 _ 1 8 _ 9 4 
[00167140] 6 | _ 2 10 11 0 _ 6 1 8 _ _ _ 
[00167141] 5 | 7 2 10 11 0 _ 6 1 8 _ _ _ 
[00167142] 4 | 7 2 10 11 0 4 6 1 8 _ _ _ 
[00167143] 3 | 7 2 10 11 0 4 6 1 8 5 _ _ 
[00167144] 2 | 7 2 10 11 0 4 6 1 8 5 3 _ 
[00167145] 4 | 7 2 10 11 0 _ 6 1 8 4 _ _ 
[00167146] 3 | 7 2 10 11 0 3 6 1 8 4 _ _ 
[00167147] 4 | 7 2 10 11 0 _ 6 1 8 _ 5 _ 
[00167148] 3 | 7 2 10 11 0 3 6 1 8 _ 5 _ 
[00167149] 3 | 7 2 10 11 0 _ 6 1 8 5 5 _ 
[00167150] 3 | 7 2 10 11 0 _ 6 1 8 _ 5 8 
[00167151] 4 | 7 2 10 11 0 _ 6 1 8 _ 5 9 
[00167152] 3 | 7 2 10 11 0 3 6 1 8 _ 5 9 
[00167153] 4 | 7 2 10 11 0 _ 6 1 8 _ 9 5 
[00167154] 3 | 7 2 10 11 0 3 6 1 8 _ 9 5 
[00167155] 5 | _ 2 10 11 0 5 6 1 8 _ _ _ 
[00167156] 4 | _ 2 10 11 0 5 6 1 8 4 _ _ 
[00167157] 4 | _ 2 10 11 0 5 6 1 8 _ 3 7 
[00167158] 4 | _ 2 10 11 0 5 6 1 8 _ 7 3 
[00167159] 5 | _ 2 10 11 0 _ 6 1 8 3 _ _ 
[00167160] 4 | _ 2 10 11 0 4 6 1 8 3 _ _ 
[00167161] 3 | 5 2 10 11 0 4 6 1 8 3 _ _ 
[00167162] 2 | 5 2 10 11 0 4 6 1 8 3 7 9 
[00167163] 2 | 5 2 10 11 0 4 6 1 8 3 9 7 
[00167164] 4 | _ 2 10 11 0 _ 6 1 8 3 5 _ 
[00167165] 3 | 5 2 10 11 0 _ 6 1 8 3 5 _ 
[00167166] 3 | _ 2 10 11 0 _ 6 1 8 3 5 2 
[00167167] 4 | _ 2 10 11 0 _ 6 1 8 3 5 9 
[00167168] 4 | _ 2 10 11 0 _ 6 1 8 3 9 5 
[00167169] 5 | _ 2 10 11 0 _ 6 1 8 _ 4 9 
[00167170] 5 | _ 2 10 11 0 _ 6 1 8 _ 9 4 
[00167171] 6 | _ 2 10 11 0 _ _ 1 8 2 _ _ 
[00167172] 5 | _ 2 10 11 0 5 _ 1 8 2 _ _ 
[00167173] 4 | _ 2 10 11 0 5 4 1 8 2 _ _ 
[00167174] 3 | _ 2 10 11 0 5 4 1 8 2 3 6 
[00167175] 3 | _ 2 10 11 0 5 4 1 8 2 6 9 
[00167176] 3 | _ 2 10 11 0 5 4 1 8 2 6 3 
[00167177] 3 | _ 2 10 11 0 5 4 1 8 2 9 6 
[00167178] 4 | _ 2 10 11 0 5 _ 1 8 2 3 7 
[00167179] 4 | _ 2 10 11 0 5 _ 1 8 2 7 3 
[00167180] 5 | _ 2 10 11 0 _ 5 1 8 2 _ _ 
[00167181] 4 | _ 2 10 11 0 4 5 1 8 2 _ _ 
[00167182] 3 | _ 2 10 11 0 4 5 1 8 2 3 6 
[00167183] 3 | _ 2 10 11 0 4 5 1 8 2 6 9 
[00167184] 3 | _ 2 10 11 0 4 5 1 8 2 6 3 
[00167185] 3 | _ 2 10 11 0 4 5 1 8 2 9 6 
[00167186] 4 | _ 2 10 11 0 _ 5 1 8 2 3 7 
[00167187] 4 | _ 2 10 11 0 _ 5 1 8 2 7 3 
[00167188] 5 | _ 2 10 11 0 _ _ 1 8 2 6 _ 
[00167189] 4 | _ 2 10 11 0 4 _ 1 8 2 6 _ 
[00167190] 3 | _ 2 10 11 0 4 3 1 8 2 6 _ 
[00167191] 3 | _ 2 10 11 0 4 _ 1 8 2 6 3 
[00167192] 3 | _ 2 10 11 0 4 _ 1 8 2 6 9 
[00167193] 4 | _ 2 10 11 0 _ 4 1 8 2 6 _ 
[00167194] 3 | _ 2 10 11 0 3 4 1 8 2 6 _ 
[00167195] 3 | _ 2 10 11 0 _ 4 1 8 2 6 3 
[00167196] 3 | _ 2 10 11 0 _ 4 1 8 2 6 9 
[00167197] 5 | _ 2 10 11 0 _ _ 1 8 2 4 9 
[00167198] 5 | _ 2 10 11 0 _ _ 1 8 2 9 4 
[00167199] 6 | _ 2 10 11 0 _ _ 1 8 _ 7 _ 
[00167200] 5 | 7 2 10 11 0 _ _ 1 8 _ 7 _ 
[00167201] 4 | 7 2 10 11 0 4 _ 1 8 _ 7 _ 
[00167202] 3 | 7 2 10 11 0 4 3 1 8 _ 7 _ 
[00167203] 2 | 7 2 10 11 0 4 3 1 8 6 7 _ 
[00167204] 3 | 7 2 10 11 0 4 _ 1 8 5 7 _ 
[00167205] 4 | 7 2 10 11 0 _ 4 1 8 _ 7 _ 
[00167206] 3 | 7 2 10 11 0 3 4 1 8 _ 7 _ 
[00167207] 2 | 7 2 10 11 0 3 4 1 8 6 7 _ 
[00167208] 3 | 7 2 10 11 0 _ 4 1 8 5 7 _ 
[00167209] 4 | 7 2 10 11 0 _ _ 1 8 4 7 _ 
[00167210] 3 | 7 2 10 11 0 3 _ 1 8 4 7 _ 
[00167211] 3 | 7 2 10 11 0 _ 3 1 8 4 7 _ 
[00167212] 5 | _ 2 10 11 0 5 _ 1 8 _ 7 _ 
[00167213] 4 | 6 2 10 11 0 5 _ 1 8 _ 7 _ 
[00167214] 3 | 6 2 10 11 0 5 3 1 8 _ 7 _ 
[00167215] 2 | 6 2 10 11 0 5 3 1 8 _ 7 9 
[00167216] 3 | 6 2 10 11 0 5 _ 1 8 _ 7 4 
[00167217] 4 | _ 2 10 11 0 5 4 1 8 _ 7 _ 
[00167218] 4 | _ 2 10 11 0 5 _ 1 8 4 7 _ 
[00167219] 3 | _ 2 10 11 0 5 3 1 8 4 7 _ 
[00167220] 2 | _ 2 10 11 0 5 3 1 8 4 7 9 
[00167221] 4 | _ 2 10 11 0 5 _ 1 8 _ 7 3 
[00167222] 5 | _ 2 10 11 0 _ 5 1 8 _ 7 _ 
[00167223] 4 | 6 2 10 11 0 _ 5 1 8 _ 7 _ 
[00167224] 3 | 6 2 10 11 0 3 5 1 8 _ 7 _ 
[00167225] 2 | 6 2 10 11 0 3 5 1 8 _ 7 9 
[00167226] 3 | 6 2 10 11 0 _ 5 1 8 _ 7 4 
[00167227] 4 | _ 2 10 11 0 4 5 1 8 _ 7 _ 
[00167228] 4 | _ 2 10 11 0 _ 5 1 8 4 7 _ 
[00167229] 3 | _ 2 10 11 0 3 5 1 8 4 7 _ 
[00167230] 2 | _ 2 10 11 0 3 5 1 8 4 7 9 
[00167231] 4 | _ 2 10 11 0 _ 5 1 8 _ 7 3 
[00167232] 5 | _ 2 10 11 0 _ _ 1 8 3 7 _ 
[00167233] 4 | 6 2 10 11 0 _ _ 1 8 3 7 _ 
[00167234] 3 | 6 2 10 11 0 _ _ 1 8 3 7 4 
[00167235] 4 | _ 2 10 11 0 4 _ 1 8 3 7 _ 
[00167236] 3 | 5 2 10 11 0 4 _ 1 8 3 7 _ 
[00167237] 2 | 5 2 10 11 0 4 _ 1 8 3 7 9 
[00167238] 4 | _ 2 10 11 0 _ 4 1 8 3 7 _ 
[00167239] 3 | 5 2 10 11 0 _ 4 1 8 3 7 _ 
[00167240] 2 | 5 2 10 11 0 _ 4 1 8 3 7 9 
[00167241] 5 | _ 2 10 11 0 _ _ 1 8 _ 7 2 
[00167242] 4 | _ 2 10 11 0 4 _ 1 8 _ 7 2 
[00167243] 3 | _ 2 10 11 0 4 3 1 8 _ 7 2 
[00167244] 2 | _ 2 10 11 0 4 3 1 8 6 7 2 
[00167245] 3 | _ 2 10 11 0 4 _ 1 8 5 7 2 
[00167246] 4 | _ 2 10 11 0 _ 4 1 8 _ 7 2 
[00167247] 3 | _ 2 10 11 0 3 4 1 8 _ 7 2 
[00167248] 2 | _ 2 10 11 0 3 4 1 8 6 7 2 
[00167249] 3 | _ 2 10 11 0 _ 4 1 8 5 7 2 
[00167250] 4 | _ 2 10 11 0 _ _ 1 8 4 7 2 
[00167251] 3 | _ 2 10 11 0 3 _ 1 8 4 7 2 
[00167252] 3 | _ 2 10 11 0 _ 3 1 8 4 7 2 
[00167253] 6 | _ 2 10 11 0 _ _ 1 8 _ 3 9 
[00167254] 5 | 7 2 10 11 0 _ _ 1 8 _ 3 9 
[00167255] 4 | 7 2 10 11 0 4 _ 1 8 _ 3 9 
[00167256] 3 | 7 2 10 11 0 4 _ 1 8 5 3 9 
[00167257] 4 | 7 2 10 11 0 _ 4 1 8 _ 3 9 
[00167258] 3 | 7 2 10 11 0 _ 4 1 8 5 3 9 
[00167259] 4 | 7 2 10 11 0 _ _ 1 8 4 3 9 
[00167260] 5 | _ 2 10 11 0 5 _ 1 8 _ 3 9 
[00167261] 4 | 6 2 10 11 0 5 _ 1 8 _ 3 9 
[00167262] 4 | _ 2 10 11 0 5 4 1 8 _ 3 9 
[00167263] 4 | _ 2 10 11 0 5 _ 1 8 4 3 9 
[00167264] 5 | _ 2 10 11 0 _ 5 1 8 _ 3 9 
[00167265] 4 | 6 2 10 11 0 _ 5 1 8 _ 3 9 
[00167266] 4 | _ 2 10 11 0 4 5 1 8 _ 3 9 
[00167267] 4 | _ 2 10 11 0 _ 5 1 8 4 3 9 
[00167268] 6 | _ 2 10 11 0 _ _ 1 8 _ 9 3 
[00167269] 5 | 7 2 10 11 0 _ _ 1 8 _ 9 3 
[00167270] 4 | 7 2 10 11 0 4 _ 1 8 _ 9 3 
[00167271] 3 | 7 2 10 11 0 4 _ 1 8 5 9 3 
[00167272] 4 | 7 2 10 11 0 _ 4 1 8 _ 9 3 
[00167273] 3 | 7 2 10 11 0 _ 4 1 8 5 9 3 
[00167274] 4 | 7 2 10 11 0 _ _ 1 8 4 9 3 
[00167275] 5 | _ 2 10 11 0 5 _ 1 8 _ 9 3 
[00167276] 4 | 6 2 10 11 0 5 _ 1 8 _ 9 3 
[00167277] 4 | _ 2 10 11 0 5 4 1 8 _ 9 3 
[00167278] 4 | _ 2 10 11 0 5 _ 1 8 4 9 3 
[00167279] 5 | _ 2 10 11 0 _ 5 1 8 _ 9 3 
[00167280] 4 | 6 2 10 11 0 _ 5 1 8 _ 9 3 
[00167281] 4 | _ 2 10 11 0 4 5 1 8 _ 9 3 
[00167282] 4 | _ 2 10 11 0 _ 5 1 8 4 9 3 
[00167283] 7 | _ 2 10 11 0 _ _ 1 _ _ 8 _ 
[00167284] 6 | 8 2 10 11 0 _ _ 1 _ _ 8 _ 
[00167285] 5 | 8 2 10 11 0 5 _ 1 _ _ 8 _ 
[00167286] 4 | 8 2 10 11 0 5 4 1 _ _ 8 _ 
[00167287] 3 | 8 2 10 11 0 5 4 1 3 6 8 _ 
[00167288] 3 | 8 2 10 11 0 5 4 1 6 9 8 _ 
[00167289] 3 | 8 2 10 11 0 5 4 1 6 3 8 _ 
[00167290] 3 | 8 2 10 11 0 5 4 1 9 6 8 _ 
[00167291] 4 | 8 2 10 11 0 5 _ 1 3 7 8 _ 
[00167292] 4 | 8 2 10 11 0 5 _ 1 7 3 8 _ 
[00167293] 5 | 8 2 10 11 0 _ 5 1 _ _ 8 _ 
[00167294] 4 | 8 2 10 11 0 4 5 1 _ _ 8 _ 
[00167295] 3 | 8 2 10 11 0 4 5 1 3 6 8 _ 
[00167296] 3 | 8 2 10 11 0 4 5 1 6 9 8 _ 
[00167297] 3 | 8 2 10 11 0 4 5 1 6 3 8 _ 
[00167298] 3 | 8 2 10 11 0 4 5 1 9 6 8 _ 
[00167299] 4 | 8 2 10 11 0 _ 5 1 3 7 8 _ 
[00167300] 4 | 8 2 10 11 0 _ 5 1 7 3 8 _ 
[00167301] 5 | 8 2 10 11 0 _ _ 1 6 _ 8 _ 
[00167302] 4 | 8 2 10 11 0 4 _ 1 6 _ 8 _ 
[00167303] 3 | 8 2 10 11 0 4 3 1 6 _ 8 _ 
[00167304] 3 | 8 2 10 11 0 4 _ 1 6 3 8 _ 
[00167305] 3 | 8 2 10 11 0 4 _ 1 6 9 8 _ 
[00167306] 4 | 8 2 10 11 0 _ 4 1 6 _ 8 _ 
[00167307] 3 | 8 2 10 11 0 3 4 1 6 _ 8 _ 
[00167308] 3 | 8 2 10 11 0 _ 4 1 6 3 8 _ 
[00167309] 3 | 8 2 10 11 0 _ 4 1 6 9 8 _ 
[00167310] 5 | 8 2 10 11 0 _ _ 1 4 9 8 _ 
[00167311] 5 | 8 2 10 11 0 _ _ 1 9 4 8 _ 
[00167312] 6 | _ 2 10 11 0 6 _ 1 _ _ 8 _ 
[00167313] 5 | 7 2 10 11 0 6 _ 1 _ _ 8 _ 
[00167314] 4 | 7 2 10 11 0 6 4 1 _ _ 8 _ 
[00167315] 3 | 7 2 10 11 0 6 4 1 _ _ 8 5 
[00167316] 2 | 7 2 10 11 0 6 4 1 3 _ 8 5 
[00167317] 4 | 7 2 10 11 0 6 _ 1 5 _ 8 _ 
[00167318] 3 | 7 2 10 11 0 6 3 1 5 _ 8 _ 
[00167319] 3 | 7 2 10 11 0 6 _ 1 5 8 8 _ 
[00167320] 3 | 7 2 10 11 0 6 _ 1 5 _ 8 5 
[00167321] 4 | 7 2 10 11 0 6 _ 1 5 9 8 _ 
[00167322] 3 | 7 2 10 11 0 6 3 1 5 9 8 _ 
[00167323] 4 | 7 2 10 11 0 6 _ 1 9 5 8 _ 
[00167324] 3 | 7 2 10 11 0 6 3 1 9 5 8 _ 
[00167325] 4 | 7 2 10 11 0 6 _ 1 _ _ 8 4 
[00167326] 3 | 7 2 10 11 0 6 3 1 _ _ 8 4 
[00167327] 5 | _ 2 10 11 0 6 5 1 _ _ 8 _ 
[00167328] 4 | _ 2 10 11 0 6 5 1 3 7 8 _ 
[00167329] 4 | _ 2 10 11 0 6 5 1 7 3 8 _ 
[00167330] 4 | _ 2 10 11 0 6 5 1 _ _ 8 4 
[00167331] 5 | _ 2 10 11 0 6 _ 1 4 9 8 _ 
[00167332] 5 | _ 2 10 11 0 6 _ 1 9 4 8 _ 
[00167333] 5 | _ 2 10 11 0 6 _ 1 _ _ 8 3 
[00167334] 4 | _ 2 10 11 0 6 4 1 _ _ 8 3 
[00167335] 3 | 5 2 10 11 0 6 4 1 _ _ 8 3 
[00167336] 2 | 5 2 10 11 0 6 4 1 7 9 8 3 
[00167337] 2 | 5 2 10 11 0 6 4 1 9 7 8 3 
[00167338] 4 | _ 2 10 11 0 6 _ 1 5 _ 8 3 
[00167339] 3 | 5 2 10 11 0 6 _ 1 5 _ 8 3 
[00167340] 3 | _ 2 10 11 0 6 _ 1 5 2 8 3 
[00167341] 4 | _ 2 10 11 0 6 _ 1 5 9 8 3 
[00167342] 4 | _ 2 10 11 0 6 _ 1 9 5 8 3 
[00167343] 6 | _ 2 10 11 0 _ 6 1 _ _ 8 _ 
[00167344] 5 | 7 2 10 11 0 _ 6 1 _ _ 8 _ 
[00167345] 4 | 7 2 10 11 0 4 6 1 _ _ 8 _ 
[00167346] 3 | 7 2 10 11 0 4 6 1 _ _ 8 5 
[00167347] 2 | 7 2 10 11 0 4 6 1 3 _ 8 5 
[00167348] 4 | 7 2 10 11 0 _ 6 1 5 _ 8 _ 
[00167349] 3 | 7 2 10 11 0 3 6 1 5 _ 8 _ 
[00167350] 3 | 7 2 10 11 0 _ 6 1 5 8 8 _ 
[00167351] 3 | 7 2 10 11 0 _ 6 1 5 _ 8 5 
[00167352] 4 | 7 2 10 11 0 _ 6 1 5 9 8 _ 
[00167353] 3 | 7 2 10 11 0 3 6 1 5 9 8 _ 
[00167354] 4 | 7 2 10 11 0 _ 6 1 9 5 8 _ 
[00167355] 3 | 7 2 10 11 0 3 6 1 9 5 8 _ 
[00167356] 4 | 7 2 10 11 0 _ 6 1 _ _ 8 4 
[00167357] 3 | 7 2 10 11 0 3 6 1 _ _ 8 4 
[00167358] 5 | _ 2 10 11 0 5 6 1 _ _ 8 _ 
[00167359] 4 | _ 2 10 11 0 5 6 1 3 7 8 _ 
[00167360] 4 | _ 2 10 11 0 5 6 1 7 3 8 _ 
[00167361] 4 | _ 2 10 11 0 5 6 1 _ _ 8 4 
[00167362] 5 | _ 2 10 11 0 _ 6 1 4 9 8 _ 
[00167363] 5 | _ 2 10 11 0 _ 6 1 9 4 8 _ 
[00167364] 5 | _ 2 10 11 0 _ 6 1 _ _ 8 3 
[00167365] 4 | _ 2 10 11 0 4 6 1 _ _ 8 3 
[00167366] 3 | 5 2 10 11 0 4 6 1 _ _ 8 3 
[00167367] 2 | 5 2 10 11 0 4 6 1 7 9 8 3 
[00167368] 2 | 5 2 10 11 0 4 6 1 9 7 8 3 
[00167369] 4 | _ 2 10 11 0 _ 6 1 5 _ 8 3 
[00167370] 3 | 5 2 10 11 0 _ 6 1 5 _ 8 3 
[00167371] 3 | _ 2 10 11 0 _ 6 1 5 2 8 3 
[00167372] 4 | _ 2 10 11 0 _ 6 1 5 9 8 3 
[00167373] 4 | _ 2 10 11 0 _ 6 1 9 5 8 3 
[00167374] 6 | _ 2 10 11 0 _ _ 1 7 _ 8 _ 
[00167375] 5 | 7 2 10 11 0 _ _ 1 7 _ 8 _ 
[00167376] 4 | 7 2 10 11 0 4 _ 1 7 _ 8 _ 
[00167377] 3 | 7 2 10 11 0 4 3 1 7 _ 8 _ 
[00167378] 2 | 7 2 10 11 0 4 3 1 7 _ 8 6 
[00167379] 3 | 7 2 10 11 0 4 _ 1 7 _ 8 5 
[00167380] 4 | 7 2 10 11 0 _ 4 1 7 _ 8 _ 
[00167381] 3 | 7 2 10 11 0 3 4 1 7 _ 8 _ 
[00167382] 2 | 7 2 10 11 0 3 4 1 7 _ 8 6 
[00167383] 3 | 7 2 10 11 0 _ 4 1 7 _ 8 5 
[00167384] 4 | 7 2 10 11 0 _ _ 1 7 _ 8 4 
[00167385] 3 | 7 2 10 11 0 3 _ 1 7 _ 8 4 
[00167386] 3 | 7 2 10 11 0 _ 3 1 7 _ 8 4 
[00167387] 5 | _ 2 10 11 0 5 _ 1 7 _ 8 _ 
[00167388] 4 | 6 2 10 11 0 5 _ 1 7 _ 8 _ 
[00167389] 3 | 6 2 10 11 0 5 3 1 7 _ 8 _ 
[00167390] 2 | 6 2 10 11 0 5 3 1 7 9 8 _ 
[00167391] 3 | 6 2 10 11 0 5 _ 1 7 4 8 _ 
[00167392] 4 | _ 2 10 11 0 5 4 1 7 _ 8 _ 
[00167393] 4 | _ 2 10 11 0 5 _ 1 7 3 8 _ 
[00167394] 4 | _ 2 10 11 0 5 _ 1 7 _ 8 4 
[00167395] 3 | _ 2 10 11 0 5 3 1 7 _ 8 4 
[00167396] 2 | _ 2 10 11 0 5 3 1 7 9 8 4 
[00167397] 5 | _ 2 10 11 0 _ 5 1 7 _ 8 _ 
[00167398] 4 | 6 2 10 11 0 _ 5 1 7 _ 8 _ 
[00167399] 3 | 6 2 10 11 0 3 5 1 7 _ 8 _ 
[00167400] 2 | 6 2 10 11 0 3 5 1 7 9 8 _ 
[00167401] 3 | 6 2 10 11 0 _ 5 1 7 4 8 _ 
[00167402] 4 | _ 2 10 11 0 4 5 1 7 _ 8 _ 
[00167403] 4 | _ 2 10 11 0 _ 5 1 7 3 8 _ 
[00167404] 4 | _ 2 10 11 0 _ 5 1 7 _ 8 4 
[00167405] 3 | _ 2 10 11 0 3 5 1 7 _ 8 4 
[00167406] 2 | _ 2 10 11 0 3 5 1 7 9 8 4 
[00167407] 5 | _ 2 10 11 0 _ _ 1 7 2 8 _ 
[00167408] 4 | _ 2 10 11 0 4 _ 1 7 2 8 _ 
[00167409] 3 | _ 2 10 11 0 4 3 1 7 2 8 _ 
[00167410] 2 | _ 2 10 11 0 4 3 1 7 2 8 6 
[00167411] 3 | _ 2 10 11 0 4 _ 1 7 2 8 5 
[00167412] 4 | _ 2 10 11 0 _ 4 1 7 2 8 _ 
[00167413] 3 | _ 2 10 11 0 3 4 1 7 2 8 _ 
[00167414] 2 | _ 2 10 11 0 3 4 1 7 2 8 6 
[00167415] 3 | _ 2 10 11 0 _ 4 1 7 2 8 5 
[00167416] 4 | _ 2 10 11 0 _ _ 1 7 2 8 4 
[00167417] 3 | _ 2 10 11 0 3 _ 1 7 2 8 4 
[00167418] 3 | _ 2 10 11 0 _ 3 1 7 2 8 4 
[00167419] 5 | _ 2 10 11 0 _ _ 1 7 _ 8 3 
[00167420] 4 | 6 2 10 11 0 _ _ 1 7 _ 8 3 
[00167421] 3 | 6 2 10 11 0 _ _ 1 7 4 8 3 
[00167422] 4 | _ 2 10 11 0 4 _ 1 7 _ 8 3 
[00167423] 3 | 5 2 10 11 0 4 _ 1 7 _ 8 3 
[00167424] 2 | 5 2 10 11 0 4 _ 1 7 9 8 3 
[00167425] 4 | _ 2 10 11 0 _ 4 1 7 _ 8 3 
[00167426] 3 | 5 2 10 11 0 _ 4 1 7 _ 8 3 
[00167427] 2 | 5 2 10 11 0 _ 4 1 7 9 8 3 
[00167428] 6 | _ 2 10 11 0 _ _ 1 3 9 8 _ 
[00167429] 5 | 7 2 10 11 0 _ _ 1 3 9 8 _ 
[00167430] 4 | 7 2 10 11 0 4 _ 1 3 9 8 _ 
[00167431] 3 | 7 2 10 11 0 4 _ 1 3 9 8 5 
[00167432] 4 | 7 2 10 11 0 _ 4 1 3 9 8 _ 
[00167433] 3 | 7 2 10 11 0 _ 4 1 3 9 8 5 
[00167434] 4 | 7 2 10 11 0 _ _ 1 3 9 8 4 
[00167435] 5 | _ 2 10 11 0 5 _ 1 3 9 8 _ 
[00167436] 4 | 6 2 10 11 0 5 _ 1 3 9 8 _ 
[00167437] 4 | _ 2 10 11 0 5 4 1 3 9 8 _ 
[00167438] 4 | _ 2 10 11 0 5 _ 1 3 9 8 4 
[00167439] 5 | _ 2 10 11 0 _ 5 1 3 9 8 _ 
[00167440] 4 | 6 2 10 11 0 _ 5 1 3 9 8 _ 
[00167441] 4 | _ 2 10 11 0 4 5 1 3 9 8 _ 
[00167442] 4 | _ 2 10 11 0 _ 5 1 3 9 8 4 
[00167443] 6 | _ 2 10 11 0 _ _ 1 9 3 8 _ 
[00167444] 5 | 7 2 10 11 0 _ _ 1 9 3 8 _ 
[00167445] 4 | 7 2 10 11 0 4 _ 1 9 3 8 _ 
[00167446] 3 | 7 2 10 11 0 4 _ 1 9 3 8 5 
[00167447] 4 | 7 2 10 11 0 _ 4 1 9 3 8 _ 
[00167448] 3 | 7 2 10 11 0 _ 4 1 9 3 8 5 
[00167449] 4 | 7 2 10 11 0 _ _ 1 9 3 8 4 
[00167450] 5 | _ 2 10 11 0 5 _ 1 9 3 8 _ 
[00167451] 4 | 6 2 10 11 0 5 _ 1 9 3 8 _ 
[00167452] 4 | _ 2 10 11 0 5 4 1 9 3 8 _ 
[00167453] 4 | _ 2 10 11 0 5 _ 1 9 3 8 4 
[00167454] 5 | _ 2 10 11 0 _ 5 1 9 3 8 _ 
[00167455] 4 | 6 2 10 11 0 _ 5 1 9 3 8 _ 
[00167456] 4 | _ 2 10 11 0 4 5 1 9 3 8 _ 
[00167457] 4 | _ 2 10 11 0 _ 5 1 9 3 8 4 
[00167458] 6 | _ 2 10 11 0 _ _ 1 _ _ 8 2 
[00167459] 5 | _ 2 10 11 0 5 _ 1 _ _ 8 2 
[00167460] 4 | _ 2 10 11 0 5 4 1 _ _ 8 2 
[00167461] 3 | _ 2 10 11 0 5 4 1 3 6 8 2 
[00167462] 3 | _ 2 10 11 0 5 4 1 6 9 8 2 
[00167463] 3 | _ 2 10 11 0 5 4 1 6 3 8 2 
[00167464] 3 | _ 2 10 11 0 5 4 1 9 6 8 2 
[00167465] 4 | _ 2 10 11 0 5 _ 1 3 7 8 2 
[00167466] 4 | _ 2 10 11 0 5 _ 1 7 3 8 2 
[00167467] 5 | _ 2 10 11 0 _ 5 1 _ _ 8 2 
[00167468] 4 | _ 2 10 11 0 4 5 1 _ _ 8 2 
[00167469] 3 | _ 2 10 11 0 4 5 1 3 6 8 2 
[00167470] 3 | _ 2 10 11 0 4 5 1 6 9 8 2 
[00167471] 3 | _ 2 10 11 0 4 5 1 6 3 8 2 
[00167472] 3 | _ 2 10 11 0 4 5 1 9 6 8 2 
[00167473] 4 | _ 2 10 11 0 _ 5 1 3 7 8 2 
[00167474] 4 | _ 2 10 11 0 _ 5 1 7 3 8 2 
[00167475] 5 | _ 2 10 11 0 _ _ 1 6 _ 8 2 
[00167476] 4 | _ 2 10 11 0 4 _ 1 6 _ 8 2 
[00167477] 3 | _ 2 10 11 0 4 3 1 6 _ 8 2 
[00167478] 3 | _ 2 10 11 0 4 _ 1 6 3 8 2 
[00167479] 3 | _ 2 10 11 0 4 _ 1 6 9 8 2 
[00167480] 4 | _ 2 10 11 0 _ 4 1 6 _ 8 2 
[00167481] 3 | _ 2 10 11 0 3 4 1 6 _ 8 2 
[00167482] 3 | _ 2 10 11 0 _ 4 1 6 3 8 2 
[00167483] 3 | _ 2 10 11 0 _ 4 1 6 9 8 2 
[00167484] 5 | _ 2 10 11 0 _ _ 1 4 9 8 2 
[00167485] 5 | _ 2 10 11 0 _ _ 1 9 4 8 2 
[00167486] 8 | _ 2 _ 11 0 8 _ 1 _ _ _ _ 
[00167487] 7 | 9 2 _ 11 0 8 _ 1 _ _ _ _ 
[00167488] 6 | 9 2 _ 11 0 8 6 1 _ _ _ _ 
[00167489] 5 | 9 2 7 11 0 8 6 1 _ _ _ _ 
[00167490] 4 | 9 2 7 11 0 8 6 1 5 _ _ _ 
[00167491] 3 | 9 2 7 11 0 8 6 1 5 _ 4 _ 
[00167492] 2 | 9 2 7 11 0 8 6 1 5 3 4 _ 
[00167493] 4 | 9 2 7 11 0 8 6 1 _ _ 5 _ 
[00167494] 3 | 9 2 7 11 0 8 6 1 4 _ 5 _ 
[00167495] 2 | 9 2 7 11 0 8 6 1 4 _ 5 3 
[00167496] 5 | 9 2 _ 11 0 8 6 1 5 10 _ _ 
[00167497] 4 | 9 2 _ 11 0 8 6 1 5 10 3 7 
[00167498] 4 | 9 2 _ 11 0 8 6 1 5 10 7 3 
[00167499] 5 | 9 2 _ 11 0 8 6 1 10 5 _ _ 
[00167500] 4 | 9 2 _ 11 0 8 6 1 10 5 3 7 
[00167501] 4 | 9 2 _ 11 0 8 6 1 10 5 7 3 
[00167502] 5 | 9 2 _ 11 0 8 6 1 _ _ 5 10 
[00167503] 4 | 9 2 _ 11 0 8 6 1 3 7 5 10 
[00167504] 4 | 9 2 _ 11 0 8 6 1 7 3 5 10 
[00167505] 5 | 9 2 _ 11 0 8 6 1 _ _ 10 5 
[00167506] 4 | 9 2 _ 11 0 8 6 1 3 7 10 5 
[00167507] 4 | 9 2 _ 11 0 8 6 1 7 3 10 5 
[00167508] 6 | 9 2 _ 11 0 8 _ 1 7 _ _ _ 
[00167509] 5 | 9 2 7 11 0 8 _ 1 7 _ _ _ 
[00167510] 4 | 9 2 7 11 0 8 4 1 7 _ _ _ 
[00167511] 3 | 9 2 7 11 0 8 4 1 7 _ 3 6 
[00167512] 3 | 9 2 7 11 0 8 4 1 7 _ 6 3 
[00167513] 4 | 9 2 7 11 0 8 _ 1 7 _ 5 _ 
[00167514] 3 | 9 2 7 11 0 8 3 1 7 _ 5 _ 
[00167515] 4 | 9 2 7 11 0 8 _ 1 7 _ 6 10 
[00167516] 3 | 9 2 7 11 0 8 3 1 7 _ 6 10 
[00167517] 4 | 9 2 7 11 0 8 _ 1 7 _ 10 6 
[00167518] 3 | 9 2 7 11 0 8 3 1 7 _ 10 6 
[00167519] 5 | 9 2 _ 11 0 8 5 1 7 _ _ _ 
[00167520] 4 | 9 2 6 11 0 8 5 1 7 _ _ _ 
[00167521] 3 | 9 2 6 11 0 8 5 1 7 4 _ _ 
[00167522] 2 | 9 2 6 11 0 8 5 1 7 4 3 _ 
[00167523] 3 | 9 2 6 11 0 8 5 1 7 10 _ _ 
[00167524] 2 | 9 2 6 11 0 8 5 1 7 10 3 _ 
[00167525] 1 | 9 2 6 11 0 8 5 1 7 10 3 4  *Graceful*
[00167525] 3 | 9 2 6 11 0 8 5 1 7 _ 4 _ 
[00167526] 4 | 9 2 _ 11 0 8 5 1 7 3 _ _ 
[00167527] 3 | 9 2 _ 11 0 8 5 1 7 3 4 _ 
[00167528] 2 | 9 2 4 11 0 8 5 1 7 3 4 _ 
[00167529] 2 | 9 2 _ 11 0 8 5 1 7 3 4 2 
[00167530] 2 | 9 2 _ 11 0 8 5 1 7 3 4 6 
[00167531] 4 | 9 2 _ 11 0 8 5 1 7 _ 6 10 
[00167532] 3 | 9 2 _ 11 0 8 5 1 7 4 6 10 
[00167533] 4 | 9 2 _ 11 0 8 5 1 7 _ 10 6 
[00167534] 3 | 9 2 _ 11 0 8 5 1 7 4 10 6 
[00167535] 5 | 9 2 _ 11 0 8 _ 1 7 2 _ _ 
[00167536] 4 | 9 2 _ 11 0 8 4 1 7 2 _ _ 
[00167537] 3 | 9 2 _ 11 0 8 4 1 7 2 3 6 
[00167538] 3 | 9 2 _ 11 0 8 4 1 7 2 6 3 
[00167539] 4 | 9 2 _ 11 0 8 _ 1 7 2 5 _ 
[00167540] 3 | 9 2 _ 11 0 8 3 1 7 2 5 _ 
[00167541] 4 | 9 2 _ 11 0 8 _ 1 7 2 6 10 
[00167542] 3 | 9 2 _ 11 0 8 3 1 7 2 6 10 
[00167543] 4 | 9 2 _ 11 0 8 _ 1 7 2 10 6 
[00167544] 3 | 9 2 _ 11 0 8 3 1 7 2 10 6 
[00167545] 5 | 9 2 _ 11 0 8 _ 1 7 _ 6 _ 
[00167546] 4 | 9 2 6 11 0 8 _ 1 7 _ 6 _ 
[00167547] 3 | 9 2 6 11 0 8 3 1 7 _ 6 _ 
