[00135315] 3 | 4 8 _ 0 11 8 2 10 6 1 3 9 
[00135316] 4 | _ 8 4 0 11 _ 2 10 6 1 3 9 
[00135317] 3 | 5 8 4 0 11 _ 2 10 6 1 3 9 
[00135318] 3 | 11 8 4 0 11 _ 2 10 6 1 3 9 
[00135319] 3 | _ 8 4 0 11 8 2 10 6 1 3 9 
[00135320] 4 | _ 8 _ 0 11 7 2 10 6 1 3 9 
[00135321] 3 | 5 8 _ 0 11 7 2 10 6 1 3 9 
[00135322] 3 | _ 8 5 0 11 7 2 10 6 1 3 9 
[00135323] 8 | _ _ _ 0 11 3 2 10 _ _ _ _ 
[00135324] 7 | 1 8 _ 0 11 3 2 10 _ _ _ _ 
[00135325] 7 | 8 1 _ 0 11 3 2 10 _ _ _ _ 
[00135326] 6 | 8 1 7 0 11 3 2 10 _ _ _ _ 
[00135327] 5 | 8 1 7 0 11 3 2 10 5 _ _ _ 
[00135328] 4 | 8 1 7 0 11 3 2 10 5 9 _ _ 
[00135329] 4 | 8 1 7 0 11 3 2 10 5 _ 6 _ 
[00135330] 3 | 8 1 7 0 11 3 2 10 5 _ 6 9 
[00135331] 5 | 8 1 7 0 11 3 2 10 4 9 _ _ 
[00135332] 4 | 8 1 7 0 11 3 2 10 4 9 6 _ 
[00135333] 5 | 8 1 7 0 11 3 2 10 9 4 _ _ 
[00135334] 4 | 8 1 7 0 11 3 2 10 9 4 6 _ 
[00135335] 5 | 8 1 7 0 11 3 2 10 _ _ 5 _ 
[00135336] 4 | 8 1 7 0 11 3 2 10 6 _ 5 _ 
[00135337] 3 | 8 1 7 0 11 3 2 10 6 9 5 _ 
[00135338] 4 | 8 1 7 0 11 3 2 10 _ _ 5 9 
[00135339] 5 | 8 1 7 0 11 3 2 10 _ _ 4 9 
[00135340] 4 | 8 1 7 0 11 3 2 10 6 _ 4 9 
[00135341] 5 | 8 1 7 0 11 3 2 10 _ _ 9 4 
[00135342] 4 | 8 1 7 0 11 3 2 10 6 _ 9 4 
[00135343] 6 | 8 1 _ 0 11 3 2 10 4 _ _ _ 
[00135344] 5 | 8 1 6 0 11 3 2 10 4 _ _ _ 
[00135345] 4 | 8 1 6 0 11 3 2 10 4 _ 5 9 
[00135346] 3 | 8 1 6 0 11 3 2 10 4 7 5 9 
[00135347] 4 | 8 1 6 0 11 3 2 10 4 _ 9 5 
[00135348] 3 | 8 1 6 0 11 3 2 10 4 7 9 5 
[00135349] 5 | 8 1 _ 0 11 3 2 10 4 9 _ _ 
[00135350] 4 | 8 1 5 0 11 3 2 10 4 9 _ _ 
[00135351] 3 | 8 1 5 0 11 3 2 10 4 9 7 _ 
[00135352] 4 | 8 1 _ 0 11 3 2 10 4 9 6 _ 
[00135353] 5 | 8 1 _ 0 11 3 2 10 4 _ 5 _ 
[00135354] 4 | 8 1 5 0 11 3 2 10 4 _ 5 _ 
[00135355] 3 | 8 1 5 0 11 3 2 10 4 7 5 _ 
[00135356] 4 | 8 1 _ 0 11 3 2 10 4 _ 5 1 
[00135357] 3 | 8 1 _ 0 11 3 2 10 4 7 5 1 
[00135358] 4 | 8 1 _ 0 11 3 2 10 4 _ 5 9 
[00135359] 3 | 8 1 4 0 11 3 2 10 4 _ 5 9 
[00135360] 3 | 8 1 _ 0 11 3 2 10 4 1 5 9 
[00135361] 3 | 8 1 _ 0 11 3 2 10 4 7 5 9 
[00135362] 6 | 8 1 _ 0 11 3 2 10 _ _ 4 _ 
[00135363] 5 | 8 1 6 0 11 3 2 10 _ _ 4 _ 
[00135364] 4 | 8 1 6 0 11 3 2 10 5 9 4 _ 
[00135365] 3 | 8 1 6 0 11 3 2 10 5 9 4 7 
[00135366] 4 | 8 1 6 0 11 3 2 10 9 5 4 _ 
[00135367] 3 | 8 1 6 0 11 3 2 10 9 5 4 7 
[00135368] 5 | 8 1 _ 0 11 3 2 10 5 _ 4 _ 
[00135369] 4 | 8 1 5 0 11 3 2 10 5 _ 4 _ 
[00135370] 3 | 8 1 5 0 11 3 2 10 5 _ 4 7 
[00135371] 4 | 8 1 _ 0 11 3 2 10 5 1 4 _ 
[00135372] 3 | 8 1 _ 0 11 3 2 10 5 1 4 7 
[00135373] 4 | 8 1 _ 0 11 3 2 10 5 9 4 _ 
[00135374] 3 | 8 1 4 0 11 3 2 10 5 9 4 _ 
[00135375] 3 | 8 1 _ 0 11 3 2 10 5 9 4 1 
[00135376] 3 | 8 1 _ 0 11 3 2 10 5 9 4 7 
[00135377] 5 | 8 1 _ 0 11 3 2 10 _ _ 4 9 
[00135378] 4 | 8 1 5 0 11 3 2 10 _ _ 4 9 
[00135379] 3 | 8 1 5 0 11 3 2 10 7 _ 4 9 
[00135380] 4 | 8 1 _ 0 11 3 2 10 6 _ 4 9 
[00135381] 7 | _ 1 8 0 11 3 2 10 _ _ _ _ 
[00135382] 6 | 7 1 8 0 11 3 2 10 _ _ _ _ 
[00135383] 5 | 7 1 8 0 11 3 2 10 5 _ _ _ 
[00135384] 4 | 7 1 8 0 11 3 2 10 5 9 _ _ 
[00135385] 4 | 7 1 8 0 11 3 2 10 5 _ 6 _ 
[00135386] 3 | 7 1 8 0 11 3 2 10 5 _ 6 9 
[00135387] 5 | 7 1 8 0 11 3 2 10 4 9 _ _ 
[00135388] 4 | 7 1 8 0 11 3 2 10 4 9 6 _ 
[00135389] 5 | 7 1 8 0 11 3 2 10 9 4 _ _ 
[00135390] 4 | 7 1 8 0 11 3 2 10 9 4 6 _ 
[00135391] 5 | 7 1 8 0 11 3 2 10 _ _ 5 _ 
[00135392] 4 | 7 1 8 0 11 3 2 10 6 _ 5 _ 
[00135393] 3 | 7 1 8 0 11 3 2 10 6 9 5 _ 
[00135394] 4 | 7 1 8 0 11 3 2 10 _ _ 5 9 
[00135395] 5 | 7 1 8 0 11 3 2 10 _ _ 4 9 
[00135396] 4 | 7 1 8 0 11 3 2 10 6 _ 4 9 
[00135397] 5 | 7 1 8 0 11 3 2 10 _ _ 9 4 
[00135398] 4 | 7 1 8 0 11 3 2 10 6 _ 9 4 
[00135399] 6 | _ 1 8 0 11 3 2 10 4 _ _ _ 
[00135400] 5 | 6 1 8 0 11 3 2 10 4 _ _ _ 
[00135401] 4 | 6 1 8 0 11 3 2 10 4 _ 5 9 
[00135402] 3 | 6 1 8 0 11 3 2 10 4 7 5 9 
[00135403] 4 | 6 1 8 0 11 3 2 10 4 _ 9 5 
[00135404] 3 | 6 1 8 0 11 3 2 10 4 7 9 5 
[00135405] 5 | _ 1 8 0 11 3 2 10 4 9 _ _ 
[00135406] 4 | 5 1 8 0 11 3 2 10 4 9 _ _ 
[00135407] 3 | 5 1 8 0 11 3 2 10 4 9 7 _ 
[00135408] 4 | _ 1 8 0 11 3 2 10 4 9 6 _ 
[00135409] 5 | _ 1 8 0 11 3 2 10 4 _ 5 _ 
[00135410] 4 | 5 1 8 0 11 3 2 10 4 _ 5 _ 
[00135411] 3 | 5 1 8 0 11 3 2 10 4 7 5 _ 
[00135412] 4 | _ 1 8 0 11 3 2 10 4 _ 5 1 
[00135413] 3 | _ 1 8 0 11 3 2 10 4 7 5 1 
[00135414] 4 | _ 1 8 0 11 3 2 10 4 _ 5 9 
[00135415] 3 | 4 1 8 0 11 3 2 10 4 _ 5 9 
[00135416] 3 | _ 1 8 0 11 3 2 10 4 1 5 9 
[00135417] 3 | _ 1 8 0 11 3 2 10 4 7 5 9 
[00135418] 6 | _ 1 8 0 11 3 2 10 _ _ 4 _ 
[00135419] 5 | 6 1 8 0 11 3 2 10 _ _ 4 _ 
[00135420] 4 | 6 1 8 0 11 3 2 10 5 9 4 _ 
[00135421] 3 | 6 1 8 0 11 3 2 10 5 9 4 7 
[00135422] 4 | 6 1 8 0 11 3 2 10 9 5 4 _ 
[00135423] 3 | 6 1 8 0 11 3 2 10 9 5 4 7 
[00135424] 5 | _ 1 8 0 11 3 2 10 5 _ 4 _ 
[00135425] 4 | 5 1 8 0 11 3 2 10 5 _ 4 _ 
[00135426] 3 | 5 1 8 0 11 3 2 10 5 _ 4 7 
[00135427] 4 | _ 1 8 0 11 3 2 10 5 1 4 _ 
[00135428] 3 | _ 1 8 0 11 3 2 10 5 1 4 7 
[00135429] 4 | _ 1 8 0 11 3 2 10 5 9 4 _ 
[00135430] 3 | 4 1 8 0 11 3 2 10 5 9 4 _ 
[00135431] 3 | _ 1 8 0 11 3 2 10 5 9 4 1 
[00135432] 3 | _ 1 8 0 11 3 2 10 5 9 4 7 
[00135433] 5 | _ 1 8 0 11 3 2 10 _ _ 4 9 
[00135434] 4 | 5 1 8 0 11 3 2 10 _ _ 4 9 
[00135435] 3 | 5 1 8 0 11 3 2 10 7 _ 4 9 
[00135436] 4 | _ 1 8 0 11 3 2 10 6 _ 4 9 
[00135437] 7 | _ 8 1 0 11 3 2 10 _ _ _ _ 
[00135438] 7 | _ 7 _ 0 11 3 2 10 _ _ _ _ 
[00135439] 6 | 1 7 _ 0 11 3 2 10 _ _ _ _ 
[00135440] 5 | 1 7 _ 0 11 3 2 10 5 _ _ _ 
[00135441] 4 | 1 7 _ 0 11 3 2 10 5 9 _ _ 
[00135442] 3 | 1 7 4 0 11 3 2 10 5 9 _ _ 
[00135443] 2 | 1 7 4 0 11 3 2 10 5 9 8 _ 
[00135444] 2 | 1 7 4 0 11 3 2 10 5 9 6 8 
[00135445] 2 | 1 7 4 0 11 3 2 10 5 9 8 6 
[00135446] 3 | 1 7 10 0 11 3 2 10 5 9 _ _ 
[00135447] 2 | 1 7 10 0 11 3 2 10 5 9 4 6 
[00135448] 2 | 1 7 10 0 11 3 2 10 5 9 6 8 
[00135449] 2 | 1 7 10 0 11 3 2 10 5 9 6 4 
[00135450] 2 | 1 7 10 0 11 3 2 10 5 9 8 6 
[00135451] 3 | 1 7 _ 0 11 3 2 10 5 9 7 _ 
[00135452] 4 | 1 7 _ 0 11 3 2 10 5 _ 6 _ 
[00135453] 3 | 1 7 4 0 11 3 2 10 5 _ 6 _ 
[00135454] 2 | 1 7 4 0 11 3 2 10 5 _ 6 8 
[00135455] 3 | 1 7 _ 0 11 3 2 10 5 8 6 _ 
[00135456] 2 | 1 7 9 0 11 3 2 10 5 8 6 _ 
[00135457] 2 | 1 7 _ 0 11 3 2 10 5 8 6 4 
[00135458] 3 | 1 7 _ 0 11 3 2 10 5 _ 6 9 
[00135459] 2 | 1 7 5 0 11 3 2 10 5 _ 6 9 
[00135460] 2 | 1 7 _ 0 11 3 2 10 5 7 6 9 
[00135461] 4 | 1 7 _ 0 11 3 2 10 5 _ 4 8 
[00135462] 4 | 1 7 _ 0 11 3 2 10 5 _ 8 4 
[00135463] 5 | 1 7 _ 0 11 3 2 10 4 9 _ _ 
[00135464] 4 | 1 7 _ 0 11 3 2 10 4 9 6 _ 
[00135465] 5 | 1 7 _ 0 11 3 2 10 9 4 _ _ 
[00135466] 4 | 1 7 _ 0 11 3 2 10 9 4 6 _ 
[00135467] 5 | 1 7 _ 0 11 3 2 10 _ _ 5 _ 
[00135468] 4 | 1 7 _ 0 11 3 2 10 6 _ 5 _ 
[00135469] 3 | 1 7 4 0 11 3 2 10 6 _ 5 _ 
[00135470] 2 | 1 7 4 0 11 3 2 10 6 8 5 _ 
[00135471] 3 | 1 7 _ 0 11 3 2 10 6 9 5 _ 
[00135472] 2 | 1 7 5 0 11 3 2 10 6 9 5 _ 
[00135473] 2 | 1 7 _ 0 11 3 2 10 6 9 5 7 
[00135474] 3 | 1 7 _ 0 11 3 2 10 6 _ 5 8 
[00135475] 2 | 1 7 9 0 11 3 2 10 6 _ 5 8 
[00135476] 2 | 1 7 _ 0 11 3 2 10 6 4 5 8 
[00135477] 4 | 1 7 _ 0 11 3 2 10 4 8 5 _ 
[00135478] 4 | 1 7 _ 0 11 3 2 10 8 4 5 _ 
[00135479] 4 | 1 7 _ 0 11 3 2 10 _ _ 5 9 
[00135480] 3 | 1 7 4 0 11 3 2 10 _ _ 5 9 
[00135481] 2 | 1 7 4 0 11 3 2 10 8 _ 5 9 
[00135482] 2 | 1 7 4 0 11 3 2 10 6 8 5 9 
[00135483] 2 | 1 7 4 0 11 3 2 10 8 6 5 9 
[00135484] 3 | 1 7 10 0 11 3 2 10 _ _ 5 9 
[00135485] 2 | 1 7 10 0 11 3 2 10 4 6 5 9 
[00135486] 2 | 1 7 10 0 11 3 2 10 6 8 5 9 
[00135487] 2 | 1 7 10 0 11 3 2 10 6 4 5 9 
[00135488] 2 | 1 7 10 0 11 3 2 10 8 6 5 9 
[00135489] 3 | 1 7 _ 0 11 3 2 10 7 _ 5 9 
[00135490] 5 | 1 7 _ 0 11 3 2 10 _ _ 4 9 
[00135491] 4 | 1 7 _ 0 11 3 2 10 6 _ 4 9 
[00135492] 5 | 1 7 _ 0 11 3 2 10 _ _ 9 4 
[00135493] 4 | 1 7 _ 0 11 3 2 10 6 _ 9 4 
[00135494] 6 | _ 7 1 0 11 3 2 10 _ _ _ _ 
[00135495] 5 | _ 7 1 0 11 3 2 10 5 _ _ _ 
[00135496] 4 | _ 7 1 0 11 3 2 10 5 9 _ _ 
[00135497] 3 | 4 7 1 0 11 3 2 10 5 9 _ _ 
[00135498] 2 | 4 7 1 0 11 3 2 10 5 9 8 _ 
[00135499] 2 | 4 7 1 0 11 3 2 10 5 9 6 8 
[00135500] 2 | 4 7 1 0 11 3 2 10 5 9 8 6 
[00135501] 3 | 10 7 1 0 11 3 2 10 5 9 _ _ 
[00135502] 2 | 10 7 1 0 11 3 2 10 5 9 4 6 
[00135503] 2 | 10 7 1 0 11 3 2 10 5 9 6 8 
[00135504] 2 | 10 7 1 0 11 3 2 10 5 9 6 4 
[00135505] 2 | 10 7 1 0 11 3 2 10 5 9 8 6 
[00135506] 3 | _ 7 1 0 11 3 2 10 5 9 7 _ 
[00135507] 4 | _ 7 1 0 11 3 2 10 5 _ 6 _ 
[00135508] 3 | 4 7 1 0 11 3 2 10 5 _ 6 _ 
[00135509] 2 | 4 7 1 0 11 3 2 10 5 _ 6 8 
[00135510] 3 | _ 7 1 0 11 3 2 10 5 8 6 _ 
[00135511] 2 | 9 7 1 0 11 3 2 10 5 8 6 _ 
[00135512] 2 | _ 7 1 0 11 3 2 10 5 8 6 4 
[00135513] 3 | _ 7 1 0 11 3 2 10 5 _ 6 9 
[00135514] 2 | 5 7 1 0 11 3 2 10 5 _ 6 9 
[00135515] 2 | _ 7 1 0 11 3 2 10 5 7 6 9 
[00135516] 4 | _ 7 1 0 11 3 2 10 5 _ 4 8 
[00135517] 4 | _ 7 1 0 11 3 2 10 5 _ 8 4 
[00135518] 5 | _ 7 1 0 11 3 2 10 4 9 _ _ 
[00135519] 4 | _ 7 1 0 11 3 2 10 4 9 6 _ 
[00135520] 5 | _ 7 1 0 11 3 2 10 9 4 _ _ 
[00135521] 4 | _ 7 1 0 11 3 2 10 9 4 6 _ 
[00135522] 5 | _ 7 1 0 11 3 2 10 _ _ 5 _ 
[00135523] 4 | _ 7 1 0 11 3 2 10 6 _ 5 _ 
[00135524] 3 | 4 7 1 0 11 3 2 10 6 _ 5 _ 
[00135525] 2 | 4 7 1 0 11 3 2 10 6 8 5 _ 
[00135526] 3 | _ 7 1 0 11 3 2 10 6 9 5 _ 
[00135527] 2 | 5 7 1 0 11 3 2 10 6 9 5 _ 
[00135528] 2 | _ 7 1 0 11 3 2 10 6 9 5 7 
[00135529] 3 | _ 7 1 0 11 3 2 10 6 _ 5 8 
[00135530] 2 | 9 7 1 0 11 3 2 10 6 _ 5 8 
[00135531] 2 | _ 7 1 0 11 3 2 10 6 4 5 8 
[00135532] 4 | _ 7 1 0 11 3 2 10 4 8 5 _ 
[00135533] 4 | _ 7 1 0 11 3 2 10 8 4 5 _ 
[00135534] 4 | _ 7 1 0 11 3 2 10 _ _ 5 9 
[00135535] 3 | 4 7 1 0 11 3 2 10 _ _ 5 9 
[00135536] 2 | 4 7 1 0 11 3 2 10 8 _ 5 9 
[00135537] 2 | 4 7 1 0 11 3 2 10 6 8 5 9 
[00135538] 2 | 4 7 1 0 11 3 2 10 8 6 5 9 
[00135539] 3 | 10 7 1 0 11 3 2 10 _ _ 5 9 
[00135540] 2 | 10 7 1 0 11 3 2 10 4 6 5 9 
[00135541] 2 | 10 7 1 0 11 3 2 10 6 8 5 9 
[00135542] 2 | 10 7 1 0 11 3 2 10 6 4 5 9 
[00135543] 2 | 10 7 1 0 11 3 2 10 8 6 5 9 
[00135544] 3 | _ 7 1 0 11 3 2 10 7 _ 5 9 
[00135545] 5 | _ 7 1 0 11 3 2 10 _ _ 4 9 
[00135546] 4 | _ 7 1 0 11 3 2 10 6 _ 4 9 
[00135547] 5 | _ 7 1 0 11 3 2 10 _ _ 9 4 
[00135548] 4 | _ 7 1 0 11 3 2 10 6 _ 9 4 
[00135549] 6 | _ 7 _ 0 11 3 2 10 4 _ _ _ 
[00135550] 5 | _ 7 _ 0 11 3 2 10 4 9 _ _ 
[00135551] 4 | _ 7 _ 0 11 3 2 10 4 9 6 _ 
[00135552] 4 | _ 7 _ 0 11 3 2 10 4 9 1 5 
[00135553] 4 | _ 7 _ 0 11 3 2 10 4 9 5 1 
[00135554] 5 | _ 7 _ 0 11 3 2 10 4 _ 5 _ 
[00135555] 4 | _ 7 _ 0 11 3 2 10 4 8 5 _ 
[00135556] 4 | _ 7 _ 0 11 3 2 10 4 _ 5 1 
[00135557] 3 | 4 7 _ 0 11 3 2 10 4 _ 5 1 
[00135558] 2 | 4 7 9 0 11 3 2 10 4 _ 5 1 
[00135559] 3 | _ 7 4 0 11 3 2 10 4 _ 5 1 
[00135560] 2 | 9 7 4 0 11 3 2 10 4 _ 5 1 
[00135561] 3 | _ 7 _ 0 11 3 2 10 4 7 5 1 
[00135562] 4 | _ 7 _ 0 11 3 2 10 4 _ 5 9 
[00135563] 3 | 4 7 _ 0 11 3 2 10 4 _ 5 9 
[00135564] 3 | _ 7 4 0 11 3 2 10 4 _ 5 9 
[00135565] 3 | _ 7 _ 0 11 3 2 10 4 1 5 9 
[00135566] 3 | _ 7 _ 0 11 3 2 10 4 7 5 9 
[00135567] 5 | _ 7 _ 0 11 3 2 10 4 _ 1 6 
[00135568] 4 | _ 7 _ 0 11 3 2 10 4 8 1 6 
[00135569] 5 | _ 7 _ 0 11 3 2 10 4 _ 6 1 
[00135570] 4 | _ 7 _ 0 11 3 2 10 4 8 6 1 
[00135571] 6 | _ 7 _ 0 11 3 2 10 _ _ 4 _ 
[00135572] 5 | _ 7 _ 0 11 3 2 10 5 _ 4 _ 
[00135573] 4 | _ 7 _ 0 11 3 2 10 5 1 4 _ 
[00135574] 3 | 4 7 _ 0 11 3 2 10 5 1 4 _ 
[00135575] 2 | 4 7 9 0 11 3 2 10 5 1 4 _ 
[00135576] 3 | _ 7 4 0 11 3 2 10 5 1 4 _ 
[00135577] 2 | 9 7 4 0 11 3 2 10 5 1 4 _ 
[00135578] 3 | _ 7 _ 0 11 3 2 10 5 1 4 7 
[00135579] 4 | _ 7 _ 0 11 3 2 10 5 9 4 _ 
[00135580] 3 | 4 7 _ 0 11 3 2 10 5 9 4 _ 
[00135581] 3 | _ 7 4 0 11 3 2 10 5 9 4 _ 
[00135582] 3 | _ 7 _ 0 11 3 2 10 5 9 4 1 
[00135583] 3 | _ 7 _ 0 11 3 2 10 5 9 4 7 
[00135584] 4 | _ 7 _ 0 11 3 2 10 5 _ 4 8 
[00135585] 5 | _ 7 _ 0 11 3 2 10 1 6 4 _ 
[00135586] 4 | _ 7 _ 0 11 3 2 10 1 6 4 8 
[00135587] 5 | _ 7 _ 0 11 3 2 10 6 1 4 _ 
[00135588] 4 | _ 7 _ 0 11 3 2 10 6 1 4 8 
[00135589] 5 | _ 7 _ 0 11 3 2 10 _ _ 4 9 
[00135590] 4 | _ 7 _ 0 11 3 2 10 6 _ 4 9 
[00135591] 4 | _ 7 _ 0 11 3 2 10 1 5 4 9 
[00135592] 4 | _ 7 _ 0 11 3 2 10 5 1 4 9 
[00135593] 7 | _ _ _ 0 11 3 2 10 1 8 _ _ 
[00135594] 6 | _ 6 _ 0 11 3 2 10 1 8 _ _ 
[00135595] 5 | _ 6 _ 0 11 3 2 10 1 8 5 _ 
[00135596] 4 | _ 6 _ 0 11 3 2 10 1 8 5 9 
[00135597] 5 | _ 6 _ 0 11 3 2 10 1 8 4 9 
[00135598] 5 | _ 6 _ 0 11 3 2 10 1 8 9 4 
[00135599] 6 | _ _ _ 0 11 3 2 10 1 8 4 _ 
[00135600] 5 | _ 5 _ 0 11 3 2 10 1 8 4 _ 
[00135601] 4 | 9 5 _ 0 11 3 2 10 1 8 4 _ 
[00135602] 3 | 9 5 _ 0 11 3 2 10 1 8 4 7 
[00135603] 4 | _ 5 9 0 11 3 2 10 1 8 4 _ 
[00135604] 3 | _ 5 9 0 11 3 2 10 1 8 4 7 
[00135605] 5 | _ _ _ 0 11 3 2 10 1 8 4 9 
[00135606] 7 | _ _ _ 0 11 3 2 10 8 1 _ _ 
[00135607] 6 | _ 6 _ 0 11 3 2 10 8 1 _ _ 
[00135608] 5 | _ 6 _ 0 11 3 2 10 8 1 5 _ 
[00135609] 4 | _ 6 _ 0 11 3 2 10 8 1 5 9 
[00135610] 5 | _ 6 _ 0 11 3 2 10 8 1 4 9 
[00135611] 5 | _ 6 _ 0 11 3 2 10 8 1 9 4 
[00135612] 6 | _ _ _ 0 11 3 2 10 8 1 4 _ 
[00135613] 5 | _ 5 _ 0 11 3 2 10 8 1 4 _ 
[00135614] 4 | 9 5 _ 0 11 3 2 10 8 1 4 _ 
[00135615] 3 | 9 5 _ 0 11 3 2 10 8 1 4 7 
[00135616] 4 | _ 5 9 0 11 3 2 10 8 1 4 _ 
[00135617] 3 | _ 5 9 0 11 3 2 10 8 1 4 7 
[00135618] 5 | _ _ _ 0 11 3 2 10 8 1 4 9 
[00135619] 7 | _ _ _ 0 11 3 2 10 _ _ 1 8 
[00135620] 6 | _ 6 _ 0 11 3 2 10 _ _ 1 8 
[00135621] 5 | _ 6 _ 0 11 3 2 10 5 _ 1 8 
[00135622] 4 | _ 6 _ 0 11 3 2 10 5 9 1 8 
[00135623] 5 | _ 6 _ 0 11 3 2 10 4 9 1 8 
[00135624] 5 | _ 6 _ 0 11 3 2 10 9 4 1 8 
[00135625] 6 | _ _ _ 0 11 3 2 10 4 _ 1 8 
[00135626] 5 | _ 5 _ 0 11 3 2 10 4 _ 1 8 
[00135627] 4 | 9 5 _ 0 11 3 2 10 4 _ 1 8 
[00135628] 3 | 9 5 _ 0 11 3 2 10 4 7 1 8 
[00135629] 4 | _ 5 9 0 11 3 2 10 4 _ 1 8 
[00135630] 3 | _ 5 9 0 11 3 2 10 4 7 1 8 
[00135631] 5 | _ _ _ 0 11 3 2 10 4 9 1 8 
[00135632] 7 | _ _ _ 0 11 3 2 10 _ _ 8 1 
[00135633] 6 | _ 6 _ 0 11 3 2 10 _ _ 8 1 
[00135634] 5 | _ 6 _ 0 11 3 2 10 5 _ 8 1 
[00135635] 4 | _ 6 _ 0 11 3 2 10 5 9 8 1 
[00135636] 5 | _ 6 _ 0 11 3 2 10 4 9 8 1 
[00135637] 5 | _ 6 _ 0 11 3 2 10 9 4 8 1 
[00135638] 6 | _ _ _ 0 11 3 2 10 4 _ 8 1 
[00135639] 5 | _ 5 _ 0 11 3 2 10 4 _ 8 1 
[00135640] 4 | 9 5 _ 0 11 3 2 10 4 _ 8 1 
[00135641] 3 | 9 5 _ 0 11 3 2 10 4 7 8 1 
[00135642] 4 | _ 5 9 0 11 3 2 10 4 _ 8 1 
[00135643] 3 | _ 5 9 0 11 3 2 10 4 7 8 1 
[00135644] 5 | _ _ _ 0 11 3 2 10 4 9 8 1 
[00135645] 8 | _ _ _ 0 11 _ 2 10 1 9 _ _ 
[00135646] 7 | _ 7 _ 0 11 _ 2 10 1 9 _ _ 
[00135647] 6 | _ 7 _ 0 11 5 2 10 1 9 _ _ 
[00135648] 5 | _ 7 _ 0 11 5 2 10 1 9 3 8 
[00135649] 5 | _ 7 _ 0 11 5 2 10 1 9 8 3 
[00135650] 6 | _ 7 _ 0 11 _ 2 10 1 9 4 _ 
[00135651] 5 | _ 7 _ 0 11 6 2 10 1 9 4 _ 
[00135652] 4 | 3 7 _ 0 11 6 2 10 1 9 4 _ 
[00135653] 3 | 3 7 4 0 11 6 2 10 1 9 4 _ 
[00135654] 3 | 3 7 _ 0 11 6 2 10 1 9 4 7 
[00135655] 4 | _ 7 3 0 11 6 2 10 1 9 4 _ 
[00135656] 3 | 4 7 3 0 11 6 2 10 1 9 4 _ 
[00135657] 3 | _ 7 3 0 11 6 2 10 1 9 4 7 
[00135658] 4 | _ 7 _ 0 11 6 2 10 1 9 4 8 
[00135659] 7 | _ _ _ 0 11 4 2 10 1 9 _ _ 
[00135660] 6 | _ 6 _ 0 11 4 2 10 1 9 _ _ 
[00135661] 5 | _ 6 _ 0 11 4 2 10 1 9 5 _ 
[00135662] 5 | _ 6 _ 0 11 4 2 10 1 9 3 8 
[00135663] 5 | _ 6 _ 0 11 4 2 10 1 9 8 3 
[00135664] 7 | _ _ _ 0 11 _ 2 10 1 9 3 _ 
[00135665] 6 | _ 6 _ 0 11 _ 2 10 1 9 3 _ 
[00135666] 5 | 11 6 _ 0 11 _ 2 10 1 9 3 _ 
[00135667] 4 | 11 6 _ 0 11 _ 2 10 1 9 3 7 
[00135668] 5 | _ 6 11 0 11 _ 2 10 1 9 3 _ 
[00135669] 4 | _ 6 11 0 11 _ 2 10 1 9 3 7 
[00135670] 5 | _ 6 _ 0 11 6 2 10 1 9 3 _ 
[00135671] 4 | _ 6 _ 0 11 6 2 10 1 9 3 7 
[00135672] 5 | _ 6 _ 0 11 _ 2 10 1 9 3 8 
[00135673] 4 | _ 6 _ 0 11 7 2 10 1 9 3 8 
[00135674] 6 | _ _ _ 0 11 5 2 10 1 9 3 _ 
[00135675] 5 | _ _ _ 0 11 5 2 10 1 9 3 8 
[00135676] 4 | _ 4 _ 0 11 5 2 10 1 9 3 8 
[00135677] 3 | 7 4 _ 0 11 5 2 10 1 9 3 8 
[00135678] 2 | 7 4 6 0 11 5 2 10 1 9 3 8 
[00135679] 3 | _ 4 7 0 11 5 2 10 1 9 3 8 
[00135680] 2 | 6 4 7 0 11 5 2 10 1 9 3 8 
[00135681] 8 | _ _ _ 0 11 _ 2 10 9 1 _ _ 
[00135682] 7 | _ 7 _ 0 11 _ 2 10 9 1 _ _ 
[00135683] 6 | _ 7 _ 0 11 5 2 10 9 1 _ _ 
[00135684] 5 | _ 7 _ 0 11 5 2 10 9 1 3 8 
[00135685] 5 | _ 7 _ 0 11 5 2 10 9 1 8 3 
[00135686] 6 | _ 7 _ 0 11 _ 2 10 9 1 4 _ 
[00135687] 5 | _ 7 _ 0 11 6 2 10 9 1 4 _ 
[00135688] 4 | 3 7 _ 0 11 6 2 10 9 1 4 _ 
[00135689] 3 | 3 7 4 0 11 6 2 10 9 1 4 _ 
[00135690] 3 | 3 7 _ 0 11 6 2 10 9 1 4 7 
[00135691] 4 | _ 7 3 0 11 6 2 10 9 1 4 _ 
[00135692] 3 | 4 7 3 0 11 6 2 10 9 1 4 _ 
[00135693] 3 | _ 7 3 0 11 6 2 10 9 1 4 7 
[00135694] 4 | _ 7 _ 0 11 6 2 10 9 1 4 8 
[00135695] 7 | _ _ _ 0 11 4 2 10 9 1 _ _ 
[00135696] 6 | _ 6 _ 0 11 4 2 10 9 1 _ _ 
[00135697] 5 | _ 6 _ 0 11 4 2 10 9 1 5 _ 
[00135698] 5 | _ 6 _ 0 11 4 2 10 9 1 3 8 
[00135699] 5 | _ 6 _ 0 11 4 2 10 9 1 8 3 
[00135700] 7 | _ _ _ 0 11 _ 2 10 9 1 3 _ 
[00135701] 6 | _ 6 _ 0 11 _ 2 10 9 1 3 _ 
[00135702] 5 | 11 6 _ 0 11 _ 2 10 9 1 3 _ 
[00135703] 4 | 11 6 _ 0 11 _ 2 10 9 1 3 7 
[00135704] 5 | _ 6 11 0 11 _ 2 10 9 1 3 _ 
[00135705] 4 | _ 6 11 0 11 _ 2 10 9 1 3 7 
[00135706] 5 | _ 6 _ 0 11 6 2 10 9 1 3 _ 
[00135707] 4 | _ 6 _ 0 11 6 2 10 9 1 3 7 
[00135708] 5 | _ 6 _ 0 11 _ 2 10 9 1 3 8 
[00135709] 4 | _ 6 _ 0 11 7 2 10 9 1 3 8 
[00135710] 6 | _ _ _ 0 11 5 2 10 9 1 3 _ 
[00135711] 5 | _ _ _ 0 11 5 2 10 9 1 3 8 
[00135712] 4 | _ 4 _ 0 11 5 2 10 9 1 3 8 
[00135713] 3 | 7 4 _ 0 11 5 2 10 9 1 3 8 
[00135714] 2 | 7 4 6 0 11 5 2 10 9 1 3 8 
[00135715] 1 | 7 4 6 0 11 5 2 10 9 1 3 8  *Graceful*
[00135715] 3 | _ 4 7 0 11 5 2 10 9 1 3 8 
[00135716] 2 | 6 4 7 0 11 5 2 10 9 1 3 8 
[00135717] 1 | 6 4 7 0 11 5 2 10 9 1 3 8  *Graceful*
[00135717] 8 | _ _ _ 0 11 _ 2 10 _ _ 1 9 
[00135718] 7 | _ 7 _ 0 11 _ 2 10 _ _ 1 9 
[00135719] 6 | _ 7 _ 0 11 5 2 10 _ _ 1 9 
[00135720] 5 | _ 7 _ 0 11 5 2 10 3 8 1 9 
[00135721] 5 | _ 7 _ 0 11 5 2 10 8 3 1 9 
[00135722] 6 | _ 7 _ 0 11 _ 2 10 4 _ 1 9 
[00135723] 5 | _ 7 _ 0 11 6 2 10 4 _ 1 9 
[00135724] 4 | 3 7 _ 0 11 6 2 10 4 _ 1 9 
[00135725] 3 | 3 7 4 0 11 6 2 10 4 _ 1 9 
[00135726] 3 | 3 7 _ 0 11 6 2 10 4 7 1 9 
[00135727] 4 | _ 7 3 0 11 6 2 10 4 _ 1 9 
[00135728] 3 | 4 7 3 0 11 6 2 10 4 _ 1 9 
[00135729] 3 | _ 7 3 0 11 6 2 10 4 7 1 9 
[00135730] 4 | _ 7 _ 0 11 6 2 10 4 8 1 9 
[00135731] 7 | _ _ _ 0 11 4 2 10 _ _ 1 9 
[00135732] 6 | _ 6 _ 0 11 4 2 10 _ _ 1 9 
[00135733] 5 | _ 6 _ 0 11 4 2 10 5 _ 1 9 
[00135734] 5 | _ 6 _ 0 11 4 2 10 3 8 1 9 
[00135735] 5 | _ 6 _ 0 11 4 2 10 8 3 1 9 
[00135736] 7 | _ _ _ 0 11 _ 2 10 3 _ 1 9 
[00135737] 6 | _ 6 _ 0 11 _ 2 10 3 _ 1 9 
[00135738] 5 | 11 6 _ 0 11 _ 2 10 3 _ 1 9 
[00135739] 4 | 11 6 _ 0 11 _ 2 10 3 7 1 9 
[00135740] 5 | _ 6 11 0 11 _ 2 10 3 _ 1 9 
[00135741] 4 | _ 6 11 0 11 _ 2 10 3 7 1 9 
[00135742] 5 | _ 6 _ 0 11 6 2 10 3 _ 1 9 
[00135743] 4 | _ 6 _ 0 11 6 2 10 3 7 1 9 
[00135744] 5 | _ 6 _ 0 11 _ 2 10 3 8 1 9 
[00135745] 4 | _ 6 _ 0 11 7 2 10 3 8 1 9 
[00135746] 6 | _ _ _ 0 11 5 2 10 3 _ 1 9 
[00135747] 5 | _ _ _ 0 11 5 2 10 3 8 1 9 
[00135748] 4 | _ 4 _ 0 11 5 2 10 3 8 1 9 
[00135749] 3 | 7 4 _ 0 11 5 2 10 3 8 1 9 
[00135750] 2 | 7 4 6 0 11 5 2 10 3 8 1 9 
[00135751] 3 | _ 4 7 0 11 5 2 10 3 8 1 9 
[00135752] 2 | 6 4 7 0 11 5 2 10 3 8 1 9 
[00135753] 8 | _ _ _ 0 11 _ 2 10 _ _ 9 1 
[00135754] 7 | _ 7 _ 0 11 _ 2 10 _ _ 9 1 
[00135755] 6 | _ 7 _ 0 11 5 2 10 _ _ 9 1 
[00135756] 5 | _ 7 _ 0 11 5 2 10 3 8 9 1 
[00135757] 5 | _ 7 _ 0 11 5 2 10 8 3 9 1 
[00135758] 6 | _ 7 _ 0 11 _ 2 10 4 _ 9 1 
[00135759] 5 | _ 7 _ 0 11 6 2 10 4 _ 9 1 
[00135760] 4 | 3 7 _ 0 11 6 2 10 4 _ 9 1 
[00135761] 3 | 3 7 4 0 11 6 2 10 4 _ 9 1 
[00135762] 3 | 3 7 _ 0 11 6 2 10 4 7 9 1 
[00135763] 4 | _ 7 3 0 11 6 2 10 4 _ 9 1 
[00135764] 3 | 4 7 3 0 11 6 2 10 4 _ 9 1 
[00135765] 3 | _ 7 3 0 11 6 2 10 4 7 9 1 
[00135766] 4 | _ 7 _ 0 11 6 2 10 4 8 9 1 
[00135767] 7 | _ _ _ 0 11 4 2 10 _ _ 9 1 
[00135768] 6 | _ 6 _ 0 11 4 2 10 _ _ 9 1 
[00135769] 5 | _ 6 _ 0 11 4 2 10 5 _ 9 1 
[00135770] 5 | _ 6 _ 0 11 4 2 10 3 8 9 1 
[00135771] 5 | _ 6 _ 0 11 4 2 10 8 3 9 1 
[00135772] 7 | _ _ _ 0 11 _ 2 10 3 _ 9 1 
[00135773] 6 | _ 6 _ 0 11 _ 2 10 3 _ 9 1 
[00135774] 5 | 11 6 _ 0 11 _ 2 10 3 _ 9 1 
[00135775] 4 | 11 6 _ 0 11 _ 2 10 3 7 9 1 
[00135776] 5 | _ 6 11 0 11 _ 2 10 3 _ 9 1 
[00135777] 4 | _ 6 11 0 11 _ 2 10 3 7 9 1 
[00135778] 5 | _ 6 _ 0 11 6 2 10 3 _ 9 1 
[00135779] 4 | _ 6 _ 0 11 6 2 10 3 7 9 1 
[00135780] 5 | _ 6 _ 0 11 _ 2 10 3 8 9 1 
[00135781] 4 | _ 6 _ 0 11 7 2 10 3 8 9 1 
[00135782] 6 | _ _ _ 0 11 5 2 10 3 _ 9 1 
[00135783] 5 | _ _ _ 0 11 5 2 10 3 8 9 1 
[00135784] 4 | _ 4 _ 0 11 5 2 10 3 8 9 1 
[00135785] 3 | 7 4 _ 0 11 5 2 10 3 8 9 1 
[00135786] 2 | 7 4 6 0 11 5 2 10 3 8 9 1 
[00135787] 1 | 7 4 6 0 11 5 2 10 3 8 9 1  *Graceful*
[00135787] 3 | _ 4 7 0 11 5 2 10 3 8 9 1 
[00135788] 2 | 6 4 7 0 11 5 2 10 3 8 9 1 
[00135789] 1 | 6 4 7 0 11 5 2 10 3 8 9 1  *Graceful*
[00135789] 9 | _ _ _ 0 11 _ _ 10 1 _ _ _ 
[00135790] 8 | _ 8 _ 0 11 _ _ 10 1 _ _ _ 
[00135791] 7 | 1 8 _ 0 11 _ _ 10 1 _ _ _ 
[00135792] 6 | 1 8 2 0 11 _ _ 10 1 _ _ _ 
[00135793] 5 | 1 8 2 0 11 6 _ 10 1 _ _ _ 
[00135794] 4 | 1 8 2 0 11 6 7 10 1 _ _ _ 
[00135795] 4 | 1 8 2 0 11 6 _ 10 1 _ 3 7 
[00135796] 4 | 1 8 2 0 11 6 _ 10 1 _ 5 9 
[00135797] 4 | 1 8 2 0 11 6 _ 10 1 _ 7 3 
[00135798] 4 | 1 8 2 0 11 6 _ 10 1 _ 9 5 
[00135799] 5 | 1 8 2 0 11 _ 6 10 1 _ _ _ 
[00135800] 4 | 1 8 2 0 11 7 6 10 1 _ _ _ 
[00135801] 4 | 1 8 2 0 11 _ 6 10 1 _ 3 7 
[00135802] 4 | 1 8 2 0 11 _ 6 10 1 _ 5 9 
[00135803] 4 | 1 8 2 0 11 _ 6 10 1 _ 7 3 
[00135804] 4 | 1 8 2 0 11 _ 6 10 1 _ 9 5 
[00135805] 5 | 1 8 2 0 11 _ _ 10 1 _ 5 _ 
[00135806] 4 | 1 8 2 0 11 7 _ 10 1 _ 5 _ 
[00135807] 4 | 1 8 2 0 11 _ 7 10 1 _ 5 _ 
[00135808] 4 | 1 8 2 0 11 _ _ 10 1 _ 5 9 
[00135809] 5 | 1 8 2 0 11 _ _ 10 1 _ 4 9 
[00135810] 4 | 1 8 2 0 11 7 _ 10 1 _ 4 9 
