[00389724] 6 | _ _ _ 7 2 10 _ 0 9 3 11 1 
[00389725] 5 | _ 2 _ 7 2 10 _ 0 9 3 11 1 
[00389726] 4 | 6 2 _ 7 2 10 _ 0 9 3 11 1 
[00389727] 3 | 6 2 5 7 2 10 _ 0 9 3 11 1 
[00389728] 3 | 6 2 _ 7 2 10 5 0 9 3 11 1 
[00389729] 4 | _ 2 6 7 2 10 _ 0 9 3 11 1 
[00389730] 3 | 5 2 6 7 2 10 _ 0 9 3 11 1 
[00389731] 3 | _ 2 6 7 2 10 5 0 9 3 11 1 
[00389732] 4 | _ 2 _ 7 2 10 6 0 9 3 11 1 
[00389733] 5 | _ _ _ 7 2 10 7 0 9 3 11 1 
[00389734] 4 | 4 8 _ 7 2 10 7 0 9 3 11 1 
[00389735] 3 | 4 8 5 7 2 10 7 0 9 3 11 1 
[00389736] 4 | 8 4 _ 7 2 10 7 0 9 3 11 1 
[00389737] 4 | _ 4 8 7 2 10 7 0 9 3 11 1 
[00389738] 4 | _ 8 4 7 2 10 7 0 9 3 11 1 
[00389739] 3 | 5 8 4 7 2 10 7 0 9 3 11 1 
[00389740] 7 | _ _ _ _ 2 10 _ 0 9 2 11 1 
[00389741] 6 | _ _ _ 6 2 10 _ 0 9 2 11 1 
[00389742] 5 | 3 8 _ 6 2 10 _ 0 9 2 11 1 
[00389743] 4 | 3 8 4 6 2 10 _ 0 9 2 11 1 
[00389744] 5 | 8 3 _ 6 2 10 _ 0 9 2 11 1 
[00389745] 4 | 8 3 7 6 2 10 _ 0 9 2 11 1 
[00389746] 5 | _ 3 8 6 2 10 _ 0 9 2 11 1 
[00389747] 4 | 7 3 8 6 2 10 _ 0 9 2 11 1 
[00389748] 5 | _ 8 3 6 2 10 _ 0 9 2 11 1 
[00389749] 4 | 4 8 3 6 2 10 _ 0 9 2 11 1 
[00389750] 8 | _ _ _ _ 10 2 _ 0 9 _ 11 1 
[00389751] 7 | _ _ _ 3 10 2 _ 0 9 _ 11 1 
[00389752] 6 | _ 9 _ 3 10 2 _ 0 9 _ 11 1 
[00389753] 5 | 4 9 _ 3 10 2 _ 0 9 _ 11 1 
[00389754] 4 | 4 9 5 3 10 2 _ 0 9 _ 11 1 
[00389755] 3 | 4 9 5 3 10 2 7 0 9 _ 11 1 
[00389756] 4 | 4 9 _ 3 10 2 6 0 9 _ 11 1 
[00389757] 4 | 4 9 _ 3 10 2 _ 0 9 5 11 1 
[00389758] 3 | 4 9 _ 3 10 2 7 0 9 5 11 1 
[00389759] 5 | _ 9 4 3 10 2 _ 0 9 _ 11 1 
[00389760] 4 | 5 9 4 3 10 2 _ 0 9 _ 11 1 
[00389761] 3 | 5 9 4 3 10 2 7 0 9 _ 11 1 
[00389762] 4 | _ 9 4 3 10 2 6 0 9 _ 11 1 
[00389763] 4 | _ 9 4 3 10 2 _ 0 9 5 11 1 
[00389764] 3 | _ 9 4 3 10 2 7 0 9 5 11 1 
[00389765] 5 | _ 9 _ 3 10 2 5 0 9 _ 11 1 
[00389766] 5 | _ 9 _ 3 10 2 _ 0 9 4 11 1 
[00389767] 4 | _ 9 _ 3 10 2 6 0 9 4 11 1 
[00389768] 6 | _ _ _ 3 10 2 4 0 9 _ 11 1 
[00389769] 5 | _ 8 _ 3 10 2 4 0 9 _ 11 1 
[00389770] 4 | _ 8 _ 3 10 2 4 0 9 5 11 1 
[00389771] 6 | _ _ _ 3 10 2 _ 0 9 3 11 1 
[00389772] 5 | _ _ _ 3 10 2 5 0 9 3 11 1 
[00389773] 4 | 4 8 _ 3 10 2 5 0 9 3 11 1 
[00389774] 4 | 8 4 _ 3 10 2 5 0 9 3 11 1 
[00389775] 3 | 8 4 7 3 10 2 5 0 9 3 11 1 
[00389776] 4 | _ 4 8 3 10 2 5 0 9 3 11 1 
[00389777] 3 | 7 4 8 3 10 2 5 0 9 3 11 1 
[00389778] 4 | _ 8 4 3 10 2 5 0 9 3 11 1 
[00389779] 7 | _ _ _ _ 10 2 3 0 9 _ 11 1 
[00389780] 6 | _ _ _ 4 10 2 3 0 9 _ 11 1 
[00389781] 5 | _ 9 _ 4 10 2 3 0 9 _ 11 1 
[00389782] 4 | 5 9 _ 4 10 2 3 0 9 _ 11 1 
[00389783] 3 | 5 9 6 4 10 2 3 0 9 _ 11 1 
[00389784] 3 | 5 9 _ 4 10 2 3 0 9 6 11 1 
[00389785] 4 | _ 9 5 4 10 2 3 0 9 _ 11 1 
[00389786] 3 | 6 9 5 4 10 2 3 0 9 _ 11 1 
[00389787] 3 | _ 9 5 4 10 2 3 0 9 6 11 1 
[00389788] 4 | _ 9 _ 4 10 2 3 0 9 5 11 1 
[00389789] 5 | _ _ _ 4 10 2 3 0 9 4 11 1 
[00389790] 6 | _ _ _ 6 10 2 3 0 9 _ 11 1 
[00389791] 5 | _ _ _ 6 10 2 3 0 9 4 11 1 
[00389792] 7 | _ _ _ 7 10 2 _ 0 9 _ 11 1 
[00389793] 6 | _ _ _ 7 10 2 4 0 9 _ 11 1 
[00389794] 5 | 3 8 _ 7 10 2 4 0 9 _ 11 1 
[00389795] 4 | 3 8 _ 7 10 2 4 0 9 5 11 1 
[00389796] 5 | 8 3 _ 7 10 2 4 0 9 _ 11 1 
[00389797] 4 | 8 3 _ 7 10 2 4 0 9 5 11 1 
[00389798] 3 | 8 3 6 7 10 2 4 0 9 5 11 1 
[00389799] 5 | _ 3 8 7 10 2 4 0 9 _ 11 1 
[00389800] 4 | _ 3 8 7 10 2 4 0 9 5 11 1 
[00389801] 3 | 6 3 8 7 10 2 4 0 9 5 11 1 
[00389802] 5 | _ 8 3 7 10 2 4 0 9 _ 11 1 
[00389803] 4 | _ 8 3 7 10 2 4 0 9 5 11 1 
[00389804] 6 | _ _ _ 7 10 2 _ 0 9 3 11 1 
[00389805] 5 | _ _ _ 7 10 2 5 0 9 3 11 1 
[00389806] 4 | 4 8 _ 7 10 2 5 0 9 3 11 1 
[00389807] 4 | 8 4 _ 7 10 2 5 0 9 3 11 1 
[00389808] 4 | _ 4 8 7 10 2 5 0 9 3 11 1 
[00389809] 4 | _ 8 4 7 10 2 5 0 9 3 11 1 
[00389810] 8 | _ _ _ _ 2 _ 10 0 9 _ 11 1 
[00389811] 7 | _ _ _ 9 2 _ 10 0 9 _ 11 1 
[00389812] 7 | _ _ _ _ 2 9 10 0 9 _ 11 1 
[00389813] 6 | _ _ _ 8 2 9 10 0 9 _ 11 1 
[00389814] 6 | _ _ _ 6 2 9 10 0 9 _ 11 1 
[00389815] 5 | 3 8 _ 6 2 9 10 0 9 _ 11 1 
[00389816] 4 | 3 8 4 6 2 9 10 0 9 _ 11 1 
[00389817] 5 | 8 3 _ 6 2 9 10 0 9 _ 11 1 
[00389818] 4 | 8 3 7 6 2 9 10 0 9 _ 11 1 
[00389819] 5 | _ 3 8 6 2 9 10 0 9 _ 11 1 
[00389820] 4 | 7 3 8 6 2 9 10 0 9 _ 11 1 
[00389821] 5 | _ 8 3 6 2 9 10 0 9 _ 11 1 
[00389822] 4 | 4 8 3 6 2 9 10 0 9 _ 11 1 
[00389823] 7 | _ _ _ 7 2 _ 10 0 9 _ 11 1 
[00389824] 6 | _ _ _ 7 2 8 10 0 9 _ 11 1 
[00389825] 5 | _ _ _ 7 2 8 10 0 9 4 11 1 
[00389826] 4 | _ 3 _ 7 2 8 10 0 9 4 11 1 
[00389827] 3 | 6 3 _ 7 2 8 10 0 9 4 11 1 
[00389828] 2 | 6 3 5 7 2 8 10 0 9 4 11 1 
[00389829] 3 | _ 3 6 7 2 8 10 0 9 4 11 1 
[00389830] 2 | 5 3 6 7 2 8 10 0 9 4 11 1 
[00389831] 6 | _ _ _ 7 2 _ 10 0 9 3 11 1 
[00389832] 5 | _ 2 _ 7 2 _ 10 0 9 3 11 1 
[00389833] 4 | 6 2 _ 7 2 _ 10 0 9 3 11 1 
[00389834] 3 | 6 2 5 7 2 _ 10 0 9 3 11 1 
[00389835] 3 | 6 2 _ 7 2 5 10 0 9 3 11 1 
[00389836] 4 | _ 2 6 7 2 _ 10 0 9 3 11 1 
[00389837] 3 | 5 2 6 7 2 _ 10 0 9 3 11 1 
[00389838] 3 | _ 2 6 7 2 5 10 0 9 3 11 1 
[00389839] 4 | _ 2 _ 7 2 6 10 0 9 3 11 1 
[00389840] 5 | _ _ _ 7 2 7 10 0 9 3 11 1 
[00389841] 4 | 4 8 _ 7 2 7 10 0 9 3 11 1 
[00389842] 3 | 4 8 5 7 2 7 10 0 9 3 11 1 
[00389843] 4 | 8 4 _ 7 2 7 10 0 9 3 11 1 
[00389844] 4 | _ 4 8 7 2 7 10 0 9 3 11 1 
[00389845] 4 | _ 8 4 7 2 7 10 0 9 3 11 1 
[00389846] 3 | 5 8 4 7 2 7 10 0 9 3 11 1 
[00389847] 7 | _ _ _ _ 2 _ 10 0 9 2 11 1 
[00389848] 6 | _ _ _ 6 2 _ 10 0 9 2 11 1 
[00389849] 5 | 3 8 _ 6 2 _ 10 0 9 2 11 1 
[00389850] 4 | 3 8 4 6 2 _ 10 0 9 2 11 1 
[00389851] 5 | 8 3 _ 6 2 _ 10 0 9 2 11 1 
[00389852] 4 | 8 3 7 6 2 _ 10 0 9 2 11 1 
[00389853] 5 | _ 3 8 6 2 _ 10 0 9 2 11 1 
[00389854] 4 | 7 3 8 6 2 _ 10 0 9 2 11 1 
[00389855] 5 | _ 8 3 6 2 _ 10 0 9 2 11 1 
[00389856] 4 | 4 8 3 6 2 _ 10 0 9 2 11 1 
[00389857] 8 | _ _ _ _ 10 _ 2 0 9 _ 11 1 
[00389858] 7 | _ _ _ 3 10 _ 2 0 9 _ 11 1 
[00389859] 6 | _ 9 _ 3 10 _ 2 0 9 _ 11 1 
[00389860] 5 | 4 9 _ 3 10 _ 2 0 9 _ 11 1 
[00389861] 4 | 4 9 5 3 10 _ 2 0 9 _ 11 1 
[00389862] 3 | 4 9 5 3 10 7 2 0 9 _ 11 1 
[00389863] 4 | 4 9 _ 3 10 6 2 0 9 _ 11 1 
[00389864] 4 | 4 9 _ 3 10 _ 2 0 9 5 11 1 
[00389865] 3 | 4 9 _ 3 10 7 2 0 9 5 11 1 
[00389866] 5 | _ 9 4 3 10 _ 2 0 9 _ 11 1 
[00389867] 4 | 5 9 4 3 10 _ 2 0 9 _ 11 1 
[00389868] 3 | 5 9 4 3 10 7 2 0 9 _ 11 1 
[00389869] 4 | _ 9 4 3 10 6 2 0 9 _ 11 1 
[00389870] 4 | _ 9 4 3 10 _ 2 0 9 5 11 1 
[00389871] 3 | _ 9 4 3 10 7 2 0 9 5 11 1 
[00389872] 5 | _ 9 _ 3 10 5 2 0 9 _ 11 1 
[00389873] 5 | _ 9 _ 3 10 _ 2 0 9 4 11 1 
[00389874] 4 | _ 9 _ 3 10 6 2 0 9 4 11 1 
[00389875] 6 | _ _ _ 3 10 4 2 0 9 _ 11 1 
[00389876] 5 | _ 8 _ 3 10 4 2 0 9 _ 11 1 
[00389877] 4 | _ 8 _ 3 10 4 2 0 9 5 11 1 
[00389878] 6 | _ _ _ 3 10 _ 2 0 9 3 11 1 
[00389879] 5 | _ _ _ 3 10 5 2 0 9 3 11 1 
[00389880] 4 | 4 8 _ 3 10 5 2 0 9 3 11 1 
[00389881] 4 | 8 4 _ 3 10 5 2 0 9 3 11 1 
[00389882] 3 | 8 4 7 3 10 5 2 0 9 3 11 1 
[00389883] 4 | _ 4 8 3 10 5 2 0 9 3 11 1 
[00389884] 3 | 7 4 8 3 10 5 2 0 9 3 11 1 
[00389885] 4 | _ 8 4 3 10 5 2 0 9 3 11 1 
[00389886] 7 | _ _ _ _ 10 3 2 0 9 _ 11 1 
[00389887] 6 | _ _ _ 4 10 3 2 0 9 _ 11 1 
[00389888] 5 | _ 9 _ 4 10 3 2 0 9 _ 11 1 
[00389889] 4 | 5 9 _ 4 10 3 2 0 9 _ 11 1 
[00389890] 3 | 5 9 6 4 10 3 2 0 9 _ 11 1 
[00389891] 3 | 5 9 _ 4 10 3 2 0 9 6 11 1 
[00389892] 4 | _ 9 5 4 10 3 2 0 9 _ 11 1 
[00389893] 3 | 6 9 5 4 10 3 2 0 9 _ 11 1 
[00389894] 3 | _ 9 5 4 10 3 2 0 9 6 11 1 
[00389895] 4 | _ 9 _ 4 10 3 2 0 9 5 11 1 
[00389896] 5 | _ _ _ 4 10 3 2 0 9 4 11 1 
[00389897] 6 | _ _ _ 6 10 3 2 0 9 _ 11 1 
[00389898] 5 | _ _ _ 6 10 3 2 0 9 4 11 1 
[00389899] 7 | _ _ _ 7 10 _ 2 0 9 _ 11 1 
[00389900] 6 | _ _ _ 7 10 4 2 0 9 _ 11 1 
[00389901] 5 | 3 8 _ 7 10 4 2 0 9 _ 11 1 
[00389902] 4 | 3 8 _ 7 10 4 2 0 9 5 11 1 
[00389903] 5 | 8 3 _ 7 10 4 2 0 9 _ 11 1 
[00389904] 4 | 8 3 _ 7 10 4 2 0 9 5 11 1 
[00389905] 3 | 8 3 6 7 10 4 2 0 9 5 11 1 
[00389906] 5 | _ 3 8 7 10 4 2 0 9 _ 11 1 
[00389907] 4 | _ 3 8 7 10 4 2 0 9 5 11 1 
[00389908] 3 | 6 3 8 7 10 4 2 0 9 5 11 1 
[00389909] 5 | _ 8 3 7 10 4 2 0 9 _ 11 1 
[00389910] 4 | _ 8 3 7 10 4 2 0 9 5 11 1 
[00389911] 6 | _ _ _ 7 10 _ 2 0 9 3 11 1 
[00389912] 5 | _ _ _ 7 10 5 2 0 9 3 11 1 
[00389913] 4 | 4 8 _ 7 10 5 2 0 9 3 11 1 
[00389914] 4 | 8 4 _ 7 10 5 2 0 9 3 11 1 
[00389915] 4 | _ 4 8 7 10 5 2 0 9 3 11 1 
[00389916] 4 | _ 8 4 7 10 5 2 0 9 3 11 1 
[00389917] 8 | _ _ _ 8 _ _ _ 0 9 _ 11 1 
[00389918] 7 | 3 10 _ 8 _ _ _ 0 9 _ 11 1 
[00389919] 6 | 3 10 4 8 _ _ _ 0 9 _ 11 1 
[00389920] 5 | 3 10 4 8 2 7 _ 0 9 _ 11 1 
[00389921] 4 | 3 10 4 8 2 7 6 0 9 _ 11 1 
[00389922] 4 | 3 10 4 8 2 7 _ 0 9 5 11 1 
[00389923] 5 | 3 10 4 8 7 2 _ 0 9 _ 11 1 
[00389924] 4 | 3 10 4 8 7 2 _ 0 9 5 11 1 
[00389925] 5 | 3 10 4 8 2 _ 7 0 9 _ 11 1 
[00389926] 4 | 3 10 4 8 2 6 7 0 9 _ 11 1 
[00389927] 4 | 3 10 4 8 2 _ 7 0 9 5 11 1 
[00389928] 5 | 3 10 4 8 7 _ 2 0 9 _ 11 1 
[00389929] 4 | 3 10 4 8 7 _ 2 0 9 5 11 1 
[00389930] 6 | 3 10 _ 8 2 _ _ 0 9 _ 11 1 
[00389931] 5 | 3 10 5 8 2 _ _ 0 9 _ 11 1 
[00389932] 4 | 3 10 5 8 2 6 _ 0 9 _ 11 1 
[00389933] 4 | 3 10 5 8 2 _ 6 0 9 _ 11 1 
[00389934] 5 | 3 10 _ 8 2 7 _ 0 9 _ 11 1 
[00389935] 4 | 3 10 6 8 2 7 _ 0 9 _ 11 1 
[00389936] 3 | 3 10 6 8 2 7 5 0 9 _ 11 1 
[00389937] 4 | 3 10 _ 8 2 7 6 0 9 _ 11 1 
[00389938] 4 | 3 10 _ 8 2 7 _ 0 9 5 11 1 
[00389939] 5 | 3 10 _ 8 2 _ 7 0 9 _ 11 1 
[00389940] 4 | 3 10 6 8 2 _ 7 0 9 _ 11 1 
[00389941] 3 | 3 10 6 8 2 5 7 0 9 _ 11 1 
[00389942] 4 | 3 10 _ 8 2 6 7 0 9 _ 11 1 
[00389943] 4 | 3 10 _ 8 2 _ 7 0 9 5 11 1 
[00389944] 5 | 3 10 _ 8 2 _ _ 0 9 4 11 1 
[00389945] 4 | 3 10 6 8 2 _ _ 0 9 4 11 1 
[00389946] 3 | 3 10 6 8 2 5 _ 0 9 4 11 1 
[00389947] 3 | 3 10 6 8 2 _ 5 0 9 4 11 1 
[00389948] 4 | 3 10 _ 8 2 6 _ 0 9 4 11 1 
[00389949] 3 | 3 10 7 8 2 6 _ 0 9 4 11 1 
[00389950] 3 | 3 10 _ 8 2 6 5 0 9 4 11 1 
[00389951] 4 | 3 10 _ 8 2 _ 6 0 9 4 11 1 
[00389952] 3 | 3 10 7 8 2 _ 6 0 9 4 11 1 
[00389953] 3 | 3 10 _ 8 2 5 6 0 9 4 11 1 
[00389954] 7 | 10 3 _ 8 _ _ _ 0 9 _ 11 1 
[00389955] 6 | 10 3 9 8 _ _ _ 0 9 _ 11 1 
[00389956] 5 | 10 3 9 8 2 7 _ 0 9 _ 11 1 
[00389957] 4 | 10 3 9 8 2 7 6 0 9 _ 11 1 
[00389958] 5 | 10 3 9 8 7 2 _ 0 9 _ 11 1 
[00389959] 5 | 10 3 9 8 2 _ 7 0 9 _ 11 1 
[00389960] 4 | 10 3 9 8 2 6 7 0 9 _ 11 1 
[00389961] 5 | 10 3 9 8 7 _ 2 0 9 _ 11 1 
[00389962] 6 | 10 3 _ 8 2 _ _ 0 9 _ 11 1 
[00389963] 5 | 10 3 _ 8 2 7 _ 0 9 _ 11 1 
[00389964] 4 | 10 3 _ 8 2 7 6 0 9 _ 11 1 
[00389965] 4 | 10 3 _ 8 2 7 _ 0 9 5 11 1 
[00389966] 3 | 10 3 6 8 2 7 _ 0 9 5 11 1 
[00389967] 2 | 10 3 6 8 2 7 4 0 9 5 11 1 
[00389968] 5 | 10 3 _ 8 2 _ 7 0 9 _ 11 1 
[00389969] 4 | 10 3 _ 8 2 6 7 0 9 _ 11 1 
[00389970] 4 | 10 3 _ 8 2 _ 7 0 9 5 11 1 
[00389971] 3 | 10 3 6 8 2 _ 7 0 9 5 11 1 
[00389972] 2 | 10 3 6 8 2 4 7 0 9 5 11 1 
[00389973] 5 | 10 3 _ 8 2 _ _ 0 9 4 11 1 
[00389974] 4 | 10 3 7 8 2 _ _ 0 9 4 11 1 
[00389975] 3 | 10 3 7 8 2 5 _ 0 9 4 11 1 
[00389976] 3 | 10 3 7 8 2 _ 5 0 9 4 11 1 
[00389977] 4 | 10 3 _ 8 2 6 _ 0 9 4 11 1 
[00389978] 3 | 10 3 _ 8 2 6 5 0 9 4 11 1 
[00389979] 4 | 10 3 _ 8 2 _ 6 0 9 4 11 1 
[00389980] 3 | 10 3 _ 8 2 5 6 0 9 4 11 1 
[00389981] 6 | 10 3 _ 8 _ _ _ 0 9 3 11 1 
[00389982] 5 | 10 3 _ 8 2 7 _ 0 9 3 11 1 
[00389983] 4 | 10 3 _ 8 2 7 6 0 9 3 11 1 
[00389984] 5 | 10 3 _ 8 7 2 _ 0 9 3 11 1 
[00389985] 5 | 10 3 _ 8 2 _ 7 0 9 3 11 1 
[00389986] 4 | 10 3 _ 8 2 6 7 0 9 3 11 1 
[00389987] 5 | 10 3 _ 8 7 _ 2 0 9 3 11 1 
[00389988] 7 | _ 3 10 8 _ _ _ 0 9 _ 11 1 
[00389989] 6 | 9 3 10 8 _ _ _ 0 9 _ 11 1 
[00389990] 5 | 9 3 10 8 2 7 _ 0 9 _ 11 1 
[00389991] 4 | 9 3 10 8 2 7 6 0 9 _ 11 1 
[00389992] 5 | 9 3 10 8 7 2 _ 0 9 _ 11 1 
[00389993] 5 | 9 3 10 8 2 _ 7 0 9 _ 11 1 
[00389994] 4 | 9 3 10 8 2 6 7 0 9 _ 11 1 
[00389995] 5 | 9 3 10 8 7 _ 2 0 9 _ 11 1 
[00389996] 6 | _ 3 10 8 2 _ _ 0 9 _ 11 1 
[00389997] 5 | _ 3 10 8 2 7 _ 0 9 _ 11 1 
[00389998] 4 | _ 3 10 8 2 7 6 0 9 _ 11 1 
[00389999] 4 | _ 3 10 8 2 7 _ 0 9 5 11 1 
[00390000] 3 | 6 3 10 8 2 7 _ 0 9 5 11 1 
[00390001] 2 | 6 3 10 8 2 7 4 0 9 5 11 1 
[00390002] 5 | _ 3 10 8 2 _ 7 0 9 _ 11 1 
[00390003] 4 | _ 3 10 8 2 6 7 0 9 _ 11 1 
[00390004] 4 | _ 3 10 8 2 _ 7 0 9 5 11 1 
[00390005] 3 | 6 3 10 8 2 _ 7 0 9 5 11 1 
[00390006] 2 | 6 3 10 8 2 4 7 0 9 5 11 1 
[00390007] 5 | _ 3 10 8 2 _ _ 0 9 4 11 1 
[00390008] 4 | 7 3 10 8 2 _ _ 0 9 4 11 1 
[00390009] 3 | 7 3 10 8 2 5 _ 0 9 4 11 1 
[00390010] 3 | 7 3 10 8 2 _ 5 0 9 4 11 1 
[00390011] 4 | _ 3 10 8 2 6 _ 0 9 4 11 1 
[00390012] 3 | _ 3 10 8 2 6 5 0 9 4 11 1 
[00390013] 4 | _ 3 10 8 2 _ 6 0 9 4 11 1 
[00390014] 3 | _ 3 10 8 2 5 6 0 9 4 11 1 
[00390015] 6 | _ 3 10 8 _ _ _ 0 9 3 11 1 
[00390016] 5 | _ 3 10 8 2 7 _ 0 9 3 11 1 
[00390017] 4 | _ 3 10 8 2 7 6 0 9 3 11 1 
[00390018] 5 | _ 3 10 8 7 2 _ 0 9 3 11 1 
[00390019] 5 | _ 3 10 8 2 _ 7 0 9 3 11 1 
[00390020] 4 | _ 3 10 8 2 6 7 0 9 3 11 1 
[00390021] 5 | _ 3 10 8 7 _ 2 0 9 3 11 1 
[00390022] 7 | _ 10 3 8 _ _ _ 0 9 _ 11 1 
[00390023] 6 | 4 10 3 8 _ _ _ 0 9 _ 11 1 
[00390024] 5 | 4 10 3 8 2 7 _ 0 9 _ 11 1 
[00390025] 4 | 4 10 3 8 2 7 6 0 9 _ 11 1 
[00390026] 4 | 4 10 3 8 2 7 _ 0 9 5 11 1 
[00390027] 5 | 4 10 3 8 7 2 _ 0 9 _ 11 1 
[00390028] 4 | 4 10 3 8 7 2 _ 0 9 5 11 1 
[00390029] 5 | 4 10 3 8 2 _ 7 0 9 _ 11 1 
[00390030] 4 | 4 10 3 8 2 6 7 0 9 _ 11 1 
[00390031] 4 | 4 10 3 8 2 _ 7 0 9 5 11 1 
[00390032] 5 | 4 10 3 8 7 _ 2 0 9 _ 11 1 
[00390033] 4 | 4 10 3 8 7 _ 2 0 9 5 11 1 
[00390034] 6 | _ 10 3 8 2 _ _ 0 9 _ 11 1 
[00390035] 5 | 5 10 3 8 2 _ _ 0 9 _ 11 1 
[00390036] 4 | 5 10 3 8 2 6 _ 0 9 _ 11 1 
[00390037] 4 | 5 10 3 8 2 _ 6 0 9 _ 11 1 
[00390038] 5 | _ 10 3 8 2 7 _ 0 9 _ 11 1 
[00390039] 4 | 6 10 3 8 2 7 _ 0 9 _ 11 1 
[00390040] 3 | 6 10 3 8 2 7 5 0 9 _ 11 1 
[00390041] 4 | _ 10 3 8 2 7 6 0 9 _ 11 1 
[00390042] 4 | _ 10 3 8 2 7 _ 0 9 5 11 1 
[00390043] 5 | _ 10 3 8 2 _ 7 0 9 _ 11 1 
[00390044] 4 | 6 10 3 8 2 _ 7 0 9 _ 11 1 
[00390045] 3 | 6 10 3 8 2 5 7 0 9 _ 11 1 
[00390046] 4 | _ 10 3 8 2 6 7 0 9 _ 11 1 
[00390047] 4 | _ 10 3 8 2 _ 7 0 9 5 11 1 
[00390048] 5 | _ 10 3 8 2 _ _ 0 9 4 11 1 
[00390049] 4 | 6 10 3 8 2 _ _ 0 9 4 11 1 
[00390050] 3 | 6 10 3 8 2 5 _ 0 9 4 11 1 
[00390051] 3 | 6 10 3 8 2 _ 5 0 9 4 11 1 
[00390052] 4 | _ 10 3 8 2 6 _ 0 9 4 11 1 
[00390053] 3 | 7 10 3 8 2 6 _ 0 9 4 11 1 
[00390054] 3 | _ 10 3 8 2 6 5 0 9 4 11 1 
[00390055] 4 | _ 10 3 8 2 _ 6 0 9 4 11 1 
[00390056] 3 | 7 10 3 8 2 _ 6 0 9 4 11 1 
[00390057] 3 | _ 10 3 8 2 5 6 0 9 4 11 1 
[00390058] 7 | _ _ _ 8 3 10 _ 0 9 _ 11 1 
[00390059] 6 | _ 2 _ 8 3 10 _ 0 9 _ 11 1 
[00390060] 5 | 7 2 _ 8 3 10 _ 0 9 _ 11 1 
[00390061] 4 | 7 2 6 8 3 10 _ 0 9 _ 11 1 
[00390062] 4 | 7 2 _ 8 3 10 _ 0 9 5 11 1 
[00390063] 3 | 7 2 _ 8 3 10 6 0 9 5 11 1 
[00390064] 2 | 7 2 4 8 3 10 6 0 9 5 11 1 
[00390065] 5 | _ 2 7 8 3 10 _ 0 9 _ 11 1 
[00390066] 4 | 6 2 7 8 3 10 _ 0 9 _ 11 1 
[00390067] 4 | _ 2 7 8 3 10 _ 0 9 5 11 1 
[00390068] 3 | _ 2 7 8 3 10 6 0 9 5 11 1 
[00390069] 2 | 4 2 7 8 3 10 6 0 9 5 11 1 
[00390070] 5 | _ 2 _ 8 3 10 _ 0 9 4 11 1 
[00390071] 4 | 6 2 _ 8 3 10 _ 0 9 4 11 1 
[00390072] 3 | 6 2 5 8 3 10 _ 0 9 4 11 1 
[00390073] 4 | _ 2 6 8 3 10 _ 0 9 4 11 1 
[00390074] 3 | 5 2 6 8 3 10 _ 0 9 4 11 1 
[00390075] 4 | _ 2 _ 8 3 10 7 0 9 4 11 1 
[00390076] 3 | 5 2 _ 8 3 10 7 0 9 4 11 1 
[00390077] 3 | _ 2 5 8 3 10 7 0 9 4 11 1 
[00390078] 6 | _ _ _ 8 3 10 9 0 9 _ 11 1 
[00390079] 5 | 2 7 _ 8 3 10 9 0 9 _ 11 1 
[00390080] 5 | 7 2 _ 8 3 10 9 0 9 _ 11 1 
[00390081] 5 | _ 2 7 8 3 10 9 0 9 _ 11 1 
[00390082] 5 | _ 7 2 8 3 10 9 0 9 _ 11 1 
[00390083] 6 | _ _ _ 8 3 10 _ 0 9 3 11 1 
[00390084] 5 | 2 7 _ 8 3 10 _ 0 9 3 11 1 
[00390085] 5 | 7 2 _ 8 3 10 _ 0 9 3 11 1 
[00390086] 5 | _ 2 7 8 3 10 _ 0 9 3 11 1 
[00390087] 5 | _ 7 2 8 3 10 _ 0 9 3 11 1 
[00390088] 7 | _ _ _ 8 10 3 _ 0 9 _ 11 1 
[00390089] 6 | _ 2 _ 8 10 3 _ 0 9 _ 11 1 
[00390090] 5 | 7 2 _ 8 10 3 _ 0 9 _ 11 1 
[00390091] 4 | 7 2 6 8 10 3 _ 0 9 _ 11 1 
[00390092] 4 | 7 2 _ 8 10 3 6 0 9 _ 11 1 
[00390093] 3 | 7 2 5 8 10 3 6 0 9 _ 11 1 
[00390094] 4 | 7 2 _ 8 10 3 _ 0 9 5 11 1 
[00390095] 5 | _ 2 7 8 10 3 _ 0 9 _ 11 1 
[00390096] 4 | 6 2 7 8 10 3 _ 0 9 _ 11 1 
[00390097] 4 | _ 2 7 8 10 3 6 0 9 _ 11 1 
[00390098] 3 | 5 2 7 8 10 3 6 0 9 _ 11 1 
[00390099] 4 | _ 2 7 8 10 3 _ 0 9 5 11 1 
[00390100] 5 | _ 2 _ 8 10 3 5 0 9 _ 11 1 
[00390101] 4 | 6 2 _ 8 10 3 5 0 9 _ 11 1 
[00390102] 4 | _ 2 6 8 10 3 5 0 9 _ 11 1 
[00390103] 5 | _ 2 _ 8 10 3 _ 0 9 4 11 1 
[00390104] 4 | 6 2 _ 8 10 3 _ 0 9 4 11 1 
[00390105] 3 | 6 2 5 8 10 3 _ 0 9 4 11 1 
[00390106] 3 | 6 2 _ 8 10 3 7 0 9 4 11 1 
[00390107] 4 | _ 2 6 8 10 3 _ 0 9 4 11 1 
[00390108] 3 | 5 2 6 8 10 3 _ 0 9 4 11 1 
[00390109] 3 | _ 2 6 8 10 3 7 0 9 4 11 1 
[00390110] 4 | _ 2 _ 8 10 3 6 0 9 4 11 1 
[00390111] 3 | 5 2 _ 8 10 3 6 0 9 4 11 1 
[00390112] 3 | _ 2 5 8 10 3 6 0 9 4 11 1 
[00390113] 6 | _ _ _ 8 10 3 4 0 9 _ 11 1 
[00390114] 5 | 2 7 _ 8 10 3 4 0 9 _ 11 1 
[00390115] 4 | 2 7 _ 8 10 3 4 0 9 5 11 1 
[00390116] 5 | 7 2 _ 8 10 3 4 0 9 _ 11 1 
[00390117] 5 | _ 2 7 8 10 3 4 0 9 _ 11 1 
[00390118] 5 | _ 7 2 8 10 3 4 0 9 _ 11 1 
[00390119] 4 | _ 7 2 8 10 3 4 0 9 5 11 1 
[00390120] 7 | _ _ _ 8 3 _ 10 0 9 _ 11 1 
[00390121] 6 | _ 2 _ 8 3 _ 10 0 9 _ 11 1 
[00390122] 5 | 7 2 _ 8 3 _ 10 0 9 _ 11 1 
[00390123] 4 | 7 2 6 8 3 _ 10 0 9 _ 11 1 
[00390124] 4 | 7 2 _ 8 3 _ 10 0 9 5 11 1 
[00390125] 3 | 7 2 _ 8 3 6 10 0 9 5 11 1 
[00390126] 2 | 7 2 4 8 3 6 10 0 9 5 11 1 
[00390127] 5 | _ 2 7 8 3 _ 10 0 9 _ 11 1 
[00390128] 4 | 6 2 7 8 3 _ 10 0 9 _ 11 1 
[00390129] 4 | _ 2 7 8 3 _ 10 0 9 5 11 1 
[00390130] 3 | _ 2 7 8 3 6 10 0 9 5 11 1 
[00390131] 2 | 4 2 7 8 3 6 10 0 9 5 11 1 
[00390132] 5 | _ 2 _ 8 3 _ 10 0 9 4 11 1 
[00390133] 4 | 6 2 _ 8 3 _ 10 0 9 4 11 1 
[00390134] 3 | 6 2 5 8 3 _ 10 0 9 4 11 1 
[00390135] 4 | _ 2 6 8 3 _ 10 0 9 4 11 1 
[00390136] 3 | 5 2 6 8 3 _ 10 0 9 4 11 1 
[00390137] 4 | _ 2 _ 8 3 7 10 0 9 4 11 1 
[00390138] 3 | 5 2 _ 8 3 7 10 0 9 4 11 1 
[00390139] 3 | _ 2 5 8 3 7 10 0 9 4 11 1 
[00390140] 6 | _ _ _ 8 3 9 10 0 9 _ 11 1 
[00390141] 5 | 2 7 _ 8 3 9 10 0 9 _ 11 1 
[00390142] 5 | 7 2 _ 8 3 9 10 0 9 _ 11 1 
[00390143] 5 | _ 2 7 8 3 9 10 0 9 _ 11 1 
[00390144] 5 | _ 7 2 8 3 9 10 0 9 _ 11 1 
[00390145] 6 | _ _ _ 8 3 _ 10 0 9 3 11 1 
[00390146] 5 | 2 7 _ 8 3 _ 10 0 9 3 11 1 
[00390147] 5 | 7 2 _ 8 3 _ 10 0 9 3 11 1 
[00390148] 5 | _ 2 7 8 3 _ 10 0 9 3 11 1 
[00390149] 5 | _ 7 2 8 3 _ 10 0 9 3 11 1 
[00390150] 7 | _ _ _ 8 10 _ 3 0 9 _ 11 1 
[00390151] 6 | _ 2 _ 8 10 _ 3 0 9 _ 11 1 
[00390152] 5 | 7 2 _ 8 10 _ 3 0 9 _ 11 1 
[00390153] 4 | 7 2 6 8 10 _ 3 0 9 _ 11 1 
[00390154] 4 | 7 2 _ 8 10 6 3 0 9 _ 11 1 
[00390155] 3 | 7 2 5 8 10 6 3 0 9 _ 11 1 
[00390156] 4 | 7 2 _ 8 10 _ 3 0 9 5 11 1 
[00390157] 5 | _ 2 7 8 10 _ 3 0 9 _ 11 1 
[00390158] 4 | 6 2 7 8 10 _ 3 0 9 _ 11 1 
[00390159] 4 | _ 2 7 8 10 6 3 0 9 _ 11 1 
[00390160] 3 | 5 2 7 8 10 6 3 0 9 _ 11 1 
[00390161] 4 | _ 2 7 8 10 _ 3 0 9 5 11 1 
[00390162] 5 | _ 2 _ 8 10 5 3 0 9 _ 11 1 
[00390163] 4 | 6 2 _ 8 10 5 3 0 9 _ 11 1 
[00390164] 4 | _ 2 6 8 10 5 3 0 9 _ 11 1 
[00390165] 5 | _ 2 _ 8 10 _ 3 0 9 4 11 1 
[00390166] 4 | 6 2 _ 8 10 _ 3 0 9 4 11 1 
[00390167] 3 | 6 2 5 8 10 _ 3 0 9 4 11 1 
[00390168] 3 | 6 2 _ 8 10 7 3 0 9 4 11 1 
[00390169] 4 | _ 2 6 8 10 _ 3 0 9 4 11 1 
[00390170] 3 | 5 2 6 8 10 _ 3 0 9 4 11 1 
[00390171] 3 | _ 2 6 8 10 7 3 0 9 4 11 1 
[00390172] 4 | _ 2 _ 8 10 6 3 0 9 4 11 1 
[00390173] 3 | 5 2 _ 8 10 6 3 0 9 4 11 1 
[00390174] 3 | _ 2 5 8 10 6 3 0 9 4 11 1 
[00390175] 6 | _ _ _ 8 10 4 3 0 9 _ 11 1 
[00390176] 5 | 2 7 _ 8 10 4 3 0 9 _ 11 1 
[00390177] 4 | 2 7 _ 8 10 4 3 0 9 5 11 1 
[00390178] 5 | 7 2 _ 8 10 4 3 0 9 _ 11 1 
[00390179] 5 | _ 2 7 8 10 4 3 0 9 _ 11 1 
[00390180] 5 | _ 7 2 8 10 4 3 0 9 _ 11 1 
[00390181] 4 | _ 7 2 8 10 4 3 0 9 5 11 1 
[00390182] 7 | _ _ _ 8 _ _ _ 0 9 2 11 1 
[00390183] 6 | 4 10 _ 8 _ _ _ 0 9 2 11 1 
[00390184] 5 | 4 10 5 8 _ _ _ 0 9 2 11 1 
[00390185] 4 | 4 10 5 8 3 7 _ 0 9 2 11 1 
[00390186] 3 | 4 10 5 8 3 7 6 0 9 2 11 1 
[00390187] 4 | 4 10 5 8 7 3 _ 0 9 2 11 1 
[00390188] 4 | 4 10 5 8 3 _ 7 0 9 2 11 1 
[00390189] 3 | 4 10 5 8 3 6 7 0 9 2 11 1 
[00390190] 4 | 4 10 5 8 7 _ 3 0 9 2 11 1 
[00390191] 5 | 4 10 _ 8 3 _ _ 0 9 2 11 1 
[00390192] 4 | 4 10 6 8 3 _ _ 0 9 2 11 1 
[00390193] 4 | 4 10 _ 8 3 7 _ 0 9 2 11 1 
[00390194] 3 | 4 10 _ 8 3 7 6 0 9 2 11 1 
[00390195] 4 | 4 10 _ 8 3 _ 7 0 9 2 11 1 
[00390196] 3 | 4 10 _ 8 3 6 7 0 9 2 11 1 
[00390197] 6 | 10 4 _ 8 _ _ _ 0 9 2 11 1 
[00390198] 5 | 10 4 _ 8 3 _ _ 0 9 2 11 1 
[00390199] 4 | 10 4 _ 8 3 7 _ 0 9 2 11 1 
[00390200] 3 | 10 4 _ 8 3 7 6 0 9 2 11 1 
[00390201] 4 | 10 4 _ 8 3 _ 7 0 9 2 11 1 
[00390202] 3 | 10 4 _ 8 3 6 7 0 9 2 11 1 
[00390203] 6 | _ 4 10 8 _ _ _ 0 9 2 11 1 
[00390204] 5 | _ 4 10 8 3 _ _ 0 9 2 11 1 
[00390205] 4 | _ 4 10 8 3 7 _ 0 9 2 11 1 
[00390206] 3 | _ 4 10 8 3 7 6 0 9 2 11 1 
[00390207] 4 | _ 4 10 8 3 _ 7 0 9 2 11 1 
[00390208] 3 | _ 4 10 8 3 6 7 0 9 2 11 1 
[00390209] 6 | _ 10 4 8 _ _ _ 0 9 2 11 1 
[00390210] 5 | 5 10 4 8 _ _ _ 0 9 2 11 1 
[00390211] 4 | 5 10 4 8 3 7 _ 0 9 2 11 1 
[00390212] 3 | 5 10 4 8 3 7 6 0 9 2 11 1 
[00390213] 4 | 5 10 4 8 7 3 _ 0 9 2 11 1 
[00390214] 4 | 5 10 4 8 3 _ 7 0 9 2 11 1 
[00390215] 3 | 5 10 4 8 3 6 7 0 9 2 11 1 
[00390216] 4 | 5 10 4 8 7 _ 3 0 9 2 11 1 
[00390217] 5 | _ 10 4 8 3 _ _ 0 9 2 11 1 
[00390218] 4 | 6 10 4 8 3 _ _ 0 9 2 11 1 
[00390219] 4 | _ 10 4 8 3 7 _ 0 9 2 11 1 
[00390220] 3 | _ 10 4 8 3 7 6 0 9 2 11 1 
[00390221] 4 | _ 10 4 8 3 _ 7 0 9 2 11 1 
[00390222] 3 | _ 10 4 8 3 6 7 0 9 2 11 1 
[00390223] 6 | _ _ _ 8 4 10 _ 0 9 2 11 1 
