[00003448] 1 | 0 11 3 1 8 2 4 10 5 6 7 9  *Graceful*
[00003448] 3 | 0 11 3 1 8 2 4 10 5 _ 6 9 
[00003449] 2 | 0 11 3 1 8 2 4 10 5 7 6 9 
[00003450] 3 | 0 11 3 1 8 2 4 10 5 _ 9 6 
[00003451] 2 | 0 11 3 1 8 2 4 10 5 7 9 6 
[00003452] 1 | 0 11 3 1 8 2 4 10 5 7 9 6  *Graceful*
[00003452] 4 | 0 11 3 1 8 2 _ 10 5 9 _ _ 
[00003453] 3 | 0 11 3 1 8 2 _ 10 5 9 7 _ 
[00003454] 2 | 0 11 3 1 8 2 6 10 5 9 7 _ 
[00003455] 3 | 0 11 3 1 8 2 _ 10 5 9 4 7 
[00003456] 2 | 0 11 3 1 8 2 6 10 5 9 4 7 
[00003457] 3 | 0 11 3 1 8 2 _ 10 5 9 7 4 
[00003458] 2 | 0 11 3 1 8 2 6 10 5 9 7 4 
[00003459] 4 | 0 11 3 1 8 2 _ 10 5 _ 6 _ 
[00003460] 3 | 0 11 3 1 8 2 5 10 5 _ 6 _ 
[00003461] 2 | 0 11 3 1 8 2 5 10 5 _ 6 4 
[00003462] 3 | 0 11 3 1 8 2 _ 10 5 8 6 _ 
[00003463] 2 | 0 11 3 1 8 2 _ 10 5 8 6 4 
[00003464] 3 | 0 11 3 1 8 2 _ 10 5 _ 6 9 
[00003465] 2 | 0 11 3 1 8 2 _ 10 5 7 6 9 
[00003466] 5 | 0 11 3 1 8 2 _ 10 4 9 _ _ 
[00003467] 4 | 0 11 3 1 8 2 _ 10 4 9 6 _ 
[00003468] 3 | 0 11 3 1 8 2 5 10 4 9 6 _ 
[00003469] 5 | 0 11 3 1 8 2 _ 10 9 4 _ _ 
[00003470] 4 | 0 11 3 1 8 2 _ 10 9 4 6 _ 
[00003471] 3 | 0 11 3 1 8 2 5 10 9 4 6 _ 
[00003472] 5 | 0 11 3 1 8 2 _ 10 _ _ 5 _ 
[00003473] 4 | 0 11 3 1 8 2 4 10 _ _ 5 _ 
[00003474] 3 | 0 11 3 1 8 2 4 10 7 _ 5 _ 
[00003475] 2 | 0 11 3 1 8 2 4 10 7 5 5 _ 
[00003476] 2 | 0 11 3 1 8 2 4 10 7 9 5 _ 
[00003477] 1 | 0 11 3 1 8 2 4 10 7 9 5 6  *Graceful*
[00003477] 2 | 0 11 3 1 8 2 4 10 7 _ 5 7 
[00003478] 3 | 0 11 3 1 8 2 4 10 6 9 5 _ 
[00003479] 2 | 0 11 3 1 8 2 4 10 6 9 5 7 
[00003480] 3 | 0 11 3 1 8 2 4 10 9 6 5 _ 
[00003481] 2 | 0 11 3 1 8 2 4 10 9 6 5 7 
[00003482] 1 | 0 11 3 1 8 2 4 10 9 6 5 7  *Graceful*
[00003482] 4 | 0 11 3 1 8 2 _ 10 6 _ 5 _ 
[00003483] 3 | 0 11 3 1 8 2 5 10 6 _ 5 _ 
[00003484] 2 | 0 11 3 1 8 2 5 10 6 4 5 _ 
[00003485] 3 | 0 11 3 1 8 2 _ 10 6 9 5 _ 
[00003486] 2 | 0 11 3 1 8 2 _ 10 6 9 5 7 
[00003487] 3 | 0 11 3 1 8 2 _ 10 6 _ 5 8 
[00003488] 2 | 0 11 3 1 8 2 _ 10 6 4 5 8 
[00003489] 4 | 0 11 3 1 8 2 _ 10 _ _ 5 9 
[00003490] 3 | 0 11 3 1 8 2 _ 10 7 _ 5 9 
[00003491] 2 | 0 11 3 1 8 2 6 10 7 _ 5 9 
[00003492] 3 | 0 11 3 1 8 2 _ 10 4 7 5 9 
[00003493] 2 | 0 11 3 1 8 2 6 10 4 7 5 9 
[00003494] 3 | 0 11 3 1 8 2 _ 10 7 4 5 9 
[00003495] 2 | 0 11 3 1 8 2 6 10 7 4 5 9 
[00003496] 5 | 0 11 3 1 8 2 _ 10 _ _ 4 9 
[00003497] 4 | 0 11 3 1 8 2 _ 10 6 _ 4 9 
[00003498] 3 | 0 11 3 1 8 2 5 10 6 _ 4 9 
[00003499] 5 | 0 11 3 1 8 2 _ 10 _ _ 9 4 
[00003500] 4 | 0 11 3 1 8 2 _ 10 6 _ 9 4 
[00003501] 3 | 0 11 3 1 8 2 5 10 6 _ 9 4 
[00003502] 6 | 0 11 3 1 8 _ 2 10 _ _ _ _ 
[00003503] 5 | 0 11 3 1 8 _ 2 10 5 _ _ _ 
[00003504] 4 | 0 11 3 1 8 4 2 10 5 _ _ _ 
[00003505] 3 | 0 11 3 1 8 4 2 10 5 _ 7 _ 
[00003506] 2 | 0 11 3 1 8 4 2 10 5 7 7 _ 
[00003507] 2 | 0 11 3 1 8 4 2 10 5 _ 7 5 
[00003508] 2 | 0 11 3 1 8 4 2 10 5 _ 7 9 
[00003509] 1 | 0 11 3 1 8 4 2 10 5 6 7 9  *Graceful*
[00003509] 3 | 0 11 3 1 8 4 2 10 5 _ 6 9 
[00003510] 2 | 0 11 3 1 8 4 2 10 5 7 6 9 
[00003511] 3 | 0 11 3 1 8 4 2 10 5 _ 9 6 
[00003512] 2 | 0 11 3 1 8 4 2 10 5 7 9 6 
[00003513] 1 | 0 11 3 1 8 4 2 10 5 7 9 6  *Graceful*
[00003513] 4 | 0 11 3 1 8 _ 2 10 5 9 _ _ 
[00003514] 3 | 0 11 3 1 8 _ 2 10 5 9 7 _ 
[00003515] 2 | 0 11 3 1 8 6 2 10 5 9 7 _ 
[00003516] 3 | 0 11 3 1 8 _ 2 10 5 9 4 7 
[00003517] 2 | 0 11 3 1 8 6 2 10 5 9 4 7 
[00003518] 3 | 0 11 3 1 8 _ 2 10 5 9 7 4 
[00003519] 2 | 0 11 3 1 8 6 2 10 5 9 7 4 
[00003520] 4 | 0 11 3 1 8 _ 2 10 5 _ 6 _ 
[00003521] 3 | 0 11 3 1 8 5 2 10 5 _ 6 _ 
[00003522] 2 | 0 11 3 1 8 5 2 10 5 _ 6 4 
[00003523] 3 | 0 11 3 1 8 _ 2 10 5 8 6 _ 
[00003524] 2 | 0 11 3 1 8 _ 2 10 5 8 6 4 
[00003525] 3 | 0 11 3 1 8 _ 2 10 5 _ 6 9 
[00003526] 2 | 0 11 3 1 8 _ 2 10 5 7 6 9 
[00003527] 5 | 0 11 3 1 8 _ 2 10 4 9 _ _ 
[00003528] 4 | 0 11 3 1 8 _ 2 10 4 9 6 _ 
[00003529] 3 | 0 11 3 1 8 5 2 10 4 9 6 _ 
[00003530] 5 | 0 11 3 1 8 _ 2 10 9 4 _ _ 
[00003531] 4 | 0 11 3 1 8 _ 2 10 9 4 6 _ 
[00003532] 3 | 0 11 3 1 8 5 2 10 9 4 6 _ 
[00003533] 5 | 0 11 3 1 8 _ 2 10 _ _ 5 _ 
[00003534] 4 | 0 11 3 1 8 4 2 10 _ _ 5 _ 
[00003535] 3 | 0 11 3 1 8 4 2 10 7 _ 5 _ 
[00003536] 2 | 0 11 3 1 8 4 2 10 7 5 5 _ 
[00003537] 2 | 0 11 3 1 8 4 2 10 7 9 5 _ 
[00003538] 1 | 0 11 3 1 8 4 2 10 7 9 5 6  *Graceful*
[00003538] 2 | 0 11 3 1 8 4 2 10 7 _ 5 7 
[00003539] 3 | 0 11 3 1 8 4 2 10 6 9 5 _ 
[00003540] 2 | 0 11 3 1 8 4 2 10 6 9 5 7 
[00003541] 3 | 0 11 3 1 8 4 2 10 9 6 5 _ 
[00003542] 2 | 0 11 3 1 8 4 2 10 9 6 5 7 
[00003543] 1 | 0 11 3 1 8 4 2 10 9 6 5 7  *Graceful*
[00003543] 4 | 0 11 3 1 8 _ 2 10 6 _ 5 _ 
[00003544] 3 | 0 11 3 1 8 5 2 10 6 _ 5 _ 
[00003545] 2 | 0 11 3 1 8 5 2 10 6 4 5 _ 
[00003546] 3 | 0 11 3 1 8 _ 2 10 6 9 5 _ 
[00003547] 2 | 0 11 3 1 8 _ 2 10 6 9 5 7 
[00003548] 3 | 0 11 3 1 8 _ 2 10 6 _ 5 8 
[00003549] 2 | 0 11 3 1 8 _ 2 10 6 4 5 8 
[00003550] 4 | 0 11 3 1 8 _ 2 10 _ _ 5 9 
[00003551] 3 | 0 11 3 1 8 _ 2 10 7 _ 5 9 
[00003552] 2 | 0 11 3 1 8 6 2 10 7 _ 5 9 
[00003553] 3 | 0 11 3 1 8 _ 2 10 4 7 5 9 
[00003554] 2 | 0 11 3 1 8 6 2 10 4 7 5 9 
[00003555] 3 | 0 11 3 1 8 _ 2 10 7 4 5 9 
[00003556] 2 | 0 11 3 1 8 6 2 10 7 4 5 9 
[00003557] 5 | 0 11 3 1 8 _ 2 10 _ _ 4 9 
[00003558] 4 | 0 11 3 1 8 _ 2 10 6 _ 4 9 
[00003559] 3 | 0 11 3 1 8 5 2 10 6 _ 4 9 
[00003560] 5 | 0 11 3 1 8 _ 2 10 _ _ 9 4 
[00003561] 4 | 0 11 3 1 8 _ 2 10 6 _ 9 4 
[00003562] 3 | 0 11 3 1 8 5 2 10 6 _ 9 4 
[00003563] 6 | 0 11 3 1 8 _ _ 10 4 _ _ _ 
[00003564] 5 | 0 11 3 1 8 _ _ 10 4 9 _ _ 
[00003565] 4 | 0 11 3 1 8 _ _ 10 4 9 6 _ 
[00003566] 3 | 0 11 3 1 8 5 _ 10 4 9 6 _ 
[00003567] 2 | 0 11 3 1 8 5 6 10 4 9 6 _ 
[00003568] 2 | 0 11 3 1 8 5 _ 10 4 9 6 8 
[00003569] 3 | 0 11 3 1 8 _ 5 10 4 9 6 _ 
[00003570] 2 | 0 11 3 1 8 6 5 10 4 9 6 _ 
[00003571] 2 | 0 11 3 1 8 _ 5 10 4 9 6 8 
[00003572] 4 | 0 11 3 1 8 _ _ 10 4 9 2 6 
[00003573] 3 | 0 11 3 1 8 5 _ 10 4 9 2 6 
[00003574] 3 | 0 11 3 1 8 _ 5 10 4 9 2 6 
[00003575] 4 | 0 11 3 1 8 _ _ 10 4 9 6 2 
[00003576] 3 | 0 11 3 1 8 5 _ 10 4 9 6 2 
[00003577] 3 | 0 11 3 1 8 _ 5 10 4 9 6 2 
[00003578] 5 | 0 11 3 1 8 _ _ 10 4 _ 5 _ 
[00003579] 4 | 0 11 3 1 8 4 _ 10 4 _ 5 _ 
[00003580] 3 | 0 11 3 1 8 4 5 10 4 _ 5 _ 
[00003581] 3 | 0 11 3 1 8 4 _ 10 4 _ 5 2 
[00003582] 2 | 0 11 3 1 8 4 6 10 4 _ 5 2 
[00003583] 3 | 0 11 3 1 8 4 _ 10 4 _ 5 8 
[00003584] 4 | 0 11 3 1 8 _ 4 10 4 _ 5 _ 
[00003585] 3 | 0 11 3 1 8 5 4 10 4 _ 5 _ 
[00003586] 3 | 0 11 3 1 8 _ 4 10 4 _ 5 2 
[00003587] 2 | 0 11 3 1 8 6 4 10 4 _ 5 2 
[00003588] 3 | 0 11 3 1 8 _ 4 10 4 _ 5 8 
[00003589] 4 | 0 11 3 1 8 _ _ 10 4 8 5 _ 
[00003590] 3 | 0 11 3 1 8 _ _ 10 4 8 5 2 
[00003591] 4 | 0 11 3 1 8 _ _ 10 4 _ 5 9 
[00003592] 3 | 0 11 3 1 8 _ _ 10 4 7 5 9 
[00003593] 2 | 0 11 3 1 8 6 _ 10 4 7 5 9 
[00003594] 2 | 0 11 3 1 8 _ 6 10 4 7 5 9 
[00003595] 5 | 0 11 3 1 8 _ _ 10 4 _ 2 7 
[00003596] 4 | 0 11 3 1 8 4 _ 10 4 _ 2 7 
[00003597] 3 | 0 11 3 1 8 4 5 10 4 _ 2 7 
[00003598] 4 | 0 11 3 1 8 _ 4 10 4 _ 2 7 
[00003599] 3 | 0 11 3 1 8 5 4 10 4 _ 2 7 
[00003600] 4 | 0 11 3 1 8 _ _ 10 4 8 2 7 
[00003601] 5 | 0 11 3 1 8 _ _ 10 4 _ 7 2 
[00003602] 4 | 0 11 3 1 8 4 _ 10 4 _ 7 2 
[00003603] 3 | 0 11 3 1 8 4 5 10 4 _ 7 2 
[00003604] 4 | 0 11 3 1 8 _ 4 10 4 _ 7 2 
[00003605] 3 | 0 11 3 1 8 5 4 10 4 _ 7 2 
[00003606] 4 | 0 11 3 1 8 _ _ 10 4 8 7 2 
[00003607] 6 | 0 11 3 1 8 _ _ 10 _ _ 4 _ 
[00003608] 5 | 0 11 3 1 8 _ _ 10 5 _ 4 _ 
[00003609] 4 | 0 11 3 1 8 4 _ 10 5 _ 4 _ 
[00003610] 3 | 0 11 3 1 8 4 5 10 5 _ 4 _ 
[00003611] 3 | 0 11 3 1 8 4 _ 10 5 2 4 _ 
[00003612] 2 | 0 11 3 1 8 4 6 10 5 2 4 _ 
[00003613] 3 | 0 11 3 1 8 4 _ 10 5 8 4 _ 
[00003614] 4 | 0 11 3 1 8 _ 4 10 5 _ 4 _ 
[00003615] 3 | 0 11 3 1 8 5 4 10 5 _ 4 _ 
[00003616] 3 | 0 11 3 1 8 _ 4 10 5 2 4 _ 
[00003617] 2 | 0 11 3 1 8 6 4 10 5 2 4 _ 
[00003618] 3 | 0 11 3 1 8 _ 4 10 5 8 4 _ 
[00003619] 4 | 0 11 3 1 8 _ _ 10 5 9 4 _ 
[00003620] 3 | 0 11 3 1 8 _ _ 10 5 9 4 7 
[00003621] 2 | 0 11 3 1 8 6 _ 10 5 9 4 7 
[00003622] 2 | 0 11 3 1 8 _ 6 10 5 9 4 7 
[00003623] 4 | 0 11 3 1 8 _ _ 10 5 _ 4 8 
[00003624] 3 | 0 11 3 1 8 _ _ 10 5 2 4 8 
[00003625] 5 | 0 11 3 1 8 _ _ 10 2 7 4 _ 
[00003626] 4 | 0 11 3 1 8 4 _ 10 2 7 4 _ 
[00003627] 3 | 0 11 3 1 8 4 5 10 2 7 4 _ 
[00003628] 4 | 0 11 3 1 8 _ 4 10 2 7 4 _ 
[00003629] 3 | 0 11 3 1 8 5 4 10 2 7 4 _ 
[00003630] 4 | 0 11 3 1 8 _ _ 10 2 7 4 8 
[00003631] 5 | 0 11 3 1 8 _ _ 10 7 2 4 _ 
[00003632] 4 | 0 11 3 1 8 4 _ 10 7 2 4 _ 
[00003633] 3 | 0 11 3 1 8 4 5 10 7 2 4 _ 
[00003634] 4 | 0 11 3 1 8 _ 4 10 7 2 4 _ 
[00003635] 3 | 0 11 3 1 8 5 4 10 7 2 4 _ 
[00003636] 4 | 0 11 3 1 8 _ _ 10 7 2 4 8 
[00003637] 5 | 0 11 3 1 8 _ _ 10 _ _ 4 9 
[00003638] 4 | 0 11 3 1 8 _ _ 10 6 _ 4 9 
[00003639] 3 | 0 11 3 1 8 5 _ 10 6 _ 4 9 
[00003640] 2 | 0 11 3 1 8 5 6 10 6 _ 4 9 
[00003641] 2 | 0 11 3 1 8 5 _ 10 6 8 4 9 
[00003642] 3 | 0 11 3 1 8 _ 5 10 6 _ 4 9 
[00003643] 2 | 0 11 3 1 8 6 5 10 6 _ 4 9 
[00003644] 2 | 0 11 3 1 8 _ 5 10 6 8 4 9 
[00003645] 4 | 0 11 3 1 8 _ _ 10 2 6 4 9 
[00003646] 3 | 0 11 3 1 8 5 _ 10 2 6 4 9 
[00003647] 3 | 0 11 3 1 8 _ 5 10 2 6 4 9 
[00003648] 4 | 0 11 3 1 8 _ _ 10 6 2 4 9 
[00003649] 3 | 0 11 3 1 8 5 _ 10 6 2 4 9 
[00003650] 3 | 0 11 3 1 8 _ 5 10 6 2 4 9 
[00003651] 7 | 0 11 3 1 2 9 _ 10 _ _ _ _ 
[00003652] 6 | 0 11 3 1 2 9 8 10 _ _ _ _ 
[00003653] 5 | 0 11 3 1 2 9 8 10 5 _ _ _ 
[00003654] 4 | 0 11 3 1 2 9 8 10 5 _ 6 _ 
[00003655] 5 | 0 11 3 1 2 9 8 10 _ _ 5 _ 
[00003656] 4 | 0 11 3 1 2 9 8 10 6 _ 5 _ 
[00003657] 6 | 0 11 3 1 2 9 _ 10 4 _ _ _ 
[00003658] 5 | 0 11 3 1 2 9 7 10 4 _ _ _ 
[00003659] 4 | 0 11 3 1 2 9 7 10 4 8 _ _ 
[00003660] 4 | 0 11 3 1 2 9 7 10 4 _ 6 _ 
[00003661] 5 | 0 11 3 1 2 9 _ 10 4 _ 5 _ 
[00003662] 4 | 0 11 3 1 2 9 6 10 4 _ 5 _ 
[00003663] 3 | 0 11 3 1 2 9 6 10 4 7 5 _ 
[00003664] 3 | 0 11 3 1 2 9 6 10 4 _ 5 8 
[00003665] 4 | 0 11 3 1 2 9 _ 10 4 8 5 _ 
[00003666] 3 | 0 11 3 1 2 9 5 10 4 8 5 _ 
[00003667] 3 | 0 11 3 1 2 9 _ 10 4 8 5 2 
[00003668] 6 | 0 11 3 1 2 9 _ 10 _ _ 4 _ 
[00003669] 5 | 0 11 3 1 2 9 7 10 _ _ 4 _ 
[00003670] 4 | 0 11 3 1 2 9 7 10 6 _ 4 _ 
[00003671] 4 | 0 11 3 1 2 9 7 10 _ _ 4 8 
[00003672] 5 | 0 11 3 1 2 9 _ 10 5 _ 4 _ 
[00003673] 4 | 0 11 3 1 2 9 6 10 5 _ 4 _ 
[00003674] 3 | 0 11 3 1 2 9 6 10 5 8 4 _ 
[00003675] 3 | 0 11 3 1 2 9 6 10 5 _ 4 7 
[00003676] 4 | 0 11 3 1 2 9 _ 10 5 _ 4 8 
[00003677] 3 | 0 11 3 1 2 9 5 10 5 _ 4 8 
[00003678] 3 | 0 11 3 1 2 9 _ 10 5 2 4 8 
[00003679] 7 | 0 11 3 1 9 2 _ 10 _ _ _ _ 
[00003680] 6 | 0 11 3 1 9 2 _ 10 4 _ _ _ 
[00003681] 5 | 0 11 3 1 9 2 4 10 4 _ _ _ 
[00003682] 4 | 0 11 3 1 9 2 4 10 4 _ 6 _ 
[00003683] 5 | 0 11 3 1 9 2 _ 10 4 9 _ _ 
[00003684] 4 | 0 11 3 1 9 2 _ 10 4 9 6 _ 
[00003685] 5 | 0 11 3 1 9 2 _ 10 4 _ 5 _ 
[00003686] 4 | 0 11 3 1 9 2 5 10 4 _ 5 _ 
[00003687] 3 | 0 11 3 1 9 2 5 10 4 7 5 _ 
[00003688] 4 | 0 11 3 1 9 2 _ 10 4 8 5 _ 
[00003689] 3 | 0 11 3 1 9 2 6 10 4 8 5 _ 
[00003690] 2 | 0 11 3 1 9 2 6 10 4 8 5 7 
[00003691] 4 | 0 11 3 1 9 2 _ 10 4 _ 5 9 
[00003692] 3 | 0 11 3 1 9 2 _ 10 4 7 5 9 
[00003693] 6 | 0 11 3 1 9 2 _ 10 _ _ 4 _ 
[00003694] 5 | 0 11 3 1 9 2 4 10 _ _ 4 _ 
[00003695] 4 | 0 11 3 1 9 2 4 10 6 _ 4 _ 
[00003696] 5 | 0 11 3 1 9 2 _ 10 5 _ 4 _ 
[00003697] 4 | 0 11 3 1 9 2 5 10 5 _ 4 _ 
[00003698] 3 | 0 11 3 1 9 2 5 10 5 _ 4 7 
[00003699] 4 | 0 11 3 1 9 2 _ 10 5 9 4 _ 
[00003700] 3 | 0 11 3 1 9 2 _ 10 5 9 4 7 
[00003701] 4 | 0 11 3 1 9 2 _ 10 5 _ 4 8 
[00003702] 3 | 0 11 3 1 9 2 6 10 5 _ 4 8 
[00003703] 2 | 0 11 3 1 9 2 6 10 5 7 4 8 
[00003704] 5 | 0 11 3 1 9 2 _ 10 _ _ 4 9 
[00003705] 4 | 0 11 3 1 9 2 _ 10 6 _ 4 9 
[00003706] 7 | 0 11 3 1 2 _ 9 10 _ _ _ _ 
[00003707] 6 | 0 11 3 1 2 8 9 10 _ _ _ _ 
[00003708] 5 | 0 11 3 1 2 8 9 10 5 _ _ _ 
[00003709] 4 | 0 11 3 1 2 8 9 10 5 _ 6 _ 
[00003710] 5 | 0 11 3 1 2 8 9 10 _ _ 5 _ 
[00003711] 4 | 0 11 3 1 2 8 9 10 6 _ 5 _ 
[00003712] 6 | 0 11 3 1 2 _ 9 10 4 _ _ _ 
[00003713] 5 | 0 11 3 1 2 7 9 10 4 _ _ _ 
[00003714] 4 | 0 11 3 1 2 7 9 10 4 8 _ _ 
[00003715] 4 | 0 11 3 1 2 7 9 10 4 _ 6 _ 
[00003716] 5 | 0 11 3 1 2 _ 9 10 4 _ 5 _ 
[00003717] 4 | 0 11 3 1 2 6 9 10 4 _ 5 _ 
[00003718] 3 | 0 11 3 1 2 6 9 10 4 7 5 _ 
[00003719] 3 | 0 11 3 1 2 6 9 10 4 _ 5 8 
[00003720] 4 | 0 11 3 1 2 _ 9 10 4 8 5 _ 
[00003721] 3 | 0 11 3 1 2 5 9 10 4 8 5 _ 
[00003722] 3 | 0 11 3 1 2 _ 9 10 4 8 5 2 
[00003723] 6 | 0 11 3 1 2 _ 9 10 _ _ 4 _ 
[00003724] 5 | 0 11 3 1 2 7 9 10 _ _ 4 _ 
[00003725] 4 | 0 11 3 1 2 7 9 10 6 _ 4 _ 
[00003726] 4 | 0 11 3 1 2 7 9 10 _ _ 4 8 
[00003727] 5 | 0 11 3 1 2 _ 9 10 5 _ 4 _ 
[00003728] 4 | 0 11 3 1 2 6 9 10 5 _ 4 _ 
[00003729] 3 | 0 11 3 1 2 6 9 10 5 8 4 _ 
[00003730] 3 | 0 11 3 1 2 6 9 10 5 _ 4 7 
[00003731] 4 | 0 11 3 1 2 _ 9 10 5 _ 4 8 
[00003732] 3 | 0 11 3 1 2 5 9 10 5 _ 4 8 
[00003733] 3 | 0 11 3 1 2 _ 9 10 5 2 4 8 
[00003734] 7 | 0 11 3 1 9 _ 2 10 _ _ _ _ 
[00003735] 6 | 0 11 3 1 9 _ 2 10 4 _ _ _ 
[00003736] 5 | 0 11 3 1 9 4 2 10 4 _ _ _ 
[00003737] 4 | 0 11 3 1 9 4 2 10 4 _ 6 _ 
[00003738] 5 | 0 11 3 1 9 _ 2 10 4 9 _ _ 
[00003739] 4 | 0 11 3 1 9 _ 2 10 4 9 6 _ 
[00003740] 5 | 0 11 3 1 9 _ 2 10 4 _ 5 _ 
[00003741] 4 | 0 11 3 1 9 5 2 10 4 _ 5 _ 
[00003742] 3 | 0 11 3 1 9 5 2 10 4 7 5 _ 
[00003743] 4 | 0 11 3 1 9 _ 2 10 4 8 5 _ 
[00003744] 3 | 0 11 3 1 9 6 2 10 4 8 5 _ 
[00003745] 2 | 0 11 3 1 9 6 2 10 4 8 5 7 
[00003746] 4 | 0 11 3 1 9 _ 2 10 4 _ 5 9 
[00003747] 3 | 0 11 3 1 9 _ 2 10 4 7 5 9 
[00003748] 6 | 0 11 3 1 9 _ 2 10 _ _ 4 _ 
[00003749] 5 | 0 11 3 1 9 4 2 10 _ _ 4 _ 
[00003750] 4 | 0 11 3 1 9 4 2 10 6 _ 4 _ 
[00003751] 5 | 0 11 3 1 9 _ 2 10 5 _ 4 _ 
[00003752] 4 | 0 11 3 1 9 5 2 10 5 _ 4 _ 
[00003753] 3 | 0 11 3 1 9 5 2 10 5 _ 4 7 
[00003754] 4 | 0 11 3 1 9 _ 2 10 5 9 4 _ 
[00003755] 3 | 0 11 3 1 9 _ 2 10 5 9 4 7 
[00003756] 4 | 0 11 3 1 9 _ 2 10 5 _ 4 8 
[00003757] 3 | 0 11 3 1 9 6 2 10 5 _ 4 8 
[00003758] 2 | 0 11 3 1 9 6 2 10 5 7 4 8 
[00003759] 5 | 0 11 3 1 9 _ 2 10 _ _ 4 9 
[00003760] 4 | 0 11 3 1 9 _ 2 10 6 _ 4 9 
[00003761] 7 | 0 11 3 1 _ _ _ 10 2 9 _ _ 
[00003762] 6 | 0 11 3 1 7 _ _ 10 2 9 _ _ 
[00003763] 5 | 0 11 3 1 7 _ _ 10 2 9 5 _ 
[00003764] 6 | 0 11 3 1 _ _ _ 10 2 9 4 _ 
[00003765] 5 | 0 11 3 1 6 _ _ 10 2 9 4 _ 
[00003766] 4 | 0 11 3 1 6 _ _ 10 2 9 4 8 
[00003767] 7 | 0 11 3 1 _ _ _ 10 9 2 _ _ 
[00003768] 6 | 0 11 3 1 7 _ _ 10 9 2 _ _ 
[00003769] 5 | 0 11 3 1 7 _ _ 10 9 2 5 _ 
[00003770] 6 | 0 11 3 1 _ _ _ 10 9 2 4 _ 
[00003771] 5 | 0 11 3 1 6 _ _ 10 9 2 4 _ 
[00003772] 4 | 0 11 3 1 6 _ _ 10 9 2 4 8 
[00003773] 7 | 0 11 3 1 _ _ _ 10 _ _ 2 9 
[00003774] 6 | 0 11 3 1 7 _ _ 10 _ _ 2 9 
[00003775] 5 | 0 11 3 1 7 _ _ 10 5 _ 2 9 
[00003776] 6 | 0 11 3 1 _ _ _ 10 4 _ 2 9 
[00003777] 5 | 0 11 3 1 6 _ _ 10 4 _ 2 9 
[00003778] 4 | 0 11 3 1 6 _ _ 10 4 8 2 9 
[00003779] 7 | 0 11 3 1 _ _ _ 10 _ _ 9 2 
[00003780] 6 | 0 11 3 1 7 _ _ 10 _ _ 9 2 
[00003781] 5 | 0 11 3 1 7 _ _ 10 5 _ 9 2 
[00003782] 6 | 0 11 3 1 _ _ _ 10 4 _ 9 2 
[00003783] 5 | 0 11 3 1 6 _ _ 10 4 _ 9 2 
[00003784] 4 | 0 11 3 1 6 _ _ 10 4 8 9 2 
[00003785] 8 | 0 11 _ 1 9 _ _ 10 _ _ _ _ 
[00003786] 7 | 0 11 4 1 9 _ _ 10 _ _ _ _ 
[00003787] 6 | 0 11 4 1 9 3 _ 10 _ _ _ _ 
[00003788] 5 | 0 11 4 1 9 3 _ 10 5 _ _ _ 
[00003789] 4 | 0 11 4 1 9 3 5 10 5 _ _ _ 
[00003790] 3 | 0 11 4 1 9 3 5 10 5 _ 7 _ 
[00003791] 4 | 0 11 4 1 9 3 _ 10 5 9 _ _ 
[00003792] 3 | 0 11 4 1 9 3 _ 10 5 9 7 _ 
[00003793] 4 | 0 11 4 1 9 3 _ 10 5 _ 6 _ 
[00003794] 3 | 0 11 4 1 9 3 6 10 5 _ 6 _ 
[00003795] 2 | 0 11 4 1 9 3 6 10 5 7 6 _ 
[00003796] 3 | 0 11 4 1 9 3 _ 10 5 2 6 _ 
[00003797] 2 | 0 11 4 1 9 3 7 10 5 2 6 _ 
[00003798] 2 | 0 11 4 1 9 3 _ 10 5 2 6 8 
[00003799] 3 | 0 11 4 1 9 3 _ 10 5 8 6 _ 
[00003800] 2 | 0 11 4 1 9 3 7 10 5 8 6 _ 
[00003801] 3 | 0 11 4 1 9 3 _ 10 5 _ 6 9 
[00003802] 2 | 0 11 4 1 9 3 _ 10 5 7 6 9 
[00003803] 4 | 0 11 4 1 9 3 _ 10 5 _ 2 6 
[00003804] 3 | 0 11 4 1 9 3 _ 10 5 8 2 6 
[00003805] 2 | 0 11 4 1 9 3 7 10 5 8 2 6 
[00003806] 4 | 0 11 4 1 9 3 _ 10 5 _ 6 2 
[00003807] 3 | 0 11 4 1 9 3 _ 10 5 8 6 2 
[00003808] 2 | 0 11 4 1 9 3 7 10 5 8 6 2 
[00003809] 5 | 0 11 4 1 9 3 _ 10 2 7 _ _ 
[00003810] 4 | 0 11 4 1 9 3 5 10 2 7 _ _ 
[00003811] 4 | 0 11 4 1 9 3 _ 10 2 7 6 _ 
[00003812] 3 | 0 11 4 1 9 3 6 10 2 7 6 _ 
[00003813] 3 | 0 11 4 1 9 3 _ 10 2 7 6 9 
[00003814] 5 | 0 11 4 1 9 3 _ 10 7 2 _ _ 
[00003815] 4 | 0 11 4 1 9 3 5 10 7 2 _ _ 
[00003816] 4 | 0 11 4 1 9 3 _ 10 7 2 6 _ 
[00003817] 3 | 0 11 4 1 9 3 6 10 7 2 6 _ 
[00003818] 3 | 0 11 4 1 9 3 _ 10 7 2 6 9 
[00003819] 5 | 0 11 4 1 9 3 _ 10 _ _ 5 _ 
[00003820] 4 | 0 11 4 1 9 3 5 10 _ _ 5 _ 
[00003821] 3 | 0 11 4 1 9 3 5 10 7 _ 5 _ 
[00003822] 4 | 0 11 4 1 9 3 _ 10 6 _ 5 _ 
[00003823] 3 | 0 11 4 1 9 3 6 10 6 _ 5 _ 
[00003824] 2 | 0 11 4 1 9 3 6 10 6 _ 5 7 
[00003825] 3 | 0 11 4 1 9 3 _ 10 6 9 5 _ 
[00003826] 2 | 0 11 4 1 9 3 _ 10 6 9 5 7 
[00003827] 3 | 0 11 4 1 9 3 _ 10 6 _ 5 2 
[00003828] 2 | 0 11 4 1 9 3 7 10 6 _ 5 2 
[00003829] 2 | 0 11 4 1 9 3 _ 10 6 8 5 2 
[00003830] 3 | 0 11 4 1 9 3 _ 10 6 _ 5 8 
[00003831] 2 | 0 11 4 1 9 3 7 10 6 _ 5 8 
[00003832] 4 | 0 11 4 1 9 3 _ 10 2 6 5 _ 
[00003833] 3 | 0 11 4 1 9 3 _ 10 2 6 5 8 
[00003834] 2 | 0 11 4 1 9 3 7 10 2 6 5 8 
[00003835] 4 | 0 11 4 1 9 3 _ 10 6 2 5 _ 
[00003836] 3 | 0 11 4 1 9 3 _ 10 6 2 5 8 
[00003837] 2 | 0 11 4 1 9 3 7 10 6 2 5 8 
[00003838] 4 | 0 11 4 1 9 3 _ 10 _ _ 5 9 
[00003839] 3 | 0 11 4 1 9 3 _ 10 7 _ 5 9 
[00003840] 5 | 0 11 4 1 9 3 _ 10 _ _ 2 7 
[00003841] 4 | 0 11 4 1 9 3 5 10 _ _ 2 7 
[00003842] 4 | 0 11 4 1 9 3 _ 10 6 _ 2 7 
[00003843] 3 | 0 11 4 1 9 3 6 10 6 _ 2 7 
[00003844] 3 | 0 11 4 1 9 3 _ 10 6 9 2 7 
[00003845] 5 | 0 11 4 1 9 3 _ 10 _ _ 7 2 
[00003846] 4 | 0 11 4 1 9 3 5 10 _ _ 7 2 
[00003847] 4 | 0 11 4 1 9 3 _ 10 6 _ 7 2 
[00003848] 3 | 0 11 4 1 9 3 6 10 6 _ 7 2 
[00003849] 3 | 0 11 4 1 9 3 _ 10 6 9 7 2 
[00003850] 6 | 0 11 4 1 9 _ 3 10 _ _ _ _ 
[00003851] 5 | 0 11 4 1 9 _ 3 10 5 _ _ _ 
[00003852] 4 | 0 11 4 1 9 5 3 10 5 _ _ _ 
[00003853] 3 | 0 11 4 1 9 5 3 10 5 _ 7 _ 
[00003854] 4 | 0 11 4 1 9 _ 3 10 5 9 _ _ 
[00003855] 3 | 0 11 4 1 9 _ 3 10 5 9 7 _ 
[00003856] 4 | 0 11 4 1 9 _ 3 10 5 _ 6 _ 
[00003857] 3 | 0 11 4 1 9 6 3 10 5 _ 6 _ 
[00003858] 2 | 0 11 4 1 9 6 3 10 5 7 6 _ 
[00003859] 3 | 0 11 4 1 9 _ 3 10 5 2 6 _ 
[00003860] 2 | 0 11 4 1 9 7 3 10 5 2 6 _ 
[00003861] 2 | 0 11 4 1 9 _ 3 10 5 2 6 8 
[00003862] 3 | 0 11 4 1 9 _ 3 10 5 8 6 _ 
[00003863] 2 | 0 11 4 1 9 7 3 10 5 8 6 _ 
[00003864] 3 | 0 11 4 1 9 _ 3 10 5 _ 6 9 
[00003865] 2 | 0 11 4 1 9 _ 3 10 5 7 6 9 
[00003866] 4 | 0 11 4 1 9 _ 3 10 5 _ 2 6 
[00003867] 3 | 0 11 4 1 9 _ 3 10 5 8 2 6 
[00003868] 2 | 0 11 4 1 9 7 3 10 5 8 2 6 
[00003869] 4 | 0 11 4 1 9 _ 3 10 5 _ 6 2 
[00003870] 3 | 0 11 4 1 9 _ 3 10 5 8 6 2 
[00003871] 2 | 0 11 4 1 9 7 3 10 5 8 6 2 
[00003872] 5 | 0 11 4 1 9 _ 3 10 2 7 _ _ 
[00003873] 4 | 0 11 4 1 9 5 3 10 2 7 _ _ 
[00003874] 4 | 0 11 4 1 9 _ 3 10 2 7 6 _ 
[00003875] 3 | 0 11 4 1 9 6 3 10 2 7 6 _ 
[00003876] 3 | 0 11 4 1 9 _ 3 10 2 7 6 9 
[00003877] 5 | 0 11 4 1 9 _ 3 10 7 2 _ _ 
[00003878] 4 | 0 11 4 1 9 5 3 10 7 2 _ _ 
[00003879] 4 | 0 11 4 1 9 _ 3 10 7 2 6 _ 
[00003880] 3 | 0 11 4 1 9 6 3 10 7 2 6 _ 
[00003881] 3 | 0 11 4 1 9 _ 3 10 7 2 6 9 
[00003882] 5 | 0 11 4 1 9 _ 3 10 _ _ 5 _ 
[00003883] 4 | 0 11 4 1 9 5 3 10 _ _ 5 _ 
[00003884] 3 | 0 11 4 1 9 5 3 10 7 _ 5 _ 
[00003885] 4 | 0 11 4 1 9 _ 3 10 6 _ 5 _ 
[00003886] 3 | 0 11 4 1 9 6 3 10 6 _ 5 _ 
[00003887] 2 | 0 11 4 1 9 6 3 10 6 _ 5 7 
[00003888] 3 | 0 11 4 1 9 _ 3 10 6 9 5 _ 
[00003889] 2 | 0 11 4 1 9 _ 3 10 6 9 5 7 
[00003890] 3 | 0 11 4 1 9 _ 3 10 6 _ 5 2 
[00003891] 2 | 0 11 4 1 9 7 3 10 6 _ 5 2 
[00003892] 2 | 0 11 4 1 9 _ 3 10 6 8 5 2 
[00003893] 3 | 0 11 4 1 9 _ 3 10 6 _ 5 8 
[00003894] 2 | 0 11 4 1 9 7 3 10 6 _ 5 8 
[00003895] 4 | 0 11 4 1 9 _ 3 10 2 6 5 _ 
[00003896] 3 | 0 11 4 1 9 _ 3 10 2 6 5 8 
[00003897] 2 | 0 11 4 1 9 7 3 10 2 6 5 8 
[00003898] 4 | 0 11 4 1 9 _ 3 10 6 2 5 _ 
[00003899] 3 | 0 11 4 1 9 _ 3 10 6 2 5 8 
[00003900] 2 | 0 11 4 1 9 7 3 10 6 2 5 8 
[00003901] 4 | 0 11 4 1 9 _ 3 10 _ _ 5 9 
[00003902] 3 | 0 11 4 1 9 _ 3 10 7 _ 5 9 
[00003903] 5 | 0 11 4 1 9 _ 3 10 _ _ 2 7 
[00003904] 4 | 0 11 4 1 9 5 3 10 _ _ 2 7 
[00003905] 4 | 0 11 4 1 9 _ 3 10 6 _ 2 7 
[00003906] 3 | 0 11 4 1 9 6 3 10 6 _ 2 7 
[00003907] 3 | 0 11 4 1 9 _ 3 10 6 9 2 7 
[00003908] 5 | 0 11 4 1 9 _ 3 10 _ _ 7 2 
[00003909] 4 | 0 11 4 1 9 5 3 10 _ _ 7 2 
[00003910] 4 | 0 11 4 1 9 _ 3 10 6 _ 7 2 
[00003911] 3 | 0 11 4 1 9 6 3 10 6 _ 7 2 
[00003912] 3 | 0 11 4 1 9 _ 3 10 6 9 7 2 
[00003913] 6 | 0 11 4 1 9 _ _ 10 2 8 _ _ 
[00003914] 5 | 0 11 4 1 9 _ _ 10 2 8 5 _ 
[00003915] 4 | 0 11 4 1 9 5 _ 10 2 8 5 _ 
[00003916] 3 | 0 11 4 1 9 5 6 10 2 8 5 _ 
[00003917] 4 | 0 11 4 1 9 _ 5 10 2 8 5 _ 
[00003918] 3 | 0 11 4 1 9 6 5 10 2 8 5 _ 
[00003919] 4 | 0 11 4 1 9 _ _ 10 2 8 5 9 
[00003920] 6 | 0 11 4 1 9 _ _ 10 8 2 _ _ 
[00003921] 5 | 0 11 4 1 9 _ _ 10 8 2 5 _ 
[00003922] 4 | 0 11 4 1 9 5 _ 10 8 2 5 _ 
[00003923] 3 | 0 11 4 1 9 5 6 10 8 2 5 _ 
[00003924] 4 | 0 11 4 1 9 _ 5 10 8 2 5 _ 
[00003925] 3 | 0 11 4 1 9 6 5 10 8 2 5 _ 
[00003926] 4 | 0 11 4 1 9 _ _ 10 8 2 5 9 
[00003927] 6 | 0 11 4 1 9 _ _ 10 _ _ 2 8 
[00003928] 5 | 0 11 4 1 9 _ _ 10 5 _ 2 8 
[00003929] 4 | 0 11 4 1 9 5 _ 10 5 _ 2 8 
[00003930] 3 | 0 11 4 1 9 5 6 10 5 _ 2 8 
[00003931] 4 | 0 11 4 1 9 _ 5 10 5 _ 2 8 
[00003932] 3 | 0 11 4 1 9 6 5 10 5 _ 2 8 
[00003933] 4 | 0 11 4 1 9 _ _ 10 5 9 2 8 
[00003934] 6 | 0 11 4 1 9 _ _ 10 _ _ 8 2 
[00003935] 5 | 0 11 4 1 9 _ _ 10 5 _ 8 2 
[00003936] 4 | 0 11 4 1 9 5 _ 10 5 _ 8 2 
[00003937] 3 | 0 11 4 1 9 5 6 10 5 _ 8 2 
[00003938] 4 | 0 11 4 1 9 _ 5 10 5 _ 8 2 
[00003939] 3 | 0 11 4 1 9 6 5 10 5 _ 8 2 
