[00013320] 5 | 10 0 11 9 2 _ 7 1 7 _ _ _ 
[00013321] 4 | 10 0 11 9 2 6 7 1 7 _ _ _ 
[00013322] 3 | 10 0 11 9 2 6 7 1 7 _ 4 _ 
[00013323] 3 | 10 0 11 9 2 6 7 1 7 _ 5 8 
[00013324] 3 | 10 0 11 9 2 6 7 1 7 _ 8 5 
[00013325] 4 | 10 0 11 9 2 _ 7 1 7 _ 5 _ 
[00013326] 3 | 10 0 11 9 2 5 7 1 7 _ 5 _ 
[00013327] 3 | 10 0 11 9 2 _ 7 1 7 _ 5 2 
[00013328] 3 | 10 0 11 9 2 _ 7 1 7 _ 5 8 
[00013329] 2 | 10 0 11 9 2 4 7 1 7 _ 5 8 
[00013330] 4 | 10 0 11 9 2 _ 7 1 7 _ 4 8 
[00013331] 3 | 10 0 11 9 2 5 7 1 7 _ 4 8 
[00013332] 4 | 10 0 11 9 2 _ 7 1 7 _ 8 4 
[00013333] 3 | 10 0 11 9 2 5 7 1 7 _ 8 4 
[00013334] 5 | 10 0 11 9 2 _ _ 1 7 2 _ _ 
[00013335] 4 | 10 0 11 9 2 _ _ 1 7 2 5 _ 
[00013336] 3 | 10 0 11 9 2 _ _ 1 7 2 5 8 
[00013337] 4 | 10 0 11 9 2 _ _ 1 7 2 4 8 
[00013338] 4 | 10 0 11 9 2 _ _ 1 7 2 8 4 
[00013339] 5 | 10 0 11 9 2 _ _ 1 7 _ 6 _ 
[00013340] 4 | 10 0 11 9 2 6 _ 1 7 _ 6 _ 
[00013341] 3 | 10 0 11 9 2 6 5 1 7 _ 6 _ 
[00013342] 3 | 10 0 11 9 2 6 _ 1 7 4 6 _ 
[00013343] 4 | 10 0 11 9 2 _ 6 1 7 _ 6 _ 
[00013344] 3 | 10 0 11 9 2 5 6 1 7 _ 6 _ 
[00013345] 3 | 10 0 11 9 2 _ 6 1 7 4 6 _ 
[00013346] 4 | 10 0 11 9 2 _ _ 1 7 3 6 _ 
[00013347] 3 | 10 0 11 9 2 5 _ 1 7 3 6 _ 
[00013348] 2 | 10 0 11 9 2 5 4 1 7 3 6 _ 
[00013349] 2 | 10 0 11 9 2 5 _ 1 7 3 6 4 
[00013350] 2 | 10 0 11 9 2 5 _ 1 7 3 6 8 
[00013351] 3 | 10 0 11 9 2 _ 5 1 7 3 6 _ 
[00013352] 2 | 10 0 11 9 2 4 5 1 7 3 6 _ 
[00013353] 2 | 10 0 11 9 2 _ 5 1 7 3 6 4 
[00013354] 2 | 10 0 11 9 2 _ 5 1 7 3 6 8 
[00013355] 4 | 10 0 11 9 2 _ _ 1 7 _ 6 2 
[00013356] 3 | 10 0 11 9 2 _ _ 1 7 4 6 2 
[00013357] 5 | 10 0 11 9 2 _ _ 1 7 _ 3 8 
[00013358] 4 | 10 0 11 9 2 6 _ 1 7 _ 3 8 
[00013359] 3 | 10 0 11 9 2 6 5 1 7 _ 3 8 
[00013360] 3 | 10 0 11 9 2 6 _ 1 7 4 3 8 
[00013361] 4 | 10 0 11 9 2 _ 6 1 7 _ 3 8 
[00013362] 3 | 10 0 11 9 2 5 6 1 7 _ 3 8 
[00013363] 3 | 10 0 11 9 2 _ 6 1 7 4 3 8 
[00013364] 5 | 10 0 11 9 2 _ _ 1 7 _ 8 3 
[00013365] 4 | 10 0 11 9 2 6 _ 1 7 _ 8 3 
[00013366] 3 | 10 0 11 9 2 6 5 1 7 _ 8 3 
[00013367] 3 | 10 0 11 9 2 6 _ 1 7 4 8 3 
[00013368] 4 | 10 0 11 9 2 _ 6 1 7 _ 8 3 
[00013369] 3 | 10 0 11 9 2 5 6 1 7 _ 8 3 
[00013370] 3 | 10 0 11 9 2 _ 6 1 7 4 8 3 
[00013371] 6 | 10 0 11 9 2 _ _ 1 _ _ 7 _ 
[00013372] 5 | 10 0 11 9 2 7 _ 1 _ _ 7 _ 
[00013373] 4 | 10 0 11 9 2 7 6 1 _ _ 7 _ 
[00013374] 3 | 10 0 11 9 2 7 6 1 4 _ 7 _ 
[00013375] 3 | 10 0 11 9 2 7 6 1 5 8 7 _ 
[00013376] 3 | 10 0 11 9 2 7 6 1 8 5 7 _ 
[00013377] 4 | 10 0 11 9 2 7 _ 1 5 _ 7 _ 
[00013378] 3 | 10 0 11 9 2 7 5 1 5 _ 7 _ 
[00013379] 3 | 10 0 11 9 2 7 _ 1 5 2 7 _ 
[00013380] 3 | 10 0 11 9 2 7 _ 1 5 8 7 _ 
[00013381] 2 | 10 0 11 9 2 7 4 1 5 8 7 _ 
[00013382] 4 | 10 0 11 9 2 7 _ 1 4 8 7 _ 
[00013383] 3 | 10 0 11 9 2 7 5 1 4 8 7 _ 
[00013384] 4 | 10 0 11 9 2 7 _ 1 8 4 7 _ 
[00013385] 3 | 10 0 11 9 2 7 5 1 8 4 7 _ 
[00013386] 5 | 10 0 11 9 2 _ 7 1 _ _ 7 _ 
[00013387] 4 | 10 0 11 9 2 6 7 1 _ _ 7 _ 
[00013388] 3 | 10 0 11 9 2 6 7 1 4 _ 7 _ 
[00013389] 3 | 10 0 11 9 2 6 7 1 5 8 7 _ 
[00013390] 3 | 10 0 11 9 2 6 7 1 8 5 7 _ 
[00013391] 4 | 10 0 11 9 2 _ 7 1 5 _ 7 _ 
[00013392] 3 | 10 0 11 9 2 5 7 1 5 _ 7 _ 
[00013393] 3 | 10 0 11 9 2 _ 7 1 5 2 7 _ 
[00013394] 3 | 10 0 11 9 2 _ 7 1 5 8 7 _ 
[00013395] 2 | 10 0 11 9 2 4 7 1 5 8 7 _ 
[00013396] 4 | 10 0 11 9 2 _ 7 1 4 8 7 _ 
[00013397] 3 | 10 0 11 9 2 5 7 1 4 8 7 _ 
[00013398] 4 | 10 0 11 9 2 _ 7 1 8 4 7 _ 
[00013399] 3 | 10 0 11 9 2 5 7 1 8 4 7 _ 
[00013400] 5 | 10 0 11 9 2 _ _ 1 6 _ 7 _ 
[00013401] 4 | 10 0 11 9 2 6 _ 1 6 _ 7 _ 
[00013402] 3 | 10 0 11 9 2 6 5 1 6 _ 7 _ 
[00013403] 3 | 10 0 11 9 2 6 _ 1 6 _ 7 4 
[00013404] 4 | 10 0 11 9 2 _ 6 1 6 _ 7 _ 
[00013405] 3 | 10 0 11 9 2 5 6 1 6 _ 7 _ 
[00013406] 3 | 10 0 11 9 2 _ 6 1 6 _ 7 4 
[00013407] 4 | 10 0 11 9 2 _ _ 1 6 2 7 _ 
[00013408] 3 | 10 0 11 9 2 _ _ 1 6 2 7 4 
[00013409] 4 | 10 0 11 9 2 _ _ 1 6 _ 7 3 
[00013410] 3 | 10 0 11 9 2 5 _ 1 6 _ 7 3 
[00013411] 2 | 10 0 11 9 2 5 4 1 6 _ 7 3 
[00013412] 2 | 10 0 11 9 2 5 _ 1 6 4 7 3 
[00013413] 2 | 10 0 11 9 2 5 _ 1 6 8 7 3 
[00013414] 3 | 10 0 11 9 2 _ 5 1 6 _ 7 3 
[00013415] 2 | 10 0 11 9 2 4 5 1 6 _ 7 3 
[00013416] 2 | 10 0 11 9 2 _ 5 1 6 4 7 3 
[00013417] 2 | 10 0 11 9 2 _ 5 1 6 8 7 3 
[00013418] 5 | 10 0 11 9 2 _ _ 1 3 8 7 _ 
[00013419] 4 | 10 0 11 9 2 6 _ 1 3 8 7 _ 
[00013420] 3 | 10 0 11 9 2 6 5 1 3 8 7 _ 
[00013421] 3 | 10 0 11 9 2 6 _ 1 3 8 7 4 
[00013422] 4 | 10 0 11 9 2 _ 6 1 3 8 7 _ 
[00013423] 3 | 10 0 11 9 2 5 6 1 3 8 7 _ 
[00013424] 3 | 10 0 11 9 2 _ 6 1 3 8 7 4 
[00013425] 5 | 10 0 11 9 2 _ _ 1 8 3 7 _ 
[00013426] 4 | 10 0 11 9 2 6 _ 1 8 3 7 _ 
[00013427] 3 | 10 0 11 9 2 6 5 1 8 3 7 _ 
[00013428] 3 | 10 0 11 9 2 6 _ 1 8 3 7 4 
[00013429] 4 | 10 0 11 9 2 _ 6 1 8 3 7 _ 
[00013430] 3 | 10 0 11 9 2 5 6 1 8 3 7 _ 
[00013431] 3 | 10 0 11 9 2 _ 6 1 8 3 7 4 
[00013432] 5 | 10 0 11 9 2 _ _ 1 _ _ 7 2 
[00013433] 4 | 10 0 11 9 2 _ _ 1 5 _ 7 2 
[00013434] 3 | 10 0 11 9 2 _ _ 1 5 8 7 2 
[00013435] 4 | 10 0 11 9 2 _ _ 1 4 8 7 2 
[00013436] 4 | 10 0 11 9 2 _ _ 1 8 4 7 2 
[00013437] 7 | 10 0 11 9 _ _ _ 1 8 _ _ _ 
[00013438] 6 | 10 0 11 9 3 _ _ 1 8 _ _ _ 
[00013439] 5 | 10 0 11 9 3 8 _ 1 8 _ _ _ 
[00013440] 4 | 10 0 11 9 3 8 7 1 8 _ _ _ 
[00013441] 3 | 10 0 11 9 3 8 7 1 8 _ 4 _ 
[00013442] 2 | 10 0 11 9 3 8 7 1 8 _ 4 2 
[00013443] 2 | 10 0 11 9 3 8 7 1 8 _ 4 6 
[00013444] 3 | 10 0 11 9 3 8 7 1 8 _ 2 5 
[00013445] 3 | 10 0 11 9 3 8 7 1 8 _ 5 2 
[00013446] 4 | 10 0 11 9 3 8 _ 1 8 _ 5 _ 
[00013447] 3 | 10 0 11 9 3 8 6 1 8 _ 5 _ 
[00013448] 2 | 10 0 11 9 3 8 6 1 8 _ 5 7 
[00013449] 3 | 10 0 11 9 3 8 _ 1 8 _ 5 2 
[00013450] 4 | 10 0 11 9 3 8 _ 1 8 _ 2 6 
[00013451] 4 | 10 0 11 9 3 8 _ 1 8 _ 6 2 
[00013452] 5 | 10 0 11 9 3 _ 8 1 8 _ _ _ 
[00013453] 4 | 10 0 11 9 3 7 8 1 8 _ _ _ 
[00013454] 3 | 10 0 11 9 3 7 8 1 8 _ 4 _ 
[00013455] 2 | 10 0 11 9 3 7 8 1 8 _ 4 2 
[00013456] 2 | 10 0 11 9 3 7 8 1 8 _ 4 6 
[00013457] 3 | 10 0 11 9 3 7 8 1 8 _ 2 5 
[00013458] 3 | 10 0 11 9 3 7 8 1 8 _ 5 2 
[00013459] 4 | 10 0 11 9 3 _ 8 1 8 _ 5 _ 
[00013460] 3 | 10 0 11 9 3 6 8 1 8 _ 5 _ 
[00013461] 2 | 10 0 11 9 3 6 8 1 8 _ 5 7 
[00013462] 3 | 10 0 11 9 3 _ 8 1 8 _ 5 2 
[00013463] 4 | 10 0 11 9 3 _ 8 1 8 _ 2 6 
[00013464] 4 | 10 0 11 9 3 _ 8 1 8 _ 6 2 
[00013465] 5 | 10 0 11 9 3 _ _ 1 8 3 _ _ 
[00013466] 4 | 10 0 11 9 3 _ _ 1 8 3 5 _ 
[00013467] 3 | 10 0 11 9 3 _ _ 1 8 3 5 2 
[00013468] 4 | 10 0 11 9 3 _ _ 1 8 3 2 6 
[00013469] 4 | 10 0 11 9 3 _ _ 1 8 3 6 2 
[00013470] 5 | 10 0 11 9 3 _ _ 1 8 _ 6 _ 
[00013471] 4 | 10 0 11 9 3 7 _ 1 8 _ 6 _ 
[00013472] 3 | 10 0 11 9 3 7 6 1 8 _ 6 _ 
[00013473] 3 | 10 0 11 9 3 7 _ 1 8 5 6 _ 
[00013474] 2 | 10 0 11 9 3 7 _ 1 8 5 6 4 
[00013475] 1 | 10 0 11 9 3 7 2 1 8 5 6 4  *Graceful*
[00013475] 3 | 10 0 11 9 3 7 _ 1 8 _ 6 3 
[00013476] 4 | 10 0 11 9 3 _ 7 1 8 _ 6 _ 
[00013477] 3 | 10 0 11 9 3 6 7 1 8 _ 6 _ 
[00013478] 3 | 10 0 11 9 3 _ 7 1 8 5 6 _ 
[00013479] 2 | 10 0 11 9 3 _ 7 1 8 5 6 4 
[00013480] 1 | 10 0 11 9 3 2 7 1 8 5 6 4  *Graceful*
[00013480] 3 | 10 0 11 9 3 _ 7 1 8 _ 6 3 
[00013481] 4 | 10 0 11 9 3 _ _ 1 8 4 6 _ 
[00013482] 3 | 10 0 11 9 3 6 _ 1 8 4 6 _ 
[00013483] 2 | 10 0 11 9 3 6 5 1 8 4 6 _ 
[00013484] 3 | 10 0 11 9 3 _ 6 1 8 4 6 _ 
[00013485] 2 | 10 0 11 9 3 5 6 1 8 4 6 _ 
[00013486] 3 | 10 0 11 9 3 _ _ 1 8 4 6 3 
[00013487] 4 | 10 0 11 9 3 _ _ 1 8 _ 6 2 
[00013488] 3 | 10 0 11 9 3 _ _ 1 8 5 6 2 
[00013489] 5 | 10 0 11 9 3 _ _ 1 8 _ 2 7 
[00013490] 4 | 10 0 11 9 3 _ _ 1 8 4 2 7 
[00013491] 3 | 10 0 11 9 3 6 _ 1 8 4 2 7 
[00013492] 2 | 10 0 11 9 3 6 5 1 8 4 2 7 
[00013493] 1 | 10 0 11 9 3 6 5 1 8 4 2 7  *Graceful*
[00013493] 3 | 10 0 11 9 3 _ 6 1 8 4 2 7 
[00013494] 2 | 10 0 11 9 3 5 6 1 8 4 2 7 
[00013495] 1 | 10 0 11 9 3 5 6 1 8 4 2 7  *Graceful*
[00013495] 5 | 10 0 11 9 3 _ _ 1 8 _ 7 2 
[00013496] 4 | 10 0 11 9 3 _ _ 1 8 4 7 2 
[00013497] 3 | 10 0 11 9 3 6 _ 1 8 4 7 2 
[00013498] 2 | 10 0 11 9 3 6 5 1 8 4 7 2 
[00013499] 3 | 10 0 11 9 3 _ 6 1 8 4 7 2 
[00013500] 2 | 10 0 11 9 3 5 6 1 8 4 7 2 
[00013501] 6 | 10 0 11 9 _ _ _ 1 8 2 _ _ 
[00013502] 5 | 10 0 11 9 4 _ _ 1 8 2 _ _ 
[00013503] 4 | 10 0 11 9 4 _ _ 1 8 2 5 _ 
[00013504] 3 | 10 0 11 9 4 7 _ 1 8 2 5 _ 
[00013505] 2 | 10 0 11 9 4 7 6 1 8 2 5 _ 
[00013506] 2 | 10 0 11 9 4 7 _ 1 8 2 5 3 
[00013507] 3 | 10 0 11 9 4 _ 7 1 8 2 5 _ 
[00013508] 2 | 10 0 11 9 4 6 7 1 8 2 5 _ 
[00013509] 2 | 10 0 11 9 4 _ 7 1 8 2 5 3 
[00013510] 4 | 10 0 11 9 4 _ _ 1 8 2 3 7 
[00013511] 4 | 10 0 11 9 4 _ _ 1 8 2 7 3 
[00013512] 5 | 10 0 11 9 _ _ _ 1 8 2 6 _ 
[00013513] 4 | 10 0 11 9 5 _ _ 1 8 2 6 _ 
[00013514] 3 | 10 0 11 9 5 _ _ 1 8 2 6 3 
[00013515] 2 | 10 0 11 9 5 7 _ 1 8 2 6 3 
[00013516] 1 | 10 0 11 9 5 7 4 1 8 2 6 3  *Graceful*
[00013516] 2 | 10 0 11 9 5 _ 7 1 8 2 6 3 
[00013517] 1 | 10 0 11 9 5 4 7 1 8 2 6 3  *Graceful*
[00013517] 4 | 10 0 11 9 3 7 _ 1 8 2 6 _ 
[00013518] 3 | 10 0 11 9 3 7 6 1 8 2 6 _ 
[00013519] 3 | 10 0 11 9 3 7 _ 1 8 2 6 3 
[00013520] 4 | 10 0 11 9 7 3 _ 1 8 2 6 _ 
[00013521] 3 | 10 0 11 9 7 3 4 1 8 2 6 _ 
[00013522] 4 | 10 0 11 9 3 _ 7 1 8 2 6 _ 
[00013523] 3 | 10 0 11 9 3 6 7 1 8 2 6 _ 
[00013524] 3 | 10 0 11 9 3 _ 7 1 8 2 6 3 
[00013525] 4 | 10 0 11 9 7 _ 3 1 8 2 6 _ 
[00013526] 3 | 10 0 11 9 7 4 3 1 8 2 6 _ 
[00013527] 6 | 10 0 11 9 _ _ _ 1 8 _ 7 _ 
[00013528] 5 | 10 0 11 9 4 _ _ 1 8 _ 7 _ 
[00013529] 4 | 10 0 11 9 4 8 _ 1 8 _ 7 _ 
[00013530] 3 | 10 0 11 9 4 8 7 1 8 _ 7 _ 
[00013531] 3 | 10 0 11 9 4 8 _ 1 8 _ 7 4 
[00013532] 4 | 10 0 11 9 4 _ 8 1 8 _ 7 _ 
[00013533] 3 | 10 0 11 9 4 7 8 1 8 _ 7 _ 
[00013534] 3 | 10 0 11 9 4 _ 8 1 8 _ 7 4 
[00013535] 4 | 10 0 11 9 4 _ _ 1 8 4 7 _ 
[00013536] 4 | 10 0 11 9 4 _ _ 1 8 _ 7 3 
[00013537] 3 | 10 0 11 9 4 _ _ 1 8 5 7 3 
[00013538] 2 | 10 0 11 9 4 2 _ 1 8 5 7 3 
[00013539] 2 | 10 0 11 9 4 6 _ 1 8 5 7 3 
[00013540] 2 | 10 0 11 9 4 _ 2 1 8 5 7 3 
[00013541] 2 | 10 0 11 9 4 _ 6 1 8 5 7 3 
[00013542] 5 | 10 0 11 9 _ _ _ 1 8 3 7 _ 
[00013543] 4 | 10 0 11 9 5 _ _ 1 8 3 7 _ 
[00013544] 3 | 10 0 11 9 5 2 _ 1 8 3 7 _ 
[00013545] 2 | 10 0 11 9 5 2 7 1 8 3 7 _ 
[00013546] 2 | 10 0 11 9 5 2 _ 1 8 3 7 5 
[00013547] 3 | 10 0 11 9 5 _ 2 1 8 3 7 _ 
[00013548] 2 | 10 0 11 9 5 7 2 1 8 3 7 _ 
[00013549] 2 | 10 0 11 9 5 _ 2 1 8 3 7 5 
[00013550] 3 | 10 0 11 9 5 _ _ 1 8 3 7 4 
[00013551] 4 | 10 0 11 9 2 6 _ 1 8 3 7 _ 
[00013552] 3 | 10 0 11 9 2 6 5 1 8 3 7 _ 
[00013553] 3 | 10 0 11 9 2 6 _ 1 8 3 7 4 
[00013554] 4 | 10 0 11 9 6 2 _ 1 8 3 7 _ 
[00013555] 3 | 10 0 11 9 6 2 _ 1 8 3 7 4 
[00013556] 4 | 10 0 11 9 2 _ 6 1 8 3 7 _ 
[00013557] 3 | 10 0 11 9 2 5 6 1 8 3 7 _ 
[00013558] 3 | 10 0 11 9 2 _ 6 1 8 3 7 4 
[00013559] 4 | 10 0 11 9 6 _ 2 1 8 3 7 _ 
[00013560] 3 | 10 0 11 9 6 _ 2 1 8 3 7 4 
[00013561] 5 | 10 0 11 9 _ _ _ 1 8 _ 7 2 
[00013562] 4 | 10 0 11 9 5 _ _ 1 8 _ 7 2 
[00013563] 3 | 10 0 11 9 5 8 _ 1 8 _ 7 2 
[00013564] 2 | 10 0 11 9 5 8 3 1 8 _ 7 2 
[00013565] 3 | 10 0 11 9 5 _ 8 1 8 _ 7 2 
[00013566] 2 | 10 0 11 9 5 3 8 1 8 _ 7 2 
[00013567] 3 | 10 0 11 9 5 _ _ 1 8 5 7 2 
[00013568] 4 | 10 0 11 9 _ _ _ 1 8 4 7 2 
[00013569] 3 | 10 0 11 9 6 _ _ 1 8 4 7 2 
[00013570] 3 | 10 0 11 9 3 6 _ 1 8 4 7 2 
[00013571] 2 | 10 0 11 9 3 6 5 1 8 4 7 2 
[00013572] 3 | 10 0 11 9 6 3 _ 1 8 4 7 2 
[00013573] 3 | 10 0 11 9 3 _ 6 1 8 4 7 2 
[00013574] 2 | 10 0 11 9 3 5 6 1 8 4 7 2 
[00013575] 3 | 10 0 11 9 6 _ 3 1 8 4 7 2 
[00013576] 7 | 10 0 11 9 _ _ _ 1 _ _ 8 _ 
[00013577] 6 | 10 0 11 9 3 _ _ 1 _ _ 8 _ 
[00013578] 5 | 10 0 11 9 3 8 _ 1 _ _ 8 _ 
[00013579] 4 | 10 0 11 9 3 8 7 1 _ _ 8 _ 
[00013580] 3 | 10 0 11 9 3 8 7 1 4 _ 8 _ 
[00013581] 2 | 10 0 11 9 3 8 7 1 4 2 8 _ 
[00013582] 2 | 10 0 11 9 3 8 7 1 4 6 8 _ 
[00013583] 3 | 10 0 11 9 3 8 7 1 2 5 8 _ 
[00013584] 3 | 10 0 11 9 3 8 7 1 5 2 8 _ 
[00013585] 4 | 10 0 11 9 3 8 _ 1 5 _ 8 _ 
[00013586] 3 | 10 0 11 9 3 8 6 1 5 _ 8 _ 
[00013587] 2 | 10 0 11 9 3 8 6 1 5 7 8 _ 
[00013588] 3 | 10 0 11 9 3 8 _ 1 5 2 8 _ 
[00013589] 4 | 10 0 11 9 3 8 _ 1 2 6 8 _ 
[00013590] 4 | 10 0 11 9 3 8 _ 1 6 2 8 _ 
[00013591] 5 | 10 0 11 9 3 _ 8 1 _ _ 8 _ 
[00013592] 4 | 10 0 11 9 3 7 8 1 _ _ 8 _ 
[00013593] 3 | 10 0 11 9 3 7 8 1 4 _ 8 _ 
[00013594] 2 | 10 0 11 9 3 7 8 1 4 2 8 _ 
[00013595] 2 | 10 0 11 9 3 7 8 1 4 6 8 _ 
[00013596] 3 | 10 0 11 9 3 7 8 1 2 5 8 _ 
[00013597] 3 | 10 0 11 9 3 7 8 1 5 2 8 _ 
[00013598] 4 | 10 0 11 9 3 _ 8 1 5 _ 8 _ 
[00013599] 3 | 10 0 11 9 3 6 8 1 5 _ 8 _ 
[00013600] 2 | 10 0 11 9 3 6 8 1 5 7 8 _ 
[00013601] 3 | 10 0 11 9 3 _ 8 1 5 2 8 _ 
[00013602] 4 | 10 0 11 9 3 _ 8 1 2 6 8 _ 
[00013603] 4 | 10 0 11 9 3 _ 8 1 6 2 8 _ 
[00013604] 5 | 10 0 11 9 3 _ _ 1 6 _ 8 _ 
[00013605] 4 | 10 0 11 9 3 7 _ 1 6 _ 8 _ 
[00013606] 3 | 10 0 11 9 3 7 6 1 6 _ 8 _ 
[00013607] 3 | 10 0 11 9 3 7 _ 1 6 3 8 _ 
[00013608] 3 | 10 0 11 9 3 7 _ 1 6 _ 8 5 
[00013609] 2 | 10 0 11 9 3 7 _ 1 6 4 8 5 
[00013610] 1 | 10 0 11 9 3 7 2 1 6 4 8 5  *Graceful*
[00013610] 4 | 10 0 11 9 3 _ 7 1 6 _ 8 _ 
[00013611] 3 | 10 0 11 9 3 6 7 1 6 _ 8 _ 
[00013612] 3 | 10 0 11 9 3 _ 7 1 6 3 8 _ 
[00013613] 3 | 10 0 11 9 3 _ 7 1 6 _ 8 5 
[00013614] 2 | 10 0 11 9 3 _ 7 1 6 4 8 5 
[00013615] 1 | 10 0 11 9 3 2 7 1 6 4 8 5  *Graceful*
[00013615] 4 | 10 0 11 9 3 _ _ 1 6 2 8 _ 
[00013616] 3 | 10 0 11 9 3 _ _ 1 6 2 8 5 
[00013617] 4 | 10 0 11 9 3 _ _ 1 6 _ 8 4 
[00013618] 3 | 10 0 11 9 3 6 _ 1 6 _ 8 4 
[00013619] 2 | 10 0 11 9 3 6 5 1 6 _ 8 4 
[00013620] 3 | 10 0 11 9 3 _ 6 1 6 _ 8 4 
[00013621] 2 | 10 0 11 9 3 5 6 1 6 _ 8 4 
[00013622] 3 | 10 0 11 9 3 _ _ 1 6 3 8 4 
[00013623] 5 | 10 0 11 9 3 _ _ 1 2 7 8 _ 
[00013624] 4 | 10 0 11 9 3 _ _ 1 2 7 8 4 
[00013625] 3 | 10 0 11 9 3 6 _ 1 2 7 8 4 
[00013626] 2 | 10 0 11 9 3 6 5 1 2 7 8 4 
[00013627] 1 | 10 0 11 9 3 6 5 1 2 7 8 4  *Graceful*
[00013627] 3 | 10 0 11 9 3 _ 6 1 2 7 8 4 
[00013628] 2 | 10 0 11 9 3 5 6 1 2 7 8 4 
[00013629] 1 | 10 0 11 9 3 5 6 1 2 7 8 4  *Graceful*
[00013629] 5 | 10 0 11 9 3 _ _ 1 7 2 8 _ 
[00013630] 4 | 10 0 11 9 3 _ _ 1 7 2 8 4 
[00013631] 3 | 10 0 11 9 3 6 _ 1 7 2 8 4 
[00013632] 2 | 10 0 11 9 3 6 5 1 7 2 8 4 
[00013633] 3 | 10 0 11 9 3 _ 6 1 7 2 8 4 
[00013634] 2 | 10 0 11 9 3 5 6 1 7 2 8 4 
[00013635] 5 | 10 0 11 9 3 _ _ 1 _ _ 8 3 
[00013636] 4 | 10 0 11 9 3 _ _ 1 5 _ 8 3 
[00013637] 3 | 10 0 11 9 3 _ _ 1 5 2 8 3 
[00013638] 4 | 10 0 11 9 3 _ _ 1 2 6 8 3 
[00013639] 4 | 10 0 11 9 3 _ _ 1 6 2 8 3 
[00013640] 6 | 10 0 11 9 _ _ _ 1 7 _ 8 _ 
[00013641] 5 | 10 0 11 9 4 _ _ 1 7 _ 8 _ 
[00013642] 4 | 10 0 11 9 4 8 _ 1 7 _ 8 _ 
[00013643] 3 | 10 0 11 9 4 8 7 1 7 _ 8 _ 
[00013644] 3 | 10 0 11 9 4 8 _ 1 7 4 8 _ 
[00013645] 4 | 10 0 11 9 4 _ 8 1 7 _ 8 _ 
[00013646] 3 | 10 0 11 9 4 7 8 1 7 _ 8 _ 
[00013647] 3 | 10 0 11 9 4 _ 8 1 7 4 8 _ 
[00013648] 4 | 10 0 11 9 4 _ _ 1 7 3 8 _ 
[00013649] 3 | 10 0 11 9 4 _ _ 1 7 3 8 5 
[00013650] 2 | 10 0 11 9 4 2 _ 1 7 3 8 5 
[00013651] 2 | 10 0 11 9 4 6 _ 1 7 3 8 5 
[00013652] 2 | 10 0 11 9 4 _ 2 1 7 3 8 5 
[00013653] 2 | 10 0 11 9 4 _ 6 1 7 3 8 5 
[00013654] 4 | 10 0 11 9 4 _ _ 1 7 _ 8 4 
[00013655] 5 | 10 0 11 9 _ _ _ 1 7 2 8 _ 
[00013656] 4 | 10 0 11 9 5 _ _ 1 7 2 8 _ 
[00013657] 3 | 10 0 11 9 5 8 _ 1 7 2 8 _ 
[00013658] 2 | 10 0 11 9 5 8 3 1 7 2 8 _ 
[00013659] 3 | 10 0 11 9 5 _ 8 1 7 2 8 _ 
[00013660] 2 | 10 0 11 9 5 3 8 1 7 2 8 _ 
[00013661] 3 | 10 0 11 9 5 _ _ 1 7 2 8 5 
[00013662] 4 | 10 0 11 9 _ _ _ 1 7 2 8 4 
[00013663] 3 | 10 0 11 9 6 _ _ 1 7 2 8 4 
[00013664] 3 | 10 0 11 9 3 6 _ 1 7 2 8 4 
[00013665] 2 | 10 0 11 9 3 6 5 1 7 2 8 4 
[00013666] 3 | 10 0 11 9 6 3 _ 1 7 2 8 4 
[00013667] 3 | 10 0 11 9 3 _ 6 1 7 2 8 4 
[00013668] 2 | 10 0 11 9 3 5 6 1 7 2 8 4 
[00013669] 3 | 10 0 11 9 6 _ 3 1 7 2 8 4 
[00013670] 5 | 10 0 11 9 _ _ _ 1 7 _ 8 3 
[00013671] 4 | 10 0 11 9 5 _ _ 1 7 _ 8 3 
[00013672] 3 | 10 0 11 9 5 2 _ 1 7 _ 8 3 
[00013673] 2 | 10 0 11 9 5 2 7 1 7 _ 8 3 
[00013674] 2 | 10 0 11 9 5 2 _ 1 7 5 8 3 
[00013675] 3 | 10 0 11 9 5 _ 2 1 7 _ 8 3 
[00013676] 2 | 10 0 11 9 5 7 2 1 7 _ 8 3 
[00013677] 2 | 10 0 11 9 5 _ 2 1 7 5 8 3 
[00013678] 3 | 10 0 11 9 5 _ _ 1 7 4 8 3 
[00013679] 4 | 10 0 11 9 2 6 _ 1 7 _ 8 3 
[00013680] 3 | 10 0 11 9 2 6 5 1 7 _ 8 3 
[00013681] 3 | 10 0 11 9 2 6 _ 1 7 4 8 3 
[00013682] 4 | 10 0 11 9 6 2 _ 1 7 _ 8 3 
[00013683] 3 | 10 0 11 9 6 2 _ 1 7 4 8 3 
[00013684] 4 | 10 0 11 9 2 _ 6 1 7 _ 8 3 
[00013685] 3 | 10 0 11 9 2 5 6 1 7 _ 8 3 
[00013686] 3 | 10 0 11 9 2 _ 6 1 7 4 8 3 
[00013687] 4 | 10 0 11 9 6 _ 2 1 7 _ 8 3 
[00013688] 3 | 10 0 11 9 6 _ 2 1 7 4 8 3 
[00013689] 6 | 10 0 11 9 _ _ _ 1 _ _ 8 2 
[00013690] 5 | 10 0 11 9 4 _ _ 1 _ _ 8 2 
[00013691] 4 | 10 0 11 9 4 _ _ 1 5 _ 8 2 
[00013692] 3 | 10 0 11 9 4 7 _ 1 5 _ 8 2 
[00013693] 2 | 10 0 11 9 4 7 6 1 5 _ 8 2 
[00013694] 2 | 10 0 11 9 4 7 _ 1 5 3 8 2 
[00013695] 3 | 10 0 11 9 4 _ 7 1 5 _ 8 2 
[00013696] 2 | 10 0 11 9 4 6 7 1 5 _ 8 2 
[00013697] 2 | 10 0 11 9 4 _ 7 1 5 3 8 2 
[00013698] 4 | 10 0 11 9 4 _ _ 1 3 7 8 2 
[00013699] 4 | 10 0 11 9 4 _ _ 1 7 3 8 2 
[00013700] 5 | 10 0 11 9 _ _ _ 1 6 _ 8 2 
[00013701] 4 | 10 0 11 9 5 _ _ 1 6 _ 8 2 
[00013702] 3 | 10 0 11 9 5 _ _ 1 6 3 8 2 
[00013703] 2 | 10 0 11 9 5 7 _ 1 6 3 8 2 
[00013704] 1 | 10 0 11 9 5 7 4 1 6 3 8 2  *Graceful*
[00013704] 2 | 10 0 11 9 5 _ 7 1 6 3 8 2 
[00013705] 1 | 10 0 11 9 5 4 7 1 6 3 8 2  *Graceful*
[00013705] 4 | 10 0 11 9 3 7 _ 1 6 _ 8 2 
[00013706] 3 | 10 0 11 9 3 7 6 1 6 _ 8 2 
[00013707] 3 | 10 0 11 9 3 7 _ 1 6 3 8 2 
[00013708] 4 | 10 0 11 9 7 3 _ 1 6 _ 8 2 
[00013709] 3 | 10 0 11 9 7 3 4 1 6 _ 8 2 
[00013710] 4 | 10 0 11 9 3 _ 7 1 6 _ 8 2 
[00013711] 3 | 10 0 11 9 3 6 7 1 6 _ 8 2 
[00013712] 3 | 10 0 11 9 3 _ 7 1 6 3 8 2 
[00013713] 4 | 10 0 11 9 7 _ 3 1 6 _ 8 2 
[00013714] 3 | 10 0 11 9 7 4 3 1 6 _ 8 2 
[00013715] 10 | _ 0 11 10 _ _ _ _ _ _ _ _ 
[00013716] 9 | 9 0 11 10 _ _ _ _ _ _ _ _ 
[00013717] 8 | 9 0 11 10 2 _ _ _ _ _ _ _ 
[00013718] 7 | 9 0 11 10 2 _ _ 3 _ _ _ _ 
[00013719] 6 | 9 0 11 10 2 8 _ 3 _ _ _ _ 
[00013720] 5 | 9 0 11 10 2 8 7 3 _ _ _ _ 
[00013721] 4 | 9 0 11 10 2 8 7 3 1 5 _ _ 
[00013722] 3 | 9 0 11 10 2 8 7 3 1 5 6 _ 
[00013723] 2 | 9 0 11 10 2 8 7 3 1 5 6 4 
[00013724] 4 | 9 0 11 10 2 8 7 3 5 1 _ _ 
[00013725] 3 | 9 0 11 10 2 8 7 3 5 1 6 _ 
[00013726] 2 | 9 0 11 10 2 8 7 3 5 1 6 4 
[00013727] 4 | 9 0 11 10 2 8 7 3 _ _ 1 5 
[00013728] 3 | 9 0 11 10 2 8 7 3 6 _ 1 5 
[00013729] 2 | 9 0 11 10 2 8 7 3 6 4 1 5 
[00013730] 4 | 9 0 11 10 2 8 7 3 _ _ 5 1 
[00013731] 3 | 9 0 11 10 2 8 7 3 6 _ 5 1 
[00013732] 2 | 9 0 11 10 2 8 7 3 6 4 5 1 
[00013733] 5 | 9 0 11 10 2 8 _ 3 1 6 _ _ 
[00013734] 4 | 9 0 11 10 2 8 _ 3 1 6 7 _ 
[00013735] 3 | 9 0 11 10 2 8 5 3 1 6 7 _ 
[00013736] 3 | 9 0 11 10 2 8 _ 3 1 6 7 4 
[00013737] 5 | 9 0 11 10 2 8 _ 3 6 1 _ _ 
[00013738] 4 | 9 0 11 10 2 8 _ 3 6 1 7 _ 
[00013739] 3 | 9 0 11 10 2 8 5 3 6 1 7 _ 
[00013740] 3 | 9 0 11 10 2 8 _ 3 6 1 7 4 
[00013741] 5 | 9 0 11 10 2 8 _ 3 _ _ 1 6 
[00013742] 4 | 9 0 11 10 2 8 _ 3 7 _ 1 6 
[00013743] 3 | 9 0 11 10 2 8 5 3 7 _ 1 6 
[00013744] 3 | 9 0 11 10 2 8 _ 3 7 4 1 6 
[00013745] 5 | 9 0 11 10 2 8 _ 3 _ _ 6 1 
[00013746] 4 | 9 0 11 10 2 8 _ 3 7 _ 6 1 
[00013747] 3 | 9 0 11 10 2 8 5 3 7 _ 6 1 
[00013748] 3 | 9 0 11 10 2 8 _ 3 7 4 6 1 
[00013749] 6 | 9 0 11 10 2 _ 8 3 _ _ _ _ 
[00013750] 5 | 9 0 11 10 2 7 8 3 _ _ _ _ 
[00013751] 4 | 9 0 11 10 2 7 8 3 1 5 _ _ 
[00013752] 3 | 9 0 11 10 2 7 8 3 1 5 6 _ 
[00013753] 2 | 9 0 11 10 2 7 8 3 1 5 6 4 
[00013754] 4 | 9 0 11 10 2 7 8 3 5 1 _ _ 
[00013755] 3 | 9 0 11 10 2 7 8 3 5 1 6 _ 
[00013756] 2 | 9 0 11 10 2 7 8 3 5 1 6 4 
[00013757] 4 | 9 0 11 10 2 7 8 3 _ _ 1 5 
[00013758] 3 | 9 0 11 10 2 7 8 3 6 _ 1 5 
[00013759] 2 | 9 0 11 10 2 7 8 3 6 4 1 5 
[00013760] 4 | 9 0 11 10 2 7 8 3 _ _ 5 1 
[00013761] 3 | 9 0 11 10 2 7 8 3 6 _ 5 1 
[00013762] 2 | 9 0 11 10 2 7 8 3 6 4 5 1 
[00013763] 5 | 9 0 11 10 2 _ 8 3 1 6 _ _ 
[00013764] 4 | 9 0 11 10 2 _ 8 3 1 6 7 _ 
[00013765] 3 | 9 0 11 10 2 5 8 3 1 6 7 _ 
[00013766] 3 | 9 0 11 10 2 _ 8 3 1 6 7 4 
[00013767] 5 | 9 0 11 10 2 _ 8 3 6 1 _ _ 
[00013768] 4 | 9 0 11 10 2 _ 8 3 6 1 7 _ 
[00013769] 3 | 9 0 11 10 2 5 8 3 6 1 7 _ 
[00013770] 3 | 9 0 11 10 2 _ 8 3 6 1 7 4 
[00013771] 5 | 9 0 11 10 2 _ 8 3 _ _ 1 6 
[00013772] 4 | 9 0 11 10 2 _ 8 3 7 _ 1 6 
[00013773] 3 | 9 0 11 10 2 5 8 3 7 _ 1 6 
[00013774] 3 | 9 0 11 10 2 _ 8 3 7 4 1 6 
[00013775] 5 | 9 0 11 10 2 _ 8 3 _ _ 6 1 
[00013776] 4 | 9 0 11 10 2 _ 8 3 7 _ 6 1 
[00013777] 3 | 9 0 11 10 2 5 8 3 7 _ 6 1 
[00013778] 3 | 9 0 11 10 2 _ 8 3 7 4 6 1 
[00013779] 6 | 9 0 11 10 2 _ _ 3 1 7 _ _ 
[00013780] 5 | 9 0 11 10 2 _ _ 3 1 7 8 _ 
[00013781] 4 | 9 0 11 10 2 6 _ 3 1 7 8 _ 
[00013782] 3 | 9 0 11 10 2 6 5 3 1 7 8 _ 
[00013783] 3 | 9 0 11 10 2 6 _ 3 1 7 8 5 
[00013784] 2 | 9 0 11 10 2 6 4 3 1 7 8 5 
[00013785] 4 | 9 0 11 10 2 _ 6 3 1 7 8 _ 
[00013786] 3 | 9 0 11 10 2 5 6 3 1 7 8 _ 
[00013787] 3 | 9 0 11 10 2 _ 6 3 1 7 8 5 
[00013788] 2 | 9 0 11 10 2 4 6 3 1 7 8 5 
[00013789] 4 | 9 0 11 10 2 _ _ 3 1 7 8 4 
[00013790] 3 | 9 0 11 10 2 5 _ 3 1 7 8 4 
[00013791] 3 | 9 0 11 10 2 _ 5 3 1 7 8 4 
[00013792] 6 | 9 0 11 10 2 _ _ 3 7 1 _ _ 
[00013793] 5 | 9 0 11 10 2 _ _ 3 7 1 8 _ 
[00013794] 4 | 9 0 11 10 2 6 _ 3 7 1 8 _ 
[00013795] 3 | 9 0 11 10 2 6 5 3 7 1 8 _ 
[00013796] 3 | 9 0 11 10 2 6 _ 3 7 1 8 5 
[00013797] 2 | 9 0 11 10 2 6 4 3 7 1 8 5 
[00013798] 4 | 9 0 11 10 2 _ 6 3 7 1 8 _ 
[00013799] 3 | 9 0 11 10 2 5 6 3 7 1 8 _ 
[00013800] 3 | 9 0 11 10 2 _ 6 3 7 1 8 5 
[00013801] 2 | 9 0 11 10 2 4 6 3 7 1 8 5 
[00013802] 4 | 9 0 11 10 2 _ _ 3 7 1 8 4 
[00013803] 3 | 9 0 11 10 2 5 _ 3 7 1 8 4 
[00013804] 3 | 9 0 11 10 2 _ 5 3 7 1 8 4 
[00013805] 6 | 9 0 11 10 2 _ _ 3 _ _ 1 7 
[00013806] 5 | 9 0 11 10 2 _ _ 3 8 _ 1 7 
[00013807] 4 | 9 0 11 10 2 6 _ 3 8 _ 1 7 
