[00321234] 6 | _ 4 _ 11 8 _ 2 0 10 _ 9 1 
[00321235] 5 | _ 4 _ 11 8 3 2 0 10 _ 9 1 
[00321236] 4 | _ 4 _ 11 8 3 2 0 10 6 9 1 
[00321237] 3 | 7 4 _ 11 8 3 2 0 10 6 9 1 
[00321238] 3 | _ 4 7 11 8 3 2 0 10 6 9 1 
[00321239] 5 | _ 4 _ 11 8 _ 2 0 10 5 9 1 
[00321240] 4 | 8 4 _ 11 8 _ 2 0 10 5 9 1 
[00321241] 3 | 8 4 7 11 8 _ 2 0 10 5 9 1 
[00321242] 4 | _ 4 8 11 8 _ 2 0 10 5 9 1 
[00321243] 3 | 7 4 8 11 8 _ 2 0 10 5 9 1 
[00321244] 4 | _ 4 _ 11 8 4 2 0 10 5 9 1 
[00321245] 6 | _ 4 _ 11 _ _ _ 0 10 4 9 1 
[00321246] 5 | _ 4 _ 11 6 _ _ 0 10 4 9 1 
[00321247] 4 | _ 4 _ 11 6 2 _ 0 10 4 9 1 
[00321248] 3 | _ 4 _ 11 6 2 3 0 10 4 9 1 
[00321249] 4 | _ 4 _ 11 6 _ 2 0 10 4 9 1 
[00321250] 3 | _ 4 _ 11 6 3 2 0 10 4 9 1 
[00321251] 5 | _ 4 _ 11 2 7 _ 0 10 4 9 1 
[00321252] 4 | _ 4 _ 11 2 7 6 0 10 4 9 1 
[00321253] 5 | _ 4 _ 11 3 8 _ 0 10 4 9 1 
[00321254] 4 | _ 4 _ 11 3 8 7 0 10 4 9 1 
[00321255] 5 | _ 4 _ 11 7 2 _ 0 10 4 9 1 
[00321256] 4 | _ 4 _ 11 7 2 3 0 10 4 9 1 
[00321257] 5 | _ 4 _ 11 8 3 _ 0 10 4 9 1 
[00321258] 5 | _ 4 _ 11 2 _ 7 0 10 4 9 1 
[00321259] 4 | _ 4 _ 11 2 6 7 0 10 4 9 1 
[00321260] 5 | _ 4 _ 11 3 _ 8 0 10 4 9 1 
[00321261] 4 | _ 4 _ 11 3 7 8 0 10 4 9 1 
[00321262] 5 | _ 4 _ 11 7 _ 2 0 10 4 9 1 
[00321263] 4 | _ 4 _ 11 7 3 2 0 10 4 9 1 
[00321264] 5 | _ 4 _ 11 8 _ 3 0 10 4 9 1 
[00321265] 7 | _ _ _ 11 4 _ _ 0 10 _ 9 1 
[00321266] 6 | 2 8 _ 11 4 _ _ 0 10 _ 9 1 
[00321267] 5 | 2 8 3 11 4 _ _ 0 10 _ 9 1 
[00321268] 4 | 2 8 3 11 4 _ _ 0 10 6 9 1 
[00321269] 3 | 2 8 3 11 4 7 _ 0 10 6 9 1 
[00321270] 3 | 2 8 3 11 4 _ 7 0 10 6 9 1 
[00321271] 5 | 2 8 _ 11 4 _ _ 0 10 5 9 1 
[00321272] 4 | 2 8 4 11 4 _ _ 0 10 5 9 1 
[00321273] 4 | 2 8 _ 11 4 8 _ 0 10 5 9 1 
[00321274] 3 | 2 8 _ 11 4 8 7 0 10 5 9 1 
[00321275] 4 | 2 8 _ 11 4 _ 8 0 10 5 9 1 
[00321276] 3 | 2 8 _ 11 4 7 8 0 10 5 9 1 
[00321277] 6 | 8 2 _ 11 4 _ _ 0 10 _ 9 1 
[00321278] 6 | _ 2 8 11 4 _ _ 0 10 _ 9 1 
[00321279] 6 | _ 8 2 11 4 _ _ 0 10 _ 9 1 
[00321280] 5 | 3 8 2 11 4 _ _ 0 10 _ 9 1 
[00321281] 4 | 3 8 2 11 4 _ _ 0 10 6 9 1 
[00321282] 3 | 3 8 2 11 4 7 _ 0 10 6 9 1 
[00321283] 3 | 3 8 2 11 4 _ 7 0 10 6 9 1 
[00321284] 5 | _ 8 2 11 4 _ _ 0 10 5 9 1 
[00321285] 4 | 4 8 2 11 4 _ _ 0 10 5 9 1 
[00321286] 4 | _ 8 2 11 4 8 _ 0 10 5 9 1 
[00321287] 3 | _ 8 2 11 4 8 7 0 10 5 9 1 
[00321288] 4 | _ 8 2 11 4 _ 8 0 10 5 9 1 
[00321289] 3 | _ 8 2 11 4 7 8 0 10 5 9 1 
[00321290] 6 | _ 5 _ 11 4 _ _ 0 10 _ 9 1 
[00321291] 5 | 10 5 _ 11 4 _ _ 0 10 _ 9 1 
[00321292] 4 | 10 5 _ 11 4 8 _ 0 10 _ 9 1 
[00321293] 3 | 10 5 2 11 4 8 _ 0 10 _ 9 1 
[00321294] 2 | 10 5 2 11 4 8 6 0 10 _ 9 1 
[00321295] 3 | 10 5 _ 11 4 8 7 0 10 _ 9 1 
[00321296] 2 | 10 5 3 11 4 8 7 0 10 _ 9 1 
[00321297] 4 | 10 5 _ 11 4 _ 8 0 10 _ 9 1 
[00321298] 3 | 10 5 2 11 4 _ 8 0 10 _ 9 1 
[00321299] 2 | 10 5 2 11 4 6 8 0 10 _ 9 1 
[00321300] 3 | 10 5 _ 11 4 7 8 0 10 _ 9 1 
[00321301] 2 | 10 5 3 11 4 7 8 0 10 _ 9 1 
[00321302] 5 | _ 5 10 11 4 _ _ 0 10 _ 9 1 
[00321303] 4 | _ 5 10 11 4 8 _ 0 10 _ 9 1 
[00321304] 3 | 2 5 10 11 4 8 _ 0 10 _ 9 1 
[00321305] 2 | 2 5 10 11 4 8 6 0 10 _ 9 1 
[00321306] 3 | _ 5 10 11 4 8 7 0 10 _ 9 1 
[00321307] 2 | 3 5 10 11 4 8 7 0 10 _ 9 1 
[00321308] 4 | _ 5 10 11 4 _ 8 0 10 _ 9 1 
[00321309] 3 | 2 5 10 11 4 _ 8 0 10 _ 9 1 
[00321310] 2 | 2 5 10 11 4 6 8 0 10 _ 9 1 
[00321311] 3 | _ 5 10 11 4 7 8 0 10 _ 9 1 
[00321312] 2 | 3 5 10 11 4 7 8 0 10 _ 9 1 
[00321313] 5 | _ 5 _ 11 4 _ _ 0 10 5 9 1 
[00321314] 4 | _ 5 _ 11 4 8 _ 0 10 5 9 1 
[00321315] 3 | _ 5 _ 11 4 8 7 0 10 5 9 1 
[00321316] 4 | _ 5 _ 11 4 _ 8 0 10 5 9 1 
[00321317] 3 | _ 5 _ 11 4 7 8 0 10 5 9 1 
[00321318] 6 | _ _ _ 11 4 10 _ 0 10 _ 9 1 
[00321319] 5 | 2 7 _ 11 4 10 _ 0 10 _ 9 1 
[00321320] 4 | 2 7 3 11 4 10 _ 0 10 _ 9 1 
[00321321] 4 | 2 7 _ 11 4 10 8 0 10 _ 9 1 
[00321322] 5 | 3 8 _ 11 4 10 _ 0 10 _ 9 1 
[00321323] 4 | 3 8 4 11 4 10 _ 0 10 _ 9 1 
[00321324] 4 | 3 8 _ 11 4 10 8 0 10 _ 9 1 
[00321325] 5 | 7 2 _ 11 4 10 _ 0 10 _ 9 1 
[00321326] 5 | 8 3 _ 11 4 10 _ 0 10 _ 9 1 
[00321327] 5 | _ 2 7 11 4 10 _ 0 10 _ 9 1 
[00321328] 5 | _ 3 8 11 4 10 _ 0 10 _ 9 1 
[00321329] 5 | _ 7 2 11 4 10 _ 0 10 _ 9 1 
[00321330] 4 | 3 7 2 11 4 10 _ 0 10 _ 9 1 
[00321331] 4 | _ 7 2 11 4 10 8 0 10 _ 9 1 
[00321332] 5 | _ 8 3 11 4 10 _ 0 10 _ 9 1 
[00321333] 4 | 4 8 3 11 4 10 _ 0 10 _ 9 1 
[00321334] 4 | _ 8 3 11 4 10 8 0 10 _ 9 1 
[00321335] 5 | _ 6 _ 11 4 10 _ 0 10 _ 9 1 
[00321336] 4 | 2 6 _ 11 4 10 _ 0 10 _ 9 1 
[00321337] 3 | 2 6 3 11 4 10 _ 0 10 _ 9 1 
[00321338] 3 | 2 6 _ 11 4 10 7 0 10 _ 9 1 
[00321339] 2 | 2 6 8 11 4 10 7 0 10 _ 9 1 
[00321340] 4 | _ 6 2 11 4 10 _ 0 10 _ 9 1 
[00321341] 3 | 3 6 2 11 4 10 _ 0 10 _ 9 1 
[00321342] 3 | _ 6 2 11 4 10 7 0 10 _ 9 1 
[00321343] 2 | 8 6 2 11 4 10 7 0 10 _ 9 1 
[00321344] 4 | _ 6 _ 11 4 10 8 0 10 _ 9 1 
[00321345] 3 | 3 6 _ 11 4 10 8 0 10 _ 9 1 
[00321346] 3 | _ 6 3 11 4 10 8 0 10 _ 9 1 
[00321347] 6 | _ _ _ 11 4 _ 10 0 10 _ 9 1 
[00321348] 5 | 2 7 _ 11 4 _ 10 0 10 _ 9 1 
[00321349] 4 | 2 7 3 11 4 _ 10 0 10 _ 9 1 
[00321350] 4 | 2 7 _ 11 4 8 10 0 10 _ 9 1 
[00321351] 5 | 3 8 _ 11 4 _ 10 0 10 _ 9 1 
[00321352] 4 | 3 8 4 11 4 _ 10 0 10 _ 9 1 
[00321353] 4 | 3 8 _ 11 4 8 10 0 10 _ 9 1 
[00321354] 5 | 7 2 _ 11 4 _ 10 0 10 _ 9 1 
[00321355] 5 | 8 3 _ 11 4 _ 10 0 10 _ 9 1 
[00321356] 5 | _ 2 7 11 4 _ 10 0 10 _ 9 1 
[00321357] 5 | _ 3 8 11 4 _ 10 0 10 _ 9 1 
[00321358] 5 | _ 7 2 11 4 _ 10 0 10 _ 9 1 
[00321359] 4 | 3 7 2 11 4 _ 10 0 10 _ 9 1 
[00321360] 4 | _ 7 2 11 4 8 10 0 10 _ 9 1 
[00321361] 5 | _ 8 3 11 4 _ 10 0 10 _ 9 1 
[00321362] 4 | 4 8 3 11 4 _ 10 0 10 _ 9 1 
[00321363] 4 | _ 8 3 11 4 8 10 0 10 _ 9 1 
[00321364] 5 | _ 6 _ 11 4 _ 10 0 10 _ 9 1 
[00321365] 4 | 2 6 _ 11 4 _ 10 0 10 _ 9 1 
[00321366] 3 | 2 6 3 11 4 _ 10 0 10 _ 9 1 
[00321367] 3 | 2 6 _ 11 4 7 10 0 10 _ 9 1 
[00321368] 2 | 2 6 8 11 4 7 10 0 10 _ 9 1 
[00321369] 4 | _ 6 2 11 4 _ 10 0 10 _ 9 1 
[00321370] 3 | 3 6 2 11 4 _ 10 0 10 _ 9 1 
[00321371] 3 | _ 6 2 11 4 7 10 0 10 _ 9 1 
[00321372] 2 | 8 6 2 11 4 7 10 0 10 _ 9 1 
[00321373] 4 | _ 6 _ 11 4 8 10 0 10 _ 9 1 
[00321374] 3 | 3 6 _ 11 4 8 10 0 10 _ 9 1 
[00321375] 3 | _ 6 3 11 4 8 10 0 10 _ 9 1 
[00321376] 6 | _ _ _ 11 4 _ _ 0 10 4 9 1 
[00321377] 5 | 2 7 _ 11 4 _ _ 0 10 4 9 1 
[00321378] 4 | 2 7 3 11 4 _ _ 0 10 4 9 1 
[00321379] 5 | 3 8 _ 11 4 _ _ 0 10 4 9 1 
[00321380] 5 | 7 2 _ 11 4 _ _ 0 10 4 9 1 
[00321381] 5 | 8 3 _ 11 4 _ _ 0 10 4 9 1 
[00321382] 5 | _ 2 7 11 4 _ _ 0 10 4 9 1 
[00321383] 5 | _ 3 8 11 4 _ _ 0 10 4 9 1 
[00321384] 5 | _ 7 2 11 4 _ _ 0 10 4 9 1 
[00321385] 4 | 3 7 2 11 4 _ _ 0 10 4 9 1 
[00321386] 5 | _ 8 3 11 4 _ _ 0 10 4 9 1 
[00321387] 5 | _ 6 _ 11 4 _ _ 0 10 4 9 1 
[00321388] 4 | 2 6 _ 11 4 _ _ 0 10 4 9 1 
[00321389] 3 | 2 6 3 11 4 _ _ 0 10 4 9 1 
[00321390] 4 | _ 6 2 11 4 _ _ 0 10 4 9 1 
[00321391] 3 | 3 6 2 11 4 _ _ 0 10 4 9 1 
[00321392] 7 | _ _ _ 11 _ _ _ 0 10 3 9 1 
[00321393] 6 | 2 8 _ 11 _ _ _ 0 10 3 9 1 
[00321394] 5 | 2 8 _ 11 6 _ _ 0 10 3 9 1 
[00321395] 4 | 2 8 4 11 6 _ _ 0 10 3 9 1 
[00321396] 6 | 8 2 _ 11 _ _ _ 0 10 3 9 1 
[00321397] 6 | _ 2 8 11 _ _ _ 0 10 3 9 1 
[00321398] 6 | _ 8 2 11 _ _ _ 0 10 3 9 1 
[00321399] 5 | _ 8 2 11 6 _ _ 0 10 3 9 1 
[00321400] 4 | 4 8 2 11 6 _ _ 0 10 3 9 1 
[00321401] 6 | _ 5 _ 11 _ _ _ 0 10 3 9 1 
[00321402] 5 | _ 5 _ 11 6 _ _ 0 10 3 9 1 
[00321403] 4 | _ 5 _ 11 6 2 _ 0 10 3 9 1 
[00321404] 3 | 8 5 _ 11 6 2 _ 0 10 3 9 1 
[00321405] 2 | 8 5 7 11 6 2 _ 0 10 3 9 1 
[00321406] 2 | 8 5 _ 11 6 2 4 0 10 3 9 1 
[00321407] 3 | _ 5 8 11 6 2 _ 0 10 3 9 1 
[00321408] 2 | 7 5 8 11 6 2 _ 0 10 3 9 1 
[00321409] 2 | _ 5 8 11 6 2 4 0 10 3 9 1 
[00321410] 4 | _ 5 _ 11 6 _ 2 0 10 3 9 1 
[00321411] 3 | 8 5 _ 11 6 _ 2 0 10 3 9 1 
[00321412] 2 | 8 5 7 11 6 _ 2 0 10 3 9 1 
[00321413] 2 | 8 5 _ 11 6 4 2 0 10 3 9 1 
[00321414] 3 | _ 5 8 11 6 _ 2 0 10 3 9 1 
[00321415] 2 | 7 5 8 11 6 _ 2 0 10 3 9 1 
[00321416] 2 | _ 5 8 11 6 4 2 0 10 3 9 1 
[00321417] 5 | _ 5 _ 11 2 7 _ 0 10 3 9 1 
[00321418] 4 | _ 5 _ 11 2 7 6 0 10 3 9 1 
[00321419] 3 | 8 5 _ 11 2 7 6 0 10 3 9 1 
[00321420] 3 | _ 5 8 11 2 7 6 0 10 3 9 1 
[00321421] 5 | _ 5 _ 11 7 2 _ 0 10 3 9 1 
[00321422] 5 | _ 5 _ 11 2 _ 7 0 10 3 9 1 
[00321423] 4 | _ 5 _ 11 2 6 7 0 10 3 9 1 
[00321424] 3 | 8 5 _ 11 2 6 7 0 10 3 9 1 
[00321425] 3 | _ 5 8 11 2 6 7 0 10 3 9 1 
[00321426] 5 | _ 5 _ 11 7 _ 2 0 10 3 9 1 
[00321427] 6 | _ _ _ 11 5 _ _ 0 10 3 9 1 
[00321428] 5 | 2 7 _ 11 5 _ _ 0 10 3 9 1 
[00321429] 5 | 7 2 _ 11 5 _ _ 0 10 3 9 1 
[00321430] 5 | _ 2 7 11 5 _ _ 0 10 3 9 1 
[00321431] 5 | _ 7 2 11 5 _ _ 0 10 3 9 1 
[00321432] 5 | _ 6 _ 11 5 _ _ 0 10 3 9 1 
[00321433] 4 | 2 6 _ 11 5 _ _ 0 10 3 9 1 
[00321434] 3 | 2 6 _ 11 5 8 _ 0 10 3 9 1 
[00321435] 2 | 2 6 4 11 5 8 _ 0 10 3 9 1 
[00321436] 2 | 2 6 _ 11 5 8 7 0 10 3 9 1 
[00321437] 3 | 2 6 _ 11 5 _ 8 0 10 3 9 1 
[00321438] 2 | 2 6 4 11 5 _ 8 0 10 3 9 1 
[00321439] 2 | 2 6 _ 11 5 7 8 0 10 3 9 1 
[00321440] 4 | _ 6 2 11 5 _ _ 0 10 3 9 1 
[00321441] 3 | _ 6 2 11 5 8 _ 0 10 3 9 1 
[00321442] 2 | 4 6 2 11 5 8 _ 0 10 3 9 1 
[00321443] 2 | _ 6 2 11 5 8 7 0 10 3 9 1 
[00321444] 3 | _ 6 2 11 5 _ 8 0 10 3 9 1 
[00321445] 2 | 4 6 2 11 5 _ 8 0 10 3 9 1 
[00321446] 2 | _ 6 2 11 5 7 8 0 10 3 9 1 
[00321447] 6 | _ _ _ 11 2 8 _ 0 10 3 9 1 
[00321448] 5 | _ 6 _ 11 2 8 _ 0 10 3 9 1 
[00321449] 4 | 2 6 _ 11 2 8 _ 0 10 3 9 1 
[00321450] 4 | _ 6 2 11 2 8 _ 0 10 3 9 1 
[00321451] 4 | _ 6 _ 11 2 8 6 0 10 3 9 1 
[00321452] 5 | _ _ _ 11 2 8 7 0 10 3 9 1 
[00321453] 6 | _ _ _ 11 8 2 _ 0 10 3 9 1 
[00321454] 5 | _ 6 _ 11 8 2 _ 0 10 3 9 1 
[00321455] 4 | _ 6 _ 11 8 2 4 0 10 3 9 1 
[00321456] 6 | _ _ _ 11 2 _ 8 0 10 3 9 1 
[00321457] 5 | _ 6 _ 11 2 _ 8 0 10 3 9 1 
[00321458] 4 | 2 6 _ 11 2 _ 8 0 10 3 9 1 
[00321459] 4 | _ 6 2 11 2 _ 8 0 10 3 9 1 
[00321460] 4 | _ 6 _ 11 2 6 8 0 10 3 9 1 
[00321461] 5 | _ _ _ 11 2 7 8 0 10 3 9 1 
[00321462] 6 | _ _ _ 11 8 _ 2 0 10 3 9 1 
[00321463] 5 | _ 6 _ 11 8 _ 2 0 10 3 9 1 
[00321464] 4 | _ 6 _ 11 8 4 2 0 10 3 9 1 
[00321465] 10 | _ _ _ 11 _ _ _ 0 _ _ 10 _ 
[00321466] 9 | _ 2 _ 11 _ _ _ 0 _ _ 10 _ 
[00321467] 8 | 10 2 _ 11 _ _ _ 0 _ _ 10 _ 
[00321468] 7 | 10 2 9 11 _ _ _ 0 _ _ 10 _ 
[00321469] 6 | 10 2 9 11 5 _ _ 0 _ _ 10 _ 
[00321470] 5 | 10 2 9 11 5 0 _ 0 _ _ 10 _ 
[00321471] 4 | 10 2 9 11 5 0 1 0 _ _ 10 _ 
[00321472] 3 | 10 2 9 11 5 0 1 0 3 6 10 _ 
[00321473] 3 | 10 2 9 11 5 0 1 0 4 7 10 _ 
[00321474] 3 | 10 2 9 11 5 0 1 0 6 3 10 _ 
[00321475] 3 | 10 2 9 11 5 0 1 0 7 4 10 _ 
[00321476] 4 | 10 2 9 11 5 0 _ 0 3 7 10 _ 
[00321477] 3 | 10 2 9 11 5 0 8 0 3 7 10 _ 
[00321478] 4 | 10 2 9 11 5 0 _ 0 4 8 10 _ 
[00321479] 4 | 10 2 9 11 5 0 _ 0 7 3 10 _ 
[00321480] 3 | 10 2 9 11 5 0 8 0 7 3 10 _ 
[00321481] 4 | 10 2 9 11 5 0 _ 0 8 4 10 _ 
[00321482] 5 | 10 2 9 11 5 _ 0 0 _ _ 10 _ 
[00321483] 4 | 10 2 9 11 5 1 0 0 _ _ 10 _ 
[00321484] 3 | 10 2 9 11 5 1 0 0 3 6 10 _ 
[00321485] 3 | 10 2 9 11 5 1 0 0 4 7 10 _ 
[00321486] 3 | 10 2 9 11 5 1 0 0 6 3 10 _ 
[00321487] 3 | 10 2 9 11 5 1 0 0 7 4 10 _ 
[00321488] 4 | 10 2 9 11 5 _ 0 0 3 7 10 _ 
[00321489] 3 | 10 2 9 11 5 8 0 0 3 7 10 _ 
[00321490] 4 | 10 2 9 11 5 _ 0 0 4 8 10 _ 
[00321491] 4 | 10 2 9 11 5 _ 0 0 7 3 10 _ 
[00321492] 3 | 10 2 9 11 5 8 0 0 7 3 10 _ 
[00321493] 4 | 10 2 9 11 5 _ 0 0 8 4 10 _ 
[00321494] 5 | 10 2 9 11 5 _ _ 0 5 _ 10 _ 
[00321495] 4 | 10 2 9 11 5 1 _ 0 5 _ 10 _ 
[00321496] 3 | 10 2 9 11 5 1 8 0 5 _ 10 _ 
[00321497] 3 | 10 2 9 11 5 1 _ 0 5 8 10 _ 
[00321498] 4 | 10 2 9 11 5 _ 1 0 5 _ 10 _ 
[00321499] 3 | 10 2 9 11 5 8 1 0 5 _ 10 _ 
[00321500] 3 | 10 2 9 11 5 _ 1 0 5 8 10 _ 
[00321501] 4 | 10 2 9 11 5 _ _ 0 5 1 10 _ 
[00321502] 5 | 10 2 9 11 5 _ _ 0 1 6 10 _ 
[00321503] 5 | 10 2 9 11 5 _ _ 0 3 8 10 _ 
[00321504] 4 | 10 2 9 11 5 1 _ 0 3 8 10 _ 
[00321505] 4 | 10 2 9 11 5 _ 1 0 3 8 10 _ 
[00321506] 5 | 10 2 9 11 5 _ _ 0 6 1 10 _ 
[00321507] 5 | 10 2 9 11 5 _ _ 0 8 3 10 _ 
[00321508] 4 | 10 2 9 11 5 1 _ 0 8 3 10 _ 
[00321509] 4 | 10 2 9 11 5 _ 1 0 8 3 10 _ 
[00321510] 6 | 10 2 9 11 1 7 _ 0 _ _ 10 _ 
[00321511] 5 | 10 2 9 11 1 7 6 0 _ _ 10 _ 
[00321512] 4 | 10 2 9 11 1 7 6 0 4 _ 10 _ 
[00321513] 4 | 10 2 9 11 1 7 6 0 4 8 10 _ 
[00321514] 4 | 10 2 9 11 1 7 6 0 8 4 10 _ 
[00321515] 5 | 10 2 9 11 1 7 _ 0 5 _ 10 _ 
[00321516] 4 | 10 2 9 11 1 7 5 0 5 _ 10 _ 
[00321517] 4 | 10 2 9 11 1 7 _ 0 5 1 10 _ 
[00321518] 5 | 10 2 9 11 1 7 _ 0 3 8 10 _ 
[00321519] 4 | 10 2 9 11 1 7 5 0 3 8 10 _ 
[00321520] 5 | 10 2 9 11 1 7 _ 0 8 3 10 _ 
[00321521] 4 | 10 2 9 11 1 7 5 0 8 3 10 _ 
[00321522] 6 | 10 2 9 11 7 1 _ 0 _ _ 10 _ 
[00321523] 5 | 10 2 9 11 7 1 _ 0 5 _ 10 _ 
[00321524] 4 | 10 2 9 11 7 1 3 0 5 _ 10 _ 
[00321525] 3 | 10 2 9 11 7 1 3 0 5 8 10 _ 
[00321526] 5 | 10 2 9 11 7 1 _ 0 3 8 10 _ 
[00321527] 5 | 10 2 9 11 7 1 _ 0 8 3 10 _ 
[00321528] 6 | 10 2 9 11 1 _ 7 0 _ _ 10 _ 
[00321529] 5 | 10 2 9 11 1 6 7 0 _ _ 10 _ 
[00321530] 4 | 10 2 9 11 1 6 7 0 4 _ 10 _ 
[00321531] 4 | 10 2 9 11 1 6 7 0 4 8 10 _ 
[00321532] 4 | 10 2 9 11 1 6 7 0 8 4 10 _ 
[00321533] 5 | 10 2 9 11 1 _ 7 0 5 _ 10 _ 
[00321534] 4 | 10 2 9 11 1 5 7 0 5 _ 10 _ 
[00321535] 4 | 10 2 9 11 1 _ 7 0 5 1 10 _ 
[00321536] 5 | 10 2 9 11 1 _ 7 0 3 8 10 _ 
[00321537] 4 | 10 2 9 11 1 5 7 0 3 8 10 _ 
[00321538] 5 | 10 2 9 11 1 _ 7 0 8 3 10 _ 
[00321539] 4 | 10 2 9 11 1 5 7 0 8 3 10 _ 
[00321540] 6 | 10 2 9 11 7 _ 1 0 _ _ 10 _ 
[00321541] 5 | 10 2 9 11 7 _ 1 0 5 _ 10 _ 
[00321542] 4 | 10 2 9 11 7 3 1 0 5 _ 10 _ 
[00321543] 3 | 10 2 9 11 7 3 1 0 5 8 10 _ 
[00321544] 5 | 10 2 9 11 7 _ 1 0 3 8 10 _ 
[00321545] 5 | 10 2 9 11 7 _ 1 0 8 3 10 _ 
[00321546] 6 | 10 2 9 11 _ _ _ 0 6 _ 10 _ 
[00321547] 5 | 10 2 9 11 6 _ _ 0 6 _ 10 _ 
[00321548] 5 | 10 2 9 11 3 8 _ 0 6 _ 10 _ 
[00321549] 4 | 10 2 9 11 3 8 7 0 6 _ 10 _ 
[00321550] 5 | 10 2 9 11 8 3 _ 0 6 _ 10 _ 
[00321551] 4 | 10 2 9 11 8 3 4 0 6 _ 10 _ 
[00321552] 5 | 10 2 9 11 3 _ 8 0 6 _ 10 _ 
[00321553] 4 | 10 2 9 11 3 7 8 0 6 _ 10 _ 
[00321554] 5 | 10 2 9 11 8 _ 3 0 6 _ 10 _ 
[00321555] 4 | 10 2 9 11 8 4 3 0 6 _ 10 _ 
[00321556] 5 | 10 2 9 11 _ _ _ 0 6 1 10 _ 
[00321557] 4 | 10 2 9 11 7 _ _ 0 6 1 10 _ 
[00321558] 3 | 10 2 9 11 7 4 _ 0 6 1 10 _ 
[00321559] 2 | 10 2 9 11 7 4 5 0 6 1 10 _ 
[00321560] 3 | 10 2 9 11 7 _ 4 0 6 1 10 _ 
[00321561] 2 | 10 2 9 11 7 5 4 0 6 1 10 _ 
[00321562] 4 | 10 2 9 11 3 7 _ 0 6 1 10 _ 
[00321563] 4 | 10 2 9 11 4 8 _ 0 6 1 10 _ 
[00321564] 3 | 10 2 9 11 4 8 7 0 6 1 10 _ 
[00321565] 4 | 10 2 9 11 7 3 _ 0 6 1 10 _ 
[00321566] 3 | 10 2 9 11 7 3 4 0 6 1 10 _ 
[00321567] 4 | 10 2 9 11 8 4 _ 0 6 1 10 _ 
[00321568] 3 | 10 2 9 11 8 4 5 0 6 1 10 _ 
[00321569] 4 | 10 2 9 11 3 _ 7 0 6 1 10 _ 
[00321570] 4 | 10 2 9 11 4 _ 8 0 6 1 10 _ 
[00321571] 3 | 10 2 9 11 4 7 8 0 6 1 10 _ 
[00321572] 4 | 10 2 9 11 7 _ 3 0 6 1 10 _ 
[00321573] 3 | 10 2 9 11 7 4 3 0 6 1 10 _ 
[00321574] 4 | 10 2 9 11 8 _ 4 0 6 1 10 _ 
[00321575] 3 | 10 2 9 11 8 5 4 0 6 1 10 _ 
[00321576] 5 | 10 2 9 11 _ _ _ 0 6 11 10 _ 
[00321577] 4 | 10 2 9 11 1 5 _ 0 6 11 10 _ 
[00321578] 3 | 10 2 9 11 1 5 4 0 6 11 10 _ 
[00321579] 4 | 10 2 9 11 3 7 _ 0 6 11 10 _ 
[00321580] 4 | 10 2 9 11 4 8 _ 0 6 11 10 _ 
[00321581] 3 | 10 2 9 11 4 8 1 0 6 11 10 _ 
[00321582] 3 | 10 2 9 11 4 8 7 0 6 11 10 _ 
[00321583] 4 | 10 2 9 11 5 1 _ 0 6 11 10 _ 
[00321584] 3 | 10 2 9 11 5 1 8 0 6 11 10 _ 
[00321585] 4 | 10 2 9 11 7 3 _ 0 6 11 10 _ 
[00321586] 3 | 10 2 9 11 7 3 4 0 6 11 10 _ 
[00321587] 4 | 10 2 9 11 8 4 _ 0 6 11 10 _ 
[00321588] 3 | 10 2 9 11 8 4 5 0 6 11 10 _ 
[00321589] 4 | 10 2 9 11 1 _ 5 0 6 11 10 _ 
[00321590] 3 | 10 2 9 11 1 4 5 0 6 11 10 _ 
[00321591] 4 | 10 2 9 11 3 _ 7 0 6 11 10 _ 
[00321592] 4 | 10 2 9 11 4 _ 8 0 6 11 10 _ 
[00321593] 3 | 10 2 9 11 4 1 8 0 6 11 10 _ 
[00321594] 3 | 10 2 9 11 4 7 8 0 6 11 10 _ 
[00321595] 4 | 10 2 9 11 5 _ 1 0 6 11 10 _ 
[00321596] 3 | 10 2 9 11 5 8 1 0 6 11 10 _ 
[00321597] 4 | 10 2 9 11 7 _ 3 0 6 11 10 _ 
[00321598] 3 | 10 2 9 11 7 4 3 0 6 11 10 _ 
[00321599] 4 | 10 2 9 11 8 _ 4 0 6 11 10 _ 
[00321600] 3 | 10 2 9 11 8 5 4 0 6 11 10 _ 
[00321601] 6 | 10 2 9 11 _ _ _ 0 1 7 10 _ 
[00321602] 5 | 10 2 9 11 6 _ _ 0 1 7 10 _ 
[00321603] 5 | 10 2 9 11 3 8 _ 0 1 7 10 _ 
[00321604] 5 | 10 2 9 11 8 3 _ 0 1 7 10 _ 
[00321605] 4 | 10 2 9 11 8 3 4 0 1 7 10 _ 
[00321606] 5 | 10 2 9 11 3 _ 8 0 1 7 10 _ 
[00321607] 5 | 10 2 9 11 8 _ 3 0 1 7 10 _ 
[00321608] 4 | 10 2 9 11 8 4 3 0 1 7 10 _ 
[00321609] 6 | 10 2 9 11 _ _ _ 0 7 1 10 _ 
[00321610] 5 | 10 2 9 11 6 _ _ 0 7 1 10 _ 
[00321611] 5 | 10 2 9 11 3 8 _ 0 7 1 10 _ 
[00321612] 5 | 10 2 9 11 8 3 _ 0 7 1 10 _ 
[00321613] 4 | 10 2 9 11 8 3 4 0 7 1 10 _ 
[00321614] 5 | 10 2 9 11 3 _ 8 0 7 1 10 _ 
[00321615] 5 | 10 2 9 11 8 _ 3 0 7 1 10 _ 
[00321616] 4 | 10 2 9 11 8 4 3 0 7 1 10 _ 
[00321617] 7 | 10 2 _ 11 4 _ _ 0 _ _ 10 _ 
[00321618] 6 | 10 2 8 11 4 _ _ 0 _ _ 10 _ 
[00321619] 5 | 10 2 8 11 4 9 _ 0 _ _ 10 _ 
[00321620] 4 | 10 2 8 11 4 9 0 0 _ _ 10 _ 
[00321621] 3 | 10 2 8 11 4 9 0 0 3 6 10 _ 
[00321622] 3 | 10 2 8 11 4 9 0 0 6 3 10 _ 
[00321623] 4 | 10 2 8 11 4 9 _ 0 4 _ 10 _ 
[00321624] 3 | 10 2 8 11 4 9 1 0 4 _ 10 _ 
[00321625] 3 | 10 2 8 11 4 9 7 0 4 _ 10 _ 
[00321626] 3 | 10 2 8 11 4 9 _ 0 4 1 10 _ 
[00321627] 3 | 10 2 8 11 4 9 _ 0 4 7 10 _ 
[00321628] 4 | 10 2 8 11 4 9 _ 0 1 5 10 _ 
[00321629] 3 | 10 2 8 11 4 9 7 0 1 5 10 _ 
[00321630] 4 | 10 2 8 11 4 9 _ 0 3 7 10 _ 
[00321631] 3 | 10 2 8 11 4 9 1 0 3 7 10 _ 
[00321632] 4 | 10 2 8 11 4 9 _ 0 5 1 10 _ 
[00321633] 3 | 10 2 8 11 4 9 7 0 5 1 10 _ 
[00321634] 4 | 10 2 8 11 4 9 _ 0 7 3 10 _ 
[00321635] 3 | 10 2 8 11 4 9 1 0 7 3 10 _ 
[00321636] 5 | 10 2 8 11 4 _ 9 0 _ _ 10 _ 
[00321637] 4 | 10 2 8 11 4 0 9 0 _ _ 10 _ 
[00321638] 3 | 10 2 8 11 4 0 9 0 3 6 10 _ 
[00321639] 3 | 10 2 8 11 4 0 9 0 6 3 10 _ 
[00321640] 4 | 10 2 8 11 4 _ 9 0 4 _ 10 _ 
[00321641] 3 | 10 2 8 11 4 1 9 0 4 _ 10 _ 
[00321642] 3 | 10 2 8 11 4 7 9 0 4 _ 10 _ 
[00321643] 3 | 10 2 8 11 4 _ 9 0 4 1 10 _ 
[00321644] 3 | 10 2 8 11 4 _ 9 0 4 7 10 _ 
[00321645] 4 | 10 2 8 11 4 _ 9 0 1 5 10 _ 
[00321646] 3 | 10 2 8 11 4 7 9 0 1 5 10 _ 
[00321647] 4 | 10 2 8 11 4 _ 9 0 3 7 10 _ 
[00321648] 3 | 10 2 8 11 4 1 9 0 3 7 10 _ 
[00321649] 4 | 10 2 8 11 4 _ 9 0 5 1 10 _ 
[00321650] 3 | 10 2 8 11 4 7 9 0 5 1 10 _ 
[00321651] 4 | 10 2 8 11 4 _ 9 0 7 3 10 _ 
[00321652] 3 | 10 2 8 11 4 1 9 0 7 3 10 _ 
[00321653] 5 | 10 2 8 11 4 _ _ 0 5 _ 10 _ 
[00321654] 4 | 10 2 8 11 4 _ _ 0 5 1 10 _ 
[00321655] 3 | 10 2 8 11 4 7 _ 0 5 1 10 _ 
[00321656] 2 | 10 2 8 11 4 7 6 0 5 1 10 _ 
[00321657] 3 | 10 2 8 11 4 _ 7 0 5 1 10 _ 
[00321658] 2 | 10 2 8 11 4 6 7 0 5 1 10 _ 
[00321659] 4 | 10 2 8 11 4 _ _ 0 5 9 10 _ 
[00321660] 3 | 10 2 8 11 4 1 _ 0 5 9 10 _ 
[00321661] 2 | 10 2 8 11 4 1 6 0 5 9 10 _ 
[00321662] 3 | 10 2 8 11 4 7 _ 0 5 9 10 _ 
[00321663] 2 | 10 2 8 11 4 7 6 0 5 9 10 _ 
[00321664] 3 | 10 2 8 11 4 _ 1 0 5 9 10 _ 
[00321665] 2 | 10 2 8 11 4 6 1 0 5 9 10 _ 
[00321666] 3 | 10 2 8 11 4 _ 7 0 5 9 10 _ 
[00321667] 2 | 10 2 8 11 4 6 7 0 5 9 10 _ 
[00321668] 5 | 10 2 8 11 4 _ _ 0 1 6 10 _ 
[00321669] 5 | 10 2 8 11 4 _ _ 0 6 1 10 _ 
[00321670] 6 | 10 2 _ 11 4 _ _ 0 6 _ 10 _ 
[00321671] 5 | 10 2 7 11 4 _ _ 0 6 _ 10 _ 
[00321672] 4 | 10 2 7 11 4 8 _ 0 6 _ 10 _ 
[00321673] 3 | 10 2 7 11 4 8 1 0 6 _ 10 _ 
[00321674] 3 | 10 2 7 11 4 8 _ 0 6 3 10 _ 
[00321675] 3 | 10 2 7 11 4 8 _ 0 6 9 10 _ 
[00321676] 4 | 10 2 7 11 4 _ 8 0 6 _ 10 _ 
[00321677] 3 | 10 2 7 11 4 1 8 0 6 _ 10 _ 
[00321678] 3 | 10 2 7 11 4 _ 8 0 6 3 10 _ 
[00321679] 3 | 10 2 7 11 4 _ 8 0 6 9 10 _ 
[00321680] 5 | 10 2 _ 11 4 9 _ 0 6 _ 10 _ 
[00321681] 4 | 10 2 6 11 4 9 _ 0 6 _ 10 _ 
[00321682] 3 | 10 2 6 11 4 9 1 0 6 _ 10 _ 
[00321683] 3 | 10 2 6 11 4 9 7 0 6 _ 10 _ 
[00321684] 4 | 10 2 _ 11 4 9 8 0 6 _ 10 _ 
[00321685] 3 | 10 2 5 11 4 9 8 0 6 _ 10 _ 
[00321686] 3 | 10 2 _ 11 4 9 8 0 6 3 10 _ 
[00321687] 4 | 10 2 _ 11 4 9 _ 0 6 2 10 _ 
[00321688] 3 | 10 2 _ 11 4 9 1 0 6 2 10 _ 
[00321689] 3 | 10 2 _ 11 4 9 7 0 6 2 10 _ 
[00321690] 5 | 10 2 _ 11 4 _ 9 0 6 _ 10 _ 
[00321691] 4 | 10 2 6 11 4 _ 9 0 6 _ 10 _ 
[00321692] 3 | 10 2 6 11 4 1 9 0 6 _ 10 _ 
[00321693] 3 | 10 2 6 11 4 7 9 0 6 _ 10 _ 
[00321694] 4 | 10 2 _ 11 4 8 9 0 6 _ 10 _ 
[00321695] 3 | 10 2 5 11 4 8 9 0 6 _ 10 _ 
[00321696] 3 | 10 2 _ 11 4 8 9 0 6 3 10 _ 
[00321697] 4 | 10 2 _ 11 4 _ 9 0 6 2 10 _ 
[00321698] 3 | 10 2 _ 11 4 1 9 0 6 2 10 _ 
[00321699] 3 | 10 2 _ 11 4 7 9 0 6 2 10 _ 
[00321700] 5 | 10 2 _ 11 4 _ _ 0 6 1 10 _ 
[00321701] 4 | 10 2 _ 11 4 8 _ 0 6 1 10 _ 
[00321702] 3 | 10 2 5 11 4 8 _ 0 6 1 10 _ 
[00321703] 3 | 10 2 _ 11 4 8 7 0 6 1 10 _ 
[00321704] 4 | 10 2 _ 11 4 _ 8 0 6 1 10 _ 
[00321705] 3 | 10 2 5 11 4 _ 8 0 6 1 10 _ 
[00321706] 3 | 10 2 _ 11 4 7 8 0 6 1 10 _ 
[00321707] 6 | 10 2 _ 11 4 _ _ 0 1 7 10 _ 
[00321708] 5 | 10 2 _ 11 4 9 _ 0 1 7 10 _ 
[00321709] 4 | 10 2 6 11 4 9 _ 0 1 7 10 _ 
[00321710] 4 | 10 2 _ 11 4 9 8 0 1 7 10 _ 
[00321711] 3 | 10 2 5 11 4 9 8 0 1 7 10 _ 
[00321712] 5 | 10 2 _ 11 4 _ 9 0 1 7 10 _ 
[00321713] 4 | 10 2 6 11 4 _ 9 0 1 7 10 _ 
[00321714] 4 | 10 2 _ 11 4 8 9 0 1 7 10 _ 
[00321715] 3 | 10 2 5 11 4 8 9 0 1 7 10 _ 
[00321716] 6 | 10 2 _ 11 4 _ _ 0 3 9 10 _ 
[00321717] 5 | 10 2 7 11 4 _ _ 0 3 9 10 _ 
[00321718] 4 | 10 2 7 11 4 8 _ 0 3 9 10 _ 
[00321719] 3 | 10 2 7 11 4 8 1 0 3 9 10 _ 
[00321720] 4 | 10 2 7 11 4 _ 8 0 3 9 10 _ 
[00321721] 3 | 10 2 7 11 4 1 8 0 3 9 10 _ 
[00321722] 6 | 10 2 _ 11 4 _ _ 0 7 1 10 _ 
[00321723] 5 | 10 2 _ 11 4 9 _ 0 7 1 10 _ 
[00321724] 4 | 10 2 6 11 4 9 _ 0 7 1 10 _ 
[00321725] 4 | 10 2 _ 11 4 9 8 0 7 1 10 _ 
[00321726] 3 | 10 2 5 11 4 9 8 0 7 1 10 _ 
[00321727] 5 | 10 2 _ 11 4 _ 9 0 7 1 10 _ 
[00321728] 4 | 10 2 6 11 4 _ 9 0 7 1 10 _ 
[00321729] 4 | 10 2 _ 11 4 8 9 0 7 1 10 _ 
[00321730] 3 | 10 2 5 11 4 8 9 0 7 1 10 _ 
[00321731] 6 | 10 2 _ 11 4 _ _ 0 9 3 10 _ 
[00321732] 5 | 10 2 7 11 4 _ _ 0 9 3 10 _ 
[00321733] 4 | 10 2 7 11 4 8 _ 0 9 3 10 _ 
