[00072333] 3 | _ 11 1 0 9 4 3 7 11 8 2 10 
[00072334] 7 | _ 11 1 0 9 _ _ 9 _ _ 2 10 
[00072335] 6 | 5 11 1 0 9 _ _ 9 _ _ 2 10 
[00072336] 5 | 5 11 1 0 9 4 _ 9 _ _ 2 10 
[00072337] 4 | 5 11 1 0 9 4 _ 9 3 7 2 10 
[00072338] 4 | 5 11 1 0 9 4 _ 9 7 3 2 10 
[00072339] 5 | 5 11 1 0 9 _ 4 9 _ _ 2 10 
[00072340] 4 | 5 11 1 0 9 _ 4 9 3 7 2 10 
[00072341] 4 | 5 11 1 0 9 _ 4 9 7 3 2 10 
[00072342] 5 | 5 11 1 0 9 _ _ 9 4 _ 2 10 
[00072343] 4 | 5 11 1 0 9 _ _ 9 4 8 2 10 
[00072344] 5 | 5 11 1 0 9 _ _ 9 3 8 2 10 
[00072345] 5 | 5 11 1 0 9 _ _ 9 8 3 2 10 
[00072346] 6 | _ 11 1 0 9 3 _ 9 _ _ 2 10 
[00072347] 5 | 6 11 1 0 9 3 _ 9 _ _ 2 10 
[00072348] 4 | 6 11 1 0 9 3 5 9 _ _ 2 10 
[00072349] 3 | 6 11 1 0 9 3 5 9 4 7 2 10 
[00072350] 3 | 6 11 1 0 9 3 5 9 7 4 2 10 
[00072351] 4 | 6 11 1 0 9 3 _ 9 5 _ 2 10 
[00072352] 3 | 6 11 1 0 9 3 _ 9 5 8 2 10 
[00072353] 4 | 6 11 1 0 9 3 _ 9 4 8 2 10 
[00072354] 4 | 6 11 1 0 9 3 _ 9 8 4 2 10 
[00072355] 5 | _ 11 1 0 9 3 4 9 _ _ 2 10 
[00072356] 4 | 7 11 1 0 9 3 4 9 _ _ 2 10 
[00072357] 3 | 7 11 1 0 9 3 4 9 5 8 2 10 
[00072358] 3 | 7 11 1 0 9 3 4 9 8 5 2 10 
[00072359] 5 | _ 11 1 0 9 3 _ 9 4 _ 2 10 
[00072360] 4 | 7 11 1 0 9 3 _ 9 4 _ 2 10 
[00072361] 4 | _ 11 1 0 9 3 _ 9 4 8 2 10 
[00072362] 6 | _ 11 1 0 9 _ 3 9 _ _ 2 10 
[00072363] 5 | 6 11 1 0 9 _ 3 9 _ _ 2 10 
[00072364] 4 | 6 11 1 0 9 5 3 9 _ _ 2 10 
[00072365] 3 | 6 11 1 0 9 5 3 9 4 7 2 10 
[00072366] 3 | 6 11 1 0 9 5 3 9 7 4 2 10 
[00072367] 4 | 6 11 1 0 9 _ 3 9 5 _ 2 10 
[00072368] 3 | 6 11 1 0 9 _ 3 9 5 8 2 10 
[00072369] 4 | 6 11 1 0 9 _ 3 9 4 8 2 10 
[00072370] 4 | 6 11 1 0 9 _ 3 9 8 4 2 10 
[00072371] 5 | _ 11 1 0 9 4 3 9 _ _ 2 10 
[00072372] 4 | 7 11 1 0 9 4 3 9 _ _ 2 10 
[00072373] 3 | 7 11 1 0 9 4 3 9 5 8 2 10 
[00072374] 3 | 7 11 1 0 9 4 3 9 8 5 2 10 
[00072375] 5 | _ 11 1 0 9 _ 3 9 4 _ 2 10 
[00072376] 4 | 7 11 1 0 9 _ 3 9 4 _ 2 10 
[00072377] 4 | _ 11 1 0 9 _ 3 9 4 8 2 10 
[00072378] 6 | _ 11 1 0 9 _ _ 9 3 _ 2 10 
[00072379] 5 | 6 11 1 0 9 _ _ 9 3 _ 2 10 
[00072380] 4 | 6 11 1 0 9 _ _ 9 3 7 2 10 
[00072381] 5 | _ 11 1 0 9 _ _ 9 3 8 2 10 
[00072382] 4 | 7 11 1 0 9 _ _ 9 3 8 2 10 
[00072383] 8 | _ 11 1 0 9 _ _ _ _ _ 10 2 
[00072384] 7 | 4 11 1 0 9 _ _ _ _ _ 10 2 
[00072385] 6 | 4 11 1 0 9 3 _ _ _ _ 10 2 
[00072386] 5 | 4 11 1 0 9 3 _ 5 _ _ 10 2 
[00072387] 5 | 4 11 1 0 9 3 _ 5 _ _ 10 2 
[00072388] 4 | 4 11 1 0 9 3 5 5 _ _ 10 2 
[00072389] 4 | 4 11 1 0 9 3 _ 5 9 _ 10 2 
[00072390] 3 | 4 11 1 0 9 3 6 5 9 _ 10 2 
[00072391] 3 | 4 11 1 0 9 3 _ 5 9 6 10 2 
[00072392] 6 | 4 11 1 0 9 _ 3 _ _ _ 10 2 
[00072393] 5 | 4 11 1 0 9 _ 3 5 _ _ 10 2 
[00072394] 5 | 4 11 1 0 9 _ 3 5 _ _ 10 2 
[00072395] 4 | 4 11 1 0 9 5 3 5 _ _ 10 2 
[00072396] 4 | 4 11 1 0 9 _ 3 5 9 _ 10 2 
[00072397] 3 | 4 11 1 0 9 6 3 5 9 _ 10 2 
[00072398] 3 | 4 11 1 0 9 _ 3 5 9 6 10 2 
[00072399] 6 | 4 11 1 0 9 _ _ 6 _ _ 10 2 
[00072400] 5 | 4 11 1 0 9 _ _ 6 3 8 10 2 
[00072401] 4 | 4 11 1 0 9 5 _ 6 3 8 10 2 
[00072402] 4 | 4 11 1 0 9 _ 5 6 3 8 10 2 
[00072403] 5 | 4 11 1 0 9 _ _ 6 8 3 10 2 
[00072404] 4 | 4 11 1 0 9 5 _ 6 8 3 10 2 
[00072405] 4 | 4 11 1 0 9 _ 5 6 8 3 10 2 
[00072406] 7 | _ 11 1 0 9 _ _ 7 _ _ 10 2 
[00072407] 6 | 5 11 1 0 9 _ _ 7 _ _ 10 2 
[00072408] 5 | 5 11 1 0 9 4 _ 7 _ _ 10 2 
[00072409] 4 | 5 11 1 0 9 4 _ 7 3 _ 10 2 
[00072410] 3 | 5 11 1 0 9 4 6 7 3 _ 10 2 
[00072411] 3 | 5 11 1 0 9 4 _ 7 3 6 10 2 
[00072412] 5 | 5 11 1 0 9 _ 4 7 _ _ 10 2 
[00072413] 4 | 5 11 1 0 9 _ 4 7 3 _ 10 2 
[00072414] 3 | 5 11 1 0 9 6 4 7 3 _ 10 2 
[00072415] 3 | 5 11 1 0 9 _ 4 7 3 6 10 2 
[00072416] 5 | 5 11 1 0 9 _ _ 7 3 8 10 2 
[00072417] 5 | 5 11 1 0 9 _ _ 7 8 3 10 2 
[00072418] 6 | _ 11 1 0 9 3 _ 7 _ _ 10 2 
[00072419] 5 | 6 11 1 0 9 3 _ 7 _ _ 10 2 
[00072420] 4 | 6 11 1 0 9 3 5 7 _ _ 10 2 
[00072421] 3 | 6 11 1 0 9 3 5 7 4 _ 10 2 
[00072422] 4 | 6 11 1 0 9 3 _ 7 4 8 10 2 
[00072423] 4 | 6 11 1 0 9 3 _ 7 8 4 10 2 
[00072424] 5 | _ 11 1 0 9 3 4 7 _ _ 10 2 
[00072425] 4 | 7 11 1 0 9 3 4 7 _ _ 10 2 
[00072426] 3 | 7 11 1 0 9 3 4 7 5 8 10 2 
[00072427] 3 | 7 11 1 0 9 3 4 7 8 5 10 2 
[00072428] 4 | _ 11 1 0 9 3 4 7 11 _ 10 2 
[00072429] 3 | 8 11 1 0 9 3 4 7 11 _ 10 2 
[00072430] 3 | _ 11 1 0 9 3 4 7 11 8 10 2 
[00072431] 6 | _ 11 1 0 9 _ 3 7 _ _ 10 2 
[00072432] 5 | 6 11 1 0 9 _ 3 7 _ _ 10 2 
[00072433] 4 | 6 11 1 0 9 5 3 7 _ _ 10 2 
[00072434] 3 | 6 11 1 0 9 5 3 7 4 _ 10 2 
[00072435] 4 | 6 11 1 0 9 _ 3 7 4 8 10 2 
[00072436] 4 | 6 11 1 0 9 _ 3 7 8 4 10 2 
[00072437] 5 | _ 11 1 0 9 4 3 7 _ _ 10 2 
[00072438] 4 | 7 11 1 0 9 4 3 7 _ _ 10 2 
[00072439] 3 | 7 11 1 0 9 4 3 7 5 8 10 2 
[00072440] 3 | 7 11 1 0 9 4 3 7 8 5 10 2 
[00072441] 4 | _ 11 1 0 9 4 3 7 11 _ 10 2 
[00072442] 3 | 8 11 1 0 9 4 3 7 11 _ 10 2 
[00072443] 3 | _ 11 1 0 9 4 3 7 11 8 10 2 
[00072444] 7 | _ 11 1 0 9 _ _ 3 _ _ 10 2 
[00072445] 6 | 5 11 1 0 9 _ _ 3 _ _ 10 2 
[00072446] 5 | 5 11 1 0 9 4 _ 3 _ _ 10 2 
[00072447] 4 | 5 11 1 0 9 4 _ 3 7 _ 10 2 
[00072448] 3 | 5 11 1 0 9 4 6 3 7 _ 10 2 
[00072449] 5 | 5 11 1 0 9 _ 4 3 _ _ 10 2 
[00072450] 4 | 5 11 1 0 9 _ 4 3 7 _ 10 2 
[00072451] 3 | 5 11 1 0 9 6 4 3 7 _ 10 2 
[00072452] 5 | 5 11 1 0 9 _ _ 3 8 _ 10 2 
[00072453] 4 | 5 11 1 0 9 _ _ 3 8 4 10 2 
[00072454] 3 | 5 11 1 0 9 6 _ 3 8 4 10 2 
[00072455] 2 | 5 11 1 0 9 6 7 3 8 4 10 2 
[00072456] 3 | 5 11 1 0 9 _ 6 3 8 4 10 2 
[00072457] 2 | 5 11 1 0 9 7 6 3 8 4 10 2 
[00072458] 6 | _ 11 1 0 9 3 _ 3 _ _ 10 2 
[00072459] 5 | 6 11 1 0 9 3 _ 3 _ _ 10 2 
[00072460] 4 | 6 11 1 0 9 3 5 3 _ _ 10 2 
[00072461] 3 | 6 11 1 0 9 3 5 3 4 7 10 2 
[00072462] 3 | 6 11 1 0 9 3 5 3 7 4 10 2 
[00072463] 4 | 6 11 1 0 9 3 _ 3 4 8 10 2 
[00072464] 4 | 6 11 1 0 9 3 _ 3 8 4 10 2 
[00072465] 5 | _ 11 1 0 9 3 4 3 _ _ 10 2 
[00072466] 4 | 7 11 1 0 9 3 4 3 _ _ 10 2 
[00072467] 3 | 7 11 1 0 9 3 4 3 5 8 10 2 
[00072468] 3 | 7 11 1 0 9 3 4 3 8 5 10 2 
[00072469] 6 | _ 11 1 0 9 _ 3 3 _ _ 10 2 
[00072470] 5 | 6 11 1 0 9 _ 3 3 _ _ 10 2 
[00072471] 4 | 6 11 1 0 9 5 3 3 _ _ 10 2 
[00072472] 3 | 6 11 1 0 9 5 3 3 4 7 10 2 
[00072473] 3 | 6 11 1 0 9 5 3 3 7 4 10 2 
[00072474] 4 | 6 11 1 0 9 _ 3 3 4 8 10 2 
[00072475] 4 | 6 11 1 0 9 _ 3 3 8 4 10 2 
[00072476] 5 | _ 11 1 0 9 4 3 3 _ _ 10 2 
[00072477] 4 | 7 11 1 0 9 4 3 3 _ _ 10 2 
[00072478] 3 | 7 11 1 0 9 4 3 3 5 8 10 2 
[00072479] 3 | 7 11 1 0 9 4 3 3 8 5 10 2 
[00072480] 6 | _ 11 1 0 9 _ _ 3 9 _ 10 2 
[00072481] 5 | 6 11 1 0 9 _ _ 3 9 _ 10 2 
[00072482] 4 | 6 11 1 0 9 5 _ 3 9 _ 10 2 
[00072483] 4 | 6 11 1 0 9 _ 5 3 9 _ 10 2 
[00072484] 4 | 6 11 1 0 9 _ _ 3 9 5 10 2 
[00072485] 5 | _ 11 1 0 9 4 _ 3 9 _ 10 2 
[00072486] 4 | 7 11 1 0 9 4 _ 3 9 _ 10 2 
[00072487] 3 | 7 11 1 0 9 4 6 3 9 _ 10 2 
[00072488] 3 | 7 11 1 0 9 4 _ 3 9 6 10 2 
[00072489] 4 | _ 11 1 0 9 4 5 3 9 _ 10 2 
[00072490] 3 | 8 11 1 0 9 4 5 3 9 _ 10 2 
[00072491] 4 | _ 11 1 0 9 4 _ 3 9 5 10 2 
[00072492] 3 | 8 11 1 0 9 4 _ 3 9 5 10 2 
[00072493] 5 | _ 11 1 0 9 _ 4 3 9 _ 10 2 
[00072494] 4 | 7 11 1 0 9 _ 4 3 9 _ 10 2 
[00072495] 3 | 7 11 1 0 9 6 4 3 9 _ 10 2 
[00072496] 3 | 7 11 1 0 9 _ 4 3 9 6 10 2 
[00072497] 4 | _ 11 1 0 9 5 4 3 9 _ 10 2 
[00072498] 3 | 8 11 1 0 9 5 4 3 9 _ 10 2 
[00072499] 4 | _ 11 1 0 9 _ 4 3 9 5 10 2 
[00072500] 3 | 8 11 1 0 9 _ 4 3 9 5 10 2 
[00072501] 5 | _ 11 1 0 9 _ _ 3 9 4 10 2 
[00072502] 4 | 7 11 1 0 9 _ _ 3 9 4 10 2 
[00072503] 9 | _ 11 1 0 _ _ _ 9 _ _ _ _ 
[00072504] 8 | 3 11 1 0 _ _ _ 9 _ _ _ _ 
[00072505] 7 | 3 11 1 0 7 _ _ 9 _ _ _ _ 
[00072506] 6 | 3 11 1 0 7 _ _ 9 2 8 _ _ 
[00072507] 5 | 3 11 1 0 7 _ _ 9 2 8 4 _ 
[00072508] 5 | 3 11 1 0 7 _ _ 9 2 8 5 10 
[00072509] 5 | 3 11 1 0 7 _ _ 9 2 8 10 5 
[00072510] 6 | 3 11 1 0 7 _ _ 9 4 10 _ _ 
[00072511] 5 | 3 11 1 0 7 2 _ 9 4 10 _ _ 
[00072512] 4 | 3 11 1 0 7 2 _ 9 4 10 5 _ 
[00072513] 3 | 3 11 1 0 7 2 _ 9 4 10 5 8 
[00072514] 5 | 3 11 1 0 7 _ 2 9 4 10 _ _ 
[00072515] 4 | 3 11 1 0 7 _ 2 9 4 10 5 _ 
[00072516] 3 | 3 11 1 0 7 _ 2 9 4 10 5 8 
[00072517] 6 | 3 11 1 0 7 _ _ 9 8 2 _ _ 
[00072518] 5 | 3 11 1 0 7 _ _ 9 8 2 4 _ 
[00072519] 5 | 3 11 1 0 7 _ _ 9 8 2 5 10 
[00072520] 5 | 3 11 1 0 7 _ _ 9 8 2 10 5 
[00072521] 6 | 3 11 1 0 7 _ _ 9 10 4 _ _ 
[00072522] 5 | 3 11 1 0 7 2 _ 9 10 4 _ _ 
[00072523] 4 | 3 11 1 0 7 2 _ 9 10 4 5 _ 
[00072524] 3 | 3 11 1 0 7 2 _ 9 10 4 5 8 
[00072525] 5 | 3 11 1 0 7 _ 2 9 10 4 _ _ 
[00072526] 4 | 3 11 1 0 7 _ 2 9 10 4 5 _ 
[00072527] 3 | 3 11 1 0 7 _ 2 9 10 4 5 8 
[00072528] 6 | 3 11 1 0 7 _ _ 9 _ _ 2 8 
[00072529] 5 | 3 11 1 0 7 _ _ 9 4 _ 2 8 
[00072530] 5 | 3 11 1 0 7 _ _ 9 5 10 2 8 
[00072531] 5 | 3 11 1 0 7 _ _ 9 10 5 2 8 
[00072532] 6 | 3 11 1 0 7 _ _ 9 _ _ 4 10 
[00072533] 5 | 3 11 1 0 7 2 _ 9 _ _ 4 10 
[00072534] 4 | 3 11 1 0 7 2 _ 9 5 _ 4 10 
[00072535] 3 | 3 11 1 0 7 2 _ 9 5 8 4 10 
[00072536] 5 | 3 11 1 0 7 _ 2 9 _ _ 4 10 
[00072537] 4 | 3 11 1 0 7 _ 2 9 5 _ 4 10 
[00072538] 3 | 3 11 1 0 7 _ 2 9 5 8 4 10 
[00072539] 6 | 3 11 1 0 7 _ _ 9 _ _ 8 2 
[00072540] 5 | 3 11 1 0 7 _ _ 9 4 _ 8 2 
[00072541] 5 | 3 11 1 0 7 _ _ 9 5 10 8 2 
[00072542] 5 | 3 11 1 0 7 _ _ 9 10 5 8 2 
[00072543] 6 | 3 11 1 0 7 _ _ 9 _ _ 10 4 
[00072544] 5 | 3 11 1 0 7 2 _ 9 _ _ 10 4 
[00072545] 4 | 3 11 1 0 7 2 _ 9 5 _ 10 4 
[00072546] 3 | 3 11 1 0 7 2 _ 9 5 8 10 4 
[00072547] 5 | 3 11 1 0 7 _ 2 9 _ _ 10 4 
[00072548] 4 | 3 11 1 0 7 _ 2 9 5 _ 10 4 
[00072549] 3 | 3 11 1 0 7 _ 2 9 5 8 10 4 
[00072550] 7 | 3 11 1 0 _ _ _ 9 2 _ _ _ 
[00072551] 6 | 3 11 1 0 6 _ _ 9 2 _ _ _ 
[00072552] 5 | 3 11 1 0 6 _ _ 9 2 7 _ _ 
[00072553] 4 | 3 11 1 0 6 10 _ 9 2 7 _ _ 
[00072554] 3 | 3 11 1 0 6 10 9 9 2 7 _ _ 
[00072555] 3 | 3 11 1 0 6 10 _ 9 2 7 6 _ 
[00072556] 2 | 3 11 1 0 6 10 4 9 2 7 6 _ 
[00072557] 2 | 3 11 1 0 6 10 8 9 2 7 6 _ 
[00072558] 2 | 3 11 1 0 6 10 _ 9 2 7 6 4 
[00072559] 2 | 3 11 1 0 6 10 _ 9 2 7 6 8 
[00072560] 3 | 3 11 1 0 6 10 _ 9 2 7 5 8 
[00072561] 2 | 3 11 1 0 6 10 4 9 2 7 5 8 
[00072562] 3 | 3 11 1 0 6 10 _ 9 2 7 8 5 
[00072563] 2 | 3 11 1 0 6 10 4 9 2 7 8 5 
[00072564] 1 | 3 11 1 0 6 10 4 9 2 7 8 5  *Graceful*
[00072564] 4 | 3 11 1 0 6 _ 10 9 2 7 _ _ 
[00072565] 3 | 3 11 1 0 6 9 10 9 2 7 _ _ 
[00072566] 3 | 3 11 1 0 6 _ 10 9 2 7 6 _ 
[00072567] 2 | 3 11 1 0 6 4 10 9 2 7 6 _ 
[00072568] 2 | 3 11 1 0 6 8 10 9 2 7 6 _ 
[00072569] 2 | 3 11 1 0 6 _ 10 9 2 7 6 4 
[00072570] 2 | 3 11 1 0 6 _ 10 9 2 7 6 8 
[00072571] 3 | 3 11 1 0 6 _ 10 9 2 7 5 8 
[00072572] 2 | 3 11 1 0 6 4 10 9 2 7 5 8 
[00072573] 3 | 3 11 1 0 6 _ 10 9 2 7 8 5 
[00072574] 2 | 3 11 1 0 6 4 10 9 2 7 8 5 
[00072575] 1 | 3 11 1 0 6 4 10 9 2 7 8 5  *Graceful*
[00072575] 4 | 3 11 1 0 6 _ _ 9 2 7 5 _ 
[00072576] 3 | 3 11 1 0 6 _ _ 9 2 7 5 8 
[00072577] 2 | 3 11 1 0 6 4 _ 9 2 7 5 8 
[00072578] 2 | 3 11 1 0 6 _ 4 9 2 7 5 8 
[00072579] 4 | 3 11 1 0 6 _ _ 9 2 7 4 8 
[00072580] 4 | 3 11 1 0 6 _ _ 9 2 7 8 4 
[00072581] 5 | 3 11 1 0 6 _ _ 9 2 _ 4 _ 
[00072582] 4 | 3 11 1 0 6 2 _ 9 2 _ 4 _ 
[00072583] 3 | 3 11 1 0 6 2 _ 9 2 _ 4 7 
[00072584] 2 | 3 11 1 0 6 2 8 9 2 _ 4 7 
[00072585] 4 | 3 11 1 0 6 10 _ 9 2 _ 4 _ 
[00072586] 3 | 3 11 1 0 6 10 _ 9 2 5 4 _ 
[00072587] 2 | 3 11 1 0 6 10 4 9 2 5 4 _ 
[00072588] 2 | 3 11 1 0 6 10 8 9 2 5 4 _ 
[00072589] 2 | 3 11 1 0 6 10 _ 9 2 5 4 6 
[00072590] 3 | 3 11 1 0 6 10 _ 9 2 _ 4 7 
[00072591] 2 | 3 11 1 0 6 10 8 9 2 _ 4 7 
[00072592] 4 | 3 11 1 0 6 _ 2 9 2 _ 4 _ 
[00072593] 3 | 3 11 1 0 6 _ 2 9 2 _ 4 7 
[00072594] 2 | 3 11 1 0 6 8 2 9 2 _ 4 7 
[00072595] 4 | 3 11 1 0 6 _ 10 9 2 _ 4 _ 
[00072596] 3 | 3 11 1 0 6 _ 10 9 2 5 4 _ 
[00072597] 2 | 3 11 1 0 6 4 10 9 2 5 4 _ 
[00072598] 2 | 3 11 1 0 6 8 10 9 2 5 4 _ 
[00072599] 2 | 3 11 1 0 6 _ 10 9 2 5 4 6 
[00072600] 3 | 3 11 1 0 6 _ 10 9 2 _ 4 7 
[00072601] 2 | 3 11 1 0 6 8 10 9 2 _ 4 7 
[00072602] 4 | 3 11 1 0 6 _ _ 9 2 6 4 _ 
[00072603] 3 | 3 11 1 0 6 _ _ 9 2 6 4 7 
[00072604] 4 | 3 11 1 0 6 _ _ 9 2 _ 4 8 
[00072605] 3 | 3 11 1 0 6 _ _ 9 2 5 4 8 
[00072606] 5 | 3 11 1 0 6 _ _ 9 2 _ 5 10 
[00072607] 4 | 3 11 1 0 6 2 _ 9 2 _ 5 10 
[00072608] 4 | 3 11 1 0 6 _ 2 9 2 _ 5 10 
[00072609] 4 | 3 11 1 0 6 _ _ 9 2 6 5 10 
[00072610] 5 | 3 11 1 0 6 _ _ 9 2 _ 10 5 
[00072611] 4 | 3 11 1 0 6 2 _ 9 2 _ 10 5 
[00072612] 4 | 3 11 1 0 6 _ 2 9 2 _ 10 5 
[00072613] 4 | 3 11 1 0 6 _ _ 9 2 6 10 5 
[00072614] 6 | 3 11 1 0 4 10 _ 9 2 _ _ _ 
[00072615] 5 | 3 11 1 0 4 10 9 9 2 _ _ _ 
[00072616] 4 | 3 11 1 0 4 10 9 9 2 6 _ _ 
[00072617] 3 | 3 11 1 0 4 10 9 9 2 6 5 8 
[00072618] 3 | 3 11 1 0 4 10 9 9 2 6 8 5 
[00072619] 5 | 3 11 1 0 4 10 _ 9 2 7 _ _ 
[00072620] 4 | 3 11 1 0 4 10 8 9 2 7 _ _ 
[00072621] 3 | 3 11 1 0 4 10 8 9 2 7 6 _ 
[00072622] 4 | 3 11 1 0 4 10 _ 9 2 7 5 _ 
[00072623] 3 | 3 11 1 0 4 10 _ 9 2 7 5 8 
[00072624] 2 | 3 11 1 0 4 10 6 9 2 7 5 8 
[00072625] 5 | 3 11 1 0 4 10 _ 9 2 _ 4 _ 
[00072626] 4 | 3 11 1 0 4 10 8 9 2 _ 4 _ 
[00072627] 3 | 3 11 1 0 4 10 8 9 2 5 4 _ 
[00072628] 4 | 3 11 1 0 4 10 _ 9 2 6 4 _ 
[00072629] 3 | 3 11 1 0 4 10 7 9 2 6 4 _ 
[00072630] 3 | 3 11 1 0 4 10 _ 9 2 6 4 7 
[00072631] 4 | 3 11 1 0 4 10 _ 9 2 _ 4 8 
[00072632] 3 | 3 11 1 0 4 10 _ 9 2 5 4 8 
[00072633] 6 | 3 11 1 0 10 4 _ 9 2 _ _ _ 
[00072634] 5 | 3 11 1 0 10 4 5 9 2 _ _ _ 
[00072635] 4 | 3 11 1 0 10 4 5 9 2 6 _ _ 
[00072636] 5 | 3 11 1 0 10 4 _ 9 2 7 _ _ 
[00072637] 4 | 3 11 1 0 10 4 6 9 2 7 _ _ 
[00072638] 3 | 3 11 1 0 10 4 6 9 2 7 5 8 
[00072639] 3 | 3 11 1 0 10 4 6 9 2 7 8 5 
[00072640] 4 | 3 11 1 0 10 4 _ 9 2 7 5 _ 
[00072641] 3 | 3 11 1 0 10 4 _ 9 2 7 5 8 
[00072642] 6 | 3 11 1 0 4 _ 10 9 2 _ _ _ 
[00072643] 5 | 3 11 1 0 4 9 10 9 2 _ _ _ 
[00072644] 4 | 3 11 1 0 4 9 10 9 2 6 _ _ 
[00072645] 3 | 3 11 1 0 4 9 10 9 2 6 5 8 
[00072646] 3 | 3 11 1 0 4 9 10 9 2 6 8 5 
[00072647] 5 | 3 11 1 0 4 _ 10 9 2 7 _ _ 
[00072648] 4 | 3 11 1 0 4 8 10 9 2 7 _ _ 
[00072649] 3 | 3 11 1 0 4 8 10 9 2 7 6 _ 
[00072650] 4 | 3 11 1 0 4 _ 10 9 2 7 5 _ 
[00072651] 3 | 3 11 1 0 4 _ 10 9 2 7 5 8 
[00072652] 2 | 3 11 1 0 4 6 10 9 2 7 5 8 
[00072653] 5 | 3 11 1 0 4 _ 10 9 2 _ 4 _ 
[00072654] 4 | 3 11 1 0 4 8 10 9 2 _ 4 _ 
[00072655] 3 | 3 11 1 0 4 8 10 9 2 5 4 _ 
[00072656] 4 | 3 11 1 0 4 _ 10 9 2 6 4 _ 
[00072657] 3 | 3 11 1 0 4 7 10 9 2 6 4 _ 
[00072658] 3 | 3 11 1 0 4 _ 10 9 2 6 4 7 
[00072659] 4 | 3 11 1 0 4 _ 10 9 2 _ 4 8 
[00072660] 3 | 3 11 1 0 4 _ 10 9 2 5 4 8 
[00072661] 6 | 3 11 1 0 10 _ 4 9 2 _ _ _ 
[00072662] 5 | 3 11 1 0 10 5 4 9 2 _ _ _ 
[00072663] 4 | 3 11 1 0 10 5 4 9 2 6 _ _ 
[00072664] 5 | 3 11 1 0 10 _ 4 9 2 7 _ _ 
[00072665] 4 | 3 11 1 0 10 6 4 9 2 7 _ _ 
[00072666] 3 | 3 11 1 0 10 6 4 9 2 7 5 8 
[00072667] 3 | 3 11 1 0 10 6 4 9 2 7 8 5 
[00072668] 4 | 3 11 1 0 10 _ 4 9 2 7 5 _ 
[00072669] 3 | 3 11 1 0 10 _ 4 9 2 7 5 8 
[00072670] 6 | 3 11 1 0 _ _ _ 9 2 8 _ _ 
[00072671] 5 | 3 11 1 0 5 _ _ 9 2 8 _ _ 
[00072672] 4 | 3 11 1 0 5 9 _ 9 2 8 _ _ 
[00072673] 3 | 3 11 1 0 5 9 _ 9 2 8 4 7 
[00072674] 3 | 3 11 1 0 5 9 _ 9 2 8 7 10 
[00072675] 3 | 3 11 1 0 5 9 _ 9 2 8 7 4 
[00072676] 3 | 3 11 1 0 5 9 _ 9 2 8 10 7 
[00072677] 4 | 3 11 1 0 5 _ 9 9 2 8 _ _ 
[00072678] 3 | 3 11 1 0 5 _ 9 9 2 8 4 7 
[00072679] 3 | 3 11 1 0 5 _ 9 9 2 8 7 10 
[00072680] 3 | 3 11 1 0 5 _ 9 9 2 8 7 4 
[00072681] 3 | 3 11 1 0 5 _ 9 9 2 8 10 7 
[00072682] 4 | 3 11 1 0 5 _ _ 9 2 8 5 _ 
[00072683] 4 | 3 11 1 0 5 _ _ 9 2 8 6 10 
[00072684] 4 | 3 11 1 0 5 _ _ 9 2 8 10 6 
[00072685] 5 | 3 11 1 0 5 10 _ 9 2 8 _ _ 
[00072686] 4 | 3 11 1 0 5 10 9 9 2 8 _ _ 
[00072687] 3 | 3 11 1 0 5 10 9 9 2 8 4 7 
[00072688] 3 | 3 11 1 0 5 10 9 9 2 8 7 4 
[00072689] 4 | 3 11 1 0 5 10 _ 9 2 8 5 _ 
[00072690] 5 | 3 11 1 0 10 5 _ 9 2 8 _ _ 
[00072691] 4 | 3 11 1 0 10 5 6 9 2 8 _ _ 
[00072692] 3 | 3 11 1 0 10 5 6 9 2 8 4 7 
[00072693] 3 | 3 11 1 0 10 5 6 9 2 8 7 4 
[00072694] 5 | 3 11 1 0 5 _ 10 9 2 8 _ _ 
[00072695] 4 | 3 11 1 0 5 9 10 9 2 8 _ _ 
[00072696] 3 | 3 11 1 0 5 9 10 9 2 8 4 7 
[00072697] 3 | 3 11 1 0 5 9 10 9 2 8 7 4 
[00072698] 4 | 3 11 1 0 5 _ 10 9 2 8 5 _ 
[00072699] 5 | 3 11 1 0 10 _ 5 9 2 8 _ _ 
[00072700] 4 | 3 11 1 0 10 6 5 9 2 8 _ _ 
[00072701] 3 | 3 11 1 0 10 6 5 9 2 8 4 7 
[00072702] 3 | 3 11 1 0 10 6 5 9 2 8 7 4 
[00072703] 5 | 3 11 1 0 _ _ _ 9 2 8 4 _ 
[00072704] 4 | 3 11 1 0 4 _ _ 9 2 8 4 _ 
[00072705] 3 | 3 11 1 0 4 7 _ 9 2 8 4 _ 
[00072706] 2 | 3 11 1 0 4 7 6 9 2 8 4 _ 
[00072707] 2 | 3 11 1 0 4 7 _ 9 2 8 4 6 
[00072708] 3 | 3 11 1 0 4 _ 7 9 2 8 4 _ 
[00072709] 2 | 3 11 1 0 4 6 7 9 2 8 4 _ 
[00072710] 2 | 3 11 1 0 4 _ 7 9 2 8 4 6 
[00072711] 3 | 3 11 1 0 4 _ _ 9 2 8 4 7 
[00072712] 4 | 3 11 1 0 6 10 _ 9 2 8 4 _ 
[00072713] 3 | 3 11 1 0 6 10 _ 9 2 8 4 7 
[00072714] 4 | 3 11 1 0 10 6 _ 9 2 8 4 _ 
[00072715] 3 | 3 11 1 0 10 6 7 9 2 8 4 _ 
[00072716] 3 | 3 11 1 0 10 6 _ 9 2 8 4 7 
[00072717] 4 | 3 11 1 0 6 _ 10 9 2 8 4 _ 
[00072718] 3 | 3 11 1 0 6 _ 10 9 2 8 4 7 
[00072719] 4 | 3 11 1 0 10 _ 6 9 2 8 4 _ 
[00072720] 3 | 3 11 1 0 10 7 6 9 2 8 4 _ 
[00072721] 3 | 3 11 1 0 10 _ 6 9 2 8 4 7 
[00072722] 4 | 3 11 1 0 _ _ _ 9 2 8 4 0 
[00072723] 3 | 3 11 1 0 7 10 _ 9 2 8 4 0 
[00072724] 2 | 3 11 1 0 7 10 5 9 2 8 4 0 
[00072725] 3 | 3 11 1 0 10 7 _ 9 2 8 4 0 
[00072726] 3 | 3 11 1 0 7 _ 10 9 2 8 4 0 
[00072727] 2 | 3 11 1 0 7 5 10 9 2 8 4 0 
[00072728] 3 | 3 11 1 0 10 _ 7 9 2 8 4 0 
[00072729] 5 | 3 11 1 0 _ _ _ 9 2 8 5 10 
[00072730] 4 | 3 11 1 0 4 _ _ 9 2 8 5 10 
[00072731] 3 | 3 11 1 0 4 7 _ 9 2 8 5 10 
[00072732] 2 | 3 11 1 0 4 7 6 9 2 8 5 10 
[00072733] 3 | 3 11 1 0 4 _ 7 9 2 8 5 10 
[00072734] 2 | 3 11 1 0 4 6 7 9 2 8 5 10 
[00072735] 5 | 3 11 1 0 _ _ _ 9 2 8 10 5 
[00072736] 4 | 3 11 1 0 4 _ _ 9 2 8 10 5 
[00072737] 3 | 3 11 1 0 4 7 _ 9 2 8 10 5 
[00072738] 2 | 3 11 1 0 4 7 6 9 2 8 10 5 
[00072739] 1 | 3 11 1 0 4 7 6 9 2 8 10 5  *Graceful*
[00072739] 3 | 3 11 1 0 4 _ 7 9 2 8 10 5 
[00072740] 2 | 3 11 1 0 4 6 7 9 2 8 10 5 
[00072741] 1 | 3 11 1 0 4 6 7 9 2 8 10 5  *Graceful*
[00072741] 6 | 3 11 1 0 _ _ _ 9 2 _ 4 10 
[00072742] 5 | 3 11 1 0 5 _ _ 9 2 _ 4 10 
[00072743] 4 | 3 11 1 0 5 _ _ 9 2 6 4 10 
[00072744] 3 | 3 11 1 0 5 8 _ 9 2 6 4 10 
[00072745] 2 | 3 11 1 0 5 8 7 9 2 6 4 10 
[00072746] 3 | 3 11 1 0 5 _ 8 9 2 6 4 10 
[00072747] 2 | 3 11 1 0 5 7 8 9 2 6 4 10 
[00072748] 5 | 3 11 1 0 _ _ _ 9 2 7 4 10 
[00072749] 6 | 3 11 1 0 _ _ _ 9 2 _ 10 4 
[00072750] 5 | 3 11 1 0 5 _ _ 9 2 _ 10 4 
[00072751] 4 | 3 11 1 0 5 _ _ 9 2 6 10 4 
[00072752] 3 | 3 11 1 0 5 8 _ 9 2 6 10 4 
[00072753] 2 | 3 11 1 0 5 8 7 9 2 6 10 4 
[00072754] 1 | 3 11 1 0 5 8 7 9 2 6 10 4  *Graceful*
[00072754] 3 | 3 11 1 0 5 _ 8 9 2 6 10 4 
[00072755] 2 | 3 11 1 0 5 7 8 9 2 6 10 4 
[00072756] 1 | 3 11 1 0 5 7 8 9 2 6 10 4  *Graceful*
[00072756] 5 | 3 11 1 0 _ _ _ 9 2 7 10 4 
[00072757] 7 | 3 11 1 0 _ _ _ 9 _ _ 2 _ 
[00072758] 6 | 3 11 1 0 6 _ _ 9 _ _ 2 _ 
[00072759] 5 | 3 11 1 0 6 _ _ 9 4 _ 2 _ 
[00072760] 4 | 3 11 1 0 6 2 _ 9 4 _ 2 _ 
[00072761] 3 | 3 11 1 0 6 2 _ 9 4 7 2 _ 
[00072762] 2 | 3 11 1 0 6 2 8 9 4 7 2 _ 
[00072763] 4 | 3 11 1 0 6 10 _ 9 4 _ 2 _ 
[00072764] 3 | 3 11 1 0 6 10 _ 9 4 7 2 _ 
[00072765] 2 | 3 11 1 0 6 10 8 9 4 7 2 _ 
[00072766] 3 | 3 11 1 0 6 10 _ 9 4 _ 2 5 
[00072767] 2 | 3 11 1 0 6 10 4 9 4 _ 2 5 
[00072768] 2 | 3 11 1 0 6 10 8 9 4 _ 2 5 
[00072769] 2 | 3 11 1 0 6 10 _ 9 4 6 2 5 
[00072770] 4 | 3 11 1 0 6 _ 2 9 4 _ 2 _ 
[00072771] 3 | 3 11 1 0 6 _ 2 9 4 7 2 _ 
[00072772] 2 | 3 11 1 0 6 8 2 9 4 7 2 _ 
[00072773] 4 | 3 11 1 0 6 _ 10 9 4 _ 2 _ 
[00072774] 3 | 3 11 1 0 6 _ 10 9 4 7 2 _ 
[00072775] 2 | 3 11 1 0 6 8 10 9 4 7 2 _ 
[00072776] 3 | 3 11 1 0 6 _ 10 9 4 _ 2 5 
[00072777] 2 | 3 11 1 0 6 4 10 9 4 _ 2 5 
[00072778] 2 | 3 11 1 0 6 8 10 9 4 _ 2 5 
[00072779] 2 | 3 11 1 0 6 _ 10 9 4 6 2 5 
[00072780] 4 | 3 11 1 0 6 _ _ 9 4 8 2 _ 
[00072781] 3 | 3 11 1 0 6 _ _ 9 4 8 2 5 
[00072782] 4 | 3 11 1 0 6 _ _ 9 4 _ 2 6 
[00072783] 3 | 3 11 1 0 6 _ _ 9 4 7 2 6 
[00072784] 5 | 3 11 1 0 6 _ _ 9 5 10 2 _ 
[00072785] 4 | 3 11 1 0 6 2 _ 9 5 10 2 _ 
[00072786] 4 | 3 11 1 0 6 _ 2 9 5 10 2 _ 
[00072787] 4 | 3 11 1 0 6 _ _ 9 5 10 2 6 
[00072788] 5 | 3 11 1 0 6 _ _ 9 10 5 2 _ 
[00072789] 4 | 3 11 1 0 6 2 _ 9 10 5 2 _ 
[00072790] 4 | 3 11 1 0 6 _ 2 9 10 5 2 _ 
[00072791] 4 | 3 11 1 0 6 _ _ 9 10 5 2 6 
[00072792] 5 | 3 11 1 0 6 _ _ 9 _ _ 2 7 
[00072793] 4 | 3 11 1 0 6 10 _ 9 _ _ 2 7 
[00072794] 3 | 3 11 1 0 6 10 9 9 _ _ 2 7 
[00072795] 3 | 3 11 1 0 6 10 _ 9 6 _ 2 7 
[00072796] 2 | 3 11 1 0 6 10 4 9 6 _ 2 7 
[00072797] 2 | 3 11 1 0 6 10 8 9 6 _ 2 7 
[00072798] 2 | 3 11 1 0 6 10 _ 9 6 4 2 7 
[00072799] 2 | 3 11 1 0 6 10 _ 9 6 8 2 7 
[00072800] 3 | 3 11 1 0 6 10 _ 9 5 8 2 7 
[00072801] 2 | 3 11 1 0 6 10 4 9 5 8 2 7 
[00072802] 3 | 3 11 1 0 6 10 _ 9 8 5 2 7 
[00072803] 2 | 3 11 1 0 6 10 4 9 8 5 2 7 
[00072804] 1 | 3 11 1 0 6 10 4 9 8 5 2 7  *Graceful*
[00072804] 4 | 3 11 1 0 6 _ 10 9 _ _ 2 7 
[00072805] 3 | 3 11 1 0 6 9 10 9 _ _ 2 7 
[00072806] 3 | 3 11 1 0 6 _ 10 9 6 _ 2 7 
[00072807] 2 | 3 11 1 0 6 4 10 9 6 _ 2 7 
[00072808] 2 | 3 11 1 0 6 8 10 9 6 _ 2 7 
[00072809] 2 | 3 11 1 0 6 _ 10 9 6 4 2 7 
[00072810] 2 | 3 11 1 0 6 _ 10 9 6 8 2 7 
[00072811] 3 | 3 11 1 0 6 _ 10 9 5 8 2 7 
[00072812] 2 | 3 11 1 0 6 4 10 9 5 8 2 7 
[00072813] 3 | 3 11 1 0 6 _ 10 9 8 5 2 7 
[00072814] 2 | 3 11 1 0 6 4 10 9 8 5 2 7 
[00072815] 1 | 3 11 1 0 6 4 10 9 8 5 2 7  *Graceful*
[00072815] 4 | 3 11 1 0 6 _ _ 9 5 _ 2 7 
[00072816] 3 | 3 11 1 0 6 _ _ 9 5 8 2 7 
[00072817] 2 | 3 11 1 0 6 4 _ 9 5 8 2 7 
[00072818] 2 | 3 11 1 0 6 _ 4 9 5 8 2 7 
[00072819] 4 | 3 11 1 0 6 _ _ 9 4 8 2 7 
[00072820] 4 | 3 11 1 0 6 _ _ 9 8 4 2 7 
[00072821] 6 | 3 11 1 0 4 10 _ 9 _ _ 2 _ 
[00072822] 5 | 3 11 1 0 4 10 9 9 _ _ 2 _ 
[00072823] 4 | 3 11 1 0 4 10 9 9 _ _ 2 6 
[00072824] 3 | 3 11 1 0 4 10 9 9 5 8 2 6 
