[00250470] 6 | _ 9 2 0 2 10 _ 11 1 _ 5 _ 
[00250471] 5 | 4 9 2 0 2 10 _ 11 1 _ 5 _ 
[00250472] 4 | 4 9 2 0 2 10 _ 11 1 5 5 _ 
[00250473] 4 | 4 9 2 0 2 10 _ 11 1 _ 5 1 
[00250474] 5 | _ 9 2 0 2 10 _ 11 1 6 5 _ 
[00250475] 4 | 5 9 2 0 2 10 _ 11 1 6 5 _ 
[00250476] 4 | _ 9 2 0 2 10 _ 11 1 6 5 9 
[00250477] 7 | _ 9 _ 0 2 10 9 11 1 _ _ _ 
[00250478] 6 | _ 9 _ 0 2 10 9 11 1 7 _ _ 
[00250479] 5 | _ 9 _ 0 2 10 9 11 1 7 6 _ 
[00250480] 5 | _ 9 _ 0 2 10 9 11 1 7 3 8 
[00250481] 5 | _ 9 _ 0 2 10 9 11 1 7 8 3 
[00250482] 6 | _ 9 _ 0 2 10 9 11 1 _ 5 _ 
[00250483] 5 | _ 9 _ 0 2 10 9 11 1 6 5 _ 
[00250484] 7 | _ 9 _ 0 2 10 _ 11 1 8 _ _ 
[00250485] 6 | 3 9 _ 0 2 10 _ 11 1 8 _ _ 
[00250486] 5 | 3 9 4 0 2 10 _ 11 1 8 _ _ 
[00250487] 4 | 3 9 4 0 2 10 6 11 1 8 _ _ 
[00250488] 4 | 3 9 4 0 2 10 _ 11 1 8 7 _ 
[00250489] 3 | 3 9 4 0 2 10 5 11 1 8 7 _ 
[00250490] 5 | 3 9 _ 0 2 10 7 11 1 8 _ _ 
[00250491] 4 | 3 9 5 0 2 10 7 11 1 8 _ _ 
[00250492] 5 | 3 9 _ 0 2 10 _ 11 1 8 6 _ 
[00250493] 4 | 3 9 5 0 2 10 _ 11 1 8 6 _ 
[00250494] 4 | 3 9 _ 0 2 10 6 11 1 8 6 _ 
[00250495] 4 | 3 9 _ 0 2 10 _ 11 1 8 6 2 
[00250496] 6 | _ 9 3 0 2 10 _ 11 1 8 _ _ 
[00250497] 5 | 4 9 3 0 2 10 _ 11 1 8 _ _ 
[00250498] 4 | 4 9 3 0 2 10 6 11 1 8 _ _ 
[00250499] 4 | 4 9 3 0 2 10 _ 11 1 8 7 _ 
[00250500] 3 | 4 9 3 0 2 10 5 11 1 8 7 _ 
[00250501] 5 | _ 9 3 0 2 10 7 11 1 8 _ _ 
[00250502] 4 | 5 9 3 0 2 10 7 11 1 8 _ _ 
[00250503] 5 | _ 9 3 0 2 10 _ 11 1 8 6 _ 
[00250504] 4 | 5 9 3 0 2 10 _ 11 1 8 6 _ 
[00250505] 4 | _ 9 3 0 2 10 6 11 1 8 6 _ 
[00250506] 4 | _ 9 3 0 2 10 _ 11 1 8 6 2 
[00250507] 6 | _ 9 _ 0 2 10 _ 11 1 8 5 _ 
[00250508] 5 | 4 9 _ 0 2 10 _ 11 1 8 5 _ 
[00250509] 4 | 4 9 5 0 2 10 _ 11 1 8 5 _ 
[00250510] 4 | 4 9 _ 0 2 10 6 11 1 8 5 _ 
[00250511] 4 | 4 9 _ 0 2 10 _ 11 1 8 5 9 
[00250512] 5 | _ 9 4 0 2 10 _ 11 1 8 5 _ 
[00250513] 4 | 5 9 4 0 2 10 _ 11 1 8 5 _ 
[00250514] 4 | _ 9 4 0 2 10 6 11 1 8 5 _ 
[00250515] 4 | _ 9 4 0 2 10 _ 11 1 8 5 9 
[00250516] 5 | _ 9 _ 0 2 10 7 11 1 8 5 _ 
[00250517] 4 | 5 9 _ 0 2 10 7 11 1 8 5 _ 
[00250518] 3 | 5 9 6 0 2 10 7 11 1 8 5 _ 
[00250519] 4 | _ 9 5 0 2 10 7 11 1 8 5 _ 
[00250520] 3 | 6 9 5 0 2 10 7 11 1 8 5 _ 
[00250521] 4 | _ 9 _ 0 2 10 7 11 1 8 5 9 
[00250522] 7 | _ 9 _ 0 2 10 _ 11 1 _ 4 _ 
[00250523] 6 | 3 9 _ 0 2 10 _ 11 1 _ 4 _ 
[00250524] 5 | 3 9 4 0 2 10 _ 11 1 _ 4 _ 
[00250525] 4 | 3 9 4 0 2 10 6 11 1 _ 4 _ 
[00250526] 4 | 3 9 4 0 2 10 _ 11 1 5 4 _ 
[00250527] 5 | 3 9 _ 0 2 10 7 11 1 _ 4 _ 
[00250528] 4 | 3 9 5 0 2 10 7 11 1 _ 4 _ 
[00250529] 3 | 3 9 5 0 2 10 7 11 1 4 4 _ 
[00250530] 3 | 3 9 5 0 2 10 7 11 1 _ 4 1 
[00250531] 4 | 3 9 _ 0 2 10 7 11 1 5 4 _ 
[00250532] 3 | 3 9 6 0 2 10 7 11 1 5 4 _ 
[00250533] 4 | 3 9 _ 0 2 10 7 11 1 _ 4 8 
[00250534] 3 | 3 9 6 0 2 10 7 11 1 _ 4 8 
[00250535] 5 | 3 9 _ 0 2 10 _ 11 1 6 4 _ 
[00250536] 4 | 3 9 5 0 2 10 _ 11 1 6 4 _ 
[00250537] 3 | 3 9 5 0 2 10 _ 11 1 6 4 7 
[00250538] 4 | 3 9 _ 0 2 10 _ 11 1 6 4 8 
[00250539] 3 | 3 9 _ 0 2 10 5 11 1 6 4 8 
[00250540] 2 | 3 9 7 0 2 10 5 11 1 6 4 8 
[00250541] 5 | 3 9 _ 0 2 10 _ 11 1 _ 4 9 
[00250542] 4 | 3 9 _ 0 2 10 6 11 1 _ 4 9 
[00250543] 4 | 3 9 _ 0 2 10 _ 11 1 5 4 9 
[00250544] 6 | _ 9 3 0 2 10 _ 11 1 _ 4 _ 
[00250545] 5 | 4 9 3 0 2 10 _ 11 1 _ 4 _ 
[00250546] 4 | 4 9 3 0 2 10 6 11 1 _ 4 _ 
[00250547] 4 | 4 9 3 0 2 10 _ 11 1 5 4 _ 
[00250548] 5 | _ 9 3 0 2 10 7 11 1 _ 4 _ 
[00250549] 4 | 5 9 3 0 2 10 7 11 1 _ 4 _ 
[00250550] 3 | 5 9 3 0 2 10 7 11 1 4 4 _ 
[00250551] 3 | 5 9 3 0 2 10 7 11 1 _ 4 1 
[00250552] 4 | _ 9 3 0 2 10 7 11 1 5 4 _ 
[00250553] 3 | 6 9 3 0 2 10 7 11 1 5 4 _ 
[00250554] 4 | _ 9 3 0 2 10 7 11 1 _ 4 8 
[00250555] 3 | 6 9 3 0 2 10 7 11 1 _ 4 8 
[00250556] 5 | _ 9 3 0 2 10 _ 11 1 6 4 _ 
[00250557] 4 | 5 9 3 0 2 10 _ 11 1 6 4 _ 
[00250558] 3 | 5 9 3 0 2 10 _ 11 1 6 4 7 
[00250559] 4 | _ 9 3 0 2 10 _ 11 1 6 4 8 
[00250560] 3 | _ 9 3 0 2 10 5 11 1 6 4 8 
[00250561] 2 | 7 9 3 0 2 10 5 11 1 6 4 8 
[00250562] 5 | _ 9 3 0 2 10 _ 11 1 _ 4 9 
[00250563] 4 | _ 9 3 0 2 10 6 11 1 _ 4 9 
[00250564] 4 | _ 9 3 0 2 10 _ 11 1 5 4 9 
[00250565] 6 | _ 9 _ 0 2 10 8 11 1 _ 4 _ 
[00250566] 5 | 4 9 _ 0 2 10 8 11 1 _ 4 _ 
[00250567] 4 | 4 9 5 0 2 10 8 11 1 _ 4 _ 
[00250568] 4 | 4 9 _ 0 2 10 8 11 1 5 4 _ 
[00250569] 3 | 4 9 6 0 2 10 8 11 1 5 4 _ 
[00250570] 5 | _ 9 4 0 2 10 8 11 1 _ 4 _ 
[00250571] 4 | 5 9 4 0 2 10 8 11 1 _ 4 _ 
[00250572] 4 | _ 9 4 0 2 10 8 11 1 5 4 _ 
[00250573] 3 | 6 9 4 0 2 10 8 11 1 5 4 _ 
[00250574] 5 | _ 9 _ 0 2 10 8 11 1 6 4 _ 
[00250575] 4 | 5 9 _ 0 2 10 8 11 1 6 4 _ 
[00250576] 3 | 5 9 _ 0 2 10 8 11 1 6 4 7 
[00250577] 4 | _ 9 5 0 2 10 8 11 1 6 4 _ 
[00250578] 3 | _ 9 5 0 2 10 8 11 1 6 4 7 
[00250579] 5 | _ 9 _ 0 2 10 8 11 1 _ 4 9 
[00250580] 4 | _ 9 _ 0 2 10 8 11 1 5 4 9 
[00250581] 6 | _ 9 _ 0 2 10 _ 11 1 7 4 _ 
[00250582] 5 | 4 9 _ 0 2 10 _ 11 1 7 4 _ 
[00250583] 4 | 4 9 5 0 2 10 _ 11 1 7 4 _ 
[00250584] 4 | 4 9 _ 0 2 10 6 11 1 7 4 _ 
[00250585] 5 | _ 9 4 0 2 10 _ 11 1 7 4 _ 
[00250586] 4 | 5 9 4 0 2 10 _ 11 1 7 4 _ 
[00250587] 4 | _ 9 4 0 2 10 6 11 1 7 4 _ 
[00250588] 5 | _ 9 _ 0 2 10 _ 11 1 7 4 9 
[00250589] 4 | _ 9 _ 0 2 10 6 11 1 7 4 9 
[00250590] 8 | _ 9 _ 0 10 2 _ 11 1 _ _ _ 
[00250591] 7 | _ 9 _ 0 10 2 3 11 1 _ _ _ 
[00250592] 6 | _ 9 _ 0 10 2 3 11 1 7 _ _ 
[00250593] 5 | 4 9 _ 0 10 2 3 11 1 7 _ _ 
[00250594] 4 | 4 9 5 0 10 2 3 11 1 7 _ _ 
[00250595] 3 | 4 9 5 0 10 2 3 11 1 7 8 _ 
[00250596] 2 | 4 9 5 0 10 2 3 11 1 7 8 6 
[00250597] 5 | _ 9 4 0 10 2 3 11 1 7 _ _ 
[00250598] 4 | 5 9 4 0 10 2 3 11 1 7 _ _ 
[00250599] 3 | 5 9 4 0 10 2 3 11 1 7 8 _ 
[00250600] 2 | 5 9 4 0 10 2 3 11 1 7 8 6 
[00250601] 5 | _ 9 _ 0 10 2 3 11 1 7 6 _ 
[00250602] 4 | 5 9 _ 0 10 2 3 11 1 7 6 _ 
[00250603] 3 | 5 9 6 0 10 2 3 11 1 7 6 _ 
[00250604] 3 | 5 9 _ 0 10 2 3 11 1 7 6 9 
[00250605] 4 | _ 9 5 0 10 2 3 11 1 7 6 _ 
[00250606] 3 | 6 9 5 0 10 2 3 11 1 7 6 _ 
[00250607] 3 | _ 9 5 0 10 2 3 11 1 7 6 9 
[00250608] 6 | _ 9 _ 0 10 2 3 11 1 _ 5 _ 
[00250609] 5 | 4 9 _ 0 10 2 3 11 1 _ 5 _ 
[00250610] 4 | 4 9 5 0 10 2 3 11 1 _ 5 _ 
[00250611] 4 | 4 9 _ 0 10 2 3 11 1 5 5 _ 
[00250612] 3 | 4 9 6 0 10 2 3 11 1 5 5 _ 
[00250613] 4 | 4 9 _ 0 10 2 3 11 1 _ 5 1 
[00250614] 3 | 4 9 6 0 10 2 3 11 1 _ 5 1 
[00250615] 4 | 4 9 _ 0 10 2 3 11 1 _ 5 9 
[00250616] 5 | _ 9 4 0 10 2 3 11 1 _ 5 _ 
[00250617] 4 | 5 9 4 0 10 2 3 11 1 _ 5 _ 
[00250618] 4 | _ 9 4 0 10 2 3 11 1 5 5 _ 
[00250619] 3 | 6 9 4 0 10 2 3 11 1 5 5 _ 
[00250620] 4 | _ 9 4 0 10 2 3 11 1 _ 5 1 
[00250621] 3 | 6 9 4 0 10 2 3 11 1 _ 5 1 
[00250622] 4 | _ 9 4 0 10 2 3 11 1 _ 5 9 
[00250623] 5 | _ 9 _ 0 10 2 3 11 1 6 5 _ 
[00250624] 4 | 5 9 _ 0 10 2 3 11 1 6 5 _ 
[00250625] 4 | _ 9 5 0 10 2 3 11 1 6 5 _ 
[00250626] 4 | _ 9 _ 0 10 2 3 11 1 6 5 9 
[00250627] 7 | _ 9 _ 0 10 2 _ 11 1 8 _ _ 
[00250628] 6 | 3 9 _ 0 10 2 _ 11 1 8 _ _ 
[00250629] 5 | 3 9 4 0 10 2 _ 11 1 8 _ _ 
[00250630] 4 | 3 9 4 0 10 2 6 11 1 8 _ _ 
[00250631] 4 | 3 9 4 0 10 2 _ 11 1 8 7 _ 
[00250632] 3 | 3 9 4 0 10 2 7 11 1 8 7 _ 
[00250633] 3 | 3 9 4 0 10 2 _ 11 1 8 7 10 
[00250634] 5 | 3 9 _ 0 10 2 5 11 1 8 _ _ 
[00250635] 4 | 3 9 _ 0 10 2 5 11 1 8 7 _ 
[00250636] 3 | 3 9 6 0 10 2 5 11 1 8 7 _ 
[00250637] 3 | 3 9 _ 0 10 2 5 11 1 8 7 4 
[00250638] 5 | 3 9 _ 0 10 2 _ 11 1 8 6 _ 
[00250639] 4 | 3 9 5 0 10 2 _ 11 1 8 6 _ 
[00250640] 3 | 3 9 5 0 10 2 7 11 1 8 6 _ 
[00250641] 2 | 3 9 5 0 10 2 7 11 1 8 6 4 
[00250642] 4 | 3 9 _ 0 10 2 6 11 1 8 6 _ 
[00250643] 4 | 3 9 _ 0 10 2 _ 11 1 8 6 10 
[00250644] 6 | _ 9 3 0 10 2 _ 11 1 8 _ _ 
[00250645] 5 | 4 9 3 0 10 2 _ 11 1 8 _ _ 
[00250646] 4 | 4 9 3 0 10 2 6 11 1 8 _ _ 
[00250647] 4 | 4 9 3 0 10 2 _ 11 1 8 7 _ 
[00250648] 3 | 4 9 3 0 10 2 7 11 1 8 7 _ 
[00250649] 3 | 4 9 3 0 10 2 _ 11 1 8 7 10 
[00250650] 5 | _ 9 3 0 10 2 5 11 1 8 _ _ 
[00250651] 4 | _ 9 3 0 10 2 5 11 1 8 7 _ 
[00250652] 3 | 6 9 3 0 10 2 5 11 1 8 7 _ 
[00250653] 3 | _ 9 3 0 10 2 5 11 1 8 7 4 
[00250654] 5 | _ 9 3 0 10 2 _ 11 1 8 6 _ 
[00250655] 4 | 5 9 3 0 10 2 _ 11 1 8 6 _ 
[00250656] 3 | 5 9 3 0 10 2 7 11 1 8 6 _ 
[00250657] 2 | 5 9 3 0 10 2 7 11 1 8 6 4 
[00250658] 4 | _ 9 3 0 10 2 6 11 1 8 6 _ 
[00250659] 4 | _ 9 3 0 10 2 _ 11 1 8 6 10 
[00250660] 6 | _ 9 _ 0 10 2 4 11 1 8 _ _ 
[00250661] 5 | _ 9 _ 0 10 2 4 11 1 8 6 _ 
[00250662] 4 | 5 9 _ 0 10 2 4 11 1 8 6 _ 
[00250663] 3 | 5 9 6 0 10 2 4 11 1 8 6 _ 
[00250664] 3 | 5 9 _ 0 10 2 4 11 1 8 6 3 
[00250665] 2 | 5 9 7 0 10 2 4 11 1 8 6 3 
[00250666] 3 | 5 9 _ 0 10 2 4 11 1 8 6 9 
[00250667] 4 | _ 9 5 0 10 2 4 11 1 8 6 _ 
[00250668] 3 | 6 9 5 0 10 2 4 11 1 8 6 _ 
[00250669] 3 | _ 9 5 0 10 2 4 11 1 8 6 3 
[00250670] 2 | 7 9 5 0 10 2 4 11 1 8 6 3 
[00250671] 3 | _ 9 5 0 10 2 4 11 1 8 6 9 
[00250672] 6 | _ 9 _ 0 10 2 _ 11 1 8 5 _ 
[00250673] 5 | 4 9 _ 0 10 2 _ 11 1 8 5 _ 
[00250674] 4 | 4 9 5 0 10 2 _ 11 1 8 5 _ 
[00250675] 3 | 4 9 5 0 10 2 7 11 1 8 5 _ 
[00250676] 4 | 4 9 _ 0 10 2 6 11 1 8 5 _ 
[00250677] 4 | 4 9 _ 0 10 2 _ 11 1 8 5 9 
[00250678] 3 | 4 9 _ 0 10 2 7 11 1 8 5 9 
[00250679] 5 | _ 9 4 0 10 2 _ 11 1 8 5 _ 
[00250680] 4 | 5 9 4 0 10 2 _ 11 1 8 5 _ 
[00250681] 3 | 5 9 4 0 10 2 7 11 1 8 5 _ 
[00250682] 4 | _ 9 4 0 10 2 6 11 1 8 5 _ 
[00250683] 4 | _ 9 4 0 10 2 _ 11 1 8 5 9 
[00250684] 3 | _ 9 4 0 10 2 7 11 1 8 5 9 
[00250685] 5 | _ 9 _ 0 10 2 5 11 1 8 5 _ 
[00250686] 5 | _ 9 _ 0 10 2 _ 11 1 8 5 10 
[00250687] 7 | _ 9 _ 0 10 2 _ 11 1 _ 4 _ 
[00250688] 6 | 3 9 _ 0 10 2 _ 11 1 _ 4 _ 
[00250689] 5 | 3 9 4 0 10 2 _ 11 1 _ 4 _ 
[00250690] 4 | 3 9 4 0 10 2 6 11 1 _ 4 _ 
[00250691] 4 | 3 9 4 0 10 2 _ 11 1 5 4 _ 
[00250692] 3 | 3 9 4 0 10 2 7 11 1 5 4 _ 
[00250693] 5 | 3 9 _ 0 10 2 5 11 1 _ 4 _ 
[00250694] 4 | 3 9 _ 0 10 2 5 11 1 _ 4 8 
[00250695] 3 | 3 9 6 0 10 2 5 11 1 _ 4 8 
[00250696] 5 | 3 9 _ 0 10 2 _ 11 1 6 4 _ 
[00250697] 4 | 3 9 5 0 10 2 _ 11 1 6 4 _ 
[00250698] 3 | 3 9 5 0 10 2 7 11 1 6 4 _ 
[00250699] 3 | 3 9 5 0 10 2 _ 11 1 6 4 7 
[00250700] 2 | 3 9 5 0 10 2 8 11 1 6 4 7 
[00250701] 4 | 3 9 _ 0 10 2 _ 11 1 6 4 8 
[00250702] 3 | 3 9 _ 0 10 2 7 11 1 6 4 8 
[00250703] 5 | 3 9 _ 0 10 2 _ 11 1 _ 4 9 
[00250704] 4 | 3 9 _ 0 10 2 6 11 1 _ 4 9 
[00250705] 4 | 3 9 _ 0 10 2 _ 11 1 5 4 9 
[00250706] 3 | 3 9 _ 0 10 2 7 11 1 5 4 9 
[00250707] 6 | _ 9 3 0 10 2 _ 11 1 _ 4 _ 
[00250708] 5 | 4 9 3 0 10 2 _ 11 1 _ 4 _ 
[00250709] 4 | 4 9 3 0 10 2 6 11 1 _ 4 _ 
[00250710] 4 | 4 9 3 0 10 2 _ 11 1 5 4 _ 
[00250711] 3 | 4 9 3 0 10 2 7 11 1 5 4 _ 
[00250712] 5 | _ 9 3 0 10 2 5 11 1 _ 4 _ 
[00250713] 4 | _ 9 3 0 10 2 5 11 1 _ 4 8 
[00250714] 3 | 6 9 3 0 10 2 5 11 1 _ 4 8 
[00250715] 5 | _ 9 3 0 10 2 _ 11 1 6 4 _ 
[00250716] 4 | 5 9 3 0 10 2 _ 11 1 6 4 _ 
[00250717] 3 | 5 9 3 0 10 2 7 11 1 6 4 _ 
[00250718] 3 | 5 9 3 0 10 2 _ 11 1 6 4 7 
[00250719] 2 | 5 9 3 0 10 2 8 11 1 6 4 7 
[00250720] 4 | _ 9 3 0 10 2 _ 11 1 6 4 8 
[00250721] 3 | _ 9 3 0 10 2 7 11 1 6 4 8 
[00250722] 5 | _ 9 3 0 10 2 _ 11 1 _ 4 9 
[00250723] 4 | _ 9 3 0 10 2 6 11 1 _ 4 9 
[00250724] 4 | _ 9 3 0 10 2 _ 11 1 5 4 9 
[00250725] 3 | _ 9 3 0 10 2 7 11 1 5 4 9 
[00250726] 6 | _ 9 _ 0 10 2 4 11 1 _ 4 _ 
[00250727] 5 | _ 9 _ 0 10 2 4 11 1 6 4 _ 
[00250728] 4 | 5 9 _ 0 10 2 4 11 1 6 4 _ 
[00250729] 4 | _ 9 5 0 10 2 4 11 1 6 4 _ 
[00250730] 6 | _ 9 _ 0 10 2 _ 11 1 7 4 _ 
[00250731] 5 | 4 9 _ 0 10 2 _ 11 1 7 4 _ 
[00250732] 4 | 4 9 5 0 10 2 _ 11 1 7 4 _ 
[00250733] 4 | 4 9 _ 0 10 2 6 11 1 7 4 _ 
[00250734] 5 | _ 9 4 0 10 2 _ 11 1 7 4 _ 
[00250735] 4 | 5 9 4 0 10 2 _ 11 1 7 4 _ 
[00250736] 4 | _ 9 4 0 10 2 6 11 1 7 4 _ 
[00250737] 5 | _ 9 _ 0 10 2 5 11 1 7 4 _ 
[00250738] 4 | _ 9 _ 0 10 2 5 11 1 7 4 8 
[00250739] 3 | 6 9 _ 0 10 2 5 11 1 7 4 8 
[00250740] 3 | _ 9 6 0 10 2 5 11 1 7 4 8 
[00250741] 5 | _ 9 _ 0 10 2 _ 11 1 7 4 9 
[00250742] 4 | _ 9 _ 0 10 2 6 11 1 7 4 9 
[00250743] 6 | _ 9 _ 0 10 2 _ 11 1 _ 4 10 
[00250744] 5 | _ 9 _ 0 10 2 _ 11 1 6 4 10 
[00250745] 4 | 5 9 _ 0 10 2 _ 11 1 6 4 10 
[00250746] 4 | _ 9 5 0 10 2 _ 11 1 6 4 10 
[00250747] 8 | _ 9 _ 0 2 _ 10 11 1 _ _ _ 
[00250748] 7 | 2 9 _ 0 2 _ 10 11 1 _ _ _ 
[00250749] 6 | 2 9 3 0 2 _ 10 11 1 _ _ _ 
[00250750] 5 | 2 9 3 0 2 _ 10 11 1 6 _ _ 
[00250751] 4 | 2 9 3 0 2 _ 10 11 1 6 7 _ 
[00250752] 3 | 2 9 3 0 2 _ 10 11 1 6 7 4 
[00250753] 4 | 2 9 3 0 2 _ 10 11 1 6 4 8 
[00250754] 4 | 2 9 3 0 2 _ 10 11 1 6 8 4 
[00250755] 5 | 2 9 3 0 2 _ 10 11 1 _ 6 _ 
[00250756] 4 | 2 9 3 0 2 _ 10 11 1 5 6 _ 
[00250757] 6 | 2 9 _ 0 2 _ 10 11 1 7 _ _ 
[00250758] 5 | 2 9 4 0 2 _ 10 11 1 7 _ _ 
[00250759] 5 | 2 9 _ 0 2 _ 10 11 1 7 6 _ 
[00250760] 4 | 2 9 5 0 2 _ 10 11 1 7 6 _ 
[00250761] 3 | 2 9 5 0 2 _ 10 11 1 7 6 3 
[00250762] 5 | 2 9 _ 0 2 _ 10 11 1 7 3 8 
[00250763] 4 | 2 9 5 0 2 _ 10 11 1 7 3 8 
[00250764] 5 | 2 9 _ 0 2 _ 10 11 1 7 8 3 
[00250765] 4 | 2 9 5 0 2 _ 10 11 1 7 8 3 
[00250766] 6 | 2 9 _ 0 2 _ 10 11 1 _ 5 _ 
[00250767] 5 | 2 9 4 0 2 _ 10 11 1 _ 5 _ 
[00250768] 4 | 2 9 4 0 2 _ 10 11 1 5 5 _ 
[00250769] 4 | 2 9 4 0 2 _ 10 11 1 _ 5 1 
[00250770] 5 | 2 9 _ 0 2 _ 10 11 1 6 5 _ 
[00250771] 4 | 2 9 5 0 2 _ 10 11 1 6 5 _ 
[00250772] 4 | 2 9 _ 0 2 _ 10 11 1 6 5 9 
[00250773] 7 | _ 9 2 0 2 _ 10 11 1 _ _ _ 
[00250774] 6 | 3 9 2 0 2 _ 10 11 1 _ _ _ 
[00250775] 5 | 3 9 2 0 2 _ 10 11 1 6 _ _ 
[00250776] 4 | 3 9 2 0 2 _ 10 11 1 6 7 _ 
[00250777] 3 | 3 9 2 0 2 _ 10 11 1 6 7 4 
[00250778] 4 | 3 9 2 0 2 _ 10 11 1 6 4 8 
[00250779] 4 | 3 9 2 0 2 _ 10 11 1 6 8 4 
[00250780] 5 | 3 9 2 0 2 _ 10 11 1 _ 6 _ 
[00250781] 4 | 3 9 2 0 2 _ 10 11 1 5 6 _ 
[00250782] 6 | _ 9 2 0 2 _ 10 11 1 7 _ _ 
[00250783] 5 | 4 9 2 0 2 _ 10 11 1 7 _ _ 
[00250784] 5 | _ 9 2 0 2 _ 10 11 1 7 6 _ 
[00250785] 4 | 5 9 2 0 2 _ 10 11 1 7 6 _ 
[00250786] 3 | 5 9 2 0 2 _ 10 11 1 7 6 3 
[00250787] 5 | _ 9 2 0 2 _ 10 11 1 7 3 8 
[00250788] 4 | 5 9 2 0 2 _ 10 11 1 7 3 8 
[00250789] 5 | _ 9 2 0 2 _ 10 11 1 7 8 3 
[00250790] 4 | 5 9 2 0 2 _ 10 11 1 7 8 3 
[00250791] 6 | _ 9 2 0 2 _ 10 11 1 _ 5 _ 
[00250792] 5 | 4 9 2 0 2 _ 10 11 1 _ 5 _ 
[00250793] 4 | 4 9 2 0 2 _ 10 11 1 5 5 _ 
[00250794] 4 | 4 9 2 0 2 _ 10 11 1 _ 5 1 
[00250795] 5 | _ 9 2 0 2 _ 10 11 1 6 5 _ 
[00250796] 4 | 5 9 2 0 2 _ 10 11 1 6 5 _ 
[00250797] 4 | _ 9 2 0 2 _ 10 11 1 6 5 9 
[00250798] 7 | _ 9 _ 0 2 9 10 11 1 _ _ _ 
[00250799] 6 | _ 9 _ 0 2 9 10 11 1 7 _ _ 
[00250800] 5 | _ 9 _ 0 2 9 10 11 1 7 6 _ 
[00250801] 5 | _ 9 _ 0 2 9 10 11 1 7 3 8 
[00250802] 5 | _ 9 _ 0 2 9 10 11 1 7 8 3 
[00250803] 6 | _ 9 _ 0 2 9 10 11 1 _ 5 _ 
[00250804] 5 | _ 9 _ 0 2 9 10 11 1 6 5 _ 
[00250805] 7 | _ 9 _ 0 2 _ 10 11 1 8 _ _ 
[00250806] 6 | 3 9 _ 0 2 _ 10 11 1 8 _ _ 
[00250807] 5 | 3 9 4 0 2 _ 10 11 1 8 _ _ 
[00250808] 4 | 3 9 4 0 2 6 10 11 1 8 _ _ 
[00250809] 4 | 3 9 4 0 2 _ 10 11 1 8 7 _ 
[00250810] 3 | 3 9 4 0 2 5 10 11 1 8 7 _ 
[00250811] 5 | 3 9 _ 0 2 7 10 11 1 8 _ _ 
[00250812] 4 | 3 9 5 0 2 7 10 11 1 8 _ _ 
[00250813] 5 | 3 9 _ 0 2 _ 10 11 1 8 6 _ 
[00250814] 4 | 3 9 5 0 2 _ 10 11 1 8 6 _ 
[00250815] 4 | 3 9 _ 0 2 6 10 11 1 8 6 _ 
[00250816] 4 | 3 9 _ 0 2 _ 10 11 1 8 6 2 
[00250817] 6 | _ 9 3 0 2 _ 10 11 1 8 _ _ 
[00250818] 5 | 4 9 3 0 2 _ 10 11 1 8 _ _ 
[00250819] 4 | 4 9 3 0 2 6 10 11 1 8 _ _ 
[00250820] 4 | 4 9 3 0 2 _ 10 11 1 8 7 _ 
[00250821] 3 | 4 9 3 0 2 5 10 11 1 8 7 _ 
[00250822] 5 | _ 9 3 0 2 7 10 11 1 8 _ _ 
[00250823] 4 | 5 9 3 0 2 7 10 11 1 8 _ _ 
[00250824] 5 | _ 9 3 0 2 _ 10 11 1 8 6 _ 
[00250825] 4 | 5 9 3 0 2 _ 10 11 1 8 6 _ 
[00250826] 4 | _ 9 3 0 2 6 10 11 1 8 6 _ 
[00250827] 4 | _ 9 3 0 2 _ 10 11 1 8 6 2 
[00250828] 6 | _ 9 _ 0 2 _ 10 11 1 8 5 _ 
[00250829] 5 | 4 9 _ 0 2 _ 10 11 1 8 5 _ 
[00250830] 4 | 4 9 5 0 2 _ 10 11 1 8 5 _ 
[00250831] 4 | 4 9 _ 0 2 6 10 11 1 8 5 _ 
[00250832] 4 | 4 9 _ 0 2 _ 10 11 1 8 5 9 
[00250833] 5 | _ 9 4 0 2 _ 10 11 1 8 5 _ 
[00250834] 4 | 5 9 4 0 2 _ 10 11 1 8 5 _ 
[00250835] 4 | _ 9 4 0 2 6 10 11 1 8 5 _ 
[00250836] 4 | _ 9 4 0 2 _ 10 11 1 8 5 9 
[00250837] 5 | _ 9 _ 0 2 7 10 11 1 8 5 _ 
[00250838] 4 | 5 9 _ 0 2 7 10 11 1 8 5 _ 
[00250839] 3 | 5 9 6 0 2 7 10 11 1 8 5 _ 
[00250840] 4 | _ 9 5 0 2 7 10 11 1 8 5 _ 
[00250841] 3 | 6 9 5 0 2 7 10 11 1 8 5 _ 
[00250842] 4 | _ 9 _ 0 2 7 10 11 1 8 5 9 
[00250843] 7 | _ 9 _ 0 2 _ 10 11 1 _ 4 _ 
[00250844] 6 | 3 9 _ 0 2 _ 10 11 1 _ 4 _ 
[00250845] 5 | 3 9 4 0 2 _ 10 11 1 _ 4 _ 
[00250846] 4 | 3 9 4 0 2 6 10 11 1 _ 4 _ 
[00250847] 4 | 3 9 4 0 2 _ 10 11 1 5 4 _ 
[00250848] 5 | 3 9 _ 0 2 7 10 11 1 _ 4 _ 
[00250849] 4 | 3 9 5 0 2 7 10 11 1 _ 4 _ 
[00250850] 3 | 3 9 5 0 2 7 10 11 1 4 4 _ 
[00250851] 3 | 3 9 5 0 2 7 10 11 1 _ 4 1 
[00250852] 4 | 3 9 _ 0 2 7 10 11 1 5 4 _ 
[00250853] 3 | 3 9 6 0 2 7 10 11 1 5 4 _ 
[00250854] 4 | 3 9 _ 0 2 7 10 11 1 _ 4 8 
[00250855] 3 | 3 9 6 0 2 7 10 11 1 _ 4 8 
[00250856] 5 | 3 9 _ 0 2 _ 10 11 1 6 4 _ 
[00250857] 4 | 3 9 5 0 2 _ 10 11 1 6 4 _ 
[00250858] 3 | 3 9 5 0 2 _ 10 11 1 6 4 7 
[00250859] 4 | 3 9 _ 0 2 _ 10 11 1 6 4 8 
[00250860] 3 | 3 9 _ 0 2 5 10 11 1 6 4 8 
[00250861] 2 | 3 9 7 0 2 5 10 11 1 6 4 8 
[00250862] 5 | 3 9 _ 0 2 _ 10 11 1 _ 4 9 
[00250863] 4 | 3 9 _ 0 2 6 10 11 1 _ 4 9 
[00250864] 4 | 3 9 _ 0 2 _ 10 11 1 5 4 9 
[00250865] 6 | _ 9 3 0 2 _ 10 11 1 _ 4 _ 
[00250866] 5 | 4 9 3 0 2 _ 10 11 1 _ 4 _ 
[00250867] 4 | 4 9 3 0 2 6 10 11 1 _ 4 _ 
[00250868] 4 | 4 9 3 0 2 _ 10 11 1 5 4 _ 
[00250869] 5 | _ 9 3 0 2 7 10 11 1 _ 4 _ 
[00250870] 4 | 5 9 3 0 2 7 10 11 1 _ 4 _ 
[00250871] 3 | 5 9 3 0 2 7 10 11 1 4 4 _ 
[00250872] 3 | 5 9 3 0 2 7 10 11 1 _ 4 1 
[00250873] 4 | _ 9 3 0 2 7 10 11 1 5 4 _ 
[00250874] 3 | 6 9 3 0 2 7 10 11 1 5 4 _ 
[00250875] 4 | _ 9 3 0 2 7 10 11 1 _ 4 8 
[00250876] 3 | 6 9 3 0 2 7 10 11 1 _ 4 8 
[00250877] 5 | _ 9 3 0 2 _ 10 11 1 6 4 _ 
[00250878] 4 | 5 9 3 0 2 _ 10 11 1 6 4 _ 
[00250879] 3 | 5 9 3 0 2 _ 10 11 1 6 4 7 
[00250880] 4 | _ 9 3 0 2 _ 10 11 1 6 4 8 
[00250881] 3 | _ 9 3 0 2 5 10 11 1 6 4 8 
[00250882] 2 | 7 9 3 0 2 5 10 11 1 6 4 8 
[00250883] 5 | _ 9 3 0 2 _ 10 11 1 _ 4 9 
[00250884] 4 | _ 9 3 0 2 6 10 11 1 _ 4 9 
[00250885] 4 | _ 9 3 0 2 _ 10 11 1 5 4 9 
[00250886] 6 | _ 9 _ 0 2 8 10 11 1 _ 4 _ 
[00250887] 5 | 4 9 _ 0 2 8 10 11 1 _ 4 _ 
[00250888] 4 | 4 9 5 0 2 8 10 11 1 _ 4 _ 
[00250889] 4 | 4 9 _ 0 2 8 10 11 1 5 4 _ 
[00250890] 3 | 4 9 6 0 2 8 10 11 1 5 4 _ 
[00250891] 5 | _ 9 4 0 2 8 10 11 1 _ 4 _ 
[00250892] 4 | 5 9 4 0 2 8 10 11 1 _ 4 _ 
[00250893] 4 | _ 9 4 0 2 8 10 11 1 5 4 _ 
[00250894] 3 | 6 9 4 0 2 8 10 11 1 5 4 _ 
[00250895] 5 | _ 9 _ 0 2 8 10 11 1 6 4 _ 
[00250896] 4 | 5 9 _ 0 2 8 10 11 1 6 4 _ 
[00250897] 3 | 5 9 _ 0 2 8 10 11 1 6 4 7 
[00250898] 4 | _ 9 5 0 2 8 10 11 1 6 4 _ 
[00250899] 3 | _ 9 5 0 2 8 10 11 1 6 4 7 
[00250900] 5 | _ 9 _ 0 2 8 10 11 1 _ 4 9 
[00250901] 4 | _ 9 _ 0 2 8 10 11 1 5 4 9 
[00250902] 6 | _ 9 _ 0 2 _ 10 11 1 7 4 _ 
[00250903] 5 | 4 9 _ 0 2 _ 10 11 1 7 4 _ 
[00250904] 4 | 4 9 5 0 2 _ 10 11 1 7 4 _ 
[00250905] 4 | 4 9 _ 0 2 6 10 11 1 7 4 _ 
[00250906] 5 | _ 9 4 0 2 _ 10 11 1 7 4 _ 
[00250907] 4 | 5 9 4 0 2 _ 10 11 1 7 4 _ 
[00250908] 4 | _ 9 4 0 2 6 10 11 1 7 4 _ 
[00250909] 5 | _ 9 _ 0 2 _ 10 11 1 7 4 9 
[00250910] 4 | _ 9 _ 0 2 6 10 11 1 7 4 9 
[00250911] 8 | _ 9 _ 0 10 _ 2 11 1 _ _ _ 
[00250912] 7 | _ 9 _ 0 10 3 2 11 1 _ _ _ 
[00250913] 6 | _ 9 _ 0 10 3 2 11 1 7 _ _ 
[00250914] 5 | 4 9 _ 0 10 3 2 11 1 7 _ _ 
[00250915] 4 | 4 9 5 0 10 3 2 11 1 7 _ _ 
[00250916] 3 | 4 9 5 0 10 3 2 11 1 7 8 _ 
[00250917] 2 | 4 9 5 0 10 3 2 11 1 7 8 6 
[00250918] 5 | _ 9 4 0 10 3 2 11 1 7 _ _ 
[00250919] 4 | 5 9 4 0 10 3 2 11 1 7 _ _ 
[00250920] 3 | 5 9 4 0 10 3 2 11 1 7 8 _ 
[00250921] 2 | 5 9 4 0 10 3 2 11 1 7 8 6 
[00250922] 5 | _ 9 _ 0 10 3 2 11 1 7 6 _ 
[00250923] 4 | 5 9 _ 0 10 3 2 11 1 7 6 _ 
[00250924] 3 | 5 9 6 0 10 3 2 11 1 7 6 _ 
[00250925] 3 | 5 9 _ 0 10 3 2 11 1 7 6 9 
[00250926] 4 | _ 9 5 0 10 3 2 11 1 7 6 _ 
[00250927] 3 | 6 9 5 0 10 3 2 11 1 7 6 _ 
[00250928] 3 | _ 9 5 0 10 3 2 11 1 7 6 9 
[00250929] 6 | _ 9 _ 0 10 3 2 11 1 _ 5 _ 
[00250930] 5 | 4 9 _ 0 10 3 2 11 1 _ 5 _ 
[00250931] 4 | 4 9 5 0 10 3 2 11 1 _ 5 _ 
[00250932] 4 | 4 9 _ 0 10 3 2 11 1 5 5 _ 
[00250933] 3 | 4 9 6 0 10 3 2 11 1 5 5 _ 
[00250934] 4 | 4 9 _ 0 10 3 2 11 1 _ 5 1 
[00250935] 3 | 4 9 6 0 10 3 2 11 1 _ 5 1 
[00250936] 4 | 4 9 _ 0 10 3 2 11 1 _ 5 9 
[00250937] 5 | _ 9 4 0 10 3 2 11 1 _ 5 _ 
[00250938] 4 | 5 9 4 0 10 3 2 11 1 _ 5 _ 
[00250939] 4 | _ 9 4 0 10 3 2 11 1 5 5 _ 
[00250940] 3 | 6 9 4 0 10 3 2 11 1 5 5 _ 
[00250941] 4 | _ 9 4 0 10 3 2 11 1 _ 5 1 
[00250942] 3 | 6 9 4 0 10 3 2 11 1 _ 5 1 
[00250943] 4 | _ 9 4 0 10 3 2 11 1 _ 5 9 
[00250944] 5 | _ 9 _ 0 10 3 2 11 1 6 5 _ 
[00250945] 4 | 5 9 _ 0 10 3 2 11 1 6 5 _ 
[00250946] 4 | _ 9 5 0 10 3 2 11 1 6 5 _ 
[00250947] 4 | _ 9 _ 0 10 3 2 11 1 6 5 9 
[00250948] 7 | _ 9 _ 0 10 _ 2 11 1 8 _ _ 
[00250949] 6 | 3 9 _ 0 10 _ 2 11 1 8 _ _ 
[00250950] 5 | 3 9 4 0 10 _ 2 11 1 8 _ _ 
[00250951] 4 | 3 9 4 0 10 6 2 11 1 8 _ _ 
[00250952] 4 | 3 9 4 0 10 _ 2 11 1 8 7 _ 
[00250953] 3 | 3 9 4 0 10 7 2 11 1 8 7 _ 
[00250954] 3 | 3 9 4 0 10 _ 2 11 1 8 7 10 
[00250955] 5 | 3 9 _ 0 10 5 2 11 1 8 _ _ 
[00250956] 4 | 3 9 _ 0 10 5 2 11 1 8 7 _ 
[00250957] 3 | 3 9 6 0 10 5 2 11 1 8 7 _ 
[00250958] 3 | 3 9 _ 0 10 5 2 11 1 8 7 4 
[00250959] 5 | 3 9 _ 0 10 _ 2 11 1 8 6 _ 
[00250960] 4 | 3 9 5 0 10 _ 2 11 1 8 6 _ 
[00250961] 3 | 3 9 5 0 10 7 2 11 1 8 6 _ 
[00250962] 2 | 3 9 5 0 10 7 2 11 1 8 6 4 
[00250963] 4 | 3 9 _ 0 10 6 2 11 1 8 6 _ 
[00250964] 4 | 3 9 _ 0 10 _ 2 11 1 8 6 10 
[00250965] 6 | _ 9 3 0 10 _ 2 11 1 8 _ _ 
[00250966] 5 | 4 9 3 0 10 _ 2 11 1 8 _ _ 
[00250967] 4 | 4 9 3 0 10 6 2 11 1 8 _ _ 
[00250968] 4 | 4 9 3 0 10 _ 2 11 1 8 7 _ 
[00250969] 3 | 4 9 3 0 10 7 2 11 1 8 7 _ 
