[00349574] 4 | 4 9 _ 7 2 8 6 0 11 3 10 1 
[00349575] 5 | 9 4 _ 7 2 8 _ 0 11 3 10 1 
[00349576] 4 | 9 4 _ 7 2 8 6 0 11 3 10 1 
[00349577] 5 | _ 4 9 7 2 8 _ 0 11 3 10 1 
[00349578] 4 | _ 4 9 7 2 8 6 0 11 3 10 1 
[00349579] 5 | _ 9 4 7 2 8 _ 0 11 3 10 1 
[00349580] 4 | 5 9 4 7 2 8 _ 0 11 3 10 1 
[00349581] 4 | _ 9 4 7 2 8 6 0 11 3 10 1 
[00349582] 5 | _ 2 _ 7 2 8 _ 0 11 3 10 1 
[00349583] 4 | 6 2 _ 7 2 8 _ 0 11 3 10 1 
[00349584] 3 | 6 2 5 7 2 8 _ 0 11 3 10 1 
[00349585] 3 | 6 2 _ 7 2 8 5 0 11 3 10 1 
[00349586] 4 | _ 2 6 7 2 8 _ 0 11 3 10 1 
[00349587] 3 | 5 2 6 7 2 8 _ 0 11 3 10 1 
[00349588] 3 | _ 2 6 7 2 8 5 0 11 3 10 1 
[00349589] 4 | _ 2 _ 7 2 8 6 0 11 3 10 1 
[00349590] 5 | _ _ _ 7 2 8 7 0 11 3 10 1 
[00349591] 4 | 5 9 _ 7 2 8 7 0 11 3 10 1 
[00349592] 3 | 5 9 6 7 2 8 7 0 11 3 10 1 
[00349593] 4 | 9 5 _ 7 2 8 7 0 11 3 10 1 
[00349594] 4 | _ 5 9 7 2 8 7 0 11 3 10 1 
[00349595] 4 | _ 9 5 7 2 8 7 0 11 3 10 1 
[00349596] 3 | 6 9 5 7 2 8 7 0 11 3 10 1 
[00349597] 6 | _ _ _ 7 8 2 _ 0 11 3 10 1 
[00349598] 5 | 4 9 _ 7 8 2 _ 0 11 3 10 1 
[00349599] 4 | 4 9 5 7 8 2 _ 0 11 3 10 1 
[00349600] 5 | 9 4 _ 7 8 2 _ 0 11 3 10 1 
[00349601] 4 | 9 4 8 7 8 2 _ 0 11 3 10 1 
[00349602] 4 | 9 4 _ 7 8 2 4 0 11 3 10 1 
[00349603] 5 | _ 4 9 7 8 2 _ 0 11 3 10 1 
[00349604] 4 | 8 4 9 7 8 2 _ 0 11 3 10 1 
[00349605] 4 | _ 4 9 7 8 2 4 0 11 3 10 1 
[00349606] 5 | _ 9 4 7 8 2 _ 0 11 3 10 1 
[00349607] 4 | 5 9 4 7 8 2 _ 0 11 3 10 1 
[00349608] 6 | _ _ _ 7 2 _ 8 0 11 3 10 1 
[00349609] 5 | 4 9 _ 7 2 _ 8 0 11 3 10 1 
[00349610] 4 | 4 9 5 7 2 _ 8 0 11 3 10 1 
[00349611] 4 | 4 9 _ 7 2 6 8 0 11 3 10 1 
[00349612] 5 | 9 4 _ 7 2 _ 8 0 11 3 10 1 
[00349613] 4 | 9 4 _ 7 2 6 8 0 11 3 10 1 
[00349614] 5 | _ 4 9 7 2 _ 8 0 11 3 10 1 
[00349615] 4 | _ 4 9 7 2 6 8 0 11 3 10 1 
[00349616] 5 | _ 9 4 7 2 _ 8 0 11 3 10 1 
[00349617] 4 | 5 9 4 7 2 _ 8 0 11 3 10 1 
[00349618] 4 | _ 9 4 7 2 6 8 0 11 3 10 1 
[00349619] 5 | _ 2 _ 7 2 _ 8 0 11 3 10 1 
[00349620] 4 | 6 2 _ 7 2 _ 8 0 11 3 10 1 
[00349621] 3 | 6 2 5 7 2 _ 8 0 11 3 10 1 
[00349622] 3 | 6 2 _ 7 2 5 8 0 11 3 10 1 
[00349623] 4 | _ 2 6 7 2 _ 8 0 11 3 10 1 
[00349624] 3 | 5 2 6 7 2 _ 8 0 11 3 10 1 
[00349625] 3 | _ 2 6 7 2 5 8 0 11 3 10 1 
[00349626] 4 | _ 2 _ 7 2 6 8 0 11 3 10 1 
[00349627] 5 | _ _ _ 7 2 7 8 0 11 3 10 1 
[00349628] 4 | 5 9 _ 7 2 7 8 0 11 3 10 1 
[00349629] 3 | 5 9 6 7 2 7 8 0 11 3 10 1 
[00349630] 4 | 9 5 _ 7 2 7 8 0 11 3 10 1 
[00349631] 4 | _ 5 9 7 2 7 8 0 11 3 10 1 
[00349632] 4 | _ 9 5 7 2 7 8 0 11 3 10 1 
[00349633] 3 | 6 9 5 7 2 7 8 0 11 3 10 1 
[00349634] 6 | _ _ _ 7 8 _ 2 0 11 3 10 1 
[00349635] 5 | 4 9 _ 7 8 _ 2 0 11 3 10 1 
[00349636] 4 | 4 9 5 7 8 _ 2 0 11 3 10 1 
[00349637] 5 | 9 4 _ 7 8 _ 2 0 11 3 10 1 
[00349638] 4 | 9 4 8 7 8 _ 2 0 11 3 10 1 
[00349639] 4 | 9 4 _ 7 8 4 2 0 11 3 10 1 
[00349640] 5 | _ 4 9 7 8 _ 2 0 11 3 10 1 
[00349641] 4 | 8 4 9 7 8 _ 2 0 11 3 10 1 
[00349642] 4 | _ 4 9 7 8 4 2 0 11 3 10 1 
[00349643] 5 | _ 9 4 7 8 _ 2 0 11 3 10 1 
[00349644] 4 | 5 9 4 7 8 _ 2 0 11 3 10 1 
[00349645] 11 | _ _ _ _ _ _ _ 11 0 _ _ _ 
[00349646] 10 | _ _ _ 1 _ _ _ 11 0 _ _ _ 
[00349647] 9 | _ 10 _ 1 _ _ _ 11 0 _ _ _ 
[00349648] 8 | 2 10 _ 1 _ _ _ 11 0 _ _ _ 
[00349649] 7 | 2 10 3 1 _ _ _ 11 0 _ _ _ 
[00349650] 6 | 2 10 3 1 7 _ _ 11 0 _ _ _ 
[00349651] 5 | 2 10 3 1 7 _ _ 11 0 5 _ _ 
[00349652] 4 | 2 10 3 1 7 11 _ 11 0 5 _ _ 
[00349653] 3 | 2 10 3 1 7 11 4 11 0 5 _ _ 
[00349654] 2 | 2 10 3 1 7 11 4 11 0 5 6 8 
[00349655] 2 | 2 10 3 1 7 11 4 11 0 5 8 6 
[00349656] 3 | 2 10 3 1 7 11 _ 11 0 5 6 9 
[00349657] 3 | 2 10 3 1 7 11 _ 11 0 5 9 6 
[00349658] 4 | 2 10 3 1 7 _ 11 11 0 5 _ _ 
[00349659] 3 | 2 10 3 1 7 4 11 11 0 5 _ _ 
[00349660] 2 | 2 10 3 1 7 4 11 11 0 5 6 8 
[00349661] 2 | 2 10 3 1 7 4 11 11 0 5 8 6 
[00349662] 3 | 2 10 3 1 7 _ 11 11 0 5 6 9 
[00349663] 3 | 2 10 3 1 7 _ 11 11 0 5 9 6 
[00349664] 4 | 2 10 3 1 7 _ _ 11 0 5 7 _ 
[00349665] 3 | 2 10 3 1 7 4 _ 11 0 5 7 _ 
[00349666] 2 | 2 10 3 1 7 4 9 11 0 5 7 _ 
[00349667] 2 | 2 10 3 1 7 4 _ 11 0 5 7 9 
[00349668] 3 | 2 10 3 1 7 _ 4 11 0 5 7 _ 
[00349669] 2 | 2 10 3 1 7 9 4 11 0 5 7 _ 
[00349670] 2 | 2 10 3 1 7 _ 4 11 0 5 7 9 
[00349671] 3 | 2 10 3 1 7 _ _ 11 0 5 7 4 
[00349672] 4 | 2 10 3 1 7 _ _ 11 0 5 4 8 
[00349673] 4 | 2 10 3 1 7 _ _ 11 0 5 8 4 
[00349674] 5 | 2 10 3 1 7 _ _ 11 0 _ 6 _ 
[00349675] 4 | 2 10 3 1 7 _ _ 11 0 4 6 _ 
[00349676] 3 | 2 10 3 1 7 _ _ 11 0 4 6 9 
[00349677] 2 | 2 10 3 1 7 5 _ 11 0 4 6 9 
[00349678] 1 | 2 10 3 1 7 5 8 11 0 4 6 9  *Graceful*
[00349678] 2 | 2 10 3 1 7 _ 5 11 0 4 6 9 
[00349679] 1 | 2 10 3 1 7 8 5 11 0 4 6 9  *Graceful*
[00349679] 5 | 2 10 3 1 7 _ _ 11 0 _ 4 9 
[00349680] 5 | 2 10 3 1 7 _ _ 11 0 _ 9 4 
[00349681] 6 | 2 10 3 1 _ _ _ 11 0 6 _ _ 
[00349682] 5 | 2 10 3 1 4 9 _ 11 0 6 _ _ 
[00349683] 4 | 2 10 3 1 4 9 8 11 0 6 _ _ 
[00349684] 4 | 2 10 3 1 4 9 _ 11 0 6 7 _ 
[00349685] 3 | 2 10 3 1 4 9 7 11 0 6 7 _ 
[00349686] 3 | 2 10 3 1 4 9 _ 11 0 6 7 4 
[00349687] 5 | 2 10 3 1 9 4 _ 11 0 6 _ _ 
[00349688] 4 | 2 10 3 1 9 4 5 11 0 6 _ _ 
[00349689] 3 | 2 10 3 1 9 4 5 11 0 6 8 _ 
[00349690] 4 | 2 10 3 1 9 4 _ 11 0 6 7 _ 
[00349691] 5 | 2 10 3 1 4 _ 9 11 0 6 _ _ 
[00349692] 4 | 2 10 3 1 4 8 9 11 0 6 _ _ 
[00349693] 4 | 2 10 3 1 4 _ 9 11 0 6 7 _ 
[00349694] 3 | 2 10 3 1 4 7 9 11 0 6 7 _ 
[00349695] 3 | 2 10 3 1 4 _ 9 11 0 6 7 4 
[00349696] 5 | 2 10 3 1 9 _ 4 11 0 6 _ _ 
[00349697] 4 | 2 10 3 1 9 5 4 11 0 6 _ _ 
[00349698] 3 | 2 10 3 1 9 5 4 11 0 6 8 _ 
[00349699] 4 | 2 10 3 1 9 _ 4 11 0 6 7 _ 
[00349700] 5 | 2 10 3 1 _ _ _ 11 0 6 4 9 
[00349701] 4 | 2 10 3 1 5 _ _ 11 0 6 4 9 
[00349702] 3 | 2 10 3 1 5 8 _ 11 0 6 4 9 
[00349703] 2 | 2 10 3 1 5 8 7 11 0 6 4 9 
[00349704] 3 | 2 10 3 1 5 _ 8 11 0 6 4 9 
[00349705] 2 | 2 10 3 1 5 7 8 11 0 6 4 9 
[00349706] 5 | 2 10 3 1 _ _ _ 11 0 6 9 4 
[00349707] 4 | 2 10 3 1 5 _ _ 11 0 6 9 4 
[00349708] 3 | 2 10 3 1 5 8 _ 11 0 6 9 4 
[00349709] 2 | 2 10 3 1 5 8 7 11 0 6 9 4 
[00349710] 3 | 2 10 3 1 5 _ 8 11 0 6 9 4 
[00349711] 2 | 2 10 3 1 5 7 8 11 0 6 9 4 
[00349712] 6 | 2 10 3 1 _ _ _ 11 0 _ 5 _ 
[00349713] 5 | 2 10 3 1 6 _ _ 11 0 _ 5 _ 
[00349714] 4 | 2 10 3 1 6 _ _ 11 0 4 5 _ 
[00349715] 3 | 2 10 3 1 6 9 _ 11 0 4 5 _ 
[00349716] 2 | 2 10 3 1 6 9 8 11 0 4 5 _ 
[00349717] 2 | 2 10 3 1 6 9 _ 11 0 4 5 7 
[00349718] 3 | 2 10 3 1 6 _ 9 11 0 4 5 _ 
[00349719] 2 | 2 10 3 1 6 8 9 11 0 4 5 _ 
[00349720] 2 | 2 10 3 1 6 _ 9 11 0 4 5 7 
[00349721] 3 | 2 10 3 1 6 _ _ 11 0 4 5 8 
[00349722] 4 | 2 10 3 1 6 _ _ 11 0 _ 5 9 
[00349723] 5 | 2 10 3 1 4 9 _ 11 0 _ 5 _ 
[00349724] 4 | 2 10 3 1 4 9 0 11 0 _ 5 _ 
[00349725] 3 | 2 10 3 1 4 9 0 11 0 _ 5 8 
[00349726] 4 | 2 10 3 1 4 9 8 11 0 _ 5 _ 
[00349727] 4 | 2 10 3 1 4 9 _ 11 0 4 5 _ 
[00349728] 3 | 2 10 3 1 4 9 _ 11 0 4 5 8 
[00349729] 5 | 2 10 3 1 9 4 _ 11 0 _ 5 _ 
[00349730] 4 | 2 10 3 1 9 4 5 11 0 _ 5 _ 
[00349731] 4 | 2 10 3 1 9 4 _ 11 0 _ 5 9 
[00349732] 5 | 2 10 3 1 4 _ 9 11 0 _ 5 _ 
[00349733] 4 | 2 10 3 1 4 0 9 11 0 _ 5 _ 
[00349734] 3 | 2 10 3 1 4 0 9 11 0 _ 5 8 
[00349735] 4 | 2 10 3 1 4 8 9 11 0 _ 5 _ 
[00349736] 4 | 2 10 3 1 4 _ 9 11 0 4 5 _ 
[00349737] 3 | 2 10 3 1 4 _ 9 11 0 4 5 8 
[00349738] 5 | 2 10 3 1 9 _ 4 11 0 _ 5 _ 
[00349739] 4 | 2 10 3 1 9 5 4 11 0 _ 5 _ 
[00349740] 4 | 2 10 3 1 9 _ 4 11 0 _ 5 9 
[00349741] 5 | 2 10 3 1 _ _ _ 11 0 5 5 _ 
[00349742] 4 | 2 10 3 1 4 8 _ 11 0 5 5 _ 
[00349743] 3 | 2 10 3 1 4 8 7 11 0 5 5 _ 
[00349744] 4 | 2 10 3 1 8 4 _ 11 0 5 5 _ 
[00349745] 4 | 2 10 3 1 4 _ 8 11 0 5 5 _ 
[00349746] 3 | 2 10 3 1 4 7 8 11 0 5 5 _ 
[00349747] 4 | 2 10 3 1 8 _ 4 11 0 5 5 _ 
[00349748] 5 | 2 10 3 1 _ _ _ 11 0 _ 5 0 
[00349749] 4 | 2 10 3 1 4 8 _ 11 0 _ 5 0 
[00349750] 3 | 2 10 3 1 4 8 7 11 0 _ 5 0 
[00349751] 4 | 2 10 3 1 8 4 _ 11 0 _ 5 0 
[00349752] 4 | 2 10 3 1 4 _ 8 11 0 _ 5 0 
[00349753] 3 | 2 10 3 1 4 7 8 11 0 _ 5 0 
[00349754] 4 | 2 10 3 1 8 _ 4 11 0 _ 5 0 
[00349755] 7 | 2 10 _ 1 8 _ _ 11 0 _ _ _ 
[00349756] 6 | 2 10 4 1 8 _ _ 11 0 _ _ _ 
[00349757] 5 | 2 10 4 1 8 3 _ 11 0 _ _ _ 
[00349758] 4 | 2 10 4 1 8 3 _ 11 0 _ 7 _ 
[00349759] 3 | 2 10 4 1 8 3 5 11 0 _ 7 _ 
[00349760] 2 | 2 10 4 1 8 3 5 11 0 _ 7 9 
[00349761] 4 | 2 10 4 1 8 3 _ 11 0 _ 5 9 
[00349762] 4 | 2 10 4 1 8 3 _ 11 0 _ 9 5 
[00349763] 5 | 2 10 4 1 8 _ 3 11 0 _ _ _ 
[00349764] 4 | 2 10 4 1 8 _ 3 11 0 _ 7 _ 
[00349765] 3 | 2 10 4 1 8 5 3 11 0 _ 7 _ 
[00349766] 2 | 2 10 4 1 8 5 3 11 0 _ 7 9 
[00349767] 4 | 2 10 4 1 8 _ 3 11 0 _ 5 9 
[00349768] 4 | 2 10 4 1 8 _ 3 11 0 _ 9 5 
[00349769] 5 | 2 10 4 1 8 _ _ 11 0 5 _ _ 
[00349770] 4 | 2 10 4 1 8 _ _ 11 0 5 7 _ 
[00349771] 4 | 2 10 4 1 8 _ _ 11 0 5 3 7 
[00349772] 4 | 2 10 4 1 8 _ _ 11 0 5 7 3 
[00349773] 5 | 2 10 4 1 8 _ _ 11 0 _ 6 _ 
[00349774] 6 | 2 10 _ 1 8 _ _ 11 0 6 _ _ 
[00349775] 5 | 2 10 5 1 8 _ _ 11 0 6 _ _ 
[00349776] 4 | 2 10 5 1 8 4 _ 11 0 6 _ _ 
[00349777] 3 | 2 10 5 1 8 4 11 11 0 6 _ _ 
[00349778] 2 | 2 10 5 1 8 4 11 11 0 6 7 9 
[00349779] 2 | 2 10 5 1 8 4 11 11 0 6 9 7 
[00349780] 3 | 2 10 5 1 8 4 _ 11 0 6 8 _ 
[00349781] 4 | 2 10 5 1 8 _ 4 11 0 6 _ _ 
[00349782] 3 | 2 10 5 1 8 11 4 11 0 6 _ _ 
[00349783] 2 | 2 10 5 1 8 11 4 11 0 6 7 9 
[00349784] 2 | 2 10 5 1 8 11 4 11 0 6 9 7 
[00349785] 3 | 2 10 5 1 8 _ 4 11 0 6 8 _ 
[00349786] 4 | 2 10 5 1 8 _ _ 11 0 6 7 _ 
[00349787] 3 | 2 10 5 1 8 _ _ 11 0 6 7 4 
[00349788] 4 | 2 10 5 1 8 _ _ 11 0 6 3 7 
[00349789] 4 | 2 10 5 1 8 _ _ 11 0 6 7 3 
[00349790] 5 | 2 10 _ 1 8 3 _ 11 0 6 _ _ 
[00349791] 4 | 2 10 _ 1 8 3 4 11 0 6 _ _ 
[00349792] 3 | 2 10 7 1 8 3 4 11 0 6 _ _ 
[00349793] 2 | 2 10 7 1 8 3 4 11 0 6 9 _ 
[00349794] 4 | 2 10 _ 1 8 3 _ 11 0 6 7 _ 
[00349795] 3 | 2 10 7 1 8 3 _ 11 0 6 7 _ 
[00349796] 3 | 2 10 _ 1 8 3 5 11 0 6 7 _ 
[00349797] 2 | 2 10 _ 1 8 3 5 11 0 6 7 9 
[00349798] 3 | 2 10 _ 1 8 3 _ 11 0 6 7 4 
[00349799] 2 | 2 10 8 1 8 3 _ 11 0 6 7 4 
[00349800] 2 | 2 10 _ 1 8 3 10 11 0 6 7 4 
[00349801] 3 | 2 10 _ 1 8 3 _ 11 0 6 7 10 
[00349802] 4 | 2 10 _ 1 8 3 _ 11 0 6 5 9 
[00349803] 3 | 2 10 7 1 8 3 _ 11 0 6 5 9 
[00349804] 4 | 2 10 _ 1 8 3 _ 11 0 6 9 5 
[00349805] 3 | 2 10 7 1 8 3 _ 11 0 6 9 5 
[00349806] 5 | 2 10 _ 1 8 _ 3 11 0 6 _ _ 
[00349807] 4 | 2 10 _ 1 8 4 3 11 0 6 _ _ 
[00349808] 3 | 2 10 7 1 8 4 3 11 0 6 _ _ 
[00349809] 2 | 2 10 7 1 8 4 3 11 0 6 9 _ 
[00349810] 4 | 2 10 _ 1 8 _ 3 11 0 6 7 _ 
[00349811] 3 | 2 10 7 1 8 _ 3 11 0 6 7 _ 
[00349812] 3 | 2 10 _ 1 8 5 3 11 0 6 7 _ 
[00349813] 2 | 2 10 _ 1 8 5 3 11 0 6 7 9 
[00349814] 3 | 2 10 _ 1 8 _ 3 11 0 6 7 4 
[00349815] 2 | 2 10 8 1 8 _ 3 11 0 6 7 4 
[00349816] 2 | 2 10 _ 1 8 10 3 11 0 6 7 4 
[00349817] 3 | 2 10 _ 1 8 _ 3 11 0 6 7 10 
[00349818] 4 | 2 10 _ 1 8 _ 3 11 0 6 5 9 
[00349819] 3 | 2 10 7 1 8 _ 3 11 0 6 5 9 
[00349820] 4 | 2 10 _ 1 8 _ 3 11 0 6 9 5 
[00349821] 3 | 2 10 7 1 8 _ 3 11 0 6 9 5 
[00349822] 5 | 2 10 _ 1 8 _ _ 11 0 6 4 9 
[00349823] 5 | 2 10 _ 1 8 _ _ 11 0 6 9 4 
[00349824] 6 | 2 10 _ 1 8 _ _ 11 0 _ 5 _ 
[00349825] 5 | 2 10 5 1 8 _ _ 11 0 _ 5 _ 
[00349826] 4 | 2 10 5 1 8 4 _ 11 0 _ 5 _ 
[00349827] 3 | 2 10 5 1 8 4 _ 11 0 3 5 _ 
[00349828] 2 | 2 10 5 1 8 4 6 11 0 3 5 _ 
[00349829] 4 | 2 10 5 1 8 _ 4 11 0 _ 5 _ 
[00349830] 3 | 2 10 5 1 8 _ 4 11 0 3 5 _ 
[00349831] 2 | 2 10 5 1 8 6 4 11 0 3 5 _ 
[00349832] 4 | 2 10 5 1 8 _ _ 11 0 4 5 _ 
[00349833] 5 | 2 10 _ 1 8 3 _ 11 0 _ 5 _ 
[00349834] 4 | 2 10 6 1 8 3 _ 11 0 _ 5 _ 
[00349835] 3 | 2 10 6 1 8 3 5 11 0 _ 5 _ 
[00349836] 3 | 2 10 6 1 8 3 _ 11 0 _ 5 8 
[00349837] 4 | 2 10 _ 1 8 3 4 11 0 _ 5 _ 
[00349838] 3 | 2 10 7 1 8 3 4 11 0 _ 5 _ 
[00349839] 4 | 2 10 _ 1 8 3 _ 11 0 4 5 _ 
[00349840] 3 | 2 10 7 1 8 3 _ 11 0 4 5 _ 
[00349841] 2 | 2 10 7 1 8 3 6 11 0 4 5 _ 
[00349842] 3 | 2 10 _ 1 8 3 5 11 0 4 5 _ 
[00349843] 3 | 2 10 _ 1 8 3 _ 11 0 4 5 8 
[00349844] 4 | 2 10 _ 1 8 3 _ 11 0 _ 5 9 
[00349845] 3 | 2 10 7 1 8 3 _ 11 0 _ 5 9 
[00349846] 2 | 2 10 7 1 8 3 6 11 0 _ 5 9 
[00349847] 5 | 2 10 _ 1 8 _ 3 11 0 _ 5 _ 
[00349848] 4 | 2 10 6 1 8 _ 3 11 0 _ 5 _ 
[00349849] 3 | 2 10 6 1 8 5 3 11 0 _ 5 _ 
[00349850] 3 | 2 10 6 1 8 _ 3 11 0 _ 5 8 
[00349851] 4 | 2 10 _ 1 8 4 3 11 0 _ 5 _ 
[00349852] 3 | 2 10 7 1 8 4 3 11 0 _ 5 _ 
[00349853] 4 | 2 10 _ 1 8 _ 3 11 0 4 5 _ 
[00349854] 3 | 2 10 7 1 8 _ 3 11 0 4 5 _ 
[00349855] 2 | 2 10 7 1 8 6 3 11 0 4 5 _ 
[00349856] 3 | 2 10 _ 1 8 5 3 11 0 4 5 _ 
[00349857] 3 | 2 10 _ 1 8 _ 3 11 0 4 5 8 
[00349858] 4 | 2 10 _ 1 8 _ 3 11 0 _ 5 9 
[00349859] 3 | 2 10 7 1 8 _ 3 11 0 _ 5 9 
[00349860] 2 | 2 10 7 1 8 6 3 11 0 _ 5 9 
[00349861] 5 | 2 10 _ 1 8 _ _ 11 0 5 5 _ 
[00349862] 4 | 2 10 6 1 8 _ _ 11 0 5 5 _ 
[00349863] 4 | 2 10 _ 1 8 4 _ 11 0 5 5 _ 
[00349864] 3 | 2 10 7 1 8 4 _ 11 0 5 5 _ 
[00349865] 2 | 2 10 7 1 8 4 6 11 0 5 5 _ 
[00349866] 4 | 2 10 _ 1 8 _ 4 11 0 5 5 _ 
[00349867] 3 | 2 10 7 1 8 _ 4 11 0 5 5 _ 
[00349868] 2 | 2 10 7 1 8 6 4 11 0 5 5 _ 
[00349869] 5 | 2 10 _ 1 8 _ _ 11 0 _ 5 0 
[00349870] 4 | 2 10 6 1 8 _ _ 11 0 _ 5 0 
[00349871] 4 | 2 10 _ 1 8 4 _ 11 0 _ 5 0 
[00349872] 3 | 2 10 7 1 8 4 _ 11 0 _ 5 0 
[00349873] 2 | 2 10 7 1 8 4 6 11 0 _ 5 0 
[00349874] 4 | 2 10 _ 1 8 _ 4 11 0 _ 5 0 
[00349875] 3 | 2 10 7 1 8 _ 4 11 0 _ 5 0 
[00349876] 2 | 2 10 7 1 8 6 4 11 0 _ 5 0 
[00349877] 5 | 2 10 _ 1 8 _ _ 11 0 _ 5 10 
[00349878] 4 | 2 10 _ 1 8 4 _ 11 0 _ 5 10 
[00349879] 3 | 2 10 _ 1 8 4 _ 11 0 3 5 10 
[00349880] 2 | 2 10 _ 1 8 4 6 11 0 3 5 10 
[00349881] 4 | 2 10 _ 1 8 _ 4 11 0 _ 5 10 
[00349882] 3 | 2 10 _ 1 8 _ 4 11 0 3 5 10 
[00349883] 2 | 2 10 _ 1 8 6 4 11 0 3 5 10 
[00349884] 4 | 2 10 _ 1 8 _ _ 11 0 4 5 10 
[00349885] 6 | 2 10 _ 1 8 _ _ 11 0 _ 3 9 
[00349886] 5 | 2 10 5 1 8 _ _ 11 0 _ 3 9 
[00349887] 4 | 2 10 5 1 8 4 _ 11 0 _ 3 9 
[00349888] 4 | 2 10 5 1 8 _ 4 11 0 _ 3 9 
[00349889] 4 | 2 10 5 1 8 _ _ 11 0 4 3 9 
[00349890] 5 | 2 10 _ 1 8 _ _ 11 0 5 3 9 
[00349891] 4 | 2 10 6 1 8 _ _ 11 0 5 3 9 
[00349892] 4 | 2 10 _ 1 8 4 _ 11 0 5 3 9 
[00349893] 3 | 2 10 7 1 8 4 _ 11 0 5 3 9 
[00349894] 2 | 2 10 7 1 8 4 6 11 0 5 3 9 
[00349895] 4 | 2 10 _ 1 8 _ 4 11 0 5 3 9 
[00349896] 3 | 2 10 7 1 8 _ 4 11 0 5 3 9 
[00349897] 2 | 2 10 7 1 8 6 4 11 0 5 3 9 
[00349898] 6 | 2 10 _ 1 8 _ _ 11 0 _ 9 3 
[00349899] 5 | 2 10 5 1 8 _ _ 11 0 _ 9 3 
[00349900] 4 | 2 10 5 1 8 4 _ 11 0 _ 9 3 
[00349901] 4 | 2 10 5 1 8 _ 4 11 0 _ 9 3 
[00349902] 4 | 2 10 5 1 8 _ _ 11 0 4 9 3 
[00349903] 5 | 2 10 _ 1 8 _ _ 11 0 5 9 3 
[00349904] 4 | 2 10 6 1 8 _ _ 11 0 5 9 3 
[00349905] 4 | 2 10 _ 1 8 4 _ 11 0 5 9 3 
[00349906] 3 | 2 10 7 1 8 4 _ 11 0 5 9 3 
[00349907] 2 | 2 10 7 1 8 4 6 11 0 5 9 3 
[00349908] 4 | 2 10 _ 1 8 _ 4 11 0 5 9 3 
[00349909] 3 | 2 10 7 1 8 _ 4 11 0 5 9 3 
[00349910] 2 | 2 10 7 1 8 6 4 11 0 5 9 3 
[00349911] 7 | 2 10 _ 1 _ _ _ 11 0 7 _ _ 
[00349912] 6 | 2 10 4 1 _ _ _ 11 0 7 _ _ 
[00349913] 5 | 2 10 4 1 6 _ _ 11 0 7 _ _ 
[00349914] 4 | 2 10 4 1 6 _ _ 11 0 7 5 9 
[00349915] 3 | 2 10 4 1 6 3 _ 11 0 7 5 9 
[00349916] 2 | 2 10 4 1 6 3 8 11 0 7 5 9 
[00349917] 3 | 2 10 4 1 6 _ 3 11 0 7 5 9 
[00349918] 2 | 2 10 4 1 6 8 3 11 0 7 5 9 
[00349919] 4 | 2 10 4 1 6 _ _ 11 0 7 9 5 
[00349920] 3 | 2 10 4 1 6 3 _ 11 0 7 9 5 
[00349921] 2 | 2 10 4 1 6 3 8 11 0 7 9 5 
[00349922] 3 | 2 10 4 1 6 _ 3 11 0 7 9 5 
[00349923] 2 | 2 10 4 1 6 8 3 11 0 7 9 5 
[00349924] 5 | 2 10 4 1 3 8 _ 11 0 7 _ _ 
[00349925] 4 | 2 10 4 1 3 8 _ 11 0 7 5 9 
[00349926] 3 | 2 10 4 1 3 8 6 11 0 7 5 9 
[00349927] 4 | 2 10 4 1 3 8 _ 11 0 7 9 5 
[00349928] 3 | 2 10 4 1 3 8 6 11 0 7 9 5 
[00349929] 5 | 2 10 4 1 8 3 _ 11 0 7 _ _ 
[00349930] 4 | 2 10 4 1 8 3 _ 11 0 7 5 9 
[00349931] 4 | 2 10 4 1 8 3 _ 11 0 7 9 5 
[00349932] 5 | 2 10 4 1 3 _ 8 11 0 7 _ _ 
[00349933] 4 | 2 10 4 1 3 _ 8 11 0 7 5 9 
[00349934] 3 | 2 10 4 1 3 6 8 11 0 7 5 9 
[00349935] 4 | 2 10 4 1 3 _ 8 11 0 7 9 5 
[00349936] 3 | 2 10 4 1 3 6 8 11 0 7 9 5 
[00349937] 5 | 2 10 4 1 8 _ 3 11 0 7 _ _ 
[00349938] 4 | 2 10 4 1 8 _ 3 11 0 7 5 9 
[00349939] 4 | 2 10 4 1 8 _ 3 11 0 7 9 5 
[00349940] 5 | 2 10 4 1 _ _ _ 11 0 7 6 _ 
[00349941] 4 | 2 10 4 1 5 _ _ 11 0 7 6 _ 
[00349942] 3 | 2 10 4 1 5 8 _ 11 0 7 6 _ 
[00349943] 2 | 2 10 4 1 5 8 3 11 0 7 6 _ 
[00349944] 3 | 2 10 4 1 5 _ 8 11 0 7 6 _ 
[00349945] 2 | 2 10 4 1 5 3 8 11 0 7 6 _ 
[00349946] 3 | 2 10 4 1 5 _ _ 11 0 7 6 3 
[00349947] 3 | 2 10 4 1 5 _ _ 11 0 7 6 9 
[00349948] 2 | 2 10 4 1 5 3 _ 11 0 7 6 9 
[00349949] 2 | 2 10 4 1 5 _ 3 11 0 7 6 9 
[00349950] 4 | 2 10 4 1 5 9 _ 11 0 7 6 _ 
[00349951] 3 | 2 10 4 1 5 9 8 11 0 7 6 _ 
[00349952] 3 | 2 10 4 1 5 9 _ 11 0 7 6 3 
[00349953] 4 | 2 10 4 1 9 5 _ 11 0 7 6 _ 
[00349954] 3 | 2 10 4 1 9 5 6 11 0 7 6 _ 
[00349955] 3 | 2 10 4 1 9 5 _ 11 0 7 6 3 
[00349956] 3 | 2 10 4 1 9 5 _ 11 0 7 6 9 
[00349957] 4 | 2 10 4 1 5 _ 9 11 0 7 6 _ 
[00349958] 3 | 2 10 4 1 5 8 9 11 0 7 6 _ 
[00349959] 3 | 2 10 4 1 5 _ 9 11 0 7 6 3 
[00349960] 4 | 2 10 4 1 9 _ 5 11 0 7 6 _ 
[00349961] 3 | 2 10 4 1 9 6 5 11 0 7 6 _ 
[00349962] 3 | 2 10 4 1 9 _ 5 11 0 7 6 3 
[00349963] 3 | 2 10 4 1 9 _ 5 11 0 7 6 9 
[00349964] 5 | 2 10 4 1 _ _ _ 11 0 7 3 8 
[00349965] 4 | 2 10 4 1 5 _ _ 11 0 7 3 8 
[00349966] 4 | 2 10 4 1 5 9 _ 11 0 7 3 8 
[00349967] 4 | 2 10 4 1 9 5 _ 11 0 7 3 8 
[00349968] 3 | 2 10 4 1 9 5 6 11 0 7 3 8 
[00349969] 4 | 2 10 4 1 5 _ 9 11 0 7 3 8 
[00349970] 4 | 2 10 4 1 9 _ 5 11 0 7 3 8 
[00349971] 3 | 2 10 4 1 9 6 5 11 0 7 3 8 
[00349972] 5 | 2 10 4 1 _ _ _ 11 0 7 8 3 
[00349973] 4 | 2 10 4 1 5 _ _ 11 0 7 8 3 
[00349974] 4 | 2 10 4 1 5 9 _ 11 0 7 8 3 
[00349975] 4 | 2 10 4 1 9 5 _ 11 0 7 8 3 
[00349976] 3 | 2 10 4 1 9 5 6 11 0 7 8 3 
[00349977] 4 | 2 10 4 1 5 _ 9 11 0 7 8 3 
[00349978] 4 | 2 10 4 1 9 _ 5 11 0 7 8 3 
[00349979] 3 | 2 10 4 1 9 6 5 11 0 7 8 3 
[00349980] 6 | 2 10 _ 1 3 9 _ 11 0 7 _ _ 
[00349981] 5 | 2 10 5 1 3 9 _ 11 0 7 _ _ 
[00349982] 4 | 2 10 5 1 3 9 _ 11 0 7 4 8 
[00349983] 3 | 2 10 5 1 3 9 6 11 0 7 4 8 
[00349984] 4 | 2 10 5 1 3 9 _ 11 0 7 8 4 
[00349985] 3 | 2 10 5 1 3 9 6 11 0 7 8 4 
[00349986] 5 | 2 10 _ 1 3 9 8 11 0 7 _ _ 
[00349987] 4 | 2 10 6 1 3 9 8 11 0 7 _ _ 
[00349988] 5 | 2 10 _ 1 3 9 _ 11 0 7 6 _ 
[00349989] 4 | 2 10 6 1 3 9 _ 11 0 7 6 _ 
[00349990] 4 | 2 10 _ 1 3 9 _ 11 0 7 6 10 
[00349991] 6 | 2 10 _ 1 9 3 _ 11 0 7 _ _ 
[00349992] 5 | 2 10 5 1 9 3 _ 11 0 7 _ _ 
[00349993] 4 | 2 10 5 1 9 3 _ 11 0 7 4 8 
[00349994] 3 | 2 10 5 1 9 3 6 11 0 7 4 8 
[00349995] 4 | 2 10 5 1 9 3 _ 11 0 7 8 4 
[00349996] 3 | 2 10 5 1 9 3 6 11 0 7 8 4 
[00349997] 5 | 2 10 _ 1 9 3 4 11 0 7 _ _ 
[00349998] 4 | 2 10 6 1 9 3 4 11 0 7 _ _ 
[00349999] 3 | 2 10 6 1 9 3 4 11 0 7 8 _ 
[00350000] 3 | 2 10 6 1 9 3 4 11 0 7 5 8 
[00350001] 3 | 2 10 6 1 9 3 4 11 0 7 8 5 
[00350002] 5 | 2 10 _ 1 9 3 _ 11 0 7 6 _ 
[00350003] 4 | 2 10 6 1 9 3 _ 11 0 7 6 _ 
[00350004] 4 | 2 10 _ 1 9 3 5 11 0 7 6 _ 
[00350005] 4 | 2 10 _ 1 9 3 _ 11 0 7 6 10 
[00350006] 6 | 2 10 _ 1 3 _ 9 11 0 7 _ _ 
[00350007] 5 | 2 10 5 1 3 _ 9 11 0 7 _ _ 
[00350008] 4 | 2 10 5 1 3 _ 9 11 0 7 4 8 
[00350009] 3 | 2 10 5 1 3 6 9 11 0 7 4 8 
[00350010] 4 | 2 10 5 1 3 _ 9 11 0 7 8 4 
[00350011] 3 | 2 10 5 1 3 6 9 11 0 7 8 4 
[00350012] 5 | 2 10 _ 1 3 8 9 11 0 7 _ _ 
[00350013] 4 | 2 10 6 1 3 8 9 11 0 7 _ _ 
[00350014] 5 | 2 10 _ 1 3 _ 9 11 0 7 6 _ 
[00350015] 4 | 2 10 6 1 3 _ 9 11 0 7 6 _ 
[00350016] 4 | 2 10 _ 1 3 _ 9 11 0 7 6 10 
[00350017] 6 | 2 10 _ 1 9 _ 3 11 0 7 _ _ 
[00350018] 5 | 2 10 5 1 9 _ 3 11 0 7 _ _ 
[00350019] 4 | 2 10 5 1 9 _ 3 11 0 7 4 8 
[00350020] 3 | 2 10 5 1 9 6 3 11 0 7 4 8 
[00350021] 4 | 2 10 5 1 9 _ 3 11 0 7 8 4 
[00350022] 3 | 2 10 5 1 9 6 3 11 0 7 8 4 
[00350023] 5 | 2 10 _ 1 9 4 3 11 0 7 _ _ 
[00350024] 4 | 2 10 6 1 9 4 3 11 0 7 _ _ 
[00350025] 3 | 2 10 6 1 9 4 3 11 0 7 8 _ 
[00350026] 3 | 2 10 6 1 9 4 3 11 0 7 5 8 
[00350027] 3 | 2 10 6 1 9 4 3 11 0 7 8 5 
[00350028] 5 | 2 10 _ 1 9 _ 3 11 0 7 6 _ 
[00350029] 4 | 2 10 6 1 9 _ 3 11 0 7 6 _ 
[00350030] 4 | 2 10 _ 1 9 5 3 11 0 7 6 _ 
[00350031] 4 | 2 10 _ 1 9 _ 3 11 0 7 6 10 
[00350032] 6 | 2 10 _ 1 _ _ _ 11 0 7 5 _ 
[00350033] 5 | 2 10 5 1 _ _ _ 11 0 7 5 _ 
[00350034] 4 | 2 10 5 1 4 8 _ 11 0 7 5 _ 
[00350035] 4 | 2 10 5 1 8 4 _ 11 0 7 5 _ 
[00350036] 4 | 2 10 5 1 4 _ 8 11 0 7 5 _ 
[00350037] 4 | 2 10 5 1 8 _ 4 11 0 7 5 _ 
[00350038] 5 | 2 10 _ 1 6 _ _ 11 0 7 5 _ 
[00350039] 4 | 2 10 6 1 6 _ _ 11 0 7 5 _ 
[00350040] 3 | 2 10 6 1 6 _ _ 11 0 7 5 8 
[00350041] 4 | 2 10 _ 1 6 10 _ 11 0 7 5 _ 
[00350042] 3 | 2 10 _ 1 6 10 3 11 0 7 5 _ 
[00350043] 3 | 2 10 _ 1 6 10 9 11 0 7 5 _ 
[00350044] 2 | 2 10 _ 1 6 10 9 11 0 7 5 3 
[00350045] 3 | 2 10 _ 1 6 10 _ 11 0 7 5 8 
[00350046] 2 | 2 10 _ 1 6 10 4 11 0 7 5 8 
[00350047] 4 | 2 10 _ 1 6 _ 10 11 0 7 5 _ 
[00350048] 3 | 2 10 _ 1 6 3 10 11 0 7 5 _ 
[00350049] 3 | 2 10 _ 1 6 9 10 11 0 7 5 _ 
[00350050] 2 | 2 10 _ 1 6 9 10 11 0 7 5 3 
[00350051] 3 | 2 10 _ 1 6 _ 10 11 0 7 5 8 
[00350052] 2 | 2 10 _ 1 6 4 10 11 0 7 5 8 
[00350053] 4 | 2 10 _ 1 6 _ _ 11 0 7 5 9 
[00350054] 3 | 2 10 _ 1 6 3 _ 11 0 7 5 9 
[00350055] 2 | 2 10 8 1 6 3 _ 11 0 7 5 9 
[00350056] 2 | 2 10 _ 1 6 3 4 11 0 7 5 9 
[00350057] 2 | 2 10 _ 1 6 3 8 11 0 7 5 9 
[00350058] 3 | 2 10 _ 1 6 _ 3 11 0 7 5 9 
[00350059] 2 | 2 10 8 1 6 _ 3 11 0 7 5 9 
[00350060] 2 | 2 10 _ 1 6 4 3 11 0 7 5 9 
[00350061] 2 | 2 10 _ 1 6 8 3 11 0 7 5 9 
[00350062] 5 | 2 10 _ 1 3 8 _ 11 0 7 5 _ 
[00350063] 4 | 2 10 6 1 3 8 _ 11 0 7 5 _ 
[00350064] 4 | 2 10 _ 1 3 8 _ 11 0 7 5 9 
[00350065] 3 | 2 10 _ 1 3 8 6 11 0 7 5 9 
[00350066] 5 | 2 10 _ 1 4 9 _ 11 0 7 5 _ 
[00350067] 4 | 2 10 6 1 4 9 _ 11 0 7 5 _ 
[00350068] 3 | 2 10 6 1 4 9 _ 11 0 7 5 8 
[00350069] 4 | 2 10 _ 1 4 9 8 11 0 7 5 _ 
[00350070] 5 | 2 10 _ 1 8 3 _ 11 0 7 5 _ 
[00350071] 4 | 2 10 6 1 8 3 _ 11 0 7 5 _ 
