[00293325] 3 | 7 2 10 11 1 8 5 0 _ _ 6 3 
[00293326] 3 | 7 2 10 11 1 8 5 0 _ _ 6 9 
[00293327] 4 | 7 2 10 11 1 8 _ 0 4 _ 6 _ 
[00293328] 3 | 7 2 10 11 1 8 4 0 4 _ 6 _ 
[00293329] 3 | 7 2 10 11 1 8 _ 0 4 1 6 _ 
[00293330] 3 | 7 2 10 11 1 8 _ 0 4 _ 6 3 
[00293331] 3 | 7 2 10 11 1 8 _ 0 4 _ 6 9 
[00293332] 2 | 7 2 10 11 1 8 3 0 4 _ 6 9 
[00293333] 1 | 7 2 10 11 1 8 3 0 4 5 6 9  *Graceful*
[00293333] 4 | 7 2 10 11 1 8 _ 0 5 9 6 _ 
[00293334] 3 | 7 2 10 11 1 8 4 0 5 9 6 _ 
[00293335] 3 | 7 2 10 11 1 8 _ 0 5 9 6 3 
[00293336] 4 | 7 2 10 11 1 8 _ 0 9 5 6 _ 
[00293337] 3 | 7 2 10 11 1 8 4 0 9 5 6 _ 
[00293338] 3 | 7 2 10 11 1 8 _ 0 9 5 6 3 
[00293339] 5 | _ 2 10 11 1 8 6 0 _ _ 6 _ 
[00293340] 4 | _ 2 10 11 1 8 6 0 4 _ 6 _ 
[00293341] 3 | 5 2 10 11 1 8 6 0 4 _ 6 _ 
[00293342] 3 | _ 2 10 11 1 8 6 0 4 7 6 _ 
[00293343] 4 | _ 2 10 11 1 8 6 0 3 7 6 _ 
[00293344] 3 | 5 2 10 11 1 8 6 0 3 7 6 _ 
[00293345] 4 | _ 2 10 11 1 8 6 0 5 9 6 _ 
[00293346] 4 | _ 2 10 11 1 8 6 0 7 3 6 _ 
[00293347] 3 | 5 2 10 11 1 8 6 0 7 3 6 _ 
[00293348] 4 | _ 2 10 11 1 8 6 0 9 5 6 _ 
[00293349] 5 | _ 2 10 11 1 8 _ 0 5 _ 6 _ 
[00293350] 4 | 6 2 10 11 1 8 _ 0 5 _ 6 _ 
[00293351] 3 | 6 2 10 11 1 8 4 0 5 _ 6 _ 
[00293352] 2 | 6 2 10 11 1 8 4 0 5 3 6 _ 
[00293353] 2 | 6 2 10 11 1 8 4 0 5 7 6 _ 
[00293354] 4 | _ 2 10 11 1 8 5 0 5 _ 6 _ 
[00293355] 3 | _ 2 10 11 1 8 5 0 5 _ 6 3 
[00293356] 2 | 4 2 10 11 1 8 5 0 5 _ 6 3 
[00293357] 3 | _ 2 10 11 1 8 5 0 5 _ 6 9 
[00293358] 2 | 4 2 10 11 1 8 5 0 5 _ 6 9 
[00293359] 4 | _ 2 10 11 1 8 _ 0 5 1 6 _ 
[00293360] 3 | _ 2 10 11 1 8 _ 0 5 1 6 3 
[00293361] 2 | 4 2 10 11 1 8 _ 0 5 1 6 3 
[00293362] 3 | _ 2 10 11 1 8 _ 0 5 1 6 9 
[00293363] 2 | 4 2 10 11 1 8 _ 0 5 1 6 9 
[00293364] 4 | _ 2 10 11 1 8 _ 0 5 9 6 _ 
[00293365] 3 | _ 2 10 11 1 8 4 0 5 9 6 _ 
[00293366] 3 | _ 2 10 11 1 8 _ 0 5 9 6 3 
[00293367] 2 | 4 2 10 11 1 8 _ 0 5 9 6 3 
[00293368] 4 | _ 2 10 11 1 8 _ 0 5 _ 6 2 
[00293369] 3 | _ 2 10 11 1 8 4 0 5 _ 6 2 
[00293370] 2 | _ 2 10 11 1 8 4 0 5 3 6 2 
[00293371] 2 | _ 2 10 11 1 8 4 0 5 7 6 2 
[00293372] 5 | _ 2 10 11 1 8 _ 0 4 9 6 _ 
[00293373] 4 | 6 2 10 11 1 8 _ 0 4 9 6 _ 
[00293374] 4 | _ 2 10 11 1 8 5 0 4 9 6 _ 
[00293375] 3 | _ 2 10 11 1 8 5 0 4 9 6 3 
[00293376] 4 | _ 2 10 11 1 8 _ 0 4 9 6 2 
[00293377] 5 | _ 2 10 11 1 8 _ 0 9 4 6 _ 
[00293378] 4 | 6 2 10 11 1 8 _ 0 9 4 6 _ 
[00293379] 4 | _ 2 10 11 1 8 5 0 9 4 6 _ 
[00293380] 3 | _ 2 10 11 1 8 5 0 9 4 6 3 
[00293381] 4 | _ 2 10 11 1 8 _ 0 9 4 6 2 
[00293382] 5 | _ 2 10 11 1 8 _ 0 _ _ 6 1 
[00293383] 4 | _ 2 10 11 1 8 _ 0 4 _ 6 1 
[00293384] 3 | 5 2 10 11 1 8 _ 0 4 _ 6 1 
[00293385] 3 | _ 2 10 11 1 8 _ 0 4 7 6 1 
[00293386] 4 | _ 2 10 11 1 8 _ 0 3 7 6 1 
[00293387] 3 | 5 2 10 11 1 8 _ 0 3 7 6 1 
[00293388] 4 | _ 2 10 11 1 8 _ 0 5 9 6 1 
[00293389] 4 | _ 2 10 11 1 8 _ 0 7 3 6 1 
[00293390] 3 | 5 2 10 11 1 8 _ 0 7 3 6 1 
[00293391] 4 | _ 2 10 11 1 8 _ 0 9 5 6 1 
[00293392] 6 | _ 2 10 11 1 8 _ 0 _ _ 3 9 
[00293393] 5 | 7 2 10 11 1 8 _ 0 _ _ 3 9 
[00293394] 4 | 7 2 10 11 1 8 5 0 _ _ 3 9 
[00293395] 4 | 7 2 10 11 1 8 _ 0 4 _ 3 9 
[00293396] 3 | 7 2 10 11 1 8 4 0 4 _ 3 9 
[00293397] 3 | 7 2 10 11 1 8 _ 0 4 1 3 9 
[00293398] 5 | _ 2 10 11 1 8 6 0 _ _ 3 9 
[00293399] 4 | _ 2 10 11 1 8 6 0 4 _ 3 9 
[00293400] 3 | 5 2 10 11 1 8 6 0 4 _ 3 9 
[00293401] 3 | _ 2 10 11 1 8 6 0 4 7 3 9 
[00293402] 5 | _ 2 10 11 1 8 _ 0 5 _ 3 9 
[00293403] 4 | 6 2 10 11 1 8 _ 0 5 _ 3 9 
[00293404] 3 | 6 2 10 11 1 8 4 0 5 _ 3 9 
[00293405] 2 | 6 2 10 11 1 8 4 0 5 7 3 9 
[00293406] 4 | _ 2 10 11 1 8 5 0 5 _ 3 9 
[00293407] 4 | _ 2 10 11 1 8 _ 0 5 1 3 9 
[00293408] 6 | _ 2 10 11 1 8 _ 0 _ _ 9 3 
[00293409] 5 | 7 2 10 11 1 8 _ 0 _ _ 9 3 
[00293410] 4 | 7 2 10 11 1 8 5 0 _ _ 9 3 
[00293411] 4 | 7 2 10 11 1 8 _ 0 4 _ 9 3 
[00293412] 3 | 7 2 10 11 1 8 4 0 4 _ 9 3 
[00293413] 3 | 7 2 10 11 1 8 _ 0 4 1 9 3 
[00293414] 5 | _ 2 10 11 1 8 6 0 _ _ 9 3 
[00293415] 4 | _ 2 10 11 1 8 6 0 4 _ 9 3 
[00293416] 3 | 5 2 10 11 1 8 6 0 4 _ 9 3 
[00293417] 3 | _ 2 10 11 1 8 6 0 4 7 9 3 
[00293418] 5 | _ 2 10 11 1 8 _ 0 5 _ 9 3 
[00293419] 4 | 6 2 10 11 1 8 _ 0 5 _ 9 3 
[00293420] 3 | 6 2 10 11 1 8 4 0 5 _ 9 3 
[00293421] 2 | 6 2 10 11 1 8 4 0 5 7 9 3 
[00293422] 4 | _ 2 10 11 1 8 5 0 5 _ 9 3 
[00293423] 4 | _ 2 10 11 1 8 _ 0 5 1 9 3 
[00293424] 7 | _ 2 10 11 1 _ 8 0 _ _ _ _ 
[00293425] 6 | _ 2 10 11 1 7 8 0 _ _ _ _ 
[00293426] 5 | _ 2 10 11 1 7 8 0 5 _ _ _ 
[00293427] 4 | 6 2 10 11 1 7 8 0 5 _ _ _ 
[00293428] 3 | 6 2 10 11 1 7 8 0 5 _ 3 _ 
[00293429] 2 | 6 2 10 11 1 7 8 0 5 3 3 _ 
[00293430] 2 | 6 2 10 11 1 7 8 0 5 _ 3 5 
[00293431] 4 | _ 2 10 11 1 7 8 0 5 9 _ _ 
[00293432] 3 | _ 2 10 11 1 7 8 0 5 9 3 _ 
[00293433] 2 | 4 2 10 11 1 7 8 0 5 9 3 _ 
[00293434] 3 | _ 2 10 11 1 7 8 0 5 9 3 6 
[00293435] 2 | 4 2 10 11 1 7 8 0 5 9 3 6 
[00293436] 3 | _ 2 10 11 1 7 8 0 5 9 6 3 
[00293437] 2 | 4 2 10 11 1 7 8 0 5 9 6 3 
[00293438] 4 | _ 2 10 11 1 7 8 0 5 _ 4 _ 
[00293439] 3 | 5 2 10 11 1 7 8 0 5 _ 4 _ 
[00293440] 2 | 5 2 10 11 1 7 8 0 5 _ 4 6 
[00293441] 3 | _ 2 10 11 1 7 8 0 5 2 4 _ 
[00293442] 2 | _ 2 10 11 1 7 8 0 5 2 4 6 
[00293443] 5 | _ 2 10 11 1 7 8 0 4 9 _ _ 
[00293444] 4 | 6 2 10 11 1 7 8 0 4 9 _ _ 
[00293445] 3 | 6 2 10 11 1 7 8 0 4 9 3 _ 
[00293446] 2 | 6 2 10 11 1 7 8 0 4 9 3 5 
[00293447] 5 | _ 2 10 11 1 7 8 0 9 4 _ _ 
[00293448] 4 | 6 2 10 11 1 7 8 0 9 4 _ _ 
[00293449] 3 | 6 2 10 11 1 7 8 0 9 4 3 _ 
[00293450] 2 | 6 2 10 11 1 7 8 0 9 4 3 5 
[00293451] 5 | _ 2 10 11 1 7 8 0 _ _ 5 _ 
[00293452] 4 | 6 2 10 11 1 7 8 0 _ _ 5 _ 
[00293453] 3 | 6 2 10 11 1 7 8 0 3 _ 5 _ 
[00293454] 2 | 6 2 10 11 1 7 8 0 3 5 5 _ 
[00293455] 2 | 6 2 10 11 1 7 8 0 3 _ 5 3 
[00293456] 4 | _ 2 10 11 1 7 8 0 4 _ 5 _ 
[00293457] 3 | 5 2 10 11 1 7 8 0 4 _ 5 _ 
[00293458] 2 | 5 2 10 11 1 7 8 0 4 6 5 _ 
[00293459] 3 | _ 2 10 11 1 7 8 0 4 _ 5 2 
[00293460] 2 | _ 2 10 11 1 7 8 0 4 6 5 2 
[00293461] 4 | _ 2 10 11 1 7 8 0 _ _ 5 9 
[00293462] 3 | _ 2 10 11 1 7 8 0 3 _ 5 9 
[00293463] 2 | 4 2 10 11 1 7 8 0 3 _ 5 9 
[00293464] 3 | _ 2 10 11 1 7 8 0 3 6 5 9 
[00293465] 2 | 4 2 10 11 1 7 8 0 3 6 5 9 
[00293466] 3 | _ 2 10 11 1 7 8 0 6 3 5 9 
[00293467] 2 | 4 2 10 11 1 7 8 0 6 3 5 9 
[00293468] 5 | _ 2 10 11 1 7 8 0 _ _ 4 9 
[00293469] 4 | 6 2 10 11 1 7 8 0 _ _ 4 9 
[00293470] 3 | 6 2 10 11 1 7 8 0 3 _ 4 9 
[00293471] 2 | 6 2 10 11 1 7 8 0 3 5 4 9 
[00293472] 5 | _ 2 10 11 1 7 8 0 _ _ 9 4 
[00293473] 4 | 6 2 10 11 1 7 8 0 _ _ 9 4 
[00293474] 3 | 6 2 10 11 1 7 8 0 3 _ 9 4 
[00293475] 2 | 6 2 10 11 1 7 8 0 3 5 9 4 
[00293476] 6 | _ 2 10 11 1 _ 8 0 6 _ _ _ 
[00293477] 5 | 7 2 10 11 1 _ 8 0 6 _ _ _ 
[00293478] 4 | 7 2 10 11 1 5 8 0 6 _ _ _ 
[00293479] 3 | 7 2 10 11 1 5 8 0 6 3 _ _ 
[00293480] 3 | 7 2 10 11 1 5 8 0 6 9 _ _ 
[00293481] 3 | 7 2 10 11 1 5 8 0 6 _ 3 _ 
[00293482] 2 | 7 2 10 11 1 5 8 0 6 4 3 _ 
[00293483] 4 | 7 2 10 11 1 _ 8 0 6 _ 4 _ 
[00293484] 3 | 7 2 10 11 1 4 8 0 6 _ 4 _ 
[00293485] 3 | 7 2 10 11 1 _ 8 0 6 3 4 _ 
[00293486] 3 | 7 2 10 11 1 _ 8 0 6 9 4 _ 
[00293487] 2 | 7 2 10 11 1 3 8 0 6 9 4 _ 
[00293488] 1 | 7 2 10 11 1 3 8 0 6 9 4 5  *Graceful*
[00293488] 3 | 7 2 10 11 1 _ 8 0 6 _ 4 1 
[00293489] 4 | 7 2 10 11 1 _ 8 0 6 _ 5 9 
[00293490] 3 | 7 2 10 11 1 4 8 0 6 _ 5 9 
[00293491] 3 | 7 2 10 11 1 _ 8 0 6 3 5 9 
[00293492] 4 | 7 2 10 11 1 _ 8 0 6 _ 9 5 
[00293493] 3 | 7 2 10 11 1 4 8 0 6 _ 9 5 
[00293494] 3 | 7 2 10 11 1 _ 8 0 6 3 9 5 
[00293495] 5 | _ 2 10 11 1 6 8 0 6 _ _ _ 
[00293496] 4 | _ 2 10 11 1 6 8 0 6 _ 4 _ 
[00293497] 3 | 5 2 10 11 1 6 8 0 6 _ 4 _ 
[00293498] 3 | _ 2 10 11 1 6 8 0 6 _ 4 7 
[00293499] 4 | _ 2 10 11 1 6 8 0 6 _ 3 7 
[00293500] 3 | 5 2 10 11 1 6 8 0 6 _ 3 7 
[00293501] 4 | _ 2 10 11 1 6 8 0 6 _ 5 9 
[00293502] 4 | _ 2 10 11 1 6 8 0 6 _ 7 3 
[00293503] 3 | 5 2 10 11 1 6 8 0 6 _ 7 3 
[00293504] 4 | _ 2 10 11 1 6 8 0 6 _ 9 5 
[00293505] 5 | _ 2 10 11 1 _ 8 0 6 1 _ _ 
[00293506] 4 | _ 2 10 11 1 _ 8 0 6 1 4 _ 
[00293507] 3 | 5 2 10 11 1 _ 8 0 6 1 4 _ 
[00293508] 3 | _ 2 10 11 1 _ 8 0 6 1 4 7 
[00293509] 4 | _ 2 10 11 1 _ 8 0 6 1 3 7 
[00293510] 3 | 5 2 10 11 1 _ 8 0 6 1 3 7 
[00293511] 4 | _ 2 10 11 1 _ 8 0 6 1 5 9 
[00293512] 4 | _ 2 10 11 1 _ 8 0 6 1 7 3 
[00293513] 3 | 5 2 10 11 1 _ 8 0 6 1 7 3 
[00293514] 4 | _ 2 10 11 1 _ 8 0 6 1 9 5 
[00293515] 5 | _ 2 10 11 1 _ 8 0 6 _ 5 _ 
[00293516] 4 | 6 2 10 11 1 _ 8 0 6 _ 5 _ 
[00293517] 3 | 6 2 10 11 1 4 8 0 6 _ 5 _ 
[00293518] 2 | 6 2 10 11 1 4 8 0 6 _ 5 3 
[00293519] 2 | 6 2 10 11 1 4 8 0 6 _ 5 7 
[00293520] 4 | _ 2 10 11 1 5 8 0 6 _ 5 _ 
[00293521] 3 | _ 2 10 11 1 5 8 0 6 3 5 _ 
[00293522] 2 | 4 2 10 11 1 5 8 0 6 3 5 _ 
[00293523] 3 | _ 2 10 11 1 5 8 0 6 9 5 _ 
[00293524] 2 | 4 2 10 11 1 5 8 0 6 9 5 _ 
[00293525] 4 | _ 2 10 11 1 _ 8 0 6 2 5 _ 
[00293526] 3 | _ 2 10 11 1 4 8 0 6 2 5 _ 
[00293527] 2 | _ 2 10 11 1 4 8 0 6 2 5 3 
[00293528] 2 | _ 2 10 11 1 4 8 0 6 2 5 7 
[00293529] 4 | _ 2 10 11 1 _ 8 0 6 _ 5 1 
[00293530] 3 | _ 2 10 11 1 _ 8 0 6 3 5 1 
[00293531] 2 | 4 2 10 11 1 _ 8 0 6 3 5 1 
[00293532] 3 | _ 2 10 11 1 _ 8 0 6 9 5 1 
[00293533] 2 | 4 2 10 11 1 _ 8 0 6 9 5 1 
[00293534] 4 | _ 2 10 11 1 _ 8 0 6 _ 5 9 
[00293535] 3 | _ 2 10 11 1 4 8 0 6 _ 5 9 
[00293536] 3 | _ 2 10 11 1 _ 8 0 6 3 5 9 
[00293537] 2 | 4 2 10 11 1 _ 8 0 6 3 5 9 
[00293538] 5 | _ 2 10 11 1 _ 8 0 6 _ 4 9 
[00293539] 4 | 6 2 10 11 1 _ 8 0 6 _ 4 9 
[00293540] 4 | _ 2 10 11 1 5 8 0 6 _ 4 9 
[00293541] 3 | _ 2 10 11 1 5 8 0 6 3 4 9 
[00293542] 4 | _ 2 10 11 1 _ 8 0 6 2 4 9 
[00293543] 5 | _ 2 10 11 1 _ 8 0 6 _ 9 4 
[00293544] 4 | 6 2 10 11 1 _ 8 0 6 _ 9 4 
[00293545] 4 | _ 2 10 11 1 5 8 0 6 _ 9 4 
[00293546] 3 | _ 2 10 11 1 5 8 0 6 3 9 4 
[00293547] 4 | _ 2 10 11 1 _ 8 0 6 2 9 4 
[00293548] 6 | _ 2 10 11 1 _ 8 0 3 9 _ _ 
[00293549] 5 | 7 2 10 11 1 _ 8 0 3 9 _ _ 
[00293550] 4 | 7 2 10 11 1 5 8 0 3 9 _ _ 
[00293551] 4 | 7 2 10 11 1 _ 8 0 3 9 4 _ 
[00293552] 3 | 7 2 10 11 1 4 8 0 3 9 4 _ 
[00293553] 3 | 7 2 10 11 1 _ 8 0 3 9 4 1 
[00293554] 5 | _ 2 10 11 1 6 8 0 3 9 _ _ 
[00293555] 4 | _ 2 10 11 1 6 8 0 3 9 4 _ 
[00293556] 3 | 5 2 10 11 1 6 8 0 3 9 4 _ 
[00293557] 3 | _ 2 10 11 1 6 8 0 3 9 4 7 
[00293558] 5 | _ 2 10 11 1 _ 8 0 3 9 5 _ 
[00293559] 4 | 6 2 10 11 1 _ 8 0 3 9 5 _ 
[00293560] 3 | 6 2 10 11 1 4 8 0 3 9 5 _ 
[00293561] 2 | 6 2 10 11 1 4 8 0 3 9 5 7 
[00293562] 4 | _ 2 10 11 1 5 8 0 3 9 5 _ 
[00293563] 4 | _ 2 10 11 1 _ 8 0 3 9 5 1 
[00293564] 6 | _ 2 10 11 1 _ 8 0 9 3 _ _ 
[00293565] 5 | 7 2 10 11 1 _ 8 0 9 3 _ _ 
[00293566] 4 | 7 2 10 11 1 5 8 0 9 3 _ _ 
[00293567] 4 | 7 2 10 11 1 _ 8 0 9 3 4 _ 
[00293568] 3 | 7 2 10 11 1 4 8 0 9 3 4 _ 
[00293569] 3 | 7 2 10 11 1 _ 8 0 9 3 4 1 
[00293570] 5 | _ 2 10 11 1 6 8 0 9 3 _ _ 
[00293571] 4 | _ 2 10 11 1 6 8 0 9 3 4 _ 
[00293572] 3 | 5 2 10 11 1 6 8 0 9 3 4 _ 
[00293573] 3 | _ 2 10 11 1 6 8 0 9 3 4 7 
[00293574] 5 | _ 2 10 11 1 _ 8 0 9 3 5 _ 
[00293575] 4 | 6 2 10 11 1 _ 8 0 9 3 5 _ 
[00293576] 3 | 6 2 10 11 1 4 8 0 9 3 5 _ 
[00293577] 2 | 6 2 10 11 1 4 8 0 9 3 5 7 
[00293578] 4 | _ 2 10 11 1 5 8 0 9 3 5 _ 
[00293579] 4 | _ 2 10 11 1 _ 8 0 9 3 5 1 
[00293580] 6 | _ 2 10 11 1 _ 8 0 _ _ 6 _ 
[00293581] 5 | 7 2 10 11 1 _ 8 0 _ _ 6 _ 
[00293582] 4 | 7 2 10 11 1 5 8 0 _ _ 6 _ 
[00293583] 3 | 7 2 10 11 1 5 8 0 3 _ 6 _ 
[00293584] 2 | 7 2 10 11 1 5 8 0 3 _ 6 4 
[00293585] 3 | 7 2 10 11 1 5 8 0 _ _ 6 3 
[00293586] 3 | 7 2 10 11 1 5 8 0 _ _ 6 9 
[00293587] 4 | 7 2 10 11 1 _ 8 0 4 _ 6 _ 
[00293588] 3 | 7 2 10 11 1 4 8 0 4 _ 6 _ 
[00293589] 3 | 7 2 10 11 1 _ 8 0 4 1 6 _ 
[00293590] 3 | 7 2 10 11 1 _ 8 0 4 _ 6 3 
[00293591] 3 | 7 2 10 11 1 _ 8 0 4 _ 6 9 
[00293592] 2 | 7 2 10 11 1 3 8 0 4 _ 6 9 
[00293593] 1 | 7 2 10 11 1 3 8 0 4 5 6 9  *Graceful*
[00293593] 4 | 7 2 10 11 1 _ 8 0 5 9 6 _ 
[00293594] 3 | 7 2 10 11 1 4 8 0 5 9 6 _ 
[00293595] 3 | 7 2 10 11 1 _ 8 0 5 9 6 3 
[00293596] 4 | 7 2 10 11 1 _ 8 0 9 5 6 _ 
[00293597] 3 | 7 2 10 11 1 4 8 0 9 5 6 _ 
[00293598] 3 | 7 2 10 11 1 _ 8 0 9 5 6 3 
[00293599] 5 | _ 2 10 11 1 6 8 0 _ _ 6 _ 
[00293600] 4 | _ 2 10 11 1 6 8 0 4 _ 6 _ 
[00293601] 3 | 5 2 10 11 1 6 8 0 4 _ 6 _ 
[00293602] 3 | _ 2 10 11 1 6 8 0 4 7 6 _ 
[00293603] 4 | _ 2 10 11 1 6 8 0 3 7 6 _ 
[00293604] 3 | 5 2 10 11 1 6 8 0 3 7 6 _ 
[00293605] 4 | _ 2 10 11 1 6 8 0 5 9 6 _ 
[00293606] 4 | _ 2 10 11 1 6 8 0 7 3 6 _ 
[00293607] 3 | 5 2 10 11 1 6 8 0 7 3 6 _ 
[00293608] 4 | _ 2 10 11 1 6 8 0 9 5 6 _ 
[00293609] 5 | _ 2 10 11 1 _ 8 0 5 _ 6 _ 
[00293610] 4 | 6 2 10 11 1 _ 8 0 5 _ 6 _ 
[00293611] 3 | 6 2 10 11 1 4 8 0 5 _ 6 _ 
[00293612] 2 | 6 2 10 11 1 4 8 0 5 3 6 _ 
[00293613] 2 | 6 2 10 11 1 4 8 0 5 7 6 _ 
[00293614] 4 | _ 2 10 11 1 5 8 0 5 _ 6 _ 
[00293615] 3 | _ 2 10 11 1 5 8 0 5 _ 6 3 
[00293616] 2 | 4 2 10 11 1 5 8 0 5 _ 6 3 
[00293617] 3 | _ 2 10 11 1 5 8 0 5 _ 6 9 
[00293618] 2 | 4 2 10 11 1 5 8 0 5 _ 6 9 
[00293619] 4 | _ 2 10 11 1 _ 8 0 5 1 6 _ 
[00293620] 3 | _ 2 10 11 1 _ 8 0 5 1 6 3 
[00293621] 2 | 4 2 10 11 1 _ 8 0 5 1 6 3 
[00293622] 3 | _ 2 10 11 1 _ 8 0 5 1 6 9 
[00293623] 2 | 4 2 10 11 1 _ 8 0 5 1 6 9 
[00293624] 4 | _ 2 10 11 1 _ 8 0 5 9 6 _ 
[00293625] 3 | _ 2 10 11 1 4 8 0 5 9 6 _ 
[00293626] 3 | _ 2 10 11 1 _ 8 0 5 9 6 3 
[00293627] 2 | 4 2 10 11 1 _ 8 0 5 9 6 3 
[00293628] 4 | _ 2 10 11 1 _ 8 0 5 _ 6 2 
[00293629] 3 | _ 2 10 11 1 4 8 0 5 _ 6 2 
[00293630] 2 | _ 2 10 11 1 4 8 0 5 3 6 2 
[00293631] 2 | _ 2 10 11 1 4 8 0 5 7 6 2 
[00293632] 5 | _ 2 10 11 1 _ 8 0 4 9 6 _ 
[00293633] 4 | 6 2 10 11 1 _ 8 0 4 9 6 _ 
[00293634] 4 | _ 2 10 11 1 5 8 0 4 9 6 _ 
[00293635] 3 | _ 2 10 11 1 5 8 0 4 9 6 3 
[00293636] 4 | _ 2 10 11 1 _ 8 0 4 9 6 2 
[00293637] 5 | _ 2 10 11 1 _ 8 0 9 4 6 _ 
[00293638] 4 | 6 2 10 11 1 _ 8 0 9 4 6 _ 
[00293639] 4 | _ 2 10 11 1 5 8 0 9 4 6 _ 
[00293640] 3 | _ 2 10 11 1 5 8 0 9 4 6 3 
[00293641] 4 | _ 2 10 11 1 _ 8 0 9 4 6 2 
[00293642] 5 | _ 2 10 11 1 _ 8 0 _ _ 6 1 
[00293643] 4 | _ 2 10 11 1 _ 8 0 4 _ 6 1 
[00293644] 3 | 5 2 10 11 1 _ 8 0 4 _ 6 1 
[00293645] 3 | _ 2 10 11 1 _ 8 0 4 7 6 1 
[00293646] 4 | _ 2 10 11 1 _ 8 0 3 7 6 1 
[00293647] 3 | 5 2 10 11 1 _ 8 0 3 7 6 1 
[00293648] 4 | _ 2 10 11 1 _ 8 0 5 9 6 1 
[00293649] 4 | _ 2 10 11 1 _ 8 0 7 3 6 1 
[00293650] 3 | 5 2 10 11 1 _ 8 0 7 3 6 1 
[00293651] 4 | _ 2 10 11 1 _ 8 0 9 5 6 1 
[00293652] 6 | _ 2 10 11 1 _ 8 0 _ _ 3 9 
[00293653] 5 | 7 2 10 11 1 _ 8 0 _ _ 3 9 
[00293654] 4 | 7 2 10 11 1 5 8 0 _ _ 3 9 
[00293655] 4 | 7 2 10 11 1 _ 8 0 4 _ 3 9 
[00293656] 3 | 7 2 10 11 1 4 8 0 4 _ 3 9 
[00293657] 3 | 7 2 10 11 1 _ 8 0 4 1 3 9 
[00293658] 5 | _ 2 10 11 1 6 8 0 _ _ 3 9 
[00293659] 4 | _ 2 10 11 1 6 8 0 4 _ 3 9 
[00293660] 3 | 5 2 10 11 1 6 8 0 4 _ 3 9 
[00293661] 3 | _ 2 10 11 1 6 8 0 4 7 3 9 
[00293662] 5 | _ 2 10 11 1 _ 8 0 5 _ 3 9 
[00293663] 4 | 6 2 10 11 1 _ 8 0 5 _ 3 9 
[00293664] 3 | 6 2 10 11 1 4 8 0 5 _ 3 9 
[00293665] 2 | 6 2 10 11 1 4 8 0 5 7 3 9 
[00293666] 4 | _ 2 10 11 1 5 8 0 5 _ 3 9 
[00293667] 4 | _ 2 10 11 1 _ 8 0 5 1 3 9 
[00293668] 6 | _ 2 10 11 1 _ 8 0 _ _ 9 3 
[00293669] 5 | 7 2 10 11 1 _ 8 0 _ _ 9 3 
[00293670] 4 | 7 2 10 11 1 5 8 0 _ _ 9 3 
[00293671] 4 | 7 2 10 11 1 _ 8 0 4 _ 9 3 
[00293672] 3 | 7 2 10 11 1 4 8 0 4 _ 9 3 
[00293673] 3 | 7 2 10 11 1 _ 8 0 4 1 9 3 
[00293674] 5 | _ 2 10 11 1 6 8 0 _ _ 9 3 
[00293675] 4 | _ 2 10 11 1 6 8 0 4 _ 9 3 
[00293676] 3 | 5 2 10 11 1 6 8 0 4 _ 9 3 
[00293677] 3 | _ 2 10 11 1 6 8 0 4 7 9 3 
[00293678] 5 | _ 2 10 11 1 _ 8 0 5 _ 9 3 
[00293679] 4 | 6 2 10 11 1 _ 8 0 5 _ 9 3 
[00293680] 3 | 6 2 10 11 1 4 8 0 5 _ 9 3 
[00293681] 2 | 6 2 10 11 1 4 8 0 5 7 9 3 
[00293682] 4 | _ 2 10 11 1 5 8 0 5 _ 9 3 
[00293683] 4 | _ 2 10 11 1 _ 8 0 5 1 9 3 
[00293684] 7 | _ 2 10 11 1 _ _ 0 7 _ _ _ 
[00293685] 6 | 8 2 10 11 1 _ _ 0 7 _ _ _ 
[00293686] 5 | 8 2 10 11 1 6 _ 0 7 _ _ _ 
[00293687] 4 | 8 2 10 11 1 6 5 0 7 _ _ _ 
[00293688] 3 | 8 2 10 11 1 6 5 0 7 4 _ _ 
[00293689] 3 | 8 2 10 11 1 6 5 0 7 _ 3 _ 
[00293690] 2 | 8 2 10 11 1 6 5 0 7 9 3 _ 
[00293691] 1 | 8 2 10 11 1 6 5 0 7 9 3 4  *Graceful*
[00293691] 4 | 8 2 10 11 1 6 _ 0 7 3 _ _ 
[00293692] 3 | 8 2 10 11 1 6 4 0 7 3 _ _ 
[00293693] 4 | 8 2 10 11 1 6 _ 0 7 _ 4 _ 
[00293694] 3 | 8 2 10 11 1 6 4 0 7 _ 4 _ 
[00293695] 2 | 8 2 10 11 1 6 4 0 7 5 4 _ 
[00293696] 2 | 8 2 10 11 1 6 4 0 7 9 4 _ 
[00293697] 3 | 8 2 10 11 1 6 _ 0 7 4 4 _ 
[00293698] 2 | 8 2 10 11 1 6 3 0 7 4 4 _ 
[00293699] 3 | 8 2 10 11 1 6 _ 0 7 _ 4 1 
[00293700] 2 | 8 2 10 11 1 6 _ 0 7 5 4 1 
[00293701] 2 | 8 2 10 11 1 6 _ 0 7 9 4 1 
[00293702] 3 | 8 2 10 11 1 6 _ 0 7 _ 4 7 
[00293703] 2 | 8 2 10 11 1 6 3 0 7 _ 4 7 
[00293704] 4 | 8 2 10 11 1 6 _ 0 7 _ 5 9 
[00293705] 3 | 8 2 10 11 1 6 4 0 7 _ 5 9 
[00293706] 3 | 8 2 10 11 1 6 _ 0 7 4 5 9 
[00293707] 2 | 8 2 10 11 1 6 3 0 7 4 5 9 
[00293708] 4 | 8 2 10 11 1 6 _ 0 7 _ 9 5 
[00293709] 3 | 8 2 10 11 1 6 4 0 7 _ 9 5 
[00293710] 3 | 8 2 10 11 1 6 _ 0 7 4 9 5 
[00293711] 2 | 8 2 10 11 1 6 3 0 7 4 9 5 
[00293712] 5 | 8 2 10 11 1 _ 6 0 7 _ _ _ 
[00293713] 4 | 8 2 10 11 1 5 6 0 7 _ _ _ 
[00293714] 3 | 8 2 10 11 1 5 6 0 7 4 _ _ 
[00293715] 3 | 8 2 10 11 1 5 6 0 7 _ 3 _ 
[00293716] 2 | 8 2 10 11 1 5 6 0 7 9 3 _ 
[00293717] 1 | 8 2 10 11 1 5 6 0 7 9 3 4  *Graceful*
[00293717] 4 | 8 2 10 11 1 _ 6 0 7 3 _ _ 
[00293718] 3 | 8 2 10 11 1 4 6 0 7 3 _ _ 
[00293719] 4 | 8 2 10 11 1 _ 6 0 7 _ 4 _ 
[00293720] 3 | 8 2 10 11 1 4 6 0 7 _ 4 _ 
[00293721] 2 | 8 2 10 11 1 4 6 0 7 5 4 _ 
[00293722] 2 | 8 2 10 11 1 4 6 0 7 9 4 _ 
[00293723] 3 | 8 2 10 11 1 _ 6 0 7 4 4 _ 
[00293724] 2 | 8 2 10 11 1 3 6 0 7 4 4 _ 
[00293725] 3 | 8 2 10 11 1 _ 6 0 7 _ 4 1 
[00293726] 2 | 8 2 10 11 1 _ 6 0 7 5 4 1 
[00293727] 2 | 8 2 10 11 1 _ 6 0 7 9 4 1 
[00293728] 3 | 8 2 10 11 1 _ 6 0 7 _ 4 7 
[00293729] 2 | 8 2 10 11 1 3 6 0 7 _ 4 7 
[00293730] 4 | 8 2 10 11 1 _ 6 0 7 _ 5 9 
[00293731] 3 | 8 2 10 11 1 4 6 0 7 _ 5 9 
[00293732] 3 | 8 2 10 11 1 _ 6 0 7 4 5 9 
[00293733] 2 | 8 2 10 11 1 3 6 0 7 4 5 9 
[00293734] 4 | 8 2 10 11 1 _ 6 0 7 _ 9 5 
[00293735] 3 | 8 2 10 11 1 4 6 0 7 _ 9 5 
[00293736] 3 | 8 2 10 11 1 _ 6 0 7 4 9 5 
[00293737] 2 | 8 2 10 11 1 3 6 0 7 4 9 5 
[00293738] 5 | 8 2 10 11 1 _ _ 0 7 _ 5 _ 
[00293739] 4 | 8 2 10 11 1 5 _ 0 7 _ 5 _ 
[00293740] 3 | 8 2 10 11 1 5 4 0 7 _ 5 _ 
[00293741] 2 | 8 2 10 11 1 5 4 0 7 9 5 _ 
[00293742] 3 | 8 2 10 11 1 5 _ 0 7 4 5 _ 
[00293743] 2 | 8 2 10 11 1 5 3 0 7 4 5 _ 
[00293744] 4 | 8 2 10 11 1 _ 5 0 7 _ 5 _ 
[00293745] 3 | 8 2 10 11 1 4 5 0 7 _ 5 _ 
[00293746] 2 | 8 2 10 11 1 4 5 0 7 9 5 _ 
[00293747] 3 | 8 2 10 11 1 _ 5 0 7 4 5 _ 
[00293748] 2 | 8 2 10 11 1 3 5 0 7 4 5 _ 
[00293749] 4 | 8 2 10 11 1 _ _ 0 7 3 5 _ 
[00293750] 3 | 8 2 10 11 1 4 _ 0 7 3 5 _ 
[00293751] 3 | 8 2 10 11 1 _ 4 0 7 3 5 _ 
[00293752] 4 | 8 2 10 11 1 _ _ 0 7 _ 5 1 
[00293753] 3 | 8 2 10 11 1 _ _ 0 7 4 5 1 
[00293754] 4 | 8 2 10 11 1 _ _ 0 7 _ 5 9 
[00293755] 3 | 8 2 10 11 1 4 _ 0 7 _ 5 9 
[00293756] 2 | 8 2 10 11 1 4 3 0 7 _ 5 9 
[00293757] 1 | 8 2 10 11 1 4 3 0 7 6 5 9  *Graceful*
[00293757] 3 | 8 2 10 11 1 _ 4 0 7 _ 5 9 
[00293758] 2 | 8 2 10 11 1 3 4 0 7 _ 5 9 
[00293759] 1 | 8 2 10 11 1 3 4 0 7 6 5 9  *Graceful*
[00293759] 3 | 8 2 10 11 1 _ _ 0 7 4 5 9 
[00293760] 2 | 8 2 10 11 1 3 _ 0 7 4 5 9 
[00293761] 2 | 8 2 10 11 1 _ 3 0 7 4 5 9 
[00293762] 5 | 8 2 10 11 1 _ _ 0 7 _ 4 9 
[00293763] 4 | 8 2 10 11 1 5 _ 0 7 _ 4 9 
[00293764] 4 | 8 2 10 11 1 _ 5 0 7 _ 4 9 
[00293765] 4 | 8 2 10 11 1 _ _ 0 7 3 4 9 
[00293766] 5 | 8 2 10 11 1 _ _ 0 7 _ 9 4 
[00293767] 4 | 8 2 10 11 1 5 _ 0 7 _ 9 4 
[00293768] 4 | 8 2 10 11 1 _ 5 0 7 _ 9 4 
[00293769] 4 | 8 2 10 11 1 _ _ 0 7 3 9 4 
[00293770] 6 | _ 2 10 11 1 7 _ 0 7 _ _ _ 
[00293771] 5 | _ 2 10 11 1 7 6 0 7 _ _ _ 
[00293772] 4 | _ 2 10 11 1 7 6 0 7 _ 4 _ 
[00293773] 3 | 5 2 10 11 1 7 6 0 7 _ 4 _ 
[00293774] 4 | _ 2 10 11 1 7 6 0 7 _ 4 8 
[00293775] 3 | 5 2 10 11 1 7 6 0 7 _ 4 8 
[00293776] 4 | _ 2 10 11 1 7 6 0 7 _ 5 9 
[00293777] 4 | _ 2 10 11 1 7 6 0 7 _ 8 4 
[00293778] 3 | 5 2 10 11 1 7 6 0 7 _ 8 4 
[00293779] 4 | _ 2 10 11 1 7 6 0 7 _ 9 5 
[00293780] 5 | _ 2 10 11 1 7 _ 0 7 _ 5 _ 
[00293781] 4 | 6 2 10 11 1 7 _ 0 7 _ 5 _ 
[00293782] 3 | 6 2 10 11 1 7 4 0 7 _ 5 _ 
[00293783] 2 | 6 2 10 11 1 7 4 0 7 _ 5 3 
[00293784] 3 | 6 2 10 11 1 7 _ 0 7 _ 5 8 
[00293785] 2 | 6 2 10 11 1 7 3 0 7 _ 5 8 
[00293786] 4 | _ 2 10 11 1 7 5 0 7 _ 5 _ 
[00293787] 4 | _ 2 10 11 1 7 _ 0 7 _ 5 1 
[00293788] 4 | _ 2 10 11 1 7 _ 0 7 _ 5 9 
[00293789] 3 | _ 2 10 11 1 7 4 0 7 _ 5 9 
[00293790] 5 | _ 2 10 11 1 7 _ 0 7 _ 3 8 
[00293791] 4 | 6 2 10 11 1 7 _ 0 7 _ 3 8 
[00293792] 3 | 6 2 10 11 1 7 4 0 7 _ 3 8 
[00293793] 4 | _ 2 10 11 1 7 5 0 7 _ 3 8 
[00293794] 5 | _ 2 10 11 1 7 _ 0 7 _ 4 9 
[00293795] 4 | 6 2 10 11 1 7 _ 0 7 _ 4 9 
[00293796] 4 | _ 2 10 11 1 7 5 0 7 _ 4 9 
[00293797] 5 | _ 2 10 11 1 7 _ 0 7 _ 8 3 
[00293798] 4 | 6 2 10 11 1 7 _ 0 7 _ 8 3 
[00293799] 3 | 6 2 10 11 1 7 4 0 7 _ 8 3 
[00293800] 4 | _ 2 10 11 1 7 5 0 7 _ 8 3 
[00293801] 5 | _ 2 10 11 1 7 _ 0 7 _ 9 4 
[00293802] 4 | 6 2 10 11 1 7 _ 0 7 _ 9 4 
[00293803] 4 | _ 2 10 11 1 7 5 0 7 _ 9 4 
[00293804] 6 | _ 2 10 11 1 _ 7 0 7 _ _ _ 
[00293805] 5 | _ 2 10 11 1 6 7 0 7 _ _ _ 
[00293806] 4 | _ 2 10 11 1 6 7 0 7 _ 4 _ 
[00293807] 3 | 5 2 10 11 1 6 7 0 7 _ 4 _ 
[00293808] 4 | _ 2 10 11 1 6 7 0 7 _ 4 8 
[00293809] 3 | 5 2 10 11 1 6 7 0 7 _ 4 8 
[00293810] 4 | _ 2 10 11 1 6 7 0 7 _ 5 9 
[00293811] 4 | _ 2 10 11 1 6 7 0 7 _ 8 4 
[00293812] 3 | 5 2 10 11 1 6 7 0 7 _ 8 4 
[00293813] 4 | _ 2 10 11 1 6 7 0 7 _ 9 5 
[00293814] 5 | _ 2 10 11 1 _ 7 0 7 _ 5 _ 
[00293815] 4 | 6 2 10 11 1 _ 7 0 7 _ 5 _ 
[00293816] 3 | 6 2 10 11 1 4 7 0 7 _ 5 _ 
[00293817] 2 | 6 2 10 11 1 4 7 0 7 _ 5 3 
