[00207617] 2 | 1 10 6 0 8 _ 3 11 4 2 5 8 
[00207618] 4 | 1 10 _ 0 8 4 3 11 4 _ 5 _ 
[00207619] 3 | 1 10 7 0 8 4 3 11 4 _ 5 _ 
[00207620] 3 | 1 10 _ 0 8 4 3 11 4 _ 5 2 
[00207621] 4 | 1 10 _ 0 8 _ 3 11 4 8 5 _ 
[00207622] 3 | 1 10 7 0 8 _ 3 11 4 8 5 _ 
[00207623] 3 | 1 10 _ 0 8 _ 3 11 4 8 5 2 
[00207624] 4 | 1 10 _ 0 8 _ 3 11 4 _ 5 9 
[00207625] 3 | 1 10 7 0 8 _ 3 11 4 _ 5 9 
[00207626] 2 | 1 10 7 0 8 6 3 11 4 _ 5 9 
[00207627] 2 | 1 10 7 0 8 _ 3 11 4 2 5 9 
[00207628] 2 | 1 10 7 0 8 _ 3 11 4 6 5 9 
[00207629] 3 | 1 10 _ 0 8 _ 3 11 4 7 5 9 
[00207630] 2 | 1 10 8 0 8 _ 3 11 4 7 5 9 
[00207631] 2 | 1 10 _ 0 8 6 3 11 4 7 5 9 
[00207632] 2 | 1 10 _ 0 8 10 3 11 4 7 5 9 
[00207633] 5 | 1 10 _ 0 8 _ _ 11 4 9 5 _ 
[00207634] 4 | 1 10 6 0 8 _ _ 11 4 9 5 _ 
[00207635] 3 | 1 10 6 0 8 5 _ 11 4 9 5 _ 
[00207636] 3 | 1 10 6 0 8 _ 5 11 4 9 5 _ 
[00207637] 3 | 1 10 6 0 8 _ _ 11 4 9 5 2 
[00207638] 3 | 1 10 6 0 8 _ _ 11 4 9 5 8 
[00207639] 5 | 1 10 _ 0 8 _ _ 11 4 _ 5 10 
[00207640] 4 | 1 10 _ 0 8 4 _ 11 4 _ 5 10 
[00207641] 4 | 1 10 _ 0 8 _ 4 11 4 _ 5 10 
[00207642] 4 | 1 10 _ 0 8 _ _ 11 4 8 5 10 
[00207643] 6 | 1 10 _ 0 8 _ _ 11 4 _ 3 9 
[00207644] 5 | 1 10 5 0 8 _ _ 11 4 _ 3 9 
[00207645] 4 | 1 10 5 0 8 4 _ 11 4 _ 3 9 
[00207646] 4 | 1 10 5 0 8 _ 4 11 4 _ 3 9 
[00207647] 4 | 1 10 5 0 8 _ _ 11 4 8 3 9 
[00207648] 6 | 1 10 _ 0 8 _ _ 11 4 _ 9 3 
[00207649] 5 | 1 10 5 0 8 _ _ 11 4 _ 9 3 
[00207650] 4 | 1 10 5 0 8 4 _ 11 4 _ 9 3 
[00207651] 4 | 1 10 5 0 8 _ 4 11 4 _ 9 3 
[00207652] 4 | 1 10 5 0 8 _ _ 11 4 8 9 3 
[00207653] 7 | 1 10 _ 0 8 _ _ 11 2 9 _ _ 
[00207654] 6 | 1 10 4 0 8 _ _ 11 2 9 _ _ 
[00207655] 5 | 1 10 4 0 8 3 _ 11 2 9 _ _ 
[00207656] 4 | 1 10 4 0 8 3 _ 11 2 9 7 _ 
[00207657] 3 | 1 10 4 0 8 3 5 11 2 9 7 _ 
[00207658] 5 | 1 10 4 0 8 _ 3 11 2 9 _ _ 
[00207659] 4 | 1 10 4 0 8 _ 3 11 2 9 7 _ 
[00207660] 3 | 1 10 4 0 8 5 3 11 2 9 7 _ 
[00207661] 5 | 1 10 4 0 8 _ _ 11 2 9 6 _ 
[00207662] 6 | 1 10 _ 0 8 _ _ 11 2 9 5 _ 
[00207663] 5 | 1 10 5 0 8 _ _ 11 2 9 5 _ 
[00207664] 4 | 1 10 5 0 8 4 _ 11 2 9 5 _ 
[00207665] 4 | 1 10 5 0 8 _ 4 11 2 9 5 _ 
[00207666] 5 | 1 10 _ 0 8 3 _ 11 2 9 5 _ 
[00207667] 4 | 1 10 6 0 8 3 _ 11 2 9 5 _ 
[00207668] 3 | 1 10 6 0 8 3 5 11 2 9 5 _ 
[00207669] 3 | 1 10 6 0 8 3 _ 11 2 9 5 8 
[00207670] 4 | 1 10 _ 0 8 3 4 11 2 9 5 _ 
[00207671] 3 | 1 10 7 0 8 3 4 11 2 9 5 _ 
[00207672] 5 | 1 10 _ 0 8 _ 3 11 2 9 5 _ 
[00207673] 4 | 1 10 6 0 8 _ 3 11 2 9 5 _ 
[00207674] 3 | 1 10 6 0 8 5 3 11 2 9 5 _ 
[00207675] 3 | 1 10 6 0 8 _ 3 11 2 9 5 8 
[00207676] 4 | 1 10 _ 0 8 4 3 11 2 9 5 _ 
[00207677] 3 | 1 10 7 0 8 4 3 11 2 9 5 _ 
[00207678] 5 | 1 10 _ 0 8 _ _ 11 2 9 5 10 
[00207679] 4 | 1 10 _ 0 8 4 _ 11 2 9 5 10 
[00207680] 4 | 1 10 _ 0 8 _ 4 11 2 9 5 10 
[00207681] 7 | 1 10 _ 0 8 _ _ 11 9 2 _ _ 
[00207682] 6 | 1 10 4 0 8 _ _ 11 9 2 _ _ 
[00207683] 5 | 1 10 4 0 8 3 _ 11 9 2 _ _ 
[00207684] 4 | 1 10 4 0 8 3 _ 11 9 2 7 _ 
[00207685] 3 | 1 10 4 0 8 3 5 11 9 2 7 _ 
[00207686] 5 | 1 10 4 0 8 _ 3 11 9 2 _ _ 
[00207687] 4 | 1 10 4 0 8 _ 3 11 9 2 7 _ 
[00207688] 3 | 1 10 4 0 8 5 3 11 9 2 7 _ 
[00207689] 5 | 1 10 4 0 8 _ _ 11 9 2 6 _ 
[00207690] 6 | 1 10 _ 0 8 _ _ 11 9 2 5 _ 
[00207691] 5 | 1 10 5 0 8 _ _ 11 9 2 5 _ 
[00207692] 4 | 1 10 5 0 8 4 _ 11 9 2 5 _ 
[00207693] 4 | 1 10 5 0 8 _ 4 11 9 2 5 _ 
[00207694] 5 | 1 10 _ 0 8 3 _ 11 9 2 5 _ 
[00207695] 4 | 1 10 6 0 8 3 _ 11 9 2 5 _ 
[00207696] 3 | 1 10 6 0 8 3 5 11 9 2 5 _ 
[00207697] 3 | 1 10 6 0 8 3 _ 11 9 2 5 8 
[00207698] 4 | 1 10 _ 0 8 3 4 11 9 2 5 _ 
[00207699] 3 | 1 10 7 0 8 3 4 11 9 2 5 _ 
[00207700] 5 | 1 10 _ 0 8 _ 3 11 9 2 5 _ 
[00207701] 4 | 1 10 6 0 8 _ 3 11 9 2 5 _ 
[00207702] 3 | 1 10 6 0 8 5 3 11 9 2 5 _ 
[00207703] 3 | 1 10 6 0 8 _ 3 11 9 2 5 8 
[00207704] 4 | 1 10 _ 0 8 4 3 11 9 2 5 _ 
[00207705] 3 | 1 10 7 0 8 4 3 11 9 2 5 _ 
[00207706] 5 | 1 10 _ 0 8 _ _ 11 9 2 5 10 
[00207707] 4 | 1 10 _ 0 8 4 _ 11 9 2 5 10 
[00207708] 4 | 1 10 _ 0 8 _ 4 11 9 2 5 10 
[00207709] 7 | 1 10 _ 0 8 _ _ 11 _ _ 4 _ 
[00207710] 6 | 1 10 4 0 8 _ _ 11 _ _ 4 _ 
[00207711] 5 | 1 10 4 0 8 3 _ 11 _ _ 4 _ 
[00207712] 4 | 1 10 4 0 8 3 _ 11 7 _ 4 _ 
[00207713] 3 | 1 10 4 0 8 3 5 11 7 _ 4 _ 
[00207714] 2 | 1 10 4 0 8 3 5 11 7 9 4 _ 
[00207715] 4 | 1 10 4 0 8 3 _ 11 2 6 4 _ 
[00207716] 3 | 1 10 4 0 8 3 5 11 2 6 4 _ 
[00207717] 4 | 1 10 4 0 8 3 _ 11 5 9 4 _ 
[00207718] 4 | 1 10 4 0 8 3 _ 11 6 2 4 _ 
[00207719] 3 | 1 10 4 0 8 3 5 11 6 2 4 _ 
[00207720] 4 | 1 10 4 0 8 3 _ 11 9 5 4 _ 
[00207721] 5 | 1 10 4 0 8 _ 3 11 _ _ 4 _ 
[00207722] 4 | 1 10 4 0 8 _ 3 11 7 _ 4 _ 
[00207723] 3 | 1 10 4 0 8 5 3 11 7 _ 4 _ 
[00207724] 2 | 1 10 4 0 8 5 3 11 7 9 4 _ 
[00207725] 4 | 1 10 4 0 8 _ 3 11 2 6 4 _ 
[00207726] 3 | 1 10 4 0 8 5 3 11 2 6 4 _ 
[00207727] 4 | 1 10 4 0 8 _ 3 11 5 9 4 _ 
[00207728] 4 | 1 10 4 0 8 _ 3 11 6 2 4 _ 
[00207729] 3 | 1 10 4 0 8 5 3 11 6 2 4 _ 
[00207730] 4 | 1 10 4 0 8 _ 3 11 9 5 4 _ 
[00207731] 5 | 1 10 4 0 8 _ _ 11 6 _ 4 _ 
[00207732] 4 | 1 10 4 0 8 _ _ 11 6 2 4 _ 
[00207733] 3 | 1 10 4 0 8 5 _ 11 6 2 4 _ 
[00207734] 3 | 1 10 4 0 8 _ 5 11 6 2 4 _ 
[00207735] 5 | 1 10 4 0 8 _ _ 11 2 7 4 _ 
[00207736] 5 | 1 10 4 0 8 _ _ 11 7 2 4 _ 
[00207737] 6 | 1 10 _ 0 8 2 _ 11 _ _ 4 _ 
[00207738] 5 | 1 10 5 0 8 2 _ 11 _ _ 4 _ 
[00207739] 4 | 1 10 5 0 8 2 4 11 _ _ 4 _ 
[00207740] 3 | 1 10 5 0 8 2 4 11 3 6 4 _ 
[00207741] 3 | 1 10 5 0 8 2 4 11 6 9 4 _ 
[00207742] 3 | 1 10 5 0 8 2 4 11 6 3 4 _ 
[00207743] 3 | 1 10 5 0 8 2 4 11 9 6 4 _ 
[00207744] 4 | 1 10 5 0 8 2 _ 11 7 _ 4 _ 
[00207745] 3 | 1 10 5 0 8 2 _ 11 7 4 4 _ 
[00207746] 2 | 1 10 5 0 8 2 6 11 7 4 4 _ 
[00207747] 3 | 1 10 5 0 8 2 _ 11 7 _ 4 7 
[00207748] 2 | 1 10 5 0 8 2 6 11 7 _ 4 7 
[00207749] 4 | 1 10 5 0 8 2 _ 11 3 7 4 _ 
[00207750] 4 | 1 10 5 0 8 2 _ 11 7 3 4 _ 
[00207751] 4 | 1 10 5 0 8 2 _ 11 _ _ 4 8 
[00207752] 3 | 1 10 5 0 8 2 _ 11 3 6 4 8 
[00207753] 3 | 1 10 5 0 8 2 _ 11 6 9 4 8 
[00207754] 3 | 1 10 5 0 8 2 _ 11 6 3 4 8 
[00207755] 3 | 1 10 5 0 8 2 _ 11 9 6 4 8 
[00207756] 5 | 1 10 _ 0 8 2 3 11 _ _ 4 _ 
[00207757] 4 | 1 10 6 0 8 2 3 11 _ _ 4 _ 
[00207758] 3 | 1 10 6 0 8 2 3 11 _ _ 4 7 
[00207759] 2 | 1 10 6 0 8 2 3 11 9 _ 4 7 
[00207760] 4 | 1 10 _ 0 8 2 3 11 7 _ 4 _ 
[00207761] 3 | 1 10 7 0 8 2 3 11 7 _ 4 _ 
[00207762] 2 | 1 10 7 0 8 2 3 11 7 _ 4 6 
[00207763] 3 | 1 10 _ 0 8 2 3 11 7 4 4 _ 
[00207764] 3 | 1 10 _ 0 8 2 3 11 7 10 4 _ 
[00207765] 2 | 1 10 _ 0 8 2 3 11 7 10 4 6 
[00207766] 3 | 1 10 _ 0 8 2 3 11 7 _ 4 7 
[00207767] 4 | 1 10 _ 0 8 2 3 11 5 9 4 _ 
[00207768] 3 | 1 10 7 0 8 2 3 11 5 9 4 _ 
[00207769] 2 | 1 10 7 0 8 2 3 11 5 9 4 6 
[00207770] 3 | 1 10 _ 0 8 2 3 11 5 9 4 7 
[00207771] 4 | 1 10 _ 0 8 2 3 11 9 5 4 _ 
[00207772] 3 | 1 10 7 0 8 2 3 11 9 5 4 _ 
[00207773] 2 | 1 10 7 0 8 2 3 11 9 5 4 6 
[00207774] 3 | 1 10 _ 0 8 2 3 11 9 5 4 7 
[00207775] 5 | 1 10 _ 0 8 2 _ 11 6 _ 4 _ 
[00207776] 4 | 1 10 6 0 8 2 _ 11 6 _ 4 _ 
[00207777] 3 | 1 10 6 0 8 2 5 11 6 _ 4 _ 
[00207778] 3 | 1 10 6 0 8 2 _ 11 6 _ 4 7 
[00207779] 4 | 1 10 _ 0 8 2 4 11 6 _ 4 _ 
[00207780] 3 | 1 10 7 0 8 2 4 11 6 _ 4 _ 
[00207781] 3 | 1 10 _ 0 8 2 4 11 6 3 4 _ 
[00207782] 3 | 1 10 _ 0 8 2 4 11 6 9 4 _ 
[00207783] 4 | 1 10 _ 0 8 2 _ 11 6 10 4 _ 
[00207784] 3 | 1 10 _ 0 8 2 5 11 6 10 4 _ 
[00207785] 3 | 1 10 _ 0 8 2 _ 11 6 10 4 7 
[00207786] 4 | 1 10 _ 0 8 2 _ 11 6 _ 4 8 
[00207787] 3 | 1 10 7 0 8 2 _ 11 6 _ 4 8 
[00207788] 3 | 1 10 _ 0 8 2 _ 11 6 3 4 8 
[00207789] 3 | 1 10 _ 0 8 2 _ 11 6 9 4 8 
[00207790] 5 | 1 10 _ 0 8 2 _ 11 _ _ 4 9 
[00207791] 4 | 1 10 6 0 8 2 _ 11 _ _ 4 9 
[00207792] 3 | 1 10 6 0 8 2 5 11 _ _ 4 9 
[00207793] 3 | 1 10 6 0 8 2 11 11 _ _ 4 9 
[00207794] 2 | 1 10 6 0 8 2 11 11 3 5 4 9 
[00207795] 2 | 1 10 6 0 8 2 11 11 5 7 4 9 
[00207796] 2 | 1 10 6 0 8 2 11 11 5 3 4 9 
[00207797] 2 | 1 10 6 0 8 2 11 11 7 5 4 9 
[00207798] 3 | 1 10 6 0 8 2 _ 11 8 _ 4 9 
[00207799] 4 | 1 10 _ 0 8 2 _ 11 7 _ 4 9 
[00207800] 3 | 1 10 7 0 8 2 _ 11 7 _ 4 9 
[00207801] 2 | 1 10 7 0 8 2 6 11 7 _ 4 9 
[00207802] 3 | 1 10 _ 0 8 2 5 11 7 _ 4 9 
[00207803] 3 | 1 10 _ 0 8 2 _ 11 7 10 4 9 
[00207804] 2 | 1 10 _ 0 8 2 6 11 7 10 4 9 
[00207805] 4 | 1 10 _ 0 8 2 _ 11 3 7 4 9 
[00207806] 3 | 1 10 _ 0 8 2 5 11 3 7 4 9 
[00207807] 4 | 1 10 _ 0 8 2 _ 11 7 3 4 9 
[00207808] 3 | 1 10 _ 0 8 2 5 11 7 3 4 9 
[00207809] 6 | 1 10 _ 0 8 _ 2 11 _ _ 4 _ 
[00207810] 5 | 1 10 5 0 8 _ 2 11 _ _ 4 _ 
[00207811] 4 | 1 10 5 0 8 4 2 11 _ _ 4 _ 
[00207812] 3 | 1 10 5 0 8 4 2 11 3 6 4 _ 
[00207813] 3 | 1 10 5 0 8 4 2 11 6 9 4 _ 
[00207814] 3 | 1 10 5 0 8 4 2 11 6 3 4 _ 
[00207815] 3 | 1 10 5 0 8 4 2 11 9 6 4 _ 
[00207816] 4 | 1 10 5 0 8 _ 2 11 7 _ 4 _ 
[00207817] 3 | 1 10 5 0 8 _ 2 11 7 4 4 _ 
[00207818] 2 | 1 10 5 0 8 6 2 11 7 4 4 _ 
[00207819] 3 | 1 10 5 0 8 _ 2 11 7 _ 4 7 
[00207820] 2 | 1 10 5 0 8 6 2 11 7 _ 4 7 
[00207821] 4 | 1 10 5 0 8 _ 2 11 3 7 4 _ 
[00207822] 4 | 1 10 5 0 8 _ 2 11 7 3 4 _ 
[00207823] 4 | 1 10 5 0 8 _ 2 11 _ _ 4 8 
[00207824] 3 | 1 10 5 0 8 _ 2 11 3 6 4 8 
[00207825] 3 | 1 10 5 0 8 _ 2 11 6 9 4 8 
[00207826] 3 | 1 10 5 0 8 _ 2 11 6 3 4 8 
[00207827] 3 | 1 10 5 0 8 _ 2 11 9 6 4 8 
[00207828] 5 | 1 10 _ 0 8 3 2 11 _ _ 4 _ 
[00207829] 4 | 1 10 6 0 8 3 2 11 _ _ 4 _ 
[00207830] 3 | 1 10 6 0 8 3 2 11 _ _ 4 7 
[00207831] 2 | 1 10 6 0 8 3 2 11 9 _ 4 7 
[00207832] 4 | 1 10 _ 0 8 3 2 11 7 _ 4 _ 
[00207833] 3 | 1 10 7 0 8 3 2 11 7 _ 4 _ 
[00207834] 2 | 1 10 7 0 8 3 2 11 7 _ 4 6 
[00207835] 3 | 1 10 _ 0 8 3 2 11 7 4 4 _ 
[00207836] 3 | 1 10 _ 0 8 3 2 11 7 10 4 _ 
[00207837] 2 | 1 10 _ 0 8 3 2 11 7 10 4 6 
[00207838] 3 | 1 10 _ 0 8 3 2 11 7 _ 4 7 
[00207839] 4 | 1 10 _ 0 8 3 2 11 5 9 4 _ 
[00207840] 3 | 1 10 7 0 8 3 2 11 5 9 4 _ 
[00207841] 2 | 1 10 7 0 8 3 2 11 5 9 4 6 
[00207842] 3 | 1 10 _ 0 8 3 2 11 5 9 4 7 
[00207843] 4 | 1 10 _ 0 8 3 2 11 9 5 4 _ 
[00207844] 3 | 1 10 7 0 8 3 2 11 9 5 4 _ 
[00207845] 2 | 1 10 7 0 8 3 2 11 9 5 4 6 
[00207846] 3 | 1 10 _ 0 8 3 2 11 9 5 4 7 
[00207847] 5 | 1 10 _ 0 8 _ 2 11 6 _ 4 _ 
[00207848] 4 | 1 10 6 0 8 _ 2 11 6 _ 4 _ 
[00207849] 3 | 1 10 6 0 8 5 2 11 6 _ 4 _ 
[00207850] 3 | 1 10 6 0 8 _ 2 11 6 _ 4 7 
[00207851] 4 | 1 10 _ 0 8 4 2 11 6 _ 4 _ 
[00207852] 3 | 1 10 7 0 8 4 2 11 6 _ 4 _ 
[00207853] 3 | 1 10 _ 0 8 4 2 11 6 3 4 _ 
[00207854] 3 | 1 10 _ 0 8 4 2 11 6 9 4 _ 
[00207855] 4 | 1 10 _ 0 8 _ 2 11 6 10 4 _ 
[00207856] 3 | 1 10 _ 0 8 5 2 11 6 10 4 _ 
[00207857] 3 | 1 10 _ 0 8 _ 2 11 6 10 4 7 
[00207858] 4 | 1 10 _ 0 8 _ 2 11 6 _ 4 8 
[00207859] 3 | 1 10 7 0 8 _ 2 11 6 _ 4 8 
[00207860] 3 | 1 10 _ 0 8 _ 2 11 6 3 4 8 
[00207861] 3 | 1 10 _ 0 8 _ 2 11 6 9 4 8 
[00207862] 5 | 1 10 _ 0 8 _ 2 11 _ _ 4 9 
[00207863] 4 | 1 10 6 0 8 _ 2 11 _ _ 4 9 
[00207864] 3 | 1 10 6 0 8 5 2 11 _ _ 4 9 
[00207865] 3 | 1 10 6 0 8 11 2 11 _ _ 4 9 
[00207866] 2 | 1 10 6 0 8 11 2 11 3 5 4 9 
[00207867] 2 | 1 10 6 0 8 11 2 11 5 7 4 9 
[00207868] 2 | 1 10 6 0 8 11 2 11 5 3 4 9 
[00207869] 2 | 1 10 6 0 8 11 2 11 7 5 4 9 
[00207870] 3 | 1 10 6 0 8 _ 2 11 8 _ 4 9 
[00207871] 4 | 1 10 _ 0 8 _ 2 11 7 _ 4 9 
[00207872] 3 | 1 10 7 0 8 _ 2 11 7 _ 4 9 
[00207873] 2 | 1 10 7 0 8 6 2 11 7 _ 4 9 
[00207874] 3 | 1 10 _ 0 8 5 2 11 7 _ 4 9 
[00207875] 3 | 1 10 _ 0 8 _ 2 11 7 10 4 9 
[00207876] 2 | 1 10 _ 0 8 6 2 11 7 10 4 9 
[00207877] 4 | 1 10 _ 0 8 _ 2 11 3 7 4 9 
[00207878] 3 | 1 10 _ 0 8 5 2 11 3 7 4 9 
[00207879] 4 | 1 10 _ 0 8 _ 2 11 7 3 4 9 
[00207880] 3 | 1 10 _ 0 8 5 2 11 7 3 4 9 
[00207881] 6 | 1 10 _ 0 8 _ _ 11 5 _ 4 _ 
[00207882] 5 | 1 10 5 0 8 _ _ 11 5 _ 4 _ 
[00207883] 4 | 1 10 5 0 8 4 _ 11 5 _ 4 _ 
[00207884] 4 | 1 10 5 0 8 _ 4 11 5 _ 4 _ 
[00207885] 4 | 1 10 5 0 8 _ _ 11 5 _ 4 8 
[00207886] 5 | 1 10 _ 0 8 3 _ 11 5 _ 4 _ 
[00207887] 4 | 1 10 6 0 8 3 _ 11 5 _ 4 _ 
[00207888] 3 | 1 10 6 0 8 3 5 11 5 _ 4 _ 
[00207889] 2 | 1 10 6 0 8 3 5 11 5 _ 4 2 
[00207890] 3 | 1 10 6 0 8 3 _ 11 5 2 4 _ 
[00207891] 3 | 1 10 6 0 8 3 _ 11 5 8 4 _ 
[00207892] 2 | 1 10 6 0 8 3 _ 11 5 8 4 2 
[00207893] 3 | 1 10 6 0 8 3 _ 11 5 _ 4 7 
[00207894] 4 | 1 10 _ 0 8 3 4 11 5 _ 4 _ 
[00207895] 3 | 1 10 7 0 8 3 4 11 5 _ 4 _ 
[00207896] 3 | 1 10 _ 0 8 3 4 11 5 2 4 _ 
[00207897] 4 | 1 10 _ 0 8 3 _ 11 5 9 4 _ 
[00207898] 3 | 1 10 7 0 8 3 _ 11 5 9 4 _ 
[00207899] 2 | 1 10 7 0 8 3 6 11 5 9 4 _ 
[00207900] 2 | 1 10 7 0 8 3 _ 11 5 9 4 2 
[00207901] 2 | 1 10 7 0 8 3 _ 11 5 9 4 6 
[00207902] 3 | 1 10 _ 0 8 3 _ 11 5 9 4 7 
[00207903] 2 | 1 10 8 0 8 3 _ 11 5 9 4 7 
[00207904] 2 | 1 10 _ 0 8 3 6 11 5 9 4 7 
[00207905] 2 | 1 10 _ 0 8 3 10 11 5 9 4 7 
[00207906] 4 | 1 10 _ 0 8 3 _ 11 5 _ 4 8 
[00207907] 3 | 1 10 7 0 8 3 _ 11 5 _ 4 8 
[00207908] 3 | 1 10 _ 0 8 3 _ 11 5 2 4 8 
[00207909] 5 | 1 10 _ 0 8 _ 3 11 5 _ 4 _ 
[00207910] 4 | 1 10 6 0 8 _ 3 11 5 _ 4 _ 
[00207911] 3 | 1 10 6 0 8 5 3 11 5 _ 4 _ 
[00207912] 2 | 1 10 6 0 8 5 3 11 5 _ 4 2 
[00207913] 3 | 1 10 6 0 8 _ 3 11 5 2 4 _ 
[00207914] 3 | 1 10 6 0 8 _ 3 11 5 8 4 _ 
[00207915] 2 | 1 10 6 0 8 _ 3 11 5 8 4 2 
[00207916] 3 | 1 10 6 0 8 _ 3 11 5 _ 4 7 
[00207917] 4 | 1 10 _ 0 8 4 3 11 5 _ 4 _ 
[00207918] 3 | 1 10 7 0 8 4 3 11 5 _ 4 _ 
[00207919] 3 | 1 10 _ 0 8 4 3 11 5 2 4 _ 
[00207920] 4 | 1 10 _ 0 8 _ 3 11 5 9 4 _ 
[00207921] 3 | 1 10 7 0 8 _ 3 11 5 9 4 _ 
[00207922] 2 | 1 10 7 0 8 6 3 11 5 9 4 _ 
[00207923] 2 | 1 10 7 0 8 _ 3 11 5 9 4 2 
[00207924] 2 | 1 10 7 0 8 _ 3 11 5 9 4 6 
[00207925] 3 | 1 10 _ 0 8 _ 3 11 5 9 4 7 
[00207926] 2 | 1 10 8 0 8 _ 3 11 5 9 4 7 
[00207927] 2 | 1 10 _ 0 8 6 3 11 5 9 4 7 
[00207928] 2 | 1 10 _ 0 8 10 3 11 5 9 4 7 
[00207929] 4 | 1 10 _ 0 8 _ 3 11 5 _ 4 8 
[00207930] 3 | 1 10 7 0 8 _ 3 11 5 _ 4 8 
[00207931] 3 | 1 10 _ 0 8 _ 3 11 5 2 4 8 
[00207932] 5 | 1 10 _ 0 8 _ _ 11 5 10 4 _ 
[00207933] 4 | 1 10 _ 0 8 4 _ 11 5 10 4 _ 
[00207934] 4 | 1 10 _ 0 8 _ 4 11 5 10 4 _ 
[00207935] 4 | 1 10 _ 0 8 _ _ 11 5 10 4 8 
[00207936] 5 | 1 10 _ 0 8 _ _ 11 5 _ 4 9 
[00207937] 4 | 1 10 6 0 8 _ _ 11 5 _ 4 9 
[00207938] 3 | 1 10 6 0 8 5 _ 11 5 _ 4 9 
[00207939] 3 | 1 10 6 0 8 _ 5 11 5 _ 4 9 
[00207940] 3 | 1 10 6 0 8 _ _ 11 5 2 4 9 
[00207941] 3 | 1 10 6 0 8 _ _ 11 5 8 4 9 
[00207942] 6 | 1 10 _ 0 8 _ _ 11 3 9 4 _ 
[00207943] 5 | 1 10 5 0 8 _ _ 11 3 9 4 _ 
[00207944] 4 | 1 10 5 0 8 4 _ 11 3 9 4 _ 
[00207945] 4 | 1 10 5 0 8 _ 4 11 3 9 4 _ 
[00207946] 4 | 1 10 5 0 8 _ _ 11 3 9 4 8 
[00207947] 6 | 1 10 _ 0 8 _ _ 11 9 3 4 _ 
[00207948] 5 | 1 10 5 0 8 _ _ 11 9 3 4 _ 
[00207949] 4 | 1 10 5 0 8 4 _ 11 9 3 4 _ 
[00207950] 4 | 1 10 5 0 8 _ 4 11 9 3 4 _ 
[00207951] 4 | 1 10 5 0 8 _ _ 11 9 3 4 8 
[00207952] 6 | 1 10 _ 0 8 _ _ 11 _ _ 4 10 
[00207953] 5 | 1 10 _ 0 8 3 _ 11 _ _ 4 10 
[00207954] 4 | 1 10 _ 0 8 3 _ 11 7 _ 4 10 
[00207955] 3 | 1 10 _ 0 8 3 5 11 7 _ 4 10 
[00207956] 2 | 1 10 _ 0 8 3 5 11 7 9 4 10 
[00207957] 4 | 1 10 _ 0 8 3 _ 11 2 6 4 10 
[00207958] 3 | 1 10 _ 0 8 3 5 11 2 6 4 10 
[00207959] 4 | 1 10 _ 0 8 3 _ 11 5 9 4 10 
[00207960] 4 | 1 10 _ 0 8 3 _ 11 6 2 4 10 
[00207961] 3 | 1 10 _ 0 8 3 5 11 6 2 4 10 
[00207962] 4 | 1 10 _ 0 8 3 _ 11 9 5 4 10 
[00207963] 5 | 1 10 _ 0 8 _ 3 11 _ _ 4 10 
[00207964] 4 | 1 10 _ 0 8 _ 3 11 7 _ 4 10 
[00207965] 3 | 1 10 _ 0 8 5 3 11 7 _ 4 10 
[00207966] 2 | 1 10 _ 0 8 5 3 11 7 9 4 10 
[00207967] 4 | 1 10 _ 0 8 _ 3 11 2 6 4 10 
[00207968] 3 | 1 10 _ 0 8 5 3 11 2 6 4 10 
[00207969] 4 | 1 10 _ 0 8 _ 3 11 5 9 4 10 
[00207970] 4 | 1 10 _ 0 8 _ 3 11 6 2 4 10 
[00207971] 3 | 1 10 _ 0 8 5 3 11 6 2 4 10 
[00207972] 4 | 1 10 _ 0 8 _ 3 11 9 5 4 10 
[00207973] 5 | 1 10 _ 0 8 _ _ 11 6 _ 4 10 
[00207974] 4 | 1 10 _ 0 8 _ _ 11 6 2 4 10 
[00207975] 3 | 1 10 _ 0 8 5 _ 11 6 2 4 10 
[00207976] 3 | 1 10 _ 0 8 _ 5 11 6 2 4 10 
[00207977] 5 | 1 10 _ 0 8 _ _ 11 2 7 4 10 
[00207978] 5 | 1 10 _ 0 8 _ _ 11 7 2 4 10 
[00207979] 7 | 1 10 _ 0 8 _ _ 11 _ _ 2 9 
[00207980] 6 | 1 10 4 0 8 _ _ 11 _ _ 2 9 
[00207981] 5 | 1 10 4 0 8 3 _ 11 _ _ 2 9 
[00207982] 4 | 1 10 4 0 8 3 _ 11 7 _ 2 9 
[00207983] 3 | 1 10 4 0 8 3 5 11 7 _ 2 9 
[00207984] 5 | 1 10 4 0 8 _ 3 11 _ _ 2 9 
[00207985] 4 | 1 10 4 0 8 _ 3 11 7 _ 2 9 
[00207986] 3 | 1 10 4 0 8 5 3 11 7 _ 2 9 
[00207987] 5 | 1 10 4 0 8 _ _ 11 6 _ 2 9 
[00207988] 6 | 1 10 _ 0 8 _ _ 11 5 _ 2 9 
[00207989] 5 | 1 10 5 0 8 _ _ 11 5 _ 2 9 
[00207990] 4 | 1 10 5 0 8 4 _ 11 5 _ 2 9 
[00207991] 4 | 1 10 5 0 8 _ 4 11 5 _ 2 9 
[00207992] 5 | 1 10 _ 0 8 3 _ 11 5 _ 2 9 
[00207993] 4 | 1 10 6 0 8 3 _ 11 5 _ 2 9 
[00207994] 3 | 1 10 6 0 8 3 5 11 5 _ 2 9 
[00207995] 3 | 1 10 6 0 8 3 _ 11 5 8 2 9 
[00207996] 4 | 1 10 _ 0 8 3 4 11 5 _ 2 9 
[00207997] 3 | 1 10 7 0 8 3 4 11 5 _ 2 9 
[00207998] 5 | 1 10 _ 0 8 _ 3 11 5 _ 2 9 
[00207999] 4 | 1 10 6 0 8 _ 3 11 5 _ 2 9 
[00208000] 3 | 1 10 6 0 8 5 3 11 5 _ 2 9 
[00208001] 3 | 1 10 6 0 8 _ 3 11 5 8 2 9 
[00208002] 4 | 1 10 _ 0 8 4 3 11 5 _ 2 9 
[00208003] 3 | 1 10 7 0 8 4 3 11 5 _ 2 9 
[00208004] 5 | 1 10 _ 0 8 _ _ 11 5 10 2 9 
[00208005] 4 | 1 10 _ 0 8 4 _ 11 5 10 2 9 
[00208006] 4 | 1 10 _ 0 8 _ 4 11 5 10 2 9 
[00208007] 7 | 1 10 _ 0 8 _ _ 11 _ _ 9 2 
[00208008] 6 | 1 10 4 0 8 _ _ 11 _ _ 9 2 
[00208009] 5 | 1 10 4 0 8 3 _ 11 _ _ 9 2 
[00208010] 4 | 1 10 4 0 8 3 _ 11 7 _ 9 2 
[00208011] 3 | 1 10 4 0 8 3 5 11 7 _ 9 2 
[00208012] 5 | 1 10 4 0 8 _ 3 11 _ _ 9 2 
[00208013] 4 | 1 10 4 0 8 _ 3 11 7 _ 9 2 
[00208014] 3 | 1 10 4 0 8 5 3 11 7 _ 9 2 
[00208015] 5 | 1 10 4 0 8 _ _ 11 6 _ 9 2 
[00208016] 6 | 1 10 _ 0 8 _ _ 11 5 _ 9 2 
[00208017] 5 | 1 10 5 0 8 _ _ 11 5 _ 9 2 
[00208018] 4 | 1 10 5 0 8 4 _ 11 5 _ 9 2 
[00208019] 4 | 1 10 5 0 8 _ 4 11 5 _ 9 2 
[00208020] 5 | 1 10 _ 0 8 3 _ 11 5 _ 9 2 
[00208021] 4 | 1 10 6 0 8 3 _ 11 5 _ 9 2 
[00208022] 3 | 1 10 6 0 8 3 5 11 5 _ 9 2 
[00208023] 3 | 1 10 6 0 8 3 _ 11 5 8 9 2 
[00208024] 4 | 1 10 _ 0 8 3 4 11 5 _ 9 2 
[00208025] 3 | 1 10 7 0 8 3 4 11 5 _ 9 2 
[00208026] 5 | 1 10 _ 0 8 _ 3 11 5 _ 9 2 
[00208027] 4 | 1 10 6 0 8 _ 3 11 5 _ 9 2 
[00208028] 3 | 1 10 6 0 8 5 3 11 5 _ 9 2 
[00208029] 3 | 1 10 6 0 8 _ 3 11 5 8 9 2 
[00208030] 4 | 1 10 _ 0 8 4 3 11 5 _ 9 2 
[00208031] 3 | 1 10 7 0 8 4 3 11 5 _ 9 2 
[00208032] 5 | 1 10 _ 0 8 _ _ 11 5 10 9 2 
[00208033] 4 | 1 10 _ 0 8 4 _ 11 5 10 9 2 
[00208034] 4 | 1 10 _ 0 8 _ 4 11 5 10 9 2 
[00208035] 8 | 1 10 _ 0 _ _ _ 11 3 _ _ _ 
[00208036] 7 | 1 10 3 0 _ _ _ 11 3 _ _ _ 
[00208037] 6 | 1 10 3 0 6 _ _ 11 3 _ _ _ 
[00208038] 5 | 1 10 3 0 6 11 _ 11 3 _ _ _ 
[00208039] 4 | 1 10 3 0 6 11 2 11 3 _ _ _ 
[00208040] 3 | 1 10 3 0 6 11 2 11 3 _ 4 7 
[00208041] 3 | 1 10 3 0 6 11 2 11 3 _ 5 8 
[00208042] 3 | 1 10 3 0 6 11 2 11 3 _ 7 4 
[00208043] 3 | 1 10 3 0 6 11 2 11 3 _ 8 5 
[00208044] 4 | 1 10 3 0 6 11 _ 11 3 _ 4 8 
[00208045] 3 | 1 10 3 0 6 11 9 11 3 _ 4 8 
[00208046] 4 | 1 10 3 0 6 11 _ 11 3 _ 5 9 
[00208047] 4 | 1 10 3 0 6 11 _ 11 3 _ 8 4 
[00208048] 3 | 1 10 3 0 6 11 9 11 3 _ 8 4 
[00208049] 4 | 1 10 3 0 6 11 _ 11 3 _ 9 5 
[00208050] 5 | 1 10 3 0 6 _ 11 11 3 _ _ _ 
[00208051] 4 | 1 10 3 0 6 2 11 11 3 _ _ _ 
[00208052] 3 | 1 10 3 0 6 2 11 11 3 _ 4 7 
[00208053] 3 | 1 10 3 0 6 2 11 11 3 _ 5 8 
[00208054] 3 | 1 10 3 0 6 2 11 11 3 _ 7 4 
[00208055] 3 | 1 10 3 0 6 2 11 11 3 _ 8 5 
[00208056] 4 | 1 10 3 0 6 _ 11 11 3 _ 4 8 
[00208057] 3 | 1 10 3 0 6 9 11 11 3 _ 4 8 
[00208058] 4 | 1 10 3 0 6 _ 11 11 3 _ 5 9 
[00208059] 4 | 1 10 3 0 6 _ 11 11 3 _ 8 4 
[00208060] 3 | 1 10 3 0 6 9 11 11 3 _ 8 4 
[00208061] 4 | 1 10 3 0 6 _ 11 11 3 _ 9 5 
[00208062] 5 | 1 10 3 0 6 _ _ 11 3 _ 6 _ 
[00208063] 4 | 1 10 3 0 6 2 _ 11 3 _ 6 _ 
[00208064] 3 | 1 10 3 0 6 2 9 11 3 _ 6 _ 
[00208065] 3 | 1 10 3 0 6 2 _ 11 3 _ 6 9 
[00208066] 4 | 1 10 3 0 6 _ 2 11 3 _ 6 _ 
[00208067] 3 | 1 10 3 0 6 9 2 11 3 _ 6 _ 
[00208068] 3 | 1 10 3 0 6 _ 2 11 3 _ 6 9 
[00208069] 4 | 1 10 3 0 6 _ _ 11 3 _ 6 2 
[00208070] 5 | 1 10 3 0 6 _ _ 11 3 _ 2 7 
[00208071] 5 | 1 10 3 0 6 _ _ 11 3 _ 4 9 
[00208072] 4 | 1 10 3 0 6 2 _ 11 3 _ 4 9 
[00208073] 4 | 1 10 3 0 6 _ 2 11 3 _ 4 9 
[00208074] 5 | 1 10 3 0 6 _ _ 11 3 _ 7 2 
[00208075] 5 | 1 10 3 0 6 _ _ 11 3 _ 9 4 
[00208076] 4 | 1 10 3 0 6 2 _ 11 3 _ 9 4 
[00208077] 4 | 1 10 3 0 6 _ 2 11 3 _ 9 4 
[00208078] 6 | 1 10 3 0 2 8 _ 11 3 _ _ _ 
[00208079] 5 | 1 10 3 0 2 8 7 11 3 _ _ _ 
[00208080] 4 | 1 10 3 0 2 8 7 11 3 _ 5 9 
[00208081] 4 | 1 10 3 0 2 8 7 11 3 _ 9 5 
[00208082] 5 | 1 10 3 0 2 8 _ 11 3 _ 6 _ 
[00208083] 4 | 1 10 3 0 2 8 6 11 3 _ 6 _ 
[00208084] 4 | 1 10 3 0 2 8 _ 11 3 _ 6 2 
[00208085] 5 | 1 10 3 0 2 8 _ 11 3 _ 4 9 
[00208086] 4 | 1 10 3 0 2 8 6 11 3 _ 4 9 
[00208087] 5 | 1 10 3 0 2 8 _ 11 3 _ 9 4 
[00208088] 4 | 1 10 3 0 2 8 6 11 3 _ 9 4 
[00208089] 6 | 1 10 3 0 8 2 _ 11 3 _ _ _ 
[00208090] 5 | 1 10 3 0 8 2 _ 11 3 _ 6 _ 
[00208091] 4 | 1 10 3 0 8 2 4 11 3 _ 6 _ 
[00208092] 3 | 1 10 3 0 8 2 4 11 3 _ 6 9 
[00208093] 5 | 1 10 3 0 8 2 _ 11 3 _ 4 9 
[00208094] 5 | 1 10 3 0 8 2 _ 11 3 _ 9 4 
[00208095] 6 | 1 10 3 0 2 _ 8 11 3 _ _ _ 
[00208096] 5 | 1 10 3 0 2 7 8 11 3 _ _ _ 
[00208097] 4 | 1 10 3 0 2 7 8 11 3 _ 5 9 
[00208098] 4 | 1 10 3 0 2 7 8 11 3 _ 9 5 
[00208099] 5 | 1 10 3 0 2 _ 8 11 3 _ 6 _ 
[00208100] 4 | 1 10 3 0 2 6 8 11 3 _ 6 _ 
[00208101] 4 | 1 10 3 0 2 _ 8 11 3 _ 6 2 
[00208102] 5 | 1 10 3 0 2 _ 8 11 3 _ 4 9 
[00208103] 4 | 1 10 3 0 2 6 8 11 3 _ 4 9 
[00208104] 5 | 1 10 3 0 2 _ 8 11 3 _ 9 4 
[00208105] 4 | 1 10 3 0 2 6 8 11 3 _ 9 4 
[00208106] 6 | 1 10 3 0 8 _ 2 11 3 _ _ _ 
[00208107] 5 | 1 10 3 0 8 _ 2 11 3 _ 6 _ 
[00208108] 4 | 1 10 3 0 8 4 2 11 3 _ 6 _ 
[00208109] 3 | 1 10 3 0 8 4 2 11 3 _ 6 9 
[00208110] 5 | 1 10 3 0 8 _ 2 11 3 _ 4 9 
[00208111] 5 | 1 10 3 0 8 _ 2 11 3 _ 9 4 
[00208112] 6 | 1 10 3 0 _ _ _ 11 3 _ 5 _ 
[00208113] 5 | 1 10 3 0 5 _ _ 11 3 _ 5 _ 
[00208114] 4 | 1 10 3 0 5 9 _ 11 3 _ 5 _ 
[00208115] 3 | 1 10 3 0 5 9 2 11 3 _ 5 _ 
[00208116] 3 | 1 10 3 0 5 9 8 11 3 _ 5 _ 
