[00260438] 4 | 4 9 _ 0 8 1 _ 11 5 9 1 _ 
[00260439] 5 | _ 9 4 0 8 1 _ 11 5 _ 1 _ 
[00260440] 4 | 5 9 4 0 8 1 _ 11 5 _ 1 _ 
[00260441] 4 | _ 9 4 0 8 1 _ 11 5 9 1 _ 
[00260442] 5 | _ 9 _ 0 8 1 3 11 5 _ 1 _ 
[00260443] 4 | 5 9 _ 0 8 1 3 11 5 _ 1 _ 
[00260444] 3 | 5 9 6 0 8 1 3 11 5 _ 1 _ 
[00260445] 4 | _ 9 5 0 8 1 3 11 5 _ 1 _ 
[00260446] 3 | 6 9 5 0 8 1 3 11 5 _ 1 _ 
[00260447] 4 | _ 9 _ 0 8 1 3 11 5 9 1 _ 
[00260448] 5 | _ 9 _ 0 8 1 _ 11 5 10 1 _ 
[00260449] 4 | _ 9 _ 0 8 1 4 11 5 10 1 _ 
[00260450] 3 | 6 9 _ 0 8 1 4 11 5 10 1 _ 
[00260451] 2 | 6 9 7 0 8 1 4 11 5 10 1 _ 
[00260452] 3 | _ 9 6 0 8 1 4 11 5 10 1 _ 
[00260453] 2 | 7 9 6 0 8 1 4 11 5 10 1 _ 
[00260454] 6 | _ 9 _ 0 8 1 _ 11 4 10 1 _ 
[00260455] 5 | _ 9 _ 0 8 1 3 11 4 10 1 _ 
[00260456] 4 | 5 9 _ 0 8 1 3 11 4 10 1 _ 
[00260457] 3 | 5 9 6 0 8 1 3 11 4 10 1 _ 
[00260458] 4 | _ 9 5 0 8 1 3 11 4 10 1 _ 
[00260459] 3 | 6 9 5 0 8 1 3 11 4 10 1 _ 
[00260460] 6 | _ 9 _ 0 8 1 _ 11 10 4 1 _ 
[00260461] 5 | _ 9 _ 0 8 1 3 11 10 4 1 _ 
[00260462] 4 | 5 9 _ 0 8 1 3 11 10 4 1 _ 
[00260463] 3 | 5 9 6 0 8 1 3 11 10 4 1 _ 
[00260464] 4 | _ 9 5 0 8 1 3 11 10 4 1 _ 
[00260465] 3 | 6 9 5 0 8 1 3 11 10 4 1 _ 
[00260466] 7 | _ 9 _ 0 8 _ 1 11 _ _ 1 _ 
[00260467] 6 | 3 9 _ 0 8 _ 1 11 _ _ 1 _ 
[00260468] 5 | 3 9 4 0 8 _ 1 11 _ _ 1 _ 
[00260469] 4 | 3 9 4 0 8 _ 1 11 7 _ 1 _ 
[00260470] 3 | 3 9 4 0 8 5 1 11 7 _ 1 _ 
[00260471] 3 | 3 9 4 0 8 _ 1 11 7 10 1 _ 
[00260472] 2 | 3 9 4 0 8 6 1 11 7 10 1 _ 
[00260473] 4 | 3 9 4 0 8 _ 1 11 2 6 1 _ 
[00260474] 3 | 3 9 4 0 8 5 1 11 2 6 1 _ 
[00260475] 4 | 3 9 4 0 8 _ 1 11 6 10 1 _ 
[00260476] 3 | 3 9 4 0 8 5 1 11 6 10 1 _ 
[00260477] 4 | 3 9 4 0 8 _ 1 11 6 2 1 _ 
[00260478] 3 | 3 9 4 0 8 5 1 11 6 2 1 _ 
[00260479] 4 | 3 9 4 0 8 _ 1 11 10 6 1 _ 
[00260480] 3 | 3 9 4 0 8 5 1 11 10 6 1 _ 
[00260481] 5 | 3 9 _ 0 8 _ 1 11 6 _ 1 _ 
[00260482] 4 | 3 9 5 0 8 _ 1 11 6 _ 1 _ 
[00260483] 4 | 3 9 _ 0 8 4 1 11 6 _ 1 _ 
[00260484] 3 | 3 9 6 0 8 4 1 11 6 _ 1 _ 
[00260485] 3 | 3 9 _ 0 8 4 1 11 6 9 1 _ 
[00260486] 4 | 3 9 _ 0 8 _ 1 11 6 2 1 _ 
[00260487] 3 | 3 9 _ 0 8 5 1 11 6 2 1 _ 
[00260488] 2 | 3 9 7 0 8 5 1 11 6 2 1 _ 
[00260489] 4 | 3 9 _ 0 8 _ 1 11 6 10 1 _ 
[00260490] 3 | 3 9 _ 0 8 5 1 11 6 10 1 _ 
[00260491] 2 | 3 9 7 0 8 5 1 11 6 10 1 _ 
[00260492] 5 | 3 9 _ 0 8 _ 1 11 2 7 1 _ 
[00260493] 4 | 3 9 5 0 8 _ 1 11 2 7 1 _ 
[00260494] 4 | 3 9 _ 0 8 4 1 11 2 7 1 _ 
[00260495] 3 | 3 9 6 0 8 4 1 11 2 7 1 _ 
[00260496] 5 | 3 9 _ 0 8 _ 1 11 5 10 1 _ 
[00260497] 4 | 3 9 _ 0 8 4 1 11 5 10 1 _ 
[00260498] 3 | 3 9 6 0 8 4 1 11 5 10 1 _ 
[00260499] 5 | 3 9 _ 0 8 _ 1 11 7 2 1 _ 
[00260500] 4 | 3 9 5 0 8 _ 1 11 7 2 1 _ 
[00260501] 4 | 3 9 _ 0 8 4 1 11 7 2 1 _ 
[00260502] 3 | 3 9 6 0 8 4 1 11 7 2 1 _ 
[00260503] 5 | 3 9 _ 0 8 _ 1 11 10 5 1 _ 
[00260504] 4 | 3 9 _ 0 8 4 1 11 10 5 1 _ 
[00260505] 3 | 3 9 6 0 8 4 1 11 10 5 1 _ 
[00260506] 6 | _ 9 3 0 8 _ 1 11 _ _ 1 _ 
[00260507] 5 | 4 9 3 0 8 _ 1 11 _ _ 1 _ 
[00260508] 4 | 4 9 3 0 8 _ 1 11 7 _ 1 _ 
[00260509] 3 | 4 9 3 0 8 5 1 11 7 _ 1 _ 
[00260510] 3 | 4 9 3 0 8 _ 1 11 7 10 1 _ 
[00260511] 2 | 4 9 3 0 8 6 1 11 7 10 1 _ 
[00260512] 4 | 4 9 3 0 8 _ 1 11 2 6 1 _ 
[00260513] 3 | 4 9 3 0 8 5 1 11 2 6 1 _ 
[00260514] 4 | 4 9 3 0 8 _ 1 11 6 10 1 _ 
[00260515] 3 | 4 9 3 0 8 5 1 11 6 10 1 _ 
[00260516] 4 | 4 9 3 0 8 _ 1 11 6 2 1 _ 
[00260517] 3 | 4 9 3 0 8 5 1 11 6 2 1 _ 
[00260518] 4 | 4 9 3 0 8 _ 1 11 10 6 1 _ 
[00260519] 3 | 4 9 3 0 8 5 1 11 10 6 1 _ 
[00260520] 5 | _ 9 3 0 8 _ 1 11 6 _ 1 _ 
[00260521] 4 | 5 9 3 0 8 _ 1 11 6 _ 1 _ 
[00260522] 4 | _ 9 3 0 8 4 1 11 6 _ 1 _ 
[00260523] 3 | 6 9 3 0 8 4 1 11 6 _ 1 _ 
[00260524] 3 | _ 9 3 0 8 4 1 11 6 9 1 _ 
[00260525] 4 | _ 9 3 0 8 _ 1 11 6 2 1 _ 
[00260526] 3 | _ 9 3 0 8 5 1 11 6 2 1 _ 
[00260527] 2 | 7 9 3 0 8 5 1 11 6 2 1 _ 
[00260528] 4 | _ 9 3 0 8 _ 1 11 6 10 1 _ 
[00260529] 3 | _ 9 3 0 8 5 1 11 6 10 1 _ 
[00260530] 2 | 7 9 3 0 8 5 1 11 6 10 1 _ 
[00260531] 5 | _ 9 3 0 8 _ 1 11 2 7 1 _ 
[00260532] 4 | 5 9 3 0 8 _ 1 11 2 7 1 _ 
[00260533] 4 | _ 9 3 0 8 4 1 11 2 7 1 _ 
[00260534] 3 | 6 9 3 0 8 4 1 11 2 7 1 _ 
[00260535] 5 | _ 9 3 0 8 _ 1 11 5 10 1 _ 
[00260536] 4 | _ 9 3 0 8 4 1 11 5 10 1 _ 
[00260537] 3 | 6 9 3 0 8 4 1 11 5 10 1 _ 
[00260538] 5 | _ 9 3 0 8 _ 1 11 7 2 1 _ 
[00260539] 4 | 5 9 3 0 8 _ 1 11 7 2 1 _ 
[00260540] 4 | _ 9 3 0 8 4 1 11 7 2 1 _ 
[00260541] 3 | 6 9 3 0 8 4 1 11 7 2 1 _ 
[00260542] 5 | _ 9 3 0 8 _ 1 11 10 5 1 _ 
[00260543] 4 | _ 9 3 0 8 4 1 11 10 5 1 _ 
[00260544] 3 | 6 9 3 0 8 4 1 11 10 5 1 _ 
[00260545] 6 | _ 9 _ 0 8 2 1 11 _ _ 1 _ 
[00260546] 5 | 4 9 _ 0 8 2 1 11 _ _ 1 _ 
[00260547] 4 | 4 9 5 0 8 2 1 11 _ _ 1 _ 
[00260548] 3 | 4 9 5 0 8 2 1 11 3 6 1 _ 
[00260549] 3 | 4 9 5 0 8 2 1 11 7 10 1 _ 
[00260550] 3 | 4 9 5 0 8 2 1 11 6 3 1 _ 
[00260551] 3 | 4 9 5 0 8 2 1 11 10 7 1 _ 
[00260552] 4 | 4 9 _ 0 8 2 1 11 7 _ 1 _ 
[00260553] 3 | 4 9 6 0 8 2 1 11 7 _ 1 _ 
[00260554] 2 | 4 9 6 0 8 2 1 11 7 5 1 _ 
[00260555] 3 | 4 9 _ 0 8 2 1 11 7 10 1 _ 
[00260556] 4 | 4 9 _ 0 8 2 1 11 3 7 1 _ 
[00260557] 3 | 4 9 6 0 8 2 1 11 3 7 1 _ 
[00260558] 4 | 4 9 _ 0 8 2 1 11 6 10 1 _ 
[00260559] 4 | 4 9 _ 0 8 2 1 11 7 3 1 _ 
[00260560] 3 | 4 9 6 0 8 2 1 11 7 3 1 _ 
[00260561] 4 | 4 9 _ 0 8 2 1 11 10 6 1 _ 
[00260562] 5 | _ 9 4 0 8 2 1 11 _ _ 1 _ 
[00260563] 4 | 5 9 4 0 8 2 1 11 _ _ 1 _ 
[00260564] 3 | 5 9 4 0 8 2 1 11 3 6 1 _ 
[00260565] 3 | 5 9 4 0 8 2 1 11 7 10 1 _ 
[00260566] 3 | 5 9 4 0 8 2 1 11 6 3 1 _ 
[00260567] 3 | 5 9 4 0 8 2 1 11 10 7 1 _ 
[00260568] 4 | _ 9 4 0 8 2 1 11 7 _ 1 _ 
[00260569] 3 | 6 9 4 0 8 2 1 11 7 _ 1 _ 
[00260570] 2 | 6 9 4 0 8 2 1 11 7 5 1 _ 
[00260571] 3 | _ 9 4 0 8 2 1 11 7 10 1 _ 
[00260572] 4 | _ 9 4 0 8 2 1 11 3 7 1 _ 
[00260573] 3 | 6 9 4 0 8 2 1 11 3 7 1 _ 
[00260574] 4 | _ 9 4 0 8 2 1 11 6 10 1 _ 
[00260575] 4 | _ 9 4 0 8 2 1 11 7 3 1 _ 
[00260576] 3 | 6 9 4 0 8 2 1 11 7 3 1 _ 
[00260577] 4 | _ 9 4 0 8 2 1 11 10 6 1 _ 
[00260578] 5 | _ 9 _ 0 8 2 1 11 6 _ 1 _ 
[00260579] 4 | 5 9 _ 0 8 2 1 11 6 _ 1 _ 
[00260580] 3 | 5 9 6 0 8 2 1 11 6 _ 1 _ 
[00260581] 3 | 5 9 _ 0 8 2 1 11 6 3 1 _ 
[00260582] 2 | 5 9 7 0 8 2 1 11 6 3 1 _ 
[00260583] 3 | 5 9 _ 0 8 2 1 11 6 9 1 _ 
[00260584] 4 | _ 9 5 0 8 2 1 11 6 _ 1 _ 
[00260585] 3 | 6 9 5 0 8 2 1 11 6 _ 1 _ 
[00260586] 3 | _ 9 5 0 8 2 1 11 6 3 1 _ 
[00260587] 2 | 7 9 5 0 8 2 1 11 6 3 1 _ 
[00260588] 3 | _ 9 5 0 8 2 1 11 6 9 1 _ 
[00260589] 4 | _ 9 _ 0 8 2 1 11 6 10 1 _ 
[00260590] 5 | _ 9 _ 0 8 2 1 11 5 10 1 _ 
[00260591] 5 | _ 9 _ 0 8 2 1 11 10 5 1 _ 
[00260592] 6 | _ 9 _ 0 8 _ 1 11 5 _ 1 _ 
[00260593] 5 | 4 9 _ 0 8 _ 1 11 5 _ 1 _ 
[00260594] 4 | 4 9 5 0 8 _ 1 11 5 _ 1 _ 
[00260595] 4 | 4 9 _ 0 8 _ 1 11 5 9 1 _ 
[00260596] 5 | _ 9 4 0 8 _ 1 11 5 _ 1 _ 
[00260597] 4 | 5 9 4 0 8 _ 1 11 5 _ 1 _ 
[00260598] 4 | _ 9 4 0 8 _ 1 11 5 9 1 _ 
[00260599] 5 | _ 9 _ 0 8 3 1 11 5 _ 1 _ 
[00260600] 4 | 5 9 _ 0 8 3 1 11 5 _ 1 _ 
[00260601] 3 | 5 9 6 0 8 3 1 11 5 _ 1 _ 
[00260602] 4 | _ 9 5 0 8 3 1 11 5 _ 1 _ 
[00260603] 3 | 6 9 5 0 8 3 1 11 5 _ 1 _ 
[00260604] 4 | _ 9 _ 0 8 3 1 11 5 9 1 _ 
[00260605] 5 | _ 9 _ 0 8 _ 1 11 5 10 1 _ 
[00260606] 4 | _ 9 _ 0 8 4 1 11 5 10 1 _ 
[00260607] 3 | 6 9 _ 0 8 4 1 11 5 10 1 _ 
[00260608] 2 | 6 9 7 0 8 4 1 11 5 10 1 _ 
[00260609] 3 | _ 9 6 0 8 4 1 11 5 10 1 _ 
[00260610] 2 | 7 9 6 0 8 4 1 11 5 10 1 _ 
[00260611] 6 | _ 9 _ 0 8 _ 1 11 4 10 1 _ 
[00260612] 5 | _ 9 _ 0 8 3 1 11 4 10 1 _ 
[00260613] 4 | 5 9 _ 0 8 3 1 11 4 10 1 _ 
[00260614] 3 | 5 9 6 0 8 3 1 11 4 10 1 _ 
[00260615] 4 | _ 9 5 0 8 3 1 11 4 10 1 _ 
[00260616] 3 | 6 9 5 0 8 3 1 11 4 10 1 _ 
[00260617] 6 | _ 9 _ 0 8 _ 1 11 10 4 1 _ 
[00260618] 5 | _ 9 _ 0 8 3 1 11 10 4 1 _ 
[00260619] 4 | 5 9 _ 0 8 3 1 11 10 4 1 _ 
[00260620] 3 | 5 9 6 0 8 3 1 11 10 4 1 _ 
[00260621] 4 | _ 9 5 0 8 3 1 11 10 4 1 _ 
[00260622] 3 | 6 9 5 0 8 3 1 11 10 4 1 _ 
[00260623] 7 | _ 9 _ 0 8 _ _ 11 4 _ 1 _ 
[00260624] 6 | 3 9 _ 0 8 _ _ 11 4 _ 1 _ 
[00260625] 5 | 3 9 4 0 8 _ _ 11 4 _ 1 _ 
[00260626] 4 | 3 9 4 0 8 _ _ 11 4 _ 1 5 
[00260627] 5 | 3 9 _ 0 8 _ _ 11 4 9 1 _ 
[00260628] 4 | 3 9 _ 0 8 _ _ 11 4 9 1 5 
[00260629] 5 | 3 9 _ 0 8 _ _ 11 4 _ 1 6 
[00260630] 4 | 3 9 5 0 8 _ _ 11 4 _ 1 6 
[00260631] 3 | 3 9 5 0 8 _ _ 11 4 7 1 6 
[00260632] 2 | 3 9 5 0 8 10 _ 11 4 7 1 6 
[00260633] 2 | 3 9 5 0 8 _ 10 11 4 7 1 6 
[00260634] 4 | 3 9 _ 0 8 4 _ 11 4 _ 1 6 
[00260635] 3 | 3 9 _ 0 8 4 5 11 4 _ 1 6 
[00260636] 2 | 3 9 7 0 8 4 5 11 4 _ 1 6 
[00260637] 4 | 3 9 _ 0 8 _ 4 11 4 _ 1 6 
[00260638] 3 | 3 9 _ 0 8 5 4 11 4 _ 1 6 
[00260639] 2 | 3 9 7 0 8 5 4 11 4 _ 1 6 
[00260640] 4 | 3 9 _ 0 8 _ _ 11 4 8 1 6 
[00260641] 6 | _ 9 3 0 8 _ _ 11 4 _ 1 _ 
[00260642] 5 | 4 9 3 0 8 _ _ 11 4 _ 1 _ 
[00260643] 4 | 4 9 3 0 8 _ _ 11 4 _ 1 5 
[00260644] 5 | _ 9 3 0 8 _ _ 11 4 9 1 _ 
[00260645] 4 | _ 9 3 0 8 _ _ 11 4 9 1 5 
[00260646] 5 | _ 9 3 0 8 _ _ 11 4 _ 1 6 
[00260647] 4 | 5 9 3 0 8 _ _ 11 4 _ 1 6 
[00260648] 3 | 5 9 3 0 8 _ _ 11 4 7 1 6 
[00260649] 2 | 5 9 3 0 8 10 _ 11 4 7 1 6 
[00260650] 2 | 5 9 3 0 8 _ 10 11 4 7 1 6 
[00260651] 4 | _ 9 3 0 8 4 _ 11 4 _ 1 6 
[00260652] 3 | _ 9 3 0 8 4 5 11 4 _ 1 6 
[00260653] 2 | 7 9 3 0 8 4 5 11 4 _ 1 6 
[00260654] 4 | _ 9 3 0 8 _ 4 11 4 _ 1 6 
[00260655] 3 | _ 9 3 0 8 5 4 11 4 _ 1 6 
[00260656] 2 | 7 9 3 0 8 5 4 11 4 _ 1 6 
[00260657] 4 | _ 9 3 0 8 _ _ 11 4 8 1 6 
[00260658] 6 | _ 9 _ 0 8 2 _ 11 4 _ 1 _ 
[00260659] 5 | 4 9 _ 0 8 2 _ 11 4 _ 1 _ 
[00260660] 4 | 4 9 5 0 8 2 _ 11 4 _ 1 _ 
[00260661] 4 | 4 9 _ 0 8 2 _ 11 4 _ 1 5 
[00260662] 3 | 4 9 6 0 8 2 _ 11 4 _ 1 5 
[00260663] 2 | 4 9 6 0 8 2 10 11 4 _ 1 5 
[00260664] 5 | _ 9 4 0 8 2 _ 11 4 _ 1 _ 
[00260665] 4 | 5 9 4 0 8 2 _ 11 4 _ 1 _ 
[00260666] 4 | _ 9 4 0 8 2 _ 11 4 _ 1 5 
[00260667] 3 | 6 9 4 0 8 2 _ 11 4 _ 1 5 
[00260668] 2 | 6 9 4 0 8 2 10 11 4 _ 1 5 
[00260669] 5 | _ 9 _ 0 8 2 3 11 4 _ 1 _ 
[00260670] 4 | 5 9 _ 0 8 2 3 11 4 _ 1 _ 
[00260671] 3 | 5 9 6 0 8 2 3 11 4 _ 1 _ 
[00260672] 3 | 5 9 _ 0 8 2 3 11 4 1 1 _ 
[00260673] 2 | 5 9 7 0 8 2 3 11 4 1 1 _ 
[00260674] 3 | 5 9 _ 0 8 2 3 11 4 7 1 _ 
[00260675] 3 | 5 9 _ 0 8 2 3 11 4 _ 1 4 
[00260676] 2 | 5 9 7 0 8 2 3 11 4 _ 1 4 
[00260677] 4 | _ 9 5 0 8 2 3 11 4 _ 1 _ 
[00260678] 3 | 6 9 5 0 8 2 3 11 4 _ 1 _ 
[00260679] 3 | _ 9 5 0 8 2 3 11 4 1 1 _ 
[00260680] 2 | 7 9 5 0 8 2 3 11 4 1 1 _ 
[00260681] 3 | _ 9 5 0 8 2 3 11 4 7 1 _ 
[00260682] 3 | _ 9 5 0 8 2 3 11 4 _ 1 4 
[00260683] 2 | 7 9 5 0 8 2 3 11 4 _ 1 4 
[00260684] 4 | _ 9 _ 0 8 2 3 11 4 _ 1 5 
[00260685] 3 | 6 9 _ 0 8 2 3 11 4 _ 1 5 
[00260686] 2 | 6 9 7 0 8 2 3 11 4 _ 1 5 
[00260687] 3 | _ 9 6 0 8 2 3 11 4 _ 1 5 
[00260688] 2 | 7 9 6 0 8 2 3 11 4 _ 1 5 
[00260689] 3 | _ 9 _ 0 8 2 3 11 4 7 1 5 
[00260690] 5 | _ 9 _ 0 8 2 _ 11 4 9 1 _ 
[00260691] 4 | _ 9 _ 0 8 2 _ 11 4 9 1 5 
[00260692] 5 | _ 9 _ 0 8 2 _ 11 4 _ 1 6 
[00260693] 4 | 5 9 _ 0 8 2 _ 11 4 _ 1 6 
[00260694] 3 | 5 9 _ 0 8 2 _ 11 4 7 1 6 
[00260695] 2 | 5 9 _ 0 8 2 10 11 4 7 1 6 
[00260696] 4 | _ 9 5 0 8 2 _ 11 4 _ 1 6 
[00260697] 3 | _ 9 5 0 8 2 _ 11 4 7 1 6 
[00260698] 2 | _ 9 5 0 8 2 10 11 4 7 1 6 
[00260699] 4 | _ 9 _ 0 8 2 4 11 4 _ 1 6 
[00260700] 4 | _ 9 _ 0 8 2 _ 11 4 8 1 6 
[00260701] 6 | _ 9 _ 0 8 _ 2 11 4 _ 1 _ 
[00260702] 5 | 4 9 _ 0 8 _ 2 11 4 _ 1 _ 
[00260703] 4 | 4 9 5 0 8 _ 2 11 4 _ 1 _ 
[00260704] 4 | 4 9 _ 0 8 _ 2 11 4 _ 1 5 
[00260705] 3 | 4 9 6 0 8 _ 2 11 4 _ 1 5 
[00260706] 2 | 4 9 6 0 8 10 2 11 4 _ 1 5 
[00260707] 5 | _ 9 4 0 8 _ 2 11 4 _ 1 _ 
[00260708] 4 | 5 9 4 0 8 _ 2 11 4 _ 1 _ 
[00260709] 4 | _ 9 4 0 8 _ 2 11 4 _ 1 5 
[00260710] 3 | 6 9 4 0 8 _ 2 11 4 _ 1 5 
[00260711] 2 | 6 9 4 0 8 10 2 11 4 _ 1 5 
[00260712] 5 | _ 9 _ 0 8 3 2 11 4 _ 1 _ 
[00260713] 4 | 5 9 _ 0 8 3 2 11 4 _ 1 _ 
[00260714] 3 | 5 9 6 0 8 3 2 11 4 _ 1 _ 
[00260715] 3 | 5 9 _ 0 8 3 2 11 4 1 1 _ 
[00260716] 2 | 5 9 7 0 8 3 2 11 4 1 1 _ 
[00260717] 3 | 5 9 _ 0 8 3 2 11 4 7 1 _ 
[00260718] 3 | 5 9 _ 0 8 3 2 11 4 _ 1 4 
[00260719] 2 | 5 9 7 0 8 3 2 11 4 _ 1 4 
[00260720] 4 | _ 9 5 0 8 3 2 11 4 _ 1 _ 
[00260721] 3 | 6 9 5 0 8 3 2 11 4 _ 1 _ 
[00260722] 3 | _ 9 5 0 8 3 2 11 4 1 1 _ 
[00260723] 2 | 7 9 5 0 8 3 2 11 4 1 1 _ 
[00260724] 3 | _ 9 5 0 8 3 2 11 4 7 1 _ 
[00260725] 3 | _ 9 5 0 8 3 2 11 4 _ 1 4 
[00260726] 2 | 7 9 5 0 8 3 2 11 4 _ 1 4 
[00260727] 4 | _ 9 _ 0 8 3 2 11 4 _ 1 5 
[00260728] 3 | 6 9 _ 0 8 3 2 11 4 _ 1 5 
[00260729] 2 | 6 9 7 0 8 3 2 11 4 _ 1 5 
[00260730] 3 | _ 9 6 0 8 3 2 11 4 _ 1 5 
[00260731] 2 | 7 9 6 0 8 3 2 11 4 _ 1 5 
[00260732] 3 | _ 9 _ 0 8 3 2 11 4 7 1 5 
[00260733] 5 | _ 9 _ 0 8 _ 2 11 4 9 1 _ 
[00260734] 4 | _ 9 _ 0 8 _ 2 11 4 9 1 5 
[00260735] 5 | _ 9 _ 0 8 _ 2 11 4 _ 1 6 
[00260736] 4 | 5 9 _ 0 8 _ 2 11 4 _ 1 6 
[00260737] 3 | 5 9 _ 0 8 _ 2 11 4 7 1 6 
[00260738] 2 | 5 9 _ 0 8 10 2 11 4 7 1 6 
[00260739] 4 | _ 9 5 0 8 _ 2 11 4 _ 1 6 
[00260740] 3 | _ 9 5 0 8 _ 2 11 4 7 1 6 
[00260741] 2 | _ 9 5 0 8 10 2 11 4 7 1 6 
[00260742] 4 | _ 9 _ 0 8 4 2 11 4 _ 1 6 
[00260743] 4 | _ 9 _ 0 8 _ 2 11 4 8 1 6 
[00260744] 6 | _ 9 _ 0 8 _ _ 11 4 10 1 _ 
[00260745] 5 | _ 9 _ 0 8 3 _ 11 4 10 1 _ 
[00260746] 4 | 5 9 _ 0 8 3 _ 11 4 10 1 _ 
[00260747] 3 | 5 9 6 0 8 3 _ 11 4 10 1 _ 
[00260748] 4 | _ 9 5 0 8 3 _ 11 4 10 1 _ 
[00260749] 3 | 6 9 5 0 8 3 _ 11 4 10 1 _ 
[00260750] 4 | _ 9 _ 0 8 3 _ 11 4 10 1 5 
[00260751] 3 | 6 9 _ 0 8 3 _ 11 4 10 1 5 
[00260752] 2 | 6 9 7 0 8 3 _ 11 4 10 1 5 
[00260753] 3 | _ 9 6 0 8 3 _ 11 4 10 1 5 
[00260754] 2 | 7 9 6 0 8 3 _ 11 4 10 1 5 
[00260755] 5 | _ 9 _ 0 8 _ 3 11 4 10 1 _ 
[00260756] 4 | 5 9 _ 0 8 _ 3 11 4 10 1 _ 
[00260757] 3 | 5 9 6 0 8 _ 3 11 4 10 1 _ 
[00260758] 4 | _ 9 5 0 8 _ 3 11 4 10 1 _ 
[00260759] 3 | 6 9 5 0 8 _ 3 11 4 10 1 _ 
[00260760] 4 | _ 9 _ 0 8 _ 3 11 4 10 1 5 
[00260761] 3 | 6 9 _ 0 8 _ 3 11 4 10 1 5 
[00260762] 2 | 6 9 7 0 8 _ 3 11 4 10 1 5 
[00260763] 3 | _ 9 6 0 8 _ 3 11 4 10 1 5 
[00260764] 2 | 7 9 6 0 8 _ 3 11 4 10 1 5 
[00260765] 5 | _ 9 _ 0 8 _ _ 11 4 10 1 6 
[00260766] 4 | 5 9 _ 0 8 _ _ 11 4 10 1 6 
[00260767] 4 | _ 9 5 0 8 _ _ 11 4 10 1 6 
[00260768] 6 | _ 9 _ 0 8 _ _ 11 4 _ 1 7 
[00260769] 5 | 4 9 _ 0 8 _ _ 11 4 _ 1 7 
[00260770] 4 | 4 9 5 0 8 _ _ 11 4 _ 1 7 
[00260771] 5 | _ 9 4 0 8 _ _ 11 4 _ 1 7 
[00260772] 4 | 5 9 4 0 8 _ _ 11 4 _ 1 7 
[00260773] 5 | _ 9 _ 0 8 3 _ 11 4 _ 1 7 
[00260774] 4 | 5 9 _ 0 8 3 _ 11 4 _ 1 7 
[00260775] 3 | 5 9 6 0 8 3 _ 11 4 _ 1 7 
[00260776] 2 | 5 9 6 0 8 3 10 11 4 _ 1 7 
[00260777] 2 | 5 9 6 0 8 3 _ 11 4 2 1 7 
[00260778] 4 | _ 9 5 0 8 3 _ 11 4 _ 1 7 
[00260779] 3 | 6 9 5 0 8 3 _ 11 4 _ 1 7 
[00260780] 2 | 6 9 5 0 8 3 10 11 4 _ 1 7 
[00260781] 2 | 6 9 5 0 8 3 _ 11 4 2 1 7 
[00260782] 4 | _ 9 _ 0 8 3 4 11 4 _ 1 7 
[00260783] 3 | 6 9 _ 0 8 3 4 11 4 _ 1 7 
[00260784] 3 | _ 9 6 0 8 3 4 11 4 _ 1 7 
[00260785] 4 | _ 9 _ 0 8 3 _ 11 4 8 1 7 
[00260786] 3 | 6 9 _ 0 8 3 _ 11 4 8 1 7 
[00260787] 3 | _ 9 6 0 8 3 _ 11 4 8 1 7 
[00260788] 5 | _ 9 _ 0 8 _ 3 11 4 _ 1 7 
[00260789] 4 | 5 9 _ 0 8 _ 3 11 4 _ 1 7 
[00260790] 3 | 5 9 6 0 8 _ 3 11 4 _ 1 7 
[00260791] 2 | 5 9 6 0 8 10 3 11 4 _ 1 7 
[00260792] 2 | 5 9 6 0 8 _ 3 11 4 2 1 7 
[00260793] 4 | _ 9 5 0 8 _ 3 11 4 _ 1 7 
[00260794] 3 | 6 9 5 0 8 _ 3 11 4 _ 1 7 
[00260795] 2 | 6 9 5 0 8 10 3 11 4 _ 1 7 
[00260796] 2 | 6 9 5 0 8 _ 3 11 4 2 1 7 
[00260797] 4 | _ 9 _ 0 8 4 3 11 4 _ 1 7 
[00260798] 3 | 6 9 _ 0 8 4 3 11 4 _ 1 7 
[00260799] 3 | _ 9 6 0 8 4 3 11 4 _ 1 7 
[00260800] 4 | _ 9 _ 0 8 _ 3 11 4 8 1 7 
[00260801] 3 | 6 9 _ 0 8 _ 3 11 4 8 1 7 
[00260802] 3 | _ 9 6 0 8 _ 3 11 4 8 1 7 
[00260803] 5 | _ 9 _ 0 8 _ _ 11 4 9 1 7 
[00260804] 7 | _ 9 _ 0 8 _ _ 11 3 10 1 _ 
[00260805] 6 | _ 9 _ 0 8 2 _ 11 3 10 1 _ 
[00260806] 5 | 4 9 _ 0 8 2 _ 11 3 10 1 _ 
[00260807] 4 | 4 9 5 0 8 2 _ 11 3 10 1 _ 
[00260808] 4 | 4 9 _ 0 8 2 _ 11 3 10 1 5 
[00260809] 3 | 4 9 6 0 8 2 _ 11 3 10 1 5 
[00260810] 5 | _ 9 4 0 8 2 _ 11 3 10 1 _ 
[00260811] 4 | 5 9 4 0 8 2 _ 11 3 10 1 _ 
[00260812] 4 | _ 9 4 0 8 2 _ 11 3 10 1 5 
[00260813] 3 | 6 9 4 0 8 2 _ 11 3 10 1 5 
[00260814] 5 | _ 9 _ 0 8 2 _ 11 3 10 1 6 
[00260815] 4 | 5 9 _ 0 8 2 _ 11 3 10 1 6 
[00260816] 4 | _ 9 5 0 8 2 _ 11 3 10 1 6 
[00260817] 4 | _ 9 _ 0 8 2 4 11 3 10 1 6 
[00260818] 6 | _ 9 _ 0 8 _ 2 11 3 10 1 _ 
[00260819] 5 | 4 9 _ 0 8 _ 2 11 3 10 1 _ 
[00260820] 4 | 4 9 5 0 8 _ 2 11 3 10 1 _ 
[00260821] 4 | 4 9 _ 0 8 _ 2 11 3 10 1 5 
[00260822] 3 | 4 9 6 0 8 _ 2 11 3 10 1 5 
[00260823] 5 | _ 9 4 0 8 _ 2 11 3 10 1 _ 
[00260824] 4 | 5 9 4 0 8 _ 2 11 3 10 1 _ 
[00260825] 4 | _ 9 4 0 8 _ 2 11 3 10 1 5 
[00260826] 3 | 6 9 4 0 8 _ 2 11 3 10 1 5 
[00260827] 5 | _ 9 _ 0 8 _ 2 11 3 10 1 6 
[00260828] 4 | 5 9 _ 0 8 _ 2 11 3 10 1 6 
[00260829] 4 | _ 9 5 0 8 _ 2 11 3 10 1 6 
[00260830] 4 | _ 9 _ 0 8 4 2 11 3 10 1 6 
[00260831] 6 | _ 9 _ 0 8 _ _ 11 3 10 1 7 
[00260832] 5 | 4 9 _ 0 8 _ _ 11 3 10 1 7 
[00260833] 4 | 4 9 5 0 8 _ _ 11 3 10 1 7 
[00260834] 5 | _ 9 4 0 8 _ _ 11 3 10 1 7 
[00260835] 4 | 5 9 4 0 8 _ _ 11 3 10 1 7 
[00260836] 7 | _ 9 _ 0 8 _ _ 11 10 3 1 _ 
[00260837] 6 | _ 9 _ 0 8 2 _ 11 10 3 1 _ 
[00260838] 5 | 4 9 _ 0 8 2 _ 11 10 3 1 _ 
[00260839] 4 | 4 9 5 0 8 2 _ 11 10 3 1 _ 
[00260840] 4 | 4 9 _ 0 8 2 _ 11 10 3 1 5 
[00260841] 3 | 4 9 6 0 8 2 _ 11 10 3 1 5 
[00260842] 5 | _ 9 4 0 8 2 _ 11 10 3 1 _ 
[00260843] 4 | 5 9 4 0 8 2 _ 11 10 3 1 _ 
[00260844] 4 | _ 9 4 0 8 2 _ 11 10 3 1 5 
[00260845] 3 | 6 9 4 0 8 2 _ 11 10 3 1 5 
[00260846] 5 | _ 9 _ 0 8 2 _ 11 10 3 1 6 
[00260847] 4 | 5 9 _ 0 8 2 _ 11 10 3 1 6 
[00260848] 4 | _ 9 5 0 8 2 _ 11 10 3 1 6 
[00260849] 4 | _ 9 _ 0 8 2 4 11 10 3 1 6 
[00260850] 6 | _ 9 _ 0 8 _ 2 11 10 3 1 _ 
[00260851] 5 | 4 9 _ 0 8 _ 2 11 10 3 1 _ 
[00260852] 4 | 4 9 5 0 8 _ 2 11 10 3 1 _ 
[00260853] 4 | 4 9 _ 0 8 _ 2 11 10 3 1 5 
[00260854] 3 | 4 9 6 0 8 _ 2 11 10 3 1 5 
[00260855] 5 | _ 9 4 0 8 _ 2 11 10 3 1 _ 
[00260856] 4 | 5 9 4 0 8 _ 2 11 10 3 1 _ 
[00260857] 4 | _ 9 4 0 8 _ 2 11 10 3 1 5 
[00260858] 3 | 6 9 4 0 8 _ 2 11 10 3 1 5 
[00260859] 5 | _ 9 _ 0 8 _ 2 11 10 3 1 6 
[00260860] 4 | 5 9 _ 0 8 _ 2 11 10 3 1 6 
[00260861] 4 | _ 9 5 0 8 _ 2 11 10 3 1 6 
[00260862] 4 | _ 9 _ 0 8 4 2 11 10 3 1 6 
[00260863] 6 | _ 9 _ 0 8 _ _ 11 10 3 1 7 
[00260864] 5 | 4 9 _ 0 8 _ _ 11 10 3 1 7 
[00260865] 4 | 4 9 5 0 8 _ _ 11 10 3 1 7 
[00260866] 5 | _ 9 4 0 8 _ _ 11 10 3 1 7 
[00260867] 4 | 5 9 4 0 8 _ _ 11 10 3 1 7 
[00260868] 7 | _ 9 _ 0 8 _ _ 11 _ _ 1 8 
[00260869] 6 | 3 9 _ 0 8 _ _ 11 _ _ 1 8 
[00260870] 5 | 3 9 4 0 8 _ _ 11 _ _ 1 8 
[00260871] 4 | 3 9 4 0 8 _ _ 11 7 _ 1 8 
[00260872] 3 | 3 9 4 0 8 _ _ 11 7 10 1 8 
[00260873] 4 | 3 9 4 0 8 _ _ 11 2 6 1 8 
[00260874] 4 | 3 9 4 0 8 _ _ 11 6 10 1 8 
[00260875] 4 | 3 9 4 0 8 _ _ 11 6 2 1 8 
[00260876] 4 | 3 9 4 0 8 _ _ 11 10 6 1 8 
[00260877] 5 | 3 9 _ 0 8 _ _ 11 6 _ 1 8 
[00260878] 4 | 3 9 5 0 8 _ _ 11 6 _ 1 8 
[00260879] 4 | 3 9 _ 0 8 _ _ 11 6 2 1 8 
[00260880] 4 | 3 9 _ 0 8 _ _ 11 6 10 1 8 
[00260881] 5 | 3 9 _ 0 8 _ _ 11 2 7 1 8 
[00260882] 4 | 3 9 5 0 8 _ _ 11 2 7 1 8 
[00260883] 5 | 3 9 _ 0 8 _ _ 11 5 10 1 8 
[00260884] 5 | 3 9 _ 0 8 _ _ 11 7 2 1 8 
[00260885] 4 | 3 9 5 0 8 _ _ 11 7 2 1 8 
[00260886] 5 | 3 9 _ 0 8 _ _ 11 10 5 1 8 
[00260887] 6 | _ 9 3 0 8 _ _ 11 _ _ 1 8 
[00260888] 5 | 4 9 3 0 8 _ _ 11 _ _ 1 8 
[00260889] 4 | 4 9 3 0 8 _ _ 11 7 _ 1 8 
[00260890] 3 | 4 9 3 0 8 _ _ 11 7 10 1 8 
[00260891] 4 | 4 9 3 0 8 _ _ 11 2 6 1 8 
[00260892] 4 | 4 9 3 0 8 _ _ 11 6 10 1 8 
[00260893] 4 | 4 9 3 0 8 _ _ 11 6 2 1 8 
[00260894] 4 | 4 9 3 0 8 _ _ 11 10 6 1 8 
[00260895] 5 | _ 9 3 0 8 _ _ 11 6 _ 1 8 
[00260896] 4 | 5 9 3 0 8 _ _ 11 6 _ 1 8 
[00260897] 4 | _ 9 3 0 8 _ _ 11 6 2 1 8 
[00260898] 4 | _ 9 3 0 8 _ _ 11 6 10 1 8 
[00260899] 5 | _ 9 3 0 8 _ _ 11 2 7 1 8 
[00260900] 4 | 5 9 3 0 8 _ _ 11 2 7 1 8 
[00260901] 5 | _ 9 3 0 8 _ _ 11 5 10 1 8 
[00260902] 5 | _ 9 3 0 8 _ _ 11 7 2 1 8 
[00260903] 4 | 5 9 3 0 8 _ _ 11 7 2 1 8 
[00260904] 5 | _ 9 3 0 8 _ _ 11 10 5 1 8 
[00260905] 6 | _ 9 _ 0 8 _ _ 11 5 _ 1 8 
[00260906] 5 | 4 9 _ 0 8 _ _ 11 5 _ 1 8 
[00260907] 4 | 4 9 5 0 8 _ _ 11 5 _ 1 8 
[00260908] 4 | 4 9 _ 0 8 _ _ 11 5 9 1 8 
[00260909] 5 | _ 9 4 0 8 _ _ 11 5 _ 1 8 
[00260910] 4 | 5 9 4 0 8 _ _ 11 5 _ 1 8 
[00260911] 4 | _ 9 4 0 8 _ _ 11 5 9 1 8 
[00260912] 5 | _ 9 _ 0 8 _ _ 11 5 10 1 8 
[00260913] 6 | _ 9 _ 0 8 _ _ 11 4 10 1 8 
[00260914] 6 | _ 9 _ 0 8 _ _ 11 10 4 1 8 
[00260915] 8 | _ 9 _ 0 2 10 _ 11 _ _ 1 _ 
[00260916] 7 | 2 9 _ 0 2 10 _ 11 _ _ 1 _ 
[00260917] 6 | 2 9 3 0 2 10 _ 11 _ _ 1 _ 
[00260918] 5 | 2 9 3 0 2 10 _ 11 6 _ 1 _ 
[00260919] 4 | 2 9 3 0 2 10 _ 11 6 _ 1 5 
[00260920] 5 | 2 9 3 0 2 10 _ 11 _ _ 1 6 
[00260921] 4 | 2 9 3 0 2 10 _ 11 7 _ 1 6 
[00260922] 3 | 2 9 3 0 2 10 _ 11 7 4 1 6 
[00260923] 4 | 2 9 3 0 2 10 _ 11 4 8 1 6 
[00260924] 4 | 2 9 3 0 2 10 _ 11 8 4 1 6 
[00260925] 6 | 2 9 _ 0 2 10 _ 11 5 _ 1 _ 
[00260926] 5 | 2 9 4 0 2 10 _ 11 5 _ 1 _ 
[00260927] 4 | 2 9 4 0 2 10 _ 11 5 1 1 _ 
[00260928] 4 | 2 9 4 0 2 10 _ 11 5 _ 1 5 
[00260929] 5 | 2 9 _ 0 2 10 _ 11 5 _ 1 6 
[00260930] 4 | 2 9 5 0 2 10 _ 11 5 _ 1 6 
[00260931] 4 | 2 9 _ 0 2 10 _ 11 5 9 1 6 
[00260932] 6 | 2 9 _ 0 2 10 _ 11 _ _ 1 7 
[00260933] 5 | 2 9 4 0 2 10 _ 11 _ _ 1 7 
[00260934] 5 | 2 9 _ 0 2 10 _ 11 6 _ 1 7 
[00260935] 4 | 2 9 5 0 2 10 _ 11 6 _ 1 7 
[00260936] 3 | 2 9 5 0 2 10 _ 11 6 3 1 7 
[00260937] 5 | 2 9 _ 0 2 10 _ 11 3 8 1 7 
