[00337662] 3 | 7 2 _ 10 1 _ 5 0 11 4 6 3 
[00337663] 3 | 7 2 _ 10 1 _ 5 0 11 4 6 9 
[00337664] 2 | 7 2 _ 10 1 3 5 0 11 4 6 9 
[00337665] 4 | 7 2 _ 10 1 _ _ 0 11 4 6 2 
[00337666] 5 | _ 2 7 10 1 _ _ 0 11 4 6 _ 
[00337667] 4 | 6 2 7 10 1 _ _ 0 11 4 6 _ 
[00337668] 4 | _ 2 7 10 1 5 _ 0 11 4 6 _ 
[00337669] 3 | _ 2 7 10 1 5 _ 0 11 4 6 3 
[00337670] 3 | _ 2 7 10 1 5 _ 0 11 4 6 9 
[00337671] 2 | _ 2 7 10 1 5 3 0 11 4 6 9 
[00337672] 4 | _ 2 7 10 1 _ 5 0 11 4 6 _ 
[00337673] 3 | _ 2 7 10 1 _ 5 0 11 4 6 3 
[00337674] 3 | _ 2 7 10 1 _ 5 0 11 4 6 9 
[00337675] 2 | _ 2 7 10 1 3 5 0 11 4 6 9 
[00337676] 4 | _ 2 7 10 1 _ _ 0 11 4 6 2 
[00337677] 5 | _ 2 _ 10 1 6 _ 0 11 4 6 _ 
[00337678] 4 | _ 2 _ 10 1 6 5 0 11 4 6 _ 
[00337679] 5 | _ 2 _ 10 1 _ 6 0 11 4 6 _ 
[00337680] 4 | _ 2 _ 10 1 5 6 0 11 4 6 _ 
[00337681] 5 | _ 2 _ 10 1 _ _ 0 11 4 6 1 
[00337682] 6 | _ 2 _ 10 1 _ _ 0 11 4 3 9 
[00337683] 5 | 7 2 _ 10 1 _ _ 0 11 4 3 9 
[00337684] 4 | 7 2 6 10 1 _ _ 0 11 4 3 9 
[00337685] 4 | 7 2 _ 10 1 5 _ 0 11 4 3 9 
[00337686] 4 | 7 2 _ 10 1 _ 5 0 11 4 3 9 
[00337687] 5 | _ 2 7 10 1 _ _ 0 11 4 3 9 
[00337688] 4 | 6 2 7 10 1 _ _ 0 11 4 3 9 
[00337689] 4 | _ 2 7 10 1 5 _ 0 11 4 3 9 
[00337690] 4 | _ 2 7 10 1 _ 5 0 11 4 3 9 
[00337691] 5 | _ 2 _ 10 1 6 _ 0 11 4 3 9 
[00337692] 4 | _ 2 _ 10 1 6 5 0 11 4 3 9 
[00337693] 5 | _ 2 _ 10 1 _ 6 0 11 4 3 9 
[00337694] 4 | _ 2 _ 10 1 5 6 0 11 4 3 9 
[00337695] 6 | _ 2 _ 10 1 _ _ 0 11 4 9 3 
[00337696] 5 | 7 2 _ 10 1 _ _ 0 11 4 9 3 
[00337697] 4 | 7 2 6 10 1 _ _ 0 11 4 9 3 
[00337698] 4 | 7 2 _ 10 1 5 _ 0 11 4 9 3 
[00337699] 4 | 7 2 _ 10 1 _ 5 0 11 4 9 3 
[00337700] 5 | _ 2 7 10 1 _ _ 0 11 4 9 3 
[00337701] 4 | 6 2 7 10 1 _ _ 0 11 4 9 3 
[00337702] 4 | _ 2 7 10 1 5 _ 0 11 4 9 3 
[00337703] 4 | _ 2 7 10 1 _ 5 0 11 4 9 3 
[00337704] 5 | _ 2 _ 10 1 6 _ 0 11 4 9 3 
[00337705] 4 | _ 2 _ 10 1 6 5 0 11 4 9 3 
[00337706] 5 | _ 2 _ 10 1 _ 6 0 11 4 9 3 
[00337707] 4 | _ 2 _ 10 1 5 6 0 11 4 9 3 
[00337708] 7 | _ 2 _ 10 1 _ _ 0 11 _ 7 _ 
[00337709] 6 | 8 2 _ 10 1 _ _ 0 11 _ 7 _ 
[00337710] 5 | 8 2 7 10 1 _ _ 0 11 _ 7 _ 
[00337711] 4 | 8 2 7 10 1 5 _ 0 11 _ 7 _ 
[00337712] 3 | 8 2 7 10 1 5 4 0 11 _ 7 _ 
[00337713] 2 | 8 2 7 10 1 5 4 0 11 9 7 _ 
[00337714] 4 | 8 2 7 10 1 _ 5 0 11 _ 7 _ 
[00337715] 3 | 8 2 7 10 1 4 5 0 11 _ 7 _ 
[00337716] 2 | 8 2 7 10 1 4 5 0 11 9 7 _ 
[00337717] 5 | 8 2 _ 10 1 6 _ 0 11 _ 7 _ 
[00337718] 4 | 8 2 _ 10 1 6 5 0 11 _ 7 _ 
[00337719] 3 | 8 2 _ 10 1 6 5 0 11 _ 7 4 
[00337720] 2 | 8 2 _ 10 1 6 5 0 11 9 7 4 
[00337721] 1 | 8 2 3 10 1 6 5 0 11 9 7 4  *Graceful*
[00337721] 4 | 8 2 _ 10 1 6 _ 0 11 7 7 _ 
[00337722] 3 | 8 2 5 10 1 6 _ 0 11 7 7 _ 
[00337723] 2 | 8 2 5 10 1 6 3 0 11 7 7 _ 
[00337724] 3 | 8 2 _ 10 1 6 4 0 11 7 7 _ 
[00337725] 4 | 8 2 _ 10 1 6 _ 0 11 _ 7 3 
[00337726] 3 | 8 2 5 10 1 6 _ 0 11 _ 7 3 
[00337727] 2 | 8 2 5 10 1 6 _ 0 11 9 7 3 
[00337728] 3 | 8 2 _ 10 1 6 4 0 11 _ 7 3 
[00337729] 2 | 8 2 _ 10 1 6 4 0 11 9 7 3 
[00337730] 4 | 8 2 _ 10 1 6 _ 0 11 _ 7 11 
[00337731] 3 | 8 2 5 10 1 6 _ 0 11 _ 7 11 
[00337732] 2 | 8 2 5 10 1 6 3 0 11 _ 7 11 
[00337733] 3 | 8 2 _ 10 1 6 4 0 11 _ 7 11 
[00337734] 5 | 8 2 _ 10 1 _ 6 0 11 _ 7 _ 
[00337735] 4 | 8 2 _ 10 1 5 6 0 11 _ 7 _ 
[00337736] 3 | 8 2 _ 10 1 5 6 0 11 _ 7 4 
[00337737] 2 | 8 2 _ 10 1 5 6 0 11 9 7 4 
[00337738] 1 | 8 2 3 10 1 5 6 0 11 9 7 4  *Graceful*
[00337738] 4 | 8 2 _ 10 1 _ 6 0 11 7 7 _ 
[00337739] 3 | 8 2 5 10 1 _ 6 0 11 7 7 _ 
[00337740] 2 | 8 2 5 10 1 3 6 0 11 7 7 _ 
[00337741] 3 | 8 2 _ 10 1 4 6 0 11 7 7 _ 
[00337742] 4 | 8 2 _ 10 1 _ 6 0 11 _ 7 3 
[00337743] 3 | 8 2 5 10 1 _ 6 0 11 _ 7 3 
[00337744] 2 | 8 2 5 10 1 _ 6 0 11 9 7 3 
[00337745] 3 | 8 2 _ 10 1 4 6 0 11 _ 7 3 
[00337746] 2 | 8 2 _ 10 1 4 6 0 11 9 7 3 
[00337747] 4 | 8 2 _ 10 1 _ 6 0 11 _ 7 11 
[00337748] 3 | 8 2 5 10 1 _ 6 0 11 _ 7 11 
[00337749] 2 | 8 2 5 10 1 3 6 0 11 _ 7 11 
[00337750] 3 | 8 2 _ 10 1 4 6 0 11 _ 7 11 
[00337751] 5 | 8 2 _ 10 1 _ _ 0 11 6 7 _ 
[00337752] 4 | 8 2 _ 10 1 5 _ 0 11 6 7 _ 
[00337753] 3 | 8 2 _ 10 1 5 4 0 11 6 7 _ 
[00337754] 2 | 8 2 _ 10 1 5 4 0 11 6 7 9 
[00337755] 1 | 8 2 3 10 1 5 4 0 11 6 7 9  *Graceful*
[00337755] 3 | 8 2 _ 10 1 5 _ 0 11 6 7 4 
[00337756] 2 | 8 2 _ 10 1 5 3 0 11 6 7 4 
[00337757] 4 | 8 2 _ 10 1 _ 5 0 11 6 7 _ 
[00337758] 3 | 8 2 _ 10 1 4 5 0 11 6 7 _ 
[00337759] 2 | 8 2 _ 10 1 4 5 0 11 6 7 9 
[00337760] 1 | 8 2 3 10 1 4 5 0 11 6 7 9  *Graceful*
[00337760] 3 | 8 2 _ 10 1 _ 5 0 11 6 7 4 
[00337761] 2 | 8 2 _ 10 1 3 5 0 11 6 7 4 
[00337762] 4 | 8 2 _ 10 1 _ _ 0 11 6 7 3 
[00337763] 3 | 8 2 5 10 1 _ _ 0 11 6 7 3 
[00337764] 3 | 8 2 _ 10 1 4 _ 0 11 6 7 3 
[00337765] 3 | 8 2 _ 10 1 _ 4 0 11 6 7 3 
[00337766] 5 | 8 2 _ 10 1 _ _ 0 11 _ 7 2 
[00337767] 4 | 8 2 _ 10 1 5 _ 0 11 _ 7 2 
[00337768] 3 | 8 2 _ 10 1 5 4 0 11 _ 7 2 
[00337769] 2 | 8 2 _ 10 1 5 4 0 11 9 7 2 
[00337770] 4 | 8 2 _ 10 1 _ 5 0 11 _ 7 2 
[00337771] 3 | 8 2 _ 10 1 4 5 0 11 _ 7 2 
[00337772] 2 | 8 2 _ 10 1 4 5 0 11 9 7 2 
[00337773] 6 | _ 2 8 10 1 _ _ 0 11 _ 7 _ 
[00337774] 5 | 7 2 8 10 1 _ _ 0 11 _ 7 _ 
[00337775] 4 | 7 2 8 10 1 5 _ 0 11 _ 7 _ 
[00337776] 3 | 7 2 8 10 1 5 4 0 11 _ 7 _ 
[00337777] 2 | 7 2 8 10 1 5 4 0 11 9 7 _ 
[00337778] 4 | 7 2 8 10 1 _ 5 0 11 _ 7 _ 
[00337779] 3 | 7 2 8 10 1 4 5 0 11 _ 7 _ 
[00337780] 2 | 7 2 8 10 1 4 5 0 11 9 7 _ 
[00337781] 5 | _ 2 8 10 1 6 _ 0 11 _ 7 _ 
[00337782] 4 | _ 2 8 10 1 6 5 0 11 _ 7 _ 
[00337783] 3 | _ 2 8 10 1 6 5 0 11 _ 7 4 
[00337784] 2 | _ 2 8 10 1 6 5 0 11 9 7 4 
[00337785] 1 | 3 2 8 10 1 6 5 0 11 9 7 4  *Graceful*
[00337785] 4 | _ 2 8 10 1 6 _ 0 11 7 7 _ 
[00337786] 3 | 5 2 8 10 1 6 _ 0 11 7 7 _ 
[00337787] 2 | 5 2 8 10 1 6 3 0 11 7 7 _ 
[00337788] 3 | _ 2 8 10 1 6 4 0 11 7 7 _ 
[00337789] 4 | _ 2 8 10 1 6 _ 0 11 _ 7 3 
[00337790] 3 | 5 2 8 10 1 6 _ 0 11 _ 7 3 
[00337791] 2 | 5 2 8 10 1 6 _ 0 11 9 7 3 
[00337792] 3 | _ 2 8 10 1 6 4 0 11 _ 7 3 
[00337793] 2 | _ 2 8 10 1 6 4 0 11 9 7 3 
[00337794] 4 | _ 2 8 10 1 6 _ 0 11 _ 7 11 
[00337795] 3 | 5 2 8 10 1 6 _ 0 11 _ 7 11 
[00337796] 2 | 5 2 8 10 1 6 3 0 11 _ 7 11 
[00337797] 3 | _ 2 8 10 1 6 4 0 11 _ 7 11 
[00337798] 5 | _ 2 8 10 1 _ 6 0 11 _ 7 _ 
[00337799] 4 | _ 2 8 10 1 5 6 0 11 _ 7 _ 
[00337800] 3 | _ 2 8 10 1 5 6 0 11 _ 7 4 
[00337801] 2 | _ 2 8 10 1 5 6 0 11 9 7 4 
[00337802] 1 | 3 2 8 10 1 5 6 0 11 9 7 4  *Graceful*
[00337802] 4 | _ 2 8 10 1 _ 6 0 11 7 7 _ 
[00337803] 3 | 5 2 8 10 1 _ 6 0 11 7 7 _ 
[00337804] 2 | 5 2 8 10 1 3 6 0 11 7 7 _ 
[00337805] 3 | _ 2 8 10 1 4 6 0 11 7 7 _ 
[00337806] 4 | _ 2 8 10 1 _ 6 0 11 _ 7 3 
[00337807] 3 | 5 2 8 10 1 _ 6 0 11 _ 7 3 
[00337808] 2 | 5 2 8 10 1 _ 6 0 11 9 7 3 
[00337809] 3 | _ 2 8 10 1 4 6 0 11 _ 7 3 
[00337810] 2 | _ 2 8 10 1 4 6 0 11 9 7 3 
[00337811] 4 | _ 2 8 10 1 _ 6 0 11 _ 7 11 
[00337812] 3 | 5 2 8 10 1 _ 6 0 11 _ 7 11 
[00337813] 2 | 5 2 8 10 1 3 6 0 11 _ 7 11 
[00337814] 3 | _ 2 8 10 1 4 6 0 11 _ 7 11 
[00337815] 5 | _ 2 8 10 1 _ _ 0 11 6 7 _ 
[00337816] 4 | _ 2 8 10 1 5 _ 0 11 6 7 _ 
[00337817] 3 | _ 2 8 10 1 5 4 0 11 6 7 _ 
[00337818] 2 | _ 2 8 10 1 5 4 0 11 6 7 9 
[00337819] 1 | 3 2 8 10 1 5 4 0 11 6 7 9  *Graceful*
[00337819] 3 | _ 2 8 10 1 5 _ 0 11 6 7 4 
[00337820] 2 | _ 2 8 10 1 5 3 0 11 6 7 4 
[00337821] 4 | _ 2 8 10 1 _ 5 0 11 6 7 _ 
[00337822] 3 | _ 2 8 10 1 4 5 0 11 6 7 _ 
[00337823] 2 | _ 2 8 10 1 4 5 0 11 6 7 9 
[00337824] 1 | 3 2 8 10 1 4 5 0 11 6 7 9  *Graceful*
[00337824] 3 | _ 2 8 10 1 _ 5 0 11 6 7 4 
[00337825] 2 | _ 2 8 10 1 3 5 0 11 6 7 4 
[00337826] 4 | _ 2 8 10 1 _ _ 0 11 6 7 3 
[00337827] 3 | 5 2 8 10 1 _ _ 0 11 6 7 3 
[00337828] 3 | _ 2 8 10 1 4 _ 0 11 6 7 3 
[00337829] 3 | _ 2 8 10 1 _ 4 0 11 6 7 3 
[00337830] 5 | _ 2 8 10 1 _ _ 0 11 _ 7 2 
[00337831] 4 | _ 2 8 10 1 5 _ 0 11 _ 7 2 
[00337832] 3 | _ 2 8 10 1 5 4 0 11 _ 7 2 
[00337833] 2 | _ 2 8 10 1 5 4 0 11 9 7 2 
[00337834] 4 | _ 2 8 10 1 _ 5 0 11 _ 7 2 
[00337835] 3 | _ 2 8 10 1 4 5 0 11 _ 7 2 
[00337836] 2 | _ 2 8 10 1 4 5 0 11 9 7 2 
[00337837] 6 | _ 2 _ 10 1 7 _ 0 11 _ 7 _ 
[00337838] 5 | _ 2 _ 10 1 7 6 0 11 _ 7 _ 
[00337839] 5 | _ 2 _ 10 1 7 _ 0 11 6 7 _ 
[00337840] 4 | _ 2 _ 10 1 7 5 0 11 6 7 _ 
[00337841] 6 | _ 2 _ 10 1 _ 7 0 11 _ 7 _ 
[00337842] 5 | _ 2 _ 10 1 6 7 0 11 _ 7 _ 
[00337843] 5 | _ 2 _ 10 1 _ 7 0 11 6 7 _ 
[00337844] 4 | _ 2 _ 10 1 5 7 0 11 6 7 _ 
[00337845] 6 | _ 2 _ 10 1 _ _ 0 11 5 7 _ 
[00337846] 5 | 7 2 _ 10 1 _ _ 0 11 5 7 _ 
[00337847] 4 | 7 2 6 10 1 _ _ 0 11 5 7 _ 
[00337848] 3 | 7 2 6 10 1 4 _ 0 11 5 7 _ 
[00337849] 2 | 7 2 6 10 1 4 3 0 11 5 7 _ 
[00337850] 3 | 7 2 6 10 1 _ 4 0 11 5 7 _ 
[00337851] 2 | 7 2 6 10 1 3 4 0 11 5 7 _ 
[00337852] 5 | _ 2 7 10 1 _ _ 0 11 5 7 _ 
[00337853] 4 | 6 2 7 10 1 _ _ 0 11 5 7 _ 
[00337854] 3 | 6 2 7 10 1 4 _ 0 11 5 7 _ 
[00337855] 2 | 6 2 7 10 1 4 3 0 11 5 7 _ 
[00337856] 3 | 6 2 7 10 1 _ 4 0 11 5 7 _ 
[00337857] 2 | 6 2 7 10 1 3 4 0 11 5 7 _ 
[00337858] 5 | _ 2 _ 10 1 6 _ 0 11 5 7 _ 
[00337859] 4 | _ 2 _ 10 1 6 _ 0 11 5 7 3 
[00337860] 3 | _ 2 _ 10 1 6 4 0 11 5 7 3 
[00337861] 5 | _ 2 _ 10 1 _ 6 0 11 5 7 _ 
[00337862] 4 | _ 2 _ 10 1 _ 6 0 11 5 7 3 
[00337863] 3 | _ 2 _ 10 1 4 6 0 11 5 7 3 
[00337864] 5 | _ 2 _ 10 1 _ _ 0 11 5 7 2 
[00337865] 6 | _ 2 _ 10 1 _ _ 0 11 _ 7 1 
[00337866] 5 | _ 2 _ 10 1 _ _ 0 11 6 7 1 
[00337867] 8 | _ _ _ 10 1 9 _ 0 11 _ _ _ 
[00337868] 7 | _ 3 _ 10 1 9 _ 0 11 _ _ _ 
[00337869] 6 | _ 3 _ 10 1 9 7 0 11 _ _ _ 
[00337870] 5 | 8 3 _ 10 1 9 7 0 11 _ _ _ 
[00337871] 4 | 8 3 _ 10 1 9 7 0 11 _ 4 _ 
[00337872] 3 | 8 3 6 10 1 9 7 0 11 _ 4 _ 
[00337873] 2 | 8 3 6 10 1 9 7 0 11 _ 4 2 
[00337874] 4 | 8 3 _ 10 1 9 7 0 11 _ 2 6 
[00337875] 4 | 8 3 _ 10 1 9 7 0 11 _ 6 2 
[00337876] 5 | _ 3 8 10 1 9 7 0 11 _ _ _ 
[00337877] 4 | _ 3 8 10 1 9 7 0 11 _ 4 _ 
[00337878] 3 | 6 3 8 10 1 9 7 0 11 _ 4 _ 
[00337879] 2 | 6 3 8 10 1 9 7 0 11 _ 4 2 
[00337880] 4 | _ 3 8 10 1 9 7 0 11 _ 2 6 
[00337881] 4 | _ 3 8 10 1 9 7 0 11 _ 6 2 
[00337882] 5 | _ 3 _ 10 1 9 7 0 11 6 _ _ 
[00337883] 4 | _ 3 _ 10 1 9 7 0 11 6 4 _ 
[00337884] 4 | _ 3 _ 10 1 9 7 0 11 6 4 8 
[00337885] 4 | _ 3 _ 10 1 9 7 0 11 6 8 4 
[00337886] 5 | _ 3 _ 10 1 9 7 0 11 _ 5 _ 
[00337887] 6 | _ 3 _ 10 1 9 _ 0 11 5 _ _ 
[00337888] 5 | 8 3 _ 10 1 9 _ 0 11 5 _ _ 
[00337889] 4 | 8 3 7 10 1 9 _ 0 11 5 _ _ 
[00337890] 3 | 8 3 7 10 1 9 4 0 11 5 _ _ 
[00337891] 2 | 8 3 7 10 1 9 4 0 11 5 2 _ 
[00337892] 4 | 8 3 _ 10 1 9 _ 0 11 5 4 _ 
[00337893] 3 | 8 3 6 10 1 9 _ 0 11 5 4 _ 
[00337894] 2 | 8 3 6 10 1 9 _ 0 11 5 4 2 
[00337895] 3 | 8 3 _ 10 1 9 4 0 11 5 4 _ 
[00337896] 3 | 8 3 _ 10 1 9 _ 0 11 5 4 1 
[00337897] 3 | 8 3 _ 10 1 9 _ 0 11 5 4 7 
[00337898] 2 | 8 3 1 10 1 9 _ 0 11 5 4 7 
[00337899] 2 | 8 3 _ 10 1 9 3 0 11 5 4 7 
[00337900] 4 | 8 3 _ 10 1 9 _ 0 11 5 2 6 
[00337901] 3 | 8 3 _ 10 1 9 4 0 11 5 2 6 
[00337902] 4 | 8 3 _ 10 1 9 _ 0 11 5 6 2 
[00337903] 3 | 8 3 _ 10 1 9 4 0 11 5 6 2 
[00337904] 5 | _ 3 8 10 1 9 _ 0 11 5 _ _ 
[00337905] 4 | 7 3 8 10 1 9 _ 0 11 5 _ _ 
[00337906] 3 | 7 3 8 10 1 9 4 0 11 5 _ _ 
[00337907] 2 | 7 3 8 10 1 9 4 0 11 5 2 _ 
[00337908] 4 | _ 3 8 10 1 9 _ 0 11 5 4 _ 
[00337909] 3 | 6 3 8 10 1 9 _ 0 11 5 4 _ 
[00337910] 2 | 6 3 8 10 1 9 _ 0 11 5 4 2 
[00337911] 3 | _ 3 8 10 1 9 4 0 11 5 4 _ 
[00337912] 3 | _ 3 8 10 1 9 _ 0 11 5 4 1 
[00337913] 3 | _ 3 8 10 1 9 _ 0 11 5 4 7 
[00337914] 2 | 1 3 8 10 1 9 _ 0 11 5 4 7 
[00337915] 2 | _ 3 8 10 1 9 3 0 11 5 4 7 
[00337916] 4 | _ 3 8 10 1 9 _ 0 11 5 2 6 
[00337917] 3 | _ 3 8 10 1 9 4 0 11 5 2 6 
[00337918] 4 | _ 3 8 10 1 9 _ 0 11 5 6 2 
[00337919] 3 | _ 3 8 10 1 9 4 0 11 5 6 2 
[00337920] 5 | _ 3 _ 10 1 9 6 0 11 5 _ _ 
[00337921] 4 | 7 3 _ 10 1 9 6 0 11 5 _ _ 
[00337922] 3 | 7 3 0 10 1 9 6 0 11 5 _ _ 
[00337923] 2 | 7 3 0 10 1 9 6 0 11 5 2 4 
[00337924] 2 | 7 3 0 10 1 9 6 0 11 5 4 2 
[00337925] 3 | 7 3 _ 10 1 9 6 0 11 5 3 _ 
[00337926] 4 | _ 3 7 10 1 9 6 0 11 5 _ _ 
[00337927] 3 | 0 3 7 10 1 9 6 0 11 5 _ _ 
[00337928] 2 | 0 3 7 10 1 9 6 0 11 5 2 4 
[00337929] 2 | 0 3 7 10 1 9 6 0 11 5 4 2 
[00337930] 3 | _ 3 7 10 1 9 6 0 11 5 3 _ 
[00337931] 4 | _ 3 _ 10 1 9 6 0 11 5 4 _ 
[00337932] 3 | _ 3 _ 10 1 9 6 0 11 5 4 7 
[00337933] 4 | _ 3 _ 10 1 9 6 0 11 5 4 8 
[00337934] 4 | _ 3 _ 10 1 9 6 0 11 5 8 4 
[00337935] 5 | _ 3 _ 10 1 9 _ 0 11 5 2 7 
[00337936] 5 | _ 3 _ 10 1 9 _ 0 11 5 7 2 
[00337937] 6 | _ 3 _ 10 1 9 _ 0 11 _ 6 _ 
[00337938] 5 | 8 3 _ 10 1 9 _ 0 11 _ 6 _ 
[00337939] 4 | 8 3 7 10 1 9 _ 0 11 _ 6 _ 
[00337940] 3 | 8 3 7 10 1 9 4 0 11 _ 6 _ 
[00337941] 4 | 8 3 _ 10 1 9 5 0 11 _ 6 _ 
[00337942] 3 | 8 3 6 10 1 9 5 0 11 _ 6 _ 
[00337943] 3 | 8 3 _ 10 1 9 5 0 11 _ 6 3 
[00337944] 4 | 8 3 _ 10 1 9 _ 0 11 7 6 _ 
[00337945] 3 | 8 3 6 10 1 9 _ 0 11 7 6 _ 
[00337946] 3 | 8 3 _ 10 1 9 4 0 11 7 6 _ 
[00337947] 2 | 8 3 5 10 1 9 4 0 11 7 6 _ 
[00337948] 3 | 8 3 _ 10 1 9 _ 0 11 7 6 3 
[00337949] 4 | 8 3 _ 10 1 9 _ 0 11 _ 6 2 
[00337950] 3 | 8 3 _ 10 1 9 4 0 11 _ 6 2 
[00337951] 2 | 8 3 5 10 1 9 4 0 11 _ 6 2 
[00337952] 5 | _ 3 8 10 1 9 _ 0 11 _ 6 _ 
[00337953] 4 | 7 3 8 10 1 9 _ 0 11 _ 6 _ 
[00337954] 3 | 7 3 8 10 1 9 4 0 11 _ 6 _ 
[00337955] 4 | _ 3 8 10 1 9 5 0 11 _ 6 _ 
[00337956] 3 | 6 3 8 10 1 9 5 0 11 _ 6 _ 
[00337957] 3 | _ 3 8 10 1 9 5 0 11 _ 6 3 
[00337958] 4 | _ 3 8 10 1 9 _ 0 11 7 6 _ 
[00337959] 3 | 6 3 8 10 1 9 _ 0 11 7 6 _ 
[00337960] 3 | _ 3 8 10 1 9 4 0 11 7 6 _ 
[00337961] 2 | 5 3 8 10 1 9 4 0 11 7 6 _ 
[00337962] 3 | _ 3 8 10 1 9 _ 0 11 7 6 3 
[00337963] 4 | _ 3 8 10 1 9 _ 0 11 _ 6 2 
[00337964] 3 | _ 3 8 10 1 9 4 0 11 _ 6 2 
[00337965] 2 | 5 3 8 10 1 9 4 0 11 _ 6 2 
[00337966] 5 | _ 3 _ 10 1 9 6 0 11 _ 6 _ 
[00337967] 4 | 7 3 _ 10 1 9 6 0 11 _ 6 _ 
[00337968] 3 | 7 3 _ 10 1 9 6 0 11 8 6 _ 
[00337969] 2 | 7 3 5 10 1 9 6 0 11 8 6 _ 
[00337970] 4 | _ 3 7 10 1 9 6 0 11 _ 6 _ 
[00337971] 3 | _ 3 7 10 1 9 6 0 11 8 6 _ 
[00337972] 2 | 5 3 7 10 1 9 6 0 11 8 6 _ 
[00337973] 4 | _ 3 _ 10 1 9 6 0 11 7 6 _ 
[00337974] 5 | _ 3 _ 10 1 9 _ 0 11 6 6 _ 
[00337975] 4 | 7 3 _ 10 1 9 _ 0 11 6 6 _ 
[00337976] 3 | 7 3 _ 10 1 9 4 0 11 6 6 _ 
[00337977] 2 | 7 3 5 10 1 9 4 0 11 6 6 _ 
[00337978] 4 | _ 3 7 10 1 9 _ 0 11 6 6 _ 
[00337979] 3 | _ 3 7 10 1 9 4 0 11 6 6 _ 
[00337980] 2 | 5 3 7 10 1 9 4 0 11 6 6 _ 
[00337981] 4 | _ 3 _ 10 1 9 5 0 11 6 6 _ 
[00337982] 5 | _ 3 _ 10 1 9 _ 0 11 _ 6 1 
[00337983] 4 | 7 3 _ 10 1 9 _ 0 11 _ 6 1 
[00337984] 3 | 7 3 _ 10 1 9 _ 0 11 8 6 1 
[00337985] 2 | 7 3 5 10 1 9 _ 0 11 8 6 1 
[00337986] 4 | _ 3 7 10 1 9 _ 0 11 _ 6 1 
[00337987] 3 | _ 3 7 10 1 9 _ 0 11 8 6 1 
[00337988] 2 | 5 3 7 10 1 9 _ 0 11 8 6 1 
[00337989] 4 | _ 3 _ 10 1 9 _ 0 11 7 6 1 
[00337990] 5 | _ 3 _ 10 1 9 _ 0 11 _ 6 11 
[00337991] 4 | 7 3 _ 10 1 9 _ 0 11 _ 6 11 
[00337992] 3 | 7 3 _ 10 1 9 4 0 11 _ 6 11 
[00337993] 2 | 7 3 5 10 1 9 4 0 11 _ 6 11 
[00337994] 4 | _ 3 7 10 1 9 _ 0 11 _ 6 11 
[00337995] 3 | _ 3 7 10 1 9 4 0 11 _ 6 11 
[00337996] 2 | 5 3 7 10 1 9 4 0 11 _ 6 11 
[00337997] 4 | _ 3 _ 10 1 9 5 0 11 _ 6 11 
[00337998] 6 | _ 3 _ 10 1 9 _ 0 11 _ 2 8 
[00337999] 5 | _ 3 _ 10 1 9 6 0 11 _ 2 8 
[00338000] 4 | 7 3 _ 10 1 9 6 0 11 _ 2 8 
[00338001] 4 | _ 3 7 10 1 9 6 0 11 _ 2 8 
[00338002] 4 | _ 3 _ 10 1 9 6 0 11 7 2 8 
[00338003] 5 | _ 3 _ 10 1 9 _ 0 11 6 2 8 
[00338004] 4 | 7 3 _ 10 1 9 _ 0 11 6 2 8 
[00338005] 3 | 7 3 _ 10 1 9 4 0 11 6 2 8 
[00338006] 2 | 7 3 5 10 1 9 4 0 11 6 2 8 
[00338007] 4 | _ 3 7 10 1 9 _ 0 11 6 2 8 
[00338008] 3 | _ 3 7 10 1 9 4 0 11 6 2 8 
[00338009] 2 | 5 3 7 10 1 9 4 0 11 6 2 8 
[00338010] 4 | _ 3 _ 10 1 9 5 0 11 6 2 8 
[00338011] 6 | _ 3 _ 10 1 9 _ 0 11 _ 8 2 
[00338012] 5 | _ 3 _ 10 1 9 6 0 11 _ 8 2 
[00338013] 4 | 7 3 _ 10 1 9 6 0 11 _ 8 2 
[00338014] 4 | _ 3 7 10 1 9 6 0 11 _ 8 2 
[00338015] 4 | _ 3 _ 10 1 9 6 0 11 7 8 2 
[00338016] 5 | _ 3 _ 10 1 9 _ 0 11 6 8 2 
[00338017] 4 | 7 3 _ 10 1 9 _ 0 11 6 8 2 
[00338018] 3 | 7 3 _ 10 1 9 4 0 11 6 8 2 
[00338019] 2 | 7 3 5 10 1 9 4 0 11 6 8 2 
[00338020] 4 | _ 3 7 10 1 9 _ 0 11 6 8 2 
[00338021] 3 | _ 3 7 10 1 9 4 0 11 6 8 2 
[00338022] 2 | 5 3 7 10 1 9 4 0 11 6 8 2 
[00338023] 4 | _ 3 _ 10 1 9 5 0 11 6 8 2 
[00338024] 7 | _ _ _ 10 1 9 8 0 11 _ _ _ 
[00338025] 6 | _ 4 _ 10 1 9 8 0 11 _ _ _ 
[00338026] 5 | _ 4 _ 10 1 9 8 0 11 6 _ _ 
[00338027] 4 | 0 4 _ 10 1 9 8 0 11 6 _ _ 
[00338028] 3 | 0 4 7 10 1 9 8 0 11 6 _ _ 
[00338029] 2 | 0 4 7 10 1 9 8 0 11 6 3 5 
[00338030] 2 | 0 4 7 10 1 9 8 0 11 6 5 3 
[00338031] 3 | 0 4 _ 10 1 9 8 0 11 6 2 5 
[00338032] 3 | 0 4 _ 10 1 9 8 0 11 6 5 2 
[00338033] 4 | _ 4 0 10 1 9 8 0 11 6 _ _ 
[00338034] 3 | 7 4 0 10 1 9 8 0 11 6 _ _ 
[00338035] 2 | 7 4 0 10 1 9 8 0 11 6 3 5 
[00338036] 2 | 7 4 0 10 1 9 8 0 11 6 5 3 
[00338037] 3 | _ 4 0 10 1 9 8 0 11 6 2 5 
[00338038] 3 | _ 4 0 10 1 9 8 0 11 6 5 2 
[00338039] 4 | _ 4 _ 10 1 9 8 0 11 6 4 _ 
[00338040] 3 | 7 4 _ 10 1 9 8 0 11 6 4 _ 
[00338041] 2 | 7 4 2 10 1 9 8 0 11 6 4 _ 
[00338042] 2 | 7 4 _ 10 1 9 8 0 11 6 4 2 
[00338043] 3 | _ 4 7 10 1 9 8 0 11 6 4 _ 
[00338044] 2 | 2 4 7 10 1 9 8 0 11 6 4 _ 
[00338045] 2 | _ 4 7 10 1 9 8 0 11 6 4 2 
[00338046] 3 | _ 4 _ 10 1 9 8 0 11 6 4 7 
[00338047] 4 | _ 4 _ 10 1 9 8 0 11 6 3 7 
[00338048] 4 | _ 4 _ 10 1 9 8 0 11 6 7 3 
[00338049] 5 | _ 4 _ 10 1 9 8 0 11 _ 5 _ 
[00338050] 4 | _ 4 _ 10 1 9 8 0 11 7 5 _ 
[00338051] 3 | _ 4 _ 10 1 9 8 0 11 7 5 2 
[00338052] 2 | 6 4 _ 10 1 9 8 0 11 7 5 2 
[00338053] 1 | 6 4 3 10 1 9 8 0 11 7 5 2  *Graceful*
[00338053] 2 | _ 4 6 10 1 9 8 0 11 7 5 2 
[00338054] 1 | 3 4 6 10 1 9 8 0 11 7 5 2  *Graceful*
[00338054] 5 | _ 4 _ 10 1 9 8 0 11 _ 2 7 
[00338055] 5 | _ 4 _ 10 1 9 8 0 11 _ 7 2 
[00338056] 6 | _ _ _ 10 1 9 8 0 11 5 _ _ 
[00338057] 5 | 2 7 _ 10 1 9 8 0 11 5 _ _ 
[00338058] 4 | 2 7 3 10 1 9 8 0 11 5 _ _ 
[00338059] 4 | 2 7 _ 10 1 9 8 0 11 5 4 _ 
[00338060] 3 | 2 7 4 10 1 9 8 0 11 5 4 _ 
[00338061] 3 | 2 7 _ 10 1 9 8 0 11 5 4 7 
[00338062] 5 | 7 2 _ 10 1 9 8 0 11 5 _ _ 
[00338063] 5 | _ 2 7 10 1 9 8 0 11 5 _ _ 
[00338064] 5 | _ 7 2 10 1 9 8 0 11 5 _ _ 
[00338065] 4 | 3 7 2 10 1 9 8 0 11 5 _ _ 
[00338066] 4 | _ 7 2 10 1 9 8 0 11 5 4 _ 
[00338067] 3 | 4 7 2 10 1 9 8 0 11 5 4 _ 
[00338068] 3 | _ 7 2 10 1 9 8 0 11 5 4 7 
[00338069] 5 | _ _ _ 10 1 9 8 0 11 5 2 7 
[00338070] 4 | _ 6 _ 10 1 9 8 0 11 5 2 7 
[00338071] 3 | 3 6 _ 10 1 9 8 0 11 5 2 7 
[00338072] 2 | 3 6 4 10 1 9 8 0 11 5 2 7 
[00338073] 3 | _ 6 3 10 1 9 8 0 11 5 2 7 
[00338074] 2 | 4 6 3 10 1 9 8 0 11 5 2 7 
[00338075] 5 | _ _ _ 10 1 9 8 0 11 5 7 2 
[00338076] 4 | _ 6 _ 10 1 9 8 0 11 5 7 2 
[00338077] 3 | 3 6 _ 10 1 9 8 0 11 5 7 2 
[00338078] 2 | 3 6 4 10 1 9 8 0 11 5 7 2 
[00338079] 3 | _ 6 3 10 1 9 8 0 11 5 7 2 
[00338080] 2 | 4 6 3 10 1 9 8 0 11 5 7 2 
[00338081] 6 | _ _ _ 10 1 9 8 0 11 _ 6 _ 
[00338082] 5 | 2 7 _ 10 1 9 8 0 11 _ 6 _ 
[00338083] 4 | 2 7 3 10 1 9 8 0 11 _ 6 _ 
[00338084] 4 | 2 7 11 10 1 9 8 0 11 _ 6 _ 
[00338085] 3 | 2 7 11 10 1 9 8 0 11 _ 6 3 
[00338086] 4 | 2 7 _ 10 1 9 8 0 11 7 6 _ 
[00338087] 3 | 2 7 _ 10 1 9 8 0 11 7 6 3 
[00338088] 5 | 7 2 _ 10 1 9 8 0 11 _ 6 _ 
[00338089] 5 | _ 2 7 10 1 9 8 0 11 _ 6 _ 
[00338090] 5 | _ 7 2 10 1 9 8 0 11 _ 6 _ 
[00338091] 4 | 3 7 2 10 1 9 8 0 11 _ 6 _ 
[00338092] 4 | 11 7 2 10 1 9 8 0 11 _ 6 _ 
[00338093] 3 | 11 7 2 10 1 9 8 0 11 _ 6 3 
[00338094] 4 | _ 7 2 10 1 9 8 0 11 7 6 _ 
[00338095] 3 | _ 7 2 10 1 9 8 0 11 7 6 3 
[00338096] 5 | _ 5 _ 10 1 9 8 0 11 _ 6 _ 
[00338097] 4 | _ 5 _ 10 1 9 8 0 11 7 6 _ 
[00338098] 3 | 2 5 _ 10 1 9 8 0 11 7 6 _ 
[00338099] 2 | 2 5 3 10 1 9 8 0 11 7 6 _ 
[00338100] 2 | 2 5 _ 10 1 9 8 0 11 7 6 4 
[00338101] 3 | _ 5 2 10 1 9 8 0 11 7 6 _ 
[00338102] 2 | 3 5 2 10 1 9 8 0 11 7 6 _ 
[00338103] 2 | _ 5 2 10 1 9 8 0 11 7 6 4 
[00338104] 3 | _ 5 _ 10 1 9 8 0 11 7 6 3 
[00338105] 4 | _ 5 _ 10 1 9 8 0 11 _ 6 2 
[00338106] 5 | _ _ _ 10 1 9 8 0 11 6 6 _ 
[00338107] 4 | 3 7 _ 10 1 9 8 0 11 6 6 _ 
[00338108] 3 | 3 7 4 10 1 9 8 0 11 6 6 _ 
[00338109] 4 | 7 3 _ 10 1 9 8 0 11 6 6 _ 
[00338110] 4 | _ 3 7 10 1 9 8 0 11 6 6 _ 
[00338111] 4 | _ 7 3 10 1 9 8 0 11 6 6 _ 
[00338112] 3 | 4 7 3 10 1 9 8 0 11 6 6 _ 
[00338113] 5 | _ _ _ 10 1 9 8 0 11 _ 6 11 
[00338114] 4 | 3 7 _ 10 1 9 8 0 11 _ 6 11 
[00338115] 3 | 3 7 4 10 1 9 8 0 11 _ 6 11 
[00338116] 4 | 7 3 _ 10 1 9 8 0 11 _ 6 11 
[00338117] 4 | _ 3 7 10 1 9 8 0 11 _ 6 11 
[00338118] 4 | _ 7 3 10 1 9 8 0 11 _ 6 11 
[00338119] 3 | 4 7 3 10 1 9 8 0 11 _ 6 11 
[00338120] 7 | _ _ _ 10 1 9 _ 0 11 4 _ _ 
[00338121] 6 | 2 8 _ 10 1 9 _ 0 11 4 _ _ 
[00338122] 5 | 2 8 3 10 1 9 _ 0 11 4 _ _ 
[00338123] 4 | 2 8 3 10 1 9 5 0 11 4 _ _ 
[00338124] 5 | 2 8 _ 10 1 9 6 0 11 4 _ _ 
[00338125] 4 | 2 8 _ 10 1 9 6 0 11 4 3 7 
[00338126] 3 | 2 8 5 10 1 9 6 0 11 4 3 7 
[00338127] 4 | 2 8 _ 10 1 9 6 0 11 4 7 3 
[00338128] 3 | 2 8 5 10 1 9 6 0 11 4 7 3 
[00338129] 5 | 2 8 _ 10 1 9 _ 0 11 4 5 _ 
[00338130] 4 | 2 8 _ 10 1 9 5 0 11 4 5 _ 
[00338131] 4 | 2 8 _ 10 1 9 _ 0 11 4 5 1 
[00338132] 6 | 8 2 _ 10 1 9 _ 0 11 4 _ _ 
[00338133] 6 | _ 2 8 10 1 9 _ 0 11 4 _ _ 
[00338134] 6 | _ 8 2 10 1 9 _ 0 11 4 _ _ 
[00338135] 5 | 3 8 2 10 1 9 _ 0 11 4 _ _ 
[00338136] 4 | 3 8 2 10 1 9 5 0 11 4 _ _ 
[00338137] 5 | _ 8 2 10 1 9 6 0 11 4 _ _ 
[00338138] 4 | _ 8 2 10 1 9 6 0 11 4 3 7 
[00338139] 3 | 5 8 2 10 1 9 6 0 11 4 3 7 
[00338140] 4 | _ 8 2 10 1 9 6 0 11 4 7 3 
[00338141] 3 | 5 8 2 10 1 9 6 0 11 4 7 3 
[00338142] 5 | _ 8 2 10 1 9 _ 0 11 4 5 _ 
[00338143] 4 | _ 8 2 10 1 9 5 0 11 4 5 _ 
[00338144] 4 | _ 8 2 10 1 9 _ 0 11 4 5 1 
[00338145] 6 | _ _ _ 10 1 9 7 0 11 4 _ _ 
[00338146] 5 | 3 8 _ 10 1 9 7 0 11 4 _ _ 
[00338147] 4 | 3 8 _ 10 1 9 7 0 11 4 2 6 
[00338148] 3 | 3 8 5 10 1 9 7 0 11 4 2 6 
[00338149] 4 | 3 8 _ 10 1 9 7 0 11 4 6 2 
[00338150] 3 | 3 8 5 10 1 9 7 0 11 4 6 2 
[00338151] 5 | 8 3 _ 10 1 9 7 0 11 4 _ _ 
