[00101082] 3 | 7 11 5 0 3 _ 8 10 1 4 2 9 
[00101083] 4 | _ 11 5 0 3 7 8 10 1 _ 2 9 
[00101084] 3 | _ 11 5 0 3 7 8 10 1 4 2 9 
[00101085] 5 | _ 11 5 0 8 _ 3 10 1 _ 2 9 
[00101086] 4 | 7 11 5 0 8 _ 3 10 1 _ 2 9 
[00101087] 3 | 7 11 5 0 8 _ 3 10 1 4 2 9 
[00101088] 2 | 7 11 5 0 8 6 3 10 1 4 2 9 
[00101089] 4 | _ 11 5 0 8 4 3 10 1 _ 2 9 
[00101090] 5 | _ 11 5 0 _ _ _ 10 1 6 2 9 
[00101091] 4 | 7 11 5 0 _ _ _ 10 1 6 2 9 
[00101092] 3 | 7 11 5 0 3 _ _ 10 1 6 2 9 
[00101093] 4 | _ 11 5 0 4 _ _ 10 1 6 2 9 
[00101094] 3 | 8 11 5 0 4 _ _ 10 1 6 2 9 
[00101095] 3 | _ 11 5 0 4 7 _ 10 1 6 2 9 
[00101096] 3 | _ 11 5 0 4 _ 7 10 1 6 2 9 
[00101097] 4 | _ 11 5 0 3 7 _ 10 1 6 2 9 
[00101098] 3 | 8 11 5 0 3 7 _ 10 1 6 2 9 
[00101099] 4 | _ 11 5 0 4 8 _ 10 1 6 2 9 
[00101100] 3 | _ 11 5 0 4 8 7 10 1 6 2 9 
[00101101] 4 | _ 11 5 0 7 3 _ 10 1 6 2 9 
[00101102] 3 | 8 11 5 0 7 3 _ 10 1 6 2 9 
[00101103] 3 | _ 11 5 0 7 3 4 10 1 6 2 9 
[00101104] 4 | _ 11 5 0 8 4 _ 10 1 6 2 9 
[00101105] 3 | 8 11 5 0 8 4 _ 10 1 6 2 9 
[00101106] 3 | _ 11 5 0 8 4 11 10 1 6 2 9 
[00101107] 4 | _ 11 5 0 3 _ 7 10 1 6 2 9 
[00101108] 3 | 8 11 5 0 3 _ 7 10 1 6 2 9 
[00101109] 4 | _ 11 5 0 4 _ 8 10 1 6 2 9 
[00101110] 3 | _ 11 5 0 4 7 8 10 1 6 2 9 
[00101111] 4 | _ 11 5 0 7 _ 3 10 1 6 2 9 
[00101112] 3 | 8 11 5 0 7 _ 3 10 1 6 2 9 
[00101113] 3 | _ 11 5 0 7 4 3 10 1 6 2 9 
[00101114] 4 | _ 11 5 0 8 _ 4 10 1 6 2 9 
[00101115] 3 | 8 11 5 0 8 _ 4 10 1 6 2 9 
[00101116] 3 | _ 11 5 0 8 11 4 10 1 6 2 9 
[00101117] 6 | _ 11 _ 0 6 _ _ 10 1 _ 2 9 
[00101118] 5 | 6 11 _ 0 6 _ _ 10 1 _ 2 9 
[00101119] 4 | 6 11 7 0 6 _ _ 10 1 _ 2 9 
[00101120] 3 | 6 11 7 0 6 _ _ 10 1 4 2 9 
[00101121] 4 | 6 11 _ 0 6 _ _ 10 1 5 2 9 
[00101122] 3 | 6 11 8 0 6 _ _ 10 1 5 2 9 
[00101123] 5 | _ 11 6 0 6 _ _ 10 1 _ 2 9 
[00101124] 4 | 7 11 6 0 6 _ _ 10 1 _ 2 9 
[00101125] 3 | 7 11 6 0 6 _ _ 10 1 4 2 9 
[00101126] 4 | _ 11 6 0 6 _ _ 10 1 5 2 9 
[00101127] 3 | 8 11 6 0 6 _ _ 10 1 5 2 9 
[00101128] 5 | _ 11 _ 0 6 1 _ 10 1 _ 2 9 
[00101129] 4 | 7 11 _ 0 6 1 _ 10 1 _ 2 9 
[00101130] 3 | 7 11 8 0 6 1 _ 10 1 _ 2 9 
[00101131] 2 | 7 11 8 0 6 1 4 10 1 _ 2 9 
[00101132] 3 | 7 11 _ 0 6 1 3 10 1 _ 2 9 
[00101133] 4 | _ 11 7 0 6 1 _ 10 1 _ 2 9 
[00101134] 3 | 8 11 7 0 6 1 _ 10 1 _ 2 9 
[00101135] 2 | 8 11 7 0 6 1 4 10 1 _ 2 9 
[00101136] 3 | _ 11 7 0 6 1 3 10 1 _ 2 9 
[00101137] 5 | _ 11 _ 0 6 11 _ 10 1 _ 2 9 
[00101138] 4 | _ 11 _ 0 6 11 _ 10 1 5 2 9 
[00101139] 3 | _ 11 _ 0 6 11 3 10 1 5 2 9 
[00101140] 5 | _ 11 _ 0 6 _ 1 10 1 _ 2 9 
[00101141] 4 | 7 11 _ 0 6 _ 1 10 1 _ 2 9 
[00101142] 3 | 7 11 8 0 6 _ 1 10 1 _ 2 9 
[00101143] 2 | 7 11 8 0 6 4 1 10 1 _ 2 9 
[00101144] 3 | 7 11 _ 0 6 3 1 10 1 _ 2 9 
[00101145] 4 | _ 11 7 0 6 _ 1 10 1 _ 2 9 
[00101146] 3 | 8 11 7 0 6 _ 1 10 1 _ 2 9 
[00101147] 2 | 8 11 7 0 6 4 1 10 1 _ 2 9 
[00101148] 3 | _ 11 7 0 6 3 1 10 1 _ 2 9 
[00101149] 5 | _ 11 _ 0 6 _ 11 10 1 _ 2 9 
[00101150] 4 | _ 11 _ 0 6 _ 11 10 1 5 2 9 
[00101151] 3 | _ 11 _ 0 6 3 11 10 1 5 2 9 
[00101152] 5 | _ 11 _ 0 6 _ _ 10 1 6 2 9 
[00101153] 4 | 7 11 _ 0 6 _ _ 10 1 6 2 9 
[00101154] 3 | 7 11 8 0 6 _ _ 10 1 6 2 9 
[00101155] 4 | _ 11 7 0 6 _ _ 10 1 6 2 9 
[00101156] 3 | 8 11 7 0 6 _ _ 10 1 6 2 9 
[00101157] 6 | _ 11 _ 0 _ _ _ 10 1 7 2 9 
[00101158] 5 | 6 11 _ 0 _ _ _ 10 1 7 2 9 
[00101159] 4 | 6 11 _ 0 4 _ _ 10 1 7 2 9 
[00101160] 3 | 6 11 8 0 4 _ _ 10 1 7 2 9 
[00101161] 4 | 6 11 _ 0 4 8 _ 10 1 7 2 9 
[00101162] 4 | 6 11 _ 0 8 4 _ 10 1 7 2 9 
[00101163] 3 | 6 11 8 0 8 4 _ 10 1 7 2 9 
[00101164] 3 | 6 11 _ 0 8 4 5 10 1 7 2 9 
[00101165] 3 | 6 11 _ 0 8 4 11 10 1 7 2 9 
[00101166] 4 | 6 11 _ 0 4 _ 8 10 1 7 2 9 
[00101167] 4 | 6 11 _ 0 8 _ 4 10 1 7 2 9 
[00101168] 3 | 6 11 8 0 8 _ 4 10 1 7 2 9 
[00101169] 3 | 6 11 _ 0 8 5 4 10 1 7 2 9 
[00101170] 3 | 6 11 _ 0 8 11 4 10 1 7 2 9 
[00101171] 5 | _ 11 6 0 _ _ _ 10 1 7 2 9 
[00101172] 4 | _ 11 6 0 4 _ _ 10 1 7 2 9 
[00101173] 3 | 8 11 6 0 4 _ _ 10 1 7 2 9 
[00101174] 4 | _ 11 6 0 4 8 _ 10 1 7 2 9 
[00101175] 4 | _ 11 6 0 8 4 _ 10 1 7 2 9 
[00101176] 3 | 8 11 6 0 8 4 _ 10 1 7 2 9 
[00101177] 3 | _ 11 6 0 8 4 5 10 1 7 2 9 
[00101178] 3 | _ 11 6 0 8 4 11 10 1 7 2 9 
[00101179] 4 | _ 11 6 0 4 _ 8 10 1 7 2 9 
[00101180] 4 | _ 11 6 0 8 _ 4 10 1 7 2 9 
[00101181] 3 | 8 11 6 0 8 _ 4 10 1 7 2 9 
[00101182] 3 | _ 11 6 0 8 5 4 10 1 7 2 9 
[00101183] 3 | _ 11 6 0 8 11 4 10 1 7 2 9 
[00101184] 5 | _ 11 _ 0 5 _ _ 10 1 7 2 9 
[00101185] 5 | _ 11 _ 0 3 8 _ 10 1 7 2 9 
[00101186] 5 | _ 11 _ 0 8 3 _ 10 1 7 2 9 
[00101187] 4 | _ 11 _ 0 8 3 4 10 1 7 2 9 
[00101188] 5 | _ 11 _ 0 3 _ 8 10 1 7 2 9 
[00101189] 5 | _ 11 _ 0 8 _ 3 10 1 7 2 9 
[00101190] 4 | _ 11 _ 0 8 4 3 10 1 7 2 9 
[00101191] 9 | _ 11 _ 0 _ _ _ 10 _ _ 1 _ 
[00101192] 8 | 3 11 _ 0 _ _ _ 10 _ _ 1 _ 
[00101193] 7 | 3 11 4 0 _ _ _ 10 _ _ 1 _ 
[00101194] 6 | 3 11 4 0 6 _ _ 10 _ _ 1 _ 
[00101195] 5 | 3 11 4 0 6 1 _ 10 _ _ 1 _ 
[00101196] 4 | 3 11 4 0 6 1 2 10 _ _ 1 _ 
[00101197] 3 | 3 11 4 0 6 1 2 10 7 _ 1 _ 
[00101198] 2 | 3 11 4 0 6 1 2 10 7 5 1 _ 
[00101199] 2 | 3 11 4 0 6 1 2 10 7 9 1 _ 
[00101200] 3 | 3 11 4 0 6 1 2 10 5 8 1 _ 
[00101201] 3 | 3 11 4 0 6 1 2 10 8 5 1 _ 
[00101202] 4 | 3 11 4 0 6 1 10 10 _ _ 1 _ 
[00101203] 3 | 3 11 4 0 6 1 10 10 2 5 1 _ 
[00101204] 3 | 3 11 4 0 6 1 10 10 5 8 1 _ 
[00101205] 3 | 3 11 4 0 6 1 10 10 5 2 1 _ 
[00101206] 3 | 3 11 4 0 6 1 10 10 8 5 1 _ 
[00101207] 4 | 3 11 4 0 6 1 _ 10 6 _ 1 _ 
[00101208] 3 | 3 11 4 0 6 1 9 10 6 _ 1 _ 
[00101209] 3 | 3 11 4 0 6 1 _ 10 6 9 1 _ 
[00101210] 4 | 3 11 4 0 6 1 _ 10 5 9 1 _ 
[00101211] 4 | 3 11 4 0 6 1 _ 10 9 5 1 _ 
[00101212] 5 | 3 11 4 0 6 _ 1 10 _ _ 1 _ 
[00101213] 4 | 3 11 4 0 6 2 1 10 _ _ 1 _ 
[00101214] 3 | 3 11 4 0 6 2 1 10 7 _ 1 _ 
[00101215] 2 | 3 11 4 0 6 2 1 10 7 5 1 _ 
[00101216] 2 | 3 11 4 0 6 2 1 10 7 9 1 _ 
[00101217] 3 | 3 11 4 0 6 2 1 10 5 8 1 _ 
[00101218] 3 | 3 11 4 0 6 2 1 10 8 5 1 _ 
[00101219] 4 | 3 11 4 0 6 10 1 10 _ _ 1 _ 
[00101220] 3 | 3 11 4 0 6 10 1 10 2 5 1 _ 
[00101221] 3 | 3 11 4 0 6 10 1 10 5 8 1 _ 
[00101222] 3 | 3 11 4 0 6 10 1 10 5 2 1 _ 
[00101223] 3 | 3 11 4 0 6 10 1 10 8 5 1 _ 
[00101224] 4 | 3 11 4 0 6 _ 1 10 6 _ 1 _ 
[00101225] 3 | 3 11 4 0 6 9 1 10 6 _ 1 _ 
[00101226] 3 | 3 11 4 0 6 _ 1 10 6 9 1 _ 
[00101227] 4 | 3 11 4 0 6 _ 1 10 5 9 1 _ 
[00101228] 4 | 3 11 4 0 6 _ 1 10 9 5 1 _ 
[00101229] 5 | 3 11 4 0 6 _ _ 10 5 _ 1 _ 
[00101230] 4 | 3 11 4 0 6 2 _ 10 5 _ 1 _ 
[00101231] 3 | 3 11 4 0 6 2 9 10 5 _ 1 _ 
[00101232] 2 | 3 11 4 0 6 2 9 10 5 7 1 _ 
[00101233] 3 | 3 11 4 0 6 2 _ 10 5 8 1 _ 
[00101234] 4 | 3 11 4 0 6 _ 2 10 5 _ 1 _ 
[00101235] 3 | 3 11 4 0 6 9 2 10 5 _ 1 _ 
[00101236] 2 | 3 11 4 0 6 9 2 10 5 7 1 _ 
[00101237] 3 | 3 11 4 0 6 _ 2 10 5 8 1 _ 
[00101238] 4 | 3 11 4 0 6 _ _ 10 5 1 1 _ 
[00101239] 3 | 3 11 4 0 6 9 _ 10 5 1 1 _ 
[00101240] 2 | 3 11 4 0 6 9 8 10 5 1 1 _ 
[00101241] 3 | 3 11 4 0 6 _ 9 10 5 1 1 _ 
[00101242] 2 | 3 11 4 0 6 8 9 10 5 1 1 _ 
[00101243] 4 | 3 11 4 0 6 _ _ 10 5 9 1 _ 
[00101244] 4 | 3 11 4 0 6 _ _ 10 5 _ 1 5 
[00101245] 3 | 3 11 4 0 6 9 _ 10 5 _ 1 5 
[00101246] 2 | 3 11 4 0 6 9 8 10 5 _ 1 5 
[00101247] 3 | 3 11 4 0 6 _ 9 10 5 _ 1 5 
[00101248] 2 | 3 11 4 0 6 8 9 10 5 _ 1 5 
[00101249] 5 | 3 11 4 0 6 _ _ 10 2 7 1 _ 
[00101250] 4 | 3 11 4 0 6 _ _ 10 2 7 1 5 
[00101251] 3 | 3 11 4 0 6 9 _ 10 2 7 1 5 
[00101252] 2 | 3 11 4 0 6 9 8 10 2 7 1 5 
[00101253] 3 | 3 11 4 0 6 _ 9 10 2 7 1 5 
[00101254] 2 | 3 11 4 0 6 8 9 10 2 7 1 5 
[00101255] 5 | 3 11 4 0 6 _ _ 10 7 2 1 _ 
[00101256] 4 | 3 11 4 0 6 _ _ 10 7 2 1 5 
[00101257] 3 | 3 11 4 0 6 9 _ 10 7 2 1 5 
[00101258] 2 | 3 11 4 0 6 9 8 10 7 2 1 5 
[00101259] 3 | 3 11 4 0 6 _ 9 10 7 2 1 5 
[00101260] 2 | 3 11 4 0 6 8 9 10 7 2 1 5 
[00101261] 5 | 3 11 4 0 6 _ _ 10 _ _ 1 6 
[00101262] 4 | 3 11 4 0 6 _ _ 10 5 9 1 6 
[00101263] 4 | 3 11 4 0 6 _ _ 10 9 5 1 6 
[00101264] 6 | 3 11 4 0 2 8 _ 10 _ _ 1 _ 
[00101265] 5 | 3 11 4 0 2 8 7 10 _ _ 1 _ 
[00101266] 4 | 3 11 4 0 2 8 7 10 6 _ 1 _ 
[00101267] 3 | 3 11 4 0 2 8 7 10 6 9 1 _ 
[00101268] 4 | 3 11 4 0 2 8 7 10 5 9 1 _ 
[00101269] 4 | 3 11 4 0 2 8 7 10 9 5 1 _ 
[00101270] 4 | 3 11 4 0 2 8 7 10 _ _ 1 5 
[00101271] 3 | 3 11 4 0 2 8 7 10 6 9 1 5 
[00101272] 3 | 3 11 4 0 2 8 7 10 9 6 1 5 
[00101273] 5 | 3 11 4 0 2 8 _ 10 5 _ 1 _ 
[00101274] 4 | 3 11 4 0 2 8 6 10 5 _ 1 _ 
[00101275] 4 | 3 11 4 0 2 8 _ 10 5 1 1 _ 
[00101276] 4 | 3 11 4 0 2 8 _ 10 5 9 1 _ 
[00101277] 4 | 3 11 4 0 2 8 _ 10 5 _ 1 5 
[00101278] 5 | 3 11 4 0 2 8 _ 10 _ _ 1 6 
[00101279] 4 | 3 11 4 0 2 8 _ 10 5 9 1 6 
[00101280] 4 | 3 11 4 0 2 8 _ 10 9 5 1 6 
[00101281] 6 | 3 11 4 0 8 2 _ 10 _ _ 1 _ 
[00101282] 5 | 3 11 4 0 8 2 _ 10 5 _ 1 _ 
[00101283] 4 | 3 11 4 0 8 2 _ 10 5 1 1 _ 
[00101284] 4 | 3 11 4 0 8 2 _ 10 5 9 1 _ 
[00101285] 4 | 3 11 4 0 8 2 _ 10 5 _ 1 5 
[00101286] 5 | 3 11 4 0 8 2 _ 10 _ _ 1 6 
[00101287] 4 | 3 11 4 0 8 2 _ 10 5 9 1 6 
[00101288] 4 | 3 11 4 0 8 2 _ 10 9 5 1 6 
[00101289] 6 | 3 11 4 0 2 _ 8 10 _ _ 1 _ 
[00101290] 5 | 3 11 4 0 2 7 8 10 _ _ 1 _ 
[00101291] 4 | 3 11 4 0 2 7 8 10 6 _ 1 _ 
[00101292] 3 | 3 11 4 0 2 7 8 10 6 9 1 _ 
[00101293] 4 | 3 11 4 0 2 7 8 10 5 9 1 _ 
[00101294] 4 | 3 11 4 0 2 7 8 10 9 5 1 _ 
[00101295] 4 | 3 11 4 0 2 7 8 10 _ _ 1 5 
[00101296] 3 | 3 11 4 0 2 7 8 10 6 9 1 5 
[00101297] 3 | 3 11 4 0 2 7 8 10 9 6 1 5 
[00101298] 5 | 3 11 4 0 2 _ 8 10 5 _ 1 _ 
[00101299] 4 | 3 11 4 0 2 6 8 10 5 _ 1 _ 
[00101300] 4 | 3 11 4 0 2 _ 8 10 5 1 1 _ 
[00101301] 4 | 3 11 4 0 2 _ 8 10 5 9 1 _ 
[00101302] 4 | 3 11 4 0 2 _ 8 10 5 _ 1 5 
[00101303] 5 | 3 11 4 0 2 _ 8 10 _ _ 1 6 
[00101304] 4 | 3 11 4 0 2 _ 8 10 5 9 1 6 
[00101305] 4 | 3 11 4 0 2 _ 8 10 9 5 1 6 
[00101306] 6 | 3 11 4 0 8 _ 2 10 _ _ 1 _ 
[00101307] 5 | 3 11 4 0 8 _ 2 10 5 _ 1 _ 
[00101308] 4 | 3 11 4 0 8 _ 2 10 5 1 1 _ 
[00101309] 4 | 3 11 4 0 8 _ 2 10 5 9 1 _ 
[00101310] 4 | 3 11 4 0 8 _ 2 10 5 _ 1 5 
[00101311] 5 | 3 11 4 0 8 _ 2 10 _ _ 1 6 
[00101312] 4 | 3 11 4 0 8 _ 2 10 5 9 1 6 
[00101313] 4 | 3 11 4 0 8 _ 2 10 9 5 1 6 
[00101314] 6 | 3 11 4 0 _ _ _ 10 2 8 1 _ 
[00101315] 5 | 3 11 4 0 5 _ _ 10 2 8 1 _ 
[00101316] 4 | 3 11 4 0 5 1 _ 10 2 8 1 _ 
[00101317] 4 | 3 11 4 0 5 9 _ 10 2 8 1 _ 
[00101318] 4 | 3 11 4 0 5 _ 1 10 2 8 1 _ 
[00101319] 4 | 3 11 4 0 5 _ 9 10 2 8 1 _ 
[00101320] 4 | 3 11 4 0 5 _ _ 10 2 8 1 5 
[00101321] 5 | 3 11 4 0 _ _ _ 10 2 8 1 6 
[00101322] 4 | 3 11 4 0 5 9 _ 10 2 8 1 6 
[00101323] 4 | 3 11 4 0 9 5 _ 10 2 8 1 6 
[00101324] 4 | 3 11 4 0 5 _ 9 10 2 8 1 6 
[00101325] 4 | 3 11 4 0 9 _ 5 10 2 8 1 6 
[00101326] 6 | 3 11 4 0 _ _ _ 10 8 2 1 _ 
[00101327] 5 | 3 11 4 0 5 _ _ 10 8 2 1 _ 
[00101328] 4 | 3 11 4 0 5 1 _ 10 8 2 1 _ 
[00101329] 4 | 3 11 4 0 5 9 _ 10 8 2 1 _ 
[00101330] 4 | 3 11 4 0 5 _ 1 10 8 2 1 _ 
[00101331] 4 | 3 11 4 0 5 _ 9 10 8 2 1 _ 
[00101332] 4 | 3 11 4 0 5 _ _ 10 8 2 1 5 
[00101333] 5 | 3 11 4 0 _ _ _ 10 8 2 1 6 
[00101334] 4 | 3 11 4 0 5 9 _ 10 8 2 1 6 
[00101335] 4 | 3 11 4 0 9 5 _ 10 8 2 1 6 
[00101336] 4 | 3 11 4 0 5 _ 9 10 8 2 1 6 
[00101337] 4 | 3 11 4 0 9 _ 5 10 8 2 1 6 
[00101338] 6 | 3 11 4 0 _ _ _ 10 _ _ 1 7 
[00101339] 5 | 3 11 4 0 5 _ _ 10 _ _ 1 7 
[00101340] 4 | 3 11 4 0 5 9 _ 10 _ _ 1 7 
[00101341] 3 | 3 11 4 0 5 9 2 10 _ _ 1 7 
[00101342] 2 | 3 11 4 0 5 9 2 10 8 _ 1 7 
[00101343] 2 | 3 11 4 0 5 9 2 10 6 8 1 7 
[00101344] 2 | 3 11 4 0 5 9 2 10 8 6 1 7 
[00101345] 3 | 3 11 4 0 5 9 8 10 _ _ 1 7 
[00101346] 4 | 3 11 4 0 5 _ 9 10 _ _ 1 7 
[00101347] 3 | 3 11 4 0 5 2 9 10 _ _ 1 7 
[00101348] 2 | 3 11 4 0 5 2 9 10 8 _ 1 7 
[00101349] 2 | 3 11 4 0 5 2 9 10 6 8 1 7 
[00101350] 2 | 3 11 4 0 5 2 9 10 8 6 1 7 
[00101351] 3 | 3 11 4 0 5 8 9 10 _ _ 1 7 
[00101352] 4 | 3 11 4 0 5 _ _ 10 6 _ 1 7 
[00101353] 3 | 3 11 4 0 5 2 _ 10 6 _ 1 7 
[00101354] 2 | 3 11 4 0 5 2 _ 10 6 8 1 7 
[00101355] 3 | 3 11 4 0 5 8 _ 10 6 _ 1 7 
[00101356] 3 | 3 11 4 0 5 _ 2 10 6 _ 1 7 
[00101357] 2 | 3 11 4 0 5 _ 2 10 6 8 1 7 
[00101358] 3 | 3 11 4 0 5 _ 8 10 6 _ 1 7 
[00101359] 3 | 3 11 4 0 5 _ _ 10 6 9 1 7 
[00101360] 4 | 3 11 4 0 5 _ _ 10 2 6 1 7 
[00101361] 3 | 3 11 4 0 5 8 _ 10 2 6 1 7 
[00101362] 3 | 3 11 4 0 5 _ 8 10 2 6 1 7 
[00101363] 4 | 3 11 4 0 5 _ _ 10 6 2 1 7 
[00101364] 3 | 3 11 4 0 5 8 _ 10 6 2 1 7 
[00101365] 3 | 3 11 4 0 5 _ 8 10 6 2 1 7 
[00101366] 5 | 3 11 4 0 _ _ _ 10 5 _ 1 7 
[00101367] 4 | 3 11 4 0 2 6 _ 10 5 _ 1 7 
[00101368] 3 | 3 11 4 0 2 6 5 10 5 _ 1 7 
[00101369] 3 | 3 11 4 0 2 6 _ 10 5 2 1 7 
[00101370] 3 | 3 11 4 0 2 6 _ 10 5 8 1 7 
[00101371] 4 | 3 11 4 0 6 2 _ 10 5 _ 1 7 
[00101372] 3 | 3 11 4 0 6 2 9 10 5 _ 1 7 
[00101373] 3 | 3 11 4 0 6 2 _ 10 5 8 1 7 
[00101374] 4 | 3 11 4 0 2 _ 6 10 5 _ 1 7 
[00101375] 3 | 3 11 4 0 2 5 6 10 5 _ 1 7 
[00101376] 3 | 3 11 4 0 2 _ 6 10 5 2 1 7 
[00101377] 3 | 3 11 4 0 2 _ 6 10 5 8 1 7 
[00101378] 4 | 3 11 4 0 6 _ 2 10 5 _ 1 7 
[00101379] 3 | 3 11 4 0 6 9 2 10 5 _ 1 7 
[00101380] 3 | 3 11 4 0 6 _ 2 10 5 8 1 7 
[00101381] 4 | 3 11 4 0 _ _ _ 10 5 9 1 7 
[00101382] 7 | 3 11 _ 0 7 _ _ 10 _ _ 1 _ 
[00101383] 6 | 3 11 5 0 7 _ _ 10 _ _ 1 _ 
[00101384] 5 | 3 11 5 0 7 2 _ 10 _ _ 1 _ 
[00101385] 4 | 3 11 5 0 7 2 _ 10 6 _ 1 _ 
[00101386] 3 | 3 11 5 0 7 2 4 10 6 _ 1 _ 
[00101387] 2 | 3 11 5 0 7 2 4 10 6 8 1 _ 
[00101388] 3 | 3 11 5 0 7 2 _ 10 6 9 1 _ 
[00101389] 3 | 3 11 5 0 7 2 _ 10 6 _ 1 4 
[00101390] 2 | 3 11 5 0 7 2 9 10 6 _ 1 4 
[00101391] 2 | 3 11 5 0 7 2 _ 10 6 8 1 4 
[00101392] 4 | 3 11 5 0 7 2 _ 10 4 8 1 _ 
[00101393] 4 | 3 11 5 0 7 2 _ 10 8 4 1 _ 
[00101394] 5 | 3 11 5 0 7 _ 2 10 _ _ 1 _ 
[00101395] 4 | 3 11 5 0 7 _ 2 10 6 _ 1 _ 
[00101396] 3 | 3 11 5 0 7 4 2 10 6 _ 1 _ 
[00101397] 2 | 3 11 5 0 7 4 2 10 6 8 1 _ 
[00101398] 3 | 3 11 5 0 7 _ 2 10 6 9 1 _ 
[00101399] 3 | 3 11 5 0 7 _ 2 10 6 _ 1 4 
[00101400] 2 | 3 11 5 0 7 9 2 10 6 _ 1 4 
[00101401] 2 | 3 11 5 0 7 _ 2 10 6 8 1 4 
[00101402] 4 | 3 11 5 0 7 _ 2 10 4 8 1 _ 
[00101403] 4 | 3 11 5 0 7 _ 2 10 8 4 1 _ 
[00101404] 5 | 3 11 5 0 7 _ _ 10 4 9 1 _ 
[00101405] 5 | 3 11 5 0 7 _ _ 10 9 4 1 _ 
[00101406] 5 | 3 11 5 0 7 _ _ 10 _ _ 1 6 
[00101407] 4 | 3 11 5 0 7 _ _ 10 4 8 1 6 
[00101408] 4 | 3 11 5 0 7 _ _ 10 8 4 1 6 
[00101409] 6 | 3 11 _ 0 7 1 _ 10 _ _ 1 _ 
[00101410] 5 | 3 11 6 0 7 1 _ 10 _ _ 1 _ 
[00101411] 4 | 3 11 6 0 7 1 _ 10 4 8 1 _ 
[00101412] 4 | 3 11 6 0 7 1 _ 10 5 9 1 _ 
[00101413] 3 | 3 11 6 0 7 1 4 10 5 9 1 _ 
[00101414] 4 | 3 11 6 0 7 1 _ 10 8 4 1 _ 
[00101415] 4 | 3 11 6 0 7 1 _ 10 9 5 1 _ 
[00101416] 3 | 3 11 6 0 7 1 4 10 9 5 1 _ 
[00101417] 5 | 3 11 _ 0 7 1 2 10 _ _ 1 _ 
[00101418] 4 | 3 11 _ 0 7 1 2 10 6 _ 1 _ 
[00101419] 3 | 3 11 8 0 7 1 2 10 6 _ 1 _ 
[00101420] 2 | 3 11 8 0 7 1 2 10 6 4 1 _ 
[00101421] 3 | 3 11 _ 0 7 1 2 10 6 9 1 _ 
[00101422] 4 | 3 11 _ 0 7 1 2 10 4 8 1 _ 
[00101423] 4 | 3 11 _ 0 7 1 2 10 5 9 1 _ 
[00101424] 3 | 3 11 8 0 7 1 2 10 5 9 1 _ 
[00101425] 4 | 3 11 _ 0 7 1 2 10 8 4 1 _ 
[00101426] 4 | 3 11 _ 0 7 1 2 10 9 5 1 _ 
[00101427] 3 | 3 11 8 0 7 1 2 10 9 5 1 _ 
[00101428] 5 | 3 11 _ 0 7 1 _ 10 5 _ 1 _ 
[00101429] 4 | 3 11 7 0 7 1 _ 10 5 _ 1 _ 
[00101430] 3 | 3 11 7 0 7 1 _ 10 5 2 1 _ 
[00101431] 3 | 3 11 7 0 7 1 _ 10 5 8 1 _ 
[00101432] 4 | 3 11 _ 0 7 1 11 10 5 _ 1 _ 
[00101433] 3 | 3 11 _ 0 7 1 11 10 5 2 1 _ 
[00101434] 3 | 3 11 _ 0 7 1 11 10 5 8 1 _ 
[00101435] 4 | 3 11 _ 0 7 1 _ 10 5 9 1 _ 
[00101436] 3 | 3 11 8 0 7 1 _ 10 5 9 1 _ 
[00101437] 3 | 3 11 _ 0 7 1 4 10 5 9 1 _ 
[00101438] 5 | 3 11 _ 0 7 1 _ 10 4 9 1 _ 
[00101439] 4 | 3 11 7 0 7 1 _ 10 4 9 1 _ 
[00101440] 4 | 3 11 _ 0 7 1 11 10 4 9 1 _ 
[00101441] 5 | 3 11 _ 0 7 1 _ 10 9 4 1 _ 
[00101442] 4 | 3 11 7 0 7 1 _ 10 9 4 1 _ 
[00101443] 4 | 3 11 _ 0 7 1 11 10 9 4 1 _ 
[00101444] 6 | 3 11 _ 0 7 _ 1 10 _ _ 1 _ 
[00101445] 5 | 3 11 6 0 7 _ 1 10 _ _ 1 _ 
[00101446] 4 | 3 11 6 0 7 _ 1 10 4 8 1 _ 
[00101447] 4 | 3 11 6 0 7 _ 1 10 5 9 1 _ 
[00101448] 3 | 3 11 6 0 7 4 1 10 5 9 1 _ 
[00101449] 4 | 3 11 6 0 7 _ 1 10 8 4 1 _ 
[00101450] 4 | 3 11 6 0 7 _ 1 10 9 5 1 _ 
[00101451] 3 | 3 11 6 0 7 4 1 10 9 5 1 _ 
[00101452] 5 | 3 11 _ 0 7 2 1 10 _ _ 1 _ 
[00101453] 4 | 3 11 _ 0 7 2 1 10 6 _ 1 _ 
[00101454] 3 | 3 11 8 0 7 2 1 10 6 _ 1 _ 
[00101455] 2 | 3 11 8 0 7 2 1 10 6 4 1 _ 
[00101456] 3 | 3 11 _ 0 7 2 1 10 6 9 1 _ 
[00101457] 4 | 3 11 _ 0 7 2 1 10 4 8 1 _ 
[00101458] 4 | 3 11 _ 0 7 2 1 10 5 9 1 _ 
[00101459] 3 | 3 11 8 0 7 2 1 10 5 9 1 _ 
[00101460] 4 | 3 11 _ 0 7 2 1 10 8 4 1 _ 
[00101461] 4 | 3 11 _ 0 7 2 1 10 9 5 1 _ 
[00101462] 3 | 3 11 8 0 7 2 1 10 9 5 1 _ 
[00101463] 5 | 3 11 _ 0 7 _ 1 10 5 _ 1 _ 
[00101464] 4 | 3 11 7 0 7 _ 1 10 5 _ 1 _ 
[00101465] 3 | 3 11 7 0 7 _ 1 10 5 2 1 _ 
[00101466] 3 | 3 11 7 0 7 _ 1 10 5 8 1 _ 
[00101467] 4 | 3 11 _ 0 7 11 1 10 5 _ 1 _ 
[00101468] 3 | 3 11 _ 0 7 11 1 10 5 2 1 _ 
[00101469] 3 | 3 11 _ 0 7 11 1 10 5 8 1 _ 
[00101470] 4 | 3 11 _ 0 7 _ 1 10 5 9 1 _ 
[00101471] 3 | 3 11 8 0 7 _ 1 10 5 9 1 _ 
[00101472] 3 | 3 11 _ 0 7 4 1 10 5 9 1 _ 
[00101473] 5 | 3 11 _ 0 7 _ 1 10 4 9 1 _ 
[00101474] 4 | 3 11 7 0 7 _ 1 10 4 9 1 _ 
[00101475] 4 | 3 11 _ 0 7 11 1 10 4 9 1 _ 
[00101476] 5 | 3 11 _ 0 7 _ 1 10 9 4 1 _ 
[00101477] 4 | 3 11 7 0 7 _ 1 10 9 4 1 _ 
[00101478] 4 | 3 11 _ 0 7 11 1 10 9 4 1 _ 
[00101479] 6 | 3 11 _ 0 7 _ _ 10 4 _ 1 _ 
[00101480] 5 | 3 11 6 0 7 _ _ 10 4 _ 1 _ 
[00101481] 4 | 3 11 6 0 7 _ _ 10 4 8 1 _ 
[00101482] 4 | 3 11 6 0 7 _ _ 10 4 _ 1 5 
[00101483] 3 | 3 11 6 0 7 4 _ 10 4 _ 1 5 
[00101484] 2 | 3 11 6 0 7 4 9 10 4 _ 1 5 
[00101485] 3 | 3 11 6 0 7 _ 4 10 4 _ 1 5 
[00101486] 2 | 3 11 6 0 7 9 4 10 4 _ 1 5 
[00101487] 3 | 3 11 6 0 7 _ _ 10 4 7 1 5 
[00101488] 5 | 3 11 _ 0 7 2 _ 10 4 _ 1 _ 
[00101489] 4 | 3 11 7 0 7 2 _ 10 4 _ 1 _ 
[00101490] 3 | 3 11 7 0 7 2 _ 10 4 1 1 _ 
[00101491] 3 | 3 11 7 0 7 2 _ 10 4 _ 1 4 
[00101492] 4 | 3 11 _ 0 7 2 11 10 4 _ 1 _ 
[00101493] 3 | 3 11 _ 0 7 2 11 10 4 1 1 _ 
[00101494] 3 | 3 11 _ 0 7 2 11 10 4 _ 1 4 
[00101495] 4 | 3 11 _ 0 7 2 _ 10 4 8 1 _ 
[00101496] 4 | 3 11 _ 0 7 2 _ 10 4 _ 1 5 
[00101497] 3 | 3 11 8 0 7 2 _ 10 4 _ 1 5 
[00101498] 2 | 3 11 8 0 7 2 9 10 4 _ 1 5 
[00101499] 2 | 3 11 8 0 7 2 _ 10 4 6 1 5 
[00101500] 3 | 3 11 _ 0 7 2 4 10 4 _ 1 5 
[00101501] 2 | 3 11 9 0 7 2 4 10 4 _ 1 5 
[00101502] 3 | 3 11 _ 0 7 2 _ 10 4 7 1 5 
[00101503] 2 | 3 11 9 0 7 2 _ 10 4 7 1 5 
[00101504] 5 | 3 11 _ 0 7 _ 2 10 4 _ 1 _ 
[00101505] 4 | 3 11 7 0 7 _ 2 10 4 _ 1 _ 
[00101506] 3 | 3 11 7 0 7 _ 2 10 4 1 1 _ 
[00101507] 3 | 3 11 7 0 7 _ 2 10 4 _ 1 4 
[00101508] 4 | 3 11 _ 0 7 11 2 10 4 _ 1 _ 
[00101509] 3 | 3 11 _ 0 7 11 2 10 4 1 1 _ 
[00101510] 3 | 3 11 _ 0 7 11 2 10 4 _ 1 4 
[00101511] 4 | 3 11 _ 0 7 _ 2 10 4 8 1 _ 
[00101512] 4 | 3 11 _ 0 7 _ 2 10 4 _ 1 5 
[00101513] 3 | 3 11 8 0 7 _ 2 10 4 _ 1 5 
[00101514] 2 | 3 11 8 0 7 9 2 10 4 _ 1 5 
[00101515] 2 | 3 11 8 0 7 _ 2 10 4 6 1 5 
[00101516] 3 | 3 11 _ 0 7 4 2 10 4 _ 1 5 
[00101517] 2 | 3 11 9 0 7 4 2 10 4 _ 1 5 
[00101518] 3 | 3 11 _ 0 7 _ 2 10 4 7 1 5 
[00101519] 2 | 3 11 9 0 7 _ 2 10 4 7 1 5 
[00101520] 5 | 3 11 _ 0 7 _ _ 10 4 9 1 _ 
[00101521] 4 | 3 11 7 0 7 _ _ 10 4 9 1 _ 
[00101522] 4 | 3 11 _ 0 7 11 _ 10 4 9 1 _ 
[00101523] 4 | 3 11 _ 0 7 _ 11 10 4 9 1 _ 
[00101524] 4 | 3 11 _ 0 7 _ _ 10 4 9 1 5 
[00101525] 3 | 3 11 8 0 7 _ _ 10 4 9 1 5 
[00101526] 5 | 3 11 _ 0 7 _ _ 10 4 _ 1 6 
[00101527] 4 | 3 11 7 0 7 _ _ 10 4 _ 1 6 
[00101528] 4 | 3 11 _ 0 7 11 _ 10 4 _ 1 6 
[00101529] 3 | 3 11 _ 0 7 11 4 10 4 _ 1 6 
[00101530] 3 | 3 11 _ 0 7 11 _ 10 4 7 1 6 
[00101531] 4 | 3 11 _ 0 7 _ 11 10 4 _ 1 6 
[00101532] 3 | 3 11 _ 0 7 4 11 10 4 _ 1 6 
[00101533] 3 | 3 11 _ 0 7 _ 11 10 4 7 1 6 
[00101534] 4 | 3 11 _ 0 7 _ _ 10 4 8 1 6 
[00101535] 6 | 3 11 _ 0 7 _ _ 10 2 8 1 _ 
[00101536] 5 | 3 11 6 0 7 _ _ 10 2 8 1 _ 
[00101537] 4 | 3 11 6 0 7 _ _ 10 2 8 1 5 
[00101538] 3 | 3 11 6 0 7 4 _ 10 2 8 1 5 
[00101539] 2 | 3 11 6 0 7 4 9 10 2 8 1 5 
[00101540] 3 | 3 11 6 0 7 _ 4 10 2 8 1 5 
[00101541] 2 | 3 11 6 0 7 9 4 10 2 8 1 5 
[00101542] 5 | 3 11 _ 0 7 _ _ 10 2 8 1 6 
[00101543] 4 | 3 11 7 0 7 _ _ 10 2 8 1 6 
[00101544] 4 | 3 11 _ 0 7 11 _ 10 2 8 1 6 
[00101545] 3 | 3 11 _ 0 7 11 4 10 2 8 1 6 
[00101546] 4 | 3 11 _ 0 7 _ 11 10 2 8 1 6 
[00101547] 3 | 3 11 _ 0 7 4 11 10 2 8 1 6 
[00101548] 6 | 3 11 _ 0 7 _ _ 10 8 2 1 _ 
[00101549] 5 | 3 11 6 0 7 _ _ 10 8 2 1 _ 
[00101550] 4 | 3 11 6 0 7 _ _ 10 8 2 1 5 
[00101551] 3 | 3 11 6 0 7 4 _ 10 8 2 1 5 
[00101552] 2 | 3 11 6 0 7 4 9 10 8 2 1 5 
[00101553] 3 | 3 11 6 0 7 _ 4 10 8 2 1 5 
[00101554] 2 | 3 11 6 0 7 9 4 10 8 2 1 5 
[00101555] 5 | 3 11 _ 0 7 _ _ 10 8 2 1 6 
[00101556] 4 | 3 11 7 0 7 _ _ 10 8 2 1 6 
[00101557] 4 | 3 11 _ 0 7 11 _ 10 8 2 1 6 
[00101558] 3 | 3 11 _ 0 7 11 4 10 8 2 1 6 
[00101559] 4 | 3 11 _ 0 7 _ 11 10 8 2 1 6 
[00101560] 3 | 3 11 _ 0 7 4 11 10 8 2 1 6 
[00101561] 6 | 3 11 _ 0 7 _ _ 10 _ _ 1 7 
[00101562] 5 | 3 11 6 0 7 _ _ 10 _ _ 1 7 
[00101563] 4 | 3 11 6 0 7 _ _ 10 4 8 1 7 
[00101564] 4 | 3 11 6 0 7 _ _ 10 5 9 1 7 
[00101565] 4 | 3 11 6 0 7 _ _ 10 8 4 1 7 
[00101566] 4 | 3 11 6 0 7 _ _ 10 9 5 1 7 
[00101567] 5 | 3 11 _ 0 7 _ _ 10 5 _ 1 7 
[00101568] 4 | 3 11 _ 0 7 _ _ 10 5 9 1 7 
[00101569] 3 | 3 11 8 0 7 _ _ 10 5 9 1 7 
[00101570] 5 | 3 11 _ 0 7 _ _ 10 4 9 1 7 
[00101571] 5 | 3 11 _ 0 7 _ _ 10 9 4 1 7 
[00101572] 7 | 3 11 _ 0 2 9 _ 10 _ _ 1 _ 
[00101573] 6 | 3 11 5 0 2 9 _ 10 _ _ 1 _ 
[00101574] 5 | 3 11 5 0 2 9 7 10 _ _ 1 _ 
[00101575] 4 | 3 11 5 0 2 9 7 10 6 _ 1 _ 
[00101576] 3 | 3 11 5 0 2 9 7 10 6 _ 1 4 
[00101577] 2 | 3 11 5 0 2 9 7 10 6 8 1 4 
[00101578] 4 | 3 11 5 0 2 9 7 10 4 8 1 _ 
[00101579] 4 | 3 11 5 0 2 9 7 10 8 4 1 _ 
[00101580] 5 | 3 11 5 0 2 9 _ 10 _ _ 1 6 
[00101581] 4 | 3 11 5 0 2 9 _ 10 4 8 1 6 
