[00209115] 4 | 1 10 5 0 6 _ _ 11 3 7 9 2 
[00209116] 5 | 1 10 _ 0 6 _ _ 11 3 8 9 2 
[00209117] 4 | 1 10 6 0 6 _ _ 11 3 8 9 2 
[00209118] 4 | 1 10 _ 0 6 10 _ 11 3 8 9 2 
[00209119] 4 | 1 10 _ 0 6 _ 10 11 3 8 9 2 
[00209120] 8 | 1 10 _ 0 _ _ _ 11 _ _ 3 _ 
[00209121] 7 | 1 10 3 0 _ _ _ 11 _ _ 3 _ 
[00209122] 6 | 1 10 3 0 6 _ _ 11 _ _ 3 _ 
[00209123] 5 | 1 10 3 0 6 11 _ 11 _ _ 3 _ 
[00209124] 4 | 1 10 3 0 6 11 2 11 _ _ 3 _ 
[00209125] 3 | 1 10 3 0 6 11 2 11 4 7 3 _ 
[00209126] 3 | 1 10 3 0 6 11 2 11 5 8 3 _ 
[00209127] 3 | 1 10 3 0 6 11 2 11 7 4 3 _ 
[00209128] 3 | 1 10 3 0 6 11 2 11 8 5 3 _ 
[00209129] 4 | 1 10 3 0 6 11 _ 11 4 8 3 _ 
[00209130] 3 | 1 10 3 0 6 11 9 11 4 8 3 _ 
[00209131] 4 | 1 10 3 0 6 11 _ 11 5 9 3 _ 
[00209132] 4 | 1 10 3 0 6 11 _ 11 8 4 3 _ 
[00209133] 3 | 1 10 3 0 6 11 9 11 8 4 3 _ 
[00209134] 4 | 1 10 3 0 6 11 _ 11 9 5 3 _ 
[00209135] 5 | 1 10 3 0 6 _ 11 11 _ _ 3 _ 
[00209136] 4 | 1 10 3 0 6 2 11 11 _ _ 3 _ 
[00209137] 3 | 1 10 3 0 6 2 11 11 4 7 3 _ 
[00209138] 3 | 1 10 3 0 6 2 11 11 5 8 3 _ 
[00209139] 3 | 1 10 3 0 6 2 11 11 7 4 3 _ 
[00209140] 3 | 1 10 3 0 6 2 11 11 8 5 3 _ 
[00209141] 4 | 1 10 3 0 6 _ 11 11 4 8 3 _ 
[00209142] 3 | 1 10 3 0 6 9 11 11 4 8 3 _ 
[00209143] 4 | 1 10 3 0 6 _ 11 11 5 9 3 _ 
[00209144] 4 | 1 10 3 0 6 _ 11 11 8 4 3 _ 
[00209145] 3 | 1 10 3 0 6 9 11 11 8 4 3 _ 
[00209146] 4 | 1 10 3 0 6 _ 11 11 9 5 3 _ 
[00209147] 5 | 1 10 3 0 6 _ _ 11 6 _ 3 _ 
[00209148] 4 | 1 10 3 0 6 2 _ 11 6 _ 3 _ 
[00209149] 3 | 1 10 3 0 6 2 9 11 6 _ 3 _ 
[00209150] 3 | 1 10 3 0 6 2 _ 11 6 9 3 _ 
[00209151] 4 | 1 10 3 0 6 _ 2 11 6 _ 3 _ 
[00209152] 3 | 1 10 3 0 6 9 2 11 6 _ 3 _ 
[00209153] 3 | 1 10 3 0 6 _ 2 11 6 9 3 _ 
[00209154] 4 | 1 10 3 0 6 _ _ 11 6 2 3 _ 
[00209155] 5 | 1 10 3 0 6 _ _ 11 2 7 3 _ 
[00209156] 5 | 1 10 3 0 6 _ _ 11 4 9 3 _ 
[00209157] 4 | 1 10 3 0 6 2 _ 11 4 9 3 _ 
[00209158] 4 | 1 10 3 0 6 _ 2 11 4 9 3 _ 
[00209159] 5 | 1 10 3 0 6 _ _ 11 7 2 3 _ 
[00209160] 5 | 1 10 3 0 6 _ _ 11 9 4 3 _ 
[00209161] 4 | 1 10 3 0 6 2 _ 11 9 4 3 _ 
[00209162] 4 | 1 10 3 0 6 _ 2 11 9 4 3 _ 
[00209163] 6 | 1 10 3 0 2 8 _ 11 _ _ 3 _ 
[00209164] 5 | 1 10 3 0 2 8 7 11 _ _ 3 _ 
[00209165] 4 | 1 10 3 0 2 8 7 11 5 9 3 _ 
[00209166] 4 | 1 10 3 0 2 8 7 11 9 5 3 _ 
[00209167] 5 | 1 10 3 0 2 8 _ 11 6 _ 3 _ 
[00209168] 4 | 1 10 3 0 2 8 6 11 6 _ 3 _ 
[00209169] 4 | 1 10 3 0 2 8 _ 11 6 2 3 _ 
[00209170] 5 | 1 10 3 0 2 8 _ 11 4 9 3 _ 
[00209171] 4 | 1 10 3 0 2 8 6 11 4 9 3 _ 
[00209172] 5 | 1 10 3 0 2 8 _ 11 9 4 3 _ 
[00209173] 4 | 1 10 3 0 2 8 6 11 9 4 3 _ 
[00209174] 6 | 1 10 3 0 8 2 _ 11 _ _ 3 _ 
[00209175] 5 | 1 10 3 0 8 2 _ 11 6 _ 3 _ 
[00209176] 4 | 1 10 3 0 8 2 4 11 6 _ 3 _ 
[00209177] 3 | 1 10 3 0 8 2 4 11 6 9 3 _ 
[00209178] 5 | 1 10 3 0 8 2 _ 11 4 9 3 _ 
[00209179] 5 | 1 10 3 0 8 2 _ 11 9 4 3 _ 
[00209180] 6 | 1 10 3 0 2 _ 8 11 _ _ 3 _ 
[00209181] 5 | 1 10 3 0 2 7 8 11 _ _ 3 _ 
[00209182] 4 | 1 10 3 0 2 7 8 11 5 9 3 _ 
[00209183] 4 | 1 10 3 0 2 7 8 11 9 5 3 _ 
[00209184] 5 | 1 10 3 0 2 _ 8 11 6 _ 3 _ 
[00209185] 4 | 1 10 3 0 2 6 8 11 6 _ 3 _ 
[00209186] 4 | 1 10 3 0 2 _ 8 11 6 2 3 _ 
[00209187] 5 | 1 10 3 0 2 _ 8 11 4 9 3 _ 
[00209188] 4 | 1 10 3 0 2 6 8 11 4 9 3 _ 
[00209189] 5 | 1 10 3 0 2 _ 8 11 9 4 3 _ 
[00209190] 4 | 1 10 3 0 2 6 8 11 9 4 3 _ 
[00209191] 6 | 1 10 3 0 8 _ 2 11 _ _ 3 _ 
[00209192] 5 | 1 10 3 0 8 _ 2 11 6 _ 3 _ 
[00209193] 4 | 1 10 3 0 8 4 2 11 6 _ 3 _ 
[00209194] 3 | 1 10 3 0 8 4 2 11 6 9 3 _ 
[00209195] 5 | 1 10 3 0 8 _ 2 11 4 9 3 _ 
[00209196] 5 | 1 10 3 0 8 _ 2 11 9 4 3 _ 
[00209197] 6 | 1 10 3 0 _ _ _ 11 5 _ 3 _ 
[00209198] 5 | 1 10 3 0 5 _ _ 11 5 _ 3 _ 
[00209199] 4 | 1 10 3 0 5 9 _ 11 5 _ 3 _ 
[00209200] 3 | 1 10 3 0 5 9 2 11 5 _ 3 _ 
[00209201] 3 | 1 10 3 0 5 9 8 11 5 _ 3 _ 
[00209202] 3 | 1 10 3 0 5 9 _ 11 5 2 3 _ 
[00209203] 3 | 1 10 3 0 5 9 _ 11 5 8 3 _ 
[00209204] 4 | 1 10 3 0 5 _ 9 11 5 _ 3 _ 
[00209205] 3 | 1 10 3 0 5 2 9 11 5 _ 3 _ 
[00209206] 3 | 1 10 3 0 5 8 9 11 5 _ 3 _ 
[00209207] 3 | 1 10 3 0 5 _ 9 11 5 2 3 _ 
[00209208] 3 | 1 10 3 0 5 _ 9 11 5 8 3 _ 
[00209209] 4 | 1 10 3 0 5 _ _ 11 5 9 3 _ 
[00209210] 5 | 1 10 3 0 2 7 _ 11 5 _ 3 _ 
[00209211] 4 | 1 10 3 0 2 7 6 11 5 _ 3 _ 
[00209212] 3 | 1 10 3 0 2 7 6 11 5 8 3 _ 
[00209213] 4 | 1 10 3 0 2 7 _ 11 5 9 3 _ 
[00209214] 5 | 1 10 3 0 4 9 _ 11 5 _ 3 _ 
[00209215] 4 | 1 10 3 0 4 9 8 11 5 _ 3 _ 
[00209216] 3 | 1 10 3 0 4 9 8 11 5 2 3 _ 
[00209217] 5 | 1 10 3 0 7 2 _ 11 5 _ 3 _ 
[00209218] 4 | 1 10 3 0 7 2 _ 11 5 9 3 _ 
[00209219] 3 | 1 10 3 0 7 2 4 11 5 9 3 _ 
[00209220] 5 | 1 10 3 0 9 4 _ 11 5 _ 3 _ 
[00209221] 4 | 1 10 3 0 9 4 5 11 5 _ 3 _ 
[00209222] 4 | 1 10 3 0 9 4 _ 11 5 9 3 _ 
[00209223] 5 | 1 10 3 0 2 _ 7 11 5 _ 3 _ 
[00209224] 4 | 1 10 3 0 2 6 7 11 5 _ 3 _ 
[00209225] 3 | 1 10 3 0 2 6 7 11 5 8 3 _ 
[00209226] 4 | 1 10 3 0 2 _ 7 11 5 9 3 _ 
[00209227] 5 | 1 10 3 0 4 _ 9 11 5 _ 3 _ 
[00209228] 4 | 1 10 3 0 4 8 9 11 5 _ 3 _ 
[00209229] 3 | 1 10 3 0 4 8 9 11 5 2 3 _ 
[00209230] 5 | 1 10 3 0 7 _ 2 11 5 _ 3 _ 
[00209231] 4 | 1 10 3 0 7 _ 2 11 5 9 3 _ 
[00209232] 3 | 1 10 3 0 7 4 2 11 5 9 3 _ 
[00209233] 5 | 1 10 3 0 9 _ 4 11 5 _ 3 _ 
[00209234] 4 | 1 10 3 0 9 5 4 11 5 _ 3 _ 
[00209235] 4 | 1 10 3 0 9 _ 4 11 5 9 3 _ 
[00209236] 5 | 1 10 3 0 _ _ _ 11 5 0 3 _ 
[00209237] 4 | 1 10 3 0 2 6 _ 11 5 0 3 _ 
[00209238] 4 | 1 10 3 0 4 8 _ 11 5 0 3 _ 
[00209239] 3 | 1 10 3 0 4 8 7 11 5 0 3 _ 
[00209240] 4 | 1 10 3 0 6 2 _ 11 5 0 3 _ 
[00209241] 3 | 1 10 3 0 6 2 9 11 5 0 3 _ 
[00209242] 4 | 1 10 3 0 8 4 _ 11 5 0 3 _ 
[00209243] 4 | 1 10 3 0 2 _ 6 11 5 0 3 _ 
[00209244] 4 | 1 10 3 0 4 _ 8 11 5 0 3 _ 
[00209245] 3 | 1 10 3 0 4 7 8 11 5 0 3 _ 
[00209246] 4 | 1 10 3 0 6 _ 2 11 5 0 3 _ 
[00209247] 3 | 1 10 3 0 6 9 2 11 5 0 3 _ 
[00209248] 4 | 1 10 3 0 8 _ 4 11 5 0 3 _ 
[00209249] 6 | 1 10 3 0 _ _ _ 11 2 8 3 _ 
[00209250] 5 | 1 10 3 0 5 _ _ 11 2 8 3 _ 
[00209251] 4 | 1 10 3 0 5 9 _ 11 2 8 3 _ 
[00209252] 4 | 1 10 3 0 5 _ 9 11 2 8 3 _ 
[00209253] 5 | 1 10 3 0 4 9 _ 11 2 8 3 _ 
[00209254] 5 | 1 10 3 0 9 4 _ 11 2 8 3 _ 
[00209255] 4 | 1 10 3 0 9 4 5 11 2 8 3 _ 
[00209256] 5 | 1 10 3 0 4 _ 9 11 2 8 3 _ 
[00209257] 5 | 1 10 3 0 9 _ 4 11 2 8 3 _ 
[00209258] 4 | 1 10 3 0 9 5 4 11 2 8 3 _ 
[00209259] 6 | 1 10 3 0 _ _ _ 11 8 2 3 _ 
[00209260] 5 | 1 10 3 0 5 _ _ 11 8 2 3 _ 
[00209261] 4 | 1 10 3 0 5 9 _ 11 8 2 3 _ 
[00209262] 4 | 1 10 3 0 5 _ 9 11 8 2 3 _ 
[00209263] 5 | 1 10 3 0 4 9 _ 11 8 2 3 _ 
[00209264] 5 | 1 10 3 0 9 4 _ 11 8 2 3 _ 
[00209265] 4 | 1 10 3 0 9 4 5 11 8 2 3 _ 
[00209266] 5 | 1 10 3 0 4 _ 9 11 8 2 3 _ 
[00209267] 5 | 1 10 3 0 9 _ 4 11 8 2 3 _ 
[00209268] 4 | 1 10 3 0 9 5 4 11 8 2 3 _ 
[00209269] 7 | 1 10 _ 0 7 _ _ 11 _ _ 3 _ 
[00209270] 6 | 1 10 4 0 7 _ _ 11 _ _ 3 _ 
[00209271] 5 | 1 10 4 0 7 2 _ 11 _ _ 3 _ 
[00209272] 4 | 1 10 4 0 7 2 3 11 _ _ 3 _ 
[00209273] 3 | 1 10 4 0 7 2 3 11 8 _ 3 _ 
[00209274] 2 | 1 10 4 0 7 2 3 11 8 6 3 _ 
[00209275] 3 | 1 10 4 0 7 2 3 11 5 8 3 _ 
[00209276] 3 | 1 10 4 0 7 2 3 11 6 9 3 _ 
[00209277] 3 | 1 10 4 0 7 2 3 11 8 5 3 _ 
[00209278] 3 | 1 10 4 0 7 2 3 11 9 6 3 _ 
[00209279] 4 | 1 10 4 0 7 2 11 11 _ _ 3 _ 
[00209280] 3 | 1 10 4 0 7 2 11 11 5 8 3 _ 
[00209281] 3 | 1 10 4 0 7 2 11 11 6 9 3 _ 
[00209282] 2 | 1 10 4 0 7 2 11 11 6 9 3 5 
[00209283] 3 | 1 10 4 0 7 2 11 11 8 5 3 _ 
[00209284] 3 | 1 10 4 0 7 2 11 11 9 6 3 _ 
[00209285] 2 | 1 10 4 0 7 2 11 11 9 6 3 5 
[00209286] 3 | 1 10 4 0 7 2 11 11 _ _ 3 6 
[00209287] 4 | 1 10 4 0 7 2 _ 11 7 _ 3 _ 
[00209288] 3 | 1 10 4 0 7 2 _ 11 7 _ 3 6 
[00209289] 2 | 1 10 4 0 7 2 5 11 7 _ 3 6 
[00209290] 2 | 1 10 4 0 7 2 9 11 7 _ 3 6 
[00209291] 2 | 1 10 4 0 7 2 _ 11 7 5 3 6 
[00209292] 2 | 1 10 4 0 7 2 _ 11 7 9 3 6 
[00209293] 4 | 1 10 4 0 7 2 _ 11 5 9 3 _ 
[00209294] 3 | 1 10 4 0 7 2 _ 11 5 9 3 6 
[00209295] 4 | 1 10 4 0 7 2 _ 11 9 5 3 _ 
[00209296] 3 | 1 10 4 0 7 2 _ 11 9 5 3 6 
[00209297] 4 | 1 10 4 0 7 2 _ 11 _ _ 3 7 
[00209298] 3 | 1 10 4 0 7 2 _ 11 8 _ 3 7 
[00209299] 2 | 1 10 4 0 7 2 _ 11 8 6 3 7 
[00209300] 3 | 1 10 4 0 7 2 _ 11 5 8 3 7 
[00209301] 3 | 1 10 4 0 7 2 _ 11 6 9 3 7 
[00209302] 3 | 1 10 4 0 7 2 _ 11 8 5 3 7 
[00209303] 3 | 1 10 4 0 7 2 _ 11 9 6 3 7 
[00209304] 5 | 1 10 4 0 7 _ 2 11 _ _ 3 _ 
[00209305] 4 | 1 10 4 0 7 3 2 11 _ _ 3 _ 
[00209306] 3 | 1 10 4 0 7 3 2 11 8 _ 3 _ 
[00209307] 2 | 1 10 4 0 7 3 2 11 8 6 3 _ 
[00209308] 3 | 1 10 4 0 7 3 2 11 5 8 3 _ 
[00209309] 3 | 1 10 4 0 7 3 2 11 6 9 3 _ 
[00209310] 3 | 1 10 4 0 7 3 2 11 8 5 3 _ 
[00209311] 3 | 1 10 4 0 7 3 2 11 9 6 3 _ 
[00209312] 4 | 1 10 4 0 7 11 2 11 _ _ 3 _ 
[00209313] 3 | 1 10 4 0 7 11 2 11 5 8 3 _ 
[00209314] 3 | 1 10 4 0 7 11 2 11 6 9 3 _ 
[00209315] 2 | 1 10 4 0 7 11 2 11 6 9 3 5 
[00209316] 3 | 1 10 4 0 7 11 2 11 8 5 3 _ 
[00209317] 3 | 1 10 4 0 7 11 2 11 9 6 3 _ 
[00209318] 2 | 1 10 4 0 7 11 2 11 9 6 3 5 
[00209319] 3 | 1 10 4 0 7 11 2 11 _ _ 3 6 
[00209320] 4 | 1 10 4 0 7 _ 2 11 7 _ 3 _ 
[00209321] 3 | 1 10 4 0 7 _ 2 11 7 _ 3 6 
[00209322] 2 | 1 10 4 0 7 5 2 11 7 _ 3 6 
[00209323] 2 | 1 10 4 0 7 9 2 11 7 _ 3 6 
[00209324] 2 | 1 10 4 0 7 _ 2 11 7 5 3 6 
[00209325] 2 | 1 10 4 0 7 _ 2 11 7 9 3 6 
[00209326] 4 | 1 10 4 0 7 _ 2 11 5 9 3 _ 
[00209327] 3 | 1 10 4 0 7 _ 2 11 5 9 3 6 
[00209328] 4 | 1 10 4 0 7 _ 2 11 9 5 3 _ 
[00209329] 3 | 1 10 4 0 7 _ 2 11 9 5 3 6 
[00209330] 4 | 1 10 4 0 7 _ 2 11 _ _ 3 7 
[00209331] 3 | 1 10 4 0 7 _ 2 11 8 _ 3 7 
[00209332] 2 | 1 10 4 0 7 _ 2 11 8 6 3 7 
[00209333] 3 | 1 10 4 0 7 _ 2 11 5 8 3 7 
[00209334] 3 | 1 10 4 0 7 _ 2 11 6 9 3 7 
[00209335] 3 | 1 10 4 0 7 _ 2 11 8 5 3 7 
[00209336] 3 | 1 10 4 0 7 _ 2 11 9 6 3 7 
[00209337] 5 | 1 10 4 0 7 _ _ 11 6 _ 3 _ 
[00209338] 4 | 1 10 4 0 7 3 _ 11 6 _ 3 _ 
[00209339] 3 | 1 10 4 0 7 3 _ 11 6 9 3 _ 
[00209340] 2 | 1 10 4 0 7 3 5 11 6 9 3 _ 
[00209341] 4 | 1 10 4 0 7 _ 3 11 6 _ 3 _ 
[00209342] 3 | 1 10 4 0 7 _ 3 11 6 9 3 _ 
[00209343] 2 | 1 10 4 0 7 5 3 11 6 9 3 _ 
[00209344] 4 | 1 10 4 0 7 _ _ 11 6 2 3 _ 
[00209345] 4 | 1 10 4 0 7 _ _ 11 6 _ 3 7 
[00209346] 3 | 1 10 4 0 7 _ _ 11 6 9 3 7 
[00209347] 5 | 1 10 4 0 7 _ _ 11 _ _ 3 8 
[00209348] 4 | 1 10 4 0 7 11 _ 11 _ _ 3 8 
[00209349] 3 | 1 10 4 0 7 11 _ 11 2 5 3 8 
[00209350] 2 | 1 10 4 0 7 11 9 11 2 5 3 8 
[00209351] 3 | 1 10 4 0 7 11 _ 11 6 9 3 8 
[00209352] 2 | 1 10 4 0 7 11 5 11 6 9 3 8 
[00209353] 3 | 1 10 4 0 7 11 _ 11 5 2 3 8 
[00209354] 2 | 1 10 4 0 7 11 9 11 5 2 3 8 
[00209355] 3 | 1 10 4 0 7 11 _ 11 9 6 3 8 
[00209356] 2 | 1 10 4 0 7 11 5 11 9 6 3 8 
[00209357] 4 | 1 10 4 0 7 _ 11 11 _ _ 3 8 
[00209358] 3 | 1 10 4 0 7 _ 11 11 2 5 3 8 
[00209359] 2 | 1 10 4 0 7 9 11 11 2 5 3 8 
[00209360] 3 | 1 10 4 0 7 _ 11 11 6 9 3 8 
[00209361] 2 | 1 10 4 0 7 5 11 11 6 9 3 8 
[00209362] 3 | 1 10 4 0 7 _ 11 11 5 2 3 8 
[00209363] 2 | 1 10 4 0 7 9 11 11 5 2 3 8 
[00209364] 3 | 1 10 4 0 7 _ 11 11 9 6 3 8 
[00209365] 2 | 1 10 4 0 7 5 11 11 9 6 3 8 
[00209366] 4 | 1 10 4 0 7 _ _ 11 7 _ 3 8 
[00209367] 4 | 1 10 4 0 7 _ _ 11 2 6 3 8 
[00209368] 4 | 1 10 4 0 7 _ _ 11 5 9 3 8 
[00209369] 4 | 1 10 4 0 7 _ _ 11 6 2 3 8 
[00209370] 4 | 1 10 4 0 7 _ _ 11 9 5 3 8 
[00209371] 6 | 1 10 _ 0 7 _ _ 11 5 _ 3 _ 
[00209372] 5 | 1 10 5 0 7 _ _ 11 5 _ 3 _ 
[00209373] 4 | 1 10 5 0 7 3 _ 11 5 _ 3 _ 
[00209374] 3 | 1 10 5 0 7 3 4 11 5 _ 3 _ 
[00209375] 4 | 1 10 5 0 7 _ 3 11 5 _ 3 _ 
[00209376] 3 | 1 10 5 0 7 4 3 11 5 _ 3 _ 
[00209377] 4 | 1 10 5 0 7 _ _ 11 5 _ 3 7 
[00209378] 5 | 1 10 _ 0 7 2 _ 11 5 _ 3 _ 
[00209379] 4 | 1 10 6 0 7 2 _ 11 5 _ 3 _ 
[00209380] 3 | 1 10 6 0 7 2 4 11 5 _ 3 _ 
[00209381] 2 | 1 10 6 0 7 2 4 11 5 3 3 _ 
[00209382] 2 | 1 10 6 0 7 2 4 11 5 _ 3 5 
[00209383] 3 | 1 10 6 0 7 2 _ 11 5 8 3 _ 
[00209384] 2 | 1 10 6 0 7 2 9 11 5 8 3 _ 
[00209385] 1 | 1 10 6 0 7 2 9 11 5 8 3 4  *Graceful*
[00209385] 4 | 1 10 _ 0 7 2 3 11 5 _ 3 _ 
[00209386] 3 | 1 10 _ 0 7 2 3 11 5 8 3 _ 
[00209387] 4 | 1 10 _ 0 7 2 _ 11 5 9 3 _ 
[00209388] 3 | 1 10 7 0 7 2 _ 11 5 9 3 _ 
[00209389] 3 | 1 10 _ 0 7 2 4 11 5 9 3 _ 
[00209390] 2 | 1 10 8 0 7 2 4 11 5 9 3 _ 
[00209391] 3 | 1 10 _ 0 7 2 10 11 5 9 3 _ 
[00209392] 3 | 1 10 _ 0 7 2 _ 11 5 9 3 6 
[00209393] 2 | 1 10 8 0 7 2 _ 11 5 9 3 6 
[00209394] 4 | 1 10 _ 0 7 2 _ 11 5 _ 3 7 
[00209395] 3 | 1 10 _ 0 7 2 _ 11 5 8 3 7 
[00209396] 5 | 1 10 _ 0 7 _ 2 11 5 _ 3 _ 
[00209397] 4 | 1 10 6 0 7 _ 2 11 5 _ 3 _ 
[00209398] 3 | 1 10 6 0 7 4 2 11 5 _ 3 _ 
[00209399] 2 | 1 10 6 0 7 4 2 11 5 3 3 _ 
[00209400] 2 | 1 10 6 0 7 4 2 11 5 _ 3 5 
[00209401] 3 | 1 10 6 0 7 _ 2 11 5 8 3 _ 
[00209402] 2 | 1 10 6 0 7 9 2 11 5 8 3 _ 
[00209403] 1 | 1 10 6 0 7 9 2 11 5 8 3 4  *Graceful*
[00209403] 4 | 1 10 _ 0 7 3 2 11 5 _ 3 _ 
[00209404] 3 | 1 10 _ 0 7 3 2 11 5 8 3 _ 
[00209405] 4 | 1 10 _ 0 7 _ 2 11 5 9 3 _ 
[00209406] 3 | 1 10 7 0 7 _ 2 11 5 9 3 _ 
[00209407] 3 | 1 10 _ 0 7 4 2 11 5 9 3 _ 
[00209408] 2 | 1 10 8 0 7 4 2 11 5 9 3 _ 
[00209409] 3 | 1 10 _ 0 7 10 2 11 5 9 3 _ 
[00209410] 3 | 1 10 _ 0 7 _ 2 11 5 9 3 6 
[00209411] 2 | 1 10 8 0 7 _ 2 11 5 9 3 6 
[00209412] 4 | 1 10 _ 0 7 _ 2 11 5 _ 3 7 
[00209413] 3 | 1 10 _ 0 7 _ 2 11 5 8 3 7 
[00209414] 5 | 1 10 _ 0 7 _ _ 11 5 10 3 _ 
[00209415] 4 | 1 10 _ 0 7 3 _ 11 5 10 3 _ 
[00209416] 3 | 1 10 _ 0 7 3 4 11 5 10 3 _ 
[00209417] 4 | 1 10 _ 0 7 _ 3 11 5 10 3 _ 
[00209418] 3 | 1 10 _ 0 7 4 3 11 5 10 3 _ 
[00209419] 4 | 1 10 _ 0 7 _ _ 11 5 10 3 7 
[00209420] 5 | 1 10 _ 0 7 _ _ 11 5 _ 3 8 
[00209421] 4 | 1 10 6 0 7 _ _ 11 5 _ 3 8 
[00209422] 3 | 1 10 6 0 7 4 _ 11 5 _ 3 8 
[00209423] 2 | 1 10 6 0 7 4 5 11 5 _ 3 8 
[00209424] 2 | 1 10 6 0 7 4 9 11 5 _ 3 8 
[00209425] 2 | 1 10 6 0 7 4 _ 11 5 7 3 8 
[00209426] 3 | 1 10 6 0 7 _ 4 11 5 _ 3 8 
[00209427] 2 | 1 10 6 0 7 5 4 11 5 _ 3 8 
[00209428] 2 | 1 10 6 0 7 9 4 11 5 _ 3 8 
[00209429] 2 | 1 10 6 0 7 _ 4 11 5 7 3 8 
[00209430] 3 | 1 10 6 0 7 _ _ 11 5 2 3 8 
[00209431] 2 | 1 10 6 0 7 9 _ 11 5 2 3 8 
[00209432] 2 | 1 10 6 0 7 _ 9 11 5 2 3 8 
[00209433] 4 | 1 10 _ 0 7 _ _ 11 5 9 3 8 
[00209434] 3 | 1 10 7 0 7 _ _ 11 5 9 3 8 
[00209435] 3 | 1 10 _ 0 7 4 _ 11 5 9 3 8 
[00209436] 3 | 1 10 _ 0 7 10 _ 11 5 9 3 8 
[00209437] 3 | 1 10 _ 0 7 _ 4 11 5 9 3 8 
[00209438] 3 | 1 10 _ 0 7 _ 10 11 5 9 3 8 
[00209439] 6 | 1 10 _ 0 7 _ _ 11 2 8 3 _ 
[00209440] 5 | 1 10 5 0 7 _ _ 11 2 8 3 _ 
[00209441] 4 | 1 10 5 0 7 3 _ 11 2 8 3 _ 
[00209442] 3 | 1 10 5 0 7 3 4 11 2 8 3 _ 
[00209443] 4 | 1 10 5 0 7 _ 3 11 2 8 3 _ 
[00209444] 3 | 1 10 5 0 7 4 3 11 2 8 3 _ 
[00209445] 4 | 1 10 5 0 7 _ _ 11 2 8 3 7 
[00209446] 6 | 1 10 _ 0 7 _ _ 11 8 2 3 _ 
[00209447] 5 | 1 10 5 0 7 _ _ 11 8 2 3 _ 
[00209448] 4 | 1 10 5 0 7 3 _ 11 8 2 3 _ 
[00209449] 3 | 1 10 5 0 7 3 4 11 8 2 3 _ 
[00209450] 4 | 1 10 5 0 7 _ 3 11 8 2 3 _ 
[00209451] 3 | 1 10 5 0 7 4 3 11 8 2 3 _ 
[00209452] 4 | 1 10 5 0 7 _ _ 11 8 2 3 7 
[00209453] 6 | 1 10 _ 0 7 _ _ 11 _ _ 3 9 
[00209454] 5 | 1 10 5 0 7 _ _ 11 _ _ 3 9 
[00209455] 4 | 1 10 5 0 7 11 _ 11 _ _ 3 9 
[00209456] 3 | 1 10 5 0 7 11 4 11 _ _ 3 9 
[00209457] 2 | 1 10 5 0 7 11 4 11 6 8 3 9 
[00209458] 2 | 1 10 5 0 7 11 4 11 8 6 3 9 
[00209459] 4 | 1 10 5 0 7 _ 11 11 _ _ 3 9 
[00209460] 3 | 1 10 5 0 7 4 11 11 _ _ 3 9 
[00209461] 2 | 1 10 5 0 7 4 11 11 6 8 3 9 
[00209462] 2 | 1 10 5 0 7 4 11 11 8 6 3 9 
[00209463] 4 | 1 10 5 0 7 _ _ 11 7 _ 3 9 
[00209464] 3 | 1 10 5 0 7 4 _ 11 7 _ 3 9 
[00209465] 3 | 1 10 5 0 7 _ 4 11 7 _ 3 9 
[00209466] 3 | 1 10 5 0 7 _ _ 11 7 4 3 9 
[00209467] 4 | 1 10 5 0 7 _ _ 11 2 6 3 9 
[00209468] 3 | 1 10 5 0 7 4 _ 11 2 6 3 9 
[00209469] 3 | 1 10 5 0 7 _ 4 11 2 6 3 9 
[00209470] 4 | 1 10 5 0 7 _ _ 11 4 8 3 9 
[00209471] 4 | 1 10 5 0 7 _ _ 11 6 2 3 9 
[00209472] 3 | 1 10 5 0 7 4 _ 11 6 2 3 9 
[00209473] 3 | 1 10 5 0 7 _ 4 11 6 2 3 9 
[00209474] 4 | 1 10 5 0 7 _ _ 11 8 4 3 9 
[00209475] 5 | 1 10 _ 0 7 2 _ 11 _ _ 3 9 
[00209476] 4 | 1 10 6 0 7 2 _ 11 _ _ 3 9 
[00209477] 3 | 1 10 6 0 7 2 4 11 _ _ 3 9 
[00209478] 3 | 1 10 6 0 7 2 _ 11 8 _ 3 9 
[00209479] 2 | 1 10 6 0 7 2 5 11 8 _ 3 9 
[00209480] 3 | 1 10 6 0 7 2 _ 11 5 8 3 9 
[00209481] 3 | 1 10 6 0 7 2 _ 11 8 5 3 9 
[00209482] 4 | 1 10 _ 0 7 2 11 11 _ _ 3 9 
[00209483] 3 | 1 10 _ 0 7 2 11 11 5 8 3 9 
[00209484] 3 | 1 10 _ 0 7 2 11 11 8 5 3 9 
[00209485] 4 | 1 10 _ 0 7 2 _ 11 7 _ 3 9 
[00209486] 3 | 1 10 7 0 7 2 _ 11 7 _ 3 9 
[00209487] 3 | 1 10 _ 0 7 2 4 11 7 _ 3 9 
[00209488] 2 | 1 10 8 0 7 2 4 11 7 _ 3 9 
[00209489] 3 | 1 10 _ 0 7 2 10 11 7 _ 3 9 
[00209490] 3 | 1 10 _ 0 7 2 _ 11 7 4 3 9 
[00209491] 2 | 1 10 8 0 7 2 _ 11 7 4 3 9 
[00209492] 3 | 1 10 _ 0 7 2 _ 11 7 10 3 9 
[00209493] 4 | 1 10 _ 0 7 2 _ 11 4 8 3 9 
[00209494] 3 | 1 10 7 0 7 2 _ 11 4 8 3 9 
[00209495] 3 | 1 10 _ 0 7 2 10 11 4 8 3 9 
[00209496] 4 | 1 10 _ 0 7 2 _ 11 8 4 3 9 
[00209497] 3 | 1 10 7 0 7 2 _ 11 8 4 3 9 
[00209498] 3 | 1 10 _ 0 7 2 10 11 8 4 3 9 
[00209499] 5 | 1 10 _ 0 7 _ 2 11 _ _ 3 9 
[00209500] 4 | 1 10 6 0 7 _ 2 11 _ _ 3 9 
[00209501] 3 | 1 10 6 0 7 4 2 11 _ _ 3 9 
[00209502] 3 | 1 10 6 0 7 _ 2 11 8 _ 3 9 
[00209503] 2 | 1 10 6 0 7 5 2 11 8 _ 3 9 
[00209504] 3 | 1 10 6 0 7 _ 2 11 5 8 3 9 
[00209505] 3 | 1 10 6 0 7 _ 2 11 8 5 3 9 
[00209506] 4 | 1 10 _ 0 7 11 2 11 _ _ 3 9 
[00209507] 3 | 1 10 _ 0 7 11 2 11 5 8 3 9 
[00209508] 3 | 1 10 _ 0 7 11 2 11 8 5 3 9 
[00209509] 4 | 1 10 _ 0 7 _ 2 11 7 _ 3 9 
[00209510] 3 | 1 10 7 0 7 _ 2 11 7 _ 3 9 
[00209511] 3 | 1 10 _ 0 7 4 2 11 7 _ 3 9 
[00209512] 2 | 1 10 8 0 7 4 2 11 7 _ 3 9 
[00209513] 3 | 1 10 _ 0 7 10 2 11 7 _ 3 9 
[00209514] 3 | 1 10 _ 0 7 _ 2 11 7 4 3 9 
[00209515] 2 | 1 10 8 0 7 _ 2 11 7 4 3 9 
[00209516] 3 | 1 10 _ 0 7 _ 2 11 7 10 3 9 
[00209517] 4 | 1 10 _ 0 7 _ 2 11 4 8 3 9 
[00209518] 3 | 1 10 7 0 7 _ 2 11 4 8 3 9 
[00209519] 3 | 1 10 _ 0 7 10 2 11 4 8 3 9 
[00209520] 4 | 1 10 _ 0 7 _ 2 11 8 4 3 9 
[00209521] 3 | 1 10 7 0 7 _ 2 11 8 4 3 9 
[00209522] 3 | 1 10 _ 0 7 10 2 11 8 4 3 9 
[00209523] 5 | 1 10 _ 0 7 _ _ 11 6 _ 3 9 
[00209524] 4 | 1 10 6 0 7 _ _ 11 6 _ 3 9 
[00209525] 3 | 1 10 6 0 7 4 _ 11 6 _ 3 9 
[00209526] 2 | 1 10 6 0 7 4 5 11 6 _ 3 9 
[00209527] 3 | 1 10 6 0 7 _ 4 11 6 _ 3 9 
[00209528] 2 | 1 10 6 0 7 5 4 11 6 _ 3 9 
[00209529] 4 | 1 10 _ 0 7 _ _ 11 6 2 3 9 
[00209530] 3 | 1 10 7 0 7 _ _ 11 6 2 3 9 
[00209531] 3 | 1 10 _ 0 7 4 _ 11 6 2 3 9 
[00209532] 2 | 1 10 8 0 7 4 _ 11 6 2 3 9 
[00209533] 2 | 1 10 _ 0 7 4 5 11 6 2 3 9 
[00209534] 3 | 1 10 _ 0 7 10 _ 11 6 2 3 9 
[00209535] 2 | 1 10 _ 0 7 10 5 11 6 2 3 9 
[00209536] 3 | 1 10 _ 0 7 _ 4 11 6 2 3 9 
[00209537] 2 | 1 10 8 0 7 _ 4 11 6 2 3 9 
[00209538] 2 | 1 10 _ 0 7 5 4 11 6 2 3 9 
[00209539] 3 | 1 10 _ 0 7 _ 10 11 6 2 3 9 
[00209540] 2 | 1 10 _ 0 7 5 10 11 6 2 3 9 
[00209541] 4 | 1 10 _ 0 7 _ _ 11 6 10 3 9 
[00209542] 3 | 1 10 _ 0 7 4 _ 11 6 10 3 9 
[00209543] 2 | 1 10 _ 0 7 4 5 11 6 10 3 9 
[00209544] 3 | 1 10 _ 0 7 _ 4 11 6 10 3 9 
[00209545] 2 | 1 10 _ 0 7 5 4 11 6 10 3 9 
[00209546] 7 | 1 10 _ 0 2 9 _ 11 _ _ 3 _ 
[00209547] 6 | 1 10 4 0 2 9 _ 11 _ _ 3 _ 
[00209548] 5 | 1 10 4 0 2 9 7 11 _ _ 3 _ 
[00209549] 5 | 1 10 4 0 2 9 _ 11 6 _ 3 _ 
[00209550] 4 | 1 10 4 0 2 9 6 11 6 _ 3 _ 
[00209551] 4 | 1 10 4 0 2 9 _ 11 6 2 3 _ 
[00209552] 4 | 1 10 4 0 2 9 _ 11 6 _ 3 7 
[00209553] 3 | 1 10 4 0 2 9 5 11 6 _ 3 7 
[00209554] 2 | 1 10 4 0 2 9 5 11 6 8 3 7 
[00209555] 5 | 1 10 4 0 2 9 _ 11 _ _ 3 8 
[00209556] 4 | 1 10 4 0 2 9 6 11 _ _ 3 8 
[00209557] 4 | 1 10 4 0 2 9 _ 11 7 _ 3 8 
[00209558] 3 | 1 10 4 0 2 9 5 11 7 _ 3 8 
[00209559] 6 | 1 10 _ 0 2 9 8 11 _ _ 3 _ 
[00209560] 5 | 1 10 5 0 2 9 8 11 _ _ 3 _ 
[00209561] 4 | 1 10 5 0 2 9 8 11 7 _ 3 _ 
[00209562] 3 | 1 10 5 0 2 9 8 11 7 4 3 _ 
[00209563] 3 | 1 10 5 0 2 9 8 11 7 _ 3 6 
[00209564] 4 | 1 10 5 0 2 9 8 11 _ _ 3 7 
[00209565] 5 | 1 10 _ 0 2 9 8 11 6 _ 3 _ 
[00209566] 4 | 1 10 6 0 2 9 8 11 6 _ 3 _ 
[00209567] 4 | 1 10 _ 0 2 9 8 11 6 10 3 _ 
[00209568] 4 | 1 10 _ 0 2 9 8 11 6 _ 3 7 
[00209569] 6 | 1 10 _ 0 2 9 _ 11 5 _ 3 _ 
[00209570] 5 | 1 10 5 0 2 9 _ 11 5 _ 3 _ 
[00209571] 4 | 1 10 5 0 2 9 6 11 5 _ 3 _ 
[00209572] 4 | 1 10 5 0 2 9 _ 11 5 _ 3 7 
[00209573] 5 | 1 10 _ 0 2 9 7 11 5 _ 3 _ 
[00209574] 4 | 1 10 6 0 2 9 7 11 5 _ 3 _ 
[00209575] 3 | 1 10 6 0 2 9 7 11 5 8 3 _ 
[00209576] 5 | 1 10 _ 0 2 9 _ 11 5 10 3 _ 
[00209577] 4 | 1 10 _ 0 2 9 6 11 5 10 3 _ 
[00209578] 4 | 1 10 _ 0 2 9 _ 11 5 10 3 7 
[00209579] 5 | 1 10 _ 0 2 9 _ 11 5 _ 3 8 
[00209580] 4 | 1 10 6 0 2 9 _ 11 5 _ 3 8 
[00209581] 3 | 1 10 6 0 2 9 5 11 5 _ 3 8 
[00209582] 3 | 1 10 6 0 2 9 _ 11 5 2 3 8 
[00209583] 4 | 1 10 _ 0 2 9 6 11 5 _ 3 8 
[00209584] 3 | 1 10 7 0 2 9 6 11 5 _ 3 8 
[00209585] 7 | 1 10 _ 0 9 2 _ 11 _ _ 3 _ 
[00209586] 6 | 1 10 4 0 9 2 _ 11 _ _ 3 _ 
[00209587] 5 | 1 10 4 0 9 2 _ 11 6 _ 3 _ 
[00209588] 4 | 1 10 4 0 9 2 5 11 6 _ 3 _ 
[00209589] 3 | 1 10 4 0 9 2 5 11 6 3 3 _ 
[00209590] 3 | 1 10 4 0 9 2 5 11 6 _ 3 6 
[00209591] 4 | 1 10 4 0 9 2 _ 11 6 _ 3 7 
[00209592] 3 | 1 10 4 0 9 2 6 11 6 _ 3 7 
[00209593] 3 | 1 10 4 0 9 2 _ 11 6 9 3 7 
[00209594] 5 | 1 10 4 0 9 2 _ 11 _ _ 3 8 
[00209595] 4 | 1 10 4 0 9 2 5 11 _ _ 3 8 
[00209596] 4 | 1 10 4 0 9 2 _ 11 7 _ 3 8 
[00209597] 3 | 1 10 4 0 9 2 6 11 7 _ 3 8 
[00209598] 2 | 1 10 4 0 9 2 6 11 7 5 3 8 
[00209599] 6 | 1 10 _ 0 9 2 3 11 _ _ 3 _ 
[00209600] 5 | 1 10 5 0 9 2 3 11 _ _ 3 _ 
[00209601] 4 | 1 10 5 0 9 2 3 11 7 _ 3 _ 
[00209602] 3 | 1 10 5 0 9 2 3 11 7 4 3 _ 
[00209603] 4 | 1 10 5 0 9 2 3 11 4 8 3 _ 
[00209604] 4 | 1 10 5 0 9 2 3 11 8 4 3 _ 
[00209605] 5 | 1 10 _ 0 9 2 3 11 6 _ 3 _ 
[00209606] 4 | 1 10 6 0 9 2 3 11 6 _ 3 _ 
[00209607] 4 | 1 10 _ 0 9 2 3 11 6 10 3 _ 
[00209608] 6 | 1 10 _ 0 9 2 _ 11 5 _ 3 _ 
[00209609] 5 | 1 10 5 0 9 2 _ 11 5 _ 3 _ 
[00209610] 4 | 1 10 5 0 9 2 _ 11 5 _ 3 7 
[00209611] 3 | 1 10 5 0 9 2 6 11 5 _ 3 7 
[00209612] 5 | 1 10 _ 0 9 2 4 11 5 _ 3 _ 
