[00402104] 5 | 5 10 3 2 _ _ _ 11 1 _ 0 6 
[00402105] 4 | 5 10 3 2 4 8 _ 11 1 _ 0 6 
[00402106] 3 | 5 10 3 2 4 8 1 11 1 _ 0 6 
[00402107] 3 | 5 10 3 2 4 8 7 11 1 _ 0 6 
[00402108] 3 | 5 10 3 2 4 8 _ 11 1 4 0 6 
[00402109] 4 | 5 10 3 2 8 4 _ 11 1 _ 0 6 
[00402110] 4 | 5 10 3 2 4 _ 8 11 1 _ 0 6 
[00402111] 3 | 5 10 3 2 4 1 8 11 1 _ 0 6 
[00402112] 3 | 5 10 3 2 4 7 8 11 1 _ 0 6 
[00402113] 3 | 5 10 3 2 4 _ 8 11 1 4 0 6 
[00402114] 4 | 5 10 3 2 8 _ 4 11 1 _ 0 6 
[00402115] 5 | _ 10 3 2 7 _ _ 11 1 _ 0 6 
[00402116] 4 | _ 10 3 2 7 _ _ 11 1 5 0 6 
[00402117] 3 | 7 10 3 2 7 _ _ 11 1 5 0 6 
[00402118] 3 | _ 10 3 2 7 4 _ 11 1 5 0 6 
[00402119] 2 | 8 10 3 2 7 4 _ 11 1 5 0 6 
[00402120] 2 | _ 10 3 2 7 4 9 11 1 5 0 6 
[00402121] 3 | _ 10 3 2 7 10 _ 11 1 5 0 6 
[00402122] 2 | _ 10 3 2 7 10 9 11 1 5 0 6 
[00402123] 3 | _ 10 3 2 7 _ 4 11 1 5 0 6 
[00402124] 2 | 8 10 3 2 7 _ 4 11 1 5 0 6 
[00402125] 2 | _ 10 3 2 7 9 4 11 1 5 0 6 
[00402126] 3 | _ 10 3 2 7 _ 10 11 1 5 0 6 
[00402127] 2 | _ 10 3 2 7 9 10 11 1 5 0 6 
[00402128] 5 | _ 10 3 2 4 9 _ 11 1 _ 0 6 
[00402129] 4 | _ 10 3 2 4 9 8 11 1 _ 0 6 
[00402130] 3 | 7 10 3 2 4 9 8 11 1 _ 0 6 
[00402131] 4 | _ 10 3 2 4 9 _ 11 1 5 0 6 
[00402132] 3 | 7 10 3 2 4 9 _ 11 1 5 0 6 
[00402133] 3 | _ 10 3 2 4 9 7 11 1 5 0 6 
[00402134] 2 | 8 10 3 2 4 9 7 11 1 5 0 6 
[00402135] 5 | _ 10 3 2 9 4 _ 11 1 _ 0 6 
[00402136] 4 | _ 10 3 2 9 4 5 11 1 _ 0 6 
[00402137] 3 | 7 10 3 2 9 4 5 11 1 _ 0 6 
[00402138] 4 | _ 10 3 2 9 4 _ 11 1 5 0 6 
[00402139] 3 | 7 10 3 2 9 4 _ 11 1 5 0 6 
[00402140] 5 | _ 10 3 2 4 _ 9 11 1 _ 0 6 
[00402141] 4 | _ 10 3 2 4 8 9 11 1 _ 0 6 
[00402142] 3 | 7 10 3 2 4 8 9 11 1 _ 0 6 
[00402143] 4 | _ 10 3 2 4 _ 9 11 1 5 0 6 
[00402144] 3 | 7 10 3 2 4 _ 9 11 1 5 0 6 
[00402145] 3 | _ 10 3 2 4 7 9 11 1 5 0 6 
[00402146] 2 | 8 10 3 2 4 7 9 11 1 5 0 6 
[00402147] 5 | _ 10 3 2 9 _ 4 11 1 _ 0 6 
[00402148] 4 | _ 10 3 2 9 5 4 11 1 _ 0 6 
[00402149] 3 | 7 10 3 2 9 5 4 11 1 _ 0 6 
[00402150] 4 | _ 10 3 2 9 _ 4 11 1 5 0 6 
[00402151] 3 | 7 10 3 2 9 _ 4 11 1 5 0 6 
[00402152] 7 | _ 10 _ 2 9 _ _ 11 1 _ 0 _ 
[00402153] 6 | 4 10 _ 2 9 _ _ 11 1 _ 0 _ 
[00402154] 5 | 4 10 5 2 9 _ _ 11 1 _ 0 _ 
[00402155] 5 | 4 10 _ 2 9 _ _ 11 1 6 0 _ 
[00402156] 4 | 4 10 _ 2 9 5 _ 11 1 6 0 _ 
[00402157] 3 | 4 10 7 2 9 5 _ 11 1 6 0 _ 
[00402158] 3 | 4 10 _ 2 9 5 _ 11 1 6 0 3 
[00402159] 2 | 4 10 8 2 9 5 _ 11 1 6 0 3 
[00402160] 2 | 4 10 _ 2 9 5 7 11 1 6 0 3 
[00402161] 4 | 4 10 _ 2 9 _ 5 11 1 6 0 _ 
[00402162] 3 | 4 10 7 2 9 _ 5 11 1 6 0 _ 
[00402163] 3 | 4 10 _ 2 9 _ 5 11 1 6 0 3 
[00402164] 2 | 4 10 8 2 9 _ 5 11 1 6 0 3 
[00402165] 2 | 4 10 _ 2 9 7 5 11 1 6 0 3 
[00402166] 5 | 4 10 _ 2 9 _ _ 11 1 _ 0 5 
[00402167] 4 | 4 10 6 2 9 _ _ 11 1 _ 0 5 
[00402168] 6 | _ 10 4 2 9 _ _ 11 1 _ 0 _ 
[00402169] 5 | 5 10 4 2 9 _ _ 11 1 _ 0 _ 
[00402170] 5 | _ 10 4 2 9 _ _ 11 1 6 0 _ 
[00402171] 4 | _ 10 4 2 9 5 _ 11 1 6 0 _ 
[00402172] 3 | 7 10 4 2 9 5 _ 11 1 6 0 _ 
[00402173] 3 | _ 10 4 2 9 5 _ 11 1 6 0 3 
[00402174] 2 | 8 10 4 2 9 5 _ 11 1 6 0 3 
[00402175] 2 | _ 10 4 2 9 5 7 11 1 6 0 3 
[00402176] 4 | _ 10 4 2 9 _ 5 11 1 6 0 _ 
[00402177] 3 | 7 10 4 2 9 _ 5 11 1 6 0 _ 
[00402178] 3 | _ 10 4 2 9 _ 5 11 1 6 0 3 
[00402179] 2 | 8 10 4 2 9 _ 5 11 1 6 0 3 
[00402180] 2 | _ 10 4 2 9 7 5 11 1 6 0 3 
[00402181] 5 | _ 10 4 2 9 _ _ 11 1 _ 0 5 
[00402182] 4 | 6 10 4 2 9 _ _ 11 1 _ 0 5 
[00402183] 6 | _ 10 _ 2 9 3 _ 11 1 _ 0 _ 
[00402184] 5 | 5 10 _ 2 9 3 _ 11 1 _ 0 _ 
[00402185] 4 | 5 10 6 2 9 3 _ 11 1 _ 0 _ 
[00402186] 3 | 5 10 6 2 9 3 _ 11 1 4 0 _ 
[00402187] 2 | 5 10 6 2 9 3 7 11 1 4 0 _ 
[00402188] 4 | 5 10 _ 2 9 3 _ 11 1 _ 0 4 
[00402189] 3 | 5 10 7 2 9 3 _ 11 1 _ 0 4 
[00402190] 3 | 5 10 _ 2 9 3 6 11 1 _ 0 4 
[00402191] 2 | 5 10 8 2 9 3 6 11 1 _ 0 4 
[00402192] 5 | _ 10 5 2 9 3 _ 11 1 _ 0 _ 
[00402193] 4 | 6 10 5 2 9 3 _ 11 1 _ 0 _ 
[00402194] 3 | 6 10 5 2 9 3 _ 11 1 4 0 _ 
[00402195] 2 | 6 10 5 2 9 3 7 11 1 4 0 _ 
[00402196] 4 | _ 10 5 2 9 3 _ 11 1 _ 0 4 
[00402197] 3 | 7 10 5 2 9 3 _ 11 1 _ 0 4 
[00402198] 3 | _ 10 5 2 9 3 6 11 1 _ 0 4 
[00402199] 2 | 8 10 5 2 9 3 6 11 1 _ 0 4 
[00402200] 5 | _ 10 _ 2 9 3 4 11 1 _ 0 _ 
[00402201] 4 | 6 10 _ 2 9 3 4 11 1 _ 0 _ 
[00402202] 3 | 6 10 7 2 9 3 4 11 1 _ 0 _ 
[00402203] 4 | _ 10 6 2 9 3 4 11 1 _ 0 _ 
[00402204] 3 | 7 10 6 2 9 3 4 11 1 _ 0 _ 
[00402205] 4 | _ 10 _ 2 9 3 4 11 1 5 0 _ 
[00402206] 3 | 7 10 _ 2 9 3 4 11 1 5 0 _ 
[00402207] 2 | 7 10 8 2 9 3 4 11 1 5 0 _ 
[00402208] 3 | _ 10 7 2 9 3 4 11 1 5 0 _ 
[00402209] 2 | 8 10 7 2 9 3 4 11 1 5 0 _ 
[00402210] 5 | _ 10 _ 2 9 3 _ 11 1 6 0 _ 
[00402211] 4 | _ 10 _ 2 9 3 5 11 1 6 0 _ 
[00402212] 3 | 7 10 _ 2 9 3 5 11 1 6 0 _ 
[00402213] 2 | 7 10 8 2 9 3 5 11 1 6 0 _ 
[00402214] 3 | _ 10 7 2 9 3 5 11 1 6 0 _ 
[00402215] 2 | 8 10 7 2 9 3 5 11 1 6 0 _ 
[00402216] 4 | _ 10 _ 2 9 3 _ 11 1 6 0 4 
[00402217] 3 | 7 10 _ 2 9 3 _ 11 1 6 0 4 
[00402218] 2 | 7 10 8 2 9 3 _ 11 1 6 0 4 
[00402219] 3 | _ 10 7 2 9 3 _ 11 1 6 0 4 
[00402220] 2 | 8 10 7 2 9 3 _ 11 1 6 0 4 
[00402221] 5 | _ 10 _ 2 9 3 _ 11 1 _ 0 5 
[00402222] 4 | 6 10 _ 2 9 3 _ 11 1 _ 0 5 
[00402223] 3 | 6 10 7 2 9 3 _ 11 1 _ 0 5 
[00402224] 3 | 6 10 _ 2 9 3 _ 11 1 4 0 5 
[00402225] 2 | 6 10 8 2 9 3 _ 11 1 4 0 5 
[00402226] 2 | 6 10 _ 2 9 3 7 11 1 4 0 5 
[00402227] 4 | _ 10 6 2 9 3 _ 11 1 _ 0 5 
[00402228] 3 | 7 10 6 2 9 3 _ 11 1 _ 0 5 
[00402229] 3 | _ 10 6 2 9 3 _ 11 1 4 0 5 
[00402230] 2 | 8 10 6 2 9 3 _ 11 1 4 0 5 
[00402231] 2 | _ 10 6 2 9 3 7 11 1 4 0 5 
[00402232] 6 | _ 10 _ 2 9 _ 3 11 1 _ 0 _ 
[00402233] 5 | 5 10 _ 2 9 _ 3 11 1 _ 0 _ 
[00402234] 4 | 5 10 6 2 9 _ 3 11 1 _ 0 _ 
[00402235] 3 | 5 10 6 2 9 _ 3 11 1 4 0 _ 
[00402236] 2 | 5 10 6 2 9 7 3 11 1 4 0 _ 
[00402237] 4 | 5 10 _ 2 9 _ 3 11 1 _ 0 4 
[00402238] 3 | 5 10 7 2 9 _ 3 11 1 _ 0 4 
[00402239] 3 | 5 10 _ 2 9 6 3 11 1 _ 0 4 
[00402240] 2 | 5 10 8 2 9 6 3 11 1 _ 0 4 
[00402241] 5 | _ 10 5 2 9 _ 3 11 1 _ 0 _ 
[00402242] 4 | 6 10 5 2 9 _ 3 11 1 _ 0 _ 
[00402243] 3 | 6 10 5 2 9 _ 3 11 1 4 0 _ 
[00402244] 2 | 6 10 5 2 9 7 3 11 1 4 0 _ 
[00402245] 4 | _ 10 5 2 9 _ 3 11 1 _ 0 4 
[00402246] 3 | 7 10 5 2 9 _ 3 11 1 _ 0 4 
[00402247] 3 | _ 10 5 2 9 6 3 11 1 _ 0 4 
[00402248] 2 | 8 10 5 2 9 6 3 11 1 _ 0 4 
[00402249] 5 | _ 10 _ 2 9 4 3 11 1 _ 0 _ 
[00402250] 4 | 6 10 _ 2 9 4 3 11 1 _ 0 _ 
[00402251] 3 | 6 10 7 2 9 4 3 11 1 _ 0 _ 
[00402252] 4 | _ 10 6 2 9 4 3 11 1 _ 0 _ 
[00402253] 3 | 7 10 6 2 9 4 3 11 1 _ 0 _ 
[00402254] 4 | _ 10 _ 2 9 4 3 11 1 5 0 _ 
[00402255] 3 | 7 10 _ 2 9 4 3 11 1 5 0 _ 
[00402256] 2 | 7 10 8 2 9 4 3 11 1 5 0 _ 
[00402257] 3 | _ 10 7 2 9 4 3 11 1 5 0 _ 
[00402258] 2 | 8 10 7 2 9 4 3 11 1 5 0 _ 
[00402259] 5 | _ 10 _ 2 9 _ 3 11 1 6 0 _ 
[00402260] 4 | _ 10 _ 2 9 5 3 11 1 6 0 _ 
[00402261] 3 | 7 10 _ 2 9 5 3 11 1 6 0 _ 
[00402262] 2 | 7 10 8 2 9 5 3 11 1 6 0 _ 
[00402263] 3 | _ 10 7 2 9 5 3 11 1 6 0 _ 
[00402264] 2 | 8 10 7 2 9 5 3 11 1 6 0 _ 
[00402265] 4 | _ 10 _ 2 9 _ 3 11 1 6 0 4 
[00402266] 3 | 7 10 _ 2 9 _ 3 11 1 6 0 4 
[00402267] 2 | 7 10 8 2 9 _ 3 11 1 6 0 4 
[00402268] 3 | _ 10 7 2 9 _ 3 11 1 6 0 4 
[00402269] 2 | 8 10 7 2 9 _ 3 11 1 6 0 4 
[00402270] 5 | _ 10 _ 2 9 _ 3 11 1 _ 0 5 
[00402271] 4 | 6 10 _ 2 9 _ 3 11 1 _ 0 5 
[00402272] 3 | 6 10 7 2 9 _ 3 11 1 _ 0 5 
[00402273] 3 | 6 10 _ 2 9 _ 3 11 1 4 0 5 
[00402274] 2 | 6 10 8 2 9 _ 3 11 1 4 0 5 
[00402275] 2 | 6 10 _ 2 9 7 3 11 1 4 0 5 
[00402276] 4 | _ 10 6 2 9 _ 3 11 1 _ 0 5 
[00402277] 3 | 7 10 6 2 9 _ 3 11 1 _ 0 5 
[00402278] 3 | _ 10 6 2 9 _ 3 11 1 4 0 5 
[00402279] 2 | 8 10 6 2 9 _ 3 11 1 4 0 5 
[00402280] 2 | _ 10 6 2 9 7 3 11 1 4 0 5 
[00402281] 6 | _ 10 _ 2 9 _ _ 11 1 7 0 _ 
[00402282] 5 | 5 10 _ 2 9 _ _ 11 1 7 0 _ 
[00402283] 4 | 5 10 6 2 9 _ _ 11 1 7 0 _ 
[00402284] 3 | 5 10 6 2 9 _ _ 11 1 7 0 3 
[00402285] 4 | 5 10 _ 2 9 _ _ 11 1 7 0 4 
[00402286] 3 | 5 10 _ 2 9 6 _ 11 1 7 0 4 
[00402287] 2 | 5 10 8 2 9 6 _ 11 1 7 0 4 
[00402288] 3 | 5 10 _ 2 9 _ 6 11 1 7 0 4 
[00402289] 2 | 5 10 8 2 9 _ 6 11 1 7 0 4 
[00402290] 5 | _ 10 5 2 9 _ _ 11 1 7 0 _ 
[00402291] 4 | 6 10 5 2 9 _ _ 11 1 7 0 _ 
[00402292] 3 | 6 10 5 2 9 _ _ 11 1 7 0 3 
[00402293] 4 | _ 10 5 2 9 _ _ 11 1 7 0 4 
[00402294] 3 | _ 10 5 2 9 6 _ 11 1 7 0 4 
[00402295] 2 | 8 10 5 2 9 6 _ 11 1 7 0 4 
[00402296] 3 | _ 10 5 2 9 _ 6 11 1 7 0 4 
[00402297] 2 | 8 10 5 2 9 _ 6 11 1 7 0 4 
[00402298] 5 | _ 10 _ 2 9 4 _ 11 1 7 0 _ 
[00402299] 4 | 6 10 _ 2 9 4 _ 11 1 7 0 _ 
[00402300] 3 | 6 10 _ 2 9 4 _ 11 1 7 0 3 
[00402301] 2 | 6 10 8 2 9 4 _ 11 1 7 0 3 
[00402302] 4 | _ 10 6 2 9 4 _ 11 1 7 0 _ 
[00402303] 3 | _ 10 6 2 9 4 _ 11 1 7 0 3 
[00402304] 2 | 8 10 6 2 9 4 _ 11 1 7 0 3 
[00402305] 4 | _ 10 _ 2 9 4 5 11 1 7 0 _ 
[00402306] 3 | _ 10 _ 2 9 4 5 11 1 7 0 3 
[00402307] 2 | 8 10 _ 2 9 4 5 11 1 7 0 3 
[00402308] 2 | _ 10 8 2 9 4 5 11 1 7 0 3 
[00402309] 5 | _ 10 _ 2 9 _ 4 11 1 7 0 _ 
[00402310] 4 | 6 10 _ 2 9 _ 4 11 1 7 0 _ 
[00402311] 3 | 6 10 _ 2 9 _ 4 11 1 7 0 3 
[00402312] 2 | 6 10 8 2 9 _ 4 11 1 7 0 3 
[00402313] 4 | _ 10 6 2 9 _ 4 11 1 7 0 _ 
[00402314] 3 | _ 10 6 2 9 _ 4 11 1 7 0 3 
[00402315] 2 | 8 10 6 2 9 _ 4 11 1 7 0 3 
[00402316] 4 | _ 10 _ 2 9 5 4 11 1 7 0 _ 
[00402317] 3 | _ 10 _ 2 9 5 4 11 1 7 0 3 
[00402318] 2 | 8 10 _ 2 9 5 4 11 1 7 0 3 
[00402319] 2 | _ 10 8 2 9 5 4 11 1 7 0 3 
[00402320] 5 | _ 10 _ 2 9 _ _ 11 1 7 0 5 
[00402321] 4 | 6 10 _ 2 9 _ _ 11 1 7 0 5 
[00402322] 4 | _ 10 6 2 9 _ _ 11 1 7 0 5 
[00402323] 6 | _ 10 _ 2 9 _ _ 11 1 _ 0 6 
[00402324] 5 | 5 10 _ 2 9 _ _ 11 1 _ 0 6 
[00402325] 5 | _ 10 5 2 9 _ _ 11 1 _ 0 6 
[00402326] 5 | _ 10 _ 2 9 4 _ 11 1 _ 0 6 
[00402327] 4 | _ 10 _ 2 9 4 5 11 1 _ 0 6 
[00402328] 3 | 7 10 _ 2 9 4 5 11 1 _ 0 6 
[00402329] 2 | 7 10 8 2 9 4 5 11 1 _ 0 6 
[00402330] 2 | 7 10 _ 2 9 4 5 11 1 3 0 6 
[00402331] 3 | _ 10 7 2 9 4 5 11 1 _ 0 6 
[00402332] 2 | 8 10 7 2 9 4 5 11 1 _ 0 6 
[00402333] 2 | _ 10 7 2 9 4 5 11 1 3 0 6 
[00402334] 4 | _ 10 _ 2 9 4 _ 11 1 5 0 6 
[00402335] 3 | 7 10 _ 2 9 4 _ 11 1 5 0 6 
[00402336] 2 | 7 10 8 2 9 4 _ 11 1 5 0 6 
[00402337] 3 | _ 10 7 2 9 4 _ 11 1 5 0 6 
[00402338] 2 | 8 10 7 2 9 4 _ 11 1 5 0 6 
[00402339] 5 | _ 10 _ 2 9 _ 4 11 1 _ 0 6 
[00402340] 4 | _ 10 _ 2 9 5 4 11 1 _ 0 6 
[00402341] 3 | 7 10 _ 2 9 5 4 11 1 _ 0 6 
[00402342] 2 | 7 10 8 2 9 5 4 11 1 _ 0 6 
[00402343] 2 | 7 10 _ 2 9 5 4 11 1 3 0 6 
[00402344] 3 | _ 10 7 2 9 5 4 11 1 _ 0 6 
[00402345] 2 | 8 10 7 2 9 5 4 11 1 _ 0 6 
[00402346] 2 | _ 10 7 2 9 5 4 11 1 3 0 6 
[00402347] 4 | _ 10 _ 2 9 _ 4 11 1 5 0 6 
[00402348] 3 | 7 10 _ 2 9 _ 4 11 1 5 0 6 
[00402349] 2 | 7 10 8 2 9 _ 4 11 1 5 0 6 
[00402350] 3 | _ 10 7 2 9 _ 4 11 1 5 0 6 
[00402351] 2 | 8 10 7 2 9 _ 4 11 1 5 0 6 
[00402352] 7 | _ 10 _ 2 _ _ _ 11 1 8 0 _ 
[00402353] 6 | 4 10 _ 2 _ _ _ 11 1 8 0 _ 
[00402354] 5 | 4 10 5 2 _ _ _ 11 1 8 0 _ 
[00402355] 4 | 4 10 5 2 6 _ _ 11 1 8 0 _ 
[00402356] 3 | 4 10 5 2 6 3 _ 11 1 8 0 _ 
[00402357] 3 | 4 10 5 2 6 9 _ 11 1 8 0 _ 
[00402358] 3 | 4 10 5 2 6 _ 3 11 1 8 0 _ 
[00402359] 3 | 4 10 5 2 6 _ 9 11 1 8 0 _ 
[00402360] 3 | 4 10 5 2 6 _ _ 11 1 8 0 3 
[00402361] 4 | 4 10 5 2 3 7 _ 11 1 8 0 _ 
[00402362] 3 | 4 10 5 2 3 7 0 11 1 8 0 _ 
[00402363] 3 | 4 10 5 2 3 7 6 11 1 8 0 _ 
[00402364] 3 | 4 10 5 2 3 7 _ 11 1 8 0 3 
[00402365] 4 | 4 10 5 2 7 3 _ 11 1 8 0 _ 
[00402366] 4 | 4 10 5 2 3 _ 7 11 1 8 0 _ 
[00402367] 3 | 4 10 5 2 3 0 7 11 1 8 0 _ 
[00402368] 3 | 4 10 5 2 3 6 7 11 1 8 0 _ 
[00402369] 3 | 4 10 5 2 3 _ 7 11 1 8 0 3 
[00402370] 4 | 4 10 5 2 7 _ 3 11 1 8 0 _ 
[00402371] 5 | 4 10 _ 2 7 _ _ 11 1 8 0 _ 
[00402372] 4 | 4 10 6 2 7 _ _ 11 1 8 0 _ 
[00402373] 3 | 4 10 6 2 7 _ _ 11 1 8 0 3 
[00402374] 2 | 4 10 6 2 7 5 _ 11 1 8 0 3 
[00402375] 2 | 4 10 6 2 7 9 _ 11 1 8 0 3 
[00402376] 2 | 4 10 6 2 7 _ 5 11 1 8 0 3 
[00402377] 2 | 4 10 6 2 7 _ 9 11 1 8 0 3 
[00402378] 4 | 4 10 _ 2 7 3 _ 11 1 8 0 _ 
[00402379] 3 | 4 10 7 2 7 3 _ 11 1 8 0 _ 
[00402380] 3 | 4 10 _ 2 7 3 10 11 1 8 0 _ 
[00402381] 4 | 4 10 _ 2 7 _ 3 11 1 8 0 _ 
[00402382] 3 | 4 10 7 2 7 _ 3 11 1 8 0 _ 
[00402383] 3 | 4 10 _ 2 7 10 3 11 1 8 0 _ 
[00402384] 5 | 4 10 _ 2 _ _ _ 11 1 8 0 5 
[00402385] 4 | 4 10 6 2 _ _ _ 11 1 8 0 5 
[00402386] 4 | 4 10 _ 2 6 _ _ 11 1 8 0 5 
[00402387] 3 | 4 10 7 2 6 _ _ 11 1 8 0 5 
[00402388] 3 | 4 10 _ 2 6 3 _ 11 1 8 0 5 
[00402389] 3 | 4 10 _ 2 6 9 _ 11 1 8 0 5 
[00402390] 3 | 4 10 _ 2 6 _ 3 11 1 8 0 5 
[00402391] 3 | 4 10 _ 2 6 _ 9 11 1 8 0 5 
[00402392] 4 | 4 10 _ 2 3 7 _ 11 1 8 0 5 
[00402393] 3 | 4 10 _ 2 3 7 6 11 1 8 0 5 
[00402394] 4 | 4 10 _ 2 7 3 _ 11 1 8 0 5 
[00402395] 3 | 4 10 7 2 7 3 _ 11 1 8 0 5 
[00402396] 3 | 4 10 _ 2 7 3 10 11 1 8 0 5 
[00402397] 4 | 4 10 _ 2 3 _ 7 11 1 8 0 5 
[00402398] 3 | 4 10 _ 2 3 6 7 11 1 8 0 5 
[00402399] 4 | 4 10 _ 2 7 _ 3 11 1 8 0 5 
[00402400] 3 | 4 10 7 2 7 _ 3 11 1 8 0 5 
[00402401] 3 | 4 10 _ 2 7 10 3 11 1 8 0 5 
[00402402] 6 | _ 10 4 2 _ _ _ 11 1 8 0 _ 
[00402403] 5 | 5 10 4 2 _ _ _ 11 1 8 0 _ 
[00402404] 4 | 5 10 4 2 6 _ _ 11 1 8 0 _ 
[00402405] 3 | 5 10 4 2 6 3 _ 11 1 8 0 _ 
[00402406] 3 | 5 10 4 2 6 9 _ 11 1 8 0 _ 
[00402407] 3 | 5 10 4 2 6 _ 3 11 1 8 0 _ 
[00402408] 3 | 5 10 4 2 6 _ 9 11 1 8 0 _ 
[00402409] 3 | 5 10 4 2 6 _ _ 11 1 8 0 3 
[00402410] 4 | 5 10 4 2 3 7 _ 11 1 8 0 _ 
[00402411] 3 | 5 10 4 2 3 7 0 11 1 8 0 _ 
[00402412] 3 | 5 10 4 2 3 7 6 11 1 8 0 _ 
[00402413] 3 | 5 10 4 2 3 7 _ 11 1 8 0 3 
[00402414] 4 | 5 10 4 2 7 3 _ 11 1 8 0 _ 
[00402415] 4 | 5 10 4 2 3 _ 7 11 1 8 0 _ 
[00402416] 3 | 5 10 4 2 3 0 7 11 1 8 0 _ 
[00402417] 3 | 5 10 4 2 3 6 7 11 1 8 0 _ 
[00402418] 3 | 5 10 4 2 3 _ 7 11 1 8 0 3 
[00402419] 4 | 5 10 4 2 7 _ 3 11 1 8 0 _ 
[00402420] 5 | _ 10 4 2 7 _ _ 11 1 8 0 _ 
[00402421] 4 | 6 10 4 2 7 _ _ 11 1 8 0 _ 
[00402422] 3 | 6 10 4 2 7 _ _ 11 1 8 0 3 
[00402423] 2 | 6 10 4 2 7 5 _ 11 1 8 0 3 
[00402424] 2 | 6 10 4 2 7 9 _ 11 1 8 0 3 
[00402425] 2 | 6 10 4 2 7 _ 5 11 1 8 0 3 
[00402426] 2 | 6 10 4 2 7 _ 9 11 1 8 0 3 
[00402427] 4 | _ 10 4 2 7 3 _ 11 1 8 0 _ 
[00402428] 3 | 7 10 4 2 7 3 _ 11 1 8 0 _ 
[00402429] 3 | _ 10 4 2 7 3 10 11 1 8 0 _ 
[00402430] 4 | _ 10 4 2 7 _ 3 11 1 8 0 _ 
[00402431] 3 | 7 10 4 2 7 _ 3 11 1 8 0 _ 
[00402432] 3 | _ 10 4 2 7 10 3 11 1 8 0 _ 
[00402433] 5 | _ 10 4 2 _ _ _ 11 1 8 0 5 
[00402434] 4 | 6 10 4 2 _ _ _ 11 1 8 0 5 
[00402435] 4 | _ 10 4 2 6 _ _ 11 1 8 0 5 
[00402436] 3 | 7 10 4 2 6 _ _ 11 1 8 0 5 
[00402437] 3 | _ 10 4 2 6 3 _ 11 1 8 0 5 
[00402438] 3 | _ 10 4 2 6 9 _ 11 1 8 0 5 
[00402439] 3 | _ 10 4 2 6 _ 3 11 1 8 0 5 
[00402440] 3 | _ 10 4 2 6 _ 9 11 1 8 0 5 
[00402441] 4 | _ 10 4 2 3 7 _ 11 1 8 0 5 
[00402442] 3 | _ 10 4 2 3 7 6 11 1 8 0 5 
[00402443] 4 | _ 10 4 2 7 3 _ 11 1 8 0 5 
[00402444] 3 | 7 10 4 2 7 3 _ 11 1 8 0 5 
[00402445] 3 | _ 10 4 2 7 3 10 11 1 8 0 5 
[00402446] 4 | _ 10 4 2 3 _ 7 11 1 8 0 5 
[00402447] 3 | _ 10 4 2 3 6 7 11 1 8 0 5 
[00402448] 4 | _ 10 4 2 7 _ 3 11 1 8 0 5 
[00402449] 3 | 7 10 4 2 7 _ 3 11 1 8 0 5 
[00402450] 3 | _ 10 4 2 7 10 3 11 1 8 0 5 
[00402451] 6 | _ 10 _ 2 3 9 _ 11 1 8 0 _ 
[00402452] 5 | 5 10 _ 2 3 9 _ 11 1 8 0 _ 
[00402453] 4 | 5 10 6 2 3 9 _ 11 1 8 0 _ 
[00402454] 3 | 5 10 6 2 3 9 0 11 1 8 0 _ 
[00402455] 3 | 5 10 6 2 3 9 _ 11 1 8 0 3 
[00402456] 4 | 5 10 _ 2 3 9 7 11 1 8 0 _ 
[00402457] 4 | 5 10 _ 2 3 9 _ 11 1 8 0 4 
[00402458] 3 | 5 10 7 2 3 9 _ 11 1 8 0 4 
[00402459] 3 | 5 10 _ 2 3 9 6 11 1 8 0 4 
[00402460] 5 | _ 10 5 2 3 9 _ 11 1 8 0 _ 
[00402461] 4 | 6 10 5 2 3 9 _ 11 1 8 0 _ 
[00402462] 3 | 6 10 5 2 3 9 0 11 1 8 0 _ 
[00402463] 3 | 6 10 5 2 3 9 _ 11 1 8 0 3 
[00402464] 4 | _ 10 5 2 3 9 7 11 1 8 0 _ 
[00402465] 4 | _ 10 5 2 3 9 _ 11 1 8 0 4 
[00402466] 3 | 7 10 5 2 3 9 _ 11 1 8 0 4 
[00402467] 3 | _ 10 5 2 3 9 6 11 1 8 0 4 
[00402468] 5 | _ 10 _ 2 3 9 _ 11 1 8 0 5 
[00402469] 4 | 6 10 _ 2 3 9 _ 11 1 8 0 5 
[00402470] 3 | 6 10 7 2 3 9 _ 11 1 8 0 5 
[00402471] 4 | _ 10 6 2 3 9 _ 11 1 8 0 5 
[00402472] 3 | 7 10 6 2 3 9 _ 11 1 8 0 5 
[00402473] 4 | _ 10 _ 2 3 9 7 11 1 8 0 5 
[00402474] 6 | _ 10 _ 2 9 3 _ 11 1 8 0 _ 
[00402475] 5 | 5 10 _ 2 9 3 _ 11 1 8 0 _ 
[00402476] 4 | 5 10 6 2 9 3 _ 11 1 8 0 _ 
[00402477] 4 | 5 10 _ 2 9 3 _ 11 1 8 0 4 
[00402478] 3 | 5 10 7 2 9 3 _ 11 1 8 0 4 
[00402479] 3 | 5 10 _ 2 9 3 6 11 1 8 0 4 
[00402480] 5 | _ 10 5 2 9 3 _ 11 1 8 0 _ 
[00402481] 4 | 6 10 5 2 9 3 _ 11 1 8 0 _ 
[00402482] 4 | _ 10 5 2 9 3 _ 11 1 8 0 4 
[00402483] 3 | 7 10 5 2 9 3 _ 11 1 8 0 4 
[00402484] 3 | _ 10 5 2 9 3 6 11 1 8 0 4 
[00402485] 5 | _ 10 _ 2 9 3 4 11 1 8 0 _ 
[00402486] 4 | 6 10 _ 2 9 3 4 11 1 8 0 _ 
[00402487] 3 | 6 10 7 2 9 3 4 11 1 8 0 _ 
[00402488] 4 | _ 10 6 2 9 3 4 11 1 8 0 _ 
[00402489] 3 | 7 10 6 2 9 3 4 11 1 8 0 _ 
[00402490] 5 | _ 10 _ 2 9 3 _ 11 1 8 0 5 
[00402491] 4 | 6 10 _ 2 9 3 _ 11 1 8 0 5 
[00402492] 3 | 6 10 7 2 9 3 _ 11 1 8 0 5 
[00402493] 4 | _ 10 6 2 9 3 _ 11 1 8 0 5 
[00402494] 3 | 7 10 6 2 9 3 _ 11 1 8 0 5 
[00402495] 6 | _ 10 _ 2 3 _ 9 11 1 8 0 _ 
[00402496] 5 | 5 10 _ 2 3 _ 9 11 1 8 0 _ 
[00402497] 4 | 5 10 6 2 3 _ 9 11 1 8 0 _ 
[00402498] 3 | 5 10 6 2 3 0 9 11 1 8 0 _ 
[00402499] 3 | 5 10 6 2 3 _ 9 11 1 8 0 3 
[00402500] 4 | 5 10 _ 2 3 7 9 11 1 8 0 _ 
[00402501] 4 | 5 10 _ 2 3 _ 9 11 1 8 0 4 
[00402502] 3 | 5 10 7 2 3 _ 9 11 1 8 0 4 
[00402503] 3 | 5 10 _ 2 3 6 9 11 1 8 0 4 
[00402504] 5 | _ 10 5 2 3 _ 9 11 1 8 0 _ 
[00402505] 4 | 6 10 5 2 3 _ 9 11 1 8 0 _ 
[00402506] 3 | 6 10 5 2 3 0 9 11 1 8 0 _ 
[00402507] 3 | 6 10 5 2 3 _ 9 11 1 8 0 3 
[00402508] 4 | _ 10 5 2 3 7 9 11 1 8 0 _ 
[00402509] 4 | _ 10 5 2 3 _ 9 11 1 8 0 4 
[00402510] 3 | 7 10 5 2 3 _ 9 11 1 8 0 4 
[00402511] 3 | _ 10 5 2 3 6 9 11 1 8 0 4 
[00402512] 5 | _ 10 _ 2 3 _ 9 11 1 8 0 5 
[00402513] 4 | 6 10 _ 2 3 _ 9 11 1 8 0 5 
[00402514] 3 | 6 10 7 2 3 _ 9 11 1 8 0 5 
[00402515] 4 | _ 10 6 2 3 _ 9 11 1 8 0 5 
[00402516] 3 | 7 10 6 2 3 _ 9 11 1 8 0 5 
[00402517] 4 | _ 10 _ 2 3 7 9 11 1 8 0 5 
[00402518] 6 | _ 10 _ 2 9 _ 3 11 1 8 0 _ 
[00402519] 5 | 5 10 _ 2 9 _ 3 11 1 8 0 _ 
[00402520] 4 | 5 10 6 2 9 _ 3 11 1 8 0 _ 
[00402521] 4 | 5 10 _ 2 9 _ 3 11 1 8 0 4 
[00402522] 3 | 5 10 7 2 9 _ 3 11 1 8 0 4 
[00402523] 3 | 5 10 _ 2 9 6 3 11 1 8 0 4 
[00402524] 5 | _ 10 5 2 9 _ 3 11 1 8 0 _ 
[00402525] 4 | 6 10 5 2 9 _ 3 11 1 8 0 _ 
[00402526] 4 | _ 10 5 2 9 _ 3 11 1 8 0 4 
[00402527] 3 | 7 10 5 2 9 _ 3 11 1 8 0 4 
[00402528] 3 | _ 10 5 2 9 6 3 11 1 8 0 4 
[00402529] 5 | _ 10 _ 2 9 4 3 11 1 8 0 _ 
[00402530] 4 | 6 10 _ 2 9 4 3 11 1 8 0 _ 
[00402531] 3 | 6 10 7 2 9 4 3 11 1 8 0 _ 
[00402532] 4 | _ 10 6 2 9 4 3 11 1 8 0 _ 
[00402533] 3 | 7 10 6 2 9 4 3 11 1 8 0 _ 
[00402534] 5 | _ 10 _ 2 9 _ 3 11 1 8 0 5 
[00402535] 4 | 6 10 _ 2 9 _ 3 11 1 8 0 5 
[00402536] 3 | 6 10 7 2 9 _ 3 11 1 8 0 5 
[00402537] 4 | _ 10 6 2 9 _ 3 11 1 8 0 5 
[00402538] 3 | 7 10 6 2 9 _ 3 11 1 8 0 5 
[00402539] 6 | _ 10 _ 2 _ _ _ 11 1 8 0 6 
[00402540] 5 | 5 10 _ 2 _ _ _ 11 1 8 0 6 
[00402541] 4 | 5 10 _ 2 3 7 _ 11 1 8 0 6 
[00402542] 4 | 5 10 _ 2 7 3 _ 11 1 8 0 6 
[00402543] 3 | 5 10 7 2 7 3 _ 11 1 8 0 6 
[00402544] 3 | 5 10 _ 2 7 3 4 11 1 8 0 6 
[00402545] 3 | 5 10 _ 2 7 3 10 11 1 8 0 6 
[00402546] 4 | 5 10 _ 2 3 _ 7 11 1 8 0 6 
[00402547] 4 | 5 10 _ 2 7 _ 3 11 1 8 0 6 
[00402548] 3 | 5 10 7 2 7 _ 3 11 1 8 0 6 
[00402549] 3 | 5 10 _ 2 7 4 3 11 1 8 0 6 
[00402550] 3 | 5 10 _ 2 7 10 3 11 1 8 0 6 
[00402551] 5 | _ 10 5 2 _ _ _ 11 1 8 0 6 
[00402552] 4 | _ 10 5 2 3 7 _ 11 1 8 0 6 
[00402553] 4 | _ 10 5 2 7 3 _ 11 1 8 0 6 
[00402554] 3 | 7 10 5 2 7 3 _ 11 1 8 0 6 
[00402555] 3 | _ 10 5 2 7 3 4 11 1 8 0 6 
[00402556] 3 | _ 10 5 2 7 3 10 11 1 8 0 6 
[00402557] 4 | _ 10 5 2 3 _ 7 11 1 8 0 6 
[00402558] 4 | _ 10 5 2 7 _ 3 11 1 8 0 6 
[00402559] 3 | 7 10 5 2 7 _ 3 11 1 8 0 6 
[00402560] 3 | _ 10 5 2 7 4 3 11 1 8 0 6 
[00402561] 3 | _ 10 5 2 7 10 3 11 1 8 0 6 
[00402562] 5 | _ 10 _ 2 7 _ _ 11 1 8 0 6 
[00402563] 4 | _ 10 _ 2 7 3 _ 11 1 8 0 6 
[00402564] 3 | 7 10 _ 2 7 3 _ 11 1 8 0 6 
[00402565] 3 | _ 10 7 2 7 3 _ 11 1 8 0 6 
[00402566] 3 | _ 10 _ 2 7 3 4 11 1 8 0 6 
[00402567] 3 | _ 10 _ 2 7 3 10 11 1 8 0 6 
[00402568] 4 | _ 10 _ 2 7 _ 3 11 1 8 0 6 
[00402569] 3 | 7 10 _ 2 7 _ 3 11 1 8 0 6 
[00402570] 3 | _ 10 7 2 7 _ 3 11 1 8 0 6 
[00402571] 3 | _ 10 _ 2 7 4 3 11 1 8 0 6 
[00402572] 3 | _ 10 _ 2 7 10 3 11 1 8 0 6 
[00402573] 5 | _ 10 _ 2 4 9 _ 11 1 8 0 6 
[00402574] 5 | _ 10 _ 2 9 4 _ 11 1 8 0 6 
[00402575] 4 | _ 10 _ 2 9 4 5 11 1 8 0 6 
[00402576] 3 | 7 10 _ 2 9 4 5 11 1 8 0 6 
[00402577] 3 | _ 10 7 2 9 4 5 11 1 8 0 6 
[00402578] 5 | _ 10 _ 2 4 _ 9 11 1 8 0 6 
[00402579] 5 | _ 10 _ 2 9 _ 4 11 1 8 0 6 
[00402580] 4 | _ 10 _ 2 9 5 4 11 1 8 0 6 
[00402581] 3 | 7 10 _ 2 9 5 4 11 1 8 0 6 
[00402582] 3 | _ 10 7 2 9 5 4 11 1 8 0 6 
[00402583] 7 | _ 10 _ 2 _ _ _ 11 1 _ 0 7 
[00402584] 6 | 4 10 _ 2 _ _ _ 11 1 _ 0 7 
[00402585] 5 | 4 10 5 2 _ _ _ 11 1 _ 0 7 
[00402586] 4 | 4 10 5 2 6 _ _ 11 1 _ 0 7 
[00402587] 3 | 4 10 5 2 6 3 _ 11 1 _ 0 7 
[00402588] 2 | 4 10 5 2 6 3 8 11 1 _ 0 7 
[00402589] 3 | 4 10 5 2 6 9 _ 11 1 _ 0 7 
[00402590] 2 | 4 10 5 2 6 9 8 11 1 _ 0 7 
[00402591] 2 | 4 10 5 2 6 9 _ 11 1 3 0 7 
[00402592] 3 | 4 10 5 2 6 _ 3 11 1 _ 0 7 
[00402593] 2 | 4 10 5 2 6 8 3 11 1 _ 0 7 
[00402594] 3 | 4 10 5 2 6 _ 9 11 1 _ 0 7 
[00402595] 2 | 4 10 5 2 6 8 9 11 1 _ 0 7 
[00402596] 2 | 4 10 5 2 6 _ 9 11 1 3 0 7 
[00402597] 5 | 4 10 _ 2 3 8 _ 11 1 _ 0 7 
[00402598] 4 | 4 10 6 2 3 8 _ 11 1 _ 0 7 
[00402599] 4 | 4 10 _ 2 3 8 _ 11 1 5 0 7 
[00402600] 3 | 4 10 _ 2 3 8 6 11 1 5 0 7 
[00402601] 5 | 4 10 _ 2 8 3 _ 11 1 _ 0 7 
[00402602] 4 | 4 10 6 2 8 3 _ 11 1 _ 0 7 
[00402603] 3 | 4 10 6 2 8 3 5 11 1 _ 0 7 
