[00300794] 5 | 3 9 _ 11 1 10 _ 0 5 _ 8 1 
[00300795] 4 | 3 9 5 11 1 10 _ 0 5 _ 8 1 
[00300796] 4 | 3 9 _ 11 1 10 _ 0 5 9 8 1 
[00300797] 5 | 3 9 _ 11 1 10 _ 0 2 7 8 1 
[00300798] 4 | 3 9 5 11 1 10 _ 0 2 7 8 1 
[00300799] 5 | 3 9 _ 11 1 10 _ 0 7 2 8 1 
[00300800] 4 | 3 9 5 11 1 10 _ 0 7 2 8 1 
[00300801] 6 | 9 3 _ 11 1 10 _ 0 _ _ 8 1 
[00300802] 6 | _ 3 9 11 1 10 _ 0 _ _ 8 1 
[00300803] 6 | _ 9 3 11 1 10 _ 0 _ _ 8 1 
[00300804] 5 | 4 9 3 11 1 10 _ 0 _ _ 8 1 
[00300805] 4 | 4 9 3 11 1 10 _ 0 2 6 8 1 
[00300806] 4 | 4 9 3 11 1 10 _ 0 6 2 8 1 
[00300807] 5 | _ 9 3 11 1 10 _ 0 5 _ 8 1 
[00300808] 4 | 5 9 3 11 1 10 _ 0 5 _ 8 1 
[00300809] 4 | _ 9 3 11 1 10 _ 0 5 9 8 1 
[00300810] 5 | _ 9 3 11 1 10 _ 0 2 7 8 1 
[00300811] 4 | 5 9 3 11 1 10 _ 0 2 7 8 1 
[00300812] 5 | _ 9 3 11 1 10 _ 0 7 2 8 1 
[00300813] 4 | 5 9 3 11 1 10 _ 0 7 2 8 1 
[00300814] 6 | _ 5 _ 11 1 10 _ 0 _ _ 8 1 
[00300815] 5 | 0 5 _ 11 1 10 _ 0 _ _ 8 1 
[00300816] 4 | 0 5 9 11 1 10 _ 0 _ _ 8 1 
[00300817] 3 | 0 5 9 11 1 10 _ 0 3 6 8 1 
[00300818] 3 | 0 5 9 11 1 10 _ 0 4 7 8 1 
[00300819] 3 | 0 5 9 11 1 10 _ 0 6 3 8 1 
[00300820] 3 | 0 5 9 11 1 10 _ 0 7 4 8 1 
[00300821] 4 | 0 5 _ 11 1 10 _ 0 2 6 8 1 
[00300822] 4 | 0 5 _ 11 1 10 _ 0 3 7 8 1 
[00300823] 3 | 0 5 2 11 1 10 _ 0 3 7 8 1 
[00300824] 4 | 0 5 _ 11 1 10 _ 0 6 2 8 1 
[00300825] 4 | 0 5 _ 11 1 10 _ 0 7 3 8 1 
[00300826] 3 | 0 5 2 11 1 10 _ 0 7 3 8 1 
[00300827] 5 | _ 5 0 11 1 10 _ 0 _ _ 8 1 
[00300828] 4 | 9 5 0 11 1 10 _ 0 _ _ 8 1 
[00300829] 3 | 9 5 0 11 1 10 _ 0 3 6 8 1 
[00300830] 3 | 9 5 0 11 1 10 _ 0 4 7 8 1 
[00300831] 3 | 9 5 0 11 1 10 _ 0 6 3 8 1 
[00300832] 3 | 9 5 0 11 1 10 _ 0 7 4 8 1 
[00300833] 4 | _ 5 0 11 1 10 _ 0 2 6 8 1 
[00300834] 4 | _ 5 0 11 1 10 _ 0 3 7 8 1 
[00300835] 3 | 2 5 0 11 1 10 _ 0 3 7 8 1 
[00300836] 4 | _ 5 0 11 1 10 _ 0 6 2 8 1 
[00300837] 4 | _ 5 0 11 1 10 _ 0 7 3 8 1 
[00300838] 3 | 2 5 0 11 1 10 _ 0 7 3 8 1 
[00300839] 5 | _ 5 _ 11 1 10 _ 0 5 _ 8 1 
[00300840] 4 | 9 5 _ 11 1 10 _ 0 5 _ 8 1 
[00300841] 3 | 9 5 2 11 1 10 _ 0 5 _ 8 1 
[00300842] 3 | 9 5 _ 11 1 10 _ 0 5 2 8 1 
[00300843] 4 | _ 5 9 11 1 10 _ 0 5 _ 8 1 
[00300844] 3 | 2 5 9 11 1 10 _ 0 5 _ 8 1 
[00300845] 3 | _ 5 9 11 1 10 _ 0 5 2 8 1 
[00300846] 4 | _ 5 _ 11 1 10 _ 0 5 9 8 1 
[00300847] 5 | _ 5 _ 11 1 10 _ 0 2 7 8 1 
[00300848] 4 | 9 5 _ 11 1 10 _ 0 2 7 8 1 
[00300849] 4 | _ 5 9 11 1 10 _ 0 2 7 8 1 
[00300850] 5 | _ 5 _ 11 1 10 _ 0 4 9 8 1 
[00300851] 5 | _ 5 _ 11 1 10 _ 0 7 2 8 1 
[00300852] 4 | 9 5 _ 11 1 10 _ 0 7 2 8 1 
[00300853] 4 | _ 5 9 11 1 10 _ 0 7 2 8 1 
[00300854] 5 | _ 5 _ 11 1 10 _ 0 9 4 8 1 
[00300855] 6 | _ _ _ 11 1 10 _ 0 6 _ 8 1 
[00300856] 5 | 2 7 _ 11 1 10 _ 0 6 _ 8 1 
[00300857] 4 | 2 7 3 11 1 10 _ 0 6 _ 8 1 
[00300858] 3 | 2 7 3 11 1 10 _ 0 6 9 8 1 
[00300859] 5 | 4 9 _ 11 1 10 _ 0 6 _ 8 1 
[00300860] 4 | 4 9 5 11 1 10 _ 0 6 _ 8 1 
[00300861] 3 | 4 9 5 11 1 10 _ 0 6 3 8 1 
[00300862] 4 | 4 9 _ 11 1 10 _ 0 6 2 8 1 
[00300863] 5 | 7 2 _ 11 1 10 _ 0 6 _ 8 1 
[00300864] 5 | 9 4 _ 11 1 10 _ 0 6 _ 8 1 
[00300865] 5 | _ 2 7 11 1 10 _ 0 6 _ 8 1 
[00300866] 5 | _ 4 9 11 1 10 _ 0 6 _ 8 1 
[00300867] 5 | _ 7 2 11 1 10 _ 0 6 _ 8 1 
[00300868] 4 | 3 7 2 11 1 10 _ 0 6 _ 8 1 
[00300869] 3 | 3 7 2 11 1 10 _ 0 6 9 8 1 
[00300870] 5 | _ 9 4 11 1 10 _ 0 6 _ 8 1 
[00300871] 4 | 5 9 4 11 1 10 _ 0 6 _ 8 1 
[00300872] 3 | 5 9 4 11 1 10 _ 0 6 3 8 1 
[00300873] 4 | _ 9 4 11 1 10 _ 0 6 2 8 1 
[00300874] 5 | _ 6 _ 11 1 10 _ 0 6 _ 8 1 
[00300875] 4 | 2 6 _ 11 1 10 _ 0 6 _ 8 1 
[00300876] 3 | 2 6 3 11 1 10 _ 0 6 _ 8 1 
[00300877] 3 | 2 6 9 11 1 10 _ 0 6 _ 8 1 
[00300878] 3 | 2 6 _ 11 1 10 _ 0 6 3 8 1 
[00300879] 3 | 2 6 _ 11 1 10 _ 0 6 9 8 1 
[00300880] 4 | _ 6 2 11 1 10 _ 0 6 _ 8 1 
[00300881] 3 | 3 6 2 11 1 10 _ 0 6 _ 8 1 
[00300882] 3 | 9 6 2 11 1 10 _ 0 6 _ 8 1 
[00300883] 3 | _ 6 2 11 1 10 _ 0 6 3 8 1 
[00300884] 3 | _ 6 2 11 1 10 _ 0 6 9 8 1 
[00300885] 4 | _ 6 _ 11 1 10 _ 0 6 2 8 1 
[00300886] 5 | _ _ _ 11 1 10 _ 0 6 11 8 1 
[00300887] 4 | 3 7 _ 11 1 10 _ 0 6 11 8 1 
[00300888] 4 | 5 9 _ 11 1 10 _ 0 6 11 8 1 
[00300889] 4 | 7 3 _ 11 1 10 _ 0 6 11 8 1 
[00300890] 4 | 9 5 _ 11 1 10 _ 0 6 11 8 1 
[00300891] 4 | _ 3 7 11 1 10 _ 0 6 11 8 1 
[00300892] 4 | _ 5 9 11 1 10 _ 0 6 11 8 1 
[00300893] 4 | _ 7 3 11 1 10 _ 0 6 11 8 1 
[00300894] 4 | _ 9 5 11 1 10 _ 0 6 11 8 1 
[00300895] 6 | _ _ _ 11 1 10 _ 0 3 9 8 1 
[00300896] 5 | 2 7 _ 11 1 10 _ 0 3 9 8 1 
[00300897] 5 | 7 2 _ 11 1 10 _ 0 3 9 8 1 
[00300898] 5 | _ 2 7 11 1 10 _ 0 3 9 8 1 
[00300899] 5 | _ 7 2 11 1 10 _ 0 3 9 8 1 
[00300900] 5 | _ 6 _ 11 1 10 _ 0 3 9 8 1 
[00300901] 4 | 2 6 _ 11 1 10 _ 0 3 9 8 1 
[00300902] 4 | _ 6 2 11 1 10 _ 0 3 9 8 1 
[00300903] 6 | _ _ _ 11 1 10 _ 0 9 3 8 1 
[00300904] 5 | 2 7 _ 11 1 10 _ 0 9 3 8 1 
[00300905] 5 | 7 2 _ 11 1 10 _ 0 9 3 8 1 
[00300906] 5 | _ 2 7 11 1 10 _ 0 9 3 8 1 
[00300907] 5 | _ 7 2 11 1 10 _ 0 9 3 8 1 
[00300908] 5 | _ 6 _ 11 1 10 _ 0 9 3 8 1 
[00300909] 4 | 2 6 _ 11 1 10 _ 0 9 3 8 1 
[00300910] 4 | _ 6 2 11 1 10 _ 0 9 3 8 1 
[00300911] 9 | _ _ _ 11 1 _ 10 0 _ _ _ _ 
[00300912] 8 | _ 3 _ 11 1 _ 10 0 _ _ _ _ 
[00300913] 7 | _ 3 _ 11 1 8 10 0 _ _ _ _ 
[00300914] 6 | 9 3 _ 11 1 8 10 0 _ _ _ _ 
[00300915] 5 | 9 3 _ 11 1 8 10 0 5 _ _ _ 
[00300916] 4 | 9 3 7 11 1 8 10 0 5 _ _ _ 
[00300917] 3 | 9 3 7 11 1 8 10 0 5 2 _ _ 
[00300918] 2 | 9 3 7 11 1 8 10 0 5 2 4 6 
[00300919] 2 | 9 3 7 11 1 8 10 0 5 2 6 4 
[00300920] 4 | 9 3 _ 11 1 8 10 0 5 _ 4 _ 
[00300921] 3 | 9 3 6 11 1 8 10 0 5 _ 4 _ 
[00300922] 2 | 9 3 6 11 1 8 10 0 5 7 4 _ 
[00300923] 2 | 9 3 6 11 1 8 10 0 5 _ 4 2 
[00300924] 3 | 9 3 _ 11 1 8 10 0 5 2 4 _ 
[00300925] 2 | 9 3 _ 11 1 8 10 0 5 2 4 6 
[00300926] 3 | 9 3 _ 11 1 8 10 0 5 _ 4 7 
[00300927] 2 | 9 3 5 11 1 8 10 0 5 _ 4 7 
[00300928] 2 | 9 3 _ 11 1 8 10 0 5 3 4 7 
[00300929] 4 | 9 3 _ 11 1 8 10 0 5 _ 2 6 
[00300930] 4 | 9 3 _ 11 1 8 10 0 5 _ 6 2 
[00300931] 5 | 9 3 _ 11 1 8 10 0 2 7 _ _ 
[00300932] 4 | 9 3 _ 11 1 8 10 0 2 7 4 _ 
[00300933] 3 | 9 3 6 11 1 8 10 0 2 7 4 _ 
[00300934] 5 | 9 3 _ 11 1 8 10 0 7 2 _ _ 
[00300935] 4 | 9 3 _ 11 1 8 10 0 7 2 4 _ 
[00300936] 3 | 9 3 6 11 1 8 10 0 7 2 4 _ 
[00300937] 5 | 9 3 _ 11 1 8 10 0 _ _ 5 _ 
[00300938] 4 | 9 3 7 11 1 8 10 0 _ _ 5 _ 
[00300939] 3 | 9 3 7 11 1 8 10 0 _ _ 5 2 
[00300940] 2 | 9 3 7 11 1 8 10 0 4 6 5 2 
[00300941] 2 | 9 3 7 11 1 8 10 0 6 4 5 2 
[00300942] 4 | 9 3 _ 11 1 8 10 0 4 _ 5 _ 
[00300943] 3 | 9 3 6 11 1 8 10 0 4 _ 5 _ 
[00300944] 2 | 9 3 6 11 1 8 10 0 4 2 5 _ 
[00300945] 2 | 9 3 6 11 1 8 10 0 4 _ 5 7 
[00300946] 3 | 9 3 _ 11 1 8 10 0 4 7 5 _ 
[00300947] 2 | 9 3 5 11 1 8 10 0 4 7 5 _ 
[00300948] 2 | 9 3 _ 11 1 8 10 0 4 7 5 3 
[00300949] 3 | 9 3 _ 11 1 8 10 0 4 _ 5 2 
[00300950] 2 | 9 3 _ 11 1 8 10 0 4 6 5 2 
[00300951] 4 | 9 3 _ 11 1 8 10 0 2 6 5 _ 
[00300952] 4 | 9 3 _ 11 1 8 10 0 6 2 5 _ 
[00300953] 5 | 9 3 _ 11 1 8 10 0 _ _ 2 7 
[00300954] 4 | 9 3 _ 11 1 8 10 0 4 _ 2 7 
[00300955] 3 | 9 3 6 11 1 8 10 0 4 _ 2 7 
[00300956] 5 | 9 3 _ 11 1 8 10 0 _ _ 7 2 
[00300957] 4 | 9 3 _ 11 1 8 10 0 4 _ 7 2 
[00300958] 3 | 9 3 6 11 1 8 10 0 4 _ 7 2 
[00300959] 6 | _ 3 9 11 1 8 10 0 _ _ _ _ 
[00300960] 5 | _ 3 9 11 1 8 10 0 5 _ _ _ 
[00300961] 4 | 7 3 9 11 1 8 10 0 5 _ _ _ 
[00300962] 3 | 7 3 9 11 1 8 10 0 5 2 _ _ 
[00300963] 2 | 7 3 9 11 1 8 10 0 5 2 4 6 
[00300964] 2 | 7 3 9 11 1 8 10 0 5 2 6 4 
[00300965] 4 | _ 3 9 11 1 8 10 0 5 _ 4 _ 
[00300966] 3 | 6 3 9 11 1 8 10 0 5 _ 4 _ 
[00300967] 2 | 6 3 9 11 1 8 10 0 5 7 4 _ 
[00300968] 2 | 6 3 9 11 1 8 10 0 5 _ 4 2 
[00300969] 3 | _ 3 9 11 1 8 10 0 5 2 4 _ 
[00300970] 2 | _ 3 9 11 1 8 10 0 5 2 4 6 
[00300971] 3 | _ 3 9 11 1 8 10 0 5 _ 4 7 
[00300972] 2 | 5 3 9 11 1 8 10 0 5 _ 4 7 
[00300973] 2 | _ 3 9 11 1 8 10 0 5 3 4 7 
[00300974] 4 | _ 3 9 11 1 8 10 0 5 _ 2 6 
[00300975] 4 | _ 3 9 11 1 8 10 0 5 _ 6 2 
[00300976] 5 | _ 3 9 11 1 8 10 0 2 7 _ _ 
[00300977] 4 | _ 3 9 11 1 8 10 0 2 7 4 _ 
[00300978] 3 | 6 3 9 11 1 8 10 0 2 7 4 _ 
[00300979] 5 | _ 3 9 11 1 8 10 0 7 2 _ _ 
[00300980] 4 | _ 3 9 11 1 8 10 0 7 2 4 _ 
[00300981] 3 | 6 3 9 11 1 8 10 0 7 2 4 _ 
[00300982] 5 | _ 3 9 11 1 8 10 0 _ _ 5 _ 
[00300983] 4 | 7 3 9 11 1 8 10 0 _ _ 5 _ 
[00300984] 3 | 7 3 9 11 1 8 10 0 _ _ 5 2 
[00300985] 2 | 7 3 9 11 1 8 10 0 4 6 5 2 
[00300986] 2 | 7 3 9 11 1 8 10 0 6 4 5 2 
[00300987] 4 | _ 3 9 11 1 8 10 0 4 _ 5 _ 
[00300988] 3 | 6 3 9 11 1 8 10 0 4 _ 5 _ 
[00300989] 2 | 6 3 9 11 1 8 10 0 4 2 5 _ 
[00300990] 2 | 6 3 9 11 1 8 10 0 4 _ 5 7 
[00300991] 3 | _ 3 9 11 1 8 10 0 4 7 5 _ 
[00300992] 2 | 5 3 9 11 1 8 10 0 4 7 5 _ 
[00300993] 2 | _ 3 9 11 1 8 10 0 4 7 5 3 
[00300994] 3 | _ 3 9 11 1 8 10 0 4 _ 5 2 
[00300995] 2 | _ 3 9 11 1 8 10 0 4 6 5 2 
[00300996] 4 | _ 3 9 11 1 8 10 0 2 6 5 _ 
[00300997] 4 | _ 3 9 11 1 8 10 0 6 2 5 _ 
[00300998] 5 | _ 3 9 11 1 8 10 0 _ _ 2 7 
[00300999] 4 | _ 3 9 11 1 8 10 0 4 _ 2 7 
[00301000] 3 | 6 3 9 11 1 8 10 0 4 _ 2 7 
[00301001] 5 | _ 3 9 11 1 8 10 0 _ _ 7 2 
[00301002] 4 | _ 3 9 11 1 8 10 0 4 _ 7 2 
[00301003] 3 | 6 3 9 11 1 8 10 0 4 _ 7 2 
[00301004] 6 | _ 3 _ 11 1 8 10 0 6 _ _ _ 
[00301005] 5 | _ 3 _ 11 1 8 10 0 6 _ 5 _ 
[00301006] 4 | 7 3 _ 11 1 8 10 0 6 _ 5 _ 
[00301007] 3 | 7 3 6 11 1 8 10 0 6 _ 5 _ 
[00301008] 3 | 7 3 _ 11 1 8 10 0 6 3 5 _ 
[00301009] 3 | 7 3 _ 11 1 8 10 0 6 9 5 _ 
[00301010] 2 | 7 3 5 11 1 8 10 0 6 9 5 _ 
[00301011] 2 | 7 3 _ 11 1 8 10 0 6 9 5 3 
[00301012] 3 | 7 3 _ 11 1 8 10 0 6 _ 5 2 
[00301013] 2 | 7 3 _ 11 1 8 10 0 6 4 5 2 
[00301014] 4 | _ 3 7 11 1 8 10 0 6 _ 5 _ 
[00301015] 3 | 6 3 7 11 1 8 10 0 6 _ 5 _ 
[00301016] 3 | _ 3 7 11 1 8 10 0 6 3 5 _ 
[00301017] 3 | _ 3 7 11 1 8 10 0 6 9 5 _ 
[00301018] 2 | 5 3 7 11 1 8 10 0 6 9 5 _ 
[00301019] 2 | _ 3 7 11 1 8 10 0 6 9 5 3 
[00301020] 3 | _ 3 7 11 1 8 10 0 6 _ 5 2 
[00301021] 2 | _ 3 7 11 1 8 10 0 6 4 5 2 
[00301022] 4 | _ 3 _ 11 1 8 10 0 6 2 5 _ 
[00301023] 4 | _ 3 _ 11 1 8 10 0 6 _ 5 9 
[00301024] 3 | 6 3 _ 11 1 8 10 0 6 _ 5 9 
[00301025] 3 | _ 3 6 11 1 8 10 0 6 _ 5 9 
[00301026] 3 | _ 3 _ 11 1 8 10 0 6 3 5 9 
[00301027] 5 | _ 3 _ 11 1 8 10 0 6 _ 2 7 
[00301028] 5 | _ 3 _ 11 1 8 10 0 6 _ 4 9 
[00301029] 4 | 7 3 _ 11 1 8 10 0 6 _ 4 9 
[00301030] 3 | 7 3 6 11 1 8 10 0 6 _ 4 9 
[00301031] 3 | 7 3 _ 11 1 8 10 0 6 3 4 9 
[00301032] 4 | _ 3 7 11 1 8 10 0 6 _ 4 9 
[00301033] 3 | 6 3 7 11 1 8 10 0 6 _ 4 9 
[00301034] 3 | _ 3 7 11 1 8 10 0 6 3 4 9 
[00301035] 4 | _ 3 _ 11 1 8 10 0 6 2 4 9 
[00301036] 5 | _ 3 _ 11 1 8 10 0 6 _ 7 2 
[00301037] 5 | _ 3 _ 11 1 8 10 0 6 _ 9 4 
[00301038] 4 | 7 3 _ 11 1 8 10 0 6 _ 9 4 
[00301039] 3 | 7 3 6 11 1 8 10 0 6 _ 9 4 
[00301040] 3 | 7 3 _ 11 1 8 10 0 6 3 9 4 
[00301041] 4 | _ 3 7 11 1 8 10 0 6 _ 9 4 
[00301042] 3 | 6 3 7 11 1 8 10 0 6 _ 9 4 
[00301043] 3 | _ 3 7 11 1 8 10 0 6 3 9 4 
[00301044] 4 | _ 3 _ 11 1 8 10 0 6 2 9 4 
[00301045] 6 | _ 3 _ 11 1 8 10 0 _ _ 6 _ 
[00301046] 5 | _ 3 _ 11 1 8 10 0 5 _ 6 _ 
[00301047] 4 | 7 3 _ 11 1 8 10 0 5 _ 6 _ 
[00301048] 3 | 7 3 6 11 1 8 10 0 5 _ 6 _ 
[00301049] 3 | 7 3 _ 11 1 8 10 0 5 2 6 _ 
[00301050] 2 | 7 3 _ 11 1 8 10 0 5 2 6 4 
[00301051] 3 | 7 3 _ 11 1 8 10 0 5 _ 6 3 
[00301052] 3 | 7 3 _ 11 1 8 10 0 5 _ 6 9 
[00301053] 2 | 7 3 5 11 1 8 10 0 5 _ 6 9 
[00301054] 2 | 7 3 _ 11 1 8 10 0 5 3 6 9 
[00301055] 4 | _ 3 7 11 1 8 10 0 5 _ 6 _ 
[00301056] 3 | 6 3 7 11 1 8 10 0 5 _ 6 _ 
[00301057] 3 | _ 3 7 11 1 8 10 0 5 2 6 _ 
[00301058] 2 | _ 3 7 11 1 8 10 0 5 2 6 4 
[00301059] 3 | _ 3 7 11 1 8 10 0 5 _ 6 3 
[00301060] 3 | _ 3 7 11 1 8 10 0 5 _ 6 9 
[00301061] 2 | 5 3 7 11 1 8 10 0 5 _ 6 9 
[00301062] 2 | _ 3 7 11 1 8 10 0 5 3 6 9 
[00301063] 4 | _ 3 _ 11 1 8 10 0 5 9 6 _ 
[00301064] 3 | 6 3 _ 11 1 8 10 0 5 9 6 _ 
[00301065] 3 | _ 3 6 11 1 8 10 0 5 9 6 _ 
[00301066] 3 | _ 3 _ 11 1 8 10 0 5 9 6 3 
[00301067] 4 | _ 3 _ 11 1 8 10 0 5 _ 6 2 
[00301068] 5 | _ 3 _ 11 1 8 10 0 2 7 6 _ 
[00301069] 5 | _ 3 _ 11 1 8 10 0 4 9 6 _ 
[00301070] 4 | 7 3 _ 11 1 8 10 0 4 9 6 _ 
[00301071] 3 | 7 3 6 11 1 8 10 0 4 9 6 _ 
[00301072] 3 | 7 3 _ 11 1 8 10 0 4 9 6 3 
[00301073] 4 | _ 3 7 11 1 8 10 0 4 9 6 _ 
[00301074] 3 | 6 3 7 11 1 8 10 0 4 9 6 _ 
[00301075] 3 | _ 3 7 11 1 8 10 0 4 9 6 3 
[00301076] 4 | _ 3 _ 11 1 8 10 0 4 9 6 2 
[00301077] 5 | _ 3 _ 11 1 8 10 0 7 2 6 _ 
[00301078] 5 | _ 3 _ 11 1 8 10 0 9 4 6 _ 
[00301079] 4 | 7 3 _ 11 1 8 10 0 9 4 6 _ 
[00301080] 3 | 7 3 6 11 1 8 10 0 9 4 6 _ 
[00301081] 3 | 7 3 _ 11 1 8 10 0 9 4 6 3 
[00301082] 4 | _ 3 7 11 1 8 10 0 9 4 6 _ 
[00301083] 3 | 6 3 7 11 1 8 10 0 9 4 6 _ 
[00301084] 3 | _ 3 7 11 1 8 10 0 9 4 6 3 
[00301085] 4 | _ 3 _ 11 1 8 10 0 9 4 6 2 
[00301086] 7 | _ 3 _ 11 1 _ 10 0 7 _ _ _ 
[00301087] 6 | 9 3 _ 11 1 _ 10 0 7 _ _ _ 
[00301088] 5 | 9 3 8 11 1 _ 10 0 7 _ _ _ 
[00301089] 4 | 9 3 8 11 1 5 10 0 7 _ _ _ 
[00301090] 3 | 9 3 8 11 1 5 10 0 7 4 _ _ 
[00301091] 2 | 9 3 8 11 1 5 10 0 7 4 2 _ 
[00301092] 4 | 9 3 8 11 1 _ 10 0 7 _ 4 _ 
[00301093] 3 | 9 3 8 11 1 4 10 0 7 _ 4 _ 
[00301094] 2 | 9 3 8 11 1 4 10 0 7 5 4 _ 
[00301095] 3 | 9 3 8 11 1 _ 10 0 7 4 4 _ 
[00301096] 3 | 9 3 8 11 1 _ 10 0 7 _ 4 1 
[00301097] 2 | 9 3 8 11 1 _ 10 0 7 5 4 1 
[00301098] 3 | 9 3 8 11 1 _ 10 0 7 _ 4 7 
[00301099] 4 | 9 3 8 11 1 _ 10 0 7 _ 2 6 
[00301100] 3 | 9 3 8 11 1 4 10 0 7 _ 2 6 
[00301101] 2 | 9 3 8 11 1 4 10 0 7 5 2 6 
[00301102] 3 | 9 3 8 11 1 _ 10 0 7 4 2 6 
[00301103] 4 | 9 3 8 11 1 _ 10 0 7 _ 6 2 
[00301104] 3 | 9 3 8 11 1 4 10 0 7 _ 6 2 
[00301105] 2 | 9 3 8 11 1 4 10 0 7 5 6 2 
[00301106] 3 | 9 3 8 11 1 _ 10 0 7 4 6 2 
[00301107] 5 | 9 3 _ 11 1 6 10 0 7 _ _ _ 
[00301108] 4 | 9 3 7 11 1 6 10 0 7 _ _ _ 
[00301109] 3 | 9 3 7 11 1 6 10 0 7 _ 2 5 
[00301110] 3 | 9 3 7 11 1 6 10 0 7 _ 5 8 
[00301111] 3 | 9 3 7 11 1 6 10 0 7 _ 5 2 
[00301112] 3 | 9 3 7 11 1 6 10 0 7 _ 8 5 
[00301113] 4 | 9 3 _ 11 1 6 10 0 7 3 _ _ 
[00301114] 3 | 9 3 _ 11 1 6 10 0 7 3 2 5 
[00301115] 3 | 9 3 _ 11 1 6 10 0 7 3 5 8 
[00301116] 3 | 9 3 _ 11 1 6 10 0 7 3 5 2 
[00301117] 3 | 9 3 _ 11 1 6 10 0 7 3 8 5 
[00301118] 4 | 9 3 _ 11 1 6 10 0 7 _ 4 _ 
[00301119] 3 | 9 3 _ 11 1 6 10 0 7 4 4 _ 
[00301120] 2 | 9 3 5 11 1 6 10 0 7 4 4 _ 
[00301121] 3 | 9 3 _ 11 1 6 10 0 7 _ 4 7 
[00301122] 2 | 9 3 5 11 1 6 10 0 7 _ 4 7 
[00301123] 4 | 9 3 _ 11 1 6 10 0 7 _ 4 8 
[00301124] 4 | 9 3 _ 11 1 6 10 0 7 _ 8 4 
[00301125] 5 | 9 3 _ 11 1 _ 10 0 7 2 _ _ 
[00301126] 4 | 9 3 _ 11 1 5 10 0 7 2 _ _ 
[00301127] 3 | 9 3 0 11 1 5 10 0 7 2 _ _ 
[00301128] 2 | 9 3 0 11 1 5 10 0 7 2 4 6 
[00301129] 2 | 9 3 0 11 1 5 10 0 7 2 6 8 
[00301130] 2 | 9 3 0 11 1 5 10 0 7 2 6 4 
[00301131] 2 | 9 3 0 11 1 5 10 0 7 2 8 6 
[00301132] 3 | 9 3 6 11 1 5 10 0 7 2 _ _ 
[00301133] 3 | 9 3 _ 11 1 5 10 0 7 2 3 _ 
[00301134] 4 | 9 3 _ 11 1 _ 10 0 7 2 4 _ 
[00301135] 3 | 9 3 6 11 1 _ 10 0 7 2 4 _ 
[00301136] 3 | 9 3 _ 11 1 4 10 0 7 2 4 _ 
[00301137] 2 | 9 3 5 11 1 4 10 0 7 2 4 _ 
[00301138] 3 | 9 3 _ 11 1 _ 10 0 7 2 4 1 
[00301139] 2 | 9 3 5 11 1 _ 10 0 7 2 4 1 
[00301140] 4 | 9 3 _ 11 1 _ 10 0 7 2 4 8 
[00301141] 3 | 9 3 6 11 1 _ 10 0 7 2 4 8 
[00301142] 4 | 9 3 _ 11 1 _ 10 0 7 2 8 4 
[00301143] 3 | 9 3 6 11 1 _ 10 0 7 2 8 4 
[00301144] 5 | 9 3 _ 11 1 _ 10 0 7 _ 5 _ 
[00301145] 4 | 9 3 7 11 1 _ 10 0 7 _ 5 _ 
[00301146] 3 | 9 3 7 11 1 4 10 0 7 _ 5 _ 
[00301147] 3 | 9 3 7 11 1 _ 10 0 7 _ 5 2 
[00301148] 3 | 9 3 7 11 1 _ 10 0 7 _ 5 8 
[00301149] 4 | 9 3 _ 11 1 5 10 0 7 _ 5 _ 
[00301150] 3 | 9 3 6 11 1 5 10 0 7 _ 5 _ 
[00301151] 3 | 9 3 _ 11 1 5 10 0 7 4 5 _ 
[00301152] 4 | 9 3 _ 11 1 _ 10 0 7 3 5 _ 
[00301153] 3 | 9 3 _ 11 1 4 10 0 7 3 5 _ 
[00301154] 3 | 9 3 _ 11 1 _ 10 0 7 3 5 2 
[00301155] 3 | 9 3 _ 11 1 _ 10 0 7 3 5 8 
[00301156] 4 | 9 3 _ 11 1 _ 10 0 7 _ 5 1 
[00301157] 3 | 9 3 6 11 1 _ 10 0 7 _ 5 1 
[00301158] 3 | 9 3 _ 11 1 _ 10 0 7 4 5 1 
[00301159] 6 | _ 3 9 11 1 _ 10 0 7 _ _ _ 
[00301160] 5 | 8 3 9 11 1 _ 10 0 7 _ _ _ 
[00301161] 4 | 8 3 9 11 1 5 10 0 7 _ _ _ 
[00301162] 3 | 8 3 9 11 1 5 10 0 7 4 _ _ 
[00301163] 2 | 8 3 9 11 1 5 10 0 7 4 2 _ 
[00301164] 4 | 8 3 9 11 1 _ 10 0 7 _ 4 _ 
[00301165] 3 | 8 3 9 11 1 4 10 0 7 _ 4 _ 
[00301166] 2 | 8 3 9 11 1 4 10 0 7 5 4 _ 
[00301167] 3 | 8 3 9 11 1 _ 10 0 7 4 4 _ 
[00301168] 3 | 8 3 9 11 1 _ 10 0 7 _ 4 1 
[00301169] 2 | 8 3 9 11 1 _ 10 0 7 5 4 1 
[00301170] 3 | 8 3 9 11 1 _ 10 0 7 _ 4 7 
[00301171] 4 | 8 3 9 11 1 _ 10 0 7 _ 2 6 
[00301172] 3 | 8 3 9 11 1 4 10 0 7 _ 2 6 
[00301173] 2 | 8 3 9 11 1 4 10 0 7 5 2 6 
[00301174] 3 | 8 3 9 11 1 _ 10 0 7 4 2 6 
[00301175] 4 | 8 3 9 11 1 _ 10 0 7 _ 6 2 
[00301176] 3 | 8 3 9 11 1 4 10 0 7 _ 6 2 
[00301177] 2 | 8 3 9 11 1 4 10 0 7 5 6 2 
[00301178] 3 | 8 3 9 11 1 _ 10 0 7 4 6 2 
[00301179] 5 | _ 3 9 11 1 6 10 0 7 _ _ _ 
[00301180] 4 | 7 3 9 11 1 6 10 0 7 _ _ _ 
[00301181] 3 | 7 3 9 11 1 6 10 0 7 _ 2 5 
[00301182] 3 | 7 3 9 11 1 6 10 0 7 _ 5 8 
[00301183] 3 | 7 3 9 11 1 6 10 0 7 _ 5 2 
[00301184] 3 | 7 3 9 11 1 6 10 0 7 _ 8 5 
[00301185] 4 | _ 3 9 11 1 6 10 0 7 3 _ _ 
[00301186] 3 | _ 3 9 11 1 6 10 0 7 3 2 5 
[00301187] 3 | _ 3 9 11 1 6 10 0 7 3 5 8 
[00301188] 3 | _ 3 9 11 1 6 10 0 7 3 5 2 
[00301189] 3 | _ 3 9 11 1 6 10 0 7 3 8 5 
[00301190] 4 | _ 3 9 11 1 6 10 0 7 _ 4 _ 
[00301191] 3 | _ 3 9 11 1 6 10 0 7 4 4 _ 
[00301192] 2 | 5 3 9 11 1 6 10 0 7 4 4 _ 
[00301193] 3 | _ 3 9 11 1 6 10 0 7 _ 4 7 
[00301194] 2 | 5 3 9 11 1 6 10 0 7 _ 4 7 
[00301195] 4 | _ 3 9 11 1 6 10 0 7 _ 4 8 
[00301196] 4 | _ 3 9 11 1 6 10 0 7 _ 8 4 
[00301197] 5 | _ 3 9 11 1 _ 10 0 7 2 _ _ 
[00301198] 4 | _ 3 9 11 1 5 10 0 7 2 _ _ 
[00301199] 3 | 0 3 9 11 1 5 10 0 7 2 _ _ 
[00301200] 2 | 0 3 9 11 1 5 10 0 7 2 4 6 
[00301201] 2 | 0 3 9 11 1 5 10 0 7 2 6 8 
[00301202] 2 | 0 3 9 11 1 5 10 0 7 2 6 4 
[00301203] 2 | 0 3 9 11 1 5 10 0 7 2 8 6 
[00301204] 3 | 6 3 9 11 1 5 10 0 7 2 _ _ 
[00301205] 3 | _ 3 9 11 1 5 10 0 7 2 3 _ 
[00301206] 4 | _ 3 9 11 1 _ 10 0 7 2 4 _ 
[00301207] 3 | 6 3 9 11 1 _ 10 0 7 2 4 _ 
[00301208] 3 | _ 3 9 11 1 4 10 0 7 2 4 _ 
[00301209] 2 | 5 3 9 11 1 4 10 0 7 2 4 _ 
[00301210] 3 | _ 3 9 11 1 _ 10 0 7 2 4 1 
[00301211] 2 | 5 3 9 11 1 _ 10 0 7 2 4 1 
[00301212] 4 | _ 3 9 11 1 _ 10 0 7 2 4 8 
[00301213] 3 | 6 3 9 11 1 _ 10 0 7 2 4 8 
[00301214] 4 | _ 3 9 11 1 _ 10 0 7 2 8 4 
[00301215] 3 | 6 3 9 11 1 _ 10 0 7 2 8 4 
[00301216] 5 | _ 3 9 11 1 _ 10 0 7 _ 5 _ 
[00301217] 4 | 7 3 9 11 1 _ 10 0 7 _ 5 _ 
[00301218] 3 | 7 3 9 11 1 4 10 0 7 _ 5 _ 
[00301219] 3 | 7 3 9 11 1 _ 10 0 7 _ 5 2 
[00301220] 3 | 7 3 9 11 1 _ 10 0 7 _ 5 8 
[00301221] 4 | _ 3 9 11 1 5 10 0 7 _ 5 _ 
[00301222] 3 | 6 3 9 11 1 5 10 0 7 _ 5 _ 
[00301223] 3 | _ 3 9 11 1 5 10 0 7 4 5 _ 
[00301224] 4 | _ 3 9 11 1 _ 10 0 7 3 5 _ 
[00301225] 3 | _ 3 9 11 1 4 10 0 7 3 5 _ 
[00301226] 3 | _ 3 9 11 1 _ 10 0 7 3 5 2 
[00301227] 3 | _ 3 9 11 1 _ 10 0 7 3 5 8 
[00301228] 4 | _ 3 9 11 1 _ 10 0 7 _ 5 1 
[00301229] 3 | 6 3 9 11 1 _ 10 0 7 _ 5 1 
[00301230] 3 | _ 3 9 11 1 _ 10 0 7 4 5 1 
[00301231] 6 | _ 3 _ 11 1 7 10 0 7 _ _ _ 
[00301232] 5 | 8 3 _ 11 1 7 10 0 7 _ _ _ 
[00301233] 4 | 8 3 _ 11 1 7 10 0 7 _ 4 _ 
[00301234] 3 | 8 3 6 11 1 7 10 0 7 _ 4 _ 
[00301235] 2 | 8 3 6 11 1 7 10 0 7 _ 4 2 
[00301236] 4 | 8 3 _ 11 1 7 10 0 7 _ 2 6 
[00301237] 4 | 8 3 _ 11 1 7 10 0 7 _ 5 9 
[00301238] 3 | 8 3 6 11 1 7 10 0 7 _ 5 9 
[00301239] 4 | 8 3 _ 11 1 7 10 0 7 _ 6 2 
[00301240] 4 | 8 3 _ 11 1 7 10 0 7 _ 9 5 
[00301241] 3 | 8 3 6 11 1 7 10 0 7 _ 9 5 
[00301242] 5 | _ 3 8 11 1 7 10 0 7 _ _ _ 
[00301243] 4 | _ 3 8 11 1 7 10 0 7 _ 4 _ 
[00301244] 3 | 6 3 8 11 1 7 10 0 7 _ 4 _ 
[00301245] 2 | 6 3 8 11 1 7 10 0 7 _ 4 2 
[00301246] 4 | _ 3 8 11 1 7 10 0 7 _ 2 6 
[00301247] 4 | _ 3 8 11 1 7 10 0 7 _ 5 9 
[00301248] 3 | 6 3 8 11 1 7 10 0 7 _ 5 9 
[00301249] 4 | _ 3 8 11 1 7 10 0 7 _ 6 2 
[00301250] 4 | _ 3 8 11 1 7 10 0 7 _ 9 5 
[00301251] 3 | 6 3 8 11 1 7 10 0 7 _ 9 5 
[00301252] 5 | _ 3 _ 11 1 7 10 0 7 _ 5 _ 
[00301253] 4 | _ 3 _ 11 1 7 10 0 7 _ 5 9 
[00301254] 3 | 6 3 _ 11 1 7 10 0 7 _ 5 9 
[00301255] 3 | _ 3 6 11 1 7 10 0 7 _ 5 9 
[00301256] 5 | _ 3 _ 11 1 7 10 0 7 _ 4 9 
[00301257] 5 | _ 3 _ 11 1 7 10 0 7 _ 9 4 
[00301258] 6 | _ 3 _ 11 1 _ 10 0 7 1 _ _ 
[00301259] 5 | 8 3 _ 11 1 _ 10 0 7 1 _ _ 
[00301260] 4 | 8 3 _ 11 1 _ 10 0 7 1 4 _ 
[00301261] 3 | 8 3 6 11 1 _ 10 0 7 1 4 _ 
[00301262] 2 | 8 3 6 11 1 _ 10 0 7 1 4 2 
[00301263] 4 | 8 3 _ 11 1 _ 10 0 7 1 2 6 
[00301264] 4 | 8 3 _ 11 1 _ 10 0 7 1 5 9 
[00301265] 3 | 8 3 6 11 1 _ 10 0 7 1 5 9 
[00301266] 4 | 8 3 _ 11 1 _ 10 0 7 1 6 2 
[00301267] 4 | 8 3 _ 11 1 _ 10 0 7 1 9 5 
[00301268] 3 | 8 3 6 11 1 _ 10 0 7 1 9 5 
[00301269] 5 | _ 3 8 11 1 _ 10 0 7 1 _ _ 
[00301270] 4 | _ 3 8 11 1 _ 10 0 7 1 4 _ 
[00301271] 3 | 6 3 8 11 1 _ 10 0 7 1 4 _ 
[00301272] 2 | 6 3 8 11 1 _ 10 0 7 1 4 2 
[00301273] 4 | _ 3 8 11 1 _ 10 0 7 1 2 6 
[00301274] 4 | _ 3 8 11 1 _ 10 0 7 1 5 9 
[00301275] 3 | 6 3 8 11 1 _ 10 0 7 1 5 9 
[00301276] 4 | _ 3 8 11 1 _ 10 0 7 1 6 2 
[00301277] 4 | _ 3 8 11 1 _ 10 0 7 1 9 5 
[00301278] 3 | 6 3 8 11 1 _ 10 0 7 1 9 5 
[00301279] 5 | _ 3 _ 11 1 _ 10 0 7 1 5 _ 
[00301280] 4 | _ 3 _ 11 1 _ 10 0 7 1 5 9 
[00301281] 3 | 6 3 _ 11 1 _ 10 0 7 1 5 9 
[00301282] 3 | _ 3 6 11 1 _ 10 0 7 1 5 9 
[00301283] 5 | _ 3 _ 11 1 _ 10 0 7 1 4 9 
[00301284] 5 | _ 3 _ 11 1 _ 10 0 7 1 9 4 
[00301285] 6 | _ 3 _ 11 1 _ 10 0 7 _ 6 _ 
[00301286] 5 | 8 3 _ 11 1 _ 10 0 7 _ 6 _ 
[00301287] 4 | 8 3 7 11 1 _ 10 0 7 _ 6 _ 
[00301288] 3 | 8 3 7 11 1 4 10 0 7 _ 6 _ 
[00301289] 3 | 8 3 7 11 1 _ 10 0 7 _ 6 9 
[00301290] 4 | 8 3 _ 11 1 5 10 0 7 _ 6 _ 
[00301291] 3 | 8 3 6 11 1 5 10 0 7 _ 6 _ 
[00301292] 2 | 8 3 6 11 1 5 10 0 7 9 6 _ 
[00301293] 3 | 8 3 _ 11 1 5 10 0 7 4 6 _ 
