[00336170] 3 | 4 1 5 10 2 9 8 0 11 6 8 _ 
[00336171] 6 | _ 1 _ 10 2 9 _ 0 11 5 8 _ 
[00336172] 5 | 6 1 _ 10 2 9 _ 0 11 5 8 _ 
[00336173] 4 | 6 1 _ 10 2 9 _ 0 11 5 8 4 
[00336174] 5 | _ 1 6 10 2 9 _ 0 11 5 8 _ 
[00336175] 4 | _ 1 6 10 2 9 _ 0 11 5 8 4 
[00336176] 5 | _ 1 _ 10 2 9 7 0 11 5 8 _ 
[00336177] 4 | _ 1 _ 10 2 9 7 0 11 5 8 4 
[00336178] 5 | _ 1 _ 10 2 9 _ 0 11 5 8 3 
[00336179] 4 | _ 1 _ 10 2 9 6 0 11 5 8 3 
[00336180] 3 | 4 1 _ 10 2 9 6 0 11 5 8 3 
[00336181] 3 | _ 1 4 10 2 9 6 0 11 5 8 3 
[00336182] 6 | _ 1 _ 10 2 9 _ 0 11 _ 8 2 
[00336183] 5 | 6 1 _ 10 2 9 _ 0 11 _ 8 2 
[00336184] 4 | 6 1 5 10 2 9 _ 0 11 _ 8 2 
[00336185] 4 | 6 1 _ 10 2 9 _ 0 11 7 8 2 
[00336186] 3 | 6 1 4 10 2 9 _ 0 11 7 8 2 
[00336187] 5 | _ 1 6 10 2 9 _ 0 11 _ 8 2 
[00336188] 4 | 5 1 6 10 2 9 _ 0 11 _ 8 2 
[00336189] 4 | _ 1 6 10 2 9 _ 0 11 7 8 2 
[00336190] 3 | 4 1 6 10 2 9 _ 0 11 7 8 2 
[00336191] 5 | _ 1 _ 10 2 9 _ 0 11 6 8 2 
[00336192] 4 | 5 1 _ 10 2 9 _ 0 11 6 8 2 
[00336193] 3 | 5 1 4 10 2 9 _ 0 11 6 8 2 
[00336194] 4 | _ 1 5 10 2 9 _ 0 11 6 8 2 
[00336195] 3 | 4 1 5 10 2 9 _ 0 11 6 8 2 
[00336196] 7 | _ 1 _ 10 9 2 _ 0 11 _ 8 _ 
[00336197] 6 | 7 1 _ 10 9 2 _ 0 11 _ 8 _ 
[00336198] 5 | 7 1 6 10 9 2 _ 0 11 _ 8 _ 
[00336199] 4 | 7 1 6 10 9 2 5 0 11 _ 8 _ 
[00336200] 3 | 7 1 6 10 9 2 5 0 11 8 8 _ 
[00336201] 3 | 7 1 6 10 9 2 5 0 11 _ 8 11 
[00336202] 4 | 7 1 6 10 9 2 _ 0 11 _ 8 4 
[00336203] 5 | 7 1 _ 10 9 2 4 0 11 _ 8 _ 
[00336204] 4 | 7 1 5 10 9 2 4 0 11 _ 8 _ 
[00336205] 3 | 7 1 5 10 9 2 4 0 11 8 8 _ 
[00336206] 3 | 7 1 5 10 9 2 4 0 11 _ 8 11 
[00336207] 5 | 7 1 _ 10 9 2 _ 0 11 6 8 _ 
[00336208] 4 | 7 1 5 10 9 2 _ 0 11 6 8 _ 
[00336209] 4 | 7 1 _ 10 9 2 5 0 11 6 8 _ 
[00336210] 3 | 7 1 4 10 9 2 5 0 11 6 8 _ 
[00336211] 4 | 7 1 _ 10 9 2 _ 0 11 6 8 4 
[00336212] 5 | 7 1 _ 10 9 2 _ 0 11 _ 8 3 
[00336213] 4 | 7 1 5 10 9 2 _ 0 11 _ 8 3 
[00336214] 3 | 7 1 5 10 9 2 6 0 11 _ 8 3 
[00336215] 4 | 7 1 _ 10 9 2 5 0 11 _ 8 3 
[00336216] 3 | 7 1 4 10 9 2 5 0 11 _ 8 3 
[00336217] 6 | _ 1 7 10 9 2 _ 0 11 _ 8 _ 
[00336218] 5 | 6 1 7 10 9 2 _ 0 11 _ 8 _ 
[00336219] 4 | 6 1 7 10 9 2 5 0 11 _ 8 _ 
[00336220] 3 | 6 1 7 10 9 2 5 0 11 8 8 _ 
[00336221] 3 | 6 1 7 10 9 2 5 0 11 _ 8 11 
[00336222] 4 | 6 1 7 10 9 2 _ 0 11 _ 8 4 
[00336223] 5 | _ 1 7 10 9 2 4 0 11 _ 8 _ 
[00336224] 4 | 5 1 7 10 9 2 4 0 11 _ 8 _ 
[00336225] 3 | 5 1 7 10 9 2 4 0 11 8 8 _ 
[00336226] 3 | 5 1 7 10 9 2 4 0 11 _ 8 11 
[00336227] 5 | _ 1 7 10 9 2 _ 0 11 6 8 _ 
[00336228] 4 | 5 1 7 10 9 2 _ 0 11 6 8 _ 
[00336229] 4 | _ 1 7 10 9 2 5 0 11 6 8 _ 
[00336230] 3 | 4 1 7 10 9 2 5 0 11 6 8 _ 
[00336231] 4 | _ 1 7 10 9 2 _ 0 11 6 8 4 
[00336232] 5 | _ 1 7 10 9 2 _ 0 11 _ 8 3 
[00336233] 4 | 5 1 7 10 9 2 _ 0 11 _ 8 3 
[00336234] 3 | 5 1 7 10 9 2 6 0 11 _ 8 3 
[00336235] 4 | _ 1 7 10 9 2 5 0 11 _ 8 3 
[00336236] 3 | 4 1 7 10 9 2 5 0 11 _ 8 3 
[00336237] 6 | _ 1 _ 10 9 2 3 0 11 _ 8 _ 
[00336238] 5 | 6 1 _ 10 9 2 3 0 11 _ 8 _ 
[00336239] 4 | 6 1 5 10 9 2 3 0 11 _ 8 _ 
[00336240] 3 | 6 1 5 10 9 2 3 0 11 8 8 _ 
[00336241] 3 | 6 1 5 10 9 2 3 0 11 _ 8 11 
[00336242] 4 | 6 1 _ 10 9 2 3 0 11 7 8 _ 
[00336243] 3 | 6 1 4 10 9 2 3 0 11 7 8 _ 
[00336244] 3 | 6 1 _ 10 9 2 3 0 11 7 8 5 
[00336245] 4 | 6 1 _ 10 9 2 3 0 11 _ 8 4 
[00336246] 5 | _ 1 6 10 9 2 3 0 11 _ 8 _ 
[00336247] 4 | 5 1 6 10 9 2 3 0 11 _ 8 _ 
[00336248] 3 | 5 1 6 10 9 2 3 0 11 8 8 _ 
[00336249] 3 | 5 1 6 10 9 2 3 0 11 _ 8 11 
[00336250] 4 | _ 1 6 10 9 2 3 0 11 7 8 _ 
[00336251] 3 | 4 1 6 10 9 2 3 0 11 7 8 _ 
[00336252] 3 | _ 1 6 10 9 2 3 0 11 7 8 5 
[00336253] 4 | _ 1 6 10 9 2 3 0 11 _ 8 4 
[00336254] 5 | _ 1 _ 10 9 2 3 0 11 6 8 _ 
[00336255] 4 | 5 1 _ 10 9 2 3 0 11 6 8 _ 
[00336256] 3 | 5 1 4 10 9 2 3 0 11 6 8 _ 
[00336257] 4 | _ 1 5 10 9 2 3 0 11 6 8 _ 
[00336258] 3 | 4 1 5 10 9 2 3 0 11 6 8 _ 
[00336259] 4 | _ 1 _ 10 9 2 3 0 11 6 8 4 
[00336260] 6 | _ 1 _ 10 9 2 _ 0 11 5 8 _ 
[00336261] 5 | 6 1 _ 10 9 2 _ 0 11 5 8 _ 
[00336262] 4 | 6 1 _ 10 9 2 _ 0 11 5 8 4 
[00336263] 5 | _ 1 6 10 9 2 _ 0 11 5 8 _ 
[00336264] 4 | _ 1 6 10 9 2 _ 0 11 5 8 4 
[00336265] 5 | _ 1 _ 10 9 2 4 0 11 5 8 _ 
[00336266] 5 | _ 1 _ 10 9 2 _ 0 11 5 8 3 
[00336267] 7 | _ 1 _ 10 2 _ 9 0 11 _ 8 _ 
[00336268] 6 | 7 1 _ 10 2 _ 9 0 11 _ 8 _ 
[00336269] 5 | 7 1 6 10 2 _ 9 0 11 _ 8 _ 
[00336270] 4 | 7 1 6 10 2 _ 9 0 11 _ 8 4 
[00336271] 3 | 7 1 6 10 2 5 9 0 11 _ 8 4 
[00336272] 5 | 7 1 _ 10 2 _ 9 0 11 6 8 _ 
[00336273] 4 | 7 1 5 10 2 _ 9 0 11 6 8 _ 
[00336274] 4 | 7 1 _ 10 2 _ 9 0 11 6 8 4 
[00336275] 3 | 7 1 _ 10 2 5 9 0 11 6 8 4 
[00336276] 2 | 7 1 3 10 2 5 9 0 11 6 8 4 
[00336277] 5 | 7 1 _ 10 2 _ 9 0 11 _ 8 3 
[00336278] 4 | 7 1 5 10 2 _ 9 0 11 _ 8 3 
[00336279] 4 | 7 1 _ 10 2 6 9 0 11 _ 8 3 
[00336280] 3 | 7 1 4 10 2 6 9 0 11 _ 8 3 
[00336281] 6 | _ 1 7 10 2 _ 9 0 11 _ 8 _ 
[00336282] 5 | 6 1 7 10 2 _ 9 0 11 _ 8 _ 
[00336283] 4 | 6 1 7 10 2 _ 9 0 11 _ 8 4 
[00336284] 3 | 6 1 7 10 2 5 9 0 11 _ 8 4 
[00336285] 5 | _ 1 7 10 2 _ 9 0 11 6 8 _ 
[00336286] 4 | 5 1 7 10 2 _ 9 0 11 6 8 _ 
[00336287] 4 | _ 1 7 10 2 _ 9 0 11 6 8 4 
[00336288] 3 | _ 1 7 10 2 5 9 0 11 6 8 4 
[00336289] 2 | 3 1 7 10 2 5 9 0 11 6 8 4 
[00336290] 5 | _ 1 7 10 2 _ 9 0 11 _ 8 3 
[00336291] 4 | 5 1 7 10 2 _ 9 0 11 _ 8 3 
[00336292] 4 | _ 1 7 10 2 6 9 0 11 _ 8 3 
[00336293] 3 | 4 1 7 10 2 6 9 0 11 _ 8 3 
[00336294] 6 | _ 1 _ 10 2 8 9 0 11 _ 8 _ 
[00336295] 5 | 6 1 _ 10 2 8 9 0 11 _ 8 _ 
[00336296] 4 | 6 1 5 10 2 8 9 0 11 _ 8 _ 
[00336297] 4 | 6 1 _ 10 2 8 9 0 11 7 8 _ 
[00336298] 3 | 6 1 4 10 2 8 9 0 11 7 8 _ 
[00336299] 5 | _ 1 6 10 2 8 9 0 11 _ 8 _ 
[00336300] 4 | 5 1 6 10 2 8 9 0 11 _ 8 _ 
[00336301] 4 | _ 1 6 10 2 8 9 0 11 7 8 _ 
[00336302] 3 | 4 1 6 10 2 8 9 0 11 7 8 _ 
[00336303] 5 | _ 1 _ 10 2 8 9 0 11 6 8 _ 
[00336304] 4 | 5 1 _ 10 2 8 9 0 11 6 8 _ 
[00336305] 3 | 5 1 4 10 2 8 9 0 11 6 8 _ 
[00336306] 4 | _ 1 5 10 2 8 9 0 11 6 8 _ 
[00336307] 3 | 4 1 5 10 2 8 9 0 11 6 8 _ 
[00336308] 6 | _ 1 _ 10 2 _ 9 0 11 5 8 _ 
[00336309] 5 | 6 1 _ 10 2 _ 9 0 11 5 8 _ 
[00336310] 4 | 6 1 _ 10 2 _ 9 0 11 5 8 4 
[00336311] 5 | _ 1 6 10 2 _ 9 0 11 5 8 _ 
[00336312] 4 | _ 1 6 10 2 _ 9 0 11 5 8 4 
[00336313] 5 | _ 1 _ 10 2 7 9 0 11 5 8 _ 
[00336314] 4 | _ 1 _ 10 2 7 9 0 11 5 8 4 
[00336315] 5 | _ 1 _ 10 2 _ 9 0 11 5 8 3 
[00336316] 4 | _ 1 _ 10 2 6 9 0 11 5 8 3 
[00336317] 3 | 4 1 _ 10 2 6 9 0 11 5 8 3 
[00336318] 3 | _ 1 4 10 2 6 9 0 11 5 8 3 
[00336319] 6 | _ 1 _ 10 2 _ 9 0 11 _ 8 2 
[00336320] 5 | 6 1 _ 10 2 _ 9 0 11 _ 8 2 
[00336321] 4 | 6 1 5 10 2 _ 9 0 11 _ 8 2 
[00336322] 4 | 6 1 _ 10 2 _ 9 0 11 7 8 2 
[00336323] 3 | 6 1 4 10 2 _ 9 0 11 7 8 2 
[00336324] 5 | _ 1 6 10 2 _ 9 0 11 _ 8 2 
[00336325] 4 | 5 1 6 10 2 _ 9 0 11 _ 8 2 
[00336326] 4 | _ 1 6 10 2 _ 9 0 11 7 8 2 
[00336327] 3 | 4 1 6 10 2 _ 9 0 11 7 8 2 
[00336328] 5 | _ 1 _ 10 2 _ 9 0 11 6 8 2 
[00336329] 4 | 5 1 _ 10 2 _ 9 0 11 6 8 2 
[00336330] 3 | 5 1 4 10 2 _ 9 0 11 6 8 2 
[00336331] 4 | _ 1 5 10 2 _ 9 0 11 6 8 2 
[00336332] 3 | 4 1 5 10 2 _ 9 0 11 6 8 2 
[00336333] 7 | _ 1 _ 10 9 _ 2 0 11 _ 8 _ 
[00336334] 6 | 7 1 _ 10 9 _ 2 0 11 _ 8 _ 
[00336335] 5 | 7 1 6 10 9 _ 2 0 11 _ 8 _ 
[00336336] 4 | 7 1 6 10 9 5 2 0 11 _ 8 _ 
[00336337] 3 | 7 1 6 10 9 5 2 0 11 8 8 _ 
[00336338] 3 | 7 1 6 10 9 5 2 0 11 _ 8 11 
[00336339] 4 | 7 1 6 10 9 _ 2 0 11 _ 8 4 
[00336340] 5 | 7 1 _ 10 9 4 2 0 11 _ 8 _ 
[00336341] 4 | 7 1 5 10 9 4 2 0 11 _ 8 _ 
[00336342] 3 | 7 1 5 10 9 4 2 0 11 8 8 _ 
[00336343] 3 | 7 1 5 10 9 4 2 0 11 _ 8 11 
[00336344] 5 | 7 1 _ 10 9 _ 2 0 11 6 8 _ 
[00336345] 4 | 7 1 5 10 9 _ 2 0 11 6 8 _ 
[00336346] 4 | 7 1 _ 10 9 5 2 0 11 6 8 _ 
[00336347] 3 | 7 1 4 10 9 5 2 0 11 6 8 _ 
[00336348] 4 | 7 1 _ 10 9 _ 2 0 11 6 8 4 
[00336349] 5 | 7 1 _ 10 9 _ 2 0 11 _ 8 3 
[00336350] 4 | 7 1 5 10 9 _ 2 0 11 _ 8 3 
[00336351] 3 | 7 1 5 10 9 6 2 0 11 _ 8 3 
[00336352] 4 | 7 1 _ 10 9 5 2 0 11 _ 8 3 
[00336353] 3 | 7 1 4 10 9 5 2 0 11 _ 8 3 
[00336354] 6 | _ 1 7 10 9 _ 2 0 11 _ 8 _ 
[00336355] 5 | 6 1 7 10 9 _ 2 0 11 _ 8 _ 
[00336356] 4 | 6 1 7 10 9 5 2 0 11 _ 8 _ 
[00336357] 3 | 6 1 7 10 9 5 2 0 11 8 8 _ 
[00336358] 3 | 6 1 7 10 9 5 2 0 11 _ 8 11 
[00336359] 4 | 6 1 7 10 9 _ 2 0 11 _ 8 4 
[00336360] 5 | _ 1 7 10 9 4 2 0 11 _ 8 _ 
[00336361] 4 | 5 1 7 10 9 4 2 0 11 _ 8 _ 
[00336362] 3 | 5 1 7 10 9 4 2 0 11 8 8 _ 
[00336363] 3 | 5 1 7 10 9 4 2 0 11 _ 8 11 
[00336364] 5 | _ 1 7 10 9 _ 2 0 11 6 8 _ 
[00336365] 4 | 5 1 7 10 9 _ 2 0 11 6 8 _ 
[00336366] 4 | _ 1 7 10 9 5 2 0 11 6 8 _ 
[00336367] 3 | 4 1 7 10 9 5 2 0 11 6 8 _ 
[00336368] 4 | _ 1 7 10 9 _ 2 0 11 6 8 4 
[00336369] 5 | _ 1 7 10 9 _ 2 0 11 _ 8 3 
[00336370] 4 | 5 1 7 10 9 _ 2 0 11 _ 8 3 
[00336371] 3 | 5 1 7 10 9 6 2 0 11 _ 8 3 
[00336372] 4 | _ 1 7 10 9 5 2 0 11 _ 8 3 
[00336373] 3 | 4 1 7 10 9 5 2 0 11 _ 8 3 
[00336374] 6 | _ 1 _ 10 9 3 2 0 11 _ 8 _ 
[00336375] 5 | 6 1 _ 10 9 3 2 0 11 _ 8 _ 
[00336376] 4 | 6 1 5 10 9 3 2 0 11 _ 8 _ 
[00336377] 3 | 6 1 5 10 9 3 2 0 11 8 8 _ 
[00336378] 3 | 6 1 5 10 9 3 2 0 11 _ 8 11 
[00336379] 4 | 6 1 _ 10 9 3 2 0 11 7 8 _ 
[00336380] 3 | 6 1 4 10 9 3 2 0 11 7 8 _ 
[00336381] 3 | 6 1 _ 10 9 3 2 0 11 7 8 5 
[00336382] 4 | 6 1 _ 10 9 3 2 0 11 _ 8 4 
[00336383] 5 | _ 1 6 10 9 3 2 0 11 _ 8 _ 
[00336384] 4 | 5 1 6 10 9 3 2 0 11 _ 8 _ 
[00336385] 3 | 5 1 6 10 9 3 2 0 11 8 8 _ 
[00336386] 3 | 5 1 6 10 9 3 2 0 11 _ 8 11 
[00336387] 4 | _ 1 6 10 9 3 2 0 11 7 8 _ 
[00336388] 3 | 4 1 6 10 9 3 2 0 11 7 8 _ 
[00336389] 3 | _ 1 6 10 9 3 2 0 11 7 8 5 
[00336390] 4 | _ 1 6 10 9 3 2 0 11 _ 8 4 
[00336391] 5 | _ 1 _ 10 9 3 2 0 11 6 8 _ 
[00336392] 4 | 5 1 _ 10 9 3 2 0 11 6 8 _ 
[00336393] 3 | 5 1 4 10 9 3 2 0 11 6 8 _ 
[00336394] 4 | _ 1 5 10 9 3 2 0 11 6 8 _ 
[00336395] 3 | 4 1 5 10 9 3 2 0 11 6 8 _ 
[00336396] 4 | _ 1 _ 10 9 3 2 0 11 6 8 4 
[00336397] 6 | _ 1 _ 10 9 _ 2 0 11 5 8 _ 
[00336398] 5 | 6 1 _ 10 9 _ 2 0 11 5 8 _ 
[00336399] 4 | 6 1 _ 10 9 _ 2 0 11 5 8 4 
[00336400] 5 | _ 1 6 10 9 _ 2 0 11 5 8 _ 
[00336401] 4 | _ 1 6 10 9 _ 2 0 11 5 8 4 
[00336402] 5 | _ 1 _ 10 9 4 2 0 11 5 8 _ 
[00336403] 5 | _ 1 _ 10 9 _ 2 0 11 5 8 3 
[00336404] 7 | _ 1 _ 10 _ _ _ 0 11 4 8 _ 
[00336405] 6 | 7 1 _ 10 _ _ _ 0 11 4 8 _ 
[00336406] 5 | 7 1 6 10 _ _ _ 0 11 4 8 _ 
[00336407] 4 | 7 1 6 10 5 9 _ 0 11 4 8 _ 
[00336408] 3 | 7 1 6 10 5 9 2 0 11 4 8 _ 
[00336409] 3 | 7 1 6 10 5 9 8 0 11 4 8 _ 
[00336410] 3 | 7 1 6 10 5 9 _ 0 11 4 8 5 
[00336411] 4 | 7 1 6 10 9 5 _ 0 11 4 8 _ 
[00336412] 4 | 7 1 6 10 5 _ 9 0 11 4 8 _ 
[00336413] 3 | 7 1 6 10 5 2 9 0 11 4 8 _ 
[00336414] 3 | 7 1 6 10 5 8 9 0 11 4 8 _ 
[00336415] 3 | 7 1 6 10 5 _ 9 0 11 4 8 5 
[00336416] 4 | 7 1 6 10 9 _ 5 0 11 4 8 _ 
[00336417] 5 | 7 1 _ 10 5 _ _ 0 11 4 8 _ 
[00336418] 4 | 7 1 5 10 5 _ _ 0 11 4 8 _ 
[00336419] 4 | 7 1 _ 10 5 1 _ 0 11 4 8 _ 
[00336420] 3 | 7 1 _ 10 5 1 2 0 11 4 8 _ 
[00336421] 2 | 7 1 _ 10 5 1 2 0 11 4 8 6 
[00336422] 3 | 7 1 _ 10 5 1 8 0 11 4 8 _ 
[00336423] 3 | 7 1 _ 10 5 1 _ 0 11 4 8 5 
[00336424] 4 | 7 1 _ 10 5 9 _ 0 11 4 8 _ 
[00336425] 3 | 7 1 _ 10 5 9 2 0 11 4 8 _ 
[00336426] 2 | 7 1 3 10 5 9 2 0 11 4 8 _ 
[00336427] 2 | 7 1 _ 10 5 9 2 0 11 4 8 6 
[00336428] 3 | 7 1 _ 10 5 9 8 0 11 4 8 _ 
[00336429] 2 | 7 1 3 10 5 9 8 0 11 4 8 _ 
[00336430] 3 | 7 1 _ 10 5 9 _ 0 11 4 8 5 
[00336431] 2 | 7 1 3 10 5 9 _ 0 11 4 8 5 
[00336432] 4 | 7 1 _ 10 5 _ 1 0 11 4 8 _ 
[00336433] 3 | 7 1 _ 10 5 2 1 0 11 4 8 _ 
[00336434] 2 | 7 1 _ 10 5 2 1 0 11 4 8 6 
[00336435] 3 | 7 1 _ 10 5 8 1 0 11 4 8 _ 
[00336436] 3 | 7 1 _ 10 5 _ 1 0 11 4 8 5 
[00336437] 4 | 7 1 _ 10 5 _ 9 0 11 4 8 _ 
[00336438] 3 | 7 1 _ 10 5 2 9 0 11 4 8 _ 
[00336439] 2 | 7 1 3 10 5 2 9 0 11 4 8 _ 
[00336440] 2 | 7 1 _ 10 5 2 9 0 11 4 8 6 
[00336441] 3 | 7 1 _ 10 5 8 9 0 11 4 8 _ 
[00336442] 2 | 7 1 3 10 5 8 9 0 11 4 8 _ 
[00336443] 3 | 7 1 _ 10 5 _ 9 0 11 4 8 5 
[00336444] 2 | 7 1 3 10 5 _ 9 0 11 4 8 5 
[00336445] 5 | 7 1 _ 10 _ _ _ 0 11 4 8 3 
[00336446] 4 | 7 1 5 10 _ _ _ 0 11 4 8 3 
[00336447] 3 | 7 1 5 10 6 9 _ 0 11 4 8 3 
[00336448] 3 | 7 1 5 10 9 6 _ 0 11 4 8 3 
[00336449] 3 | 7 1 5 10 6 _ 9 0 11 4 8 3 
[00336450] 3 | 7 1 5 10 9 _ 6 0 11 4 8 3 
[00336451] 4 | 7 1 _ 10 6 _ _ 0 11 4 8 3 
[00336452] 3 | 7 1 _ 10 6 9 _ 0 11 4 8 3 
[00336453] 3 | 7 1 _ 10 6 _ 9 0 11 4 8 3 
[00336454] 4 | 7 1 _ 10 2 6 _ 0 11 4 8 3 
[00336455] 3 | 7 1 _ 10 2 6 5 0 11 4 8 3 
[00336456] 4 | 7 1 _ 10 5 9 _ 0 11 4 8 3 
[00336457] 3 | 7 1 _ 10 5 9 2 0 11 4 8 3 
[00336458] 4 | 7 1 _ 10 6 2 _ 0 11 4 8 3 
[00336459] 3 | 7 1 _ 10 6 2 9 0 11 4 8 3 
[00336460] 4 | 7 1 _ 10 9 5 _ 0 11 4 8 3 
[00336461] 3 | 7 1 _ 10 9 5 6 0 11 4 8 3 
[00336462] 4 | 7 1 _ 10 2 _ 6 0 11 4 8 3 
[00336463] 3 | 7 1 _ 10 2 5 6 0 11 4 8 3 
[00336464] 4 | 7 1 _ 10 5 _ 9 0 11 4 8 3 
[00336465] 3 | 7 1 _ 10 5 2 9 0 11 4 8 3 
[00336466] 4 | 7 1 _ 10 6 _ 2 0 11 4 8 3 
[00336467] 3 | 7 1 _ 10 6 9 2 0 11 4 8 3 
[00336468] 4 | 7 1 _ 10 9 _ 5 0 11 4 8 3 
[00336469] 3 | 7 1 _ 10 9 6 5 0 11 4 8 3 
[00336470] 6 | _ 1 7 10 _ _ _ 0 11 4 8 _ 
[00336471] 5 | 6 1 7 10 _ _ _ 0 11 4 8 _ 
[00336472] 4 | 6 1 7 10 5 9 _ 0 11 4 8 _ 
[00336473] 3 | 6 1 7 10 5 9 2 0 11 4 8 _ 
[00336474] 3 | 6 1 7 10 5 9 8 0 11 4 8 _ 
[00336475] 3 | 6 1 7 10 5 9 _ 0 11 4 8 5 
[00336476] 4 | 6 1 7 10 9 5 _ 0 11 4 8 _ 
[00336477] 4 | 6 1 7 10 5 _ 9 0 11 4 8 _ 
[00336478] 3 | 6 1 7 10 5 2 9 0 11 4 8 _ 
[00336479] 3 | 6 1 7 10 5 8 9 0 11 4 8 _ 
[00336480] 3 | 6 1 7 10 5 _ 9 0 11 4 8 5 
[00336481] 4 | 6 1 7 10 9 _ 5 0 11 4 8 _ 
[00336482] 5 | _ 1 7 10 5 _ _ 0 11 4 8 _ 
[00336483] 4 | 5 1 7 10 5 _ _ 0 11 4 8 _ 
[00336484] 4 | _ 1 7 10 5 1 _ 0 11 4 8 _ 
[00336485] 3 | _ 1 7 10 5 1 2 0 11 4 8 _ 
[00336486] 2 | _ 1 7 10 5 1 2 0 11 4 8 6 
[00336487] 3 | _ 1 7 10 5 1 8 0 11 4 8 _ 
[00336488] 3 | _ 1 7 10 5 1 _ 0 11 4 8 5 
[00336489] 4 | _ 1 7 10 5 9 _ 0 11 4 8 _ 
[00336490] 3 | _ 1 7 10 5 9 2 0 11 4 8 _ 
[00336491] 2 | 3 1 7 10 5 9 2 0 11 4 8 _ 
[00336492] 2 | _ 1 7 10 5 9 2 0 11 4 8 6 
[00336493] 3 | _ 1 7 10 5 9 8 0 11 4 8 _ 
[00336494] 2 | 3 1 7 10 5 9 8 0 11 4 8 _ 
[00336495] 3 | _ 1 7 10 5 9 _ 0 11 4 8 5 
[00336496] 2 | 3 1 7 10 5 9 _ 0 11 4 8 5 
[00336497] 4 | _ 1 7 10 5 _ 1 0 11 4 8 _ 
[00336498] 3 | _ 1 7 10 5 2 1 0 11 4 8 _ 
[00336499] 2 | _ 1 7 10 5 2 1 0 11 4 8 6 
[00336500] 3 | _ 1 7 10 5 8 1 0 11 4 8 _ 
[00336501] 3 | _ 1 7 10 5 _ 1 0 11 4 8 5 
[00336502] 4 | _ 1 7 10 5 _ 9 0 11 4 8 _ 
[00336503] 3 | _ 1 7 10 5 2 9 0 11 4 8 _ 
[00336504] 2 | 3 1 7 10 5 2 9 0 11 4 8 _ 
[00336505] 2 | _ 1 7 10 5 2 9 0 11 4 8 6 
[00336506] 3 | _ 1 7 10 5 8 9 0 11 4 8 _ 
[00336507] 2 | 3 1 7 10 5 8 9 0 11 4 8 _ 
[00336508] 3 | _ 1 7 10 5 _ 9 0 11 4 8 5 
[00336509] 2 | 3 1 7 10 5 _ 9 0 11 4 8 5 
[00336510] 5 | _ 1 7 10 _ _ _ 0 11 4 8 3 
[00336511] 4 | 5 1 7 10 _ _ _ 0 11 4 8 3 
[00336512] 3 | 5 1 7 10 6 9 _ 0 11 4 8 3 
[00336513] 3 | 5 1 7 10 9 6 _ 0 11 4 8 3 
[00336514] 3 | 5 1 7 10 6 _ 9 0 11 4 8 3 
[00336515] 3 | 5 1 7 10 9 _ 6 0 11 4 8 3 
[00336516] 4 | _ 1 7 10 6 _ _ 0 11 4 8 3 
[00336517] 3 | _ 1 7 10 6 9 _ 0 11 4 8 3 
[00336518] 3 | _ 1 7 10 6 _ 9 0 11 4 8 3 
[00336519] 4 | _ 1 7 10 2 6 _ 0 11 4 8 3 
[00336520] 3 | _ 1 7 10 2 6 5 0 11 4 8 3 
[00336521] 4 | _ 1 7 10 5 9 _ 0 11 4 8 3 
[00336522] 3 | _ 1 7 10 5 9 2 0 11 4 8 3 
[00336523] 4 | _ 1 7 10 6 2 _ 0 11 4 8 3 
[00336524] 3 | _ 1 7 10 6 2 9 0 11 4 8 3 
[00336525] 4 | _ 1 7 10 9 5 _ 0 11 4 8 3 
[00336526] 3 | _ 1 7 10 9 5 6 0 11 4 8 3 
[00336527] 4 | _ 1 7 10 2 _ 6 0 11 4 8 3 
[00336528] 3 | _ 1 7 10 2 5 6 0 11 4 8 3 
[00336529] 4 | _ 1 7 10 5 _ 9 0 11 4 8 3 
[00336530] 3 | _ 1 7 10 5 2 9 0 11 4 8 3 
[00336531] 4 | _ 1 7 10 6 _ 2 0 11 4 8 3 
[00336532] 3 | _ 1 7 10 6 9 2 0 11 4 8 3 
[00336533] 4 | _ 1 7 10 9 _ 5 0 11 4 8 3 
[00336534] 3 | _ 1 7 10 9 6 5 0 11 4 8 3 
[00336535] 6 | _ 1 _ 10 3 9 _ 0 11 4 8 _ 
[00336536] 5 | 6 1 _ 10 3 9 _ 0 11 4 8 _ 
[00336537] 4 | 6 1 5 10 3 9 _ 0 11 4 8 _ 
[00336538] 4 | 6 1 _ 10 3 9 7 0 11 4 8 _ 
[00336539] 3 | 6 1 _ 10 3 9 7 0 11 4 8 5 
[00336540] 5 | _ 1 6 10 3 9 _ 0 11 4 8 _ 
[00336541] 4 | 5 1 6 10 3 9 _ 0 11 4 8 _ 
[00336542] 4 | _ 1 6 10 3 9 7 0 11 4 8 _ 
[00336543] 3 | _ 1 6 10 3 9 7 0 11 4 8 5 
[00336544] 5 | _ 1 _ 10 3 9 8 0 11 4 8 _ 
[00336545] 4 | 5 1 _ 10 3 9 8 0 11 4 8 _ 
[00336546] 4 | _ 1 5 10 3 9 8 0 11 4 8 _ 
[00336547] 5 | _ 1 _ 10 3 9 _ 0 11 4 8 3 
[00336548] 4 | 5 1 _ 10 3 9 _ 0 11 4 8 3 
[00336549] 4 | _ 1 5 10 3 9 _ 0 11 4 8 3 
[00336550] 6 | _ 1 _ 10 9 3 _ 0 11 4 8 _ 
[00336551] 5 | 6 1 _ 10 9 3 _ 0 11 4 8 _ 
[00336552] 4 | 6 1 5 10 9 3 _ 0 11 4 8 _ 
[00336553] 4 | 6 1 _ 10 9 3 5 0 11 4 8 _ 
[00336554] 5 | _ 1 6 10 9 3 _ 0 11 4 8 _ 
[00336555] 4 | 5 1 6 10 9 3 _ 0 11 4 8 _ 
[00336556] 4 | _ 1 6 10 9 3 5 0 11 4 8 _ 
[00336557] 6 | _ 1 _ 10 3 _ 9 0 11 4 8 _ 
[00336558] 5 | 6 1 _ 10 3 _ 9 0 11 4 8 _ 
[00336559] 4 | 6 1 5 10 3 _ 9 0 11 4 8 _ 
[00336560] 4 | 6 1 _ 10 3 7 9 0 11 4 8 _ 
[00336561] 3 | 6 1 _ 10 3 7 9 0 11 4 8 5 
[00336562] 5 | _ 1 6 10 3 _ 9 0 11 4 8 _ 
[00336563] 4 | 5 1 6 10 3 _ 9 0 11 4 8 _ 
[00336564] 4 | _ 1 6 10 3 7 9 0 11 4 8 _ 
[00336565] 3 | _ 1 6 10 3 7 9 0 11 4 8 5 
[00336566] 5 | _ 1 _ 10 3 8 9 0 11 4 8 _ 
[00336567] 4 | 5 1 _ 10 3 8 9 0 11 4 8 _ 
[00336568] 4 | _ 1 5 10 3 8 9 0 11 4 8 _ 
[00336569] 5 | _ 1 _ 10 3 _ 9 0 11 4 8 3 
[00336570] 4 | 5 1 _ 10 3 _ 9 0 11 4 8 3 
[00336571] 4 | _ 1 5 10 3 _ 9 0 11 4 8 3 
[00336572] 6 | _ 1 _ 10 9 _ 3 0 11 4 8 _ 
[00336573] 5 | 6 1 _ 10 9 _ 3 0 11 4 8 _ 
[00336574] 4 | 6 1 5 10 9 _ 3 0 11 4 8 _ 
[00336575] 4 | 6 1 _ 10 9 5 3 0 11 4 8 _ 
[00336576] 5 | _ 1 6 10 9 _ 3 0 11 4 8 _ 
[00336577] 4 | 5 1 6 10 9 _ 3 0 11 4 8 _ 
[00336578] 4 | _ 1 6 10 9 5 3 0 11 4 8 _ 
[00336579] 6 | _ 1 _ 10 _ _ _ 0 11 4 8 2 
[00336580] 5 | 6 1 _ 10 _ _ _ 0 11 4 8 2 
[00336581] 4 | 6 1 5 10 _ _ _ 0 11 4 8 2 
[00336582] 3 | 6 1 5 10 7 _ _ 0 11 4 8 2 
[00336583] 2 | 6 1 5 10 7 9 _ 0 11 4 8 2 
[00336584] 2 | 6 1 5 10 7 _ 9 0 11 4 8 2 
[00336585] 4 | 6 1 _ 10 3 7 _ 0 11 4 8 2 
[00336586] 4 | 6 1 _ 10 5 9 _ 0 11 4 8 2 
[00336587] 4 | 6 1 _ 10 7 3 _ 0 11 4 8 2 
[00336588] 4 | 6 1 _ 10 9 5 _ 0 11 4 8 2 
[00336589] 4 | 6 1 _ 10 3 _ 7 0 11 4 8 2 
[00336590] 4 | 6 1 _ 10 5 _ 9 0 11 4 8 2 
[00336591] 4 | 6 1 _ 10 7 _ 3 0 11 4 8 2 
[00336592] 4 | 6 1 _ 10 9 _ 5 0 11 4 8 2 
[00336593] 5 | _ 1 6 10 _ _ _ 0 11 4 8 2 
[00336594] 4 | 5 1 6 10 _ _ _ 0 11 4 8 2 
[00336595] 3 | 5 1 6 10 7 _ _ 0 11 4 8 2 
[00336596] 2 | 5 1 6 10 7 9 _ 0 11 4 8 2 
[00336597] 2 | 5 1 6 10 7 _ 9 0 11 4 8 2 
[00336598] 4 | _ 1 6 10 3 7 _ 0 11 4 8 2 
[00336599] 4 | _ 1 6 10 5 9 _ 0 11 4 8 2 
[00336600] 4 | _ 1 6 10 7 3 _ 0 11 4 8 2 
[00336601] 4 | _ 1 6 10 9 5 _ 0 11 4 8 2 
[00336602] 4 | _ 1 6 10 3 _ 7 0 11 4 8 2 
[00336603] 4 | _ 1 6 10 5 _ 9 0 11 4 8 2 
[00336604] 4 | _ 1 6 10 7 _ 3 0 11 4 8 2 
[00336605] 4 | _ 1 6 10 9 _ 5 0 11 4 8 2 
[00336606] 5 | _ 1 _ 10 5 _ _ 0 11 4 8 2 
[00336607] 4 | 5 1 _ 10 5 _ _ 0 11 4 8 2 
[00336608] 4 | _ 1 5 10 5 _ _ 0 11 4 8 2 
[00336609] 4 | _ 1 _ 10 5 1 _ 0 11 4 8 2 
[00336610] 4 | _ 1 _ 10 5 9 _ 0 11 4 8 2 
[00336611] 4 | _ 1 _ 10 5 _ 1 0 11 4 8 2 
[00336612] 4 | _ 1 _ 10 5 _ 9 0 11 4 8 2 
[00336613] 7 | _ 1 _ 10 _ _ _ 0 11 _ 8 1 
[00336614] 6 | _ 1 _ 10 4 _ _ 0 11 _ 8 1 
[00336615] 5 | _ 1 _ 10 4 9 _ 0 11 _ 8 1 
[00336616] 4 | _ 1 _ 10 4 9 _ 0 11 7 8 1 
[00336617] 5 | _ 1 _ 10 4 _ 9 0 11 _ 8 1 
[00336618] 4 | _ 1 _ 10 4 _ 9 0 11 7 8 1 
[00336619] 5 | _ 1 _ 10 4 _ _ 0 11 6 8 1 
[00336620] 6 | _ 1 _ 10 3 9 _ 0 11 _ 8 1 
[00336621] 5 | _ 1 _ 10 3 9 _ 0 11 6 8 1 
[00336622] 4 | _ 1 _ 10 3 9 7 0 11 6 8 1 
[00336623] 6 | _ 1 _ 10 9 3 _ 0 11 _ 8 1 
[00336624] 5 | _ 1 _ 10 9 3 4 0 11 _ 8 1 
[00336625] 4 | _ 1 _ 10 9 3 4 0 11 7 8 1 
[00336626] 5 | _ 1 _ 10 9 3 _ 0 11 6 8 1 
[00336627] 4 | _ 1 _ 10 9 3 5 0 11 6 8 1 
[00336628] 6 | _ 1 _ 10 3 _ 9 0 11 _ 8 1 
[00336629] 5 | _ 1 _ 10 3 _ 9 0 11 6 8 1 
[00336630] 4 | _ 1 _ 10 3 7 9 0 11 6 8 1 
[00336631] 6 | _ 1 _ 10 9 _ 3 0 11 _ 8 1 
[00336632] 5 | _ 1 _ 10 9 4 3 0 11 _ 8 1 
[00336633] 4 | _ 1 _ 10 9 4 3 0 11 7 8 1 
[00336634] 5 | _ 1 _ 10 9 _ 3 0 11 6 8 1 
[00336635] 4 | _ 1 _ 10 9 5 3 0 11 6 8 1 
[00336636] 6 | _ 1 _ 10 _ _ _ 0 11 5 8 1 
[00336637] 5 | _ 1 _ 10 2 7 _ 0 11 5 8 1 
[00336638] 4 | _ 1 _ 10 2 7 6 0 11 5 8 1 
[00336639] 5 | _ 1 _ 10 4 9 _ 0 11 5 8 1 
[00336640] 5 | _ 1 _ 10 7 2 _ 0 11 5 8 1 
[00336641] 4 | _ 1 _ 10 7 2 3 0 11 5 8 1 
[00336642] 5 | _ 1 _ 10 9 4 _ 0 11 5 8 1 
[00336643] 5 | _ 1 _ 10 2 _ 7 0 11 5 8 1 
[00336644] 4 | _ 1 _ 10 2 6 7 0 11 5 8 1 
[00336645] 5 | _ 1 _ 10 4 _ 9 0 11 5 8 1 
[00336646] 5 | _ 1 _ 10 7 _ 2 0 11 5 8 1 
[00336647] 4 | _ 1 _ 10 7 3 2 0 11 5 8 1 
[00336648] 5 | _ 1 _ 10 9 _ 4 0 11 5 8 1 
[00336649] 9 | _ _ _ 10 1 _ _ 0 11 _ _ _ 
[00336650] 8 | _ 2 _ 10 1 _ _ 0 11 _ _ _ 
[00336651] 7 | 9 2 _ 10 1 _ _ 0 11 _ _ _ 
[00336652] 6 | 9 2 8 10 1 _ _ 0 11 _ _ _ 
[00336653] 5 | 9 2 8 10 1 6 _ 0 11 _ _ _ 
[00336654] 4 | 9 2 8 10 1 6 5 0 11 _ _ _ 
[00336655] 3 | 9 2 8 10 1 6 5 0 11 _ 3 _ 
[00336656] 3 | 9 2 8 10 1 6 5 0 11 _ 4 7 
[00336657] 3 | 9 2 8 10 1 6 5 0 11 _ 7 4 
[00336658] 4 | 9 2 8 10 1 6 _ 0 11 7 _ _ 
[00336659] 3 | 9 2 8 10 1 6 4 0 11 7 _ _ 
[00336660] 2 | 9 2 8 10 1 6 4 0 11 7 3 5 
[00336661] 2 | 9 2 8 10 1 6 4 0 11 7 5 3 
[00336662] 3 | 9 2 8 10 1 6 _ 0 11 7 3 _ 
[00336663] 2 | 9 2 8 10 1 6 3 0 11 7 3 _ 
[00336664] 2 | 9 2 8 10 1 6 _ 0 11 7 3 1 
[00336665] 2 | 9 2 8 10 1 6 _ 0 11 7 3 5 
[00336666] 4 | 9 2 8 10 1 6 _ 0 11 _ 4 _ 
[00336667] 3 | 9 2 8 10 1 6 4 0 11 _ 4 _ 
[00336668] 3 | 9 2 8 10 1 6 _ 0 11 _ 4 1 
[00336669] 3 | 9 2 8 10 1 6 _ 0 11 _ 4 7 
