[00280870] 4 | 8 1 5 11 2 7 _ 0 8 _ 6 _ 
[00280871] 3 | 8 1 5 11 2 7 _ 0 8 _ 6 3 
[00280872] 2 | 8 1 5 11 2 7 4 0 8 _ 6 3 
[00280873] 3 | 8 1 5 11 2 7 _ 0 8 _ 6 9 
[00280874] 2 | 8 1 5 11 2 7 4 0 8 _ 6 9 
[00280875] 4 | 8 1 _ 11 2 7 6 0 8 _ 6 _ 
[00280876] 3 | 8 1 4 11 2 7 6 0 8 _ 6 _ 
[00280877] 4 | 8 1 _ 11 2 7 _ 0 8 _ 6 2 
[00280878] 3 | 8 1 4 11 2 7 _ 0 8 _ 6 2 
[00280879] 4 | 8 1 _ 11 2 7 _ 0 8 _ 6 10 
[00280880] 3 | 8 1 4 11 2 7 _ 0 8 _ 6 10 
[00280881] 3 | 8 1 _ 11 2 7 5 0 8 _ 6 10 
[00280882] 2 | 8 1 3 11 2 7 5 0 8 _ 6 10 
[00280883] 5 | 8 1 _ 11 2 _ 7 0 8 _ 6 _ 
[00280884] 4 | 8 1 5 11 2 _ 7 0 8 _ 6 _ 
[00280885] 3 | 8 1 5 11 2 _ 7 0 8 _ 6 3 
[00280886] 2 | 8 1 5 11 2 4 7 0 8 _ 6 3 
[00280887] 3 | 8 1 5 11 2 _ 7 0 8 _ 6 9 
[00280888] 2 | 8 1 5 11 2 4 7 0 8 _ 6 9 
[00280889] 4 | 8 1 _ 11 2 6 7 0 8 _ 6 _ 
[00280890] 3 | 8 1 4 11 2 6 7 0 8 _ 6 _ 
[00280891] 4 | 8 1 _ 11 2 _ 7 0 8 _ 6 2 
[00280892] 3 | 8 1 4 11 2 _ 7 0 8 _ 6 2 
[00280893] 4 | 8 1 _ 11 2 _ 7 0 8 _ 6 10 
[00280894] 3 | 8 1 4 11 2 _ 7 0 8 _ 6 10 
[00280895] 3 | 8 1 _ 11 2 5 7 0 8 _ 6 10 
[00280896] 2 | 8 1 3 11 2 5 7 0 8 _ 6 10 
[00280897] 5 | 8 1 _ 11 2 _ _ 0 8 _ 6 1 
[00280898] 6 | 8 1 _ 11 2 _ _ 0 8 _ 3 9 
[00280899] 5 | 8 1 6 11 2 _ _ 0 8 _ 3 9 
[00280900] 5 | 8 1 _ 11 2 7 _ 0 8 _ 3 9 
[00280901] 4 | 8 1 5 11 2 7 _ 0 8 _ 3 9 
[00280902] 4 | 8 1 _ 11 2 7 6 0 8 _ 3 9 
[00280903] 3 | 8 1 4 11 2 7 6 0 8 _ 3 9 
[00280904] 5 | 8 1 _ 11 2 _ 7 0 8 _ 3 9 
[00280905] 4 | 8 1 5 11 2 _ 7 0 8 _ 3 9 
[00280906] 4 | 8 1 _ 11 2 6 7 0 8 _ 3 9 
[00280907] 3 | 8 1 4 11 2 6 7 0 8 _ 3 9 
[00280908] 6 | 8 1 _ 11 2 _ _ 0 8 _ 4 10 
[00280909] 5 | 8 1 6 11 2 _ _ 0 8 _ 4 10 
[00280910] 5 | 8 1 _ 11 2 7 _ 0 8 _ 4 10 
[00280911] 4 | 8 1 5 11 2 7 _ 0 8 _ 4 10 
[00280912] 4 | 8 1 _ 11 2 7 6 0 8 _ 4 10 
[00280913] 5 | 8 1 _ 11 2 _ 7 0 8 _ 4 10 
[00280914] 4 | 8 1 5 11 2 _ 7 0 8 _ 4 10 
[00280915] 4 | 8 1 _ 11 2 6 7 0 8 _ 4 10 
[00280916] 6 | 8 1 _ 11 2 _ _ 0 8 _ 9 3 
[00280917] 5 | 8 1 6 11 2 _ _ 0 8 _ 9 3 
[00280918] 5 | 8 1 _ 11 2 7 _ 0 8 _ 9 3 
[00280919] 4 | 8 1 5 11 2 7 _ 0 8 _ 9 3 
[00280920] 4 | 8 1 _ 11 2 7 6 0 8 _ 9 3 
[00280921] 3 | 8 1 4 11 2 7 6 0 8 _ 9 3 
[00280922] 5 | 8 1 _ 11 2 _ 7 0 8 _ 9 3 
[00280923] 4 | 8 1 5 11 2 _ 7 0 8 _ 9 3 
[00280924] 4 | 8 1 _ 11 2 6 7 0 8 _ 9 3 
[00280925] 3 | 8 1 4 11 2 6 7 0 8 _ 9 3 
[00280926] 6 | 8 1 _ 11 2 _ _ 0 8 _ 10 4 
[00280927] 5 | 8 1 6 11 2 _ _ 0 8 _ 10 4 
[00280928] 5 | 8 1 _ 11 2 7 _ 0 8 _ 10 4 
[00280929] 4 | 8 1 5 11 2 7 _ 0 8 _ 10 4 
[00280930] 4 | 8 1 _ 11 2 7 6 0 8 _ 10 4 
[00280931] 5 | 8 1 _ 11 2 _ 7 0 8 _ 10 4 
[00280932] 4 | 8 1 5 11 2 _ 7 0 8 _ 10 4 
[00280933] 4 | 8 1 _ 11 2 6 7 0 8 _ 10 4 
[00280934] 7 | _ 1 8 11 2 _ _ 0 8 _ _ _ 
[00280935] 6 | 7 1 8 11 2 _ _ 0 8 _ _ _ 
[00280936] 5 | 7 1 8 11 2 _ _ 0 8 _ 5 _ 
[00280937] 4 | 7 1 8 11 2 6 _ 0 8 _ 5 _ 
[00280938] 3 | 7 1 8 11 2 6 5 0 8 _ 5 _ 
[00280939] 3 | 7 1 8 11 2 6 _ 0 8 _ 5 2 
[00280940] 4 | 7 1 8 11 2 _ 6 0 8 _ 5 _ 
[00280941] 3 | 7 1 8 11 2 5 6 0 8 _ 5 _ 
[00280942] 3 | 7 1 8 11 2 _ 6 0 8 _ 5 2 
[00280943] 4 | 7 1 8 11 2 _ _ 0 8 _ 5 9 
[00280944] 5 | 7 1 8 11 2 _ _ 0 8 _ 4 9 
[00280945] 4 | 7 1 8 11 2 6 _ 0 8 _ 4 9 
[00280946] 3 | 7 1 8 11 2 6 5 0 8 _ 4 9 
[00280947] 4 | 7 1 8 11 2 _ 6 0 8 _ 4 9 
[00280948] 3 | 7 1 8 11 2 5 6 0 8 _ 4 9 
[00280949] 5 | 7 1 8 11 2 _ _ 0 8 _ 5 10 
[00280950] 4 | 7 1 8 11 2 6 _ 0 8 _ 5 10 
[00280951] 4 | 7 1 8 11 2 _ 6 0 8 _ 5 10 
[00280952] 5 | 7 1 8 11 2 _ _ 0 8 _ 9 4 
[00280953] 4 | 7 1 8 11 2 6 _ 0 8 _ 9 4 
[00280954] 3 | 7 1 8 11 2 6 5 0 8 _ 9 4 
[00280955] 4 | 7 1 8 11 2 _ 6 0 8 _ 9 4 
[00280956] 3 | 7 1 8 11 2 5 6 0 8 _ 9 4 
[00280957] 5 | 7 1 8 11 2 _ _ 0 8 _ 10 5 
[00280958] 4 | 7 1 8 11 2 6 _ 0 8 _ 10 5 
[00280959] 4 | 7 1 8 11 2 _ 6 0 8 _ 10 5 
[00280960] 6 | _ 1 8 11 2 _ _ 0 8 _ 6 _ 
[00280961] 5 | 6 1 8 11 2 _ _ 0 8 _ 6 _ 
[00280962] 5 | _ 1 8 11 2 7 _ 0 8 _ 6 _ 
[00280963] 4 | 5 1 8 11 2 7 _ 0 8 _ 6 _ 
[00280964] 3 | 5 1 8 11 2 7 _ 0 8 _ 6 3 
[00280965] 2 | 5 1 8 11 2 7 4 0 8 _ 6 3 
[00280966] 3 | 5 1 8 11 2 7 _ 0 8 _ 6 9 
[00280967] 2 | 5 1 8 11 2 7 4 0 8 _ 6 9 
[00280968] 4 | _ 1 8 11 2 7 6 0 8 _ 6 _ 
[00280969] 3 | 4 1 8 11 2 7 6 0 8 _ 6 _ 
[00280970] 4 | _ 1 8 11 2 7 _ 0 8 _ 6 2 
[00280971] 3 | 4 1 8 11 2 7 _ 0 8 _ 6 2 
[00280972] 4 | _ 1 8 11 2 7 _ 0 8 _ 6 10 
[00280973] 3 | 4 1 8 11 2 7 _ 0 8 _ 6 10 
[00280974] 3 | _ 1 8 11 2 7 5 0 8 _ 6 10 
[00280975] 2 | 3 1 8 11 2 7 5 0 8 _ 6 10 
[00280976] 5 | _ 1 8 11 2 _ 7 0 8 _ 6 _ 
[00280977] 4 | 5 1 8 11 2 _ 7 0 8 _ 6 _ 
[00280978] 3 | 5 1 8 11 2 _ 7 0 8 _ 6 3 
[00280979] 2 | 5 1 8 11 2 4 7 0 8 _ 6 3 
[00280980] 3 | 5 1 8 11 2 _ 7 0 8 _ 6 9 
[00280981] 2 | 5 1 8 11 2 4 7 0 8 _ 6 9 
[00280982] 4 | _ 1 8 11 2 6 7 0 8 _ 6 _ 
[00280983] 3 | 4 1 8 11 2 6 7 0 8 _ 6 _ 
[00280984] 4 | _ 1 8 11 2 _ 7 0 8 _ 6 2 
[00280985] 3 | 4 1 8 11 2 _ 7 0 8 _ 6 2 
[00280986] 4 | _ 1 8 11 2 _ 7 0 8 _ 6 10 
[00280987] 3 | 4 1 8 11 2 _ 7 0 8 _ 6 10 
[00280988] 3 | _ 1 8 11 2 5 7 0 8 _ 6 10 
[00280989] 2 | 3 1 8 11 2 5 7 0 8 _ 6 10 
[00280990] 5 | _ 1 8 11 2 _ _ 0 8 _ 6 1 
[00280991] 6 | _ 1 8 11 2 _ _ 0 8 _ 3 9 
[00280992] 5 | 6 1 8 11 2 _ _ 0 8 _ 3 9 
[00280993] 5 | _ 1 8 11 2 7 _ 0 8 _ 3 9 
[00280994] 4 | 5 1 8 11 2 7 _ 0 8 _ 3 9 
[00280995] 4 | _ 1 8 11 2 7 6 0 8 _ 3 9 
[00280996] 3 | 4 1 8 11 2 7 6 0 8 _ 3 9 
[00280997] 5 | _ 1 8 11 2 _ 7 0 8 _ 3 9 
[00280998] 4 | 5 1 8 11 2 _ 7 0 8 _ 3 9 
[00280999] 4 | _ 1 8 11 2 6 7 0 8 _ 3 9 
[00281000] 3 | 4 1 8 11 2 6 7 0 8 _ 3 9 
[00281001] 6 | _ 1 8 11 2 _ _ 0 8 _ 4 10 
[00281002] 5 | 6 1 8 11 2 _ _ 0 8 _ 4 10 
[00281003] 5 | _ 1 8 11 2 7 _ 0 8 _ 4 10 
[00281004] 4 | 5 1 8 11 2 7 _ 0 8 _ 4 10 
[00281005] 4 | _ 1 8 11 2 7 6 0 8 _ 4 10 
[00281006] 5 | _ 1 8 11 2 _ 7 0 8 _ 4 10 
[00281007] 4 | 5 1 8 11 2 _ 7 0 8 _ 4 10 
[00281008] 4 | _ 1 8 11 2 6 7 0 8 _ 4 10 
[00281009] 6 | _ 1 8 11 2 _ _ 0 8 _ 9 3 
[00281010] 5 | 6 1 8 11 2 _ _ 0 8 _ 9 3 
[00281011] 5 | _ 1 8 11 2 7 _ 0 8 _ 9 3 
[00281012] 4 | 5 1 8 11 2 7 _ 0 8 _ 9 3 
[00281013] 4 | _ 1 8 11 2 7 6 0 8 _ 9 3 
[00281014] 3 | 4 1 8 11 2 7 6 0 8 _ 9 3 
[00281015] 5 | _ 1 8 11 2 _ 7 0 8 _ 9 3 
[00281016] 4 | 5 1 8 11 2 _ 7 0 8 _ 9 3 
[00281017] 4 | _ 1 8 11 2 6 7 0 8 _ 9 3 
[00281018] 3 | 4 1 8 11 2 6 7 0 8 _ 9 3 
[00281019] 6 | _ 1 8 11 2 _ _ 0 8 _ 10 4 
[00281020] 5 | 6 1 8 11 2 _ _ 0 8 _ 10 4 
[00281021] 5 | _ 1 8 11 2 7 _ 0 8 _ 10 4 
[00281022] 4 | 5 1 8 11 2 7 _ 0 8 _ 10 4 
[00281023] 4 | _ 1 8 11 2 7 6 0 8 _ 10 4 
[00281024] 5 | _ 1 8 11 2 _ 7 0 8 _ 10 4 
[00281025] 4 | 5 1 8 11 2 _ 7 0 8 _ 10 4 
[00281026] 4 | _ 1 8 11 2 6 7 0 8 _ 10 4 
[00281027] 7 | _ 1 _ 11 2 9 _ 0 8 _ _ _ 
[00281028] 6 | 7 1 _ 11 2 9 _ 0 8 _ _ _ 
[00281029] 5 | 7 1 6 11 2 9 _ 0 8 _ _ _ 
[00281030] 4 | 7 1 6 11 2 9 _ 0 8 4 _ _ 
[00281031] 3 | 7 1 6 11 2 9 5 0 8 4 _ _ 
[00281032] 3 | 7 1 6 11 2 9 _ 0 8 4 3 _ 
[00281033] 2 | 7 1 6 11 2 9 _ 0 8 4 3 5 
[00281034] 4 | 7 1 6 11 2 9 _ 0 8 _ 4 _ 
[00281035] 3 | 7 1 6 11 2 9 5 0 8 _ 4 _ 
[00281036] 2 | 7 1 6 11 2 9 5 0 8 10 4 _ 
[00281037] 1 | 7 1 6 11 2 9 5 0 8 10 4 3  *Graceful*
[00281037] 3 | 7 1 6 11 2 9 _ 0 8 5 4 _ 
[00281038] 2 | 7 1 6 11 2 9 4 0 8 5 4 _ 
[00281039] 2 | 7 1 6 11 2 9 _ 0 8 5 4 2 
[00281040] 5 | 7 1 _ 11 2 9 _ 0 8 3 _ _ 
[00281041] 4 | 7 1 5 11 2 9 _ 0 8 3 _ _ 
[00281042] 4 | 7 1 _ 11 2 9 6 0 8 3 _ _ 
[00281043] 3 | 7 1 4 11 2 9 6 0 8 3 _ _ 
[00281044] 4 | 7 1 _ 11 2 9 _ 0 8 3 4 _ 
[00281045] 3 | 7 1 4 11 2 9 _ 0 8 3 4 _ 
[00281046] 3 | 7 1 _ 11 2 9 5 0 8 3 4 _ 
[00281047] 2 | 7 1 _ 11 2 9 5 0 8 3 4 6 
[00281048] 3 | 7 1 _ 11 2 9 _ 0 8 3 4 1 
[00281049] 4 | 7 1 _ 11 2 9 _ 0 8 3 6 10 
[00281050] 3 | 7 1 4 11 2 9 _ 0 8 3 6 10 
[00281051] 3 | 7 1 _ 11 2 9 5 0 8 3 6 10 
[00281052] 4 | 7 1 _ 11 2 9 _ 0 8 3 10 6 
[00281053] 3 | 7 1 4 11 2 9 _ 0 8 3 10 6 
[00281054] 3 | 7 1 _ 11 2 9 5 0 8 3 10 6 
[00281055] 5 | 7 1 _ 11 2 9 _ 0 8 _ 5 _ 
[00281056] 4 | 7 1 5 11 2 9 _ 0 8 _ 5 _ 
[00281057] 4 | 7 1 _ 11 2 9 6 0 8 _ 5 _ 
[00281058] 3 | 7 1 4 11 2 9 6 0 8 _ 5 _ 
[00281059] 2 | 7 1 4 11 2 9 6 0 8 10 5 _ 
[00281060] 2 | 7 1 4 11 2 9 6 0 8 _ 5 3 
[00281061] 3 | 7 1 _ 11 2 9 6 0 8 5 5 _ 
[00281062] 2 | 7 1 3 11 2 9 6 0 8 5 5 _ 
[00281063] 3 | 7 1 _ 11 2 9 6 0 8 _ 5 8 
[00281064] 2 | 7 1 3 11 2 9 6 0 8 _ 5 8 
[00281065] 4 | 7 1 _ 11 2 9 _ 0 8 4 5 _ 
[00281066] 3 | 7 1 _ 11 2 9 5 0 8 4 5 _ 
[00281067] 2 | 7 1 3 11 2 9 5 0 8 4 5 _ 
[00281068] 3 | 7 1 _ 11 2 9 _ 0 8 4 5 2 
[00281069] 2 | 7 1 3 11 2 9 _ 0 8 4 5 2 
[00281070] 4 | 7 1 _ 11 2 9 _ 0 8 _ 5 1 
[00281071] 5 | 7 1 _ 11 2 9 _ 0 8 _ 5 10 
[00281072] 4 | 7 1 _ 11 2 9 6 0 8 _ 5 10 
[00281073] 3 | 7 1 4 11 2 9 6 0 8 _ 5 10 
[00281074] 4 | 7 1 _ 11 2 9 _ 0 8 4 5 10 
[00281075] 5 | 7 1 _ 11 2 9 _ 0 8 _ 10 5 
[00281076] 4 | 7 1 _ 11 2 9 6 0 8 _ 10 5 
[00281077] 3 | 7 1 4 11 2 9 6 0 8 _ 10 5 
[00281078] 4 | 7 1 _ 11 2 9 _ 0 8 4 10 5 
[00281079] 6 | _ 1 7 11 2 9 _ 0 8 _ _ _ 
[00281080] 5 | 6 1 7 11 2 9 _ 0 8 _ _ _ 
[00281081] 4 | 6 1 7 11 2 9 _ 0 8 4 _ _ 
[00281082] 3 | 6 1 7 11 2 9 5 0 8 4 _ _ 
[00281083] 3 | 6 1 7 11 2 9 _ 0 8 4 3 _ 
[00281084] 2 | 6 1 7 11 2 9 _ 0 8 4 3 5 
[00281085] 4 | 6 1 7 11 2 9 _ 0 8 _ 4 _ 
[00281086] 3 | 6 1 7 11 2 9 5 0 8 _ 4 _ 
[00281087] 2 | 6 1 7 11 2 9 5 0 8 10 4 _ 
[00281088] 1 | 6 1 7 11 2 9 5 0 8 10 4 3  *Graceful*
[00281088] 3 | 6 1 7 11 2 9 _ 0 8 5 4 _ 
[00281089] 2 | 6 1 7 11 2 9 4 0 8 5 4 _ 
[00281090] 2 | 6 1 7 11 2 9 _ 0 8 5 4 2 
[00281091] 5 | _ 1 7 11 2 9 _ 0 8 3 _ _ 
[00281092] 4 | 5 1 7 11 2 9 _ 0 8 3 _ _ 
[00281093] 4 | _ 1 7 11 2 9 6 0 8 3 _ _ 
[00281094] 3 | 4 1 7 11 2 9 6 0 8 3 _ _ 
[00281095] 4 | _ 1 7 11 2 9 _ 0 8 3 4 _ 
[00281096] 3 | 4 1 7 11 2 9 _ 0 8 3 4 _ 
[00281097] 3 | _ 1 7 11 2 9 5 0 8 3 4 _ 
[00281098] 2 | _ 1 7 11 2 9 5 0 8 3 4 6 
[00281099] 3 | _ 1 7 11 2 9 _ 0 8 3 4 1 
[00281100] 4 | _ 1 7 11 2 9 _ 0 8 3 6 10 
[00281101] 3 | 4 1 7 11 2 9 _ 0 8 3 6 10 
[00281102] 3 | _ 1 7 11 2 9 5 0 8 3 6 10 
[00281103] 4 | _ 1 7 11 2 9 _ 0 8 3 10 6 
[00281104] 3 | 4 1 7 11 2 9 _ 0 8 3 10 6 
[00281105] 3 | _ 1 7 11 2 9 5 0 8 3 10 6 
[00281106] 5 | _ 1 7 11 2 9 _ 0 8 _ 5 _ 
[00281107] 4 | 5 1 7 11 2 9 _ 0 8 _ 5 _ 
[00281108] 4 | _ 1 7 11 2 9 6 0 8 _ 5 _ 
[00281109] 3 | 4 1 7 11 2 9 6 0 8 _ 5 _ 
[00281110] 2 | 4 1 7 11 2 9 6 0 8 10 5 _ 
[00281111] 2 | 4 1 7 11 2 9 6 0 8 _ 5 3 
[00281112] 3 | _ 1 7 11 2 9 6 0 8 5 5 _ 
[00281113] 2 | 3 1 7 11 2 9 6 0 8 5 5 _ 
[00281114] 3 | _ 1 7 11 2 9 6 0 8 _ 5 8 
[00281115] 2 | 3 1 7 11 2 9 6 0 8 _ 5 8 
[00281116] 4 | _ 1 7 11 2 9 _ 0 8 4 5 _ 
[00281117] 3 | _ 1 7 11 2 9 5 0 8 4 5 _ 
[00281118] 2 | 3 1 7 11 2 9 5 0 8 4 5 _ 
[00281119] 3 | _ 1 7 11 2 9 _ 0 8 4 5 2 
[00281120] 2 | 3 1 7 11 2 9 _ 0 8 4 5 2 
[00281121] 4 | _ 1 7 11 2 9 _ 0 8 _ 5 1 
[00281122] 5 | _ 1 7 11 2 9 _ 0 8 _ 5 10 
[00281123] 4 | _ 1 7 11 2 9 6 0 8 _ 5 10 
[00281124] 3 | 4 1 7 11 2 9 6 0 8 _ 5 10 
[00281125] 4 | _ 1 7 11 2 9 _ 0 8 4 5 10 
[00281126] 5 | _ 1 7 11 2 9 _ 0 8 _ 10 5 
[00281127] 4 | _ 1 7 11 2 9 6 0 8 _ 10 5 
[00281128] 3 | 4 1 7 11 2 9 6 0 8 _ 10 5 
[00281129] 4 | _ 1 7 11 2 9 _ 0 8 4 10 5 
[00281130] 6 | _ 1 _ 11 2 9 8 0 8 _ _ _ 
[00281131] 5 | 6 1 _ 11 2 9 8 0 8 _ _ _ 
[00281132] 4 | 6 1 5 11 2 9 8 0 8 _ _ _ 
[00281133] 3 | 6 1 5 11 2 9 8 0 8 _ 3 _ 
[00281134] 3 | 6 1 5 11 2 9 8 0 8 _ 4 7 
[00281135] 3 | 6 1 5 11 2 9 8 0 8 _ 7 10 
[00281136] 3 | 6 1 5 11 2 9 8 0 8 _ 7 4 
[00281137] 3 | 6 1 5 11 2 9 8 0 8 _ 10 7 
[00281138] 4 | 6 1 _ 11 2 9 8 0 8 _ 4 _ 
[00281139] 3 | 6 1 4 11 2 9 8 0 8 _ 4 _ 
[00281140] 3 | 6 1 _ 11 2 9 8 0 8 _ 4 1 
[00281141] 3 | 6 1 _ 11 2 9 8 0 8 _ 4 7 
[00281142] 2 | 6 1 3 11 2 9 8 0 8 _ 4 7 
[00281143] 4 | 6 1 _ 11 2 9 8 0 8 _ 3 7 
[00281144] 3 | 6 1 4 11 2 9 8 0 8 _ 3 7 
[00281145] 4 | 6 1 _ 11 2 9 8 0 8 _ 7 3 
[00281146] 3 | 6 1 4 11 2 9 8 0 8 _ 7 3 
[00281147] 5 | _ 1 6 11 2 9 8 0 8 _ _ _ 
[00281148] 4 | 5 1 6 11 2 9 8 0 8 _ _ _ 
[00281149] 3 | 5 1 6 11 2 9 8 0 8 _ 3 _ 
[00281150] 3 | 5 1 6 11 2 9 8 0 8 _ 4 7 
[00281151] 3 | 5 1 6 11 2 9 8 0 8 _ 7 10 
[00281152] 3 | 5 1 6 11 2 9 8 0 8 _ 7 4 
[00281153] 3 | 5 1 6 11 2 9 8 0 8 _ 10 7 
[00281154] 4 | _ 1 6 11 2 9 8 0 8 _ 4 _ 
[00281155] 3 | 4 1 6 11 2 9 8 0 8 _ 4 _ 
[00281156] 3 | _ 1 6 11 2 9 8 0 8 _ 4 1 
[00281157] 3 | _ 1 6 11 2 9 8 0 8 _ 4 7 
[00281158] 2 | 3 1 6 11 2 9 8 0 8 _ 4 7 
[00281159] 4 | _ 1 6 11 2 9 8 0 8 _ 3 7 
[00281160] 3 | 4 1 6 11 2 9 8 0 8 _ 3 7 
[00281161] 4 | _ 1 6 11 2 9 8 0 8 _ 7 3 
[00281162] 3 | 4 1 6 11 2 9 8 0 8 _ 7 3 
[00281163] 5 | _ 1 _ 11 2 9 8 0 8 _ 5 _ 
[00281164] 4 | 5 1 _ 11 2 9 8 0 8 _ 5 _ 
[00281165] 3 | 5 1 4 11 2 9 8 0 8 _ 5 _ 
[00281166] 4 | _ 1 5 11 2 9 8 0 8 _ 5 _ 
[00281167] 3 | 4 1 5 11 2 9 8 0 8 _ 5 _ 
[00281168] 4 | _ 1 _ 11 2 9 8 0 8 _ 5 1 
[00281169] 5 | _ 1 _ 11 2 9 8 0 8 _ 5 10 
[00281170] 5 | _ 1 _ 11 2 9 8 0 8 _ 10 5 
[00281171] 6 | _ 1 _ 11 2 9 _ 0 8 2 _ _ 
[00281172] 5 | 6 1 _ 11 2 9 _ 0 8 2 _ _ 
[00281173] 4 | 6 1 5 11 2 9 _ 0 8 2 _ _ 
[00281174] 3 | 6 1 5 11 2 9 _ 0 8 2 3 _ 
[00281175] 3 | 6 1 5 11 2 9 _ 0 8 2 4 7 
[00281176] 3 | 6 1 5 11 2 9 _ 0 8 2 7 10 
[00281177] 3 | 6 1 5 11 2 9 _ 0 8 2 7 4 
[00281178] 3 | 6 1 5 11 2 9 _ 0 8 2 10 7 
[00281179] 4 | 6 1 _ 11 2 9 _ 0 8 2 4 _ 
[00281180] 3 | 6 1 4 11 2 9 _ 0 8 2 4 _ 
[00281181] 3 | 6 1 _ 11 2 9 _ 0 8 2 4 1 
[00281182] 3 | 6 1 _ 11 2 9 _ 0 8 2 4 7 
[00281183] 2 | 6 1 3 11 2 9 _ 0 8 2 4 7 
[00281184] 4 | 6 1 _ 11 2 9 _ 0 8 2 3 7 
[00281185] 3 | 6 1 4 11 2 9 _ 0 8 2 3 7 
[00281186] 4 | 6 1 _ 11 2 9 _ 0 8 2 7 3 
[00281187] 3 | 6 1 4 11 2 9 _ 0 8 2 7 3 
[00281188] 5 | _ 1 6 11 2 9 _ 0 8 2 _ _ 
[00281189] 4 | 5 1 6 11 2 9 _ 0 8 2 _ _ 
[00281190] 3 | 5 1 6 11 2 9 _ 0 8 2 3 _ 
[00281191] 3 | 5 1 6 11 2 9 _ 0 8 2 4 7 
[00281192] 3 | 5 1 6 11 2 9 _ 0 8 2 7 10 
[00281193] 3 | 5 1 6 11 2 9 _ 0 8 2 7 4 
[00281194] 3 | 5 1 6 11 2 9 _ 0 8 2 10 7 
[00281195] 4 | _ 1 6 11 2 9 _ 0 8 2 4 _ 
[00281196] 3 | 4 1 6 11 2 9 _ 0 8 2 4 _ 
[00281197] 3 | _ 1 6 11 2 9 _ 0 8 2 4 1 
[00281198] 3 | _ 1 6 11 2 9 _ 0 8 2 4 7 
[00281199] 2 | 3 1 6 11 2 9 _ 0 8 2 4 7 
[00281200] 4 | _ 1 6 11 2 9 _ 0 8 2 3 7 
[00281201] 3 | 4 1 6 11 2 9 _ 0 8 2 3 7 
[00281202] 4 | _ 1 6 11 2 9 _ 0 8 2 7 3 
[00281203] 3 | 4 1 6 11 2 9 _ 0 8 2 7 3 
[00281204] 5 | _ 1 _ 11 2 9 _ 0 8 2 5 _ 
[00281205] 4 | 5 1 _ 11 2 9 _ 0 8 2 5 _ 
[00281206] 3 | 5 1 4 11 2 9 _ 0 8 2 5 _ 
[00281207] 4 | _ 1 5 11 2 9 _ 0 8 2 5 _ 
[00281208] 3 | 4 1 5 11 2 9 _ 0 8 2 5 _ 
[00281209] 4 | _ 1 _ 11 2 9 _ 0 8 2 5 1 
[00281210] 5 | _ 1 _ 11 2 9 _ 0 8 2 5 10 
[00281211] 5 | _ 1 _ 11 2 9 _ 0 8 2 10 5 
[00281212] 6 | _ 1 _ 11 2 9 _ 0 8 _ 6 _ 
[00281213] 5 | 6 1 _ 11 2 9 _ 0 8 _ 6 _ 
[00281214] 4 | 6 1 5 11 2 9 _ 0 8 _ 6 _ 
[00281215] 4 | 6 1 _ 11 2 9 _ 0 8 4 6 _ 
[00281216] 3 | 6 1 _ 11 2 9 5 0 8 4 6 _ 
[00281217] 2 | 6 1 3 11 2 9 5 0 8 4 6 _ 
[00281218] 5 | _ 1 6 11 2 9 _ 0 8 _ 6 _ 
[00281219] 4 | 5 1 6 11 2 9 _ 0 8 _ 6 _ 
[00281220] 4 | _ 1 6 11 2 9 _ 0 8 4 6 _ 
[00281221] 3 | _ 1 6 11 2 9 5 0 8 4 6 _ 
[00281222] 2 | 3 1 6 11 2 9 5 0 8 4 6 _ 
[00281223] 5 | _ 1 _ 11 2 9 7 0 8 _ 6 _ 
[00281224] 4 | 5 1 _ 11 2 9 7 0 8 _ 6 _ 
[00281225] 3 | 5 1 4 11 2 9 7 0 8 _ 6 _ 
[00281226] 2 | 5 1 4 11 2 9 7 0 8 6 6 _ 
[00281227] 2 | 5 1 4 11 2 9 7 0 8 10 6 _ 
[00281228] 2 | 5 1 4 11 2 9 7 0 8 _ 6 8 
[00281229] 3 | 5 1 _ 11 2 9 7 0 8 _ 6 3 
[00281230] 2 | 5 1 _ 11 2 9 7 0 8 10 6 3 
[00281231] 4 | _ 1 5 11 2 9 7 0 8 _ 6 _ 
[00281232] 3 | 4 1 5 11 2 9 7 0 8 _ 6 _ 
[00281233] 2 | 4 1 5 11 2 9 7 0 8 6 6 _ 
[00281234] 2 | 4 1 5 11 2 9 7 0 8 10 6 _ 
[00281235] 2 | 4 1 5 11 2 9 7 0 8 _ 6 8 
[00281236] 3 | _ 1 5 11 2 9 7 0 8 _ 6 3 
[00281237] 2 | _ 1 5 11 2 9 7 0 8 10 6 3 
[00281238] 4 | _ 1 _ 11 2 9 7 0 8 4 6 _ 
[00281239] 3 | _ 1 _ 11 2 9 7 0 8 4 6 3 
[00281240] 4 | _ 1 _ 11 2 9 7 0 8 _ 6 10 
[00281241] 3 | 4 1 _ 11 2 9 7 0 8 _ 6 10 
[00281242] 2 | 4 1 3 11 2 9 7 0 8 _ 6 10 
[00281243] 3 | _ 1 4 11 2 9 7 0 8 _ 6 10 
[00281244] 2 | 3 1 4 11 2 9 7 0 8 _ 6 10 
[00281245] 3 | _ 1 _ 11 2 9 7 0 8 5 6 10 
[00281246] 2 | 3 1 _ 11 2 9 7 0 8 5 6 10 
[00281247] 2 | _ 1 3 11 2 9 7 0 8 5 6 10 
[00281248] 5 | _ 1 _ 11 2 9 _ 0 8 3 6 _ 
[00281249] 4 | 5 1 _ 11 2 9 _ 0 8 3 6 _ 
[00281250] 3 | 5 1 4 11 2 9 _ 0 8 3 6 _ 
[00281251] 4 | _ 1 5 11 2 9 _ 0 8 3 6 _ 
[00281252] 3 | 4 1 5 11 2 9 _ 0 8 3 6 _ 
[00281253] 4 | _ 1 _ 11 2 9 6 0 8 3 6 _ 
[00281254] 3 | 4 1 _ 11 2 9 6 0 8 3 6 _ 
[00281255] 3 | _ 1 4 11 2 9 6 0 8 3 6 _ 
[00281256] 4 | _ 1 _ 11 2 9 _ 0 8 3 6 2 
[00281257] 3 | 4 1 _ 11 2 9 _ 0 8 3 6 2 
[00281258] 3 | _ 1 4 11 2 9 _ 0 8 3 6 2 
[00281259] 4 | _ 1 _ 11 2 9 _ 0 8 3 6 10 
[00281260] 3 | 4 1 _ 11 2 9 _ 0 8 3 6 10 
[00281261] 3 | _ 1 4 11 2 9 _ 0 8 3 6 10 
[00281262] 3 | _ 1 _ 11 2 9 5 0 8 3 6 10 
[00281263] 5 | _ 1 _ 11 2 9 _ 0 8 _ 6 1 
[00281264] 4 | _ 1 _ 11 2 9 _ 0 8 4 6 1 
[00281265] 3 | _ 1 _ 11 2 9 5 0 8 4 6 1 
[00281266] 6 | _ 1 _ 11 2 9 _ 0 8 _ 4 10 
[00281267] 5 | 6 1 _ 11 2 9 _ 0 8 _ 4 10 
[00281268] 4 | 6 1 5 11 2 9 _ 0 8 _ 4 10 
[00281269] 5 | _ 1 6 11 2 9 _ 0 8 _ 4 10 
[00281270] 4 | 5 1 6 11 2 9 _ 0 8 _ 4 10 
[00281271] 5 | _ 1 _ 11 2 9 7 0 8 _ 4 10 
[00281272] 4 | 5 1 _ 11 2 9 7 0 8 _ 4 10 
[00281273] 4 | _ 1 5 11 2 9 7 0 8 _ 4 10 
[00281274] 5 | _ 1 _ 11 2 9 _ 0 8 3 4 10 
[00281275] 4 | 5 1 _ 11 2 9 _ 0 8 3 4 10 
[00281276] 4 | _ 1 5 11 2 9 _ 0 8 3 4 10 
[00281277] 4 | _ 1 _ 11 2 9 6 0 8 3 4 10 
[00281278] 6 | _ 1 _ 11 2 9 _ 0 8 _ 10 4 
[00281279] 5 | 6 1 _ 11 2 9 _ 0 8 _ 10 4 
[00281280] 4 | 6 1 5 11 2 9 _ 0 8 _ 10 4 
[00281281] 5 | _ 1 6 11 2 9 _ 0 8 _ 10 4 
[00281282] 4 | 5 1 6 11 2 9 _ 0 8 _ 10 4 
[00281283] 5 | _ 1 _ 11 2 9 7 0 8 _ 10 4 
[00281284] 4 | 5 1 _ 11 2 9 7 0 8 _ 10 4 
[00281285] 4 | _ 1 5 11 2 9 7 0 8 _ 10 4 
[00281286] 5 | _ 1 _ 11 2 9 _ 0 8 3 10 4 
[00281287] 4 | 5 1 _ 11 2 9 _ 0 8 3 10 4 
[00281288] 4 | _ 1 5 11 2 9 _ 0 8 3 10 4 
[00281289] 4 | _ 1 _ 11 2 9 6 0 8 3 10 4 
[00281290] 7 | _ 1 _ 11 2 _ 9 0 8 _ _ _ 
[00281291] 6 | 7 1 _ 11 2 _ 9 0 8 _ _ _ 
[00281292] 5 | 7 1 6 11 2 _ 9 0 8 _ _ _ 
[00281293] 4 | 7 1 6 11 2 _ 9 0 8 4 _ _ 
[00281294] 3 | 7 1 6 11 2 5 9 0 8 4 _ _ 
[00281295] 3 | 7 1 6 11 2 _ 9 0 8 4 3 _ 
[00281296] 2 | 7 1 6 11 2 _ 9 0 8 4 3 5 
[00281297] 4 | 7 1 6 11 2 _ 9 0 8 _ 4 _ 
[00281298] 3 | 7 1 6 11 2 5 9 0 8 _ 4 _ 
[00281299] 2 | 7 1 6 11 2 5 9 0 8 10 4 _ 
[00281300] 1 | 7 1 6 11 2 5 9 0 8 10 4 3  *Graceful*
[00281300] 3 | 7 1 6 11 2 _ 9 0 8 5 4 _ 
[00281301] 2 | 7 1 6 11 2 4 9 0 8 5 4 _ 
[00281302] 2 | 7 1 6 11 2 _ 9 0 8 5 4 2 
[00281303] 5 | 7 1 _ 11 2 _ 9 0 8 3 _ _ 
[00281304] 4 | 7 1 5 11 2 _ 9 0 8 3 _ _ 
[00281305] 4 | 7 1 _ 11 2 6 9 0 8 3 _ _ 
[00281306] 3 | 7 1 4 11 2 6 9 0 8 3 _ _ 
[00281307] 4 | 7 1 _ 11 2 _ 9 0 8 3 4 _ 
[00281308] 3 | 7 1 4 11 2 _ 9 0 8 3 4 _ 
[00281309] 3 | 7 1 _ 11 2 5 9 0 8 3 4 _ 
[00281310] 2 | 7 1 _ 11 2 5 9 0 8 3 4 6 
[00281311] 3 | 7 1 _ 11 2 _ 9 0 8 3 4 1 
[00281312] 4 | 7 1 _ 11 2 _ 9 0 8 3 6 10 
[00281313] 3 | 7 1 4 11 2 _ 9 0 8 3 6 10 
[00281314] 3 | 7 1 _ 11 2 5 9 0 8 3 6 10 
[00281315] 4 | 7 1 _ 11 2 _ 9 0 8 3 10 6 
[00281316] 3 | 7 1 4 11 2 _ 9 0 8 3 10 6 
[00281317] 3 | 7 1 _ 11 2 5 9 0 8 3 10 6 
[00281318] 5 | 7 1 _ 11 2 _ 9 0 8 _ 5 _ 
[00281319] 4 | 7 1 5 11 2 _ 9 0 8 _ 5 _ 
[00281320] 4 | 7 1 _ 11 2 6 9 0 8 _ 5 _ 
[00281321] 3 | 7 1 4 11 2 6 9 0 8 _ 5 _ 
[00281322] 2 | 7 1 4 11 2 6 9 0 8 10 5 _ 
[00281323] 2 | 7 1 4 11 2 6 9 0 8 _ 5 3 
[00281324] 3 | 7 1 _ 11 2 6 9 0 8 5 5 _ 
[00281325] 2 | 7 1 3 11 2 6 9 0 8 5 5 _ 
[00281326] 3 | 7 1 _ 11 2 6 9 0 8 _ 5 8 
[00281327] 2 | 7 1 3 11 2 6 9 0 8 _ 5 8 
[00281328] 4 | 7 1 _ 11 2 _ 9 0 8 4 5 _ 
[00281329] 3 | 7 1 _ 11 2 5 9 0 8 4 5 _ 
[00281330] 2 | 7 1 3 11 2 5 9 0 8 4 5 _ 
[00281331] 3 | 7 1 _ 11 2 _ 9 0 8 4 5 2 
[00281332] 2 | 7 1 3 11 2 _ 9 0 8 4 5 2 
[00281333] 4 | 7 1 _ 11 2 _ 9 0 8 _ 5 1 
[00281334] 5 | 7 1 _ 11 2 _ 9 0 8 _ 5 10 
[00281335] 4 | 7 1 _ 11 2 6 9 0 8 _ 5 10 
[00281336] 3 | 7 1 4 11 2 6 9 0 8 _ 5 10 
[00281337] 4 | 7 1 _ 11 2 _ 9 0 8 4 5 10 
[00281338] 5 | 7 1 _ 11 2 _ 9 0 8 _ 10 5 
[00281339] 4 | 7 1 _ 11 2 6 9 0 8 _ 10 5 
[00281340] 3 | 7 1 4 11 2 6 9 0 8 _ 10 5 
[00281341] 4 | 7 1 _ 11 2 _ 9 0 8 4 10 5 
[00281342] 6 | _ 1 7 11 2 _ 9 0 8 _ _ _ 
[00281343] 5 | 6 1 7 11 2 _ 9 0 8 _ _ _ 
[00281344] 4 | 6 1 7 11 2 _ 9 0 8 4 _ _ 
[00281345] 3 | 6 1 7 11 2 5 9 0 8 4 _ _ 
[00281346] 3 | 6 1 7 11 2 _ 9 0 8 4 3 _ 
[00281347] 2 | 6 1 7 11 2 _ 9 0 8 4 3 5 
[00281348] 4 | 6 1 7 11 2 _ 9 0 8 _ 4 _ 
[00281349] 3 | 6 1 7 11 2 5 9 0 8 _ 4 _ 
[00281350] 2 | 6 1 7 11 2 5 9 0 8 10 4 _ 
[00281351] 1 | 6 1 7 11 2 5 9 0 8 10 4 3  *Graceful*
[00281351] 3 | 6 1 7 11 2 _ 9 0 8 5 4 _ 
[00281352] 2 | 6 1 7 11 2 4 9 0 8 5 4 _ 
[00281353] 2 | 6 1 7 11 2 _ 9 0 8 5 4 2 
[00281354] 5 | _ 1 7 11 2 _ 9 0 8 3 _ _ 
[00281355] 4 | 5 1 7 11 2 _ 9 0 8 3 _ _ 
[00281356] 4 | _ 1 7 11 2 6 9 0 8 3 _ _ 
[00281357] 3 | 4 1 7 11 2 6 9 0 8 3 _ _ 
[00281358] 4 | _ 1 7 11 2 _ 9 0 8 3 4 _ 
[00281359] 3 | 4 1 7 11 2 _ 9 0 8 3 4 _ 
[00281360] 3 | _ 1 7 11 2 5 9 0 8 3 4 _ 
[00281361] 2 | _ 1 7 11 2 5 9 0 8 3 4 6 
[00281362] 3 | _ 1 7 11 2 _ 9 0 8 3 4 1 
[00281363] 4 | _ 1 7 11 2 _ 9 0 8 3 6 10 
[00281364] 3 | 4 1 7 11 2 _ 9 0 8 3 6 10 
[00281365] 3 | _ 1 7 11 2 5 9 0 8 3 6 10 
