[00347074] 3 | _ 4 8 9 1 4 7 0 11 _ 10 3 
[00347075] 4 | _ 4 _ 9 1 5 7 0 11 _ 10 3 
[00347076] 3 | _ 4 _ 9 1 5 7 0 11 8 10 3 
[00347077] 2 | 2 4 _ 9 1 5 7 0 11 8 10 3 
[00347078] 2 | 6 4 _ 9 1 5 7 0 11 8 10 3 
[00347079] 2 | _ 4 2 9 1 5 7 0 11 8 10 3 
[00347080] 2 | _ 4 6 9 1 5 7 0 11 8 10 3 
[00347081] 5 | _ _ _ 9 1 6 7 0 11 _ 10 3 
[00347082] 4 | 4 8 _ 9 1 6 7 0 11 _ 10 3 
[00347083] 3 | 4 8 5 9 1 6 7 0 11 _ 10 3 
[00347084] 3 | 4 8 11 9 1 6 7 0 11 _ 10 3 
[00347085] 3 | 4 8 _ 9 1 6 7 0 11 8 10 3 
[00347086] 4 | 8 4 _ 9 1 6 7 0 11 _ 10 3 
[00347087] 4 | _ 4 8 9 1 6 7 0 11 _ 10 3 
[00347088] 4 | _ 8 4 9 1 6 7 0 11 _ 10 3 
[00347089] 3 | 5 8 4 9 1 6 7 0 11 _ 10 3 
[00347090] 3 | 11 8 4 9 1 6 7 0 11 _ 10 3 
[00347091] 3 | _ 8 4 9 1 6 7 0 11 8 10 3 
[00347092] 4 | _ 5 _ 9 1 6 7 0 11 _ 10 3 
[00347093] 3 | 2 5 _ 9 1 6 7 0 11 _ 10 3 
[00347094] 3 | 8 5 _ 9 1 6 7 0 11 _ 10 3 
[00347095] 3 | _ 5 2 9 1 6 7 0 11 _ 10 3 
[00347096] 3 | _ 5 8 9 1 6 7 0 11 _ 10 3 
[00347097] 3 | _ 5 _ 9 1 6 7 0 11 8 10 3 
[00347098] 5 | _ _ _ 9 1 _ 7 0 11 6 10 3 
[00347099] 4 | 4 8 _ 9 1 _ 7 0 11 6 10 3 
[00347100] 3 | 4 8 5 9 1 _ 7 0 11 6 10 3 
[00347101] 4 | 8 4 _ 9 1 _ 7 0 11 6 10 3 
[00347102] 4 | _ 4 8 9 1 _ 7 0 11 6 10 3 
[00347103] 4 | _ 8 4 9 1 _ 7 0 11 6 10 3 
[00347104] 3 | 5 8 4 9 1 _ 7 0 11 6 10 3 
[00347105] 4 | _ 5 _ 9 1 _ 7 0 11 6 10 3 
[00347106] 3 | 2 5 _ 9 1 _ 7 0 11 6 10 3 
[00347107] 3 | 8 5 _ 9 1 _ 7 0 11 6 10 3 
[00347108] 3 | _ 5 2 9 1 _ 7 0 11 6 10 3 
[00347109] 3 | _ 5 8 9 1 _ 7 0 11 6 10 3 
[00347110] 3 | _ 5 _ 9 1 4 7 0 11 6 10 3 
[00347111] 4 | _ _ _ 9 1 5 7 0 11 6 10 3 
[00347112] 6 | _ _ _ 9 1 _ _ 0 11 5 10 3 
[00347113] 5 | 2 7 _ 9 1 _ _ 0 11 5 10 3 
[00347114] 5 | 7 2 _ 9 1 _ _ 0 11 5 10 3 
[00347115] 5 | _ 2 7 9 1 _ _ 0 11 5 10 3 
[00347116] 5 | _ 7 2 9 1 _ _ 0 11 5 10 3 
[00347117] 5 | _ 4 _ 9 1 _ _ 0 11 5 10 3 
[00347118] 4 | 8 4 _ 9 1 _ _ 0 11 5 10 3 
[00347119] 3 | 8 4 1 9 1 _ _ 0 11 5 10 3 
[00347120] 3 | 8 4 7 9 1 _ _ 0 11 5 10 3 
[00347121] 3 | 8 4 _ 9 1 4 _ 0 11 5 10 3 
[00347122] 3 | 8 4 _ 9 1 _ 4 0 11 5 10 3 
[00347123] 4 | _ 4 8 9 1 _ _ 0 11 5 10 3 
[00347124] 3 | 1 4 8 9 1 _ _ 0 11 5 10 3 
[00347125] 3 | 7 4 8 9 1 _ _ 0 11 5 10 3 
[00347126] 3 | _ 4 8 9 1 4 _ 0 11 5 10 3 
[00347127] 3 | _ 4 8 9 1 _ 4 0 11 5 10 3 
[00347128] 5 | _ _ _ 9 1 6 _ 0 11 5 10 3 
[00347129] 4 | 4 8 _ 9 1 6 _ 0 11 5 10 3 
[00347130] 4 | 8 4 _ 9 1 6 _ 0 11 5 10 3 
[00347131] 4 | _ 4 8 9 1 6 _ 0 11 5 10 3 
[00347132] 4 | _ 8 4 9 1 6 _ 0 11 5 10 3 
[00347133] 5 | _ _ _ 9 1 _ 6 0 11 5 10 3 
[00347134] 4 | 4 8 _ 9 1 _ 6 0 11 5 10 3 
[00347135] 4 | 8 4 _ 9 1 _ 6 0 11 5 10 3 
[00347136] 4 | _ 4 8 9 1 _ 6 0 11 5 10 3 
[00347137] 4 | _ 8 4 9 1 _ 6 0 11 5 10 3 
[00347138] 8 | _ _ _ 9 _ _ _ 0 11 3 10 _ 
[00347139] 7 | 1 8 _ 9 _ _ _ 0 11 3 10 _ 
[00347140] 6 | 1 8 2 9 _ _ _ 0 11 3 10 _ 
[00347141] 5 | 1 8 2 9 4 _ _ 0 11 3 10 _ 
[00347142] 4 | 1 8 2 9 4 _ _ 0 11 3 10 6 
[00347143] 3 | 1 8 2 9 4 7 _ 0 11 3 10 6 
[00347144] 3 | 1 8 2 9 4 _ 7 0 11 3 10 6 
[00347145] 5 | 1 8 2 9 _ _ _ 0 11 3 10 5 
[00347146] 6 | 1 8 _ 9 _ _ _ 0 11 3 10 4 
[00347147] 5 | 1 8 _ 9 2 7 _ 0 11 3 10 4 
[00347148] 4 | 1 8 _ 9 2 7 6 0 11 3 10 4 
[00347149] 3 | 1 8 5 9 2 7 6 0 11 3 10 4 
[00347150] 5 | 1 8 _ 9 7 2 _ 0 11 3 10 4 
[00347151] 5 | 1 8 _ 9 2 _ 7 0 11 3 10 4 
[00347152] 4 | 1 8 _ 9 2 6 7 0 11 3 10 4 
[00347153] 3 | 1 8 5 9 2 6 7 0 11 3 10 4 
[00347154] 5 | 1 8 _ 9 7 _ 2 0 11 3 10 4 
[00347155] 7 | 8 1 _ 9 _ _ _ 0 11 3 10 _ 
[00347156] 7 | _ 1 8 9 _ _ _ 0 11 3 10 _ 
[00347157] 7 | _ 8 1 9 _ _ _ 0 11 3 10 _ 
[00347158] 6 | 2 8 1 9 _ _ _ 0 11 3 10 _ 
[00347159] 5 | 2 8 1 9 4 _ _ 0 11 3 10 _ 
[00347160] 4 | 2 8 1 9 4 _ _ 0 11 3 10 6 
[00347161] 3 | 2 8 1 9 4 7 _ 0 11 3 10 6 
[00347162] 3 | 2 8 1 9 4 _ 7 0 11 3 10 6 
[00347163] 5 | 2 8 1 9 _ _ _ 0 11 3 10 5 
[00347164] 6 | _ 8 1 9 _ _ _ 0 11 3 10 4 
[00347165] 5 | _ 8 1 9 2 7 _ 0 11 3 10 4 
[00347166] 4 | _ 8 1 9 2 7 6 0 11 3 10 4 
[00347167] 3 | 5 8 1 9 2 7 6 0 11 3 10 4 
[00347168] 5 | _ 8 1 9 7 2 _ 0 11 3 10 4 
[00347169] 5 | _ 8 1 9 2 _ 7 0 11 3 10 4 
[00347170] 4 | _ 8 1 9 2 6 7 0 11 3 10 4 
[00347171] 3 | 5 8 1 9 2 6 7 0 11 3 10 4 
[00347172] 5 | _ 8 1 9 7 _ 2 0 11 3 10 4 
[00347173] 7 | _ 2 _ 9 _ _ _ 0 11 3 10 _ 
[00347174] 6 | 8 2 _ 9 _ _ _ 0 11 3 10 _ 
[00347175] 5 | 8 2 7 9 _ _ _ 0 11 3 10 _ 
[00347176] 4 | 8 2 7 9 5 _ _ 0 11 3 10 _ 
[00347177] 4 | 8 2 7 9 1 5 _ 0 11 3 10 _ 
[00347178] 3 | 8 2 7 9 1 5 4 0 11 3 10 _ 
[00347179] 4 | 8 2 7 9 5 1 _ 0 11 3 10 _ 
[00347180] 4 | 8 2 7 9 1 _ 5 0 11 3 10 _ 
[00347181] 3 | 8 2 7 9 1 4 5 0 11 3 10 _ 
[00347182] 4 | 8 2 7 9 5 _ 1 0 11 3 10 _ 
[00347183] 4 | 8 2 7 9 _ _ _ 0 11 3 10 6 
[00347184] 3 | 8 2 7 9 1 4 _ 0 11 3 10 6 
[00347185] 3 | 8 2 7 9 4 1 _ 0 11 3 10 6 
[00347186] 3 | 8 2 7 9 1 _ 4 0 11 3 10 6 
[00347187] 3 | 8 2 7 9 4 _ 1 0 11 3 10 6 
[00347188] 5 | 8 2 _ 9 4 _ _ 0 11 3 10 _ 
[00347189] 4 | 8 2 6 9 4 _ _ 0 11 3 10 _ 
[00347190] 3 | 8 2 6 9 4 1 _ 0 11 3 10 _ 
[00347191] 3 | 8 2 6 9 4 7 _ 0 11 3 10 _ 
[00347192] 3 | 8 2 6 9 4 _ 1 0 11 3 10 _ 
[00347193] 3 | 8 2 6 9 4 _ 7 0 11 3 10 _ 
[00347194] 3 | 8 2 6 9 4 _ _ 0 11 3 10 7 
[00347195] 4 | 8 2 _ 9 4 _ _ 0 11 3 10 6 
[00347196] 3 | 8 2 5 9 4 _ _ 0 11 3 10 6 
[00347197] 3 | 8 2 _ 9 4 1 _ 0 11 3 10 6 
[00347198] 2 | 8 2 4 9 4 1 _ 0 11 3 10 6 
[00347199] 2 | 8 2 _ 9 4 1 2 0 11 3 10 6 
[00347200] 3 | 8 2 _ 9 4 7 _ 0 11 3 10 6 
[00347201] 2 | 8 2 4 9 4 7 _ 0 11 3 10 6 
[00347202] 2 | 8 2 _ 9 4 7 2 0 11 3 10 6 
[00347203] 3 | 8 2 _ 9 4 _ 1 0 11 3 10 6 
[00347204] 2 | 8 2 4 9 4 _ 1 0 11 3 10 6 
[00347205] 2 | 8 2 _ 9 4 2 1 0 11 3 10 6 
[00347206] 3 | 8 2 _ 9 4 _ 7 0 11 3 10 6 
[00347207] 2 | 8 2 4 9 4 _ 7 0 11 3 10 6 
[00347208] 2 | 8 2 _ 9 4 2 7 0 11 3 10 6 
[00347209] 5 | 8 2 _ 9 1 6 _ 0 11 3 10 _ 
[00347210] 4 | 8 2 _ 9 1 6 5 0 11 3 10 _ 
[00347211] 3 | 8 2 _ 9 1 6 5 0 11 3 10 7 
[00347212] 2 | 8 2 4 9 1 6 5 0 11 3 10 7 
[00347213] 5 | 8 2 _ 9 6 1 _ 0 11 3 10 _ 
[00347214] 4 | 8 2 6 9 6 1 _ 0 11 3 10 _ 
[00347215] 3 | 8 2 6 9 6 1 _ 0 11 3 10 7 
[00347216] 4 | 8 2 _ 9 6 1 2 0 11 3 10 _ 
[00347217] 3 | 8 2 _ 9 6 1 2 0 11 3 10 7 
[00347218] 4 | 8 2 _ 9 6 1 10 0 11 3 10 _ 
[00347219] 3 | 8 2 5 9 6 1 10 0 11 3 10 _ 
[00347220] 4 | 8 2 _ 9 6 1 _ 0 11 3 10 6 
[00347221] 3 | 8 2 5 9 6 1 _ 0 11 3 10 6 
[00347222] 5 | 8 2 _ 9 1 _ 6 0 11 3 10 _ 
[00347223] 4 | 8 2 _ 9 1 5 6 0 11 3 10 _ 
[00347224] 3 | 8 2 _ 9 1 5 6 0 11 3 10 7 
[00347225] 2 | 8 2 4 9 1 5 6 0 11 3 10 7 
[00347226] 5 | 8 2 _ 9 6 _ 1 0 11 3 10 _ 
[00347227] 4 | 8 2 6 9 6 _ 1 0 11 3 10 _ 
[00347228] 3 | 8 2 6 9 6 _ 1 0 11 3 10 7 
[00347229] 4 | 8 2 _ 9 6 2 1 0 11 3 10 _ 
[00347230] 3 | 8 2 _ 9 6 2 1 0 11 3 10 7 
[00347231] 4 | 8 2 _ 9 6 10 1 0 11 3 10 _ 
[00347232] 3 | 8 2 5 9 6 10 1 0 11 3 10 _ 
[00347233] 4 | 8 2 _ 9 6 _ 1 0 11 3 10 6 
[00347234] 3 | 8 2 5 9 6 _ 1 0 11 3 10 6 
[00347235] 5 | 8 2 _ 9 _ _ _ 0 11 3 10 5 
[00347236] 4 | 8 2 6 9 _ _ _ 0 11 3 10 5 
[00347237] 3 | 8 2 6 9 1 4 _ 0 11 3 10 5 
[00347238] 3 | 8 2 6 9 4 7 _ 0 11 3 10 5 
[00347239] 3 | 8 2 6 9 4 1 _ 0 11 3 10 5 
[00347240] 3 | 8 2 6 9 7 4 _ 0 11 3 10 5 
[00347241] 3 | 8 2 6 9 1 _ 4 0 11 3 10 5 
[00347242] 3 | 8 2 6 9 4 _ 7 0 11 3 10 5 
[00347243] 3 | 8 2 6 9 4 _ 1 0 11 3 10 5 
[00347244] 3 | 8 2 6 9 7 _ 4 0 11 3 10 5 
[00347245] 6 | _ 2 8 9 _ _ _ 0 11 3 10 _ 
[00347246] 5 | 7 2 8 9 _ _ _ 0 11 3 10 _ 
[00347247] 4 | 7 2 8 9 5 _ _ 0 11 3 10 _ 
[00347248] 4 | 7 2 8 9 1 5 _ 0 11 3 10 _ 
[00347249] 3 | 7 2 8 9 1 5 4 0 11 3 10 _ 
[00347250] 4 | 7 2 8 9 5 1 _ 0 11 3 10 _ 
[00347251] 4 | 7 2 8 9 1 _ 5 0 11 3 10 _ 
[00347252] 3 | 7 2 8 9 1 4 5 0 11 3 10 _ 
[00347253] 4 | 7 2 8 9 5 _ 1 0 11 3 10 _ 
[00347254] 4 | 7 2 8 9 _ _ _ 0 11 3 10 6 
[00347255] 3 | 7 2 8 9 1 4 _ 0 11 3 10 6 
[00347256] 3 | 7 2 8 9 4 1 _ 0 11 3 10 6 
[00347257] 3 | 7 2 8 9 1 _ 4 0 11 3 10 6 
[00347258] 3 | 7 2 8 9 4 _ 1 0 11 3 10 6 
[00347259] 5 | _ 2 8 9 4 _ _ 0 11 3 10 _ 
[00347260] 4 | 6 2 8 9 4 _ _ 0 11 3 10 _ 
[00347261] 3 | 6 2 8 9 4 1 _ 0 11 3 10 _ 
[00347262] 3 | 6 2 8 9 4 7 _ 0 11 3 10 _ 
[00347263] 3 | 6 2 8 9 4 _ 1 0 11 3 10 _ 
[00347264] 3 | 6 2 8 9 4 _ 7 0 11 3 10 _ 
[00347265] 3 | 6 2 8 9 4 _ _ 0 11 3 10 7 
[00347266] 4 | _ 2 8 9 4 _ _ 0 11 3 10 6 
[00347267] 3 | 5 2 8 9 4 _ _ 0 11 3 10 6 
[00347268] 3 | _ 2 8 9 4 1 _ 0 11 3 10 6 
[00347269] 2 | 4 2 8 9 4 1 _ 0 11 3 10 6 
[00347270] 2 | _ 2 8 9 4 1 2 0 11 3 10 6 
[00347271] 3 | _ 2 8 9 4 7 _ 0 11 3 10 6 
[00347272] 2 | 4 2 8 9 4 7 _ 0 11 3 10 6 
[00347273] 2 | _ 2 8 9 4 7 2 0 11 3 10 6 
[00347274] 3 | _ 2 8 9 4 _ 1 0 11 3 10 6 
[00347275] 2 | 4 2 8 9 4 _ 1 0 11 3 10 6 
[00347276] 2 | _ 2 8 9 4 2 1 0 11 3 10 6 
[00347277] 3 | _ 2 8 9 4 _ 7 0 11 3 10 6 
[00347278] 2 | 4 2 8 9 4 _ 7 0 11 3 10 6 
[00347279] 2 | _ 2 8 9 4 2 7 0 11 3 10 6 
[00347280] 5 | _ 2 8 9 1 6 _ 0 11 3 10 _ 
[00347281] 4 | _ 2 8 9 1 6 5 0 11 3 10 _ 
[00347282] 3 | _ 2 8 9 1 6 5 0 11 3 10 7 
[00347283] 2 | 4 2 8 9 1 6 5 0 11 3 10 7 
[00347284] 5 | _ 2 8 9 6 1 _ 0 11 3 10 _ 
[00347285] 4 | 6 2 8 9 6 1 _ 0 11 3 10 _ 
[00347286] 3 | 6 2 8 9 6 1 _ 0 11 3 10 7 
[00347287] 4 | _ 2 8 9 6 1 2 0 11 3 10 _ 
[00347288] 3 | _ 2 8 9 6 1 2 0 11 3 10 7 
[00347289] 4 | _ 2 8 9 6 1 10 0 11 3 10 _ 
[00347290] 3 | 5 2 8 9 6 1 10 0 11 3 10 _ 
[00347291] 4 | _ 2 8 9 6 1 _ 0 11 3 10 6 
[00347292] 3 | 5 2 8 9 6 1 _ 0 11 3 10 6 
[00347293] 5 | _ 2 8 9 1 _ 6 0 11 3 10 _ 
[00347294] 4 | _ 2 8 9 1 5 6 0 11 3 10 _ 
[00347295] 3 | _ 2 8 9 1 5 6 0 11 3 10 7 
[00347296] 2 | 4 2 8 9 1 5 6 0 11 3 10 7 
[00347297] 5 | _ 2 8 9 6 _ 1 0 11 3 10 _ 
[00347298] 4 | 6 2 8 9 6 _ 1 0 11 3 10 _ 
[00347299] 3 | 6 2 8 9 6 _ 1 0 11 3 10 7 
[00347300] 4 | _ 2 8 9 6 2 1 0 11 3 10 _ 
[00347301] 3 | _ 2 8 9 6 2 1 0 11 3 10 7 
[00347302] 4 | _ 2 8 9 6 10 1 0 11 3 10 _ 
[00347303] 3 | 5 2 8 9 6 10 1 0 11 3 10 _ 
[00347304] 4 | _ 2 8 9 6 _ 1 0 11 3 10 6 
[00347305] 3 | 5 2 8 9 6 _ 1 0 11 3 10 6 
[00347306] 5 | _ 2 8 9 _ _ _ 0 11 3 10 5 
[00347307] 4 | 6 2 8 9 _ _ _ 0 11 3 10 5 
[00347308] 3 | 6 2 8 9 1 4 _ 0 11 3 10 5 
[00347309] 3 | 6 2 8 9 4 7 _ 0 11 3 10 5 
[00347310] 3 | 6 2 8 9 4 1 _ 0 11 3 10 5 
[00347311] 3 | 6 2 8 9 7 4 _ 0 11 3 10 5 
[00347312] 3 | 6 2 8 9 1 _ 4 0 11 3 10 5 
[00347313] 3 | 6 2 8 9 4 _ 7 0 11 3 10 5 
[00347314] 3 | 6 2 8 9 4 _ 1 0 11 3 10 5 
[00347315] 3 | 6 2 8 9 7 _ 4 0 11 3 10 5 
[00347316] 6 | _ 2 _ 9 1 7 _ 0 11 3 10 _ 
[00347317] 5 | _ 2 _ 9 1 7 6 0 11 3 10 _ 
[00347318] 5 | _ 2 _ 9 1 7 _ 0 11 3 10 5 
[00347319] 4 | 6 2 _ 9 1 7 _ 0 11 3 10 5 
[00347320] 3 | 6 2 _ 9 1 7 4 0 11 3 10 5 
[00347321] 4 | _ 2 6 9 1 7 _ 0 11 3 10 5 
[00347322] 3 | _ 2 6 9 1 7 4 0 11 3 10 5 
[00347323] 6 | _ 2 _ 9 7 1 _ 0 11 3 10 _ 
[00347324] 5 | 7 2 _ 9 7 1 _ 0 11 3 10 _ 
[00347325] 4 | 7 2 6 9 7 1 _ 0 11 3 10 _ 
[00347326] 4 | 7 2 _ 9 7 1 _ 0 11 3 10 6 
[00347327] 3 | 7 2 5 9 7 1 _ 0 11 3 10 6 
[00347328] 5 | _ 2 7 9 7 1 _ 0 11 3 10 _ 
[00347329] 4 | 6 2 7 9 7 1 _ 0 11 3 10 _ 
[00347330] 4 | _ 2 7 9 7 1 _ 0 11 3 10 6 
[00347331] 3 | 5 2 7 9 7 1 _ 0 11 3 10 6 
[00347332] 5 | _ 2 _ 9 7 1 2 0 11 3 10 _ 
[00347333] 4 | _ 2 _ 9 7 1 2 0 11 3 10 6 
[00347334] 5 | _ 2 _ 9 7 1 _ 0 11 3 10 5 
[00347335] 4 | 6 2 _ 9 7 1 _ 0 11 3 10 5 
[00347336] 3 | 6 2 _ 9 7 1 4 0 11 3 10 5 
[00347337] 4 | _ 2 6 9 7 1 _ 0 11 3 10 5 
[00347338] 3 | _ 2 6 9 7 1 4 0 11 3 10 5 
[00347339] 6 | _ 2 _ 9 1 _ 7 0 11 3 10 _ 
[00347340] 5 | _ 2 _ 9 1 6 7 0 11 3 10 _ 
[00347341] 5 | _ 2 _ 9 1 _ 7 0 11 3 10 5 
[00347342] 4 | 6 2 _ 9 1 _ 7 0 11 3 10 5 
[00347343] 3 | 6 2 _ 9 1 4 7 0 11 3 10 5 
[00347344] 4 | _ 2 6 9 1 _ 7 0 11 3 10 5 
[00347345] 3 | _ 2 6 9 1 4 7 0 11 3 10 5 
[00347346] 6 | _ 2 _ 9 7 _ 1 0 11 3 10 _ 
[00347347] 5 | 7 2 _ 9 7 _ 1 0 11 3 10 _ 
[00347348] 4 | 7 2 6 9 7 _ 1 0 11 3 10 _ 
[00347349] 4 | 7 2 _ 9 7 _ 1 0 11 3 10 6 
[00347350] 3 | 7 2 5 9 7 _ 1 0 11 3 10 6 
[00347351] 5 | _ 2 7 9 7 _ 1 0 11 3 10 _ 
[00347352] 4 | 6 2 7 9 7 _ 1 0 11 3 10 _ 
[00347353] 4 | _ 2 7 9 7 _ 1 0 11 3 10 6 
[00347354] 3 | 5 2 7 9 7 _ 1 0 11 3 10 6 
[00347355] 5 | _ 2 _ 9 7 2 1 0 11 3 10 _ 
[00347356] 4 | _ 2 _ 9 7 2 1 0 11 3 10 6 
[00347357] 5 | _ 2 _ 9 7 _ 1 0 11 3 10 5 
[00347358] 4 | 6 2 _ 9 7 _ 1 0 11 3 10 5 
[00347359] 3 | 6 2 _ 9 7 4 1 0 11 3 10 5 
[00347360] 4 | _ 2 6 9 7 _ 1 0 11 3 10 5 
[00347361] 3 | _ 2 6 9 7 4 1 0 11 3 10 5 
[00347362] 6 | _ 2 _ 9 _ _ _ 0 11 3 10 4 
[00347363] 5 | 7 2 _ 9 _ _ _ 0 11 3 10 4 
[00347364] 4 | 7 2 6 9 _ _ _ 0 11 3 10 4 
[00347365] 3 | 7 2 6 9 5 8 _ 0 11 3 10 4 
[00347366] 3 | 7 2 6 9 8 5 _ 0 11 3 10 4 
[00347367] 3 | 7 2 6 9 5 _ 8 0 11 3 10 4 
[00347368] 3 | 7 2 6 9 8 _ 5 0 11 3 10 4 
[00347369] 4 | 7 2 _ 9 5 _ _ 0 11 3 10 4 
[00347370] 3 | 7 2 5 9 5 _ _ 0 11 3 10 4 
[00347371] 3 | 7 2 _ 9 5 2 _ 0 11 3 10 4 
[00347372] 3 | 7 2 _ 9 5 8 _ 0 11 3 10 4 
[00347373] 3 | 7 2 _ 9 5 _ 2 0 11 3 10 4 
[00347374] 3 | 7 2 _ 9 5 _ 8 0 11 3 10 4 
[00347375] 4 | 7 2 _ 9 1 5 _ 0 11 3 10 4 
[00347376] 4 | 7 2 _ 9 5 1 _ 0 11 3 10 4 
[00347377] 3 | 7 2 5 9 5 1 _ 0 11 3 10 4 
[00347378] 3 | 7 2 _ 9 5 1 2 0 11 3 10 4 
[00347379] 3 | 7 2 _ 9 5 1 8 0 11 3 10 4 
[00347380] 4 | 7 2 _ 9 1 _ 5 0 11 3 10 4 
[00347381] 4 | 7 2 _ 9 5 _ 1 0 11 3 10 4 
[00347382] 3 | 7 2 5 9 5 _ 1 0 11 3 10 4 
[00347383] 3 | 7 2 _ 9 5 2 1 0 11 3 10 4 
[00347384] 3 | 7 2 _ 9 5 8 1 0 11 3 10 4 
[00347385] 5 | _ 2 7 9 _ _ _ 0 11 3 10 4 
[00347386] 4 | 6 2 7 9 _ _ _ 0 11 3 10 4 
[00347387] 3 | 6 2 7 9 5 8 _ 0 11 3 10 4 
[00347388] 3 | 6 2 7 9 8 5 _ 0 11 3 10 4 
[00347389] 3 | 6 2 7 9 5 _ 8 0 11 3 10 4 
[00347390] 3 | 6 2 7 9 8 _ 5 0 11 3 10 4 
[00347391] 4 | _ 2 7 9 5 _ _ 0 11 3 10 4 
[00347392] 3 | 5 2 7 9 5 _ _ 0 11 3 10 4 
[00347393] 3 | _ 2 7 9 5 2 _ 0 11 3 10 4 
[00347394] 3 | _ 2 7 9 5 8 _ 0 11 3 10 4 
[00347395] 3 | _ 2 7 9 5 _ 2 0 11 3 10 4 
[00347396] 3 | _ 2 7 9 5 _ 8 0 11 3 10 4 
[00347397] 4 | _ 2 7 9 1 5 _ 0 11 3 10 4 
[00347398] 4 | _ 2 7 9 5 1 _ 0 11 3 10 4 
[00347399] 3 | 5 2 7 9 5 1 _ 0 11 3 10 4 
[00347400] 3 | _ 2 7 9 5 1 2 0 11 3 10 4 
[00347401] 3 | _ 2 7 9 5 1 8 0 11 3 10 4 
[00347402] 4 | _ 2 7 9 1 _ 5 0 11 3 10 4 
[00347403] 4 | _ 2 7 9 5 _ 1 0 11 3 10 4 
[00347404] 3 | 5 2 7 9 5 _ 1 0 11 3 10 4 
[00347405] 3 | _ 2 7 9 5 2 1 0 11 3 10 4 
[00347406] 3 | _ 2 7 9 5 8 1 0 11 3 10 4 
[00347407] 5 | _ 2 _ 9 1 6 _ 0 11 3 10 4 
[00347408] 4 | _ 2 _ 9 1 6 5 0 11 3 10 4 
[00347409] 5 | _ 2 _ 9 6 1 _ 0 11 3 10 4 
[00347410] 4 | 6 2 _ 9 6 1 _ 0 11 3 10 4 
[00347411] 3 | 6 2 5 9 6 1 _ 0 11 3 10 4 
[00347412] 4 | _ 2 6 9 6 1 _ 0 11 3 10 4 
[00347413] 3 | 5 2 6 9 6 1 _ 0 11 3 10 4 
[00347414] 4 | _ 2 _ 9 6 1 2 0 11 3 10 4 
[00347415] 5 | _ 2 _ 9 1 _ 6 0 11 3 10 4 
[00347416] 4 | _ 2 _ 9 1 5 6 0 11 3 10 4 
[00347417] 5 | _ 2 _ 9 6 _ 1 0 11 3 10 4 
[00347418] 4 | 6 2 _ 9 6 _ 1 0 11 3 10 4 
[00347419] 3 | 6 2 5 9 6 _ 1 0 11 3 10 4 
[00347420] 4 | _ 2 6 9 6 _ 1 0 11 3 10 4 
[00347421] 3 | 5 2 6 9 6 _ 1 0 11 3 10 4 
[00347422] 4 | _ 2 _ 9 6 2 1 0 11 3 10 4 
[00347423] 7 | _ _ _ 9 2 _ _ 0 11 3 10 _ 
[00347424] 6 | 1 7 _ 9 2 _ _ 0 11 3 10 _ 
[00347425] 5 | 1 7 2 9 2 _ _ 0 11 3 10 _ 
[00347426] 4 | 1 7 2 9 2 _ _ 0 11 3 10 6 
[00347427] 5 | 1 7 _ 9 2 7 _ 0 11 3 10 _ 
[00347428] 4 | 1 7 _ 9 2 7 6 0 11 3 10 _ 
[00347429] 4 | 1 7 _ 9 2 7 _ 0 11 3 10 6 
[00347430] 3 | 1 7 _ 9 2 7 5 0 11 3 10 6 
[00347431] 5 | 1 7 _ 9 2 _ 7 0 11 3 10 _ 
[00347432] 4 | 1 7 _ 9 2 6 7 0 11 3 10 _ 
[00347433] 4 | 1 7 _ 9 2 _ 7 0 11 3 10 6 
[00347434] 3 | 1 7 _ 9 2 5 7 0 11 3 10 6 
[00347435] 5 | 1 7 _ 9 2 _ _ 0 11 3 10 5 
[00347436] 4 | 1 7 _ 9 2 6 _ 0 11 3 10 5 
[00347437] 3 | 1 7 4 9 2 6 _ 0 11 3 10 5 
[00347438] 4 | 1 7 _ 9 2 _ 6 0 11 3 10 5 
[00347439] 3 | 1 7 4 9 2 _ 6 0 11 3 10 5 
[00347440] 6 | 7 1 _ 9 2 _ _ 0 11 3 10 _ 
[00347441] 6 | _ 1 7 9 2 _ _ 0 11 3 10 _ 
[00347442] 6 | _ 7 1 9 2 _ _ 0 11 3 10 _ 
[00347443] 5 | 2 7 1 9 2 _ _ 0 11 3 10 _ 
[00347444] 4 | 2 7 1 9 2 _ _ 0 11 3 10 6 
[00347445] 5 | _ 7 1 9 2 7 _ 0 11 3 10 _ 
[00347446] 4 | _ 7 1 9 2 7 6 0 11 3 10 _ 
[00347447] 4 | _ 7 1 9 2 7 _ 0 11 3 10 6 
[00347448] 3 | _ 7 1 9 2 7 5 0 11 3 10 6 
[00347449] 5 | _ 7 1 9 2 _ 7 0 11 3 10 _ 
[00347450] 4 | _ 7 1 9 2 6 7 0 11 3 10 _ 
[00347451] 4 | _ 7 1 9 2 _ 7 0 11 3 10 6 
[00347452] 3 | _ 7 1 9 2 5 7 0 11 3 10 6 
[00347453] 5 | _ 7 1 9 2 _ _ 0 11 3 10 5 
[00347454] 4 | _ 7 1 9 2 6 _ 0 11 3 10 5 
[00347455] 3 | 4 7 1 9 2 6 _ 0 11 3 10 5 
[00347456] 4 | _ 7 1 9 2 _ 6 0 11 3 10 5 
[00347457] 3 | 4 7 1 9 2 _ 6 0 11 3 10 5 
[00347458] 6 | _ _ _ 9 2 8 _ 0 11 3 10 _ 
[00347459] 5 | 1 6 _ 9 2 8 _ 0 11 3 10 _ 
[00347460] 4 | 1 6 2 9 2 8 _ 0 11 3 10 _ 
[00347461] 3 | 1 6 2 9 2 8 _ 0 11 3 10 7 
[00347462] 4 | 1 6 10 9 2 8 _ 0 11 3 10 _ 
[00347463] 3 | 1 6 10 9 2 8 5 0 11 3 10 _ 
[00347464] 4 | 1 6 _ 9 2 8 6 0 11 3 10 _ 
[00347465] 3 | 1 6 _ 9 2 8 6 0 11 3 10 7 
[00347466] 4 | 1 6 _ 9 2 8 _ 0 11 3 10 6 
[00347467] 3 | 1 6 _ 9 2 8 5 0 11 3 10 6 
[00347468] 5 | 6 1 _ 9 2 8 _ 0 11 3 10 _ 
[00347469] 5 | _ 1 6 9 2 8 _ 0 11 3 10 _ 
[00347470] 5 | _ 6 1 9 2 8 _ 0 11 3 10 _ 
[00347471] 4 | 2 6 1 9 2 8 _ 0 11 3 10 _ 
[00347472] 3 | 2 6 1 9 2 8 _ 0 11 3 10 7 
[00347473] 4 | 10 6 1 9 2 8 _ 0 11 3 10 _ 
[00347474] 3 | 10 6 1 9 2 8 5 0 11 3 10 _ 
[00347475] 4 | _ 6 1 9 2 8 6 0 11 3 10 _ 
[00347476] 3 | _ 6 1 9 2 8 6 0 11 3 10 7 
[00347477] 4 | _ 6 1 9 2 8 _ 0 11 3 10 6 
[00347478] 3 | _ 6 1 9 2 8 5 0 11 3 10 6 
[00347479] 5 | _ 4 _ 9 2 8 _ 0 11 3 10 _ 
[00347480] 4 | _ 4 _ 9 2 8 6 0 11 3 10 _ 
[00347481] 3 | 1 4 _ 9 2 8 6 0 11 3 10 _ 
[00347482] 3 | 7 4 _ 9 2 8 6 0 11 3 10 _ 
[00347483] 3 | _ 4 1 9 2 8 6 0 11 3 10 _ 
[00347484] 3 | _ 4 7 9 2 8 6 0 11 3 10 _ 
[00347485] 3 | _ 4 _ 9 2 8 6 0 11 3 10 7 
[00347486] 4 | _ 4 _ 9 2 8 _ 0 11 3 10 6 
[00347487] 3 | 1 4 _ 9 2 8 _ 0 11 3 10 6 
[00347488] 2 | 1 4 2 9 2 8 _ 0 11 3 10 6 
[00347489] 2 | 1 4 _ 9 2 8 4 0 11 3 10 6 
[00347490] 3 | 7 4 _ 9 2 8 _ 0 11 3 10 6 
[00347491] 2 | 7 4 2 9 2 8 _ 0 11 3 10 6 
[00347492] 2 | 7 4 _ 9 2 8 4 0 11 3 10 6 
[00347493] 3 | _ 4 1 9 2 8 _ 0 11 3 10 6 
[00347494] 2 | 2 4 1 9 2 8 _ 0 11 3 10 6 
[00347495] 2 | _ 4 1 9 2 8 4 0 11 3 10 6 
[00347496] 3 | _ 4 7 9 2 8 _ 0 11 3 10 6 
[00347497] 2 | 2 4 7 9 2 8 _ 0 11 3 10 6 
[00347498] 2 | _ 4 7 9 2 8 4 0 11 3 10 6 
[00347499] 3 | _ 4 _ 9 2 8 5 0 11 3 10 6 
[00347500] 5 | _ _ _ 9 2 8 7 0 11 3 10 _ 
[00347501] 4 | 1 5 _ 9 2 8 7 0 11 3 10 _ 
[00347502] 4 | 5 1 _ 9 2 8 7 0 11 3 10 _ 
[00347503] 4 | _ 1 5 9 2 8 7 0 11 3 10 _ 
[00347504] 4 | _ 5 1 9 2 8 7 0 11 3 10 _ 
[00347505] 4 | _ 5 _ 9 2 8 7 0 11 3 10 _ 
[00347506] 4 | _ _ _ 9 2 8 7 0 11 3 10 6 
[00347507] 3 | 1 4 _ 9 2 8 7 0 11 3 10 6 
[00347508] 3 | 4 1 _ 9 2 8 7 0 11 3 10 6 
[00347509] 3 | _ 1 4 9 2 8 7 0 11 3 10 6 
[00347510] 3 | _ 4 1 9 2 8 7 0 11 3 10 6 
[00347511] 5 | _ _ _ 9 2 8 _ 0 11 3 10 5 
[00347512] 4 | _ _ _ 9 2 8 6 0 11 3 10 5 
[00347513] 3 | 1 4 _ 9 2 8 6 0 11 3 10 5 
[00347514] 3 | 4 7 _ 9 2 8 6 0 11 3 10 5 
[00347515] 3 | 4 1 _ 9 2 8 6 0 11 3 10 5 
[00347516] 3 | 7 4 _ 9 2 8 6 0 11 3 10 5 
[00347517] 3 | _ 1 4 9 2 8 6 0 11 3 10 5 
[00347518] 3 | _ 4 7 9 2 8 6 0 11 3 10 5 
[00347519] 3 | _ 4 1 9 2 8 6 0 11 3 10 5 
[00347520] 3 | _ 7 4 9 2 8 6 0 11 3 10 5 
[00347521] 6 | _ _ _ 9 2 _ 8 0 11 3 10 _ 
[00347522] 5 | 1 6 _ 9 2 _ 8 0 11 3 10 _ 
[00347523] 4 | 1 6 2 9 2 _ 8 0 11 3 10 _ 
[00347524] 3 | 1 6 2 9 2 _ 8 0 11 3 10 7 
[00347525] 4 | 1 6 10 9 2 _ 8 0 11 3 10 _ 
[00347526] 3 | 1 6 10 9 2 5 8 0 11 3 10 _ 
[00347527] 4 | 1 6 _ 9 2 6 8 0 11 3 10 _ 
[00347528] 3 | 1 6 _ 9 2 6 8 0 11 3 10 7 
[00347529] 4 | 1 6 _ 9 2 _ 8 0 11 3 10 6 
[00347530] 3 | 1 6 _ 9 2 5 8 0 11 3 10 6 
[00347531] 5 | 6 1 _ 9 2 _ 8 0 11 3 10 _ 
[00347532] 5 | _ 1 6 9 2 _ 8 0 11 3 10 _ 
[00347533] 5 | _ 6 1 9 2 _ 8 0 11 3 10 _ 
[00347534] 4 | 2 6 1 9 2 _ 8 0 11 3 10 _ 
[00347535] 3 | 2 6 1 9 2 _ 8 0 11 3 10 7 
[00347536] 4 | 10 6 1 9 2 _ 8 0 11 3 10 _ 
[00347537] 3 | 10 6 1 9 2 5 8 0 11 3 10 _ 
[00347538] 4 | _ 6 1 9 2 6 8 0 11 3 10 _ 
[00347539] 3 | _ 6 1 9 2 6 8 0 11 3 10 7 
[00347540] 4 | _ 6 1 9 2 _ 8 0 11 3 10 6 
[00347541] 3 | _ 6 1 9 2 5 8 0 11 3 10 6 
[00347542] 5 | _ 4 _ 9 2 _ 8 0 11 3 10 _ 
[00347543] 4 | _ 4 _ 9 2 6 8 0 11 3 10 _ 
[00347544] 3 | 1 4 _ 9 2 6 8 0 11 3 10 _ 
[00347545] 3 | 7 4 _ 9 2 6 8 0 11 3 10 _ 
[00347546] 3 | _ 4 1 9 2 6 8 0 11 3 10 _ 
[00347547] 3 | _ 4 7 9 2 6 8 0 11 3 10 _ 
[00347548] 3 | _ 4 _ 9 2 6 8 0 11 3 10 7 
[00347549] 4 | _ 4 _ 9 2 _ 8 0 11 3 10 6 
[00347550] 3 | 1 4 _ 9 2 _ 8 0 11 3 10 6 
[00347551] 2 | 1 4 2 9 2 _ 8 0 11 3 10 6 
[00347552] 2 | 1 4 _ 9 2 4 8 0 11 3 10 6 
[00347553] 3 | 7 4 _ 9 2 _ 8 0 11 3 10 6 
[00347554] 2 | 7 4 2 9 2 _ 8 0 11 3 10 6 
[00347555] 2 | 7 4 _ 9 2 4 8 0 11 3 10 6 
[00347556] 3 | _ 4 1 9 2 _ 8 0 11 3 10 6 
[00347557] 2 | 2 4 1 9 2 _ 8 0 11 3 10 6 
[00347558] 2 | _ 4 1 9 2 4 8 0 11 3 10 6 
[00347559] 3 | _ 4 7 9 2 _ 8 0 11 3 10 6 
[00347560] 2 | 2 4 7 9 2 _ 8 0 11 3 10 6 
[00347561] 2 | _ 4 7 9 2 4 8 0 11 3 10 6 
[00347562] 3 | _ 4 _ 9 2 5 8 0 11 3 10 6 
[00347563] 5 | _ _ _ 9 2 7 8 0 11 3 10 _ 
[00347564] 4 | 1 5 _ 9 2 7 8 0 11 3 10 _ 
[00347565] 4 | 5 1 _ 9 2 7 8 0 11 3 10 _ 
[00347566] 4 | _ 1 5 9 2 7 8 0 11 3 10 _ 
[00347567] 4 | _ 5 1 9 2 7 8 0 11 3 10 _ 
[00347568] 4 | _ 5 _ 9 2 7 8 0 11 3 10 _ 
[00347569] 4 | _ _ _ 9 2 7 8 0 11 3 10 6 
[00347570] 3 | 1 4 _ 9 2 7 8 0 11 3 10 6 
[00347571] 3 | 4 1 _ 9 2 7 8 0 11 3 10 6 
[00347572] 3 | _ 1 4 9 2 7 8 0 11 3 10 6 
[00347573] 3 | _ 4 1 9 2 7 8 0 11 3 10 6 
