[00378304] 4 | 8 2 _ 10 1 _ 6 0 9 5 11 4 
[00378305] 5 | 8 2 _ 10 1 _ _ 0 5 _ 11 4 
[00378306] 4 | 8 2 6 10 1 _ _ 0 5 _ 11 4 
[00378307] 4 | 8 2 _ 10 1 5 _ 0 5 _ 11 4 
[00378308] 4 | 8 2 _ 10 1 _ 5 0 5 _ 11 4 
[00378309] 4 | 8 2 _ 10 1 _ _ 0 5 1 11 4 
[00378310] 4 | 8 2 _ 10 1 _ _ 0 5 9 11 4 
[00378311] 6 | _ 2 8 10 1 _ _ 0 _ _ 11 4 
[00378312] 5 | 7 2 8 10 1 _ _ 0 _ _ 11 4 
[00378313] 4 | 7 2 8 10 1 5 _ 0 _ _ 11 4 
[00378314] 3 | 7 2 8 10 1 5 _ 0 3 _ 11 4 
[00378315] 2 | 7 2 8 10 1 5 3 0 3 _ 11 4 
[00378316] 2 | 7 2 8 10 1 5 _ 0 3 1 11 4 
[00378317] 3 | 7 2 8 10 1 5 _ 0 3 6 11 4 
[00378318] 3 | 7 2 8 10 1 5 _ 0 6 9 11 4 
[00378319] 2 | 7 2 8 10 1 5 3 0 6 9 11 4 
[00378320] 3 | 7 2 8 10 1 5 _ 0 6 3 11 4 
[00378321] 3 | 7 2 8 10 1 5 _ 0 9 6 11 4 
[00378322] 2 | 7 2 8 10 1 5 3 0 9 6 11 4 
[00378323] 4 | 7 2 8 10 1 _ 5 0 _ _ 11 4 
[00378324] 3 | 7 2 8 10 1 _ 5 0 3 _ 11 4 
[00378325] 2 | 7 2 8 10 1 3 5 0 3 _ 11 4 
[00378326] 2 | 7 2 8 10 1 _ 5 0 3 1 11 4 
[00378327] 3 | 7 2 8 10 1 _ 5 0 3 6 11 4 
[00378328] 3 | 7 2 8 10 1 _ 5 0 6 9 11 4 
[00378329] 2 | 7 2 8 10 1 3 5 0 6 9 11 4 
[00378330] 3 | 7 2 8 10 1 _ 5 0 6 3 11 4 
[00378331] 3 | 7 2 8 10 1 _ 5 0 9 6 11 4 
[00378332] 2 | 7 2 8 10 1 3 5 0 9 6 11 4 
[00378333] 4 | 7 2 8 10 1 _ _ 0 5 9 11 4 
[00378334] 4 | 7 2 8 10 1 _ _ 0 9 5 11 4 
[00378335] 5 | _ 2 8 10 1 6 _ 0 _ _ 11 4 
[00378336] 4 | _ 2 8 10 1 6 5 0 _ _ 11 4 
[00378337] 3 | _ 2 8 10 1 6 5 0 3 _ 11 4 
[00378338] 4 | _ 2 8 10 1 6 _ 0 3 7 11 4 
[00378339] 3 | 5 2 8 10 1 6 _ 0 3 7 11 4 
[00378340] 4 | _ 2 8 10 1 6 _ 0 5 9 11 4 
[00378341] 4 | _ 2 8 10 1 6 _ 0 7 3 11 4 
[00378342] 3 | 5 2 8 10 1 6 _ 0 7 3 11 4 
[00378343] 4 | _ 2 8 10 1 6 _ 0 9 5 11 4 
[00378344] 5 | _ 2 8 10 1 _ 6 0 _ _ 11 4 
[00378345] 4 | _ 2 8 10 1 5 6 0 _ _ 11 4 
[00378346] 3 | _ 2 8 10 1 5 6 0 3 _ 11 4 
[00378347] 4 | _ 2 8 10 1 _ 6 0 3 7 11 4 
[00378348] 3 | 5 2 8 10 1 _ 6 0 3 7 11 4 
[00378349] 4 | _ 2 8 10 1 _ 6 0 5 9 11 4 
[00378350] 4 | _ 2 8 10 1 _ 6 0 7 3 11 4 
[00378351] 3 | 5 2 8 10 1 _ 6 0 7 3 11 4 
[00378352] 4 | _ 2 8 10 1 _ 6 0 9 5 11 4 
[00378353] 5 | _ 2 8 10 1 _ _ 0 5 _ 11 4 
[00378354] 4 | 6 2 8 10 1 _ _ 0 5 _ 11 4 
[00378355] 4 | _ 2 8 10 1 5 _ 0 5 _ 11 4 
[00378356] 4 | _ 2 8 10 1 _ 5 0 5 _ 11 4 
[00378357] 4 | _ 2 8 10 1 _ _ 0 5 1 11 4 
[00378358] 4 | _ 2 8 10 1 _ _ 0 5 9 11 4 
[00378359] 6 | _ 2 _ 10 1 7 _ 0 _ _ 11 4 
[00378360] 5 | _ 2 _ 10 1 7 6 0 _ _ 11 4 
[00378361] 4 | _ 2 _ 10 1 7 6 0 5 9 11 4 
[00378362] 4 | _ 2 _ 10 1 7 6 0 9 5 11 4 
[00378363] 5 | _ 2 _ 10 1 7 _ 0 5 _ 11 4 
[00378364] 4 | 6 2 _ 10 1 7 _ 0 5 _ 11 4 
[00378365] 3 | 6 2 5 10 1 7 _ 0 5 _ 11 4 
[00378366] 2 | 6 2 5 10 1 7 3 0 5 _ 11 4 
[00378367] 3 | 6 2 _ 10 1 7 _ 0 5 2 11 4 
[00378368] 2 | 6 2 _ 10 1 7 3 0 5 2 11 4 
[00378369] 3 | 6 2 _ 10 1 7 _ 0 5 8 11 4 
[00378370] 2 | 6 2 _ 10 1 7 3 0 5 8 11 4 
[00378371] 4 | _ 2 6 10 1 7 _ 0 5 _ 11 4 
[00378372] 3 | 5 2 6 10 1 7 _ 0 5 _ 11 4 
[00378373] 2 | 5 2 6 10 1 7 3 0 5 _ 11 4 
[00378374] 3 | _ 2 6 10 1 7 _ 0 5 2 11 4 
[00378375] 2 | _ 2 6 10 1 7 3 0 5 2 11 4 
[00378376] 3 | _ 2 6 10 1 7 _ 0 5 8 11 4 
[00378377] 2 | _ 2 6 10 1 7 3 0 5 8 11 4 
[00378378] 4 | _ 2 _ 10 1 7 5 0 5 _ 11 4 
[00378379] 4 | _ 2 _ 10 1 7 _ 0 5 1 11 4 
[00378380] 4 | _ 2 _ 10 1 7 _ 0 5 9 11 4 
[00378381] 5 | _ 2 _ 10 1 7 _ 0 3 8 11 4 
[00378382] 4 | 6 2 _ 10 1 7 _ 0 3 8 11 4 
[00378383] 3 | 6 2 5 10 1 7 _ 0 3 8 11 4 
[00378384] 4 | _ 2 6 10 1 7 _ 0 3 8 11 4 
[00378385] 3 | 5 2 6 10 1 7 _ 0 3 8 11 4 
[00378386] 4 | _ 2 _ 10 1 7 5 0 3 8 11 4 
[00378387] 5 | _ 2 _ 10 1 7 _ 0 8 3 11 4 
[00378388] 4 | 6 2 _ 10 1 7 _ 0 8 3 11 4 
[00378389] 3 | 6 2 5 10 1 7 _ 0 8 3 11 4 
[00378390] 4 | _ 2 6 10 1 7 _ 0 8 3 11 4 
[00378391] 3 | 5 2 6 10 1 7 _ 0 8 3 11 4 
[00378392] 4 | _ 2 _ 10 1 7 5 0 8 3 11 4 
[00378393] 6 | _ 2 _ 10 1 _ 7 0 _ _ 11 4 
[00378394] 5 | _ 2 _ 10 1 6 7 0 _ _ 11 4 
[00378395] 4 | _ 2 _ 10 1 6 7 0 5 9 11 4 
[00378396] 4 | _ 2 _ 10 1 6 7 0 9 5 11 4 
[00378397] 5 | _ 2 _ 10 1 _ 7 0 5 _ 11 4 
[00378398] 4 | 6 2 _ 10 1 _ 7 0 5 _ 11 4 
[00378399] 3 | 6 2 5 10 1 _ 7 0 5 _ 11 4 
[00378400] 2 | 6 2 5 10 1 3 7 0 5 _ 11 4 
[00378401] 3 | 6 2 _ 10 1 _ 7 0 5 2 11 4 
[00378402] 2 | 6 2 _ 10 1 3 7 0 5 2 11 4 
[00378403] 3 | 6 2 _ 10 1 _ 7 0 5 8 11 4 
[00378404] 2 | 6 2 _ 10 1 3 7 0 5 8 11 4 
[00378405] 4 | _ 2 6 10 1 _ 7 0 5 _ 11 4 
[00378406] 3 | 5 2 6 10 1 _ 7 0 5 _ 11 4 
[00378407] 2 | 5 2 6 10 1 3 7 0 5 _ 11 4 
[00378408] 3 | _ 2 6 10 1 _ 7 0 5 2 11 4 
[00378409] 2 | _ 2 6 10 1 3 7 0 5 2 11 4 
[00378410] 3 | _ 2 6 10 1 _ 7 0 5 8 11 4 
[00378411] 2 | _ 2 6 10 1 3 7 0 5 8 11 4 
[00378412] 4 | _ 2 _ 10 1 5 7 0 5 _ 11 4 
[00378413] 4 | _ 2 _ 10 1 _ 7 0 5 1 11 4 
[00378414] 4 | _ 2 _ 10 1 _ 7 0 5 9 11 4 
[00378415] 5 | _ 2 _ 10 1 _ 7 0 3 8 11 4 
[00378416] 4 | 6 2 _ 10 1 _ 7 0 3 8 11 4 
[00378417] 3 | 6 2 5 10 1 _ 7 0 3 8 11 4 
[00378418] 4 | _ 2 6 10 1 _ 7 0 3 8 11 4 
[00378419] 3 | 5 2 6 10 1 _ 7 0 3 8 11 4 
[00378420] 4 | _ 2 _ 10 1 5 7 0 3 8 11 4 
[00378421] 5 | _ 2 _ 10 1 _ 7 0 8 3 11 4 
[00378422] 4 | 6 2 _ 10 1 _ 7 0 8 3 11 4 
[00378423] 3 | 6 2 5 10 1 _ 7 0 8 3 11 4 
[00378424] 4 | _ 2 6 10 1 _ 7 0 8 3 11 4 
[00378425] 3 | 5 2 6 10 1 _ 7 0 8 3 11 4 
[00378426] 4 | _ 2 _ 10 1 5 7 0 8 3 11 4 
[00378427] 6 | _ 2 _ 10 1 _ _ 0 6 _ 11 4 
[00378428] 5 | 7 2 _ 10 1 _ _ 0 6 _ 11 4 
[00378429] 4 | 7 2 6 10 1 _ _ 0 6 _ 11 4 
[00378430] 4 | 7 2 _ 10 1 5 _ 0 6 _ 11 4 
[00378431] 3 | 7 2 _ 10 1 5 _ 0 6 3 11 4 
[00378432] 3 | 7 2 _ 10 1 5 _ 0 6 9 11 4 
[00378433] 2 | 7 2 _ 10 1 5 3 0 6 9 11 4 
[00378434] 4 | 7 2 _ 10 1 _ 5 0 6 _ 11 4 
[00378435] 3 | 7 2 _ 10 1 _ 5 0 6 3 11 4 
[00378436] 3 | 7 2 _ 10 1 _ 5 0 6 9 11 4 
[00378437] 2 | 7 2 _ 10 1 3 5 0 6 9 11 4 
[00378438] 4 | 7 2 _ 10 1 _ _ 0 6 2 11 4 
[00378439] 5 | _ 2 7 10 1 _ _ 0 6 _ 11 4 
[00378440] 4 | 6 2 7 10 1 _ _ 0 6 _ 11 4 
[00378441] 4 | _ 2 7 10 1 5 _ 0 6 _ 11 4 
[00378442] 3 | _ 2 7 10 1 5 _ 0 6 3 11 4 
[00378443] 3 | _ 2 7 10 1 5 _ 0 6 9 11 4 
[00378444] 2 | _ 2 7 10 1 5 3 0 6 9 11 4 
[00378445] 4 | _ 2 7 10 1 _ 5 0 6 _ 11 4 
[00378446] 3 | _ 2 7 10 1 _ 5 0 6 3 11 4 
[00378447] 3 | _ 2 7 10 1 _ 5 0 6 9 11 4 
[00378448] 2 | _ 2 7 10 1 3 5 0 6 9 11 4 
[00378449] 4 | _ 2 7 10 1 _ _ 0 6 2 11 4 
[00378450] 5 | _ 2 _ 10 1 6 _ 0 6 _ 11 4 
[00378451] 4 | _ 2 _ 10 1 6 5 0 6 _ 11 4 
[00378452] 5 | _ 2 _ 10 1 _ 6 0 6 _ 11 4 
[00378453] 4 | _ 2 _ 10 1 5 6 0 6 _ 11 4 
[00378454] 5 | _ 2 _ 10 1 _ _ 0 6 1 11 4 
[00378455] 6 | _ 2 _ 10 1 _ _ 0 3 9 11 4 
[00378456] 5 | 7 2 _ 10 1 _ _ 0 3 9 11 4 
[00378457] 4 | 7 2 6 10 1 _ _ 0 3 9 11 4 
[00378458] 4 | 7 2 _ 10 1 5 _ 0 3 9 11 4 
[00378459] 4 | 7 2 _ 10 1 _ 5 0 3 9 11 4 
[00378460] 5 | _ 2 7 10 1 _ _ 0 3 9 11 4 
[00378461] 4 | 6 2 7 10 1 _ _ 0 3 9 11 4 
[00378462] 4 | _ 2 7 10 1 5 _ 0 3 9 11 4 
[00378463] 4 | _ 2 7 10 1 _ 5 0 3 9 11 4 
[00378464] 5 | _ 2 _ 10 1 6 _ 0 3 9 11 4 
[00378465] 4 | _ 2 _ 10 1 6 5 0 3 9 11 4 
[00378466] 5 | _ 2 _ 10 1 _ 6 0 3 9 11 4 
[00378467] 4 | _ 2 _ 10 1 5 6 0 3 9 11 4 
[00378468] 6 | _ 2 _ 10 1 _ _ 0 9 3 11 4 
[00378469] 5 | 7 2 _ 10 1 _ _ 0 9 3 11 4 
[00378470] 4 | 7 2 6 10 1 _ _ 0 9 3 11 4 
[00378471] 4 | 7 2 _ 10 1 5 _ 0 9 3 11 4 
[00378472] 4 | 7 2 _ 10 1 _ 5 0 9 3 11 4 
[00378473] 5 | _ 2 7 10 1 _ _ 0 9 3 11 4 
[00378474] 4 | 6 2 7 10 1 _ _ 0 9 3 11 4 
[00378475] 4 | _ 2 7 10 1 5 _ 0 9 3 11 4 
[00378476] 4 | _ 2 7 10 1 _ 5 0 9 3 11 4 
[00378477] 5 | _ 2 _ 10 1 6 _ 0 9 3 11 4 
[00378478] 4 | _ 2 _ 10 1 6 5 0 9 3 11 4 
[00378479] 5 | _ 2 _ 10 1 _ 6 0 9 3 11 4 
[00378480] 4 | _ 2 _ 10 1 5 6 0 9 3 11 4 
[00378481] 8 | _ _ _ 10 1 9 _ 0 _ _ 11 _ 
[00378482] 7 | _ 3 _ 10 1 9 _ 0 _ _ 11 _ 
[00378483] 6 | _ 3 _ 10 1 9 7 0 _ _ 11 _ 
[00378484] 5 | 8 3 _ 10 1 9 7 0 _ _ 11 _ 
[00378485] 4 | 8 3 _ 10 1 9 7 0 4 _ 11 _ 
[00378486] 3 | 8 3 6 10 1 9 7 0 4 _ 11 _ 
[00378487] 2 | 8 3 6 10 1 9 7 0 4 2 11 _ 
[00378488] 4 | 8 3 _ 10 1 9 7 0 2 6 11 _ 
[00378489] 4 | 8 3 _ 10 1 9 7 0 6 2 11 _ 
[00378490] 5 | _ 3 8 10 1 9 7 0 _ _ 11 _ 
[00378491] 4 | _ 3 8 10 1 9 7 0 4 _ 11 _ 
[00378492] 3 | 6 3 8 10 1 9 7 0 4 _ 11 _ 
[00378493] 2 | 6 3 8 10 1 9 7 0 4 2 11 _ 
[00378494] 4 | _ 3 8 10 1 9 7 0 2 6 11 _ 
[00378495] 4 | _ 3 8 10 1 9 7 0 6 2 11 _ 
[00378496] 5 | _ 3 _ 10 1 9 7 0 5 _ 11 _ 
[00378497] 5 | _ 3 _ 10 1 9 7 0 _ _ 11 6 
[00378498] 4 | _ 3 _ 10 1 9 7 0 4 _ 11 6 
[00378499] 4 | _ 3 _ 10 1 9 7 0 4 8 11 6 
[00378500] 4 | _ 3 _ 10 1 9 7 0 8 4 11 6 
[00378501] 6 | _ 3 _ 10 1 9 _ 0 6 _ 11 _ 
[00378502] 5 | 8 3 _ 10 1 9 _ 0 6 _ 11 _ 
[00378503] 4 | 8 3 7 10 1 9 _ 0 6 _ 11 _ 
[00378504] 3 | 8 3 7 10 1 9 4 0 6 _ 11 _ 
[00378505] 4 | 8 3 _ 10 1 9 5 0 6 _ 11 _ 
[00378506] 3 | 8 3 6 10 1 9 5 0 6 _ 11 _ 
[00378507] 3 | 8 3 _ 10 1 9 5 0 6 3 11 _ 
[00378508] 4 | 8 3 _ 10 1 9 _ 0 6 2 11 _ 
[00378509] 3 | 8 3 _ 10 1 9 4 0 6 2 11 _ 
[00378510] 2 | 8 3 5 10 1 9 4 0 6 2 11 _ 
[00378511] 4 | 8 3 _ 10 1 9 _ 0 6 _ 11 7 
[00378512] 3 | 8 3 6 10 1 9 _ 0 6 _ 11 7 
[00378513] 3 | 8 3 _ 10 1 9 4 0 6 _ 11 7 
[00378514] 2 | 8 3 5 10 1 9 4 0 6 _ 11 7 
[00378515] 3 | 8 3 _ 10 1 9 _ 0 6 3 11 7 
[00378516] 5 | _ 3 8 10 1 9 _ 0 6 _ 11 _ 
[00378517] 4 | 7 3 8 10 1 9 _ 0 6 _ 11 _ 
[00378518] 3 | 7 3 8 10 1 9 4 0 6 _ 11 _ 
[00378519] 4 | _ 3 8 10 1 9 5 0 6 _ 11 _ 
[00378520] 3 | 6 3 8 10 1 9 5 0 6 _ 11 _ 
[00378521] 3 | _ 3 8 10 1 9 5 0 6 3 11 _ 
[00378522] 4 | _ 3 8 10 1 9 _ 0 6 2 11 _ 
[00378523] 3 | _ 3 8 10 1 9 4 0 6 2 11 _ 
[00378524] 2 | 5 3 8 10 1 9 4 0 6 2 11 _ 
[00378525] 4 | _ 3 8 10 1 9 _ 0 6 _ 11 7 
[00378526] 3 | 6 3 8 10 1 9 _ 0 6 _ 11 7 
[00378527] 3 | _ 3 8 10 1 9 4 0 6 _ 11 7 
[00378528] 2 | 5 3 8 10 1 9 4 0 6 _ 11 7 
[00378529] 3 | _ 3 8 10 1 9 _ 0 6 3 11 7 
[00378530] 5 | _ 3 _ 10 1 9 6 0 6 _ 11 _ 
[00378531] 4 | 7 3 _ 10 1 9 6 0 6 _ 11 _ 
[00378532] 3 | 7 3 _ 10 1 9 6 0 6 _ 11 8 
[00378533] 2 | 7 3 5 10 1 9 6 0 6 _ 11 8 
[00378534] 4 | _ 3 7 10 1 9 6 0 6 _ 11 _ 
[00378535] 3 | _ 3 7 10 1 9 6 0 6 _ 11 8 
[00378536] 2 | 5 3 7 10 1 9 6 0 6 _ 11 8 
[00378537] 4 | _ 3 _ 10 1 9 6 0 6 _ 11 7 
[00378538] 5 | _ 3 _ 10 1 9 _ 0 6 1 11 _ 
[00378539] 4 | 7 3 _ 10 1 9 _ 0 6 1 11 _ 
[00378540] 3 | 7 3 _ 10 1 9 _ 0 6 1 11 8 
[00378541] 2 | 7 3 5 10 1 9 _ 0 6 1 11 8 
[00378542] 4 | _ 3 7 10 1 9 _ 0 6 1 11 _ 
[00378543] 3 | _ 3 7 10 1 9 _ 0 6 1 11 8 
[00378544] 2 | 5 3 7 10 1 9 _ 0 6 1 11 8 
[00378545] 4 | _ 3 _ 10 1 9 _ 0 6 1 11 7 
[00378546] 5 | _ 3 _ 10 1 9 _ 0 6 11 11 _ 
[00378547] 4 | 7 3 _ 10 1 9 _ 0 6 11 11 _ 
[00378548] 3 | 7 3 _ 10 1 9 4 0 6 11 11 _ 
[00378549] 2 | 7 3 5 10 1 9 4 0 6 11 11 _ 
[00378550] 4 | _ 3 7 10 1 9 _ 0 6 11 11 _ 
[00378551] 3 | _ 3 7 10 1 9 4 0 6 11 11 _ 
[00378552] 2 | 5 3 7 10 1 9 4 0 6 11 11 _ 
[00378553] 4 | _ 3 _ 10 1 9 5 0 6 11 11 _ 
[00378554] 5 | _ 3 _ 10 1 9 _ 0 6 _ 11 6 
[00378555] 4 | 7 3 _ 10 1 9 _ 0 6 _ 11 6 
[00378556] 3 | 7 3 _ 10 1 9 4 0 6 _ 11 6 
[00378557] 2 | 7 3 5 10 1 9 4 0 6 _ 11 6 
[00378558] 4 | _ 3 7 10 1 9 _ 0 6 _ 11 6 
[00378559] 3 | _ 3 7 10 1 9 4 0 6 _ 11 6 
[00378560] 2 | 5 3 7 10 1 9 4 0 6 _ 11 6 
[00378561] 4 | _ 3 _ 10 1 9 5 0 6 _ 11 6 
[00378562] 6 | _ 3 _ 10 1 9 _ 0 2 8 11 _ 
[00378563] 5 | _ 3 _ 10 1 9 6 0 2 8 11 _ 
[00378564] 4 | 7 3 _ 10 1 9 6 0 2 8 11 _ 
[00378565] 4 | _ 3 7 10 1 9 6 0 2 8 11 _ 
[00378566] 4 | _ 3 _ 10 1 9 6 0 2 8 11 7 
[00378567] 5 | _ 3 _ 10 1 9 _ 0 2 8 11 6 
[00378568] 4 | 7 3 _ 10 1 9 _ 0 2 8 11 6 
[00378569] 3 | 7 3 _ 10 1 9 4 0 2 8 11 6 
[00378570] 2 | 7 3 5 10 1 9 4 0 2 8 11 6 
[00378571] 4 | _ 3 7 10 1 9 _ 0 2 8 11 6 
[00378572] 3 | _ 3 7 10 1 9 4 0 2 8 11 6 
[00378573] 2 | 5 3 7 10 1 9 4 0 2 8 11 6 
[00378574] 4 | _ 3 _ 10 1 9 5 0 2 8 11 6 
[00378575] 6 | _ 3 _ 10 1 9 _ 0 8 2 11 _ 
[00378576] 5 | _ 3 _ 10 1 9 6 0 8 2 11 _ 
[00378577] 4 | 7 3 _ 10 1 9 6 0 8 2 11 _ 
[00378578] 4 | _ 3 7 10 1 9 6 0 8 2 11 _ 
[00378579] 4 | _ 3 _ 10 1 9 6 0 8 2 11 7 
[00378580] 5 | _ 3 _ 10 1 9 _ 0 8 2 11 6 
[00378581] 4 | 7 3 _ 10 1 9 _ 0 8 2 11 6 
[00378582] 3 | 7 3 _ 10 1 9 4 0 8 2 11 6 
[00378583] 2 | 7 3 5 10 1 9 4 0 8 2 11 6 
[00378584] 4 | _ 3 7 10 1 9 _ 0 8 2 11 6 
[00378585] 3 | _ 3 7 10 1 9 4 0 8 2 11 6 
[00378586] 2 | 5 3 7 10 1 9 4 0 8 2 11 6 
[00378587] 4 | _ 3 _ 10 1 9 5 0 8 2 11 6 
[00378588] 6 | _ 3 _ 10 1 9 _ 0 _ _ 11 5 
[00378589] 5 | 8 3 _ 10 1 9 _ 0 _ _ 11 5 
[00378590] 4 | 8 3 7 10 1 9 _ 0 _ _ 11 5 
[00378591] 3 | 8 3 7 10 1 9 4 0 _ _ 11 5 
[00378592] 2 | 8 3 7 10 1 9 4 0 2 _ 11 5 
[00378593] 4 | 8 3 _ 10 1 9 _ 0 4 _ 11 5 
[00378594] 3 | 8 3 6 10 1 9 _ 0 4 _ 11 5 
[00378595] 2 | 8 3 6 10 1 9 _ 0 4 2 11 5 
[00378596] 3 | 8 3 _ 10 1 9 4 0 4 _ 11 5 
[00378597] 3 | 8 3 _ 10 1 9 _ 0 4 1 11 5 
[00378598] 3 | 8 3 _ 10 1 9 _ 0 4 7 11 5 
[00378599] 2 | 8 3 1 10 1 9 _ 0 4 7 11 5 
[00378600] 2 | 8 3 _ 10 1 9 3 0 4 7 11 5 
[00378601] 4 | 8 3 _ 10 1 9 _ 0 2 6 11 5 
[00378602] 3 | 8 3 _ 10 1 9 4 0 2 6 11 5 
[00378603] 4 | 8 3 _ 10 1 9 _ 0 6 2 11 5 
[00378604] 3 | 8 3 _ 10 1 9 4 0 6 2 11 5 
[00378605] 5 | _ 3 8 10 1 9 _ 0 _ _ 11 5 
[00378606] 4 | 7 3 8 10 1 9 _ 0 _ _ 11 5 
[00378607] 3 | 7 3 8 10 1 9 4 0 _ _ 11 5 
[00378608] 2 | 7 3 8 10 1 9 4 0 2 _ 11 5 
[00378609] 4 | _ 3 8 10 1 9 _ 0 4 _ 11 5 
[00378610] 3 | 6 3 8 10 1 9 _ 0 4 _ 11 5 
[00378611] 2 | 6 3 8 10 1 9 _ 0 4 2 11 5 
[00378612] 3 | _ 3 8 10 1 9 4 0 4 _ 11 5 
[00378613] 3 | _ 3 8 10 1 9 _ 0 4 1 11 5 
[00378614] 3 | _ 3 8 10 1 9 _ 0 4 7 11 5 
[00378615] 2 | 1 3 8 10 1 9 _ 0 4 7 11 5 
[00378616] 2 | _ 3 8 10 1 9 3 0 4 7 11 5 
[00378617] 4 | _ 3 8 10 1 9 _ 0 2 6 11 5 
[00378618] 3 | _ 3 8 10 1 9 4 0 2 6 11 5 
[00378619] 4 | _ 3 8 10 1 9 _ 0 6 2 11 5 
[00378620] 3 | _ 3 8 10 1 9 4 0 6 2 11 5 
[00378621] 5 | _ 3 _ 10 1 9 6 0 _ _ 11 5 
[00378622] 4 | 7 3 _ 10 1 9 6 0 _ _ 11 5 
[00378623] 3 | 7 3 0 10 1 9 6 0 _ _ 11 5 
[00378624] 2 | 7 3 0 10 1 9 6 0 2 4 11 5 
[00378625] 2 | 7 3 0 10 1 9 6 0 4 2 11 5 
[00378626] 3 | 7 3 _ 10 1 9 6 0 3 _ 11 5 
[00378627] 4 | _ 3 7 10 1 9 6 0 _ _ 11 5 
[00378628] 3 | 0 3 7 10 1 9 6 0 _ _ 11 5 
[00378629] 2 | 0 3 7 10 1 9 6 0 2 4 11 5 
[00378630] 2 | 0 3 7 10 1 9 6 0 4 2 11 5 
[00378631] 3 | _ 3 7 10 1 9 6 0 3 _ 11 5 
[00378632] 4 | _ 3 _ 10 1 9 6 0 4 _ 11 5 
[00378633] 3 | _ 3 _ 10 1 9 6 0 4 7 11 5 
[00378634] 4 | _ 3 _ 10 1 9 6 0 4 8 11 5 
[00378635] 4 | _ 3 _ 10 1 9 6 0 8 4 11 5 
[00378636] 5 | _ 3 _ 10 1 9 _ 0 2 7 11 5 
[00378637] 5 | _ 3 _ 10 1 9 _ 0 7 2 11 5 
[00378638] 7 | _ _ _ 10 1 9 8 0 _ _ 11 _ 
[00378639] 6 | _ 4 _ 10 1 9 8 0 _ _ 11 _ 
[00378640] 5 | _ 4 _ 10 1 9 8 0 5 _ 11 _ 
[00378641] 4 | _ 4 _ 10 1 9 8 0 5 _ 11 7 
[00378642] 3 | _ 4 _ 10 1 9 8 0 5 2 11 7 
[00378643] 2 | 6 4 _ 10 1 9 8 0 5 2 11 7 
[00378644] 1 | 6 4 3 10 1 9 8 0 5 2 11 7  *Graceful*
[00378644] 2 | _ 4 6 10 1 9 8 0 5 2 11 7 
[00378645] 1 | 3 4 6 10 1 9 8 0 5 2 11 7  *Graceful*
[00378645] 5 | _ 4 _ 10 1 9 8 0 2 7 11 _ 
[00378646] 5 | _ 4 _ 10 1 9 8 0 7 2 11 _ 
[00378647] 5 | _ 4 _ 10 1 9 8 0 _ _ 11 6 
[00378648] 4 | 0 4 _ 10 1 9 8 0 _ _ 11 6 
[00378649] 3 | 0 4 7 10 1 9 8 0 _ _ 11 6 
[00378650] 2 | 0 4 7 10 1 9 8 0 3 5 11 6 
[00378651] 2 | 0 4 7 10 1 9 8 0 5 3 11 6 
[00378652] 3 | 0 4 _ 10 1 9 8 0 2 5 11 6 
[00378653] 3 | 0 4 _ 10 1 9 8 0 5 2 11 6 
[00378654] 4 | _ 4 0 10 1 9 8 0 _ _ 11 6 
[00378655] 3 | 7 4 0 10 1 9 8 0 _ _ 11 6 
[00378656] 2 | 7 4 0 10 1 9 8 0 3 5 11 6 
[00378657] 2 | 7 4 0 10 1 9 8 0 5 3 11 6 
[00378658] 3 | _ 4 0 10 1 9 8 0 2 5 11 6 
[00378659] 3 | _ 4 0 10 1 9 8 0 5 2 11 6 
[00378660] 4 | _ 4 _ 10 1 9 8 0 4 _ 11 6 
[00378661] 3 | 7 4 _ 10 1 9 8 0 4 _ 11 6 
[00378662] 2 | 7 4 2 10 1 9 8 0 4 _ 11 6 
[00378663] 2 | 7 4 _ 10 1 9 8 0 4 2 11 6 
[00378664] 3 | _ 4 7 10 1 9 8 0 4 _ 11 6 
[00378665] 2 | 2 4 7 10 1 9 8 0 4 _ 11 6 
[00378666] 2 | _ 4 7 10 1 9 8 0 4 2 11 6 
[00378667] 3 | _ 4 _ 10 1 9 8 0 4 7 11 6 
[00378668] 4 | _ 4 _ 10 1 9 8 0 3 7 11 6 
[00378669] 4 | _ 4 _ 10 1 9 8 0 7 3 11 6 
[00378670] 6 | _ _ _ 10 1 9 8 0 6 _ 11 _ 
[00378671] 5 | 2 7 _ 10 1 9 8 0 6 _ 11 _ 
[00378672] 4 | 2 7 3 10 1 9 8 0 6 _ 11 _ 
[00378673] 4 | 2 7 11 10 1 9 8 0 6 _ 11 _ 
[00378674] 3 | 2 7 11 10 1 9 8 0 6 3 11 _ 
[00378675] 4 | 2 7 _ 10 1 9 8 0 6 _ 11 7 
[00378676] 3 | 2 7 _ 10 1 9 8 0 6 3 11 7 
[00378677] 5 | 7 2 _ 10 1 9 8 0 6 _ 11 _ 
[00378678] 5 | _ 2 7 10 1 9 8 0 6 _ 11 _ 
[00378679] 5 | _ 7 2 10 1 9 8 0 6 _ 11 _ 
[00378680] 4 | 3 7 2 10 1 9 8 0 6 _ 11 _ 
[00378681] 4 | 11 7 2 10 1 9 8 0 6 _ 11 _ 
[00378682] 3 | 11 7 2 10 1 9 8 0 6 3 11 _ 
[00378683] 4 | _ 7 2 10 1 9 8 0 6 _ 11 7 
[00378684] 3 | _ 7 2 10 1 9 8 0 6 3 11 7 
[00378685] 5 | _ 5 _ 10 1 9 8 0 6 _ 11 _ 
[00378686] 4 | _ 5 _ 10 1 9 8 0 6 2 11 _ 
[00378687] 4 | _ 5 _ 10 1 9 8 0 6 _ 11 7 
[00378688] 3 | 2 5 _ 10 1 9 8 0 6 _ 11 7 
[00378689] 2 | 2 5 3 10 1 9 8 0 6 _ 11 7 
[00378690] 2 | 2 5 _ 10 1 9 8 0 6 4 11 7 
[00378691] 3 | _ 5 2 10 1 9 8 0 6 _ 11 7 
[00378692] 2 | 3 5 2 10 1 9 8 0 6 _ 11 7 
[00378693] 2 | _ 5 2 10 1 9 8 0 6 4 11 7 
[00378694] 3 | _ 5 _ 10 1 9 8 0 6 3 11 7 
[00378695] 5 | _ _ _ 10 1 9 8 0 6 11 11 _ 
[00378696] 4 | 3 7 _ 10 1 9 8 0 6 11 11 _ 
[00378697] 3 | 3 7 4 10 1 9 8 0 6 11 11 _ 
[00378698] 4 | 7 3 _ 10 1 9 8 0 6 11 11 _ 
[00378699] 4 | _ 3 7 10 1 9 8 0 6 11 11 _ 
[00378700] 4 | _ 7 3 10 1 9 8 0 6 11 11 _ 
[00378701] 3 | 4 7 3 10 1 9 8 0 6 11 11 _ 
[00378702] 5 | _ _ _ 10 1 9 8 0 6 _ 11 6 
[00378703] 4 | 3 7 _ 10 1 9 8 0 6 _ 11 6 
[00378704] 3 | 3 7 4 10 1 9 8 0 6 _ 11 6 
[00378705] 4 | 7 3 _ 10 1 9 8 0 6 _ 11 6 
[00378706] 4 | _ 3 7 10 1 9 8 0 6 _ 11 6 
[00378707] 4 | _ 7 3 10 1 9 8 0 6 _ 11 6 
[00378708] 3 | 4 7 3 10 1 9 8 0 6 _ 11 6 
[00378709] 6 | _ _ _ 10 1 9 8 0 _ _ 11 5 
[00378710] 5 | 2 7 _ 10 1 9 8 0 _ _ 11 5 
[00378711] 4 | 2 7 3 10 1 9 8 0 _ _ 11 5 
[00378712] 4 | 2 7 _ 10 1 9 8 0 4 _ 11 5 
[00378713] 3 | 2 7 4 10 1 9 8 0 4 _ 11 5 
[00378714] 3 | 2 7 _ 10 1 9 8 0 4 7 11 5 
[00378715] 5 | 7 2 _ 10 1 9 8 0 _ _ 11 5 
[00378716] 5 | _ 2 7 10 1 9 8 0 _ _ 11 5 
[00378717] 5 | _ 7 2 10 1 9 8 0 _ _ 11 5 
[00378718] 4 | 3 7 2 10 1 9 8 0 _ _ 11 5 
[00378719] 4 | _ 7 2 10 1 9 8 0 4 _ 11 5 
[00378720] 3 | 4 7 2 10 1 9 8 0 4 _ 11 5 
[00378721] 3 | _ 7 2 10 1 9 8 0 4 7 11 5 
[00378722] 5 | _ _ _ 10 1 9 8 0 2 7 11 5 
[00378723] 4 | _ 6 _ 10 1 9 8 0 2 7 11 5 
[00378724] 3 | 3 6 _ 10 1 9 8 0 2 7 11 5 
[00378725] 2 | 3 6 4 10 1 9 8 0 2 7 11 5 
[00378726] 3 | _ 6 3 10 1 9 8 0 2 7 11 5 
[00378727] 2 | 4 6 3 10 1 9 8 0 2 7 11 5 
[00378728] 5 | _ _ _ 10 1 9 8 0 7 2 11 5 
[00378729] 4 | _ 6 _ 10 1 9 8 0 7 2 11 5 
[00378730] 3 | 3 6 _ 10 1 9 8 0 7 2 11 5 
[00378731] 2 | 3 6 4 10 1 9 8 0 7 2 11 5 
[00378732] 3 | _ 6 3 10 1 9 8 0 7 2 11 5 
[00378733] 2 | 4 6 3 10 1 9 8 0 7 2 11 5 
[00378734] 7 | _ _ _ 10 1 9 _ 0 7 _ 11 _ 
[00378735] 6 | 2 8 _ 10 1 9 _ 0 7 _ 11 _ 
[00378736] 5 | 2 8 3 10 1 9 _ 0 7 _ 11 _ 
[00378737] 4 | 2 8 3 10 1 9 5 0 7 _ 11 _ 
[00378738] 3 | 2 8 3 10 1 9 5 0 7 4 11 _ 
[00378739] 4 | 2 8 3 10 1 9 _ 0 7 11 11 _ 
[00378740] 3 | 2 8 3 10 1 9 4 0 7 11 11 _ 
[00378741] 4 | 2 8 3 10 1 9 _ 0 7 _ 11 7 
[00378742] 3 | 2 8 3 10 1 9 4 0 7 _ 11 7 
[00378743] 5 | 2 8 _ 10 1 9 6 0 7 _ 11 _ 
[00378744] 4 | 2 8 4 10 1 9 6 0 7 _ 11 _ 
[00378745] 4 | 2 8 _ 10 1 9 6 0 7 3 11 _ 
[00378746] 3 | 2 8 5 10 1 9 6 0 7 3 11 _ 
[00378747] 3 | 2 8 11 10 1 9 6 0 7 3 11 _ 
[00378748] 3 | 2 8 _ 10 1 9 6 0 7 3 11 8 
[00378749] 4 | 2 8 _ 10 1 9 6 0 7 11 11 _ 
[00378750] 3 | 2 8 5 10 1 9 6 0 7 11 11 _ 
[00378751] 4 | 2 8 _ 10 1 9 6 0 7 _ 11 7 
[00378752] 3 | 2 8 5 10 1 9 6 0 7 _ 11 7 
[00378753] 5 | 2 8 _ 10 1 9 _ 0 7 _ 11 6 
[00378754] 4 | 2 8 4 10 1 9 _ 0 7 _ 11 6 
[00378755] 4 | 2 8 _ 10 1 9 5 0 7 _ 11 6 
[00378756] 3 | 2 8 _ 10 1 9 5 0 7 4 11 6 
[00378757] 4 | 2 8 _ 10 1 9 _ 0 7 3 11 6 
[00378758] 3 | 2 8 5 10 1 9 _ 0 7 3 11 6 
[00378759] 3 | 2 8 _ 10 1 9 4 0 7 3 11 6 
[00378760] 6 | 8 2 _ 10 1 9 _ 0 7 _ 11 _ 
[00378761] 6 | _ 2 8 10 1 9 _ 0 7 _ 11 _ 
[00378762] 6 | _ 8 2 10 1 9 _ 0 7 _ 11 _ 
[00378763] 5 | 3 8 2 10 1 9 _ 0 7 _ 11 _ 
[00378764] 4 | 3 8 2 10 1 9 5 0 7 _ 11 _ 
[00378765] 3 | 3 8 2 10 1 9 5 0 7 4 11 _ 
[00378766] 4 | 3 8 2 10 1 9 _ 0 7 11 11 _ 
[00378767] 3 | 3 8 2 10 1 9 4 0 7 11 11 _ 
[00378768] 4 | 3 8 2 10 1 9 _ 0 7 _ 11 7 
[00378769] 3 | 3 8 2 10 1 9 4 0 7 _ 11 7 
[00378770] 5 | _ 8 2 10 1 9 6 0 7 _ 11 _ 
[00378771] 4 | 4 8 2 10 1 9 6 0 7 _ 11 _ 
[00378772] 4 | _ 8 2 10 1 9 6 0 7 3 11 _ 
[00378773] 3 | 5 8 2 10 1 9 6 0 7 3 11 _ 
[00378774] 3 | 11 8 2 10 1 9 6 0 7 3 11 _ 
[00378775] 3 | _ 8 2 10 1 9 6 0 7 3 11 8 
[00378776] 4 | _ 8 2 10 1 9 6 0 7 11 11 _ 
[00378777] 3 | 5 8 2 10 1 9 6 0 7 11 11 _ 
[00378778] 4 | _ 8 2 10 1 9 6 0 7 _ 11 7 
[00378779] 3 | 5 8 2 10 1 9 6 0 7 _ 11 7 
[00378780] 5 | _ 8 2 10 1 9 _ 0 7 _ 11 6 
[00378781] 4 | 4 8 2 10 1 9 _ 0 7 _ 11 6 
[00378782] 4 | _ 8 2 10 1 9 5 0 7 _ 11 6 
[00378783] 3 | _ 8 2 10 1 9 5 0 7 4 11 6 
[00378784] 4 | _ 8 2 10 1 9 _ 0 7 3 11 6 
[00378785] 3 | 5 8 2 10 1 9 _ 0 7 3 11 6 
[00378786] 3 | _ 8 2 10 1 9 4 0 7 3 11 6 
[00378787] 6 | _ 4 _ 10 1 9 _ 0 7 _ 11 _ 
[00378788] 5 | _ 4 _ 10 1 9 6 0 7 _ 11 _ 
[00378789] 4 | 8 4 _ 10 1 9 6 0 7 _ 11 _ 
[00378790] 3 | 8 4 7 10 1 9 6 0 7 _ 11 _ 
[00378791] 3 | 8 4 _ 10 1 9 6 0 7 4 11 _ 
[00378792] 4 | _ 4 8 10 1 9 6 0 7 _ 11 _ 
[00378793] 3 | 7 4 8 10 1 9 6 0 7 _ 11 _ 
[00378794] 3 | _ 4 8 10 1 9 6 0 7 4 11 _ 
[00378795] 4 | _ 4 _ 10 1 9 6 0 7 3 11 _ 
[00378796] 3 | _ 4 _ 10 1 9 6 0 7 3 11 8 
[00378797] 2 | 2 4 _ 10 1 9 6 0 7 3 11 8 
[00378798] 1 | 2 4 5 10 1 9 6 0 7 3 11 8  *Graceful*
[00378798] 2 | _ 4 2 10 1 9 6 0 7 3 11 8 
[00378799] 1 | 5 4 2 10 1 9 6 0 7 3 11 8  *Graceful*
[00378799] 4 | _ 4 _ 10 1 9 6 0 7 11 11 _ 
