[00109528] 3 | _ 10 1 0 11 4 3 5 9 6 2 8 
[00109529] 5 | _ 10 1 0 11 4 3 7 _ _ 2 8 
[00109530] 4 | 6 10 1 0 11 4 3 7 _ _ 2 8 
[00109531] 4 | _ 10 1 0 11 4 3 7 5 9 2 8 
[00109532] 4 | _ 10 1 0 11 4 3 7 9 5 2 8 
[00109533] 6 | _ 10 1 0 11 4 3 _ _ _ 8 2 
[00109534] 5 | 5 10 1 0 11 4 3 _ _ _ 8 2 
[00109535] 5 | _ 10 1 0 11 4 3 5 _ _ 8 2 
[00109536] 4 | 6 10 1 0 11 4 3 5 _ _ 8 2 
[00109537] 4 | _ 10 1 0 11 4 3 5 9 _ 8 2 
[00109538] 3 | 7 10 1 0 11 4 3 5 9 _ 8 2 
[00109539] 3 | _ 10 1 0 11 4 3 5 9 6 8 2 
[00109540] 7 | _ 10 1 0 11 _ 3 7 _ _ _ _ 
[00109541] 6 | 4 10 1 0 11 _ 3 7 _ _ _ _ 
[00109542] 5 | 4 10 1 0 11 6 3 7 _ _ _ _ 
[00109543] 4 | 4 10 1 0 11 6 3 7 5 9 _ _ 
[00109544] 4 | 4 10 1 0 11 6 3 7 9 5 _ _ 
[00109545] 4 | 4 10 1 0 11 6 3 7 _ _ 5 9 
[00109546] 4 | 4 10 1 0 11 6 3 7 _ _ 9 5 
[00109547] 5 | 4 10 1 0 11 _ 3 7 2 _ _ _ 
[00109548] 4 | 4 10 1 0 11 7 3 7 2 _ _ _ 
[00109549] 3 | 4 10 1 0 11 7 3 7 2 5 _ _ 
[00109550] 2 | 4 10 1 0 11 7 3 7 2 5 6 8 
[00109551] 1 | 4 10 1 0 11 7 3 7 2 5 6 8  *Graceful*
[00109551] 2 | 4 10 1 0 11 7 3 7 2 5 8 6 
[00109552] 1 | 4 10 1 0 11 7 3 7 2 5 8 6  *Graceful*
[00109552] 3 | 4 10 1 0 11 7 3 7 2 _ 5 8 
[00109553] 3 | 4 10 1 0 11 7 3 7 2 _ 6 9 
[00109554] 3 | 4 10 1 0 11 7 3 7 2 _ 8 5 
[00109555] 3 | 4 10 1 0 11 7 3 7 2 _ 9 6 
[00109556] 4 | 4 10 1 0 11 _ 3 7 2 6 _ _ 
[00109557] 3 | 4 10 1 0 11 8 3 7 2 6 _ _ 
[00109558] 2 | 4 10 1 0 11 8 3 7 2 6 5 _ 
[00109559] 2 | 4 10 1 0 11 8 3 7 2 6 9 _ 
[00109560] 3 | 4 10 1 0 11 _ 3 7 2 6 5 8 
[00109561] 2 | 4 10 1 0 11 9 3 7 2 6 5 8 
[00109562] 3 | 4 10 1 0 11 _ 3 7 2 6 8 5 
[00109563] 2 | 4 10 1 0 11 9 3 7 2 6 8 5 
[00109564] 1 | 4 10 1 0 11 9 3 7 2 6 8 5  *Graceful*
[00109564] 4 | 4 10 1 0 11 _ 3 7 2 _ 11 _ 
[00109565] 3 | 4 10 1 0 11 8 3 7 2 _ 11 _ 
[00109566] 3 | 4 10 1 0 11 _ 3 7 2 5 11 _ 
[00109567] 2 | 4 10 1 0 11 9 3 7 2 5 11 _ 
[00109568] 2 | 4 10 1 0 11 _ 3 7 2 5 11 9 
[00109569] 3 | 4 10 1 0 11 _ 3 7 2 _ 11 8 
[00109570] 4 | 4 10 1 0 11 _ 3 7 2 _ 5 9 
[00109571] 3 | 4 10 1 0 11 8 3 7 2 _ 5 9 
[00109572] 4 | 4 10 1 0 11 _ 3 7 2 _ 9 5 
[00109573] 3 | 4 10 1 0 11 8 3 7 2 _ 9 5 
[00109574] 5 | 4 10 1 0 11 _ 3 7 _ _ 2 _ 
[00109575] 4 | 4 10 1 0 11 7 3 7 _ _ 2 _ 
[00109576] 3 | 4 10 1 0 11 7 3 7 5 8 2 _ 
[00109577] 3 | 4 10 1 0 11 7 3 7 6 9 2 _ 
[00109578] 3 | 4 10 1 0 11 7 3 7 8 5 2 _ 
[00109579] 3 | 4 10 1 0 11 7 3 7 9 6 2 _ 
[00109580] 3 | 4 10 1 0 11 7 3 7 _ _ 2 5 
[00109581] 2 | 4 10 1 0 11 7 3 7 6 8 2 5 
[00109582] 1 | 4 10 1 0 11 7 3 7 6 8 2 5  *Graceful*
[00109582] 2 | 4 10 1 0 11 7 3 7 8 6 2 5 
[00109583] 1 | 4 10 1 0 11 7 3 7 8 6 2 5  *Graceful*
[00109583] 4 | 4 10 1 0 11 _ 3 7 11 _ 2 _ 
[00109584] 3 | 4 10 1 0 11 8 3 7 11 _ 2 _ 
[00109585] 3 | 4 10 1 0 11 _ 3 7 11 8 2 _ 
[00109586] 3 | 4 10 1 0 11 _ 3 7 11 _ 2 5 
[00109587] 2 | 4 10 1 0 11 9 3 7 11 _ 2 5 
[00109588] 2 | 4 10 1 0 11 _ 3 7 11 9 2 5 
[00109589] 4 | 4 10 1 0 11 _ 3 7 5 9 2 _ 
[00109590] 3 | 4 10 1 0 11 8 3 7 5 9 2 _ 
[00109591] 4 | 4 10 1 0 11 _ 3 7 9 5 2 _ 
[00109592] 3 | 4 10 1 0 11 8 3 7 9 5 2 _ 
[00109593] 4 | 4 10 1 0 11 _ 3 7 _ _ 2 6 
[00109594] 3 | 4 10 1 0 11 8 3 7 _ _ 2 6 
[00109595] 2 | 4 10 1 0 11 8 3 7 5 _ 2 6 
[00109596] 2 | 4 10 1 0 11 8 3 7 9 _ 2 6 
[00109597] 3 | 4 10 1 0 11 _ 3 7 5 8 2 6 
[00109598] 2 | 4 10 1 0 11 9 3 7 5 8 2 6 
[00109599] 3 | 4 10 1 0 11 _ 3 7 8 5 2 6 
[00109600] 2 | 4 10 1 0 11 9 3 7 8 5 2 6 
[00109601] 1 | 4 10 1 0 11 9 3 7 8 5 2 6  *Graceful*
[00109601] 6 | _ 10 1 0 11 5 3 7 _ _ _ _ 
[00109602] 5 | _ 10 1 0 11 5 3 7 2 _ _ _ 
[00109603] 4 | 6 10 1 0 11 5 3 7 2 _ _ _ 
[00109604] 3 | 6 10 1 0 11 5 3 7 2 _ 4 _ 
[00109605] 2 | 6 10 1 0 11 5 3 7 2 4 4 _ 
[00109606] 2 | 6 10 1 0 11 5 3 7 2 _ 4 2 
[00109607] 4 | _ 10 1 0 11 5 3 7 2 6 _ _ 
[00109608] 3 | 7 10 1 0 11 5 3 7 2 6 _ _ 
[00109609] 3 | _ 10 1 0 11 5 3 7 2 6 4 _ 
[00109610] 2 | 8 10 1 0 11 5 3 7 2 6 4 _ 
[00109611] 3 | _ 10 1 0 11 5 3 7 2 6 10 _ 
[00109612] 2 | 8 10 1 0 11 5 3 7 2 6 10 _ 
[00109613] 2 | _ 10 1 0 11 5 3 7 2 6 10 8 
[00109614] 4 | _ 10 1 0 11 5 3 7 2 _ 4 8 
[00109615] 4 | _ 10 1 0 11 5 3 7 2 _ 8 4 
[00109616] 5 | _ 10 1 0 11 5 3 7 4 9 _ _ 
[00109617] 4 | 6 10 1 0 11 5 3 7 4 9 _ _ 
[00109618] 4 | _ 10 1 0 11 5 3 7 4 9 2 6 
[00109619] 4 | _ 10 1 0 11 5 3 7 4 9 6 2 
[00109620] 5 | _ 10 1 0 11 5 3 7 9 4 _ _ 
[00109621] 4 | 6 10 1 0 11 5 3 7 9 4 _ _ 
[00109622] 4 | _ 10 1 0 11 5 3 7 9 4 2 6 
[00109623] 4 | _ 10 1 0 11 5 3 7 9 4 6 2 
[00109624] 5 | _ 10 1 0 11 5 3 7 _ _ 2 _ 
[00109625] 4 | 6 10 1 0 11 5 3 7 _ _ 2 _ 
[00109626] 3 | 6 10 1 0 11 5 3 7 4 _ 2 _ 
[00109627] 2 | 6 10 1 0 11 5 3 7 4 2 2 _ 
[00109628] 2 | 6 10 1 0 11 5 3 7 4 _ 2 4 
[00109629] 4 | _ 10 1 0 11 5 3 7 4 8 2 _ 
[00109630] 4 | _ 10 1 0 11 5 3 7 8 4 2 _ 
[00109631] 4 | _ 10 1 0 11 5 3 7 _ _ 2 6 
[00109632] 3 | 7 10 1 0 11 5 3 7 _ _ 2 6 
[00109633] 3 | _ 10 1 0 11 5 3 7 4 _ 2 6 
[00109634] 2 | 8 10 1 0 11 5 3 7 4 _ 2 6 
[00109635] 3 | _ 10 1 0 11 5 3 7 10 _ 2 6 
[00109636] 2 | 8 10 1 0 11 5 3 7 10 _ 2 6 
[00109637] 2 | _ 10 1 0 11 5 3 7 10 8 2 6 
[00109638] 5 | _ 10 1 0 11 5 3 7 _ _ 4 9 
[00109639] 4 | 6 10 1 0 11 5 3 7 _ _ 4 9 
[00109640] 4 | _ 10 1 0 11 5 3 7 2 6 4 9 
[00109641] 4 | _ 10 1 0 11 5 3 7 6 2 4 9 
[00109642] 5 | _ 10 1 0 11 5 3 7 _ _ 9 4 
[00109643] 4 | 6 10 1 0 11 5 3 7 _ _ 9 4 
[00109644] 4 | _ 10 1 0 11 5 3 7 2 6 9 4 
[00109645] 4 | _ 10 1 0 11 5 3 7 6 2 9 4 
[00109646] 6 | _ 10 1 0 11 _ 3 7 2 8 _ _ 
[00109647] 5 | 5 10 1 0 11 _ 3 7 2 8 _ _ 
[00109648] 4 | 5 10 1 0 11 7 3 7 2 8 _ _ 
[00109649] 3 | 5 10 1 0 11 7 3 7 2 8 6 9 
[00109650] 3 | 5 10 1 0 11 7 3 7 2 8 9 6 
[00109651] 4 | 5 10 1 0 11 _ 3 7 2 8 11 _ 
[00109652] 5 | _ 10 1 0 11 6 3 7 2 8 _ _ 
[00109653] 4 | _ 10 1 0 11 6 3 7 2 8 5 9 
[00109654] 4 | _ 10 1 0 11 6 3 7 2 8 9 5 
[00109655] 5 | _ 10 1 0 11 _ 3 7 2 8 4 9 
[00109656] 4 | 6 10 1 0 11 _ 3 7 2 8 4 9 
[00109657] 5 | _ 10 1 0 11 _ 3 7 2 8 9 4 
[00109658] 4 | 6 10 1 0 11 _ 3 7 2 8 9 4 
[00109659] 6 | _ 10 1 0 11 _ 3 7 8 2 _ _ 
[00109660] 5 | 5 10 1 0 11 _ 3 7 8 2 _ _ 
[00109661] 4 | 5 10 1 0 11 7 3 7 8 2 _ _ 
[00109662] 3 | 5 10 1 0 11 7 3 7 8 2 6 9 
[00109663] 3 | 5 10 1 0 11 7 3 7 8 2 9 6 
[00109664] 4 | 5 10 1 0 11 _ 3 7 8 2 11 _ 
[00109665] 5 | _ 10 1 0 11 6 3 7 8 2 _ _ 
[00109666] 4 | _ 10 1 0 11 6 3 7 8 2 5 9 
[00109667] 4 | _ 10 1 0 11 6 3 7 8 2 9 5 
[00109668] 5 | _ 10 1 0 11 _ 3 7 8 2 4 9 
[00109669] 4 | 6 10 1 0 11 _ 3 7 8 2 4 9 
[00109670] 5 | _ 10 1 0 11 _ 3 7 8 2 9 4 
[00109671] 4 | 6 10 1 0 11 _ 3 7 8 2 9 4 
[00109672] 6 | _ 10 1 0 11 _ 3 7 _ _ 2 8 
[00109673] 5 | 5 10 1 0 11 _ 3 7 _ _ 2 8 
[00109674] 4 | 5 10 1 0 11 7 3 7 _ _ 2 8 
[00109675] 3 | 5 10 1 0 11 7 3 7 6 9 2 8 
[00109676] 3 | 5 10 1 0 11 7 3 7 9 6 2 8 
[00109677] 4 | 5 10 1 0 11 _ 3 7 11 _ 2 8 
[00109678] 5 | _ 10 1 0 11 6 3 7 _ _ 2 8 
[00109679] 4 | _ 10 1 0 11 6 3 7 5 9 2 8 
[00109680] 4 | _ 10 1 0 11 6 3 7 9 5 2 8 
[00109681] 5 | _ 10 1 0 11 _ 3 7 4 9 2 8 
[00109682] 4 | 6 10 1 0 11 _ 3 7 4 9 2 8 
[00109683] 5 | _ 10 1 0 11 _ 3 7 9 4 2 8 
[00109684] 4 | 6 10 1 0 11 _ 3 7 9 4 2 8 
[00109685] 6 | _ 10 1 0 11 _ 3 7 _ _ 8 2 
[00109686] 5 | 5 10 1 0 11 _ 3 7 _ _ 8 2 
[00109687] 4 | 5 10 1 0 11 7 3 7 _ _ 8 2 
[00109688] 3 | 5 10 1 0 11 7 3 7 6 9 8 2 
[00109689] 3 | 5 10 1 0 11 7 3 7 9 6 8 2 
[00109690] 4 | 5 10 1 0 11 _ 3 7 11 _ 8 2 
[00109691] 5 | _ 10 1 0 11 6 3 7 _ _ 8 2 
[00109692] 4 | _ 10 1 0 11 6 3 7 5 9 8 2 
[00109693] 4 | _ 10 1 0 11 6 3 7 9 5 8 2 
[00109694] 5 | _ 10 1 0 11 _ 3 7 4 9 8 2 
[00109695] 4 | 6 10 1 0 11 _ 3 7 4 9 8 2 
[00109696] 5 | _ 10 1 0 11 _ 3 7 9 4 8 2 
[00109697] 4 | 6 10 1 0 11 _ 3 7 9 4 8 2 
[00109698] 7 | _ 10 1 0 11 _ 3 2 9 _ _ _ 
[00109699] 6 | 4 10 1 0 11 _ 3 2 9 _ _ _ 
[00109700] 5 | 4 10 1 0 11 6 3 2 9 _ _ _ 
[00109701] 4 | 4 10 1 0 11 6 3 2 9 5 _ _ 
[00109702] 5 | 4 10 1 0 11 _ 3 2 9 _ 7 _ 
[00109703] 4 | 4 10 1 0 11 7 3 2 9 _ 7 _ 
[00109704] 3 | 4 10 1 0 11 7 3 2 9 6 7 _ 
[00109705] 4 | 4 10 1 0 11 _ 3 2 9 5 7 _ 
[00109706] 3 | 4 10 1 0 11 8 3 2 9 5 7 _ 
[00109707] 4 | 4 10 1 0 11 _ 3 2 9 _ 7 11 
[00109708] 3 | 4 10 1 0 11 _ 3 2 9 6 7 11 
[00109709] 6 | _ 10 1 0 11 5 3 2 9 _ _ _ 
[00109710] 5 | _ 10 1 0 11 5 3 2 9 4 _ _ 
[00109711] 4 | 6 10 1 0 11 5 3 2 9 4 _ _ 
[00109712] 4 | _ 10 1 0 11 5 3 2 9 4 6 _ 
[00109713] 3 | 7 10 1 0 11 5 3 2 9 4 6 _ 
[00109714] 2 | 7 10 1 0 11 5 3 2 9 4 6 8 
[00109715] 5 | _ 10 1 0 11 5 3 2 9 _ 7 _ 
[00109716] 4 | 6 10 1 0 11 5 3 2 9 _ 7 _ 
[00109717] 3 | 6 10 1 0 11 5 3 2 9 _ 7 4 
[00109718] 6 | _ 10 1 0 11 _ 3 2 9 _ 8 _ 
[00109719] 5 | 5 10 1 0 11 _ 3 2 9 _ 8 _ 
[00109720] 4 | 5 10 1 0 11 7 3 2 9 _ 8 _ 
[00109721] 3 | 5 10 1 0 11 7 3 2 9 6 8 _ 
[00109722] 4 | 5 10 1 0 11 _ 3 2 9 _ 8 4 
[00109723] 3 | 5 10 1 0 11 _ 3 2 9 6 8 4 
[00109724] 5 | _ 10 1 0 11 6 3 2 9 _ 8 _ 
[00109725] 4 | _ 10 1 0 11 6 3 2 9 5 8 _ 
[00109726] 3 | 7 10 1 0 11 6 3 2 9 5 8 _ 
[00109727] 4 | _ 10 1 0 11 6 3 2 9 _ 8 4 
[00109728] 3 | 7 10 1 0 11 6 3 2 9 _ 8 4 
[00109729] 5 | _ 10 1 0 11 _ 3 2 9 4 8 _ 
[00109730] 4 | 6 10 1 0 11 _ 3 2 9 4 8 _ 
[00109731] 3 | 6 10 1 0 11 8 3 2 9 4 8 _ 
[00109732] 3 | 6 10 1 0 11 _ 3 2 9 4 8 5 
[00109733] 3 | 6 10 1 0 11 _ 3 2 9 4 8 11 
[00109734] 4 | _ 10 1 0 11 7 3 2 9 4 8 _ 
[00109735] 3 | _ 10 1 0 11 7 3 2 9 4 8 5 
[00109736] 7 | _ 10 1 0 11 _ 3 9 2 _ _ _ 
[00109737] 6 | 4 10 1 0 11 _ 3 9 2 _ _ _ 
[00109738] 5 | 4 10 1 0 11 6 3 9 2 _ _ _ 
[00109739] 4 | 4 10 1 0 11 6 3 9 2 _ 5 _ 
[00109740] 3 | 4 10 1 0 11 6 3 9 2 5 5 _ 
[00109741] 3 | 4 10 1 0 11 6 3 9 2 _ 5 2 
[00109742] 3 | 4 10 1 0 11 6 3 9 2 _ 5 8 
[00109743] 5 | 4 10 1 0 11 _ 3 9 2 7 _ _ 
[00109744] 4 | 4 10 1 0 11 _ 3 9 2 7 5 _ 
[00109745] 3 | 4 10 1 0 11 8 3 9 2 7 5 _ 
[00109746] 3 | 4 10 1 0 11 _ 3 9 2 7 5 8 
[00109747] 6 | _ 10 1 0 11 5 3 9 2 _ _ _ 
[00109748] 5 | _ 10 1 0 11 5 3 9 2 7 _ _ 
[00109749] 4 | 6 10 1 0 11 5 3 9 2 7 _ _ 
[00109750] 4 | _ 10 1 0 11 5 3 9 2 7 4 8 
[00109751] 4 | _ 10 1 0 11 5 3 9 2 7 8 4 
[00109752] 5 | _ 10 1 0 11 5 3 9 2 _ 4 _ 
[00109753] 4 | 6 10 1 0 11 5 3 9 2 _ 4 _ 
[00109754] 3 | 6 10 1 0 11 5 3 9 2 _ 4 7 
[00109755] 4 | _ 10 1 0 11 5 3 9 2 6 4 _ 
[00109756] 3 | 7 10 1 0 11 5 3 9 2 6 4 _ 
[00109757] 3 | _ 10 1 0 11 5 3 9 2 6 4 7 
[00109758] 2 | 8 10 1 0 11 5 3 9 2 6 4 7 
[00109759] 4 | _ 10 1 0 11 5 3 9 2 _ 4 8 
[00109760] 3 | 7 10 1 0 11 5 3 9 2 _ 4 8 
[00109761] 6 | _ 10 1 0 11 _ 3 9 2 8 _ _ 
[00109762] 5 | 5 10 1 0 11 _ 3 9 2 8 _ _ 
[00109763] 4 | 5 10 1 0 11 7 3 9 2 8 _ _ 
[00109764] 3 | 5 10 1 0 11 7 3 9 2 8 6 _ 
[00109765] 2 | 5 10 1 0 11 7 3 9 2 8 6 4 
[00109766] 5 | _ 10 1 0 11 6 3 9 2 8 _ _ 
[00109767] 4 | _ 10 1 0 11 6 3 9 2 8 5 _ 
[00109768] 3 | 7 10 1 0 11 6 3 9 2 8 5 _ 
[00109769] 5 | _ 10 1 0 11 _ 3 9 2 8 4 _ 
[00109770] 4 | 6 10 1 0 11 _ 3 9 2 8 4 _ 
[00109771] 3 | 6 10 1 0 11 _ 3 9 2 8 4 7 
[00109772] 4 | _ 10 1 0 11 7 3 9 2 8 4 _ 
[00109773] 7 | _ 10 1 0 11 _ 3 _ 2 9 _ _ 
[00109774] 6 | 4 10 1 0 11 _ 3 _ 2 9 _ _ 
[00109775] 5 | 4 10 1 0 11 6 3 _ 2 9 _ _ 
[00109776] 5 | 4 10 1 0 11 _ 3 5 2 9 _ _ 
[00109777] 4 | 4 10 1 0 11 7 3 5 2 9 _ _ 
[00109778] 3 | 4 10 1 0 11 7 3 5 2 9 8 _ 
[00109779] 2 | 4 10 1 0 11 7 3 5 2 9 8 6 
[00109780] 5 | 4 10 1 0 11 _ 3 7 2 9 _ _ 
[00109781] 4 | 4 10 1 0 11 7 3 7 2 9 _ _ 
[00109782] 3 | 4 10 1 0 11 7 3 7 2 9 5 8 
[00109783] 3 | 4 10 1 0 11 7 3 7 2 9 8 5 
[00109784] 4 | 4 10 1 0 11 _ 3 7 2 9 11 _ 
[00109785] 3 | 4 10 1 0 11 8 3 7 2 9 11 _ 
[00109786] 3 | 4 10 1 0 11 _ 3 7 2 9 11 8 
[00109787] 6 | _ 10 1 0 11 5 3 _ 2 9 _ _ 
[00109788] 5 | _ 10 1 0 11 5 3 7 2 9 _ _ 
[00109789] 4 | 6 10 1 0 11 5 3 7 2 9 _ _ 
[00109790] 3 | 6 10 1 0 11 5 3 7 2 9 4 _ 
[00109791] 4 | _ 10 1 0 11 5 3 7 2 9 4 8 
[00109792] 4 | _ 10 1 0 11 5 3 7 2 9 8 4 
[00109793] 6 | _ 10 1 0 11 _ 3 6 2 9 _ _ 
[00109794] 5 | 5 10 1 0 11 _ 3 6 2 9 _ _ 
[00109795] 4 | 5 10 1 0 11 7 3 6 2 9 _ _ 
[00109796] 4 | 5 10 1 0 11 _ 3 6 2 9 4 8 
[00109797] 4 | 5 10 1 0 11 _ 3 6 2 9 8 4 
[00109798] 5 | _ 10 1 0 11 6 3 6 2 9 _ _ 
[00109799] 4 | _ 10 1 0 11 6 3 6 2 9 4 8 
[00109800] 3 | 7 10 1 0 11 6 3 6 2 9 4 8 
[00109801] 4 | _ 10 1 0 11 6 3 6 2 9 8 4 
[00109802] 3 | 7 10 1 0 11 6 3 6 2 9 8 4 
[00109803] 5 | _ 10 1 0 11 _ 3 6 2 9 11 _ 
[00109804] 4 | _ 10 1 0 11 7 3 6 2 9 11 _ 
[00109805] 4 | _ 10 1 0 11 _ 3 6 2 9 11 7 
[00109806] 6 | _ 10 1 0 11 _ 3 8 2 9 _ _ 
[00109807] 5 | 5 10 1 0 11 _ 3 8 2 9 _ _ 
[00109808] 4 | 5 10 1 0 11 7 3 8 2 9 _ _ 
[00109809] 4 | 5 10 1 0 11 _ 3 8 2 9 4 _ 
[00109810] 3 | 5 10 1 0 11 _ 3 8 2 9 4 7 
[00109811] 5 | _ 10 1 0 11 6 3 8 2 9 _ _ 
[00109812] 4 | _ 10 1 0 11 6 3 8 2 9 4 _ 
[00109813] 3 | 7 10 1 0 11 6 3 8 2 9 4 _ 
[00109814] 3 | _ 10 1 0 11 6 3 8 2 9 4 7 
[00109815] 7 | _ 10 1 0 11 _ 3 _ 9 2 _ _ 
[00109816] 6 | 4 10 1 0 11 _ 3 _ 9 2 _ _ 
[00109817] 5 | 4 10 1 0 11 6 3 _ 9 2 _ _ 
[00109818] 4 | 4 10 1 0 11 6 3 5 9 2 _ _ 
[00109819] 3 | 4 10 1 0 11 6 3 5 9 2 8 _ 
[00109820] 5 | 4 10 1 0 11 _ 3 5 9 2 _ _ 
[00109821] 4 | 4 10 1 0 11 7 3 5 9 2 _ _ 
[00109822] 3 | 4 10 1 0 11 7 3 5 9 2 8 _ 
[00109823] 2 | 4 10 1 0 11 7 3 5 9 2 8 6 
[00109824] 6 | _ 10 1 0 11 5 3 _ 9 2 _ _ 
[00109825] 5 | _ 10 1 0 11 5 3 4 9 2 _ _ 
[00109826] 4 | 6 10 1 0 11 5 3 4 9 2 _ _ 
[00109827] 3 | 6 10 1 0 11 5 3 4 9 2 7 _ 
[00109828] 4 | _ 10 1 0 11 5 3 4 9 2 8 _ 
[00109829] 3 | 7 10 1 0 11 5 3 4 9 2 8 _ 
[00109830] 2 | 7 10 1 0 11 5 3 4 9 2 8 6 
[00109831] 6 | _ 10 1 0 11 _ 3 6 9 2 _ _ 
[00109832] 5 | 5 10 1 0 11 _ 3 6 9 2 _ _ 
[00109833] 4 | 5 10 1 0 11 7 3 6 9 2 _ _ 
[00109834] 4 | 5 10 1 0 11 _ 3 6 9 2 4 8 
[00109835] 4 | 5 10 1 0 11 _ 3 6 9 2 8 4 
[00109836] 5 | _ 10 1 0 11 6 3 6 9 2 _ _ 
[00109837] 4 | _ 10 1 0 11 6 3 6 9 2 4 8 
[00109838] 3 | 7 10 1 0 11 6 3 6 9 2 4 8 
[00109839] 4 | _ 10 1 0 11 6 3 6 9 2 8 4 
[00109840] 3 | 7 10 1 0 11 6 3 6 9 2 8 4 
[00109841] 5 | _ 10 1 0 11 _ 3 6 9 2 11 _ 
[00109842] 4 | _ 10 1 0 11 7 3 6 9 2 11 _ 
[00109843] 4 | _ 10 1 0 11 _ 3 6 9 2 11 7 
[00109844] 7 | _ 10 1 0 11 _ 3 2 _ _ 9 _ 
[00109845] 6 | 4 10 1 0 11 _ 3 2 _ _ 9 _ 
[00109846] 5 | 4 10 1 0 11 6 3 2 _ _ 9 _ 
[00109847] 4 | 4 10 1 0 11 6 3 2 _ _ 9 5 
[00109848] 5 | 4 10 1 0 11 _ 3 2 7 _ 9 _ 
[00109849] 4 | 4 10 1 0 11 7 3 2 7 _ 9 _ 
[00109850] 3 | 4 10 1 0 11 7 3 2 7 _ 9 6 
[00109851] 4 | 4 10 1 0 11 _ 3 2 7 11 9 _ 
[00109852] 3 | 4 10 1 0 11 _ 3 2 7 11 9 6 
[00109853] 4 | 4 10 1 0 11 _ 3 2 7 _ 9 5 
[00109854] 3 | 4 10 1 0 11 8 3 2 7 _ 9 5 
[00109855] 6 | _ 10 1 0 11 5 3 2 _ _ 9 _ 
[00109856] 5 | _ 10 1 0 11 5 3 2 7 _ 9 _ 
[00109857] 4 | 6 10 1 0 11 5 3 2 7 _ 9 _ 
[00109858] 3 | 6 10 1 0 11 5 3 2 7 4 9 _ 
[00109859] 5 | _ 10 1 0 11 5 3 2 _ _ 9 4 
[00109860] 4 | 6 10 1 0 11 5 3 2 _ _ 9 4 
[00109861] 4 | _ 10 1 0 11 5 3 2 6 _ 9 4 
[00109862] 3 | 7 10 1 0 11 5 3 2 6 _ 9 4 
[00109863] 2 | 7 10 1 0 11 5 3 2 6 8 9 4 
[00109864] 6 | _ 10 1 0 11 _ 3 2 8 _ 9 _ 
[00109865] 5 | 5 10 1 0 11 _ 3 2 8 _ 9 _ 
[00109866] 4 | 5 10 1 0 11 7 3 2 8 _ 9 _ 
[00109867] 3 | 5 10 1 0 11 7 3 2 8 _ 9 6 
[00109868] 4 | 5 10 1 0 11 _ 3 2 8 4 9 _ 
[00109869] 3 | 5 10 1 0 11 _ 3 2 8 4 9 6 
[00109870] 5 | _ 10 1 0 11 6 3 2 8 _ 9 _ 
[00109871] 4 | _ 10 1 0 11 6 3 2 8 4 9 _ 
[00109872] 3 | 7 10 1 0 11 6 3 2 8 4 9 _ 
[00109873] 4 | _ 10 1 0 11 6 3 2 8 _ 9 5 
[00109874] 3 | 7 10 1 0 11 6 3 2 8 _ 9 5 
[00109875] 5 | _ 10 1 0 11 _ 3 2 8 _ 9 4 
[00109876] 4 | 6 10 1 0 11 _ 3 2 8 _ 9 4 
[00109877] 3 | 6 10 1 0 11 8 3 2 8 _ 9 4 
[00109878] 3 | 6 10 1 0 11 _ 3 2 8 5 9 4 
[00109879] 3 | 6 10 1 0 11 _ 3 2 8 11 9 4 
[00109880] 4 | _ 10 1 0 11 7 3 2 8 _ 9 4 
[00109881] 3 | _ 10 1 0 11 7 3 2 8 5 9 4 
[00109882] 7 | _ 10 1 0 11 _ 3 9 _ _ 2 _ 
[00109883] 6 | 4 10 1 0 11 _ 3 9 _ _ 2 _ 
[00109884] 5 | 4 10 1 0 11 6 3 9 _ _ 2 _ 
[00109885] 4 | 4 10 1 0 11 6 3 9 5 _ 2 _ 
[00109886] 3 | 4 10 1 0 11 6 3 9 5 2 2 _ 
[00109887] 3 | 4 10 1 0 11 6 3 9 5 8 2 _ 
[00109888] 3 | 4 10 1 0 11 6 3 9 5 _ 2 5 
[00109889] 5 | 4 10 1 0 11 _ 3 9 _ _ 2 7 
[00109890] 4 | 4 10 1 0 11 _ 3 9 5 _ 2 7 
[00109891] 3 | 4 10 1 0 11 8 3 9 5 _ 2 7 
[00109892] 3 | 4 10 1 0 11 _ 3 9 5 8 2 7 
[00109893] 6 | _ 10 1 0 11 5 3 9 _ _ 2 _ 
[00109894] 5 | _ 10 1 0 11 5 3 9 4 _ 2 _ 
[00109895] 4 | 6 10 1 0 11 5 3 9 4 _ 2 _ 
[00109896] 3 | 6 10 1 0 11 5 3 9 4 7 2 _ 
[00109897] 4 | _ 10 1 0 11 5 3 9 4 8 2 _ 
[00109898] 3 | 7 10 1 0 11 5 3 9 4 8 2 _ 
[00109899] 4 | _ 10 1 0 11 5 3 9 4 _ 2 6 
[00109900] 3 | 7 10 1 0 11 5 3 9 4 _ 2 6 
[00109901] 3 | _ 10 1 0 11 5 3 9 4 7 2 6 
[00109902] 2 | 8 10 1 0 11 5 3 9 4 7 2 6 
[00109903] 5 | _ 10 1 0 11 5 3 9 _ _ 2 7 
[00109904] 4 | 6 10 1 0 11 5 3 9 _ _ 2 7 
[00109905] 4 | _ 10 1 0 11 5 3 9 4 8 2 7 
[00109906] 4 | _ 10 1 0 11 5 3 9 8 4 2 7 
[00109907] 6 | _ 10 1 0 11 _ 3 9 _ _ 2 8 
[00109908] 5 | 5 10 1 0 11 _ 3 9 _ _ 2 8 
[00109909] 4 | 5 10 1 0 11 7 3 9 _ _ 2 8 
[00109910] 3 | 5 10 1 0 11 7 3 9 6 _ 2 8 
[00109911] 2 | 5 10 1 0 11 7 3 9 6 4 2 8 
[00109912] 5 | _ 10 1 0 11 6 3 9 _ _ 2 8 
[00109913] 4 | _ 10 1 0 11 6 3 9 5 _ 2 8 
[00109914] 3 | 7 10 1 0 11 6 3 9 5 _ 2 8 
[00109915] 5 | _ 10 1 0 11 _ 3 9 4 _ 2 8 
[00109916] 4 | 6 10 1 0 11 _ 3 9 4 _ 2 8 
[00109917] 3 | 6 10 1 0 11 _ 3 9 4 7 2 8 
[00109918] 4 | _ 10 1 0 11 7 3 9 4 _ 2 8 
[00109919] 7 | _ 10 1 0 11 _ 3 _ _ _ 2 9 
[00109920] 6 | 4 10 1 0 11 _ 3 _ _ _ 2 9 
[00109921] 5 | 4 10 1 0 11 6 3 _ _ _ 2 9 
[00109922] 5 | 4 10 1 0 11 _ 3 5 _ _ 2 9 
[00109923] 4 | 4 10 1 0 11 7 3 5 _ _ 2 9 
[00109924] 3 | 4 10 1 0 11 7 3 5 8 _ 2 9 
[00109925] 2 | 4 10 1 0 11 7 3 5 8 6 2 9 
[00109926] 5 | 4 10 1 0 11 _ 3 7 _ _ 2 9 
[00109927] 4 | 4 10 1 0 11 7 3 7 _ _ 2 9 
[00109928] 3 | 4 10 1 0 11 7 3 7 5 8 2 9 
[00109929] 3 | 4 10 1 0 11 7 3 7 8 5 2 9 
[00109930] 4 | 4 10 1 0 11 _ 3 7 11 _ 2 9 
[00109931] 3 | 4 10 1 0 11 8 3 7 11 _ 2 9 
[00109932] 3 | 4 10 1 0 11 _ 3 7 11 8 2 9 
[00109933] 6 | _ 10 1 0 11 5 3 _ _ _ 2 9 
[00109934] 5 | _ 10 1 0 11 5 3 7 _ _ 2 9 
[00109935] 4 | 6 10 1 0 11 5 3 7 _ _ 2 9 
[00109936] 3 | 6 10 1 0 11 5 3 7 4 _ 2 9 
[00109937] 4 | _ 10 1 0 11 5 3 7 4 8 2 9 
[00109938] 4 | _ 10 1 0 11 5 3 7 8 4 2 9 
[00109939] 6 | _ 10 1 0 11 _ 3 6 _ _ 2 9 
[00109940] 5 | 5 10 1 0 11 _ 3 6 _ _ 2 9 
[00109941] 4 | 5 10 1 0 11 7 3 6 _ _ 2 9 
[00109942] 4 | 5 10 1 0 11 _ 3 6 4 8 2 9 
[00109943] 4 | 5 10 1 0 11 _ 3 6 8 4 2 9 
[00109944] 5 | _ 10 1 0 11 6 3 6 _ _ 2 9 
[00109945] 4 | _ 10 1 0 11 6 3 6 4 8 2 9 
[00109946] 3 | 7 10 1 0 11 6 3 6 4 8 2 9 
[00109947] 4 | _ 10 1 0 11 6 3 6 8 4 2 9 
[00109948] 3 | 7 10 1 0 11 6 3 6 8 4 2 9 
[00109949] 5 | _ 10 1 0 11 _ 3 6 11 _ 2 9 
[00109950] 4 | _ 10 1 0 11 7 3 6 11 _ 2 9 
[00109951] 4 | _ 10 1 0 11 _ 3 6 11 7 2 9 
[00109952] 6 | _ 10 1 0 11 _ 3 8 _ _ 2 9 
[00109953] 5 | 5 10 1 0 11 _ 3 8 _ _ 2 9 
[00109954] 4 | 5 10 1 0 11 7 3 8 _ _ 2 9 
[00109955] 4 | 5 10 1 0 11 _ 3 8 4 _ 2 9 
[00109956] 3 | 5 10 1 0 11 _ 3 8 4 7 2 9 
[00109957] 5 | _ 10 1 0 11 6 3 8 _ _ 2 9 
[00109958] 4 | _ 10 1 0 11 6 3 8 4 _ 2 9 
[00109959] 3 | 7 10 1 0 11 6 3 8 4 _ 2 9 
[00109960] 3 | _ 10 1 0 11 6 3 8 4 7 2 9 
[00109961] 7 | _ 10 1 0 11 _ 3 _ _ _ 9 2 
[00109962] 6 | 4 10 1 0 11 _ 3 _ _ _ 9 2 
[00109963] 5 | 4 10 1 0 11 6 3 _ _ _ 9 2 
[00109964] 4 | 4 10 1 0 11 6 3 5 _ _ 9 2 
[00109965] 3 | 4 10 1 0 11 6 3 5 8 _ 9 2 
[00109966] 5 | 4 10 1 0 11 _ 3 5 _ _ 9 2 
[00109967] 4 | 4 10 1 0 11 7 3 5 _ _ 9 2 
[00109968] 3 | 4 10 1 0 11 7 3 5 8 _ 9 2 
[00109969] 2 | 4 10 1 0 11 7 3 5 8 6 9 2 
[00109970] 6 | _ 10 1 0 11 5 3 _ _ _ 9 2 
[00109971] 5 | _ 10 1 0 11 5 3 4 _ _ 9 2 
[00109972] 4 | 6 10 1 0 11 5 3 4 _ _ 9 2 
[00109973] 3 | 6 10 1 0 11 5 3 4 7 _ 9 2 
[00109974] 4 | _ 10 1 0 11 5 3 4 8 _ 9 2 
[00109975] 3 | 7 10 1 0 11 5 3 4 8 _ 9 2 
[00109976] 2 | 7 10 1 0 11 5 3 4 8 6 9 2 
[00109977] 6 | _ 10 1 0 11 _ 3 6 _ _ 9 2 
[00109978] 5 | 5 10 1 0 11 _ 3 6 _ _ 9 2 
[00109979] 4 | 5 10 1 0 11 7 3 6 _ _ 9 2 
[00109980] 4 | 5 10 1 0 11 _ 3 6 4 8 9 2 
[00109981] 4 | 5 10 1 0 11 _ 3 6 8 4 9 2 
[00109982] 5 | _ 10 1 0 11 6 3 6 _ _ 9 2 
[00109983] 4 | _ 10 1 0 11 6 3 6 4 8 9 2 
[00109984] 3 | 7 10 1 0 11 6 3 6 4 8 9 2 
[00109985] 4 | _ 10 1 0 11 6 3 6 8 4 9 2 
[00109986] 3 | 7 10 1 0 11 6 3 6 8 4 9 2 
[00109987] 5 | _ 10 1 0 11 _ 3 6 11 _ 9 2 
[00109988] 4 | _ 10 1 0 11 7 3 6 11 _ 9 2 
[00109989] 4 | _ 10 1 0 11 _ 3 6 11 7 9 2 
[00109990] 8 | _ 10 1 0 11 _ _ 8 _ _ _ _ 
[00109991] 7 | 3 10 1 0 11 _ _ 8 _ _ _ _ 
[00109992] 6 | 3 10 1 0 11 5 _ 8 _ _ _ _ 
[00109993] 5 | 3 10 1 0 11 5 6 8 _ _ _ _ 
[00109994] 4 | 3 10 1 0 11 5 6 8 4 _ _ _ 
[00109995] 3 | 3 10 1 0 11 5 6 8 4 7 _ _ 
[00109996] 4 | 3 10 1 0 11 5 6 8 _ _ 4 _ 
[00109997] 3 | 3 10 1 0 11 5 6 8 _ _ 4 7 
[00109998] 5 | 3 10 1 0 11 5 _ 8 2 7 _ _ 
[00109999] 4 | 3 10 1 0 11 5 _ 8 2 7 4 _ 
[00110000] 5 | 3 10 1 0 11 5 _ 8 4 9 _ _ 
[00110001] 4 | 3 10 1 0 11 5 7 8 4 9 _ _ 
[00110002] 4 | 3 10 1 0 11 5 _ 8 4 9 2 6 
[00110003] 4 | 3 10 1 0 11 5 _ 8 4 9 6 2 
[00110004] 5 | 3 10 1 0 11 5 _ 8 7 2 _ _ 
[00110005] 4 | 3 10 1 0 11 5 _ 8 7 2 4 _ 
[00110006] 5 | 3 10 1 0 11 5 _ 8 9 4 _ _ 
[00110007] 4 | 3 10 1 0 11 5 7 8 9 4 _ _ 
[00110008] 4 | 3 10 1 0 11 5 _ 8 9 4 2 6 
[00110009] 4 | 3 10 1 0 11 5 _ 8 9 4 6 2 
[00110010] 5 | 3 10 1 0 11 5 _ 8 _ _ 2 7 
[00110011] 4 | 3 10 1 0 11 5 _ 8 4 _ 2 7 
[00110012] 5 | 3 10 1 0 11 5 _ 8 _ _ 4 9 
[00110013] 4 | 3 10 1 0 11 5 7 8 _ _ 4 9 
[00110014] 4 | 3 10 1 0 11 5 _ 8 2 6 4 9 
[00110015] 4 | 3 10 1 0 11 5 _ 8 6 2 4 9 
[00110016] 5 | 3 10 1 0 11 5 _ 8 _ _ 7 2 
[00110017] 4 | 3 10 1 0 11 5 _ 8 4 _ 7 2 
[00110018] 5 | 3 10 1 0 11 5 _ 8 _ _ 9 4 
[00110019] 4 | 3 10 1 0 11 5 7 8 _ _ 9 4 
[00110020] 4 | 3 10 1 0 11 5 _ 8 2 6 9 4 
[00110021] 4 | 3 10 1 0 11 5 _ 8 6 2 9 4 
