[00218079] 4 | _ 10 5 0 9 3 1 11 7 _ 4 _ 
[00218080] 3 | 7 10 5 0 9 3 1 11 7 _ 4 _ 
[00218081] 2 | 7 10 5 0 9 3 1 11 7 _ 4 2 
[00218082] 2 | 7 10 5 0 9 3 1 11 7 _ 4 6 
[00218083] 3 | _ 10 5 0 9 3 1 11 7 4 4 _ 
[00218084] 2 | 8 10 5 0 9 3 1 11 7 4 4 _ 
[00218085] 3 | _ 10 5 0 9 3 1 11 7 10 4 _ 
[00218086] 2 | _ 10 5 0 9 3 1 11 7 10 4 2 
[00218087] 2 | _ 10 5 0 9 3 1 11 7 10 4 6 
[00218088] 3 | _ 10 5 0 9 3 1 11 7 _ 4 7 
[00218089] 2 | 8 10 5 0 9 3 1 11 7 _ 4 7 
[00218090] 4 | _ 10 5 0 9 3 1 11 2 6 4 _ 
[00218091] 3 | 7 10 5 0 9 3 1 11 2 6 4 _ 
[00218092] 3 | _ 10 5 0 9 3 1 11 2 6 4 7 
[00218093] 2 | 8 10 5 0 9 3 1 11 2 6 4 7 
[00218094] 4 | _ 10 5 0 9 3 1 11 6 2 4 _ 
[00218095] 3 | 7 10 5 0 9 3 1 11 6 2 4 _ 
[00218096] 3 | _ 10 5 0 9 3 1 11 6 2 4 7 
[00218097] 2 | 8 10 5 0 9 3 1 11 6 2 4 7 
[00218098] 4 | _ 10 5 0 9 3 1 11 _ _ 4 8 
[00218099] 3 | 7 10 5 0 9 3 1 11 _ _ 4 8 
[00218100] 5 | _ 10 _ 0 9 3 1 11 6 _ 4 _ 
[00218101] 4 | 6 10 _ 0 9 3 1 11 6 _ 4 _ 
[00218102] 3 | 6 10 7 0 9 3 1 11 6 _ 4 _ 
[00218103] 2 | 6 10 7 0 9 3 1 11 6 _ 4 2 
[00218104] 3 | 6 10 _ 0 9 3 1 11 6 _ 4 7 
[00218105] 2 | 6 10 8 0 9 3 1 11 6 _ 4 7 
[00218106] 4 | _ 10 6 0 9 3 1 11 6 _ 4 _ 
[00218107] 3 | 7 10 6 0 9 3 1 11 6 _ 4 _ 
[00218108] 2 | 7 10 6 0 9 3 1 11 6 _ 4 2 
[00218109] 3 | _ 10 6 0 9 3 1 11 6 _ 4 7 
[00218110] 2 | 8 10 6 0 9 3 1 11 6 _ 4 7 
[00218111] 4 | _ 10 _ 0 9 3 1 11 6 2 4 _ 
[00218112] 3 | 7 10 _ 0 9 3 1 11 6 2 4 _ 
[00218113] 2 | 7 10 8 0 9 3 1 11 6 2 4 _ 
[00218114] 1 | 7 10 8 0 9 3 1 11 6 2 4 5  *Graceful*
[00218114] 3 | _ 10 7 0 9 3 1 11 6 2 4 _ 
[00218115] 2 | 8 10 7 0 9 3 1 11 6 2 4 _ 
[00218116] 1 | 8 10 7 0 9 3 1 11 6 2 4 5  *Graceful*
[00218116] 3 | _ 10 _ 0 9 3 1 11 6 2 4 7 
[00218117] 2 | 8 10 _ 0 9 3 1 11 6 2 4 7 
[00218118] 2 | _ 10 8 0 9 3 1 11 6 2 4 7 
[00218119] 4 | _ 10 _ 0 9 3 1 11 6 10 4 _ 
[00218120] 3 | _ 10 _ 0 9 3 1 11 6 10 4 7 
[00218121] 4 | _ 10 _ 0 9 3 1 11 6 _ 4 8 
[00218122] 3 | 7 10 _ 0 9 3 1 11 6 _ 4 8 
[00218123] 3 | _ 10 7 0 9 3 1 11 6 _ 4 8 
[00218124] 5 | _ 10 _ 0 9 3 1 11 2 7 4 _ 
[00218125] 4 | 6 10 _ 0 9 3 1 11 2 7 4 _ 
[00218126] 4 | _ 10 6 0 9 3 1 11 2 7 4 _ 
[00218127] 4 | _ 10 _ 0 9 3 1 11 2 7 4 8 
[00218128] 5 | _ 10 _ 0 9 3 1 11 7 2 4 _ 
[00218129] 4 | 6 10 _ 0 9 3 1 11 7 2 4 _ 
[00218130] 4 | _ 10 6 0 9 3 1 11 7 2 4 _ 
[00218131] 4 | _ 10 _ 0 9 3 1 11 7 2 4 8 
[00218132] 6 | _ 10 _ 0 9 _ 1 11 5 _ 4 _ 
[00218133] 5 | 5 10 _ 0 9 _ 1 11 5 _ 4 _ 
[00218134] 4 | 5 10 6 0 9 _ 1 11 5 _ 4 _ 
[00218135] 3 | 5 10 6 0 9 _ 1 11 5 _ 4 7 
[00218136] 4 | 5 10 _ 0 9 _ 1 11 5 _ 4 8 
[00218137] 3 | 5 10 7 0 9 _ 1 11 5 _ 4 8 
[00218138] 3 | 5 10 _ 0 9 6 1 11 5 _ 4 8 
[00218139] 5 | _ 10 5 0 9 _ 1 11 5 _ 4 _ 
[00218140] 4 | 6 10 5 0 9 _ 1 11 5 _ 4 _ 
[00218141] 3 | 6 10 5 0 9 _ 1 11 5 _ 4 7 
[00218142] 4 | _ 10 5 0 9 _ 1 11 5 _ 4 8 
[00218143] 3 | 7 10 5 0 9 _ 1 11 5 _ 4 8 
[00218144] 3 | _ 10 5 0 9 6 1 11 5 _ 4 8 
[00218145] 5 | _ 10 _ 0 9 4 1 11 5 _ 4 _ 
[00218146] 4 | 6 10 _ 0 9 4 1 11 5 _ 4 _ 
[00218147] 3 | 6 10 7 0 9 4 1 11 5 _ 4 _ 
[00218148] 2 | 6 10 7 0 9 4 1 11 5 3 4 _ 
[00218149] 3 | 6 10 _ 0 9 4 1 11 5 2 4 _ 
[00218150] 2 | 6 10 8 0 9 4 1 11 5 2 4 _ 
[00218151] 3 | 6 10 _ 0 9 4 1 11 5 8 4 _ 
[00218152] 4 | _ 10 6 0 9 4 1 11 5 _ 4 _ 
[00218153] 3 | 7 10 6 0 9 4 1 11 5 _ 4 _ 
[00218154] 2 | 7 10 6 0 9 4 1 11 5 3 4 _ 
[00218155] 3 | _ 10 6 0 9 4 1 11 5 2 4 _ 
[00218156] 2 | 8 10 6 0 9 4 1 11 5 2 4 _ 
[00218157] 3 | _ 10 6 0 9 4 1 11 5 8 4 _ 
[00218158] 5 | _ 10 _ 0 9 _ 1 11 5 10 4 _ 
[00218159] 4 | _ 10 _ 0 9 _ 1 11 5 10 4 8 
[00218160] 3 | _ 10 _ 0 9 6 1 11 5 10 4 8 
[00218161] 5 | _ 10 _ 0 9 _ 1 11 5 _ 4 9 
[00218162] 4 | 6 10 _ 0 9 _ 1 11 5 _ 4 9 
[00218163] 3 | 6 10 7 0 9 _ 1 11 5 _ 4 9 
[00218164] 2 | 6 10 7 0 9 _ 1 11 5 3 4 9 
[00218165] 3 | 6 10 _ 0 9 _ 1 11 5 2 4 9 
[00218166] 2 | 6 10 8 0 9 _ 1 11 5 2 4 9 
[00218167] 3 | 6 10 _ 0 9 _ 1 11 5 8 4 9 
[00218168] 4 | _ 10 6 0 9 _ 1 11 5 _ 4 9 
[00218169] 3 | 7 10 6 0 9 _ 1 11 5 _ 4 9 
[00218170] 2 | 7 10 6 0 9 _ 1 11 5 3 4 9 
[00218171] 3 | _ 10 6 0 9 _ 1 11 5 2 4 9 
[00218172] 2 | 8 10 6 0 9 _ 1 11 5 2 4 9 
[00218173] 3 | _ 10 6 0 9 _ 1 11 5 8 4 9 
[00218174] 6 | _ 10 _ 0 9 _ 1 11 2 8 4 _ 
[00218175] 5 | 5 10 _ 0 9 _ 1 11 2 8 4 _ 
[00218176] 4 | 5 10 6 0 9 _ 1 11 2 8 4 _ 
[00218177] 3 | 5 10 6 0 9 _ 1 11 2 8 4 7 
[00218178] 5 | _ 10 5 0 9 _ 1 11 2 8 4 _ 
[00218179] 4 | 6 10 5 0 9 _ 1 11 2 8 4 _ 
[00218180] 3 | 6 10 5 0 9 _ 1 11 2 8 4 7 
[00218181] 5 | _ 10 _ 0 9 4 1 11 2 8 4 _ 
[00218182] 4 | 6 10 _ 0 9 4 1 11 2 8 4 _ 
[00218183] 3 | 6 10 7 0 9 4 1 11 2 8 4 _ 
[00218184] 4 | _ 10 6 0 9 4 1 11 2 8 4 _ 
[00218185] 3 | 7 10 6 0 9 4 1 11 2 8 4 _ 
[00218186] 5 | _ 10 _ 0 9 _ 1 11 2 8 4 9 
[00218187] 4 | 6 10 _ 0 9 _ 1 11 2 8 4 9 
[00218188] 3 | 6 10 7 0 9 _ 1 11 2 8 4 9 
[00218189] 4 | _ 10 6 0 9 _ 1 11 2 8 4 9 
[00218190] 3 | 7 10 6 0 9 _ 1 11 2 8 4 9 
[00218191] 6 | _ 10 _ 0 9 _ 1 11 8 2 4 _ 
[00218192] 5 | 5 10 _ 0 9 _ 1 11 8 2 4 _ 
[00218193] 4 | 5 10 6 0 9 _ 1 11 8 2 4 _ 
[00218194] 3 | 5 10 6 0 9 _ 1 11 8 2 4 7 
[00218195] 5 | _ 10 5 0 9 _ 1 11 8 2 4 _ 
[00218196] 4 | 6 10 5 0 9 _ 1 11 8 2 4 _ 
[00218197] 3 | 6 10 5 0 9 _ 1 11 8 2 4 7 
[00218198] 5 | _ 10 _ 0 9 4 1 11 8 2 4 _ 
[00218199] 4 | 6 10 _ 0 9 4 1 11 8 2 4 _ 
[00218200] 3 | 6 10 7 0 9 4 1 11 8 2 4 _ 
[00218201] 4 | _ 10 6 0 9 4 1 11 8 2 4 _ 
[00218202] 3 | 7 10 6 0 9 4 1 11 8 2 4 _ 
[00218203] 5 | _ 10 _ 0 9 _ 1 11 8 2 4 9 
[00218204] 4 | 6 10 _ 0 9 _ 1 11 8 2 4 9 
[00218205] 3 | 6 10 7 0 9 _ 1 11 8 2 4 9 
[00218206] 4 | _ 10 6 0 9 _ 1 11 8 2 4 9 
[00218207] 3 | 7 10 6 0 9 _ 1 11 8 2 4 9 
[00218208] 6 | _ 10 _ 0 9 _ 1 11 _ _ 4 10 
[00218209] 5 | _ 10 _ 0 9 _ 1 11 6 _ 4 10 
[00218210] 4 | _ 10 _ 0 9 5 1 11 6 _ 4 10 
[00218211] 3 | _ 10 _ 0 9 5 1 11 6 3 4 10 
[00218212] 4 | _ 10 _ 0 9 _ 1 11 6 2 4 10 
[00218213] 5 | _ 10 _ 0 9 _ 1 11 2 7 4 10 
[00218214] 4 | _ 10 _ 0 9 5 1 11 2 7 4 10 
[00218215] 5 | _ 10 _ 0 9 _ 1 11 3 8 4 10 
[00218216] 4 | _ 10 _ 0 9 5 1 11 3 8 4 10 
[00218217] 5 | _ 10 _ 0 9 _ 1 11 7 2 4 10 
[00218218] 4 | _ 10 _ 0 9 5 1 11 7 2 4 10 
[00218219] 5 | _ 10 _ 0 9 _ 1 11 8 3 4 10 
[00218220] 4 | _ 10 _ 0 9 5 1 11 8 3 4 10 
[00218221] 8 | _ 10 _ 0 9 _ _ 11 3 _ _ _ 
[00218222] 7 | 3 10 _ 0 9 _ _ 11 3 _ _ _ 
[00218223] 6 | 3 10 4 0 9 _ _ 11 3 _ _ _ 
[00218224] 5 | 3 10 4 0 9 _ _ 11 3 _ 6 _ 
[00218225] 4 | 3 10 4 0 9 5 _ 11 3 _ 6 _ 
[00218226] 3 | 3 10 4 0 9 5 6 11 3 _ 6 _ 
[00218227] 3 | 3 10 4 0 9 5 _ 11 3 _ 6 9 
[00218228] 4 | 3 10 4 0 9 _ 5 11 3 _ 6 _ 
[00218229] 3 | 3 10 4 0 9 6 5 11 3 _ 6 _ 
[00218230] 3 | 3 10 4 0 9 _ 5 11 3 _ 6 9 
[00218231] 4 | 3 10 4 0 9 _ _ 11 3 _ 6 2 
[00218232] 5 | 3 10 4 0 9 _ _ 11 3 _ 1 6 
[00218233] 4 | 3 10 4 0 9 5 _ 11 3 _ 1 6 
[00218234] 4 | 3 10 4 0 9 _ 5 11 3 _ 1 6 
[00218235] 5 | 3 10 4 0 9 _ _ 11 3 _ 2 7 
[00218236] 4 | 3 10 4 0 9 5 _ 11 3 _ 2 7 
[00218237] 3 | 3 10 4 0 9 5 6 11 3 _ 2 7 
[00218238] 4 | 3 10 4 0 9 _ 5 11 3 _ 2 7 
[00218239] 3 | 3 10 4 0 9 6 5 11 3 _ 2 7 
[00218240] 5 | 3 10 4 0 9 _ _ 11 3 _ 6 1 
[00218241] 4 | 3 10 4 0 9 5 _ 11 3 _ 6 1 
[00218242] 4 | 3 10 4 0 9 _ 5 11 3 _ 6 1 
[00218243] 5 | 3 10 4 0 9 _ _ 11 3 _ 7 2 
[00218244] 4 | 3 10 4 0 9 5 _ 11 3 _ 7 2 
[00218245] 3 | 3 10 4 0 9 5 6 11 3 _ 7 2 
[00218246] 4 | 3 10 4 0 9 _ 5 11 3 _ 7 2 
[00218247] 3 | 3 10 4 0 9 6 5 11 3 _ 7 2 
[00218248] 6 | 3 10 _ 0 9 _ _ 11 3 _ 5 _ 
[00218249] 5 | 3 10 5 0 9 _ _ 11 3 _ 5 _ 
[00218250] 5 | 3 10 _ 0 9 4 _ 11 3 _ 5 _ 
[00218251] 4 | 3 10 6 0 9 4 _ 11 3 _ 5 _ 
[00218252] 3 | 3 10 6 0 9 4 _ 11 3 _ 5 2 
[00218253] 2 | 3 10 6 0 9 4 7 11 3 _ 5 2 
[00218254] 3 | 3 10 6 0 9 4 _ 11 3 _ 5 8 
[00218255] 2 | 3 10 6 0 9 4 7 11 3 _ 5 8 
[00218256] 4 | 3 10 _ 0 9 4 5 11 3 _ 5 _ 
[00218257] 3 | 3 10 7 0 9 4 5 11 3 _ 5 _ 
[00218258] 4 | 3 10 _ 0 9 4 _ 11 3 _ 5 1 
[00218259] 3 | 3 10 7 0 9 4 _ 11 3 _ 5 1 
[00218260] 3 | 3 10 _ 0 9 4 6 11 3 _ 5 1 
[00218261] 2 | 3 10 8 0 9 4 6 11 3 _ 5 1 
[00218262] 4 | 3 10 _ 0 9 4 _ 11 3 _ 5 9 
[00218263] 3 | 3 10 7 0 9 4 _ 11 3 _ 5 9 
[00218264] 5 | 3 10 _ 0 9 _ 4 11 3 _ 5 _ 
[00218265] 4 | 3 10 6 0 9 _ 4 11 3 _ 5 _ 
[00218266] 3 | 3 10 6 0 9 _ 4 11 3 _ 5 2 
[00218267] 2 | 3 10 6 0 9 7 4 11 3 _ 5 2 
[00218268] 3 | 3 10 6 0 9 _ 4 11 3 _ 5 8 
[00218269] 2 | 3 10 6 0 9 7 4 11 3 _ 5 8 
[00218270] 4 | 3 10 _ 0 9 5 4 11 3 _ 5 _ 
[00218271] 3 | 3 10 7 0 9 5 4 11 3 _ 5 _ 
[00218272] 4 | 3 10 _ 0 9 _ 4 11 3 _ 5 1 
[00218273] 3 | 3 10 7 0 9 _ 4 11 3 _ 5 1 
[00218274] 3 | 3 10 _ 0 9 6 4 11 3 _ 5 1 
[00218275] 2 | 3 10 8 0 9 6 4 11 3 _ 5 1 
[00218276] 4 | 3 10 _ 0 9 _ 4 11 3 _ 5 9 
[00218277] 3 | 3 10 7 0 9 _ 4 11 3 _ 5 9 
[00218278] 5 | 3 10 _ 0 9 _ _ 11 3 _ 5 10 
[00218279] 6 | 3 10 _ 0 9 _ _ 11 3 _ 1 7 
[00218280] 5 | 3 10 5 0 9 _ _ 11 3 _ 1 7 
[00218281] 5 | 3 10 _ 0 9 4 _ 11 3 _ 1 7 
[00218282] 4 | 3 10 6 0 9 4 _ 11 3 _ 1 7 
[00218283] 4 | 3 10 _ 0 9 4 5 11 3 _ 1 7 
[00218284] 5 | 3 10 _ 0 9 _ 4 11 3 _ 1 7 
[00218285] 4 | 3 10 6 0 9 _ 4 11 3 _ 1 7 
[00218286] 4 | 3 10 _ 0 9 5 4 11 3 _ 1 7 
[00218287] 6 | 3 10 _ 0 9 _ _ 11 3 _ 2 8 
[00218288] 5 | 3 10 5 0 9 _ _ 11 3 _ 2 8 
[00218289] 5 | 3 10 _ 0 9 4 _ 11 3 _ 2 8 
[00218290] 4 | 3 10 6 0 9 4 _ 11 3 _ 2 8 
[00218291] 4 | 3 10 _ 0 9 4 5 11 3 _ 2 8 
[00218292] 3 | 3 10 7 0 9 4 5 11 3 _ 2 8 
[00218293] 5 | 3 10 _ 0 9 _ 4 11 3 _ 2 8 
[00218294] 4 | 3 10 6 0 9 _ 4 11 3 _ 2 8 
[00218295] 4 | 3 10 _ 0 9 5 4 11 3 _ 2 8 
[00218296] 3 | 3 10 7 0 9 5 4 11 3 _ 2 8 
[00218297] 6 | 3 10 _ 0 9 _ _ 11 3 _ 7 1 
[00218298] 5 | 3 10 5 0 9 _ _ 11 3 _ 7 1 
[00218299] 5 | 3 10 _ 0 9 4 _ 11 3 _ 7 1 
[00218300] 4 | 3 10 6 0 9 4 _ 11 3 _ 7 1 
[00218301] 4 | 3 10 _ 0 9 4 5 11 3 _ 7 1 
[00218302] 5 | 3 10 _ 0 9 _ 4 11 3 _ 7 1 
[00218303] 4 | 3 10 6 0 9 _ 4 11 3 _ 7 1 
[00218304] 4 | 3 10 _ 0 9 5 4 11 3 _ 7 1 
[00218305] 6 | 3 10 _ 0 9 _ _ 11 3 _ 8 2 
[00218306] 5 | 3 10 5 0 9 _ _ 11 3 _ 8 2 
[00218307] 5 | 3 10 _ 0 9 4 _ 11 3 _ 8 2 
[00218308] 4 | 3 10 6 0 9 4 _ 11 3 _ 8 2 
[00218309] 4 | 3 10 _ 0 9 4 5 11 3 _ 8 2 
[00218310] 3 | 3 10 7 0 9 4 5 11 3 _ 8 2 
[00218311] 5 | 3 10 _ 0 9 _ 4 11 3 _ 8 2 
[00218312] 4 | 3 10 6 0 9 _ 4 11 3 _ 8 2 
[00218313] 4 | 3 10 _ 0 9 5 4 11 3 _ 8 2 
[00218314] 3 | 3 10 7 0 9 5 4 11 3 _ 8 2 
[00218315] 7 | _ 10 3 0 9 _ _ 11 3 _ _ _ 
[00218316] 6 | 4 10 3 0 9 _ _ 11 3 _ _ _ 
[00218317] 5 | 4 10 3 0 9 _ _ 11 3 _ 6 _ 
[00218318] 4 | 4 10 3 0 9 5 _ 11 3 _ 6 _ 
[00218319] 3 | 4 10 3 0 9 5 6 11 3 _ 6 _ 
[00218320] 3 | 4 10 3 0 9 5 _ 11 3 _ 6 9 
[00218321] 4 | 4 10 3 0 9 _ 5 11 3 _ 6 _ 
[00218322] 3 | 4 10 3 0 9 6 5 11 3 _ 6 _ 
[00218323] 3 | 4 10 3 0 9 _ 5 11 3 _ 6 9 
[00218324] 4 | 4 10 3 0 9 _ _ 11 3 _ 6 2 
[00218325] 5 | 4 10 3 0 9 _ _ 11 3 _ 1 6 
[00218326] 4 | 4 10 3 0 9 5 _ 11 3 _ 1 6 
[00218327] 4 | 4 10 3 0 9 _ 5 11 3 _ 1 6 
[00218328] 5 | 4 10 3 0 9 _ _ 11 3 _ 2 7 
[00218329] 4 | 4 10 3 0 9 5 _ 11 3 _ 2 7 
[00218330] 3 | 4 10 3 0 9 5 6 11 3 _ 2 7 
[00218331] 4 | 4 10 3 0 9 _ 5 11 3 _ 2 7 
[00218332] 3 | 4 10 3 0 9 6 5 11 3 _ 2 7 
[00218333] 5 | 4 10 3 0 9 _ _ 11 3 _ 6 1 
[00218334] 4 | 4 10 3 0 9 5 _ 11 3 _ 6 1 
[00218335] 4 | 4 10 3 0 9 _ 5 11 3 _ 6 1 
[00218336] 5 | 4 10 3 0 9 _ _ 11 3 _ 7 2 
[00218337] 4 | 4 10 3 0 9 5 _ 11 3 _ 7 2 
[00218338] 3 | 4 10 3 0 9 5 6 11 3 _ 7 2 
[00218339] 4 | 4 10 3 0 9 _ 5 11 3 _ 7 2 
[00218340] 3 | 4 10 3 0 9 6 5 11 3 _ 7 2 
[00218341] 6 | _ 10 3 0 9 _ _ 11 3 _ 5 _ 
[00218342] 5 | 5 10 3 0 9 _ _ 11 3 _ 5 _ 
[00218343] 5 | _ 10 3 0 9 4 _ 11 3 _ 5 _ 
[00218344] 4 | 6 10 3 0 9 4 _ 11 3 _ 5 _ 
[00218345] 3 | 6 10 3 0 9 4 _ 11 3 _ 5 2 
[00218346] 2 | 6 10 3 0 9 4 7 11 3 _ 5 2 
[00218347] 3 | 6 10 3 0 9 4 _ 11 3 _ 5 8 
[00218348] 2 | 6 10 3 0 9 4 7 11 3 _ 5 8 
[00218349] 4 | _ 10 3 0 9 4 5 11 3 _ 5 _ 
[00218350] 3 | 7 10 3 0 9 4 5 11 3 _ 5 _ 
[00218351] 4 | _ 10 3 0 9 4 _ 11 3 _ 5 1 
[00218352] 3 | 7 10 3 0 9 4 _ 11 3 _ 5 1 
[00218353] 3 | _ 10 3 0 9 4 6 11 3 _ 5 1 
[00218354] 2 | 8 10 3 0 9 4 6 11 3 _ 5 1 
[00218355] 4 | _ 10 3 0 9 4 _ 11 3 _ 5 9 
[00218356] 3 | 7 10 3 0 9 4 _ 11 3 _ 5 9 
[00218357] 5 | _ 10 3 0 9 _ 4 11 3 _ 5 _ 
[00218358] 4 | 6 10 3 0 9 _ 4 11 3 _ 5 _ 
[00218359] 3 | 6 10 3 0 9 _ 4 11 3 _ 5 2 
[00218360] 2 | 6 10 3 0 9 7 4 11 3 _ 5 2 
[00218361] 3 | 6 10 3 0 9 _ 4 11 3 _ 5 8 
[00218362] 2 | 6 10 3 0 9 7 4 11 3 _ 5 8 
[00218363] 4 | _ 10 3 0 9 5 4 11 3 _ 5 _ 
[00218364] 3 | 7 10 3 0 9 5 4 11 3 _ 5 _ 
[00218365] 4 | _ 10 3 0 9 _ 4 11 3 _ 5 1 
[00218366] 3 | 7 10 3 0 9 _ 4 11 3 _ 5 1 
[00218367] 3 | _ 10 3 0 9 6 4 11 3 _ 5 1 
[00218368] 2 | 8 10 3 0 9 6 4 11 3 _ 5 1 
[00218369] 4 | _ 10 3 0 9 _ 4 11 3 _ 5 9 
[00218370] 3 | 7 10 3 0 9 _ 4 11 3 _ 5 9 
[00218371] 5 | _ 10 3 0 9 _ _ 11 3 _ 5 10 
[00218372] 6 | _ 10 3 0 9 _ _ 11 3 _ 1 7 
[00218373] 5 | 5 10 3 0 9 _ _ 11 3 _ 1 7 
[00218374] 5 | _ 10 3 0 9 4 _ 11 3 _ 1 7 
[00218375] 4 | 6 10 3 0 9 4 _ 11 3 _ 1 7 
[00218376] 4 | _ 10 3 0 9 4 5 11 3 _ 1 7 
[00218377] 5 | _ 10 3 0 9 _ 4 11 3 _ 1 7 
[00218378] 4 | 6 10 3 0 9 _ 4 11 3 _ 1 7 
[00218379] 4 | _ 10 3 0 9 5 4 11 3 _ 1 7 
[00218380] 6 | _ 10 3 0 9 _ _ 11 3 _ 2 8 
[00218381] 5 | 5 10 3 0 9 _ _ 11 3 _ 2 8 
[00218382] 5 | _ 10 3 0 9 4 _ 11 3 _ 2 8 
[00218383] 4 | 6 10 3 0 9 4 _ 11 3 _ 2 8 
[00218384] 4 | _ 10 3 0 9 4 5 11 3 _ 2 8 
[00218385] 3 | 7 10 3 0 9 4 5 11 3 _ 2 8 
[00218386] 5 | _ 10 3 0 9 _ 4 11 3 _ 2 8 
[00218387] 4 | 6 10 3 0 9 _ 4 11 3 _ 2 8 
[00218388] 4 | _ 10 3 0 9 5 4 11 3 _ 2 8 
[00218389] 3 | 7 10 3 0 9 5 4 11 3 _ 2 8 
[00218390] 6 | _ 10 3 0 9 _ _ 11 3 _ 7 1 
[00218391] 5 | 5 10 3 0 9 _ _ 11 3 _ 7 1 
[00218392] 5 | _ 10 3 0 9 4 _ 11 3 _ 7 1 
[00218393] 4 | 6 10 3 0 9 4 _ 11 3 _ 7 1 
[00218394] 4 | _ 10 3 0 9 4 5 11 3 _ 7 1 
[00218395] 5 | _ 10 3 0 9 _ 4 11 3 _ 7 1 
[00218396] 4 | 6 10 3 0 9 _ 4 11 3 _ 7 1 
[00218397] 4 | _ 10 3 0 9 5 4 11 3 _ 7 1 
[00218398] 6 | _ 10 3 0 9 _ _ 11 3 _ 8 2 
[00218399] 5 | 5 10 3 0 9 _ _ 11 3 _ 8 2 
[00218400] 5 | _ 10 3 0 9 4 _ 11 3 _ 8 2 
[00218401] 4 | 6 10 3 0 9 4 _ 11 3 _ 8 2 
[00218402] 4 | _ 10 3 0 9 4 5 11 3 _ 8 2 
[00218403] 3 | 7 10 3 0 9 4 5 11 3 _ 8 2 
[00218404] 5 | _ 10 3 0 9 _ 4 11 3 _ 8 2 
[00218405] 4 | 6 10 3 0 9 _ 4 11 3 _ 8 2 
[00218406] 4 | _ 10 3 0 9 5 4 11 3 _ 8 2 
[00218407] 3 | 7 10 3 0 9 5 4 11 3 _ 8 2 
[00218408] 7 | _ 10 _ 0 9 2 _ 11 3 _ _ _ 
[00218409] 6 | 4 10 _ 0 9 2 _ 11 3 _ _ _ 
[00218410] 5 | 4 10 5 0 9 2 _ 11 3 _ _ _ 
[00218411] 4 | 4 10 5 0 9 2 _ 11 3 7 _ _ 
[00218412] 3 | 4 10 5 0 9 2 6 11 3 7 _ _ 
[00218413] 3 | 4 10 5 0 9 2 _ 11 3 7 8 _ 
[00218414] 2 | 4 10 5 0 9 2 _ 11 3 7 8 6 
[00218415] 4 | 4 10 5 0 9 2 _ 11 3 _ 7 _ 
[00218416] 3 | 4 10 5 0 9 2 6 11 3 _ 7 _ 
[00218417] 2 | 4 10 5 0 9 2 6 11 3 1 7 _ 
[00218418] 1 | 4 10 5 0 9 2 6 11 3 1 7 8  *Graceful*
[00218418] 3 | 4 10 5 0 9 2 _ 11 3 6 7 _ 
[00218419] 2 | 4 10 5 0 9 2 7 11 3 6 7 _ 
[00218420] 2 | 4 10 5 0 9 2 _ 11 3 6 7 9 
[00218421] 5 | 4 10 _ 0 9 2 _ 11 3 8 _ _ 
[00218422] 4 | 4 10 6 0 9 2 _ 11 3 8 _ _ 
[00218423] 4 | 4 10 _ 0 9 2 5 11 3 8 _ _ 
[00218424] 3 | 4 10 7 0 9 2 5 11 3 8 _ _ 
[00218425] 4 | 4 10 _ 0 9 2 _ 11 3 8 7 _ 
[00218426] 3 | 4 10 7 0 9 2 _ 11 3 8 7 _ 
[00218427] 3 | 4 10 _ 0 9 2 6 11 3 8 7 _ 
[00218428] 2 | 4 10 _ 0 9 2 6 11 3 8 7 5 
[00218429] 3 | 4 10 _ 0 9 2 _ 11 3 8 7 10 
[00218430] 4 | 4 10 _ 0 9 2 _ 11 3 8 1 5 
[00218431] 3 | 4 10 7 0 9 2 _ 11 3 8 1 5 
[00218432] 3 | 4 10 _ 0 9 2 6 11 3 8 1 5 
[00218433] 4 | 4 10 _ 0 9 2 _ 11 3 8 5 1 
[00218434] 3 | 4 10 7 0 9 2 _ 11 3 8 5 1 
[00218435] 3 | 4 10 _ 0 9 2 6 11 3 8 5 1 
[00218436] 5 | 4 10 _ 0 9 2 _ 11 3 _ 6 _ 
[00218437] 4 | 4 10 6 0 9 2 _ 11 3 _ 6 _ 
[00218438] 4 | 4 10 _ 0 9 2 5 11 3 _ 6 _ 
[00218439] 3 | 4 10 7 0 9 2 5 11 3 _ 6 _ 
[00218440] 2 | 4 10 7 0 9 2 5 11 3 1 6 _ 
[00218441] 2 | 4 10 7 0 9 2 5 11 3 _ 6 8 
[00218442] 3 | 4 10 _ 0 9 2 5 11 3 6 6 _ 
[00218443] 2 | 4 10 8 0 9 2 5 11 3 6 6 _ 
[00218444] 3 | 4 10 _ 0 9 2 5 11 3 _ 6 3 
[00218445] 2 | 4 10 8 0 9 2 5 11 3 _ 6 3 
[00218446] 4 | 4 10 _ 0 9 2 _ 11 3 7 6 _ 
[00218447] 3 | 4 10 _ 0 9 2 6 11 3 7 6 _ 
[00218448] 2 | 4 10 8 0 9 2 6 11 3 7 6 _ 
[00218449] 3 | 4 10 _ 0 9 2 _ 11 3 7 6 9 
[00218450] 2 | 4 10 8 0 9 2 _ 11 3 7 6 9 
[00218451] 4 | 4 10 _ 0 9 2 _ 11 3 _ 6 10 
[00218452] 5 | 4 10 _ 0 9 2 _ 11 3 _ 1 6 
[00218453] 4 | 4 10 _ 0 9 2 5 11 3 _ 1 6 
[00218454] 3 | 4 10 7 0 9 2 5 11 3 _ 1 6 
[00218455] 4 | 4 10 _ 0 9 2 _ 11 3 7 1 6 
[00218456] 5 | 4 10 _ 0 9 2 _ 11 3 _ 6 1 
[00218457] 4 | 4 10 _ 0 9 2 5 11 3 _ 6 1 
[00218458] 3 | 4 10 7 0 9 2 5 11 3 _ 6 1 
[00218459] 4 | 4 10 _ 0 9 2 _ 11 3 7 6 1 
[00218460] 6 | _ 10 4 0 9 2 _ 11 3 _ _ _ 
[00218461] 5 | 5 10 4 0 9 2 _ 11 3 _ _ _ 
[00218462] 4 | 5 10 4 0 9 2 _ 11 3 7 _ _ 
[00218463] 3 | 5 10 4 0 9 2 6 11 3 7 _ _ 
[00218464] 3 | 5 10 4 0 9 2 _ 11 3 7 8 _ 
[00218465] 2 | 5 10 4 0 9 2 _ 11 3 7 8 6 
[00218466] 4 | 5 10 4 0 9 2 _ 11 3 _ 7 _ 
[00218467] 3 | 5 10 4 0 9 2 6 11 3 _ 7 _ 
[00218468] 2 | 5 10 4 0 9 2 6 11 3 1 7 _ 
[00218469] 1 | 5 10 4 0 9 2 6 11 3 1 7 8  *Graceful*
[00218469] 3 | 5 10 4 0 9 2 _ 11 3 6 7 _ 
[00218470] 2 | 5 10 4 0 9 2 7 11 3 6 7 _ 
[00218471] 2 | 5 10 4 0 9 2 _ 11 3 6 7 9 
[00218472] 5 | _ 10 4 0 9 2 _ 11 3 8 _ _ 
[00218473] 4 | 6 10 4 0 9 2 _ 11 3 8 _ _ 
[00218474] 4 | _ 10 4 0 9 2 5 11 3 8 _ _ 
[00218475] 3 | 7 10 4 0 9 2 5 11 3 8 _ _ 
[00218476] 4 | _ 10 4 0 9 2 _ 11 3 8 7 _ 
[00218477] 3 | 7 10 4 0 9 2 _ 11 3 8 7 _ 
[00218478] 3 | _ 10 4 0 9 2 6 11 3 8 7 _ 
[00218479] 2 | _ 10 4 0 9 2 6 11 3 8 7 5 
[00218480] 3 | _ 10 4 0 9 2 _ 11 3 8 7 10 
[00218481] 4 | _ 10 4 0 9 2 _ 11 3 8 1 5 
[00218482] 3 | 7 10 4 0 9 2 _ 11 3 8 1 5 
[00218483] 3 | _ 10 4 0 9 2 6 11 3 8 1 5 
[00218484] 4 | _ 10 4 0 9 2 _ 11 3 8 5 1 
[00218485] 3 | 7 10 4 0 9 2 _ 11 3 8 5 1 
[00218486] 3 | _ 10 4 0 9 2 6 11 3 8 5 1 
[00218487] 5 | _ 10 4 0 9 2 _ 11 3 _ 6 _ 
[00218488] 4 | 6 10 4 0 9 2 _ 11 3 _ 6 _ 
[00218489] 4 | _ 10 4 0 9 2 5 11 3 _ 6 _ 
[00218490] 3 | 7 10 4 0 9 2 5 11 3 _ 6 _ 
[00218491] 2 | 7 10 4 0 9 2 5 11 3 1 6 _ 
[00218492] 2 | 7 10 4 0 9 2 5 11 3 _ 6 8 
[00218493] 3 | _ 10 4 0 9 2 5 11 3 6 6 _ 
[00218494] 2 | 8 10 4 0 9 2 5 11 3 6 6 _ 
[00218495] 3 | _ 10 4 0 9 2 5 11 3 _ 6 3 
[00218496] 2 | 8 10 4 0 9 2 5 11 3 _ 6 3 
[00218497] 4 | _ 10 4 0 9 2 _ 11 3 7 6 _ 
[00218498] 3 | _ 10 4 0 9 2 6 11 3 7 6 _ 
[00218499] 2 | 8 10 4 0 9 2 6 11 3 7 6 _ 
[00218500] 3 | _ 10 4 0 9 2 _ 11 3 7 6 9 
[00218501] 2 | 8 10 4 0 9 2 _ 11 3 7 6 9 
[00218502] 4 | _ 10 4 0 9 2 _ 11 3 _ 6 10 
[00218503] 5 | _ 10 4 0 9 2 _ 11 3 _ 1 6 
[00218504] 4 | _ 10 4 0 9 2 5 11 3 _ 1 6 
[00218505] 3 | 7 10 4 0 9 2 5 11 3 _ 1 6 
[00218506] 4 | _ 10 4 0 9 2 _ 11 3 7 1 6 
[00218507] 5 | _ 10 4 0 9 2 _ 11 3 _ 6 1 
[00218508] 4 | _ 10 4 0 9 2 5 11 3 _ 6 1 
[00218509] 3 | 7 10 4 0 9 2 5 11 3 _ 6 1 
[00218510] 4 | _ 10 4 0 9 2 _ 11 3 7 6 1 
[00218511] 6 | _ 10 _ 0 9 2 3 11 3 _ _ _ 
[00218512] 5 | 5 10 _ 0 9 2 3 11 3 _ _ _ 
[00218513] 4 | 5 10 6 0 9 2 3 11 3 _ _ _ 
[00218514] 3 | 5 10 6 0 9 2 3 11 3 _ 8 _ 
[00218515] 3 | 5 10 6 0 9 2 3 11 3 _ 1 4 
[00218516] 3 | 5 10 6 0 9 2 3 11 3 _ 4 7 
[00218517] 3 | 5 10 6 0 9 2 3 11 3 _ 4 1 
[00218518] 3 | 5 10 6 0 9 2 3 11 3 _ 7 4 
[00218519] 4 | 5 10 _ 0 9 2 3 11 3 _ 7 _ 
[00218520] 3 | 5 10 7 0 9 2 3 11 3 _ 7 _ 
[00218521] 3 | 5 10 _ 0 9 2 3 11 3 _ 7 4 
[00218522] 2 | 5 10 8 0 9 2 3 11 3 _ 7 4 
[00218523] 3 | 5 10 _ 0 9 2 3 11 3 _ 7 10 
[00218524] 4 | 5 10 _ 0 9 2 3 11 3 _ 4 8 
[00218525] 3 | 5 10 7 0 9 2 3 11 3 _ 4 8 
[00218526] 4 | 5 10 _ 0 9 2 3 11 3 _ 8 4 
[00218527] 3 | 5 10 7 0 9 2 3 11 3 _ 8 4 
[00218528] 5 | _ 10 5 0 9 2 3 11 3 _ _ _ 
[00218529] 4 | 6 10 5 0 9 2 3 11 3 _ _ _ 
[00218530] 3 | 6 10 5 0 9 2 3 11 3 _ 8 _ 
[00218531] 3 | 6 10 5 0 9 2 3 11 3 _ 1 4 
[00218532] 3 | 6 10 5 0 9 2 3 11 3 _ 4 7 
[00218533] 3 | 6 10 5 0 9 2 3 11 3 _ 4 1 
[00218534] 3 | 6 10 5 0 9 2 3 11 3 _ 7 4 
[00218535] 4 | _ 10 5 0 9 2 3 11 3 _ 7 _ 
[00218536] 3 | 7 10 5 0 9 2 3 11 3 _ 7 _ 
[00218537] 3 | _ 10 5 0 9 2 3 11 3 _ 7 4 
[00218538] 2 | 8 10 5 0 9 2 3 11 3 _ 7 4 
[00218539] 3 | _ 10 5 0 9 2 3 11 3 _ 7 10 
[00218540] 4 | _ 10 5 0 9 2 3 11 3 _ 4 8 
[00218541] 3 | 7 10 5 0 9 2 3 11 3 _ 4 8 
[00218542] 4 | _ 10 5 0 9 2 3 11 3 _ 8 4 
[00218543] 3 | 7 10 5 0 9 2 3 11 3 _ 8 4 
[00218544] 5 | _ 10 _ 0 9 2 3 11 3 _ 6 _ 
[00218545] 4 | 6 10 _ 0 9 2 3 11 3 _ 6 _ 
[00218546] 3 | 6 10 7 0 9 2 3 11 3 _ 6 _ 
[00218547] 4 | _ 10 6 0 9 2 3 11 3 _ 6 _ 
[00218548] 3 | 7 10 6 0 9 2 3 11 3 _ 6 _ 
[00218549] 4 | _ 10 _ 0 9 2 3 11 3 _ 6 10 
[00218550] 5 | _ 10 _ 0 9 2 3 11 3 _ 1 6 
[00218551] 5 | _ 10 _ 0 9 2 3 11 3 _ 6 1 
[00218552] 6 | _ 10 _ 0 9 2 _ 11 3 9 _ _ 
[00218553] 5 | 5 10 _ 0 9 2 _ 11 3 9 _ _ 
[00218554] 4 | 5 10 6 0 9 2 _ 11 3 9 _ _ 
[00218555] 3 | 5 10 6 0 9 2 _ 11 3 9 8 _ 
[00218556] 3 | 5 10 6 0 9 2 _ 11 3 9 1 4 
[00218557] 3 | 5 10 6 0 9 2 _ 11 3 9 4 7 
[00218558] 3 | 5 10 6 0 9 2 _ 11 3 9 4 1 
[00218559] 3 | 5 10 6 0 9 2 _ 11 3 9 7 4 
[00218560] 4 | 5 10 _ 0 9 2 _ 11 3 9 7 _ 
[00218561] 3 | 5 10 7 0 9 2 _ 11 3 9 7 _ 
[00218562] 3 | 5 10 _ 0 9 2 _ 11 3 9 7 4 
[00218563] 2 | 5 10 8 0 9 2 _ 11 3 9 7 4 
[00218564] 3 | 5 10 _ 0 9 2 _ 11 3 9 7 10 
[00218565] 4 | 5 10 _ 0 9 2 _ 11 3 9 4 8 
[00218566] 3 | 5 10 7 0 9 2 _ 11 3 9 4 8 
[00218567] 4 | 5 10 _ 0 9 2 _ 11 3 9 8 4 
[00218568] 3 | 5 10 7 0 9 2 _ 11 3 9 8 4 
[00218569] 5 | _ 10 5 0 9 2 _ 11 3 9 _ _ 
[00218570] 4 | 6 10 5 0 9 2 _ 11 3 9 _ _ 
[00218571] 3 | 6 10 5 0 9 2 _ 11 3 9 8 _ 
[00218572] 3 | 6 10 5 0 9 2 _ 11 3 9 1 4 
[00218573] 3 | 6 10 5 0 9 2 _ 11 3 9 4 7 
[00218574] 3 | 6 10 5 0 9 2 _ 11 3 9 4 1 
