[00118399] 3 | 7 10 6 0 11 5 4 9 1 _ 8 3 
[00118400] 6 | _ 10 _ 0 11 _ 4 9 1 7 _ _ 
[00118401] 5 | 5 10 _ 0 11 _ 4 9 1 7 _ _ 
[00118402] 4 | 5 10 6 0 11 _ 4 9 1 7 _ _ 
[00118403] 3 | 5 10 6 0 11 8 4 9 1 7 _ _ 
[00118404] 4 | 5 10 _ 0 11 _ 4 9 1 7 2 6 
[00118405] 3 | 5 10 _ 0 11 8 4 9 1 7 2 6 
[00118406] 4 | 5 10 _ 0 11 _ 4 9 1 7 6 2 
[00118407] 3 | 5 10 _ 0 11 8 4 9 1 7 6 2 
[00118408] 5 | _ 10 5 0 11 _ 4 9 1 7 _ _ 
[00118409] 4 | 6 10 5 0 11 _ 4 9 1 7 _ _ 
[00118410] 3 | 6 10 5 0 11 8 4 9 1 7 _ _ 
[00118411] 4 | _ 10 5 0 11 _ 4 9 1 7 2 6 
[00118412] 3 | _ 10 5 0 11 8 4 9 1 7 2 6 
[00118413] 4 | _ 10 5 0 11 _ 4 9 1 7 6 2 
[00118414] 3 | _ 10 5 0 11 8 4 9 1 7 6 2 
[00118415] 5 | _ 10 _ 0 11 6 4 9 1 7 _ _ 
[00118416] 4 | _ 10 _ 0 11 6 4 9 1 7 5 _ 
[00118417] 3 | _ 10 _ 0 11 6 4 9 1 7 5 2 
[00118418] 2 | 8 10 _ 0 11 6 4 9 1 7 5 2 
[00118419] 2 | _ 10 8 0 11 6 4 9 1 7 5 2 
[00118420] 3 | _ 10 _ 0 11 6 4 9 1 7 5 8 
[00118421] 5 | _ 10 _ 0 11 _ 4 9 1 7 3 8 
[00118422] 4 | 6 10 _ 0 11 _ 4 9 1 7 3 8 
[00118423] 4 | _ 10 6 0 11 _ 4 9 1 7 3 8 
[00118424] 5 | _ 10 _ 0 11 _ 4 9 1 7 8 3 
[00118425] 4 | 6 10 _ 0 11 _ 4 9 1 7 8 3 
[00118426] 4 | _ 10 6 0 11 _ 4 9 1 7 8 3 
[00118427] 6 | _ 10 _ 0 11 _ 4 9 1 _ 3 _ 
[00118428] 5 | 5 10 _ 0 11 _ 4 9 1 _ 3 _ 
[00118429] 4 | 5 10 6 0 11 _ 4 9 1 _ 3 _ 
[00118430] 3 | 5 10 6 0 11 8 4 9 1 _ 3 _ 
[00118431] 2 | 5 10 6 0 11 8 4 9 1 3 3 _ 
[00118432] 2 | 5 10 6 0 11 8 4 9 1 _ 3 1 
[00118433] 4 | 5 10 _ 0 11 7 4 9 1 _ 3 _ 
[00118434] 3 | 5 10 _ 0 11 7 4 9 1 _ 3 6 
[00118435] 2 | 5 10 8 0 11 7 4 9 1 _ 3 6 
[00118436] 1 | 5 10 8 0 11 7 4 9 1 2 3 6  *Graceful*
[00118436] 4 | 5 10 _ 0 11 _ 4 9 1 _ 3 7 
[00118437] 3 | 5 10 _ 0 11 8 4 9 1 _ 3 7 
[00118438] 5 | _ 10 5 0 11 _ 4 9 1 _ 3 _ 
[00118439] 4 | 6 10 5 0 11 _ 4 9 1 _ 3 _ 
[00118440] 3 | 6 10 5 0 11 8 4 9 1 _ 3 _ 
[00118441] 2 | 6 10 5 0 11 8 4 9 1 3 3 _ 
[00118442] 2 | 6 10 5 0 11 8 4 9 1 _ 3 1 
[00118443] 4 | _ 10 5 0 11 7 4 9 1 _ 3 _ 
[00118444] 3 | _ 10 5 0 11 7 4 9 1 _ 3 6 
[00118445] 2 | 8 10 5 0 11 7 4 9 1 _ 3 6 
[00118446] 1 | 8 10 5 0 11 7 4 9 1 2 3 6  *Graceful*
[00118446] 4 | _ 10 5 0 11 _ 4 9 1 _ 3 7 
[00118447] 3 | _ 10 5 0 11 8 4 9 1 _ 3 7 
[00118448] 5 | _ 10 _ 0 11 6 4 9 1 _ 3 _ 
[00118449] 4 | _ 10 _ 0 11 6 4 9 1 5 3 _ 
[00118450] 3 | 7 10 _ 0 11 6 4 9 1 5 3 _ 
[00118451] 2 | 7 10 8 0 11 6 4 9 1 5 3 _ 
[00118452] 1 | 7 10 8 0 11 6 4 9 1 5 3 2  *Graceful*
[00118452] 3 | _ 10 7 0 11 6 4 9 1 5 3 _ 
[00118453] 2 | 8 10 7 0 11 6 4 9 1 5 3 _ 
[00118454] 1 | 8 10 7 0 11 6 4 9 1 5 3 2  *Graceful*
[00118454] 4 | _ 10 _ 0 11 6 4 9 1 _ 3 7 
[00118455] 5 | _ 10 _ 0 11 _ 4 9 1 6 3 _ 
[00118456] 4 | _ 10 _ 0 11 7 4 9 1 6 3 _ 
[00118457] 4 | _ 10 _ 0 11 _ 4 9 1 6 3 7 
[00118458] 3 | _ 10 _ 0 11 8 4 9 1 6 3 7 
[00118459] 5 | _ 10 _ 0 11 _ 4 9 1 _ 3 8 
[00118460] 4 | 6 10 _ 0 11 _ 4 9 1 _ 3 8 
[00118461] 3 | 6 10 7 0 11 _ 4 9 1 _ 3 8 
[00118462] 4 | _ 10 6 0 11 _ 4 9 1 _ 3 8 
[00118463] 3 | 7 10 6 0 11 _ 4 9 1 _ 3 8 
[00118464] 4 | _ 10 _ 0 11 7 4 9 1 _ 3 8 
[00118465] 4 | _ 10 _ 0 11 _ 4 9 1 5 3 8 
[00118466] 3 | 7 10 _ 0 11 _ 4 9 1 5 3 8 
[00118467] 3 | _ 10 7 0 11 _ 4 9 1 5 3 8 
[00118468] 6 | _ 10 _ 0 11 _ 4 9 1 _ 2 8 
[00118469] 5 | 5 10 _ 0 11 _ 4 9 1 _ 2 8 
[00118470] 4 | 5 10 6 0 11 _ 4 9 1 _ 2 8 
[00118471] 4 | 5 10 _ 0 11 7 4 9 1 _ 2 8 
[00118472] 5 | _ 10 5 0 11 _ 4 9 1 _ 2 8 
[00118473] 4 | 6 10 5 0 11 _ 4 9 1 _ 2 8 
[00118474] 4 | _ 10 5 0 11 7 4 9 1 _ 2 8 
[00118475] 5 | _ 10 _ 0 11 6 4 9 1 _ 2 8 
[00118476] 4 | _ 10 _ 0 11 6 4 9 1 5 2 8 
[00118477] 3 | 7 10 _ 0 11 6 4 9 1 5 2 8 
[00118478] 3 | _ 10 7 0 11 6 4 9 1 5 2 8 
[00118479] 5 | _ 10 _ 0 11 _ 4 9 1 6 2 8 
[00118480] 4 | _ 10 _ 0 11 7 4 9 1 6 2 8 
[00118481] 6 | _ 10 _ 0 11 _ 4 9 1 _ 8 2 
[00118482] 5 | 5 10 _ 0 11 _ 4 9 1 _ 8 2 
[00118483] 4 | 5 10 6 0 11 _ 4 9 1 _ 8 2 
[00118484] 4 | 5 10 _ 0 11 7 4 9 1 _ 8 2 
[00118485] 5 | _ 10 5 0 11 _ 4 9 1 _ 8 2 
[00118486] 4 | 6 10 5 0 11 _ 4 9 1 _ 8 2 
[00118487] 4 | _ 10 5 0 11 7 4 9 1 _ 8 2 
[00118488] 5 | _ 10 _ 0 11 6 4 9 1 _ 8 2 
[00118489] 4 | _ 10 _ 0 11 6 4 9 1 5 8 2 
[00118490] 3 | 7 10 _ 0 11 6 4 9 1 5 8 2 
[00118491] 3 | _ 10 7 0 11 6 4 9 1 5 8 2 
[00118492] 5 | _ 10 _ 0 11 _ 4 9 1 6 8 2 
[00118493] 4 | _ 10 _ 0 11 7 4 9 1 6 8 2 
[00118494] 7 | _ 10 _ 0 11 _ _ 9 1 8 _ _ 
[00118495] 6 | 4 10 _ 0 11 _ _ 9 1 8 _ _ 
[00118496] 5 | 4 10 5 0 11 _ _ 9 1 8 _ _ 
[00118497] 4 | 4 10 5 0 11 7 _ 9 1 8 _ _ 
[00118498] 3 | 4 10 5 0 11 7 _ 9 1 8 6 _ 
[00118499] 3 | 4 10 5 0 11 7 _ 9 1 8 3 6 
[00118500] 3 | 4 10 5 0 11 7 _ 9 1 8 6 3 
[00118501] 4 | 4 10 5 0 11 _ 7 9 1 8 _ _ 
[00118502] 3 | 4 10 5 0 11 _ 7 9 1 8 6 _ 
[00118503] 3 | 4 10 5 0 11 _ 7 9 1 8 3 6 
[00118504] 3 | 4 10 5 0 11 _ 7 9 1 8 6 3 
[00118505] 4 | 4 10 5 0 11 _ _ 9 1 8 2 6 
[00118506] 4 | 4 10 5 0 11 _ _ 9 1 8 3 7 
[00118507] 4 | 4 10 5 0 11 _ _ 9 1 8 6 2 
[00118508] 4 | 4 10 5 0 11 _ _ 9 1 8 7 3 
[00118509] 5 | 4 10 _ 0 11 6 _ 9 1 8 _ _ 
[00118510] 4 | 4 10 _ 0 11 6 7 9 1 8 _ _ 
[00118511] 3 | 4 10 _ 0 11 6 7 9 1 8 2 5 
[00118512] 3 | 4 10 _ 0 11 6 7 9 1 8 5 2 
[00118513] 4 | 4 10 _ 0 11 6 _ 9 1 8 5 _ 
[00118514] 3 | 4 10 7 0 11 6 _ 9 1 8 5 _ 
[00118515] 2 | 4 10 7 0 11 6 _ 9 1 8 5 3 
[00118516] 3 | 4 10 _ 0 11 6 _ 9 1 8 5 2 
[00118517] 4 | 4 10 _ 0 11 6 _ 9 1 8 3 7 
[00118518] 4 | 4 10 _ 0 11 6 _ 9 1 8 7 3 
[00118519] 5 | 4 10 _ 0 11 _ 6 9 1 8 _ _ 
[00118520] 4 | 4 10 _ 0 11 7 6 9 1 8 _ _ 
[00118521] 3 | 4 10 _ 0 11 7 6 9 1 8 2 5 
[00118522] 3 | 4 10 _ 0 11 7 6 9 1 8 5 2 
[00118523] 4 | 4 10 _ 0 11 _ 6 9 1 8 5 _ 
[00118524] 3 | 4 10 7 0 11 _ 6 9 1 8 5 _ 
[00118525] 2 | 4 10 7 0 11 _ 6 9 1 8 5 3 
[00118526] 3 | 4 10 _ 0 11 _ 6 9 1 8 5 2 
[00118527] 4 | 4 10 _ 0 11 _ 6 9 1 8 3 7 
[00118528] 4 | 4 10 _ 0 11 _ 6 9 1 8 7 3 
[00118529] 5 | 4 10 _ 0 11 _ _ 9 1 8 2 7 
[00118530] 4 | 4 10 6 0 11 _ _ 9 1 8 2 7 
[00118531] 5 | 4 10 _ 0 11 _ _ 9 1 8 7 2 
[00118532] 4 | 4 10 6 0 11 _ _ 9 1 8 7 2 
[00118533] 6 | _ 10 4 0 11 _ _ 9 1 8 _ _ 
[00118534] 5 | 5 10 4 0 11 _ _ 9 1 8 _ _ 
[00118535] 4 | 5 10 4 0 11 7 _ 9 1 8 _ _ 
[00118536] 3 | 5 10 4 0 11 7 _ 9 1 8 6 _ 
[00118537] 3 | 5 10 4 0 11 7 _ 9 1 8 3 6 
[00118538] 3 | 5 10 4 0 11 7 _ 9 1 8 6 3 
[00118539] 4 | 5 10 4 0 11 _ 7 9 1 8 _ _ 
[00118540] 3 | 5 10 4 0 11 _ 7 9 1 8 6 _ 
[00118541] 3 | 5 10 4 0 11 _ 7 9 1 8 3 6 
[00118542] 3 | 5 10 4 0 11 _ 7 9 1 8 6 3 
[00118543] 4 | 5 10 4 0 11 _ _ 9 1 8 2 6 
[00118544] 4 | 5 10 4 0 11 _ _ 9 1 8 3 7 
[00118545] 4 | 5 10 4 0 11 _ _ 9 1 8 6 2 
[00118546] 4 | 5 10 4 0 11 _ _ 9 1 8 7 3 
[00118547] 5 | _ 10 4 0 11 6 _ 9 1 8 _ _ 
[00118548] 4 | _ 10 4 0 11 6 7 9 1 8 _ _ 
[00118549] 3 | _ 10 4 0 11 6 7 9 1 8 2 5 
[00118550] 3 | _ 10 4 0 11 6 7 9 1 8 5 2 
[00118551] 4 | _ 10 4 0 11 6 _ 9 1 8 5 _ 
[00118552] 3 | 7 10 4 0 11 6 _ 9 1 8 5 _ 
[00118553] 2 | 7 10 4 0 11 6 _ 9 1 8 5 3 
[00118554] 3 | _ 10 4 0 11 6 _ 9 1 8 5 2 
[00118555] 4 | _ 10 4 0 11 6 _ 9 1 8 3 7 
[00118556] 4 | _ 10 4 0 11 6 _ 9 1 8 7 3 
[00118557] 5 | _ 10 4 0 11 _ 6 9 1 8 _ _ 
[00118558] 4 | _ 10 4 0 11 7 6 9 1 8 _ _ 
[00118559] 3 | _ 10 4 0 11 7 6 9 1 8 2 5 
[00118560] 3 | _ 10 4 0 11 7 6 9 1 8 5 2 
[00118561] 4 | _ 10 4 0 11 _ 6 9 1 8 5 _ 
[00118562] 3 | 7 10 4 0 11 _ 6 9 1 8 5 _ 
[00118563] 2 | 7 10 4 0 11 _ 6 9 1 8 5 3 
[00118564] 3 | _ 10 4 0 11 _ 6 9 1 8 5 2 
[00118565] 4 | _ 10 4 0 11 _ 6 9 1 8 3 7 
[00118566] 4 | _ 10 4 0 11 _ 6 9 1 8 7 3 
[00118567] 5 | _ 10 4 0 11 _ _ 9 1 8 2 7 
[00118568] 4 | 6 10 4 0 11 _ _ 9 1 8 2 7 
[00118569] 5 | _ 10 4 0 11 _ _ 9 1 8 7 2 
[00118570] 4 | 6 10 4 0 11 _ _ 9 1 8 7 2 
[00118571] 6 | _ 10 _ 0 11 5 _ 9 1 8 _ _ 
[00118572] 5 | _ 10 _ 0 11 5 6 9 1 8 _ _ 
[00118573] 4 | _ 10 _ 0 11 5 6 9 1 8 3 7 
[00118574] 4 | _ 10 _ 0 11 5 6 9 1 8 7 3 
[00118575] 5 | _ 10 _ 0 11 5 _ 9 1 8 4 _ 
[00118576] 4 | 6 10 _ 0 11 5 _ 9 1 8 4 _ 
[00118577] 3 | 6 10 7 0 11 5 _ 9 1 8 4 _ 
[00118578] 2 | 6 10 7 0 11 5 _ 9 1 8 4 2 
[00118579] 3 | 6 10 _ 0 11 5 _ 9 1 8 4 7 
[00118580] 4 | _ 10 6 0 11 5 _ 9 1 8 4 _ 
[00118581] 3 | 7 10 6 0 11 5 _ 9 1 8 4 _ 
[00118582] 2 | 7 10 6 0 11 5 _ 9 1 8 4 2 
[00118583] 3 | _ 10 6 0 11 5 _ 9 1 8 4 7 
[00118584] 4 | _ 10 _ 0 11 5 7 9 1 8 4 _ 
[00118585] 5 | _ 10 _ 0 11 5 _ 9 1 8 2 7 
[00118586] 4 | 6 10 _ 0 11 5 _ 9 1 8 2 7 
[00118587] 4 | _ 10 6 0 11 5 _ 9 1 8 2 7 
[00118588] 5 | _ 10 _ 0 11 5 _ 9 1 8 7 2 
[00118589] 4 | 6 10 _ 0 11 5 _ 9 1 8 7 2 
[00118590] 4 | _ 10 6 0 11 5 _ 9 1 8 7 2 
[00118591] 6 | _ 10 _ 0 11 _ 5 9 1 8 _ _ 
[00118592] 5 | _ 10 _ 0 11 6 5 9 1 8 _ _ 
[00118593] 4 | _ 10 _ 0 11 6 5 9 1 8 3 7 
[00118594] 4 | _ 10 _ 0 11 6 5 9 1 8 7 3 
[00118595] 5 | _ 10 _ 0 11 _ 5 9 1 8 4 _ 
[00118596] 4 | 6 10 _ 0 11 _ 5 9 1 8 4 _ 
[00118597] 3 | 6 10 7 0 11 _ 5 9 1 8 4 _ 
[00118598] 2 | 6 10 7 0 11 _ 5 9 1 8 4 2 
[00118599] 3 | 6 10 _ 0 11 _ 5 9 1 8 4 7 
[00118600] 4 | _ 10 6 0 11 _ 5 9 1 8 4 _ 
[00118601] 3 | 7 10 6 0 11 _ 5 9 1 8 4 _ 
[00118602] 2 | 7 10 6 0 11 _ 5 9 1 8 4 2 
[00118603] 3 | _ 10 6 0 11 _ 5 9 1 8 4 7 
[00118604] 4 | _ 10 _ 0 11 7 5 9 1 8 4 _ 
[00118605] 5 | _ 10 _ 0 11 _ 5 9 1 8 2 7 
[00118606] 4 | 6 10 _ 0 11 _ 5 9 1 8 2 7 
[00118607] 4 | _ 10 6 0 11 _ 5 9 1 8 2 7 
[00118608] 5 | _ 10 _ 0 11 _ 5 9 1 8 7 2 
[00118609] 4 | 6 10 _ 0 11 _ 5 9 1 8 7 2 
[00118610] 4 | _ 10 6 0 11 _ 5 9 1 8 7 2 
[00118611] 6 | _ 10 _ 0 11 _ _ 9 1 8 3 _ 
[00118612] 5 | 5 10 _ 0 11 _ _ 9 1 8 3 _ 
[00118613] 4 | 5 10 6 0 11 _ _ 9 1 8 3 _ 
[00118614] 4 | 5 10 _ 0 11 7 _ 9 1 8 3 _ 
[00118615] 3 | 5 10 _ 0 11 7 _ 9 1 8 3 6 
[00118616] 4 | 5 10 _ 0 11 _ 7 9 1 8 3 _ 
[00118617] 3 | 5 10 _ 0 11 _ 7 9 1 8 3 6 
[00118618] 4 | 5 10 _ 0 11 _ _ 9 1 8 3 7 
[00118619] 5 | _ 10 5 0 11 _ _ 9 1 8 3 _ 
[00118620] 4 | 6 10 5 0 11 _ _ 9 1 8 3 _ 
[00118621] 4 | _ 10 5 0 11 7 _ 9 1 8 3 _ 
[00118622] 3 | _ 10 5 0 11 7 _ 9 1 8 3 6 
[00118623] 4 | _ 10 5 0 11 _ 7 9 1 8 3 _ 
[00118624] 3 | _ 10 5 0 11 _ 7 9 1 8 3 6 
[00118625] 4 | _ 10 5 0 11 _ _ 9 1 8 3 7 
[00118626] 5 | _ 10 _ 0 11 6 _ 9 1 8 3 _ 
[00118627] 4 | _ 10 _ 0 11 6 7 9 1 8 3 _ 
[00118628] 4 | _ 10 _ 0 11 6 _ 9 1 8 3 7 
[00118629] 5 | _ 10 _ 0 11 _ 6 9 1 8 3 _ 
[00118630] 4 | _ 10 _ 0 11 7 6 9 1 8 3 _ 
[00118631] 4 | _ 10 _ 0 11 _ 6 9 1 8 3 7 
[00118632] 7 | _ 10 _ 0 11 _ _ 9 1 _ 2 _ 
[00118633] 6 | 4 10 _ 0 11 _ _ 9 1 _ 2 _ 
[00118634] 5 | 4 10 5 0 11 _ _ 9 1 _ 2 _ 
[00118635] 4 | 4 10 5 0 11 7 _ 9 1 _ 2 _ 
[00118636] 3 | 4 10 5 0 11 7 8 9 1 _ 2 _ 
[00118637] 2 | 4 10 5 0 11 7 8 9 1 3 2 _ 
[00118638] 4 | 4 10 5 0 11 _ 7 9 1 _ 2 _ 
[00118639] 3 | 4 10 5 0 11 8 7 9 1 _ 2 _ 
[00118640] 2 | 4 10 5 0 11 8 7 9 1 3 2 _ 
[00118641] 4 | 4 10 5 0 11 _ _ 9 1 _ 2 6 
[00118642] 3 | 4 10 5 0 11 8 _ 9 1 _ 2 6 
[00118643] 2 | 4 10 5 0 11 8 _ 9 1 3 2 6 
[00118644] 3 | 4 10 5 0 11 _ 8 9 1 _ 2 6 
[00118645] 2 | 4 10 5 0 11 _ 8 9 1 3 2 6 
[00118646] 5 | 4 10 _ 0 11 6 _ 9 1 _ 2 _ 
[00118647] 4 | 4 10 _ 0 11 6 7 9 1 _ 2 _ 
[00118648] 3 | 4 10 _ 0 11 6 7 9 1 _ 2 5 
[00118649] 2 | 4 10 8 0 11 6 7 9 1 _ 2 5 
[00118650] 2 | 4 10 _ 0 11 6 7 9 1 3 2 5 
[00118651] 4 | 4 10 _ 0 11 6 _ 9 1 5 2 _ 
[00118652] 3 | 4 10 7 0 11 6 _ 9 1 5 2 _ 
[00118653] 3 | 4 10 _ 0 11 6 8 9 1 5 2 _ 
[00118654] 5 | 4 10 _ 0 11 _ 6 9 1 _ 2 _ 
[00118655] 4 | 4 10 _ 0 11 7 6 9 1 _ 2 _ 
[00118656] 3 | 4 10 _ 0 11 7 6 9 1 _ 2 5 
[00118657] 2 | 4 10 8 0 11 7 6 9 1 _ 2 5 
[00118658] 2 | 4 10 _ 0 11 7 6 9 1 3 2 5 
[00118659] 4 | 4 10 _ 0 11 _ 6 9 1 5 2 _ 
[00118660] 3 | 4 10 7 0 11 _ 6 9 1 5 2 _ 
[00118661] 3 | 4 10 _ 0 11 8 6 9 1 5 2 _ 
[00118662] 5 | 4 10 _ 0 11 _ _ 9 1 6 2 _ 
[00118663] 4 | 4 10 _ 0 11 7 _ 9 1 6 2 _ 
[00118664] 3 | 4 10 _ 0 11 7 8 9 1 6 2 _ 
[00118665] 3 | 4 10 _ 0 11 7 _ 9 1 6 2 5 
[00118666] 2 | 4 10 8 0 11 7 _ 9 1 6 2 5 
[00118667] 4 | 4 10 _ 0 11 _ 7 9 1 6 2 _ 
[00118668] 3 | 4 10 _ 0 11 8 7 9 1 6 2 _ 
[00118669] 3 | 4 10 _ 0 11 _ 7 9 1 6 2 5 
[00118670] 2 | 4 10 8 0 11 _ 7 9 1 6 2 5 
[00118671] 5 | 4 10 _ 0 11 _ _ 9 1 _ 2 7 
[00118672] 4 | 4 10 6 0 11 _ _ 9 1 _ 2 7 
[00118673] 3 | 4 10 6 0 11 8 _ 9 1 _ 2 7 
[00118674] 2 | 4 10 6 0 11 8 _ 9 1 3 2 7 
[00118675] 3 | 4 10 6 0 11 _ 8 9 1 _ 2 7 
[00118676] 2 | 4 10 6 0 11 _ 8 9 1 3 2 7 
[00118677] 4 | 4 10 _ 0 11 _ _ 9 1 5 2 7 
[00118678] 3 | 4 10 _ 0 11 8 _ 9 1 5 2 7 
[00118679] 3 | 4 10 _ 0 11 _ 8 9 1 5 2 7 
[00118680] 6 | _ 10 4 0 11 _ _ 9 1 _ 2 _ 
[00118681] 5 | 5 10 4 0 11 _ _ 9 1 _ 2 _ 
[00118682] 4 | 5 10 4 0 11 7 _ 9 1 _ 2 _ 
[00118683] 3 | 5 10 4 0 11 7 8 9 1 _ 2 _ 
[00118684] 2 | 5 10 4 0 11 7 8 9 1 3 2 _ 
[00118685] 4 | 5 10 4 0 11 _ 7 9 1 _ 2 _ 
[00118686] 3 | 5 10 4 0 11 8 7 9 1 _ 2 _ 
[00118687] 2 | 5 10 4 0 11 8 7 9 1 3 2 _ 
[00118688] 4 | 5 10 4 0 11 _ _ 9 1 _ 2 6 
[00118689] 3 | 5 10 4 0 11 8 _ 9 1 _ 2 6 
[00118690] 2 | 5 10 4 0 11 8 _ 9 1 3 2 6 
[00118691] 3 | 5 10 4 0 11 _ 8 9 1 _ 2 6 
[00118692] 2 | 5 10 4 0 11 _ 8 9 1 3 2 6 
[00118693] 5 | _ 10 4 0 11 6 _ 9 1 _ 2 _ 
[00118694] 4 | _ 10 4 0 11 6 7 9 1 _ 2 _ 
[00118695] 3 | _ 10 4 0 11 6 7 9 1 _ 2 5 
[00118696] 2 | 8 10 4 0 11 6 7 9 1 _ 2 5 
[00118697] 2 | _ 10 4 0 11 6 7 9 1 3 2 5 
[00118698] 4 | _ 10 4 0 11 6 _ 9 1 5 2 _ 
[00118699] 3 | 7 10 4 0 11 6 _ 9 1 5 2 _ 
[00118700] 3 | _ 10 4 0 11 6 8 9 1 5 2 _ 
[00118701] 5 | _ 10 4 0 11 _ 6 9 1 _ 2 _ 
[00118702] 4 | _ 10 4 0 11 7 6 9 1 _ 2 _ 
[00118703] 3 | _ 10 4 0 11 7 6 9 1 _ 2 5 
[00118704] 2 | 8 10 4 0 11 7 6 9 1 _ 2 5 
[00118705] 2 | _ 10 4 0 11 7 6 9 1 3 2 5 
[00118706] 4 | _ 10 4 0 11 _ 6 9 1 5 2 _ 
[00118707] 3 | 7 10 4 0 11 _ 6 9 1 5 2 _ 
[00118708] 3 | _ 10 4 0 11 8 6 9 1 5 2 _ 
[00118709] 5 | _ 10 4 0 11 _ _ 9 1 6 2 _ 
[00118710] 4 | _ 10 4 0 11 7 _ 9 1 6 2 _ 
[00118711] 3 | _ 10 4 0 11 7 8 9 1 6 2 _ 
[00118712] 3 | _ 10 4 0 11 7 _ 9 1 6 2 5 
[00118713] 2 | 8 10 4 0 11 7 _ 9 1 6 2 5 
[00118714] 4 | _ 10 4 0 11 _ 7 9 1 6 2 _ 
[00118715] 3 | _ 10 4 0 11 8 7 9 1 6 2 _ 
[00118716] 3 | _ 10 4 0 11 _ 7 9 1 6 2 5 
[00118717] 2 | 8 10 4 0 11 _ 7 9 1 6 2 5 
[00118718] 5 | _ 10 4 0 11 _ _ 9 1 _ 2 7 
[00118719] 4 | 6 10 4 0 11 _ _ 9 1 _ 2 7 
[00118720] 3 | 6 10 4 0 11 8 _ 9 1 _ 2 7 
[00118721] 2 | 6 10 4 0 11 8 _ 9 1 3 2 7 
[00118722] 3 | 6 10 4 0 11 _ 8 9 1 _ 2 7 
[00118723] 2 | 6 10 4 0 11 _ 8 9 1 3 2 7 
[00118724] 4 | _ 10 4 0 11 _ _ 9 1 5 2 7 
[00118725] 3 | _ 10 4 0 11 8 _ 9 1 5 2 7 
[00118726] 3 | _ 10 4 0 11 _ 8 9 1 5 2 7 
[00118727] 6 | _ 10 _ 0 11 5 _ 9 1 _ 2 _ 
[00118728] 5 | _ 10 _ 0 11 5 6 9 1 _ 2 _ 
[00118729] 5 | _ 10 _ 0 11 5 _ 9 1 6 2 _ 
[00118730] 4 | _ 10 _ 0 11 5 7 9 1 6 2 _ 
[00118731] 5 | _ 10 _ 0 11 5 _ 9 1 _ 2 7 
[00118732] 4 | 6 10 _ 0 11 5 _ 9 1 _ 2 7 
[00118733] 3 | 6 10 _ 0 11 5 8 9 1 _ 2 7 
[00118734] 2 | 6 10 _ 0 11 5 8 9 1 3 2 7 
[00118735] 3 | 6 10 _ 0 11 5 _ 9 1 4 2 7 
[00118736] 2 | 6 10 8 0 11 5 _ 9 1 4 2 7 
[00118737] 4 | _ 10 6 0 11 5 _ 9 1 _ 2 7 
[00118738] 3 | _ 10 6 0 11 5 8 9 1 _ 2 7 
[00118739] 2 | _ 10 6 0 11 5 8 9 1 3 2 7 
[00118740] 3 | _ 10 6 0 11 5 _ 9 1 4 2 7 
[00118741] 2 | 8 10 6 0 11 5 _ 9 1 4 2 7 
[00118742] 6 | _ 10 _ 0 11 _ 5 9 1 _ 2 _ 
[00118743] 5 | _ 10 _ 0 11 6 5 9 1 _ 2 _ 
[00118744] 5 | _ 10 _ 0 11 _ 5 9 1 6 2 _ 
[00118745] 4 | _ 10 _ 0 11 7 5 9 1 6 2 _ 
[00118746] 5 | _ 10 _ 0 11 _ 5 9 1 _ 2 7 
[00118747] 4 | 6 10 _ 0 11 _ 5 9 1 _ 2 7 
[00118748] 3 | 6 10 _ 0 11 8 5 9 1 _ 2 7 
[00118749] 2 | 6 10 _ 0 11 8 5 9 1 3 2 7 
[00118750] 3 | 6 10 _ 0 11 _ 5 9 1 4 2 7 
[00118751] 2 | 6 10 8 0 11 _ 5 9 1 4 2 7 
[00118752] 4 | _ 10 6 0 11 _ 5 9 1 _ 2 7 
[00118753] 3 | _ 10 6 0 11 8 5 9 1 _ 2 7 
[00118754] 2 | _ 10 6 0 11 8 5 9 1 3 2 7 
[00118755] 3 | _ 10 6 0 11 _ 5 9 1 4 2 7 
[00118756] 2 | 8 10 6 0 11 _ 5 9 1 4 2 7 
[00118757] 6 | _ 10 _ 0 11 _ _ 9 1 7 2 _ 
[00118758] 5 | 5 10 _ 0 11 _ _ 9 1 7 2 _ 
[00118759] 4 | 5 10 6 0 11 _ _ 9 1 7 2 _ 
[00118760] 3 | 5 10 6 0 11 8 _ 9 1 7 2 _ 
[00118761] 2 | 5 10 6 0 11 8 _ 9 1 7 2 4 
[00118762] 3 | 5 10 6 0 11 _ 8 9 1 7 2 _ 
[00118763] 2 | 5 10 6 0 11 _ 8 9 1 7 2 4 
[00118764] 4 | 5 10 _ 0 11 _ _ 9 1 7 2 6 
[00118765] 3 | 5 10 _ 0 11 8 _ 9 1 7 2 6 
[00118766] 3 | 5 10 _ 0 11 _ 8 9 1 7 2 6 
[00118767] 5 | _ 10 5 0 11 _ _ 9 1 7 2 _ 
[00118768] 4 | 6 10 5 0 11 _ _ 9 1 7 2 _ 
[00118769] 3 | 6 10 5 0 11 8 _ 9 1 7 2 _ 
[00118770] 2 | 6 10 5 0 11 8 _ 9 1 7 2 4 
[00118771] 3 | 6 10 5 0 11 _ 8 9 1 7 2 _ 
[00118772] 2 | 6 10 5 0 11 _ 8 9 1 7 2 4 
[00118773] 4 | _ 10 5 0 11 _ _ 9 1 7 2 6 
[00118774] 3 | _ 10 5 0 11 8 _ 9 1 7 2 6 
[00118775] 3 | _ 10 5 0 11 _ 8 9 1 7 2 6 
[00118776] 5 | _ 10 _ 0 11 6 _ 9 1 7 2 _ 
[00118777] 5 | _ 10 _ 0 11 _ 6 9 1 7 2 _ 
[00118778] 6 | _ 10 _ 0 11 _ _ 9 1 _ 2 8 
[00118779] 5 | 5 10 _ 0 11 _ _ 9 1 _ 2 8 
[00118780] 4 | 5 10 6 0 11 _ _ 9 1 _ 2 8 
[00118781] 3 | 5 10 6 0 11 _ _ 9 1 4 2 8 
[00118782] 4 | 5 10 _ 0 11 7 _ 9 1 _ 2 8 
[00118783] 3 | 5 10 _ 0 11 7 _ 9 1 4 2 8 
[00118784] 4 | 5 10 _ 0 11 _ 7 9 1 _ 2 8 
[00118785] 3 | 5 10 _ 0 11 _ 7 9 1 4 2 8 
[00118786] 5 | _ 10 5 0 11 _ _ 9 1 _ 2 8 
[00118787] 4 | 6 10 5 0 11 _ _ 9 1 _ 2 8 
[00118788] 3 | 6 10 5 0 11 _ _ 9 1 4 2 8 
[00118789] 4 | _ 10 5 0 11 7 _ 9 1 _ 2 8 
[00118790] 3 | _ 10 5 0 11 7 _ 9 1 4 2 8 
[00118791] 4 | _ 10 5 0 11 _ 7 9 1 _ 2 8 
[00118792] 3 | _ 10 5 0 11 _ 7 9 1 4 2 8 
[00118793] 5 | _ 10 _ 0 11 6 _ 9 1 _ 2 8 
[00118794] 4 | _ 10 _ 0 11 6 7 9 1 _ 2 8 
[00118795] 3 | _ 10 _ 0 11 6 7 9 1 4 2 8 
[00118796] 4 | _ 10 _ 0 11 6 _ 9 1 5 2 8 
[00118797] 3 | 7 10 _ 0 11 6 _ 9 1 5 2 8 
[00118798] 3 | _ 10 7 0 11 6 _ 9 1 5 2 8 
[00118799] 5 | _ 10 _ 0 11 _ 6 9 1 _ 2 8 
[00118800] 4 | _ 10 _ 0 11 7 6 9 1 _ 2 8 
[00118801] 3 | _ 10 _ 0 11 7 6 9 1 4 2 8 
[00118802] 4 | _ 10 _ 0 11 _ 6 9 1 5 2 8 
[00118803] 3 | 7 10 _ 0 11 _ 6 9 1 5 2 8 
[00118804] 3 | _ 10 7 0 11 _ 6 9 1 5 2 8 
[00118805] 5 | _ 10 _ 0 11 _ _ 9 1 6 2 8 
[00118806] 4 | _ 10 _ 0 11 7 _ 9 1 6 2 8 
[00118807] 4 | _ 10 _ 0 11 _ 7 9 1 6 2 8 
[00118808] 8 | _ 10 _ 0 11 _ _ 9 _ _ 1 _ 
[00118809] 7 | 3 10 _ 0 11 _ _ 9 _ _ 1 _ 
[00118810] 6 | 3 10 4 0 11 _ _ 9 _ _ 1 _ 
[00118811] 5 | 3 10 4 0 11 6 _ 9 _ _ 1 _ 
[00118812] 4 | 3 10 4 0 11 6 7 9 _ _ 1 _ 
[00118813] 3 | 3 10 4 0 11 6 7 9 2 5 1 _ 
[00118814] 3 | 3 10 4 0 11 6 7 9 5 8 1 _ 
[00118815] 3 | 3 10 4 0 11 6 7 9 5 2 1 _ 
[00118816] 3 | 3 10 4 0 11 6 7 9 8 5 1 _ 
[00118817] 4 | 3 10 4 0 11 6 _ 9 5 _ 1 _ 
[00118818] 3 | 3 10 4 0 11 6 8 9 5 _ 1 _ 
[00118819] 2 | 3 10 4 0 11 6 8 9 5 7 1 _ 
[00118820] 1 | 3 10 4 0 11 6 8 9 5 7 1 2  *Graceful*
[00118820] 3 | 3 10 4 0 11 6 _ 9 5 2 1 _ 
[00118821] 3 | 3 10 4 0 11 6 _ 9 5 8 1 _ 
[00118822] 4 | 3 10 4 0 11 6 _ 9 _ _ 1 5 
[00118823] 3 | 3 10 4 0 11 6 8 9 _ _ 1 5 
[00118824] 2 | 3 10 4 0 11 6 8 9 7 _ 1 5 
[00118825] 5 | 3 10 4 0 11 _ 6 9 _ _ 1 _ 
[00118826] 4 | 3 10 4 0 11 7 6 9 _ _ 1 _ 
[00118827] 3 | 3 10 4 0 11 7 6 9 2 5 1 _ 
[00118828] 3 | 3 10 4 0 11 7 6 9 5 8 1 _ 
[00118829] 3 | 3 10 4 0 11 7 6 9 5 2 1 _ 
[00118830] 3 | 3 10 4 0 11 7 6 9 8 5 1 _ 
[00118831] 4 | 3 10 4 0 11 _ 6 9 5 _ 1 _ 
[00118832] 3 | 3 10 4 0 11 8 6 9 5 _ 1 _ 
[00118833] 2 | 3 10 4 0 11 8 6 9 5 7 1 _ 
[00118834] 1 | 3 10 4 0 11 8 6 9 5 7 1 2  *Graceful*
[00118834] 3 | 3 10 4 0 11 _ 6 9 5 2 1 _ 
[00118835] 3 | 3 10 4 0 11 _ 6 9 5 8 1 _ 
[00118836] 4 | 3 10 4 0 11 _ 6 9 _ _ 1 5 
[00118837] 3 | 3 10 4 0 11 8 6 9 _ _ 1 5 
[00118838] 2 | 3 10 4 0 11 8 6 9 7 _ 1 5 
[00118839] 5 | 3 10 4 0 11 _ _ 9 2 7 1 _ 
[00118840] 4 | 3 10 4 0 11 _ _ 9 2 7 1 5 
[00118841] 3 | 3 10 4 0 11 8 _ 9 2 7 1 5 
[00118842] 3 | 3 10 4 0 11 _ 8 9 2 7 1 5 
[00118843] 5 | 3 10 4 0 11 _ _ 9 7 2 1 _ 
[00118844] 4 | 3 10 4 0 11 _ _ 9 7 2 1 5 
[00118845] 3 | 3 10 4 0 11 8 _ 9 7 2 1 5 
[00118846] 3 | 3 10 4 0 11 _ 8 9 7 2 1 5 
[00118847] 5 | 3 10 4 0 11 _ _ 9 _ _ 1 6 
[00118848] 4 | 3 10 4 0 11 7 _ 9 _ _ 1 6 
[00118849] 3 | 3 10 4 0 11 7 8 9 _ _ 1 6 
[00118850] 3 | 3 10 4 0 11 7 _ 9 2 5 1 6 
[00118851] 3 | 3 10 4 0 11 7 _ 9 5 8 1 6 
[00118852] 3 | 3 10 4 0 11 7 _ 9 5 2 1 6 
[00118853] 3 | 3 10 4 0 11 7 _ 9 8 5 1 6 
[00118854] 4 | 3 10 4 0 11 _ 7 9 _ _ 1 6 
[00118855] 3 | 3 10 4 0 11 8 7 9 _ _ 1 6 
[00118856] 3 | 3 10 4 0 11 _ 7 9 2 5 1 6 
[00118857] 3 | 3 10 4 0 11 _ 7 9 5 8 1 6 
[00118858] 3 | 3 10 4 0 11 _ 7 9 5 2 1 6 
[00118859] 3 | 3 10 4 0 11 _ 7 9 8 5 1 6 
[00118860] 4 | 3 10 4 0 11 _ _ 9 5 _ 1 6 
[00118861] 3 | 3 10 4 0 11 8 _ 9 5 _ 1 6 
[00118862] 2 | 3 10 4 0 11 8 _ 9 5 7 1 6 
[00118863] 3 | 3 10 4 0 11 _ 8 9 5 _ 1 6 
[00118864] 2 | 3 10 4 0 11 _ 8 9 5 7 1 6 
[00118865] 3 | 3 10 4 0 11 _ _ 9 5 2 1 6 
[00118866] 3 | 3 10 4 0 11 _ _ 9 5 8 1 6 
[00118867] 6 | 3 10 _ 0 11 5 _ 9 _ _ 1 _ 
[00118868] 5 | 3 10 _ 0 11 5 6 9 _ _ 1 _ 
[00118869] 4 | 3 10 _ 0 11 5 6 9 4 8 1 _ 
[00118870] 3 | 3 10 7 0 11 5 6 9 4 8 1 _ 
[00118871] 4 | 3 10 _ 0 11 5 6 9 8 4 1 _ 
[00118872] 3 | 3 10 7 0 11 5 6 9 8 4 1 _ 
[00118873] 5 | 3 10 _ 0 11 5 _ 9 4 _ 1 _ 
[00118874] 4 | 3 10 6 0 11 5 _ 9 4 _ 1 _ 
[00118875] 3 | 3 10 6 0 11 5 8 9 4 _ 1 _ 
[00118876] 2 | 3 10 6 0 11 5 8 9 4 2 1 _ 
[00118877] 3 | 3 10 6 0 11 5 _ 9 4 1 1 _ 
[00118878] 3 | 3 10 6 0 11 5 _ 9 4 7 1 _ 
[00118879] 3 | 3 10 6 0 11 5 _ 9 4 _ 1 4 
[00118880] 4 | 3 10 _ 0 11 5 7 9 4 _ 1 _ 
[00118881] 3 | 3 10 _ 0 11 5 7 9 4 1 1 _ 
[00118882] 2 | 3 10 8 0 11 5 7 9 4 1 1 _ 
[00118883] 3 | 3 10 _ 0 11 5 7 9 4 _ 1 4 
[00118884] 2 | 3 10 8 0 11 5 7 9 4 _ 1 4 
[00118885] 4 | 3 10 _ 0 11 5 _ 9 4 8 1 _ 
[00118886] 3 | 3 10 7 0 11 5 _ 9 4 8 1 _ 
[00118887] 5 | 3 10 _ 0 11 5 _ 9 2 7 1 _ 
[00118888] 4 | 3 10 6 0 11 5 _ 9 2 7 1 _ 
[00118889] 3 | 3 10 6 0 11 5 8 9 2 7 1 _ 
[00118890] 3 | 3 10 6 0 11 5 _ 9 2 7 1 4 
[00118891] 5 | 3 10 _ 0 11 5 _ 9 7 2 1 _ 
[00118892] 4 | 3 10 6 0 11 5 _ 9 7 2 1 _ 
