[00390224] 5 | _ 3 _ 8 4 10 _ 0 9 2 11 1 
[00390225] 4 | 7 3 _ 8 4 10 _ 0 9 2 11 1 
[00390226] 3 | 7 3 6 8 4 10 _ 0 9 2 11 1 
[00390227] 4 | _ 3 7 8 4 10 _ 0 9 2 11 1 
[00390228] 3 | 6 3 7 8 4 10 _ 0 9 2 11 1 
[00390229] 6 | _ _ _ 8 10 4 _ 0 9 2 11 1 
[00390230] 5 | _ 3 _ 8 10 4 _ 0 9 2 11 1 
[00390231] 4 | 7 3 _ 8 10 4 _ 0 9 2 11 1 
[00390232] 3 | 7 3 6 8 10 4 _ 0 9 2 11 1 
[00390233] 4 | _ 3 7 8 10 4 _ 0 9 2 11 1 
[00390234] 3 | 6 3 7 8 10 4 _ 0 9 2 11 1 
[00390235] 4 | _ 3 _ 8 10 4 6 0 9 2 11 1 
[00390236] 5 | _ _ _ 8 10 4 5 0 9 2 11 1 
[00390237] 4 | 3 7 _ 8 10 4 5 0 9 2 11 1 
[00390238] 4 | 7 3 _ 8 10 4 5 0 9 2 11 1 
[00390239] 4 | _ 3 7 8 10 4 5 0 9 2 11 1 
[00390240] 4 | _ 7 3 8 10 4 5 0 9 2 11 1 
[00390241] 6 | _ _ _ 8 4 _ 10 0 9 2 11 1 
[00390242] 5 | _ 3 _ 8 4 _ 10 0 9 2 11 1 
[00390243] 4 | 7 3 _ 8 4 _ 10 0 9 2 11 1 
[00390244] 3 | 7 3 6 8 4 _ 10 0 9 2 11 1 
[00390245] 4 | _ 3 7 8 4 _ 10 0 9 2 11 1 
[00390246] 3 | 6 3 7 8 4 _ 10 0 9 2 11 1 
[00390247] 6 | _ _ _ 8 10 _ 4 0 9 2 11 1 
[00390248] 5 | _ 3 _ 8 10 _ 4 0 9 2 11 1 
[00390249] 4 | 7 3 _ 8 10 _ 4 0 9 2 11 1 
[00390250] 3 | 7 3 6 8 10 _ 4 0 9 2 11 1 
[00390251] 4 | _ 3 7 8 10 _ 4 0 9 2 11 1 
[00390252] 3 | 6 3 7 8 10 _ 4 0 9 2 11 1 
[00390253] 4 | _ 3 _ 8 10 6 4 0 9 2 11 1 
[00390254] 5 | _ _ _ 8 10 5 4 0 9 2 11 1 
[00390255] 4 | 3 7 _ 8 10 5 4 0 9 2 11 1 
[00390256] 4 | 7 3 _ 8 10 5 4 0 9 2 11 1 
[00390257] 4 | _ 3 7 8 10 5 4 0 9 2 11 1 
[00390258] 4 | _ 7 3 8 10 5 4 0 9 2 11 1 
[00390259] 11 | _ _ _ _ _ _ _ 11 _ _ 0 _ 
[00390260] 10 | _ _ _ 1 _ _ _ 11 _ _ 0 _ 
[00390261] 9 | _ 10 _ 1 _ _ _ 11 _ _ 0 _ 
[00390262] 8 | 2 10 _ 1 _ _ _ 11 _ _ 0 _ 
[00390263] 7 | 2 10 3 1 _ _ _ 11 _ _ 0 _ 
[00390264] 6 | 2 10 3 1 7 _ _ 11 _ _ 0 _ 
[00390265] 5 | 2 10 3 1 7 _ _ 11 6 _ 0 _ 
[00390266] 4 | 2 10 3 1 7 _ _ 11 6 _ 0 4 
[00390267] 3 | 2 10 3 1 7 _ _ 11 6 9 0 4 
[00390268] 2 | 2 10 3 1 7 5 _ 11 6 9 0 4 
[00390269] 1 | 2 10 3 1 7 5 8 11 6 9 0 4  *Graceful*
[00390269] 2 | 2 10 3 1 7 _ 5 11 6 9 0 4 
[00390270] 1 | 2 10 3 1 7 8 5 11 6 9 0 4  *Graceful*
[00390270] 5 | 2 10 3 1 7 _ _ 11 4 9 0 _ 
[00390271] 5 | 2 10 3 1 7 _ _ 11 9 4 0 _ 
[00390272] 5 | 2 10 3 1 7 _ _ 11 _ _ 0 5 
[00390273] 4 | 2 10 3 1 7 11 _ 11 _ _ 0 5 
[00390274] 3 | 2 10 3 1 7 11 4 11 _ _ 0 5 
[00390275] 2 | 2 10 3 1 7 11 4 11 6 8 0 5 
[00390276] 2 | 2 10 3 1 7 11 4 11 8 6 0 5 
[00390277] 3 | 2 10 3 1 7 11 _ 11 6 9 0 5 
[00390278] 3 | 2 10 3 1 7 11 _ 11 9 6 0 5 
[00390279] 4 | 2 10 3 1 7 _ 11 11 _ _ 0 5 
[00390280] 3 | 2 10 3 1 7 4 11 11 _ _ 0 5 
[00390281] 2 | 2 10 3 1 7 4 11 11 6 8 0 5 
[00390282] 2 | 2 10 3 1 7 4 11 11 8 6 0 5 
[00390283] 3 | 2 10 3 1 7 _ 11 11 6 9 0 5 
[00390284] 3 | 2 10 3 1 7 _ 11 11 9 6 0 5 
[00390285] 4 | 2 10 3 1 7 _ _ 11 7 _ 0 5 
[00390286] 3 | 2 10 3 1 7 4 _ 11 7 _ 0 5 
[00390287] 2 | 2 10 3 1 7 4 9 11 7 _ 0 5 
[00390288] 2 | 2 10 3 1 7 4 _ 11 7 9 0 5 
[00390289] 3 | 2 10 3 1 7 _ 4 11 7 _ 0 5 
[00390290] 2 | 2 10 3 1 7 9 4 11 7 _ 0 5 
[00390291] 2 | 2 10 3 1 7 _ 4 11 7 9 0 5 
[00390292] 3 | 2 10 3 1 7 _ _ 11 7 4 0 5 
[00390293] 4 | 2 10 3 1 7 _ _ 11 4 8 0 5 
[00390294] 4 | 2 10 3 1 7 _ _ 11 8 4 0 5 
[00390295] 6 | 2 10 3 1 _ _ _ 11 5 _ 0 _ 
[00390296] 5 | 2 10 3 1 6 _ _ 11 5 _ 0 _ 
[00390297] 4 | 2 10 3 1 6 _ _ 11 5 9 0 _ 
[00390298] 4 | 2 10 3 1 6 _ _ 11 5 _ 0 4 
[00390299] 3 | 2 10 3 1 6 9 _ 11 5 _ 0 4 
[00390300] 2 | 2 10 3 1 6 9 8 11 5 _ 0 4 
[00390301] 2 | 2 10 3 1 6 9 _ 11 5 7 0 4 
[00390302] 3 | 2 10 3 1 6 _ 9 11 5 _ 0 4 
[00390303] 2 | 2 10 3 1 6 8 9 11 5 _ 0 4 
[00390304] 2 | 2 10 3 1 6 _ 9 11 5 7 0 4 
[00390305] 3 | 2 10 3 1 6 _ _ 11 5 8 0 4 
[00390306] 5 | 2 10 3 1 4 9 _ 11 5 _ 0 _ 
[00390307] 4 | 2 10 3 1 4 9 0 11 5 _ 0 _ 
[00390308] 3 | 2 10 3 1 4 9 0 11 5 8 0 _ 
[00390309] 4 | 2 10 3 1 4 9 8 11 5 _ 0 _ 
[00390310] 4 | 2 10 3 1 4 9 _ 11 5 _ 0 4 
[00390311] 3 | 2 10 3 1 4 9 _ 11 5 8 0 4 
[00390312] 5 | 2 10 3 1 9 4 _ 11 5 _ 0 _ 
[00390313] 4 | 2 10 3 1 9 4 5 11 5 _ 0 _ 
[00390314] 4 | 2 10 3 1 9 4 _ 11 5 9 0 _ 
[00390315] 5 | 2 10 3 1 4 _ 9 11 5 _ 0 _ 
[00390316] 4 | 2 10 3 1 4 0 9 11 5 _ 0 _ 
[00390317] 3 | 2 10 3 1 4 0 9 11 5 8 0 _ 
[00390318] 4 | 2 10 3 1 4 8 9 11 5 _ 0 _ 
[00390319] 4 | 2 10 3 1 4 _ 9 11 5 _ 0 4 
[00390320] 3 | 2 10 3 1 4 _ 9 11 5 8 0 4 
[00390321] 5 | 2 10 3 1 9 _ 4 11 5 _ 0 _ 
[00390322] 4 | 2 10 3 1 9 5 4 11 5 _ 0 _ 
[00390323] 4 | 2 10 3 1 9 _ 4 11 5 9 0 _ 
[00390324] 5 | 2 10 3 1 _ _ _ 11 5 0 0 _ 
[00390325] 4 | 2 10 3 1 4 8 _ 11 5 0 0 _ 
[00390326] 3 | 2 10 3 1 4 8 7 11 5 0 0 _ 
[00390327] 4 | 2 10 3 1 8 4 _ 11 5 0 0 _ 
[00390328] 4 | 2 10 3 1 4 _ 8 11 5 0 0 _ 
[00390329] 3 | 2 10 3 1 4 7 8 11 5 0 0 _ 
[00390330] 4 | 2 10 3 1 8 _ 4 11 5 0 0 _ 
[00390331] 5 | 2 10 3 1 _ _ _ 11 5 _ 0 5 
[00390332] 4 | 2 10 3 1 4 8 _ 11 5 _ 0 5 
[00390333] 3 | 2 10 3 1 4 8 7 11 5 _ 0 5 
[00390334] 4 | 2 10 3 1 8 4 _ 11 5 _ 0 5 
[00390335] 4 | 2 10 3 1 4 _ 8 11 5 _ 0 5 
[00390336] 3 | 2 10 3 1 4 7 8 11 5 _ 0 5 
[00390337] 4 | 2 10 3 1 8 _ 4 11 5 _ 0 5 
[00390338] 6 | 2 10 3 1 _ _ _ 11 _ _ 0 6 
[00390339] 5 | 2 10 3 1 4 9 _ 11 _ _ 0 6 
[00390340] 4 | 2 10 3 1 4 9 8 11 _ _ 0 6 
[00390341] 4 | 2 10 3 1 4 9 _ 11 7 _ 0 6 
[00390342] 3 | 2 10 3 1 4 9 7 11 7 _ 0 6 
[00390343] 3 | 2 10 3 1 4 9 _ 11 7 4 0 6 
[00390344] 5 | 2 10 3 1 9 4 _ 11 _ _ 0 6 
[00390345] 4 | 2 10 3 1 9 4 5 11 _ _ 0 6 
[00390346] 3 | 2 10 3 1 9 4 5 11 8 _ 0 6 
[00390347] 4 | 2 10 3 1 9 4 _ 11 7 _ 0 6 
[00390348] 5 | 2 10 3 1 4 _ 9 11 _ _ 0 6 
[00390349] 4 | 2 10 3 1 4 8 9 11 _ _ 0 6 
[00390350] 4 | 2 10 3 1 4 _ 9 11 7 _ 0 6 
[00390351] 3 | 2 10 3 1 4 7 9 11 7 _ 0 6 
[00390352] 3 | 2 10 3 1 4 _ 9 11 7 4 0 6 
[00390353] 5 | 2 10 3 1 9 _ 4 11 _ _ 0 6 
[00390354] 4 | 2 10 3 1 9 5 4 11 _ _ 0 6 
[00390355] 3 | 2 10 3 1 9 5 4 11 8 _ 0 6 
[00390356] 4 | 2 10 3 1 9 _ 4 11 7 _ 0 6 
[00390357] 5 | 2 10 3 1 _ _ _ 11 4 9 0 6 
[00390358] 4 | 2 10 3 1 5 _ _ 11 4 9 0 6 
[00390359] 3 | 2 10 3 1 5 8 _ 11 4 9 0 6 
[00390360] 2 | 2 10 3 1 5 8 7 11 4 9 0 6 
[00390361] 3 | 2 10 3 1 5 _ 8 11 4 9 0 6 
[00390362] 2 | 2 10 3 1 5 7 8 11 4 9 0 6 
[00390363] 5 | 2 10 3 1 _ _ _ 11 9 4 0 6 
[00390364] 4 | 2 10 3 1 5 _ _ 11 9 4 0 6 
[00390365] 3 | 2 10 3 1 5 8 _ 11 9 4 0 6 
[00390366] 2 | 2 10 3 1 5 8 7 11 9 4 0 6 
[00390367] 3 | 2 10 3 1 5 _ 8 11 9 4 0 6 
[00390368] 2 | 2 10 3 1 5 7 8 11 9 4 0 6 
[00390369] 7 | 2 10 _ 1 8 _ _ 11 _ _ 0 _ 
[00390370] 6 | 2 10 4 1 8 _ _ 11 _ _ 0 _ 
[00390371] 5 | 2 10 4 1 8 3 _ 11 _ _ 0 _ 
[00390372] 4 | 2 10 4 1 8 3 _ 11 7 _ 0 _ 
[00390373] 3 | 2 10 4 1 8 3 5 11 7 _ 0 _ 
[00390374] 2 | 2 10 4 1 8 3 5 11 7 9 0 _ 
[00390375] 4 | 2 10 4 1 8 3 _ 11 5 9 0 _ 
[00390376] 4 | 2 10 4 1 8 3 _ 11 9 5 0 _ 
[00390377] 5 | 2 10 4 1 8 _ 3 11 _ _ 0 _ 
[00390378] 4 | 2 10 4 1 8 _ 3 11 7 _ 0 _ 
[00390379] 3 | 2 10 4 1 8 5 3 11 7 _ 0 _ 
[00390380] 2 | 2 10 4 1 8 5 3 11 7 9 0 _ 
[00390381] 4 | 2 10 4 1 8 _ 3 11 5 9 0 _ 
[00390382] 4 | 2 10 4 1 8 _ 3 11 9 5 0 _ 
[00390383] 5 | 2 10 4 1 8 _ _ 11 6 _ 0 _ 
[00390384] 5 | 2 10 4 1 8 _ _ 11 _ _ 0 5 
[00390385] 4 | 2 10 4 1 8 _ _ 11 7 _ 0 5 
[00390386] 4 | 2 10 4 1 8 _ _ 11 3 7 0 5 
[00390387] 4 | 2 10 4 1 8 _ _ 11 7 3 0 5 
[00390388] 6 | 2 10 _ 1 8 _ _ 11 5 _ 0 _ 
[00390389] 5 | 2 10 5 1 8 _ _ 11 5 _ 0 _ 
[00390390] 4 | 2 10 5 1 8 4 _ 11 5 _ 0 _ 
[00390391] 3 | 2 10 5 1 8 4 _ 11 5 _ 0 3 
[00390392] 2 | 2 10 5 1 8 4 6 11 5 _ 0 3 
[00390393] 4 | 2 10 5 1 8 _ 4 11 5 _ 0 _ 
[00390394] 3 | 2 10 5 1 8 _ 4 11 5 _ 0 3 
[00390395] 2 | 2 10 5 1 8 6 4 11 5 _ 0 3 
[00390396] 4 | 2 10 5 1 8 _ _ 11 5 _ 0 4 
[00390397] 5 | 2 10 _ 1 8 3 _ 11 5 _ 0 _ 
[00390398] 4 | 2 10 6 1 8 3 _ 11 5 _ 0 _ 
[00390399] 3 | 2 10 6 1 8 3 5 11 5 _ 0 _ 
[00390400] 3 | 2 10 6 1 8 3 _ 11 5 8 0 _ 
[00390401] 4 | 2 10 _ 1 8 3 4 11 5 _ 0 _ 
[00390402] 3 | 2 10 7 1 8 3 4 11 5 _ 0 _ 
[00390403] 4 | 2 10 _ 1 8 3 _ 11 5 9 0 _ 
[00390404] 3 | 2 10 7 1 8 3 _ 11 5 9 0 _ 
[00390405] 2 | 2 10 7 1 8 3 6 11 5 9 0 _ 
[00390406] 4 | 2 10 _ 1 8 3 _ 11 5 _ 0 4 
[00390407] 3 | 2 10 7 1 8 3 _ 11 5 _ 0 4 
[00390408] 2 | 2 10 7 1 8 3 6 11 5 _ 0 4 
[00390409] 3 | 2 10 _ 1 8 3 5 11 5 _ 0 4 
[00390410] 3 | 2 10 _ 1 8 3 _ 11 5 8 0 4 
[00390411] 5 | 2 10 _ 1 8 _ 3 11 5 _ 0 _ 
[00390412] 4 | 2 10 6 1 8 _ 3 11 5 _ 0 _ 
[00390413] 3 | 2 10 6 1 8 5 3 11 5 _ 0 _ 
[00390414] 3 | 2 10 6 1 8 _ 3 11 5 8 0 _ 
[00390415] 4 | 2 10 _ 1 8 4 3 11 5 _ 0 _ 
[00390416] 3 | 2 10 7 1 8 4 3 11 5 _ 0 _ 
[00390417] 4 | 2 10 _ 1 8 _ 3 11 5 9 0 _ 
[00390418] 3 | 2 10 7 1 8 _ 3 11 5 9 0 _ 
[00390419] 2 | 2 10 7 1 8 6 3 11 5 9 0 _ 
[00390420] 4 | 2 10 _ 1 8 _ 3 11 5 _ 0 4 
[00390421] 3 | 2 10 7 1 8 _ 3 11 5 _ 0 4 
[00390422] 2 | 2 10 7 1 8 6 3 11 5 _ 0 4 
[00390423] 3 | 2 10 _ 1 8 5 3 11 5 _ 0 4 
[00390424] 3 | 2 10 _ 1 8 _ 3 11 5 8 0 4 
[00390425] 5 | 2 10 _ 1 8 _ _ 11 5 0 0 _ 
[00390426] 4 | 2 10 6 1 8 _ _ 11 5 0 0 _ 
[00390427] 4 | 2 10 _ 1 8 4 _ 11 5 0 0 _ 
[00390428] 3 | 2 10 7 1 8 4 _ 11 5 0 0 _ 
[00390429] 2 | 2 10 7 1 8 4 6 11 5 0 0 _ 
[00390430] 4 | 2 10 _ 1 8 _ 4 11 5 0 0 _ 
[00390431] 3 | 2 10 7 1 8 _ 4 11 5 0 0 _ 
[00390432] 2 | 2 10 7 1 8 6 4 11 5 0 0 _ 
[00390433] 5 | 2 10 _ 1 8 _ _ 11 5 10 0 _ 
[00390434] 4 | 2 10 _ 1 8 4 _ 11 5 10 0 _ 
[00390435] 3 | 2 10 _ 1 8 4 _ 11 5 10 0 3 
[00390436] 2 | 2 10 _ 1 8 4 6 11 5 10 0 3 
[00390437] 4 | 2 10 _ 1 8 _ 4 11 5 10 0 _ 
[00390438] 3 | 2 10 _ 1 8 _ 4 11 5 10 0 3 
[00390439] 2 | 2 10 _ 1 8 6 4 11 5 10 0 3 
[00390440] 4 | 2 10 _ 1 8 _ _ 11 5 10 0 4 
[00390441] 5 | 2 10 _ 1 8 _ _ 11 5 _ 0 5 
[00390442] 4 | 2 10 6 1 8 _ _ 11 5 _ 0 5 
[00390443] 4 | 2 10 _ 1 8 4 _ 11 5 _ 0 5 
[00390444] 3 | 2 10 7 1 8 4 _ 11 5 _ 0 5 
[00390445] 2 | 2 10 7 1 8 4 6 11 5 _ 0 5 
[00390446] 4 | 2 10 _ 1 8 _ 4 11 5 _ 0 5 
[00390447] 3 | 2 10 7 1 8 _ 4 11 5 _ 0 5 
[00390448] 2 | 2 10 7 1 8 6 4 11 5 _ 0 5 
[00390449] 6 | 2 10 _ 1 8 _ _ 11 3 9 0 _ 
[00390450] 5 | 2 10 5 1 8 _ _ 11 3 9 0 _ 
[00390451] 4 | 2 10 5 1 8 4 _ 11 3 9 0 _ 
[00390452] 4 | 2 10 5 1 8 _ 4 11 3 9 0 _ 
[00390453] 4 | 2 10 5 1 8 _ _ 11 3 9 0 4 
[00390454] 5 | 2 10 _ 1 8 _ _ 11 3 9 0 5 
[00390455] 4 | 2 10 6 1 8 _ _ 11 3 9 0 5 
[00390456] 4 | 2 10 _ 1 8 4 _ 11 3 9 0 5 
[00390457] 3 | 2 10 7 1 8 4 _ 11 3 9 0 5 
[00390458] 2 | 2 10 7 1 8 4 6 11 3 9 0 5 
[00390459] 4 | 2 10 _ 1 8 _ 4 11 3 9 0 5 
[00390460] 3 | 2 10 7 1 8 _ 4 11 3 9 0 5 
[00390461] 2 | 2 10 7 1 8 6 4 11 3 9 0 5 
[00390462] 6 | 2 10 _ 1 8 _ _ 11 9 3 0 _ 
[00390463] 5 | 2 10 5 1 8 _ _ 11 9 3 0 _ 
[00390464] 4 | 2 10 5 1 8 4 _ 11 9 3 0 _ 
[00390465] 4 | 2 10 5 1 8 _ 4 11 9 3 0 _ 
[00390466] 4 | 2 10 5 1 8 _ _ 11 9 3 0 4 
[00390467] 5 | 2 10 _ 1 8 _ _ 11 9 3 0 5 
[00390468] 4 | 2 10 6 1 8 _ _ 11 9 3 0 5 
[00390469] 4 | 2 10 _ 1 8 4 _ 11 9 3 0 5 
[00390470] 3 | 2 10 7 1 8 4 _ 11 9 3 0 5 
[00390471] 2 | 2 10 7 1 8 4 6 11 9 3 0 5 
[00390472] 4 | 2 10 _ 1 8 _ 4 11 9 3 0 5 
[00390473] 3 | 2 10 7 1 8 _ 4 11 9 3 0 5 
[00390474] 2 | 2 10 7 1 8 6 4 11 9 3 0 5 
[00390475] 6 | 2 10 _ 1 8 _ _ 11 _ _ 0 6 
[00390476] 5 | 2 10 5 1 8 _ _ 11 _ _ 0 6 
[00390477] 4 | 2 10 5 1 8 4 _ 11 _ _ 0 6 
[00390478] 3 | 2 10 5 1 8 4 11 11 _ _ 0 6 
[00390479] 2 | 2 10 5 1 8 4 11 11 7 9 0 6 
[00390480] 2 | 2 10 5 1 8 4 11 11 9 7 0 6 
[00390481] 3 | 2 10 5 1 8 4 _ 11 8 _ 0 6 
[00390482] 4 | 2 10 5 1 8 _ 4 11 _ _ 0 6 
[00390483] 3 | 2 10 5 1 8 11 4 11 _ _ 0 6 
[00390484] 2 | 2 10 5 1 8 11 4 11 7 9 0 6 
[00390485] 2 | 2 10 5 1 8 11 4 11 9 7 0 6 
[00390486] 3 | 2 10 5 1 8 _ 4 11 8 _ 0 6 
[00390487] 4 | 2 10 5 1 8 _ _ 11 7 _ 0 6 
[00390488] 3 | 2 10 5 1 8 _ _ 11 7 4 0 6 
[00390489] 4 | 2 10 5 1 8 _ _ 11 3 7 0 6 
[00390490] 4 | 2 10 5 1 8 _ _ 11 7 3 0 6 
[00390491] 5 | 2 10 _ 1 8 3 _ 11 _ _ 0 6 
[00390492] 4 | 2 10 _ 1 8 3 4 11 _ _ 0 6 
[00390493] 3 | 2 10 7 1 8 3 4 11 _ _ 0 6 
[00390494] 2 | 2 10 7 1 8 3 4 11 9 _ 0 6 
[00390495] 4 | 2 10 _ 1 8 3 _ 11 7 _ 0 6 
[00390496] 3 | 2 10 7 1 8 3 _ 11 7 _ 0 6 
[00390497] 3 | 2 10 _ 1 8 3 5 11 7 _ 0 6 
[00390498] 2 | 2 10 _ 1 8 3 5 11 7 9 0 6 
[00390499] 3 | 2 10 _ 1 8 3 _ 11 7 4 0 6 
[00390500] 2 | 2 10 8 1 8 3 _ 11 7 4 0 6 
[00390501] 2 | 2 10 _ 1 8 3 10 11 7 4 0 6 
[00390502] 3 | 2 10 _ 1 8 3 _ 11 7 10 0 6 
[00390503] 4 | 2 10 _ 1 8 3 _ 11 5 9 0 6 
[00390504] 3 | 2 10 7 1 8 3 _ 11 5 9 0 6 
[00390505] 4 | 2 10 _ 1 8 3 _ 11 9 5 0 6 
[00390506] 3 | 2 10 7 1 8 3 _ 11 9 5 0 6 
[00390507] 5 | 2 10 _ 1 8 _ 3 11 _ _ 0 6 
[00390508] 4 | 2 10 _ 1 8 4 3 11 _ _ 0 6 
[00390509] 3 | 2 10 7 1 8 4 3 11 _ _ 0 6 
[00390510] 2 | 2 10 7 1 8 4 3 11 9 _ 0 6 
[00390511] 4 | 2 10 _ 1 8 _ 3 11 7 _ 0 6 
[00390512] 3 | 2 10 7 1 8 _ 3 11 7 _ 0 6 
[00390513] 3 | 2 10 _ 1 8 5 3 11 7 _ 0 6 
[00390514] 2 | 2 10 _ 1 8 5 3 11 7 9 0 6 
[00390515] 3 | 2 10 _ 1 8 _ 3 11 7 4 0 6 
[00390516] 2 | 2 10 8 1 8 _ 3 11 7 4 0 6 
[00390517] 2 | 2 10 _ 1 8 10 3 11 7 4 0 6 
[00390518] 3 | 2 10 _ 1 8 _ 3 11 7 10 0 6 
[00390519] 4 | 2 10 _ 1 8 _ 3 11 5 9 0 6 
[00390520] 3 | 2 10 7 1 8 _ 3 11 5 9 0 6 
[00390521] 4 | 2 10 _ 1 8 _ 3 11 9 5 0 6 
[00390522] 3 | 2 10 7 1 8 _ 3 11 9 5 0 6 
[00390523] 5 | 2 10 _ 1 8 _ _ 11 4 9 0 6 
[00390524] 5 | 2 10 _ 1 8 _ _ 11 9 4 0 6 
[00390525] 7 | 2 10 _ 1 _ _ _ 11 4 _ 0 _ 
[00390526] 6 | 2 10 4 1 _ _ _ 11 4 _ 0 _ 
[00390527] 5 | 2 10 4 1 6 _ _ 11 4 _ 0 _ 
[00390528] 5 | 2 10 4 1 3 8 _ 11 4 _ 0 _ 
[00390529] 4 | 2 10 4 1 3 8 7 11 4 _ 0 _ 
[00390530] 5 | 2 10 4 1 8 3 _ 11 4 _ 0 _ 
[00390531] 5 | 2 10 4 1 3 _ 8 11 4 _ 0 _ 
[00390532] 4 | 2 10 4 1 3 7 8 11 4 _ 0 _ 
[00390533] 5 | 2 10 4 1 8 _ 3 11 4 _ 0 _ 
[00390534] 5 | 2 10 4 1 _ _ _ 11 4 _ 0 5 
[00390535] 4 | 2 10 4 1 3 7 _ 11 4 _ 0 5 
[00390536] 3 | 2 10 4 1 3 7 6 11 4 _ 0 5 
[00390537] 4 | 2 10 4 1 7 3 _ 11 4 _ 0 5 
[00390538] 4 | 2 10 4 1 3 _ 7 11 4 _ 0 5 
[00390539] 3 | 2 10 4 1 3 6 7 11 4 _ 0 5 
[00390540] 4 | 2 10 4 1 7 _ 3 11 4 _ 0 5 
[00390541] 6 | 2 10 _ 1 7 _ _ 11 4 _ 0 _ 
[00390542] 5 | 2 10 5 1 7 _ _ 11 4 _ 0 _ 
[00390543] 4 | 2 10 5 1 7 3 _ 11 4 _ 0 _ 
[00390544] 3 | 2 10 5 1 7 3 4 11 4 _ 0 _ 
[00390545] 3 | 2 10 5 1 7 3 _ 11 4 7 0 _ 
[00390546] 4 | 2 10 5 1 7 _ 3 11 4 _ 0 _ 
[00390547] 3 | 2 10 5 1 7 4 3 11 4 _ 0 _ 
[00390548] 3 | 2 10 5 1 7 _ 3 11 4 7 0 _ 
[00390549] 4 | 2 10 5 1 7 _ _ 11 4 0 0 _ 
[00390550] 4 | 2 10 5 1 7 _ _ 11 4 8 0 _ 
[00390551] 3 | 2 10 5 1 7 _ _ 11 4 8 0 3 
[00390552] 2 | 2 10 5 1 7 9 _ 11 4 8 0 3 
[00390553] 1 | 2 10 5 1 7 9 6 11 4 8 0 3  *Graceful*
[00390553] 2 | 2 10 5 1 7 _ 9 11 4 8 0 3 
[00390554] 1 | 2 10 5 1 7 6 9 11 4 8 0 3  *Graceful*
[00390554] 4 | 2 10 5 1 7 _ _ 11 4 _ 0 4 
[00390555] 5 | 2 10 _ 1 7 _ _ 11 4 9 0 _ 
[00390556] 4 | 2 10 6 1 7 _ _ 11 4 9 0 _ 
[00390557] 3 | 2 10 6 1 7 _ _ 11 4 9 0 3 
[00390558] 2 | 2 10 6 1 7 5 _ 11 4 9 0 3 
[00390559] 1 | 2 10 6 1 7 5 8 11 4 9 0 3  *Graceful*
[00390559] 2 | 2 10 6 1 7 _ 5 11 4 9 0 3 
[00390560] 1 | 2 10 6 1 7 8 5 11 4 9 0 3  *Graceful*
[00390560] 4 | 2 10 _ 1 7 3 _ 11 4 9 0 _ 
[00390561] 3 | 2 10 7 1 7 3 _ 11 4 9 0 _ 
[00390562] 3 | 2 10 _ 1 7 3 10 11 4 9 0 _ 
[00390563] 4 | 2 10 _ 1 7 _ 3 11 4 9 0 _ 
[00390564] 3 | 2 10 7 1 7 _ 3 11 4 9 0 _ 
[00390565] 3 | 2 10 _ 1 7 10 3 11 4 9 0 _ 
[00390566] 5 | 2 10 _ 1 7 _ _ 11 4 _ 0 5 
[00390567] 4 | 2 10 6 1 7 _ _ 11 4 _ 0 5 
[00390568] 3 | 2 10 6 1 7 4 _ 11 4 _ 0 5 
[00390569] 2 | 2 10 6 1 7 4 9 11 4 _ 0 5 
[00390570] 3 | 2 10 6 1 7 _ 4 11 4 _ 0 5 
[00390571] 2 | 2 10 6 1 7 9 4 11 4 _ 0 5 
[00390572] 3 | 2 10 6 1 7 _ _ 11 4 7 0 5 
[00390573] 4 | 2 10 _ 1 7 3 _ 11 4 _ 0 5 
[00390574] 3 | 2 10 7 1 7 3 _ 11 4 _ 0 5 
[00390575] 2 | 2 10 7 1 7 3 _ 11 4 6 0 5 
[00390576] 3 | 2 10 _ 1 7 3 4 11 4 _ 0 5 
[00390577] 2 | 2 10 8 1 7 3 4 11 4 _ 0 5 
[00390578] 3 | 2 10 _ 1 7 3 10 11 4 _ 0 5 
[00390579] 2 | 2 10 _ 1 7 3 10 11 4 6 0 5 
[00390580] 3 | 2 10 _ 1 7 3 _ 11 4 7 0 5 
[00390581] 2 | 2 10 8 1 7 3 _ 11 4 7 0 5 
[00390582] 4 | 2 10 _ 1 7 _ 3 11 4 _ 0 5 
[00390583] 3 | 2 10 7 1 7 _ 3 11 4 _ 0 5 
[00390584] 2 | 2 10 7 1 7 _ 3 11 4 6 0 5 
[00390585] 3 | 2 10 _ 1 7 4 3 11 4 _ 0 5 
[00390586] 2 | 2 10 8 1 7 4 3 11 4 _ 0 5 
[00390587] 3 | 2 10 _ 1 7 10 3 11 4 _ 0 5 
[00390588] 2 | 2 10 _ 1 7 10 3 11 4 6 0 5 
[00390589] 3 | 2 10 _ 1 7 _ 3 11 4 7 0 5 
[00390590] 2 | 2 10 8 1 7 _ 3 11 4 7 0 5 
[00390591] 4 | 2 10 _ 1 7 _ _ 11 4 8 0 5 
[00390592] 3 | 2 10 7 1 7 _ _ 11 4 8 0 5 
[00390593] 3 | 2 10 _ 1 7 10 _ 11 4 8 0 5 
[00390594] 2 | 2 10 _ 1 7 10 9 11 4 8 0 5 
[00390595] 3 | 2 10 _ 1 7 _ 10 11 4 8 0 5 
[00390596] 2 | 2 10 _ 1 7 9 10 11 4 8 0 5 
[00390597] 6 | 2 10 _ 1 3 9 _ 11 4 _ 0 _ 
[00390598] 5 | 2 10 5 1 3 9 _ 11 4 _ 0 _ 
[00390599] 4 | 2 10 5 1 3 9 7 11 4 _ 0 _ 
[00390600] 4 | 2 10 5 1 3 9 _ 11 4 0 0 _ 
[00390601] 3 | 2 10 5 1 3 9 6 11 4 0 0 _ 
[00390602] 4 | 2 10 5 1 3 9 _ 11 4 8 0 _ 
[00390603] 3 | 2 10 5 1 3 9 0 11 4 8 0 _ 
[00390604] 3 | 2 10 5 1 3 9 6 11 4 8 0 _ 
[00390605] 3 | 2 10 5 1 3 9 _ 11 4 8 0 3 
[00390606] 4 | 2 10 5 1 3 9 _ 11 4 _ 0 4 
[00390607] 3 | 2 10 5 1 3 9 6 11 4 _ 0 4 
[00390608] 5 | 2 10 _ 1 3 9 8 11 4 _ 0 _ 
[00390609] 4 | 2 10 6 1 3 9 8 11 4 _ 0 _ 
[00390610] 3 | 2 10 6 1 3 9 8 11 4 7 0 _ 
[00390611] 4 | 2 10 _ 1 3 9 8 11 4 0 0 _ 
[00390612] 3 | 2 10 7 1 3 9 8 11 4 0 0 _ 
[00390613] 4 | 2 10 _ 1 3 9 8 11 4 _ 0 4 
[00390614] 3 | 2 10 7 1 3 9 8 11 4 _ 0 4 
[00390615] 5 | 2 10 _ 1 3 9 _ 11 4 _ 0 5 
[00390616] 4 | 2 10 6 1 3 9 _ 11 4 _ 0 5 
[00390617] 3 | 2 10 6 1 3 9 _ 11 4 7 0 5 
[00390618] 4 | 2 10 _ 1 3 9 7 11 4 _ 0 5 
[00390619] 4 | 2 10 _ 1 3 9 _ 11 4 8 0 5 
[00390620] 3 | 2 10 7 1 3 9 _ 11 4 8 0 5 
[00390621] 3 | 2 10 _ 1 3 9 6 11 4 8 0 5 
[00390622] 6 | 2 10 _ 1 9 3 _ 11 4 _ 0 _ 
[00390623] 5 | 2 10 5 1 9 3 _ 11 4 _ 0 _ 
[00390624] 4 | 2 10 5 1 9 3 _ 11 4 0 0 _ 
[00390625] 3 | 2 10 5 1 9 3 6 11 4 0 0 _ 
[00390626] 4 | 2 10 5 1 9 3 _ 11 4 8 0 _ 
[00390627] 3 | 2 10 5 1 9 3 6 11 4 8 0 _ 
[00390628] 4 | 2 10 5 1 9 3 _ 11 4 _ 0 4 
[00390629] 3 | 2 10 5 1 9 3 6 11 4 _ 0 4 
[00390630] 5 | 2 10 _ 1 9 3 4 11 4 _ 0 _ 
[00390631] 4 | 2 10 6 1 9 3 4 11 4 _ 0 _ 
[00390632] 5 | 2 10 _ 1 9 3 _ 11 4 9 0 _ 
[00390633] 4 | 2 10 6 1 9 3 _ 11 4 9 0 _ 
[00390634] 5 | 2 10 _ 1 9 3 _ 11 4 _ 0 5 
[00390635] 4 | 2 10 6 1 9 3 _ 11 4 _ 0 5 
[00390636] 3 | 2 10 6 1 9 3 _ 11 4 7 0 5 
[00390637] 4 | 2 10 _ 1 9 3 _ 11 4 8 0 5 
[00390638] 3 | 2 10 7 1 9 3 _ 11 4 8 0 5 
[00390639] 3 | 2 10 _ 1 9 3 6 11 4 8 0 5 
[00390640] 6 | 2 10 _ 1 3 _ 9 11 4 _ 0 _ 
[00390641] 5 | 2 10 5 1 3 _ 9 11 4 _ 0 _ 
[00390642] 4 | 2 10 5 1 3 7 9 11 4 _ 0 _ 
[00390643] 4 | 2 10 5 1 3 _ 9 11 4 0 0 _ 
[00390644] 3 | 2 10 5 1 3 6 9 11 4 0 0 _ 
[00390645] 4 | 2 10 5 1 3 _ 9 11 4 8 0 _ 
[00390646] 3 | 2 10 5 1 3 0 9 11 4 8 0 _ 
[00390647] 3 | 2 10 5 1 3 6 9 11 4 8 0 _ 
[00390648] 3 | 2 10 5 1 3 _ 9 11 4 8 0 3 
[00390649] 4 | 2 10 5 1 3 _ 9 11 4 _ 0 4 
[00390650] 3 | 2 10 5 1 3 6 9 11 4 _ 0 4 
[00390651] 5 | 2 10 _ 1 3 8 9 11 4 _ 0 _ 
[00390652] 4 | 2 10 6 1 3 8 9 11 4 _ 0 _ 
[00390653] 3 | 2 10 6 1 3 8 9 11 4 7 0 _ 
[00390654] 4 | 2 10 _ 1 3 8 9 11 4 0 0 _ 
[00390655] 3 | 2 10 7 1 3 8 9 11 4 0 0 _ 
[00390656] 4 | 2 10 _ 1 3 8 9 11 4 _ 0 4 
[00390657] 3 | 2 10 7 1 3 8 9 11 4 _ 0 4 
[00390658] 5 | 2 10 _ 1 3 _ 9 11 4 _ 0 5 
[00390659] 4 | 2 10 6 1 3 _ 9 11 4 _ 0 5 
[00390660] 3 | 2 10 6 1 3 _ 9 11 4 7 0 5 
[00390661] 4 | 2 10 _ 1 3 7 9 11 4 _ 0 5 
[00390662] 4 | 2 10 _ 1 3 _ 9 11 4 8 0 5 
[00390663] 3 | 2 10 7 1 3 _ 9 11 4 8 0 5 
[00390664] 3 | 2 10 _ 1 3 6 9 11 4 8 0 5 
[00390665] 6 | 2 10 _ 1 9 _ 3 11 4 _ 0 _ 
[00390666] 5 | 2 10 5 1 9 _ 3 11 4 _ 0 _ 
[00390667] 4 | 2 10 5 1 9 _ 3 11 4 0 0 _ 
[00390668] 3 | 2 10 5 1 9 6 3 11 4 0 0 _ 
[00390669] 4 | 2 10 5 1 9 _ 3 11 4 8 0 _ 
[00390670] 3 | 2 10 5 1 9 6 3 11 4 8 0 _ 
[00390671] 4 | 2 10 5 1 9 _ 3 11 4 _ 0 4 
[00390672] 3 | 2 10 5 1 9 6 3 11 4 _ 0 4 
[00390673] 5 | 2 10 _ 1 9 4 3 11 4 _ 0 _ 
[00390674] 4 | 2 10 6 1 9 4 3 11 4 _ 0 _ 
[00390675] 5 | 2 10 _ 1 9 _ 3 11 4 9 0 _ 
[00390676] 4 | 2 10 6 1 9 _ 3 11 4 9 0 _ 
[00390677] 5 | 2 10 _ 1 9 _ 3 11 4 _ 0 5 
[00390678] 4 | 2 10 6 1 9 _ 3 11 4 _ 0 5 
[00390679] 3 | 2 10 6 1 9 _ 3 11 4 7 0 5 
[00390680] 4 | 2 10 _ 1 9 _ 3 11 4 8 0 5 
[00390681] 3 | 2 10 7 1 9 _ 3 11 4 8 0 5 
[00390682] 3 | 2 10 _ 1 9 6 3 11 4 8 0 5 
[00390683] 6 | 2 10 _ 1 _ _ _ 11 4 10 0 _ 
[00390684] 5 | 2 10 _ 1 6 _ _ 11 4 10 0 _ 
[00390685] 5 | 2 10 _ 1 3 8 _ 11 4 10 0 _ 
[00390686] 4 | 2 10 _ 1 3 8 7 11 4 10 0 _ 
[00390687] 5 | 2 10 _ 1 8 3 _ 11 4 10 0 _ 
[00390688] 5 | 2 10 _ 1 3 _ 8 11 4 10 0 _ 
[00390689] 4 | 2 10 _ 1 3 7 8 11 4 10 0 _ 
[00390690] 5 | 2 10 _ 1 8 _ 3 11 4 10 0 _ 
[00390691] 5 | 2 10 _ 1 _ _ _ 11 4 10 0 5 
[00390692] 4 | 2 10 _ 1 3 7 _ 11 4 10 0 5 
[00390693] 3 | 2 10 _ 1 3 7 6 11 4 10 0 5 
[00390694] 4 | 2 10 _ 1 7 3 _ 11 4 10 0 5 
[00390695] 4 | 2 10 _ 1 3 _ 7 11 4 10 0 5 
[00390696] 3 | 2 10 _ 1 3 6 7 11 4 10 0 5 
[00390697] 4 | 2 10 _ 1 7 _ 3 11 4 10 0 5 
[00390698] 6 | 2 10 _ 1 _ _ _ 11 4 _ 0 6 
[00390699] 5 | 2 10 5 1 _ _ _ 11 4 _ 0 6 
[00390700] 4 | 2 10 5 1 3 7 _ 11 4 _ 0 6 
[00390701] 4 | 2 10 5 1 7 3 _ 11 4 _ 0 6 
[00390702] 3 | 2 10 5 1 7 3 4 11 4 _ 0 6 
[00390703] 3 | 2 10 5 1 7 3 _ 11 4 7 0 6 
[00390704] 4 | 2 10 5 1 3 _ 7 11 4 _ 0 6 
[00390705] 4 | 2 10 5 1 7 _ 3 11 4 _ 0 6 
[00390706] 3 | 2 10 5 1 7 4 3 11 4 _ 0 6 
[00390707] 3 | 2 10 5 1 7 _ 3 11 4 7 0 6 
[00390708] 4 | 2 10 5 1 _ _ _ 11 4 8 0 6 
[00390709] 5 | 2 10 _ 1 3 8 _ 11 4 _ 0 6 
[00390710] 4 | 2 10 _ 1 3 8 7 11 4 _ 0 6 
[00390711] 5 | 2 10 _ 1 8 3 _ 11 4 _ 0 6 
[00390712] 4 | 2 10 _ 1 8 3 4 11 4 _ 0 6 
[00390713] 3 | 2 10 7 1 8 3 4 11 4 _ 0 6 
[00390714] 4 | 2 10 _ 1 8 3 _ 11 4 8 0 6 
[00390715] 3 | 2 10 7 1 8 3 _ 11 4 8 0 6 
[00390716] 5 | 2 10 _ 1 3 _ 8 11 4 _ 0 6 
[00390717] 4 | 2 10 _ 1 3 7 8 11 4 _ 0 6 
