[00024173] 5 | _ 11 0 1 9 _ _ 10 7 2 3 9 
[00024174] 8 | _ 11 0 1 _ _ _ 10 2 _ _ _ 
[00024175] 7 | 4 11 0 1 _ _ _ 10 2 _ _ _ 
[00024176] 6 | 4 11 0 1 7 _ _ 10 2 _ _ _ 
[00024177] 5 | 4 11 0 1 7 2 _ 10 2 _ _ _ 
[00024178] 4 | 4 11 0 1 7 2 3 10 2 _ _ _ 
[00024179] 3 | 4 11 0 1 7 2 3 10 2 _ 5 8 
[00024180] 3 | 4 11 0 1 7 2 3 10 2 _ 6 9 
[00024181] 3 | 4 11 0 1 7 2 3 10 2 _ 8 5 
[00024182] 3 | 4 11 0 1 7 2 3 10 2 _ 9 6 
[00024183] 4 | 4 11 0 1 7 2 _ 10 2 _ 6 _ 
[00024184] 3 | 4 11 0 1 7 2 _ 10 2 _ 6 3 
[00024185] 2 | 4 11 0 1 7 2 5 10 2 _ 6 3 
[00024186] 2 | 4 11 0 1 7 2 9 10 2 _ 6 3 
[00024187] 3 | 4 11 0 1 7 2 _ 10 2 _ 6 9 
[00024188] 2 | 4 11 0 1 7 2 5 10 2 _ 6 9 
[00024189] 4 | 4 11 0 1 7 2 _ 10 2 _ 5 9 
[00024190] 4 | 4 11 0 1 7 2 _ 10 2 _ 9 5 
[00024191] 5 | 4 11 0 1 7 _ 2 10 2 _ _ _ 
[00024192] 4 | 4 11 0 1 7 3 2 10 2 _ _ _ 
[00024193] 3 | 4 11 0 1 7 3 2 10 2 _ 5 8 
[00024194] 3 | 4 11 0 1 7 3 2 10 2 _ 6 9 
[00024195] 3 | 4 11 0 1 7 3 2 10 2 _ 8 5 
[00024196] 3 | 4 11 0 1 7 3 2 10 2 _ 9 6 
[00024197] 4 | 4 11 0 1 7 _ 2 10 2 _ 6 _ 
[00024198] 3 | 4 11 0 1 7 _ 2 10 2 _ 6 3 
[00024199] 2 | 4 11 0 1 7 5 2 10 2 _ 6 3 
[00024200] 2 | 4 11 0 1 7 9 2 10 2 _ 6 3 
[00024201] 3 | 4 11 0 1 7 _ 2 10 2 _ 6 9 
[00024202] 2 | 4 11 0 1 7 5 2 10 2 _ 6 9 
[00024203] 4 | 4 11 0 1 7 _ 2 10 2 _ 5 9 
[00024204] 4 | 4 11 0 1 7 _ 2 10 2 _ 9 5 
[00024205] 5 | 4 11 0 1 7 _ _ 10 2 7 _ _ 
[00024206] 4 | 4 11 0 1 7 _ _ 10 2 7 6 _ 
[00024207] 3 | 4 11 0 1 7 _ _ 10 2 7 6 3 
[00024208] 3 | 4 11 0 1 7 _ _ 10 2 7 6 9 
[00024209] 4 | 4 11 0 1 7 _ _ 10 2 7 5 9 
[00024210] 4 | 4 11 0 1 7 _ _ 10 2 7 9 5 
[00024211] 5 | 4 11 0 1 7 _ _ 10 2 _ 5 _ 
[00024212] 4 | 4 11 0 1 7 3 _ 10 2 _ 5 _ 
[00024213] 3 | 4 11 0 1 7 3 _ 10 2 5 5 _ 
[00024214] 2 | 4 11 0 1 7 3 9 10 2 5 5 _ 
[00024215] 3 | 4 11 0 1 7 3 _ 10 2 _ 5 2 
[00024216] 2 | 4 11 0 1 7 3 9 10 2 _ 5 2 
[00024217] 3 | 4 11 0 1 7 3 _ 10 2 _ 5 8 
[00024218] 2 | 4 11 0 1 7 3 9 10 2 _ 5 8 
[00024219] 4 | 4 11 0 1 7 _ 3 10 2 _ 5 _ 
[00024220] 3 | 4 11 0 1 7 _ 3 10 2 5 5 _ 
[00024221] 2 | 4 11 0 1 7 9 3 10 2 5 5 _ 
[00024222] 3 | 4 11 0 1 7 _ 3 10 2 _ 5 2 
[00024223] 2 | 4 11 0 1 7 9 3 10 2 _ 5 2 
[00024224] 3 | 4 11 0 1 7 _ 3 10 2 _ 5 8 
[00024225] 2 | 4 11 0 1 7 9 3 10 2 _ 5 8 
[00024226] 4 | 4 11 0 1 7 _ _ 10 2 6 5 _ 
[00024227] 3 | 4 11 0 1 7 _ _ 10 2 6 5 8 
[00024228] 2 | 4 11 0 1 7 9 _ 10 2 6 5 8 
[00024229] 2 | 4 11 0 1 7 _ 9 10 2 6 5 8 
[00024230] 4 | 4 11 0 1 7 _ _ 10 2 _ 5 9 
[00024231] 5 | 4 11 0 1 7 _ _ 10 2 _ 3 8 
[00024232] 4 | 4 11 0 1 7 _ _ 10 2 6 3 8 
[00024233] 5 | 4 11 0 1 7 _ _ 10 2 _ 8 3 
[00024234] 4 | 4 11 0 1 7 _ _ 10 2 6 8 3 
[00024235] 6 | 4 11 0 1 3 9 _ 10 2 _ _ _ 
[00024236] 5 | 4 11 0 1 3 9 8 10 2 _ _ _ 
[00024237] 4 | 4 11 0 1 3 9 8 10 2 6 _ _ 
[00024238] 3 | 4 11 0 1 3 9 8 10 2 6 7 _ 
[00024239] 2 | 4 11 0 1 3 9 8 10 2 6 7 5 
[00024240] 4 | 4 11 0 1 3 9 8 10 2 _ 6 _ 
[00024241] 3 | 4 11 0 1 3 9 8 10 2 5 6 _ 
[00024242] 5 | 4 11 0 1 3 9 _ 10 2 7 _ _ 
[00024243] 4 | 4 11 0 1 3 9 _ 10 2 7 6 _ 
[00024244] 3 | 4 11 0 1 3 9 6 10 2 7 6 _ 
[00024245] 3 | 4 11 0 1 3 9 _ 10 2 7 6 3 
[00024246] 5 | 4 11 0 1 3 9 _ 10 2 _ 5 _ 
[00024247] 4 | 4 11 0 1 3 9 7 10 2 _ 5 _ 
[00024248] 3 | 4 11 0 1 3 9 7 10 2 5 5 _ 
[00024249] 3 | 4 11 0 1 3 9 7 10 2 _ 5 2 
[00024250] 3 | 4 11 0 1 3 9 7 10 2 _ 5 8 
[00024251] 4 | 4 11 0 1 3 9 _ 10 2 6 5 _ 
[00024252] 3 | 4 11 0 1 3 9 _ 10 2 6 5 8 
[00024253] 6 | 4 11 0 1 9 3 _ 10 2 _ _ _ 
[00024254] 5 | 4 11 0 1 9 3 _ 10 2 7 _ _ 
[00024255] 4 | 4 11 0 1 9 3 5 10 2 7 _ _ 
[00024256] 4 | 4 11 0 1 9 3 _ 10 2 7 6 _ 
[00024257] 3 | 4 11 0 1 9 3 6 10 2 7 6 _ 
[00024258] 3 | 4 11 0 1 9 3 _ 10 2 7 6 9 
[00024259] 5 | 4 11 0 1 9 3 _ 10 2 _ 5 _ 
[00024260] 4 | 4 11 0 1 9 3 5 10 2 _ 5 _ 
[00024261] 4 | 4 11 0 1 9 3 _ 10 2 6 5 _ 
[00024262] 3 | 4 11 0 1 9 3 _ 10 2 6 5 8 
[00024263] 2 | 4 11 0 1 9 3 7 10 2 6 5 8 
[00024264] 4 | 4 11 0 1 9 3 _ 10 2 _ 5 9 
[00024265] 6 | 4 11 0 1 3 _ 9 10 2 _ _ _ 
[00024266] 5 | 4 11 0 1 3 8 9 10 2 _ _ _ 
[00024267] 4 | 4 11 0 1 3 8 9 10 2 6 _ _ 
[00024268] 3 | 4 11 0 1 3 8 9 10 2 6 7 _ 
[00024269] 2 | 4 11 0 1 3 8 9 10 2 6 7 5 
[00024270] 4 | 4 11 0 1 3 8 9 10 2 _ 6 _ 
[00024271] 3 | 4 11 0 1 3 8 9 10 2 5 6 _ 
[00024272] 5 | 4 11 0 1 3 _ 9 10 2 7 _ _ 
[00024273] 4 | 4 11 0 1 3 _ 9 10 2 7 6 _ 
[00024274] 3 | 4 11 0 1 3 6 9 10 2 7 6 _ 
[00024275] 3 | 4 11 0 1 3 _ 9 10 2 7 6 3 
[00024276] 5 | 4 11 0 1 3 _ 9 10 2 _ 5 _ 
[00024277] 4 | 4 11 0 1 3 7 9 10 2 _ 5 _ 
[00024278] 3 | 4 11 0 1 3 7 9 10 2 5 5 _ 
[00024279] 3 | 4 11 0 1 3 7 9 10 2 _ 5 2 
[00024280] 3 | 4 11 0 1 3 7 9 10 2 _ 5 8 
[00024281] 4 | 4 11 0 1 3 _ 9 10 2 6 5 _ 
[00024282] 3 | 4 11 0 1 3 _ 9 10 2 6 5 8 
[00024283] 6 | 4 11 0 1 9 _ 3 10 2 _ _ _ 
[00024284] 5 | 4 11 0 1 9 _ 3 10 2 7 _ _ 
[00024285] 4 | 4 11 0 1 9 5 3 10 2 7 _ _ 
[00024286] 4 | 4 11 0 1 9 _ 3 10 2 7 6 _ 
[00024287] 3 | 4 11 0 1 9 6 3 10 2 7 6 _ 
[00024288] 3 | 4 11 0 1 9 _ 3 10 2 7 6 9 
[00024289] 5 | 4 11 0 1 9 _ 3 10 2 _ 5 _ 
[00024290] 4 | 4 11 0 1 9 5 3 10 2 _ 5 _ 
[00024291] 4 | 4 11 0 1 9 _ 3 10 2 6 5 _ 
[00024292] 3 | 4 11 0 1 9 _ 3 10 2 6 5 8 
[00024293] 2 | 4 11 0 1 9 7 3 10 2 6 5 8 
[00024294] 4 | 4 11 0 1 9 _ 3 10 2 _ 5 9 
[00024295] 6 | 4 11 0 1 _ _ _ 10 2 8 _ _ 
[00024296] 5 | 4 11 0 1 6 _ _ 10 2 8 _ _ 
[00024297] 4 | 4 11 0 1 6 10 _ 10 2 8 _ _ 
[00024298] 3 | 4 11 0 1 6 10 3 10 2 8 _ _ 
[00024299] 2 | 4 11 0 1 6 10 3 10 2 8 5 7 
[00024300] 2 | 4 11 0 1 6 10 3 10 2 8 7 9 
[00024301] 2 | 4 11 0 1 6 10 3 10 2 8 7 5 
[00024302] 2 | 4 11 0 1 6 10 3 10 2 8 9 7 
[00024303] 1 | 4 11 0 1 6 10 3 10 2 8 9 7  *Graceful*
[00024303] 3 | 4 11 0 1 6 10 9 10 2 8 _ _ 
[00024304] 2 | 4 11 0 1 6 10 9 10 2 8 3 5 
[00024305] 2 | 4 11 0 1 6 10 9 10 2 8 5 7 
[00024306] 2 | 4 11 0 1 6 10 9 10 2 8 5 3 
[00024307] 2 | 4 11 0 1 6 10 9 10 2 8 7 5 
[00024308] 4 | 4 11 0 1 6 _ 10 10 2 8 _ _ 
[00024309] 3 | 4 11 0 1 6 3 10 10 2 8 _ _ 
[00024310] 2 | 4 11 0 1 6 3 10 10 2 8 5 7 
[00024311] 2 | 4 11 0 1 6 3 10 10 2 8 7 9 
[00024312] 2 | 4 11 0 1 6 3 10 10 2 8 7 5 
[00024313] 2 | 4 11 0 1 6 3 10 10 2 8 9 7 
[00024314] 1 | 4 11 0 1 6 3 10 10 2 8 9 7  *Graceful*
[00024314] 3 | 4 11 0 1 6 9 10 10 2 8 _ _ 
[00024315] 2 | 4 11 0 1 6 9 10 10 2 8 3 5 
[00024316] 2 | 4 11 0 1 6 9 10 10 2 8 5 7 
[00024317] 2 | 4 11 0 1 6 9 10 10 2 8 5 3 
[00024318] 2 | 4 11 0 1 6 9 10 10 2 8 7 5 
[00024319] 4 | 4 11 0 1 6 _ _ 10 2 8 6 _ 
[00024320] 3 | 4 11 0 1 6 3 _ 10 2 8 6 _ 
[00024321] 3 | 4 11 0 1 6 9 _ 10 2 8 6 _ 
[00024322] 3 | 4 11 0 1 6 _ 3 10 2 8 6 _ 
[00024323] 3 | 4 11 0 1 6 _ 9 10 2 8 6 _ 
[00024324] 3 | 4 11 0 1 6 _ _ 10 2 8 6 3 
[00024325] 3 | 4 11 0 1 6 _ _ 10 2 8 6 9 
[00024326] 4 | 4 11 0 1 6 _ _ 10 2 8 3 7 
[00024327] 3 | 4 11 0 1 6 9 _ 10 2 8 3 7 
[00024328] 3 | 4 11 0 1 6 _ 9 10 2 8 3 7 
[00024329] 4 | 4 11 0 1 6 _ _ 10 2 8 5 9 
[00024330] 3 | 4 11 0 1 6 3 _ 10 2 8 5 9 
[00024331] 3 | 4 11 0 1 6 _ 3 10 2 8 5 9 
[00024332] 4 | 4 11 0 1 6 _ _ 10 2 8 7 3 
[00024333] 3 | 4 11 0 1 6 9 _ 10 2 8 7 3 
[00024334] 3 | 4 11 0 1 6 _ 9 10 2 8 7 3 
[00024335] 4 | 4 11 0 1 6 _ _ 10 2 8 9 5 
[00024336] 3 | 4 11 0 1 6 3 _ 10 2 8 9 5 
[00024337] 3 | 4 11 0 1 6 _ 3 10 2 8 9 5 
[00024338] 5 | 4 11 0 1 _ _ _ 10 2 8 5 _ 
[00024339] 4 | 4 11 0 1 5 _ _ 10 2 8 5 _ 
[00024340] 4 | 4 11 0 1 3 7 _ 10 2 8 5 _ 
[00024341] 3 | 4 11 0 1 3 7 6 10 2 8 5 _ 
[00024342] 4 | 4 11 0 1 7 3 _ 10 2 8 5 _ 
[00024343] 4 | 4 11 0 1 3 _ 7 10 2 8 5 _ 
[00024344] 3 | 4 11 0 1 3 6 7 10 2 8 5 _ 
[00024345] 4 | 4 11 0 1 7 _ 3 10 2 8 5 _ 
[00024346] 4 | 4 11 0 1 _ _ _ 10 2 8 5 1 
[00024347] 3 | 4 11 0 1 3 6 _ 10 2 8 5 1 
[00024348] 3 | 4 11 0 1 6 9 _ 10 2 8 5 1 
[00024349] 3 | 4 11 0 1 6 3 _ 10 2 8 5 1 
[00024350] 3 | 4 11 0 1 9 6 _ 10 2 8 5 1 
[00024351] 2 | 4 11 0 1 9 6 7 10 2 8 5 1 
[00024352] 3 | 4 11 0 1 3 _ 6 10 2 8 5 1 
[00024353] 3 | 4 11 0 1 6 _ 9 10 2 8 5 1 
[00024354] 3 | 4 11 0 1 6 _ 3 10 2 8 5 1 
[00024355] 3 | 4 11 0 1 9 _ 6 10 2 8 5 1 
[00024356] 2 | 4 11 0 1 9 7 6 10 2 8 5 1 
[00024357] 4 | 4 11 0 1 _ _ _ 10 2 8 5 9 
[00024358] 3 | 4 11 0 1 3 6 _ 10 2 8 5 9 
[00024359] 3 | 4 11 0 1 6 3 _ 10 2 8 5 9 
[00024360] 3 | 4 11 0 1 3 _ 6 10 2 8 5 9 
[00024361] 3 | 4 11 0 1 6 _ 3 10 2 8 5 9 
[00024362] 6 | 4 11 0 1 _ _ _ 10 2 _ 3 9 
[00024363] 5 | 4 11 0 1 6 _ _ 10 2 _ 3 9 
[00024364] 4 | 4 11 0 1 6 2 _ 10 2 _ 3 9 
[00024365] 4 | 4 11 0 1 6 _ 2 10 2 _ 3 9 
[00024366] 4 | 4 11 0 1 6 _ _ 10 2 6 3 9 
[00024367] 5 | 4 11 0 1 _ _ _ 10 2 7 3 9 
[00024368] 4 | 4 11 0 1 5 _ _ 10 2 7 3 9 
[00024369] 3 | 4 11 0 1 5 8 _ 10 2 7 3 9 
[00024370] 3 | 4 11 0 1 5 _ 8 10 2 7 3 9 
[00024371] 6 | 4 11 0 1 _ _ _ 10 2 _ 9 3 
[00024372] 5 | 4 11 0 1 6 _ _ 10 2 _ 9 3 
[00024373] 4 | 4 11 0 1 6 2 _ 10 2 _ 9 3 
[00024374] 4 | 4 11 0 1 6 _ 2 10 2 _ 9 3 
[00024375] 4 | 4 11 0 1 6 _ _ 10 2 6 9 3 
[00024376] 5 | 4 11 0 1 _ _ _ 10 2 7 9 3 
[00024377] 4 | 4 11 0 1 5 _ _ 10 2 7 9 3 
[00024378] 3 | 4 11 0 1 5 8 _ 10 2 7 9 3 
[00024379] 3 | 4 11 0 1 5 _ 8 10 2 7 9 3 
[00024380] 7 | _ 11 0 1 8 _ _ 10 2 _ _ _ 
[00024381] 6 | 5 11 0 1 8 _ _ 10 2 _ _ _ 
[00024382] 5 | 5 11 0 1 8 3 _ 10 2 _ _ _ 
[00024383] 4 | 5 11 0 1 8 3 4 10 2 _ _ _ 
[00024384] 3 | 5 11 0 1 8 3 4 10 2 _ 7 _ 
[00024385] 2 | 5 11 0 1 8 3 4 10 2 _ 7 9 
[00024386] 3 | 5 11 0 1 8 3 4 10 2 _ 6 9 
[00024387] 3 | 5 11 0 1 8 3 4 10 2 _ 9 6 
[00024388] 4 | 5 11 0 1 8 3 _ 10 2 6 _ _ 
[00024389] 3 | 5 11 0 1 8 3 _ 10 2 6 7 _ 
[00024390] 2 | 5 11 0 1 8 3 _ 10 2 6 7 9 
[00024391] 3 | 5 11 0 1 8 3 _ 10 2 6 4 7 
[00024392] 3 | 5 11 0 1 8 3 _ 10 2 6 7 4 
[00024393] 4 | 5 11 0 1 8 3 _ 10 2 _ 6 _ 
[00024394] 3 | 5 11 0 1 8 3 _ 10 2 _ 6 9 
[00024395] 2 | 5 11 0 1 8 3 _ 10 2 4 6 9 
[00024396] 1 | 5 11 0 1 8 3 7 10 2 4 6 9  *Graceful*
[00024396] 5 | 5 11 0 1 8 _ 3 10 2 _ _ _ 
[00024397] 4 | 5 11 0 1 8 4 3 10 2 _ _ _ 
[00024398] 3 | 5 11 0 1 8 4 3 10 2 _ 7 _ 
[00024399] 2 | 5 11 0 1 8 4 3 10 2 _ 7 9 
[00024400] 3 | 5 11 0 1 8 4 3 10 2 _ 6 9 
[00024401] 3 | 5 11 0 1 8 4 3 10 2 _ 9 6 
[00024402] 4 | 5 11 0 1 8 _ 3 10 2 6 _ _ 
[00024403] 3 | 5 11 0 1 8 _ 3 10 2 6 7 _ 
[00024404] 2 | 5 11 0 1 8 _ 3 10 2 6 7 9 
[00024405] 3 | 5 11 0 1 8 _ 3 10 2 6 4 7 
[00024406] 3 | 5 11 0 1 8 _ 3 10 2 6 7 4 
[00024407] 4 | 5 11 0 1 8 _ 3 10 2 _ 6 _ 
[00024408] 3 | 5 11 0 1 8 _ 3 10 2 _ 6 9 
[00024409] 2 | 5 11 0 1 8 _ 3 10 2 4 6 9 
[00024410] 1 | 5 11 0 1 8 7 3 10 2 4 6 9  *Graceful*
[00024410] 5 | 5 11 0 1 8 _ _ 10 2 7 _ _ 
[00024411] 4 | 5 11 0 1 8 4 _ 10 2 7 _ _ 
[00024412] 3 | 5 11 0 1 8 4 _ 10 2 7 3 6 
[00024413] 3 | 5 11 0 1 8 4 _ 10 2 7 6 9 
[00024414] 3 | 5 11 0 1 8 4 _ 10 2 7 6 3 
[00024415] 3 | 5 11 0 1 8 4 _ 10 2 7 9 6 
[00024416] 4 | 5 11 0 1 8 _ 4 10 2 7 _ _ 
[00024417] 3 | 5 11 0 1 8 _ 4 10 2 7 3 6 
[00024418] 3 | 5 11 0 1 8 _ 4 10 2 7 6 9 
[00024419] 3 | 5 11 0 1 8 _ 4 10 2 7 6 3 
[00024420] 3 | 5 11 0 1 8 _ 4 10 2 7 9 6 
[00024421] 4 | 5 11 0 1 8 _ _ 10 2 7 6 _ 
[00024422] 3 | 5 11 0 1 8 _ _ 10 2 7 6 3 
[00024423] 3 | 5 11 0 1 8 _ _ 10 2 7 6 9 
[00024424] 5 | 5 11 0 1 8 _ _ 10 2 _ 4 9 
[00024425] 4 | 5 11 0 1 8 _ _ 10 2 6 4 9 
[00024426] 5 | 5 11 0 1 8 _ _ 10 2 _ 9 4 
[00024427] 4 | 5 11 0 1 8 _ _ 10 2 6 9 4 
[00024428] 6 | _ 11 0 1 8 2 _ 10 2 _ _ _ 
[00024429] 5 | 6 11 0 1 8 2 _ 10 2 _ _ _ 
[00024430] 4 | 6 11 0 1 8 2 4 10 2 _ _ _ 
[00024431] 3 | 6 11 0 1 8 2 4 10 2 _ 7 _ 
[00024432] 2 | 6 11 0 1 8 2 4 10 2 _ 7 5 
[00024433] 2 | 6 11 0 1 8 2 4 10 2 _ 7 9 
[00024434] 4 | 6 11 0 1 8 2 _ 10 2 _ 3 7 
[00024435] 3 | 6 11 0 1 8 2 5 10 2 _ 3 7 
[00024436] 4 | 6 11 0 1 8 2 _ 10 2 _ 5 9 
[00024437] 4 | 6 11 0 1 8 2 _ 10 2 _ 7 3 
[00024438] 3 | 6 11 0 1 8 2 5 10 2 _ 7 3 
[00024439] 4 | 6 11 0 1 8 2 _ 10 2 _ 9 5 
[00024440] 5 | _ 11 0 1 8 2 3 10 2 _ _ _ 
[00024441] 4 | 7 11 0 1 8 2 3 10 2 _ _ _ 
[00024442] 3 | 7 11 0 1 8 2 3 10 2 _ 6 9 
[00024443] 3 | 7 11 0 1 8 2 3 10 2 _ 9 6 
[00024444] 4 | _ 11 0 1 8 2 3 10 2 _ 6 _ 
[00024445] 3 | _ 11 0 1 8 2 3 10 2 _ 6 9 
[00024446] 4 | _ 11 0 1 8 2 3 10 2 _ 5 9 
[00024447] 4 | _ 11 0 1 8 2 3 10 2 _ 9 5 
[00024448] 5 | _ 11 0 1 8 2 _ 10 2 _ 5 _ 
[00024449] 4 | 7 11 0 1 8 2 _ 10 2 _ 5 _ 
[00024450] 3 | 7 11 0 1 8 2 5 10 2 _ 5 _ 
[00024451] 3 | 7 11 0 1 8 2 _ 10 2 _ 5 8 
[00024452] 4 | _ 11 0 1 8 2 4 10 2 _ 5 _ 
[00024453] 4 | _ 11 0 1 8 2 _ 10 2 _ 5 9 
[00024454] 3 | 8 11 0 1 8 2 _ 10 2 _ 5 9 
[00024455] 3 | _ 11 0 1 8 2 11 10 2 _ 5 9 
[00024456] 5 | _ 11 0 1 8 2 _ 10 2 _ 4 9 
[00024457] 4 | 7 11 0 1 8 2 _ 10 2 _ 4 9 
[00024458] 3 | 7 11 0 1 8 2 5 10 2 _ 4 9 
[00024459] 5 | _ 11 0 1 8 2 _ 10 2 _ 9 4 
[00024460] 4 | 7 11 0 1 8 2 _ 10 2 _ 9 4 
[00024461] 3 | 7 11 0 1 8 2 5 10 2 _ 9 4 
[00024462] 6 | _ 11 0 1 8 _ 2 10 2 _ _ _ 
[00024463] 5 | 6 11 0 1 8 _ 2 10 2 _ _ _ 
[00024464] 4 | 6 11 0 1 8 4 2 10 2 _ _ _ 
[00024465] 3 | 6 11 0 1 8 4 2 10 2 _ 7 _ 
[00024466] 2 | 6 11 0 1 8 4 2 10 2 _ 7 5 
[00024467] 2 | 6 11 0 1 8 4 2 10 2 _ 7 9 
[00024468] 4 | 6 11 0 1 8 _ 2 10 2 _ 3 7 
[00024469] 3 | 6 11 0 1 8 5 2 10 2 _ 3 7 
[00024470] 4 | 6 11 0 1 8 _ 2 10 2 _ 5 9 
[00024471] 4 | 6 11 0 1 8 _ 2 10 2 _ 7 3 
[00024472] 3 | 6 11 0 1 8 5 2 10 2 _ 7 3 
[00024473] 4 | 6 11 0 1 8 _ 2 10 2 _ 9 5 
[00024474] 5 | _ 11 0 1 8 3 2 10 2 _ _ _ 
[00024475] 4 | 7 11 0 1 8 3 2 10 2 _ _ _ 
[00024476] 3 | 7 11 0 1 8 3 2 10 2 _ 6 9 
[00024477] 3 | 7 11 0 1 8 3 2 10 2 _ 9 6 
[00024478] 4 | _ 11 0 1 8 3 2 10 2 _ 6 _ 
[00024479] 3 | _ 11 0 1 8 3 2 10 2 _ 6 9 
[00024480] 4 | _ 11 0 1 8 3 2 10 2 _ 5 9 
[00024481] 4 | _ 11 0 1 8 3 2 10 2 _ 9 5 
[00024482] 5 | _ 11 0 1 8 _ 2 10 2 _ 5 _ 
[00024483] 4 | 7 11 0 1 8 _ 2 10 2 _ 5 _ 
[00024484] 3 | 7 11 0 1 8 5 2 10 2 _ 5 _ 
[00024485] 3 | 7 11 0 1 8 _ 2 10 2 _ 5 8 
[00024486] 4 | _ 11 0 1 8 4 2 10 2 _ 5 _ 
[00024487] 4 | _ 11 0 1 8 _ 2 10 2 _ 5 9 
[00024488] 3 | 8 11 0 1 8 _ 2 10 2 _ 5 9 
[00024489] 3 | _ 11 0 1 8 11 2 10 2 _ 5 9 
[00024490] 5 | _ 11 0 1 8 _ 2 10 2 _ 4 9 
[00024491] 4 | 7 11 0 1 8 _ 2 10 2 _ 4 9 
[00024492] 3 | 7 11 0 1 8 5 2 10 2 _ 4 9 
[00024493] 5 | _ 11 0 1 8 _ 2 10 2 _ 9 4 
[00024494] 4 | 7 11 0 1 8 _ 2 10 2 _ 9 4 
[00024495] 3 | 7 11 0 1 8 5 2 10 2 _ 9 4 
[00024496] 6 | _ 11 0 1 8 _ _ 10 2 8 _ _ 
[00024497] 5 | 6 11 0 1 8 _ _ 10 2 8 _ _ 
[00024498] 4 | 6 11 0 1 8 _ _ 10 2 8 3 7 
[00024499] 4 | 6 11 0 1 8 _ _ 10 2 8 5 9 
[00024500] 4 | 6 11 0 1 8 _ _ 10 2 8 7 3 
[00024501] 4 | 6 11 0 1 8 _ _ 10 2 8 9 5 
[00024502] 5 | _ 11 0 1 8 _ _ 10 2 8 5 _ 
[00024503] 4 | 7 11 0 1 8 _ _ 10 2 8 5 _ 
[00024504] 4 | _ 11 0 1 8 _ _ 10 2 8 5 9 
[00024505] 5 | _ 11 0 1 8 _ _ 10 2 8 4 9 
[00024506] 4 | 7 11 0 1 8 _ _ 10 2 8 4 9 
[00024507] 5 | _ 11 0 1 8 _ _ 10 2 8 9 4 
[00024508] 4 | 7 11 0 1 8 _ _ 10 2 8 9 4 
[00024509] 6 | _ 11 0 1 8 _ _ 10 2 _ 4 _ 
[00024510] 5 | 6 11 0 1 8 _ _ 10 2 _ 4 _ 
[00024511] 4 | 6 11 0 1 8 4 _ 10 2 _ 4 _ 
[00024512] 3 | 6 11 0 1 8 4 5 10 2 _ 4 _ 
[00024513] 3 | 6 11 0 1 8 4 _ 10 2 5 4 _ 
[00024514] 4 | 6 11 0 1 8 _ 4 10 2 _ 4 _ 
[00024515] 3 | 6 11 0 1 8 5 4 10 2 _ 4 _ 
[00024516] 3 | 6 11 0 1 8 _ 4 10 2 5 4 _ 
[00024517] 4 | 6 11 0 1 8 _ _ 10 2 _ 4 8 
[00024518] 3 | 6 11 0 1 8 _ _ 10 2 5 4 8 
[00024519] 5 | _ 11 0 1 8 3 _ 10 2 _ 4 _ 
[00024520] 4 | 7 11 0 1 8 3 _ 10 2 _ 4 _ 
[00024521] 3 | 7 11 0 1 8 3 5 10 2 _ 4 _ 
[00024522] 2 | 7 11 0 1 8 3 5 10 2 4 4 _ 
[00024523] 2 | 7 11 0 1 8 3 5 10 2 _ 4 2 
[00024524] 2 | 7 11 0 1 8 3 5 10 2 _ 4 6 
[00024525] 3 | 7 11 0 1 8 3 _ 10 2 5 4 _ 
[00024526] 2 | 7 11 0 1 8 3 6 10 2 5 4 _ 
[00024527] 2 | 7 11 0 1 8 3 _ 10 2 5 4 6 
[00024528] 1 | 7 11 0 1 8 3 9 10 2 5 4 6  *Graceful*
[00024528] 4 | _ 11 0 1 8 3 4 10 2 _ 4 _ 
[00024529] 3 | _ 11 0 1 8 3 4 10 2 5 4 _ 
[00024530] 2 | 9 11 0 1 8 3 4 10 2 5 4 _ 
[00024531] 4 | _ 11 0 1 8 3 _ 10 2 6 4 _ 
[00024532] 3 | 8 11 0 1 8 3 _ 10 2 6 4 _ 
[00024533] 3 | _ 11 0 1 8 3 5 10 2 6 4 _ 
[00024534] 2 | 9 11 0 1 8 3 5 10 2 6 4 _ 
[00024535] 3 | _ 11 0 1 8 3 11 10 2 6 4 _ 
[00024536] 3 | _ 11 0 1 8 3 _ 10 2 6 4 7 
[00024537] 2 | 9 11 0 1 8 3 _ 10 2 6 4 7 
[00024538] 4 | _ 11 0 1 8 3 _ 10 2 _ 4 8 
[00024539] 3 | _ 11 0 1 8 3 _ 10 2 5 4 8 
[00024540] 2 | 9 11 0 1 8 3 _ 10 2 5 4 8 
[00024541] 5 | _ 11 0 1 8 _ 3 10 2 _ 4 _ 
[00024542] 4 | 7 11 0 1 8 _ 3 10 2 _ 4 _ 
[00024543] 3 | 7 11 0 1 8 5 3 10 2 _ 4 _ 
[00024544] 2 | 7 11 0 1 8 5 3 10 2 4 4 _ 
[00024545] 2 | 7 11 0 1 8 5 3 10 2 _ 4 2 
[00024546] 2 | 7 11 0 1 8 5 3 10 2 _ 4 6 
[00024547] 3 | 7 11 0 1 8 _ 3 10 2 5 4 _ 
[00024548] 2 | 7 11 0 1 8 6 3 10 2 5 4 _ 
[00024549] 2 | 7 11 0 1 8 _ 3 10 2 5 4 6 
[00024550] 1 | 7 11 0 1 8 9 3 10 2 5 4 6  *Graceful*
[00024550] 4 | _ 11 0 1 8 4 3 10 2 _ 4 _ 
[00024551] 3 | _ 11 0 1 8 4 3 10 2 5 4 _ 
[00024552] 2 | 9 11 0 1 8 4 3 10 2 5 4 _ 
[00024553] 4 | _ 11 0 1 8 _ 3 10 2 6 4 _ 
[00024554] 3 | 8 11 0 1 8 _ 3 10 2 6 4 _ 
[00024555] 3 | _ 11 0 1 8 5 3 10 2 6 4 _ 
[00024556] 2 | 9 11 0 1 8 5 3 10 2 6 4 _ 
[00024557] 3 | _ 11 0 1 8 11 3 10 2 6 4 _ 
[00024558] 3 | _ 11 0 1 8 _ 3 10 2 6 4 7 
[00024559] 2 | 9 11 0 1 8 _ 3 10 2 6 4 7 
[00024560] 4 | _ 11 0 1 8 _ 3 10 2 _ 4 8 
[00024561] 3 | _ 11 0 1 8 _ 3 10 2 5 4 8 
[00024562] 2 | 9 11 0 1 8 _ 3 10 2 5 4 8 
[00024563] 5 | _ 11 0 1 8 _ _ 10 2 7 4 _ 
[00024564] 4 | _ 11 0 1 8 4 _ 10 2 7 4 _ 
[00024565] 3 | 8 11 0 1 8 4 _ 10 2 7 4 _ 
[00024566] 3 | _ 11 0 1 8 4 5 10 2 7 4 _ 
[00024567] 2 | 9 11 0 1 8 4 5 10 2 7 4 _ 
[00024568] 3 | _ 11 0 1 8 4 11 10 2 7 4 _ 
[00024569] 4 | _ 11 0 1 8 _ 4 10 2 7 4 _ 
[00024570] 3 | 8 11 0 1 8 _ 4 10 2 7 4 _ 
[00024571] 3 | _ 11 0 1 8 5 4 10 2 7 4 _ 
[00024572] 2 | 9 11 0 1 8 5 4 10 2 7 4 _ 
[00024573] 3 | _ 11 0 1 8 11 4 10 2 7 4 _ 
[00024574] 4 | _ 11 0 1 8 _ _ 10 2 7 4 8 
[00024575] 5 | _ 11 0 1 8 _ _ 10 2 _ 4 9 
[00024576] 4 | 7 11 0 1 8 _ _ 10 2 _ 4 9 
[00024577] 3 | 7 11 0 1 8 5 _ 10 2 _ 4 9 
[00024578] 2 | 7 11 0 1 8 5 6 10 2 _ 4 9 
[00024579] 1 | 7 11 0 1 8 5 6 10 2 3 4 9  *Graceful*
[00024579] 3 | 7 11 0 1 8 _ 5 10 2 _ 4 9 
[00024580] 2 | 7 11 0 1 8 6 5 10 2 _ 4 9 
[00024581] 1 | 7 11 0 1 8 6 5 10 2 3 4 9  *Graceful*
[00024581] 3 | 7 11 0 1 8 _ _ 10 2 5 4 9 
[00024582] 2 | 7 11 0 1 8 6 _ 10 2 5 4 9 
[00024583] 2 | 7 11 0 1 8 _ 6 10 2 5 4 9 
[00024584] 4 | _ 11 0 1 8 _ _ 10 2 6 4 9 
[00024585] 3 | 8 11 0 1 8 _ _ 10 2 6 4 9 
[00024586] 3 | _ 11 0 1 8 5 _ 10 2 6 4 9 
[00024587] 3 | _ 11 0 1 8 11 _ 10 2 6 4 9 
[00024588] 3 | _ 11 0 1 8 _ 5 10 2 6 4 9 
[00024589] 3 | _ 11 0 1 8 _ 11 10 2 6 4 9 
[00024590] 6 | _ 11 0 1 8 _ _ 10 2 _ 3 9 
[00024591] 5 | 6 11 0 1 8 _ _ 10 2 _ 3 9 
[00024592] 4 | 6 11 0 1 8 4 _ 10 2 _ 3 9 
[00024593] 3 | 6 11 0 1 8 4 5 10 2 _ 3 9 
[00024594] 3 | 6 11 0 1 8 4 _ 10 2 5 3 9 
[00024595] 4 | 6 11 0 1 8 _ 4 10 2 _ 3 9 
[00024596] 3 | 6 11 0 1 8 5 4 10 2 _ 3 9 
[00024597] 3 | 6 11 0 1 8 _ 4 10 2 5 3 9 
[00024598] 5 | _ 11 0 1 8 _ _ 10 2 7 3 9 
[00024599] 4 | _ 11 0 1 8 4 _ 10 2 7 3 9 
[00024600] 3 | 8 11 0 1 8 4 _ 10 2 7 3 9 
[00024601] 3 | _ 11 0 1 8 4 5 10 2 7 3 9 
[00024602] 3 | _ 11 0 1 8 4 11 10 2 7 3 9 
[00024603] 4 | _ 11 0 1 8 _ 4 10 2 7 3 9 
[00024604] 3 | 8 11 0 1 8 _ 4 10 2 7 3 9 
[00024605] 3 | _ 11 0 1 8 5 4 10 2 7 3 9 
[00024606] 3 | _ 11 0 1 8 11 4 10 2 7 3 9 
[00024607] 6 | _ 11 0 1 8 _ _ 10 2 _ 9 3 
[00024608] 5 | 6 11 0 1 8 _ _ 10 2 _ 9 3 
[00024609] 4 | 6 11 0 1 8 4 _ 10 2 _ 9 3 
[00024610] 3 | 6 11 0 1 8 4 5 10 2 _ 9 3 
[00024611] 3 | 6 11 0 1 8 4 _ 10 2 5 9 3 
[00024612] 4 | 6 11 0 1 8 _ 4 10 2 _ 9 3 
[00024613] 3 | 6 11 0 1 8 5 4 10 2 _ 9 3 
[00024614] 3 | 6 11 0 1 8 _ 4 10 2 5 9 3 
[00024615] 5 | _ 11 0 1 8 _ _ 10 2 7 9 3 
[00024616] 4 | _ 11 0 1 8 4 _ 10 2 7 9 3 
[00024617] 3 | 8 11 0 1 8 4 _ 10 2 7 9 3 
[00024618] 3 | _ 11 0 1 8 4 5 10 2 7 9 3 
[00024619] 3 | _ 11 0 1 8 4 11 10 2 7 9 3 
[00024620] 4 | _ 11 0 1 8 _ 4 10 2 7 9 3 
[00024621] 3 | 8 11 0 1 8 _ 4 10 2 7 9 3 
[00024622] 3 | _ 11 0 1 8 5 4 10 2 7 9 3 
[00024623] 3 | _ 11 0 1 8 11 4 10 2 7 9 3 
[00024624] 7 | _ 11 0 1 _ _ _ 10 2 9 _ _ 
[00024625] 6 | 5 11 0 1 _ _ _ 10 2 9 _ _ 
[00024626] 5 | 5 11 0 1 6 _ _ 10 2 9 _ _ 
[00024627] 4 | 5 11 0 1 6 10 _ 10 2 9 _ _ 
[00024628] 3 | 5 11 0 1 6 10 3 10 2 9 _ _ 
[00024629] 3 | 5 11 0 1 6 10 _ 10 2 9 4 7 
[00024630] 2 | 5 11 0 1 6 10 8 10 2 9 4 7 
[00024631] 3 | 5 11 0 1 6 10 _ 10 2 9 7 4 
[00024632] 2 | 5 11 0 1 6 10 8 10 2 9 7 4 
[00024633] 4 | 5 11 0 1 6 _ 10 10 2 9 _ _ 
[00024634] 3 | 5 11 0 1 6 3 10 10 2 9 _ _ 
[00024635] 3 | 5 11 0 1 6 _ 10 10 2 9 4 7 
[00024636] 2 | 5 11 0 1 6 8 10 10 2 9 4 7 
[00024637] 3 | 5 11 0 1 6 _ 10 10 2 9 7 4 
[00024638] 2 | 5 11 0 1 6 8 10 10 2 9 7 4 
[00024639] 4 | 5 11 0 1 6 _ _ 10 2 9 6 _ 
[00024640] 3 | 5 11 0 1 6 3 _ 10 2 9 6 _ 
[00024641] 2 | 5 11 0 1 6 3 4 10 2 9 6 _ 
[00024642] 2 | 5 11 0 1 6 3 8 10 2 9 6 _ 
[00024643] 2 | 5 11 0 1 6 3 _ 10 2 9 6 4 
[00024644] 2 | 5 11 0 1 6 3 _ 10 2 9 6 8 
[00024645] 3 | 5 11 0 1 6 _ 3 10 2 9 6 _ 
[00024646] 2 | 5 11 0 1 6 4 3 10 2 9 6 _ 
[00024647] 2 | 5 11 0 1 6 8 3 10 2 9 6 _ 
[00024648] 2 | 5 11 0 1 6 _ 3 10 2 9 6 4 
[00024649] 2 | 5 11 0 1 6 _ 3 10 2 9 6 8 
[00024650] 3 | 5 11 0 1 6 _ _ 10 2 9 6 3 
[00024651] 4 | 5 11 0 1 6 _ _ 10 2 9 3 7 
[00024652] 4 | 5 11 0 1 6 _ _ 10 2 9 4 8 
[00024653] 3 | 5 11 0 1 6 3 _ 10 2 9 4 8 
[00024654] 3 | 5 11 0 1 6 _ 3 10 2 9 4 8 
[00024655] 4 | 5 11 0 1 6 _ _ 10 2 9 7 3 
[00024656] 4 | 5 11 0 1 6 _ _ 10 2 9 8 4 
[00024657] 3 | 5 11 0 1 6 3 _ 10 2 9 8 4 
[00024658] 3 | 5 11 0 1 6 _ 3 10 2 9 8 4 
[00024659] 5 | 5 11 0 1 3 8 _ 10 2 9 _ _ 
[00024660] 4 | 5 11 0 1 3 8 7 10 2 9 _ _ 
[00024661] 4 | 5 11 0 1 3 8 _ 10 2 9 6 _ 
[00024662] 3 | 5 11 0 1 3 8 6 10 2 9 6 _ 
[00024663] 3 | 5 11 0 1 3 8 _ 10 2 9 6 3 
[00024664] 5 | 5 11 0 1 8 3 _ 10 2 9 _ _ 
