[00381780] 5 | _ 2 _ 10 3 8 _ 0 9 2 11 5 
[00381781] 4 | _ 2 _ 10 3 8 7 0 9 2 11 5 
[00381782] 5 | _ 2 _ 10 6 1 _ 0 9 2 11 5 
[00381783] 5 | _ 2 _ 10 8 3 _ 0 9 2 11 5 
[00381784] 4 | _ 2 _ 10 8 3 4 0 9 2 11 5 
[00381785] 5 | _ 2 _ 10 1 _ 6 0 9 2 11 5 
[00381786] 5 | _ 2 _ 10 3 _ 8 0 9 2 11 5 
[00381787] 4 | _ 2 _ 10 3 7 8 0 9 2 11 5 
[00381788] 5 | _ 2 _ 10 6 _ 1 0 9 2 11 5 
[00381789] 5 | _ 2 _ 10 8 _ 3 0 9 2 11 5 
[00381790] 4 | _ 2 _ 10 8 4 3 0 9 2 11 5 
[00381791] 7 | _ 2 _ 10 _ _ _ 0 9 _ 11 4 
[00381792] 6 | 8 2 _ 10 _ _ _ 0 9 _ 11 4 
[00381793] 5 | 8 2 7 10 _ _ _ 0 9 _ 11 4 
[00381794] 4 | 8 2 7 10 6 _ _ 0 9 _ 11 4 
[00381795] 3 | 8 2 7 10 6 3 _ 0 9 _ 11 4 
[00381796] 3 | 8 2 7 10 6 9 _ 0 9 _ 11 4 
[00381797] 3 | 8 2 7 10 6 _ 3 0 9 _ 11 4 
[00381798] 3 | 8 2 7 10 6 _ 9 0 9 _ 11 4 
[00381799] 3 | 8 2 7 10 6 _ _ 0 9 6 11 4 
[00381800] 4 | 8 2 7 10 1 5 _ 0 9 _ 11 4 
[00381801] 3 | 8 2 7 10 1 5 _ 0 9 6 11 4 
[00381802] 2 | 8 2 7 10 1 5 3 0 9 6 11 4 
[00381803] 4 | 8 2 7 10 5 1 _ 0 9 _ 11 4 
[00381804] 3 | 8 2 7 10 5 1 _ 0 9 6 11 4 
[00381805] 2 | 8 2 7 10 5 1 3 0 9 6 11 4 
[00381806] 4 | 8 2 7 10 1 _ 5 0 9 _ 11 4 
[00381807] 3 | 8 2 7 10 1 _ 5 0 9 6 11 4 
[00381808] 2 | 8 2 7 10 1 3 5 0 9 6 11 4 
[00381809] 4 | 8 2 7 10 5 _ 1 0 9 _ 11 4 
[00381810] 3 | 8 2 7 10 5 _ 1 0 9 6 11 4 
[00381811] 2 | 8 2 7 10 5 3 1 0 9 6 11 4 
[00381812] 4 | 8 2 7 10 _ _ _ 0 9 5 11 4 
[00381813] 3 | 8 2 7 10 3 6 _ 0 9 5 11 4 
[00381814] 2 | 8 2 7 10 3 6 1 0 9 5 11 4 
[00381815] 3 | 8 2 7 10 6 3 _ 0 9 5 11 4 
[00381816] 3 | 8 2 7 10 3 _ 6 0 9 5 11 4 
[00381817] 2 | 8 2 7 10 3 1 6 0 9 5 11 4 
[00381818] 3 | 8 2 7 10 6 _ 3 0 9 5 11 4 
[00381819] 5 | 8 2 _ 10 5 _ _ 0 9 _ 11 4 
[00381820] 4 | 8 2 6 10 5 _ _ 0 9 _ 11 4 
[00381821] 4 | 8 2 _ 10 5 1 _ 0 9 _ 11 4 
[00381822] 3 | 8 2 5 10 5 1 _ 0 9 _ 11 4 
[00381823] 2 | 8 2 5 10 5 1 _ 0 9 7 11 4 
[00381824] 3 | 8 2 _ 10 5 1 2 0 9 _ 11 4 
[00381825] 2 | 8 2 _ 10 5 1 2 0 9 7 11 4 
[00381826] 3 | 8 2 _ 10 5 1 _ 0 9 6 11 4 
[00381827] 2 | 8 2 _ 10 5 1 3 0 9 6 11 4 
[00381828] 2 | 8 2 _ 10 5 1 7 0 9 6 11 4 
[00381829] 1 | 8 2 3 10 5 1 7 0 9 6 11 4  *Graceful*
[00381829] 4 | 8 2 _ 10 5 9 _ 0 9 _ 11 4 
[00381830] 3 | 8 2 5 10 5 9 _ 0 9 _ 11 4 
[00381831] 3 | 8 2 _ 10 5 9 2 0 9 _ 11 4 
[00381832] 4 | 8 2 _ 10 5 _ 1 0 9 _ 11 4 
[00381833] 3 | 8 2 5 10 5 _ 1 0 9 _ 11 4 
[00381834] 2 | 8 2 5 10 5 _ 1 0 9 7 11 4 
[00381835] 3 | 8 2 _ 10 5 2 1 0 9 _ 11 4 
[00381836] 2 | 8 2 _ 10 5 2 1 0 9 7 11 4 
[00381837] 3 | 8 2 _ 10 5 _ 1 0 9 6 11 4 
[00381838] 2 | 8 2 _ 10 5 3 1 0 9 6 11 4 
[00381839] 2 | 8 2 _ 10 5 7 1 0 9 6 11 4 
[00381840] 1 | 8 2 3 10 5 7 1 0 9 6 11 4  *Graceful*
[00381840] 4 | 8 2 _ 10 5 _ 9 0 9 _ 11 4 
[00381841] 3 | 8 2 5 10 5 _ 9 0 9 _ 11 4 
[00381842] 3 | 8 2 _ 10 5 2 9 0 9 _ 11 4 
[00381843] 4 | 8 2 _ 10 5 _ _ 0 9 5 11 4 
[00381844] 5 | 8 2 _ 10 1 6 _ 0 9 _ 11 4 
[00381845] 4 | 8 2 _ 10 1 6 5 0 9 _ 11 4 
[00381846] 4 | 8 2 _ 10 1 6 _ 0 9 5 11 4 
[00381847] 5 | 8 2 _ 10 6 1 _ 0 9 _ 11 4 
[00381848] 4 | 8 2 6 10 6 1 _ 0 9 _ 11 4 
[00381849] 4 | 8 2 _ 10 6 1 2 0 9 _ 11 4 
[00381850] 4 | 8 2 _ 10 6 1 _ 0 9 5 11 4 
[00381851] 3 | 8 2 _ 10 6 1 3 0 9 5 11 4 
[00381852] 5 | 8 2 _ 10 1 _ 6 0 9 _ 11 4 
[00381853] 4 | 8 2 _ 10 1 5 6 0 9 _ 11 4 
[00381854] 4 | 8 2 _ 10 1 _ 6 0 9 5 11 4 
[00381855] 5 | 8 2 _ 10 6 _ 1 0 9 _ 11 4 
[00381856] 4 | 8 2 6 10 6 _ 1 0 9 _ 11 4 
[00381857] 4 | 8 2 _ 10 6 2 1 0 9 _ 11 4 
[00381858] 4 | 8 2 _ 10 6 _ 1 0 9 5 11 4 
[00381859] 3 | 8 2 _ 10 6 3 1 0 9 5 11 4 
[00381860] 6 | _ 2 8 10 _ _ _ 0 9 _ 11 4 
[00381861] 5 | 7 2 8 10 _ _ _ 0 9 _ 11 4 
[00381862] 4 | 7 2 8 10 6 _ _ 0 9 _ 11 4 
[00381863] 3 | 7 2 8 10 6 3 _ 0 9 _ 11 4 
[00381864] 3 | 7 2 8 10 6 9 _ 0 9 _ 11 4 
[00381865] 3 | 7 2 8 10 6 _ 3 0 9 _ 11 4 
[00381866] 3 | 7 2 8 10 6 _ 9 0 9 _ 11 4 
[00381867] 3 | 7 2 8 10 6 _ _ 0 9 6 11 4 
[00381868] 4 | 7 2 8 10 1 5 _ 0 9 _ 11 4 
[00381869] 3 | 7 2 8 10 1 5 _ 0 9 6 11 4 
[00381870] 2 | 7 2 8 10 1 5 3 0 9 6 11 4 
[00381871] 4 | 7 2 8 10 5 1 _ 0 9 _ 11 4 
[00381872] 3 | 7 2 8 10 5 1 _ 0 9 6 11 4 
[00381873] 2 | 7 2 8 10 5 1 3 0 9 6 11 4 
[00381874] 4 | 7 2 8 10 1 _ 5 0 9 _ 11 4 
[00381875] 3 | 7 2 8 10 1 _ 5 0 9 6 11 4 
[00381876] 2 | 7 2 8 10 1 3 5 0 9 6 11 4 
[00381877] 4 | 7 2 8 10 5 _ 1 0 9 _ 11 4 
[00381878] 3 | 7 2 8 10 5 _ 1 0 9 6 11 4 
[00381879] 2 | 7 2 8 10 5 3 1 0 9 6 11 4 
[00381880] 4 | 7 2 8 10 _ _ _ 0 9 5 11 4 
[00381881] 3 | 7 2 8 10 3 6 _ 0 9 5 11 4 
[00381882] 2 | 7 2 8 10 3 6 1 0 9 5 11 4 
[00381883] 3 | 7 2 8 10 6 3 _ 0 9 5 11 4 
[00381884] 3 | 7 2 8 10 3 _ 6 0 9 5 11 4 
[00381885] 2 | 7 2 8 10 3 1 6 0 9 5 11 4 
[00381886] 3 | 7 2 8 10 6 _ 3 0 9 5 11 4 
[00381887] 5 | _ 2 8 10 5 _ _ 0 9 _ 11 4 
[00381888] 4 | 6 2 8 10 5 _ _ 0 9 _ 11 4 
[00381889] 4 | _ 2 8 10 5 1 _ 0 9 _ 11 4 
[00381890] 3 | 5 2 8 10 5 1 _ 0 9 _ 11 4 
[00381891] 2 | 5 2 8 10 5 1 _ 0 9 7 11 4 
[00381892] 3 | _ 2 8 10 5 1 2 0 9 _ 11 4 
[00381893] 2 | _ 2 8 10 5 1 2 0 9 7 11 4 
[00381894] 3 | _ 2 8 10 5 1 _ 0 9 6 11 4 
[00381895] 2 | _ 2 8 10 5 1 3 0 9 6 11 4 
[00381896] 2 | _ 2 8 10 5 1 7 0 9 6 11 4 
[00381897] 1 | 3 2 8 10 5 1 7 0 9 6 11 4  *Graceful*
[00381897] 4 | _ 2 8 10 5 9 _ 0 9 _ 11 4 
[00381898] 3 | 5 2 8 10 5 9 _ 0 9 _ 11 4 
[00381899] 3 | _ 2 8 10 5 9 2 0 9 _ 11 4 
[00381900] 4 | _ 2 8 10 5 _ 1 0 9 _ 11 4 
[00381901] 3 | 5 2 8 10 5 _ 1 0 9 _ 11 4 
[00381902] 2 | 5 2 8 10 5 _ 1 0 9 7 11 4 
[00381903] 3 | _ 2 8 10 5 2 1 0 9 _ 11 4 
[00381904] 2 | _ 2 8 10 5 2 1 0 9 7 11 4 
[00381905] 3 | _ 2 8 10 5 _ 1 0 9 6 11 4 
[00381906] 2 | _ 2 8 10 5 3 1 0 9 6 11 4 
[00381907] 2 | _ 2 8 10 5 7 1 0 9 6 11 4 
[00381908] 1 | 3 2 8 10 5 7 1 0 9 6 11 4  *Graceful*
[00381908] 4 | _ 2 8 10 5 _ 9 0 9 _ 11 4 
[00381909] 3 | 5 2 8 10 5 _ 9 0 9 _ 11 4 
[00381910] 3 | _ 2 8 10 5 2 9 0 9 _ 11 4 
[00381911] 4 | _ 2 8 10 5 _ _ 0 9 5 11 4 
[00381912] 5 | _ 2 8 10 1 6 _ 0 9 _ 11 4 
[00381913] 4 | _ 2 8 10 1 6 5 0 9 _ 11 4 
[00381914] 4 | _ 2 8 10 1 6 _ 0 9 5 11 4 
[00381915] 5 | _ 2 8 10 6 1 _ 0 9 _ 11 4 
[00381916] 4 | 6 2 8 10 6 1 _ 0 9 _ 11 4 
[00381917] 4 | _ 2 8 10 6 1 2 0 9 _ 11 4 
[00381918] 4 | _ 2 8 10 6 1 _ 0 9 5 11 4 
[00381919] 3 | _ 2 8 10 6 1 3 0 9 5 11 4 
[00381920] 5 | _ 2 8 10 1 _ 6 0 9 _ 11 4 
[00381921] 4 | _ 2 8 10 1 5 6 0 9 _ 11 4 
[00381922] 4 | _ 2 8 10 1 _ 6 0 9 5 11 4 
[00381923] 5 | _ 2 8 10 6 _ 1 0 9 _ 11 4 
[00381924] 4 | 6 2 8 10 6 _ 1 0 9 _ 11 4 
[00381925] 4 | _ 2 8 10 6 2 1 0 9 _ 11 4 
[00381926] 4 | _ 2 8 10 6 _ 1 0 9 5 11 4 
[00381927] 3 | _ 2 8 10 6 3 1 0 9 5 11 4 
[00381928] 6 | _ 2 _ 10 1 7 _ 0 9 _ 11 4 
[00381929] 5 | _ 2 _ 10 1 7 6 0 9 _ 11 4 
[00381930] 4 | _ 2 _ 10 1 7 6 0 9 5 11 4 
[00381931] 6 | _ 2 _ 10 7 1 _ 0 9 _ 11 4 
[00381932] 5 | 7 2 _ 10 7 1 _ 0 9 _ 11 4 
[00381933] 4 | 7 2 6 10 7 1 _ 0 9 _ 11 4 
[00381934] 4 | 7 2 _ 10 7 1 _ 0 9 5 11 4 
[00381935] 5 | _ 2 7 10 7 1 _ 0 9 _ 11 4 
[00381936] 4 | 6 2 7 10 7 1 _ 0 9 _ 11 4 
[00381937] 4 | _ 2 7 10 7 1 _ 0 9 5 11 4 
[00381938] 5 | _ 2 _ 10 7 1 2 0 9 _ 11 4 
[00381939] 4 | _ 2 _ 10 7 1 2 0 9 5 11 4 
[00381940] 6 | _ 2 _ 10 1 _ 7 0 9 _ 11 4 
[00381941] 5 | _ 2 _ 10 1 6 7 0 9 _ 11 4 
[00381942] 4 | _ 2 _ 10 1 6 7 0 9 5 11 4 
[00381943] 6 | _ 2 _ 10 7 _ 1 0 9 _ 11 4 
[00381944] 5 | 7 2 _ 10 7 _ 1 0 9 _ 11 4 
[00381945] 4 | 7 2 6 10 7 _ 1 0 9 _ 11 4 
[00381946] 4 | 7 2 _ 10 7 _ 1 0 9 5 11 4 
[00381947] 5 | _ 2 7 10 7 _ 1 0 9 _ 11 4 
[00381948] 4 | 6 2 7 10 7 _ 1 0 9 _ 11 4 
[00381949] 4 | _ 2 7 10 7 _ 1 0 9 5 11 4 
[00381950] 5 | _ 2 _ 10 7 2 1 0 9 _ 11 4 
[00381951] 4 | _ 2 _ 10 7 2 1 0 9 5 11 4 
[00381952] 6 | _ 2 _ 10 _ _ _ 0 9 3 11 4 
[00381953] 5 | 7 2 _ 10 _ _ _ 0 9 3 11 4 
[00381954] 4 | 7 2 6 10 _ _ _ 0 9 3 11 4 
[00381955] 3 | 7 2 6 10 5 8 _ 0 9 3 11 4 
[00381956] 3 | 7 2 6 10 8 5 _ 0 9 3 11 4 
[00381957] 3 | 7 2 6 10 5 _ 8 0 9 3 11 4 
[00381958] 3 | 7 2 6 10 8 _ 5 0 9 3 11 4 
[00381959] 4 | 7 2 _ 10 6 _ _ 0 9 3 11 4 
[00381960] 3 | 7 2 5 10 6 _ _ 0 9 3 11 4 
[00381961] 2 | 7 2 5 10 6 8 _ 0 9 3 11 4 
[00381962] 2 | 7 2 5 10 6 _ 8 0 9 3 11 4 
[00381963] 4 | 7 2 _ 10 1 5 _ 0 9 3 11 4 
[00381964] 4 | 7 2 _ 10 5 1 _ 0 9 3 11 4 
[00381965] 3 | 7 2 5 10 5 1 _ 0 9 3 11 4 
[00381966] 3 | 7 2 _ 10 5 1 2 0 9 3 11 4 
[00381967] 3 | 7 2 _ 10 5 1 8 0 9 3 11 4 
[00381968] 4 | 7 2 _ 10 1 _ 5 0 9 3 11 4 
[00381969] 4 | 7 2 _ 10 5 _ 1 0 9 3 11 4 
[00381970] 3 | 7 2 5 10 5 _ 1 0 9 3 11 4 
[00381971] 3 | 7 2 _ 10 5 2 1 0 9 3 11 4 
[00381972] 3 | 7 2 _ 10 5 8 1 0 9 3 11 4 
[00381973] 5 | _ 2 7 10 _ _ _ 0 9 3 11 4 
[00381974] 4 | 6 2 7 10 _ _ _ 0 9 3 11 4 
[00381975] 3 | 6 2 7 10 5 8 _ 0 9 3 11 4 
[00381976] 3 | 6 2 7 10 8 5 _ 0 9 3 11 4 
[00381977] 3 | 6 2 7 10 5 _ 8 0 9 3 11 4 
[00381978] 3 | 6 2 7 10 8 _ 5 0 9 3 11 4 
[00381979] 4 | _ 2 7 10 6 _ _ 0 9 3 11 4 
[00381980] 3 | 5 2 7 10 6 _ _ 0 9 3 11 4 
[00381981] 2 | 5 2 7 10 6 8 _ 0 9 3 11 4 
[00381982] 2 | 5 2 7 10 6 _ 8 0 9 3 11 4 
[00381983] 4 | _ 2 7 10 1 5 _ 0 9 3 11 4 
[00381984] 4 | _ 2 7 10 5 1 _ 0 9 3 11 4 
[00381985] 3 | 5 2 7 10 5 1 _ 0 9 3 11 4 
[00381986] 3 | _ 2 7 10 5 1 2 0 9 3 11 4 
[00381987] 3 | _ 2 7 10 5 1 8 0 9 3 11 4 
[00381988] 4 | _ 2 7 10 1 _ 5 0 9 3 11 4 
[00381989] 4 | _ 2 7 10 5 _ 1 0 9 3 11 4 
[00381990] 3 | 5 2 7 10 5 _ 1 0 9 3 11 4 
[00381991] 3 | _ 2 7 10 5 2 1 0 9 3 11 4 
[00381992] 3 | _ 2 7 10 5 8 1 0 9 3 11 4 
[00381993] 5 | _ 2 _ 10 5 _ _ 0 9 3 11 4 
[00381994] 4 | 6 2 _ 10 5 _ _ 0 9 3 11 4 
[00381995] 3 | 6 2 5 10 5 _ _ 0 9 3 11 4 
[00381996] 3 | 6 2 _ 10 5 2 _ 0 9 3 11 4 
[00381997] 2 | 6 2 _ 10 5 2 7 0 9 3 11 4 
[00381998] 3 | 6 2 _ 10 5 8 _ 0 9 3 11 4 
[00381999] 2 | 6 2 _ 10 5 8 7 0 9 3 11 4 
[00382000] 1 | 6 2 1 10 5 8 7 0 9 3 11 4  *Graceful*
[00382000] 3 | 6 2 _ 10 5 _ 2 0 9 3 11 4 
[00382001] 2 | 6 2 _ 10 5 7 2 0 9 3 11 4 
[00382002] 3 | 6 2 _ 10 5 _ 8 0 9 3 11 4 
[00382003] 2 | 6 2 _ 10 5 7 8 0 9 3 11 4 
[00382004] 1 | 6 2 1 10 5 7 8 0 9 3 11 4  *Graceful*
[00382004] 4 | _ 2 6 10 5 _ _ 0 9 3 11 4 
[00382005] 3 | 5 2 6 10 5 _ _ 0 9 3 11 4 
[00382006] 3 | _ 2 6 10 5 2 _ 0 9 3 11 4 
[00382007] 2 | _ 2 6 10 5 2 7 0 9 3 11 4 
[00382008] 3 | _ 2 6 10 5 8 _ 0 9 3 11 4 
[00382009] 2 | _ 2 6 10 5 8 7 0 9 3 11 4 
[00382010] 1 | 1 2 6 10 5 8 7 0 9 3 11 4  *Graceful*
[00382010] 3 | _ 2 6 10 5 _ 2 0 9 3 11 4 
[00382011] 2 | _ 2 6 10 5 7 2 0 9 3 11 4 
[00382012] 3 | _ 2 6 10 5 _ 8 0 9 3 11 4 
[00382013] 2 | _ 2 6 10 5 7 8 0 9 3 11 4 
[00382014] 1 | 1 2 6 10 5 7 8 0 9 3 11 4  *Graceful*
[00382014] 4 | _ 2 _ 10 5 1 _ 0 9 3 11 4 
[00382015] 3 | 5 2 _ 10 5 1 _ 0 9 3 11 4 
[00382016] 3 | _ 2 5 10 5 1 _ 0 9 3 11 4 
[00382017] 3 | _ 2 _ 10 5 1 2 0 9 3 11 4 
[00382018] 3 | _ 2 _ 10 5 1 8 0 9 3 11 4 
[00382019] 4 | _ 2 _ 10 5 _ 1 0 9 3 11 4 
[00382020] 3 | 5 2 _ 10 5 _ 1 0 9 3 11 4 
[00382021] 3 | _ 2 5 10 5 _ 1 0 9 3 11 4 
[00382022] 3 | _ 2 _ 10 5 2 1 0 9 3 11 4 
[00382023] 3 | _ 2 _ 10 5 8 1 0 9 3 11 4 
[00382024] 5 | _ 2 _ 10 1 6 _ 0 9 3 11 4 
[00382025] 4 | _ 2 _ 10 1 6 5 0 9 3 11 4 
[00382026] 5 | _ 2 _ 10 6 1 _ 0 9 3 11 4 
[00382027] 4 | 6 2 _ 10 6 1 _ 0 9 3 11 4 
[00382028] 3 | 6 2 5 10 6 1 _ 0 9 3 11 4 
[00382029] 4 | _ 2 6 10 6 1 _ 0 9 3 11 4 
[00382030] 3 | 5 2 6 10 6 1 _ 0 9 3 11 4 
[00382031] 4 | _ 2 _ 10 6 1 2 0 9 3 11 4 
[00382032] 5 | _ 2 _ 10 1 _ 6 0 9 3 11 4 
[00382033] 4 | _ 2 _ 10 1 5 6 0 9 3 11 4 
[00382034] 5 | _ 2 _ 10 6 _ 1 0 9 3 11 4 
[00382035] 4 | 6 2 _ 10 6 _ 1 0 9 3 11 4 
[00382036] 3 | 6 2 5 10 6 _ 1 0 9 3 11 4 
[00382037] 4 | _ 2 6 10 6 _ 1 0 9 3 11 4 
[00382038] 3 | 5 2 6 10 6 _ 1 0 9 3 11 4 
[00382039] 4 | _ 2 _ 10 6 2 1 0 9 3 11 4 
[00382040] 8 | _ _ _ 10 2 _ _ 0 9 _ 11 _ 
[00382041] 7 | 1 8 _ 10 2 _ _ 0 9 _ 11 _ 
[00382042] 6 | 1 8 2 10 2 _ _ 0 9 _ 11 _ 
[00382043] 5 | 1 8 2 10 2 _ _ 0 9 4 11 _ 
[00382044] 4 | 1 8 2 10 2 _ _ 0 9 4 11 7 
[00382045] 5 | 1 8 2 10 2 _ _ 0 9 _ 11 6 
[00382046] 4 | 1 8 2 10 2 _ _ 0 9 5 11 6 
[00382047] 6 | 1 8 _ 10 2 8 _ 0 9 _ 11 _ 
[00382048] 5 | 1 8 _ 10 2 8 7 0 9 _ 11 _ 
[00382049] 4 | 1 8 _ 10 2 8 7 0 9 5 11 _ 
[00382050] 5 | 1 8 _ 10 2 8 _ 0 9 4 11 _ 
[00382051] 4 | 1 8 _ 10 2 8 6 0 9 4 11 _ 
[00382052] 4 | 1 8 _ 10 2 8 _ 0 9 4 11 7 
[00382053] 3 | 1 8 _ 10 2 8 5 0 9 4 11 7 
[00382054] 5 | 1 8 _ 10 2 8 _ 0 9 _ 11 6 
[00382055] 4 | 1 8 _ 10 2 8 _ 0 9 5 11 6 
[00382056] 6 | 1 8 _ 10 2 _ 8 0 9 _ 11 _ 
[00382057] 5 | 1 8 _ 10 2 7 8 0 9 _ 11 _ 
[00382058] 4 | 1 8 _ 10 2 7 8 0 9 5 11 _ 
[00382059] 5 | 1 8 _ 10 2 _ 8 0 9 4 11 _ 
[00382060] 4 | 1 8 _ 10 2 6 8 0 9 4 11 _ 
[00382061] 4 | 1 8 _ 10 2 _ 8 0 9 4 11 7 
[00382062] 3 | 1 8 _ 10 2 5 8 0 9 4 11 7 
[00382063] 5 | 1 8 _ 10 2 _ 8 0 9 _ 11 6 
[00382064] 4 | 1 8 _ 10 2 _ 8 0 9 5 11 6 
[00382065] 6 | 1 8 _ 10 2 _ _ 0 9 3 11 _ 
[00382066] 5 | 1 8 _ 10 2 7 _ 0 9 3 11 _ 
[00382067] 4 | 1 8 4 10 2 7 _ 0 9 3 11 _ 
[00382068] 3 | 1 8 4 10 2 7 5 0 9 3 11 _ 
[00382069] 4 | 1 8 _ 10 2 7 6 0 9 3 11 _ 
[00382070] 3 | 1 8 5 10 2 7 6 0 9 3 11 _ 
[00382071] 3 | 1 8 11 10 2 7 6 0 9 3 11 _ 
[00382072] 3 | 1 8 _ 10 2 7 6 0 9 3 11 8 
[00382073] 5 | 1 8 _ 10 2 _ 7 0 9 3 11 _ 
[00382074] 4 | 1 8 4 10 2 _ 7 0 9 3 11 _ 
[00382075] 3 | 1 8 4 10 2 5 7 0 9 3 11 _ 
[00382076] 4 | 1 8 _ 10 2 6 7 0 9 3 11 _ 
[00382077] 3 | 1 8 5 10 2 6 7 0 9 3 11 _ 
[00382078] 3 | 1 8 11 10 2 6 7 0 9 3 11 _ 
[00382079] 3 | 1 8 _ 10 2 6 7 0 9 3 11 8 
[00382080] 5 | 1 8 _ 10 2 _ _ 0 9 3 11 6 
[00382081] 4 | 1 8 4 10 2 _ _ 0 9 3 11 6 
[00382082] 3 | 1 8 4 10 2 5 _ 0 9 3 11 6 
[00382083] 3 | 1 8 4 10 2 _ 5 0 9 3 11 6 
[00382084] 6 | 1 8 _ 10 2 _ _ 0 9 _ 11 5 
[00382085] 5 | 1 8 3 10 2 _ _ 0 9 _ 11 5 
[00382086] 4 | 1 8 3 10 2 6 _ 0 9 _ 11 5 
[00382087] 4 | 1 8 3 10 2 _ 6 0 9 _ 11 5 
[00382088] 5 | 1 8 _ 10 2 7 _ 0 9 _ 11 5 
[00382089] 4 | 1 8 4 10 2 7 _ 0 9 _ 11 5 
[00382090] 3 | 1 8 4 10 2 7 _ 0 9 6 11 5 
[00382091] 4 | 1 8 _ 10 2 7 6 0 9 _ 11 5 
[00382092] 5 | 1 8 _ 10 2 _ 7 0 9 _ 11 5 
[00382093] 4 | 1 8 4 10 2 _ 7 0 9 _ 11 5 
[00382094] 3 | 1 8 4 10 2 _ 7 0 9 6 11 5 
[00382095] 4 | 1 8 _ 10 2 6 7 0 9 _ 11 5 
[00382096] 5 | 1 8 _ 10 2 _ _ 0 9 4 11 5 
[00382097] 4 | 1 8 _ 10 2 6 _ 0 9 4 11 5 
[00382098] 4 | 1 8 _ 10 2 _ 6 0 9 4 11 5 
[00382099] 7 | 8 1 _ 10 2 _ _ 0 9 _ 11 _ 
[00382100] 7 | _ 1 8 10 2 _ _ 0 9 _ 11 _ 
[00382101] 7 | _ 8 1 10 2 _ _ 0 9 _ 11 _ 
[00382102] 6 | 2 8 1 10 2 _ _ 0 9 _ 11 _ 
[00382103] 5 | 2 8 1 10 2 _ _ 0 9 4 11 _ 
[00382104] 4 | 2 8 1 10 2 _ _ 0 9 4 11 7 
[00382105] 5 | 2 8 1 10 2 _ _ 0 9 _ 11 6 
[00382106] 4 | 2 8 1 10 2 _ _ 0 9 5 11 6 
[00382107] 6 | _ 8 1 10 2 8 _ 0 9 _ 11 _ 
[00382108] 5 | _ 8 1 10 2 8 7 0 9 _ 11 _ 
[00382109] 4 | _ 8 1 10 2 8 7 0 9 5 11 _ 
[00382110] 5 | _ 8 1 10 2 8 _ 0 9 4 11 _ 
[00382111] 4 | _ 8 1 10 2 8 6 0 9 4 11 _ 
[00382112] 4 | _ 8 1 10 2 8 _ 0 9 4 11 7 
[00382113] 3 | _ 8 1 10 2 8 5 0 9 4 11 7 
[00382114] 5 | _ 8 1 10 2 8 _ 0 9 _ 11 6 
[00382115] 4 | _ 8 1 10 2 8 _ 0 9 5 11 6 
[00382116] 6 | _ 8 1 10 2 _ 8 0 9 _ 11 _ 
[00382117] 5 | _ 8 1 10 2 7 8 0 9 _ 11 _ 
[00382118] 4 | _ 8 1 10 2 7 8 0 9 5 11 _ 
[00382119] 5 | _ 8 1 10 2 _ 8 0 9 4 11 _ 
[00382120] 4 | _ 8 1 10 2 6 8 0 9 4 11 _ 
[00382121] 4 | _ 8 1 10 2 _ 8 0 9 4 11 7 
[00382122] 3 | _ 8 1 10 2 5 8 0 9 4 11 7 
[00382123] 5 | _ 8 1 10 2 _ 8 0 9 _ 11 6 
[00382124] 4 | _ 8 1 10 2 _ 8 0 9 5 11 6 
[00382125] 6 | _ 8 1 10 2 _ _ 0 9 3 11 _ 
[00382126] 5 | _ 8 1 10 2 7 _ 0 9 3 11 _ 
[00382127] 4 | 4 8 1 10 2 7 _ 0 9 3 11 _ 
[00382128] 3 | 4 8 1 10 2 7 5 0 9 3 11 _ 
[00382129] 4 | _ 8 1 10 2 7 6 0 9 3 11 _ 
[00382130] 3 | 5 8 1 10 2 7 6 0 9 3 11 _ 
[00382131] 3 | 11 8 1 10 2 7 6 0 9 3 11 _ 
[00382132] 3 | _ 8 1 10 2 7 6 0 9 3 11 8 
[00382133] 5 | _ 8 1 10 2 _ 7 0 9 3 11 _ 
[00382134] 4 | 4 8 1 10 2 _ 7 0 9 3 11 _ 
[00382135] 3 | 4 8 1 10 2 5 7 0 9 3 11 _ 
[00382136] 4 | _ 8 1 10 2 6 7 0 9 3 11 _ 
[00382137] 3 | 5 8 1 10 2 6 7 0 9 3 11 _ 
[00382138] 3 | 11 8 1 10 2 6 7 0 9 3 11 _ 
[00382139] 3 | _ 8 1 10 2 6 7 0 9 3 11 8 
[00382140] 5 | _ 8 1 10 2 _ _ 0 9 3 11 6 
[00382141] 4 | 4 8 1 10 2 _ _ 0 9 3 11 6 
[00382142] 3 | 4 8 1 10 2 5 _ 0 9 3 11 6 
[00382143] 3 | 4 8 1 10 2 _ 5 0 9 3 11 6 
[00382144] 6 | _ 8 1 10 2 _ _ 0 9 _ 11 5 
[00382145] 5 | 3 8 1 10 2 _ _ 0 9 _ 11 5 
[00382146] 4 | 3 8 1 10 2 6 _ 0 9 _ 11 5 
[00382147] 4 | 3 8 1 10 2 _ 6 0 9 _ 11 5 
[00382148] 5 | _ 8 1 10 2 7 _ 0 9 _ 11 5 
[00382149] 4 | 4 8 1 10 2 7 _ 0 9 _ 11 5 
[00382150] 3 | 4 8 1 10 2 7 _ 0 9 6 11 5 
[00382151] 4 | _ 8 1 10 2 7 6 0 9 _ 11 5 
[00382152] 5 | _ 8 1 10 2 _ 7 0 9 _ 11 5 
[00382153] 4 | 4 8 1 10 2 _ 7 0 9 _ 11 5 
[00382154] 3 | 4 8 1 10 2 _ 7 0 9 6 11 5 
[00382155] 4 | _ 8 1 10 2 6 7 0 9 _ 11 5 
[00382156] 5 | _ 8 1 10 2 _ _ 0 9 4 11 5 
[00382157] 4 | _ 8 1 10 2 6 _ 0 9 4 11 5 
[00382158] 4 | _ 8 1 10 2 _ 6 0 9 4 11 5 
[00382159] 7 | _ 3 _ 10 2 _ _ 0 9 _ 11 _ 
[00382160] 6 | 9 3 _ 10 2 _ _ 0 9 _ 11 _ 
[00382161] 5 | 9 3 8 10 2 _ _ 0 9 _ 11 _ 
[00382162] 4 | 9 3 8 10 2 6 _ 0 9 _ 11 _ 
[00382163] 3 | 9 3 8 10 2 6 5 0 9 _ 11 _ 
[00382164] 4 | 9 3 8 10 2 _ 6 0 9 _ 11 _ 
[00382165] 3 | 9 3 8 10 2 5 6 0 9 _ 11 _ 
[00382166] 4 | 9 3 8 10 2 _ _ 0 9 _ 11 7 
[00382167] 3 | 9 3 8 10 2 5 _ 0 9 _ 11 7 
[00382168] 2 | 9 3 8 10 2 5 4 0 9 _ 11 7 
[00382169] 3 | 9 3 8 10 2 _ 5 0 9 _ 11 7 
[00382170] 2 | 9 3 8 10 2 4 5 0 9 _ 11 7 
[00382171] 5 | 9 3 _ 10 2 7 _ 0 9 _ 11 _ 
[00382172] 4 | 9 3 _ 10 2 7 6 0 9 _ 11 _ 
[00382173] 3 | 9 3 _ 10 2 7 6 0 9 _ 11 8 
[00382174] 2 | 9 3 1 10 2 7 6 0 9 _ 11 8 
[00382175] 2 | 9 3 5 10 2 7 6 0 9 _ 11 8 
[00382176] 5 | 9 3 _ 10 2 _ 7 0 9 _ 11 _ 
[00382177] 4 | 9 3 _ 10 2 6 7 0 9 _ 11 _ 
[00382178] 3 | 9 3 _ 10 2 6 7 0 9 _ 11 8 
[00382179] 2 | 9 3 1 10 2 6 7 0 9 _ 11 8 
[00382180] 2 | 9 3 5 10 2 6 7 0 9 _ 11 8 
[00382181] 5 | 9 3 _ 10 2 _ _ 0 9 _ 11 6 
[00382182] 4 | 9 3 7 10 2 _ _ 0 9 _ 11 6 
[00382183] 3 | 9 3 7 10 2 5 _ 0 9 _ 11 6 
[00382184] 2 | 9 3 7 10 2 5 4 0 9 _ 11 6 
[00382185] 3 | 9 3 7 10 2 _ 5 0 9 _ 11 6 
[00382186] 2 | 9 3 7 10 2 4 5 0 9 _ 11 6 
[00382187] 6 | _ 3 9 10 2 _ _ 0 9 _ 11 _ 
[00382188] 5 | 8 3 9 10 2 _ _ 0 9 _ 11 _ 
[00382189] 4 | 8 3 9 10 2 6 _ 0 9 _ 11 _ 
[00382190] 3 | 8 3 9 10 2 6 5 0 9 _ 11 _ 
[00382191] 4 | 8 3 9 10 2 _ 6 0 9 _ 11 _ 
[00382192] 3 | 8 3 9 10 2 5 6 0 9 _ 11 _ 
[00382193] 4 | 8 3 9 10 2 _ _ 0 9 _ 11 7 
[00382194] 3 | 8 3 9 10 2 5 _ 0 9 _ 11 7 
[00382195] 2 | 8 3 9 10 2 5 4 0 9 _ 11 7 
[00382196] 3 | 8 3 9 10 2 _ 5 0 9 _ 11 7 
[00382197] 2 | 8 3 9 10 2 4 5 0 9 _ 11 7 
[00382198] 5 | _ 3 9 10 2 7 _ 0 9 _ 11 _ 
[00382199] 4 | _ 3 9 10 2 7 6 0 9 _ 11 _ 
[00382200] 3 | _ 3 9 10 2 7 6 0 9 _ 11 8 
[00382201] 2 | 1 3 9 10 2 7 6 0 9 _ 11 8 
[00382202] 2 | 5 3 9 10 2 7 6 0 9 _ 11 8 
[00382203] 5 | _ 3 9 10 2 _ 7 0 9 _ 11 _ 
[00382204] 4 | _ 3 9 10 2 6 7 0 9 _ 11 _ 
[00382205] 3 | _ 3 9 10 2 6 7 0 9 _ 11 8 
[00382206] 2 | 1 3 9 10 2 6 7 0 9 _ 11 8 
[00382207] 2 | 5 3 9 10 2 6 7 0 9 _ 11 8 
[00382208] 5 | _ 3 9 10 2 _ _ 0 9 _ 11 6 
[00382209] 4 | 7 3 9 10 2 _ _ 0 9 _ 11 6 
[00382210] 3 | 7 3 9 10 2 5 _ 0 9 _ 11 6 
[00382211] 2 | 7 3 9 10 2 5 4 0 9 _ 11 6 
[00382212] 3 | 7 3 9 10 2 _ 5 0 9 _ 11 6 
[00382213] 2 | 7 3 9 10 2 4 5 0 9 _ 11 6 
[00382214] 6 | _ 3 _ 10 2 8 _ 0 9 _ 11 _ 
[00382215] 5 | _ 3 _ 10 2 8 7 0 9 _ 11 _ 
[00382216] 4 | _ 3 _ 10 2 8 7 0 9 5 11 _ 
[00382217] 3 | 6 3 _ 10 2 8 7 0 9 5 11 _ 
[00382218] 2 | 6 3 1 10 2 8 7 0 9 5 11 _ 
[00382219] 3 | _ 3 6 10 2 8 7 0 9 5 11 _ 
[00382220] 2 | 1 3 6 10 2 8 7 0 9 5 11 _ 
[00382221] 5 | _ 3 _ 10 2 8 _ 0 9 4 11 _ 
[00382222] 4 | 7 3 _ 10 2 8 _ 0 9 4 11 _ 
[00382223] 3 | 7 3 6 10 2 8 _ 0 9 4 11 _ 
[00382224] 3 | 7 3 _ 10 2 8 5 0 9 4 11 _ 
[00382225] 2 | 7 3 1 10 2 8 5 0 9 4 11 _ 
[00382226] 4 | _ 3 7 10 2 8 _ 0 9 4 11 _ 
[00382227] 3 | 6 3 7 10 2 8 _ 0 9 4 11 _ 
[00382228] 3 | _ 3 7 10 2 8 5 0 9 4 11 _ 
[00382229] 2 | 1 3 7 10 2 8 5 0 9 4 11 _ 
[00382230] 4 | _ 3 _ 10 2 8 6 0 9 4 11 _ 
[00382231] 4 | _ 3 _ 10 2 8 _ 0 9 4 11 7 
[00382232] 3 | 6 3 _ 10 2 8 _ 0 9 4 11 7 
[00382233] 2 | 6 3 1 10 2 8 _ 0 9 4 11 7 
[00382234] 2 | 6 3 5 10 2 8 _ 0 9 4 11 7 
[00382235] 1 | 6 3 5 10 2 8 1 0 9 4 11 7  *Graceful*
[00382235] 3 | _ 3 6 10 2 8 _ 0 9 4 11 7 
[00382236] 2 | 1 3 6 10 2 8 _ 0 9 4 11 7 
[00382237] 2 | 5 3 6 10 2 8 _ 0 9 4 11 7 
[00382238] 1 | 5 3 6 10 2 8 1 0 9 4 11 7  *Graceful*
[00382238] 3 | _ 3 _ 10 2 8 5 0 9 4 11 7 
[00382239] 2 | 1 3 _ 10 2 8 5 0 9 4 11 7 
[00382240] 2 | _ 3 1 10 2 8 5 0 9 4 11 7 
[00382241] 5 | _ 3 _ 10 2 8 _ 0 9 _ 11 6 
[00382242] 4 | 7 3 _ 10 2 8 _ 0 9 _ 11 6 
[00382243] 3 | 7 3 _ 10 2 8 5 0 9 _ 11 6 
[00382244] 2 | 7 3 1 10 2 8 5 0 9 _ 11 6 
[00382245] 4 | _ 3 7 10 2 8 _ 0 9 _ 11 6 
[00382246] 3 | _ 3 7 10 2 8 5 0 9 _ 11 6 
[00382247] 2 | 1 3 7 10 2 8 5 0 9 _ 11 6 
[00382248] 4 | _ 3 _ 10 2 8 _ 0 9 5 11 6 
[00382249] 6 | _ 3 _ 10 2 _ 8 0 9 _ 11 _ 
[00382250] 5 | _ 3 _ 10 2 7 8 0 9 _ 11 _ 
[00382251] 4 | _ 3 _ 10 2 7 8 0 9 5 11 _ 
[00382252] 3 | 6 3 _ 10 2 7 8 0 9 5 11 _ 
[00382253] 2 | 6 3 1 10 2 7 8 0 9 5 11 _ 
[00382254] 3 | _ 3 6 10 2 7 8 0 9 5 11 _ 
[00382255] 2 | 1 3 6 10 2 7 8 0 9 5 11 _ 
[00382256] 5 | _ 3 _ 10 2 _ 8 0 9 4 11 _ 
[00382257] 4 | 7 3 _ 10 2 _ 8 0 9 4 11 _ 
[00382258] 3 | 7 3 6 10 2 _ 8 0 9 4 11 _ 
[00382259] 3 | 7 3 _ 10 2 5 8 0 9 4 11 _ 
[00382260] 2 | 7 3 1 10 2 5 8 0 9 4 11 _ 
[00382261] 4 | _ 3 7 10 2 _ 8 0 9 4 11 _ 
[00382262] 3 | 6 3 7 10 2 _ 8 0 9 4 11 _ 
[00382263] 3 | _ 3 7 10 2 5 8 0 9 4 11 _ 
[00382264] 2 | 1 3 7 10 2 5 8 0 9 4 11 _ 
[00382265] 4 | _ 3 _ 10 2 6 8 0 9 4 11 _ 
[00382266] 4 | _ 3 _ 10 2 _ 8 0 9 4 11 7 
[00382267] 3 | 6 3 _ 10 2 _ 8 0 9 4 11 7 
[00382268] 2 | 6 3 1 10 2 _ 8 0 9 4 11 7 
[00382269] 2 | 6 3 5 10 2 _ 8 0 9 4 11 7 
