[00377320] 1 | 9 2 8 10 1 4 3 0 5 6 11 7  *Graceful*
[00377320] 2 | 9 2 8 10 1 4 _ 0 5 3 11 7 
[00377321] 3 | 9 2 8 10 1 _ 4 0 5 _ 11 7 
[00377322] 2 | 9 2 8 10 1 3 4 0 5 _ 11 7 
[00377323] 1 | 9 2 8 10 1 3 4 0 5 6 11 7  *Graceful*
[00377323] 2 | 9 2 8 10 1 _ 4 0 5 3 11 7 
[00377324] 5 | 9 2 8 10 1 _ _ 0 _ _ 11 6 
[00377325] 4 | 9 2 8 10 1 5 _ 0 _ _ 11 6 
[00377326] 3 | 9 2 8 10 1 5 4 0 _ _ 11 6 
[00377327] 3 | 9 2 8 10 1 5 _ 0 3 _ 11 6 
[00377328] 2 | 9 2 8 10 1 5 3 0 3 _ 11 6 
[00377329] 2 | 9 2 8 10 1 5 _ 0 3 1 11 6 
[00377330] 3 | 9 2 8 10 1 5 _ 0 4 7 11 6 
[00377331] 2 | 9 2 8 10 1 5 3 0 4 7 11 6 
[00377332] 3 | 9 2 8 10 1 5 _ 0 7 4 11 6 
[00377333] 2 | 9 2 8 10 1 5 3 0 7 4 11 6 
[00377334] 4 | 9 2 8 10 1 _ 5 0 _ _ 11 6 
[00377335] 3 | 9 2 8 10 1 4 5 0 _ _ 11 6 
[00377336] 3 | 9 2 8 10 1 _ 5 0 3 _ 11 6 
[00377337] 2 | 9 2 8 10 1 3 5 0 3 _ 11 6 
[00377338] 2 | 9 2 8 10 1 _ 5 0 3 1 11 6 
[00377339] 3 | 9 2 8 10 1 _ 5 0 4 7 11 6 
[00377340] 2 | 9 2 8 10 1 3 5 0 4 7 11 6 
[00377341] 3 | 9 2 8 10 1 _ 5 0 7 4 11 6 
[00377342] 2 | 9 2 8 10 1 3 5 0 7 4 11 6 
[00377343] 4 | 9 2 8 10 1 _ _ 0 4 _ 11 6 
[00377344] 3 | 9 2 8 10 1 4 _ 0 4 _ 11 6 
[00377345] 2 | 9 2 8 10 1 4 3 0 4 _ 11 6 
[00377346] 3 | 9 2 8 10 1 _ 4 0 4 _ 11 6 
[00377347] 2 | 9 2 8 10 1 3 4 0 4 _ 11 6 
[00377348] 3 | 9 2 8 10 1 _ _ 0 4 1 11 6 
[00377349] 3 | 9 2 8 10 1 _ _ 0 4 7 11 6 
[00377350] 2 | 9 2 8 10 1 3 _ 0 4 7 11 6 
[00377351] 2 | 9 2 8 10 1 _ 3 0 4 7 11 6 
[00377352] 4 | 9 2 8 10 1 _ _ 0 3 7 11 6 
[00377353] 3 | 9 2 8 10 1 4 _ 0 3 7 11 6 
[00377354] 3 | 9 2 8 10 1 _ 4 0 3 7 11 6 
[00377355] 4 | 9 2 8 10 1 _ _ 0 7 3 11 6 
[00377356] 3 | 9 2 8 10 1 4 _ 0 7 3 11 6 
[00377357] 3 | 9 2 8 10 1 _ 4 0 7 3 11 6 
[00377358] 6 | 9 2 _ 10 1 7 _ 0 _ _ 11 _ 
[00377359] 5 | 9 2 _ 10 1 7 6 0 _ _ 11 _ 
[00377360] 4 | 9 2 _ 10 1 7 6 0 4 _ 11 _ 
[00377361] 3 | 9 2 5 10 1 7 6 0 4 _ 11 _ 
[00377362] 3 | 9 2 _ 10 1 7 6 0 4 _ 11 8 
[00377363] 2 | 9 2 4 10 1 7 6 0 4 _ 11 8 
[00377364] 2 | 9 2 _ 10 1 7 6 0 4 2 11 8 
[00377365] 4 | 9 2 _ 10 1 7 6 0 4 8 11 _ 
[00377366] 3 | 9 2 5 10 1 7 6 0 4 8 11 _ 
[00377367] 4 | 9 2 _ 10 1 7 6 0 8 4 11 _ 
[00377368] 3 | 9 2 5 10 1 7 6 0 8 4 11 _ 
[00377369] 5 | 9 2 _ 10 1 7 _ 0 5 _ 11 _ 
[00377370] 4 | 9 2 6 10 1 7 _ 0 5 _ 11 _ 
[00377371] 3 | 9 2 6 10 1 7 4 0 5 _ 11 _ 
[00377372] 2 | 9 2 6 10 1 7 4 0 5 3 11 _ 
[00377373] 3 | 9 2 6 10 1 7 _ 0 5 8 11 _ 
[00377374] 2 | 9 2 6 10 1 7 3 0 5 8 11 _ 
[00377375] 3 | 9 2 6 10 1 7 _ 0 5 _ 11 8 
[00377376] 2 | 9 2 6 10 1 7 3 0 5 _ 11 8 
[00377377] 1 | 9 2 6 10 1 7 3 0 5 4 11 8  *Graceful*
[00377377] 2 | 9 2 6 10 1 7 _ 0 5 3 11 8 
[00377378] 4 | 9 2 _ 10 1 7 5 0 5 _ 11 _ 
[00377379] 3 | 9 2 _ 10 1 7 5 0 5 _ 11 8 
[00377380] 2 | 9 2 4 10 1 7 5 0 5 _ 11 8 
[00377381] 4 | 9 2 _ 10 1 7 _ 0 5 1 11 _ 
[00377382] 3 | 9 2 _ 10 1 7 _ 0 5 1 11 8 
[00377383] 2 | 9 2 4 10 1 7 _ 0 5 1 11 8 
[00377384] 5 | 9 2 _ 10 1 7 _ 0 3 8 11 _ 
[00377385] 4 | 9 2 6 10 1 7 _ 0 3 8 11 _ 
[00377386] 3 | 9 2 6 10 1 7 4 0 3 8 11 _ 
[00377387] 4 | 9 2 _ 10 1 7 5 0 3 8 11 _ 
[00377388] 5 | 9 2 _ 10 1 7 _ 0 8 3 11 _ 
[00377389] 4 | 9 2 6 10 1 7 _ 0 8 3 11 _ 
[00377390] 3 | 9 2 6 10 1 7 4 0 8 3 11 _ 
[00377391] 4 | 9 2 _ 10 1 7 5 0 8 3 11 _ 
[00377392] 5 | 9 2 _ 10 1 7 _ 0 _ _ 11 6 
[00377393] 4 | 9 2 _ 10 1 7 5 0 _ _ 11 6 
[00377394] 3 | 9 2 _ 10 1 7 5 0 3 _ 11 6 
[00377395] 2 | 9 2 4 10 1 7 5 0 3 _ 11 6 
[00377396] 4 | 9 2 _ 10 1 7 _ 0 4 _ 11 6 
[00377397] 3 | 9 2 5 10 1 7 _ 0 4 _ 11 6 
[00377398] 2 | 9 2 5 10 1 7 3 0 4 _ 11 6 
[00377399] 3 | 9 2 _ 10 1 7 4 0 4 _ 11 6 
[00377400] 3 | 9 2 _ 10 1 7 _ 0 4 1 11 6 
[00377401] 4 | 9 2 _ 10 1 7 _ 0 4 8 11 6 
[00377402] 3 | 9 2 5 10 1 7 _ 0 4 8 11 6 
[00377403] 2 | 9 2 5 10 1 7 3 0 4 8 11 6 
[00377404] 4 | 9 2 _ 10 1 7 _ 0 8 4 11 6 
[00377405] 3 | 9 2 5 10 1 7 _ 0 8 4 11 6 
[00377406] 2 | 9 2 5 10 1 7 3 0 8 4 11 6 
[00377407] 6 | 9 2 _ 10 1 _ 7 0 _ _ 11 _ 
[00377408] 5 | 9 2 _ 10 1 6 7 0 _ _ 11 _ 
[00377409] 4 | 9 2 _ 10 1 6 7 0 4 _ 11 _ 
[00377410] 3 | 9 2 5 10 1 6 7 0 4 _ 11 _ 
[00377411] 3 | 9 2 _ 10 1 6 7 0 4 _ 11 8 
[00377412] 2 | 9 2 4 10 1 6 7 0 4 _ 11 8 
[00377413] 2 | 9 2 _ 10 1 6 7 0 4 2 11 8 
[00377414] 4 | 9 2 _ 10 1 6 7 0 4 8 11 _ 
[00377415] 3 | 9 2 5 10 1 6 7 0 4 8 11 _ 
[00377416] 4 | 9 2 _ 10 1 6 7 0 8 4 11 _ 
[00377417] 3 | 9 2 5 10 1 6 7 0 8 4 11 _ 
[00377418] 5 | 9 2 _ 10 1 _ 7 0 5 _ 11 _ 
[00377419] 4 | 9 2 6 10 1 _ 7 0 5 _ 11 _ 
[00377420] 3 | 9 2 6 10 1 4 7 0 5 _ 11 _ 
[00377421] 2 | 9 2 6 10 1 4 7 0 5 3 11 _ 
[00377422] 3 | 9 2 6 10 1 _ 7 0 5 8 11 _ 
[00377423] 2 | 9 2 6 10 1 3 7 0 5 8 11 _ 
[00377424] 3 | 9 2 6 10 1 _ 7 0 5 _ 11 8 
[00377425] 2 | 9 2 6 10 1 3 7 0 5 _ 11 8 
[00377426] 1 | 9 2 6 10 1 3 7 0 5 4 11 8  *Graceful*
[00377426] 2 | 9 2 6 10 1 _ 7 0 5 3 11 8 
[00377427] 4 | 9 2 _ 10 1 5 7 0 5 _ 11 _ 
[00377428] 3 | 9 2 _ 10 1 5 7 0 5 _ 11 8 
[00377429] 2 | 9 2 4 10 1 5 7 0 5 _ 11 8 
[00377430] 4 | 9 2 _ 10 1 _ 7 0 5 1 11 _ 
[00377431] 3 | 9 2 _ 10 1 _ 7 0 5 1 11 8 
[00377432] 2 | 9 2 4 10 1 _ 7 0 5 1 11 8 
[00377433] 5 | 9 2 _ 10 1 _ 7 0 3 8 11 _ 
[00377434] 4 | 9 2 6 10 1 _ 7 0 3 8 11 _ 
[00377435] 3 | 9 2 6 10 1 4 7 0 3 8 11 _ 
[00377436] 4 | 9 2 _ 10 1 5 7 0 3 8 11 _ 
[00377437] 5 | 9 2 _ 10 1 _ 7 0 8 3 11 _ 
[00377438] 4 | 9 2 6 10 1 _ 7 0 8 3 11 _ 
[00377439] 3 | 9 2 6 10 1 4 7 0 8 3 11 _ 
[00377440] 4 | 9 2 _ 10 1 5 7 0 8 3 11 _ 
[00377441] 5 | 9 2 _ 10 1 _ 7 0 _ _ 11 6 
[00377442] 4 | 9 2 _ 10 1 5 7 0 _ _ 11 6 
[00377443] 3 | 9 2 _ 10 1 5 7 0 3 _ 11 6 
[00377444] 2 | 9 2 4 10 1 5 7 0 3 _ 11 6 
[00377445] 4 | 9 2 _ 10 1 _ 7 0 4 _ 11 6 
[00377446] 3 | 9 2 5 10 1 _ 7 0 4 _ 11 6 
[00377447] 2 | 9 2 5 10 1 3 7 0 4 _ 11 6 
[00377448] 3 | 9 2 _ 10 1 4 7 0 4 _ 11 6 
[00377449] 3 | 9 2 _ 10 1 _ 7 0 4 1 11 6 
[00377450] 4 | 9 2 _ 10 1 _ 7 0 4 8 11 6 
[00377451] 3 | 9 2 5 10 1 _ 7 0 4 8 11 6 
[00377452] 2 | 9 2 5 10 1 3 7 0 4 8 11 6 
[00377453] 4 | 9 2 _ 10 1 _ 7 0 8 4 11 6 
[00377454] 3 | 9 2 5 10 1 _ 7 0 8 4 11 6 
[00377455] 2 | 9 2 5 10 1 3 7 0 8 4 11 6 
[00377456] 6 | 9 2 _ 10 1 _ _ 0 6 _ 11 _ 
[00377457] 5 | 9 2 7 10 1 _ _ 0 6 _ 11 _ 
[00377458] 4 | 9 2 7 10 1 5 _ 0 6 _ 11 _ 
[00377459] 3 | 9 2 7 10 1 5 4 0 6 _ 11 _ 
[00377460] 2 | 9 2 7 10 1 5 4 0 6 8 11 _ 
[00377461] 3 | 9 2 7 10 1 5 _ 0 6 3 11 _ 
[00377462] 3 | 9 2 7 10 1 5 _ 0 6 _ 11 8 
[00377463] 2 | 9 2 7 10 1 5 3 0 6 _ 11 8 
[00377464] 2 | 9 2 7 10 1 5 _ 0 6 4 11 8 
[00377465] 4 | 9 2 7 10 1 _ 5 0 6 _ 11 _ 
[00377466] 3 | 9 2 7 10 1 4 5 0 6 _ 11 _ 
[00377467] 2 | 9 2 7 10 1 4 5 0 6 8 11 _ 
[00377468] 3 | 9 2 7 10 1 _ 5 0 6 3 11 _ 
[00377469] 3 | 9 2 7 10 1 _ 5 0 6 _ 11 8 
[00377470] 2 | 9 2 7 10 1 3 5 0 6 _ 11 8 
[00377471] 2 | 9 2 7 10 1 _ 5 0 6 4 11 8 
[00377472] 5 | 9 2 _ 10 1 6 _ 0 6 _ 11 _ 
[00377473] 4 | 9 2 _ 10 1 6 5 0 6 _ 11 _ 
[00377474] 3 | 9 2 _ 10 1 6 5 0 6 _ 11 8 
[00377475] 2 | 9 2 4 10 1 6 5 0 6 _ 11 8 
[00377476] 4 | 9 2 _ 10 1 6 _ 0 6 _ 11 7 
[00377477] 3 | 9 2 5 10 1 6 _ 0 6 _ 11 7 
[00377478] 2 | 9 2 5 10 1 6 3 0 6 _ 11 7 
[00377479] 3 | 9 2 _ 10 1 6 4 0 6 _ 11 7 
[00377480] 5 | 9 2 _ 10 1 _ 6 0 6 _ 11 _ 
[00377481] 4 | 9 2 _ 10 1 5 6 0 6 _ 11 _ 
[00377482] 3 | 9 2 _ 10 1 5 6 0 6 _ 11 8 
[00377483] 2 | 9 2 4 10 1 5 6 0 6 _ 11 8 
[00377484] 4 | 9 2 _ 10 1 _ 6 0 6 _ 11 7 
[00377485] 3 | 9 2 5 10 1 _ 6 0 6 _ 11 7 
[00377486] 2 | 9 2 5 10 1 3 6 0 6 _ 11 7 
[00377487] 3 | 9 2 _ 10 1 4 6 0 6 _ 11 7 
[00377488] 5 | 9 2 _ 10 1 _ _ 0 6 1 11 _ 
[00377489] 4 | 9 2 _ 10 1 _ _ 0 6 1 11 7 
[00377490] 3 | 9 2 5 10 1 _ _ 0 6 1 11 7 
[00377491] 5 | 9 2 _ 10 1 _ _ 0 6 11 11 _ 
[00377492] 4 | 9 2 _ 10 1 5 _ 0 6 11 11 _ 
[00377493] 3 | 9 2 _ 10 1 5 4 0 6 11 11 _ 
[00377494] 4 | 9 2 _ 10 1 _ 5 0 6 11 11 _ 
[00377495] 3 | 9 2 _ 10 1 4 5 0 6 11 11 _ 
[00377496] 5 | 9 2 _ 10 1 _ _ 0 6 _ 11 6 
[00377497] 4 | 9 2 _ 10 1 5 _ 0 6 _ 11 6 
[00377498] 3 | 9 2 _ 10 1 5 4 0 6 _ 11 6 
[00377499] 4 | 9 2 _ 10 1 _ 5 0 6 _ 11 6 
[00377500] 3 | 9 2 _ 10 1 4 5 0 6 _ 11 6 
[00377501] 6 | 9 2 _ 10 1 _ _ 0 _ _ 11 5 
[00377502] 5 | 9 2 7 10 1 _ _ 0 _ _ 11 5 
[00377503] 4 | 9 2 7 10 1 _ _ 0 4 _ 11 5 
[00377504] 3 | 9 2 7 10 1 4 _ 0 4 _ 11 5 
[00377505] 2 | 9 2 7 10 1 4 3 0 4 _ 11 5 
[00377506] 3 | 9 2 7 10 1 _ 4 0 4 _ 11 5 
[00377507] 2 | 9 2 7 10 1 3 4 0 4 _ 11 5 
[00377508] 3 | 9 2 7 10 1 _ _ 0 4 1 11 5 
[00377509] 4 | 9 2 7 10 1 _ _ 0 4 8 11 5 
[00377510] 4 | 9 2 7 10 1 _ _ 0 8 4 11 5 
[00377511] 5 | 9 2 _ 10 1 6 _ 0 _ _ 11 5 
[00377512] 4 | 9 2 _ 10 1 6 _ 0 4 _ 11 5 
[00377513] 3 | 9 2 _ 10 1 6 4 0 4 _ 11 5 
[00377514] 3 | 9 2 _ 10 1 6 _ 0 4 1 11 5 
[00377515] 3 | 9 2 _ 10 1 6 _ 0 4 7 11 5 
[00377516] 2 | 9 2 _ 10 1 6 3 0 4 7 11 5 
[00377517] 4 | 9 2 _ 10 1 6 _ 0 3 7 11 5 
[00377518] 3 | 9 2 _ 10 1 6 4 0 3 7 11 5 
[00377519] 4 | 9 2 _ 10 1 6 _ 0 4 8 11 5 
[00377520] 4 | 9 2 _ 10 1 6 _ 0 7 3 11 5 
[00377521] 3 | 9 2 _ 10 1 6 4 0 7 3 11 5 
[00377522] 4 | 9 2 _ 10 1 6 _ 0 8 4 11 5 
[00377523] 5 | 9 2 _ 10 1 _ 6 0 _ _ 11 5 
[00377524] 4 | 9 2 _ 10 1 _ 6 0 4 _ 11 5 
[00377525] 3 | 9 2 _ 10 1 4 6 0 4 _ 11 5 
[00377526] 3 | 9 2 _ 10 1 _ 6 0 4 1 11 5 
[00377527] 3 | 9 2 _ 10 1 _ 6 0 4 7 11 5 
[00377528] 2 | 9 2 _ 10 1 3 6 0 4 7 11 5 
[00377529] 4 | 9 2 _ 10 1 _ 6 0 3 7 11 5 
[00377530] 3 | 9 2 _ 10 1 4 6 0 3 7 11 5 
[00377531] 4 | 9 2 _ 10 1 _ 6 0 4 8 11 5 
[00377532] 4 | 9 2 _ 10 1 _ 6 0 7 3 11 5 
[00377533] 3 | 9 2 _ 10 1 4 6 0 7 3 11 5 
[00377534] 4 | 9 2 _ 10 1 _ 6 0 8 4 11 5 
[00377535] 5 | 9 2 _ 10 1 _ _ 0 3 8 11 5 
[00377536] 4 | 9 2 6 10 1 _ _ 0 3 8 11 5 
[00377537] 3 | 9 2 6 10 1 4 _ 0 3 8 11 5 
[00377538] 3 | 9 2 6 10 1 _ 4 0 3 8 11 5 
[00377539] 5 | 9 2 _ 10 1 _ _ 0 8 3 11 5 
[00377540] 4 | 9 2 6 10 1 _ _ 0 8 3 11 5 
[00377541] 3 | 9 2 6 10 1 4 _ 0 8 3 11 5 
[00377542] 3 | 9 2 6 10 1 _ 4 0 8 3 11 5 
[00377543] 7 | _ 2 9 10 1 _ _ 0 _ _ 11 _ 
[00377544] 6 | 8 2 9 10 1 _ _ 0 _ _ 11 _ 
[00377545] 5 | 8 2 9 10 1 6 _ 0 _ _ 11 _ 
[00377546] 4 | 8 2 9 10 1 6 5 0 _ _ 11 _ 
[00377547] 3 | 8 2 9 10 1 6 5 0 3 _ 11 _ 
[00377548] 3 | 8 2 9 10 1 6 5 0 4 7 11 _ 
[00377549] 3 | 8 2 9 10 1 6 5 0 7 4 11 _ 
[00377550] 4 | 8 2 9 10 1 6 _ 0 4 _ 11 _ 
[00377551] 3 | 8 2 9 10 1 6 4 0 4 _ 11 _ 
[00377552] 3 | 8 2 9 10 1 6 _ 0 4 1 11 _ 
[00377553] 3 | 8 2 9 10 1 6 _ 0 4 7 11 _ 
[00377554] 2 | 8 2 9 10 1 6 3 0 4 7 11 _ 
[00377555] 4 | 8 2 9 10 1 6 _ 0 3 7 11 _ 
[00377556] 3 | 8 2 9 10 1 6 4 0 3 7 11 _ 
[00377557] 4 | 8 2 9 10 1 6 _ 0 7 3 11 _ 
[00377558] 3 | 8 2 9 10 1 6 4 0 7 3 11 _ 
[00377559] 4 | 8 2 9 10 1 6 _ 0 _ _ 11 7 
[00377560] 3 | 8 2 9 10 1 6 4 0 _ _ 11 7 
[00377561] 2 | 8 2 9 10 1 6 4 0 3 5 11 7 
[00377562] 2 | 8 2 9 10 1 6 4 0 5 3 11 7 
[00377563] 3 | 8 2 9 10 1 6 _ 0 3 _ 11 7 
[00377564] 2 | 8 2 9 10 1 6 3 0 3 _ 11 7 
[00377565] 2 | 8 2 9 10 1 6 _ 0 3 1 11 7 
[00377566] 2 | 8 2 9 10 1 6 _ 0 3 5 11 7 
[00377567] 5 | 8 2 9 10 1 _ 6 0 _ _ 11 _ 
[00377568] 4 | 8 2 9 10 1 5 6 0 _ _ 11 _ 
[00377569] 3 | 8 2 9 10 1 5 6 0 3 _ 11 _ 
[00377570] 3 | 8 2 9 10 1 5 6 0 4 7 11 _ 
[00377571] 3 | 8 2 9 10 1 5 6 0 7 4 11 _ 
[00377572] 4 | 8 2 9 10 1 _ 6 0 4 _ 11 _ 
[00377573] 3 | 8 2 9 10 1 4 6 0 4 _ 11 _ 
[00377574] 3 | 8 2 9 10 1 _ 6 0 4 1 11 _ 
[00377575] 3 | 8 2 9 10 1 _ 6 0 4 7 11 _ 
[00377576] 2 | 8 2 9 10 1 3 6 0 4 7 11 _ 
[00377577] 4 | 8 2 9 10 1 _ 6 0 3 7 11 _ 
[00377578] 3 | 8 2 9 10 1 4 6 0 3 7 11 _ 
[00377579] 4 | 8 2 9 10 1 _ 6 0 7 3 11 _ 
[00377580] 3 | 8 2 9 10 1 4 6 0 7 3 11 _ 
[00377581] 4 | 8 2 9 10 1 _ 6 0 _ _ 11 7 
[00377582] 3 | 8 2 9 10 1 4 6 0 _ _ 11 7 
[00377583] 2 | 8 2 9 10 1 4 6 0 3 5 11 7 
[00377584] 2 | 8 2 9 10 1 4 6 0 5 3 11 7 
[00377585] 3 | 8 2 9 10 1 _ 6 0 3 _ 11 7 
[00377586] 2 | 8 2 9 10 1 3 6 0 3 _ 11 7 
[00377587] 2 | 8 2 9 10 1 _ 6 0 3 1 11 7 
[00377588] 2 | 8 2 9 10 1 _ 6 0 3 5 11 7 
[00377589] 5 | 8 2 9 10 1 _ _ 0 5 _ 11 _ 
[00377590] 4 | 8 2 9 10 1 5 _ 0 5 _ 11 _ 
[00377591] 3 | 8 2 9 10 1 5 4 0 5 _ 11 _ 
[00377592] 4 | 8 2 9 10 1 _ 5 0 5 _ 11 _ 
[00377593] 3 | 8 2 9 10 1 4 5 0 5 _ 11 _ 
[00377594] 4 | 8 2 9 10 1 _ _ 0 5 1 11 _ 
[00377595] 4 | 8 2 9 10 1 _ _ 0 5 _ 11 7 
[00377596] 3 | 8 2 9 10 1 4 _ 0 5 _ 11 7 
[00377597] 2 | 8 2 9 10 1 4 3 0 5 _ 11 7 
[00377598] 1 | 8 2 9 10 1 4 3 0 5 6 11 7  *Graceful*
[00377598] 2 | 8 2 9 10 1 4 _ 0 5 3 11 7 
[00377599] 3 | 8 2 9 10 1 _ 4 0 5 _ 11 7 
[00377600] 2 | 8 2 9 10 1 3 4 0 5 _ 11 7 
[00377601] 1 | 8 2 9 10 1 3 4 0 5 6 11 7  *Graceful*
[00377601] 2 | 8 2 9 10 1 _ 4 0 5 3 11 7 
[00377602] 5 | 8 2 9 10 1 _ _ 0 _ _ 11 6 
[00377603] 4 | 8 2 9 10 1 5 _ 0 _ _ 11 6 
[00377604] 3 | 8 2 9 10 1 5 4 0 _ _ 11 6 
[00377605] 3 | 8 2 9 10 1 5 _ 0 3 _ 11 6 
[00377606] 2 | 8 2 9 10 1 5 3 0 3 _ 11 6 
[00377607] 2 | 8 2 9 10 1 5 _ 0 3 1 11 6 
[00377608] 3 | 8 2 9 10 1 5 _ 0 4 7 11 6 
[00377609] 2 | 8 2 9 10 1 5 3 0 4 7 11 6 
[00377610] 3 | 8 2 9 10 1 5 _ 0 7 4 11 6 
[00377611] 2 | 8 2 9 10 1 5 3 0 7 4 11 6 
[00377612] 4 | 8 2 9 10 1 _ 5 0 _ _ 11 6 
[00377613] 3 | 8 2 9 10 1 4 5 0 _ _ 11 6 
[00377614] 3 | 8 2 9 10 1 _ 5 0 3 _ 11 6 
[00377615] 2 | 8 2 9 10 1 3 5 0 3 _ 11 6 
[00377616] 2 | 8 2 9 10 1 _ 5 0 3 1 11 6 
[00377617] 3 | 8 2 9 10 1 _ 5 0 4 7 11 6 
[00377618] 2 | 8 2 9 10 1 3 5 0 4 7 11 6 
[00377619] 3 | 8 2 9 10 1 _ 5 0 7 4 11 6 
[00377620] 2 | 8 2 9 10 1 3 5 0 7 4 11 6 
[00377621] 4 | 8 2 9 10 1 _ _ 0 4 _ 11 6 
[00377622] 3 | 8 2 9 10 1 4 _ 0 4 _ 11 6 
[00377623] 2 | 8 2 9 10 1 4 3 0 4 _ 11 6 
[00377624] 3 | 8 2 9 10 1 _ 4 0 4 _ 11 6 
[00377625] 2 | 8 2 9 10 1 3 4 0 4 _ 11 6 
[00377626] 3 | 8 2 9 10 1 _ _ 0 4 1 11 6 
[00377627] 3 | 8 2 9 10 1 _ _ 0 4 7 11 6 
[00377628] 2 | 8 2 9 10 1 3 _ 0 4 7 11 6 
[00377629] 2 | 8 2 9 10 1 _ 3 0 4 7 11 6 
[00377630] 4 | 8 2 9 10 1 _ _ 0 3 7 11 6 
[00377631] 3 | 8 2 9 10 1 4 _ 0 3 7 11 6 
[00377632] 3 | 8 2 9 10 1 _ 4 0 3 7 11 6 
[00377633] 4 | 8 2 9 10 1 _ _ 0 7 3 11 6 
[00377634] 3 | 8 2 9 10 1 4 _ 0 7 3 11 6 
[00377635] 3 | 8 2 9 10 1 _ 4 0 7 3 11 6 
[00377636] 6 | _ 2 9 10 1 7 _ 0 _ _ 11 _ 
[00377637] 5 | _ 2 9 10 1 7 6 0 _ _ 11 _ 
[00377638] 4 | _ 2 9 10 1 7 6 0 4 _ 11 _ 
[00377639] 3 | 5 2 9 10 1 7 6 0 4 _ 11 _ 
[00377640] 3 | _ 2 9 10 1 7 6 0 4 _ 11 8 
[00377641] 2 | 4 2 9 10 1 7 6 0 4 _ 11 8 
[00377642] 2 | _ 2 9 10 1 7 6 0 4 2 11 8 
[00377643] 4 | _ 2 9 10 1 7 6 0 4 8 11 _ 
[00377644] 3 | 5 2 9 10 1 7 6 0 4 8 11 _ 
[00377645] 4 | _ 2 9 10 1 7 6 0 8 4 11 _ 
[00377646] 3 | 5 2 9 10 1 7 6 0 8 4 11 _ 
[00377647] 5 | _ 2 9 10 1 7 _ 0 5 _ 11 _ 
[00377648] 4 | 6 2 9 10 1 7 _ 0 5 _ 11 _ 
[00377649] 3 | 6 2 9 10 1 7 4 0 5 _ 11 _ 
[00377650] 2 | 6 2 9 10 1 7 4 0 5 3 11 _ 
[00377651] 3 | 6 2 9 10 1 7 _ 0 5 8 11 _ 
[00377652] 2 | 6 2 9 10 1 7 3 0 5 8 11 _ 
[00377653] 3 | 6 2 9 10 1 7 _ 0 5 _ 11 8 
[00377654] 2 | 6 2 9 10 1 7 3 0 5 _ 11 8 
[00377655] 1 | 6 2 9 10 1 7 3 0 5 4 11 8  *Graceful*
[00377655] 2 | 6 2 9 10 1 7 _ 0 5 3 11 8 
[00377656] 4 | _ 2 9 10 1 7 5 0 5 _ 11 _ 
[00377657] 3 | _ 2 9 10 1 7 5 0 5 _ 11 8 
[00377658] 2 | 4 2 9 10 1 7 5 0 5 _ 11 8 
[00377659] 4 | _ 2 9 10 1 7 _ 0 5 1 11 _ 
[00377660] 3 | _ 2 9 10 1 7 _ 0 5 1 11 8 
[00377661] 2 | 4 2 9 10 1 7 _ 0 5 1 11 8 
[00377662] 5 | _ 2 9 10 1 7 _ 0 3 8 11 _ 
[00377663] 4 | 6 2 9 10 1 7 _ 0 3 8 11 _ 
[00377664] 3 | 6 2 9 10 1 7 4 0 3 8 11 _ 
[00377665] 4 | _ 2 9 10 1 7 5 0 3 8 11 _ 
[00377666] 5 | _ 2 9 10 1 7 _ 0 8 3 11 _ 
[00377667] 4 | 6 2 9 10 1 7 _ 0 8 3 11 _ 
[00377668] 3 | 6 2 9 10 1 7 4 0 8 3 11 _ 
[00377669] 4 | _ 2 9 10 1 7 5 0 8 3 11 _ 
[00377670] 5 | _ 2 9 10 1 7 _ 0 _ _ 11 6 
[00377671] 4 | _ 2 9 10 1 7 5 0 _ _ 11 6 
[00377672] 3 | _ 2 9 10 1 7 5 0 3 _ 11 6 
[00377673] 2 | 4 2 9 10 1 7 5 0 3 _ 11 6 
[00377674] 4 | _ 2 9 10 1 7 _ 0 4 _ 11 6 
[00377675] 3 | 5 2 9 10 1 7 _ 0 4 _ 11 6 
[00377676] 2 | 5 2 9 10 1 7 3 0 4 _ 11 6 
[00377677] 3 | _ 2 9 10 1 7 4 0 4 _ 11 6 
[00377678] 3 | _ 2 9 10 1 7 _ 0 4 1 11 6 
[00377679] 4 | _ 2 9 10 1 7 _ 0 4 8 11 6 
[00377680] 3 | 5 2 9 10 1 7 _ 0 4 8 11 6 
[00377681] 2 | 5 2 9 10 1 7 3 0 4 8 11 6 
[00377682] 4 | _ 2 9 10 1 7 _ 0 8 4 11 6 
[00377683] 3 | 5 2 9 10 1 7 _ 0 8 4 11 6 
[00377684] 2 | 5 2 9 10 1 7 3 0 8 4 11 6 
[00377685] 6 | _ 2 9 10 1 _ 7 0 _ _ 11 _ 
[00377686] 5 | _ 2 9 10 1 6 7 0 _ _ 11 _ 
[00377687] 4 | _ 2 9 10 1 6 7 0 4 _ 11 _ 
[00377688] 3 | 5 2 9 10 1 6 7 0 4 _ 11 _ 
[00377689] 3 | _ 2 9 10 1 6 7 0 4 _ 11 8 
[00377690] 2 | 4 2 9 10 1 6 7 0 4 _ 11 8 
[00377691] 2 | _ 2 9 10 1 6 7 0 4 2 11 8 
[00377692] 4 | _ 2 9 10 1 6 7 0 4 8 11 _ 
[00377693] 3 | 5 2 9 10 1 6 7 0 4 8 11 _ 
[00377694] 4 | _ 2 9 10 1 6 7 0 8 4 11 _ 
[00377695] 3 | 5 2 9 10 1 6 7 0 8 4 11 _ 
[00377696] 5 | _ 2 9 10 1 _ 7 0 5 _ 11 _ 
[00377697] 4 | 6 2 9 10 1 _ 7 0 5 _ 11 _ 
[00377698] 3 | 6 2 9 10 1 4 7 0 5 _ 11 _ 
[00377699] 2 | 6 2 9 10 1 4 7 0 5 3 11 _ 
[00377700] 3 | 6 2 9 10 1 _ 7 0 5 8 11 _ 
[00377701] 2 | 6 2 9 10 1 3 7 0 5 8 11 _ 
[00377702] 3 | 6 2 9 10 1 _ 7 0 5 _ 11 8 
[00377703] 2 | 6 2 9 10 1 3 7 0 5 _ 11 8 
[00377704] 1 | 6 2 9 10 1 3 7 0 5 4 11 8  *Graceful*
[00377704] 2 | 6 2 9 10 1 _ 7 0 5 3 11 8 
[00377705] 4 | _ 2 9 10 1 5 7 0 5 _ 11 _ 
[00377706] 3 | _ 2 9 10 1 5 7 0 5 _ 11 8 
[00377707] 2 | 4 2 9 10 1 5 7 0 5 _ 11 8 
[00377708] 4 | _ 2 9 10 1 _ 7 0 5 1 11 _ 
[00377709] 3 | _ 2 9 10 1 _ 7 0 5 1 11 8 
[00377710] 2 | 4 2 9 10 1 _ 7 0 5 1 11 8 
[00377711] 5 | _ 2 9 10 1 _ 7 0 3 8 11 _ 
[00377712] 4 | 6 2 9 10 1 _ 7 0 3 8 11 _ 
[00377713] 3 | 6 2 9 10 1 4 7 0 3 8 11 _ 
[00377714] 4 | _ 2 9 10 1 5 7 0 3 8 11 _ 
[00377715] 5 | _ 2 9 10 1 _ 7 0 8 3 11 _ 
[00377716] 4 | 6 2 9 10 1 _ 7 0 8 3 11 _ 
[00377717] 3 | 6 2 9 10 1 4 7 0 8 3 11 _ 
[00377718] 4 | _ 2 9 10 1 5 7 0 8 3 11 _ 
[00377719] 5 | _ 2 9 10 1 _ 7 0 _ _ 11 6 
[00377720] 4 | _ 2 9 10 1 5 7 0 _ _ 11 6 
[00377721] 3 | _ 2 9 10 1 5 7 0 3 _ 11 6 
[00377722] 2 | 4 2 9 10 1 5 7 0 3 _ 11 6 
[00377723] 4 | _ 2 9 10 1 _ 7 0 4 _ 11 6 
[00377724] 3 | 5 2 9 10 1 _ 7 0 4 _ 11 6 
[00377725] 2 | 5 2 9 10 1 3 7 0 4 _ 11 6 
[00377726] 3 | _ 2 9 10 1 4 7 0 4 _ 11 6 
[00377727] 3 | _ 2 9 10 1 _ 7 0 4 1 11 6 
[00377728] 4 | _ 2 9 10 1 _ 7 0 4 8 11 6 
[00377729] 3 | 5 2 9 10 1 _ 7 0 4 8 11 6 
[00377730] 2 | 5 2 9 10 1 3 7 0 4 8 11 6 
[00377731] 4 | _ 2 9 10 1 _ 7 0 8 4 11 6 
[00377732] 3 | 5 2 9 10 1 _ 7 0 8 4 11 6 
[00377733] 2 | 5 2 9 10 1 3 7 0 8 4 11 6 
[00377734] 6 | _ 2 9 10 1 _ _ 0 6 _ 11 _ 
[00377735] 5 | 7 2 9 10 1 _ _ 0 6 _ 11 _ 
[00377736] 4 | 7 2 9 10 1 5 _ 0 6 _ 11 _ 
[00377737] 3 | 7 2 9 10 1 5 4 0 6 _ 11 _ 
[00377738] 2 | 7 2 9 10 1 5 4 0 6 8 11 _ 
[00377739] 3 | 7 2 9 10 1 5 _ 0 6 3 11 _ 
[00377740] 3 | 7 2 9 10 1 5 _ 0 6 _ 11 8 
[00377741] 2 | 7 2 9 10 1 5 3 0 6 _ 11 8 
[00377742] 2 | 7 2 9 10 1 5 _ 0 6 4 11 8 
[00377743] 4 | 7 2 9 10 1 _ 5 0 6 _ 11 _ 
[00377744] 3 | 7 2 9 10 1 4 5 0 6 _ 11 _ 
[00377745] 2 | 7 2 9 10 1 4 5 0 6 8 11 _ 
[00377746] 3 | 7 2 9 10 1 _ 5 0 6 3 11 _ 
[00377747] 3 | 7 2 9 10 1 _ 5 0 6 _ 11 8 
[00377748] 2 | 7 2 9 10 1 3 5 0 6 _ 11 8 
[00377749] 2 | 7 2 9 10 1 _ 5 0 6 4 11 8 
[00377750] 5 | _ 2 9 10 1 6 _ 0 6 _ 11 _ 
[00377751] 4 | _ 2 9 10 1 6 5 0 6 _ 11 _ 
[00377752] 3 | _ 2 9 10 1 6 5 0 6 _ 11 8 
[00377753] 2 | 4 2 9 10 1 6 5 0 6 _ 11 8 
[00377754] 4 | _ 2 9 10 1 6 _ 0 6 _ 11 7 
[00377755] 3 | 5 2 9 10 1 6 _ 0 6 _ 11 7 
[00377756] 2 | 5 2 9 10 1 6 3 0 6 _ 11 7 
[00377757] 3 | _ 2 9 10 1 6 4 0 6 _ 11 7 
[00377758] 5 | _ 2 9 10 1 _ 6 0 6 _ 11 _ 
[00377759] 4 | _ 2 9 10 1 5 6 0 6 _ 11 _ 
[00377760] 3 | _ 2 9 10 1 5 6 0 6 _ 11 8 
[00377761] 2 | 4 2 9 10 1 5 6 0 6 _ 11 8 
[00377762] 4 | _ 2 9 10 1 _ 6 0 6 _ 11 7 
[00377763] 3 | 5 2 9 10 1 _ 6 0 6 _ 11 7 
[00377764] 2 | 5 2 9 10 1 3 6 0 6 _ 11 7 
[00377765] 3 | _ 2 9 10 1 4 6 0 6 _ 11 7 
[00377766] 5 | _ 2 9 10 1 _ _ 0 6 1 11 _ 
[00377767] 4 | _ 2 9 10 1 _ _ 0 6 1 11 7 
[00377768] 3 | 5 2 9 10 1 _ _ 0 6 1 11 7 
[00377769] 5 | _ 2 9 10 1 _ _ 0 6 11 11 _ 
[00377770] 4 | _ 2 9 10 1 5 _ 0 6 11 11 _ 
[00377771] 3 | _ 2 9 10 1 5 4 0 6 11 11 _ 
[00377772] 4 | _ 2 9 10 1 _ 5 0 6 11 11 _ 
[00377773] 3 | _ 2 9 10 1 4 5 0 6 11 11 _ 
[00377774] 5 | _ 2 9 10 1 _ _ 0 6 _ 11 6 
[00377775] 4 | _ 2 9 10 1 5 _ 0 6 _ 11 6 
[00377776] 3 | _ 2 9 10 1 5 4 0 6 _ 11 6 
[00377777] 4 | _ 2 9 10 1 _ 5 0 6 _ 11 6 
[00377778] 3 | _ 2 9 10 1 4 5 0 6 _ 11 6 
[00377779] 6 | _ 2 9 10 1 _ _ 0 _ _ 11 5 
[00377780] 5 | 7 2 9 10 1 _ _ 0 _ _ 11 5 
[00377781] 4 | 7 2 9 10 1 _ _ 0 4 _ 11 5 
[00377782] 3 | 7 2 9 10 1 4 _ 0 4 _ 11 5 
[00377783] 2 | 7 2 9 10 1 4 3 0 4 _ 11 5 
[00377784] 3 | 7 2 9 10 1 _ 4 0 4 _ 11 5 
[00377785] 2 | 7 2 9 10 1 3 4 0 4 _ 11 5 
[00377786] 3 | 7 2 9 10 1 _ _ 0 4 1 11 5 
[00377787] 4 | 7 2 9 10 1 _ _ 0 4 8 11 5 
[00377788] 4 | 7 2 9 10 1 _ _ 0 8 4 11 5 
[00377789] 5 | _ 2 9 10 1 6 _ 0 _ _ 11 5 
[00377790] 4 | _ 2 9 10 1 6 _ 0 4 _ 11 5 
[00377791] 3 | _ 2 9 10 1 6 4 0 4 _ 11 5 
[00377792] 3 | _ 2 9 10 1 6 _ 0 4 1 11 5 
[00377793] 3 | _ 2 9 10 1 6 _ 0 4 7 11 5 
[00377794] 2 | _ 2 9 10 1 6 3 0 4 7 11 5 
[00377795] 4 | _ 2 9 10 1 6 _ 0 3 7 11 5 
[00377796] 3 | _ 2 9 10 1 6 4 0 3 7 11 5 
[00377797] 4 | _ 2 9 10 1 6 _ 0 4 8 11 5 
[00377798] 4 | _ 2 9 10 1 6 _ 0 7 3 11 5 
[00377799] 3 | _ 2 9 10 1 6 4 0 7 3 11 5 
[00377800] 4 | _ 2 9 10 1 6 _ 0 8 4 11 5 
[00377801] 5 | _ 2 9 10 1 _ 6 0 _ _ 11 5 
[00377802] 4 | _ 2 9 10 1 _ 6 0 4 _ 11 5 
[00377803] 3 | _ 2 9 10 1 4 6 0 4 _ 11 5 
[00377804] 3 | _ 2 9 10 1 _ 6 0 4 1 11 5 
[00377805] 3 | _ 2 9 10 1 _ 6 0 4 7 11 5 
[00377806] 2 | _ 2 9 10 1 3 6 0 4 7 11 5 
[00377807] 4 | _ 2 9 10 1 _ 6 0 3 7 11 5 
[00377808] 3 | _ 2 9 10 1 4 6 0 3 7 11 5 
[00377809] 4 | _ 2 9 10 1 _ 6 0 4 8 11 5 
[00377810] 4 | _ 2 9 10 1 _ 6 0 7 3 11 5 
[00377811] 3 | _ 2 9 10 1 4 6 0 7 3 11 5 
