[00246474] 4 | _ 7 3 0 10 2 4 11 1 6 2 _ 
[00246475] 5 | _ 7 _ 0 10 2 4 11 3 8 2 _ 
[00246476] 5 | _ 7 _ 0 10 2 4 11 6 1 2 _ 
[00246477] 4 | 3 7 _ 0 10 2 4 11 6 1 2 _ 
[00246478] 4 | _ 7 3 0 10 2 4 11 6 1 2 _ 
[00246479] 5 | _ 7 _ 0 10 2 4 11 8 3 2 _ 
[00246480] 6 | _ 7 _ 0 10 2 _ 11 5 _ 2 _ 
[00246481] 5 | _ 7 _ 0 10 2 5 11 5 _ 2 _ 
[00246482] 4 | 3 7 _ 0 10 2 5 11 5 _ 2 _ 
[00246483] 3 | 3 7 4 0 10 2 5 11 5 _ 2 _ 
[00246484] 4 | _ 7 3 0 10 2 5 11 5 _ 2 _ 
[00246485] 3 | 4 7 3 0 10 2 5 11 5 _ 2 _ 
[00246486] 5 | _ 7 _ 0 10 2 _ 11 5 10 2 _ 
[00246487] 4 | 3 7 _ 0 10 2 _ 11 5 10 2 _ 
[00246488] 3 | 3 7 4 0 10 2 _ 11 5 10 2 _ 
[00246489] 4 | _ 7 3 0 10 2 _ 11 5 10 2 _ 
[00246490] 3 | 4 7 3 0 10 2 _ 11 5 10 2 _ 
[00246491] 6 | _ 7 _ 0 10 2 _ 11 3 9 2 _ 
[00246492] 5 | _ 7 _ 0 10 2 5 11 3 9 2 _ 
[00246493] 6 | _ 7 _ 0 10 2 _ 11 9 3 2 _ 
[00246494] 5 | _ 7 _ 0 10 2 5 11 9 3 2 _ 
[00246495] 7 | _ _ _ 0 10 2 3 11 _ _ 2 _ 
[00246496] 6 | 1 7 _ 0 10 2 3 11 _ _ 2 _ 
[00246497] 6 | 7 1 _ 0 10 2 3 11 _ _ 2 _ 
[00246498] 5 | 7 1 6 0 10 2 3 11 _ _ 2 _ 
[00246499] 4 | 7 1 6 0 10 2 3 11 4 8 2 _ 
[00246500] 4 | 7 1 6 0 10 2 3 11 5 9 2 _ 
[00246501] 4 | 7 1 6 0 10 2 3 11 8 4 2 _ 
[00246502] 4 | 7 1 6 0 10 2 3 11 9 5 2 _ 
[00246503] 5 | 7 1 _ 0 10 2 3 11 6 _ 2 _ 
[00246504] 4 | 7 1 5 0 10 2 3 11 6 _ 2 _ 
[00246505] 3 | 7 1 5 0 10 2 3 11 6 9 2 _ 
[00246506] 5 | 7 1 _ 0 10 2 3 11 4 9 2 _ 
[00246507] 4 | 7 1 5 0 10 2 3 11 4 9 2 _ 
[00246508] 5 | 7 1 _ 0 10 2 3 11 9 4 2 _ 
[00246509] 4 | 7 1 5 0 10 2 3 11 9 4 2 _ 
[00246510] 6 | _ 1 7 0 10 2 3 11 _ _ 2 _ 
[00246511] 5 | 6 1 7 0 10 2 3 11 _ _ 2 _ 
[00246512] 4 | 6 1 7 0 10 2 3 11 4 8 2 _ 
[00246513] 4 | 6 1 7 0 10 2 3 11 5 9 2 _ 
[00246514] 4 | 6 1 7 0 10 2 3 11 8 4 2 _ 
[00246515] 4 | 6 1 7 0 10 2 3 11 9 5 2 _ 
[00246516] 5 | _ 1 7 0 10 2 3 11 6 _ 2 _ 
[00246517] 4 | 5 1 7 0 10 2 3 11 6 _ 2 _ 
[00246518] 3 | 5 1 7 0 10 2 3 11 6 9 2 _ 
[00246519] 5 | _ 1 7 0 10 2 3 11 4 9 2 _ 
[00246520] 4 | 5 1 7 0 10 2 3 11 4 9 2 _ 
[00246521] 5 | _ 1 7 0 10 2 3 11 9 4 2 _ 
[00246522] 4 | 5 1 7 0 10 2 3 11 9 4 2 _ 
[00246523] 6 | _ 7 1 0 10 2 3 11 _ _ 2 _ 
[00246524] 6 | _ 6 _ 0 10 2 3 11 _ _ 2 _ 
[00246525] 5 | 1 6 _ 0 10 2 3 11 _ _ 2 _ 
[00246526] 4 | 1 6 _ 0 10 2 3 11 7 _ 2 _ 
[00246527] 3 | 1 6 9 0 10 2 3 11 7 _ 2 _ 
[00246528] 2 | 1 6 9 0 10 2 3 11 7 5 2 _ 
[00246529] 3 | 1 6 _ 0 10 2 3 11 7 4 2 _ 
[00246530] 2 | 1 6 8 0 10 2 3 11 7 4 2 _ 
[00246531] 4 | 1 6 _ 0 10 2 3 11 4 8 2 _ 
[00246532] 3 | 1 6 9 0 10 2 3 11 4 8 2 _ 
[00246533] 4 | 1 6 _ 0 10 2 3 11 5 9 2 _ 
[00246534] 4 | 1 6 _ 0 10 2 3 11 8 4 2 _ 
[00246535] 3 | 1 6 9 0 10 2 3 11 8 4 2 _ 
[00246536] 4 | 1 6 _ 0 10 2 3 11 9 5 2 _ 
[00246537] 5 | 11 6 _ 0 10 2 3 11 _ _ 2 _ 
[00246538] 4 | 11 6 _ 0 10 2 3 11 1 5 2 _ 
[00246539] 3 | 11 6 9 0 10 2 3 11 1 5 2 _ 
[00246540] 4 | 11 6 _ 0 10 2 3 11 4 8 2 _ 
[00246541] 3 | 11 6 9 0 10 2 3 11 4 8 2 _ 
[00246542] 4 | 11 6 _ 0 10 2 3 11 5 9 2 _ 
[00246543] 4 | 11 6 _ 0 10 2 3 11 5 1 2 _ 
[00246544] 3 | 11 6 9 0 10 2 3 11 5 1 2 _ 
[00246545] 4 | 11 6 _ 0 10 2 3 11 8 4 2 _ 
[00246546] 3 | 11 6 9 0 10 2 3 11 8 4 2 _ 
[00246547] 4 | 11 6 _ 0 10 2 3 11 9 5 2 _ 
[00246548] 5 | _ 6 1 0 10 2 3 11 _ _ 2 _ 
[00246549] 4 | _ 6 1 0 10 2 3 11 7 _ 2 _ 
[00246550] 3 | 9 6 1 0 10 2 3 11 7 _ 2 _ 
[00246551] 2 | 9 6 1 0 10 2 3 11 7 5 2 _ 
[00246552] 3 | _ 6 1 0 10 2 3 11 7 4 2 _ 
[00246553] 2 | 8 6 1 0 10 2 3 11 7 4 2 _ 
[00246554] 4 | _ 6 1 0 10 2 3 11 4 8 2 _ 
[00246555] 3 | 9 6 1 0 10 2 3 11 4 8 2 _ 
[00246556] 4 | _ 6 1 0 10 2 3 11 5 9 2 _ 
[00246557] 4 | _ 6 1 0 10 2 3 11 8 4 2 _ 
[00246558] 3 | 9 6 1 0 10 2 3 11 8 4 2 _ 
[00246559] 4 | _ 6 1 0 10 2 3 11 9 5 2 _ 
[00246560] 5 | _ 6 11 0 10 2 3 11 _ _ 2 _ 
[00246561] 4 | _ 6 11 0 10 2 3 11 1 5 2 _ 
[00246562] 3 | 9 6 11 0 10 2 3 11 1 5 2 _ 
[00246563] 4 | _ 6 11 0 10 2 3 11 4 8 2 _ 
[00246564] 3 | 9 6 11 0 10 2 3 11 4 8 2 _ 
[00246565] 4 | _ 6 11 0 10 2 3 11 5 9 2 _ 
[00246566] 4 | _ 6 11 0 10 2 3 11 5 1 2 _ 
[00246567] 3 | 9 6 11 0 10 2 3 11 5 1 2 _ 
[00246568] 4 | _ 6 11 0 10 2 3 11 8 4 2 _ 
[00246569] 3 | 9 6 11 0 10 2 3 11 8 4 2 _ 
[00246570] 4 | _ 6 11 0 10 2 3 11 9 5 2 _ 
[00246571] 5 | _ 6 _ 0 10 2 3 11 6 _ 2 _ 
[00246572] 5 | _ 6 _ 0 10 2 3 11 4 9 2 _ 
[00246573] 5 | _ 6 _ 0 10 2 3 11 9 4 2 _ 
[00246574] 6 | _ _ _ 0 10 2 3 11 5 _ 2 _ 
[00246575] 5 | 1 6 _ 0 10 2 3 11 5 _ 2 _ 
[00246576] 5 | 4 9 _ 0 10 2 3 11 5 _ 2 _ 
[00246577] 5 | 6 1 _ 0 10 2 3 11 5 _ 2 _ 
[00246578] 4 | 6 1 5 0 10 2 3 11 5 _ 2 _ 
[00246579] 4 | 6 1 _ 0 10 2 3 11 5 1 2 _ 
[00246580] 4 | 6 1 _ 0 10 2 3 11 5 9 2 _ 
[00246581] 3 | 6 1 4 0 10 2 3 11 5 9 2 _ 
[00246582] 5 | 9 4 _ 0 10 2 3 11 5 _ 2 _ 
[00246583] 4 | 9 4 8 0 10 2 3 11 5 _ 2 _ 
[00246584] 4 | 9 4 _ 0 10 2 3 11 5 1 2 _ 
[00246585] 3 | 9 4 7 0 10 2 3 11 5 1 2 _ 
[00246586] 5 | _ 1 6 0 10 2 3 11 5 _ 2 _ 
[00246587] 4 | 5 1 6 0 10 2 3 11 5 _ 2 _ 
[00246588] 4 | _ 1 6 0 10 2 3 11 5 1 2 _ 
[00246589] 4 | _ 1 6 0 10 2 3 11 5 9 2 _ 
[00246590] 3 | 4 1 6 0 10 2 3 11 5 9 2 _ 
[00246591] 5 | _ 4 9 0 10 2 3 11 5 _ 2 _ 
[00246592] 4 | 8 4 9 0 10 2 3 11 5 _ 2 _ 
[00246593] 4 | _ 4 9 0 10 2 3 11 5 1 2 _ 
[00246594] 3 | 7 4 9 0 10 2 3 11 5 1 2 _ 
[00246595] 5 | _ 6 1 0 10 2 3 11 5 _ 2 _ 
[00246596] 5 | _ 9 4 0 10 2 3 11 5 _ 2 _ 
[00246597] 5 | _ 5 _ 0 10 2 3 11 5 _ 2 _ 
[00246598] 4 | 1 5 _ 0 10 2 3 11 5 _ 2 _ 
[00246599] 3 | 1 5 8 0 10 2 3 11 5 _ 2 _ 
[00246600] 3 | 1 5 _ 0 10 2 3 11 5 8 2 _ 
[00246601] 4 | 9 5 _ 0 10 2 3 11 5 _ 2 _ 
[00246602] 3 | 9 5 8 0 10 2 3 11 5 _ 2 _ 
[00246603] 3 | 9 5 _ 0 10 2 3 11 5 8 2 _ 
[00246604] 4 | _ 5 1 0 10 2 3 11 5 _ 2 _ 
[00246605] 3 | 8 5 1 0 10 2 3 11 5 _ 2 _ 
[00246606] 3 | _ 5 1 0 10 2 3 11 5 8 2 _ 
[00246607] 4 | _ 5 9 0 10 2 3 11 5 _ 2 _ 
[00246608] 3 | 8 5 9 0 10 2 3 11 5 _ 2 _ 
[00246609] 3 | _ 5 9 0 10 2 3 11 5 8 2 _ 
[00246610] 4 | _ 5 _ 0 10 2 3 11 5 1 2 _ 
[00246611] 4 | _ 5 _ 0 10 2 3 11 5 9 2 _ 
[00246612] 5 | _ _ _ 0 10 2 3 11 5 0 2 _ 
[00246613] 4 | 4 8 _ 0 10 2 3 11 5 0 2 _ 
[00246614] 4 | 8 4 _ 0 10 2 3 11 5 0 2 _ 
[00246615] 4 | _ 4 8 0 10 2 3 11 5 0 2 _ 
[00246616] 4 | _ 8 4 0 10 2 3 11 5 0 2 _ 
[00246617] 6 | _ _ _ 0 10 2 3 11 1 7 2 _ 
[00246618] 5 | 4 9 _ 0 10 2 3 11 1 7 2 _ 
[00246619] 5 | 9 4 _ 0 10 2 3 11 1 7 2 _ 
[00246620] 4 | 9 4 8 0 10 2 3 11 1 7 2 _ 
[00246621] 5 | _ 4 9 0 10 2 3 11 1 7 2 _ 
[00246622] 4 | 8 4 9 0 10 2 3 11 1 7 2 _ 
[00246623] 5 | _ 9 4 0 10 2 3 11 1 7 2 _ 
[00246624] 5 | _ 5 _ 0 10 2 3 11 1 7 2 _ 
[00246625] 4 | 9 5 _ 0 10 2 3 11 1 7 2 _ 
[00246626] 3 | 9 5 8 0 10 2 3 11 1 7 2 _ 
[00246627] 4 | _ 5 9 0 10 2 3 11 1 7 2 _ 
[00246628] 3 | 8 5 9 0 10 2 3 11 1 7 2 _ 
[00246629] 6 | _ _ _ 0 10 2 3 11 7 1 2 _ 
[00246630] 5 | 4 9 _ 0 10 2 3 11 7 1 2 _ 
[00246631] 5 | 9 4 _ 0 10 2 3 11 7 1 2 _ 
[00246632] 4 | 9 4 8 0 10 2 3 11 7 1 2 _ 
[00246633] 5 | _ 4 9 0 10 2 3 11 7 1 2 _ 
[00246634] 4 | 8 4 9 0 10 2 3 11 7 1 2 _ 
[00246635] 5 | _ 9 4 0 10 2 3 11 7 1 2 _ 
[00246636] 5 | _ 5 _ 0 10 2 3 11 7 1 2 _ 
[00246637] 4 | 9 5 _ 0 10 2 3 11 7 1 2 _ 
[00246638] 3 | 9 5 8 0 10 2 3 11 7 1 2 _ 
[00246639] 4 | _ 5 9 0 10 2 3 11 7 1 2 _ 
[00246640] 3 | 8 5 9 0 10 2 3 11 7 1 2 _ 
[00246641] 7 | _ _ _ 0 10 2 _ 11 4 _ 2 _ 
[00246642] 6 | 1 7 _ 0 10 2 _ 11 4 _ 2 _ 
[00246643] 6 | 3 9 _ 0 10 2 _ 11 4 _ 2 _ 
[00246644] 6 | 7 1 _ 0 10 2 _ 11 4 _ 2 _ 
[00246645] 5 | 7 1 6 0 10 2 _ 11 4 _ 2 _ 
[00246646] 4 | 7 1 6 0 10 2 _ 11 4 8 2 _ 
[00246647] 5 | 7 1 _ 0 10 2 5 11 4 _ 2 _ 
[00246648] 4 | 7 1 _ 0 10 2 5 11 4 8 2 _ 
[00246649] 5 | 7 1 _ 0 10 2 _ 11 4 9 2 _ 
[00246650] 4 | 7 1 5 0 10 2 _ 11 4 9 2 _ 
[00246651] 4 | 7 1 _ 0 10 2 6 11 4 9 2 _ 
[00246652] 6 | 9 3 _ 0 10 2 _ 11 4 _ 2 _ 
[00246653] 5 | 9 3 8 0 10 2 _ 11 4 _ 2 _ 
[00246654] 4 | 9 3 8 0 10 2 6 11 4 _ 2 _ 
[00246655] 3 | 9 3 8 0 10 2 6 11 4 1 2 _ 
[00246656] 3 | 9 3 8 0 10 2 6 11 4 7 2 _ 
[00246657] 5 | 9 3 _ 0 10 2 5 11 4 _ 2 _ 
[00246658] 4 | 9 3 7 0 10 2 5 11 4 _ 2 _ 
[00246659] 3 | 9 3 7 0 10 2 5 11 4 1 2 _ 
[00246660] 4 | 9 3 _ 0 10 2 5 11 4 8 2 _ 
[00246661] 3 | 9 3 6 0 10 2 5 11 4 8 2 _ 
[00246662] 6 | _ 1 7 0 10 2 _ 11 4 _ 2 _ 
[00246663] 5 | 6 1 7 0 10 2 _ 11 4 _ 2 _ 
[00246664] 4 | 6 1 7 0 10 2 _ 11 4 8 2 _ 
[00246665] 5 | _ 1 7 0 10 2 5 11 4 _ 2 _ 
[00246666] 4 | _ 1 7 0 10 2 5 11 4 8 2 _ 
[00246667] 5 | _ 1 7 0 10 2 _ 11 4 9 2 _ 
[00246668] 4 | 5 1 7 0 10 2 _ 11 4 9 2 _ 
[00246669] 4 | _ 1 7 0 10 2 6 11 4 9 2 _ 
[00246670] 6 | _ 3 9 0 10 2 _ 11 4 _ 2 _ 
[00246671] 5 | 8 3 9 0 10 2 _ 11 4 _ 2 _ 
[00246672] 4 | 8 3 9 0 10 2 6 11 4 _ 2 _ 
[00246673] 3 | 8 3 9 0 10 2 6 11 4 1 2 _ 
[00246674] 3 | 8 3 9 0 10 2 6 11 4 7 2 _ 
[00246675] 5 | _ 3 9 0 10 2 5 11 4 _ 2 _ 
[00246676] 4 | 7 3 9 0 10 2 5 11 4 _ 2 _ 
[00246677] 3 | 7 3 9 0 10 2 5 11 4 1 2 _ 
[00246678] 4 | _ 3 9 0 10 2 5 11 4 8 2 _ 
[00246679] 3 | 6 3 9 0 10 2 5 11 4 8 2 _ 
[00246680] 6 | _ 7 1 0 10 2 _ 11 4 _ 2 _ 
[00246681] 6 | _ 9 3 0 10 2 _ 11 4 _ 2 _ 
[00246682] 6 | _ 6 _ 0 10 2 _ 11 4 _ 2 _ 
[00246683] 5 | 1 6 _ 0 10 2 _ 11 4 _ 2 _ 
[00246684] 4 | 1 6 10 0 10 2 _ 11 4 _ 2 _ 
[00246685] 3 | 1 6 10 0 10 2 _ 11 4 7 2 _ 
[00246686] 4 | 1 6 _ 0 10 2 6 11 4 _ 2 _ 
[00246687] 3 | 1 6 _ 0 10 2 6 11 4 7 2 _ 
[00246688] 4 | 1 6 _ 0 10 2 _ 11 4 8 2 _ 
[00246689] 3 | 1 6 3 0 10 2 _ 11 4 8 2 _ 
[00246690] 3 | 1 6 9 0 10 2 _ 11 4 8 2 _ 
[00246691] 3 | 1 6 _ 0 10 2 7 11 4 8 2 _ 
[00246692] 5 | _ 6 1 0 10 2 _ 11 4 _ 2 _ 
[00246693] 4 | 10 6 1 0 10 2 _ 11 4 _ 2 _ 
[00246694] 3 | 10 6 1 0 10 2 _ 11 4 7 2 _ 
[00246695] 4 | _ 6 1 0 10 2 6 11 4 _ 2 _ 
[00246696] 3 | _ 6 1 0 10 2 6 11 4 7 2 _ 
[00246697] 4 | _ 6 1 0 10 2 _ 11 4 8 2 _ 
[00246698] 3 | 3 6 1 0 10 2 _ 11 4 8 2 _ 
[00246699] 3 | 9 6 1 0 10 2 _ 11 4 8 2 _ 
[00246700] 3 | _ 6 1 0 10 2 7 11 4 8 2 _ 
[00246701] 5 | _ 6 _ 0 10 2 5 11 4 _ 2 _ 
[00246702] 4 | _ 6 _ 0 10 2 5 11 4 8 2 _ 
[00246703] 3 | 3 6 _ 0 10 2 5 11 4 8 2 _ 
[00246704] 3 | 9 6 _ 0 10 2 5 11 4 8 2 _ 
[00246705] 3 | _ 6 3 0 10 2 5 11 4 8 2 _ 
[00246706] 3 | _ 6 9 0 10 2 5 11 4 8 2 _ 
[00246707] 5 | _ 6 _ 0 10 2 _ 11 4 9 2 _ 
[00246708] 4 | 10 6 _ 0 10 2 _ 11 4 9 2 _ 
[00246709] 3 | 10 6 3 0 10 2 _ 11 4 9 2 _ 
[00246710] 4 | _ 6 10 0 10 2 _ 11 4 9 2 _ 
[00246711] 3 | 3 6 10 0 10 2 _ 11 4 9 2 _ 
[00246712] 4 | _ 6 _ 0 10 2 6 11 4 9 2 _ 
[00246713] 6 | _ _ _ 0 10 2 4 11 4 _ 2 _ 
[00246714] 5 | 1 6 _ 0 10 2 4 11 4 _ 2 _ 
[00246715] 5 | 3 8 _ 0 10 2 4 11 4 _ 2 _ 
[00246716] 5 | 6 1 _ 0 10 2 4 11 4 _ 2 _ 
[00246717] 4 | 6 1 5 0 10 2 4 11 4 _ 2 _ 
[00246718] 5 | 8 3 _ 0 10 2 4 11 4 _ 2 _ 
[00246719] 4 | 8 3 7 0 10 2 4 11 4 _ 2 _ 
[00246720] 5 | _ 1 6 0 10 2 4 11 4 _ 2 _ 
[00246721] 4 | 5 1 6 0 10 2 4 11 4 _ 2 _ 
[00246722] 5 | _ 3 8 0 10 2 4 11 4 _ 2 _ 
[00246723] 4 | 7 3 8 0 10 2 4 11 4 _ 2 _ 
[00246724] 5 | _ 6 1 0 10 2 4 11 4 _ 2 _ 
[00246725] 5 | _ 8 3 0 10 2 4 11 4 _ 2 _ 
[00246726] 5 | _ 5 _ 0 10 2 4 11 4 _ 2 _ 
[00246727] 4 | 1 5 _ 0 10 2 4 11 4 _ 2 _ 
[00246728] 3 | 1 5 8 0 10 2 4 11 4 _ 2 _ 
[00246729] 4 | 9 5 _ 0 10 2 4 11 4 _ 2 _ 
[00246730] 3 | 9 5 8 0 10 2 4 11 4 _ 2 _ 
[00246731] 4 | _ 5 1 0 10 2 4 11 4 _ 2 _ 
[00246732] 3 | 8 5 1 0 10 2 4 11 4 _ 2 _ 
[00246733] 4 | _ 5 9 0 10 2 4 11 4 _ 2 _ 
[00246734] 3 | 8 5 9 0 10 2 4 11 4 _ 2 _ 
[00246735] 6 | _ _ _ 0 10 2 _ 11 4 10 2 _ 
[00246736] 5 | 1 6 _ 0 10 2 _ 11 4 10 2 _ 
[00246737] 5 | 3 8 _ 0 10 2 _ 11 4 10 2 _ 
[00246738] 5 | 6 1 _ 0 10 2 _ 11 4 10 2 _ 
[00246739] 4 | 6 1 5 0 10 2 _ 11 4 10 2 _ 
[00246740] 5 | 8 3 _ 0 10 2 _ 11 4 10 2 _ 
[00246741] 4 | 8 3 7 0 10 2 _ 11 4 10 2 _ 
[00246742] 5 | _ 1 6 0 10 2 _ 11 4 10 2 _ 
[00246743] 4 | 5 1 6 0 10 2 _ 11 4 10 2 _ 
[00246744] 5 | _ 3 8 0 10 2 _ 11 4 10 2 _ 
[00246745] 4 | 7 3 8 0 10 2 _ 11 4 10 2 _ 
[00246746] 5 | _ 6 1 0 10 2 _ 11 4 10 2 _ 
[00246747] 5 | _ 8 3 0 10 2 _ 11 4 10 2 _ 
[00246748] 5 | _ 5 _ 0 10 2 _ 11 4 10 2 _ 
[00246749] 4 | 1 5 _ 0 10 2 _ 11 4 10 2 _ 
[00246750] 3 | 1 5 8 0 10 2 _ 11 4 10 2 _ 
[00246751] 4 | 9 5 _ 0 10 2 _ 11 4 10 2 _ 
[00246752] 3 | 9 5 8 0 10 2 _ 11 4 10 2 _ 
[00246753] 4 | _ 5 1 0 10 2 _ 11 4 10 2 _ 
[00246754] 3 | 8 5 1 0 10 2 _ 11 4 10 2 _ 
[00246755] 4 | _ 5 9 0 10 2 _ 11 4 10 2 _ 
[00246756] 3 | 8 5 9 0 10 2 _ 11 4 10 2 _ 
[00246757] 7 | _ _ _ 0 10 2 _ 11 1 8 2 _ 
[00246758] 6 | 3 9 _ 0 10 2 _ 11 1 8 2 _ 
[00246759] 6 | 9 3 _ 0 10 2 _ 11 1 8 2 _ 
[00246760] 5 | 9 3 _ 0 10 2 5 11 1 8 2 _ 
[00246761] 4 | 9 3 7 0 10 2 5 11 1 8 2 _ 
[00246762] 6 | _ 3 9 0 10 2 _ 11 1 8 2 _ 
[00246763] 5 | _ 3 9 0 10 2 5 11 1 8 2 _ 
[00246764] 4 | 7 3 9 0 10 2 5 11 1 8 2 _ 
[00246765] 6 | _ 9 3 0 10 2 _ 11 1 8 2 _ 
[00246766] 6 | _ 6 _ 0 10 2 _ 11 1 8 2 _ 
[00246767] 5 | _ 6 _ 0 10 2 5 11 1 8 2 _ 
[00246768] 6 | _ _ _ 0 10 2 4 11 1 8 2 _ 
[00246769] 5 | _ 5 _ 0 10 2 4 11 1 8 2 _ 
[00246770] 4 | 9 5 _ 0 10 2 4 11 1 8 2 _ 
[00246771] 4 | _ 5 9 0 10 2 4 11 1 8 2 _ 
[00246772] 7 | _ _ _ 0 10 2 _ 11 8 1 2 _ 
[00246773] 6 | 3 9 _ 0 10 2 _ 11 8 1 2 _ 
[00246774] 6 | 9 3 _ 0 10 2 _ 11 8 1 2 _ 
[00246775] 5 | 9 3 _ 0 10 2 5 11 8 1 2 _ 
[00246776] 4 | 9 3 7 0 10 2 5 11 8 1 2 _ 
[00246777] 6 | _ 3 9 0 10 2 _ 11 8 1 2 _ 
[00246778] 5 | _ 3 9 0 10 2 5 11 8 1 2 _ 
[00246779] 4 | 7 3 9 0 10 2 5 11 8 1 2 _ 
[00246780] 6 | _ 9 3 0 10 2 _ 11 8 1 2 _ 
[00246781] 6 | _ 6 _ 0 10 2 _ 11 8 1 2 _ 
[00246782] 5 | _ 6 _ 0 10 2 5 11 8 1 2 _ 
[00246783] 6 | _ _ _ 0 10 2 4 11 8 1 2 _ 
[00246784] 5 | _ 5 _ 0 10 2 4 11 8 1 2 _ 
[00246785] 4 | 9 5 _ 0 10 2 4 11 8 1 2 _ 
[00246786] 4 | _ 5 9 0 10 2 4 11 8 1 2 _ 
[00246787] 8 | _ _ _ 0 10 _ 2 11 _ _ 2 _ 
[00246788] 7 | 1 8 _ 0 10 _ 2 11 _ _ 2 _ 
[00246789] 7 | 8 1 _ 0 10 _ 2 11 _ _ 2 _ 
[00246790] 6 | 8 1 7 0 10 _ 2 11 _ _ 2 _ 
[00246791] 5 | 8 1 7 0 10 5 2 11 _ _ 2 _ 
[00246792] 5 | 8 1 7 0 10 _ 2 11 6 _ 2 _ 
[00246793] 4 | 8 1 7 0 10 6 2 11 6 _ 2 _ 
[00246794] 4 | 8 1 7 0 10 _ 2 11 6 10 2 _ 
[00246795] 5 | 8 1 7 0 10 _ 2 11 4 9 2 _ 
[00246796] 4 | 8 1 7 0 10 6 2 11 4 9 2 _ 
[00246797] 5 | 8 1 7 0 10 _ 2 11 9 4 2 _ 
[00246798] 4 | 8 1 7 0 10 6 2 11 9 4 2 _ 
[00246799] 6 | 8 1 _ 0 10 4 2 11 _ _ 2 _ 
[00246800] 5 | 8 1 6 0 10 4 2 11 _ _ 2 _ 
[00246801] 4 | 8 1 6 0 10 4 2 11 7 _ 2 _ 
[00246802] 4 | 8 1 6 0 10 4 2 11 3 7 2 _ 
[00246803] 4 | 8 1 6 0 10 4 2 11 5 9 2 _ 
[00246804] 4 | 8 1 6 0 10 4 2 11 7 3 2 _ 
[00246805] 4 | 8 1 6 0 10 4 2 11 9 5 2 _ 
[00246806] 5 | 8 1 _ 0 10 4 2 11 6 _ 2 _ 
[00246807] 4 | 8 1 5 0 10 4 2 11 6 _ 2 _ 
[00246808] 3 | 8 1 5 0 10 4 2 11 6 3 2 _ 
[00246809] 3 | 8 1 5 0 10 4 2 11 6 9 2 _ 
[00246810] 6 | 8 1 _ 0 10 _ 2 11 5 _ 2 _ 
[00246811] 5 | 8 1 6 0 10 _ 2 11 5 _ 2 _ 
[00246812] 4 | 8 1 6 0 10 _ 2 11 5 9 2 _ 
[00246813] 3 | 8 1 6 0 10 7 2 11 5 9 2 _ 
[00246814] 5 | 8 1 _ 0 10 5 2 11 5 _ 2 _ 
[00246815] 5 | 8 1 _ 0 10 _ 2 11 5 10 2 _ 
[00246816] 6 | 8 1 _ 0 10 _ 2 11 3 9 2 _ 
[00246817] 5 | 8 1 6 0 10 _ 2 11 3 9 2 _ 
[00246818] 5 | 8 1 _ 0 10 5 2 11 3 9 2 _ 
[00246819] 6 | 8 1 _ 0 10 _ 2 11 9 3 2 _ 
[00246820] 5 | 8 1 6 0 10 _ 2 11 9 3 2 _ 
[00246821] 5 | 8 1 _ 0 10 5 2 11 9 3 2 _ 
[00246822] 7 | _ 1 8 0 10 _ 2 11 _ _ 2 _ 
[00246823] 6 | 7 1 8 0 10 _ 2 11 _ _ 2 _ 
[00246824] 5 | 7 1 8 0 10 5 2 11 _ _ 2 _ 
[00246825] 5 | 7 1 8 0 10 _ 2 11 6 _ 2 _ 
[00246826] 4 | 7 1 8 0 10 6 2 11 6 _ 2 _ 
[00246827] 4 | 7 1 8 0 10 _ 2 11 6 10 2 _ 
[00246828] 5 | 7 1 8 0 10 _ 2 11 4 9 2 _ 
[00246829] 4 | 7 1 8 0 10 6 2 11 4 9 2 _ 
[00246830] 5 | 7 1 8 0 10 _ 2 11 9 4 2 _ 
[00246831] 4 | 7 1 8 0 10 6 2 11 9 4 2 _ 
[00246832] 6 | _ 1 8 0 10 4 2 11 _ _ 2 _ 
[00246833] 5 | 6 1 8 0 10 4 2 11 _ _ 2 _ 
[00246834] 4 | 6 1 8 0 10 4 2 11 7 _ 2 _ 
[00246835] 4 | 6 1 8 0 10 4 2 11 3 7 2 _ 
[00246836] 4 | 6 1 8 0 10 4 2 11 5 9 2 _ 
[00246837] 4 | 6 1 8 0 10 4 2 11 7 3 2 _ 
[00246838] 4 | 6 1 8 0 10 4 2 11 9 5 2 _ 
[00246839] 5 | _ 1 8 0 10 4 2 11 6 _ 2 _ 
[00246840] 4 | 5 1 8 0 10 4 2 11 6 _ 2 _ 
[00246841] 3 | 5 1 8 0 10 4 2 11 6 3 2 _ 
[00246842] 3 | 5 1 8 0 10 4 2 11 6 9 2 _ 
[00246843] 6 | _ 1 8 0 10 _ 2 11 5 _ 2 _ 
[00246844] 5 | 6 1 8 0 10 _ 2 11 5 _ 2 _ 
[00246845] 4 | 6 1 8 0 10 _ 2 11 5 9 2 _ 
[00246846] 3 | 6 1 8 0 10 7 2 11 5 9 2 _ 
[00246847] 5 | _ 1 8 0 10 5 2 11 5 _ 2 _ 
[00246848] 5 | _ 1 8 0 10 _ 2 11 5 10 2 _ 
[00246849] 6 | _ 1 8 0 10 _ 2 11 3 9 2 _ 
[00246850] 5 | 6 1 8 0 10 _ 2 11 3 9 2 _ 
[00246851] 5 | _ 1 8 0 10 5 2 11 3 9 2 _ 
[00246852] 6 | _ 1 8 0 10 _ 2 11 9 3 2 _ 
[00246853] 5 | 6 1 8 0 10 _ 2 11 9 3 2 _ 
[00246854] 5 | _ 1 8 0 10 5 2 11 9 3 2 _ 
[00246855] 7 | _ 8 1 0 10 _ 2 11 _ _ 2 _ 
[00246856] 7 | _ 7 _ 0 10 _ 2 11 _ _ 2 _ 
[00246857] 6 | 1 7 _ 0 10 _ 2 11 _ _ 2 _ 
[00246858] 5 | 1 7 _ 0 10 5 2 11 _ _ 2 _ 
[00246859] 4 | 1 7 3 0 10 5 2 11 _ _ 2 _ 
[00246860] 3 | 1 7 3 0 10 5 2 11 8 _ 2 _ 
[00246861] 2 | 1 7 3 0 10 5 2 11 8 6 2 _ 
[00246862] 3 | 1 7 3 0 10 5 2 11 6 9 2 _ 
[00246863] 3 | 1 7 3 0 10 5 2 11 9 6 2 _ 
[00246864] 4 | 1 7 11 0 10 5 2 11 _ _ 2 _ 
[00246865] 3 | 1 7 11 0 10 5 2 11 3 6 2 _ 
[00246866] 3 | 1 7 11 0 10 5 2 11 6 9 2 _ 
[00246867] 3 | 1 7 11 0 10 5 2 11 6 3 2 _ 
[00246868] 3 | 1 7 11 0 10 5 2 11 9 6 2 _ 
[00246869] 4 | 1 7 _ 0 10 5 2 11 7 _ 2 _ 
[00246870] 3 | 1 7 4 0 10 5 2 11 7 _ 2 _ 
[00246871] 3 | 1 7 _ 0 10 5 2 11 7 4 2 _ 
[00246872] 4 | 1 7 _ 0 10 5 2 11 4 8 2 _ 
[00246873] 4 | 1 7 _ 0 10 5 2 11 8 4 2 _ 
[00246874] 5 | 1 7 _ 0 10 _ 2 11 6 _ 2 _ 
[00246875] 4 | 1 7 3 0 10 _ 2 11 6 _ 2 _ 
[00246876] 3 | 1 7 3 0 10 _ 2 11 6 9 2 _ 
[00246877] 2 | 1 7 3 0 10 8 2 11 6 9 2 _ 
[00246878] 4 | 1 7 _ 0 10 6 2 11 6 _ 2 _ 
[00246879] 3 | 1 7 4 0 10 6 2 11 6 _ 2 _ 
[00246880] 4 | 1 7 _ 0 10 _ 2 11 6 10 2 _ 
[00246881] 3 | 1 7 4 0 10 _ 2 11 6 10 2 _ 
[00246882] 5 | 1 7 _ 0 10 _ 2 11 3 8 2 _ 
[00246883] 4 | 1 7 _ 0 10 6 2 11 3 8 2 _ 
[00246884] 3 | 1 7 4 0 10 6 2 11 3 8 2 _ 
[00246885] 5 | 1 7 _ 0 10 _ 2 11 4 9 2 _ 
[00246886] 4 | 1 7 3 0 10 _ 2 11 4 9 2 _ 
[00246887] 4 | 1 7 _ 0 10 6 2 11 4 9 2 _ 
[00246888] 5 | 1 7 _ 0 10 _ 2 11 8 3 2 _ 
[00246889] 4 | 1 7 _ 0 10 6 2 11 8 3 2 _ 
[00246890] 3 | 1 7 4 0 10 6 2 11 8 3 2 _ 
[00246891] 5 | 1 7 _ 0 10 _ 2 11 9 4 2 _ 
[00246892] 4 | 1 7 3 0 10 _ 2 11 9 4 2 _ 
[00246893] 4 | 1 7 _ 0 10 6 2 11 9 4 2 _ 
[00246894] 6 | _ 7 1 0 10 _ 2 11 _ _ 2 _ 
[00246895] 5 | _ 7 1 0 10 5 2 11 _ _ 2 _ 
[00246896] 4 | 3 7 1 0 10 5 2 11 _ _ 2 _ 
[00246897] 3 | 3 7 1 0 10 5 2 11 8 _ 2 _ 
[00246898] 2 | 3 7 1 0 10 5 2 11 8 6 2 _ 
[00246899] 3 | 3 7 1 0 10 5 2 11 6 9 2 _ 
[00246900] 3 | 3 7 1 0 10 5 2 11 9 6 2 _ 
[00246901] 4 | 11 7 1 0 10 5 2 11 _ _ 2 _ 
[00246902] 3 | 11 7 1 0 10 5 2 11 3 6 2 _ 
[00246903] 3 | 11 7 1 0 10 5 2 11 6 9 2 _ 
[00246904] 3 | 11 7 1 0 10 5 2 11 6 3 2 _ 
[00246905] 3 | 11 7 1 0 10 5 2 11 9 6 2 _ 
[00246906] 4 | _ 7 1 0 10 5 2 11 7 _ 2 _ 
[00246907] 3 | 4 7 1 0 10 5 2 11 7 _ 2 _ 
[00246908] 3 | _ 7 1 0 10 5 2 11 7 4 2 _ 
[00246909] 4 | _ 7 1 0 10 5 2 11 4 8 2 _ 
[00246910] 4 | _ 7 1 0 10 5 2 11 8 4 2 _ 
[00246911] 5 | _ 7 1 0 10 _ 2 11 6 _ 2 _ 
[00246912] 4 | 3 7 1 0 10 _ 2 11 6 _ 2 _ 
[00246913] 3 | 3 7 1 0 10 _ 2 11 6 9 2 _ 
[00246914] 2 | 3 7 1 0 10 8 2 11 6 9 2 _ 
[00246915] 4 | _ 7 1 0 10 6 2 11 6 _ 2 _ 
[00246916] 3 | 4 7 1 0 10 6 2 11 6 _ 2 _ 
[00246917] 4 | _ 7 1 0 10 _ 2 11 6 10 2 _ 
[00246918] 3 | 4 7 1 0 10 _ 2 11 6 10 2 _ 
[00246919] 5 | _ 7 1 0 10 _ 2 11 3 8 2 _ 
[00246920] 4 | _ 7 1 0 10 6 2 11 3 8 2 _ 
[00246921] 3 | 4 7 1 0 10 6 2 11 3 8 2 _ 
[00246922] 5 | _ 7 1 0 10 _ 2 11 4 9 2 _ 
[00246923] 4 | 3 7 1 0 10 _ 2 11 4 9 2 _ 
[00246924] 4 | _ 7 1 0 10 6 2 11 4 9 2 _ 
[00246925] 5 | _ 7 1 0 10 _ 2 11 8 3 2 _ 
[00246926] 4 | _ 7 1 0 10 6 2 11 8 3 2 _ 
[00246927] 3 | 4 7 1 0 10 6 2 11 8 3 2 _ 
[00246928] 5 | _ 7 1 0 10 _ 2 11 9 4 2 _ 
[00246929] 4 | 3 7 1 0 10 _ 2 11 9 4 2 _ 
[00246930] 4 | _ 7 1 0 10 6 2 11 9 4 2 _ 
[00246931] 6 | _ 7 _ 0 10 4 2 11 _ _ 2 _ 
[00246932] 5 | _ 7 _ 0 10 4 2 11 6 _ 2 _ 
[00246933] 4 | 3 7 _ 0 10 4 2 11 6 _ 2 _ 
[00246934] 3 | 3 7 _ 0 10 4 2 11 6 9 2 _ 
[00246935] 2 | 3 7 5 0 10 4 2 11 6 9 2 _ 
[00246936] 4 | _ 7 3 0 10 4 2 11 6 _ 2 _ 
[00246937] 3 | _ 7 3 0 10 4 2 11 6 9 2 _ 
[00246938] 2 | 5 7 3 0 10 4 2 11 6 9 2 _ 
[00246939] 5 | _ 7 _ 0 10 4 2 11 1 6 2 _ 
[00246940] 4 | 3 7 _ 0 10 4 2 11 1 6 2 _ 
[00246941] 4 | _ 7 3 0 10 4 2 11 1 6 2 _ 
[00246942] 5 | _ 7 _ 0 10 4 2 11 3 8 2 _ 
[00246943] 5 | _ 7 _ 0 10 4 2 11 6 1 2 _ 
[00246944] 4 | 3 7 _ 0 10 4 2 11 6 1 2 _ 
[00246945] 4 | _ 7 3 0 10 4 2 11 6 1 2 _ 
[00246946] 5 | _ 7 _ 0 10 4 2 11 8 3 2 _ 
[00246947] 6 | _ 7 _ 0 10 _ 2 11 5 _ 2 _ 
[00246948] 5 | _ 7 _ 0 10 5 2 11 5 _ 2 _ 
[00246949] 4 | 3 7 _ 0 10 5 2 11 5 _ 2 _ 
[00246950] 3 | 3 7 4 0 10 5 2 11 5 _ 2 _ 
[00246951] 4 | _ 7 3 0 10 5 2 11 5 _ 2 _ 
[00246952] 3 | 4 7 3 0 10 5 2 11 5 _ 2 _ 
[00246953] 5 | _ 7 _ 0 10 _ 2 11 5 10 2 _ 
[00246954] 4 | 3 7 _ 0 10 _ 2 11 5 10 2 _ 
[00246955] 3 | 3 7 4 0 10 _ 2 11 5 10 2 _ 
[00246956] 4 | _ 7 3 0 10 _ 2 11 5 10 2 _ 
[00246957] 3 | 4 7 3 0 10 _ 2 11 5 10 2 _ 
[00246958] 6 | _ 7 _ 0 10 _ 2 11 3 9 2 _ 
[00246959] 5 | _ 7 _ 0 10 5 2 11 3 9 2 _ 
[00246960] 6 | _ 7 _ 0 10 _ 2 11 9 3 2 _ 
[00246961] 5 | _ 7 _ 0 10 5 2 11 9 3 2 _ 
[00246962] 7 | _ _ _ 0 10 3 2 11 _ _ 2 _ 
[00246963] 6 | 1 7 _ 0 10 3 2 11 _ _ 2 _ 
[00246964] 6 | 7 1 _ 0 10 3 2 11 _ _ 2 _ 
[00246965] 5 | 7 1 6 0 10 3 2 11 _ _ 2 _ 
[00246966] 4 | 7 1 6 0 10 3 2 11 4 8 2 _ 
[00246967] 4 | 7 1 6 0 10 3 2 11 5 9 2 _ 
[00246968] 4 | 7 1 6 0 10 3 2 11 8 4 2 _ 
[00246969] 4 | 7 1 6 0 10 3 2 11 9 5 2 _ 
[00246970] 5 | 7 1 _ 0 10 3 2 11 6 _ 2 _ 
[00246971] 4 | 7 1 5 0 10 3 2 11 6 _ 2 _ 
[00246972] 3 | 7 1 5 0 10 3 2 11 6 9 2 _ 
[00246973] 5 | 7 1 _ 0 10 3 2 11 4 9 2 _ 
