[00325726] 5 | 4 9 1 11 2 _ _ 0 6 _ 10 3 
[00325727] 4 | 4 9 1 11 2 6 _ 0 6 _ 10 3 
[00325728] 3 | 4 9 1 11 2 6 5 0 6 _ 10 3 
[00325729] 4 | 4 9 1 11 2 _ 6 0 6 _ 10 3 
[00325730] 3 | 4 9 1 11 2 5 6 0 6 _ 10 3 
[00325731] 4 | 4 9 1 11 2 _ _ 0 6 2 10 3 
[00325732] 5 | _ 9 1 11 2 7 _ 0 6 _ 10 3 
[00325733] 4 | 5 9 1 11 2 7 _ 0 6 _ 10 3 
[00325734] 4 | _ 9 1 11 2 7 6 0 6 _ 10 3 
[00325735] 4 | _ 9 1 11 2 7 _ 0 6 2 10 3 
[00325736] 5 | _ 9 1 11 2 _ 7 0 6 _ 10 3 
[00325737] 4 | 5 9 1 11 2 _ 7 0 6 _ 10 3 
[00325738] 4 | _ 9 1 11 2 6 7 0 6 _ 10 3 
[00325739] 4 | _ 9 1 11 2 _ 7 0 6 2 10 3 
[00325740] 8 | _ 3 _ 11 2 _ _ 0 _ _ 10 _ 
[00325741] 7 | 10 3 _ 11 2 _ _ 0 _ _ 10 _ 
[00325742] 6 | 10 3 9 11 2 _ _ 0 _ _ 10 _ 
[00325743] 5 | 10 3 9 11 2 7 _ 0 _ _ 10 _ 
[00325744] 4 | 10 3 9 11 2 7 6 0 _ _ 10 _ 
[00325745] 3 | 10 3 9 11 2 7 6 0 1 4 10 _ 
[00325746] 3 | 10 3 9 11 2 7 6 0 5 8 10 _ 
[00325747] 3 | 10 3 9 11 2 7 6 0 4 1 10 _ 
[00325748] 3 | 10 3 9 11 2 7 6 0 8 5 10 _ 
[00325749] 4 | 10 3 9 11 2 7 _ 0 4 _ 10 _ 
[00325750] 3 | 10 3 9 11 2 7 5 0 4 _ 10 _ 
[00325751] 2 | 10 3 9 11 2 7 5 0 4 6 10 _ 
[00325752] 3 | 10 3 9 11 2 7 _ 0 4 1 10 _ 
[00325753] 4 | 10 3 9 11 2 7 _ 0 1 5 10 _ 
[00325754] 4 | 10 3 9 11 2 7 _ 0 4 8 10 _ 
[00325755] 3 | 10 3 9 11 2 7 5 0 4 8 10 _ 
[00325756] 4 | 10 3 9 11 2 7 _ 0 5 1 10 _ 
[00325757] 4 | 10 3 9 11 2 7 _ 0 8 4 10 _ 
[00325758] 3 | 10 3 9 11 2 7 5 0 8 4 10 _ 
[00325759] 5 | 10 3 9 11 2 _ 7 0 _ _ 10 _ 
[00325760] 4 | 10 3 9 11 2 6 7 0 _ _ 10 _ 
[00325761] 3 | 10 3 9 11 2 6 7 0 1 4 10 _ 
[00325762] 3 | 10 3 9 11 2 6 7 0 5 8 10 _ 
[00325763] 3 | 10 3 9 11 2 6 7 0 4 1 10 _ 
[00325764] 3 | 10 3 9 11 2 6 7 0 8 5 10 _ 
[00325765] 4 | 10 3 9 11 2 _ 7 0 4 _ 10 _ 
[00325766] 3 | 10 3 9 11 2 5 7 0 4 _ 10 _ 
[00325767] 2 | 10 3 9 11 2 5 7 0 4 6 10 _ 
[00325768] 3 | 10 3 9 11 2 _ 7 0 4 1 10 _ 
[00325769] 4 | 10 3 9 11 2 _ 7 0 1 5 10 _ 
[00325770] 4 | 10 3 9 11 2 _ 7 0 4 8 10 _ 
[00325771] 3 | 10 3 9 11 2 5 7 0 4 8 10 _ 
[00325772] 4 | 10 3 9 11 2 _ 7 0 5 1 10 _ 
[00325773] 4 | 10 3 9 11 2 _ 7 0 8 4 10 _ 
[00325774] 3 | 10 3 9 11 2 5 7 0 8 4 10 _ 
[00325775] 5 | 10 3 9 11 2 _ _ 0 5 _ 10 _ 
[00325776] 4 | 10 3 9 11 2 6 _ 0 5 _ 10 _ 
[00325777] 3 | 10 3 9 11 2 6 5 0 5 _ 10 _ 
[00325778] 3 | 10 3 9 11 2 6 _ 0 5 2 10 _ 
[00325779] 3 | 10 3 9 11 2 6 _ 0 5 8 10 _ 
[00325780] 2 | 10 3 9 11 2 6 4 0 5 8 10 _ 
[00325781] 4 | 10 3 9 11 2 _ 6 0 5 _ 10 _ 
[00325782] 3 | 10 3 9 11 2 5 6 0 5 _ 10 _ 
[00325783] 3 | 10 3 9 11 2 _ 6 0 5 2 10 _ 
[00325784] 3 | 10 3 9 11 2 _ 6 0 5 8 10 _ 
[00325785] 2 | 10 3 9 11 2 4 6 0 5 8 10 _ 
[00325786] 4 | 10 3 9 11 2 _ _ 0 5 1 10 _ 
[00325787] 5 | 10 3 9 11 2 _ _ 0 1 6 10 _ 
[00325788] 5 | 10 3 9 11 2 _ _ 0 6 1 10 _ 
[00325789] 6 | 10 3 _ 11 2 8 _ 0 _ _ 10 _ 
[00325790] 5 | 10 3 _ 11 2 8 7 0 _ _ 10 _ 
[00325791] 4 | 10 3 _ 11 2 8 7 0 4 _ 10 _ 
[00325792] 3 | 10 3 6 11 2 8 7 0 4 _ 10 _ 
[00325793] 3 | 10 3 _ 11 2 8 7 0 4 1 10 _ 
[00325794] 2 | 10 3 5 11 2 8 7 0 4 1 10 _ 
[00325795] 4 | 10 3 _ 11 2 8 7 0 1 5 10 _ 
[00325796] 3 | 10 3 6 11 2 8 7 0 1 5 10 _ 
[00325797] 4 | 10 3 _ 11 2 8 7 0 5 9 10 _ 
[00325798] 3 | 10 3 6 11 2 8 7 0 5 9 10 _ 
[00325799] 4 | 10 3 _ 11 2 8 7 0 5 1 10 _ 
[00325800] 3 | 10 3 6 11 2 8 7 0 5 1 10 _ 
[00325801] 4 | 10 3 _ 11 2 8 7 0 9 5 10 _ 
[00325802] 3 | 10 3 6 11 2 8 7 0 9 5 10 _ 
[00325803] 5 | 10 3 _ 11 2 8 _ 0 5 _ 10 _ 
[00325804] 4 | 10 3 7 11 2 8 _ 0 5 _ 10 _ 
[00325805] 3 | 10 3 7 11 2 8 5 0 5 _ 10 _ 
[00325806] 3 | 10 3 7 11 2 8 _ 0 5 2 10 _ 
[00325807] 4 | 10 3 _ 11 2 8 6 0 5 _ 10 _ 
[00325808] 4 | 10 3 _ 11 2 8 _ 0 5 1 10 _ 
[00325809] 3 | 10 3 6 11 2 8 _ 0 5 1 10 _ 
[00325810] 2 | 10 3 6 11 2 8 4 0 5 1 10 _ 
[00325811] 4 | 10 3 _ 11 2 8 _ 0 5 9 10 _ 
[00325812] 3 | 10 3 6 11 2 8 _ 0 5 9 10 _ 
[00325813] 2 | 10 3 6 11 2 8 4 0 5 9 10 _ 
[00325814] 5 | 10 3 _ 11 2 8 _ 0 1 6 10 _ 
[00325815] 4 | 10 3 7 11 2 8 _ 0 1 6 10 _ 
[00325816] 3 | 10 3 7 11 2 8 5 0 1 6 10 _ 
[00325817] 5 | 10 3 _ 11 2 8 _ 0 4 9 10 _ 
[00325818] 4 | 10 3 7 11 2 8 _ 0 4 9 10 _ 
[00325819] 3 | 10 3 7 11 2 8 5 0 4 9 10 _ 
[00325820] 4 | 10 3 _ 11 2 8 6 0 4 9 10 _ 
[00325821] 5 | 10 3 _ 11 2 8 _ 0 6 1 10 _ 
[00325822] 4 | 10 3 7 11 2 8 _ 0 6 1 10 _ 
[00325823] 3 | 10 3 7 11 2 8 5 0 6 1 10 _ 
[00325824] 5 | 10 3 _ 11 2 8 _ 0 9 4 10 _ 
[00325825] 4 | 10 3 7 11 2 8 _ 0 9 4 10 _ 
[00325826] 3 | 10 3 7 11 2 8 5 0 9 4 10 _ 
[00325827] 4 | 10 3 _ 11 2 8 6 0 9 4 10 _ 
[00325828] 6 | 10 3 _ 11 2 _ 8 0 _ _ 10 _ 
[00325829] 5 | 10 3 _ 11 2 7 8 0 _ _ 10 _ 
[00325830] 4 | 10 3 _ 11 2 7 8 0 4 _ 10 _ 
[00325831] 3 | 10 3 6 11 2 7 8 0 4 _ 10 _ 
[00325832] 3 | 10 3 _ 11 2 7 8 0 4 1 10 _ 
[00325833] 2 | 10 3 5 11 2 7 8 0 4 1 10 _ 
[00325834] 4 | 10 3 _ 11 2 7 8 0 1 5 10 _ 
[00325835] 3 | 10 3 6 11 2 7 8 0 1 5 10 _ 
[00325836] 4 | 10 3 _ 11 2 7 8 0 5 9 10 _ 
[00325837] 3 | 10 3 6 11 2 7 8 0 5 9 10 _ 
[00325838] 4 | 10 3 _ 11 2 7 8 0 5 1 10 _ 
[00325839] 3 | 10 3 6 11 2 7 8 0 5 1 10 _ 
[00325840] 4 | 10 3 _ 11 2 7 8 0 9 5 10 _ 
[00325841] 3 | 10 3 6 11 2 7 8 0 9 5 10 _ 
[00325842] 5 | 10 3 _ 11 2 _ 8 0 5 _ 10 _ 
[00325843] 4 | 10 3 7 11 2 _ 8 0 5 _ 10 _ 
[00325844] 3 | 10 3 7 11 2 5 8 0 5 _ 10 _ 
[00325845] 3 | 10 3 7 11 2 _ 8 0 5 2 10 _ 
[00325846] 4 | 10 3 _ 11 2 6 8 0 5 _ 10 _ 
[00325847] 4 | 10 3 _ 11 2 _ 8 0 5 1 10 _ 
[00325848] 3 | 10 3 6 11 2 _ 8 0 5 1 10 _ 
[00325849] 2 | 10 3 6 11 2 4 8 0 5 1 10 _ 
[00325850] 4 | 10 3 _ 11 2 _ 8 0 5 9 10 _ 
[00325851] 3 | 10 3 6 11 2 _ 8 0 5 9 10 _ 
[00325852] 2 | 10 3 6 11 2 4 8 0 5 9 10 _ 
[00325853] 5 | 10 3 _ 11 2 _ 8 0 1 6 10 _ 
[00325854] 4 | 10 3 7 11 2 _ 8 0 1 6 10 _ 
[00325855] 3 | 10 3 7 11 2 5 8 0 1 6 10 _ 
[00325856] 5 | 10 3 _ 11 2 _ 8 0 4 9 10 _ 
[00325857] 4 | 10 3 7 11 2 _ 8 0 4 9 10 _ 
[00325858] 3 | 10 3 7 11 2 5 8 0 4 9 10 _ 
[00325859] 4 | 10 3 _ 11 2 6 8 0 4 9 10 _ 
[00325860] 5 | 10 3 _ 11 2 _ 8 0 6 1 10 _ 
[00325861] 4 | 10 3 7 11 2 _ 8 0 6 1 10 _ 
[00325862] 3 | 10 3 7 11 2 5 8 0 6 1 10 _ 
[00325863] 5 | 10 3 _ 11 2 _ 8 0 9 4 10 _ 
[00325864] 4 | 10 3 7 11 2 _ 8 0 9 4 10 _ 
[00325865] 3 | 10 3 7 11 2 5 8 0 9 4 10 _ 
[00325866] 4 | 10 3 _ 11 2 6 8 0 9 4 10 _ 
[00325867] 6 | 10 3 _ 11 2 _ _ 0 6 _ 10 _ 
[00325868] 5 | 10 3 8 11 2 _ _ 0 6 _ 10 _ 
[00325869] 4 | 10 3 8 11 2 6 _ 0 6 _ 10 _ 
[00325870] 3 | 10 3 8 11 2 6 5 0 6 _ 10 _ 
[00325871] 4 | 10 3 8 11 2 _ 6 0 6 _ 10 _ 
[00325872] 3 | 10 3 8 11 2 5 6 0 6 _ 10 _ 
[00325873] 4 | 10 3 8 11 2 _ _ 0 6 2 10 _ 
[00325874] 5 | 10 3 _ 11 2 7 _ 0 6 _ 10 _ 
[00325875] 4 | 10 3 _ 11 2 7 6 0 6 _ 10 _ 
[00325876] 4 | 10 3 _ 11 2 7 _ 0 6 2 10 _ 
[00325877] 5 | 10 3 _ 11 2 _ 7 0 6 _ 10 _ 
[00325878] 4 | 10 3 _ 11 2 6 7 0 6 _ 10 _ 
[00325879] 4 | 10 3 _ 11 2 _ 7 0 6 2 10 _ 
[00325880] 5 | 10 3 _ 11 2 _ _ 0 6 1 10 _ 
[00325881] 4 | 10 3 7 11 2 _ _ 0 6 1 10 _ 
[00325882] 3 | 10 3 7 11 2 5 _ 0 6 1 10 _ 
[00325883] 2 | 10 3 7 11 2 5 4 0 6 1 10 _ 
[00325884] 3 | 10 3 7 11 2 _ 5 0 6 1 10 _ 
[00325885] 2 | 10 3 7 11 2 4 5 0 6 1 10 _ 
[00325886] 6 | 10 3 _ 11 2 _ _ 0 1 7 10 _ 
[00325887] 5 | 10 3 8 11 2 _ _ 0 1 7 10 _ 
[00325888] 4 | 10 3 8 11 2 6 _ 0 1 7 10 _ 
[00325889] 3 | 10 3 8 11 2 6 5 0 1 7 10 _ 
[00325890] 4 | 10 3 8 11 2 _ 6 0 1 7 10 _ 
[00325891] 3 | 10 3 8 11 2 5 6 0 1 7 10 _ 
[00325892] 6 | 10 3 _ 11 2 _ _ 0 7 1 10 _ 
[00325893] 5 | 10 3 8 11 2 _ _ 0 7 1 10 _ 
[00325894] 4 | 10 3 8 11 2 6 _ 0 7 1 10 _ 
[00325895] 3 | 10 3 8 11 2 6 5 0 7 1 10 _ 
[00325896] 4 | 10 3 8 11 2 _ 6 0 7 1 10 _ 
[00325897] 3 | 10 3 8 11 2 5 6 0 7 1 10 _ 
[00325898] 7 | _ 3 10 11 2 _ _ 0 _ _ 10 _ 
[00325899] 6 | 9 3 10 11 2 _ _ 0 _ _ 10 _ 
[00325900] 5 | 9 3 10 11 2 7 _ 0 _ _ 10 _ 
[00325901] 4 | 9 3 10 11 2 7 6 0 _ _ 10 _ 
[00325902] 3 | 9 3 10 11 2 7 6 0 1 4 10 _ 
[00325903] 3 | 9 3 10 11 2 7 6 0 5 8 10 _ 
[00325904] 3 | 9 3 10 11 2 7 6 0 4 1 10 _ 
[00325905] 3 | 9 3 10 11 2 7 6 0 8 5 10 _ 
[00325906] 4 | 9 3 10 11 2 7 _ 0 4 _ 10 _ 
[00325907] 3 | 9 3 10 11 2 7 5 0 4 _ 10 _ 
[00325908] 2 | 9 3 10 11 2 7 5 0 4 6 10 _ 
[00325909] 3 | 9 3 10 11 2 7 _ 0 4 1 10 _ 
[00325910] 4 | 9 3 10 11 2 7 _ 0 1 5 10 _ 
[00325911] 4 | 9 3 10 11 2 7 _ 0 4 8 10 _ 
[00325912] 3 | 9 3 10 11 2 7 5 0 4 8 10 _ 
[00325913] 4 | 9 3 10 11 2 7 _ 0 5 1 10 _ 
[00325914] 4 | 9 3 10 11 2 7 _ 0 8 4 10 _ 
[00325915] 3 | 9 3 10 11 2 7 5 0 8 4 10 _ 
[00325916] 5 | 9 3 10 11 2 _ 7 0 _ _ 10 _ 
[00325917] 4 | 9 3 10 11 2 6 7 0 _ _ 10 _ 
[00325918] 3 | 9 3 10 11 2 6 7 0 1 4 10 _ 
[00325919] 3 | 9 3 10 11 2 6 7 0 5 8 10 _ 
[00325920] 3 | 9 3 10 11 2 6 7 0 4 1 10 _ 
[00325921] 3 | 9 3 10 11 2 6 7 0 8 5 10 _ 
[00325922] 4 | 9 3 10 11 2 _ 7 0 4 _ 10 _ 
[00325923] 3 | 9 3 10 11 2 5 7 0 4 _ 10 _ 
[00325924] 2 | 9 3 10 11 2 5 7 0 4 6 10 _ 
[00325925] 3 | 9 3 10 11 2 _ 7 0 4 1 10 _ 
[00325926] 4 | 9 3 10 11 2 _ 7 0 1 5 10 _ 
[00325927] 4 | 9 3 10 11 2 _ 7 0 4 8 10 _ 
[00325928] 3 | 9 3 10 11 2 5 7 0 4 8 10 _ 
[00325929] 4 | 9 3 10 11 2 _ 7 0 5 1 10 _ 
[00325930] 4 | 9 3 10 11 2 _ 7 0 8 4 10 _ 
[00325931] 3 | 9 3 10 11 2 5 7 0 8 4 10 _ 
[00325932] 5 | 9 3 10 11 2 _ _ 0 5 _ 10 _ 
[00325933] 4 | 9 3 10 11 2 6 _ 0 5 _ 10 _ 
[00325934] 3 | 9 3 10 11 2 6 5 0 5 _ 10 _ 
[00325935] 3 | 9 3 10 11 2 6 _ 0 5 2 10 _ 
[00325936] 3 | 9 3 10 11 2 6 _ 0 5 8 10 _ 
[00325937] 2 | 9 3 10 11 2 6 4 0 5 8 10 _ 
[00325938] 4 | 9 3 10 11 2 _ 6 0 5 _ 10 _ 
[00325939] 3 | 9 3 10 11 2 5 6 0 5 _ 10 _ 
[00325940] 3 | 9 3 10 11 2 _ 6 0 5 2 10 _ 
[00325941] 3 | 9 3 10 11 2 _ 6 0 5 8 10 _ 
[00325942] 2 | 9 3 10 11 2 4 6 0 5 8 10 _ 
[00325943] 4 | 9 3 10 11 2 _ _ 0 5 1 10 _ 
[00325944] 5 | 9 3 10 11 2 _ _ 0 1 6 10 _ 
[00325945] 5 | 9 3 10 11 2 _ _ 0 6 1 10 _ 
[00325946] 6 | _ 3 10 11 2 8 _ 0 _ _ 10 _ 
[00325947] 5 | _ 3 10 11 2 8 7 0 _ _ 10 _ 
[00325948] 4 | _ 3 10 11 2 8 7 0 4 _ 10 _ 
[00325949] 3 | 6 3 10 11 2 8 7 0 4 _ 10 _ 
[00325950] 3 | _ 3 10 11 2 8 7 0 4 1 10 _ 
[00325951] 2 | 5 3 10 11 2 8 7 0 4 1 10 _ 
[00325952] 4 | _ 3 10 11 2 8 7 0 1 5 10 _ 
[00325953] 3 | 6 3 10 11 2 8 7 0 1 5 10 _ 
[00325954] 4 | _ 3 10 11 2 8 7 0 5 9 10 _ 
[00325955] 3 | 6 3 10 11 2 8 7 0 5 9 10 _ 
[00325956] 4 | _ 3 10 11 2 8 7 0 5 1 10 _ 
[00325957] 3 | 6 3 10 11 2 8 7 0 5 1 10 _ 
[00325958] 4 | _ 3 10 11 2 8 7 0 9 5 10 _ 
[00325959] 3 | 6 3 10 11 2 8 7 0 9 5 10 _ 
[00325960] 5 | _ 3 10 11 2 8 _ 0 5 _ 10 _ 
[00325961] 4 | 7 3 10 11 2 8 _ 0 5 _ 10 _ 
[00325962] 3 | 7 3 10 11 2 8 5 0 5 _ 10 _ 
[00325963] 3 | 7 3 10 11 2 8 _ 0 5 2 10 _ 
[00325964] 4 | _ 3 10 11 2 8 6 0 5 _ 10 _ 
[00325965] 4 | _ 3 10 11 2 8 _ 0 5 1 10 _ 
[00325966] 3 | 6 3 10 11 2 8 _ 0 5 1 10 _ 
[00325967] 2 | 6 3 10 11 2 8 4 0 5 1 10 _ 
[00325968] 4 | _ 3 10 11 2 8 _ 0 5 9 10 _ 
[00325969] 3 | 6 3 10 11 2 8 _ 0 5 9 10 _ 
[00325970] 2 | 6 3 10 11 2 8 4 0 5 9 10 _ 
[00325971] 5 | _ 3 10 11 2 8 _ 0 1 6 10 _ 
[00325972] 4 | 7 3 10 11 2 8 _ 0 1 6 10 _ 
[00325973] 3 | 7 3 10 11 2 8 5 0 1 6 10 _ 
[00325974] 5 | _ 3 10 11 2 8 _ 0 4 9 10 _ 
[00325975] 4 | 7 3 10 11 2 8 _ 0 4 9 10 _ 
[00325976] 3 | 7 3 10 11 2 8 5 0 4 9 10 _ 
[00325977] 4 | _ 3 10 11 2 8 6 0 4 9 10 _ 
[00325978] 5 | _ 3 10 11 2 8 _ 0 6 1 10 _ 
[00325979] 4 | 7 3 10 11 2 8 _ 0 6 1 10 _ 
[00325980] 3 | 7 3 10 11 2 8 5 0 6 1 10 _ 
[00325981] 5 | _ 3 10 11 2 8 _ 0 9 4 10 _ 
[00325982] 4 | 7 3 10 11 2 8 _ 0 9 4 10 _ 
[00325983] 3 | 7 3 10 11 2 8 5 0 9 4 10 _ 
[00325984] 4 | _ 3 10 11 2 8 6 0 9 4 10 _ 
[00325985] 6 | _ 3 10 11 2 _ 8 0 _ _ 10 _ 
[00325986] 5 | _ 3 10 11 2 7 8 0 _ _ 10 _ 
[00325987] 4 | _ 3 10 11 2 7 8 0 4 _ 10 _ 
[00325988] 3 | 6 3 10 11 2 7 8 0 4 _ 10 _ 
[00325989] 3 | _ 3 10 11 2 7 8 0 4 1 10 _ 
[00325990] 2 | 5 3 10 11 2 7 8 0 4 1 10 _ 
[00325991] 4 | _ 3 10 11 2 7 8 0 1 5 10 _ 
[00325992] 3 | 6 3 10 11 2 7 8 0 1 5 10 _ 
[00325993] 4 | _ 3 10 11 2 7 8 0 5 9 10 _ 
[00325994] 3 | 6 3 10 11 2 7 8 0 5 9 10 _ 
[00325995] 4 | _ 3 10 11 2 7 8 0 5 1 10 _ 
[00325996] 3 | 6 3 10 11 2 7 8 0 5 1 10 _ 
[00325997] 4 | _ 3 10 11 2 7 8 0 9 5 10 _ 
[00325998] 3 | 6 3 10 11 2 7 8 0 9 5 10 _ 
[00325999] 5 | _ 3 10 11 2 _ 8 0 5 _ 10 _ 
[00326000] 4 | 7 3 10 11 2 _ 8 0 5 _ 10 _ 
[00326001] 3 | 7 3 10 11 2 5 8 0 5 _ 10 _ 
[00326002] 3 | 7 3 10 11 2 _ 8 0 5 2 10 _ 
[00326003] 4 | _ 3 10 11 2 6 8 0 5 _ 10 _ 
[00326004] 4 | _ 3 10 11 2 _ 8 0 5 1 10 _ 
[00326005] 3 | 6 3 10 11 2 _ 8 0 5 1 10 _ 
[00326006] 2 | 6 3 10 11 2 4 8 0 5 1 10 _ 
[00326007] 4 | _ 3 10 11 2 _ 8 0 5 9 10 _ 
[00326008] 3 | 6 3 10 11 2 _ 8 0 5 9 10 _ 
[00326009] 2 | 6 3 10 11 2 4 8 0 5 9 10 _ 
[00326010] 5 | _ 3 10 11 2 _ 8 0 1 6 10 _ 
[00326011] 4 | 7 3 10 11 2 _ 8 0 1 6 10 _ 
[00326012] 3 | 7 3 10 11 2 5 8 0 1 6 10 _ 
[00326013] 5 | _ 3 10 11 2 _ 8 0 4 9 10 _ 
[00326014] 4 | 7 3 10 11 2 _ 8 0 4 9 10 _ 
[00326015] 3 | 7 3 10 11 2 5 8 0 4 9 10 _ 
[00326016] 4 | _ 3 10 11 2 6 8 0 4 9 10 _ 
[00326017] 5 | _ 3 10 11 2 _ 8 0 6 1 10 _ 
[00326018] 4 | 7 3 10 11 2 _ 8 0 6 1 10 _ 
[00326019] 3 | 7 3 10 11 2 5 8 0 6 1 10 _ 
[00326020] 5 | _ 3 10 11 2 _ 8 0 9 4 10 _ 
[00326021] 4 | 7 3 10 11 2 _ 8 0 9 4 10 _ 
[00326022] 3 | 7 3 10 11 2 5 8 0 9 4 10 _ 
[00326023] 4 | _ 3 10 11 2 6 8 0 9 4 10 _ 
[00326024] 6 | _ 3 10 11 2 _ _ 0 6 _ 10 _ 
[00326025] 5 | 8 3 10 11 2 _ _ 0 6 _ 10 _ 
[00326026] 4 | 8 3 10 11 2 6 _ 0 6 _ 10 _ 
[00326027] 3 | 8 3 10 11 2 6 5 0 6 _ 10 _ 
[00326028] 4 | 8 3 10 11 2 _ 6 0 6 _ 10 _ 
[00326029] 3 | 8 3 10 11 2 5 6 0 6 _ 10 _ 
[00326030] 4 | 8 3 10 11 2 _ _ 0 6 2 10 _ 
[00326031] 5 | _ 3 10 11 2 7 _ 0 6 _ 10 _ 
[00326032] 4 | _ 3 10 11 2 7 6 0 6 _ 10 _ 
[00326033] 4 | _ 3 10 11 2 7 _ 0 6 2 10 _ 
[00326034] 5 | _ 3 10 11 2 _ 7 0 6 _ 10 _ 
[00326035] 4 | _ 3 10 11 2 6 7 0 6 _ 10 _ 
[00326036] 4 | _ 3 10 11 2 _ 7 0 6 2 10 _ 
[00326037] 5 | _ 3 10 11 2 _ _ 0 6 1 10 _ 
[00326038] 4 | 7 3 10 11 2 _ _ 0 6 1 10 _ 
[00326039] 3 | 7 3 10 11 2 5 _ 0 6 1 10 _ 
[00326040] 2 | 7 3 10 11 2 5 4 0 6 1 10 _ 
[00326041] 3 | 7 3 10 11 2 _ 5 0 6 1 10 _ 
[00326042] 2 | 7 3 10 11 2 4 5 0 6 1 10 _ 
[00326043] 6 | _ 3 10 11 2 _ _ 0 1 7 10 _ 
[00326044] 5 | 8 3 10 11 2 _ _ 0 1 7 10 _ 
[00326045] 4 | 8 3 10 11 2 6 _ 0 1 7 10 _ 
[00326046] 3 | 8 3 10 11 2 6 5 0 1 7 10 _ 
[00326047] 4 | 8 3 10 11 2 _ 6 0 1 7 10 _ 
[00326048] 3 | 8 3 10 11 2 5 6 0 1 7 10 _ 
[00326049] 6 | _ 3 10 11 2 _ _ 0 7 1 10 _ 
[00326050] 5 | 8 3 10 11 2 _ _ 0 7 1 10 _ 
[00326051] 4 | 8 3 10 11 2 6 _ 0 7 1 10 _ 
[00326052] 3 | 8 3 10 11 2 6 5 0 7 1 10 _ 
[00326053] 4 | 8 3 10 11 2 _ 6 0 7 1 10 _ 
[00326054] 3 | 8 3 10 11 2 5 6 0 7 1 10 _ 
[00326055] 7 | _ 3 _ 11 2 9 _ 0 _ _ 10 _ 
[00326056] 6 | _ 3 _ 11 2 9 8 0 _ _ 10 _ 
[00326057] 5 | _ 3 _ 11 2 9 8 0 5 _ 10 _ 
[00326058] 4 | 7 3 _ 11 2 9 8 0 5 _ 10 _ 
[00326059] 3 | 7 3 6 11 2 9 8 0 5 _ 10 _ 
[00326060] 4 | _ 3 7 11 2 9 8 0 5 _ 10 _ 
[00326061] 3 | 6 3 7 11 2 9 8 0 5 _ 10 _ 
[00326062] 4 | _ 3 _ 11 2 9 8 0 5 1 10 _ 
[00326063] 3 | 6 3 _ 11 2 9 8 0 5 1 10 _ 
[00326064] 3 | _ 3 6 11 2 9 8 0 5 1 10 _ 
[00326065] 3 | _ 3 _ 11 2 9 8 0 5 1 10 7 
[00326066] 4 | _ 3 _ 11 2 9 8 0 5 _ 10 6 
[00326067] 5 | _ 3 _ 11 2 9 8 0 1 6 10 _ 
[00326068] 4 | 7 3 _ 11 2 9 8 0 1 6 10 _ 
[00326069] 4 | _ 3 7 11 2 9 8 0 1 6 10 _ 
[00326070] 5 | _ 3 _ 11 2 9 8 0 6 1 10 _ 
[00326071] 4 | 7 3 _ 11 2 9 8 0 6 1 10 _ 
[00326072] 4 | _ 3 7 11 2 9 8 0 6 1 10 _ 
[00326073] 5 | _ 3 _ 11 2 9 8 0 _ _ 10 5 
[00326074] 4 | 7 3 _ 11 2 9 8 0 _ _ 10 5 
[00326075] 3 | 7 3 0 11 2 9 8 0 _ _ 10 5 
[00326076] 2 | 7 3 0 11 2 9 8 0 4 6 10 5 
[00326077] 2 | 7 3 0 11 2 9 8 0 6 4 10 5 
[00326078] 3 | 7 3 6 11 2 9 8 0 _ _ 10 5 
[00326079] 3 | 7 3 _ 11 2 9 8 0 3 _ 10 5 
[00326080] 2 | 7 3 1 11 2 9 8 0 3 _ 10 5 
[00326081] 2 | 7 3 _ 11 2 9 8 0 3 1 10 5 
[00326082] 3 | 7 3 _ 11 2 9 8 0 1 4 10 5 
[00326083] 3 | 7 3 _ 11 2 9 8 0 4 1 10 5 
[00326084] 4 | _ 3 7 11 2 9 8 0 _ _ 10 5 
[00326085] 3 | 0 3 7 11 2 9 8 0 _ _ 10 5 
[00326086] 2 | 0 3 7 11 2 9 8 0 4 6 10 5 
[00326087] 2 | 0 3 7 11 2 9 8 0 6 4 10 5 
[00326088] 3 | 6 3 7 11 2 9 8 0 _ _ 10 5 
[00326089] 3 | _ 3 7 11 2 9 8 0 3 _ 10 5 
[00326090] 2 | 1 3 7 11 2 9 8 0 3 _ 10 5 
[00326091] 2 | _ 3 7 11 2 9 8 0 3 1 10 5 
[00326092] 3 | _ 3 7 11 2 9 8 0 1 4 10 5 
[00326093] 3 | _ 3 7 11 2 9 8 0 4 1 10 5 
[00326094] 4 | _ 3 _ 11 2 9 8 0 4 _ 10 5 
[00326095] 3 | 6 3 _ 11 2 9 8 0 4 _ 10 5 
[00326096] 2 | 6 3 1 11 2 9 8 0 4 _ 10 5 
[00326097] 3 | _ 3 6 11 2 9 8 0 4 _ 10 5 
[00326098] 2 | 1 3 6 11 2 9 8 0 4 _ 10 5 
[00326099] 3 | _ 3 _ 11 2 9 8 0 4 1 10 5 
[00326100] 3 | _ 3 _ 11 2 9 8 0 4 7 10 5 
[00326101] 2 | 1 3 _ 11 2 9 8 0 4 7 10 5 
[00326102] 2 | _ 3 1 11 2 9 8 0 4 7 10 5 
[00326103] 6 | _ 3 _ 11 2 9 _ 0 6 _ 10 _ 
[00326104] 5 | 8 3 _ 11 2 9 _ 0 6 _ 10 _ 
[00326105] 4 | 8 3 7 11 2 9 _ 0 6 _ 10 _ 
[00326106] 3 | 8 3 7 11 2 9 5 0 6 _ 10 _ 
[00326107] 2 | 8 3 7 11 2 9 5 0 6 4 10 _ 
[00326108] 4 | 8 3 _ 11 2 9 6 0 6 _ 10 _ 
[00326109] 3 | 8 3 _ 11 2 9 6 0 6 _ 10 7 
[00326110] 2 | 8 3 1 11 2 9 6 0 6 _ 10 7 
[00326111] 2 | 8 3 5 11 2 9 6 0 6 _ 10 7 
[00326112] 4 | 8 3 _ 11 2 9 _ 0 6 2 10 _ 
[00326113] 3 | 8 3 _ 11 2 9 _ 0 6 2 10 7 
[00326114] 2 | 8 3 1 11 2 9 _ 0 6 2 10 7 
[00326115] 2 | 8 3 5 11 2 9 _ 0 6 2 10 7 
[00326116] 4 | 8 3 _ 11 2 9 _ 0 6 10 10 _ 
[00326117] 3 | 8 3 _ 11 2 9 5 0 6 10 10 _ 
[00326118] 2 | 8 3 1 11 2 9 5 0 6 10 10 _ 
[00326119] 4 | 8 3 _ 11 2 9 _ 0 6 _ 10 6 
[00326120] 3 | 8 3 _ 11 2 9 5 0 6 _ 10 6 
[00326121] 2 | 8 3 1 11 2 9 5 0 6 _ 10 6 
[00326122] 5 | _ 3 8 11 2 9 _ 0 6 _ 10 _ 
[00326123] 4 | 7 3 8 11 2 9 _ 0 6 _ 10 _ 
[00326124] 3 | 7 3 8 11 2 9 5 0 6 _ 10 _ 
[00326125] 2 | 7 3 8 11 2 9 5 0 6 4 10 _ 
[00326126] 4 | _ 3 8 11 2 9 6 0 6 _ 10 _ 
[00326127] 3 | _ 3 8 11 2 9 6 0 6 _ 10 7 
[00326128] 2 | 1 3 8 11 2 9 6 0 6 _ 10 7 
[00326129] 2 | 5 3 8 11 2 9 6 0 6 _ 10 7 
[00326130] 4 | _ 3 8 11 2 9 _ 0 6 2 10 _ 
[00326131] 3 | _ 3 8 11 2 9 _ 0 6 2 10 7 
[00326132] 2 | 1 3 8 11 2 9 _ 0 6 2 10 7 
[00326133] 2 | 5 3 8 11 2 9 _ 0 6 2 10 7 
[00326134] 4 | _ 3 8 11 2 9 _ 0 6 10 10 _ 
[00326135] 3 | _ 3 8 11 2 9 5 0 6 10 10 _ 
[00326136] 2 | 1 3 8 11 2 9 5 0 6 10 10 _ 
[00326137] 4 | _ 3 8 11 2 9 _ 0 6 _ 10 6 
[00326138] 3 | _ 3 8 11 2 9 5 0 6 _ 10 6 
[00326139] 2 | 1 3 8 11 2 9 5 0 6 _ 10 6 
[00326140] 5 | _ 3 _ 11 2 9 7 0 6 _ 10 _ 
[00326141] 4 | _ 3 _ 11 2 9 7 0 6 10 10 _ 
[00326142] 4 | _ 3 _ 11 2 9 7 0 6 _ 10 6 
[00326143] 5 | _ 3 _ 11 2 9 _ 0 6 1 10 _ 
[00326144] 4 | 7 3 _ 11 2 9 _ 0 6 1 10 _ 
[00326145] 3 | 7 3 _ 11 2 9 5 0 6 1 10 _ 
[00326146] 2 | 7 3 _ 11 2 9 5 0 6 1 10 8 
[00326147] 1 | 7 3 4 11 2 9 5 0 6 1 10 8  *Graceful*
[00326147] 4 | _ 3 7 11 2 9 _ 0 6 1 10 _ 
[00326148] 3 | _ 3 7 11 2 9 5 0 6 1 10 _ 
[00326149] 2 | _ 3 7 11 2 9 5 0 6 1 10 8 
[00326150] 1 | 4 3 7 11 2 9 5 0 6 1 10 8  *Graceful*
[00326150] 5 | _ 3 _ 11 2 9 _ 0 6 _ 10 5 
[00326151] 4 | 7 3 _ 11 2 9 _ 0 6 _ 10 5 
[00326152] 3 | 7 3 6 11 2 9 _ 0 6 _ 10 5 
[00326153] 2 | 7 3 6 11 2 9 4 0 6 _ 10 5 
[00326154] 3 | 7 3 _ 11 2 9 _ 0 6 3 10 5 
[00326155] 2 | 7 3 _ 11 2 9 4 0 6 3 10 5 
[00326156] 4 | _ 3 7 11 2 9 _ 0 6 _ 10 5 
[00326157] 3 | 6 3 7 11 2 9 _ 0 6 _ 10 5 
[00326158] 2 | 6 3 7 11 2 9 4 0 6 _ 10 5 
[00326159] 3 | _ 3 7 11 2 9 _ 0 6 3 10 5 
[00326160] 2 | _ 3 7 11 2 9 4 0 6 3 10 5 
[00326161] 4 | _ 3 _ 11 2 9 6 0 6 _ 10 5 
[00326162] 4 | _ 3 _ 11 2 9 _ 0 6 2 10 5 
[00326163] 6 | _ 3 _ 11 2 9 _ 0 1 7 10 _ 
[00326164] 5 | 8 3 _ 11 2 9 _ 0 1 7 10 _ 
[00326165] 4 | 8 3 _ 11 2 9 6 0 1 7 10 _ 
[00326166] 4 | 8 3 _ 11 2 9 _ 0 1 7 10 6 
[00326167] 3 | 8 3 _ 11 2 9 5 0 1 7 10 6 
[00326168] 5 | _ 3 8 11 2 9 _ 0 1 7 10 _ 
[00326169] 4 | _ 3 8 11 2 9 6 0 1 7 10 _ 
[00326170] 4 | _ 3 8 11 2 9 _ 0 1 7 10 6 
[00326171] 3 | _ 3 8 11 2 9 5 0 1 7 10 6 
[00326172] 5 | _ 3 _ 11 2 9 _ 0 1 7 10 5 
[00326173] 4 | _ 3 _ 11 2 9 6 0 1 7 10 5 
[00326174] 6 | _ 3 _ 11 2 9 _ 0 7 1 10 _ 
[00326175] 5 | 8 3 _ 11 2 9 _ 0 7 1 10 _ 
[00326176] 4 | 8 3 _ 11 2 9 6 0 7 1 10 _ 
[00326177] 4 | 8 3 _ 11 2 9 _ 0 7 1 10 6 
[00326178] 3 | 8 3 _ 11 2 9 5 0 7 1 10 6 
[00326179] 5 | _ 3 8 11 2 9 _ 0 7 1 10 _ 
[00326180] 4 | _ 3 8 11 2 9 6 0 7 1 10 _ 
[00326181] 4 | _ 3 8 11 2 9 _ 0 7 1 10 6 
[00326182] 3 | _ 3 8 11 2 9 5 0 7 1 10 6 
[00326183] 5 | _ 3 _ 11 2 9 _ 0 7 1 10 5 
[00326184] 4 | _ 3 _ 11 2 9 6 0 7 1 10 5 
[00326185] 6 | _ 3 _ 11 2 9 _ 0 _ _ 10 4 
[00326186] 5 | 8 3 _ 11 2 9 _ 0 _ _ 10 4 
[00326187] 4 | 8 3 7 11 2 9 _ 0 _ _ 10 4 
[00326188] 3 | 8 3 7 11 2 9 5 0 _ _ 10 4 
[00326189] 4 | 8 3 _ 11 2 9 6 0 _ _ 10 4 
[00326190] 3 | 8 3 0 11 2 9 6 0 _ _ 10 4 
[00326191] 2 | 8 3 0 11 2 9 6 0 5 7 10 4 
[00326192] 2 | 8 3 0 11 2 9 6 0 7 5 10 4 
[00326193] 3 | 8 3 _ 11 2 9 6 0 3 _ 10 4 
[00326194] 2 | 8 3 1 11 2 9 6 0 3 _ 10 4 
[00326195] 2 | 8 3 5 11 2 9 6 0 3 _ 10 4 
[00326196] 2 | 8 3 _ 11 2 9 6 0 3 1 10 4 
[00326197] 2 | 8 3 _ 11 2 9 6 0 3 5 10 4 
[00326198] 4 | 8 3 _ 11 2 9 _ 0 1 5 10 4 
[00326199] 3 | 8 3 6 11 2 9 _ 0 1 5 10 4 
[00326200] 4 | 8 3 _ 11 2 9 _ 0 5 1 10 4 
[00326201] 3 | 8 3 6 11 2 9 _ 0 5 1 10 4 
[00326202] 5 | _ 3 8 11 2 9 _ 0 _ _ 10 4 
[00326203] 4 | 7 3 8 11 2 9 _ 0 _ _ 10 4 
[00326204] 3 | 7 3 8 11 2 9 5 0 _ _ 10 4 
[00326205] 4 | _ 3 8 11 2 9 6 0 _ _ 10 4 
[00326206] 3 | 0 3 8 11 2 9 6 0 _ _ 10 4 
[00326207] 2 | 0 3 8 11 2 9 6 0 5 7 10 4 
[00326208] 2 | 0 3 8 11 2 9 6 0 7 5 10 4 
[00326209] 3 | _ 3 8 11 2 9 6 0 3 _ 10 4 
[00326210] 2 | 1 3 8 11 2 9 6 0 3 _ 10 4 
[00326211] 2 | 5 3 8 11 2 9 6 0 3 _ 10 4 
[00326212] 2 | _ 3 8 11 2 9 6 0 3 1 10 4 
[00326213] 2 | _ 3 8 11 2 9 6 0 3 5 10 4 
[00326214] 4 | _ 3 8 11 2 9 _ 0 1 5 10 4 
[00326215] 3 | 6 3 8 11 2 9 _ 0 1 5 10 4 
[00326216] 4 | _ 3 8 11 2 9 _ 0 5 1 10 4 
[00326217] 3 | 6 3 8 11 2 9 _ 0 5 1 10 4 
[00326218] 5 | _ 3 _ 11 2 9 7 0 _ _ 10 4 
[00326219] 4 | _ 3 _ 11 2 9 7 0 1 5 10 4 
[00326220] 3 | 6 3 _ 11 2 9 7 0 1 5 10 4 
[00326221] 3 | _ 3 6 11 2 9 7 0 1 5 10 4 
[00326222] 4 | _ 3 _ 11 2 9 7 0 5 1 10 4 
[00326223] 3 | 6 3 _ 11 2 9 7 0 5 1 10 4 
