[00189363] 3 | 6 10 3 1 11 0 5 9 _ _ 4 7 
[00189364] 4 | _ 10 3 1 11 0 5 9 2 6 4 _ 
[00189365] 3 | 7 10 3 1 11 0 5 9 2 6 4 _ 
[00189366] 3 | _ 10 3 1 11 0 5 9 2 6 4 7 
[00189367] 2 | 8 10 3 1 11 0 5 9 2 6 4 7 
[00189368] 4 | _ 10 3 1 11 0 5 9 6 2 4 _ 
[00189369] 3 | 7 10 3 1 11 0 5 9 6 2 4 _ 
[00189370] 3 | _ 10 3 1 11 0 5 9 6 2 4 7 
[00189371] 2 | 8 10 3 1 11 0 5 9 6 2 4 7 
[00189372] 4 | _ 10 3 1 11 0 5 9 _ _ 4 8 
[00189373] 3 | 7 10 3 1 11 0 5 9 _ _ 4 8 
[00189374] 3 | _ 10 3 1 11 0 5 9 6 _ 4 8 
[00189375] 5 | _ 10 3 1 11 0 5 9 _ _ 2 7 
[00189376] 4 | 6 10 3 1 11 0 5 9 _ _ 2 7 
[00189377] 4 | _ 10 3 1 11 0 5 9 4 8 2 7 
[00189378] 4 | _ 10 3 1 11 0 5 9 8 4 2 7 
[00189379] 5 | _ 10 3 1 11 0 5 9 _ _ 7 2 
[00189380] 4 | 6 10 3 1 11 0 5 9 _ _ 7 2 
[00189381] 4 | _ 10 3 1 11 0 5 9 4 8 7 2 
[00189382] 4 | _ 10 3 1 11 0 5 9 8 4 7 2 
[00189383] 6 | _ 10 3 1 11 0 _ 9 2 8 _ _ 
[00189384] 5 | 5 10 3 1 11 0 _ 9 2 8 _ _ 
[00189385] 4 | 5 10 3 1 11 0 7 9 2 8 _ _ 
[00189386] 3 | 5 10 3 1 11 0 7 9 2 8 6 _ 
[00189387] 2 | 5 10 3 1 11 0 7 9 2 8 6 4 
[00189388] 5 | _ 10 3 1 11 0 6 9 2 8 _ _ 
[00189389] 4 | _ 10 3 1 11 0 6 9 2 8 5 _ 
[00189390] 3 | 7 10 3 1 11 0 6 9 2 8 5 _ 
[00189391] 5 | _ 10 3 1 11 0 _ 9 2 8 4 _ 
[00189392] 4 | 6 10 3 1 11 0 _ 9 2 8 4 _ 
[00189393] 3 | 6 10 3 1 11 0 _ 9 2 8 4 7 
[00189394] 4 | _ 10 3 1 11 0 7 9 2 8 4 _ 
[00189395] 6 | _ 10 3 1 11 0 _ 9 8 2 _ _ 
[00189396] 5 | 5 10 3 1 11 0 _ 9 8 2 _ _ 
[00189397] 4 | 5 10 3 1 11 0 7 9 8 2 _ _ 
[00189398] 3 | 5 10 3 1 11 0 7 9 8 2 6 _ 
[00189399] 2 | 5 10 3 1 11 0 7 9 8 2 6 4 
[00189400] 1 | 5 10 3 1 11 0 7 9 8 2 6 4  *Graceful*
[00189400] 5 | _ 10 3 1 11 0 6 9 8 2 _ _ 
[00189401] 4 | _ 10 3 1 11 0 6 9 8 2 5 _ 
[00189402] 3 | 7 10 3 1 11 0 6 9 8 2 5 _ 
[00189403] 5 | _ 10 3 1 11 0 _ 9 8 2 4 _ 
[00189404] 4 | 6 10 3 1 11 0 _ 9 8 2 4 _ 
[00189405] 3 | 6 10 3 1 11 0 _ 9 8 2 4 7 
[00189406] 4 | _ 10 3 1 11 0 7 9 8 2 4 _ 
[00189407] 6 | _ 10 3 1 11 0 _ 9 _ _ 2 8 
[00189408] 5 | 5 10 3 1 11 0 _ 9 _ _ 2 8 
[00189409] 4 | 5 10 3 1 11 0 7 9 _ _ 2 8 
[00189410] 3 | 5 10 3 1 11 0 7 9 6 _ 2 8 
[00189411] 2 | 5 10 3 1 11 0 7 9 6 4 2 8 
[00189412] 5 | _ 10 3 1 11 0 6 9 _ _ 2 8 
[00189413] 4 | _ 10 3 1 11 0 6 9 5 _ 2 8 
[00189414] 3 | 7 10 3 1 11 0 6 9 5 _ 2 8 
[00189415] 5 | _ 10 3 1 11 0 _ 9 4 _ 2 8 
[00189416] 4 | 6 10 3 1 11 0 _ 9 4 _ 2 8 
[00189417] 3 | 6 10 3 1 11 0 _ 9 4 7 2 8 
[00189418] 4 | _ 10 3 1 11 0 7 9 4 _ 2 8 
[00189419] 6 | _ 10 3 1 11 0 _ 9 _ _ 8 2 
[00189420] 5 | 5 10 3 1 11 0 _ 9 _ _ 8 2 
[00189421] 4 | 5 10 3 1 11 0 7 9 _ _ 8 2 
[00189422] 3 | 5 10 3 1 11 0 7 9 6 _ 8 2 
[00189423] 2 | 5 10 3 1 11 0 7 9 6 4 8 2 
[00189424] 1 | 5 10 3 1 11 0 7 9 6 4 8 2  *Graceful*
[00189424] 5 | _ 10 3 1 11 0 6 9 _ _ 8 2 
[00189425] 4 | _ 10 3 1 11 0 6 9 5 _ 8 2 
[00189426] 3 | 7 10 3 1 11 0 6 9 5 _ 8 2 
[00189427] 5 | _ 10 3 1 11 0 _ 9 4 _ 8 2 
[00189428] 4 | 6 10 3 1 11 0 _ 9 4 _ 8 2 
[00189429] 3 | 6 10 3 1 11 0 _ 9 4 7 8 2 
[00189430] 4 | _ 10 3 1 11 0 7 9 4 _ 8 2 
[00189431] 7 | _ 10 _ 1 11 0 4 9 _ _ _ _ 
[00189432] 6 | _ 10 _ 1 11 0 4 9 3 _ _ _ 
[00189433] 5 | 5 10 _ 1 11 0 4 9 3 _ _ _ 
[00189434] 4 | 5 10 6 1 11 0 4 9 3 _ _ _ 
[00189435] 4 | 5 10 _ 1 11 0 4 9 3 7 _ _ 
[00189436] 3 | 5 10 _ 1 11 0 4 9 3 7 6 _ 
[00189437] 2 | 5 10 8 1 11 0 4 9 3 7 6 _ 
[00189438] 2 | 5 10 _ 1 11 0 4 9 3 7 6 8 
[00189439] 4 | 5 10 _ 1 11 0 4 9 3 _ 2 6 
[00189440] 3 | 5 10 7 1 11 0 4 9 3 _ 2 6 
[00189441] 4 | 5 10 _ 1 11 0 4 9 3 _ 6 2 
[00189442] 3 | 5 10 7 1 11 0 4 9 3 _ 6 2 
[00189443] 5 | _ 10 5 1 11 0 4 9 3 _ _ _ 
[00189444] 4 | 6 10 5 1 11 0 4 9 3 _ _ _ 
[00189445] 4 | _ 10 5 1 11 0 4 9 3 7 _ _ 
[00189446] 3 | _ 10 5 1 11 0 4 9 3 7 6 _ 
[00189447] 2 | 8 10 5 1 11 0 4 9 3 7 6 _ 
[00189448] 2 | _ 10 5 1 11 0 4 9 3 7 6 8 
[00189449] 4 | _ 10 5 1 11 0 4 9 3 _ 2 6 
[00189450] 3 | 7 10 5 1 11 0 4 9 3 _ 2 6 
[00189451] 4 | _ 10 5 1 11 0 4 9 3 _ 6 2 
[00189452] 3 | 7 10 5 1 11 0 4 9 3 _ 6 2 
[00189453] 5 | _ 10 _ 1 11 0 4 9 3 8 _ _ 
[00189454] 4 | 6 10 _ 1 11 0 4 9 3 8 _ _ 
[00189455] 3 | 6 10 7 1 11 0 4 9 3 8 _ _ 
[00189456] 3 | 6 10 _ 1 11 0 4 9 3 8 2 5 
[00189457] 3 | 6 10 _ 1 11 0 4 9 3 8 5 2 
[00189458] 4 | _ 10 6 1 11 0 4 9 3 8 _ _ 
[00189459] 3 | 7 10 6 1 11 0 4 9 3 8 _ _ 
[00189460] 3 | _ 10 6 1 11 0 4 9 3 8 2 5 
[00189461] 3 | _ 10 6 1 11 0 4 9 3 8 5 2 
[00189462] 4 | _ 10 _ 1 11 0 4 9 3 8 5 _ 
[00189463] 3 | 7 10 _ 1 11 0 4 9 3 8 5 _ 
[00189464] 3 | _ 10 7 1 11 0 4 9 3 8 5 _ 
[00189465] 3 | _ 10 _ 1 11 0 4 9 3 8 5 2 
[00189466] 4 | _ 10 _ 1 11 0 4 9 3 8 2 6 
[00189467] 3 | 7 10 _ 1 11 0 4 9 3 8 2 6 
[00189468] 3 | _ 10 7 1 11 0 4 9 3 8 2 6 
[00189469] 4 | _ 10 _ 1 11 0 4 9 3 8 6 2 
[00189470] 3 | 7 10 _ 1 11 0 4 9 3 8 6 2 
[00189471] 3 | _ 10 7 1 11 0 4 9 3 8 6 2 
[00189472] 5 | _ 10 _ 1 11 0 4 9 3 _ 2 7 
[00189473] 4 | 6 10 _ 1 11 0 4 9 3 _ 2 7 
[00189474] 4 | _ 10 6 1 11 0 4 9 3 _ 2 7 
[00189475] 5 | _ 10 _ 1 11 0 4 9 3 _ 7 2 
[00189476] 4 | 6 10 _ 1 11 0 4 9 3 _ 7 2 
[00189477] 4 | _ 10 6 1 11 0 4 9 3 _ 7 2 
[00189478] 6 | _ 10 _ 1 11 0 4 9 2 8 _ _ 
[00189479] 5 | 5 10 _ 1 11 0 4 9 2 8 _ _ 
[00189480] 4 | 5 10 6 1 11 0 4 9 2 8 _ _ 
[00189481] 4 | 5 10 _ 1 11 0 4 9 2 8 3 7 
[00189482] 4 | 5 10 _ 1 11 0 4 9 2 8 7 3 
[00189483] 5 | _ 10 5 1 11 0 4 9 2 8 _ _ 
[00189484] 4 | 6 10 5 1 11 0 4 9 2 8 _ _ 
[00189485] 4 | _ 10 5 1 11 0 4 9 2 8 3 7 
[00189486] 4 | _ 10 5 1 11 0 4 9 2 8 7 3 
[00189487] 6 | _ 10 _ 1 11 0 4 9 8 2 _ _ 
[00189488] 5 | 5 10 _ 1 11 0 4 9 8 2 _ _ 
[00189489] 4 | 5 10 6 1 11 0 4 9 8 2 _ _ 
[00189490] 4 | 5 10 _ 1 11 0 4 9 8 2 3 7 
[00189491] 4 | 5 10 _ 1 11 0 4 9 8 2 7 3 
[00189492] 5 | _ 10 5 1 11 0 4 9 8 2 _ _ 
[00189493] 4 | 6 10 5 1 11 0 4 9 8 2 _ _ 
[00189494] 4 | _ 10 5 1 11 0 4 9 8 2 3 7 
[00189495] 4 | _ 10 5 1 11 0 4 9 8 2 7 3 
[00189496] 6 | _ 10 _ 1 11 0 4 9 _ _ 3 _ 
[00189497] 5 | 5 10 _ 1 11 0 4 9 _ _ 3 _ 
[00189498] 4 | 5 10 6 1 11 0 4 9 _ _ 3 _ 
[00189499] 4 | 5 10 _ 1 11 0 4 9 2 6 3 _ 
[00189500] 3 | 5 10 7 1 11 0 4 9 2 6 3 _ 
[00189501] 4 | 5 10 _ 1 11 0 4 9 6 2 3 _ 
[00189502] 3 | 5 10 7 1 11 0 4 9 6 2 3 _ 
[00189503] 4 | 5 10 _ 1 11 0 4 9 _ _ 3 7 
[00189504] 3 | 5 10 _ 1 11 0 4 9 6 _ 3 7 
[00189505] 2 | 5 10 8 1 11 0 4 9 6 _ 3 7 
[00189506] 2 | 5 10 _ 1 11 0 4 9 6 8 3 7 
[00189507] 5 | _ 10 5 1 11 0 4 9 _ _ 3 _ 
[00189508] 4 | 6 10 5 1 11 0 4 9 _ _ 3 _ 
[00189509] 4 | _ 10 5 1 11 0 4 9 2 6 3 _ 
[00189510] 3 | 7 10 5 1 11 0 4 9 2 6 3 _ 
[00189511] 4 | _ 10 5 1 11 0 4 9 6 2 3 _ 
[00189512] 3 | 7 10 5 1 11 0 4 9 6 2 3 _ 
[00189513] 4 | _ 10 5 1 11 0 4 9 _ _ 3 7 
[00189514] 3 | _ 10 5 1 11 0 4 9 6 _ 3 7 
[00189515] 2 | 8 10 5 1 11 0 4 9 6 _ 3 7 
[00189516] 2 | _ 10 5 1 11 0 4 9 6 8 3 7 
[00189517] 5 | _ 10 _ 1 11 0 4 9 2 7 3 _ 
[00189518] 4 | 6 10 _ 1 11 0 4 9 2 7 3 _ 
[00189519] 4 | _ 10 6 1 11 0 4 9 2 7 3 _ 
[00189520] 5 | _ 10 _ 1 11 0 4 9 7 2 3 _ 
[00189521] 4 | 6 10 _ 1 11 0 4 9 7 2 3 _ 
[00189522] 4 | _ 10 6 1 11 0 4 9 7 2 3 _ 
[00189523] 5 | _ 10 _ 1 11 0 4 9 _ _ 3 8 
[00189524] 4 | 6 10 _ 1 11 0 4 9 _ _ 3 8 
[00189525] 3 | 6 10 7 1 11 0 4 9 _ _ 3 8 
[00189526] 3 | 6 10 _ 1 11 0 4 9 2 5 3 8 
[00189527] 3 | 6 10 _ 1 11 0 4 9 5 2 3 8 
[00189528] 4 | _ 10 6 1 11 0 4 9 _ _ 3 8 
[00189529] 3 | 7 10 6 1 11 0 4 9 _ _ 3 8 
[00189530] 3 | _ 10 6 1 11 0 4 9 2 5 3 8 
[00189531] 3 | _ 10 6 1 11 0 4 9 5 2 3 8 
[00189532] 4 | _ 10 _ 1 11 0 4 9 5 _ 3 8 
[00189533] 3 | 7 10 _ 1 11 0 4 9 5 _ 3 8 
[00189534] 3 | _ 10 7 1 11 0 4 9 5 _ 3 8 
[00189535] 3 | _ 10 _ 1 11 0 4 9 5 2 3 8 
[00189536] 4 | _ 10 _ 1 11 0 4 9 2 6 3 8 
[00189537] 3 | 7 10 _ 1 11 0 4 9 2 6 3 8 
[00189538] 3 | _ 10 7 1 11 0 4 9 2 6 3 8 
[00189539] 4 | _ 10 _ 1 11 0 4 9 6 2 3 8 
[00189540] 3 | 7 10 _ 1 11 0 4 9 6 2 3 8 
[00189541] 3 | _ 10 7 1 11 0 4 9 6 2 3 8 
[00189542] 6 | _ 10 _ 1 11 0 4 9 _ _ 2 8 
[00189543] 5 | 5 10 _ 1 11 0 4 9 _ _ 2 8 
[00189544] 4 | 5 10 6 1 11 0 4 9 _ _ 2 8 
[00189545] 4 | 5 10 _ 1 11 0 4 9 3 7 2 8 
[00189546] 4 | 5 10 _ 1 11 0 4 9 7 3 2 8 
[00189547] 5 | _ 10 5 1 11 0 4 9 _ _ 2 8 
[00189548] 4 | 6 10 5 1 11 0 4 9 _ _ 2 8 
[00189549] 4 | _ 10 5 1 11 0 4 9 3 7 2 8 
[00189550] 4 | _ 10 5 1 11 0 4 9 7 3 2 8 
[00189551] 6 | _ 10 _ 1 11 0 4 9 _ _ 8 2 
[00189552] 5 | 5 10 _ 1 11 0 4 9 _ _ 8 2 
[00189553] 4 | 5 10 6 1 11 0 4 9 _ _ 8 2 
[00189554] 4 | 5 10 _ 1 11 0 4 9 3 7 8 2 
[00189555] 4 | 5 10 _ 1 11 0 4 9 7 3 8 2 
[00189556] 5 | _ 10 5 1 11 0 4 9 _ _ 8 2 
[00189557] 4 | 6 10 5 1 11 0 4 9 _ _ 8 2 
[00189558] 4 | _ 10 5 1 11 0 4 9 3 7 8 2 
[00189559] 4 | _ 10 5 1 11 0 4 9 7 3 8 2 
[00189560] 7 | _ 10 _ 1 11 0 _ 9 2 _ _ _ 
[00189561] 6 | 4 10 _ 1 11 0 _ 9 2 _ _ _ 
[00189562] 5 | 4 10 5 1 11 0 _ 9 2 _ _ _ 
[00189563] 4 | 4 10 5 1 11 0 7 9 2 _ _ _ 
[00189564] 3 | 4 10 5 1 11 0 7 9 2 _ 6 _ 
[00189565] 2 | 4 10 5 1 11 0 7 9 2 _ 6 8 
[00189566] 1 | 4 10 5 1 11 0 7 9 2 3 6 8  *Graceful*
[00189566] 3 | 4 10 5 1 11 0 7 9 2 _ 3 6 
[00189567] 3 | 4 10 5 1 11 0 7 9 2 _ 6 3 
[00189568] 4 | 4 10 5 1 11 0 _ 9 2 6 _ _ 
[00189569] 3 | 4 10 5 1 11 0 8 9 2 6 _ _ 
[00189570] 2 | 4 10 5 1 11 0 8 9 2 6 7 _ 
[00189571] 4 | 4 10 5 1 11 0 _ 9 2 _ 3 7 
[00189572] 3 | 4 10 5 1 11 0 8 9 2 _ 3 7 
[00189573] 4 | 4 10 5 1 11 0 _ 9 2 _ 7 3 
[00189574] 3 | 4 10 5 1 11 0 8 9 2 _ 7 3 
[00189575] 5 | 4 10 _ 1 11 0 6 9 2 _ _ _ 
[00189576] 4 | 4 10 _ 1 11 0 6 9 2 _ 5 _ 
[00189577] 3 | 4 10 7 1 11 0 6 9 2 _ 5 _ 
[00189578] 2 | 4 10 7 1 11 0 6 9 2 _ 5 3 
[00189579] 3 | 4 10 _ 1 11 0 6 9 2 5 5 _ 
[00189580] 2 | 4 10 8 1 11 0 6 9 2 5 5 _ 
[00189581] 3 | 4 10 _ 1 11 0 6 9 2 _ 5 2 
[00189582] 2 | 4 10 8 1 11 0 6 9 2 _ 5 2 
[00189583] 3 | 4 10 _ 1 11 0 6 9 2 _ 5 8 
[00189584] 4 | 4 10 _ 1 11 0 6 9 2 _ 3 7 
[00189585] 3 | 4 10 _ 1 11 0 6 9 2 5 3 7 
[00189586] 2 | 4 10 8 1 11 0 6 9 2 5 3 7 
[00189587] 4 | 4 10 _ 1 11 0 6 9 2 _ 7 3 
[00189588] 3 | 4 10 _ 1 11 0 6 9 2 5 7 3 
[00189589] 2 | 4 10 8 1 11 0 6 9 2 5 7 3 
[00189590] 5 | 4 10 _ 1 11 0 _ 9 2 7 _ _ 
[00189591] 4 | 4 10 6 1 11 0 _ 9 2 7 _ _ 
[00189592] 3 | 4 10 6 1 11 0 8 9 2 7 _ _ 
[00189593] 2 | 4 10 6 1 11 0 8 9 2 7 3 5 
[00189594] 2 | 4 10 6 1 11 0 8 9 2 7 5 3 
[00189595] 3 | 4 10 6 1 11 0 _ 9 2 7 5 8 
[00189596] 3 | 4 10 6 1 11 0 _ 9 2 7 8 5 
[00189597] 4 | 4 10 _ 1 11 0 _ 9 2 7 5 _ 
[00189598] 3 | 4 10 _ 1 11 0 8 9 2 7 5 _ 
[00189599] 2 | 4 10 _ 1 11 0 8 9 2 7 5 3 
[00189600] 3 | 4 10 _ 1 11 0 _ 9 2 7 5 8 
[00189601] 5 | 4 10 _ 1 11 0 _ 9 2 _ 3 8 
[00189602] 4 | 4 10 6 1 11 0 _ 9 2 _ 3 8 
[00189603] 3 | 4 10 6 1 11 0 _ 9 2 5 3 8 
[00189604] 4 | 4 10 _ 1 11 0 7 9 2 _ 3 8 
[00189605] 3 | 4 10 _ 1 11 0 7 9 2 5 3 8 
[00189606] 4 | 4 10 _ 1 11 0 _ 9 2 6 3 8 
[00189607] 3 | 4 10 7 1 11 0 _ 9 2 6 3 8 
[00189608] 5 | 4 10 _ 1 11 0 _ 9 2 _ 8 3 
[00189609] 4 | 4 10 6 1 11 0 _ 9 2 _ 8 3 
[00189610] 3 | 4 10 6 1 11 0 _ 9 2 5 8 3 
[00189611] 4 | 4 10 _ 1 11 0 7 9 2 _ 8 3 
[00189612] 3 | 4 10 _ 1 11 0 7 9 2 5 8 3 
[00189613] 4 | 4 10 _ 1 11 0 _ 9 2 6 8 3 
[00189614] 3 | 4 10 7 1 11 0 _ 9 2 6 8 3 
[00189615] 6 | _ 10 4 1 11 0 _ 9 2 _ _ _ 
[00189616] 5 | 5 10 4 1 11 0 _ 9 2 _ _ _ 
[00189617] 4 | 5 10 4 1 11 0 7 9 2 _ _ _ 
[00189618] 3 | 5 10 4 1 11 0 7 9 2 _ 6 _ 
[00189619] 2 | 5 10 4 1 11 0 7 9 2 _ 6 8 
[00189620] 1 | 5 10 4 1 11 0 7 9 2 3 6 8  *Graceful*
[00189620] 3 | 5 10 4 1 11 0 7 9 2 _ 3 6 
[00189621] 3 | 5 10 4 1 11 0 7 9 2 _ 6 3 
[00189622] 4 | 5 10 4 1 11 0 _ 9 2 6 _ _ 
[00189623] 3 | 5 10 4 1 11 0 8 9 2 6 _ _ 
[00189624] 2 | 5 10 4 1 11 0 8 9 2 6 7 _ 
[00189625] 4 | 5 10 4 1 11 0 _ 9 2 _ 3 7 
[00189626] 3 | 5 10 4 1 11 0 8 9 2 _ 3 7 
[00189627] 4 | 5 10 4 1 11 0 _ 9 2 _ 7 3 
[00189628] 3 | 5 10 4 1 11 0 8 9 2 _ 7 3 
[00189629] 5 | _ 10 4 1 11 0 6 9 2 _ _ _ 
[00189630] 4 | _ 10 4 1 11 0 6 9 2 _ 5 _ 
[00189631] 3 | 7 10 4 1 11 0 6 9 2 _ 5 _ 
[00189632] 2 | 7 10 4 1 11 0 6 9 2 _ 5 3 
[00189633] 3 | _ 10 4 1 11 0 6 9 2 5 5 _ 
[00189634] 2 | 8 10 4 1 11 0 6 9 2 5 5 _ 
[00189635] 3 | _ 10 4 1 11 0 6 9 2 _ 5 2 
[00189636] 2 | 8 10 4 1 11 0 6 9 2 _ 5 2 
[00189637] 3 | _ 10 4 1 11 0 6 9 2 _ 5 8 
[00189638] 4 | _ 10 4 1 11 0 6 9 2 _ 3 7 
[00189639] 3 | _ 10 4 1 11 0 6 9 2 5 3 7 
[00189640] 2 | 8 10 4 1 11 0 6 9 2 5 3 7 
[00189641] 4 | _ 10 4 1 11 0 6 9 2 _ 7 3 
[00189642] 3 | _ 10 4 1 11 0 6 9 2 5 7 3 
[00189643] 2 | 8 10 4 1 11 0 6 9 2 5 7 3 
[00189644] 5 | _ 10 4 1 11 0 _ 9 2 7 _ _ 
[00189645] 4 | 6 10 4 1 11 0 _ 9 2 7 _ _ 
[00189646] 3 | 6 10 4 1 11 0 8 9 2 7 _ _ 
[00189647] 2 | 6 10 4 1 11 0 8 9 2 7 3 5 
[00189648] 2 | 6 10 4 1 11 0 8 9 2 7 5 3 
[00189649] 3 | 6 10 4 1 11 0 _ 9 2 7 5 8 
[00189650] 3 | 6 10 4 1 11 0 _ 9 2 7 8 5 
[00189651] 4 | _ 10 4 1 11 0 _ 9 2 7 5 _ 
[00189652] 3 | _ 10 4 1 11 0 8 9 2 7 5 _ 
[00189653] 2 | _ 10 4 1 11 0 8 9 2 7 5 3 
[00189654] 3 | _ 10 4 1 11 0 _ 9 2 7 5 8 
[00189655] 5 | _ 10 4 1 11 0 _ 9 2 _ 3 8 
[00189656] 4 | 6 10 4 1 11 0 _ 9 2 _ 3 8 
[00189657] 3 | 6 10 4 1 11 0 _ 9 2 5 3 8 
[00189658] 4 | _ 10 4 1 11 0 7 9 2 _ 3 8 
[00189659] 3 | _ 10 4 1 11 0 7 9 2 5 3 8 
[00189660] 4 | _ 10 4 1 11 0 _ 9 2 6 3 8 
[00189661] 3 | 7 10 4 1 11 0 _ 9 2 6 3 8 
[00189662] 5 | _ 10 4 1 11 0 _ 9 2 _ 8 3 
[00189663] 4 | 6 10 4 1 11 0 _ 9 2 _ 8 3 
[00189664] 3 | 6 10 4 1 11 0 _ 9 2 5 8 3 
[00189665] 4 | _ 10 4 1 11 0 7 9 2 _ 8 3 
[00189666] 3 | _ 10 4 1 11 0 7 9 2 5 8 3 
[00189667] 4 | _ 10 4 1 11 0 _ 9 2 6 8 3 
[00189668] 3 | 7 10 4 1 11 0 _ 9 2 6 8 3 
[00189669] 6 | _ 10 _ 1 11 0 5 9 2 _ _ _ 
[00189670] 5 | _ 10 _ 1 11 0 5 9 2 7 _ _ 
[00189671] 4 | 6 10 _ 1 11 0 5 9 2 7 _ _ 
[00189672] 4 | _ 10 6 1 11 0 5 9 2 7 _ _ 
[00189673] 4 | _ 10 _ 1 11 0 5 9 2 7 4 8 
[00189674] 4 | _ 10 _ 1 11 0 5 9 2 7 8 4 
[00189675] 5 | _ 10 _ 1 11 0 5 9 2 _ 4 _ 
[00189676] 4 | 6 10 _ 1 11 0 5 9 2 _ 4 _ 
[00189677] 3 | 6 10 7 1 11 0 5 9 2 _ 4 _ 
[00189678] 2 | 6 10 7 1 11 0 5 9 2 4 4 _ 
[00189679] 2 | 6 10 7 1 11 0 5 9 2 _ 4 2 
[00189680] 3 | 6 10 _ 1 11 0 5 9 2 _ 4 7 
[00189681] 2 | 6 10 8 1 11 0 5 9 2 _ 4 7 
[00189682] 1 | 6 10 8 1 11 0 5 9 2 3 4 7  *Graceful*
[00189682] 4 | _ 10 6 1 11 0 5 9 2 _ 4 _ 
[00189683] 3 | 7 10 6 1 11 0 5 9 2 _ 4 _ 
[00189684] 2 | 7 10 6 1 11 0 5 9 2 4 4 _ 
[00189685] 2 | 7 10 6 1 11 0 5 9 2 _ 4 2 
[00189686] 3 | _ 10 6 1 11 0 5 9 2 _ 4 7 
[00189687] 2 | 8 10 6 1 11 0 5 9 2 _ 4 7 
[00189688] 1 | 8 10 6 1 11 0 5 9 2 3 4 7  *Graceful*
[00189688] 4 | _ 10 _ 1 11 0 5 9 2 6 4 _ 
[00189689] 3 | 7 10 _ 1 11 0 5 9 2 6 4 _ 
[00189690] 2 | 7 10 8 1 11 0 5 9 2 6 4 _ 
[00189691] 1 | 7 10 8 1 11 0 5 9 2 6 4 3  *Graceful*
[00189691] 3 | _ 10 7 1 11 0 5 9 2 6 4 _ 
[00189692] 2 | 8 10 7 1 11 0 5 9 2 6 4 _ 
[00189693] 1 | 8 10 7 1 11 0 5 9 2 6 4 3  *Graceful*
[00189693] 3 | _ 10 _ 1 11 0 5 9 2 6 4 7 
[00189694] 2 | 8 10 _ 1 11 0 5 9 2 6 4 7 
[00189695] 2 | _ 10 8 1 11 0 5 9 2 6 4 7 
[00189696] 4 | _ 10 _ 1 11 0 5 9 2 _ 4 8 
[00189697] 3 | 7 10 _ 1 11 0 5 9 2 _ 4 8 
[00189698] 3 | _ 10 7 1 11 0 5 9 2 _ 4 8 
[00189699] 5 | _ 10 _ 1 11 0 5 9 2 _ 3 8 
[00189700] 4 | 6 10 _ 1 11 0 5 9 2 _ 3 8 
[00189701] 3 | 6 10 7 1 11 0 5 9 2 _ 3 8 
[00189702] 2 | 6 10 7 1 11 0 5 9 2 4 3 8 
[00189703] 4 | _ 10 6 1 11 0 5 9 2 _ 3 8 
[00189704] 3 | 7 10 6 1 11 0 5 9 2 _ 3 8 
[00189705] 2 | 7 10 6 1 11 0 5 9 2 4 3 8 
[00189706] 4 | _ 10 _ 1 11 0 5 9 2 6 3 8 
[00189707] 3 | 7 10 _ 1 11 0 5 9 2 6 3 8 
[00189708] 3 | _ 10 7 1 11 0 5 9 2 6 3 8 
[00189709] 5 | _ 10 _ 1 11 0 5 9 2 _ 8 3 
[00189710] 4 | 6 10 _ 1 11 0 5 9 2 _ 8 3 
[00189711] 3 | 6 10 7 1 11 0 5 9 2 _ 8 3 
[00189712] 2 | 6 10 7 1 11 0 5 9 2 4 8 3 
[00189713] 1 | 6 10 7 1 11 0 5 9 2 4 8 3  *Graceful*
[00189713] 4 | _ 10 6 1 11 0 5 9 2 _ 8 3 
[00189714] 3 | 7 10 6 1 11 0 5 9 2 _ 8 3 
[00189715] 2 | 7 10 6 1 11 0 5 9 2 4 8 3 
[00189716] 1 | 7 10 6 1 11 0 5 9 2 4 8 3  *Graceful*
[00189716] 4 | _ 10 _ 1 11 0 5 9 2 6 8 3 
[00189717] 3 | 7 10 _ 1 11 0 5 9 2 6 8 3 
[00189718] 3 | _ 10 7 1 11 0 5 9 2 6 8 3 
[00189719] 6 | _ 10 _ 1 11 0 _ 9 2 8 _ _ 
[00189720] 5 | 5 10 _ 1 11 0 _ 9 2 8 _ _ 
[00189721] 4 | 5 10 6 1 11 0 _ 9 2 8 _ _ 
[00189722] 3 | 5 10 6 1 11 0 _ 9 2 8 4 7 
[00189723] 3 | 5 10 6 1 11 0 _ 9 2 8 7 4 
[00189724] 4 | 5 10 _ 1 11 0 7 9 2 8 _ _ 
[00189725] 3 | 5 10 _ 1 11 0 7 9 2 8 6 _ 
[00189726] 2 | 5 10 _ 1 11 0 7 9 2 8 6 4 
[00189727] 3 | 5 10 _ 1 11 0 7 9 2 8 3 6 
[00189728] 3 | 5 10 _ 1 11 0 7 9 2 8 6 3 
[00189729] 4 | 5 10 _ 1 11 0 _ 9 2 8 3 7 
[00189730] 4 | 5 10 _ 1 11 0 _ 9 2 8 7 3 
[00189731] 5 | _ 10 5 1 11 0 _ 9 2 8 _ _ 
[00189732] 4 | 6 10 5 1 11 0 _ 9 2 8 _ _ 
[00189733] 3 | 6 10 5 1 11 0 _ 9 2 8 4 7 
[00189734] 3 | 6 10 5 1 11 0 _ 9 2 8 7 4 
[00189735] 4 | _ 10 5 1 11 0 7 9 2 8 _ _ 
[00189736] 3 | _ 10 5 1 11 0 7 9 2 8 6 _ 
[00189737] 2 | _ 10 5 1 11 0 7 9 2 8 6 4 
[00189738] 3 | _ 10 5 1 11 0 7 9 2 8 3 6 
[00189739] 3 | _ 10 5 1 11 0 7 9 2 8 6 3 
[00189740] 4 | _ 10 5 1 11 0 _ 9 2 8 3 7 
[00189741] 4 | _ 10 5 1 11 0 _ 9 2 8 7 3 
[00189742] 5 | _ 10 _ 1 11 0 6 9 2 8 _ _ 
[00189743] 4 | _ 10 _ 1 11 0 6 9 2 8 5 _ 
[00189744] 3 | 7 10 _ 1 11 0 6 9 2 8 5 _ 
[00189745] 2 | 7 10 _ 1 11 0 6 9 2 8 5 3 
[00189746] 3 | _ 10 7 1 11 0 6 9 2 8 5 _ 
[00189747] 2 | _ 10 7 1 11 0 6 9 2 8 5 3 
[00189748] 4 | _ 10 _ 1 11 0 6 9 2 8 3 7 
[00189749] 4 | _ 10 _ 1 11 0 6 9 2 8 7 3 
[00189750] 5 | _ 10 _ 1 11 0 _ 9 2 8 4 _ 
[00189751] 4 | 6 10 _ 1 11 0 _ 9 2 8 4 _ 
[00189752] 3 | 6 10 7 1 11 0 _ 9 2 8 4 _ 
[00189753] 3 | 6 10 _ 1 11 0 _ 9 2 8 4 7 
[00189754] 4 | _ 10 6 1 11 0 _ 9 2 8 4 _ 
[00189755] 3 | 7 10 6 1 11 0 _ 9 2 8 4 _ 
[00189756] 3 | _ 10 6 1 11 0 _ 9 2 8 4 7 
[00189757] 4 | _ 10 _ 1 11 0 7 9 2 8 4 _ 
[00189758] 6 | _ 10 _ 1 11 0 _ 9 2 _ 3 _ 
[00189759] 5 | 5 10 _ 1 11 0 _ 9 2 _ 3 _ 
[00189760] 4 | 5 10 6 1 11 0 _ 9 2 _ 3 _ 
[00189761] 3 | 5 10 6 1 11 0 8 9 2 _ 3 _ 
[00189762] 2 | 5 10 6 1 11 0 8 9 2 4 3 _ 
[00189763] 4 | 5 10 _ 1 11 0 7 9 2 _ 3 _ 
[00189764] 3 | 5 10 _ 1 11 0 7 9 2 _ 3 6 
[00189765] 2 | 5 10 8 1 11 0 7 9 2 _ 3 6 
[00189766] 2 | 5 10 _ 1 11 0 7 9 2 4 3 6 
[00189767] 4 | 5 10 _ 1 11 0 _ 9 2 6 3 _ 
[00189768] 3 | 5 10 7 1 11 0 _ 9 2 6 3 _ 
[00189769] 3 | 5 10 _ 1 11 0 8 9 2 6 3 _ 
[00189770] 4 | 5 10 _ 1 11 0 _ 9 2 _ 3 7 
[00189771] 3 | 5 10 _ 1 11 0 8 9 2 _ 3 7 
[00189772] 2 | 5 10 _ 1 11 0 8 9 2 4 3 7 
[00189773] 5 | _ 10 5 1 11 0 _ 9 2 _ 3 _ 
[00189774] 4 | 6 10 5 1 11 0 _ 9 2 _ 3 _ 
[00189775] 3 | 6 10 5 1 11 0 8 9 2 _ 3 _ 
[00189776] 2 | 6 10 5 1 11 0 8 9 2 4 3 _ 
[00189777] 4 | _ 10 5 1 11 0 7 9 2 _ 3 _ 
[00189778] 3 | _ 10 5 1 11 0 7 9 2 _ 3 6 
[00189779] 2 | 8 10 5 1 11 0 7 9 2 _ 3 6 
[00189780] 2 | _ 10 5 1 11 0 7 9 2 4 3 6 
[00189781] 4 | _ 10 5 1 11 0 _ 9 2 6 3 _ 
[00189782] 3 | 7 10 5 1 11 0 _ 9 2 6 3 _ 
[00189783] 3 | _ 10 5 1 11 0 8 9 2 6 3 _ 
[00189784] 4 | _ 10 5 1 11 0 _ 9 2 _ 3 7 
[00189785] 3 | _ 10 5 1 11 0 8 9 2 _ 3 7 
[00189786] 2 | _ 10 5 1 11 0 8 9 2 4 3 7 
[00189787] 5 | _ 10 _ 1 11 0 6 9 2 _ 3 _ 
[00189788] 4 | _ 10 _ 1 11 0 6 9 2 _ 3 7 
[00189789] 3 | _ 10 _ 1 11 0 6 9 2 5 3 7 
[00189790] 2 | 8 10 _ 1 11 0 6 9 2 5 3 7 
[00189791] 2 | _ 10 8 1 11 0 6 9 2 5 3 7 
[00189792] 5 | _ 10 _ 1 11 0 _ 9 2 7 3 _ 
[00189793] 4 | 6 10 _ 1 11 0 _ 9 2 7 3 _ 
[00189794] 3 | 6 10 _ 1 11 0 8 9 2 7 3 _ 
[00189795] 2 | 6 10 _ 1 11 0 8 9 2 7 3 5 
[00189796] 4 | _ 10 6 1 11 0 _ 9 2 7 3 _ 
[00189797] 3 | _ 10 6 1 11 0 8 9 2 7 3 _ 
[00189798] 2 | _ 10 6 1 11 0 8 9 2 7 3 5 
[00189799] 5 | _ 10 _ 1 11 0 _ 9 2 _ 3 8 
[00189800] 4 | 6 10 _ 1 11 0 _ 9 2 _ 3 8 
[00189801] 3 | 6 10 7 1 11 0 _ 9 2 _ 3 8 
[00189802] 2 | 6 10 7 1 11 0 _ 9 2 4 3 8 
[00189803] 3 | 6 10 _ 1 11 0 _ 9 2 5 3 8 
[00189804] 4 | _ 10 6 1 11 0 _ 9 2 _ 3 8 
[00189805] 3 | 7 10 6 1 11 0 _ 9 2 _ 3 8 
[00189806] 2 | 7 10 6 1 11 0 _ 9 2 4 3 8 
[00189807] 3 | _ 10 6 1 11 0 _ 9 2 5 3 8 
[00189808] 4 | _ 10 _ 1 11 0 7 9 2 _ 3 8 
[00189809] 3 | _ 10 _ 1 11 0 7 9 2 5 3 8 
[00189810] 4 | _ 10 _ 1 11 0 _ 9 2 6 3 8 
[00189811] 3 | 7 10 _ 1 11 0 _ 9 2 6 3 8 
[00189812] 3 | _ 10 7 1 11 0 _ 9 2 6 3 8 
[00189813] 7 | _ 10 _ 1 11 0 _ 9 _ _ 2 _ 
[00189814] 6 | 4 10 _ 1 11 0 _ 9 _ _ 2 _ 
[00189815] 5 | 4 10 5 1 11 0 _ 9 _ _ 2 _ 
[00189816] 4 | 4 10 5 1 11 0 7 9 _ _ 2 _ 
[00189817] 3 | 4 10 5 1 11 0 7 9 6 _ 2 _ 
[00189818] 2 | 4 10 5 1 11 0 7 9 6 8 2 _ 
[00189819] 1 | 4 10 5 1 11 0 7 9 6 8 2 3  *Graceful*
[00189819] 3 | 4 10 5 1 11 0 7 9 3 6 2 _ 
[00189820] 3 | 4 10 5 1 11 0 7 9 6 3 2 _ 
[00189821] 4 | 4 10 5 1 11 0 _ 9 3 7 2 _ 
[00189822] 3 | 4 10 5 1 11 0 8 9 3 7 2 _ 
[00189823] 4 | 4 10 5 1 11 0 _ 9 7 3 2 _ 
[00189824] 3 | 4 10 5 1 11 0 8 9 7 3 2 _ 
[00189825] 4 | 4 10 5 1 11 0 _ 9 _ _ 2 6 
[00189826] 3 | 4 10 5 1 11 0 8 9 _ _ 2 6 
[00189827] 2 | 4 10 5 1 11 0 8 9 7 _ 2 6 
[00189828] 5 | 4 10 _ 1 11 0 6 9 _ _ 2 _ 
[00189829] 4 | 4 10 _ 1 11 0 6 9 5 _ 2 _ 
[00189830] 3 | 4 10 7 1 11 0 6 9 5 _ 2 _ 
[00189831] 2 | 4 10 7 1 11 0 6 9 5 3 2 _ 
[00189832] 3 | 4 10 _ 1 11 0 6 9 5 2 2 _ 
[00189833] 2 | 4 10 8 1 11 0 6 9 5 2 2 _ 
[00189834] 3 | 4 10 _ 1 11 0 6 9 5 8 2 _ 
[00189835] 3 | 4 10 _ 1 11 0 6 9 5 _ 2 5 
[00189836] 2 | 4 10 8 1 11 0 6 9 5 _ 2 5 
[00189837] 4 | 4 10 _ 1 11 0 6 9 3 7 2 _ 
[00189838] 3 | 4 10 _ 1 11 0 6 9 3 7 2 5 
[00189839] 2 | 4 10 8 1 11 0 6 9 3 7 2 5 
[00189840] 4 | 4 10 _ 1 11 0 6 9 7 3 2 _ 
[00189841] 3 | 4 10 _ 1 11 0 6 9 7 3 2 5 
[00189842] 2 | 4 10 8 1 11 0 6 9 7 3 2 5 
[00189843] 5 | 4 10 _ 1 11 0 _ 9 3 8 2 _ 
[00189844] 4 | 4 10 6 1 11 0 _ 9 3 8 2 _ 
[00189845] 3 | 4 10 6 1 11 0 _ 9 3 8 2 5 
[00189846] 4 | 4 10 _ 1 11 0 7 9 3 8 2 _ 
[00189847] 3 | 4 10 _ 1 11 0 7 9 3 8 2 5 
[00189848] 4 | 4 10 _ 1 11 0 _ 9 3 8 2 6 
[00189849] 3 | 4 10 7 1 11 0 _ 9 3 8 2 6 
[00189850] 5 | 4 10 _ 1 11 0 _ 9 8 3 2 _ 
[00189851] 4 | 4 10 6 1 11 0 _ 9 8 3 2 _ 
