[00318746] 3 | 8 4 7 11 3 9 _ 0 10 1 5 _ 
[00318747] 2 | 8 4 7 11 3 9 5 0 10 1 5 _ 
[00318748] 2 | 8 4 7 11 3 9 _ 0 10 1 5 3 
[00318749] 3 | 8 4 _ 11 3 9 6 0 10 1 5 _ 
[00318750] 2 | 8 4 2 11 3 9 6 0 10 1 5 _ 
[00318751] 2 | 8 4 _ 11 3 9 6 0 10 1 5 7 
[00318752] 3 | 8 4 _ 11 3 9 _ 0 10 1 5 2 
[00318753] 2 | 8 4 6 11 3 9 _ 0 10 1 5 2 
[00318754] 4 | _ 4 8 11 3 9 _ 0 10 1 5 _ 
[00318755] 3 | 7 4 8 11 3 9 _ 0 10 1 5 _ 
[00318756] 2 | 7 4 8 11 3 9 5 0 10 1 5 _ 
[00318757] 2 | 7 4 8 11 3 9 _ 0 10 1 5 3 
[00318758] 3 | _ 4 8 11 3 9 6 0 10 1 5 _ 
[00318759] 2 | 2 4 8 11 3 9 6 0 10 1 5 _ 
[00318760] 2 | _ 4 8 11 3 9 6 0 10 1 5 7 
[00318761] 3 | _ 4 8 11 3 9 _ 0 10 1 5 2 
[00318762] 2 | 6 4 8 11 3 9 _ 0 10 1 5 2 
[00318763] 4 | _ 4 _ 11 3 9 7 0 10 1 5 _ 
[00318764] 3 | _ 4 _ 11 3 9 7 0 10 1 5 2 
[00318765] 2 | 6 4 _ 11 3 9 7 0 10 1 5 2 
[00318766] 2 | _ 4 6 11 3 9 7 0 10 1 5 2 
[00318767] 3 | _ 4 _ 11 3 9 7 0 10 1 5 8 
[00318768] 2 | 2 4 _ 11 3 9 7 0 10 1 5 8 
[00318769] 2 | 6 4 _ 11 3 9 7 0 10 1 5 8 
[00318770] 2 | _ 4 2 11 3 9 7 0 10 1 5 8 
[00318771] 2 | _ 4 6 11 3 9 7 0 10 1 5 8 
[00318772] 5 | _ 4 _ 11 3 9 _ 0 10 1 2 7 
[00318773] 4 | 8 4 _ 11 3 9 _ 0 10 1 2 7 
[00318774] 3 | 8 4 _ 11 3 9 6 0 10 1 2 7 
[00318775] 4 | _ 4 8 11 3 9 _ 0 10 1 2 7 
[00318776] 3 | _ 4 8 11 3 9 6 0 10 1 2 7 
[00318777] 5 | _ 4 _ 11 3 9 _ 0 10 1 7 2 
[00318778] 4 | 8 4 _ 11 3 9 _ 0 10 1 7 2 
[00318779] 3 | 8 4 _ 11 3 9 6 0 10 1 7 2 
[00318780] 4 | _ 4 8 11 3 9 _ 0 10 1 7 2 
[00318781] 3 | _ 4 8 11 3 9 6 0 10 1 7 2 
[00318782] 6 | _ 4 _ 11 3 _ 9 0 10 1 _ _ 
[00318783] 5 | _ 4 _ 11 3 8 9 0 10 1 _ _ 
[00318784] 4 | 0 4 _ 11 3 8 9 0 10 1 _ _ 
[00318785] 3 | 0 4 7 11 3 8 9 0 10 1 _ _ 
[00318786] 3 | 0 4 _ 11 3 8 9 0 10 1 2 5 
[00318787] 2 | 0 4 6 11 3 8 9 0 10 1 2 5 
[00318788] 3 | 0 4 _ 11 3 8 9 0 10 1 5 2 
[00318789] 2 | 0 4 6 11 3 8 9 0 10 1 5 2 
[00318790] 4 | _ 4 0 11 3 8 9 0 10 1 _ _ 
[00318791] 3 | 7 4 0 11 3 8 9 0 10 1 _ _ 
[00318792] 3 | _ 4 0 11 3 8 9 0 10 1 2 5 
[00318793] 2 | 6 4 0 11 3 8 9 0 10 1 2 5 
[00318794] 3 | _ 4 0 11 3 8 9 0 10 1 5 2 
[00318795] 2 | 6 4 0 11 3 8 9 0 10 1 5 2 
[00318796] 4 | _ 4 _ 11 3 8 9 0 10 1 4 _ 
[00318797] 3 | 7 4 _ 11 3 8 9 0 10 1 4 _ 
[00318798] 2 | 7 4 2 11 3 8 9 0 10 1 4 _ 
[00318799] 2 | 7 4 6 11 3 8 9 0 10 1 4 _ 
[00318800] 2 | 7 4 _ 11 3 8 9 0 10 1 4 2 
[00318801] 2 | 7 4 _ 11 3 8 9 0 10 1 4 6 
[00318802] 3 | _ 4 7 11 3 8 9 0 10 1 4 _ 
[00318803] 2 | 2 4 7 11 3 8 9 0 10 1 4 _ 
[00318804] 2 | 6 4 7 11 3 8 9 0 10 1 4 _ 
[00318805] 2 | _ 4 7 11 3 8 9 0 10 1 4 2 
[00318806] 2 | _ 4 7 11 3 8 9 0 10 1 4 6 
[00318807] 3 | _ 4 _ 11 3 8 9 0 10 1 4 7 
[00318808] 4 | _ 4 _ 11 3 8 9 0 10 1 2 6 
[00318809] 3 | 7 4 _ 11 3 8 9 0 10 1 2 6 
[00318810] 3 | _ 4 7 11 3 8 9 0 10 1 2 6 
[00318811] 4 | _ 4 _ 11 3 8 9 0 10 1 6 2 
[00318812] 3 | 7 4 _ 11 3 8 9 0 10 1 6 2 
[00318813] 3 | _ 4 7 11 3 8 9 0 10 1 6 2 
[00318814] 5 | _ 4 _ 11 3 _ 9 0 10 1 5 _ 
[00318815] 4 | 8 4 _ 11 3 _ 9 0 10 1 5 _ 
[00318816] 3 | 8 4 7 11 3 _ 9 0 10 1 5 _ 
[00318817] 2 | 8 4 7 11 3 5 9 0 10 1 5 _ 
[00318818] 2 | 8 4 7 11 3 _ 9 0 10 1 5 3 
[00318819] 3 | 8 4 _ 11 3 6 9 0 10 1 5 _ 
[00318820] 2 | 8 4 2 11 3 6 9 0 10 1 5 _ 
[00318821] 2 | 8 4 _ 11 3 6 9 0 10 1 5 7 
[00318822] 3 | 8 4 _ 11 3 _ 9 0 10 1 5 2 
[00318823] 2 | 8 4 6 11 3 _ 9 0 10 1 5 2 
[00318824] 4 | _ 4 8 11 3 _ 9 0 10 1 5 _ 
[00318825] 3 | 7 4 8 11 3 _ 9 0 10 1 5 _ 
[00318826] 2 | 7 4 8 11 3 5 9 0 10 1 5 _ 
[00318827] 2 | 7 4 8 11 3 _ 9 0 10 1 5 3 
[00318828] 3 | _ 4 8 11 3 6 9 0 10 1 5 _ 
[00318829] 2 | 2 4 8 11 3 6 9 0 10 1 5 _ 
[00318830] 2 | _ 4 8 11 3 6 9 0 10 1 5 7 
[00318831] 3 | _ 4 8 11 3 _ 9 0 10 1 5 2 
[00318832] 2 | 6 4 8 11 3 _ 9 0 10 1 5 2 
[00318833] 4 | _ 4 _ 11 3 7 9 0 10 1 5 _ 
[00318834] 3 | _ 4 _ 11 3 7 9 0 10 1 5 2 
[00318835] 2 | 6 4 _ 11 3 7 9 0 10 1 5 2 
[00318836] 2 | _ 4 6 11 3 7 9 0 10 1 5 2 
[00318837] 3 | _ 4 _ 11 3 7 9 0 10 1 5 8 
[00318838] 2 | 2 4 _ 11 3 7 9 0 10 1 5 8 
[00318839] 2 | 6 4 _ 11 3 7 9 0 10 1 5 8 
[00318840] 2 | _ 4 2 11 3 7 9 0 10 1 5 8 
[00318841] 2 | _ 4 6 11 3 7 9 0 10 1 5 8 
[00318842] 5 | _ 4 _ 11 3 _ 9 0 10 1 2 7 
[00318843] 4 | 8 4 _ 11 3 _ 9 0 10 1 2 7 
[00318844] 3 | 8 4 _ 11 3 6 9 0 10 1 2 7 
[00318845] 4 | _ 4 8 11 3 _ 9 0 10 1 2 7 
[00318846] 3 | _ 4 8 11 3 6 9 0 10 1 2 7 
[00318847] 5 | _ 4 _ 11 3 _ 9 0 10 1 7 2 
[00318848] 4 | 8 4 _ 11 3 _ 9 0 10 1 7 2 
[00318849] 3 | 8 4 _ 11 3 6 9 0 10 1 7 2 
[00318850] 4 | _ 4 8 11 3 _ 9 0 10 1 7 2 
[00318851] 3 | _ 4 8 11 3 6 9 0 10 1 7 2 
[00318852] 6 | _ 4 _ 11 3 _ _ 0 10 1 6 _ 
[00318853] 5 | 9 4 _ 11 3 _ _ 0 10 1 6 _ 
[00318854] 4 | 9 4 8 11 3 _ _ 0 10 1 6 _ 
[00318855] 3 | 9 4 8 11 3 6 _ 0 10 1 6 _ 
[00318856] 2 | 9 4 8 11 3 6 5 0 10 1 6 _ 
[00318857] 3 | 9 4 8 11 3 _ 6 0 10 1 6 _ 
[00318858] 2 | 9 4 8 11 3 5 6 0 10 1 6 _ 
[00318859] 3 | 9 4 8 11 3 _ _ 0 10 1 6 3 
[00318860] 4 | 9 4 _ 11 3 7 _ 0 10 1 6 _ 
[00318861] 3 | 9 4 _ 11 3 7 6 0 10 1 6 _ 
[00318862] 2 | 9 4 2 11 3 7 6 0 10 1 6 _ 
[00318863] 3 | 9 4 _ 11 3 7 _ 0 10 1 6 3 
[00318864] 2 | 9 4 2 11 3 7 _ 0 10 1 6 3 
[00318865] 4 | 9 4 _ 11 3 _ 7 0 10 1 6 _ 
[00318866] 3 | 9 4 _ 11 3 6 7 0 10 1 6 _ 
[00318867] 2 | 9 4 2 11 3 6 7 0 10 1 6 _ 
[00318868] 3 | 9 4 _ 11 3 _ 7 0 10 1 6 3 
[00318869] 2 | 9 4 2 11 3 _ 7 0 10 1 6 3 
[00318870] 4 | 9 4 _ 11 3 _ _ 0 10 1 6 2 
[00318871] 3 | 9 4 7 11 3 _ _ 0 10 1 6 2 
[00318872] 2 | 9 4 7 11 3 5 _ 0 10 1 6 2 
[00318873] 2 | 9 4 7 11 3 _ 5 0 10 1 6 2 
[00318874] 5 | _ 4 9 11 3 _ _ 0 10 1 6 _ 
[00318875] 4 | 8 4 9 11 3 _ _ 0 10 1 6 _ 
[00318876] 3 | 8 4 9 11 3 6 _ 0 10 1 6 _ 
[00318877] 2 | 8 4 9 11 3 6 5 0 10 1 6 _ 
[00318878] 3 | 8 4 9 11 3 _ 6 0 10 1 6 _ 
[00318879] 2 | 8 4 9 11 3 5 6 0 10 1 6 _ 
[00318880] 3 | 8 4 9 11 3 _ _ 0 10 1 6 3 
[00318881] 4 | _ 4 9 11 3 7 _ 0 10 1 6 _ 
[00318882] 3 | _ 4 9 11 3 7 6 0 10 1 6 _ 
[00318883] 2 | 2 4 9 11 3 7 6 0 10 1 6 _ 
[00318884] 3 | _ 4 9 11 3 7 _ 0 10 1 6 3 
[00318885] 2 | 2 4 9 11 3 7 _ 0 10 1 6 3 
[00318886] 4 | _ 4 9 11 3 _ 7 0 10 1 6 _ 
[00318887] 3 | _ 4 9 11 3 6 7 0 10 1 6 _ 
[00318888] 2 | 2 4 9 11 3 6 7 0 10 1 6 _ 
[00318889] 3 | _ 4 9 11 3 _ 7 0 10 1 6 3 
[00318890] 2 | 2 4 9 11 3 _ 7 0 10 1 6 3 
[00318891] 4 | _ 4 9 11 3 _ _ 0 10 1 6 2 
[00318892] 3 | 7 4 9 11 3 _ _ 0 10 1 6 2 
[00318893] 2 | 7 4 9 11 3 5 _ 0 10 1 6 2 
[00318894] 2 | 7 4 9 11 3 _ 5 0 10 1 6 2 
[00318895] 5 | _ 4 _ 11 3 8 _ 0 10 1 6 _ 
[00318896] 4 | _ 4 _ 11 3 8 7 0 10 1 6 _ 
[00318897] 3 | _ 4 _ 11 3 8 7 0 10 1 6 9 
[00318898] 2 | 2 4 _ 11 3 8 7 0 10 1 6 9 
[00318899] 1 | 2 4 5 11 3 8 7 0 10 1 6 9  *Graceful*
[00318899] 2 | _ 4 2 11 3 8 7 0 10 1 6 9 
[00318900] 1 | 5 4 2 11 3 8 7 0 10 1 6 9  *Graceful*
[00318900] 4 | _ 4 _ 11 3 8 _ 0 10 1 6 2 
[00318901] 3 | 7 4 _ 11 3 8 _ 0 10 1 6 2 
[00318902] 2 | 7 4 _ 11 3 8 5 0 10 1 6 2 
[00318903] 3 | _ 4 7 11 3 8 _ 0 10 1 6 2 
[00318904] 2 | _ 4 7 11 3 8 5 0 10 1 6 2 
[00318905] 5 | _ 4 _ 11 3 _ 8 0 10 1 6 _ 
[00318906] 4 | _ 4 _ 11 3 7 8 0 10 1 6 _ 
[00318907] 3 | _ 4 _ 11 3 7 8 0 10 1 6 9 
[00318908] 2 | 2 4 _ 11 3 7 8 0 10 1 6 9 
[00318909] 1 | 2 4 5 11 3 7 8 0 10 1 6 9  *Graceful*
[00318909] 2 | _ 4 2 11 3 7 8 0 10 1 6 9 
[00318910] 1 | 5 4 2 11 3 7 8 0 10 1 6 9  *Graceful*
[00318910] 4 | _ 4 _ 11 3 _ 8 0 10 1 6 2 
[00318911] 3 | 7 4 _ 11 3 _ 8 0 10 1 6 2 
[00318912] 2 | 7 4 _ 11 3 5 8 0 10 1 6 2 
[00318913] 3 | _ 4 7 11 3 _ 8 0 10 1 6 2 
[00318914] 2 | _ 4 7 11 3 5 8 0 10 1 6 2 
[00318915] 6 | _ 4 _ 11 3 _ _ 0 10 1 2 8 
[00318916] 5 | 9 4 _ 11 3 _ _ 0 10 1 2 8 
[00318917] 4 | 9 4 _ 11 3 7 _ 0 10 1 2 8 
[00318918] 3 | 9 4 _ 11 3 7 6 0 10 1 2 8 
[00318919] 4 | 9 4 _ 11 3 _ 7 0 10 1 2 8 
[00318920] 3 | 9 4 _ 11 3 6 7 0 10 1 2 8 
[00318921] 5 | _ 4 9 11 3 _ _ 0 10 1 2 8 
[00318922] 4 | _ 4 9 11 3 7 _ 0 10 1 2 8 
[00318923] 3 | _ 4 9 11 3 7 6 0 10 1 2 8 
[00318924] 4 | _ 4 9 11 3 _ 7 0 10 1 2 8 
[00318925] 3 | _ 4 9 11 3 6 7 0 10 1 2 8 
[00318926] 6 | _ 4 _ 11 3 _ _ 0 10 1 8 2 
[00318927] 5 | 9 4 _ 11 3 _ _ 0 10 1 8 2 
[00318928] 4 | 9 4 _ 11 3 7 _ 0 10 1 8 2 
[00318929] 3 | 9 4 _ 11 3 7 6 0 10 1 8 2 
[00318930] 4 | 9 4 _ 11 3 _ 7 0 10 1 8 2 
[00318931] 3 | 9 4 _ 11 3 6 7 0 10 1 8 2 
[00318932] 5 | _ 4 9 11 3 _ _ 0 10 1 8 2 
[00318933] 4 | _ 4 9 11 3 7 _ 0 10 1 8 2 
[00318934] 3 | _ 4 9 11 3 7 6 0 10 1 8 2 
[00318935] 4 | _ 4 9 11 3 _ 7 0 10 1 8 2 
[00318936] 3 | _ 4 9 11 3 6 7 0 10 1 8 2 
[00318937] 7 | _ _ _ 11 3 _ _ 0 10 1 7 _ 
[00318938] 6 | 2 8 _ 11 3 _ _ 0 10 1 7 _ 
[00318939] 5 | 2 8 3 11 3 _ _ 0 10 1 7 _ 
[00318940] 5 | 2 8 _ 11 3 8 _ 0 10 1 7 _ 
[00318941] 4 | 2 8 _ 11 3 8 7 0 10 1 7 _ 
[00318942] 4 | 2 8 _ 11 3 8 _ 0 10 1 7 3 
[00318943] 5 | 2 8 _ 11 3 _ 8 0 10 1 7 _ 
[00318944] 4 | 2 8 _ 11 3 7 8 0 10 1 7 _ 
[00318945] 4 | 2 8 _ 11 3 _ 8 0 10 1 7 3 
[00318946] 6 | 8 2 _ 11 3 _ _ 0 10 1 7 _ 
[00318947] 6 | _ 2 8 11 3 _ _ 0 10 1 7 _ 
[00318948] 6 | _ 8 2 11 3 _ _ 0 10 1 7 _ 
[00318949] 5 | 3 8 2 11 3 _ _ 0 10 1 7 _ 
[00318950] 5 | _ 8 2 11 3 8 _ 0 10 1 7 _ 
[00318951] 4 | _ 8 2 11 3 8 7 0 10 1 7 _ 
[00318952] 4 | _ 8 2 11 3 8 _ 0 10 1 7 3 
[00318953] 5 | _ 8 2 11 3 _ 8 0 10 1 7 _ 
[00318954] 4 | _ 8 2 11 3 7 8 0 10 1 7 _ 
[00318955] 4 | _ 8 2 11 3 _ 8 0 10 1 7 3 
[00318956] 6 | _ 5 _ 11 3 _ _ 0 10 1 7 _ 
[00318957] 5 | _ 5 _ 11 3 8 _ 0 10 1 7 _ 
[00318958] 4 | 9 5 _ 11 3 8 _ 0 10 1 7 _ 
[00318959] 3 | 9 5 2 11 3 8 _ 0 10 1 7 _ 
[00318960] 3 | 9 5 _ 11 3 8 6 0 10 1 7 _ 
[00318961] 2 | 9 5 7 11 3 8 6 0 10 1 7 _ 
[00318962] 2 | 9 5 _ 11 3 8 6 0 10 1 7 5 
[00318963] 3 | 9 5 _ 11 3 8 _ 0 10 1 7 4 
[00318964] 2 | 9 5 3 11 3 8 _ 0 10 1 7 4 
[00318965] 2 | 9 5 _ 11 3 8 5 0 10 1 7 4 
[00318966] 4 | _ 5 9 11 3 8 _ 0 10 1 7 _ 
[00318967] 3 | 2 5 9 11 3 8 _ 0 10 1 7 _ 
[00318968] 3 | _ 5 9 11 3 8 6 0 10 1 7 _ 
[00318969] 2 | 7 5 9 11 3 8 6 0 10 1 7 _ 
[00318970] 2 | _ 5 9 11 3 8 6 0 10 1 7 5 
[00318971] 3 | _ 5 9 11 3 8 _ 0 10 1 7 4 
[00318972] 2 | 3 5 9 11 3 8 _ 0 10 1 7 4 
[00318973] 2 | _ 5 9 11 3 8 5 0 10 1 7 4 
[00318974] 4 | _ 5 _ 11 3 8 7 0 10 1 7 _ 
[00318975] 3 | 2 5 _ 11 3 8 7 0 10 1 7 _ 
[00318976] 3 | _ 5 2 11 3 8 7 0 10 1 7 _ 
[00318977] 4 | _ 5 _ 11 3 8 _ 0 10 1 7 3 
[00318978] 3 | 2 5 _ 11 3 8 _ 0 10 1 7 3 
[00318979] 3 | _ 5 2 11 3 8 _ 0 10 1 7 3 
[00318980] 5 | _ 5 _ 11 3 _ 8 0 10 1 7 _ 
[00318981] 4 | 9 5 _ 11 3 _ 8 0 10 1 7 _ 
[00318982] 3 | 9 5 2 11 3 _ 8 0 10 1 7 _ 
[00318983] 3 | 9 5 _ 11 3 6 8 0 10 1 7 _ 
[00318984] 2 | 9 5 7 11 3 6 8 0 10 1 7 _ 
[00318985] 2 | 9 5 _ 11 3 6 8 0 10 1 7 5 
[00318986] 3 | 9 5 _ 11 3 _ 8 0 10 1 7 4 
[00318987] 2 | 9 5 3 11 3 _ 8 0 10 1 7 4 
[00318988] 2 | 9 5 _ 11 3 5 8 0 10 1 7 4 
[00318989] 4 | _ 5 9 11 3 _ 8 0 10 1 7 _ 
[00318990] 3 | 2 5 9 11 3 _ 8 0 10 1 7 _ 
[00318991] 3 | _ 5 9 11 3 6 8 0 10 1 7 _ 
[00318992] 2 | 7 5 9 11 3 6 8 0 10 1 7 _ 
[00318993] 2 | _ 5 9 11 3 6 8 0 10 1 7 5 
[00318994] 3 | _ 5 9 11 3 _ 8 0 10 1 7 4 
[00318995] 2 | 3 5 9 11 3 _ 8 0 10 1 7 4 
[00318996] 2 | _ 5 9 11 3 5 8 0 10 1 7 4 
[00318997] 4 | _ 5 _ 11 3 7 8 0 10 1 7 _ 
[00318998] 3 | 2 5 _ 11 3 7 8 0 10 1 7 _ 
[00318999] 3 | _ 5 2 11 3 7 8 0 10 1 7 _ 
[00319000] 4 | _ 5 _ 11 3 _ 8 0 10 1 7 3 
[00319001] 3 | 2 5 _ 11 3 _ 8 0 10 1 7 3 
[00319002] 3 | _ 5 2 11 3 _ 8 0 10 1 7 3 
[00319003] 5 | _ 5 _ 11 3 _ _ 0 10 1 7 2 
[00319004] 4 | 9 5 _ 11 3 _ _ 0 10 1 7 2 
[00319005] 3 | 9 5 8 11 3 _ _ 0 10 1 7 2 
[00319006] 3 | 9 5 _ 11 3 6 _ 0 10 1 7 2 
[00319007] 2 | 9 5 3 11 3 6 _ 0 10 1 7 2 
[00319008] 2 | 9 5 _ 11 3 6 5 0 10 1 7 2 
[00319009] 3 | 9 5 _ 11 3 _ 6 0 10 1 7 2 
[00319010] 2 | 9 5 3 11 3 _ 6 0 10 1 7 2 
[00319011] 2 | 9 5 _ 11 3 5 6 0 10 1 7 2 
[00319012] 4 | _ 5 9 11 3 _ _ 0 10 1 7 2 
[00319013] 3 | 8 5 9 11 3 _ _ 0 10 1 7 2 
[00319014] 3 | _ 5 9 11 3 6 _ 0 10 1 7 2 
[00319015] 2 | 3 5 9 11 3 6 _ 0 10 1 7 2 
[00319016] 2 | _ 5 9 11 3 6 5 0 10 1 7 2 
[00319017] 3 | _ 5 9 11 3 _ 6 0 10 1 7 2 
[00319018] 2 | 3 5 9 11 3 _ 6 0 10 1 7 2 
[00319019] 2 | _ 5 9 11 3 5 6 0 10 1 7 2 
[00319020] 6 | _ _ _ 11 3 9 _ 0 10 1 7 _ 
[00319021] 5 | _ 6 _ 11 3 9 _ 0 10 1 7 _ 
[00319022] 4 | 2 6 _ 11 3 9 _ 0 10 1 7 _ 
[00319023] 3 | 2 6 3 11 3 9 _ 0 10 1 7 _ 
[00319024] 2 | 2 6 3 11 3 9 _ 0 10 1 7 5 
[00319025] 3 | 2 6 _ 11 3 9 6 0 10 1 7 _ 
[00319026] 2 | 2 6 _ 11 3 9 6 0 10 1 7 5 
[00319027] 3 | 2 6 _ 11 3 9 _ 0 10 1 7 4 
[00319028] 2 | 2 6 8 11 3 9 _ 0 10 1 7 4 
[00319029] 2 | 2 6 _ 11 3 9 5 0 10 1 7 4 
[00319030] 4 | _ 6 2 11 3 9 _ 0 10 1 7 _ 
[00319031] 3 | 3 6 2 11 3 9 _ 0 10 1 7 _ 
[00319032] 2 | 3 6 2 11 3 9 _ 0 10 1 7 5 
[00319033] 3 | _ 6 2 11 3 9 6 0 10 1 7 _ 
[00319034] 2 | _ 6 2 11 3 9 6 0 10 1 7 5 
[00319035] 3 | _ 6 2 11 3 9 _ 0 10 1 7 4 
[00319036] 2 | 8 6 2 11 3 9 _ 0 10 1 7 4 
[00319037] 2 | _ 6 2 11 3 9 5 0 10 1 7 4 
[00319038] 4 | _ 6 _ 11 3 9 7 0 10 1 7 _ 
[00319039] 4 | _ 6 _ 11 3 9 _ 0 10 1 7 3 
[00319040] 5 | _ _ _ 11 3 9 8 0 10 1 7 _ 
[00319041] 4 | 2 6 _ 11 3 9 8 0 10 1 7 _ 
[00319042] 4 | 6 2 _ 11 3 9 8 0 10 1 7 _ 
[00319043] 4 | _ 2 6 11 3 9 8 0 10 1 7 _ 
[00319044] 4 | _ 6 2 11 3 9 8 0 10 1 7 _ 
[00319045] 4 | _ 7 _ 11 3 9 8 0 10 1 7 _ 
[00319046] 3 | 4 7 _ 11 3 9 8 0 10 1 7 _ 
[00319047] 2 | 4 7 5 11 3 9 8 0 10 1 7 _ 
[00319048] 2 | 4 7 _ 11 3 9 8 0 10 1 7 5 
[00319049] 3 | _ 7 4 11 3 9 8 0 10 1 7 _ 
[00319050] 2 | 5 7 4 11 3 9 8 0 10 1 7 _ 
[00319051] 2 | _ 7 4 11 3 9 8 0 10 1 7 5 
[00319052] 3 | _ 7 _ 11 3 9 8 0 10 1 7 4 
[00319053] 4 | _ _ _ 11 3 9 8 0 10 1 7 11 
[00319054] 3 | 2 5 _ 11 3 9 8 0 10 1 7 11 
[00319055] 3 | 5 2 _ 11 3 9 8 0 10 1 7 11 
[00319056] 3 | _ 2 5 11 3 9 8 0 10 1 7 11 
[00319057] 3 | _ 5 2 11 3 9 8 0 10 1 7 11 
[00319058] 5 | _ _ _ 11 3 9 _ 0 10 1 7 2 
[00319059] 4 | 4 8 _ 11 3 9 _ 0 10 1 7 2 
[00319060] 3 | 4 8 5 11 3 9 _ 0 10 1 7 2 
[00319061] 3 | 4 8 _ 11 3 9 6 0 10 1 7 2 
[00319062] 4 | 8 4 _ 11 3 9 _ 0 10 1 7 2 
[00319063] 4 | _ 4 8 11 3 9 _ 0 10 1 7 2 
[00319064] 4 | _ 8 4 11 3 9 _ 0 10 1 7 2 
[00319065] 3 | 5 8 4 11 3 9 _ 0 10 1 7 2 
[00319066] 3 | _ 8 4 11 3 9 6 0 10 1 7 2 
[00319067] 6 | _ _ _ 11 3 _ 9 0 10 1 7 _ 
[00319068] 5 | _ 6 _ 11 3 _ 9 0 10 1 7 _ 
[00319069] 4 | 2 6 _ 11 3 _ 9 0 10 1 7 _ 
[00319070] 3 | 2 6 3 11 3 _ 9 0 10 1 7 _ 
[00319071] 2 | 2 6 3 11 3 _ 9 0 10 1 7 5 
[00319072] 3 | 2 6 _ 11 3 6 9 0 10 1 7 _ 
[00319073] 2 | 2 6 _ 11 3 6 9 0 10 1 7 5 
[00319074] 3 | 2 6 _ 11 3 _ 9 0 10 1 7 4 
[00319075] 2 | 2 6 8 11 3 _ 9 0 10 1 7 4 
[00319076] 2 | 2 6 _ 11 3 5 9 0 10 1 7 4 
[00319077] 4 | _ 6 2 11 3 _ 9 0 10 1 7 _ 
[00319078] 3 | 3 6 2 11 3 _ 9 0 10 1 7 _ 
[00319079] 2 | 3 6 2 11 3 _ 9 0 10 1 7 5 
[00319080] 3 | _ 6 2 11 3 6 9 0 10 1 7 _ 
[00319081] 2 | _ 6 2 11 3 6 9 0 10 1 7 5 
[00319082] 3 | _ 6 2 11 3 _ 9 0 10 1 7 4 
[00319083] 2 | 8 6 2 11 3 _ 9 0 10 1 7 4 
[00319084] 2 | _ 6 2 11 3 5 9 0 10 1 7 4 
[00319085] 4 | _ 6 _ 11 3 7 9 0 10 1 7 _ 
[00319086] 4 | _ 6 _ 11 3 _ 9 0 10 1 7 3 
[00319087] 5 | _ _ _ 11 3 8 9 0 10 1 7 _ 
[00319088] 4 | 2 6 _ 11 3 8 9 0 10 1 7 _ 
[00319089] 4 | 6 2 _ 11 3 8 9 0 10 1 7 _ 
[00319090] 4 | _ 2 6 11 3 8 9 0 10 1 7 _ 
[00319091] 4 | _ 6 2 11 3 8 9 0 10 1 7 _ 
[00319092] 4 | _ 7 _ 11 3 8 9 0 10 1 7 _ 
[00319093] 3 | 4 7 _ 11 3 8 9 0 10 1 7 _ 
[00319094] 2 | 4 7 5 11 3 8 9 0 10 1 7 _ 
[00319095] 2 | 4 7 _ 11 3 8 9 0 10 1 7 5 
[00319096] 3 | _ 7 4 11 3 8 9 0 10 1 7 _ 
[00319097] 2 | 5 7 4 11 3 8 9 0 10 1 7 _ 
[00319098] 2 | _ 7 4 11 3 8 9 0 10 1 7 5 
[00319099] 3 | _ 7 _ 11 3 8 9 0 10 1 7 4 
[00319100] 4 | _ _ _ 11 3 8 9 0 10 1 7 11 
[00319101] 3 | 2 5 _ 11 3 8 9 0 10 1 7 11 
[00319102] 3 | 5 2 _ 11 3 8 9 0 10 1 7 11 
[00319103] 3 | _ 2 5 11 3 8 9 0 10 1 7 11 
[00319104] 3 | _ 5 2 11 3 8 9 0 10 1 7 11 
[00319105] 5 | _ _ _ 11 3 _ 9 0 10 1 7 2 
[00319106] 4 | 4 8 _ 11 3 _ 9 0 10 1 7 2 
[00319107] 3 | 4 8 5 11 3 _ 9 0 10 1 7 2 
[00319108] 3 | 4 8 _ 11 3 6 9 0 10 1 7 2 
[00319109] 4 | 8 4 _ 11 3 _ 9 0 10 1 7 2 
[00319110] 4 | _ 4 8 11 3 _ 9 0 10 1 7 2 
[00319111] 4 | _ 8 4 11 3 _ 9 0 10 1 7 2 
[00319112] 3 | 5 8 4 11 3 _ 9 0 10 1 7 2 
[00319113] 3 | _ 8 4 11 3 6 9 0 10 1 7 2 
[00319114] 7 | _ _ _ 11 3 _ _ 0 10 1 2 9 
[00319115] 6 | _ 5 _ 11 3 _ _ 0 10 1 2 9 
[00319116] 5 | _ 5 _ 11 3 8 _ 0 10 1 2 9 
[00319117] 4 | _ 5 _ 11 3 8 7 0 10 1 2 9 
[00319118] 5 | _ 5 _ 11 3 _ 8 0 10 1 2 9 
[00319119] 4 | _ 5 _ 11 3 7 8 0 10 1 2 9 
[00319120] 7 | _ _ _ 11 3 _ _ 0 10 1 9 2 
[00319121] 6 | _ 5 _ 11 3 _ _ 0 10 1 9 2 
[00319122] 5 | _ 5 _ 11 3 8 _ 0 10 1 9 2 
[00319123] 4 | _ 5 _ 11 3 8 7 0 10 1 9 2 
[00319124] 5 | _ 5 _ 11 3 _ 8 0 10 1 9 2 
[00319125] 4 | _ 5 _ 11 3 7 8 0 10 1 9 2 
[00319126] 8 | _ _ _ 11 _ _ _ 0 10 1 8 _ 
[00319127] 7 | 2 9 _ 11 _ _ _ 0 10 1 8 _ 
[00319128] 6 | 2 9 3 11 _ _ _ 0 10 1 8 _ 
[00319129] 5 | 2 9 3 11 6 _ _ 0 10 1 8 _ 
[00319130] 4 | 2 9 3 11 6 _ _ 0 10 1 8 4 
[00319131] 6 | 2 9 _ 11 5 _ _ 0 10 1 8 _ 
[00319132] 5 | 2 9 4 11 5 _ _ 0 10 1 8 _ 
[00319133] 5 | 2 9 _ 11 5 _ _ 0 10 1 8 3 
[00319134] 4 | 2 9 5 11 5 _ _ 0 10 1 8 3 
[00319135] 4 | 2 9 _ 11 5 9 _ 0 10 1 8 3 
[00319136] 4 | 2 9 _ 11 5 _ 9 0 10 1 8 3 
[00319137] 7 | 9 2 _ 11 _ _ _ 0 10 1 8 _ 
[00319138] 7 | _ 2 9 11 _ _ _ 0 10 1 8 _ 
[00319139] 7 | _ 9 2 11 _ _ _ 0 10 1 8 _ 
[00319140] 6 | 3 9 2 11 _ _ _ 0 10 1 8 _ 
[00319141] 5 | 3 9 2 11 6 _ _ 0 10 1 8 _ 
[00319142] 4 | 3 9 2 11 6 _ _ 0 10 1 8 4 
[00319143] 6 | _ 9 2 11 5 _ _ 0 10 1 8 _ 
[00319144] 5 | 4 9 2 11 5 _ _ 0 10 1 8 _ 
[00319145] 5 | _ 9 2 11 5 _ _ 0 10 1 8 3 
[00319146] 4 | 5 9 2 11 5 _ _ 0 10 1 8 3 
[00319147] 4 | _ 9 2 11 5 9 _ 0 10 1 8 3 
[00319148] 4 | _ 9 2 11 5 _ 9 0 10 1 8 3 
[00319149] 7 | _ 4 _ 11 _ _ _ 0 10 1 8 _ 
[00319150] 6 | _ 4 _ 11 5 _ _ 0 10 1 8 _ 
[00319151] 5 | 9 4 _ 11 5 _ _ 0 10 1 8 _ 
[00319152] 4 | 9 4 8 11 5 _ _ 0 10 1 8 _ 
[00319153] 3 | 9 4 8 11 5 2 _ 0 10 1 8 _ 
[00319154] 2 | 9 4 8 11 5 2 3 0 10 1 8 _ 
[00319155] 2 | 9 4 8 11 5 2 7 0 10 1 8 _ 
[00319156] 3 | 9 4 8 11 5 _ 2 0 10 1 8 _ 
[00319157] 2 | 9 4 8 11 5 3 2 0 10 1 8 _ 
[00319158] 2 | 9 4 8 11 5 7 2 0 10 1 8 _ 
[00319159] 4 | 9 4 _ 11 5 _ _ 0 10 1 8 4 
[00319160] 3 | 9 4 _ 11 5 2 _ 0 10 1 8 4 
[00319161] 2 | 9 4 _ 11 5 2 3 0 10 1 8 4 
[00319162] 2 | 9 4 _ 11 5 2 7 0 10 1 8 4 
[00319163] 3 | 9 4 _ 11 5 _ 2 0 10 1 8 4 
[00319164] 2 | 9 4 _ 11 5 3 2 0 10 1 8 4 
[00319165] 2 | 9 4 _ 11 5 7 2 0 10 1 8 4 
[00319166] 5 | _ 4 9 11 5 _ _ 0 10 1 8 _ 
[00319167] 4 | 8 4 9 11 5 _ _ 0 10 1 8 _ 
[00319168] 3 | 8 4 9 11 5 2 _ 0 10 1 8 _ 
[00319169] 2 | 8 4 9 11 5 2 3 0 10 1 8 _ 
[00319170] 2 | 8 4 9 11 5 2 7 0 10 1 8 _ 
[00319171] 3 | 8 4 9 11 5 _ 2 0 10 1 8 _ 
[00319172] 2 | 8 4 9 11 5 3 2 0 10 1 8 _ 
[00319173] 2 | 8 4 9 11 5 7 2 0 10 1 8 _ 
[00319174] 4 | _ 4 9 11 5 _ _ 0 10 1 8 4 
[00319175] 3 | _ 4 9 11 5 2 _ 0 10 1 8 4 
[00319176] 2 | _ 4 9 11 5 2 3 0 10 1 8 4 
[00319177] 2 | _ 4 9 11 5 2 7 0 10 1 8 4 
[00319178] 3 | _ 4 9 11 5 _ 2 0 10 1 8 4 
[00319179] 2 | _ 4 9 11 5 3 2 0 10 1 8 4 
[00319180] 2 | _ 4 9 11 5 7 2 0 10 1 8 4 
[00319181] 5 | _ 4 _ 11 5 _ _ 0 10 1 8 3 
[00319182] 4 | _ 4 _ 11 5 9 _ 0 10 1 8 3 
[00319183] 3 | 7 4 _ 11 5 9 _ 0 10 1 8 3 
[00319184] 2 | 7 4 2 11 5 9 _ 0 10 1 8 3 
[00319185] 1 | 7 4 2 11 5 9 6 0 10 1 8 3  *Graceful*
[00319185] 2 | 7 4 6 11 5 9 _ 0 10 1 8 3 
[00319186] 3 | _ 4 7 11 5 9 _ 0 10 1 8 3 
[00319187] 2 | 2 4 7 11 5 9 _ 0 10 1 8 3 
[00319188] 1 | 2 4 7 11 5 9 6 0 10 1 8 3  *Graceful*
[00319188] 2 | 6 4 7 11 5 9 _ 0 10 1 8 3 
[00319189] 3 | _ 4 _ 11 5 9 2 0 10 1 8 3 
[00319190] 2 | 6 4 _ 11 5 9 2 0 10 1 8 3 
[00319191] 2 | _ 4 6 11 5 9 2 0 10 1 8 3 
[00319192] 4 | _ 4 _ 11 5 _ 9 0 10 1 8 3 
[00319193] 3 | 7 4 _ 11 5 _ 9 0 10 1 8 3 
[00319194] 2 | 7 4 2 11 5 _ 9 0 10 1 8 3 
[00319195] 1 | 7 4 2 11 5 6 9 0 10 1 8 3  *Graceful*
[00319195] 2 | 7 4 6 11 5 _ 9 0 10 1 8 3 
[00319196] 3 | _ 4 7 11 5 _ 9 0 10 1 8 3 
[00319197] 2 | 2 4 7 11 5 _ 9 0 10 1 8 3 
[00319198] 1 | 2 4 7 11 5 6 9 0 10 1 8 3  *Graceful*
[00319198] 2 | 6 4 7 11 5 _ 9 0 10 1 8 3 
[00319199] 3 | _ 4 _ 11 5 2 9 0 10 1 8 3 
[00319200] 2 | 6 4 _ 11 5 2 9 0 10 1 8 3 
[00319201] 2 | _ 4 6 11 5 2 9 0 10 1 8 3 
[00319202] 6 | _ 4 _ 11 3 9 _ 0 10 1 8 _ 
[00319203] 5 | _ 4 _ 11 3 9 8 0 10 1 8 _ 
[00319204] 5 | _ 4 _ 11 3 9 _ 0 10 1 8 3 
[00319205] 6 | _ 4 _ 11 9 3 _ 0 10 1 8 _ 
[00319206] 5 | 9 4 _ 11 9 3 _ 0 10 1 8 _ 
[00319207] 4 | 9 4 8 11 9 3 _ 0 10 1 8 _ 
[00319208] 4 | 9 4 _ 11 9 3 _ 0 10 1 8 4 
[00319209] 5 | _ 4 9 11 9 3 _ 0 10 1 8 _ 
[00319210] 4 | 8 4 9 11 9 3 _ 0 10 1 8 _ 
[00319211] 4 | _ 4 9 11 9 3 _ 0 10 1 8 4 
[00319212] 5 | _ 4 _ 11 9 3 4 0 10 1 8 _ 
[00319213] 6 | _ 4 _ 11 3 _ 9 0 10 1 8 _ 
[00319214] 5 | _ 4 _ 11 3 8 9 0 10 1 8 _ 
[00319215] 5 | _ 4 _ 11 3 _ 9 0 10 1 8 3 
[00319216] 6 | _ 4 _ 11 9 _ 3 0 10 1 8 _ 
[00319217] 5 | 9 4 _ 11 9 _ 3 0 10 1 8 _ 
[00319218] 4 | 9 4 8 11 9 _ 3 0 10 1 8 _ 
[00319219] 4 | 9 4 _ 11 9 _ 3 0 10 1 8 4 
[00319220] 5 | _ 4 9 11 9 _ 3 0 10 1 8 _ 
[00319221] 4 | 8 4 9 11 9 _ 3 0 10 1 8 _ 
[00319222] 4 | _ 4 9 11 9 _ 3 0 10 1 8 4 
[00319223] 5 | _ 4 _ 11 9 4 3 0 10 1 8 _ 
[00319224] 6 | _ 4 _ 11 _ _ _ 0 10 1 8 2 
[00319225] 5 | 9 4 _ 11 _ _ _ 0 10 1 8 2 
[00319226] 4 | 9 4 _ 11 7 _ _ 0 10 1 8 2 
[00319227] 3 | 9 4 7 11 7 _ _ 0 10 1 8 2 
[00319228] 3 | 9 4 _ 11 7 4 _ 0 10 1 8 2 
[00319229] 2 | 9 4 _ 11 7 4 5 0 10 1 8 2 
[00319230] 3 | 9 4 _ 11 7 _ 4 0 10 1 8 2 
[00319231] 2 | 9 4 _ 11 7 5 4 0 10 1 8 2 
[00319232] 4 | 9 4 _ 11 3 7 _ 0 10 1 8 2 
[00319233] 3 | 9 4 _ 11 3 7 6 0 10 1 8 2 
[00319234] 4 | 9 4 _ 11 7 3 _ 0 10 1 8 2 
[00319235] 3 | 9 4 7 11 7 3 _ 0 10 1 8 2 
[00319236] 3 | 9 4 _ 11 7 3 4 0 10 1 8 2 
[00319237] 4 | 9 4 _ 11 3 _ 7 0 10 1 8 2 
