[00297300] 4 | 8 2 9 11 1 6 _ 0 4 _ 8 _ 
[00297301] 3 | 8 2 9 11 1 6 4 0 4 _ 8 _ 
[00297302] 3 | 8 2 9 11 1 6 _ 0 4 1 8 _ 
[00297303] 3 | 8 2 9 11 1 6 _ 0 4 7 8 _ 
[00297304] 2 | 8 2 9 11 1 6 3 0 4 7 8 _ 
[00297305] 4 | 8 2 9 11 1 6 _ 0 3 7 8 _ 
[00297306] 3 | 8 2 9 11 1 6 4 0 3 7 8 _ 
[00297307] 4 | 8 2 9 11 1 6 _ 0 7 3 8 _ 
[00297308] 3 | 8 2 9 11 1 6 4 0 7 3 8 _ 
[00297309] 5 | 8 2 9 11 1 _ 6 0 _ _ 8 _ 
[00297310] 4 | 8 2 9 11 1 5 6 0 _ _ 8 _ 
[00297311] 3 | 8 2 9 11 1 5 6 0 3 _ 8 _ 
[00297312] 3 | 8 2 9 11 1 5 6 0 4 7 8 _ 
[00297313] 3 | 8 2 9 11 1 5 6 0 7 10 8 _ 
[00297314] 3 | 8 2 9 11 1 5 6 0 7 4 8 _ 
[00297315] 3 | 8 2 9 11 1 5 6 0 10 7 8 _ 
[00297316] 4 | 8 2 9 11 1 _ 6 0 4 _ 8 _ 
[00297317] 3 | 8 2 9 11 1 4 6 0 4 _ 8 _ 
[00297318] 3 | 8 2 9 11 1 _ 6 0 4 1 8 _ 
[00297319] 3 | 8 2 9 11 1 _ 6 0 4 7 8 _ 
[00297320] 2 | 8 2 9 11 1 3 6 0 4 7 8 _ 
[00297321] 4 | 8 2 9 11 1 _ 6 0 3 7 8 _ 
[00297322] 3 | 8 2 9 11 1 4 6 0 3 7 8 _ 
[00297323] 4 | 8 2 9 11 1 _ 6 0 7 3 8 _ 
[00297324] 3 | 8 2 9 11 1 4 6 0 7 3 8 _ 
[00297325] 5 | 8 2 9 11 1 _ _ 0 5 _ 8 _ 
[00297326] 4 | 8 2 9 11 1 5 _ 0 5 _ 8 _ 
[00297327] 3 | 8 2 9 11 1 5 4 0 5 _ 8 _ 
[00297328] 4 | 8 2 9 11 1 _ 5 0 5 _ 8 _ 
[00297329] 3 | 8 2 9 11 1 4 5 0 5 _ 8 _ 
[00297330] 4 | 8 2 9 11 1 _ _ 0 5 1 8 _ 
[00297331] 5 | 8 2 9 11 1 _ _ 0 5 10 8 _ 
[00297332] 5 | 8 2 9 11 1 _ _ 0 10 5 8 _ 
[00297333] 6 | _ 2 9 11 1 7 _ 0 _ _ 8 _ 
[00297334] 5 | _ 2 9 11 1 7 6 0 _ _ 8 _ 
[00297335] 4 | _ 2 9 11 1 7 6 0 4 _ 8 _ 
[00297336] 3 | 5 2 9 11 1 7 6 0 4 _ 8 _ 
[00297337] 2 | 5 2 9 11 1 7 6 0 4 _ 8 10 
[00297338] 1 | 5 2 9 11 1 7 6 0 4 3 8 10  *Graceful*
[00297338] 3 | _ 2 9 11 1 7 6 0 4 _ 8 5 
[00297339] 2 | 4 2 9 11 1 7 6 0 4 _ 8 5 
[00297340] 2 | _ 2 9 11 1 7 6 0 4 2 8 5 
[00297341] 4 | _ 2 9 11 1 7 6 0 _ _ 8 4 
[00297342] 3 | 5 2 9 11 1 7 6 0 _ _ 8 4 
[00297343] 3 | _ 2 9 11 1 7 6 0 3 _ 8 4 
[00297344] 2 | _ 2 9 11 1 7 6 0 3 5 8 4 
[00297345] 5 | _ 2 9 11 1 7 _ 0 5 _ 8 _ 
[00297346] 4 | 6 2 9 11 1 7 _ 0 5 _ 8 _ 
[00297347] 3 | 6 2 9 11 1 7 4 0 5 _ 8 _ 
[00297348] 2 | 6 2 9 11 1 7 4 0 5 3 8 _ 
[00297349] 2 | 6 2 9 11 1 7 4 0 5 _ 8 10 
[00297350] 3 | 6 2 9 11 1 7 _ 0 5 8 8 _ 
[00297351] 2 | 6 2 9 11 1 7 3 0 5 8 8 _ 
[00297352] 3 | 6 2 9 11 1 7 _ 0 5 _ 8 5 
[00297353] 2 | 6 2 9 11 1 7 3 0 5 _ 8 5 
[00297354] 4 | _ 2 9 11 1 7 5 0 5 _ 8 _ 
[00297355] 4 | _ 2 9 11 1 7 _ 0 5 1 8 _ 
[00297356] 4 | _ 2 9 11 1 7 _ 0 5 _ 8 4 
[00297357] 3 | 5 2 9 11 1 7 _ 0 5 _ 8 4 
[00297358] 2 | 5 2 9 11 1 7 3 0 5 _ 8 4 
[00297359] 3 | _ 2 9 11 1 7 _ 0 5 2 8 4 
[00297360] 2 | _ 2 9 11 1 7 3 0 5 2 8 4 
[00297361] 5 | _ 2 9 11 1 7 _ 0 5 10 8 _ 
[00297362] 4 | 6 2 9 11 1 7 _ 0 5 10 8 _ 
[00297363] 3 | 6 2 9 11 1 7 4 0 5 10 8 _ 
[00297364] 4 | _ 2 9 11 1 7 _ 0 5 10 8 4 
[00297365] 5 | _ 2 9 11 1 7 _ 0 10 5 8 _ 
[00297366] 4 | 6 2 9 11 1 7 _ 0 10 5 8 _ 
[00297367] 3 | 6 2 9 11 1 7 4 0 10 5 8 _ 
[00297368] 4 | _ 2 9 11 1 7 _ 0 10 5 8 4 
[00297369] 5 | _ 2 9 11 1 7 _ 0 _ _ 8 3 
[00297370] 4 | 6 2 9 11 1 7 _ 0 _ _ 8 3 
[00297371] 3 | 6 2 9 11 1 7 4 0 _ _ 8 3 
[00297372] 4 | _ 2 9 11 1 7 5 0 _ _ 8 3 
[00297373] 4 | _ 2 9 11 1 7 _ 0 4 _ 8 3 
[00297374] 3 | 5 2 9 11 1 7 _ 0 4 _ 8 3 
[00297375] 2 | 5 2 9 11 1 7 _ 0 4 6 8 3 
[00297376] 3 | _ 2 9 11 1 7 4 0 4 _ 8 3 
[00297377] 3 | _ 2 9 11 1 7 _ 0 4 1 8 3 
[00297378] 4 | _ 2 9 11 1 7 _ 0 6 10 8 3 
[00297379] 3 | 5 2 9 11 1 7 _ 0 6 10 8 3 
[00297380] 3 | _ 2 9 11 1 7 4 0 6 10 8 3 
[00297381] 4 | _ 2 9 11 1 7 _ 0 10 6 8 3 
[00297382] 3 | 5 2 9 11 1 7 _ 0 10 6 8 3 
[00297383] 3 | _ 2 9 11 1 7 4 0 10 6 8 3 
[00297384] 6 | _ 2 9 11 1 _ 7 0 _ _ 8 _ 
[00297385] 5 | _ 2 9 11 1 6 7 0 _ _ 8 _ 
[00297386] 4 | _ 2 9 11 1 6 7 0 4 _ 8 _ 
[00297387] 3 | 5 2 9 11 1 6 7 0 4 _ 8 _ 
[00297388] 2 | 5 2 9 11 1 6 7 0 4 _ 8 10 
[00297389] 1 | 5 2 9 11 1 6 7 0 4 3 8 10  *Graceful*
[00297389] 3 | _ 2 9 11 1 6 7 0 4 _ 8 5 
[00297390] 2 | 4 2 9 11 1 6 7 0 4 _ 8 5 
[00297391] 2 | _ 2 9 11 1 6 7 0 4 2 8 5 
[00297392] 4 | _ 2 9 11 1 6 7 0 _ _ 8 4 
[00297393] 3 | 5 2 9 11 1 6 7 0 _ _ 8 4 
[00297394] 3 | _ 2 9 11 1 6 7 0 3 _ 8 4 
[00297395] 2 | _ 2 9 11 1 6 7 0 3 5 8 4 
[00297396] 5 | _ 2 9 11 1 _ 7 0 5 _ 8 _ 
[00297397] 4 | 6 2 9 11 1 _ 7 0 5 _ 8 _ 
[00297398] 3 | 6 2 9 11 1 4 7 0 5 _ 8 _ 
[00297399] 2 | 6 2 9 11 1 4 7 0 5 3 8 _ 
[00297400] 2 | 6 2 9 11 1 4 7 0 5 _ 8 10 
[00297401] 3 | 6 2 9 11 1 _ 7 0 5 8 8 _ 
[00297402] 2 | 6 2 9 11 1 3 7 0 5 8 8 _ 
[00297403] 3 | 6 2 9 11 1 _ 7 0 5 _ 8 5 
[00297404] 2 | 6 2 9 11 1 3 7 0 5 _ 8 5 
[00297405] 4 | _ 2 9 11 1 5 7 0 5 _ 8 _ 
[00297406] 4 | _ 2 9 11 1 _ 7 0 5 1 8 _ 
[00297407] 4 | _ 2 9 11 1 _ 7 0 5 _ 8 4 
[00297408] 3 | 5 2 9 11 1 _ 7 0 5 _ 8 4 
[00297409] 2 | 5 2 9 11 1 3 7 0 5 _ 8 4 
[00297410] 3 | _ 2 9 11 1 _ 7 0 5 2 8 4 
[00297411] 2 | _ 2 9 11 1 3 7 0 5 2 8 4 
[00297412] 5 | _ 2 9 11 1 _ 7 0 5 10 8 _ 
[00297413] 4 | 6 2 9 11 1 _ 7 0 5 10 8 _ 
[00297414] 3 | 6 2 9 11 1 4 7 0 5 10 8 _ 
[00297415] 4 | _ 2 9 11 1 _ 7 0 5 10 8 4 
[00297416] 5 | _ 2 9 11 1 _ 7 0 10 5 8 _ 
[00297417] 4 | 6 2 9 11 1 _ 7 0 10 5 8 _ 
[00297418] 3 | 6 2 9 11 1 4 7 0 10 5 8 _ 
[00297419] 4 | _ 2 9 11 1 _ 7 0 10 5 8 4 
[00297420] 5 | _ 2 9 11 1 _ 7 0 _ _ 8 3 
[00297421] 4 | 6 2 9 11 1 _ 7 0 _ _ 8 3 
[00297422] 3 | 6 2 9 11 1 4 7 0 _ _ 8 3 
[00297423] 4 | _ 2 9 11 1 5 7 0 _ _ 8 3 
[00297424] 4 | _ 2 9 11 1 _ 7 0 4 _ 8 3 
[00297425] 3 | 5 2 9 11 1 _ 7 0 4 _ 8 3 
[00297426] 2 | 5 2 9 11 1 _ 7 0 4 6 8 3 
[00297427] 3 | _ 2 9 11 1 4 7 0 4 _ 8 3 
[00297428] 3 | _ 2 9 11 1 _ 7 0 4 1 8 3 
[00297429] 4 | _ 2 9 11 1 _ 7 0 6 10 8 3 
[00297430] 3 | 5 2 9 11 1 _ 7 0 6 10 8 3 
[00297431] 3 | _ 2 9 11 1 4 7 0 6 10 8 3 
[00297432] 4 | _ 2 9 11 1 _ 7 0 10 6 8 3 
[00297433] 3 | 5 2 9 11 1 _ 7 0 10 6 8 3 
[00297434] 3 | _ 2 9 11 1 4 7 0 10 6 8 3 
[00297435] 6 | _ 2 9 11 1 _ _ 0 6 _ 8 _ 
[00297436] 5 | 7 2 9 11 1 _ _ 0 6 _ 8 _ 
[00297437] 4 | 7 2 9 11 1 5 _ 0 6 _ 8 _ 
[00297438] 3 | 7 2 9 11 1 5 4 0 6 _ 8 _ 
[00297439] 2 | 7 2 9 11 1 5 4 0 6 8 8 _ 
[00297440] 2 | 7 2 9 11 1 5 4 0 6 _ 8 6 
[00297441] 2 | 7 2 9 11 1 5 4 0 6 _ 8 10 
[00297442] 3 | 7 2 9 11 1 5 _ 0 6 3 8 _ 
[00297443] 2 | 7 2 9 11 1 5 _ 0 6 3 8 10 
[00297444] 4 | 7 2 9 11 1 _ 5 0 6 _ 8 _ 
[00297445] 3 | 7 2 9 11 1 4 5 0 6 _ 8 _ 
[00297446] 2 | 7 2 9 11 1 4 5 0 6 8 8 _ 
[00297447] 2 | 7 2 9 11 1 4 5 0 6 _ 8 6 
[00297448] 2 | 7 2 9 11 1 4 5 0 6 _ 8 10 
[00297449] 3 | 7 2 9 11 1 _ 5 0 6 3 8 _ 
[00297450] 2 | 7 2 9 11 1 _ 5 0 6 3 8 10 
[00297451] 4 | 7 2 9 11 1 _ _ 0 6 10 8 _ 
[00297452] 3 | 7 2 9 11 1 4 _ 0 6 10 8 _ 
[00297453] 2 | 7 2 9 11 1 4 3 0 6 10 8 _ 
[00297454] 3 | 7 2 9 11 1 _ 4 0 6 10 8 _ 
[00297455] 2 | 7 2 9 11 1 3 4 0 6 10 8 _ 
[00297456] 3 | 7 2 9 11 1 _ _ 0 6 10 8 5 
[00297457] 2 | 7 2 9 11 1 3 _ 0 6 10 8 5 
[00297458] 2 | 7 2 9 11 1 _ 3 0 6 10 8 5 
[00297459] 4 | 7 2 9 11 1 _ _ 0 6 _ 8 4 
[00297460] 3 | 7 2 9 11 1 _ _ 0 6 3 8 4 
[00297461] 5 | _ 2 9 11 1 6 _ 0 6 _ 8 _ 
[00297462] 4 | _ 2 9 11 1 6 5 0 6 _ 8 _ 
[00297463] 4 | _ 2 9 11 1 6 _ 0 6 _ 8 4 
[00297464] 3 | 5 2 9 11 1 6 _ 0 6 _ 8 4 
[00297465] 2 | 5 2 9 11 1 6 3 0 6 _ 8 4 
[00297466] 5 | _ 2 9 11 1 _ 6 0 6 _ 8 _ 
[00297467] 4 | _ 2 9 11 1 5 6 0 6 _ 8 _ 
[00297468] 4 | _ 2 9 11 1 _ 6 0 6 _ 8 4 
[00297469] 3 | 5 2 9 11 1 _ 6 0 6 _ 8 4 
[00297470] 2 | 5 2 9 11 1 3 6 0 6 _ 8 4 
[00297471] 5 | _ 2 9 11 1 _ _ 0 6 1 8 _ 
[00297472] 4 | _ 2 9 11 1 _ _ 0 6 1 8 4 
[00297473] 3 | 5 2 9 11 1 _ _ 0 6 1 8 4 
[00297474] 5 | _ 2 9 11 1 _ _ 0 6 _ 8 3 
[00297475] 4 | 6 2 9 11 1 _ _ 0 6 _ 8 3 
[00297476] 3 | 6 2 9 11 1 4 _ 0 6 _ 8 3 
[00297477] 3 | 6 2 9 11 1 _ 4 0 6 _ 8 3 
[00297478] 4 | _ 2 9 11 1 5 _ 0 6 _ 8 3 
[00297479] 3 | _ 2 9 11 1 5 4 0 6 _ 8 3 
[00297480] 4 | _ 2 9 11 1 _ 5 0 6 _ 8 3 
[00297481] 3 | _ 2 9 11 1 4 5 0 6 _ 8 3 
[00297482] 4 | _ 2 9 11 1 _ _ 0 6 2 8 3 
[00297483] 3 | _ 2 9 11 1 4 _ 0 6 2 8 3 
[00297484] 3 | _ 2 9 11 1 _ 4 0 6 2 8 3 
[00297485] 4 | _ 2 9 11 1 _ _ 0 6 10 8 3 
[00297486] 3 | 5 2 9 11 1 _ _ 0 6 10 8 3 
[00297487] 3 | _ 2 9 11 1 4 _ 0 6 10 8 3 
[00297488] 3 | _ 2 9 11 1 _ 4 0 6 10 8 3 
[00297489] 6 | _ 2 9 11 1 _ _ 0 4 10 8 _ 
[00297490] 5 | 7 2 9 11 1 _ _ 0 4 10 8 _ 
[00297491] 4 | 7 2 9 11 1 5 _ 0 4 10 8 _ 
[00297492] 4 | 7 2 9 11 1 _ 5 0 4 10 8 _ 
[00297493] 5 | _ 2 9 11 1 6 _ 0 4 10 8 _ 
[00297494] 4 | _ 2 9 11 1 6 5 0 4 10 8 _ 
[00297495] 5 | _ 2 9 11 1 _ 6 0 4 10 8 _ 
[00297496] 4 | _ 2 9 11 1 5 6 0 4 10 8 _ 
[00297497] 5 | _ 2 9 11 1 _ _ 0 4 10 8 3 
[00297498] 4 | 6 2 9 11 1 _ _ 0 4 10 8 3 
[00297499] 4 | _ 2 9 11 1 5 _ 0 4 10 8 3 
[00297500] 4 | _ 2 9 11 1 _ 5 0 4 10 8 3 
[00297501] 6 | _ 2 9 11 1 _ _ 0 10 4 8 _ 
[00297502] 5 | 7 2 9 11 1 _ _ 0 10 4 8 _ 
[00297503] 4 | 7 2 9 11 1 5 _ 0 10 4 8 _ 
[00297504] 4 | 7 2 9 11 1 _ 5 0 10 4 8 _ 
[00297505] 5 | _ 2 9 11 1 6 _ 0 10 4 8 _ 
[00297506] 4 | _ 2 9 11 1 6 5 0 10 4 8 _ 
[00297507] 5 | _ 2 9 11 1 _ 6 0 10 4 8 _ 
[00297508] 4 | _ 2 9 11 1 5 6 0 10 4 8 _ 
[00297509] 5 | _ 2 9 11 1 _ _ 0 10 4 8 3 
[00297510] 4 | 6 2 9 11 1 _ _ 0 10 4 8 3 
[00297511] 4 | _ 2 9 11 1 5 _ 0 10 4 8 3 
[00297512] 4 | _ 2 9 11 1 _ 5 0 10 4 8 3 
[00297513] 6 | _ 2 9 11 1 _ _ 0 _ _ 8 2 
[00297514] 5 | _ 2 9 11 1 6 _ 0 _ _ 8 2 
[00297515] 4 | _ 2 9 11 1 6 5 0 _ _ 8 2 
[00297516] 3 | _ 2 9 11 1 6 5 0 3 _ 8 2 
[00297517] 3 | _ 2 9 11 1 6 5 0 4 7 8 2 
[00297518] 3 | _ 2 9 11 1 6 5 0 7 10 8 2 
[00297519] 3 | _ 2 9 11 1 6 5 0 7 4 8 2 
[00297520] 3 | _ 2 9 11 1 6 5 0 10 7 8 2 
[00297521] 4 | _ 2 9 11 1 6 _ 0 4 _ 8 2 
[00297522] 3 | _ 2 9 11 1 6 4 0 4 _ 8 2 
[00297523] 3 | _ 2 9 11 1 6 _ 0 4 1 8 2 
[00297524] 3 | _ 2 9 11 1 6 _ 0 4 7 8 2 
[00297525] 2 | _ 2 9 11 1 6 3 0 4 7 8 2 
[00297526] 4 | _ 2 9 11 1 6 _ 0 3 7 8 2 
[00297527] 3 | _ 2 9 11 1 6 4 0 3 7 8 2 
[00297528] 4 | _ 2 9 11 1 6 _ 0 7 3 8 2 
[00297529] 3 | _ 2 9 11 1 6 4 0 7 3 8 2 
[00297530] 5 | _ 2 9 11 1 _ 6 0 _ _ 8 2 
[00297531] 4 | _ 2 9 11 1 5 6 0 _ _ 8 2 
[00297532] 3 | _ 2 9 11 1 5 6 0 3 _ 8 2 
[00297533] 3 | _ 2 9 11 1 5 6 0 4 7 8 2 
[00297534] 3 | _ 2 9 11 1 5 6 0 7 10 8 2 
[00297535] 3 | _ 2 9 11 1 5 6 0 7 4 8 2 
[00297536] 3 | _ 2 9 11 1 5 6 0 10 7 8 2 
[00297537] 4 | _ 2 9 11 1 _ 6 0 4 _ 8 2 
[00297538] 3 | _ 2 9 11 1 4 6 0 4 _ 8 2 
[00297539] 3 | _ 2 9 11 1 _ 6 0 4 1 8 2 
[00297540] 3 | _ 2 9 11 1 _ 6 0 4 7 8 2 
[00297541] 2 | _ 2 9 11 1 3 6 0 4 7 8 2 
[00297542] 4 | _ 2 9 11 1 _ 6 0 3 7 8 2 
[00297543] 3 | _ 2 9 11 1 4 6 0 3 7 8 2 
[00297544] 4 | _ 2 9 11 1 _ 6 0 7 3 8 2 
[00297545] 3 | _ 2 9 11 1 4 6 0 7 3 8 2 
[00297546] 5 | _ 2 9 11 1 _ _ 0 5 _ 8 2 
[00297547] 4 | _ 2 9 11 1 5 _ 0 5 _ 8 2 
[00297548] 3 | _ 2 9 11 1 5 4 0 5 _ 8 2 
[00297549] 4 | _ 2 9 11 1 _ 5 0 5 _ 8 2 
[00297550] 3 | _ 2 9 11 1 4 5 0 5 _ 8 2 
[00297551] 4 | _ 2 9 11 1 _ _ 0 5 1 8 2 
[00297552] 5 | _ 2 9 11 1 _ _ 0 5 10 8 2 
[00297553] 5 | _ 2 9 11 1 _ _ 0 10 5 8 2 
[00297554] 7 | _ 2 _ 11 1 8 _ 0 _ _ 8 _ 
[00297555] 6 | _ 2 _ 11 1 8 7 0 _ _ 8 _ 
[00297556] 5 | _ 2 _ 11 1 8 7 0 5 _ 8 _ 
[00297557] 4 | 6 2 _ 11 1 8 7 0 5 _ 8 _ 
[00297558] 3 | 6 2 5 11 1 8 7 0 5 _ 8 _ 
[00297559] 3 | 6 2 _ 11 1 8 7 0 5 2 8 _ 
[00297560] 4 | _ 2 6 11 1 8 7 0 5 _ 8 _ 
[00297561] 3 | 5 2 6 11 1 8 7 0 5 _ 8 _ 
[00297562] 3 | _ 2 6 11 1 8 7 0 5 2 8 _ 
[00297563] 4 | _ 2 _ 11 1 8 7 0 5 9 8 _ 
[00297564] 5 | _ 2 _ 11 1 8 7 0 4 9 8 _ 
[00297565] 4 | 6 2 _ 11 1 8 7 0 4 9 8 _ 
[00297566] 3 | 6 2 5 11 1 8 7 0 4 9 8 _ 
[00297567] 4 | _ 2 6 11 1 8 7 0 4 9 8 _ 
[00297568] 3 | 5 2 6 11 1 8 7 0 4 9 8 _ 
[00297569] 5 | _ 2 _ 11 1 8 7 0 5 10 8 _ 
[00297570] 4 | 6 2 _ 11 1 8 7 0 5 10 8 _ 
[00297571] 4 | _ 2 6 11 1 8 7 0 5 10 8 _ 
[00297572] 5 | _ 2 _ 11 1 8 7 0 9 4 8 _ 
[00297573] 4 | 6 2 _ 11 1 8 7 0 9 4 8 _ 
[00297574] 3 | 6 2 5 11 1 8 7 0 9 4 8 _ 
[00297575] 4 | _ 2 6 11 1 8 7 0 9 4 8 _ 
[00297576] 3 | 5 2 6 11 1 8 7 0 9 4 8 _ 
[00297577] 5 | _ 2 _ 11 1 8 7 0 10 5 8 _ 
[00297578] 4 | 6 2 _ 11 1 8 7 0 10 5 8 _ 
[00297579] 4 | _ 2 6 11 1 8 7 0 10 5 8 _ 
[00297580] 6 | _ 2 _ 11 1 8 _ 0 6 _ 8 _ 
[00297581] 5 | 7 2 _ 11 1 8 _ 0 6 _ 8 _ 
[00297582] 4 | 7 2 6 11 1 8 _ 0 6 _ 8 _ 
[00297583] 3 | 7 2 6 11 1 8 4 0 6 _ 8 _ 
[00297584] 4 | 7 2 _ 11 1 8 5 0 6 _ 8 _ 
[00297585] 3 | 7 2 _ 11 1 8 5 0 6 3 8 _ 
[00297586] 2 | 7 2 4 11 1 8 5 0 6 3 8 _ 
[00297587] 3 | 7 2 _ 11 1 8 5 0 6 9 8 _ 
[00297588] 2 | 7 2 4 11 1 8 5 0 6 9 8 _ 
[00297589] 4 | 7 2 _ 11 1 8 _ 0 6 2 8 _ 
[00297590] 3 | 7 2 _ 11 1 8 4 0 6 2 8 _ 
[00297591] 4 | 7 2 _ 11 1 8 _ 0 6 10 8 _ 
[00297592] 3 | 7 2 5 11 1 8 _ 0 6 10 8 _ 
[00297593] 2 | 7 2 5 11 1 8 3 0 6 10 8 _ 
[00297594] 3 | 7 2 _ 11 1 8 4 0 6 10 8 _ 
[00297595] 5 | _ 2 7 11 1 8 _ 0 6 _ 8 _ 
[00297596] 4 | 6 2 7 11 1 8 _ 0 6 _ 8 _ 
[00297597] 3 | 6 2 7 11 1 8 4 0 6 _ 8 _ 
[00297598] 4 | _ 2 7 11 1 8 5 0 6 _ 8 _ 
[00297599] 3 | _ 2 7 11 1 8 5 0 6 3 8 _ 
[00297600] 2 | 4 2 7 11 1 8 5 0 6 3 8 _ 
[00297601] 3 | _ 2 7 11 1 8 5 0 6 9 8 _ 
[00297602] 2 | 4 2 7 11 1 8 5 0 6 9 8 _ 
[00297603] 4 | _ 2 7 11 1 8 _ 0 6 2 8 _ 
[00297604] 3 | _ 2 7 11 1 8 4 0 6 2 8 _ 
[00297605] 4 | _ 2 7 11 1 8 _ 0 6 10 8 _ 
[00297606] 3 | 5 2 7 11 1 8 _ 0 6 10 8 _ 
[00297607] 2 | 5 2 7 11 1 8 3 0 6 10 8 _ 
[00297608] 3 | _ 2 7 11 1 8 4 0 6 10 8 _ 
[00297609] 5 | _ 2 _ 11 1 8 6 0 6 _ 8 _ 
[00297610] 5 | _ 2 _ 11 1 8 _ 0 6 1 8 _ 
[00297611] 6 | _ 2 _ 11 1 8 _ 0 3 9 8 _ 
[00297612] 5 | 7 2 _ 11 1 8 _ 0 3 9 8 _ 
[00297613] 4 | 7 2 6 11 1 8 _ 0 3 9 8 _ 
[00297614] 3 | 7 2 6 11 1 8 4 0 3 9 8 _ 
[00297615] 4 | 7 2 _ 11 1 8 5 0 3 9 8 _ 
[00297616] 5 | _ 2 7 11 1 8 _ 0 3 9 8 _ 
[00297617] 4 | 6 2 7 11 1 8 _ 0 3 9 8 _ 
[00297618] 3 | 6 2 7 11 1 8 4 0 3 9 8 _ 
[00297619] 4 | _ 2 7 11 1 8 5 0 3 9 8 _ 
[00297620] 5 | _ 2 _ 11 1 8 6 0 3 9 8 _ 
[00297621] 6 | _ 2 _ 11 1 8 _ 0 4 10 8 _ 
[00297622] 5 | 7 2 _ 11 1 8 _ 0 4 10 8 _ 
[00297623] 4 | 7 2 6 11 1 8 _ 0 4 10 8 _ 
[00297624] 4 | 7 2 _ 11 1 8 5 0 4 10 8 _ 
[00297625] 5 | _ 2 7 11 1 8 _ 0 4 10 8 _ 
[00297626] 4 | 6 2 7 11 1 8 _ 0 4 10 8 _ 
[00297627] 4 | _ 2 7 11 1 8 5 0 4 10 8 _ 
[00297628] 5 | _ 2 _ 11 1 8 6 0 4 10 8 _ 
[00297629] 6 | _ 2 _ 11 1 8 _ 0 9 3 8 _ 
[00297630] 5 | 7 2 _ 11 1 8 _ 0 9 3 8 _ 
[00297631] 4 | 7 2 6 11 1 8 _ 0 9 3 8 _ 
[00297632] 3 | 7 2 6 11 1 8 4 0 9 3 8 _ 
[00297633] 4 | 7 2 _ 11 1 8 5 0 9 3 8 _ 
[00297634] 5 | _ 2 7 11 1 8 _ 0 9 3 8 _ 
[00297635] 4 | 6 2 7 11 1 8 _ 0 9 3 8 _ 
[00297636] 3 | 6 2 7 11 1 8 4 0 9 3 8 _ 
[00297637] 4 | _ 2 7 11 1 8 5 0 9 3 8 _ 
[00297638] 5 | _ 2 _ 11 1 8 6 0 9 3 8 _ 
[00297639] 6 | _ 2 _ 11 1 8 _ 0 10 4 8 _ 
[00297640] 5 | 7 2 _ 11 1 8 _ 0 10 4 8 _ 
[00297641] 4 | 7 2 6 11 1 8 _ 0 10 4 8 _ 
[00297642] 4 | 7 2 _ 11 1 8 5 0 10 4 8 _ 
[00297643] 5 | _ 2 7 11 1 8 _ 0 10 4 8 _ 
[00297644] 4 | 6 2 7 11 1 8 _ 0 10 4 8 _ 
[00297645] 4 | _ 2 7 11 1 8 5 0 10 4 8 _ 
[00297646] 5 | _ 2 _ 11 1 8 6 0 10 4 8 _ 
[00297647] 7 | _ 2 _ 11 1 _ 8 0 _ _ 8 _ 
[00297648] 6 | _ 2 _ 11 1 7 8 0 _ _ 8 _ 
[00297649] 5 | _ 2 _ 11 1 7 8 0 5 _ 8 _ 
[00297650] 4 | 6 2 _ 11 1 7 8 0 5 _ 8 _ 
[00297651] 3 | 6 2 5 11 1 7 8 0 5 _ 8 _ 
[00297652] 3 | 6 2 _ 11 1 7 8 0 5 2 8 _ 
[00297653] 4 | _ 2 6 11 1 7 8 0 5 _ 8 _ 
[00297654] 3 | 5 2 6 11 1 7 8 0 5 _ 8 _ 
[00297655] 3 | _ 2 6 11 1 7 8 0 5 2 8 _ 
[00297656] 4 | _ 2 _ 11 1 7 8 0 5 9 8 _ 
[00297657] 5 | _ 2 _ 11 1 7 8 0 4 9 8 _ 
[00297658] 4 | 6 2 _ 11 1 7 8 0 4 9 8 _ 
[00297659] 3 | 6 2 5 11 1 7 8 0 4 9 8 _ 
[00297660] 4 | _ 2 6 11 1 7 8 0 4 9 8 _ 
[00297661] 3 | 5 2 6 11 1 7 8 0 4 9 8 _ 
[00297662] 5 | _ 2 _ 11 1 7 8 0 5 10 8 _ 
[00297663] 4 | 6 2 _ 11 1 7 8 0 5 10 8 _ 
[00297664] 4 | _ 2 6 11 1 7 8 0 5 10 8 _ 
[00297665] 5 | _ 2 _ 11 1 7 8 0 9 4 8 _ 
[00297666] 4 | 6 2 _ 11 1 7 8 0 9 4 8 _ 
[00297667] 3 | 6 2 5 11 1 7 8 0 9 4 8 _ 
[00297668] 4 | _ 2 6 11 1 7 8 0 9 4 8 _ 
[00297669] 3 | 5 2 6 11 1 7 8 0 9 4 8 _ 
[00297670] 5 | _ 2 _ 11 1 7 8 0 10 5 8 _ 
[00297671] 4 | 6 2 _ 11 1 7 8 0 10 5 8 _ 
[00297672] 4 | _ 2 6 11 1 7 8 0 10 5 8 _ 
[00297673] 6 | _ 2 _ 11 1 _ 8 0 6 _ 8 _ 
[00297674] 5 | 7 2 _ 11 1 _ 8 0 6 _ 8 _ 
[00297675] 4 | 7 2 6 11 1 _ 8 0 6 _ 8 _ 
[00297676] 3 | 7 2 6 11 1 4 8 0 6 _ 8 _ 
[00297677] 4 | 7 2 _ 11 1 5 8 0 6 _ 8 _ 
[00297678] 3 | 7 2 _ 11 1 5 8 0 6 3 8 _ 
[00297679] 2 | 7 2 4 11 1 5 8 0 6 3 8 _ 
[00297680] 3 | 7 2 _ 11 1 5 8 0 6 9 8 _ 
[00297681] 2 | 7 2 4 11 1 5 8 0 6 9 8 _ 
[00297682] 4 | 7 2 _ 11 1 _ 8 0 6 2 8 _ 
[00297683] 3 | 7 2 _ 11 1 4 8 0 6 2 8 _ 
[00297684] 4 | 7 2 _ 11 1 _ 8 0 6 10 8 _ 
[00297685] 3 | 7 2 5 11 1 _ 8 0 6 10 8 _ 
[00297686] 2 | 7 2 5 11 1 3 8 0 6 10 8 _ 
[00297687] 3 | 7 2 _ 11 1 4 8 0 6 10 8 _ 
[00297688] 5 | _ 2 7 11 1 _ 8 0 6 _ 8 _ 
[00297689] 4 | 6 2 7 11 1 _ 8 0 6 _ 8 _ 
[00297690] 3 | 6 2 7 11 1 4 8 0 6 _ 8 _ 
[00297691] 4 | _ 2 7 11 1 5 8 0 6 _ 8 _ 
[00297692] 3 | _ 2 7 11 1 5 8 0 6 3 8 _ 
[00297693] 2 | 4 2 7 11 1 5 8 0 6 3 8 _ 
[00297694] 3 | _ 2 7 11 1 5 8 0 6 9 8 _ 
[00297695] 2 | 4 2 7 11 1 5 8 0 6 9 8 _ 
[00297696] 4 | _ 2 7 11 1 _ 8 0 6 2 8 _ 
[00297697] 3 | _ 2 7 11 1 4 8 0 6 2 8 _ 
[00297698] 4 | _ 2 7 11 1 _ 8 0 6 10 8 _ 
[00297699] 3 | 5 2 7 11 1 _ 8 0 6 10 8 _ 
[00297700] 2 | 5 2 7 11 1 3 8 0 6 10 8 _ 
[00297701] 3 | _ 2 7 11 1 4 8 0 6 10 8 _ 
[00297702] 5 | _ 2 _ 11 1 6 8 0 6 _ 8 _ 
[00297703] 5 | _ 2 _ 11 1 _ 8 0 6 1 8 _ 
[00297704] 6 | _ 2 _ 11 1 _ 8 0 3 9 8 _ 
[00297705] 5 | 7 2 _ 11 1 _ 8 0 3 9 8 _ 
[00297706] 4 | 7 2 6 11 1 _ 8 0 3 9 8 _ 
[00297707] 3 | 7 2 6 11 1 4 8 0 3 9 8 _ 
[00297708] 4 | 7 2 _ 11 1 5 8 0 3 9 8 _ 
[00297709] 5 | _ 2 7 11 1 _ 8 0 3 9 8 _ 
[00297710] 4 | 6 2 7 11 1 _ 8 0 3 9 8 _ 
[00297711] 3 | 6 2 7 11 1 4 8 0 3 9 8 _ 
[00297712] 4 | _ 2 7 11 1 5 8 0 3 9 8 _ 
[00297713] 5 | _ 2 _ 11 1 6 8 0 3 9 8 _ 
[00297714] 6 | _ 2 _ 11 1 _ 8 0 4 10 8 _ 
[00297715] 5 | 7 2 _ 11 1 _ 8 0 4 10 8 _ 
[00297716] 4 | 7 2 6 11 1 _ 8 0 4 10 8 _ 
[00297717] 4 | 7 2 _ 11 1 5 8 0 4 10 8 _ 
[00297718] 5 | _ 2 7 11 1 _ 8 0 4 10 8 _ 
[00297719] 4 | 6 2 7 11 1 _ 8 0 4 10 8 _ 
[00297720] 4 | _ 2 7 11 1 5 8 0 4 10 8 _ 
[00297721] 5 | _ 2 _ 11 1 6 8 0 4 10 8 _ 
[00297722] 6 | _ 2 _ 11 1 _ 8 0 9 3 8 _ 
[00297723] 5 | 7 2 _ 11 1 _ 8 0 9 3 8 _ 
[00297724] 4 | 7 2 6 11 1 _ 8 0 9 3 8 _ 
[00297725] 3 | 7 2 6 11 1 4 8 0 9 3 8 _ 
[00297726] 4 | 7 2 _ 11 1 5 8 0 9 3 8 _ 
[00297727] 5 | _ 2 7 11 1 _ 8 0 9 3 8 _ 
[00297728] 4 | 6 2 7 11 1 _ 8 0 9 3 8 _ 
[00297729] 3 | 6 2 7 11 1 4 8 0 9 3 8 _ 
[00297730] 4 | _ 2 7 11 1 5 8 0 9 3 8 _ 
[00297731] 5 | _ 2 _ 11 1 6 8 0 9 3 8 _ 
[00297732] 6 | _ 2 _ 11 1 _ 8 0 10 4 8 _ 
[00297733] 5 | 7 2 _ 11 1 _ 8 0 10 4 8 _ 
[00297734] 4 | 7 2 6 11 1 _ 8 0 10 4 8 _ 
[00297735] 4 | 7 2 _ 11 1 5 8 0 10 4 8 _ 
[00297736] 5 | _ 2 7 11 1 _ 8 0 10 4 8 _ 
[00297737] 4 | 6 2 7 11 1 _ 8 0 10 4 8 _ 
[00297738] 4 | _ 2 7 11 1 5 8 0 10 4 8 _ 
[00297739] 5 | _ 2 _ 11 1 6 8 0 10 4 8 _ 
[00297740] 7 | _ 2 _ 11 1 _ _ 0 7 _ 8 _ 
[00297741] 6 | 8 2 _ 11 1 _ _ 0 7 _ 8 _ 
[00297742] 5 | 8 2 7 11 1 _ _ 0 7 _ 8 _ 
[00297743] 4 | 8 2 7 11 1 5 _ 0 7 _ 8 _ 
[00297744] 3 | 8 2 7 11 1 5 4 0 7 _ 8 _ 
[00297745] 4 | 8 2 7 11 1 _ 5 0 7 _ 8 _ 
[00297746] 3 | 8 2 7 11 1 4 5 0 7 _ 8 _ 
[00297747] 5 | 8 2 _ 11 1 6 _ 0 7 _ 8 _ 
[00297748] 4 | 8 2 _ 11 1 6 5 0 7 _ 8 _ 
[00297749] 3 | 8 2 _ 11 1 6 5 0 7 4 8 _ 
[00297750] 3 | 8 2 _ 11 1 6 5 0 7 10 8 _ 
[00297751] 2 | 8 2 4 11 1 6 5 0 7 10 8 _ 
[00297752] 4 | 8 2 _ 11 1 6 _ 0 7 3 8 _ 
[00297753] 3 | 8 2 5 11 1 6 _ 0 7 3 8 _ 
[00297754] 3 | 8 2 _ 11 1 6 4 0 7 3 8 _ 
[00297755] 5 | 8 2 _ 11 1 _ 6 0 7 _ 8 _ 
[00297756] 4 | 8 2 _ 11 1 5 6 0 7 _ 8 _ 
[00297757] 3 | 8 2 _ 11 1 5 6 0 7 4 8 _ 
[00297758] 3 | 8 2 _ 11 1 5 6 0 7 10 8 _ 
[00297759] 2 | 8 2 4 11 1 5 6 0 7 10 8 _ 
[00297760] 4 | 8 2 _ 11 1 _ 6 0 7 3 8 _ 
[00297761] 3 | 8 2 5 11 1 _ 6 0 7 3 8 _ 
[00297762] 3 | 8 2 _ 11 1 4 6 0 7 3 8 _ 
[00297763] 5 | 8 2 _ 11 1 _ _ 0 7 2 8 _ 
[00297764] 4 | 8 2 _ 11 1 5 _ 0 7 2 8 _ 
[00297765] 3 | 8 2 _ 11 1 5 4 0 7 2 8 _ 
[00297766] 4 | 8 2 _ 11 1 _ 5 0 7 2 8 _ 
[00297767] 3 | 8 2 _ 11 1 4 5 0 7 2 8 _ 
[00297768] 6 | _ 2 8 11 1 _ _ 0 7 _ 8 _ 
[00297769] 5 | 7 2 8 11 1 _ _ 0 7 _ 8 _ 
[00297770] 4 | 7 2 8 11 1 5 _ 0 7 _ 8 _ 
[00297771] 3 | 7 2 8 11 1 5 4 0 7 _ 8 _ 
[00297772] 4 | 7 2 8 11 1 _ 5 0 7 _ 8 _ 
[00297773] 3 | 7 2 8 11 1 4 5 0 7 _ 8 _ 
[00297774] 5 | _ 2 8 11 1 6 _ 0 7 _ 8 _ 
[00297775] 4 | _ 2 8 11 1 6 5 0 7 _ 8 _ 
[00297776] 3 | _ 2 8 11 1 6 5 0 7 4 8 _ 
[00297777] 3 | _ 2 8 11 1 6 5 0 7 10 8 _ 
[00297778] 2 | 4 2 8 11 1 6 5 0 7 10 8 _ 
[00297779] 4 | _ 2 8 11 1 6 _ 0 7 3 8 _ 
[00297780] 3 | 5 2 8 11 1 6 _ 0 7 3 8 _ 
[00297781] 3 | _ 2 8 11 1 6 4 0 7 3 8 _ 
[00297782] 5 | _ 2 8 11 1 _ 6 0 7 _ 8 _ 
[00297783] 4 | _ 2 8 11 1 5 6 0 7 _ 8 _ 
[00297784] 3 | _ 2 8 11 1 5 6 0 7 4 8 _ 
[00297785] 3 | _ 2 8 11 1 5 6 0 7 10 8 _ 
[00297786] 2 | 4 2 8 11 1 5 6 0 7 10 8 _ 
[00297787] 4 | _ 2 8 11 1 _ 6 0 7 3 8 _ 
[00297788] 3 | 5 2 8 11 1 _ 6 0 7 3 8 _ 
[00297789] 3 | _ 2 8 11 1 4 6 0 7 3 8 _ 
[00297790] 5 | _ 2 8 11 1 _ _ 0 7 2 8 _ 
[00297791] 4 | _ 2 8 11 1 5 _ 0 7 2 8 _ 
[00297792] 3 | _ 2 8 11 1 5 4 0 7 2 8 _ 
[00297793] 4 | _ 2 8 11 1 _ 5 0 7 2 8 _ 
[00297794] 3 | _ 2 8 11 1 4 5 0 7 2 8 _ 
[00297795] 6 | _ 2 _ 11 1 7 _ 0 7 _ 8 _ 
[00297796] 5 | _ 2 _ 11 1 7 6 0 7 _ 8 _ 
[00297797] 4 | _ 2 _ 11 1 7 6 0 7 _ 8 4 
