[00252466] 4 | 10 2 6 0 9 _ _ 11 1 7 4 9 
[00252467] 8 | _ 2 10 0 9 _ _ 11 1 _ _ _ 
[00252468] 7 | 9 2 10 0 9 _ _ 11 1 _ _ _ 
[00252469] 6 | 9 2 10 0 9 _ _ 11 1 7 _ _ 
[00252470] 5 | 9 2 10 0 9 _ _ 11 1 7 6 _ 
[00252471] 5 | 9 2 10 0 9 _ _ 11 1 7 3 8 
[00252472] 5 | 9 2 10 0 9 _ _ 11 1 7 8 3 
[00252473] 6 | 9 2 10 0 9 _ _ 11 1 _ 5 _ 
[00252474] 5 | 9 2 10 0 9 _ _ 11 1 6 5 _ 
[00252475] 7 | _ 2 10 0 9 2 _ 11 1 _ _ _ 
[00252476] 6 | _ 2 10 0 9 2 3 11 1 _ _ _ 
[00252477] 5 | _ 2 10 0 9 2 3 11 1 6 _ _ 
[00252478] 4 | _ 2 10 0 9 2 3 11 1 6 7 _ 
[00252479] 3 | _ 2 10 0 9 2 3 11 1 6 7 4 
[00252480] 4 | _ 2 10 0 9 2 3 11 1 6 4 8 
[00252481] 4 | _ 2 10 0 9 2 3 11 1 6 8 4 
[00252482] 5 | _ 2 10 0 9 2 3 11 1 _ 6 _ 
[00252483] 4 | _ 2 10 0 9 2 3 11 1 5 6 _ 
[00252484] 6 | _ 2 10 0 9 2 _ 11 1 7 _ _ 
[00252485] 5 | _ 2 10 0 9 2 4 11 1 7 _ _ 
[00252486] 5 | _ 2 10 0 9 2 _ 11 1 7 6 _ 
[00252487] 4 | _ 2 10 0 9 2 5 11 1 7 6 _ 
[00252488] 3 | _ 2 10 0 9 2 5 11 1 7 6 3 
[00252489] 5 | _ 2 10 0 9 2 _ 11 1 7 3 8 
[00252490] 4 | _ 2 10 0 9 2 5 11 1 7 3 8 
[00252491] 5 | _ 2 10 0 9 2 _ 11 1 7 8 3 
[00252492] 4 | _ 2 10 0 9 2 5 11 1 7 8 3 
[00252493] 6 | _ 2 10 0 9 2 _ 11 1 _ 5 _ 
[00252494] 5 | _ 2 10 0 9 2 4 11 1 _ 5 _ 
[00252495] 4 | _ 2 10 0 9 2 4 11 1 5 5 _ 
[00252496] 4 | _ 2 10 0 9 2 4 11 1 _ 5 1 
[00252497] 5 | _ 2 10 0 9 2 _ 11 1 6 5 _ 
[00252498] 4 | _ 2 10 0 9 2 5 11 1 6 5 _ 
[00252499] 4 | _ 2 10 0 9 2 _ 11 1 6 5 9 
[00252500] 7 | _ 2 10 0 9 _ 2 11 1 _ _ _ 
[00252501] 6 | _ 2 10 0 9 3 2 11 1 _ _ _ 
[00252502] 5 | _ 2 10 0 9 3 2 11 1 6 _ _ 
[00252503] 4 | _ 2 10 0 9 3 2 11 1 6 7 _ 
[00252504] 3 | _ 2 10 0 9 3 2 11 1 6 7 4 
[00252505] 4 | _ 2 10 0 9 3 2 11 1 6 4 8 
[00252506] 4 | _ 2 10 0 9 3 2 11 1 6 8 4 
[00252507] 5 | _ 2 10 0 9 3 2 11 1 _ 6 _ 
[00252508] 4 | _ 2 10 0 9 3 2 11 1 5 6 _ 
[00252509] 6 | _ 2 10 0 9 _ 2 11 1 7 _ _ 
[00252510] 5 | _ 2 10 0 9 4 2 11 1 7 _ _ 
[00252511] 5 | _ 2 10 0 9 _ 2 11 1 7 6 _ 
[00252512] 4 | _ 2 10 0 9 5 2 11 1 7 6 _ 
[00252513] 3 | _ 2 10 0 9 5 2 11 1 7 6 3 
[00252514] 5 | _ 2 10 0 9 _ 2 11 1 7 3 8 
[00252515] 4 | _ 2 10 0 9 5 2 11 1 7 3 8 
[00252516] 5 | _ 2 10 0 9 _ 2 11 1 7 8 3 
[00252517] 4 | _ 2 10 0 9 5 2 11 1 7 8 3 
[00252518] 6 | _ 2 10 0 9 _ 2 11 1 _ 5 _ 
[00252519] 5 | _ 2 10 0 9 4 2 11 1 _ 5 _ 
[00252520] 4 | _ 2 10 0 9 4 2 11 1 5 5 _ 
[00252521] 4 | _ 2 10 0 9 4 2 11 1 _ 5 1 
[00252522] 5 | _ 2 10 0 9 _ 2 11 1 6 5 _ 
[00252523] 4 | _ 2 10 0 9 5 2 11 1 6 5 _ 
[00252524] 4 | _ 2 10 0 9 _ 2 11 1 6 5 9 
[00252525] 7 | _ 2 10 0 9 _ _ 11 1 8 _ _ 
[00252526] 6 | _ 2 10 0 9 3 _ 11 1 8 _ _ 
[00252527] 5 | 7 2 10 0 9 3 _ 11 1 8 _ _ 
[00252528] 4 | 7 2 10 0 9 3 5 11 1 8 _ _ 
[00252529] 5 | _ 2 10 0 9 3 4 11 1 8 _ _ 
[00252530] 4 | 6 2 10 0 9 3 4 11 1 8 _ _ 
[00252531] 4 | _ 2 10 0 9 3 4 11 1 8 7 _ 
[00252532] 3 | 5 2 10 0 9 3 4 11 1 8 7 _ 
[00252533] 5 | _ 2 10 0 9 3 _ 11 1 8 6 _ 
[00252534] 4 | 6 2 10 0 9 3 _ 11 1 8 6 _ 
[00252535] 4 | _ 2 10 0 9 3 5 11 1 8 6 _ 
[00252536] 4 | _ 2 10 0 9 3 _ 11 1 8 6 2 
[00252537] 6 | _ 2 10 0 9 _ 3 11 1 8 _ _ 
[00252538] 5 | 7 2 10 0 9 _ 3 11 1 8 _ _ 
[00252539] 4 | 7 2 10 0 9 5 3 11 1 8 _ _ 
[00252540] 5 | _ 2 10 0 9 4 3 11 1 8 _ _ 
[00252541] 4 | 6 2 10 0 9 4 3 11 1 8 _ _ 
[00252542] 4 | _ 2 10 0 9 4 3 11 1 8 7 _ 
[00252543] 3 | 5 2 10 0 9 4 3 11 1 8 7 _ 
[00252544] 5 | _ 2 10 0 9 _ 3 11 1 8 6 _ 
[00252545] 4 | 6 2 10 0 9 _ 3 11 1 8 6 _ 
[00252546] 4 | _ 2 10 0 9 5 3 11 1 8 6 _ 
[00252547] 4 | _ 2 10 0 9 _ 3 11 1 8 6 2 
[00252548] 6 | _ 2 10 0 9 _ _ 11 1 8 5 _ 
[00252549] 5 | 7 2 10 0 9 _ _ 11 1 8 5 _ 
[00252550] 4 | 7 2 10 0 9 5 _ 11 1 8 5 _ 
[00252551] 3 | 7 2 10 0 9 5 6 11 1 8 5 _ 
[00252552] 4 | 7 2 10 0 9 _ 5 11 1 8 5 _ 
[00252553] 3 | 7 2 10 0 9 6 5 11 1 8 5 _ 
[00252554] 4 | 7 2 10 0 9 _ _ 11 1 8 5 9 
[00252555] 5 | _ 2 10 0 9 4 _ 11 1 8 5 _ 
[00252556] 4 | 6 2 10 0 9 4 _ 11 1 8 5 _ 
[00252557] 4 | _ 2 10 0 9 4 5 11 1 8 5 _ 
[00252558] 4 | _ 2 10 0 9 4 _ 11 1 8 5 9 
[00252559] 5 | _ 2 10 0 9 _ 4 11 1 8 5 _ 
[00252560] 4 | 6 2 10 0 9 _ 4 11 1 8 5 _ 
[00252561] 4 | _ 2 10 0 9 5 4 11 1 8 5 _ 
[00252562] 4 | _ 2 10 0 9 _ 4 11 1 8 5 9 
[00252563] 7 | _ 2 10 0 9 _ _ 11 1 _ 4 _ 
[00252564] 6 | 8 2 10 0 9 _ _ 11 1 _ 4 _ 
[00252565] 5 | 8 2 10 0 9 4 _ 11 1 _ 4 _ 
[00252566] 4 | 8 2 10 0 9 4 5 11 1 _ 4 _ 
[00252567] 4 | 8 2 10 0 9 4 _ 11 1 5 4 _ 
[00252568] 3 | 8 2 10 0 9 4 6 11 1 5 4 _ 
[00252569] 5 | 8 2 10 0 9 _ 4 11 1 _ 4 _ 
[00252570] 4 | 8 2 10 0 9 5 4 11 1 _ 4 _ 
[00252571] 4 | 8 2 10 0 9 _ 4 11 1 5 4 _ 
[00252572] 3 | 8 2 10 0 9 6 4 11 1 5 4 _ 
[00252573] 5 | 8 2 10 0 9 _ _ 11 1 6 4 _ 
[00252574] 4 | 8 2 10 0 9 5 _ 11 1 6 4 _ 
[00252575] 3 | 8 2 10 0 9 5 _ 11 1 6 4 7 
[00252576] 4 | 8 2 10 0 9 _ 5 11 1 6 4 _ 
[00252577] 3 | 8 2 10 0 9 _ 5 11 1 6 4 7 
[00252578] 5 | 8 2 10 0 9 _ _ 11 1 _ 4 9 
[00252579] 4 | 8 2 10 0 9 _ _ 11 1 5 4 9 
[00252580] 6 | _ 2 10 0 9 3 _ 11 1 _ 4 _ 
[00252581] 5 | 7 2 10 0 9 3 _ 11 1 _ 4 _ 
[00252582] 4 | 7 2 10 0 9 3 5 11 1 _ 4 _ 
[00252583] 3 | 7 2 10 0 9 3 5 11 1 4 4 _ 
[00252584] 3 | 7 2 10 0 9 3 5 11 1 _ 4 1 
[00252585] 4 | 7 2 10 0 9 3 _ 11 1 5 4 _ 
[00252586] 3 | 7 2 10 0 9 3 6 11 1 5 4 _ 
[00252587] 4 | 7 2 10 0 9 3 _ 11 1 _ 4 8 
[00252588] 3 | 7 2 10 0 9 3 6 11 1 _ 4 8 
[00252589] 5 | _ 2 10 0 9 3 4 11 1 _ 4 _ 
[00252590] 4 | 6 2 10 0 9 3 4 11 1 _ 4 _ 
[00252591] 4 | _ 2 10 0 9 3 4 11 1 5 4 _ 
[00252592] 5 | _ 2 10 0 9 3 _ 11 1 6 4 _ 
[00252593] 4 | _ 2 10 0 9 3 5 11 1 6 4 _ 
[00252594] 3 | _ 2 10 0 9 3 5 11 1 6 4 7 
[00252595] 4 | _ 2 10 0 9 3 _ 11 1 6 4 8 
[00252596] 3 | 5 2 10 0 9 3 _ 11 1 6 4 8 
[00252597] 2 | 5 2 10 0 9 3 7 11 1 6 4 8 
[00252598] 5 | _ 2 10 0 9 3 _ 11 1 _ 4 9 
[00252599] 4 | 6 2 10 0 9 3 _ 11 1 _ 4 9 
[00252600] 4 | _ 2 10 0 9 3 _ 11 1 5 4 9 
[00252601] 6 | _ 2 10 0 9 _ 3 11 1 _ 4 _ 
[00252602] 5 | 7 2 10 0 9 _ 3 11 1 _ 4 _ 
[00252603] 4 | 7 2 10 0 9 5 3 11 1 _ 4 _ 
[00252604] 3 | 7 2 10 0 9 5 3 11 1 4 4 _ 
[00252605] 3 | 7 2 10 0 9 5 3 11 1 _ 4 1 
[00252606] 4 | 7 2 10 0 9 _ 3 11 1 5 4 _ 
[00252607] 3 | 7 2 10 0 9 6 3 11 1 5 4 _ 
[00252608] 4 | 7 2 10 0 9 _ 3 11 1 _ 4 8 
[00252609] 3 | 7 2 10 0 9 6 3 11 1 _ 4 8 
[00252610] 5 | _ 2 10 0 9 4 3 11 1 _ 4 _ 
[00252611] 4 | 6 2 10 0 9 4 3 11 1 _ 4 _ 
[00252612] 4 | _ 2 10 0 9 4 3 11 1 5 4 _ 
[00252613] 5 | _ 2 10 0 9 _ 3 11 1 6 4 _ 
[00252614] 4 | _ 2 10 0 9 5 3 11 1 6 4 _ 
[00252615] 3 | _ 2 10 0 9 5 3 11 1 6 4 7 
[00252616] 4 | _ 2 10 0 9 _ 3 11 1 6 4 8 
[00252617] 3 | 5 2 10 0 9 _ 3 11 1 6 4 8 
[00252618] 2 | 5 2 10 0 9 7 3 11 1 6 4 8 
[00252619] 5 | _ 2 10 0 9 _ 3 11 1 _ 4 9 
[00252620] 4 | 6 2 10 0 9 _ 3 11 1 _ 4 9 
[00252621] 4 | _ 2 10 0 9 _ 3 11 1 5 4 9 
[00252622] 6 | _ 2 10 0 9 _ _ 11 1 7 4 _ 
[00252623] 5 | _ 2 10 0 9 4 _ 11 1 7 4 _ 
[00252624] 4 | 6 2 10 0 9 4 _ 11 1 7 4 _ 
[00252625] 4 | _ 2 10 0 9 4 5 11 1 7 4 _ 
[00252626] 5 | _ 2 10 0 9 _ 4 11 1 7 4 _ 
[00252627] 4 | 6 2 10 0 9 _ 4 11 1 7 4 _ 
[00252628] 4 | _ 2 10 0 9 5 4 11 1 7 4 _ 
[00252629] 5 | _ 2 10 0 9 _ _ 11 1 7 4 9 
[00252630] 4 | 6 2 10 0 9 _ _ 11 1 7 4 9 
[00252631] 8 | _ 10 2 0 9 _ _ 11 1 _ _ _ 
[00252632] 8 | _ 8 _ 0 9 _ _ 11 1 _ _ _ 
[00252633] 7 | 1 8 _ 0 9 _ _ 11 1 _ _ _ 
[00252634] 6 | 1 8 2 0 9 _ _ 11 1 _ _ _ 
[00252635] 5 | 1 8 2 0 9 4 _ 11 1 _ _ _ 
[00252636] 4 | 1 8 2 0 9 4 5 11 1 _ _ _ 
[00252637] 3 | 1 8 2 0 9 4 5 11 1 _ 3 6 
[00252638] 3 | 1 8 2 0 9 4 5 11 1 _ 7 10 
[00252639] 3 | 1 8 2 0 9 4 5 11 1 _ 6 3 
[00252640] 3 | 1 8 2 0 9 4 5 11 1 _ 10 7 
[00252641] 4 | 1 8 2 0 9 4 _ 11 1 _ 7 _ 
[00252642] 3 | 1 8 2 0 9 4 6 11 1 _ 7 _ 
[00252643] 2 | 1 8 2 0 9 4 6 11 1 _ 7 5 
[00252644] 3 | 1 8 2 0 9 4 _ 11 1 _ 7 10 
[00252645] 4 | 1 8 2 0 9 4 _ 11 1 _ 3 7 
[00252646] 3 | 1 8 2 0 9 4 6 11 1 _ 3 7 
[00252647] 4 | 1 8 2 0 9 4 _ 11 1 _ 6 10 
[00252648] 4 | 1 8 2 0 9 4 _ 11 1 _ 7 3 
[00252649] 3 | 1 8 2 0 9 4 6 11 1 _ 7 3 
[00252650] 4 | 1 8 2 0 9 4 _ 11 1 _ 10 6 
[00252651] 5 | 1 8 2 0 9 _ 4 11 1 _ _ _ 
[00252652] 4 | 1 8 2 0 9 5 4 11 1 _ _ _ 
[00252653] 3 | 1 8 2 0 9 5 4 11 1 _ 3 6 
[00252654] 3 | 1 8 2 0 9 5 4 11 1 _ 7 10 
[00252655] 3 | 1 8 2 0 9 5 4 11 1 _ 6 3 
[00252656] 3 | 1 8 2 0 9 5 4 11 1 _ 10 7 
[00252657] 4 | 1 8 2 0 9 _ 4 11 1 _ 7 _ 
[00252658] 3 | 1 8 2 0 9 6 4 11 1 _ 7 _ 
[00252659] 2 | 1 8 2 0 9 6 4 11 1 _ 7 5 
[00252660] 3 | 1 8 2 0 9 _ 4 11 1 _ 7 10 
[00252661] 4 | 1 8 2 0 9 _ 4 11 1 _ 3 7 
[00252662] 3 | 1 8 2 0 9 6 4 11 1 _ 3 7 
[00252663] 4 | 1 8 2 0 9 _ 4 11 1 _ 6 10 
[00252664] 4 | 1 8 2 0 9 _ 4 11 1 _ 7 3 
[00252665] 3 | 1 8 2 0 9 6 4 11 1 _ 7 3 
[00252666] 4 | 1 8 2 0 9 _ 4 11 1 _ 10 6 
[00252667] 5 | 1 8 2 0 9 _ _ 11 1 _ 6 _ 
[00252668] 4 | 1 8 2 0 9 5 _ 11 1 _ 6 _ 
[00252669] 3 | 1 8 2 0 9 5 6 11 1 _ 6 _ 
[00252670] 3 | 1 8 2 0 9 5 _ 11 1 _ 6 3 
[00252671] 2 | 1 8 2 0 9 5 7 11 1 _ 6 3 
[00252672] 3 | 1 8 2 0 9 5 _ 11 1 _ 6 9 
[00252673] 4 | 1 8 2 0 9 _ 5 11 1 _ 6 _ 
[00252674] 3 | 1 8 2 0 9 6 5 11 1 _ 6 _ 
[00252675] 3 | 1 8 2 0 9 _ 5 11 1 _ 6 3 
[00252676] 2 | 1 8 2 0 9 7 5 11 1 _ 6 3 
[00252677] 3 | 1 8 2 0 9 _ 5 11 1 _ 6 9 
[00252678] 4 | 1 8 2 0 9 _ _ 11 1 _ 6 10 
[00252679] 5 | 1 8 2 0 9 _ _ 11 1 _ 5 10 
[00252680] 5 | 1 8 2 0 9 _ _ 11 1 _ 10 5 
[00252681] 6 | 1 8 _ 0 9 3 _ 11 1 _ _ _ 
[00252682] 5 | 1 8 _ 0 9 3 4 11 1 _ _ _ 
[00252683] 4 | 1 8 _ 0 9 3 4 11 1 _ 7 _ 
[00252684] 3 | 1 8 5 0 9 3 4 11 1 _ 7 _ 
[00252685] 3 | 1 8 _ 0 9 3 4 11 1 _ 7 10 
[00252686] 2 | 1 8 6 0 9 3 4 11 1 _ 7 10 
[00252687] 4 | 1 8 _ 0 9 3 4 11 1 _ 2 6 
[00252688] 3 | 1 8 5 0 9 3 4 11 1 _ 2 6 
[00252689] 4 | 1 8 _ 0 9 3 4 11 1 _ 6 10 
[00252690] 3 | 1 8 5 0 9 3 4 11 1 _ 6 10 
[00252691] 4 | 1 8 _ 0 9 3 4 11 1 _ 6 2 
[00252692] 3 | 1 8 5 0 9 3 4 11 1 _ 6 2 
[00252693] 4 | 1 8 _ 0 9 3 4 11 1 _ 10 6 
[00252694] 3 | 1 8 5 0 9 3 4 11 1 _ 10 6 
[00252695] 5 | 1 8 _ 0 9 3 _ 11 1 _ 6 _ 
[00252696] 4 | 1 8 4 0 9 3 _ 11 1 _ 6 _ 
[00252697] 3 | 1 8 4 0 9 3 6 11 1 _ 6 _ 
[00252698] 3 | 1 8 4 0 9 3 _ 11 1 _ 6 9 
[00252699] 4 | 1 8 _ 0 9 3 5 11 1 _ 6 _ 
[00252700] 4 | 1 8 _ 0 9 3 _ 11 1 _ 6 2 
[00252701] 3 | 1 8 5 0 9 3 _ 11 1 _ 6 2 
[00252702] 2 | 1 8 5 0 9 3 7 11 1 _ 6 2 
[00252703] 4 | 1 8 _ 0 9 3 _ 11 1 _ 6 10 
[00252704] 3 | 1 8 5 0 9 3 _ 11 1 _ 6 10 
[00252705] 2 | 1 8 5 0 9 3 7 11 1 _ 6 10 
[00252706] 5 | 1 8 _ 0 9 3 _ 11 1 _ 2 7 
[00252707] 4 | 1 8 4 0 9 3 _ 11 1 _ 2 7 
[00252708] 3 | 1 8 4 0 9 3 6 11 1 _ 2 7 
[00252709] 4 | 1 8 _ 0 9 3 5 11 1 _ 2 7 
[00252710] 5 | 1 8 _ 0 9 3 _ 11 1 _ 5 10 
[00252711] 4 | 1 8 4 0 9 3 _ 11 1 _ 5 10 
[00252712] 3 | 1 8 4 0 9 3 6 11 1 _ 5 10 
[00252713] 5 | 1 8 _ 0 9 3 _ 11 1 _ 7 2 
[00252714] 4 | 1 8 4 0 9 3 _ 11 1 _ 7 2 
[00252715] 3 | 1 8 4 0 9 3 6 11 1 _ 7 2 
[00252716] 4 | 1 8 _ 0 9 3 5 11 1 _ 7 2 
[00252717] 5 | 1 8 _ 0 9 3 _ 11 1 _ 10 5 
[00252718] 4 | 1 8 4 0 9 3 _ 11 1 _ 10 5 
[00252719] 3 | 1 8 4 0 9 3 6 11 1 _ 10 5 
[00252720] 6 | 1 8 _ 0 9 _ 3 11 1 _ _ _ 
[00252721] 5 | 1 8 _ 0 9 4 3 11 1 _ _ _ 
[00252722] 4 | 1 8 _ 0 9 4 3 11 1 _ 7 _ 
[00252723] 3 | 1 8 5 0 9 4 3 11 1 _ 7 _ 
[00252724] 3 | 1 8 _ 0 9 4 3 11 1 _ 7 10 
[00252725] 2 | 1 8 6 0 9 4 3 11 1 _ 7 10 
[00252726] 4 | 1 8 _ 0 9 4 3 11 1 _ 2 6 
[00252727] 3 | 1 8 5 0 9 4 3 11 1 _ 2 6 
[00252728] 4 | 1 8 _ 0 9 4 3 11 1 _ 6 10 
[00252729] 3 | 1 8 5 0 9 4 3 11 1 _ 6 10 
[00252730] 4 | 1 8 _ 0 9 4 3 11 1 _ 6 2 
[00252731] 3 | 1 8 5 0 9 4 3 11 1 _ 6 2 
[00252732] 4 | 1 8 _ 0 9 4 3 11 1 _ 10 6 
[00252733] 3 | 1 8 5 0 9 4 3 11 1 _ 10 6 
[00252734] 5 | 1 8 _ 0 9 _ 3 11 1 _ 6 _ 
[00252735] 4 | 1 8 4 0 9 _ 3 11 1 _ 6 _ 
[00252736] 3 | 1 8 4 0 9 6 3 11 1 _ 6 _ 
[00252737] 3 | 1 8 4 0 9 _ 3 11 1 _ 6 9 
[00252738] 4 | 1 8 _ 0 9 5 3 11 1 _ 6 _ 
[00252739] 4 | 1 8 _ 0 9 _ 3 11 1 _ 6 2 
[00252740] 3 | 1 8 5 0 9 _ 3 11 1 _ 6 2 
[00252741] 2 | 1 8 5 0 9 7 3 11 1 _ 6 2 
[00252742] 4 | 1 8 _ 0 9 _ 3 11 1 _ 6 10 
[00252743] 3 | 1 8 5 0 9 _ 3 11 1 _ 6 10 
[00252744] 2 | 1 8 5 0 9 7 3 11 1 _ 6 10 
[00252745] 5 | 1 8 _ 0 9 _ 3 11 1 _ 2 7 
[00252746] 4 | 1 8 4 0 9 _ 3 11 1 _ 2 7 
[00252747] 3 | 1 8 4 0 9 6 3 11 1 _ 2 7 
[00252748] 4 | 1 8 _ 0 9 5 3 11 1 _ 2 7 
[00252749] 5 | 1 8 _ 0 9 _ 3 11 1 _ 5 10 
[00252750] 4 | 1 8 4 0 9 _ 3 11 1 _ 5 10 
[00252751] 3 | 1 8 4 0 9 6 3 11 1 _ 5 10 
[00252752] 5 | 1 8 _ 0 9 _ 3 11 1 _ 7 2 
[00252753] 4 | 1 8 4 0 9 _ 3 11 1 _ 7 2 
[00252754] 3 | 1 8 4 0 9 6 3 11 1 _ 7 2 
[00252755] 4 | 1 8 _ 0 9 5 3 11 1 _ 7 2 
[00252756] 5 | 1 8 _ 0 9 _ 3 11 1 _ 10 5 
[00252757] 4 | 1 8 4 0 9 _ 3 11 1 _ 10 5 
[00252758] 3 | 1 8 4 0 9 6 3 11 1 _ 10 5 
[00252759] 6 | 1 8 _ 0 9 _ _ 11 1 _ 5 _ 
[00252760] 5 | 1 8 3 0 9 _ _ 11 1 _ 5 _ 
[00252761] 4 | 1 8 3 0 9 5 _ 11 1 _ 5 _ 
[00252762] 3 | 1 8 3 0 9 5 6 11 1 _ 5 _ 
[00252763] 4 | 1 8 3 0 9 _ 5 11 1 _ 5 _ 
[00252764] 3 | 1 8 3 0 9 6 5 11 1 _ 5 _ 
[00252765] 4 | 1 8 3 0 9 _ _ 11 1 _ 5 9 
[00252766] 5 | 1 8 _ 0 9 4 _ 11 1 _ 5 _ 
[00252767] 4 | 1 8 _ 0 9 4 5 11 1 _ 5 _ 
[00252768] 4 | 1 8 _ 0 9 4 _ 11 1 _ 5 9 
[00252769] 5 | 1 8 _ 0 9 _ 4 11 1 _ 5 _ 
[00252770] 4 | 1 8 _ 0 9 5 4 11 1 _ 5 _ 
[00252771] 4 | 1 8 _ 0 9 _ 4 11 1 _ 5 9 
[00252772] 5 | 1 8 _ 0 9 _ _ 11 1 _ 5 10 
[00252773] 4 | 1 8 4 0 9 _ _ 11 1 _ 5 10 
[00252774] 3 | 1 8 4 0 9 6 _ 11 1 _ 5 10 
[00252775] 2 | 1 8 4 0 9 6 7 11 1 _ 5 10 
[00252776] 3 | 1 8 4 0 9 _ 6 11 1 _ 5 10 
[00252777] 2 | 1 8 4 0 9 7 6 11 1 _ 5 10 
[00252778] 6 | 1 8 _ 0 9 _ _ 11 1 _ 4 10 
[00252779] 5 | 1 8 3 0 9 _ _ 11 1 _ 4 10 
[00252780] 4 | 1 8 3 0 9 5 _ 11 1 _ 4 10 
[00252781] 3 | 1 8 3 0 9 5 6 11 1 _ 4 10 
[00252782] 4 | 1 8 3 0 9 _ 5 11 1 _ 4 10 
[00252783] 3 | 1 8 3 0 9 6 5 11 1 _ 4 10 
[00252784] 6 | 1 8 _ 0 9 _ _ 11 1 _ 10 4 
[00252785] 5 | 1 8 3 0 9 _ _ 11 1 _ 10 4 
[00252786] 4 | 1 8 3 0 9 5 _ 11 1 _ 10 4 
[00252787] 3 | 1 8 3 0 9 5 6 11 1 _ 10 4 
[00252788] 4 | 1 8 3 0 9 _ 5 11 1 _ 10 4 
[00252789] 3 | 1 8 3 0 9 6 5 11 1 _ 10 4 
[00252790] 7 | _ 8 1 0 9 _ _ 11 1 _ _ _ 
[00252791] 6 | 2 8 1 0 9 _ _ 11 1 _ _ _ 
[00252792] 5 | 2 8 1 0 9 4 _ 11 1 _ _ _ 
[00252793] 4 | 2 8 1 0 9 4 5 11 1 _ _ _ 
[00252794] 3 | 2 8 1 0 9 4 5 11 1 _ 3 6 
[00252795] 3 | 2 8 1 0 9 4 5 11 1 _ 7 10 
[00252796] 3 | 2 8 1 0 9 4 5 11 1 _ 6 3 
[00252797] 3 | 2 8 1 0 9 4 5 11 1 _ 10 7 
[00252798] 4 | 2 8 1 0 9 4 _ 11 1 _ 7 _ 
[00252799] 3 | 2 8 1 0 9 4 6 11 1 _ 7 _ 
[00252800] 2 | 2 8 1 0 9 4 6 11 1 _ 7 5 
[00252801] 3 | 2 8 1 0 9 4 _ 11 1 _ 7 10 
[00252802] 4 | 2 8 1 0 9 4 _ 11 1 _ 3 7 
[00252803] 3 | 2 8 1 0 9 4 6 11 1 _ 3 7 
[00252804] 4 | 2 8 1 0 9 4 _ 11 1 _ 6 10 
[00252805] 4 | 2 8 1 0 9 4 _ 11 1 _ 7 3 
[00252806] 3 | 2 8 1 0 9 4 6 11 1 _ 7 3 
[00252807] 4 | 2 8 1 0 9 4 _ 11 1 _ 10 6 
[00252808] 5 | 2 8 1 0 9 _ 4 11 1 _ _ _ 
[00252809] 4 | 2 8 1 0 9 5 4 11 1 _ _ _ 
[00252810] 3 | 2 8 1 0 9 5 4 11 1 _ 3 6 
[00252811] 3 | 2 8 1 0 9 5 4 11 1 _ 7 10 
[00252812] 3 | 2 8 1 0 9 5 4 11 1 _ 6 3 
[00252813] 3 | 2 8 1 0 9 5 4 11 1 _ 10 7 
[00252814] 4 | 2 8 1 0 9 _ 4 11 1 _ 7 _ 
[00252815] 3 | 2 8 1 0 9 6 4 11 1 _ 7 _ 
[00252816] 2 | 2 8 1 0 9 6 4 11 1 _ 7 5 
[00252817] 3 | 2 8 1 0 9 _ 4 11 1 _ 7 10 
[00252818] 4 | 2 8 1 0 9 _ 4 11 1 _ 3 7 
[00252819] 3 | 2 8 1 0 9 6 4 11 1 _ 3 7 
[00252820] 4 | 2 8 1 0 9 _ 4 11 1 _ 6 10 
[00252821] 4 | 2 8 1 0 9 _ 4 11 1 _ 7 3 
[00252822] 3 | 2 8 1 0 9 6 4 11 1 _ 7 3 
[00252823] 4 | 2 8 1 0 9 _ 4 11 1 _ 10 6 
[00252824] 5 | 2 8 1 0 9 _ _ 11 1 _ 6 _ 
[00252825] 4 | 2 8 1 0 9 5 _ 11 1 _ 6 _ 
[00252826] 3 | 2 8 1 0 9 5 6 11 1 _ 6 _ 
[00252827] 3 | 2 8 1 0 9 5 _ 11 1 _ 6 3 
[00252828] 2 | 2 8 1 0 9 5 7 11 1 _ 6 3 
[00252829] 3 | 2 8 1 0 9 5 _ 11 1 _ 6 9 
[00252830] 4 | 2 8 1 0 9 _ 5 11 1 _ 6 _ 
[00252831] 3 | 2 8 1 0 9 6 5 11 1 _ 6 _ 
[00252832] 3 | 2 8 1 0 9 _ 5 11 1 _ 6 3 
[00252833] 2 | 2 8 1 0 9 7 5 11 1 _ 6 3 
[00252834] 3 | 2 8 1 0 9 _ 5 11 1 _ 6 9 
[00252835] 4 | 2 8 1 0 9 _ _ 11 1 _ 6 10 
[00252836] 5 | 2 8 1 0 9 _ _ 11 1 _ 5 10 
[00252837] 5 | 2 8 1 0 9 _ _ 11 1 _ 10 5 
[00252838] 6 | _ 8 1 0 9 3 _ 11 1 _ _ _ 
[00252839] 5 | _ 8 1 0 9 3 4 11 1 _ _ _ 
[00252840] 4 | _ 8 1 0 9 3 4 11 1 _ 7 _ 
[00252841] 3 | 5 8 1 0 9 3 4 11 1 _ 7 _ 
[00252842] 3 | _ 8 1 0 9 3 4 11 1 _ 7 10 
[00252843] 2 | 6 8 1 0 9 3 4 11 1 _ 7 10 
[00252844] 4 | _ 8 1 0 9 3 4 11 1 _ 2 6 
[00252845] 3 | 5 8 1 0 9 3 4 11 1 _ 2 6 
[00252846] 4 | _ 8 1 0 9 3 4 11 1 _ 6 10 
[00252847] 3 | 5 8 1 0 9 3 4 11 1 _ 6 10 
[00252848] 4 | _ 8 1 0 9 3 4 11 1 _ 6 2 
[00252849] 3 | 5 8 1 0 9 3 4 11 1 _ 6 2 
[00252850] 4 | _ 8 1 0 9 3 4 11 1 _ 10 6 
[00252851] 3 | 5 8 1 0 9 3 4 11 1 _ 10 6 
[00252852] 5 | _ 8 1 0 9 3 _ 11 1 _ 6 _ 
[00252853] 4 | 4 8 1 0 9 3 _ 11 1 _ 6 _ 
[00252854] 3 | 4 8 1 0 9 3 6 11 1 _ 6 _ 
[00252855] 3 | 4 8 1 0 9 3 _ 11 1 _ 6 9 
[00252856] 4 | _ 8 1 0 9 3 5 11 1 _ 6 _ 
[00252857] 4 | _ 8 1 0 9 3 _ 11 1 _ 6 2 
[00252858] 3 | 5 8 1 0 9 3 _ 11 1 _ 6 2 
[00252859] 2 | 5 8 1 0 9 3 7 11 1 _ 6 2 
[00252860] 4 | _ 8 1 0 9 3 _ 11 1 _ 6 10 
[00252861] 3 | 5 8 1 0 9 3 _ 11 1 _ 6 10 
[00252862] 2 | 5 8 1 0 9 3 7 11 1 _ 6 10 
[00252863] 5 | _ 8 1 0 9 3 _ 11 1 _ 2 7 
[00252864] 4 | 4 8 1 0 9 3 _ 11 1 _ 2 7 
[00252865] 3 | 4 8 1 0 9 3 6 11 1 _ 2 7 
[00252866] 4 | _ 8 1 0 9 3 5 11 1 _ 2 7 
[00252867] 5 | _ 8 1 0 9 3 _ 11 1 _ 5 10 
[00252868] 4 | 4 8 1 0 9 3 _ 11 1 _ 5 10 
[00252869] 3 | 4 8 1 0 9 3 6 11 1 _ 5 10 
[00252870] 5 | _ 8 1 0 9 3 _ 11 1 _ 7 2 
[00252871] 4 | 4 8 1 0 9 3 _ 11 1 _ 7 2 
[00252872] 3 | 4 8 1 0 9 3 6 11 1 _ 7 2 
[00252873] 4 | _ 8 1 0 9 3 5 11 1 _ 7 2 
[00252874] 5 | _ 8 1 0 9 3 _ 11 1 _ 10 5 
[00252875] 4 | 4 8 1 0 9 3 _ 11 1 _ 10 5 
[00252876] 3 | 4 8 1 0 9 3 6 11 1 _ 10 5 
[00252877] 6 | _ 8 1 0 9 _ 3 11 1 _ _ _ 
[00252878] 5 | _ 8 1 0 9 4 3 11 1 _ _ _ 
[00252879] 4 | _ 8 1 0 9 4 3 11 1 _ 7 _ 
[00252880] 3 | 5 8 1 0 9 4 3 11 1 _ 7 _ 
[00252881] 3 | _ 8 1 0 9 4 3 11 1 _ 7 10 
[00252882] 2 | 6 8 1 0 9 4 3 11 1 _ 7 10 
[00252883] 4 | _ 8 1 0 9 4 3 11 1 _ 2 6 
[00252884] 3 | 5 8 1 0 9 4 3 11 1 _ 2 6 
[00252885] 4 | _ 8 1 0 9 4 3 11 1 _ 6 10 
[00252886] 3 | 5 8 1 0 9 4 3 11 1 _ 6 10 
[00252887] 4 | _ 8 1 0 9 4 3 11 1 _ 6 2 
[00252888] 3 | 5 8 1 0 9 4 3 11 1 _ 6 2 
[00252889] 4 | _ 8 1 0 9 4 3 11 1 _ 10 6 
[00252890] 3 | 5 8 1 0 9 4 3 11 1 _ 10 6 
[00252891] 5 | _ 8 1 0 9 _ 3 11 1 _ 6 _ 
[00252892] 4 | 4 8 1 0 9 _ 3 11 1 _ 6 _ 
[00252893] 3 | 4 8 1 0 9 6 3 11 1 _ 6 _ 
[00252894] 3 | 4 8 1 0 9 _ 3 11 1 _ 6 9 
[00252895] 4 | _ 8 1 0 9 5 3 11 1 _ 6 _ 
[00252896] 4 | _ 8 1 0 9 _ 3 11 1 _ 6 2 
[00252897] 3 | 5 8 1 0 9 _ 3 11 1 _ 6 2 
[00252898] 2 | 5 8 1 0 9 7 3 11 1 _ 6 2 
[00252899] 4 | _ 8 1 0 9 _ 3 11 1 _ 6 10 
[00252900] 3 | 5 8 1 0 9 _ 3 11 1 _ 6 10 
[00252901] 2 | 5 8 1 0 9 7 3 11 1 _ 6 10 
[00252902] 5 | _ 8 1 0 9 _ 3 11 1 _ 2 7 
[00252903] 4 | 4 8 1 0 9 _ 3 11 1 _ 2 7 
[00252904] 3 | 4 8 1 0 9 6 3 11 1 _ 2 7 
[00252905] 4 | _ 8 1 0 9 5 3 11 1 _ 2 7 
[00252906] 5 | _ 8 1 0 9 _ 3 11 1 _ 5 10 
[00252907] 4 | 4 8 1 0 9 _ 3 11 1 _ 5 10 
[00252908] 3 | 4 8 1 0 9 6 3 11 1 _ 5 10 
[00252909] 5 | _ 8 1 0 9 _ 3 11 1 _ 7 2 
[00252910] 4 | 4 8 1 0 9 _ 3 11 1 _ 7 2 
[00252911] 3 | 4 8 1 0 9 6 3 11 1 _ 7 2 
[00252912] 4 | _ 8 1 0 9 5 3 11 1 _ 7 2 
[00252913] 5 | _ 8 1 0 9 _ 3 11 1 _ 10 5 
[00252914] 4 | 4 8 1 0 9 _ 3 11 1 _ 10 5 
[00252915] 3 | 4 8 1 0 9 6 3 11 1 _ 10 5 
[00252916] 6 | _ 8 1 0 9 _ _ 11 1 _ 5 _ 
[00252917] 5 | 3 8 1 0 9 _ _ 11 1 _ 5 _ 
[00252918] 4 | 3 8 1 0 9 5 _ 11 1 _ 5 _ 
[00252919] 3 | 3 8 1 0 9 5 6 11 1 _ 5 _ 
[00252920] 4 | 3 8 1 0 9 _ 5 11 1 _ 5 _ 
[00252921] 3 | 3 8 1 0 9 6 5 11 1 _ 5 _ 
[00252922] 4 | 3 8 1 0 9 _ _ 11 1 _ 5 9 
[00252923] 5 | _ 8 1 0 9 4 _ 11 1 _ 5 _ 
[00252924] 4 | _ 8 1 0 9 4 5 11 1 _ 5 _ 
[00252925] 4 | _ 8 1 0 9 4 _ 11 1 _ 5 9 
[00252926] 5 | _ 8 1 0 9 _ 4 11 1 _ 5 _ 
[00252927] 4 | _ 8 1 0 9 5 4 11 1 _ 5 _ 
[00252928] 4 | _ 8 1 0 9 _ 4 11 1 _ 5 9 
[00252929] 5 | _ 8 1 0 9 _ _ 11 1 _ 5 10 
[00252930] 4 | 4 8 1 0 9 _ _ 11 1 _ 5 10 
[00252931] 3 | 4 8 1 0 9 6 _ 11 1 _ 5 10 
[00252932] 2 | 4 8 1 0 9 6 7 11 1 _ 5 10 
[00252933] 3 | 4 8 1 0 9 _ 6 11 1 _ 5 10 
[00252934] 2 | 4 8 1 0 9 7 6 11 1 _ 5 10 
[00252935] 6 | _ 8 1 0 9 _ _ 11 1 _ 4 10 
[00252936] 5 | 3 8 1 0 9 _ _ 11 1 _ 4 10 
[00252937] 4 | 3 8 1 0 9 5 _ 11 1 _ 4 10 
[00252938] 3 | 3 8 1 0 9 5 6 11 1 _ 4 10 
[00252939] 4 | 3 8 1 0 9 _ 5 11 1 _ 4 10 
[00252940] 3 | 3 8 1 0 9 6 5 11 1 _ 4 10 
[00252941] 6 | _ 8 1 0 9 _ _ 11 1 _ 10 4 
[00252942] 5 | 3 8 1 0 9 _ _ 11 1 _ 10 4 
[00252943] 4 | 3 8 1 0 9 5 _ 11 1 _ 10 4 
[00252944] 3 | 3 8 1 0 9 5 6 11 1 _ 10 4 
[00252945] 4 | 3 8 1 0 9 _ 5 11 1 _ 10 4 
[00252946] 3 | 3 8 1 0 9 6 5 11 1 _ 10 4 
[00252947] 7 | _ 8 _ 0 9 2 _ 11 1 _ _ _ 
[00252948] 6 | _ 8 _ 0 9 2 3 11 1 _ _ _ 
[00252949] 5 | _ 8 _ 0 9 2 3 11 1 6 _ _ 
[00252950] 4 | 4 8 _ 0 9 2 3 11 1 6 _ _ 
[00252951] 3 | 4 8 5 0 9 2 3 11 1 6 _ _ 
[00252952] 3 | 4 8 11 0 9 2 3 11 1 6 _ _ 
[00252953] 2 | 4 8 11 0 9 2 3 11 1 6 5 7 
[00252954] 2 | 4 8 11 0 9 2 3 11 1 6 7 5 
[00252955] 3 | 4 8 _ 0 9 2 3 11 1 6 8 _ 
[00252956] 2 | 4 8 10 0 9 2 3 11 1 6 8 _ 
[00252957] 2 | 4 8 _ 0 9 2 3 11 1 6 8 10 
[00252958] 3 | 4 8 _ 0 9 2 3 11 1 6 7 10 
[00252959] 3 | 4 8 _ 0 9 2 3 11 1 6 10 7 
[00252960] 4 | _ 8 4 0 9 2 3 11 1 6 _ _ 
[00252961] 3 | 5 8 4 0 9 2 3 11 1 6 _ _ 
[00252962] 3 | 11 8 4 0 9 2 3 11 1 6 _ _ 
[00252963] 2 | 11 8 4 0 9 2 3 11 1 6 5 7 
[00252964] 2 | 11 8 4 0 9 2 3 11 1 6 7 5 
[00252965] 3 | _ 8 4 0 9 2 3 11 1 6 8 _ 
