[00356024] 4 | _ 7 _ 1 10 2 5 11 0 _ 4 8 
[00356025] 3 | _ 7 _ 1 10 2 5 11 0 3 4 8 
[00356026] 2 | 9 7 _ 1 10 2 5 11 0 3 4 8 
[00356027] 1 | 9 7 6 1 10 2 5 11 0 3 4 8  *Graceful*
[00356027] 2 | _ 7 9 1 10 2 5 11 0 3 4 8 
[00356028] 1 | 6 7 9 1 10 2 5 11 0 3 4 8  *Graceful*
[00356028] 5 | _ 7 _ 1 10 2 _ 11 0 5 4 _ 
[00356029] 4 | 3 7 _ 1 10 2 _ 11 0 5 4 _ 
[00356030] 3 | 3 7 4 1 10 2 _ 11 0 5 4 _ 
[00356031] 2 | 3 7 4 1 10 2 8 11 0 5 4 _ 
[00356032] 3 | 3 7 10 1 10 2 _ 11 0 5 4 _ 
[00356033] 2 | 3 7 10 1 10 2 _ 11 0 5 4 6 
[00356034] 3 | 3 7 _ 1 10 2 7 11 0 5 4 _ 
[00356035] 2 | 3 7 _ 1 10 2 7 11 0 5 4 6 
[00356036] 3 | 3 7 _ 1 10 2 _ 11 0 5 4 7 
[00356037] 2 | 3 7 _ 1 10 2 8 11 0 5 4 7 
[00356038] 4 | _ 7 3 1 10 2 _ 11 0 5 4 _ 
[00356039] 3 | 4 7 3 1 10 2 _ 11 0 5 4 _ 
[00356040] 2 | 4 7 3 1 10 2 8 11 0 5 4 _ 
[00356041] 3 | 10 7 3 1 10 2 _ 11 0 5 4 _ 
[00356042] 2 | 10 7 3 1 10 2 _ 11 0 5 4 6 
[00356043] 3 | _ 7 3 1 10 2 7 11 0 5 4 _ 
[00356044] 2 | _ 7 3 1 10 2 7 11 0 5 4 6 
[00356045] 3 | _ 7 3 1 10 2 _ 11 0 5 4 7 
[00356046] 2 | _ 7 3 1 10 2 8 11 0 5 4 7 
[00356047] 4 | _ 7 _ 1 10 2 6 11 0 5 4 _ 
[00356048] 3 | 4 7 _ 1 10 2 6 11 0 5 4 _ 
[00356049] 2 | 4 7 9 1 10 2 6 11 0 5 4 _ 
[00356050] 3 | _ 7 4 1 10 2 6 11 0 5 4 _ 
[00356051] 2 | 9 7 4 1 10 2 6 11 0 5 4 _ 
[00356052] 3 | _ 7 _ 1 10 2 6 11 0 5 4 7 
[00356053] 4 | _ 7 _ 1 10 2 _ 11 0 5 4 8 
[00356054] 3 | 10 7 _ 1 10 2 _ 11 0 5 4 8 
[00356055] 2 | 10 7 9 1 10 2 _ 11 0 5 4 8 
[00356056] 3 | _ 7 10 1 10 2 _ 11 0 5 4 8 
[00356057] 2 | 9 7 10 1 10 2 _ 11 0 5 4 8 
[00356058] 3 | _ 7 _ 1 10 2 7 11 0 5 4 8 
[00356059] 5 | _ 7 _ 1 10 2 _ 11 0 _ 4 9 
[00356060] 4 | 3 7 _ 1 10 2 _ 11 0 _ 4 9 
[00356061] 3 | 3 7 10 1 10 2 _ 11 0 _ 4 9 
[00356062] 3 | 3 7 _ 1 10 2 7 11 0 _ 4 9 
[00356063] 4 | _ 7 3 1 10 2 _ 11 0 _ 4 9 
[00356064] 3 | 10 7 3 1 10 2 _ 11 0 _ 4 9 
[00356065] 3 | _ 7 3 1 10 2 7 11 0 _ 4 9 
[00356066] 4 | _ 7 _ 1 10 2 6 11 0 _ 4 9 
[00356067] 3 | _ 7 _ 1 10 2 6 11 0 3 4 9 
[00356068] 2 | 5 7 _ 1 10 2 6 11 0 3 4 9 
[00356069] 1 | 5 7 8 1 10 2 6 11 0 3 4 9  *Graceful*
[00356069] 2 | _ 7 5 1 10 2 6 11 0 3 4 9 
[00356070] 1 | 8 7 5 1 10 2 6 11 0 3 4 9  *Graceful*
[00356070] 6 | _ _ _ 1 10 2 4 11 0 _ 4 _ 
[00356071] 5 | 3 8 _ 1 10 2 4 11 0 _ 4 _ 
[00356072] 5 | 8 3 _ 1 10 2 4 11 0 _ 4 _ 
[00356073] 4 | 8 3 7 1 10 2 4 11 0 _ 4 _ 
[00356074] 5 | _ 3 8 1 10 2 4 11 0 _ 4 _ 
[00356075] 4 | 7 3 8 1 10 2 4 11 0 _ 4 _ 
[00356076] 5 | _ 8 3 1 10 2 4 11 0 _ 4 _ 
[00356077] 5 | _ 6 _ 1 10 2 4 11 0 _ 4 _ 
[00356078] 5 | _ _ _ 1 10 2 4 11 0 5 4 _ 
[00356079] 4 | 3 7 _ 1 10 2 4 11 0 5 4 _ 
[00356080] 4 | 7 3 _ 1 10 2 4 11 0 5 4 _ 
[00356081] 3 | 7 3 6 1 10 2 4 11 0 5 4 _ 
[00356082] 4 | _ 3 7 1 10 2 4 11 0 5 4 _ 
[00356083] 3 | 6 3 7 1 10 2 4 11 0 5 4 _ 
[00356084] 4 | _ 7 3 1 10 2 4 11 0 5 4 _ 
[00356085] 6 | _ _ _ 1 10 2 _ 11 0 6 4 _ 
[00356086] 5 | 3 8 _ 1 10 2 _ 11 0 6 4 _ 
[00356087] 5 | 8 3 _ 1 10 2 _ 11 0 6 4 _ 
[00356088] 4 | 8 3 7 1 10 2 _ 11 0 6 4 _ 
[00356089] 5 | _ 3 8 1 10 2 _ 11 0 6 4 _ 
[00356090] 4 | 7 3 8 1 10 2 _ 11 0 6 4 _ 
[00356091] 5 | _ 8 3 1 10 2 _ 11 0 6 4 _ 
[00356092] 5 | _ _ _ 1 10 2 5 11 0 6 4 _ 
[00356093] 4 | 3 7 _ 1 10 2 5 11 0 6 4 _ 
[00356094] 4 | 7 3 _ 1 10 2 5 11 0 6 4 _ 
[00356095] 4 | _ 3 7 1 10 2 5 11 0 6 4 _ 
[00356096] 4 | _ 7 3 1 10 2 5 11 0 6 4 _ 
[00356097] 4 | _ _ _ 1 10 2 5 11 0 6 4 8 
[00356098] 5 | _ _ _ 1 10 2 _ 11 0 6 4 9 
[00356099] 4 | 3 7 _ 1 10 2 _ 11 0 6 4 9 
[00356100] 4 | 7 3 _ 1 10 2 _ 11 0 6 4 9 
[00356101] 4 | _ 3 7 1 10 2 _ 11 0 6 4 9 
[00356102] 4 | _ 7 3 1 10 2 _ 11 0 6 4 9 
[00356103] 4 | _ 5 _ 1 10 2 _ 11 0 6 4 9 
[00356104] 3 | 8 5 _ 1 10 2 _ 11 0 6 4 9 
[00356105] 2 | 8 5 3 1 10 2 _ 11 0 6 4 9 
[00356106] 2 | 8 5 7 1 10 2 _ 11 0 6 4 9 
[00356107] 3 | _ 5 8 1 10 2 _ 11 0 6 4 9 
[00356108] 2 | 3 5 8 1 10 2 _ 11 0 6 4 9 
[00356109] 2 | 7 5 8 1 10 2 _ 11 0 6 4 9 
[00356110] 3 | _ 5 _ 1 10 2 7 11 0 6 4 9 
[00356111] 2 | 3 5 _ 1 10 2 7 11 0 6 4 9 
[00356112] 2 | _ 5 3 1 10 2 7 11 0 6 4 9 
[00356113] 6 | _ _ _ 1 10 2 _ 11 0 _ 4 10 
[00356114] 5 | 3 8 _ 1 10 2 _ 11 0 _ 4 10 
[00356115] 5 | 8 3 _ 1 10 2 _ 11 0 _ 4 10 
[00356116] 4 | 8 3 7 1 10 2 _ 11 0 _ 4 10 
[00356117] 5 | _ 3 8 1 10 2 _ 11 0 _ 4 10 
[00356118] 4 | 7 3 8 1 10 2 _ 11 0 _ 4 10 
[00356119] 5 | _ 8 3 1 10 2 _ 11 0 _ 4 10 
[00356120] 5 | _ 6 _ 1 10 2 _ 11 0 _ 4 10 
[00356121] 5 | _ _ _ 1 10 2 _ 11 0 5 4 10 
[00356122] 4 | 3 7 _ 1 10 2 _ 11 0 5 4 10 
[00356123] 4 | 7 3 _ 1 10 2 _ 11 0 5 4 10 
[00356124] 3 | 7 3 6 1 10 2 _ 11 0 5 4 10 
[00356125] 4 | _ 3 7 1 10 2 _ 11 0 5 4 10 
[00356126] 3 | 6 3 7 1 10 2 _ 11 0 5 4 10 
[00356127] 4 | _ 7 3 1 10 2 _ 11 0 5 4 10 
[00356128] 8 | _ _ _ 1 10 _ 2 11 0 _ _ _ 
[00356129] 7 | _ 8 _ 1 10 _ 2 11 0 _ _ _ 
[00356130] 6 | _ 8 _ 1 10 4 2 11 0 _ _ _ 
[00356131] 5 | 3 8 _ 1 10 4 2 11 0 _ _ _ 
[00356132] 4 | 3 8 _ 1 10 4 2 11 0 _ 7 _ 
[00356133] 3 | 3 8 5 1 10 4 2 11 0 _ 7 _ 
[00356134] 2 | 3 8 5 1 10 4 2 11 0 _ 7 9 
[00356135] 4 | 3 8 _ 1 10 4 2 11 0 _ 5 9 
[00356136] 4 | 3 8 _ 1 10 4 2 11 0 _ 9 5 
[00356137] 5 | _ 8 3 1 10 4 2 11 0 _ _ _ 
[00356138] 4 | _ 8 3 1 10 4 2 11 0 _ 7 _ 
[00356139] 3 | 5 8 3 1 10 4 2 11 0 _ 7 _ 
[00356140] 2 | 5 8 3 1 10 4 2 11 0 _ 7 9 
[00356141] 4 | _ 8 3 1 10 4 2 11 0 _ 5 9 
[00356142] 4 | _ 8 3 1 10 4 2 11 0 _ 9 5 
[00356143] 5 | _ 8 _ 1 10 4 2 11 0 5 _ _ 
[00356144] 4 | _ 8 _ 1 10 4 2 11 0 5 7 _ 
[00356145] 4 | _ 8 _ 1 10 4 2 11 0 5 3 7 
[00356146] 4 | _ 8 _ 1 10 4 2 11 0 5 7 3 
[00356147] 5 | _ 8 _ 1 10 4 2 11 0 _ 6 _ 
[00356148] 6 | _ 8 _ 1 10 _ 2 11 0 6 _ _ 
[00356149] 5 | 3 8 _ 1 10 _ 2 11 0 6 _ _ 
[00356150] 4 | 3 8 4 1 10 _ 2 11 0 6 _ _ 
[00356151] 3 | 3 8 4 1 10 7 2 11 0 6 _ _ 
[00356152] 2 | 3 8 4 1 10 7 2 11 0 6 9 _ 
[00356153] 4 | 3 8 _ 1 10 _ 2 11 0 6 7 _ 
[00356154] 3 | 3 8 5 1 10 _ 2 11 0 6 7 _ 
[00356155] 2 | 3 8 5 1 10 _ 2 11 0 6 7 9 
[00356156] 3 | 3 8 _ 1 10 7 2 11 0 6 7 _ 
[00356157] 3 | 3 8 _ 1 10 _ 2 11 0 6 7 4 
[00356158] 2 | 3 8 10 1 10 _ 2 11 0 6 7 4 
[00356159] 2 | 3 8 _ 1 10 8 2 11 0 6 7 4 
[00356160] 3 | 3 8 _ 1 10 _ 2 11 0 6 7 10 
[00356161] 4 | 3 8 _ 1 10 _ 2 11 0 6 5 9 
[00356162] 3 | 3 8 _ 1 10 7 2 11 0 6 5 9 
[00356163] 4 | 3 8 _ 1 10 _ 2 11 0 6 9 5 
[00356164] 3 | 3 8 _ 1 10 7 2 11 0 6 9 5 
[00356165] 5 | _ 8 3 1 10 _ 2 11 0 6 _ _ 
[00356166] 4 | 4 8 3 1 10 _ 2 11 0 6 _ _ 
[00356167] 3 | 4 8 3 1 10 7 2 11 0 6 _ _ 
[00356168] 2 | 4 8 3 1 10 7 2 11 0 6 9 _ 
[00356169] 4 | _ 8 3 1 10 _ 2 11 0 6 7 _ 
[00356170] 3 | 5 8 3 1 10 _ 2 11 0 6 7 _ 
[00356171] 2 | 5 8 3 1 10 _ 2 11 0 6 7 9 
[00356172] 3 | _ 8 3 1 10 7 2 11 0 6 7 _ 
[00356173] 3 | _ 8 3 1 10 _ 2 11 0 6 7 4 
[00356174] 2 | 10 8 3 1 10 _ 2 11 0 6 7 4 
[00356175] 2 | _ 8 3 1 10 8 2 11 0 6 7 4 
[00356176] 3 | _ 8 3 1 10 _ 2 11 0 6 7 10 
[00356177] 4 | _ 8 3 1 10 _ 2 11 0 6 5 9 
[00356178] 3 | _ 8 3 1 10 7 2 11 0 6 5 9 
[00356179] 4 | _ 8 3 1 10 _ 2 11 0 6 9 5 
[00356180] 3 | _ 8 3 1 10 7 2 11 0 6 9 5 
[00356181] 5 | _ 8 _ 1 10 5 2 11 0 6 _ _ 
[00356182] 4 | 4 8 _ 1 10 5 2 11 0 6 _ _ 
[00356183] 3 | 4 8 11 1 10 5 2 11 0 6 _ _ 
[00356184] 2 | 4 8 11 1 10 5 2 11 0 6 7 9 
[00356185] 2 | 4 8 11 1 10 5 2 11 0 6 9 7 
[00356186] 3 | 4 8 _ 1 10 5 2 11 0 6 8 _ 
[00356187] 4 | _ 8 4 1 10 5 2 11 0 6 _ _ 
[00356188] 3 | 11 8 4 1 10 5 2 11 0 6 _ _ 
[00356189] 2 | 11 8 4 1 10 5 2 11 0 6 7 9 
[00356190] 2 | 11 8 4 1 10 5 2 11 0 6 9 7 
[00356191] 3 | _ 8 4 1 10 5 2 11 0 6 8 _ 
[00356192] 4 | _ 8 _ 1 10 5 2 11 0 6 7 _ 
[00356193] 3 | _ 8 _ 1 10 5 2 11 0 6 7 4 
[00356194] 4 | _ 8 _ 1 10 5 2 11 0 6 3 7 
[00356195] 4 | _ 8 _ 1 10 5 2 11 0 6 7 3 
[00356196] 5 | _ 8 _ 1 10 _ 2 11 0 6 4 9 
[00356197] 5 | _ 8 _ 1 10 _ 2 11 0 6 9 4 
[00356198] 6 | _ 8 _ 1 10 _ 2 11 0 _ 5 _ 
[00356199] 5 | 3 8 _ 1 10 _ 2 11 0 _ 5 _ 
[00356200] 4 | 3 8 4 1 10 _ 2 11 0 _ 5 _ 
[00356201] 3 | 3 8 4 1 10 7 2 11 0 _ 5 _ 
[00356202] 4 | 3 8 _ 1 10 6 2 11 0 _ 5 _ 
[00356203] 3 | 3 8 5 1 10 6 2 11 0 _ 5 _ 
[00356204] 3 | 3 8 _ 1 10 6 2 11 0 _ 5 8 
[00356205] 4 | 3 8 _ 1 10 _ 2 11 0 4 5 _ 
[00356206] 3 | 3 8 5 1 10 _ 2 11 0 4 5 _ 
[00356207] 3 | 3 8 _ 1 10 7 2 11 0 4 5 _ 
[00356208] 2 | 3 8 6 1 10 7 2 11 0 4 5 _ 
[00356209] 3 | 3 8 _ 1 10 _ 2 11 0 4 5 8 
[00356210] 4 | 3 8 _ 1 10 _ 2 11 0 _ 5 9 
[00356211] 3 | 3 8 _ 1 10 7 2 11 0 _ 5 9 
[00356212] 2 | 3 8 6 1 10 7 2 11 0 _ 5 9 
[00356213] 5 | _ 8 3 1 10 _ 2 11 0 _ 5 _ 
[00356214] 4 | 4 8 3 1 10 _ 2 11 0 _ 5 _ 
[00356215] 3 | 4 8 3 1 10 7 2 11 0 _ 5 _ 
[00356216] 4 | _ 8 3 1 10 6 2 11 0 _ 5 _ 
[00356217] 3 | 5 8 3 1 10 6 2 11 0 _ 5 _ 
[00356218] 3 | _ 8 3 1 10 6 2 11 0 _ 5 8 
[00356219] 4 | _ 8 3 1 10 _ 2 11 0 4 5 _ 
[00356220] 3 | 5 8 3 1 10 _ 2 11 0 4 5 _ 
[00356221] 3 | _ 8 3 1 10 7 2 11 0 4 5 _ 
[00356222] 2 | 6 8 3 1 10 7 2 11 0 4 5 _ 
[00356223] 3 | _ 8 3 1 10 _ 2 11 0 4 5 8 
[00356224] 4 | _ 8 3 1 10 _ 2 11 0 _ 5 9 
[00356225] 3 | _ 8 3 1 10 7 2 11 0 _ 5 9 
[00356226] 2 | 6 8 3 1 10 7 2 11 0 _ 5 9 
[00356227] 5 | _ 8 _ 1 10 5 2 11 0 _ 5 _ 
[00356228] 4 | 4 8 _ 1 10 5 2 11 0 _ 5 _ 
[00356229] 3 | 4 8 _ 1 10 5 2 11 0 3 5 _ 
[00356230] 2 | 4 8 6 1 10 5 2 11 0 3 5 _ 
[00356231] 4 | _ 8 4 1 10 5 2 11 0 _ 5 _ 
[00356232] 3 | _ 8 4 1 10 5 2 11 0 3 5 _ 
[00356233] 2 | 6 8 4 1 10 5 2 11 0 3 5 _ 
[00356234] 4 | _ 8 _ 1 10 5 2 11 0 4 5 _ 
[00356235] 5 | _ 8 _ 1 10 _ 2 11 0 5 5 _ 
[00356236] 4 | 4 8 _ 1 10 _ 2 11 0 5 5 _ 
[00356237] 3 | 4 8 _ 1 10 7 2 11 0 5 5 _ 
[00356238] 2 | 4 8 6 1 10 7 2 11 0 5 5 _ 
[00356239] 4 | _ 8 4 1 10 _ 2 11 0 5 5 _ 
[00356240] 3 | _ 8 4 1 10 7 2 11 0 5 5 _ 
[00356241] 2 | 6 8 4 1 10 7 2 11 0 5 5 _ 
[00356242] 4 | _ 8 _ 1 10 6 2 11 0 5 5 _ 
[00356243] 5 | _ 8 _ 1 10 _ 2 11 0 _ 5 0 
[00356244] 4 | 4 8 _ 1 10 _ 2 11 0 _ 5 0 
[00356245] 3 | 4 8 _ 1 10 7 2 11 0 _ 5 0 
[00356246] 2 | 4 8 6 1 10 7 2 11 0 _ 5 0 
[00356247] 4 | _ 8 4 1 10 _ 2 11 0 _ 5 0 
[00356248] 3 | _ 8 4 1 10 7 2 11 0 _ 5 0 
[00356249] 2 | 6 8 4 1 10 7 2 11 0 _ 5 0 
[00356250] 4 | _ 8 _ 1 10 6 2 11 0 _ 5 0 
[00356251] 5 | _ 8 _ 1 10 _ 2 11 0 _ 5 10 
[00356252] 4 | 4 8 _ 1 10 _ 2 11 0 _ 5 10 
[00356253] 3 | 4 8 _ 1 10 _ 2 11 0 3 5 10 
[00356254] 2 | 4 8 6 1 10 _ 2 11 0 3 5 10 
[00356255] 4 | _ 8 4 1 10 _ 2 11 0 _ 5 10 
[00356256] 3 | _ 8 4 1 10 _ 2 11 0 3 5 10 
[00356257] 2 | 6 8 4 1 10 _ 2 11 0 3 5 10 
[00356258] 4 | _ 8 _ 1 10 _ 2 11 0 4 5 10 
[00356259] 6 | _ 8 _ 1 10 _ 2 11 0 _ 3 9 
[00356260] 5 | _ 8 _ 1 10 5 2 11 0 _ 3 9 
[00356261] 4 | 4 8 _ 1 10 5 2 11 0 _ 3 9 
[00356262] 4 | _ 8 4 1 10 5 2 11 0 _ 3 9 
[00356263] 4 | _ 8 _ 1 10 5 2 11 0 4 3 9 
[00356264] 5 | _ 8 _ 1 10 _ 2 11 0 5 3 9 
[00356265] 4 | 4 8 _ 1 10 _ 2 11 0 5 3 9 
[00356266] 3 | 4 8 _ 1 10 7 2 11 0 5 3 9 
[00356267] 2 | 4 8 6 1 10 7 2 11 0 5 3 9 
[00356268] 4 | _ 8 4 1 10 _ 2 11 0 5 3 9 
[00356269] 3 | _ 8 4 1 10 7 2 11 0 5 3 9 
[00356270] 2 | 6 8 4 1 10 7 2 11 0 5 3 9 
[00356271] 4 | _ 8 _ 1 10 6 2 11 0 5 3 9 
[00356272] 6 | _ 8 _ 1 10 _ 2 11 0 _ 9 3 
[00356273] 5 | _ 8 _ 1 10 5 2 11 0 _ 9 3 
[00356274] 4 | 4 8 _ 1 10 5 2 11 0 _ 9 3 
[00356275] 4 | _ 8 4 1 10 5 2 11 0 _ 9 3 
[00356276] 4 | _ 8 _ 1 10 5 2 11 0 4 9 3 
[00356277] 5 | _ 8 _ 1 10 _ 2 11 0 5 9 3 
[00356278] 4 | 4 8 _ 1 10 _ 2 11 0 5 9 3 
[00356279] 3 | 4 8 _ 1 10 7 2 11 0 5 9 3 
[00356280] 2 | 4 8 6 1 10 7 2 11 0 5 9 3 
[00356281] 4 | _ 8 4 1 10 _ 2 11 0 5 9 3 
[00356282] 3 | _ 8 4 1 10 7 2 11 0 5 9 3 
[00356283] 2 | 6 8 4 1 10 7 2 11 0 5 9 3 
[00356284] 4 | _ 8 _ 1 10 6 2 11 0 5 9 3 
[00356285] 7 | _ _ _ 1 10 3 2 11 0 _ _ _ 
[00356286] 6 | _ 7 _ 1 10 3 2 11 0 _ _ _ 
[00356287] 5 | _ 7 _ 1 10 3 2 11 0 5 _ _ 
[00356288] 4 | 11 7 _ 1 10 3 2 11 0 5 _ _ 
[00356289] 3 | 11 7 4 1 10 3 2 11 0 5 _ _ 
[00356290] 2 | 11 7 4 1 10 3 2 11 0 5 6 8 
[00356291] 2 | 11 7 4 1 10 3 2 11 0 5 8 6 
[00356292] 3 | 11 7 _ 1 10 3 2 11 0 5 6 9 
[00356293] 3 | 11 7 _ 1 10 3 2 11 0 5 9 6 
[00356294] 4 | _ 7 11 1 10 3 2 11 0 5 _ _ 
[00356295] 3 | 4 7 11 1 10 3 2 11 0 5 _ _ 
[00356296] 2 | 4 7 11 1 10 3 2 11 0 5 6 8 
[00356297] 2 | 4 7 11 1 10 3 2 11 0 5 8 6 
[00356298] 3 | _ 7 11 1 10 3 2 11 0 5 6 9 
[00356299] 3 | _ 7 11 1 10 3 2 11 0 5 9 6 
[00356300] 4 | _ 7 _ 1 10 3 2 11 0 5 7 _ 
[00356301] 3 | 4 7 _ 1 10 3 2 11 0 5 7 _ 
[00356302] 2 | 4 7 9 1 10 3 2 11 0 5 7 _ 
[00356303] 2 | 4 7 _ 1 10 3 2 11 0 5 7 9 
[00356304] 3 | _ 7 4 1 10 3 2 11 0 5 7 _ 
[00356305] 2 | 9 7 4 1 10 3 2 11 0 5 7 _ 
[00356306] 2 | _ 7 4 1 10 3 2 11 0 5 7 9 
[00356307] 3 | _ 7 _ 1 10 3 2 11 0 5 7 4 
[00356308] 4 | _ 7 _ 1 10 3 2 11 0 5 4 8 
[00356309] 4 | _ 7 _ 1 10 3 2 11 0 5 8 4 
[00356310] 5 | _ 7 _ 1 10 3 2 11 0 _ 6 _ 
[00356311] 4 | _ 7 _ 1 10 3 2 11 0 4 6 _ 
[00356312] 3 | _ 7 _ 1 10 3 2 11 0 4 6 9 
[00356313] 2 | 5 7 _ 1 10 3 2 11 0 4 6 9 
[00356314] 1 | 5 7 8 1 10 3 2 11 0 4 6 9  *Graceful*
[00356314] 2 | _ 7 5 1 10 3 2 11 0 4 6 9 
[00356315] 1 | 8 7 5 1 10 3 2 11 0 4 6 9  *Graceful*
[00356315] 5 | _ 7 _ 1 10 3 2 11 0 _ 4 9 
[00356316] 5 | _ 7 _ 1 10 3 2 11 0 _ 9 4 
[00356317] 6 | _ _ _ 1 10 3 2 11 0 6 _ _ 
[00356318] 5 | 4 9 _ 1 10 3 2 11 0 6 _ _ 
[00356319] 5 | 9 4 _ 1 10 3 2 11 0 6 _ _ 
[00356320] 4 | 9 4 8 1 10 3 2 11 0 6 _ _ 
[00356321] 4 | 9 4 _ 1 10 3 2 11 0 6 7 _ 
[00356322] 3 | 9 4 7 1 10 3 2 11 0 6 7 _ 
[00356323] 3 | 9 4 _ 1 10 3 2 11 0 6 7 4 
[00356324] 5 | _ 4 9 1 10 3 2 11 0 6 _ _ 
[00356325] 4 | 8 4 9 1 10 3 2 11 0 6 _ _ 
[00356326] 4 | _ 4 9 1 10 3 2 11 0 6 7 _ 
[00356327] 3 | 7 4 9 1 10 3 2 11 0 6 7 _ 
[00356328] 3 | _ 4 9 1 10 3 2 11 0 6 7 4 
[00356329] 5 | _ 9 4 1 10 3 2 11 0 6 _ _ 
[00356330] 5 | _ _ _ 1 10 3 2 11 0 6 4 9 
[00356331] 4 | _ 5 _ 1 10 3 2 11 0 6 4 9 
[00356332] 3 | 8 5 _ 1 10 3 2 11 0 6 4 9 
[00356333] 2 | 8 5 7 1 10 3 2 11 0 6 4 9 
[00356334] 3 | _ 5 8 1 10 3 2 11 0 6 4 9 
[00356335] 2 | 7 5 8 1 10 3 2 11 0 6 4 9 
[00356336] 5 | _ _ _ 1 10 3 2 11 0 6 9 4 
[00356337] 4 | _ 5 _ 1 10 3 2 11 0 6 9 4 
[00356338] 3 | 8 5 _ 1 10 3 2 11 0 6 9 4 
[00356339] 2 | 8 5 7 1 10 3 2 11 0 6 9 4 
[00356340] 3 | _ 5 8 1 10 3 2 11 0 6 9 4 
[00356341] 2 | 7 5 8 1 10 3 2 11 0 6 9 4 
[00356342] 6 | _ _ _ 1 10 3 2 11 0 _ 5 _ 
[00356343] 5 | 4 9 _ 1 10 3 2 11 0 _ 5 _ 
[00356344] 5 | 9 4 _ 1 10 3 2 11 0 _ 5 _ 
[00356345] 4 | 9 4 0 1 10 3 2 11 0 _ 5 _ 
[00356346] 3 | 9 4 0 1 10 3 2 11 0 _ 5 8 
[00356347] 4 | 9 4 8 1 10 3 2 11 0 _ 5 _ 
[00356348] 4 | 9 4 _ 1 10 3 2 11 0 4 5 _ 
[00356349] 3 | 9 4 _ 1 10 3 2 11 0 4 5 8 
[00356350] 5 | _ 4 9 1 10 3 2 11 0 _ 5 _ 
[00356351] 4 | 0 4 9 1 10 3 2 11 0 _ 5 _ 
[00356352] 3 | 0 4 9 1 10 3 2 11 0 _ 5 8 
[00356353] 4 | 8 4 9 1 10 3 2 11 0 _ 5 _ 
[00356354] 4 | _ 4 9 1 10 3 2 11 0 4 5 _ 
[00356355] 3 | _ 4 9 1 10 3 2 11 0 4 5 8 
[00356356] 5 | _ 9 4 1 10 3 2 11 0 _ 5 _ 
[00356357] 5 | _ 6 _ 1 10 3 2 11 0 _ 5 _ 
[00356358] 4 | _ 6 _ 1 10 3 2 11 0 4 5 _ 
[00356359] 3 | 9 6 _ 1 10 3 2 11 0 4 5 _ 
[00356360] 2 | 9 6 8 1 10 3 2 11 0 4 5 _ 
[00356361] 2 | 9 6 _ 1 10 3 2 11 0 4 5 7 
[00356362] 3 | _ 6 9 1 10 3 2 11 0 4 5 _ 
[00356363] 2 | 8 6 9 1 10 3 2 11 0 4 5 _ 
[00356364] 2 | _ 6 9 1 10 3 2 11 0 4 5 7 
[00356365] 3 | _ 6 _ 1 10 3 2 11 0 4 5 8 
[00356366] 4 | _ 6 _ 1 10 3 2 11 0 _ 5 9 
[00356367] 5 | _ _ _ 1 10 3 2 11 0 5 5 _ 
[00356368] 4 | 4 8 _ 1 10 3 2 11 0 5 5 _ 
[00356369] 4 | 8 4 _ 1 10 3 2 11 0 5 5 _ 
[00356370] 3 | 8 4 7 1 10 3 2 11 0 5 5 _ 
[00356371] 4 | _ 4 8 1 10 3 2 11 0 5 5 _ 
[00356372] 3 | 7 4 8 1 10 3 2 11 0 5 5 _ 
[00356373] 4 | _ 8 4 1 10 3 2 11 0 5 5 _ 
[00356374] 5 | _ _ _ 1 10 3 2 11 0 _ 5 0 
[00356375] 4 | 4 8 _ 1 10 3 2 11 0 _ 5 0 
[00356376] 4 | 8 4 _ 1 10 3 2 11 0 _ 5 0 
[00356377] 3 | 8 4 7 1 10 3 2 11 0 _ 5 0 
[00356378] 4 | _ 4 8 1 10 3 2 11 0 _ 5 0 
[00356379] 3 | 7 4 8 1 10 3 2 11 0 _ 5 0 
[00356380] 4 | _ 8 4 1 10 3 2 11 0 _ 5 0 
[00356381] 7 | _ _ _ 1 10 _ 2 11 0 7 _ _ 
[00356382] 6 | 3 9 _ 1 10 _ 2 11 0 7 _ _ 
[00356383] 6 | 9 3 _ 1 10 _ 2 11 0 7 _ _ 
[00356384] 5 | 9 3 8 1 10 _ 2 11 0 7 _ _ 
[00356385] 4 | 9 3 8 1 10 6 2 11 0 7 _ _ 
[00356386] 5 | 9 3 _ 1 10 5 2 11 0 7 _ _ 
[00356387] 4 | 9 3 _ 1 10 5 2 11 0 7 4 8 
[00356388] 3 | 9 3 6 1 10 5 2 11 0 7 4 8 
[00356389] 4 | 9 3 _ 1 10 5 2 11 0 7 8 4 
[00356390] 3 | 9 3 6 1 10 5 2 11 0 7 8 4 
[00356391] 5 | 9 3 _ 1 10 _ 2 11 0 7 6 _ 
[00356392] 4 | 9 3 _ 1 10 6 2 11 0 7 6 _ 
[00356393] 4 | 9 3 _ 1 10 _ 2 11 0 7 6 10 
[00356394] 6 | _ 3 9 1 10 _ 2 11 0 7 _ _ 
[00356395] 5 | 8 3 9 1 10 _ 2 11 0 7 _ _ 
[00356396] 4 | 8 3 9 1 10 6 2 11 0 7 _ _ 
[00356397] 5 | _ 3 9 1 10 5 2 11 0 7 _ _ 
[00356398] 4 | _ 3 9 1 10 5 2 11 0 7 4 8 
[00356399] 3 | 6 3 9 1 10 5 2 11 0 7 4 8 
[00356400] 4 | _ 3 9 1 10 5 2 11 0 7 8 4 
[00356401] 3 | 6 3 9 1 10 5 2 11 0 7 8 4 
[00356402] 5 | _ 3 9 1 10 _ 2 11 0 7 6 _ 
[00356403] 4 | _ 3 9 1 10 6 2 11 0 7 6 _ 
[00356404] 4 | _ 3 9 1 10 _ 2 11 0 7 6 10 
[00356405] 6 | _ 9 3 1 10 _ 2 11 0 7 _ _ 
[00356406] 6 | _ _ _ 1 10 4 2 11 0 7 _ _ 
[00356407] 5 | 3 8 _ 1 10 4 2 11 0 7 _ _ 
[00356408] 5 | 8 3 _ 1 10 4 2 11 0 7 _ _ 
[00356409] 4 | 8 3 _ 1 10 4 2 11 0 7 5 9 
[00356410] 3 | 8 3 6 1 10 4 2 11 0 7 5 9 
[00356411] 4 | 8 3 _ 1 10 4 2 11 0 7 9 5 
[00356412] 3 | 8 3 6 1 10 4 2 11 0 7 9 5 
[00356413] 5 | _ 3 8 1 10 4 2 11 0 7 _ _ 
[00356414] 4 | _ 3 8 1 10 4 2 11 0 7 5 9 
[00356415] 3 | 6 3 8 1 10 4 2 11 0 7 5 9 
[00356416] 4 | _ 3 8 1 10 4 2 11 0 7 9 5 
[00356417] 3 | 6 3 8 1 10 4 2 11 0 7 9 5 
[00356418] 5 | _ 8 3 1 10 4 2 11 0 7 _ _ 
[00356419] 5 | _ 6 _ 1 10 4 2 11 0 7 _ _ 
[00356420] 4 | _ 6 _ 1 10 4 2 11 0 7 5 9 
[00356421] 3 | 3 6 _ 1 10 4 2 11 0 7 5 9 
[00356422] 2 | 3 6 8 1 10 4 2 11 0 7 5 9 
[00356423] 3 | _ 6 3 1 10 4 2 11 0 7 5 9 
[00356424] 2 | 8 6 3 1 10 4 2 11 0 7 5 9 
[00356425] 4 | _ 6 _ 1 10 4 2 11 0 7 9 5 
[00356426] 3 | 3 6 _ 1 10 4 2 11 0 7 9 5 
[00356427] 2 | 3 6 8 1 10 4 2 11 0 7 9 5 
[00356428] 3 | _ 6 3 1 10 4 2 11 0 7 9 5 
[00356429] 2 | 8 6 3 1 10 4 2 11 0 7 9 5 
[00356430] 5 | _ _ _ 1 10 4 2 11 0 7 6 _ 
[00356431] 4 | 5 9 _ 1 10 4 2 11 0 7 6 _ 
[00356432] 4 | 9 5 _ 1 10 4 2 11 0 7 6 _ 
[00356433] 4 | _ 5 9 1 10 4 2 11 0 7 6 _ 
[00356434] 4 | _ 9 5 1 10 4 2 11 0 7 6 _ 
[00356435] 4 | _ 5 _ 1 10 4 2 11 0 7 6 _ 
[00356436] 3 | 8 5 _ 1 10 4 2 11 0 7 6 _ 
[00356437] 2 | 8 5 3 1 10 4 2 11 0 7 6 _ 
[00356438] 3 | _ 5 8 1 10 4 2 11 0 7 6 _ 
[00356439] 2 | 3 5 8 1 10 4 2 11 0 7 6 _ 
[00356440] 3 | _ 5 _ 1 10 4 2 11 0 7 6 3 
[00356441] 3 | _ 5 _ 1 10 4 2 11 0 7 6 9 
[00356442] 2 | 3 5 _ 1 10 4 2 11 0 7 6 9 
[00356443] 2 | _ 5 3 1 10 4 2 11 0 7 6 9 
[00356444] 5 | _ _ _ 1 10 4 2 11 0 7 3 8 
[00356445] 4 | 5 9 _ 1 10 4 2 11 0 7 3 8 
[00356446] 4 | 9 5 _ 1 10 4 2 11 0 7 3 8 
[00356447] 4 | _ 5 9 1 10 4 2 11 0 7 3 8 
[00356448] 4 | _ 9 5 1 10 4 2 11 0 7 3 8 
[00356449] 4 | _ 5 _ 1 10 4 2 11 0 7 3 8 
[00356450] 5 | _ _ _ 1 10 4 2 11 0 7 8 3 
[00356451] 4 | 5 9 _ 1 10 4 2 11 0 7 8 3 
[00356452] 4 | 9 5 _ 1 10 4 2 11 0 7 8 3 
[00356453] 4 | _ 5 9 1 10 4 2 11 0 7 8 3 
[00356454] 4 | _ 9 5 1 10 4 2 11 0 7 8 3 
[00356455] 4 | _ 5 _ 1 10 4 2 11 0 7 8 3 
[00356456] 6 | _ _ _ 1 10 _ 2 11 0 7 5 _ 
[00356457] 5 | 3 8 _ 1 10 _ 2 11 0 7 5 _ 
[00356458] 5 | 4 9 _ 1 10 _ 2 11 0 7 5 _ 
[00356459] 5 | 8 3 _ 1 10 _ 2 11 0 7 5 _ 
[00356460] 4 | 8 3 _ 1 10 6 2 11 0 7 5 _ 
[00356461] 4 | 8 3 _ 1 10 _ 2 11 0 7 5 9 
[00356462] 3 | 8 3 6 1 10 _ 2 11 0 7 5 9 
[00356463] 5 | 9 4 _ 1 10 _ 2 11 0 7 5 _ 
[00356464] 4 | 9 4 8 1 10 _ 2 11 0 7 5 _ 
[00356465] 4 | 9 4 _ 1 10 6 2 11 0 7 5 _ 
[00356466] 3 | 9 4 _ 1 10 6 2 11 0 7 5 8 
[00356467] 5 | _ 3 8 1 10 _ 2 11 0 7 5 _ 
[00356468] 4 | _ 3 8 1 10 6 2 11 0 7 5 _ 
[00356469] 4 | _ 3 8 1 10 _ 2 11 0 7 5 9 
[00356470] 3 | 6 3 8 1 10 _ 2 11 0 7 5 9 
[00356471] 5 | _ 4 9 1 10 _ 2 11 0 7 5 _ 
[00356472] 4 | 8 4 9 1 10 _ 2 11 0 7 5 _ 
[00356473] 4 | _ 4 9 1 10 6 2 11 0 7 5 _ 
[00356474] 3 | _ 4 9 1 10 6 2 11 0 7 5 8 
[00356475] 5 | _ 8 3 1 10 _ 2 11 0 7 5 _ 
[00356476] 5 | _ 9 4 1 10 _ 2 11 0 7 5 _ 
[00356477] 5 | _ 6 _ 1 10 _ 2 11 0 7 5 _ 
[00356478] 4 | 10 6 _ 1 10 _ 2 11 0 7 5 _ 
[00356479] 3 | 10 6 3 1 10 _ 2 11 0 7 5 _ 
[00356480] 3 | 10 6 9 1 10 _ 2 11 0 7 5 _ 
[00356481] 2 | 10 6 9 1 10 _ 2 11 0 7 5 3 
[00356482] 3 | 10 6 _ 1 10 _ 2 11 0 7 5 8 
[00356483] 2 | 10 6 4 1 10 _ 2 11 0 7 5 8 
[00356484] 4 | _ 6 10 1 10 _ 2 11 0 7 5 _ 
[00356485] 3 | 3 6 10 1 10 _ 2 11 0 7 5 _ 
[00356486] 3 | 9 6 10 1 10 _ 2 11 0 7 5 _ 
[00356487] 2 | 9 6 10 1 10 _ 2 11 0 7 5 3 
[00356488] 3 | _ 6 10 1 10 _ 2 11 0 7 5 8 
[00356489] 2 | 4 6 10 1 10 _ 2 11 0 7 5 8 
[00356490] 4 | _ 6 _ 1 10 6 2 11 0 7 5 _ 
[00356491] 3 | _ 6 _ 1 10 6 2 11 0 7 5 8 
[00356492] 4 | _ 6 _ 1 10 _ 2 11 0 7 5 9 
[00356493] 3 | 3 6 _ 1 10 _ 2 11 0 7 5 9 
[00356494] 2 | 3 6 4 1 10 _ 2 11 0 7 5 9 
[00356495] 2 | 3 6 8 1 10 _ 2 11 0 7 5 9 
[00356496] 2 | 3 6 _ 1 10 8 2 11 0 7 5 9 
[00356497] 3 | _ 6 3 1 10 _ 2 11 0 7 5 9 
[00356498] 2 | 4 6 3 1 10 _ 2 11 0 7 5 9 
[00356499] 2 | 8 6 3 1 10 _ 2 11 0 7 5 9 
[00356500] 2 | _ 6 3 1 10 8 2 11 0 7 5 9 
[00356501] 5 | _ _ _ 1 10 5 2 11 0 7 5 _ 
[00356502] 4 | 4 8 _ 1 10 5 2 11 0 7 5 _ 
[00356503] 4 | 8 4 _ 1 10 5 2 11 0 7 5 _ 
[00356504] 4 | _ 4 8 1 10 5 2 11 0 7 5 _ 
[00356505] 4 | _ 8 4 1 10 5 2 11 0 7 5 _ 
[00356506] 5 | _ _ _ 1 10 _ 2 11 0 7 5 10 
[00356507] 4 | 4 8 _ 1 10 _ 2 11 0 7 5 10 
[00356508] 4 | 8 4 _ 1 10 _ 2 11 0 7 5 10 
[00356509] 4 | _ 4 8 1 10 _ 2 11 0 7 5 10 
[00356510] 4 | _ 8 4 1 10 _ 2 11 0 7 5 10 
[00356511] 6 | _ _ _ 1 10 _ 2 11 0 7 3 9 
[00356512] 5 | _ 6 _ 1 10 _ 2 11 0 7 3 9 
[00356513] 4 | 10 6 _ 1 10 _ 2 11 0 7 3 9 
[00356514] 4 | _ 6 10 1 10 _ 2 11 0 7 3 9 
[00356515] 4 | _ 6 _ 1 10 6 2 11 0 7 3 9 
[00356516] 5 | _ _ _ 1 10 5 2 11 0 7 3 9 
[00356517] 4 | 4 8 _ 1 10 5 2 11 0 7 3 9 
