[00050418] 3 | _ 0 9 11 3 10 _ 1 6 2 7 4 
[00050419] 2 | _ 0 9 11 3 10 5 1 6 2 7 4 
[00050420] 4 | _ 0 9 11 3 10 _ 1 6 _ 7 3 
[00050421] 5 | _ 0 9 11 3 10 _ 1 _ _ 7 2 
[00050422] 4 | 4 0 9 11 3 10 _ 1 _ _ 7 2 
[00050423] 3 | 4 0 9 11 3 10 6 1 _ _ 7 2 
[00050424] 3 | 4 0 9 11 3 10 _ 1 5 8 7 2 
[00050425] 3 | 4 0 9 11 3 10 _ 1 8 5 7 2 
[00050426] 4 | _ 0 9 11 3 10 _ 1 5 _ 7 2 
[00050427] 3 | 3 0 9 11 3 10 _ 1 5 _ 7 2 
[00050428] 3 | _ 0 9 11 3 10 0 1 5 _ 7 2 
[00050429] 3 | _ 0 9 11 3 10 6 1 5 _ 7 2 
[00050430] 3 | _ 0 9 11 3 10 _ 1 5 8 7 2 
[00050431] 4 | _ 0 9 11 3 10 _ 1 4 8 7 2 
[00050432] 3 | 3 0 9 11 3 10 _ 1 4 8 7 2 
[00050433] 3 | _ 0 9 11 3 10 0 1 4 8 7 2 
[00050434] 3 | _ 0 9 11 3 10 6 1 4 8 7 2 
[00050435] 4 | _ 0 9 11 3 10 _ 1 8 4 7 2 
[00050436] 3 | 3 0 9 11 3 10 _ 1 8 4 7 2 
[00050437] 3 | _ 0 9 11 3 10 0 1 8 4 7 2 
[00050438] 3 | _ 0 9 11 3 10 6 1 8 4 7 2 
[00050439] 6 | _ 0 9 11 3 10 _ 1 _ _ 2 8 
[00050440] 5 | 5 0 9 11 3 10 _ 1 _ _ 2 8 
[00050441] 4 | 5 0 9 11 3 10 7 1 _ _ 2 8 
[00050442] 3 | 5 0 9 11 3 10 7 1 4 _ 2 8 
[00050443] 2 | 5 0 9 11 3 10 7 1 4 6 2 8 
[00050444] 1 | 5 0 9 11 3 10 7 1 4 6 2 8  *Graceful*
[00050444] 5 | _ 0 9 11 3 10 _ 1 6 _ 2 8 
[00050445] 4 | 4 0 9 11 3 10 _ 1 6 _ 2 8 
[00050446] 3 | 4 0 9 11 3 10 6 1 6 _ 2 8 
[00050447] 3 | 4 0 9 11 3 10 _ 1 6 3 2 8 
[00050448] 4 | _ 0 9 11 3 10 7 1 6 _ 2 8 
[00050449] 6 | _ 0 9 11 3 10 _ 1 _ _ 8 2 
[00050450] 5 | 5 0 9 11 3 10 _ 1 _ _ 8 2 
[00050451] 4 | 5 0 9 11 3 10 7 1 _ _ 8 2 
[00050452] 3 | 5 0 9 11 3 10 7 1 4 _ 8 2 
[00050453] 2 | 5 0 9 11 3 10 7 1 4 6 8 2 
[00050454] 5 | _ 0 9 11 3 10 _ 1 6 _ 8 2 
[00050455] 4 | 4 0 9 11 3 10 _ 1 6 _ 8 2 
[00050456] 3 | 4 0 9 11 3 10 6 1 6 _ 8 2 
[00050457] 3 | 4 0 9 11 3 10 _ 1 6 3 8 2 
[00050458] 4 | _ 0 9 11 3 10 7 1 6 _ 8 2 
[00050459] 7 | _ 0 9 11 3 _ 10 1 _ _ _ _ 
[00050460] 6 | 6 0 9 11 3 _ 10 1 _ _ _ _ 
[00050461] 5 | 6 0 9 11 3 8 10 1 _ _ _ _ 
[00050462] 4 | 6 0 9 11 3 8 10 1 5 _ _ _ 
[00050463] 3 | 6 0 9 11 3 8 10 1 5 2 _ _ 
[00050464] 3 | 6 0 9 11 3 8 10 1 5 _ 4 _ 
[00050465] 2 | 6 0 9 11 3 8 10 1 5 7 4 _ 
[00050466] 2 | 6 0 9 11 3 8 10 1 5 _ 4 2 
[00050467] 3 | 6 0 9 11 3 8 10 1 5 _ 4 7 
[00050468] 3 | 6 0 9 11 3 8 10 1 5 _ 7 4 
[00050469] 4 | 6 0 9 11 3 8 10 1 _ _ 5 _ 
[00050470] 3 | 6 0 9 11 3 8 10 1 4 _ 5 _ 
[00050471] 2 | 6 0 9 11 3 8 10 1 4 2 5 _ 
[00050472] 2 | 6 0 9 11 3 8 10 1 4 _ 5 7 
[00050473] 3 | 6 0 9 11 3 8 10 1 4 7 5 _ 
[00050474] 3 | 6 0 9 11 3 8 10 1 7 4 5 _ 
[00050475] 3 | 6 0 9 11 3 8 10 1 _ _ 5 2 
[00050476] 5 | 6 0 9 11 3 _ 10 1 2 7 _ _ 
[00050477] 4 | 6 0 9 11 3 _ 10 1 2 7 5 _ 
[00050478] 3 | 6 0 9 11 3 _ 10 1 2 7 5 8 
[00050479] 4 | 6 0 9 11 3 _ 10 1 2 7 4 8 
[00050480] 4 | 6 0 9 11 3 _ 10 1 2 7 8 4 
[00050481] 5 | 6 0 9 11 3 _ 10 1 7 2 _ _ 
[00050482] 4 | 6 0 9 11 3 _ 10 1 7 2 5 _ 
[00050483] 3 | 6 0 9 11 3 _ 10 1 7 2 5 8 
[00050484] 4 | 6 0 9 11 3 _ 10 1 7 2 4 8 
[00050485] 4 | 6 0 9 11 3 _ 10 1 7 2 8 4 
[00050486] 5 | 6 0 9 11 3 _ 10 1 _ _ 2 7 
[00050487] 4 | 6 0 9 11 3 _ 10 1 5 _ 2 7 
[00050488] 3 | 6 0 9 11 3 _ 10 1 5 8 2 7 
[00050489] 4 | 6 0 9 11 3 _ 10 1 4 8 2 7 
[00050490] 4 | 6 0 9 11 3 _ 10 1 8 4 2 7 
[00050491] 5 | 6 0 9 11 3 _ 10 1 _ _ 7 2 
[00050492] 4 | 6 0 9 11 3 _ 10 1 5 _ 7 2 
[00050493] 3 | 6 0 9 11 3 _ 10 1 5 8 7 2 
[00050494] 4 | 6 0 9 11 3 _ 10 1 4 8 7 2 
[00050495] 4 | 6 0 9 11 3 _ 10 1 8 4 7 2 
[00050496] 6 | _ 0 9 11 3 _ 10 1 7 _ _ _ 
[00050497] 5 | 5 0 9 11 3 _ 10 1 7 _ _ _ 
[00050498] 4 | 5 0 9 11 3 7 10 1 7 _ _ _ 
[00050499] 3 | 5 0 9 11 3 7 10 1 7 _ 4 _ 
[00050500] 2 | 5 0 9 11 3 7 10 1 7 _ 4 2 
[00050501] 2 | 5 0 9 11 3 7 10 1 7 _ 4 6 
[00050502] 4 | 5 0 9 11 3 _ 10 1 7 3 _ _ 
[00050503] 3 | 5 0 9 11 3 _ 10 1 7 3 4 _ 
[00050504] 2 | 5 0 9 11 3 _ 10 1 7 3 4 2 
[00050505] 2 | 5 0 9 11 3 _ 10 1 7 3 4 6 
[00050506] 4 | 5 0 9 11 3 _ 10 1 7 _ 2 6 
[00050507] 3 | 5 0 9 11 3 _ 10 1 7 4 2 6 
[00050508] 4 | 5 0 9 11 3 _ 10 1 7 _ 4 8 
[00050509] 3 | 5 0 9 11 3 6 10 1 7 _ 4 8 
[00050510] 4 | 5 0 9 11 3 _ 10 1 7 _ 6 2 
[00050511] 3 | 5 0 9 11 3 _ 10 1 7 4 6 2 
[00050512] 4 | 5 0 9 11 3 _ 10 1 7 _ 8 4 
[00050513] 3 | 5 0 9 11 3 6 10 1 7 _ 8 4 
[00050514] 5 | _ 0 9 11 3 8 10 1 7 _ _ _ 
[00050515] 4 | 4 0 9 11 3 8 10 1 7 _ _ _ 
[00050516] 3 | 4 0 9 11 3 8 10 1 7 _ 2 5 
[00050517] 3 | 4 0 9 11 3 8 10 1 7 _ 5 2 
[00050518] 4 | _ 0 9 11 3 8 10 1 7 _ 5 _ 
[00050519] 3 | _ 0 9 11 3 8 10 1 7 4 5 _ 
[00050520] 2 | 2 0 9 11 3 8 10 1 7 4 5 _ 
[00050521] 1 | 2 0 9 11 3 8 10 1 7 4 5 6  *Graceful*
[00050521] 3 | _ 0 9 11 3 8 10 1 7 _ 5 2 
[00050522] 4 | _ 0 9 11 3 8 10 1 7 _ 2 6 
[00050523] 3 | _ 0 9 11 3 8 10 1 7 4 2 6 
[00050524] 4 | _ 0 9 11 3 8 10 1 7 _ 6 2 
[00050525] 3 | _ 0 9 11 3 8 10 1 7 4 6 2 
[00050526] 5 | _ 0 9 11 3 _ 10 1 7 2 _ _ 
[00050527] 4 | 4 0 9 11 3 _ 10 1 7 2 _ _ 
[00050528] 3 | 4 0 9 11 3 6 10 1 7 2 _ _ 
[00050529] 3 | 4 0 9 11 3 _ 10 1 7 2 5 8 
[00050530] 3 | 4 0 9 11 3 _ 10 1 7 2 8 5 
[00050531] 4 | _ 0 9 11 3 _ 10 1 7 2 5 _ 
[00050532] 3 | 3 0 9 11 3 _ 10 1 7 2 5 _ 
[00050533] 3 | _ 0 9 11 3 0 10 1 7 2 5 _ 
[00050534] 3 | _ 0 9 11 3 6 10 1 7 2 5 _ 
[00050535] 3 | _ 0 9 11 3 _ 10 1 7 2 5 8 
[00050536] 4 | _ 0 9 11 3 _ 10 1 7 2 4 8 
[00050537] 3 | 3 0 9 11 3 _ 10 1 7 2 4 8 
[00050538] 3 | _ 0 9 11 3 0 10 1 7 2 4 8 
[00050539] 3 | _ 0 9 11 3 6 10 1 7 2 4 8 
[00050540] 4 | _ 0 9 11 3 _ 10 1 7 2 8 4 
[00050541] 3 | 3 0 9 11 3 _ 10 1 7 2 8 4 
[00050542] 3 | _ 0 9 11 3 0 10 1 7 2 8 4 
[00050543] 3 | _ 0 9 11 3 6 10 1 7 2 8 4 
[00050544] 5 | _ 0 9 11 3 _ 10 1 7 _ 6 _ 
[00050545] 4 | 4 0 9 11 3 _ 10 1 7 _ 6 _ 
[00050546] 3 | 4 0 9 11 3 6 10 1 7 _ 6 _ 
[00050547] 2 | 4 0 9 11 3 6 10 1 7 5 6 _ 
[00050548] 3 | 4 0 9 11 3 _ 10 1 7 _ 6 3 
[00050549] 2 | 4 0 9 11 3 _ 10 1 7 5 6 3 
[00050550] 4 | _ 0 9 11 3 7 10 1 7 _ 6 _ 
[00050551] 4 | _ 0 9 11 3 _ 10 1 7 3 6 _ 
[00050552] 4 | _ 0 9 11 3 _ 10 1 7 _ 6 2 
[00050553] 3 | 3 0 9 11 3 _ 10 1 7 _ 6 2 
[00050554] 2 | 3 0 9 11 3 _ 10 1 7 5 6 2 
[00050555] 3 | _ 0 9 11 3 0 10 1 7 _ 6 2 
[00050556] 2 | _ 0 9 11 3 0 10 1 7 5 6 2 
[00050557] 3 | _ 0 9 11 3 _ 10 1 7 4 6 2 
[00050558] 2 | _ 0 9 11 3 5 10 1 7 4 6 2 
[00050559] 6 | _ 0 9 11 3 _ 10 1 2 8 _ _ 
[00050560] 5 | 5 0 9 11 3 _ 10 1 2 8 _ _ 
[00050561] 4 | 5 0 9 11 3 7 10 1 2 8 _ _ 
[00050562] 3 | 5 0 9 11 3 7 10 1 2 8 4 _ 
[00050563] 2 | 5 0 9 11 3 7 10 1 2 8 4 6 
[00050564] 1 | 5 0 9 11 3 7 10 1 2 8 4 6  *Graceful*
[00050564] 5 | _ 0 9 11 3 _ 10 1 2 8 6 _ 
[00050565] 4 | 4 0 9 11 3 _ 10 1 2 8 6 _ 
[00050566] 3 | 4 0 9 11 3 6 10 1 2 8 6 _ 
[00050567] 3 | 4 0 9 11 3 _ 10 1 2 8 6 3 
[00050568] 4 | _ 0 9 11 3 7 10 1 2 8 6 _ 
[00050569] 6 | _ 0 9 11 3 _ 10 1 8 2 _ _ 
[00050570] 5 | 5 0 9 11 3 _ 10 1 8 2 _ _ 
[00050571] 4 | 5 0 9 11 3 7 10 1 8 2 _ _ 
[00050572] 3 | 5 0 9 11 3 7 10 1 8 2 4 _ 
[00050573] 2 | 5 0 9 11 3 7 10 1 8 2 4 6 
[00050574] 5 | _ 0 9 11 3 _ 10 1 8 2 6 _ 
[00050575] 4 | 4 0 9 11 3 _ 10 1 8 2 6 _ 
[00050576] 3 | 4 0 9 11 3 6 10 1 8 2 6 _ 
[00050577] 3 | 4 0 9 11 3 _ 10 1 8 2 6 3 
[00050578] 4 | _ 0 9 11 3 7 10 1 8 2 6 _ 
[00050579] 6 | _ 0 9 11 3 _ 10 1 _ _ 7 _ 
[00050580] 5 | 5 0 9 11 3 _ 10 1 _ _ 7 _ 
[00050581] 4 | 5 0 9 11 3 7 10 1 _ _ 7 _ 
[00050582] 3 | 5 0 9 11 3 7 10 1 4 _ 7 _ 
[00050583] 2 | 5 0 9 11 3 7 10 1 4 2 7 _ 
[00050584] 2 | 5 0 9 11 3 7 10 1 4 6 7 _ 
[00050585] 4 | 5 0 9 11 3 _ 10 1 2 6 7 _ 
[00050586] 3 | 5 0 9 11 3 _ 10 1 2 6 7 4 
[00050587] 4 | 5 0 9 11 3 _ 10 1 4 8 7 _ 
[00050588] 3 | 5 0 9 11 3 6 10 1 4 8 7 _ 
[00050589] 4 | 5 0 9 11 3 _ 10 1 6 2 7 _ 
[00050590] 3 | 5 0 9 11 3 _ 10 1 6 2 7 4 
[00050591] 4 | 5 0 9 11 3 _ 10 1 8 4 7 _ 
[00050592] 3 | 5 0 9 11 3 6 10 1 8 4 7 _ 
[00050593] 4 | 5 0 9 11 3 _ 10 1 _ _ 7 3 
[00050594] 3 | 5 0 9 11 3 _ 10 1 4 _ 7 3 
[00050595] 2 | 5 0 9 11 3 _ 10 1 4 2 7 3 
[00050596] 2 | 5 0 9 11 3 _ 10 1 4 6 7 3 
[00050597] 5 | _ 0 9 11 3 8 10 1 _ _ 7 _ 
[00050598] 4 | 4 0 9 11 3 8 10 1 _ _ 7 _ 
[00050599] 3 | 4 0 9 11 3 8 10 1 2 5 7 _ 
[00050600] 3 | 4 0 9 11 3 8 10 1 5 2 7 _ 
[00050601] 4 | _ 0 9 11 3 8 10 1 5 _ 7 _ 
[00050602] 3 | _ 0 9 11 3 8 10 1 5 2 7 _ 
[00050603] 3 | _ 0 9 11 3 8 10 1 5 _ 7 4 
[00050604] 2 | 2 0 9 11 3 8 10 1 5 _ 7 4 
[00050605] 1 | 2 0 9 11 3 8 10 1 5 6 7 4  *Graceful*
[00050605] 4 | _ 0 9 11 3 8 10 1 2 6 7 _ 
[00050606] 3 | _ 0 9 11 3 8 10 1 2 6 7 4 
[00050607] 4 | _ 0 9 11 3 8 10 1 6 2 7 _ 
[00050608] 3 | _ 0 9 11 3 8 10 1 6 2 7 4 
[00050609] 5 | _ 0 9 11 3 _ 10 1 6 _ 7 _ 
[00050610] 4 | 4 0 9 11 3 _ 10 1 6 _ 7 _ 
[00050611] 3 | 4 0 9 11 3 6 10 1 6 _ 7 _ 
[00050612] 2 | 4 0 9 11 3 6 10 1 6 _ 7 5 
[00050613] 3 | 4 0 9 11 3 _ 10 1 6 3 7 _ 
[00050614] 2 | 4 0 9 11 3 _ 10 1 6 3 7 5 
[00050615] 4 | _ 0 9 11 3 7 10 1 6 _ 7 _ 
[00050616] 4 | _ 0 9 11 3 _ 10 1 6 2 7 _ 
[00050617] 3 | 3 0 9 11 3 _ 10 1 6 2 7 _ 
[00050618] 2 | 3 0 9 11 3 _ 10 1 6 2 7 5 
[00050619] 3 | _ 0 9 11 3 0 10 1 6 2 7 _ 
[00050620] 2 | _ 0 9 11 3 0 10 1 6 2 7 5 
[00050621] 3 | _ 0 9 11 3 _ 10 1 6 2 7 4 
[00050622] 2 | _ 0 9 11 3 5 10 1 6 2 7 4 
[00050623] 4 | _ 0 9 11 3 _ 10 1 6 _ 7 3 
[00050624] 5 | _ 0 9 11 3 _ 10 1 _ _ 7 2 
[00050625] 4 | 4 0 9 11 3 _ 10 1 _ _ 7 2 
[00050626] 3 | 4 0 9 11 3 6 10 1 _ _ 7 2 
[00050627] 3 | 4 0 9 11 3 _ 10 1 5 8 7 2 
[00050628] 3 | 4 0 9 11 3 _ 10 1 8 5 7 2 
[00050629] 4 | _ 0 9 11 3 _ 10 1 5 _ 7 2 
[00050630] 3 | 3 0 9 11 3 _ 10 1 5 _ 7 2 
[00050631] 3 | _ 0 9 11 3 0 10 1 5 _ 7 2 
[00050632] 3 | _ 0 9 11 3 6 10 1 5 _ 7 2 
[00050633] 3 | _ 0 9 11 3 _ 10 1 5 8 7 2 
[00050634] 4 | _ 0 9 11 3 _ 10 1 4 8 7 2 
[00050635] 3 | 3 0 9 11 3 _ 10 1 4 8 7 2 
[00050636] 3 | _ 0 9 11 3 0 10 1 4 8 7 2 
[00050637] 3 | _ 0 9 11 3 6 10 1 4 8 7 2 
[00050638] 4 | _ 0 9 11 3 _ 10 1 8 4 7 2 
[00050639] 3 | 3 0 9 11 3 _ 10 1 8 4 7 2 
[00050640] 3 | _ 0 9 11 3 0 10 1 8 4 7 2 
[00050641] 3 | _ 0 9 11 3 6 10 1 8 4 7 2 
[00050642] 6 | _ 0 9 11 3 _ 10 1 _ _ 2 8 
[00050643] 5 | 5 0 9 11 3 _ 10 1 _ _ 2 8 
[00050644] 4 | 5 0 9 11 3 7 10 1 _ _ 2 8 
[00050645] 3 | 5 0 9 11 3 7 10 1 4 _ 2 8 
[00050646] 2 | 5 0 9 11 3 7 10 1 4 6 2 8 
[00050647] 1 | 5 0 9 11 3 7 10 1 4 6 2 8  *Graceful*
[00050647] 5 | _ 0 9 11 3 _ 10 1 6 _ 2 8 
[00050648] 4 | 4 0 9 11 3 _ 10 1 6 _ 2 8 
[00050649] 3 | 4 0 9 11 3 6 10 1 6 _ 2 8 
[00050650] 3 | 4 0 9 11 3 _ 10 1 6 3 2 8 
[00050651] 4 | _ 0 9 11 3 7 10 1 6 _ 2 8 
[00050652] 6 | _ 0 9 11 3 _ 10 1 _ _ 8 2 
[00050653] 5 | 5 0 9 11 3 _ 10 1 _ _ 8 2 
[00050654] 4 | 5 0 9 11 3 7 10 1 _ _ 8 2 
[00050655] 3 | 5 0 9 11 3 7 10 1 4 _ 8 2 
[00050656] 2 | 5 0 9 11 3 7 10 1 4 6 8 2 
[00050657] 5 | _ 0 9 11 3 _ 10 1 6 _ 8 2 
[00050658] 4 | 4 0 9 11 3 _ 10 1 6 _ 8 2 
[00050659] 3 | 4 0 9 11 3 6 10 1 6 _ 8 2 
[00050660] 3 | 4 0 9 11 3 _ 10 1 6 3 8 2 
[00050661] 4 | _ 0 9 11 3 7 10 1 6 _ 8 2 
[00050662] 7 | _ 0 9 11 3 _ _ 1 8 _ _ _ 
[00050663] 6 | 6 0 9 11 3 _ _ 1 8 _ _ _ 
[00050664] 5 | 6 0 9 11 3 8 _ 1 8 _ _ _ 
[00050665] 4 | 6 0 9 11 3 8 7 1 8 _ _ _ 
[00050666] 3 | 6 0 9 11 3 8 7 1 8 _ 4 _ 
[00050667] 2 | 6 0 9 11 3 8 7 1 8 _ 4 2 
[00050668] 3 | 6 0 9 11 3 8 7 1 8 _ 2 5 
[00050669] 3 | 6 0 9 11 3 8 7 1 8 _ 5 2 
[00050670] 4 | 6 0 9 11 3 8 _ 1 8 _ 5 _ 
[00050671] 3 | 6 0 9 11 3 8 _ 1 8 _ 5 2 
[00050672] 5 | 6 0 9 11 3 _ 8 1 8 _ _ _ 
[00050673] 4 | 6 0 9 11 3 7 8 1 8 _ _ _ 
[00050674] 3 | 6 0 9 11 3 7 8 1 8 _ 4 _ 
[00050675] 2 | 6 0 9 11 3 7 8 1 8 _ 4 2 
[00050676] 3 | 6 0 9 11 3 7 8 1 8 _ 2 5 
[00050677] 3 | 6 0 9 11 3 7 8 1 8 _ 5 2 
[00050678] 4 | 6 0 9 11 3 _ 8 1 8 _ 5 _ 
[00050679] 3 | 6 0 9 11 3 _ 8 1 8 _ 5 2 
[00050680] 5 | 6 0 9 11 3 _ _ 1 8 3 _ _ 
[00050681] 4 | 6 0 9 11 3 _ _ 1 8 3 5 _ 
[00050682] 3 | 6 0 9 11 3 _ _ 1 8 3 5 2 
[00050683] 5 | 6 0 9 11 3 _ _ 1 8 _ 2 7 
[00050684] 4 | 6 0 9 11 3 _ _ 1 8 4 2 7 
[00050685] 5 | 6 0 9 11 3 _ _ 1 8 _ 5 10 
[00050686] 4 | 6 0 9 11 3 7 _ 1 8 _ 5 10 
[00050687] 4 | 6 0 9 11 3 _ 7 1 8 _ 5 10 
[00050688] 4 | 6 0 9 11 3 _ _ 1 8 4 5 10 
[00050689] 5 | 6 0 9 11 3 _ _ 1 8 _ 7 2 
[00050690] 4 | 6 0 9 11 3 _ _ 1 8 4 7 2 
[00050691] 5 | 6 0 9 11 3 _ _ 1 8 _ 10 5 
[00050692] 4 | 6 0 9 11 3 7 _ 1 8 _ 10 5 
[00050693] 4 | 6 0 9 11 3 _ 7 1 8 _ 10 5 
[00050694] 4 | 6 0 9 11 3 _ _ 1 8 4 10 5 
[00050695] 6 | _ 0 9 11 3 _ _ 1 8 2 _ _ 
[00050696] 5 | 5 0 9 11 3 _ _ 1 8 2 _ _ 
[00050697] 4 | 5 0 9 11 3 7 _ 1 8 2 _ _ 
[00050698] 3 | 5 0 9 11 3 7 6 1 8 2 _ _ 
[00050699] 3 | 5 0 9 11 3 7 _ 1 8 2 4 _ 
[00050700] 2 | 5 0 9 11 3 7 _ 1 8 2 4 6 
[00050701] 4 | 5 0 9 11 3 _ 7 1 8 2 _ _ 
[00050702] 3 | 5 0 9 11 3 6 7 1 8 2 _ _ 
[00050703] 3 | 5 0 9 11 3 _ 7 1 8 2 4 _ 
[00050704] 2 | 5 0 9 11 3 _ 7 1 8 2 4 6 
[00050705] 4 | 5 0 9 11 3 _ _ 1 8 2 6 10 
[00050706] 4 | 5 0 9 11 3 _ _ 1 8 2 10 6 
[00050707] 5 | _ 0 9 11 3 _ _ 1 8 2 6 _ 
[00050708] 4 | 4 0 9 11 3 _ _ 1 8 2 6 _ 
[00050709] 3 | 4 0 9 11 3 6 _ 1 8 2 6 _ 
[00050710] 2 | 4 0 9 11 3 6 5 1 8 2 6 _ 
[00050711] 3 | 4 0 9 11 3 _ 6 1 8 2 6 _ 
[00050712] 2 | 4 0 9 11 3 5 6 1 8 2 6 _ 
[00050713] 3 | 4 0 9 11 3 _ _ 1 8 2 6 3 
[00050714] 4 | _ 0 9 11 3 7 _ 1 8 2 6 _ 
[00050715] 3 | 3 0 9 11 3 7 _ 1 8 2 6 _ 
[00050716] 2 | 3 0 9 11 3 7 _ 1 8 2 6 4 
[00050717] 3 | _ 0 9 11 3 7 0 1 8 2 6 _ 
[00050718] 2 | _ 0 9 11 3 7 0 1 8 2 6 4 
[00050719] 3 | _ 0 9 11 3 7 6 1 8 2 6 _ 
[00050720] 3 | _ 0 9 11 3 7 _ 1 8 2 6 3 
[00050721] 4 | _ 0 9 11 3 _ 7 1 8 2 6 _ 
[00050722] 3 | 3 0 9 11 3 _ 7 1 8 2 6 _ 
[00050723] 2 | 3 0 9 11 3 _ 7 1 8 2 6 4 
[00050724] 3 | _ 0 9 11 3 0 7 1 8 2 6 _ 
[00050725] 2 | _ 0 9 11 3 0 7 1 8 2 6 4 
[00050726] 3 | _ 0 9 11 3 6 7 1 8 2 6 _ 
[00050727] 3 | _ 0 9 11 3 _ 7 1 8 2 6 3 
[00050728] 4 | _ 0 9 11 3 _ _ 1 8 2 6 10 
[00050729] 3 | 3 0 9 11 3 _ _ 1 8 2 6 10 
[00050730] 3 | _ 0 9 11 3 0 _ 1 8 2 6 10 
[00050731] 2 | _ 0 9 11 3 0 5 1 8 2 6 10 
[00050732] 3 | _ 0 9 11 3 _ 0 1 8 2 6 10 
[00050733] 2 | _ 0 9 11 3 5 0 1 8 2 6 10 
[00050734] 5 | _ 0 9 11 3 _ _ 1 8 2 5 10 
[00050735] 4 | 4 0 9 11 3 _ _ 1 8 2 5 10 
[00050736] 3 | 4 0 9 11 3 6 _ 1 8 2 5 10 
[00050737] 3 | 4 0 9 11 3 _ 6 1 8 2 5 10 
[00050738] 4 | _ 0 9 11 3 7 _ 1 8 2 5 10 
[00050739] 3 | 3 0 9 11 3 7 _ 1 8 2 5 10 
[00050740] 3 | _ 0 9 11 3 7 0 1 8 2 5 10 
[00050741] 3 | _ 0 9 11 3 7 6 1 8 2 5 10 
[00050742] 4 | _ 0 9 11 3 _ 7 1 8 2 5 10 
[00050743] 3 | 3 0 9 11 3 _ 7 1 8 2 5 10 
[00050744] 3 | _ 0 9 11 3 0 7 1 8 2 5 10 
[00050745] 3 | _ 0 9 11 3 6 7 1 8 2 5 10 
[00050746] 5 | _ 0 9 11 3 _ _ 1 8 2 10 5 
[00050747] 4 | 4 0 9 11 3 _ _ 1 8 2 10 5 
[00050748] 3 | 4 0 9 11 3 6 _ 1 8 2 10 5 
[00050749] 3 | 4 0 9 11 3 _ 6 1 8 2 10 5 
[00050750] 4 | _ 0 9 11 3 7 _ 1 8 2 10 5 
[00050751] 3 | 3 0 9 11 3 7 _ 1 8 2 10 5 
[00050752] 3 | _ 0 9 11 3 7 0 1 8 2 10 5 
[00050753] 3 | _ 0 9 11 3 7 6 1 8 2 10 5 
[00050754] 4 | _ 0 9 11 3 _ 7 1 8 2 10 5 
[00050755] 3 | 3 0 9 11 3 _ 7 1 8 2 10 5 
[00050756] 3 | _ 0 9 11 3 0 7 1 8 2 10 5 
[00050757] 3 | _ 0 9 11 3 6 7 1 8 2 10 5 
[00050758] 6 | _ 0 9 11 3 _ _ 1 8 _ 7 _ 
[00050759] 5 | 5 0 9 11 3 _ _ 1 8 _ 7 _ 
[00050760] 4 | 5 0 9 11 3 7 _ 1 8 _ 7 _ 
[00050761] 3 | 5 0 9 11 3 7 6 1 8 _ 7 _ 
[00050762] 2 | 5 0 9 11 3 7 6 1 8 10 7 _ 
[00050763] 4 | 5 0 9 11 3 _ 7 1 8 _ 7 _ 
[00050764] 3 | 5 0 9 11 3 6 7 1 8 _ 7 _ 
[00050765] 2 | 5 0 9 11 3 6 7 1 8 10 7 _ 
[00050766] 4 | 5 0 9 11 3 _ _ 1 8 4 7 _ 
[00050767] 3 | 5 0 9 11 3 6 _ 1 8 4 7 _ 
[00050768] 3 | 5 0 9 11 3 _ 6 1 8 4 7 _ 
[00050769] 3 | 5 0 9 11 3 _ _ 1 8 4 7 10 
[00050770] 4 | 5 0 9 11 3 _ _ 1 8 _ 7 3 
[00050771] 5 | _ 0 9 11 3 8 _ 1 8 _ 7 _ 
[00050772] 4 | 4 0 9 11 3 8 _ 1 8 _ 7 _ 
[00050773] 3 | 4 0 9 11 3 8 6 1 8 _ 7 _ 
[00050774] 2 | 4 0 9 11 3 8 6 1 8 _ 7 5 
[00050775] 3 | 4 0 9 11 3 8 _ 1 8 _ 7 10 
[00050776] 2 | 4 0 9 11 3 8 5 1 8 _ 7 10 
[00050777] 4 | _ 0 9 11 3 8 7 1 8 _ 7 _ 
[00050778] 4 | _ 0 9 11 3 8 _ 1 8 _ 7 3 
[00050779] 5 | _ 0 9 11 3 _ 8 1 8 _ 7 _ 
[00050780] 4 | 4 0 9 11 3 _ 8 1 8 _ 7 _ 
[00050781] 3 | 4 0 9 11 3 6 8 1 8 _ 7 _ 
[00050782] 2 | 4 0 9 11 3 6 8 1 8 _ 7 5 
[00050783] 3 | 4 0 9 11 3 _ 8 1 8 _ 7 10 
[00050784] 2 | 4 0 9 11 3 5 8 1 8 _ 7 10 
[00050785] 4 | _ 0 9 11 3 7 8 1 8 _ 7 _ 
[00050786] 4 | _ 0 9 11 3 _ 8 1 8 _ 7 3 
[00050787] 5 | _ 0 9 11 3 _ _ 1 8 3 7 _ 
[00050788] 4 | 4 0 9 11 3 _ _ 1 8 3 7 _ 
[00050789] 3 | 4 0 9 11 3 _ _ 1 8 3 7 10 
[00050790] 5 | _ 0 9 11 3 _ _ 1 8 _ 7 2 
[00050791] 4 | 4 0 9 11 3 _ _ 1 8 _ 7 2 
[00050792] 3 | 4 0 9 11 3 6 _ 1 8 _ 7 2 
[00050793] 2 | 4 0 9 11 3 6 5 1 8 _ 7 2 
[00050794] 2 | 4 0 9 11 3 6 _ 1 8 10 7 2 
[00050795] 3 | 4 0 9 11 3 _ 6 1 8 _ 7 2 
[00050796] 2 | 4 0 9 11 3 5 6 1 8 _ 7 2 
[00050797] 2 | 4 0 9 11 3 _ 6 1 8 10 7 2 
[00050798] 3 | 4 0 9 11 3 _ _ 1 8 5 7 2 
[00050799] 4 | _ 0 9 11 3 _ _ 1 8 4 7 2 
[00050800] 3 | 3 0 9 11 3 _ _ 1 8 4 7 2 
[00050801] 3 | _ 0 9 11 3 0 _ 1 8 4 7 2 
[00050802] 2 | _ 0 9 11 3 0 5 1 8 4 7 2 
[00050803] 3 | _ 0 9 11 3 6 _ 1 8 4 7 2 
[00050804] 2 | _ 0 9 11 3 6 5 1 8 4 7 2 
[00050805] 3 | _ 0 9 11 3 _ 0 1 8 4 7 2 
[00050806] 2 | _ 0 9 11 3 5 0 1 8 4 7 2 
[00050807] 3 | _ 0 9 11 3 _ 6 1 8 4 7 2 
[00050808] 2 | _ 0 9 11 3 5 6 1 8 4 7 2 
[00050809] 6 | _ 0 9 11 3 _ _ 1 8 _ 4 10 
[00050810] 5 | 5 0 9 11 3 _ _ 1 8 _ 4 10 
[00050811] 4 | 5 0 9 11 3 7 _ 1 8 _ 4 10 
[00050812] 3 | 5 0 9 11 3 7 6 1 8 _ 4 10 
[00050813] 4 | 5 0 9 11 3 _ 7 1 8 _ 4 10 
[00050814] 3 | 5 0 9 11 3 6 7 1 8 _ 4 10 
[00050815] 5 | _ 0 9 11 3 8 _ 1 8 _ 4 10 
[00050816] 4 | _ 0 9 11 3 8 7 1 8 _ 4 10 
[00050817] 5 | _ 0 9 11 3 _ 8 1 8 _ 4 10 
[00050818] 4 | _ 0 9 11 3 7 8 1 8 _ 4 10 
[00050819] 5 | _ 0 9 11 3 _ _ 1 8 3 4 10 
[00050820] 6 | _ 0 9 11 3 _ _ 1 8 _ 10 4 
[00050821] 5 | 5 0 9 11 3 _ _ 1 8 _ 10 4 
[00050822] 4 | 5 0 9 11 3 7 _ 1 8 _ 10 4 
[00050823] 3 | 5 0 9 11 3 7 6 1 8 _ 10 4 
[00050824] 4 | 5 0 9 11 3 _ 7 1 8 _ 10 4 
[00050825] 3 | 5 0 9 11 3 6 7 1 8 _ 10 4 
[00050826] 5 | _ 0 9 11 3 8 _ 1 8 _ 10 4 
[00050827] 4 | _ 0 9 11 3 8 7 1 8 _ 10 4 
[00050828] 5 | _ 0 9 11 3 _ 8 1 8 _ 10 4 
[00050829] 4 | _ 0 9 11 3 7 8 1 8 _ 10 4 
[00050830] 5 | _ 0 9 11 3 _ _ 1 8 3 10 4 
[00050831] 7 | _ 0 9 11 3 _ _ 1 _ _ 8 _ 
[00050832] 6 | 6 0 9 11 3 _ _ 1 _ _ 8 _ 
[00050833] 5 | 6 0 9 11 3 8 _ 1 _ _ 8 _ 
[00050834] 4 | 6 0 9 11 3 8 7 1 _ _ 8 _ 
[00050835] 3 | 6 0 9 11 3 8 7 1 4 _ 8 _ 
[00050836] 2 | 6 0 9 11 3 8 7 1 4 2 8 _ 
[00050837] 3 | 6 0 9 11 3 8 7 1 2 5 8 _ 
[00050838] 3 | 6 0 9 11 3 8 7 1 5 2 8 _ 
[00050839] 4 | 6 0 9 11 3 8 _ 1 5 _ 8 _ 
[00050840] 3 | 6 0 9 11 3 8 _ 1 5 2 8 _ 
[00050841] 5 | 6 0 9 11 3 _ 8 1 _ _ 8 _ 
[00050842] 4 | 6 0 9 11 3 7 8 1 _ _ 8 _ 
[00050843] 3 | 6 0 9 11 3 7 8 1 4 _ 8 _ 
[00050844] 2 | 6 0 9 11 3 7 8 1 4 2 8 _ 
[00050845] 3 | 6 0 9 11 3 7 8 1 2 5 8 _ 
[00050846] 3 | 6 0 9 11 3 7 8 1 5 2 8 _ 
[00050847] 4 | 6 0 9 11 3 _ 8 1 5 _ 8 _ 
[00050848] 3 | 6 0 9 11 3 _ 8 1 5 2 8 _ 
[00050849] 5 | 6 0 9 11 3 _ _ 1 2 7 8 _ 
[00050850] 4 | 6 0 9 11 3 _ _ 1 2 7 8 4 
[00050851] 5 | 6 0 9 11 3 _ _ 1 5 10 8 _ 
[00050852] 4 | 6 0 9 11 3 7 _ 1 5 10 8 _ 
[00050853] 4 | 6 0 9 11 3 _ 7 1 5 10 8 _ 
[00050854] 4 | 6 0 9 11 3 _ _ 1 5 10 8 4 
[00050855] 5 | 6 0 9 11 3 _ _ 1 7 2 8 _ 
[00050856] 4 | 6 0 9 11 3 _ _ 1 7 2 8 4 
[00050857] 5 | 6 0 9 11 3 _ _ 1 10 5 8 _ 
[00050858] 4 | 6 0 9 11 3 7 _ 1 10 5 8 _ 
[00050859] 4 | 6 0 9 11 3 _ 7 1 10 5 8 _ 
[00050860] 4 | 6 0 9 11 3 _ _ 1 10 5 8 4 
[00050861] 5 | 6 0 9 11 3 _ _ 1 _ _ 8 3 
[00050862] 4 | 6 0 9 11 3 _ _ 1 5 _ 8 3 
[00050863] 3 | 6 0 9 11 3 _ _ 1 5 2 8 3 
[00050864] 6 | _ 0 9 11 3 _ _ 1 7 _ 8 _ 
[00050865] 5 | 5 0 9 11 3 _ _ 1 7 _ 8 _ 
[00050866] 4 | 5 0 9 11 3 7 _ 1 7 _ 8 _ 
[00050867] 3 | 5 0 9 11 3 7 6 1 7 _ 8 _ 
[00050868] 2 | 5 0 9 11 3 7 6 1 7 _ 8 10 
[00050869] 4 | 5 0 9 11 3 _ 7 1 7 _ 8 _ 
[00050870] 3 | 5 0 9 11 3 6 7 1 7 _ 8 _ 
[00050871] 2 | 5 0 9 11 3 6 7 1 7 _ 8 10 
[00050872] 4 | 5 0 9 11 3 _ _ 1 7 3 8 _ 
[00050873] 4 | 5 0 9 11 3 _ _ 1 7 _ 8 4 
[00050874] 3 | 5 0 9 11 3 6 _ 1 7 _ 8 4 
[00050875] 3 | 5 0 9 11 3 _ 6 1 7 _ 8 4 
[00050876] 3 | 5 0 9 11 3 _ _ 1 7 10 8 4 
[00050877] 5 | _ 0 9 11 3 8 _ 1 7 _ 8 _ 
[00050878] 4 | 4 0 9 11 3 8 _ 1 7 _ 8 _ 
[00050879] 3 | 4 0 9 11 3 8 6 1 7 _ 8 _ 
[00050880] 2 | 4 0 9 11 3 8 6 1 7 5 8 _ 
[00050881] 3 | 4 0 9 11 3 8 _ 1 7 10 8 _ 
[00050882] 2 | 4 0 9 11 3 8 5 1 7 10 8 _ 
[00050883] 4 | _ 0 9 11 3 8 7 1 7 _ 8 _ 
[00050884] 4 | _ 0 9 11 3 8 _ 1 7 3 8 _ 
[00050885] 5 | _ 0 9 11 3 _ 8 1 7 _ 8 _ 
[00050886] 4 | 4 0 9 11 3 _ 8 1 7 _ 8 _ 
[00050887] 3 | 4 0 9 11 3 6 8 1 7 _ 8 _ 
[00050888] 2 | 4 0 9 11 3 6 8 1 7 5 8 _ 
[00050889] 3 | 4 0 9 11 3 _ 8 1 7 10 8 _ 
[00050890] 2 | 4 0 9 11 3 5 8 1 7 10 8 _ 
[00050891] 4 | _ 0 9 11 3 7 8 1 7 _ 8 _ 
[00050892] 4 | _ 0 9 11 3 _ 8 1 7 3 8 _ 
[00050893] 5 | _ 0 9 11 3 _ _ 1 7 2 8 _ 
[00050894] 4 | 4 0 9 11 3 _ _ 1 7 2 8 _ 
[00050895] 3 | 4 0 9 11 3 6 _ 1 7 2 8 _ 
[00050896] 2 | 4 0 9 11 3 6 5 1 7 2 8 _ 
[00050897] 2 | 4 0 9 11 3 6 _ 1 7 2 8 10 
[00050898] 3 | 4 0 9 11 3 _ 6 1 7 2 8 _ 
[00050899] 2 | 4 0 9 11 3 5 6 1 7 2 8 _ 
[00050900] 2 | 4 0 9 11 3 _ 6 1 7 2 8 10 
[00050901] 3 | 4 0 9 11 3 _ _ 1 7 2 8 5 
[00050902] 4 | _ 0 9 11 3 _ _ 1 7 2 8 4 
[00050903] 3 | 3 0 9 11 3 _ _ 1 7 2 8 4 
[00050904] 3 | _ 0 9 11 3 0 _ 1 7 2 8 4 
[00050905] 2 | _ 0 9 11 3 0 5 1 7 2 8 4 
[00050906] 3 | _ 0 9 11 3 6 _ 1 7 2 8 4 
[00050907] 2 | _ 0 9 11 3 6 5 1 7 2 8 4 
[00050908] 3 | _ 0 9 11 3 _ 0 1 7 2 8 4 
[00050909] 2 | _ 0 9 11 3 5 0 1 7 2 8 4 
[00050910] 3 | _ 0 9 11 3 _ 6 1 7 2 8 4 
[00050911] 2 | _ 0 9 11 3 5 6 1 7 2 8 4 
[00050912] 5 | _ 0 9 11 3 _ _ 1 7 _ 8 3 
