[00200703] 2 | 2 10 4 1 11 7 0 8 3 _ 5 3 
[00200704] 3 | 2 10 4 1 11 7 0 8 3 _ 6 9 
[00200705] 2 | 2 10 4 1 11 7 0 8 3 5 6 9 
[00200706] 3 | 2 10 4 1 11 7 0 8 3 _ 9 6 
[00200707] 2 | 2 10 4 1 11 7 0 8 3 5 9 6 
[00200708] 1 | 2 10 4 1 11 7 0 8 3 5 9 6  *Graceful*
[00200708] 4 | 2 10 4 1 11 _ 0 8 3 7 _ _ 
[00200709] 3 | 2 10 4 1 11 8 0 8 3 7 _ _ 
[00200710] 3 | 2 10 4 1 11 _ 0 8 3 7 5 _ 
[00200711] 2 | 2 10 4 1 11 9 0 8 3 7 5 _ 
[00200712] 1 | 2 10 4 1 11 9 0 8 3 7 5 6  *Graceful*
[00200712] 3 | 2 10 4 1 11 _ 0 8 3 7 11 _ 
[00200713] 2 | 2 10 4 1 11 9 0 8 3 7 11 _ 
[00200714] 2 | 2 10 4 1 11 _ 0 8 3 7 11 9 
[00200715] 3 | 2 10 4 1 11 _ 0 8 3 7 6 9 
[00200716] 3 | 2 10 4 1 11 _ 0 8 3 7 9 6 
[00200717] 4 | 2 10 4 1 11 _ 0 8 3 _ 5 9 
[00200718] 3 | 2 10 4 1 11 _ 0 8 3 6 5 9 
[00200719] 4 | 2 10 4 1 11 _ 0 8 3 _ 9 5 
[00200720] 3 | 2 10 4 1 11 _ 0 8 3 6 9 5 
[00200721] 5 | 2 10 4 1 11 _ 0 8 _ _ 3 _ 
[00200722] 4 | 2 10 4 1 11 7 0 8 _ _ 3 _ 
[00200723] 3 | 2 10 4 1 11 7 0 8 5 _ 3 _ 
[00200724] 2 | 2 10 4 1 11 7 0 8 5 3 3 _ 
[00200725] 2 | 2 10 4 1 11 7 0 8 5 _ 3 5 
[00200726] 3 | 2 10 4 1 11 7 0 8 6 9 3 _ 
[00200727] 2 | 2 10 4 1 11 7 0 8 6 9 3 5 
[00200728] 3 | 2 10 4 1 11 7 0 8 9 6 3 _ 
[00200729] 2 | 2 10 4 1 11 7 0 8 9 6 3 5 
[00200730] 1 | 2 10 4 1 11 7 0 8 9 6 3 5  *Graceful*
[00200730] 3 | 2 10 4 1 11 7 0 8 _ _ 3 6 
[00200731] 4 | 2 10 4 1 11 _ 0 8 5 9 3 _ 
[00200732] 3 | 2 10 4 1 11 _ 0 8 5 9 3 6 
[00200733] 4 | 2 10 4 1 11 _ 0 8 9 5 3 _ 
[00200734] 3 | 2 10 4 1 11 _ 0 8 9 5 3 6 
[00200735] 4 | 2 10 4 1 11 _ 0 8 _ _ 3 7 
[00200736] 3 | 2 10 4 1 11 8 0 8 _ _ 3 7 
[00200737] 3 | 2 10 4 1 11 _ 0 8 5 _ 3 7 
[00200738] 2 | 2 10 4 1 11 9 0 8 5 _ 3 7 
[00200739] 1 | 2 10 4 1 11 9 0 8 5 6 3 7  *Graceful*
[00200739] 3 | 2 10 4 1 11 _ 0 8 11 _ 3 7 
[00200740] 2 | 2 10 4 1 11 9 0 8 11 _ 3 7 
[00200741] 2 | 2 10 4 1 11 _ 0 8 11 9 3 7 
[00200742] 3 | 2 10 4 1 11 _ 0 8 6 9 3 7 
[00200743] 3 | 2 10 4 1 11 _ 0 8 9 6 3 7 
[00200744] 6 | 2 10 _ 1 11 5 0 8 _ _ _ _ 
[00200745] 5 | 2 10 _ 1 11 5 0 8 3 _ _ _ 
[00200746] 4 | 2 10 6 1 11 5 0 8 3 _ _ _ 
[00200747] 3 | 2 10 6 1 11 5 0 8 3 _ 4 7 
[00200748] 3 | 2 10 6 1 11 5 0 8 3 _ 7 4 
[00200749] 4 | 2 10 _ 1 11 5 0 8 3 7 _ _ 
[00200750] 3 | 2 10 _ 1 11 5 0 8 3 7 6 9 
[00200751] 3 | 2 10 _ 1 11 5 0 8 3 7 9 6 
[00200752] 4 | 2 10 _ 1 11 5 0 8 3 _ 4 _ 
[00200753] 3 | 2 10 7 1 11 5 0 8 3 _ 4 _ 
[00200754] 2 | 2 10 7 1 11 5 0 8 3 _ 4 6 
[00200755] 3 | 2 10 _ 1 11 5 0 8 3 6 4 _ 
[00200756] 3 | 2 10 _ 1 11 5 0 8 3 _ 4 7 
[00200757] 5 | 2 10 _ 1 11 5 0 8 4 9 _ _ 
[00200758] 4 | 2 10 6 1 11 5 0 8 4 9 _ _ 
[00200759] 4 | 2 10 _ 1 11 5 0 8 4 9 3 7 
[00200760] 4 | 2 10 _ 1 11 5 0 8 4 9 7 3 
[00200761] 5 | 2 10 _ 1 11 5 0 8 9 4 _ _ 
[00200762] 4 | 2 10 6 1 11 5 0 8 9 4 _ _ 
[00200763] 4 | 2 10 _ 1 11 5 0 8 9 4 3 7 
[00200764] 4 | 2 10 _ 1 11 5 0 8 9 4 7 3 
[00200765] 5 | 2 10 _ 1 11 5 0 8 _ _ 3 _ 
[00200766] 4 | 2 10 6 1 11 5 0 8 _ _ 3 _ 
[00200767] 3 | 2 10 6 1 11 5 0 8 4 7 3 _ 
[00200768] 3 | 2 10 6 1 11 5 0 8 7 4 3 _ 
[00200769] 4 | 2 10 _ 1 11 5 0 8 4 _ 3 _ 
[00200770] 3 | 2 10 7 1 11 5 0 8 4 _ 3 _ 
[00200771] 2 | 2 10 7 1 11 5 0 8 4 6 3 _ 
[00200772] 3 | 2 10 _ 1 11 5 0 8 4 7 3 _ 
[00200773] 3 | 2 10 _ 1 11 5 0 8 4 _ 3 6 
[00200774] 4 | 2 10 _ 1 11 5 0 8 _ _ 3 7 
[00200775] 3 | 2 10 _ 1 11 5 0 8 6 9 3 7 
[00200776] 3 | 2 10 _ 1 11 5 0 8 9 6 3 7 
[00200777] 5 | 2 10 _ 1 11 5 0 8 _ _ 4 9 
[00200778] 4 | 2 10 6 1 11 5 0 8 _ _ 4 9 
[00200779] 4 | 2 10 _ 1 11 5 0 8 3 7 4 9 
[00200780] 4 | 2 10 _ 1 11 5 0 8 7 3 4 9 
[00200781] 5 | 2 10 _ 1 11 5 0 8 _ _ 9 4 
[00200782] 4 | 2 10 6 1 11 5 0 8 _ _ 9 4 
[00200783] 4 | 2 10 _ 1 11 5 0 8 3 7 9 4 
[00200784] 4 | 2 10 _ 1 11 5 0 8 7 3 9 4 
[00200785] 6 | 2 10 _ 1 11 _ 0 8 3 9 _ _ 
[00200786] 5 | 2 10 5 1 11 _ 0 8 3 9 _ _ 
[00200787] 4 | 2 10 5 1 11 7 0 8 3 9 _ _ 
[00200788] 4 | 2 10 5 1 11 _ 0 8 3 9 4 _ 
[00200789] 3 | 2 10 5 1 11 _ 0 8 3 9 4 7 
[00200790] 5 | 2 10 _ 1 11 6 0 8 3 9 _ _ 
[00200791] 4 | 2 10 _ 1 11 6 0 8 3 9 4 _ 
[00200792] 3 | 2 10 7 1 11 6 0 8 3 9 4 _ 
[00200793] 3 | 2 10 _ 1 11 6 0 8 3 9 4 7 
[00200794] 6 | 2 10 _ 1 11 _ 0 8 9 3 _ _ 
[00200795] 5 | 2 10 5 1 11 _ 0 8 9 3 _ _ 
[00200796] 4 | 2 10 5 1 11 7 0 8 9 3 _ _ 
[00200797] 4 | 2 10 5 1 11 _ 0 8 9 3 4 _ 
[00200798] 3 | 2 10 5 1 11 _ 0 8 9 3 4 7 
[00200799] 5 | 2 10 _ 1 11 6 0 8 9 3 _ _ 
[00200800] 4 | 2 10 _ 1 11 6 0 8 9 3 4 _ 
[00200801] 3 | 2 10 7 1 11 6 0 8 9 3 4 _ 
[00200802] 3 | 2 10 _ 1 11 6 0 8 9 3 4 7 
[00200803] 6 | 2 10 _ 1 11 _ 0 8 _ _ 3 9 
[00200804] 5 | 2 10 5 1 11 _ 0 8 _ _ 3 9 
[00200805] 4 | 2 10 5 1 11 7 0 8 _ _ 3 9 
[00200806] 4 | 2 10 5 1 11 _ 0 8 4 _ 3 9 
[00200807] 3 | 2 10 5 1 11 _ 0 8 4 7 3 9 
[00200808] 5 | 2 10 _ 1 11 6 0 8 _ _ 3 9 
[00200809] 4 | 2 10 _ 1 11 6 0 8 4 _ 3 9 
[00200810] 3 | 2 10 7 1 11 6 0 8 4 _ 3 9 
[00200811] 3 | 2 10 _ 1 11 6 0 8 4 7 3 9 
[00200812] 6 | 2 10 _ 1 11 _ 0 8 _ _ 9 3 
[00200813] 5 | 2 10 5 1 11 _ 0 8 _ _ 9 3 
[00200814] 4 | 2 10 5 1 11 7 0 8 _ _ 9 3 
[00200815] 4 | 2 10 5 1 11 _ 0 8 4 _ 9 3 
[00200816] 3 | 2 10 5 1 11 _ 0 8 4 7 9 3 
[00200817] 5 | 2 10 _ 1 11 6 0 8 _ _ 9 3 
[00200818] 4 | 2 10 _ 1 11 6 0 8 4 _ 9 3 
[00200819] 3 | 2 10 7 1 11 6 0 8 4 _ 9 3 
[00200820] 3 | 2 10 _ 1 11 6 0 8 4 7 9 3 
[00200821] 8 | _ 10 2 1 11 _ 0 _ _ _ _ _ 
[00200822] 7 | 3 10 2 1 11 _ 0 _ _ _ _ _ 
[00200823] 6 | 3 10 2 1 11 5 0 _ _ _ _ _ 
[00200824] 5 | 3 10 2 1 11 5 0 6 _ _ _ _ 
[00200825] 4 | 3 10 2 1 11 5 0 6 4 8 _ _ 
[00200826] 3 | 3 10 2 1 11 5 0 6 4 8 9 _ 
[00200827] 2 | 3 10 2 1 11 5 0 6 4 8 9 7 
[00200828] 4 | 3 10 2 1 11 5 0 6 8 4 _ _ 
[00200829] 3 | 3 10 2 1 11 5 0 6 8 4 9 _ 
[00200830] 2 | 3 10 2 1 11 5 0 6 8 4 9 7 
[00200831] 4 | 3 10 2 1 11 5 0 6 _ _ 4 8 
[00200832] 3 | 3 10 2 1 11 5 0 6 9 _ 4 8 
[00200833] 2 | 3 10 2 1 11 5 0 6 9 7 4 8 
[00200834] 4 | 3 10 2 1 11 5 0 6 _ _ 8 4 
[00200835] 3 | 3 10 2 1 11 5 0 6 9 _ 8 4 
[00200836] 2 | 3 10 2 1 11 5 0 6 9 7 8 4 
[00200837] 5 | 3 10 2 1 11 5 0 4 9 _ _ _ 
[00200838] 4 | 3 10 2 1 11 5 0 4 9 _ 8 _ 
[00200839] 3 | 3 10 2 1 11 5 0 4 9 6 8 _ 
[00200840] 5 | 3 10 2 1 11 5 0 9 4 _ _ _ 
[00200841] 4 | 3 10 2 1 11 5 0 9 4 8 _ _ 
[00200842] 3 | 3 10 2 1 11 5 0 9 4 8 6 _ 
[00200843] 5 | 3 10 2 1 11 5 0 _ 4 9 _ _ 
[00200844] 4 | 3 10 2 1 11 5 0 8 4 9 _ _ 
[00200845] 5 | 3 10 2 1 11 5 0 _ 9 4 _ _ 
[00200846] 5 | 3 10 2 1 11 5 0 4 _ _ 9 _ 
[00200847] 4 | 3 10 2 1 11 5 0 4 8 _ 9 _ 
[00200848] 3 | 3 10 2 1 11 5 0 4 8 _ 9 6 
[00200849] 5 | 3 10 2 1 11 5 0 9 _ _ 4 _ 
[00200850] 4 | 3 10 2 1 11 5 0 9 _ _ 4 8 
[00200851] 3 | 3 10 2 1 11 5 0 9 6 _ 4 8 
[00200852] 5 | 3 10 2 1 11 5 0 _ _ _ 4 9 
[00200853] 4 | 3 10 2 1 11 5 0 8 _ _ 4 9 
[00200854] 5 | 3 10 2 1 11 5 0 _ _ _ 9 4 
[00200855] 6 | 3 10 2 1 11 _ 0 7 _ _ _ _ 
[00200856] 5 | 3 10 2 1 11 6 0 7 _ _ _ _ 
[00200857] 4 | 3 10 2 1 11 6 0 7 4 8 _ _ 
[00200858] 4 | 3 10 2 1 11 6 0 7 5 9 _ _ 
[00200859] 3 | 3 10 2 1 11 6 0 7 5 9 4 _ 
[00200860] 4 | 3 10 2 1 11 6 0 7 8 4 _ _ 
[00200861] 4 | 3 10 2 1 11 6 0 7 9 5 _ _ 
[00200862] 3 | 3 10 2 1 11 6 0 7 9 5 4 _ 
[00200863] 4 | 3 10 2 1 11 6 0 7 _ _ 4 8 
[00200864] 4 | 3 10 2 1 11 6 0 7 _ _ 5 9 
[00200865] 3 | 3 10 2 1 11 6 0 7 4 _ 5 9 
[00200866] 4 | 3 10 2 1 11 6 0 7 _ _ 8 4 
[00200867] 4 | 3 10 2 1 11 6 0 7 _ _ 9 5 
[00200868] 3 | 3 10 2 1 11 6 0 7 4 _ 9 5 
[00200869] 5 | 3 10 2 1 11 _ 0 7 4 9 _ _ 
[00200870] 4 | 3 10 2 1 11 7 0 7 4 9 _ _ 
[00200871] 3 | 3 10 2 1 11 7 0 7 4 9 5 8 
[00200872] 3 | 3 10 2 1 11 7 0 7 4 9 8 5 
[00200873] 4 | 3 10 2 1 11 _ 0 7 4 9 11 _ 
[00200874] 3 | 3 10 2 1 11 8 0 7 4 9 11 _ 
[00200875] 3 | 3 10 2 1 11 _ 0 7 4 9 11 8 
[00200876] 5 | 3 10 2 1 11 _ 0 7 9 4 _ _ 
[00200877] 4 | 3 10 2 1 11 7 0 7 9 4 _ _ 
[00200878] 3 | 3 10 2 1 11 7 0 7 9 4 5 8 
[00200879] 3 | 3 10 2 1 11 7 0 7 9 4 8 5 
[00200880] 4 | 3 10 2 1 11 _ 0 7 9 4 11 _ 
[00200881] 3 | 3 10 2 1 11 8 0 7 9 4 11 _ 
[00200882] 3 | 3 10 2 1 11 _ 0 7 9 4 11 8 
[00200883] 5 | 3 10 2 1 11 _ 0 7 _ _ 4 9 
[00200884] 4 | 3 10 2 1 11 7 0 7 _ _ 4 9 
[00200885] 3 | 3 10 2 1 11 7 0 7 5 8 4 9 
[00200886] 3 | 3 10 2 1 11 7 0 7 8 5 4 9 
[00200887] 4 | 3 10 2 1 11 _ 0 7 11 _ 4 9 
[00200888] 3 | 3 10 2 1 11 8 0 7 11 _ 4 9 
[00200889] 3 | 3 10 2 1 11 _ 0 7 11 8 4 9 
[00200890] 5 | 3 10 2 1 11 _ 0 7 _ _ 9 4 
[00200891] 4 | 3 10 2 1 11 7 0 7 _ _ 9 4 
[00200892] 3 | 3 10 2 1 11 7 0 7 5 8 9 4 
[00200893] 3 | 3 10 2 1 11 7 0 7 8 5 9 4 
[00200894] 4 | 3 10 2 1 11 _ 0 7 11 _ 9 4 
[00200895] 3 | 3 10 2 1 11 8 0 7 11 _ 9 4 
[00200896] 3 | 3 10 2 1 11 _ 0 7 11 8 9 4 
[00200897] 7 | _ 10 2 1 11 4 0 _ _ _ _ _ 
[00200898] 6 | _ 10 2 1 11 4 0 7 _ _ _ _ 
[00200899] 5 | 5 10 2 1 11 4 0 7 _ _ _ _ 
[00200900] 4 | 5 10 2 1 11 4 0 7 3 _ _ _ 
[00200901] 3 | 5 10 2 1 11 4 0 7 3 6 _ _ 
[00200902] 2 | 5 10 2 1 11 4 0 7 3 6 9 _ 
[00200903] 1 | 5 10 2 1 11 4 0 7 3 6 9 8  *Graceful*
[00200903] 3 | 5 10 2 1 11 4 0 7 3 _ 6 9 
[00200904] 3 | 5 10 2 1 11 4 0 7 3 _ 9 6 
[00200905] 4 | 5 10 2 1 11 4 0 7 _ _ 3 _ 
[00200906] 3 | 5 10 2 1 11 4 0 7 6 9 3 _ 
[00200907] 3 | 5 10 2 1 11 4 0 7 9 6 3 _ 
[00200908] 3 | 5 10 2 1 11 4 0 7 _ _ 3 6 
[00200909] 2 | 5 10 2 1 11 4 0 7 9 _ 3 6 
[00200910] 1 | 5 10 2 1 11 4 0 7 9 8 3 6  *Graceful*
[00200910] 5 | _ 10 2 1 11 4 0 7 3 8 _ _ 
[00200911] 4 | 6 10 2 1 11 4 0 7 3 8 _ _ 
[00200912] 4 | _ 10 2 1 11 4 0 7 3 8 5 9 
[00200913] 4 | _ 10 2 1 11 4 0 7 3 8 9 5 
[00200914] 5 | _ 10 2 1 11 4 0 7 8 3 _ _ 
[00200915] 4 | 6 10 2 1 11 4 0 7 8 3 _ _ 
[00200916] 4 | _ 10 2 1 11 4 0 7 8 3 5 9 
[00200917] 4 | _ 10 2 1 11 4 0 7 8 3 9 5 
[00200918] 5 | _ 10 2 1 11 4 0 7 _ _ 3 8 
[00200919] 4 | 6 10 2 1 11 4 0 7 _ _ 3 8 
[00200920] 4 | _ 10 2 1 11 4 0 7 5 9 3 8 
[00200921] 4 | _ 10 2 1 11 4 0 7 9 5 3 8 
[00200922] 5 | _ 10 2 1 11 4 0 7 _ _ 8 3 
[00200923] 4 | 6 10 2 1 11 4 0 7 _ _ 8 3 
[00200924] 4 | _ 10 2 1 11 4 0 7 5 9 8 3 
[00200925] 4 | _ 10 2 1 11 4 0 7 9 5 8 3 
[00200926] 6 | _ 10 2 1 11 4 0 3 9 _ _ _ 
[00200927] 5 | 5 10 2 1 11 4 0 3 9 _ _ _ 
[00200928] 4 | 5 10 2 1 11 4 0 3 9 _ 7 _ 
[00200929] 3 | 5 10 2 1 11 4 0 3 9 6 7 _ 
[00200930] 5 | _ 10 2 1 11 4 0 3 9 _ 8 _ 
[00200931] 4 | 6 10 2 1 11 4 0 3 9 _ 8 _ 
[00200932] 3 | 6 10 2 1 11 4 0 3 9 _ 8 5 
[00200933] 2 | 6 10 2 1 11 4 0 3 9 7 8 5 
[00200934] 4 | _ 10 2 1 11 4 0 3 9 5 8 _ 
[00200935] 3 | 7 10 2 1 11 4 0 3 9 5 8 _ 
[00200936] 2 | 7 10 2 1 11 4 0 3 9 5 8 6 
[00200937] 6 | _ 10 2 1 11 4 0 9 3 _ _ _ 
[00200938] 5 | 5 10 2 1 11 4 0 9 3 _ _ _ 
[00200939] 4 | 5 10 2 1 11 4 0 9 3 7 _ _ 
[00200940] 3 | 5 10 2 1 11 4 0 9 3 7 6 _ 
[00200941] 2 | 5 10 2 1 11 4 0 9 3 7 6 8 
[00200942] 5 | _ 10 2 1 11 4 0 9 3 8 _ _ 
[00200943] 4 | 6 10 2 1 11 4 0 9 3 8 _ _ 
[00200944] 4 | _ 10 2 1 11 4 0 9 3 8 5 _ 
[00200945] 3 | 7 10 2 1 11 4 0 9 3 8 5 _ 
[00200946] 6 | _ 10 2 1 11 4 0 _ 3 9 _ _ 
[00200947] 5 | 5 10 2 1 11 4 0 _ 3 9 _ _ 
[00200948] 4 | 5 10 2 1 11 4 0 7 3 9 _ _ 
[00200949] 5 | _ 10 2 1 11 4 0 6 3 9 _ _ 
[00200950] 4 | 6 10 2 1 11 4 0 6 3 9 _ _ 
[00200951] 3 | 6 10 2 1 11 4 0 6 3 9 5 8 
[00200952] 3 | 6 10 2 1 11 4 0 6 3 9 8 5 
[00200953] 4 | _ 10 2 1 11 4 0 6 3 9 10 _ 
[00200954] 3 | 7 10 2 1 11 4 0 6 3 9 10 _ 
[00200955] 3 | _ 10 2 1 11 4 0 6 3 9 10 7 
[00200956] 5 | _ 10 2 1 11 4 0 8 3 9 _ _ 
[00200957] 4 | 6 10 2 1 11 4 0 8 3 9 _ _ 
[00200958] 3 | 6 10 2 1 11 4 0 8 3 9 5 _ 
[00200959] 2 | 6 10 2 1 11 4 0 8 3 9 5 7 
[00200960] 6 | _ 10 2 1 11 4 0 _ 9 3 _ _ 
[00200961] 5 | 5 10 2 1 11 4 0 _ 9 3 _ _ 
[00200962] 5 | _ 10 2 1 11 4 0 6 9 3 _ _ 
[00200963] 4 | 6 10 2 1 11 4 0 6 9 3 _ _ 
[00200964] 3 | 6 10 2 1 11 4 0 6 9 3 5 8 
[00200965] 3 | 6 10 2 1 11 4 0 6 9 3 8 5 
[00200966] 4 | _ 10 2 1 11 4 0 6 9 3 10 _ 
[00200967] 3 | 7 10 2 1 11 4 0 6 9 3 10 _ 
[00200968] 3 | _ 10 2 1 11 4 0 6 9 3 10 7 
[00200969] 6 | _ 10 2 1 11 4 0 3 _ _ 9 _ 
[00200970] 5 | 5 10 2 1 11 4 0 3 _ _ 9 _ 
[00200971] 4 | 5 10 2 1 11 4 0 3 7 _ 9 _ 
[00200972] 3 | 5 10 2 1 11 4 0 3 7 _ 9 6 
[00200973] 5 | _ 10 2 1 11 4 0 3 8 _ 9 _ 
[00200974] 4 | 6 10 2 1 11 4 0 3 8 _ 9 _ 
[00200975] 3 | 6 10 2 1 11 4 0 3 8 5 9 _ 
[00200976] 2 | 6 10 2 1 11 4 0 3 8 5 9 7 
[00200977] 4 | _ 10 2 1 11 4 0 3 8 _ 9 5 
[00200978] 3 | 7 10 2 1 11 4 0 3 8 _ 9 5 
[00200979] 2 | 7 10 2 1 11 4 0 3 8 6 9 5 
[00200980] 6 | _ 10 2 1 11 4 0 9 _ _ 3 _ 
[00200981] 5 | 5 10 2 1 11 4 0 9 _ _ 3 _ 
[00200982] 4 | 5 10 2 1 11 4 0 9 _ _ 3 7 
[00200983] 3 | 5 10 2 1 11 4 0 9 6 _ 3 7 
[00200984] 2 | 5 10 2 1 11 4 0 9 6 8 3 7 
[00200985] 5 | _ 10 2 1 11 4 0 9 _ _ 3 8 
[00200986] 4 | 6 10 2 1 11 4 0 9 _ _ 3 8 
[00200987] 4 | _ 10 2 1 11 4 0 9 5 _ 3 8 
[00200988] 3 | 7 10 2 1 11 4 0 9 5 _ 3 8 
[00200989] 6 | _ 10 2 1 11 4 0 _ _ _ 3 9 
[00200990] 5 | 5 10 2 1 11 4 0 _ _ _ 3 9 
[00200991] 4 | 5 10 2 1 11 4 0 7 _ _ 3 9 
[00200992] 5 | _ 10 2 1 11 4 0 6 _ _ 3 9 
[00200993] 4 | 6 10 2 1 11 4 0 6 _ _ 3 9 
[00200994] 3 | 6 10 2 1 11 4 0 6 5 8 3 9 
[00200995] 3 | 6 10 2 1 11 4 0 6 8 5 3 9 
[00200996] 4 | _ 10 2 1 11 4 0 6 10 _ 3 9 
[00200997] 3 | 7 10 2 1 11 4 0 6 10 _ 3 9 
[00200998] 3 | _ 10 2 1 11 4 0 6 10 7 3 9 
[00200999] 5 | _ 10 2 1 11 4 0 8 _ _ 3 9 
[00201000] 4 | 6 10 2 1 11 4 0 8 _ _ 3 9 
[00201001] 3 | 6 10 2 1 11 4 0 8 5 _ 3 9 
[00201002] 2 | 6 10 2 1 11 4 0 8 5 7 3 9 
[00201003] 6 | _ 10 2 1 11 4 0 _ _ _ 9 3 
[00201004] 5 | 5 10 2 1 11 4 0 _ _ _ 9 3 
[00201005] 5 | _ 10 2 1 11 4 0 6 _ _ 9 3 
[00201006] 4 | 6 10 2 1 11 4 0 6 _ _ 9 3 
[00201007] 3 | 6 10 2 1 11 4 0 6 5 8 9 3 
[00201008] 3 | 6 10 2 1 11 4 0 6 8 5 9 3 
[00201009] 4 | _ 10 2 1 11 4 0 6 10 _ 9 3 
[00201010] 3 | 7 10 2 1 11 4 0 6 10 _ 9 3 
[00201011] 3 | _ 10 2 1 11 4 0 6 10 7 9 3 
[00201012] 7 | _ 10 2 1 11 _ 0 8 _ _ _ _ 
[00201013] 6 | 4 10 2 1 11 _ 0 8 _ _ _ _ 
[00201014] 5 | 4 10 2 1 11 6 0 8 _ _ _ _ 
[00201015] 4 | 4 10 2 1 11 6 0 8 3 7 _ _ 
[00201016] 3 | 4 10 2 1 11 6 0 8 3 7 5 _ 
[00201017] 4 | 4 10 2 1 11 6 0 8 5 9 _ _ 
[00201018] 4 | 4 10 2 1 11 6 0 8 7 3 _ _ 
[00201019] 3 | 4 10 2 1 11 6 0 8 7 3 5 _ 
[00201020] 4 | 4 10 2 1 11 6 0 8 9 5 _ _ 
[00201021] 4 | 4 10 2 1 11 6 0 8 _ _ 3 7 
[00201022] 3 | 4 10 2 1 11 6 0 8 5 _ 3 7 
[00201023] 4 | 4 10 2 1 11 6 0 8 _ _ 5 9 
[00201024] 4 | 4 10 2 1 11 6 0 8 _ _ 7 3 
[00201025] 3 | 4 10 2 1 11 6 0 8 5 _ 7 3 
[00201026] 4 | 4 10 2 1 11 6 0 8 _ _ 9 5 
[00201027] 5 | 4 10 2 1 11 _ 0 8 3 _ _ _ 
[00201028] 4 | 4 10 2 1 11 7 0 8 3 _ _ _ 
[00201029] 3 | 4 10 2 1 11 7 0 8 3 6 _ _ 
[00201030] 3 | 4 10 2 1 11 7 0 8 3 _ 5 _ 
[00201031] 2 | 4 10 2 1 11 7 0 8 3 5 5 _ 
[00201032] 2 | 4 10 2 1 11 7 0 8 3 _ 5 3 
[00201033] 3 | 4 10 2 1 11 7 0 8 3 _ 6 9 
[00201034] 2 | 4 10 2 1 11 7 0 8 3 5 6 9 
[00201035] 3 | 4 10 2 1 11 7 0 8 3 _ 9 6 
[00201036] 2 | 4 10 2 1 11 7 0 8 3 5 9 6 
[00201037] 1 | 4 10 2 1 11 7 0 8 3 5 9 6  *Graceful*
[00201037] 4 | 4 10 2 1 11 _ 0 8 3 7 _ _ 
[00201038] 3 | 4 10 2 1 11 8 0 8 3 7 _ _ 
[00201039] 3 | 4 10 2 1 11 _ 0 8 3 7 5 _ 
[00201040] 2 | 4 10 2 1 11 9 0 8 3 7 5 _ 
[00201041] 1 | 4 10 2 1 11 9 0 8 3 7 5 6  *Graceful*
[00201041] 3 | 4 10 2 1 11 _ 0 8 3 7 11 _ 
[00201042] 2 | 4 10 2 1 11 9 0 8 3 7 11 _ 
[00201043] 2 | 4 10 2 1 11 _ 0 8 3 7 11 9 
[00201044] 3 | 4 10 2 1 11 _ 0 8 3 7 6 9 
[00201045] 3 | 4 10 2 1 11 _ 0 8 3 7 9 6 
[00201046] 4 | 4 10 2 1 11 _ 0 8 3 _ 5 9 
[00201047] 3 | 4 10 2 1 11 _ 0 8 3 6 5 9 
[00201048] 4 | 4 10 2 1 11 _ 0 8 3 _ 9 5 
[00201049] 3 | 4 10 2 1 11 _ 0 8 3 6 9 5 
[00201050] 5 | 4 10 2 1 11 _ 0 8 _ _ 3 _ 
[00201051] 4 | 4 10 2 1 11 7 0 8 _ _ 3 _ 
[00201052] 3 | 4 10 2 1 11 7 0 8 5 _ 3 _ 
[00201053] 2 | 4 10 2 1 11 7 0 8 5 3 3 _ 
[00201054] 2 | 4 10 2 1 11 7 0 8 5 _ 3 5 
[00201055] 3 | 4 10 2 1 11 7 0 8 6 9 3 _ 
[00201056] 2 | 4 10 2 1 11 7 0 8 6 9 3 5 
[00201057] 3 | 4 10 2 1 11 7 0 8 9 6 3 _ 
[00201058] 2 | 4 10 2 1 11 7 0 8 9 6 3 5 
[00201059] 1 | 4 10 2 1 11 7 0 8 9 6 3 5  *Graceful*
[00201059] 3 | 4 10 2 1 11 7 0 8 _ _ 3 6 
[00201060] 4 | 4 10 2 1 11 _ 0 8 5 9 3 _ 
[00201061] 3 | 4 10 2 1 11 _ 0 8 5 9 3 6 
[00201062] 4 | 4 10 2 1 11 _ 0 8 9 5 3 _ 
[00201063] 3 | 4 10 2 1 11 _ 0 8 9 5 3 6 
[00201064] 4 | 4 10 2 1 11 _ 0 8 _ _ 3 7 
[00201065] 3 | 4 10 2 1 11 8 0 8 _ _ 3 7 
[00201066] 3 | 4 10 2 1 11 _ 0 8 5 _ 3 7 
[00201067] 2 | 4 10 2 1 11 9 0 8 5 _ 3 7 
[00201068] 1 | 4 10 2 1 11 9 0 8 5 6 3 7  *Graceful*
[00201068] 3 | 4 10 2 1 11 _ 0 8 11 _ 3 7 
[00201069] 2 | 4 10 2 1 11 9 0 8 11 _ 3 7 
[00201070] 2 | 4 10 2 1 11 _ 0 8 11 9 3 7 
[00201071] 3 | 4 10 2 1 11 _ 0 8 6 9 3 7 
[00201072] 3 | 4 10 2 1 11 _ 0 8 9 6 3 7 
[00201073] 6 | _ 10 2 1 11 5 0 8 _ _ _ _ 
[00201074] 5 | _ 10 2 1 11 5 0 8 3 _ _ _ 
[00201075] 4 | 6 10 2 1 11 5 0 8 3 _ _ _ 
[00201076] 3 | 6 10 2 1 11 5 0 8 3 _ 4 7 
[00201077] 3 | 6 10 2 1 11 5 0 8 3 _ 7 4 
[00201078] 4 | _ 10 2 1 11 5 0 8 3 7 _ _ 
[00201079] 3 | _ 10 2 1 11 5 0 8 3 7 6 9 
[00201080] 3 | _ 10 2 1 11 5 0 8 3 7 9 6 
[00201081] 4 | _ 10 2 1 11 5 0 8 3 _ 4 _ 
[00201082] 3 | 7 10 2 1 11 5 0 8 3 _ 4 _ 
[00201083] 2 | 7 10 2 1 11 5 0 8 3 _ 4 6 
[00201084] 3 | _ 10 2 1 11 5 0 8 3 6 4 _ 
[00201085] 3 | _ 10 2 1 11 5 0 8 3 _ 4 7 
[00201086] 5 | _ 10 2 1 11 5 0 8 4 9 _ _ 
[00201087] 4 | 6 10 2 1 11 5 0 8 4 9 _ _ 
[00201088] 4 | _ 10 2 1 11 5 0 8 4 9 3 7 
[00201089] 4 | _ 10 2 1 11 5 0 8 4 9 7 3 
[00201090] 5 | _ 10 2 1 11 5 0 8 9 4 _ _ 
[00201091] 4 | 6 10 2 1 11 5 0 8 9 4 _ _ 
[00201092] 4 | _ 10 2 1 11 5 0 8 9 4 3 7 
[00201093] 4 | _ 10 2 1 11 5 0 8 9 4 7 3 
[00201094] 5 | _ 10 2 1 11 5 0 8 _ _ 3 _ 
[00201095] 4 | 6 10 2 1 11 5 0 8 _ _ 3 _ 
[00201096] 3 | 6 10 2 1 11 5 0 8 4 7 3 _ 
[00201097] 3 | 6 10 2 1 11 5 0 8 7 4 3 _ 
[00201098] 4 | _ 10 2 1 11 5 0 8 4 _ 3 _ 
[00201099] 3 | 7 10 2 1 11 5 0 8 4 _ 3 _ 
[00201100] 2 | 7 10 2 1 11 5 0 8 4 6 3 _ 
[00201101] 3 | _ 10 2 1 11 5 0 8 4 7 3 _ 
[00201102] 3 | _ 10 2 1 11 5 0 8 4 _ 3 6 
[00201103] 4 | _ 10 2 1 11 5 0 8 _ _ 3 7 
[00201104] 3 | _ 10 2 1 11 5 0 8 6 9 3 7 
[00201105] 3 | _ 10 2 1 11 5 0 8 9 6 3 7 
[00201106] 5 | _ 10 2 1 11 5 0 8 _ _ 4 9 
[00201107] 4 | 6 10 2 1 11 5 0 8 _ _ 4 9 
[00201108] 4 | _ 10 2 1 11 5 0 8 3 7 4 9 
[00201109] 4 | _ 10 2 1 11 5 0 8 7 3 4 9 
[00201110] 5 | _ 10 2 1 11 5 0 8 _ _ 9 4 
[00201111] 4 | 6 10 2 1 11 5 0 8 _ _ 9 4 
[00201112] 4 | _ 10 2 1 11 5 0 8 3 7 9 4 
[00201113] 4 | _ 10 2 1 11 5 0 8 7 3 9 4 
[00201114] 6 | _ 10 2 1 11 _ 0 8 3 9 _ _ 
[00201115] 5 | 5 10 2 1 11 _ 0 8 3 9 _ _ 
[00201116] 4 | 5 10 2 1 11 7 0 8 3 9 _ _ 
[00201117] 4 | 5 10 2 1 11 _ 0 8 3 9 4 _ 
[00201118] 3 | 5 10 2 1 11 _ 0 8 3 9 4 7 
[00201119] 5 | _ 10 2 1 11 6 0 8 3 9 _ _ 
[00201120] 4 | _ 10 2 1 11 6 0 8 3 9 4 _ 
[00201121] 3 | 7 10 2 1 11 6 0 8 3 9 4 _ 
[00201122] 3 | _ 10 2 1 11 6 0 8 3 9 4 7 
[00201123] 6 | _ 10 2 1 11 _ 0 8 9 3 _ _ 
[00201124] 5 | 5 10 2 1 11 _ 0 8 9 3 _ _ 
[00201125] 4 | 5 10 2 1 11 7 0 8 9 3 _ _ 
[00201126] 4 | 5 10 2 1 11 _ 0 8 9 3 4 _ 
[00201127] 3 | 5 10 2 1 11 _ 0 8 9 3 4 7 
[00201128] 5 | _ 10 2 1 11 6 0 8 9 3 _ _ 
[00201129] 4 | _ 10 2 1 11 6 0 8 9 3 4 _ 
[00201130] 3 | 7 10 2 1 11 6 0 8 9 3 4 _ 
[00201131] 3 | _ 10 2 1 11 6 0 8 9 3 4 7 
[00201132] 6 | _ 10 2 1 11 _ 0 8 _ _ 3 9 
[00201133] 5 | 5 10 2 1 11 _ 0 8 _ _ 3 9 
[00201134] 4 | 5 10 2 1 11 7 0 8 _ _ 3 9 
[00201135] 4 | 5 10 2 1 11 _ 0 8 4 _ 3 9 
[00201136] 3 | 5 10 2 1 11 _ 0 8 4 7 3 9 
[00201137] 5 | _ 10 2 1 11 6 0 8 _ _ 3 9 
[00201138] 4 | _ 10 2 1 11 6 0 8 4 _ 3 9 
[00201139] 3 | 7 10 2 1 11 6 0 8 4 _ 3 9 
[00201140] 3 | _ 10 2 1 11 6 0 8 4 7 3 9 
[00201141] 6 | _ 10 2 1 11 _ 0 8 _ _ 9 3 
[00201142] 5 | 5 10 2 1 11 _ 0 8 _ _ 9 3 
[00201143] 4 | 5 10 2 1 11 7 0 8 _ _ 9 3 
[00201144] 4 | 5 10 2 1 11 _ 0 8 4 _ 9 3 
[00201145] 3 | 5 10 2 1 11 _ 0 8 4 7 9 3 
[00201146] 5 | _ 10 2 1 11 6 0 8 _ _ 9 3 
[00201147] 4 | _ 10 2 1 11 6 0 8 4 _ 9 3 
[00201148] 3 | 7 10 2 1 11 6 0 8 4 _ 9 3 
[00201149] 3 | _ 10 2 1 11 6 0 8 4 7 9 3 
[00201150] 8 | _ 10 _ 1 11 3 0 _ _ _ _ _ 
[00201151] 7 | _ 10 _ 1 11 3 0 8 _ _ _ _ 
[00201152] 6 | 4 10 _ 1 11 3 0 8 _ _ _ _ 
[00201153] 5 | 4 10 5 1 11 3 0 8 _ _ _ _ 
[00201154] 4 | 4 10 5 1 11 3 0 8 2 6 _ _ 
[00201155] 4 | 4 10 5 1 11 3 0 8 6 2 _ _ 
[00201156] 4 | 4 10 5 1 11 3 0 8 _ _ 2 6 
[00201157] 4 | 4 10 5 1 11 3 0 8 _ _ 6 2 
[00201158] 5 | 4 10 _ 1 11 3 0 8 2 7 _ _ 
[00201159] 4 | 4 10 6 1 11 3 0 8 2 7 _ _ 
[00201160] 3 | 4 10 6 1 11 3 0 8 2 7 5 _ 
[00201161] 4 | 4 10 _ 1 11 3 0 8 2 7 5 9 
[00201162] 4 | 4 10 _ 1 11 3 0 8 2 7 9 5 
[00201163] 5 | 4 10 _ 1 11 3 0 8 7 2 _ _ 
[00201164] 4 | 4 10 6 1 11 3 0 8 7 2 _ _ 
[00201165] 3 | 4 10 6 1 11 3 0 8 7 2 5 _ 
[00201166] 4 | 4 10 _ 1 11 3 0 8 7 2 5 9 
[00201167] 4 | 4 10 _ 1 11 3 0 8 7 2 9 5 
[00201168] 5 | 4 10 _ 1 11 3 0 8 _ _ 2 7 
[00201169] 4 | 4 10 6 1 11 3 0 8 _ _ 2 7 
[00201170] 3 | 4 10 6 1 11 3 0 8 5 _ 2 7 
[00201171] 4 | 4 10 _ 1 11 3 0 8 5 9 2 7 
[00201172] 4 | 4 10 _ 1 11 3 0 8 9 5 2 7 
[00201173] 5 | 4 10 _ 1 11 3 0 8 _ _ 7 2 
[00201174] 4 | 4 10 6 1 11 3 0 8 _ _ 7 2 
[00201175] 3 | 4 10 6 1 11 3 0 8 5 _ 7 2 
[00201176] 4 | 4 10 _ 1 11 3 0 8 5 9 7 2 
[00201177] 4 | 4 10 _ 1 11 3 0 8 9 5 7 2 
[00201178] 6 | _ 10 4 1 11 3 0 8 _ _ _ _ 
[00201179] 5 | 5 10 4 1 11 3 0 8 _ _ _ _ 
[00201180] 4 | 5 10 4 1 11 3 0 8 2 6 _ _ 
[00201181] 4 | 5 10 4 1 11 3 0 8 6 2 _ _ 
[00201182] 4 | 5 10 4 1 11 3 0 8 _ _ 2 6 
[00201183] 4 | 5 10 4 1 11 3 0 8 _ _ 6 2 
[00201184] 5 | _ 10 4 1 11 3 0 8 2 7 _ _ 
[00201185] 4 | 6 10 4 1 11 3 0 8 2 7 _ _ 
[00201186] 3 | 6 10 4 1 11 3 0 8 2 7 5 _ 
[00201187] 4 | _ 10 4 1 11 3 0 8 2 7 5 9 
[00201188] 4 | _ 10 4 1 11 3 0 8 2 7 9 5 
[00201189] 5 | _ 10 4 1 11 3 0 8 7 2 _ _ 
[00201190] 4 | 6 10 4 1 11 3 0 8 7 2 _ _ 
[00201191] 3 | 6 10 4 1 11 3 0 8 7 2 5 _ 
[00201192] 4 | _ 10 4 1 11 3 0 8 7 2 5 9 
