[00168541] 2 | _ 2 9 11 0 5 8 1 4 6 7 3 
[00168542] 5 | _ 2 9 11 0 _ 8 1 6 _ 7 _ 
[00168543] 4 | 6 2 9 11 0 _ 8 1 6 _ 7 _ 
[00168544] 3 | 6 2 9 11 0 3 8 1 6 _ 7 _ 
[00168545] 2 | 6 2 9 11 0 3 8 1 6 _ 7 5 
[00168546] 3 | 6 2 9 11 0 _ 8 1 6 _ 7 4 
[00168547] 3 | 6 2 9 11 0 _ 8 1 6 _ 7 10 
[00168548] 4 | _ 2 9 11 0 4 8 1 6 _ 7 _ 
[00168549] 3 | 5 2 9 11 0 4 8 1 6 _ 7 _ 
[00168550] 3 | _ 2 9 11 0 4 8 1 6 3 7 _ 
[00168551] 2 | _ 2 9 11 0 4 8 1 6 3 7 5 
[00168552] 3 | _ 2 9 11 0 4 8 1 6 _ 7 10 
[00168553] 4 | _ 2 9 11 0 _ 8 1 6 2 7 _ 
[00168554] 3 | _ 2 9 11 0 3 8 1 6 2 7 _ 
[00168555] 2 | _ 2 9 11 0 3 8 1 6 2 7 5 
[00168556] 3 | _ 2 9 11 0 _ 8 1 6 2 7 4 
[00168557] 3 | _ 2 9 11 0 _ 8 1 6 2 7 10 
[00168558] 4 | _ 2 9 11 0 _ 8 1 6 10 7 _ 
[00168559] 3 | 5 2 9 11 0 _ 8 1 6 10 7 _ 
[00168560] 3 | _ 2 9 11 0 3 8 1 6 10 7 _ 
[00168561] 2 | 4 2 9 11 0 3 8 1 6 10 7 _ 
[00168562] 2 | _ 2 9 11 0 3 8 1 6 10 7 5 
[00168563] 3 | _ 2 9 11 0 _ 8 1 6 10 7 4 
[00168564] 2 | 0 2 9 11 0 _ 8 1 6 10 7 4 
[00168565] 2 | _ 2 9 11 0 2 8 1 6 10 7 4 
[00168566] 4 | _ 2 9 11 0 _ 8 1 6 _ 7 3 
[00168567] 3 | 5 2 9 11 0 _ 8 1 6 _ 7 3 
[00168568] 2 | 5 2 9 11 0 _ 8 1 6 4 7 3 
[00168569] 5 | _ 2 9 11 0 _ 8 1 5 10 7 _ 
[00168570] 4 | 6 2 9 11 0 _ 8 1 5 10 7 _ 
[00168571] 3 | 6 2 9 11 0 3 8 1 5 10 7 _ 
[00168572] 3 | 6 2 9 11 0 _ 8 1 5 10 7 4 
[00168573] 4 | _ 2 9 11 0 4 8 1 5 10 7 _ 
[00168574] 4 | _ 2 9 11 0 _ 8 1 5 10 7 3 
[00168575] 5 | _ 2 9 11 0 _ 8 1 10 5 7 _ 
[00168576] 4 | 6 2 9 11 0 _ 8 1 10 5 7 _ 
[00168577] 3 | 6 2 9 11 0 3 8 1 10 5 7 _ 
[00168578] 3 | 6 2 9 11 0 _ 8 1 10 5 7 4 
[00168579] 4 | _ 2 9 11 0 4 8 1 10 5 7 _ 
[00168580] 4 | _ 2 9 11 0 _ 8 1 10 5 7 3 
[00168581] 5 | _ 2 9 11 0 _ 8 1 _ _ 7 2 
[00168582] 4 | _ 2 9 11 0 4 8 1 _ _ 7 2 
[00168583] 3 | _ 2 9 11 0 4 8 1 3 6 7 2 
[00168584] 3 | _ 2 9 11 0 4 8 1 6 3 7 2 
[00168585] 4 | _ 2 9 11 0 _ 8 1 5 _ 7 2 
[00168586] 3 | _ 2 9 11 0 3 8 1 5 _ 7 2 
[00168587] 4 | _ 2 9 11 0 _ 8 1 6 10 7 2 
[00168588] 3 | _ 2 9 11 0 3 8 1 6 10 7 2 
[00168589] 4 | _ 2 9 11 0 _ 8 1 10 6 7 2 
[00168590] 3 | _ 2 9 11 0 3 8 1 10 6 7 2 
[00168591] 6 | _ 2 9 11 0 _ 8 1 _ _ 4 10 
[00168592] 5 | 7 2 9 11 0 _ 8 1 _ _ 4 10 
[00168593] 4 | 7 2 9 11 0 _ 8 1 5 _ 4 10 
[00168594] 3 | 7 2 9 11 0 3 8 1 5 _ 4 10 
[00168595] 5 | _ 2 9 11 0 5 8 1 _ _ 4 10 
[00168596] 4 | 6 2 9 11 0 5 8 1 _ _ 4 10 
[00168597] 4 | _ 2 9 11 0 5 8 1 3 7 4 10 
[00168598] 4 | _ 2 9 11 0 5 8 1 7 3 4 10 
[00168599] 5 | _ 2 9 11 0 _ 8 1 6 _ 4 10 
[00168600] 4 | 6 2 9 11 0 _ 8 1 6 _ 4 10 
[00168601] 3 | 6 2 9 11 0 3 8 1 6 _ 4 10 
[00168602] 4 | _ 2 9 11 0 _ 8 1 6 2 4 10 
[00168603] 3 | _ 2 9 11 0 3 8 1 6 2 4 10 
[00168604] 6 | _ 2 9 11 0 _ 8 1 _ _ 10 4 
[00168605] 5 | 7 2 9 11 0 _ 8 1 _ _ 10 4 
[00168606] 4 | 7 2 9 11 0 _ 8 1 5 _ 10 4 
[00168607] 3 | 7 2 9 11 0 3 8 1 5 _ 10 4 
[00168608] 5 | _ 2 9 11 0 5 8 1 _ _ 10 4 
[00168609] 4 | 6 2 9 11 0 5 8 1 _ _ 10 4 
[00168610] 4 | _ 2 9 11 0 5 8 1 3 7 10 4 
[00168611] 4 | _ 2 9 11 0 5 8 1 7 3 10 4 
[00168612] 5 | _ 2 9 11 0 _ 8 1 6 _ 10 4 
[00168613] 4 | 6 2 9 11 0 _ 8 1 6 _ 10 4 
[00168614] 3 | 6 2 9 11 0 3 8 1 6 _ 10 4 
[00168615] 4 | _ 2 9 11 0 _ 8 1 6 2 10 4 
[00168616] 3 | _ 2 9 11 0 3 8 1 6 2 10 4 
[00168617] 7 | _ 2 _ 11 0 7 8 1 _ _ _ _ 
[00168618] 6 | _ 2 _ 11 0 7 8 1 3 9 _ _ 
[00168619] 5 | _ 2 _ 11 0 7 8 1 3 9 6 _ 
[00168620] 4 | 6 2 _ 11 0 7 8 1 3 9 6 _ 
[00168621] 3 | 6 2 5 11 0 7 8 1 3 9 6 _ 
[00168622] 4 | _ 2 6 11 0 7 8 1 3 9 6 _ 
[00168623] 3 | 5 2 6 11 0 7 8 1 3 9 6 _ 
[00168624] 4 | _ 2 _ 11 0 7 8 1 3 9 6 2 
[00168625] 4 | _ 2 _ 11 0 7 8 1 3 9 6 10 
[00168626] 3 | 5 2 _ 11 0 7 8 1 3 9 6 10 
[00168627] 2 | 5 2 4 11 0 7 8 1 3 9 6 10 
[00168628] 3 | _ 2 5 11 0 7 8 1 3 9 6 10 
[00168629] 2 | 4 2 5 11 0 7 8 1 3 9 6 10 
[00168630] 5 | _ 2 _ 11 0 7 8 1 3 9 5 10 
[00168631] 4 | 6 2 _ 11 0 7 8 1 3 9 5 10 
[00168632] 4 | _ 2 6 11 0 7 8 1 3 9 5 10 
[00168633] 5 | _ 2 _ 11 0 7 8 1 3 9 10 5 
[00168634] 4 | 6 2 _ 11 0 7 8 1 3 9 10 5 
[00168635] 4 | _ 2 6 11 0 7 8 1 3 9 10 5 
[00168636] 6 | _ 2 _ 11 0 7 8 1 4 10 _ _ 
[00168637] 5 | _ 2 _ 11 0 7 8 1 4 10 6 _ 
[00168638] 4 | 6 2 _ 11 0 7 8 1 4 10 6 _ 
[00168639] 3 | 6 2 5 11 0 7 8 1 4 10 6 _ 
[00168640] 4 | _ 2 6 11 0 7 8 1 4 10 6 _ 
[00168641] 3 | 5 2 6 11 0 7 8 1 4 10 6 _ 
[00168642] 4 | _ 2 _ 11 0 7 8 1 4 10 6 2 
[00168643] 6 | _ 2 _ 11 0 7 8 1 9 3 _ _ 
[00168644] 5 | _ 2 _ 11 0 7 8 1 9 3 6 _ 
[00168645] 4 | 6 2 _ 11 0 7 8 1 9 3 6 _ 
[00168646] 3 | 6 2 5 11 0 7 8 1 9 3 6 _ 
[00168647] 4 | _ 2 6 11 0 7 8 1 9 3 6 _ 
[00168648] 3 | 5 2 6 11 0 7 8 1 9 3 6 _ 
[00168649] 4 | _ 2 _ 11 0 7 8 1 9 3 6 2 
[00168650] 4 | _ 2 _ 11 0 7 8 1 9 3 6 10 
[00168651] 3 | 5 2 _ 11 0 7 8 1 9 3 6 10 
[00168652] 2 | 5 2 4 11 0 7 8 1 9 3 6 10 
[00168653] 3 | _ 2 5 11 0 7 8 1 9 3 6 10 
[00168654] 2 | 4 2 5 11 0 7 8 1 9 3 6 10 
[00168655] 5 | _ 2 _ 11 0 7 8 1 9 3 5 10 
[00168656] 4 | 6 2 _ 11 0 7 8 1 9 3 5 10 
[00168657] 4 | _ 2 6 11 0 7 8 1 9 3 5 10 
[00168658] 5 | _ 2 _ 11 0 7 8 1 9 3 10 5 
[00168659] 4 | 6 2 _ 11 0 7 8 1 9 3 10 5 
[00168660] 4 | _ 2 6 11 0 7 8 1 9 3 10 5 
[00168661] 6 | _ 2 _ 11 0 7 8 1 10 4 _ _ 
[00168662] 5 | _ 2 _ 11 0 7 8 1 10 4 6 _ 
[00168663] 4 | 6 2 _ 11 0 7 8 1 10 4 6 _ 
[00168664] 3 | 6 2 5 11 0 7 8 1 10 4 6 _ 
[00168665] 4 | _ 2 6 11 0 7 8 1 10 4 6 _ 
[00168666] 3 | 5 2 6 11 0 7 8 1 10 4 6 _ 
[00168667] 4 | _ 2 _ 11 0 7 8 1 10 4 6 2 
[00168668] 6 | _ 2 _ 11 0 7 8 1 _ _ 3 9 
[00168669] 5 | _ 2 _ 11 0 7 8 1 6 _ 3 9 
[00168670] 4 | 6 2 _ 11 0 7 8 1 6 _ 3 9 
[00168671] 3 | 6 2 5 11 0 7 8 1 6 _ 3 9 
[00168672] 4 | _ 2 6 11 0 7 8 1 6 _ 3 9 
[00168673] 3 | 5 2 6 11 0 7 8 1 6 _ 3 9 
[00168674] 4 | _ 2 _ 11 0 7 8 1 6 2 3 9 
[00168675] 4 | _ 2 _ 11 0 7 8 1 6 10 3 9 
[00168676] 3 | 5 2 _ 11 0 7 8 1 6 10 3 9 
[00168677] 2 | 5 2 4 11 0 7 8 1 6 10 3 9 
[00168678] 3 | _ 2 5 11 0 7 8 1 6 10 3 9 
[00168679] 2 | 4 2 5 11 0 7 8 1 6 10 3 9 
[00168680] 5 | _ 2 _ 11 0 7 8 1 5 10 3 9 
[00168681] 4 | 6 2 _ 11 0 7 8 1 5 10 3 9 
[00168682] 4 | _ 2 6 11 0 7 8 1 5 10 3 9 
[00168683] 5 | _ 2 _ 11 0 7 8 1 10 5 3 9 
[00168684] 4 | 6 2 _ 11 0 7 8 1 10 5 3 9 
[00168685] 4 | _ 2 6 11 0 7 8 1 10 5 3 9 
[00168686] 6 | _ 2 _ 11 0 7 8 1 _ _ 4 10 
[00168687] 5 | _ 2 _ 11 0 7 8 1 6 _ 4 10 
[00168688] 4 | 6 2 _ 11 0 7 8 1 6 _ 4 10 
[00168689] 3 | 6 2 5 11 0 7 8 1 6 _ 4 10 
[00168690] 4 | _ 2 6 11 0 7 8 1 6 _ 4 10 
[00168691] 3 | 5 2 6 11 0 7 8 1 6 _ 4 10 
[00168692] 4 | _ 2 _ 11 0 7 8 1 6 2 4 10 
[00168693] 6 | _ 2 _ 11 0 7 8 1 _ _ 9 3 
[00168694] 5 | _ 2 _ 11 0 7 8 1 6 _ 9 3 
[00168695] 4 | 6 2 _ 11 0 7 8 1 6 _ 9 3 
[00168696] 3 | 6 2 5 11 0 7 8 1 6 _ 9 3 
[00168697] 4 | _ 2 6 11 0 7 8 1 6 _ 9 3 
[00168698] 3 | 5 2 6 11 0 7 8 1 6 _ 9 3 
[00168699] 4 | _ 2 _ 11 0 7 8 1 6 2 9 3 
[00168700] 4 | _ 2 _ 11 0 7 8 1 6 10 9 3 
[00168701] 3 | 5 2 _ 11 0 7 8 1 6 10 9 3 
[00168702] 2 | 5 2 4 11 0 7 8 1 6 10 9 3 
[00168703] 3 | _ 2 5 11 0 7 8 1 6 10 9 3 
[00168704] 2 | 4 2 5 11 0 7 8 1 6 10 9 3 
[00168705] 5 | _ 2 _ 11 0 7 8 1 5 10 9 3 
[00168706] 4 | 6 2 _ 11 0 7 8 1 5 10 9 3 
[00168707] 4 | _ 2 6 11 0 7 8 1 5 10 9 3 
[00168708] 5 | _ 2 _ 11 0 7 8 1 10 5 9 3 
[00168709] 4 | 6 2 _ 11 0 7 8 1 10 5 9 3 
[00168710] 4 | _ 2 6 11 0 7 8 1 10 5 9 3 
[00168711] 6 | _ 2 _ 11 0 7 8 1 _ _ 10 4 
[00168712] 5 | _ 2 _ 11 0 7 8 1 6 _ 10 4 
[00168713] 4 | 6 2 _ 11 0 7 8 1 6 _ 10 4 
[00168714] 3 | 6 2 5 11 0 7 8 1 6 _ 10 4 
[00168715] 4 | _ 2 6 11 0 7 8 1 6 _ 10 4 
[00168716] 3 | 5 2 6 11 0 7 8 1 6 _ 10 4 
[00168717] 4 | _ 2 _ 11 0 7 8 1 6 2 10 4 
[00168718] 7 | _ 2 _ 11 0 _ 8 1 3 10 _ _ 
[00168719] 6 | _ 2 _ 11 0 6 8 1 3 10 _ _ 
[00168720] 5 | 7 2 _ 11 0 6 8 1 3 10 _ _ 
[00168721] 4 | 7 2 _ 11 0 6 8 1 3 10 5 _ 
[00168722] 3 | 7 2 5 11 0 6 8 1 3 10 5 _ 
[00168723] 3 | 7 2 _ 11 0 6 8 1 3 10 5 2 
[00168724] 4 | 7 2 _ 11 0 6 8 1 3 10 5 9 
[00168725] 4 | 7 2 _ 11 0 6 8 1 3 10 9 5 
[00168726] 5 | _ 2 7 11 0 6 8 1 3 10 _ _ 
[00168727] 4 | _ 2 7 11 0 6 8 1 3 10 5 _ 
[00168728] 3 | 5 2 7 11 0 6 8 1 3 10 5 _ 
[00168729] 3 | _ 2 7 11 0 6 8 1 3 10 5 2 
[00168730] 4 | _ 2 7 11 0 6 8 1 3 10 5 9 
[00168731] 4 | _ 2 7 11 0 6 8 1 3 10 9 5 
[00168732] 5 | _ 2 _ 11 0 6 8 1 3 10 4 9 
[00168733] 5 | _ 2 _ 11 0 6 8 1 3 10 9 4 
[00168734] 6 | _ 2 _ 11 0 _ 8 1 3 10 7 _ 
[00168735] 5 | 7 2 _ 11 0 _ 8 1 3 10 7 _ 
[00168736] 4 | 7 2 6 11 0 _ 8 1 3 10 7 _ 
[00168737] 4 | 7 2 _ 11 0 4 8 1 3 10 7 _ 
[00168738] 3 | 7 2 5 11 0 4 8 1 3 10 7 _ 
[00168739] 5 | _ 2 7 11 0 _ 8 1 3 10 7 _ 
[00168740] 4 | 6 2 7 11 0 _ 8 1 3 10 7 _ 
[00168741] 4 | _ 2 7 11 0 4 8 1 3 10 7 _ 
[00168742] 3 | 5 2 7 11 0 4 8 1 3 10 7 _ 
[00168743] 5 | _ 2 _ 11 0 5 8 1 3 10 7 _ 
[00168744] 4 | 6 2 _ 11 0 5 8 1 3 10 7 _ 
[00168745] 3 | 6 2 _ 11 0 5 8 1 3 10 7 4 
[00168746] 4 | _ 2 6 11 0 5 8 1 3 10 7 _ 
[00168747] 3 | _ 2 6 11 0 5 8 1 3 10 7 4 
[00168748] 5 | _ 2 _ 11 0 _ 8 1 3 10 7 2 
[00168749] 4 | _ 2 _ 11 0 4 8 1 3 10 7 2 
[00168750] 7 | _ 2 _ 11 0 _ 8 1 10 3 _ _ 
[00168751] 6 | _ 2 _ 11 0 6 8 1 10 3 _ _ 
[00168752] 5 | 7 2 _ 11 0 6 8 1 10 3 _ _ 
[00168753] 4 | 7 2 _ 11 0 6 8 1 10 3 5 _ 
[00168754] 3 | 7 2 5 11 0 6 8 1 10 3 5 _ 
[00168755] 3 | 7 2 _ 11 0 6 8 1 10 3 5 2 
[00168756] 4 | 7 2 _ 11 0 6 8 1 10 3 5 9 
[00168757] 4 | 7 2 _ 11 0 6 8 1 10 3 9 5 
[00168758] 5 | _ 2 7 11 0 6 8 1 10 3 _ _ 
[00168759] 4 | _ 2 7 11 0 6 8 1 10 3 5 _ 
[00168760] 3 | 5 2 7 11 0 6 8 1 10 3 5 _ 
[00168761] 3 | _ 2 7 11 0 6 8 1 10 3 5 2 
[00168762] 4 | _ 2 7 11 0 6 8 1 10 3 5 9 
[00168763] 4 | _ 2 7 11 0 6 8 1 10 3 9 5 
[00168764] 5 | _ 2 _ 11 0 6 8 1 10 3 4 9 
[00168765] 5 | _ 2 _ 11 0 6 8 1 10 3 9 4 
[00168766] 6 | _ 2 _ 11 0 _ 8 1 10 3 7 _ 
[00168767] 5 | 7 2 _ 11 0 _ 8 1 10 3 7 _ 
[00168768] 4 | 7 2 6 11 0 _ 8 1 10 3 7 _ 
[00168769] 4 | 7 2 _ 11 0 4 8 1 10 3 7 _ 
[00168770] 3 | 7 2 5 11 0 4 8 1 10 3 7 _ 
[00168771] 5 | _ 2 7 11 0 _ 8 1 10 3 7 _ 
[00168772] 4 | 6 2 7 11 0 _ 8 1 10 3 7 _ 
[00168773] 4 | _ 2 7 11 0 4 8 1 10 3 7 _ 
[00168774] 3 | 5 2 7 11 0 4 8 1 10 3 7 _ 
[00168775] 5 | _ 2 _ 11 0 5 8 1 10 3 7 _ 
[00168776] 4 | 6 2 _ 11 0 5 8 1 10 3 7 _ 
[00168777] 3 | 6 2 _ 11 0 5 8 1 10 3 7 4 
[00168778] 4 | _ 2 6 11 0 5 8 1 10 3 7 _ 
[00168779] 3 | _ 2 6 11 0 5 8 1 10 3 7 4 
[00168780] 5 | _ 2 _ 11 0 _ 8 1 10 3 7 2 
[00168781] 4 | _ 2 _ 11 0 4 8 1 10 3 7 2 
[00168782] 7 | _ 2 _ 11 0 _ 8 1 _ _ 3 10 
[00168783] 6 | _ 2 _ 11 0 6 8 1 _ _ 3 10 
[00168784] 5 | 7 2 _ 11 0 6 8 1 _ _ 3 10 
[00168785] 4 | 7 2 _ 11 0 6 8 1 5 _ 3 10 
[00168786] 3 | 7 2 5 11 0 6 8 1 5 _ 3 10 
[00168787] 3 | 7 2 _ 11 0 6 8 1 5 2 3 10 
[00168788] 4 | 7 2 _ 11 0 6 8 1 5 9 3 10 
[00168789] 4 | 7 2 _ 11 0 6 8 1 9 5 3 10 
[00168790] 5 | _ 2 7 11 0 6 8 1 _ _ 3 10 
[00168791] 4 | _ 2 7 11 0 6 8 1 5 _ 3 10 
[00168792] 3 | 5 2 7 11 0 6 8 1 5 _ 3 10 
[00168793] 3 | _ 2 7 11 0 6 8 1 5 2 3 10 
[00168794] 4 | _ 2 7 11 0 6 8 1 5 9 3 10 
[00168795] 4 | _ 2 7 11 0 6 8 1 9 5 3 10 
[00168796] 5 | _ 2 _ 11 0 6 8 1 4 9 3 10 
[00168797] 5 | _ 2 _ 11 0 6 8 1 9 4 3 10 
[00168798] 6 | _ 2 _ 11 0 _ 8 1 7 _ 3 10 
[00168799] 5 | 7 2 _ 11 0 _ 8 1 7 _ 3 10 
[00168800] 4 | 7 2 6 11 0 _ 8 1 7 _ 3 10 
[00168801] 4 | 7 2 _ 11 0 4 8 1 7 _ 3 10 
[00168802] 3 | 7 2 5 11 0 4 8 1 7 _ 3 10 
[00168803] 5 | _ 2 7 11 0 _ 8 1 7 _ 3 10 
[00168804] 4 | 6 2 7 11 0 _ 8 1 7 _ 3 10 
[00168805] 4 | _ 2 7 11 0 4 8 1 7 _ 3 10 
[00168806] 3 | 5 2 7 11 0 4 8 1 7 _ 3 10 
[00168807] 5 | _ 2 _ 11 0 5 8 1 7 _ 3 10 
[00168808] 4 | 6 2 _ 11 0 5 8 1 7 _ 3 10 
[00168809] 3 | 6 2 _ 11 0 5 8 1 7 4 3 10 
[00168810] 4 | _ 2 6 11 0 5 8 1 7 _ 3 10 
[00168811] 3 | _ 2 6 11 0 5 8 1 7 4 3 10 
[00168812] 5 | _ 2 _ 11 0 _ 8 1 7 2 3 10 
[00168813] 4 | _ 2 _ 11 0 4 8 1 7 2 3 10 
[00168814] 7 | _ 2 _ 11 0 _ 8 1 _ _ 10 3 
[00168815] 6 | _ 2 _ 11 0 6 8 1 _ _ 10 3 
[00168816] 5 | 7 2 _ 11 0 6 8 1 _ _ 10 3 
[00168817] 4 | 7 2 _ 11 0 6 8 1 5 _ 10 3 
[00168818] 3 | 7 2 5 11 0 6 8 1 5 _ 10 3 
[00168819] 3 | 7 2 _ 11 0 6 8 1 5 2 10 3 
[00168820] 4 | 7 2 _ 11 0 6 8 1 5 9 10 3 
[00168821] 4 | 7 2 _ 11 0 6 8 1 9 5 10 3 
[00168822] 5 | _ 2 7 11 0 6 8 1 _ _ 10 3 
[00168823] 4 | _ 2 7 11 0 6 8 1 5 _ 10 3 
[00168824] 3 | 5 2 7 11 0 6 8 1 5 _ 10 3 
[00168825] 3 | _ 2 7 11 0 6 8 1 5 2 10 3 
[00168826] 4 | _ 2 7 11 0 6 8 1 5 9 10 3 
[00168827] 4 | _ 2 7 11 0 6 8 1 9 5 10 3 
[00168828] 5 | _ 2 _ 11 0 6 8 1 4 9 10 3 
[00168829] 5 | _ 2 _ 11 0 6 8 1 9 4 10 3 
[00168830] 6 | _ 2 _ 11 0 _ 8 1 7 _ 10 3 
[00168831] 5 | 7 2 _ 11 0 _ 8 1 7 _ 10 3 
[00168832] 4 | 7 2 6 11 0 _ 8 1 7 _ 10 3 
[00168833] 4 | 7 2 _ 11 0 4 8 1 7 _ 10 3 
[00168834] 3 | 7 2 5 11 0 4 8 1 7 _ 10 3 
[00168835] 5 | _ 2 7 11 0 _ 8 1 7 _ 10 3 
[00168836] 4 | 6 2 7 11 0 _ 8 1 7 _ 10 3 
[00168837] 4 | _ 2 7 11 0 4 8 1 7 _ 10 3 
[00168838] 3 | 5 2 7 11 0 4 8 1 7 _ 10 3 
[00168839] 5 | _ 2 _ 11 0 5 8 1 7 _ 10 3 
[00168840] 4 | 6 2 _ 11 0 5 8 1 7 _ 10 3 
[00168841] 3 | 6 2 _ 11 0 5 8 1 7 4 10 3 
[00168842] 4 | _ 2 6 11 0 5 8 1 7 _ 10 3 
[00168843] 3 | _ 2 6 11 0 5 8 1 7 4 10 3 
[00168844] 5 | _ 2 _ 11 0 _ 8 1 7 2 10 3 
[00168845] 4 | _ 2 _ 11 0 4 8 1 7 2 10 3 
[00168846] 8 | _ 2 _ 11 0 _ _ 1 9 _ _ _ 
[00168847] 7 | 9 2 _ 11 0 _ _ 1 9 _ _ _ 
[00168848] 6 | 9 2 8 11 0 _ _ 1 9 _ _ _ 
[00168849] 5 | 9 2 8 11 0 5 _ 1 9 _ _ _ 
[00168850] 4 | 9 2 8 11 0 5 4 1 9 _ _ _ 
[00168851] 3 | 9 2 8 11 0 5 4 1 9 _ 3 6 
[00168852] 3 | 9 2 8 11 0 5 4 1 9 _ 7 10 
[00168853] 3 | 9 2 8 11 0 5 4 1 9 _ 6 3 
[00168854] 3 | 9 2 8 11 0 5 4 1 9 _ 10 7 
[00168855] 4 | 9 2 8 11 0 5 _ 1 9 _ 3 7 
[00168856] 4 | 9 2 8 11 0 5 _ 1 9 _ 6 10 
[00168857] 3 | 9 2 8 11 0 5 3 1 9 _ 6 10 
[00168858] 4 | 9 2 8 11 0 5 _ 1 9 _ 7 3 
[00168859] 4 | 9 2 8 11 0 5 _ 1 9 _ 10 6 
[00168860] 3 | 9 2 8 11 0 5 3 1 9 _ 10 6 
[00168861] 5 | 9 2 8 11 0 _ 5 1 9 _ _ _ 
[00168862] 4 | 9 2 8 11 0 4 5 1 9 _ _ _ 
[00168863] 3 | 9 2 8 11 0 4 5 1 9 _ 3 6 
[00168864] 3 | 9 2 8 11 0 4 5 1 9 _ 7 10 
[00168865] 3 | 9 2 8 11 0 4 5 1 9 _ 6 3 
[00168866] 3 | 9 2 8 11 0 4 5 1 9 _ 10 7 
[00168867] 4 | 9 2 8 11 0 _ 5 1 9 _ 3 7 
[00168868] 4 | 9 2 8 11 0 _ 5 1 9 _ 6 10 
[00168869] 3 | 9 2 8 11 0 3 5 1 9 _ 6 10 
[00168870] 4 | 9 2 8 11 0 _ 5 1 9 _ 7 3 
[00168871] 4 | 9 2 8 11 0 _ 5 1 9 _ 10 6 
[00168872] 3 | 9 2 8 11 0 3 5 1 9 _ 10 6 
[00168873] 5 | 9 2 8 11 0 _ _ 1 9 _ 6 _ 
[00168874] 4 | 9 2 8 11 0 4 _ 1 9 _ 6 _ 
[00168875] 3 | 9 2 8 11 0 4 3 1 9 _ 6 _ 
[00168876] 3 | 9 2 8 11 0 4 _ 1 9 _ 6 3 
[00168877] 4 | 9 2 8 11 0 _ 4 1 9 _ 6 _ 
[00168878] 3 | 9 2 8 11 0 3 4 1 9 _ 6 _ 
[00168879] 3 | 9 2 8 11 0 _ 4 1 9 _ 6 3 
[00168880] 4 | 9 2 8 11 0 _ _ 1 9 _ 6 10 
[00168881] 3 | 9 2 8 11 0 3 _ 1 9 _ 6 10 
[00168882] 3 | 9 2 8 11 0 _ 3 1 9 _ 6 10 
[00168883] 5 | 9 2 8 11 0 _ _ 1 9 _ 5 10 
[00168884] 4 | 9 2 8 11 0 4 _ 1 9 _ 5 10 
[00168885] 3 | 9 2 8 11 0 4 3 1 9 _ 5 10 
[00168886] 4 | 9 2 8 11 0 _ 4 1 9 _ 5 10 
[00168887] 3 | 9 2 8 11 0 3 4 1 9 _ 5 10 
[00168888] 5 | 9 2 8 11 0 _ _ 1 9 _ 10 5 
[00168889] 4 | 9 2 8 11 0 4 _ 1 9 _ 10 5 
[00168890] 3 | 9 2 8 11 0 4 3 1 9 _ 10 5 
[00168891] 4 | 9 2 8 11 0 _ 4 1 9 _ 10 5 
[00168892] 3 | 9 2 8 11 0 3 4 1 9 _ 10 5 
[00168893] 6 | 9 2 _ 11 0 6 _ 1 9 _ _ _ 
[00168894] 5 | 9 2 7 11 0 6 _ 1 9 _ _ _ 
[00168895] 4 | 9 2 7 11 0 6 4 1 9 _ _ _ 
[00168896] 3 | 9 2 7 11 0 6 4 1 9 _ 5 8 
[00168897] 3 | 9 2 7 11 0 6 4 1 9 _ 8 5 
[00168898] 4 | 9 2 7 11 0 6 _ 1 9 _ 5 _ 
[00168899] 3 | 9 2 7 11 0 6 3 1 9 _ 5 _ 
[00168900] 3 | 9 2 7 11 0 6 _ 1 9 _ 5 8 
[00168901] 4 | 9 2 7 11 0 6 _ 1 9 _ 4 8 
[00168902] 3 | 9 2 7 11 0 6 3 1 9 _ 4 8 
[00168903] 4 | 9 2 7 11 0 6 _ 1 9 _ 8 4 
[00168904] 3 | 9 2 7 11 0 6 3 1 9 _ 8 4 
[00168905] 5 | 9 2 _ 11 0 6 5 1 9 _ _ _ 
[00168906] 4 | 9 2 _ 11 0 6 5 1 9 _ 3 7 
[00168907] 4 | 9 2 _ 11 0 6 5 1 9 _ 4 8 
[00168908] 4 | 9 2 _ 11 0 6 5 1 9 _ 7 3 
[00168909] 4 | 9 2 _ 11 0 6 5 1 9 _ 8 4 
[00168910] 5 | 9 2 _ 11 0 6 _ 1 9 _ 3 8 
[00168911] 4 | 9 2 _ 11 0 6 4 1 9 _ 3 8 
[00168912] 3 | 9 2 5 11 0 6 4 1 9 _ 3 8 
[00168913] 5 | 9 2 _ 11 0 6 _ 1 9 _ 5 10 
[00168914] 4 | 9 2 _ 11 0 6 4 1 9 _ 5 10 
[00168915] 5 | 9 2 _ 11 0 6 _ 1 9 _ 8 3 
[00168916] 4 | 9 2 _ 11 0 6 4 1 9 _ 8 3 
[00168917] 3 | 9 2 5 11 0 6 4 1 9 _ 8 3 
[00168918] 5 | 9 2 _ 11 0 6 _ 1 9 _ 10 5 
[00168919] 4 | 9 2 _ 11 0 6 4 1 9 _ 10 5 
[00168920] 6 | 9 2 _ 11 0 _ 6 1 9 _ _ _ 
[00168921] 5 | 9 2 7 11 0 _ 6 1 9 _ _ _ 
[00168922] 4 | 9 2 7 11 0 4 6 1 9 _ _ _ 
[00168923] 3 | 9 2 7 11 0 4 6 1 9 _ 5 8 
[00168924] 3 | 9 2 7 11 0 4 6 1 9 _ 8 5 
[00168925] 4 | 9 2 7 11 0 _ 6 1 9 _ 5 _ 
[00168926] 3 | 9 2 7 11 0 3 6 1 9 _ 5 _ 
[00168927] 3 | 9 2 7 11 0 _ 6 1 9 _ 5 8 
[00168928] 4 | 9 2 7 11 0 _ 6 1 9 _ 4 8 
[00168929] 3 | 9 2 7 11 0 3 6 1 9 _ 4 8 
[00168930] 4 | 9 2 7 11 0 _ 6 1 9 _ 8 4 
[00168931] 3 | 9 2 7 11 0 3 6 1 9 _ 8 4 
[00168932] 5 | 9 2 _ 11 0 5 6 1 9 _ _ _ 
[00168933] 4 | 9 2 _ 11 0 5 6 1 9 _ 3 7 
[00168934] 4 | 9 2 _ 11 0 5 6 1 9 _ 4 8 
[00168935] 4 | 9 2 _ 11 0 5 6 1 9 _ 7 3 
[00168936] 4 | 9 2 _ 11 0 5 6 1 9 _ 8 4 
[00168937] 5 | 9 2 _ 11 0 _ 6 1 9 _ 3 8 
[00168938] 4 | 9 2 _ 11 0 4 6 1 9 _ 3 8 
[00168939] 3 | 9 2 5 11 0 4 6 1 9 _ 3 8 
[00168940] 5 | 9 2 _ 11 0 _ 6 1 9 _ 5 10 
[00168941] 4 | 9 2 _ 11 0 4 6 1 9 _ 5 10 
[00168942] 5 | 9 2 _ 11 0 _ 6 1 9 _ 8 3 
[00168943] 4 | 9 2 _ 11 0 4 6 1 9 _ 8 3 
[00168944] 3 | 9 2 5 11 0 4 6 1 9 _ 8 3 
[00168945] 5 | 9 2 _ 11 0 _ 6 1 9 _ 10 5 
[00168946] 4 | 9 2 _ 11 0 4 6 1 9 _ 10 5 
[00168947] 6 | 9 2 _ 11 0 _ _ 1 9 _ 7 _ 
[00168948] 5 | 9 2 7 11 0 _ _ 1 9 _ 7 _ 
[00168949] 4 | 9 2 7 11 0 4 _ 1 9 _ 7 _ 
[00168950] 3 | 9 2 7 11 0 4 3 1 9 _ 7 _ 
[00168951] 4 | 9 2 7 11 0 _ 4 1 9 _ 7 _ 
[00168952] 3 | 9 2 7 11 0 3 4 1 9 _ 7 _ 
[00168953] 5 | 9 2 _ 11 0 5 _ 1 9 _ 7 _ 
[00168954] 4 | 9 2 6 11 0 5 _ 1 9 _ 7 _ 
[00168955] 3 | 9 2 6 11 0 5 3 1 9 _ 7 _ 
[00168956] 3 | 9 2 6 11 0 5 _ 1 9 _ 7 4 
[00168957] 3 | 9 2 6 11 0 5 _ 1 9 _ 7 10 
[00168958] 4 | 9 2 _ 11 0 5 4 1 9 _ 7 _ 
[00168959] 3 | 9 2 _ 11 0 5 4 1 9 _ 7 10 
[00168960] 4 | 9 2 _ 11 0 5 _ 1 9 _ 7 3 
[00168961] 5 | 9 2 _ 11 0 _ 5 1 9 _ 7 _ 
[00168962] 4 | 9 2 6 11 0 _ 5 1 9 _ 7 _ 
[00168963] 3 | 9 2 6 11 0 3 5 1 9 _ 7 _ 
[00168964] 3 | 9 2 6 11 0 _ 5 1 9 _ 7 4 
[00168965] 3 | 9 2 6 11 0 _ 5 1 9 _ 7 10 
[00168966] 4 | 9 2 _ 11 0 4 5 1 9 _ 7 _ 
[00168967] 3 | 9 2 _ 11 0 4 5 1 9 _ 7 10 
[00168968] 4 | 9 2 _ 11 0 _ 5 1 9 _ 7 3 
[00168969] 5 | 9 2 _ 11 0 _ _ 1 9 _ 7 2 
[00168970] 4 | 9 2 _ 11 0 4 _ 1 9 _ 7 2 
[00168971] 3 | 9 2 _ 11 0 4 3 1 9 _ 7 2 
[00168972] 4 | 9 2 _ 11 0 _ 4 1 9 _ 7 2 
[00168973] 3 | 9 2 _ 11 0 3 4 1 9 _ 7 2 
[00168974] 6 | 9 2 _ 11 0 _ _ 1 9 _ 4 10 
[00168975] 5 | 9 2 7 11 0 _ _ 1 9 _ 4 10 
[00168976] 5 | 9 2 _ 11 0 5 _ 1 9 _ 4 10 
[00168977] 4 | 9 2 6 11 0 5 _ 1 9 _ 4 10 
[00168978] 3 | 9 2 6 11 0 5 3 1 9 _ 4 10 
[00168979] 5 | 9 2 _ 11 0 _ 5 1 9 _ 4 10 
[00168980] 4 | 9 2 6 11 0 _ 5 1 9 _ 4 10 
[00168981] 3 | 9 2 6 11 0 3 5 1 9 _ 4 10 
[00168982] 6 | 9 2 _ 11 0 _ _ 1 9 _ 10 4 
[00168983] 5 | 9 2 7 11 0 _ _ 1 9 _ 10 4 
[00168984] 5 | 9 2 _ 11 0 5 _ 1 9 _ 10 4 
[00168985] 4 | 9 2 6 11 0 5 _ 1 9 _ 10 4 
[00168986] 3 | 9 2 6 11 0 5 3 1 9 _ 10 4 
[00168987] 5 | 9 2 _ 11 0 _ 5 1 9 _ 10 4 
[00168988] 4 | 9 2 6 11 0 _ 5 1 9 _ 10 4 
[00168989] 3 | 9 2 6 11 0 3 5 1 9 _ 10 4 
[00168990] 7 | _ 2 9 11 0 _ _ 1 9 _ _ _ 
[00168991] 6 | 8 2 9 11 0 _ _ 1 9 _ _ _ 
[00168992] 5 | 8 2 9 11 0 5 _ 1 9 _ _ _ 
[00168993] 4 | 8 2 9 11 0 5 4 1 9 _ _ _ 
[00168994] 3 | 8 2 9 11 0 5 4 1 9 _ 3 6 
[00168995] 3 | 8 2 9 11 0 5 4 1 9 _ 7 10 
[00168996] 3 | 8 2 9 11 0 5 4 1 9 _ 6 3 
[00168997] 3 | 8 2 9 11 0 5 4 1 9 _ 10 7 
[00168998] 4 | 8 2 9 11 0 5 _ 1 9 _ 3 7 
[00168999] 4 | 8 2 9 11 0 5 _ 1 9 _ 6 10 
[00169000] 3 | 8 2 9 11 0 5 3 1 9 _ 6 10 
[00169001] 4 | 8 2 9 11 0 5 _ 1 9 _ 7 3 
[00169002] 4 | 8 2 9 11 0 5 _ 1 9 _ 10 6 
[00169003] 3 | 8 2 9 11 0 5 3 1 9 _ 10 6 
[00169004] 5 | 8 2 9 11 0 _ 5 1 9 _ _ _ 
[00169005] 4 | 8 2 9 11 0 4 5 1 9 _ _ _ 
[00169006] 3 | 8 2 9 11 0 4 5 1 9 _ 3 6 
[00169007] 3 | 8 2 9 11 0 4 5 1 9 _ 7 10 
[00169008] 3 | 8 2 9 11 0 4 5 1 9 _ 6 3 
[00169009] 3 | 8 2 9 11 0 4 5 1 9 _ 10 7 
[00169010] 4 | 8 2 9 11 0 _ 5 1 9 _ 3 7 
[00169011] 4 | 8 2 9 11 0 _ 5 1 9 _ 6 10 
[00169012] 3 | 8 2 9 11 0 3 5 1 9 _ 6 10 
[00169013] 4 | 8 2 9 11 0 _ 5 1 9 _ 7 3 
[00169014] 4 | 8 2 9 11 0 _ 5 1 9 _ 10 6 
[00169015] 3 | 8 2 9 11 0 3 5 1 9 _ 10 6 
[00169016] 5 | 8 2 9 11 0 _ _ 1 9 _ 6 _ 
[00169017] 4 | 8 2 9 11 0 4 _ 1 9 _ 6 _ 
[00169018] 3 | 8 2 9 11 0 4 3 1 9 _ 6 _ 
[00169019] 3 | 8 2 9 11 0 4 _ 1 9 _ 6 3 
[00169020] 4 | 8 2 9 11 0 _ 4 1 9 _ 6 _ 
[00169021] 3 | 8 2 9 11 0 3 4 1 9 _ 6 _ 
[00169022] 3 | 8 2 9 11 0 _ 4 1 9 _ 6 3 
[00169023] 4 | 8 2 9 11 0 _ _ 1 9 _ 6 10 
[00169024] 3 | 8 2 9 11 0 3 _ 1 9 _ 6 10 
[00169025] 3 | 8 2 9 11 0 _ 3 1 9 _ 6 10 
[00169026] 5 | 8 2 9 11 0 _ _ 1 9 _ 5 10 
[00169027] 4 | 8 2 9 11 0 4 _ 1 9 _ 5 10 
[00169028] 3 | 8 2 9 11 0 4 3 1 9 _ 5 10 
[00169029] 4 | 8 2 9 11 0 _ 4 1 9 _ 5 10 
[00169030] 3 | 8 2 9 11 0 3 4 1 9 _ 5 10 
[00169031] 5 | 8 2 9 11 0 _ _ 1 9 _ 10 5 
[00169032] 4 | 8 2 9 11 0 4 _ 1 9 _ 10 5 
[00169033] 3 | 8 2 9 11 0 4 3 1 9 _ 10 5 
[00169034] 4 | 8 2 9 11 0 _ 4 1 9 _ 10 5 
[00169035] 3 | 8 2 9 11 0 3 4 1 9 _ 10 5 
[00169036] 6 | _ 2 9 11 0 6 _ 1 9 _ _ _ 
[00169037] 5 | 7 2 9 11 0 6 _ 1 9 _ _ _ 
[00169038] 4 | 7 2 9 11 0 6 4 1 9 _ _ _ 
[00169039] 3 | 7 2 9 11 0 6 4 1 9 _ 5 8 
[00169040] 3 | 7 2 9 11 0 6 4 1 9 _ 8 5 
