[00369406] 4 | 5 9 _ 1 8 2 3 10 0 11 2 _ 
[00369407] 4 | 9 5 _ 1 8 2 3 10 0 11 2 _ 
[00369408] 4 | _ 5 9 1 8 2 3 10 0 11 2 _ 
[00369409] 4 | _ 9 5 1 8 2 3 10 0 11 2 _ 
[00369410] 4 | _ 5 _ 1 8 2 3 10 0 11 2 _ 
[00369411] 6 | _ _ _ 1 8 _ 2 10 0 11 2 _ 
[00369412] 5 | 4 9 _ 1 8 _ 2 10 0 11 2 _ 
[00369413] 5 | 9 4 _ 1 8 _ 2 10 0 11 2 _ 
[00369414] 4 | 9 4 8 1 8 _ 2 10 0 11 2 _ 
[00369415] 4 | 9 4 _ 1 8 4 2 10 0 11 2 _ 
[00369416] 5 | _ 4 9 1 8 _ 2 10 0 11 2 _ 
[00369417] 4 | 8 4 9 1 8 _ 2 10 0 11 2 _ 
[00369418] 4 | _ 4 9 1 8 4 2 10 0 11 2 _ 
[00369419] 5 | _ 9 4 1 8 _ 2 10 0 11 2 _ 
[00369420] 5 | _ 6 _ 1 8 _ 2 10 0 11 2 _ 
[00369421] 4 | _ 6 _ 1 8 4 2 10 0 11 2 _ 
[00369422] 3 | 3 6 _ 1 8 4 2 10 0 11 2 _ 
[00369423] 3 | 9 6 _ 1 8 4 2 10 0 11 2 _ 
[00369424] 3 | _ 6 3 1 8 4 2 10 0 11 2 _ 
[00369425] 3 | _ 6 9 1 8 4 2 10 0 11 2 _ 
[00369426] 5 | _ _ _ 1 8 3 2 10 0 11 2 _ 
[00369427] 4 | 5 9 _ 1 8 3 2 10 0 11 2 _ 
[00369428] 4 | 9 5 _ 1 8 3 2 10 0 11 2 _ 
[00369429] 4 | _ 5 9 1 8 3 2 10 0 11 2 _ 
[00369430] 4 | _ 9 5 1 8 3 2 10 0 11 2 _ 
[00369431] 4 | _ 5 _ 1 8 3 2 10 0 11 2 _ 
[00369432] 6 | _ _ _ 1 8 _ _ 10 0 11 2 8 
[00369433] 5 | 4 9 _ 1 8 _ _ 10 0 11 2 8 
[00369434] 5 | 9 4 _ 1 8 _ _ 10 0 11 2 8 
[00369435] 5 | _ 4 9 1 8 _ _ 10 0 11 2 8 
[00369436] 5 | _ 9 4 1 8 _ _ 10 0 11 2 8 
[00369437] 5 | _ 6 _ 1 8 _ _ 10 0 11 2 8 
[00369438] 7 | _ _ _ 1 _ _ _ 10 0 11 2 9 
[00369439] 6 | _ 7 _ 1 _ _ _ 10 0 11 2 9 
[00369440] 5 | _ 7 _ 1 6 _ _ 10 0 11 2 9 
[00369441] 4 | 3 7 _ 1 6 _ _ 10 0 11 2 9 
[00369442] 3 | 3 7 4 1 6 _ _ 10 0 11 2 9 
[00369443] 2 | 3 7 4 1 6 8 _ 10 0 11 2 9 
[00369444] 1 | 3 7 4 1 6 8 5 10 0 11 2 9  *Graceful*
[00369444] 2 | 3 7 4 1 6 _ 8 10 0 11 2 9 
[00369445] 1 | 3 7 4 1 6 5 8 10 0 11 2 9  *Graceful*
[00369445] 4 | _ 7 3 1 6 _ _ 10 0 11 2 9 
[00369446] 3 | 4 7 3 1 6 _ _ 10 0 11 2 9 
[00369447] 2 | 4 7 3 1 6 8 _ 10 0 11 2 9 
[00369448] 1 | 4 7 3 1 6 8 5 10 0 11 2 9  *Graceful*
[00369448] 2 | 4 7 3 1 6 _ 8 10 0 11 2 9 
[00369449] 1 | 4 7 3 1 6 5 8 10 0 11 2 9  *Graceful*
[00369449] 5 | _ 7 _ 1 3 8 _ 10 0 11 2 9 
[00369450] 4 | 3 7 _ 1 3 8 _ 10 0 11 2 9 
[00369451] 3 | 3 7 4 1 3 8 _ 10 0 11 2 9 
[00369452] 4 | _ 7 3 1 3 8 _ 10 0 11 2 9 
[00369453] 3 | 4 7 3 1 3 8 _ 10 0 11 2 9 
[00369454] 4 | _ 7 _ 1 3 8 7 10 0 11 2 9 
[00369455] 5 | _ 7 _ 1 8 3 _ 10 0 11 2 9 
[00369456] 4 | _ 7 _ 1 8 3 4 10 0 11 2 9 
[00369457] 5 | _ 7 _ 1 3 _ 8 10 0 11 2 9 
[00369458] 4 | 3 7 _ 1 3 _ 8 10 0 11 2 9 
[00369459] 3 | 3 7 4 1 3 _ 8 10 0 11 2 9 
[00369460] 4 | _ 7 3 1 3 _ 8 10 0 11 2 9 
[00369461] 3 | 4 7 3 1 3 _ 8 10 0 11 2 9 
[00369462] 4 | _ 7 _ 1 3 7 8 10 0 11 2 9 
[00369463] 5 | _ 7 _ 1 8 _ 3 10 0 11 2 9 
[00369464] 4 | _ 7 _ 1 8 4 3 10 0 11 2 9 
[00369465] 6 | _ _ _ 1 7 _ _ 10 0 11 2 9 
[00369466] 5 | 3 8 _ 1 7 _ _ 10 0 11 2 9 
[00369467] 5 | 8 3 _ 1 7 _ _ 10 0 11 2 9 
[00369468] 4 | 8 3 7 1 7 _ _ 10 0 11 2 9 
[00369469] 4 | 8 3 _ 1 7 3 _ 10 0 11 2 9 
[00369470] 3 | 8 3 _ 1 7 3 4 10 0 11 2 9 
[00369471] 4 | 8 3 _ 1 7 _ 3 10 0 11 2 9 
[00369472] 3 | 8 3 _ 1 7 4 3 10 0 11 2 9 
[00369473] 5 | _ 3 8 1 7 _ _ 10 0 11 2 9 
[00369474] 4 | 7 3 8 1 7 _ _ 10 0 11 2 9 
[00369475] 4 | _ 3 8 1 7 3 _ 10 0 11 2 9 
[00369476] 3 | _ 3 8 1 7 3 4 10 0 11 2 9 
[00369477] 4 | _ 3 8 1 7 _ 3 10 0 11 2 9 
[00369478] 3 | _ 3 8 1 7 4 3 10 0 11 2 9 
[00369479] 5 | _ 8 3 1 7 _ _ 10 0 11 2 9 
[00369480] 5 | _ 6 _ 1 7 _ _ 10 0 11 2 9 
[00369481] 4 | _ 6 _ 1 7 3 _ 10 0 11 2 9 
[00369482] 3 | _ 6 _ 1 7 3 4 10 0 11 2 9 
[00369483] 2 | 8 6 _ 1 7 3 4 10 0 11 2 9 
[00369484] 1 | 8 6 5 1 7 3 4 10 0 11 2 9  *Graceful*
[00369484] 2 | _ 6 8 1 7 3 4 10 0 11 2 9 
[00369485] 1 | 5 6 8 1 7 3 4 10 0 11 2 9  *Graceful*
[00369485] 4 | _ 6 _ 1 7 _ 3 10 0 11 2 9 
[00369486] 3 | _ 6 _ 1 7 4 3 10 0 11 2 9 
[00369487] 2 | 8 6 _ 1 7 4 3 10 0 11 2 9 
[00369488] 1 | 8 6 5 1 7 4 3 10 0 11 2 9  *Graceful*
[00369488] 2 | _ 6 8 1 7 4 3 10 0 11 2 9 
[00369489] 1 | 5 6 8 1 7 4 3 10 0 11 2 9  *Graceful*
[00369489] 9 | _ _ _ _ _ _ _ 10 0 11 1 _ 
[00369490] 8 | _ _ _ 2 _ _ _ 10 0 11 1 _ 
[00369491] 7 | _ 9 _ 2 _ _ _ 10 0 11 1 _ 
[00369492] 6 | 3 9 _ 2 _ _ _ 10 0 11 1 _ 
[00369493] 5 | 3 9 4 2 _ _ _ 10 0 11 1 _ 
[00369494] 4 | 3 9 4 2 6 _ _ 10 0 11 1 _ 
[00369495] 4 | 3 9 4 2 _ _ _ 10 0 11 1 5 
[00369496] 5 | 3 9 _ 2 7 _ _ 10 0 11 1 _ 
[00369497] 4 | 3 9 5 2 7 _ _ 10 0 11 1 _ 
[00369498] 3 | 3 9 5 2 7 4 _ 10 0 11 1 _ 
[00369499] 3 | 3 9 5 2 7 _ 4 10 0 11 1 _ 
[00369500] 3 | 3 9 5 2 7 _ _ 10 0 11 1 4 
[00369501] 4 | 3 9 _ 2 7 _ _ 10 0 11 1 5 
[00369502] 3 | 3 9 6 2 7 _ _ 10 0 11 1 5 
[00369503] 3 | 3 9 _ 2 7 4 _ 10 0 11 1 5 
[00369504] 2 | 3 9 7 2 7 4 _ 10 0 11 1 5 
[00369505] 2 | 3 9 _ 2 7 4 9 10 0 11 1 5 
[00369506] 3 | 3 9 _ 2 7 _ 4 10 0 11 1 5 
[00369507] 2 | 3 9 7 2 7 _ 4 10 0 11 1 5 
[00369508] 2 | 3 9 _ 2 7 9 4 10 0 11 1 5 
[00369509] 5 | 3 9 _ 2 _ _ _ 10 0 11 1 6 
[00369510] 4 | 3 9 5 2 _ _ _ 10 0 11 1 6 
[00369511] 3 | 3 9 5 2 4 7 _ 10 0 11 1 6 
[00369512] 3 | 3 9 5 2 7 4 _ 10 0 11 1 6 
[00369513] 3 | 3 9 5 2 4 _ 7 10 0 11 1 6 
[00369514] 3 | 3 9 5 2 7 _ 4 10 0 11 1 6 
[00369515] 4 | 3 9 _ 2 4 8 _ 10 0 11 1 6 
[00369516] 3 | 3 9 _ 2 4 8 7 10 0 11 1 6 
[00369517] 4 | 3 9 _ 2 8 4 _ 10 0 11 1 6 
[00369518] 3 | 3 9 _ 2 8 4 5 10 0 11 1 6 
[00369519] 2 | 3 9 7 2 8 4 5 10 0 11 1 6 
[00369520] 4 | 3 9 _ 2 4 _ 8 10 0 11 1 6 
[00369521] 3 | 3 9 _ 2 4 7 8 10 0 11 1 6 
[00369522] 4 | 3 9 _ 2 8 _ 4 10 0 11 1 6 
[00369523] 3 | 3 9 _ 2 8 5 4 10 0 11 1 6 
[00369524] 2 | 3 9 7 2 8 5 4 10 0 11 1 6 
[00369525] 6 | _ 9 3 2 _ _ _ 10 0 11 1 _ 
[00369526] 5 | 4 9 3 2 _ _ _ 10 0 11 1 _ 
[00369527] 4 | 4 9 3 2 6 _ _ 10 0 11 1 _ 
[00369528] 4 | 4 9 3 2 _ _ _ 10 0 11 1 5 
[00369529] 5 | _ 9 3 2 7 _ _ 10 0 11 1 _ 
[00369530] 4 | 5 9 3 2 7 _ _ 10 0 11 1 _ 
[00369531] 3 | 5 9 3 2 7 4 _ 10 0 11 1 _ 
[00369532] 3 | 5 9 3 2 7 _ 4 10 0 11 1 _ 
[00369533] 3 | 5 9 3 2 7 _ _ 10 0 11 1 4 
[00369534] 4 | _ 9 3 2 7 _ _ 10 0 11 1 5 
[00369535] 3 | 6 9 3 2 7 _ _ 10 0 11 1 5 
[00369536] 3 | _ 9 3 2 7 4 _ 10 0 11 1 5 
[00369537] 2 | 7 9 3 2 7 4 _ 10 0 11 1 5 
[00369538] 2 | _ 9 3 2 7 4 9 10 0 11 1 5 
[00369539] 3 | _ 9 3 2 7 _ 4 10 0 11 1 5 
[00369540] 2 | 7 9 3 2 7 _ 4 10 0 11 1 5 
[00369541] 2 | _ 9 3 2 7 9 4 10 0 11 1 5 
[00369542] 5 | _ 9 3 2 _ _ _ 10 0 11 1 6 
[00369543] 4 | 5 9 3 2 _ _ _ 10 0 11 1 6 
[00369544] 3 | 5 9 3 2 4 7 _ 10 0 11 1 6 
[00369545] 3 | 5 9 3 2 7 4 _ 10 0 11 1 6 
[00369546] 3 | 5 9 3 2 4 _ 7 10 0 11 1 6 
[00369547] 3 | 5 9 3 2 7 _ 4 10 0 11 1 6 
[00369548] 4 | _ 9 3 2 4 8 _ 10 0 11 1 6 
[00369549] 3 | _ 9 3 2 4 8 7 10 0 11 1 6 
[00369550] 4 | _ 9 3 2 8 4 _ 10 0 11 1 6 
[00369551] 3 | _ 9 3 2 8 4 5 10 0 11 1 6 
[00369552] 2 | 7 9 3 2 8 4 5 10 0 11 1 6 
[00369553] 4 | _ 9 3 2 4 _ 8 10 0 11 1 6 
[00369554] 3 | _ 9 3 2 4 7 8 10 0 11 1 6 
[00369555] 4 | _ 9 3 2 8 _ 4 10 0 11 1 6 
[00369556] 3 | _ 9 3 2 8 5 4 10 0 11 1 6 
[00369557] 2 | 7 9 3 2 8 5 4 10 0 11 1 6 
[00369558] 6 | _ 9 _ 2 8 _ _ 10 0 11 1 _ 
[00369559] 5 | 4 9 _ 2 8 _ _ 10 0 11 1 _ 
[00369560] 4 | 4 9 5 2 8 _ _ 10 0 11 1 _ 
[00369561] 4 | 4 9 _ 2 8 _ _ 10 0 11 1 5 
[00369562] 3 | 4 9 6 2 8 _ _ 10 0 11 1 5 
[00369563] 5 | _ 9 4 2 8 _ _ 10 0 11 1 _ 
[00369564] 4 | 5 9 4 2 8 _ _ 10 0 11 1 _ 
[00369565] 4 | _ 9 4 2 8 _ _ 10 0 11 1 5 
[00369566] 3 | 6 9 4 2 8 _ _ 10 0 11 1 5 
[00369567] 5 | _ 9 _ 2 8 3 _ 10 0 11 1 _ 
[00369568] 4 | 5 9 _ 2 8 3 _ 10 0 11 1 _ 
[00369569] 3 | 5 9 6 2 8 3 _ 10 0 11 1 _ 
[00369570] 3 | 5 9 _ 2 8 3 _ 10 0 11 1 4 
[00369571] 2 | 5 9 7 2 8 3 _ 10 0 11 1 4 
[00369572] 2 | 5 9 _ 2 8 3 6 10 0 11 1 4 
[00369573] 4 | _ 9 5 2 8 3 _ 10 0 11 1 _ 
[00369574] 3 | 6 9 5 2 8 3 _ 10 0 11 1 _ 
[00369575] 3 | _ 9 5 2 8 3 _ 10 0 11 1 4 
[00369576] 2 | 7 9 5 2 8 3 _ 10 0 11 1 4 
[00369577] 2 | _ 9 5 2 8 3 6 10 0 11 1 4 
[00369578] 4 | _ 9 _ 2 8 3 4 10 0 11 1 _ 
[00369579] 3 | 6 9 _ 2 8 3 4 10 0 11 1 _ 
[00369580] 2 | 6 9 7 2 8 3 4 10 0 11 1 _ 
[00369581] 3 | _ 9 6 2 8 3 4 10 0 11 1 _ 
[00369582] 2 | 7 9 6 2 8 3 4 10 0 11 1 _ 
[00369583] 4 | _ 9 _ 2 8 3 _ 10 0 11 1 5 
[00369584] 3 | 6 9 _ 2 8 3 _ 10 0 11 1 5 
[00369585] 2 | 6 9 7 2 8 3 _ 10 0 11 1 5 
[00369586] 3 | _ 9 6 2 8 3 _ 10 0 11 1 5 
[00369587] 2 | 7 9 6 2 8 3 _ 10 0 11 1 5 
[00369588] 5 | _ 9 _ 2 8 _ 3 10 0 11 1 _ 
[00369589] 4 | 5 9 _ 2 8 _ 3 10 0 11 1 _ 
[00369590] 3 | 5 9 6 2 8 _ 3 10 0 11 1 _ 
[00369591] 3 | 5 9 _ 2 8 _ 3 10 0 11 1 4 
[00369592] 2 | 5 9 7 2 8 _ 3 10 0 11 1 4 
[00369593] 2 | 5 9 _ 2 8 6 3 10 0 11 1 4 
[00369594] 4 | _ 9 5 2 8 _ 3 10 0 11 1 _ 
[00369595] 3 | 6 9 5 2 8 _ 3 10 0 11 1 _ 
[00369596] 3 | _ 9 5 2 8 _ 3 10 0 11 1 4 
[00369597] 2 | 7 9 5 2 8 _ 3 10 0 11 1 4 
[00369598] 2 | _ 9 5 2 8 6 3 10 0 11 1 4 
[00369599] 4 | _ 9 _ 2 8 4 3 10 0 11 1 _ 
[00369600] 3 | 6 9 _ 2 8 4 3 10 0 11 1 _ 
[00369601] 2 | 6 9 7 2 8 4 3 10 0 11 1 _ 
[00369602] 3 | _ 9 6 2 8 4 3 10 0 11 1 _ 
[00369603] 2 | 7 9 6 2 8 4 3 10 0 11 1 _ 
[00369604] 4 | _ 9 _ 2 8 _ 3 10 0 11 1 5 
[00369605] 3 | 6 9 _ 2 8 _ 3 10 0 11 1 5 
[00369606] 2 | 6 9 7 2 8 _ 3 10 0 11 1 5 
[00369607] 3 | _ 9 6 2 8 _ 3 10 0 11 1 5 
[00369608] 2 | 7 9 6 2 8 _ 3 10 0 11 1 5 
[00369609] 5 | _ 9 _ 2 8 _ _ 10 0 11 1 6 
[00369610] 4 | 5 9 _ 2 8 _ _ 10 0 11 1 6 
[00369611] 4 | _ 9 5 2 8 _ _ 10 0 11 1 6 
[00369612] 4 | _ 9 _ 2 8 4 _ 10 0 11 1 6 
[00369613] 3 | _ 9 _ 2 8 4 5 10 0 11 1 6 
[00369614] 2 | 7 9 _ 2 8 4 5 10 0 11 1 6 
[00369615] 2 | _ 9 7 2 8 4 5 10 0 11 1 6 
[00369616] 4 | _ 9 _ 2 8 _ 4 10 0 11 1 6 
[00369617] 3 | _ 9 _ 2 8 5 4 10 0 11 1 6 
[00369618] 2 | 7 9 _ 2 8 5 4 10 0 11 1 6 
[00369619] 2 | _ 9 7 2 8 5 4 10 0 11 1 6 
[00369620] 6 | _ 9 _ 2 _ _ _ 10 0 11 1 7 
[00369621] 5 | 4 9 _ 2 _ _ _ 10 0 11 1 7 
[00369622] 4 | 4 9 5 2 _ _ _ 10 0 11 1 7 
[00369623] 3 | 4 9 5 2 3 6 _ 10 0 11 1 7 
[00369624] 3 | 4 9 5 2 6 3 _ 10 0 11 1 7 
[00369625] 2 | 4 9 5 2 6 3 8 10 0 11 1 7 
[00369626] 3 | 4 9 5 2 3 _ 6 10 0 11 1 7 
[00369627] 3 | 4 9 5 2 6 _ 3 10 0 11 1 7 
[00369628] 2 | 4 9 5 2 6 8 3 10 0 11 1 7 
[00369629] 4 | 4 9 _ 2 6 _ _ 10 0 11 1 7 
[00369630] 3 | 4 9 6 2 6 _ _ 10 0 11 1 7 
[00369631] 3 | 4 9 _ 2 6 3 _ 10 0 11 1 7 
[00369632] 2 | 4 9 _ 2 6 3 8 10 0 11 1 7 
[00369633] 3 | 4 9 _ 2 6 9 _ 10 0 11 1 7 
[00369634] 2 | 4 9 _ 2 6 9 8 10 0 11 1 7 
[00369635] 3 | 4 9 _ 2 6 _ 3 10 0 11 1 7 
[00369636] 2 | 4 9 _ 2 6 8 3 10 0 11 1 7 
[00369637] 3 | 4 9 _ 2 6 _ 9 10 0 11 1 7 
[00369638] 2 | 4 9 _ 2 6 8 9 10 0 11 1 7 
[00369639] 5 | _ 9 4 2 _ _ _ 10 0 11 1 7 
[00369640] 4 | 5 9 4 2 _ _ _ 10 0 11 1 7 
[00369641] 3 | 5 9 4 2 3 6 _ 10 0 11 1 7 
[00369642] 3 | 5 9 4 2 6 3 _ 10 0 11 1 7 
[00369643] 2 | 5 9 4 2 6 3 8 10 0 11 1 7 
[00369644] 3 | 5 9 4 2 3 _ 6 10 0 11 1 7 
[00369645] 3 | 5 9 4 2 6 _ 3 10 0 11 1 7 
[00369646] 2 | 5 9 4 2 6 8 3 10 0 11 1 7 
[00369647] 4 | _ 9 4 2 6 _ _ 10 0 11 1 7 
[00369648] 3 | 6 9 4 2 6 _ _ 10 0 11 1 7 
[00369649] 3 | _ 9 4 2 6 3 _ 10 0 11 1 7 
[00369650] 2 | _ 9 4 2 6 3 8 10 0 11 1 7 
[00369651] 3 | _ 9 4 2 6 9 _ 10 0 11 1 7 
[00369652] 2 | _ 9 4 2 6 9 8 10 0 11 1 7 
[00369653] 3 | _ 9 4 2 6 _ 3 10 0 11 1 7 
[00369654] 2 | _ 9 4 2 6 8 3 10 0 11 1 7 
[00369655] 3 | _ 9 4 2 6 _ 9 10 0 11 1 7 
[00369656] 2 | _ 9 4 2 6 8 9 10 0 11 1 7 
[00369657] 5 | _ 9 _ 2 3 8 _ 10 0 11 1 7 
[00369658] 4 | 5 9 _ 2 3 8 _ 10 0 11 1 7 
[00369659] 3 | 5 9 6 2 3 8 _ 10 0 11 1 7 
[00369660] 3 | 5 9 _ 2 3 8 6 10 0 11 1 7 
[00369661] 4 | _ 9 5 2 3 8 _ 10 0 11 1 7 
[00369662] 3 | 6 9 5 2 3 8 _ 10 0 11 1 7 
[00369663] 3 | _ 9 5 2 3 8 6 10 0 11 1 7 
[00369664] 5 | _ 9 _ 2 8 3 _ 10 0 11 1 7 
[00369665] 4 | 5 9 _ 2 8 3 _ 10 0 11 1 7 
[00369666] 3 | 5 9 6 2 8 3 _ 10 0 11 1 7 
[00369667] 4 | _ 9 5 2 8 3 _ 10 0 11 1 7 
[00369668] 3 | 6 9 5 2 8 3 _ 10 0 11 1 7 
[00369669] 4 | _ 9 _ 2 8 3 4 10 0 11 1 7 
[00369670] 3 | 6 9 _ 2 8 3 4 10 0 11 1 7 
[00369671] 3 | _ 9 6 2 8 3 4 10 0 11 1 7 
[00369672] 5 | _ 9 _ 2 3 _ 8 10 0 11 1 7 
[00369673] 4 | 5 9 _ 2 3 _ 8 10 0 11 1 7 
[00369674] 3 | 5 9 6 2 3 _ 8 10 0 11 1 7 
[00369675] 3 | 5 9 _ 2 3 6 8 10 0 11 1 7 
[00369676] 4 | _ 9 5 2 3 _ 8 10 0 11 1 7 
[00369677] 3 | 6 9 5 2 3 _ 8 10 0 11 1 7 
[00369678] 3 | _ 9 5 2 3 6 8 10 0 11 1 7 
[00369679] 5 | _ 9 _ 2 8 _ 3 10 0 11 1 7 
[00369680] 4 | 5 9 _ 2 8 _ 3 10 0 11 1 7 
[00369681] 3 | 5 9 6 2 8 _ 3 10 0 11 1 7 
[00369682] 4 | _ 9 5 2 8 _ 3 10 0 11 1 7 
[00369683] 3 | 6 9 5 2 8 _ 3 10 0 11 1 7 
[00369684] 4 | _ 9 _ 2 8 4 3 10 0 11 1 7 
[00369685] 3 | 6 9 _ 2 8 4 3 10 0 11 1 7 
[00369686] 3 | _ 9 6 2 8 4 3 10 0 11 1 7 
[00369687] 7 | _ _ _ 2 9 _ _ 10 0 11 1 _ 
[00369688] 6 | _ 8 _ 2 9 _ _ 10 0 11 1 _ 
[00369689] 5 | 3 8 _ 2 9 _ _ 10 0 11 1 _ 
[00369690] 4 | 3 8 4 2 9 _ _ 10 0 11 1 _ 
[00369691] 3 | 3 8 4 2 9 6 _ 10 0 11 1 _ 
[00369692] 2 | 3 8 4 2 9 6 7 10 0 11 1 _ 
[00369693] 3 | 3 8 4 2 9 _ 6 10 0 11 1 _ 
[00369694] 2 | 3 8 4 2 9 7 6 10 0 11 1 _ 
[00369695] 4 | 3 8 _ 2 9 5 _ 10 0 11 1 _ 
[00369696] 3 | 3 8 _ 2 9 5 6 10 0 11 1 _ 
[00369697] 3 | 3 8 _ 2 9 5 _ 10 0 11 1 4 
[00369698] 2 | 3 8 6 2 9 5 _ 10 0 11 1 4 
[00369699] 2 | 3 8 _ 2 9 5 7 10 0 11 1 4 
[00369700] 4 | 3 8 _ 2 9 _ 5 10 0 11 1 _ 
[00369701] 3 | 3 8 _ 2 9 6 5 10 0 11 1 _ 
[00369702] 3 | 3 8 _ 2 9 _ 5 10 0 11 1 4 
[00369703] 2 | 3 8 6 2 9 _ 5 10 0 11 1 4 
[00369704] 2 | 3 8 _ 2 9 7 5 10 0 11 1 4 
[00369705] 4 | 3 8 _ 2 9 _ _ 10 0 11 1 5 
[00369706] 3 | 3 8 _ 2 9 6 _ 10 0 11 1 5 
[00369707] 2 | 3 8 _ 2 9 6 7 10 0 11 1 5 
[00369708] 3 | 3 8 _ 2 9 _ 6 10 0 11 1 5 
[00369709] 2 | 3 8 _ 2 9 7 6 10 0 11 1 5 
[00369710] 5 | _ 8 3 2 9 _ _ 10 0 11 1 _ 
[00369711] 4 | 4 8 3 2 9 _ _ 10 0 11 1 _ 
[00369712] 3 | 4 8 3 2 9 6 _ 10 0 11 1 _ 
[00369713] 2 | 4 8 3 2 9 6 7 10 0 11 1 _ 
[00369714] 3 | 4 8 3 2 9 _ 6 10 0 11 1 _ 
[00369715] 2 | 4 8 3 2 9 7 6 10 0 11 1 _ 
[00369716] 4 | _ 8 3 2 9 5 _ 10 0 11 1 _ 
[00369717] 3 | _ 8 3 2 9 5 6 10 0 11 1 _ 
[00369718] 3 | _ 8 3 2 9 5 _ 10 0 11 1 4 
[00369719] 2 | 6 8 3 2 9 5 _ 10 0 11 1 4 
[00369720] 2 | _ 8 3 2 9 5 7 10 0 11 1 4 
[00369721] 4 | _ 8 3 2 9 _ 5 10 0 11 1 _ 
[00369722] 3 | _ 8 3 2 9 6 5 10 0 11 1 _ 
[00369723] 3 | _ 8 3 2 9 _ 5 10 0 11 1 4 
[00369724] 2 | 6 8 3 2 9 _ 5 10 0 11 1 4 
[00369725] 2 | _ 8 3 2 9 7 5 10 0 11 1 4 
[00369726] 4 | _ 8 3 2 9 _ _ 10 0 11 1 5 
[00369727] 3 | _ 8 3 2 9 6 _ 10 0 11 1 5 
[00369728] 2 | _ 8 3 2 9 6 7 10 0 11 1 5 
[00369729] 3 | _ 8 3 2 9 _ 6 10 0 11 1 5 
[00369730] 2 | _ 8 3 2 9 7 6 10 0 11 1 5 
[00369731] 5 | _ 8 _ 2 9 4 _ 10 0 11 1 _ 
[00369732] 4 | _ 8 _ 2 9 4 5 10 0 11 1 _ 
[00369733] 4 | _ 8 _ 2 9 4 _ 10 0 11 1 5 
[00369734] 3 | _ 8 _ 2 9 4 6 10 0 11 1 5 
[00369735] 5 | _ 8 _ 2 9 _ 4 10 0 11 1 _ 
[00369736] 4 | _ 8 _ 2 9 5 4 10 0 11 1 _ 
[00369737] 4 | _ 8 _ 2 9 _ 4 10 0 11 1 5 
[00369738] 3 | _ 8 _ 2 9 6 4 10 0 11 1 5 
[00369739] 5 | _ 8 _ 2 9 _ _ 10 0 11 1 6 
[00369740] 4 | 4 8 _ 2 9 _ _ 10 0 11 1 6 
[00369741] 3 | 4 8 5 2 9 _ _ 10 0 11 1 6 
[00369742] 2 | 4 8 5 2 9 7 _ 10 0 11 1 6 
[00369743] 2 | 4 8 5 2 9 _ 7 10 0 11 1 6 
[00369744] 4 | _ 8 4 2 9 _ _ 10 0 11 1 6 
[00369745] 3 | 5 8 4 2 9 _ _ 10 0 11 1 6 
[00369746] 2 | 5 8 4 2 9 7 _ 10 0 11 1 6 
[00369747] 2 | 5 8 4 2 9 _ 7 10 0 11 1 6 
[00369748] 4 | _ 8 _ 2 9 5 _ 10 0 11 1 6 
[00369749] 4 | _ 8 _ 2 9 _ 5 10 0 11 1 6 
[00369750] 6 | _ _ _ 2 9 3 _ 10 0 11 1 _ 
[00369751] 5 | _ 7 _ 2 9 3 _ 10 0 11 1 _ 
[00369752] 4 | _ 7 _ 2 9 3 5 10 0 11 1 _ 
[00369753] 3 | 4 7 _ 2 9 3 5 10 0 11 1 _ 
[00369754] 3 | _ 7 4 2 9 3 5 10 0 11 1 _ 
[00369755] 3 | _ 7 _ 2 9 3 5 10 0 11 1 4 
[00369756] 4 | _ 7 _ 2 9 3 _ 10 0 11 1 5 
[00369757] 3 | 4 7 _ 2 9 3 _ 10 0 11 1 5 
[00369758] 2 | 4 7 9 2 9 3 _ 10 0 11 1 5 
[00369759] 2 | 4 7 _ 2 9 3 7 10 0 11 1 5 
[00369760] 3 | _ 7 4 2 9 3 _ 10 0 11 1 5 
[00369761] 2 | 9 7 4 2 9 3 _ 10 0 11 1 5 
[00369762] 2 | _ 7 4 2 9 3 7 10 0 11 1 5 
[00369763] 3 | _ 7 _ 2 9 3 6 10 0 11 1 5 
[00369764] 5 | _ _ _ 2 9 3 4 10 0 11 1 _ 
[00369765] 4 | _ 6 _ 2 9 3 4 10 0 11 1 _ 
[00369766] 4 | _ _ _ 2 9 3 4 10 0 11 1 5 
[00369767] 5 | _ _ _ 2 9 3 _ 10 0 11 1 6 
[00369768] 4 | 4 8 _ 2 9 3 _ 10 0 11 1 6 
[00369769] 4 | 8 4 _ 2 9 3 _ 10 0 11 1 6 
[00369770] 3 | 8 4 7 2 9 3 _ 10 0 11 1 6 
[00369771] 4 | _ 4 8 2 9 3 _ 10 0 11 1 6 
[00369772] 3 | 7 4 8 2 9 3 _ 10 0 11 1 6 
[00369773] 4 | _ 8 4 2 9 3 _ 10 0 11 1 6 
[00369774] 4 | _ _ _ 2 9 3 5 10 0 11 1 6 
[00369775] 3 | 4 7 _ 2 9 3 5 10 0 11 1 6 
[00369776] 3 | 7 4 _ 2 9 3 5 10 0 11 1 6 
[00369777] 3 | _ 4 7 2 9 3 5 10 0 11 1 6 
[00369778] 3 | _ 7 4 2 9 3 5 10 0 11 1 6 
[00369779] 6 | _ _ _ 2 9 _ 3 10 0 11 1 _ 
[00369780] 5 | _ 7 _ 2 9 _ 3 10 0 11 1 _ 
[00369781] 4 | _ 7 _ 2 9 5 3 10 0 11 1 _ 
[00369782] 3 | 4 7 _ 2 9 5 3 10 0 11 1 _ 
[00369783] 3 | _ 7 4 2 9 5 3 10 0 11 1 _ 
[00369784] 3 | _ 7 _ 2 9 5 3 10 0 11 1 4 
[00369785] 4 | _ 7 _ 2 9 _ 3 10 0 11 1 5 
[00369786] 3 | 4 7 _ 2 9 _ 3 10 0 11 1 5 
[00369787] 2 | 4 7 9 2 9 _ 3 10 0 11 1 5 
[00369788] 2 | 4 7 _ 2 9 7 3 10 0 11 1 5 
[00369789] 3 | _ 7 4 2 9 _ 3 10 0 11 1 5 
[00369790] 2 | 9 7 4 2 9 _ 3 10 0 11 1 5 
[00369791] 2 | _ 7 4 2 9 7 3 10 0 11 1 5 
[00369792] 3 | _ 7 _ 2 9 6 3 10 0 11 1 5 
[00369793] 5 | _ _ _ 2 9 4 3 10 0 11 1 _ 
[00369794] 4 | _ 6 _ 2 9 4 3 10 0 11 1 _ 
[00369795] 4 | _ _ _ 2 9 4 3 10 0 11 1 5 
[00369796] 5 | _ _ _ 2 9 _ 3 10 0 11 1 6 
[00369797] 4 | 4 8 _ 2 9 _ 3 10 0 11 1 6 
[00369798] 4 | 8 4 _ 2 9 _ 3 10 0 11 1 6 
[00369799] 3 | 8 4 7 2 9 _ 3 10 0 11 1 6 
[00369800] 4 | _ 4 8 2 9 _ 3 10 0 11 1 6 
[00369801] 3 | 7 4 8 2 9 _ 3 10 0 11 1 6 
[00369802] 4 | _ 8 4 2 9 _ 3 10 0 11 1 6 
[00369803] 4 | _ _ _ 2 9 5 3 10 0 11 1 6 
[00369804] 3 | 4 7 _ 2 9 5 3 10 0 11 1 6 
[00369805] 3 | 7 4 _ 2 9 5 3 10 0 11 1 6 
[00369806] 3 | _ 4 7 2 9 5 3 10 0 11 1 6 
[00369807] 3 | _ 7 4 2 9 5 3 10 0 11 1 6 
[00369808] 6 | _ _ _ 2 9 _ _ 10 0 11 1 7 
[00369809] 5 | 3 8 _ 2 9 _ _ 10 0 11 1 7 
[00369810] 5 | 8 3 _ 2 9 _ _ 10 0 11 1 7 
[00369811] 4 | 8 3 _ 2 9 5 _ 10 0 11 1 7 
[00369812] 3 | 8 3 6 2 9 5 _ 10 0 11 1 7 
[00369813] 3 | 8 3 _ 2 9 5 6 10 0 11 1 7 
[00369814] 4 | 8 3 _ 2 9 _ 5 10 0 11 1 7 
[00369815] 3 | 8 3 6 2 9 _ 5 10 0 11 1 7 
[00369816] 3 | 8 3 _ 2 9 6 5 10 0 11 1 7 
[00369817] 5 | _ 3 8 2 9 _ _ 10 0 11 1 7 
[00369818] 4 | _ 3 8 2 9 5 _ 10 0 11 1 7 
[00369819] 3 | 6 3 8 2 9 5 _ 10 0 11 1 7 
[00369820] 3 | _ 3 8 2 9 5 6 10 0 11 1 7 
[00369821] 4 | _ 3 8 2 9 _ 5 10 0 11 1 7 
[00369822] 3 | 6 3 8 2 9 _ 5 10 0 11 1 7 
[00369823] 3 | _ 3 8 2 9 6 5 10 0 11 1 7 
[00369824] 5 | _ 8 3 2 9 _ _ 10 0 11 1 7 
[00369825] 5 | _ _ _ 2 9 4 _ 10 0 11 1 7 
[00369826] 4 | _ 6 _ 2 9 4 _ 10 0 11 1 7 
[00369827] 3 | 3 6 _ 2 9 4 _ 10 0 11 1 7 
[00369828] 2 | 3 6 8 2 9 4 _ 10 0 11 1 7 
[00369829] 3 | 9 6 _ 2 9 4 _ 10 0 11 1 7 
[00369830] 2 | 9 6 8 2 9 4 _ 10 0 11 1 7 
[00369831] 3 | _ 6 3 2 9 4 _ 10 0 11 1 7 
[00369832] 2 | 8 6 3 2 9 4 _ 10 0 11 1 7 
[00369833] 3 | _ 6 9 2 9 4 _ 10 0 11 1 7 
[00369834] 2 | 8 6 9 2 9 4 _ 10 0 11 1 7 
[00369835] 3 | _ 6 _ 2 9 4 6 10 0 11 1 7 
[00369836] 4 | _ _ _ 2 9 4 5 10 0 11 1 7 
[00369837] 3 | 3 6 _ 2 9 4 5 10 0 11 1 7 
[00369838] 3 | 6 3 _ 2 9 4 5 10 0 11 1 7 
[00369839] 3 | _ 3 6 2 9 4 5 10 0 11 1 7 
[00369840] 3 | _ 6 3 2 9 4 5 10 0 11 1 7 
[00369841] 5 | _ _ _ 2 9 _ 4 10 0 11 1 7 
[00369842] 4 | _ 6 _ 2 9 _ 4 10 0 11 1 7 
[00369843] 3 | 3 6 _ 2 9 _ 4 10 0 11 1 7 
[00369844] 2 | 3 6 8 2 9 _ 4 10 0 11 1 7 
[00369845] 3 | 9 6 _ 2 9 _ 4 10 0 11 1 7 
[00369846] 2 | 9 6 8 2 9 _ 4 10 0 11 1 7 
[00369847] 3 | _ 6 3 2 9 _ 4 10 0 11 1 7 
[00369848] 2 | 8 6 3 2 9 _ 4 10 0 11 1 7 
[00369849] 3 | _ 6 9 2 9 _ 4 10 0 11 1 7 
[00369850] 2 | 8 6 9 2 9 _ 4 10 0 11 1 7 
[00369851] 3 | _ 6 _ 2 9 6 4 10 0 11 1 7 
[00369852] 4 | _ _ _ 2 9 5 4 10 0 11 1 7 
[00369853] 3 | 3 6 _ 2 9 5 4 10 0 11 1 7 
[00369854] 3 | 6 3 _ 2 9 5 4 10 0 11 1 7 
[00369855] 3 | _ 3 6 2 9 5 4 10 0 11 1 7 
[00369856] 3 | _ 6 3 2 9 5 4 10 0 11 1 7 
[00369857] 7 | _ _ _ 2 _ _ _ 10 0 11 1 8 
[00369858] 6 | 3 9 _ 2 _ _ _ 10 0 11 1 8 
[00369859] 6 | 9 3 _ 2 _ _ _ 10 0 11 1 8 
[00369860] 5 | 9 3 _ 2 7 _ _ 10 0 11 1 8 
[00369861] 4 | 9 3 7 2 7 _ _ 10 0 11 1 8 
[00369862] 4 | 9 3 _ 2 7 3 _ 10 0 11 1 8 
[00369863] 3 | 9 3 _ 2 7 3 4 10 0 11 1 8 
[00369864] 4 | 9 3 _ 2 7 _ 3 10 0 11 1 8 
[00369865] 3 | 9 3 _ 2 7 4 3 10 0 11 1 8 
[00369866] 6 | _ 3 9 2 _ _ _ 10 0 11 1 8 
[00369867] 5 | _ 3 9 2 7 _ _ 10 0 11 1 8 
[00369868] 4 | 7 3 9 2 7 _ _ 10 0 11 1 8 
[00369869] 4 | _ 3 9 2 7 3 _ 10 0 11 1 8 
[00369870] 3 | _ 3 9 2 7 3 4 10 0 11 1 8 
[00369871] 4 | _ 3 9 2 7 _ 3 10 0 11 1 8 
[00369872] 3 | _ 3 9 2 7 4 3 10 0 11 1 8 
[00369873] 6 | _ 9 3 2 _ _ _ 10 0 11 1 8 
[00369874] 6 | _ _ _ 2 3 9 _ 10 0 11 1 8 
[00369875] 5 | _ 7 _ 2 3 9 _ 10 0 11 1 8 
[00369876] 4 | 3 7 _ 2 3 9 _ 10 0 11 1 8 
[00369877] 3 | 3 7 4 2 3 9 _ 10 0 11 1 8 
[00369878] 4 | _ 7 3 2 3 9 _ 10 0 11 1 8 
[00369879] 3 | 4 7 3 2 3 9 _ 10 0 11 1 8 
[00369880] 4 | _ 7 _ 2 3 9 7 10 0 11 1 8 
[00369881] 6 | _ _ _ 2 9 3 _ 10 0 11 1 8 
[00369882] 5 | _ 7 _ 2 9 3 _ 10 0 11 1 8 
[00369883] 4 | _ 7 _ 2 9 3 5 10 0 11 1 8 
[00369884] 3 | 4 7 _ 2 9 3 5 10 0 11 1 8 
[00369885] 3 | _ 7 4 2 9 3 5 10 0 11 1 8 
[00369886] 5 | _ _ _ 2 9 3 4 10 0 11 1 8 
[00369887] 4 | _ 6 _ 2 9 3 4 10 0 11 1 8 
[00369888] 6 | _ _ _ 2 3 _ 9 10 0 11 1 8 
[00369889] 5 | _ 7 _ 2 3 _ 9 10 0 11 1 8 
[00369890] 4 | 3 7 _ 2 3 _ 9 10 0 11 1 8 
[00369891] 3 | 3 7 4 2 3 _ 9 10 0 11 1 8 
[00369892] 4 | _ 7 3 2 3 _ 9 10 0 11 1 8 
[00369893] 3 | 4 7 3 2 3 _ 9 10 0 11 1 8 
[00369894] 4 | _ 7 _ 2 3 7 9 10 0 11 1 8 
[00369895] 6 | _ _ _ 2 9 _ 3 10 0 11 1 8 
[00369896] 5 | _ 7 _ 2 9 _ 3 10 0 11 1 8 
[00369897] 4 | _ 7 _ 2 9 5 3 10 0 11 1 8 
