[00321734] 3 | 10 2 7 11 4 8 1 0 9 3 10 _ 
[00321735] 4 | 10 2 7 11 4 _ 8 0 9 3 10 _ 
[00321736] 3 | 10 2 7 11 4 1 8 0 9 3 10 _ 
[00321737] 7 | 10 2 _ 11 1 8 _ 0 _ _ 10 _ 
[00321738] 6 | 10 2 _ 11 1 8 7 0 _ _ 10 _ 
[00321739] 5 | 10 2 _ 11 1 8 7 0 5 _ 10 _ 
[00321740] 4 | 10 2 6 11 1 8 7 0 5 _ 10 _ 
[00321741] 4 | 10 2 _ 11 1 8 7 0 5 9 10 _ 
[00321742] 5 | 10 2 _ 11 1 8 7 0 4 9 10 _ 
[00321743] 4 | 10 2 6 11 1 8 7 0 4 9 10 _ 
[00321744] 5 | 10 2 _ 11 1 8 7 0 9 4 10 _ 
[00321745] 4 | 10 2 6 11 1 8 7 0 9 4 10 _ 
[00321746] 6 | 10 2 _ 11 1 8 _ 0 6 _ 10 _ 
[00321747] 5 | 10 2 7 11 1 8 _ 0 6 _ 10 _ 
[00321748] 4 | 10 2 7 11 1 8 5 0 6 _ 10 _ 
[00321749] 3 | 10 2 7 11 1 8 5 0 6 3 10 _ 
[00321750] 3 | 10 2 7 11 1 8 5 0 6 9 10 _ 
[00321751] 5 | 10 2 _ 11 1 8 6 0 6 _ 10 _ 
[00321752] 5 | 10 2 _ 11 1 8 _ 0 6 1 10 _ 
[00321753] 6 | 10 2 _ 11 1 8 _ 0 3 9 10 _ 
[00321754] 5 | 10 2 7 11 1 8 _ 0 3 9 10 _ 
[00321755] 4 | 10 2 7 11 1 8 5 0 3 9 10 _ 
[00321756] 5 | 10 2 _ 11 1 8 6 0 3 9 10 _ 
[00321757] 6 | 10 2 _ 11 1 8 _ 0 9 3 10 _ 
[00321758] 5 | 10 2 7 11 1 8 _ 0 9 3 10 _ 
[00321759] 4 | 10 2 7 11 1 8 5 0 9 3 10 _ 
[00321760] 5 | 10 2 _ 11 1 8 6 0 9 3 10 _ 
[00321761] 7 | 10 2 _ 11 8 1 _ 0 _ _ 10 _ 
[00321762] 6 | 10 2 8 11 8 1 _ 0 _ _ 10 _ 
[00321763] 5 | 10 2 8 11 8 1 _ 0 5 _ 10 _ 
[00321764] 4 | 10 2 8 11 8 1 _ 0 5 9 10 _ 
[00321765] 5 | 10 2 8 11 8 1 _ 0 4 9 10 _ 
[00321766] 5 | 10 2 8 11 8 1 _ 0 9 4 10 _ 
[00321767] 6 | 10 2 _ 11 8 1 2 0 _ _ 10 _ 
[00321768] 5 | 10 2 _ 11 8 1 2 0 5 _ 10 _ 
[00321769] 4 | 10 2 _ 11 8 1 2 0 5 9 10 _ 
[00321770] 5 | 10 2 _ 11 8 1 2 0 4 9 10 _ 
[00321771] 5 | 10 2 _ 11 8 1 2 0 9 4 10 _ 
[00321772] 6 | 10 2 _ 11 8 1 _ 0 6 _ 10 _ 
[00321773] 5 | 10 2 7 11 8 1 _ 0 6 _ 10 _ 
[00321774] 4 | 10 2 7 11 8 1 4 0 6 _ 10 _ 
[00321775] 3 | 10 2 7 11 8 1 4 0 6 3 10 _ 
[00321776] 3 | 10 2 7 11 8 1 4 0 6 9 10 _ 
[00321777] 5 | 10 2 _ 11 8 1 3 0 6 _ 10 _ 
[00321778] 4 | 10 2 6 11 8 1 3 0 6 _ 10 _ 
[00321779] 4 | 10 2 _ 11 8 1 3 0 6 2 10 _ 
[00321780] 6 | 10 2 _ 11 8 1 _ 0 3 9 10 _ 
[00321781] 5 | 10 2 7 11 8 1 _ 0 3 9 10 _ 
[00321782] 4 | 10 2 7 11 8 1 4 0 3 9 10 _ 
[00321783] 6 | 10 2 _ 11 8 1 _ 0 9 3 10 _ 
[00321784] 5 | 10 2 7 11 8 1 _ 0 9 3 10 _ 
[00321785] 4 | 10 2 7 11 8 1 4 0 9 3 10 _ 
[00321786] 7 | 10 2 _ 11 1 _ 8 0 _ _ 10 _ 
[00321787] 6 | 10 2 _ 11 1 7 8 0 _ _ 10 _ 
[00321788] 5 | 10 2 _ 11 1 7 8 0 5 _ 10 _ 
[00321789] 4 | 10 2 6 11 1 7 8 0 5 _ 10 _ 
[00321790] 4 | 10 2 _ 11 1 7 8 0 5 9 10 _ 
[00321791] 5 | 10 2 _ 11 1 7 8 0 4 9 10 _ 
[00321792] 4 | 10 2 6 11 1 7 8 0 4 9 10 _ 
[00321793] 5 | 10 2 _ 11 1 7 8 0 9 4 10 _ 
[00321794] 4 | 10 2 6 11 1 7 8 0 9 4 10 _ 
[00321795] 6 | 10 2 _ 11 1 _ 8 0 6 _ 10 _ 
[00321796] 5 | 10 2 7 11 1 _ 8 0 6 _ 10 _ 
[00321797] 4 | 10 2 7 11 1 5 8 0 6 _ 10 _ 
[00321798] 3 | 10 2 7 11 1 5 8 0 6 3 10 _ 
[00321799] 3 | 10 2 7 11 1 5 8 0 6 9 10 _ 
[00321800] 5 | 10 2 _ 11 1 6 8 0 6 _ 10 _ 
[00321801] 5 | 10 2 _ 11 1 _ 8 0 6 1 10 _ 
[00321802] 6 | 10 2 _ 11 1 _ 8 0 3 9 10 _ 
[00321803] 5 | 10 2 7 11 1 _ 8 0 3 9 10 _ 
[00321804] 4 | 10 2 7 11 1 5 8 0 3 9 10 _ 
[00321805] 5 | 10 2 _ 11 1 6 8 0 3 9 10 _ 
[00321806] 6 | 10 2 _ 11 1 _ 8 0 9 3 10 _ 
[00321807] 5 | 10 2 7 11 1 _ 8 0 9 3 10 _ 
[00321808] 4 | 10 2 7 11 1 5 8 0 9 3 10 _ 
[00321809] 5 | 10 2 _ 11 1 6 8 0 9 3 10 _ 
[00321810] 7 | 10 2 _ 11 8 _ 1 0 _ _ 10 _ 
[00321811] 6 | 10 2 8 11 8 _ 1 0 _ _ 10 _ 
[00321812] 5 | 10 2 8 11 8 _ 1 0 5 _ 10 _ 
[00321813] 4 | 10 2 8 11 8 _ 1 0 5 9 10 _ 
[00321814] 5 | 10 2 8 11 8 _ 1 0 4 9 10 _ 
[00321815] 5 | 10 2 8 11 8 _ 1 0 9 4 10 _ 
[00321816] 6 | 10 2 _ 11 8 2 1 0 _ _ 10 _ 
[00321817] 5 | 10 2 _ 11 8 2 1 0 5 _ 10 _ 
[00321818] 4 | 10 2 _ 11 8 2 1 0 5 9 10 _ 
[00321819] 5 | 10 2 _ 11 8 2 1 0 4 9 10 _ 
[00321820] 5 | 10 2 _ 11 8 2 1 0 9 4 10 _ 
[00321821] 6 | 10 2 _ 11 8 _ 1 0 6 _ 10 _ 
[00321822] 5 | 10 2 7 11 8 _ 1 0 6 _ 10 _ 
[00321823] 4 | 10 2 7 11 8 4 1 0 6 _ 10 _ 
[00321824] 3 | 10 2 7 11 8 4 1 0 6 3 10 _ 
[00321825] 3 | 10 2 7 11 8 4 1 0 6 9 10 _ 
[00321826] 5 | 10 2 _ 11 8 3 1 0 6 _ 10 _ 
[00321827] 4 | 10 2 6 11 8 3 1 0 6 _ 10 _ 
[00321828] 4 | 10 2 _ 11 8 3 1 0 6 2 10 _ 
[00321829] 6 | 10 2 _ 11 8 _ 1 0 3 9 10 _ 
[00321830] 5 | 10 2 7 11 8 _ 1 0 3 9 10 _ 
[00321831] 4 | 10 2 7 11 8 4 1 0 3 9 10 _ 
[00321832] 6 | 10 2 _ 11 8 _ 1 0 9 3 10 _ 
[00321833] 5 | 10 2 7 11 8 _ 1 0 9 3 10 _ 
[00321834] 4 | 10 2 7 11 8 4 1 0 9 3 10 _ 
[00321835] 7 | 10 2 _ 11 _ _ _ 0 7 _ 10 _ 
[00321836] 6 | 10 2 8 11 _ _ _ 0 7 _ 10 _ 
[00321837] 5 | 10 2 8 11 6 _ _ 0 7 _ 10 _ 
[00321838] 4 | 10 2 8 11 6 _ _ 0 7 3 10 _ 
[00321839] 3 | 10 2 8 11 6 9 _ 0 7 3 10 _ 
[00321840] 2 | 10 2 8 11 6 9 4 0 7 3 10 _ 
[00321841] 3 | 10 2 8 11 6 _ 9 0 7 3 10 _ 
[00321842] 2 | 10 2 8 11 6 4 9 0 7 3 10 _ 
[00321843] 5 | 10 2 8 11 1 6 _ 0 7 _ 10 _ 
[00321844] 4 | 10 2 8 11 1 6 5 0 7 _ 10 _ 
[00321845] 3 | 10 2 8 11 1 6 5 0 7 4 10 _ 
[00321846] 4 | 10 2 8 11 1 6 _ 0 7 3 10 _ 
[00321847] 3 | 10 2 8 11 1 6 4 0 7 3 10 _ 
[00321848] 5 | 10 2 8 11 4 9 _ 0 7 _ 10 _ 
[00321849] 4 | 10 2 8 11 4 9 _ 0 7 3 10 _ 
[00321850] 3 | 10 2 8 11 4 9 1 0 7 3 10 _ 
[00321851] 5 | 10 2 8 11 6 1 _ 0 7 _ 10 _ 
[00321852] 4 | 10 2 8 11 6 1 _ 0 7 3 10 _ 
[00321853] 3 | 10 2 8 11 6 1 9 0 7 3 10 _ 
[00321854] 5 | 10 2 8 11 9 4 _ 0 7 _ 10 _ 
[00321855] 4 | 10 2 8 11 9 4 5 0 7 _ 10 _ 
[00321856] 4 | 10 2 8 11 9 4 _ 0 7 3 10 _ 
[00321857] 3 | 10 2 8 11 9 4 6 0 7 3 10 _ 
[00321858] 5 | 10 2 8 11 1 _ 6 0 7 _ 10 _ 
[00321859] 4 | 10 2 8 11 1 5 6 0 7 _ 10 _ 
[00321860] 3 | 10 2 8 11 1 5 6 0 7 4 10 _ 
[00321861] 4 | 10 2 8 11 1 _ 6 0 7 3 10 _ 
[00321862] 3 | 10 2 8 11 1 4 6 0 7 3 10 _ 
[00321863] 5 | 10 2 8 11 4 _ 9 0 7 _ 10 _ 
[00321864] 4 | 10 2 8 11 4 _ 9 0 7 3 10 _ 
[00321865] 3 | 10 2 8 11 4 1 9 0 7 3 10 _ 
[00321866] 5 | 10 2 8 11 6 _ 1 0 7 _ 10 _ 
[00321867] 4 | 10 2 8 11 6 _ 1 0 7 3 10 _ 
[00321868] 3 | 10 2 8 11 6 9 1 0 7 3 10 _ 
[00321869] 5 | 10 2 8 11 9 _ 4 0 7 _ 10 _ 
[00321870] 4 | 10 2 8 11 9 5 4 0 7 _ 10 _ 
[00321871] 4 | 10 2 8 11 9 _ 4 0 7 3 10 _ 
[00321872] 3 | 10 2 8 11 9 6 4 0 7 3 10 _ 
[00321873] 6 | 10 2 _ 11 5 _ _ 0 7 _ 10 _ 
[00321874] 5 | 10 2 7 11 5 _ _ 0 7 _ 10 _ 
[00321875] 4 | 10 2 7 11 5 1 _ 0 7 _ 10 _ 
[00321876] 3 | 10 2 7 11 5 1 8 0 7 _ 10 _ 
[00321877] 4 | 10 2 7 11 5 9 _ 0 7 _ 10 _ 
[00321878] 3 | 10 2 7 11 5 9 8 0 7 _ 10 _ 
[00321879] 4 | 10 2 7 11 5 _ 1 0 7 _ 10 _ 
[00321880] 3 | 10 2 7 11 5 8 1 0 7 _ 10 _ 
[00321881] 4 | 10 2 7 11 5 _ 9 0 7 _ 10 _ 
[00321882] 3 | 10 2 7 11 5 8 9 0 7 _ 10 _ 
[00321883] 5 | 10 2 _ 11 5 _ _ 0 7 2 10 _ 
[00321884] 4 | 10 2 _ 11 5 1 _ 0 7 2 10 _ 
[00321885] 3 | 10 2 _ 11 5 1 8 0 7 2 10 _ 
[00321886] 4 | 10 2 _ 11 5 9 _ 0 7 2 10 _ 
[00321887] 3 | 10 2 _ 11 5 9 8 0 7 2 10 _ 
[00321888] 4 | 10 2 _ 11 5 _ 1 0 7 2 10 _ 
[00321889] 3 | 10 2 _ 11 5 8 1 0 7 2 10 _ 
[00321890] 4 | 10 2 _ 11 5 _ 9 0 7 2 10 _ 
[00321891] 3 | 10 2 _ 11 5 8 9 0 7 2 10 _ 
[00321892] 6 | 10 2 _ 11 3 9 _ 0 7 _ 10 _ 
[00321893] 5 | 10 2 7 11 3 9 _ 0 7 _ 10 _ 
[00321894] 5 | 10 2 _ 11 3 9 8 0 7 _ 10 _ 
[00321895] 4 | 10 2 6 11 3 9 8 0 7 _ 10 _ 
[00321896] 3 | 10 2 6 11 3 9 8 0 7 4 10 _ 
[00321897] 5 | 10 2 _ 11 3 9 _ 0 7 2 10 _ 
[00321898] 6 | 10 2 _ 11 9 3 _ 0 7 _ 10 _ 
[00321899] 5 | 10 2 7 11 9 3 _ 0 7 _ 10 _ 
[00321900] 4 | 10 2 7 11 9 3 5 0 7 _ 10 _ 
[00321901] 5 | 10 2 _ 11 9 3 4 0 7 _ 10 _ 
[00321902] 4 | 10 2 6 11 9 3 4 0 7 _ 10 _ 
[00321903] 5 | 10 2 _ 11 9 3 _ 0 7 2 10 _ 
[00321904] 4 | 10 2 _ 11 9 3 5 0 7 2 10 _ 
[00321905] 6 | 10 2 _ 11 3 _ 9 0 7 _ 10 _ 
[00321906] 5 | 10 2 7 11 3 _ 9 0 7 _ 10 _ 
[00321907] 5 | 10 2 _ 11 3 8 9 0 7 _ 10 _ 
[00321908] 4 | 10 2 6 11 3 8 9 0 7 _ 10 _ 
[00321909] 3 | 10 2 6 11 3 8 9 0 7 4 10 _ 
[00321910] 5 | 10 2 _ 11 3 _ 9 0 7 2 10 _ 
[00321911] 6 | 10 2 _ 11 9 _ 3 0 7 _ 10 _ 
[00321912] 5 | 10 2 7 11 9 _ 3 0 7 _ 10 _ 
[00321913] 4 | 10 2 7 11 9 5 3 0 7 _ 10 _ 
[00321914] 5 | 10 2 _ 11 9 4 3 0 7 _ 10 _ 
[00321915] 4 | 10 2 6 11 9 4 3 0 7 _ 10 _ 
[00321916] 5 | 10 2 _ 11 9 _ 3 0 7 2 10 _ 
[00321917] 4 | 10 2 _ 11 9 5 3 0 7 2 10 _ 
[00321918] 6 | 10 2 _ 11 _ _ _ 0 7 1 10 _ 
[00321919] 5 | 10 2 _ 11 6 _ _ 0 7 1 10 _ 
[00321920] 4 | 10 2 6 11 6 _ _ 0 7 1 10 _ 
[00321921] 4 | 10 2 _ 11 6 2 _ 0 7 1 10 _ 
[00321922] 3 | 10 2 _ 11 6 2 3 0 7 1 10 _ 
[00321923] 3 | 10 2 _ 11 6 2 9 0 7 1 10 _ 
[00321924] 4 | 10 2 _ 11 6 _ 2 0 7 1 10 _ 
[00321925] 3 | 10 2 _ 11 6 3 2 0 7 1 10 _ 
[00321926] 3 | 10 2 _ 11 6 9 2 0 7 1 10 _ 
[00321927] 5 | 10 2 _ 11 3 8 _ 0 7 1 10 _ 
[00321928] 4 | 10 2 6 11 3 8 _ 0 7 1 10 _ 
[00321929] 5 | 10 2 _ 11 4 9 _ 0 7 1 10 _ 
[00321930] 4 | 10 2 6 11 4 9 _ 0 7 1 10 _ 
[00321931] 4 | 10 2 _ 11 4 9 8 0 7 1 10 _ 
[00321932] 3 | 10 2 5 11 4 9 8 0 7 1 10 _ 
[00321933] 5 | 10 2 _ 11 8 3 _ 0 7 1 10 _ 
[00321934] 4 | 10 2 6 11 8 3 _ 0 7 1 10 _ 
[00321935] 3 | 10 2 6 11 8 3 5 0 7 1 10 _ 
[00321936] 4 | 10 2 _ 11 8 3 4 0 7 1 10 _ 
[00321937] 3 | 10 2 5 11 8 3 4 0 7 1 10 _ 
[00321938] 5 | 10 2 _ 11 9 4 _ 0 7 1 10 _ 
[00321939] 4 | 10 2 6 11 9 4 _ 0 7 1 10 _ 
[00321940] 4 | 10 2 _ 11 9 4 5 0 7 1 10 _ 
[00321941] 5 | 10 2 _ 11 3 _ 8 0 7 1 10 _ 
[00321942] 4 | 10 2 6 11 3 _ 8 0 7 1 10 _ 
[00321943] 5 | 10 2 _ 11 4 _ 9 0 7 1 10 _ 
[00321944] 4 | 10 2 6 11 4 _ 9 0 7 1 10 _ 
[00321945] 4 | 10 2 _ 11 4 8 9 0 7 1 10 _ 
[00321946] 3 | 10 2 5 11 4 8 9 0 7 1 10 _ 
[00321947] 5 | 10 2 _ 11 8 _ 3 0 7 1 10 _ 
[00321948] 4 | 10 2 6 11 8 _ 3 0 7 1 10 _ 
[00321949] 3 | 10 2 6 11 8 5 3 0 7 1 10 _ 
[00321950] 4 | 10 2 _ 11 8 4 3 0 7 1 10 _ 
[00321951] 3 | 10 2 5 11 8 4 3 0 7 1 10 _ 
[00321952] 5 | 10 2 _ 11 9 _ 4 0 7 1 10 _ 
[00321953] 4 | 10 2 6 11 9 _ 4 0 7 1 10 _ 
[00321954] 4 | 10 2 _ 11 9 5 4 0 7 1 10 _ 
[00321955] 7 | 10 2 _ 11 _ _ _ 0 1 8 10 _ 
[00321956] 6 | 10 2 _ 11 5 _ _ 0 1 8 10 _ 
[00321957] 5 | 10 2 7 11 5 _ _ 0 1 8 10 _ 
[00321958] 4 | 10 2 7 11 5 9 _ 0 1 8 10 _ 
[00321959] 4 | 10 2 7 11 5 _ 9 0 1 8 10 _ 
[00321960] 6 | 10 2 _ 11 3 9 _ 0 1 8 10 _ 
[00321961] 5 | 10 2 7 11 3 9 _ 0 1 8 10 _ 
[00321962] 6 | 10 2 _ 11 9 3 _ 0 1 8 10 _ 
[00321963] 5 | 10 2 7 11 9 3 _ 0 1 8 10 _ 
[00321964] 4 | 10 2 7 11 9 3 5 0 1 8 10 _ 
[00321965] 5 | 10 2 _ 11 9 3 4 0 1 8 10 _ 
[00321966] 4 | 10 2 6 11 9 3 4 0 1 8 10 _ 
[00321967] 6 | 10 2 _ 11 3 _ 9 0 1 8 10 _ 
[00321968] 5 | 10 2 7 11 3 _ 9 0 1 8 10 _ 
[00321969] 6 | 10 2 _ 11 9 _ 3 0 1 8 10 _ 
[00321970] 5 | 10 2 7 11 9 _ 3 0 1 8 10 _ 
[00321971] 4 | 10 2 7 11 9 5 3 0 1 8 10 _ 
[00321972] 5 | 10 2 _ 11 9 4 3 0 1 8 10 _ 
[00321973] 4 | 10 2 6 11 9 4 3 0 1 8 10 _ 
[00321974] 7 | 10 2 _ 11 _ _ _ 0 8 1 10 _ 
[00321975] 6 | 10 2 _ 11 5 _ _ 0 8 1 10 _ 
[00321976] 5 | 10 2 7 11 5 _ _ 0 8 1 10 _ 
[00321977] 4 | 10 2 7 11 5 9 _ 0 8 1 10 _ 
[00321978] 4 | 10 2 7 11 5 _ 9 0 8 1 10 _ 
[00321979] 6 | 10 2 _ 11 3 9 _ 0 8 1 10 _ 
[00321980] 5 | 10 2 7 11 3 9 _ 0 8 1 10 _ 
[00321981] 6 | 10 2 _ 11 9 3 _ 0 8 1 10 _ 
[00321982] 5 | 10 2 7 11 9 3 _ 0 8 1 10 _ 
[00321983] 4 | 10 2 7 11 9 3 5 0 8 1 10 _ 
[00321984] 5 | 10 2 _ 11 9 3 4 0 8 1 10 _ 
[00321985] 4 | 10 2 6 11 9 3 4 0 8 1 10 _ 
[00321986] 6 | 10 2 _ 11 3 _ 9 0 8 1 10 _ 
[00321987] 5 | 10 2 7 11 3 _ 9 0 8 1 10 _ 
[00321988] 6 | 10 2 _ 11 9 _ 3 0 8 1 10 _ 
[00321989] 5 | 10 2 7 11 9 _ 3 0 8 1 10 _ 
[00321990] 4 | 10 2 7 11 9 5 3 0 8 1 10 _ 
[00321991] 5 | 10 2 _ 11 9 4 3 0 8 1 10 _ 
[00321992] 4 | 10 2 6 11 9 4 3 0 8 1 10 _ 
[00321993] 8 | _ 2 10 11 _ _ _ 0 _ _ 10 _ 
[00321994] 7 | 9 2 10 11 _ _ _ 0 _ _ 10 _ 
[00321995] 6 | 9 2 10 11 5 _ _ 0 _ _ 10 _ 
[00321996] 5 | 9 2 10 11 5 0 _ 0 _ _ 10 _ 
[00321997] 4 | 9 2 10 11 5 0 1 0 _ _ 10 _ 
[00321998] 3 | 9 2 10 11 5 0 1 0 3 6 10 _ 
[00321999] 3 | 9 2 10 11 5 0 1 0 4 7 10 _ 
[00322000] 3 | 9 2 10 11 5 0 1 0 6 3 10 _ 
[00322001] 3 | 9 2 10 11 5 0 1 0 7 4 10 _ 
[00322002] 4 | 9 2 10 11 5 0 _ 0 3 7 10 _ 
[00322003] 3 | 9 2 10 11 5 0 8 0 3 7 10 _ 
[00322004] 4 | 9 2 10 11 5 0 _ 0 4 8 10 _ 
[00322005] 4 | 9 2 10 11 5 0 _ 0 7 3 10 _ 
[00322006] 3 | 9 2 10 11 5 0 8 0 7 3 10 _ 
[00322007] 4 | 9 2 10 11 5 0 _ 0 8 4 10 _ 
[00322008] 5 | 9 2 10 11 5 _ 0 0 _ _ 10 _ 
[00322009] 4 | 9 2 10 11 5 1 0 0 _ _ 10 _ 
[00322010] 3 | 9 2 10 11 5 1 0 0 3 6 10 _ 
[00322011] 3 | 9 2 10 11 5 1 0 0 4 7 10 _ 
[00322012] 3 | 9 2 10 11 5 1 0 0 6 3 10 _ 
[00322013] 3 | 9 2 10 11 5 1 0 0 7 4 10 _ 
[00322014] 4 | 9 2 10 11 5 _ 0 0 3 7 10 _ 
[00322015] 3 | 9 2 10 11 5 8 0 0 3 7 10 _ 
[00322016] 4 | 9 2 10 11 5 _ 0 0 4 8 10 _ 
[00322017] 4 | 9 2 10 11 5 _ 0 0 7 3 10 _ 
[00322018] 3 | 9 2 10 11 5 8 0 0 7 3 10 _ 
[00322019] 4 | 9 2 10 11 5 _ 0 0 8 4 10 _ 
[00322020] 5 | 9 2 10 11 5 _ _ 0 5 _ 10 _ 
[00322021] 4 | 9 2 10 11 5 1 _ 0 5 _ 10 _ 
[00322022] 3 | 9 2 10 11 5 1 8 0 5 _ 10 _ 
[00322023] 3 | 9 2 10 11 5 1 _ 0 5 8 10 _ 
[00322024] 4 | 9 2 10 11 5 _ 1 0 5 _ 10 _ 
[00322025] 3 | 9 2 10 11 5 8 1 0 5 _ 10 _ 
[00322026] 3 | 9 2 10 11 5 _ 1 0 5 8 10 _ 
[00322027] 4 | 9 2 10 11 5 _ _ 0 5 1 10 _ 
[00322028] 5 | 9 2 10 11 5 _ _ 0 1 6 10 _ 
[00322029] 5 | 9 2 10 11 5 _ _ 0 3 8 10 _ 
[00322030] 4 | 9 2 10 11 5 1 _ 0 3 8 10 _ 
[00322031] 4 | 9 2 10 11 5 _ 1 0 3 8 10 _ 
[00322032] 5 | 9 2 10 11 5 _ _ 0 6 1 10 _ 
[00322033] 5 | 9 2 10 11 5 _ _ 0 8 3 10 _ 
[00322034] 4 | 9 2 10 11 5 1 _ 0 8 3 10 _ 
[00322035] 4 | 9 2 10 11 5 _ 1 0 8 3 10 _ 
[00322036] 6 | 9 2 10 11 1 7 _ 0 _ _ 10 _ 
[00322037] 5 | 9 2 10 11 1 7 6 0 _ _ 10 _ 
[00322038] 4 | 9 2 10 11 1 7 6 0 4 _ 10 _ 
[00322039] 4 | 9 2 10 11 1 7 6 0 4 8 10 _ 
[00322040] 4 | 9 2 10 11 1 7 6 0 8 4 10 _ 
[00322041] 5 | 9 2 10 11 1 7 _ 0 5 _ 10 _ 
[00322042] 4 | 9 2 10 11 1 7 5 0 5 _ 10 _ 
[00322043] 4 | 9 2 10 11 1 7 _ 0 5 1 10 _ 
[00322044] 5 | 9 2 10 11 1 7 _ 0 3 8 10 _ 
[00322045] 4 | 9 2 10 11 1 7 5 0 3 8 10 _ 
[00322046] 5 | 9 2 10 11 1 7 _ 0 8 3 10 _ 
[00322047] 4 | 9 2 10 11 1 7 5 0 8 3 10 _ 
[00322048] 6 | 9 2 10 11 7 1 _ 0 _ _ 10 _ 
[00322049] 5 | 9 2 10 11 7 1 _ 0 5 _ 10 _ 
[00322050] 4 | 9 2 10 11 7 1 3 0 5 _ 10 _ 
[00322051] 3 | 9 2 10 11 7 1 3 0 5 8 10 _ 
[00322052] 5 | 9 2 10 11 7 1 _ 0 3 8 10 _ 
[00322053] 5 | 9 2 10 11 7 1 _ 0 8 3 10 _ 
[00322054] 6 | 9 2 10 11 1 _ 7 0 _ _ 10 _ 
[00322055] 5 | 9 2 10 11 1 6 7 0 _ _ 10 _ 
[00322056] 4 | 9 2 10 11 1 6 7 0 4 _ 10 _ 
[00322057] 4 | 9 2 10 11 1 6 7 0 4 8 10 _ 
[00322058] 4 | 9 2 10 11 1 6 7 0 8 4 10 _ 
[00322059] 5 | 9 2 10 11 1 _ 7 0 5 _ 10 _ 
[00322060] 4 | 9 2 10 11 1 5 7 0 5 _ 10 _ 
[00322061] 4 | 9 2 10 11 1 _ 7 0 5 1 10 _ 
[00322062] 5 | 9 2 10 11 1 _ 7 0 3 8 10 _ 
[00322063] 4 | 9 2 10 11 1 5 7 0 3 8 10 _ 
[00322064] 5 | 9 2 10 11 1 _ 7 0 8 3 10 _ 
[00322065] 4 | 9 2 10 11 1 5 7 0 8 3 10 _ 
[00322066] 6 | 9 2 10 11 7 _ 1 0 _ _ 10 _ 
[00322067] 5 | 9 2 10 11 7 _ 1 0 5 _ 10 _ 
[00322068] 4 | 9 2 10 11 7 3 1 0 5 _ 10 _ 
[00322069] 3 | 9 2 10 11 7 3 1 0 5 8 10 _ 
[00322070] 5 | 9 2 10 11 7 _ 1 0 3 8 10 _ 
[00322071] 5 | 9 2 10 11 7 _ 1 0 8 3 10 _ 
[00322072] 6 | 9 2 10 11 _ _ _ 0 6 _ 10 _ 
[00322073] 5 | 9 2 10 11 6 _ _ 0 6 _ 10 _ 
[00322074] 5 | 9 2 10 11 3 8 _ 0 6 _ 10 _ 
[00322075] 4 | 9 2 10 11 3 8 7 0 6 _ 10 _ 
[00322076] 5 | 9 2 10 11 8 3 _ 0 6 _ 10 _ 
[00322077] 4 | 9 2 10 11 8 3 4 0 6 _ 10 _ 
[00322078] 5 | 9 2 10 11 3 _ 8 0 6 _ 10 _ 
[00322079] 4 | 9 2 10 11 3 7 8 0 6 _ 10 _ 
[00322080] 5 | 9 2 10 11 8 _ 3 0 6 _ 10 _ 
[00322081] 4 | 9 2 10 11 8 4 3 0 6 _ 10 _ 
[00322082] 5 | 9 2 10 11 _ _ _ 0 6 1 10 _ 
[00322083] 4 | 9 2 10 11 7 _ _ 0 6 1 10 _ 
[00322084] 3 | 9 2 10 11 7 4 _ 0 6 1 10 _ 
[00322085] 2 | 9 2 10 11 7 4 5 0 6 1 10 _ 
[00322086] 3 | 9 2 10 11 7 _ 4 0 6 1 10 _ 
[00322087] 2 | 9 2 10 11 7 5 4 0 6 1 10 _ 
[00322088] 4 | 9 2 10 11 3 7 _ 0 6 1 10 _ 
[00322089] 4 | 9 2 10 11 4 8 _ 0 6 1 10 _ 
[00322090] 3 | 9 2 10 11 4 8 7 0 6 1 10 _ 
[00322091] 4 | 9 2 10 11 7 3 _ 0 6 1 10 _ 
[00322092] 3 | 9 2 10 11 7 3 4 0 6 1 10 _ 
[00322093] 4 | 9 2 10 11 8 4 _ 0 6 1 10 _ 
[00322094] 3 | 9 2 10 11 8 4 5 0 6 1 10 _ 
[00322095] 4 | 9 2 10 11 3 _ 7 0 6 1 10 _ 
[00322096] 4 | 9 2 10 11 4 _ 8 0 6 1 10 _ 
[00322097] 3 | 9 2 10 11 4 7 8 0 6 1 10 _ 
[00322098] 4 | 9 2 10 11 7 _ 3 0 6 1 10 _ 
[00322099] 3 | 9 2 10 11 7 4 3 0 6 1 10 _ 
[00322100] 4 | 9 2 10 11 8 _ 4 0 6 1 10 _ 
[00322101] 3 | 9 2 10 11 8 5 4 0 6 1 10 _ 
[00322102] 5 | 9 2 10 11 _ _ _ 0 6 11 10 _ 
[00322103] 4 | 9 2 10 11 1 5 _ 0 6 11 10 _ 
[00322104] 3 | 9 2 10 11 1 5 4 0 6 11 10 _ 
[00322105] 4 | 9 2 10 11 3 7 _ 0 6 11 10 _ 
[00322106] 4 | 9 2 10 11 4 8 _ 0 6 11 10 _ 
[00322107] 3 | 9 2 10 11 4 8 1 0 6 11 10 _ 
[00322108] 3 | 9 2 10 11 4 8 7 0 6 11 10 _ 
[00322109] 4 | 9 2 10 11 5 1 _ 0 6 11 10 _ 
[00322110] 3 | 9 2 10 11 5 1 8 0 6 11 10 _ 
[00322111] 4 | 9 2 10 11 7 3 _ 0 6 11 10 _ 
[00322112] 3 | 9 2 10 11 7 3 4 0 6 11 10 _ 
[00322113] 4 | 9 2 10 11 8 4 _ 0 6 11 10 _ 
[00322114] 3 | 9 2 10 11 8 4 5 0 6 11 10 _ 
[00322115] 4 | 9 2 10 11 1 _ 5 0 6 11 10 _ 
[00322116] 3 | 9 2 10 11 1 4 5 0 6 11 10 _ 
[00322117] 4 | 9 2 10 11 3 _ 7 0 6 11 10 _ 
[00322118] 4 | 9 2 10 11 4 _ 8 0 6 11 10 _ 
[00322119] 3 | 9 2 10 11 4 1 8 0 6 11 10 _ 
[00322120] 3 | 9 2 10 11 4 7 8 0 6 11 10 _ 
[00322121] 4 | 9 2 10 11 5 _ 1 0 6 11 10 _ 
[00322122] 3 | 9 2 10 11 5 8 1 0 6 11 10 _ 
[00322123] 4 | 9 2 10 11 7 _ 3 0 6 11 10 _ 
[00322124] 3 | 9 2 10 11 7 4 3 0 6 11 10 _ 
[00322125] 4 | 9 2 10 11 8 _ 4 0 6 11 10 _ 
[00322126] 3 | 9 2 10 11 8 5 4 0 6 11 10 _ 
[00322127] 6 | 9 2 10 11 _ _ _ 0 1 7 10 _ 
[00322128] 5 | 9 2 10 11 6 _ _ 0 1 7 10 _ 
[00322129] 5 | 9 2 10 11 3 8 _ 0 1 7 10 _ 
[00322130] 5 | 9 2 10 11 8 3 _ 0 1 7 10 _ 
[00322131] 4 | 9 2 10 11 8 3 4 0 1 7 10 _ 
[00322132] 5 | 9 2 10 11 3 _ 8 0 1 7 10 _ 
[00322133] 5 | 9 2 10 11 8 _ 3 0 1 7 10 _ 
[00322134] 4 | 9 2 10 11 8 4 3 0 1 7 10 _ 
[00322135] 6 | 9 2 10 11 _ _ _ 0 7 1 10 _ 
[00322136] 5 | 9 2 10 11 6 _ _ 0 7 1 10 _ 
[00322137] 5 | 9 2 10 11 3 8 _ 0 7 1 10 _ 
[00322138] 5 | 9 2 10 11 8 3 _ 0 7 1 10 _ 
[00322139] 4 | 9 2 10 11 8 3 4 0 7 1 10 _ 
[00322140] 5 | 9 2 10 11 3 _ 8 0 7 1 10 _ 
[00322141] 5 | 9 2 10 11 8 _ 3 0 7 1 10 _ 
[00322142] 4 | 9 2 10 11 8 4 3 0 7 1 10 _ 
[00322143] 7 | _ 2 10 11 4 _ _ 0 _ _ 10 _ 
[00322144] 6 | 8 2 10 11 4 _ _ 0 _ _ 10 _ 
[00322145] 5 | 8 2 10 11 4 9 _ 0 _ _ 10 _ 
[00322146] 4 | 8 2 10 11 4 9 0 0 _ _ 10 _ 
[00322147] 3 | 8 2 10 11 4 9 0 0 3 6 10 _ 
[00322148] 3 | 8 2 10 11 4 9 0 0 6 3 10 _ 
[00322149] 4 | 8 2 10 11 4 9 _ 0 4 _ 10 _ 
[00322150] 3 | 8 2 10 11 4 9 1 0 4 _ 10 _ 
[00322151] 3 | 8 2 10 11 4 9 7 0 4 _ 10 _ 
[00322152] 3 | 8 2 10 11 4 9 _ 0 4 1 10 _ 
[00322153] 3 | 8 2 10 11 4 9 _ 0 4 7 10 _ 
[00322154] 4 | 8 2 10 11 4 9 _ 0 1 5 10 _ 
[00322155] 3 | 8 2 10 11 4 9 7 0 1 5 10 _ 
[00322156] 4 | 8 2 10 11 4 9 _ 0 3 7 10 _ 
[00322157] 3 | 8 2 10 11 4 9 1 0 3 7 10 _ 
[00322158] 4 | 8 2 10 11 4 9 _ 0 5 1 10 _ 
[00322159] 3 | 8 2 10 11 4 9 7 0 5 1 10 _ 
[00322160] 4 | 8 2 10 11 4 9 _ 0 7 3 10 _ 
[00322161] 3 | 8 2 10 11 4 9 1 0 7 3 10 _ 
[00322162] 5 | 8 2 10 11 4 _ 9 0 _ _ 10 _ 
[00322163] 4 | 8 2 10 11 4 0 9 0 _ _ 10 _ 
[00322164] 3 | 8 2 10 11 4 0 9 0 3 6 10 _ 
[00322165] 3 | 8 2 10 11 4 0 9 0 6 3 10 _ 
[00322166] 4 | 8 2 10 11 4 _ 9 0 4 _ 10 _ 
[00322167] 3 | 8 2 10 11 4 1 9 0 4 _ 10 _ 
[00322168] 3 | 8 2 10 11 4 7 9 0 4 _ 10 _ 
[00322169] 3 | 8 2 10 11 4 _ 9 0 4 1 10 _ 
[00322170] 3 | 8 2 10 11 4 _ 9 0 4 7 10 _ 
[00322171] 4 | 8 2 10 11 4 _ 9 0 1 5 10 _ 
[00322172] 3 | 8 2 10 11 4 7 9 0 1 5 10 _ 
[00322173] 4 | 8 2 10 11 4 _ 9 0 3 7 10 _ 
[00322174] 3 | 8 2 10 11 4 1 9 0 3 7 10 _ 
[00322175] 4 | 8 2 10 11 4 _ 9 0 5 1 10 _ 
[00322176] 3 | 8 2 10 11 4 7 9 0 5 1 10 _ 
[00322177] 4 | 8 2 10 11 4 _ 9 0 7 3 10 _ 
[00322178] 3 | 8 2 10 11 4 1 9 0 7 3 10 _ 
[00322179] 5 | 8 2 10 11 4 _ _ 0 5 _ 10 _ 
[00322180] 4 | 8 2 10 11 4 _ _ 0 5 1 10 _ 
[00322181] 3 | 8 2 10 11 4 7 _ 0 5 1 10 _ 
[00322182] 2 | 8 2 10 11 4 7 6 0 5 1 10 _ 
[00322183] 3 | 8 2 10 11 4 _ 7 0 5 1 10 _ 
[00322184] 2 | 8 2 10 11 4 6 7 0 5 1 10 _ 
[00322185] 4 | 8 2 10 11 4 _ _ 0 5 9 10 _ 
[00322186] 3 | 8 2 10 11 4 1 _ 0 5 9 10 _ 
[00322187] 2 | 8 2 10 11 4 1 6 0 5 9 10 _ 
[00322188] 3 | 8 2 10 11 4 7 _ 0 5 9 10 _ 
[00322189] 2 | 8 2 10 11 4 7 6 0 5 9 10 _ 
[00322190] 3 | 8 2 10 11 4 _ 1 0 5 9 10 _ 
[00322191] 2 | 8 2 10 11 4 6 1 0 5 9 10 _ 
[00322192] 3 | 8 2 10 11 4 _ 7 0 5 9 10 _ 
[00322193] 2 | 8 2 10 11 4 6 7 0 5 9 10 _ 
[00322194] 5 | 8 2 10 11 4 _ _ 0 1 6 10 _ 
[00322195] 5 | 8 2 10 11 4 _ _ 0 6 1 10 _ 
[00322196] 6 | _ 2 10 11 4 _ _ 0 6 _ 10 _ 
[00322197] 5 | 7 2 10 11 4 _ _ 0 6 _ 10 _ 
[00322198] 4 | 7 2 10 11 4 8 _ 0 6 _ 10 _ 
[00322199] 3 | 7 2 10 11 4 8 1 0 6 _ 10 _ 
[00322200] 3 | 7 2 10 11 4 8 _ 0 6 3 10 _ 
[00322201] 3 | 7 2 10 11 4 8 _ 0 6 9 10 _ 
[00322202] 4 | 7 2 10 11 4 _ 8 0 6 _ 10 _ 
[00322203] 3 | 7 2 10 11 4 1 8 0 6 _ 10 _ 
[00322204] 3 | 7 2 10 11 4 _ 8 0 6 3 10 _ 
[00322205] 3 | 7 2 10 11 4 _ 8 0 6 9 10 _ 
[00322206] 5 | _ 2 10 11 4 9 _ 0 6 _ 10 _ 
[00322207] 4 | 6 2 10 11 4 9 _ 0 6 _ 10 _ 
[00322208] 3 | 6 2 10 11 4 9 1 0 6 _ 10 _ 
[00322209] 3 | 6 2 10 11 4 9 7 0 6 _ 10 _ 
[00322210] 4 | _ 2 10 11 4 9 8 0 6 _ 10 _ 
[00322211] 3 | 5 2 10 11 4 9 8 0 6 _ 10 _ 
[00322212] 3 | _ 2 10 11 4 9 8 0 6 3 10 _ 
[00322213] 4 | _ 2 10 11 4 9 _ 0 6 2 10 _ 
[00322214] 3 | _ 2 10 11 4 9 1 0 6 2 10 _ 
[00322215] 3 | _ 2 10 11 4 9 7 0 6 2 10 _ 
[00322216] 5 | _ 2 10 11 4 _ 9 0 6 _ 10 _ 
[00322217] 4 | 6 2 10 11 4 _ 9 0 6 _ 10 _ 
[00322218] 3 | 6 2 10 11 4 1 9 0 6 _ 10 _ 
[00322219] 3 | 6 2 10 11 4 7 9 0 6 _ 10 _ 
[00322220] 4 | _ 2 10 11 4 8 9 0 6 _ 10 _ 
[00322221] 3 | 5 2 10 11 4 8 9 0 6 _ 10 _ 
[00322222] 3 | _ 2 10 11 4 8 9 0 6 3 10 _ 
[00322223] 4 | _ 2 10 11 4 _ 9 0 6 2 10 _ 
[00322224] 3 | _ 2 10 11 4 1 9 0 6 2 10 _ 
[00322225] 3 | _ 2 10 11 4 7 9 0 6 2 10 _ 
[00322226] 5 | _ 2 10 11 4 _ _ 0 6 1 10 _ 
[00322227] 4 | _ 2 10 11 4 8 _ 0 6 1 10 _ 
[00322228] 3 | 5 2 10 11 4 8 _ 0 6 1 10 _ 
[00322229] 3 | _ 2 10 11 4 8 7 0 6 1 10 _ 
[00322230] 4 | _ 2 10 11 4 _ 8 0 6 1 10 _ 
[00322231] 3 | 5 2 10 11 4 _ 8 0 6 1 10 _ 
[00322232] 3 | _ 2 10 11 4 7 8 0 6 1 10 _ 
[00322233] 6 | _ 2 10 11 4 _ _ 0 1 7 10 _ 
