[00111983] 4 | _ 10 _ 0 11 2 6 9 1 8 3 7 
[00111984] 8 | _ 10 _ 0 11 2 _ _ 1 9 _ _ 
[00111985] 7 | 3 10 _ 0 11 2 _ _ 1 9 _ _ 
[00111986] 6 | 3 10 4 0 11 2 _ _ 1 9 _ _ 
[00111987] 5 | 3 10 4 0 11 2 6 _ 1 9 _ _ 
[00111988] 4 | 3 10 4 0 11 2 6 5 1 9 _ _ 
[00111989] 3 | 3 10 4 0 11 2 6 5 1 9 8 _ 
[00111990] 5 | 3 10 4 0 11 2 _ 5 1 9 _ _ 
[00111991] 4 | 3 10 4 0 11 2 7 5 1 9 _ _ 
[00111992] 3 | 3 10 4 0 11 2 7 5 1 9 8 _ 
[00111993] 2 | 3 10 4 0 11 2 7 5 1 9 8 6 
[00111994] 5 | 3 10 4 0 11 2 _ 6 1 9 _ _ 
[00111995] 4 | 3 10 4 0 11 2 7 6 1 9 _ _ 
[00111996] 3 | 3 10 4 0 11 2 7 6 1 9 5 8 
[00111997] 3 | 3 10 4 0 11 2 7 6 1 9 8 5 
[00111998] 6 | 3 10 _ 0 11 2 5 _ 1 9 _ _ 
[00111999] 5 | 3 10 _ 0 11 2 5 6 1 9 _ _ 
[00112000] 4 | 3 10 6 0 11 2 5 6 1 9 _ _ 
[00112001] 3 | 3 10 6 0 11 2 5 6 1 9 4 7 
[00112002] 3 | 3 10 6 0 11 2 5 6 1 9 7 4 
[00112003] 4 | 3 10 _ 0 11 2 5 6 1 9 10 _ 
[00112004] 3 | 3 10 7 0 11 2 5 6 1 9 10 _ 
[00112005] 3 | 3 10 _ 0 11 2 5 6 1 9 10 7 
[00112006] 4 | 3 10 _ 0 11 2 5 6 1 9 4 8 
[00112007] 3 | 3 10 7 0 11 2 5 6 1 9 4 8 
[00112008] 4 | 3 10 _ 0 11 2 5 6 1 9 8 4 
[00112009] 3 | 3 10 7 0 11 2 5 6 1 9 8 4 
[00112010] 6 | 3 10 _ 0 11 2 _ 6 1 9 _ _ 
[00112011] 5 | 3 10 5 0 11 2 _ 6 1 9 _ _ 
[00112012] 4 | 3 10 5 0 11 2 7 6 1 9 _ _ 
[00112013] 4 | 3 10 5 0 11 2 _ 6 1 9 4 8 
[00112014] 4 | 3 10 5 0 11 2 _ 6 1 9 8 4 
[00112015] 5 | 3 10 _ 0 11 2 6 6 1 9 _ _ 
[00112016] 4 | 3 10 _ 0 11 2 6 6 1 9 4 8 
[00112017] 3 | 3 10 7 0 11 2 6 6 1 9 4 8 
[00112018] 4 | 3 10 _ 0 11 2 6 6 1 9 8 4 
[00112019] 3 | 3 10 7 0 11 2 6 6 1 9 8 4 
[00112020] 5 | 3 10 _ 0 11 2 _ 6 1 9 11 _ 
[00112021] 4 | 3 10 _ 0 11 2 7 6 1 9 11 _ 
[00112022] 4 | 3 10 _ 0 11 2 _ 6 1 9 11 7 
[00112023] 6 | 3 10 _ 0 11 2 _ 7 1 9 _ _ 
[00112024] 5 | 3 10 5 0 11 2 _ 7 1 9 _ _ 
[00112025] 4 | 3 10 5 0 11 2 7 7 1 9 _ _ 
[00112026] 4 | 3 10 5 0 11 2 _ 7 1 9 11 _ 
[00112027] 3 | 3 10 5 0 11 2 8 7 1 9 11 _ 
[00112028] 3 | 3 10 5 0 11 2 _ 7 1 9 11 8 
[00112029] 4 | 3 10 5 0 11 2 _ 7 1 9 4 8 
[00112030] 4 | 3 10 5 0 11 2 _ 7 1 9 8 4 
[00112031] 5 | 3 10 _ 0 11 2 6 7 1 9 _ _ 
[00112032] 4 | 3 10 _ 0 11 2 6 7 1 9 4 8 
[00112033] 4 | 3 10 _ 0 11 2 6 7 1 9 8 4 
[00112034] 7 | _ 10 3 0 11 2 _ _ 1 9 _ _ 
[00112035] 6 | 4 10 3 0 11 2 _ _ 1 9 _ _ 
[00112036] 5 | 4 10 3 0 11 2 6 _ 1 9 _ _ 
[00112037] 4 | 4 10 3 0 11 2 6 5 1 9 _ _ 
[00112038] 3 | 4 10 3 0 11 2 6 5 1 9 8 _ 
[00112039] 5 | 4 10 3 0 11 2 _ 5 1 9 _ _ 
[00112040] 4 | 4 10 3 0 11 2 7 5 1 9 _ _ 
[00112041] 3 | 4 10 3 0 11 2 7 5 1 9 8 _ 
[00112042] 2 | 4 10 3 0 11 2 7 5 1 9 8 6 
[00112043] 5 | 4 10 3 0 11 2 _ 6 1 9 _ _ 
[00112044] 4 | 4 10 3 0 11 2 7 6 1 9 _ _ 
[00112045] 3 | 4 10 3 0 11 2 7 6 1 9 5 8 
[00112046] 3 | 4 10 3 0 11 2 7 6 1 9 8 5 
[00112047] 6 | _ 10 3 0 11 2 5 _ 1 9 _ _ 
[00112048] 5 | _ 10 3 0 11 2 5 6 1 9 _ _ 
[00112049] 4 | 6 10 3 0 11 2 5 6 1 9 _ _ 
[00112050] 3 | 6 10 3 0 11 2 5 6 1 9 4 7 
[00112051] 3 | 6 10 3 0 11 2 5 6 1 9 7 4 
[00112052] 4 | _ 10 3 0 11 2 5 6 1 9 10 _ 
[00112053] 3 | 7 10 3 0 11 2 5 6 1 9 10 _ 
[00112054] 3 | _ 10 3 0 11 2 5 6 1 9 10 7 
[00112055] 4 | _ 10 3 0 11 2 5 6 1 9 4 8 
[00112056] 3 | 7 10 3 0 11 2 5 6 1 9 4 8 
[00112057] 4 | _ 10 3 0 11 2 5 6 1 9 8 4 
[00112058] 3 | 7 10 3 0 11 2 5 6 1 9 8 4 
[00112059] 6 | _ 10 3 0 11 2 _ 6 1 9 _ _ 
[00112060] 5 | 5 10 3 0 11 2 _ 6 1 9 _ _ 
[00112061] 4 | 5 10 3 0 11 2 7 6 1 9 _ _ 
[00112062] 4 | 5 10 3 0 11 2 _ 6 1 9 4 8 
[00112063] 4 | 5 10 3 0 11 2 _ 6 1 9 8 4 
[00112064] 5 | _ 10 3 0 11 2 6 6 1 9 _ _ 
[00112065] 4 | _ 10 3 0 11 2 6 6 1 9 4 8 
[00112066] 3 | 7 10 3 0 11 2 6 6 1 9 4 8 
[00112067] 4 | _ 10 3 0 11 2 6 6 1 9 8 4 
[00112068] 3 | 7 10 3 0 11 2 6 6 1 9 8 4 
[00112069] 5 | _ 10 3 0 11 2 _ 6 1 9 11 _ 
[00112070] 4 | _ 10 3 0 11 2 7 6 1 9 11 _ 
[00112071] 4 | _ 10 3 0 11 2 _ 6 1 9 11 7 
[00112072] 6 | _ 10 3 0 11 2 _ 7 1 9 _ _ 
[00112073] 5 | 5 10 3 0 11 2 _ 7 1 9 _ _ 
[00112074] 4 | 5 10 3 0 11 2 7 7 1 9 _ _ 
[00112075] 4 | 5 10 3 0 11 2 _ 7 1 9 11 _ 
[00112076] 3 | 5 10 3 0 11 2 8 7 1 9 11 _ 
[00112077] 3 | 5 10 3 0 11 2 _ 7 1 9 11 8 
[00112078] 4 | 5 10 3 0 11 2 _ 7 1 9 4 8 
[00112079] 4 | 5 10 3 0 11 2 _ 7 1 9 8 4 
[00112080] 5 | _ 10 3 0 11 2 6 7 1 9 _ _ 
[00112081] 4 | _ 10 3 0 11 2 6 7 1 9 4 8 
[00112082] 4 | _ 10 3 0 11 2 6 7 1 9 8 4 
[00112083] 7 | _ 10 _ 0 11 2 4 _ 1 9 _ _ 
[00112084] 6 | _ 10 _ 0 11 2 4 6 1 9 _ _ 
[00112085] 5 | 5 10 _ 0 11 2 4 6 1 9 _ _ 
[00112086] 4 | 5 10 6 0 11 2 4 6 1 9 _ _ 
[00112087] 4 | 5 10 _ 0 11 2 4 6 1 9 10 _ 
[00112088] 3 | 5 10 7 0 11 2 4 6 1 9 10 _ 
[00112089] 3 | 5 10 _ 0 11 2 4 6 1 9 10 7 
[00112090] 4 | 5 10 _ 0 11 2 4 6 1 9 3 7 
[00112091] 4 | 5 10 _ 0 11 2 4 6 1 9 7 3 
[00112092] 5 | _ 10 5 0 11 2 4 6 1 9 _ _ 
[00112093] 4 | 6 10 5 0 11 2 4 6 1 9 _ _ 
[00112094] 4 | _ 10 5 0 11 2 4 6 1 9 10 _ 
[00112095] 3 | 7 10 5 0 11 2 4 6 1 9 10 _ 
[00112096] 3 | _ 10 5 0 11 2 4 6 1 9 10 7 
[00112097] 4 | _ 10 5 0 11 2 4 6 1 9 3 7 
[00112098] 4 | _ 10 5 0 11 2 4 6 1 9 7 3 
[00112099] 5 | _ 10 _ 0 11 2 4 6 1 9 3 8 
[00112100] 5 | _ 10 _ 0 11 2 4 6 1 9 8 3 
[00112101] 6 | _ 10 _ 0 11 2 4 7 1 9 _ _ 
[00112102] 5 | 5 10 _ 0 11 2 4 7 1 9 _ _ 
[00112103] 4 | 5 10 6 0 11 2 4 7 1 9 _ _ 
[00112104] 4 | 5 10 _ 0 11 2 4 7 1 9 3 _ 
[00112105] 3 | 5 10 _ 0 11 2 4 7 1 9 3 6 
[00112106] 2 | 5 10 8 0 11 2 4 7 1 9 3 6 
[00112107] 5 | _ 10 5 0 11 2 4 7 1 9 _ _ 
[00112108] 4 | 6 10 5 0 11 2 4 7 1 9 _ _ 
[00112109] 4 | _ 10 5 0 11 2 4 7 1 9 3 _ 
[00112110] 3 | _ 10 5 0 11 2 4 7 1 9 3 6 
[00112111] 2 | 8 10 5 0 11 2 4 7 1 9 3 6 
[00112112] 5 | _ 10 _ 0 11 2 4 7 1 9 3 8 
[00112113] 4 | 6 10 _ 0 11 2 4 7 1 9 3 8 
[00112114] 4 | _ 10 6 0 11 2 4 7 1 9 3 8 
[00112115] 5 | _ 10 _ 0 11 2 4 7 1 9 8 3 
[00112116] 4 | 6 10 _ 0 11 2 4 7 1 9 8 3 
[00112117] 4 | _ 10 6 0 11 2 4 7 1 9 8 3 
[00112118] 7 | _ 10 _ 0 11 2 _ 7 1 9 _ _ 
[00112119] 6 | 4 10 _ 0 11 2 _ 7 1 9 _ _ 
[00112120] 5 | 4 10 5 0 11 2 _ 7 1 9 _ _ 
[00112121] 4 | 4 10 5 0 11 2 7 7 1 9 _ _ 
[00112122] 3 | 4 10 5 0 11 2 7 7 1 9 3 6 
[00112123] 3 | 4 10 5 0 11 2 7 7 1 9 6 3 
[00112124] 4 | 4 10 5 0 11 2 _ 7 1 9 3 _ 
[00112125] 3 | 4 10 5 0 11 2 8 7 1 9 3 _ 
[00112126] 3 | 4 10 5 0 11 2 _ 7 1 9 3 6 
[00112127] 4 | 4 10 5 0 11 2 _ 7 1 9 11 _ 
[00112128] 3 | 4 10 5 0 11 2 8 7 1 9 11 _ 
[00112129] 3 | 4 10 5 0 11 2 _ 7 1 9 11 8 
[00112130] 5 | 4 10 _ 0 11 2 6 7 1 9 _ _ 
[00112131] 4 | 4 10 _ 0 11 2 6 7 1 9 3 _ 
[00112132] 5 | 4 10 _ 0 11 2 _ 7 1 9 3 8 
[00112133] 4 | 4 10 6 0 11 2 _ 7 1 9 3 8 
[00112134] 5 | 4 10 _ 0 11 2 _ 7 1 9 8 3 
[00112135] 4 | 4 10 6 0 11 2 _ 7 1 9 8 3 
[00112136] 6 | _ 10 4 0 11 2 _ 7 1 9 _ _ 
[00112137] 5 | 5 10 4 0 11 2 _ 7 1 9 _ _ 
[00112138] 4 | 5 10 4 0 11 2 7 7 1 9 _ _ 
[00112139] 3 | 5 10 4 0 11 2 7 7 1 9 3 6 
[00112140] 3 | 5 10 4 0 11 2 7 7 1 9 6 3 
[00112141] 4 | 5 10 4 0 11 2 _ 7 1 9 3 _ 
[00112142] 3 | 5 10 4 0 11 2 8 7 1 9 3 _ 
[00112143] 3 | 5 10 4 0 11 2 _ 7 1 9 3 6 
[00112144] 4 | 5 10 4 0 11 2 _ 7 1 9 11 _ 
[00112145] 3 | 5 10 4 0 11 2 8 7 1 9 11 _ 
[00112146] 3 | 5 10 4 0 11 2 _ 7 1 9 11 8 
[00112147] 5 | _ 10 4 0 11 2 6 7 1 9 _ _ 
[00112148] 4 | _ 10 4 0 11 2 6 7 1 9 3 _ 
[00112149] 5 | _ 10 4 0 11 2 _ 7 1 9 3 8 
[00112150] 4 | 6 10 4 0 11 2 _ 7 1 9 3 8 
[00112151] 5 | _ 10 4 0 11 2 _ 7 1 9 8 3 
[00112152] 4 | 6 10 4 0 11 2 _ 7 1 9 8 3 
[00112153] 6 | _ 10 _ 0 11 2 5 7 1 9 _ _ 
[00112154] 5 | _ 10 _ 0 11 2 5 7 1 9 3 8 
[00112155] 4 | 6 10 _ 0 11 2 5 7 1 9 3 8 
[00112156] 4 | _ 10 6 0 11 2 5 7 1 9 3 8 
[00112157] 5 | _ 10 _ 0 11 2 5 7 1 9 8 3 
[00112158] 4 | 6 10 _ 0 11 2 5 7 1 9 8 3 
[00112159] 4 | _ 10 6 0 11 2 5 7 1 9 8 3 
[00112160] 7 | _ 10 _ 0 11 2 _ 8 1 9 _ _ 
[00112161] 6 | 4 10 _ 0 11 2 _ 8 1 9 _ _ 
[00112162] 5 | 4 10 5 0 11 2 _ 8 1 9 _ _ 
[00112163] 4 | 4 10 5 0 11 2 7 8 1 9 _ _ 
[00112164] 3 | 4 10 5 0 11 2 7 8 1 9 3 6 
[00112165] 3 | 4 10 5 0 11 2 7 8 1 9 6 3 
[00112166] 4 | 4 10 5 0 11 2 _ 8 1 9 3 7 
[00112167] 4 | 4 10 5 0 11 2 _ 8 1 9 7 3 
[00112168] 5 | 4 10 _ 0 11 2 6 8 1 9 _ _ 
[00112169] 4 | 4 10 _ 0 11 2 6 8 1 9 3 7 
[00112170] 4 | 4 10 _ 0 11 2 6 8 1 9 7 3 
[00112171] 5 | 4 10 _ 0 11 2 _ 8 1 9 3 _ 
[00112172] 4 | 4 10 6 0 11 2 _ 8 1 9 3 _ 
[00112173] 4 | 4 10 _ 0 11 2 7 8 1 9 3 _ 
[00112174] 3 | 4 10 _ 0 11 2 7 8 1 9 3 6 
[00112175] 4 | 4 10 _ 0 11 2 _ 8 1 9 3 7 
[00112176] 6 | _ 10 4 0 11 2 _ 8 1 9 _ _ 
[00112177] 5 | 5 10 4 0 11 2 _ 8 1 9 _ _ 
[00112178] 4 | 5 10 4 0 11 2 7 8 1 9 _ _ 
[00112179] 3 | 5 10 4 0 11 2 7 8 1 9 3 6 
[00112180] 3 | 5 10 4 0 11 2 7 8 1 9 6 3 
[00112181] 4 | 5 10 4 0 11 2 _ 8 1 9 3 7 
[00112182] 4 | 5 10 4 0 11 2 _ 8 1 9 7 3 
[00112183] 5 | _ 10 4 0 11 2 6 8 1 9 _ _ 
[00112184] 4 | _ 10 4 0 11 2 6 8 1 9 3 7 
[00112185] 4 | _ 10 4 0 11 2 6 8 1 9 7 3 
[00112186] 5 | _ 10 4 0 11 2 _ 8 1 9 3 _ 
[00112187] 4 | 6 10 4 0 11 2 _ 8 1 9 3 _ 
[00112188] 4 | _ 10 4 0 11 2 7 8 1 9 3 _ 
[00112189] 3 | _ 10 4 0 11 2 7 8 1 9 3 6 
[00112190] 4 | _ 10 4 0 11 2 _ 8 1 9 3 7 
[00112191] 6 | _ 10 _ 0 11 2 5 8 1 9 _ _ 
[00112192] 5 | _ 10 _ 0 11 2 5 8 1 9 3 _ 
[00112193] 4 | 6 10 _ 0 11 2 5 8 1 9 3 _ 
[00112194] 3 | 6 10 7 0 11 2 5 8 1 9 3 _ 
[00112195] 4 | _ 10 6 0 11 2 5 8 1 9 3 _ 
[00112196] 3 | 7 10 6 0 11 2 5 8 1 9 3 _ 
[00112197] 4 | _ 10 _ 0 11 2 5 8 1 9 3 7 
[00112198] 8 | _ 10 _ 0 11 2 _ _ 9 1 _ _ 
[00112199] 7 | 3 10 _ 0 11 2 _ _ 9 1 _ _ 
[00112200] 6 | 3 10 4 0 11 2 _ _ 9 1 _ _ 
[00112201] 5 | 3 10 4 0 11 2 6 _ 9 1 _ _ 
[00112202] 4 | 3 10 4 0 11 2 6 5 9 1 _ _ 
[00112203] 3 | 3 10 4 0 11 2 6 5 9 1 8 _ 
[00112204] 5 | 3 10 4 0 11 2 _ 5 9 1 _ _ 
[00112205] 4 | 3 10 4 0 11 2 7 5 9 1 _ _ 
[00112206] 3 | 3 10 4 0 11 2 7 5 9 1 8 _ 
[00112207] 2 | 3 10 4 0 11 2 7 5 9 1 8 6 
[00112208] 6 | 3 10 _ 0 11 2 5 _ 9 1 _ _ 
[00112209] 5 | 3 10 _ 0 11 2 5 4 9 1 _ _ 
[00112210] 4 | 3 10 6 0 11 2 5 4 9 1 _ _ 
[00112211] 3 | 3 10 6 0 11 2 5 4 9 1 7 _ 
[00112212] 4 | 3 10 _ 0 11 2 5 4 9 1 8 _ 
[00112213] 3 | 3 10 7 0 11 2 5 4 9 1 8 _ 
[00112214] 2 | 3 10 7 0 11 2 5 4 9 1 8 6 
[00112215] 6 | 3 10 _ 0 11 2 _ 6 9 1 _ _ 
[00112216] 5 | 3 10 5 0 11 2 _ 6 9 1 _ _ 
[00112217] 4 | 3 10 5 0 11 2 7 6 9 1 _ _ 
[00112218] 4 | 3 10 5 0 11 2 _ 6 9 1 4 8 
[00112219] 4 | 3 10 5 0 11 2 _ 6 9 1 8 4 
[00112220] 5 | 3 10 _ 0 11 2 6 6 9 1 _ _ 
[00112221] 4 | 3 10 _ 0 11 2 6 6 9 1 4 8 
[00112222] 3 | 3 10 7 0 11 2 6 6 9 1 4 8 
[00112223] 4 | 3 10 _ 0 11 2 6 6 9 1 8 4 
[00112224] 3 | 3 10 7 0 11 2 6 6 9 1 8 4 
[00112225] 5 | 3 10 _ 0 11 2 _ 6 9 1 11 _ 
[00112226] 4 | 3 10 _ 0 11 2 7 6 9 1 11 _ 
[00112227] 4 | 3 10 _ 0 11 2 _ 6 9 1 11 7 
[00112228] 7 | _ 10 3 0 11 2 _ _ 9 1 _ _ 
[00112229] 6 | 4 10 3 0 11 2 _ _ 9 1 _ _ 
[00112230] 5 | 4 10 3 0 11 2 6 _ 9 1 _ _ 
[00112231] 4 | 4 10 3 0 11 2 6 5 9 1 _ _ 
[00112232] 3 | 4 10 3 0 11 2 6 5 9 1 8 _ 
[00112233] 5 | 4 10 3 0 11 2 _ 5 9 1 _ _ 
[00112234] 4 | 4 10 3 0 11 2 7 5 9 1 _ _ 
[00112235] 3 | 4 10 3 0 11 2 7 5 9 1 8 _ 
[00112236] 2 | 4 10 3 0 11 2 7 5 9 1 8 6 
[00112237] 6 | _ 10 3 0 11 2 5 _ 9 1 _ _ 
[00112238] 5 | _ 10 3 0 11 2 5 4 9 1 _ _ 
[00112239] 4 | 6 10 3 0 11 2 5 4 9 1 _ _ 
[00112240] 3 | 6 10 3 0 11 2 5 4 9 1 7 _ 
[00112241] 4 | _ 10 3 0 11 2 5 4 9 1 8 _ 
[00112242] 3 | 7 10 3 0 11 2 5 4 9 1 8 _ 
[00112243] 2 | 7 10 3 0 11 2 5 4 9 1 8 6 
[00112244] 6 | _ 10 3 0 11 2 _ 6 9 1 _ _ 
[00112245] 5 | 5 10 3 0 11 2 _ 6 9 1 _ _ 
[00112246] 4 | 5 10 3 0 11 2 7 6 9 1 _ _ 
[00112247] 4 | 5 10 3 0 11 2 _ 6 9 1 4 8 
[00112248] 4 | 5 10 3 0 11 2 _ 6 9 1 8 4 
[00112249] 5 | _ 10 3 0 11 2 6 6 9 1 _ _ 
[00112250] 4 | _ 10 3 0 11 2 6 6 9 1 4 8 
[00112251] 3 | 7 10 3 0 11 2 6 6 9 1 4 8 
[00112252] 4 | _ 10 3 0 11 2 6 6 9 1 8 4 
[00112253] 3 | 7 10 3 0 11 2 6 6 9 1 8 4 
[00112254] 5 | _ 10 3 0 11 2 _ 6 9 1 11 _ 
[00112255] 4 | _ 10 3 0 11 2 7 6 9 1 11 _ 
[00112256] 4 | _ 10 3 0 11 2 _ 6 9 1 11 7 
[00112257] 7 | _ 10 _ 0 11 2 4 _ 9 1 _ _ 
[00112258] 6 | _ 10 _ 0 11 2 4 6 9 1 _ _ 
[00112259] 5 | 5 10 _ 0 11 2 4 6 9 1 _ _ 
[00112260] 4 | 5 10 6 0 11 2 4 6 9 1 _ _ 
[00112261] 4 | 5 10 _ 0 11 2 4 6 9 1 10 _ 
[00112262] 3 | 5 10 7 0 11 2 4 6 9 1 10 _ 
[00112263] 3 | 5 10 _ 0 11 2 4 6 9 1 10 7 
[00112264] 4 | 5 10 _ 0 11 2 4 6 9 1 3 7 
[00112265] 4 | 5 10 _ 0 11 2 4 6 9 1 7 3 
[00112266] 5 | _ 10 5 0 11 2 4 6 9 1 _ _ 
[00112267] 4 | 6 10 5 0 11 2 4 6 9 1 _ _ 
[00112268] 4 | _ 10 5 0 11 2 4 6 9 1 10 _ 
[00112269] 3 | 7 10 5 0 11 2 4 6 9 1 10 _ 
[00112270] 3 | _ 10 5 0 11 2 4 6 9 1 10 7 
[00112271] 4 | _ 10 5 0 11 2 4 6 9 1 3 7 
[00112272] 4 | _ 10 5 0 11 2 4 6 9 1 7 3 
[00112273] 5 | _ 10 _ 0 11 2 4 6 9 1 3 8 
[00112274] 5 | _ 10 _ 0 11 2 4 6 9 1 8 3 
[00112275] 6 | _ 10 _ 0 11 2 4 3 9 1 _ _ 
[00112276] 5 | 5 10 _ 0 11 2 4 3 9 1 _ _ 
[00112277] 4 | 5 10 6 0 11 2 4 3 9 1 _ _ 
[00112278] 4 | 5 10 _ 0 11 2 4 3 9 1 7 _ 
[00112279] 3 | 5 10 7 0 11 2 4 3 9 1 7 _ 
[00112280] 3 | 5 10 _ 0 11 2 4 3 9 1 7 10 
[00112281] 5 | _ 10 5 0 11 2 4 3 9 1 _ _ 
[00112282] 4 | 6 10 5 0 11 2 4 3 9 1 _ _ 
[00112283] 4 | _ 10 5 0 11 2 4 3 9 1 7 _ 
[00112284] 3 | 7 10 5 0 11 2 4 3 9 1 7 _ 
[00112285] 3 | _ 10 5 0 11 2 4 3 9 1 7 10 
[00112286] 5 | _ 10 _ 0 11 2 4 3 9 1 8 _ 
[00112287] 4 | 6 10 _ 0 11 2 4 3 9 1 8 _ 
[00112288] 3 | 6 10 7 0 11 2 4 3 9 1 8 _ 
[00112289] 3 | 6 10 _ 0 11 2 4 3 9 1 8 5 
[00112290] 4 | _ 10 6 0 11 2 4 3 9 1 8 _ 
[00112291] 3 | 7 10 6 0 11 2 4 3 9 1 8 _ 
[00112292] 3 | _ 10 6 0 11 2 4 3 9 1 8 5 
[00112293] 7 | _ 10 _ 0 11 2 _ 7 9 1 _ _ 
[00112294] 6 | 4 10 _ 0 11 2 _ 7 9 1 _ _ 
[00112295] 5 | 4 10 5 0 11 2 _ 7 9 1 _ _ 
[00112296] 4 | 4 10 5 0 11 2 7 7 9 1 _ _ 
[00112297] 3 | 4 10 5 0 11 2 7 7 9 1 3 6 
[00112298] 3 | 4 10 5 0 11 2 7 7 9 1 6 3 
[00112299] 4 | 4 10 5 0 11 2 _ 7 9 1 3 _ 
[00112300] 3 | 4 10 5 0 11 2 8 7 9 1 3 _ 
[00112301] 3 | 4 10 5 0 11 2 _ 7 9 1 3 6 
[00112302] 4 | 4 10 5 0 11 2 _ 7 9 1 11 _ 
[00112303] 3 | 4 10 5 0 11 2 8 7 9 1 11 _ 
[00112304] 3 | 4 10 5 0 11 2 _ 7 9 1 11 8 
[00112305] 5 | 4 10 _ 0 11 2 6 7 9 1 _ _ 
[00112306] 4 | 4 10 _ 0 11 2 6 7 9 1 3 _ 
[00112307] 5 | 4 10 _ 0 11 2 _ 7 9 1 3 8 
[00112308] 4 | 4 10 6 0 11 2 _ 7 9 1 3 8 
[00112309] 5 | 4 10 _ 0 11 2 _ 7 9 1 8 3 
[00112310] 4 | 4 10 6 0 11 2 _ 7 9 1 8 3 
[00112311] 6 | _ 10 4 0 11 2 _ 7 9 1 _ _ 
[00112312] 5 | 5 10 4 0 11 2 _ 7 9 1 _ _ 
[00112313] 4 | 5 10 4 0 11 2 7 7 9 1 _ _ 
[00112314] 3 | 5 10 4 0 11 2 7 7 9 1 3 6 
[00112315] 3 | 5 10 4 0 11 2 7 7 9 1 6 3 
[00112316] 4 | 5 10 4 0 11 2 _ 7 9 1 3 _ 
[00112317] 3 | 5 10 4 0 11 2 8 7 9 1 3 _ 
[00112318] 3 | 5 10 4 0 11 2 _ 7 9 1 3 6 
[00112319] 4 | 5 10 4 0 11 2 _ 7 9 1 11 _ 
[00112320] 3 | 5 10 4 0 11 2 8 7 9 1 11 _ 
[00112321] 3 | 5 10 4 0 11 2 _ 7 9 1 11 8 
[00112322] 5 | _ 10 4 0 11 2 6 7 9 1 _ _ 
[00112323] 4 | _ 10 4 0 11 2 6 7 9 1 3 _ 
[00112324] 5 | _ 10 4 0 11 2 _ 7 9 1 3 8 
[00112325] 4 | 6 10 4 0 11 2 _ 7 9 1 3 8 
[00112326] 5 | _ 10 4 0 11 2 _ 7 9 1 8 3 
[00112327] 4 | 6 10 4 0 11 2 _ 7 9 1 8 3 
[00112328] 6 | _ 10 _ 0 11 2 5 7 9 1 _ _ 
[00112329] 5 | _ 10 _ 0 11 2 5 7 9 1 3 8 
[00112330] 4 | 6 10 _ 0 11 2 5 7 9 1 3 8 
[00112331] 4 | _ 10 6 0 11 2 5 7 9 1 3 8 
[00112332] 5 | _ 10 _ 0 11 2 5 7 9 1 8 3 
[00112333] 4 | 6 10 _ 0 11 2 5 7 9 1 8 3 
[00112334] 4 | _ 10 6 0 11 2 5 7 9 1 8 3 
[00112335] 8 | _ 10 _ 0 11 2 _ 1 _ _ 9 _ 
[00112336] 7 | 3 10 _ 0 11 2 _ 1 _ _ 9 _ 
[00112337] 6 | 3 10 4 0 11 2 _ 1 _ _ 9 _ 
[00112338] 5 | 3 10 4 0 11 2 6 1 _ _ 9 _ 
[00112339] 4 | 3 10 4 0 11 2 6 1 5 _ 9 _ 
[00112340] 3 | 3 10 4 0 11 2 6 1 5 8 9 _ 
[00112341] 2 | 3 10 4 0 11 2 6 1 5 8 9 7 
[00112342] 1 | 3 10 4 0 11 2 6 1 5 8 9 7  *Graceful*
[00112342] 4 | 3 10 4 0 11 2 6 1 _ _ 9 5 
[00112343] 5 | 3 10 4 0 11 2 _ 1 6 _ 9 _ 
[00112344] 4 | 3 10 4 0 11 2 7 1 6 _ 9 _ 
[00112345] 3 | 3 10 4 0 11 2 7 1 6 9 9 _ 
[00112346] 3 | 3 10 4 0 11 2 7 1 6 _ 9 6 
[00112347] 4 | 3 10 4 0 11 2 _ 1 6 _ 9 5 
[00112348] 3 | 3 10 4 0 11 2 8 1 6 _ 9 5 
[00112349] 6 | 3 10 _ 0 11 2 5 1 _ _ 9 _ 
[00112350] 5 | 3 10 _ 0 11 2 5 1 6 _ 9 _ 
[00112351] 4 | 3 10 6 0 11 2 5 1 6 _ 9 _ 
[00112352] 4 | 3 10 _ 0 11 2 5 1 6 10 9 _ 
[00112353] 5 | 3 10 _ 0 11 2 5 1 _ _ 9 4 
[00112354] 4 | 3 10 6 0 11 2 5 1 _ _ 9 4 
[00112355] 6 | 3 10 _ 0 11 2 _ 1 7 _ 9 _ 
[00112356] 5 | 3 10 5 0 11 2 _ 1 7 _ 9 _ 
[00112357] 4 | 3 10 5 0 11 2 7 1 7 _ 9 _ 
[00112358] 3 | 3 10 5 0 11 2 7 1 7 _ 9 6 
[00112359] 4 | 3 10 5 0 11 2 _ 1 7 11 9 _ 
[00112360] 3 | 3 10 5 0 11 2 _ 1 7 11 9 6 
[00112361] 5 | 3 10 _ 0 11 2 6 1 7 _ 9 _ 
[00112362] 4 | 3 10 _ 0 11 2 6 1 7 _ 9 5 
[00112363] 3 | 3 10 7 0 11 2 6 1 7 _ 9 5 
[00112364] 3 | 3 10 _ 0 11 2 6 1 7 4 9 5 
[00112365] 2 | 3 10 8 0 11 2 6 1 7 4 9 5 
[00112366] 1 | 3 10 8 0 11 2 6 1 7 4 9 5  *Graceful*
[00112366] 3 | 3 10 _ 0 11 2 6 1 7 10 9 5 
[00112367] 5 | 3 10 _ 0 11 2 _ 1 7 _ 9 4 
[00112368] 4 | 3 10 6 0 11 2 _ 1 7 _ 9 4 
[00112369] 3 | 3 10 6 0 11 2 8 1 7 _ 9 4 
[00112370] 2 | 3 10 6 0 11 2 8 1 7 5 9 4 
[00112371] 1 | 3 10 6 0 11 2 8 1 7 5 9 4  *Graceful*
[00112371] 4 | 3 10 _ 0 11 2 7 1 7 _ 9 4 
[00112372] 4 | 3 10 _ 0 11 2 _ 1 7 11 9 4 
[00112373] 7 | _ 10 3 0 11 2 _ 1 _ _ 9 _ 
[00112374] 6 | 4 10 3 0 11 2 _ 1 _ _ 9 _ 
[00112375] 5 | 4 10 3 0 11 2 6 1 _ _ 9 _ 
[00112376] 4 | 4 10 3 0 11 2 6 1 5 _ 9 _ 
[00112377] 3 | 4 10 3 0 11 2 6 1 5 8 9 _ 
[00112378] 2 | 4 10 3 0 11 2 6 1 5 8 9 7 
[00112379] 1 | 4 10 3 0 11 2 6 1 5 8 9 7  *Graceful*
[00112379] 4 | 4 10 3 0 11 2 6 1 _ _ 9 5 
[00112380] 5 | 4 10 3 0 11 2 _ 1 6 _ 9 _ 
[00112381] 4 | 4 10 3 0 11 2 7 1 6 _ 9 _ 
[00112382] 3 | 4 10 3 0 11 2 7 1 6 9 9 _ 
[00112383] 3 | 4 10 3 0 11 2 7 1 6 _ 9 6 
[00112384] 4 | 4 10 3 0 11 2 _ 1 6 _ 9 5 
[00112385] 3 | 4 10 3 0 11 2 8 1 6 _ 9 5 
[00112386] 6 | _ 10 3 0 11 2 5 1 _ _ 9 _ 
[00112387] 5 | _ 10 3 0 11 2 5 1 6 _ 9 _ 
[00112388] 4 | 6 10 3 0 11 2 5 1 6 _ 9 _ 
[00112389] 4 | _ 10 3 0 11 2 5 1 6 10 9 _ 
[00112390] 5 | _ 10 3 0 11 2 5 1 _ _ 9 4 
[00112391] 4 | 6 10 3 0 11 2 5 1 _ _ 9 4 
[00112392] 6 | _ 10 3 0 11 2 _ 1 7 _ 9 _ 
[00112393] 5 | 5 10 3 0 11 2 _ 1 7 _ 9 _ 
[00112394] 4 | 5 10 3 0 11 2 7 1 7 _ 9 _ 
[00112395] 3 | 5 10 3 0 11 2 7 1 7 _ 9 6 
[00112396] 4 | 5 10 3 0 11 2 _ 1 7 11 9 _ 
[00112397] 3 | 5 10 3 0 11 2 _ 1 7 11 9 6 
[00112398] 5 | _ 10 3 0 11 2 6 1 7 _ 9 _ 
[00112399] 4 | _ 10 3 0 11 2 6 1 7 _ 9 5 
[00112400] 3 | 7 10 3 0 11 2 6 1 7 _ 9 5 
[00112401] 3 | _ 10 3 0 11 2 6 1 7 4 9 5 
[00112402] 2 | 8 10 3 0 11 2 6 1 7 4 9 5 
[00112403] 1 | 8 10 3 0 11 2 6 1 7 4 9 5  *Graceful*
[00112403] 3 | _ 10 3 0 11 2 6 1 7 10 9 5 
[00112404] 5 | _ 10 3 0 11 2 _ 1 7 _ 9 4 
[00112405] 4 | 6 10 3 0 11 2 _ 1 7 _ 9 4 
[00112406] 3 | 6 10 3 0 11 2 8 1 7 _ 9 4 
[00112407] 2 | 6 10 3 0 11 2 8 1 7 5 9 4 
[00112408] 1 | 6 10 3 0 11 2 8 1 7 5 9 4  *Graceful*
[00112408] 4 | _ 10 3 0 11 2 7 1 7 _ 9 4 
[00112409] 4 | _ 10 3 0 11 2 _ 1 7 11 9 4 
[00112410] 7 | _ 10 _ 0 11 2 4 1 _ _ 9 _ 
[00112411] 6 | _ 10 _ 0 11 2 4 1 7 _ 9 _ 
[00112412] 5 | 5 10 _ 0 11 2 4 1 7 _ 9 _ 
[00112413] 4 | 5 10 6 0 11 2 4 1 7 _ 9 _ 
[00112414] 4 | 5 10 _ 0 11 2 4 1 7 3 9 _ 
[00112415] 3 | 5 10 _ 0 11 2 4 1 7 3 9 6 
[00112416] 2 | 5 10 8 0 11 2 4 1 7 3 9 6 
[00112417] 1 | 5 10 8 0 11 2 4 1 7 3 9 6  *Graceful*
[00112417] 5 | _ 10 5 0 11 2 4 1 7 _ 9 _ 
[00112418] 4 | 6 10 5 0 11 2 4 1 7 _ 9 _ 
[00112419] 4 | _ 10 5 0 11 2 4 1 7 3 9 _ 
[00112420] 3 | _ 10 5 0 11 2 4 1 7 3 9 6 
[00112421] 2 | 8 10 5 0 11 2 4 1 7 3 9 6 
[00112422] 1 | 8 10 5 0 11 2 4 1 7 3 9 6  *Graceful*
[00112422] 6 | _ 10 _ 0 11 2 4 1 _ _ 9 3 
[00112423] 5 | 5 10 _ 0 11 2 4 1 _ _ 9 3 
[00112424] 4 | 5 10 6 0 11 2 4 1 _ _ 9 3 
[00112425] 5 | _ 10 5 0 11 2 4 1 _ _ 9 3 
[00112426] 4 | 6 10 5 0 11 2 4 1 _ _ 9 3 
[00112427] 5 | _ 10 _ 0 11 2 4 1 6 _ 9 3 
[00112428] 4 | 6 10 _ 0 11 2 4 1 6 _ 9 3 
[00112429] 3 | 6 10 7 0 11 2 4 1 6 _ 9 3 
[00112430] 4 | _ 10 6 0 11 2 4 1 6 _ 9 3 
[00112431] 3 | 7 10 6 0 11 2 4 1 6 _ 9 3 
[00112432] 4 | _ 10 _ 0 11 2 4 1 6 10 9 3 
[00112433] 7 | _ 10 _ 0 11 2 _ 1 8 _ 9 _ 
[00112434] 6 | 4 10 _ 0 11 2 _ 1 8 _ 9 _ 
[00112435] 5 | 4 10 5 0 11 2 _ 1 8 _ 9 _ 
[00112436] 4 | 4 10 5 0 11 2 7 1 8 _ 9 _ 
[00112437] 3 | 4 10 5 0 11 2 7 1 8 _ 9 6 
[00112438] 5 | 4 10 _ 0 11 2 6 1 8 _ 9 _ 
[00112439] 4 | 4 10 _ 0 11 2 6 1 8 _ 9 5 
[00112440] 3 | 4 10 7 0 11 2 6 1 8 _ 9 5 
[00112441] 5 | 4 10 _ 0 11 2 _ 1 8 3 9 _ 
[00112442] 4 | 4 10 6 0 11 2 _ 1 8 3 9 _ 
[00112443] 4 | 4 10 _ 0 11 2 7 1 8 3 9 _ 
[00112444] 3 | 4 10 _ 0 11 2 7 1 8 3 9 6 
[00112445] 4 | 4 10 _ 0 11 2 _ 1 8 3 9 5 
[00112446] 3 | 4 10 7 0 11 2 _ 1 8 3 9 5 
[00112447] 6 | _ 10 4 0 11 2 _ 1 8 _ 9 _ 
[00112448] 5 | 5 10 4 0 11 2 _ 1 8 _ 9 _ 
[00112449] 4 | 5 10 4 0 11 2 7 1 8 _ 9 _ 
[00112450] 3 | 5 10 4 0 11 2 7 1 8 _ 9 6 
[00112451] 5 | _ 10 4 0 11 2 6 1 8 _ 9 _ 
[00112452] 4 | _ 10 4 0 11 2 6 1 8 _ 9 5 
[00112453] 3 | 7 10 4 0 11 2 6 1 8 _ 9 5 
[00112454] 5 | _ 10 4 0 11 2 _ 1 8 3 9 _ 
[00112455] 4 | 6 10 4 0 11 2 _ 1 8 3 9 _ 
[00112456] 4 | _ 10 4 0 11 2 7 1 8 3 9 _ 
[00112457] 3 | _ 10 4 0 11 2 7 1 8 3 9 6 
[00112458] 4 | _ 10 4 0 11 2 _ 1 8 3 9 5 
[00112459] 3 | 7 10 4 0 11 2 _ 1 8 3 9 5 
[00112460] 6 | _ 10 _ 0 11 2 5 1 8 _ 9 _ 
[00112461] 5 | _ 10 _ 0 11 2 5 1 8 3 9 _ 
[00112462] 4 | 6 10 _ 0 11 2 5 1 8 3 9 _ 
[00112463] 3 | 6 10 7 0 11 2 5 1 8 3 9 _ 
[00112464] 4 | _ 10 6 0 11 2 5 1 8 3 9 _ 
[00112465] 3 | 7 10 6 0 11 2 5 1 8 3 9 _ 
[00112466] 5 | _ 10 _ 0 11 2 5 1 8 _ 9 4 
[00112467] 4 | 6 10 _ 0 11 2 5 1 8 _ 9 4 
[00112468] 3 | 6 10 7 0 11 2 5 1 8 _ 9 4 
[00112469] 4 | _ 10 6 0 11 2 5 1 8 _ 9 4 
[00112470] 3 | 7 10 6 0 11 2 5 1 8 _ 9 4 
[00112471] 6 | _ 10 _ 0 11 2 _ 1 8 _ 9 3 
[00112472] 5 | 5 10 _ 0 11 2 _ 1 8 _ 9 3 
[00112473] 4 | 5 10 6 0 11 2 _ 1 8 _ 9 3 
[00112474] 3 | 5 10 6 0 11 2 8 1 8 _ 9 3 
