[00395188] 4 | 2 9 _ 1 10 6 _ 11 5 _ 0 5 
[00395189] 3 | 2 9 _ 1 10 6 7 11 5 _ 0 5 
[00395190] 4 | 2 9 _ 1 10 _ 6 11 5 _ 0 5 
[00395191] 3 | 2 9 _ 1 10 7 6 11 5 _ 0 5 
[00395192] 6 | 2 9 _ 1 10 _ _ 11 _ _ 0 6 
[00395193] 5 | 2 9 4 1 10 _ _ 11 _ _ 0 6 
[00395194] 4 | 2 9 4 1 10 _ _ 11 7 _ 0 6 
[00395195] 3 | 2 9 4 1 10 7 _ 11 7 _ 0 6 
[00395196] 2 | 2 9 4 1 10 7 8 11 7 _ 0 6 
[00395197] 3 | 2 9 4 1 10 _ 7 11 7 _ 0 6 
[00395198] 2 | 2 9 4 1 10 8 7 11 7 _ 0 6 
[00395199] 3 | 2 9 4 1 10 _ _ 11 7 10 0 6 
[00395200] 4 | 2 9 4 1 10 _ _ 11 3 7 0 6 
[00395201] 4 | 2 9 4 1 10 _ _ 11 7 3 0 6 
[00395202] 5 | 2 9 _ 1 10 5 _ 11 _ _ 0 6 
[00395203] 4 | 2 9 _ 1 10 5 _ 11 7 _ 0 6 
[00395204] 3 | 2 9 _ 1 10 5 7 11 7 _ 0 6 
[00395205] 3 | 2 9 _ 1 10 5 _ 11 7 4 0 6 
[00395206] 2 | 2 9 _ 1 10 5 8 11 7 4 0 6 
[00395207] 3 | 2 9 _ 1 10 5 _ 11 7 10 0 6 
[00395208] 4 | 2 9 _ 1 10 5 _ 11 3 7 0 6 
[00395209] 4 | 2 9 _ 1 10 5 _ 11 4 8 0 6 
[00395210] 3 | 2 9 _ 1 10 5 7 11 4 8 0 6 
[00395211] 4 | 2 9 _ 1 10 5 _ 11 7 3 0 6 
[00395212] 4 | 2 9 _ 1 10 5 _ 11 8 4 0 6 
[00395213] 3 | 2 9 _ 1 10 5 7 11 8 4 0 6 
[00395214] 5 | 2 9 _ 1 10 _ 5 11 _ _ 0 6 
[00395215] 4 | 2 9 _ 1 10 _ 5 11 7 _ 0 6 
[00395216] 3 | 2 9 _ 1 10 7 5 11 7 _ 0 6 
[00395217] 3 | 2 9 _ 1 10 _ 5 11 7 4 0 6 
[00395218] 2 | 2 9 _ 1 10 8 5 11 7 4 0 6 
[00395219] 3 | 2 9 _ 1 10 _ 5 11 7 10 0 6 
[00395220] 4 | 2 9 _ 1 10 _ 5 11 3 7 0 6 
[00395221] 4 | 2 9 _ 1 10 _ 5 11 4 8 0 6 
[00395222] 3 | 2 9 _ 1 10 7 5 11 4 8 0 6 
[00395223] 4 | 2 9 _ 1 10 _ 5 11 7 3 0 6 
[00395224] 4 | 2 9 _ 1 10 _ 5 11 8 4 0 6 
[00395225] 3 | 2 9 _ 1 10 7 5 11 8 4 0 6 
[00395226] 5 | 2 9 _ 1 10 _ _ 11 3 8 0 6 
[00395227] 4 | 2 9 5 1 10 _ _ 11 3 8 0 6 
[00395228] 3 | 2 9 5 1 10 7 _ 11 3 8 0 6 
[00395229] 3 | 2 9 5 1 10 _ 7 11 3 8 0 6 
[00395230] 5 | 2 9 _ 1 10 _ _ 11 8 3 0 6 
[00395231] 4 | 2 9 5 1 10 _ _ 11 8 3 0 6 
[00395232] 3 | 2 9 5 1 10 7 _ 11 8 3 0 6 
[00395233] 3 | 2 9 5 1 10 _ 7 11 8 3 0 6 
[00395234] 7 | _ 9 2 1 10 _ _ 11 _ _ 0 _ 
[00395235] 6 | 3 9 2 1 10 _ _ 11 _ _ 0 _ 
[00395236] 5 | 3 9 2 1 10 5 _ 11 _ _ 0 _ 
[00395237] 4 | 3 9 2 1 10 5 6 11 _ _ 0 _ 
[00395238] 3 | 3 9 2 1 10 5 6 11 8 _ 0 _ 
[00395239] 3 | 3 9 2 1 10 5 6 11 4 7 0 _ 
[00395240] 3 | 3 9 2 1 10 5 6 11 7 4 0 _ 
[00395241] 4 | 3 9 2 1 10 5 _ 11 7 _ 0 _ 
[00395242] 3 | 3 9 2 1 10 5 7 11 7 _ 0 _ 
[00395243] 3 | 3 9 2 1 10 5 _ 11 7 4 0 _ 
[00395244] 2 | 3 9 2 1 10 5 8 11 7 4 0 _ 
[00395245] 3 | 3 9 2 1 10 5 _ 11 7 10 0 _ 
[00395246] 4 | 3 9 2 1 10 5 _ 11 4 8 0 _ 
[00395247] 3 | 3 9 2 1 10 5 7 11 4 8 0 _ 
[00395248] 4 | 3 9 2 1 10 5 _ 11 8 4 0 _ 
[00395249] 3 | 3 9 2 1 10 5 7 11 8 4 0 _ 
[00395250] 4 | 3 9 2 1 10 5 _ 11 _ _ 0 4 
[00395251] 3 | 3 9 2 1 10 5 7 11 _ _ 0 4 
[00395252] 2 | 3 9 2 1 10 5 7 11 6 8 0 4 
[00395253] 2 | 3 9 2 1 10 5 7 11 8 6 0 4 
[00395254] 3 | 3 9 2 1 10 5 _ 11 8 _ 0 4 
[00395255] 2 | 3 9 2 1 10 5 8 11 8 _ 0 4 
[00395256] 2 | 3 9 2 1 10 5 _ 11 8 6 0 4 
[00395257] 2 | 3 9 2 1 10 5 _ 11 8 10 0 4 
[00395258] 5 | 3 9 2 1 10 _ 5 11 _ _ 0 _ 
[00395259] 4 | 3 9 2 1 10 6 5 11 _ _ 0 _ 
[00395260] 3 | 3 9 2 1 10 6 5 11 8 _ 0 _ 
[00395261] 3 | 3 9 2 1 10 6 5 11 4 7 0 _ 
[00395262] 3 | 3 9 2 1 10 6 5 11 7 4 0 _ 
[00395263] 4 | 3 9 2 1 10 _ 5 11 7 _ 0 _ 
[00395264] 3 | 3 9 2 1 10 7 5 11 7 _ 0 _ 
[00395265] 3 | 3 9 2 1 10 _ 5 11 7 4 0 _ 
[00395266] 2 | 3 9 2 1 10 8 5 11 7 4 0 _ 
[00395267] 3 | 3 9 2 1 10 _ 5 11 7 10 0 _ 
[00395268] 4 | 3 9 2 1 10 _ 5 11 4 8 0 _ 
[00395269] 3 | 3 9 2 1 10 7 5 11 4 8 0 _ 
[00395270] 4 | 3 9 2 1 10 _ 5 11 8 4 0 _ 
[00395271] 3 | 3 9 2 1 10 7 5 11 8 4 0 _ 
[00395272] 4 | 3 9 2 1 10 _ 5 11 _ _ 0 4 
[00395273] 3 | 3 9 2 1 10 7 5 11 _ _ 0 4 
[00395274] 2 | 3 9 2 1 10 7 5 11 6 8 0 4 
[00395275] 2 | 3 9 2 1 10 7 5 11 8 6 0 4 
[00395276] 3 | 3 9 2 1 10 _ 5 11 8 _ 0 4 
[00395277] 2 | 3 9 2 1 10 8 5 11 8 _ 0 4 
[00395278] 2 | 3 9 2 1 10 _ 5 11 8 6 0 4 
[00395279] 2 | 3 9 2 1 10 _ 5 11 8 10 0 4 
[00395280] 5 | 3 9 2 1 10 _ _ 11 6 _ 0 _ 
[00395281] 4 | 3 9 2 1 10 6 _ 11 6 _ 0 _ 
[00395282] 3 | 3 9 2 1 10 6 7 11 6 _ 0 _ 
[00395283] 4 | 3 9 2 1 10 _ 6 11 6 _ 0 _ 
[00395284] 3 | 3 9 2 1 10 7 6 11 6 _ 0 _ 
[00395285] 4 | 3 9 2 1 10 _ _ 11 6 10 0 _ 
[00395286] 4 | 3 9 2 1 10 _ _ 11 6 _ 0 4 
[00395287] 3 | 3 9 2 1 10 7 _ 11 6 _ 0 4 
[00395288] 2 | 3 9 2 1 10 7 8 11 6 _ 0 4 
[00395289] 1 | 3 9 2 1 10 7 8 11 6 5 0 4  *Graceful*
[00395289] 2 | 3 9 2 1 10 7 _ 11 6 8 0 4 
[00395290] 3 | 3 9 2 1 10 _ 7 11 6 _ 0 4 
[00395291] 2 | 3 9 2 1 10 8 7 11 6 _ 0 4 
[00395292] 1 | 3 9 2 1 10 8 7 11 6 5 0 4  *Graceful*
[00395292] 2 | 3 9 2 1 10 _ 7 11 6 8 0 4 
[00395293] 5 | 3 9 2 1 10 _ _ 11 _ _ 0 5 
[00395294] 4 | 3 9 2 1 10 6 _ 11 _ _ 0 5 
[00395295] 3 | 3 9 2 1 10 6 7 11 _ _ 0 5 
[00395296] 3 | 3 9 2 1 10 6 _ 11 8 _ 0 5 
[00395297] 2 | 3 9 2 1 10 6 8 11 8 _ 0 5 
[00395298] 2 | 3 9 2 1 10 6 _ 11 8 10 0 5 
[00395299] 3 | 3 9 2 1 10 6 _ 11 4 7 0 5 
[00395300] 2 | 3 9 2 1 10 6 8 11 4 7 0 5 
[00395301] 3 | 3 9 2 1 10 6 _ 11 7 4 0 5 
[00395302] 2 | 3 9 2 1 10 6 8 11 7 4 0 5 
[00395303] 4 | 3 9 2 1 10 _ 6 11 _ _ 0 5 
[00395304] 3 | 3 9 2 1 10 7 6 11 _ _ 0 5 
[00395305] 3 | 3 9 2 1 10 _ 6 11 8 _ 0 5 
[00395306] 2 | 3 9 2 1 10 8 6 11 8 _ 0 5 
[00395307] 2 | 3 9 2 1 10 _ 6 11 8 10 0 5 
[00395308] 3 | 3 9 2 1 10 _ 6 11 4 7 0 5 
[00395309] 2 | 3 9 2 1 10 8 6 11 4 7 0 5 
[00395310] 3 | 3 9 2 1 10 _ 6 11 7 4 0 5 
[00395311] 2 | 3 9 2 1 10 8 6 11 7 4 0 5 
[00395312] 4 | 3 9 2 1 10 _ _ 11 7 _ 0 5 
[00395313] 3 | 3 9 2 1 10 7 _ 11 7 _ 0 5 
[00395314] 2 | 3 9 2 1 10 7 8 11 7 _ 0 5 
[00395315] 3 | 3 9 2 1 10 _ 7 11 7 _ 0 5 
[00395316] 2 | 3 9 2 1 10 8 7 11 7 _ 0 5 
[00395317] 3 | 3 9 2 1 10 _ _ 11 7 4 0 5 
[00395318] 2 | 3 9 2 1 10 8 _ 11 7 4 0 5 
[00395319] 2 | 3 9 2 1 10 _ 8 11 7 4 0 5 
[00395320] 3 | 3 9 2 1 10 _ _ 11 7 10 0 5 
[00395321] 4 | 3 9 2 1 10 _ _ 11 4 8 0 5 
[00395322] 3 | 3 9 2 1 10 7 _ 11 4 8 0 5 
[00395323] 3 | 3 9 2 1 10 _ 7 11 4 8 0 5 
[00395324] 4 | 3 9 2 1 10 _ _ 11 8 4 0 5 
[00395325] 3 | 3 9 2 1 10 7 _ 11 8 4 0 5 
[00395326] 3 | 3 9 2 1 10 _ 7 11 8 4 0 5 
[00395327] 6 | _ 9 2 1 10 4 _ 11 _ _ 0 _ 
[00395328] 5 | _ 9 2 1 10 4 5 11 _ _ 0 _ 
[00395329] 4 | _ 9 2 1 10 4 5 11 7 _ 0 _ 
[00395330] 3 | 6 9 2 1 10 4 5 11 7 _ 0 _ 
[00395331] 3 | _ 9 2 1 10 4 5 11 7 _ 0 3 
[00395332] 2 | 7 9 2 1 10 4 5 11 7 _ 0 3 
[00395333] 2 | _ 9 2 1 10 4 5 11 7 9 0 3 
[00395334] 4 | _ 9 2 1 10 4 5 11 3 7 0 _ 
[00395335] 3 | 6 9 2 1 10 4 5 11 3 7 0 _ 
[00395336] 4 | _ 9 2 1 10 4 5 11 7 3 0 _ 
[00395337] 3 | 6 9 2 1 10 4 5 11 7 3 0 _ 
[00395338] 5 | _ 9 2 1 10 4 _ 11 6 _ 0 _ 
[00395339] 4 | 5 9 2 1 10 4 _ 11 6 _ 0 _ 
[00395340] 3 | 5 9 2 1 10 4 7 11 6 _ 0 _ 
[00395341] 2 | 5 9 2 1 10 4 7 11 6 8 0 _ 
[00395342] 3 | 5 9 2 1 10 4 _ 11 6 3 0 _ 
[00395343] 2 | 5 9 2 1 10 4 8 11 6 3 0 _ 
[00395344] 3 | 5 9 2 1 10 4 _ 11 6 _ 0 3 
[00395345] 2 | 5 9 2 1 10 4 8 11 6 _ 0 3 
[00395346] 1 | 5 9 2 1 10 4 8 11 6 7 0 3  *Graceful*
[00395346] 2 | 5 9 2 1 10 4 _ 11 6 8 0 3 
[00395347] 4 | _ 9 2 1 10 4 6 11 6 _ 0 _ 
[00395348] 3 | _ 9 2 1 10 4 6 11 6 _ 0 3 
[00395349] 2 | 7 9 2 1 10 4 6 11 6 _ 0 3 
[00395350] 4 | _ 9 2 1 10 4 _ 11 6 10 0 _ 
[00395351] 3 | _ 9 2 1 10 4 _ 11 6 10 0 3 
[00395352] 2 | 7 9 2 1 10 4 _ 11 6 10 0 3 
[00395353] 5 | _ 9 2 1 10 4 _ 11 3 8 0 _ 
[00395354] 4 | 5 9 2 1 10 4 _ 11 3 8 0 _ 
[00395355] 3 | 5 9 2 1 10 4 7 11 3 8 0 _ 
[00395356] 4 | _ 9 2 1 10 4 6 11 3 8 0 _ 
[00395357] 5 | _ 9 2 1 10 4 _ 11 8 3 0 _ 
[00395358] 4 | 5 9 2 1 10 4 _ 11 8 3 0 _ 
[00395359] 3 | 5 9 2 1 10 4 7 11 8 3 0 _ 
[00395360] 4 | _ 9 2 1 10 4 6 11 8 3 0 _ 
[00395361] 5 | _ 9 2 1 10 4 _ 11 _ _ 0 5 
[00395362] 4 | _ 9 2 1 10 4 6 11 _ _ 0 5 
[00395363] 3 | _ 9 2 1 10 4 6 11 8 _ 0 5 
[00395364] 2 | 7 9 2 1 10 4 6 11 8 _ 0 5 
[00395365] 4 | _ 9 2 1 10 4 _ 11 7 _ 0 5 
[00395366] 3 | 6 9 2 1 10 4 _ 11 7 _ 0 5 
[00395367] 2 | 6 9 2 1 10 4 8 11 7 _ 0 5 
[00395368] 3 | _ 9 2 1 10 4 7 11 7 _ 0 5 
[00395369] 3 | _ 9 2 1 10 4 _ 11 7 10 0 5 
[00395370] 4 | _ 9 2 1 10 4 _ 11 3 7 0 5 
[00395371] 3 | 6 9 2 1 10 4 _ 11 3 7 0 5 
[00395372] 2 | 6 9 2 1 10 4 8 11 3 7 0 5 
[00395373] 4 | _ 9 2 1 10 4 _ 11 7 3 0 5 
[00395374] 3 | 6 9 2 1 10 4 _ 11 7 3 0 5 
[00395375] 2 | 6 9 2 1 10 4 8 11 7 3 0 5 
[00395376] 6 | _ 9 2 1 10 _ 4 11 _ _ 0 _ 
[00395377] 5 | _ 9 2 1 10 5 4 11 _ _ 0 _ 
[00395378] 4 | _ 9 2 1 10 5 4 11 7 _ 0 _ 
[00395379] 3 | 6 9 2 1 10 5 4 11 7 _ 0 _ 
[00395380] 3 | _ 9 2 1 10 5 4 11 7 _ 0 3 
[00395381] 2 | 7 9 2 1 10 5 4 11 7 _ 0 3 
[00395382] 2 | _ 9 2 1 10 5 4 11 7 9 0 3 
[00395383] 4 | _ 9 2 1 10 5 4 11 3 7 0 _ 
[00395384] 3 | 6 9 2 1 10 5 4 11 3 7 0 _ 
[00395385] 4 | _ 9 2 1 10 5 4 11 7 3 0 _ 
[00395386] 3 | 6 9 2 1 10 5 4 11 7 3 0 _ 
[00395387] 5 | _ 9 2 1 10 _ 4 11 6 _ 0 _ 
[00395388] 4 | 5 9 2 1 10 _ 4 11 6 _ 0 _ 
[00395389] 3 | 5 9 2 1 10 7 4 11 6 _ 0 _ 
[00395390] 2 | 5 9 2 1 10 7 4 11 6 8 0 _ 
[00395391] 3 | 5 9 2 1 10 _ 4 11 6 3 0 _ 
[00395392] 2 | 5 9 2 1 10 8 4 11 6 3 0 _ 
[00395393] 3 | 5 9 2 1 10 _ 4 11 6 _ 0 3 
[00395394] 2 | 5 9 2 1 10 8 4 11 6 _ 0 3 
[00395395] 1 | 5 9 2 1 10 8 4 11 6 7 0 3  *Graceful*
[00395395] 2 | 5 9 2 1 10 _ 4 11 6 8 0 3 
[00395396] 4 | _ 9 2 1 10 6 4 11 6 _ 0 _ 
[00395397] 3 | _ 9 2 1 10 6 4 11 6 _ 0 3 
[00395398] 2 | 7 9 2 1 10 6 4 11 6 _ 0 3 
[00395399] 4 | _ 9 2 1 10 _ 4 11 6 10 0 _ 
[00395400] 3 | _ 9 2 1 10 _ 4 11 6 10 0 3 
[00395401] 2 | 7 9 2 1 10 _ 4 11 6 10 0 3 
[00395402] 5 | _ 9 2 1 10 _ 4 11 3 8 0 _ 
[00395403] 4 | 5 9 2 1 10 _ 4 11 3 8 0 _ 
[00395404] 3 | 5 9 2 1 10 7 4 11 3 8 0 _ 
[00395405] 4 | _ 9 2 1 10 6 4 11 3 8 0 _ 
[00395406] 5 | _ 9 2 1 10 _ 4 11 8 3 0 _ 
[00395407] 4 | 5 9 2 1 10 _ 4 11 8 3 0 _ 
[00395408] 3 | 5 9 2 1 10 7 4 11 8 3 0 _ 
[00395409] 4 | _ 9 2 1 10 6 4 11 8 3 0 _ 
[00395410] 5 | _ 9 2 1 10 _ 4 11 _ _ 0 5 
[00395411] 4 | _ 9 2 1 10 6 4 11 _ _ 0 5 
[00395412] 3 | _ 9 2 1 10 6 4 11 8 _ 0 5 
[00395413] 2 | 7 9 2 1 10 6 4 11 8 _ 0 5 
[00395414] 4 | _ 9 2 1 10 _ 4 11 7 _ 0 5 
[00395415] 3 | 6 9 2 1 10 _ 4 11 7 _ 0 5 
[00395416] 2 | 6 9 2 1 10 8 4 11 7 _ 0 5 
[00395417] 3 | _ 9 2 1 10 7 4 11 7 _ 0 5 
[00395418] 3 | _ 9 2 1 10 _ 4 11 7 10 0 5 
[00395419] 4 | _ 9 2 1 10 _ 4 11 3 7 0 5 
[00395420] 3 | 6 9 2 1 10 _ 4 11 3 7 0 5 
[00395421] 2 | 6 9 2 1 10 8 4 11 3 7 0 5 
[00395422] 4 | _ 9 2 1 10 _ 4 11 7 3 0 5 
[00395423] 3 | 6 9 2 1 10 _ 4 11 7 3 0 5 
[00395424] 2 | 6 9 2 1 10 8 4 11 7 3 0 5 
[00395425] 6 | _ 9 2 1 10 _ _ 11 5 _ 0 _ 
[00395426] 5 | 4 9 2 1 10 _ _ 11 5 _ 0 _ 
[00395427] 4 | 4 9 2 1 10 6 _ 11 5 _ 0 _ 
[00395428] 3 | 4 9 2 1 10 6 7 11 5 _ 0 _ 
[00395429] 2 | 4 9 2 1 10 6 7 11 5 3 0 _ 
[00395430] 3 | 4 9 2 1 10 6 _ 11 5 8 0 _ 
[00395431] 3 | 4 9 2 1 10 6 _ 11 5 _ 0 3 
[00395432] 2 | 4 9 2 1 10 6 8 11 5 _ 0 3 
[00395433] 2 | 4 9 2 1 10 6 _ 11 5 7 0 3 
[00395434] 4 | 4 9 2 1 10 _ 6 11 5 _ 0 _ 
[00395435] 3 | 4 9 2 1 10 7 6 11 5 _ 0 _ 
[00395436] 2 | 4 9 2 1 10 7 6 11 5 3 0 _ 
[00395437] 3 | 4 9 2 1 10 _ 6 11 5 8 0 _ 
[00395438] 3 | 4 9 2 1 10 _ 6 11 5 _ 0 3 
[00395439] 2 | 4 9 2 1 10 8 6 11 5 _ 0 3 
[00395440] 2 | 4 9 2 1 10 _ 6 11 5 7 0 3 
[00395441] 5 | _ 9 2 1 10 5 _ 11 5 _ 0 _ 
[00395442] 4 | _ 9 2 1 10 5 6 11 5 _ 0 _ 
[00395443] 3 | _ 9 2 1 10 5 6 11 5 _ 0 3 
[00395444] 2 | 7 9 2 1 10 5 6 11 5 _ 0 3 
[00395445] 4 | _ 9 2 1 10 5 _ 11 5 _ 0 4 
[00395446] 3 | 6 9 2 1 10 5 _ 11 5 _ 0 4 
[00395447] 2 | 6 9 2 1 10 5 8 11 5 _ 0 4 
[00395448] 3 | _ 9 2 1 10 5 7 11 5 _ 0 4 
[00395449] 5 | _ 9 2 1 10 _ 5 11 5 _ 0 _ 
[00395450] 4 | _ 9 2 1 10 6 5 11 5 _ 0 _ 
[00395451] 3 | _ 9 2 1 10 6 5 11 5 _ 0 3 
[00395452] 2 | 7 9 2 1 10 6 5 11 5 _ 0 3 
[00395453] 4 | _ 9 2 1 10 _ 5 11 5 _ 0 4 
[00395454] 3 | 6 9 2 1 10 _ 5 11 5 _ 0 4 
[00395455] 2 | 6 9 2 1 10 8 5 11 5 _ 0 4 
[00395456] 3 | _ 9 2 1 10 7 5 11 5 _ 0 4 
[00395457] 5 | _ 9 2 1 10 _ _ 11 5 0 0 _ 
[00395458] 4 | _ 9 2 1 10 6 _ 11 5 0 0 _ 
[00395459] 3 | _ 9 2 1 10 6 7 11 5 0 0 _ 
[00395460] 4 | _ 9 2 1 10 _ 6 11 5 0 0 _ 
[00395461] 3 | _ 9 2 1 10 7 6 11 5 0 0 _ 
[00395462] 5 | _ 9 2 1 10 _ _ 11 5 10 0 _ 
[00395463] 4 | _ 9 2 1 10 _ _ 11 5 10 0 4 
[00395464] 3 | 6 9 2 1 10 _ _ 11 5 10 0 4 
[00395465] 5 | _ 9 2 1 10 _ _ 11 5 _ 0 5 
[00395466] 4 | _ 9 2 1 10 6 _ 11 5 _ 0 5 
[00395467] 3 | _ 9 2 1 10 6 7 11 5 _ 0 5 
[00395468] 4 | _ 9 2 1 10 _ 6 11 5 _ 0 5 
[00395469] 3 | _ 9 2 1 10 7 6 11 5 _ 0 5 
[00395470] 6 | _ 9 2 1 10 _ _ 11 _ _ 0 6 
[00395471] 5 | 4 9 2 1 10 _ _ 11 _ _ 0 6 
[00395472] 4 | 4 9 2 1 10 _ _ 11 7 _ 0 6 
[00395473] 3 | 4 9 2 1 10 7 _ 11 7 _ 0 6 
[00395474] 2 | 4 9 2 1 10 7 8 11 7 _ 0 6 
[00395475] 3 | 4 9 2 1 10 _ 7 11 7 _ 0 6 
[00395476] 2 | 4 9 2 1 10 8 7 11 7 _ 0 6 
[00395477] 3 | 4 9 2 1 10 _ _ 11 7 10 0 6 
[00395478] 4 | 4 9 2 1 10 _ _ 11 3 7 0 6 
[00395479] 4 | 4 9 2 1 10 _ _ 11 7 3 0 6 
[00395480] 5 | _ 9 2 1 10 5 _ 11 _ _ 0 6 
[00395481] 4 | _ 9 2 1 10 5 _ 11 7 _ 0 6 
[00395482] 3 | _ 9 2 1 10 5 7 11 7 _ 0 6 
[00395483] 3 | _ 9 2 1 10 5 _ 11 7 4 0 6 
[00395484] 2 | _ 9 2 1 10 5 8 11 7 4 0 6 
[00395485] 3 | _ 9 2 1 10 5 _ 11 7 10 0 6 
[00395486] 4 | _ 9 2 1 10 5 _ 11 3 7 0 6 
[00395487] 4 | _ 9 2 1 10 5 _ 11 4 8 0 6 
[00395488] 3 | _ 9 2 1 10 5 7 11 4 8 0 6 
[00395489] 4 | _ 9 2 1 10 5 _ 11 7 3 0 6 
[00395490] 4 | _ 9 2 1 10 5 _ 11 8 4 0 6 
[00395491] 3 | _ 9 2 1 10 5 7 11 8 4 0 6 
[00395492] 5 | _ 9 2 1 10 _ 5 11 _ _ 0 6 
[00395493] 4 | _ 9 2 1 10 _ 5 11 7 _ 0 6 
[00395494] 3 | _ 9 2 1 10 7 5 11 7 _ 0 6 
[00395495] 3 | _ 9 2 1 10 _ 5 11 7 4 0 6 
[00395496] 2 | _ 9 2 1 10 8 5 11 7 4 0 6 
[00395497] 3 | _ 9 2 1 10 _ 5 11 7 10 0 6 
[00395498] 4 | _ 9 2 1 10 _ 5 11 3 7 0 6 
[00395499] 4 | _ 9 2 1 10 _ 5 11 4 8 0 6 
[00395500] 3 | _ 9 2 1 10 7 5 11 4 8 0 6 
[00395501] 4 | _ 9 2 1 10 _ 5 11 7 3 0 6 
[00395502] 4 | _ 9 2 1 10 _ 5 11 8 4 0 6 
[00395503] 3 | _ 9 2 1 10 7 5 11 8 4 0 6 
[00395504] 5 | _ 9 2 1 10 _ _ 11 3 8 0 6 
[00395505] 4 | 5 9 2 1 10 _ _ 11 3 8 0 6 
[00395506] 3 | 5 9 2 1 10 7 _ 11 3 8 0 6 
[00395507] 3 | 5 9 2 1 10 _ 7 11 3 8 0 6 
[00395508] 5 | _ 9 2 1 10 _ _ 11 8 3 0 6 
[00395509] 4 | 5 9 2 1 10 _ _ 11 8 3 0 6 
[00395510] 3 | 5 9 2 1 10 7 _ 11 8 3 0 6 
[00395511] 3 | 5 9 2 1 10 _ 7 11 8 3 0 6 
[00395512] 7 | _ 9 _ 1 10 3 _ 11 _ _ 0 _ 
[00395513] 6 | _ 9 _ 1 10 3 4 11 _ _ 0 _ 
[00395514] 5 | _ 9 _ 1 10 3 4 11 6 _ 0 _ 
[00395515] 4 | 5 9 _ 1 10 3 4 11 6 _ 0 _ 
[00395516] 3 | 5 9 6 1 10 3 4 11 6 _ 0 _ 
[00395517] 2 | 5 9 6 1 10 3 4 11 6 _ 0 2 
[00395518] 3 | 5 9 _ 1 10 3 4 11 6 9 0 _ 
[00395519] 2 | 5 9 _ 1 10 3 4 11 6 9 0 2 
[00395520] 4 | _ 9 5 1 10 3 4 11 6 _ 0 _ 
[00395521] 3 | 6 9 5 1 10 3 4 11 6 _ 0 _ 
[00395522] 2 | 6 9 5 1 10 3 4 11 6 _ 0 2 
[00395523] 3 | _ 9 5 1 10 3 4 11 6 9 0 _ 
[00395524] 2 | _ 9 5 1 10 3 4 11 6 9 0 2 
[00395525] 4 | _ 9 _ 1 10 3 4 11 6 2 0 _ 
[00395526] 5 | _ 9 _ 1 10 3 4 11 2 7 0 _ 
[00395527] 4 | 5 9 _ 1 10 3 4 11 2 7 0 _ 
[00395528] 3 | 5 9 6 1 10 3 4 11 2 7 0 _ 
[00395529] 4 | _ 9 5 1 10 3 4 11 2 7 0 _ 
[00395530] 3 | 6 9 5 1 10 3 4 11 2 7 0 _ 
[00395531] 5 | _ 9 _ 1 10 3 4 11 7 2 0 _ 
[00395532] 4 | 5 9 _ 1 10 3 4 11 7 2 0 _ 
[00395533] 3 | 5 9 6 1 10 3 4 11 7 2 0 _ 
[00395534] 4 | _ 9 5 1 10 3 4 11 7 2 0 _ 
[00395535] 3 | 6 9 5 1 10 3 4 11 7 2 0 _ 
[00395536] 5 | _ 9 _ 1 10 3 4 11 _ _ 0 5 
[00395537] 4 | _ 9 _ 1 10 3 4 11 7 _ 0 5 
[00395538] 3 | 6 9 _ 1 10 3 4 11 7 _ 0 5 
[00395539] 2 | 6 9 7 1 10 3 4 11 7 _ 0 5 
[00395540] 2 | 6 9 _ 1 10 3 4 11 7 9 0 5 
[00395541] 3 | _ 9 6 1 10 3 4 11 7 _ 0 5 
[00395542] 2 | 7 9 6 1 10 3 4 11 7 _ 0 5 
[00395543] 2 | _ 9 6 1 10 3 4 11 7 9 0 5 
[00395544] 4 | _ 9 _ 1 10 3 4 11 2 6 0 5 
[00395545] 4 | _ 9 _ 1 10 3 4 11 6 2 0 5 
[00395546] 6 | _ 9 _ 1 10 3 _ 11 5 _ 0 _ 
[00395547] 5 | 4 9 _ 1 10 3 _ 11 5 _ 0 _ 
[00395548] 4 | 4 9 5 1 10 3 _ 11 5 _ 0 _ 
[00395549] 3 | 4 9 5 1 10 3 7 11 5 _ 0 _ 
[00395550] 2 | 4 9 5 1 10 3 7 11 5 _ 0 2 
[00395551] 4 | 4 9 _ 1 10 3 6 11 5 _ 0 _ 
[00395552] 3 | 4 9 _ 1 10 3 6 11 5 2 0 _ 
[00395553] 2 | 4 9 7 1 10 3 6 11 5 2 0 _ 
[00395554] 3 | 4 9 _ 1 10 3 6 11 5 8 0 _ 
[00395555] 2 | 4 9 7 1 10 3 6 11 5 8 0 _ 
[00395556] 2 | 4 9 _ 1 10 3 6 11 5 8 0 2 
[00395557] 4 | 4 9 _ 1 10 3 _ 11 5 9 0 _ 
[00395558] 3 | 4 9 _ 1 10 3 7 11 5 9 0 _ 
[00395559] 2 | 4 9 _ 1 10 3 7 11 5 9 0 2 
[00395560] 5 | _ 9 4 1 10 3 _ 11 5 _ 0 _ 
[00395561] 4 | 5 9 4 1 10 3 _ 11 5 _ 0 _ 
[00395562] 3 | 5 9 4 1 10 3 7 11 5 _ 0 _ 
[00395563] 2 | 5 9 4 1 10 3 7 11 5 _ 0 2 
[00395564] 4 | _ 9 4 1 10 3 6 11 5 _ 0 _ 
[00395565] 3 | _ 9 4 1 10 3 6 11 5 2 0 _ 
[00395566] 2 | 7 9 4 1 10 3 6 11 5 2 0 _ 
[00395567] 3 | _ 9 4 1 10 3 6 11 5 8 0 _ 
[00395568] 2 | 7 9 4 1 10 3 6 11 5 8 0 _ 
[00395569] 2 | _ 9 4 1 10 3 6 11 5 8 0 2 
[00395570] 4 | _ 9 4 1 10 3 _ 11 5 9 0 _ 
[00395571] 3 | _ 9 4 1 10 3 7 11 5 9 0 _ 
[00395572] 2 | _ 9 4 1 10 3 7 11 5 9 0 2 
[00395573] 5 | _ 9 _ 1 10 3 5 11 5 _ 0 _ 
[00395574] 4 | _ 9 _ 1 10 3 5 11 5 _ 0 4 
[00395575] 3 | 6 9 _ 1 10 3 5 11 5 _ 0 4 
[00395576] 2 | 6 9 7 1 10 3 5 11 5 _ 0 4 
[00395577] 3 | _ 9 6 1 10 3 5 11 5 _ 0 4 
[00395578] 2 | 7 9 6 1 10 3 5 11 5 _ 0 4 
[00395579] 5 | _ 9 _ 1 10 3 _ 11 5 0 0 _ 
[00395580] 4 | _ 9 _ 1 10 3 6 11 5 0 0 _ 
[00395581] 5 | _ 9 _ 1 10 3 _ 11 5 10 0 _ 
[00395582] 4 | _ 9 _ 1 10 3 _ 11 5 10 0 4 
[00395583] 3 | 6 9 _ 1 10 3 _ 11 5 10 0 4 
[00395584] 2 | 6 9 7 1 10 3 _ 11 5 10 0 4 
[00395585] 3 | _ 9 6 1 10 3 _ 11 5 10 0 4 
[00395586] 2 | 7 9 6 1 10 3 _ 11 5 10 0 4 
[00395587] 5 | _ 9 _ 1 10 3 _ 11 5 _ 0 5 
[00395588] 4 | _ 9 _ 1 10 3 6 11 5 _ 0 5 
[00395589] 6 | _ 9 _ 1 10 3 _ 11 2 8 0 _ 
[00395590] 5 | 4 9 _ 1 10 3 _ 11 2 8 0 _ 
[00395591] 4 | 4 9 5 1 10 3 _ 11 2 8 0 _ 
[00395592] 3 | 4 9 5 1 10 3 7 11 2 8 0 _ 
[00395593] 4 | 4 9 _ 1 10 3 6 11 2 8 0 _ 
[00395594] 5 | _ 9 4 1 10 3 _ 11 2 8 0 _ 
[00395595] 4 | 5 9 4 1 10 3 _ 11 2 8 0 _ 
[00395596] 3 | 5 9 4 1 10 3 7 11 2 8 0 _ 
[00395597] 4 | _ 9 4 1 10 3 6 11 2 8 0 _ 
[00395598] 5 | _ 9 _ 1 10 3 5 11 2 8 0 _ 
[00395599] 4 | _ 9 _ 1 10 3 5 11 2 8 0 4 
[00395600] 3 | 6 9 _ 1 10 3 5 11 2 8 0 4 
[00395601] 2 | 6 9 7 1 10 3 5 11 2 8 0 4 
[00395602] 3 | _ 9 6 1 10 3 5 11 2 8 0 4 
[00395603] 2 | 7 9 6 1 10 3 5 11 2 8 0 4 
[00395604] 5 | _ 9 _ 1 10 3 _ 11 2 8 0 5 
[00395605] 4 | _ 9 _ 1 10 3 6 11 2 8 0 5 
[00395606] 6 | _ 9 _ 1 10 3 _ 11 8 2 0 _ 
[00395607] 5 | 4 9 _ 1 10 3 _ 11 8 2 0 _ 
[00395608] 4 | 4 9 5 1 10 3 _ 11 8 2 0 _ 
[00395609] 3 | 4 9 5 1 10 3 7 11 8 2 0 _ 
[00395610] 4 | 4 9 _ 1 10 3 6 11 8 2 0 _ 
[00395611] 5 | _ 9 4 1 10 3 _ 11 8 2 0 _ 
[00395612] 4 | 5 9 4 1 10 3 _ 11 8 2 0 _ 
[00395613] 3 | 5 9 4 1 10 3 7 11 8 2 0 _ 
[00395614] 4 | _ 9 4 1 10 3 6 11 8 2 0 _ 
[00395615] 5 | _ 9 _ 1 10 3 5 11 8 2 0 _ 
[00395616] 4 | _ 9 _ 1 10 3 5 11 8 2 0 4 
[00395617] 3 | 6 9 _ 1 10 3 5 11 8 2 0 4 
[00395618] 2 | 6 9 7 1 10 3 5 11 8 2 0 4 
[00395619] 3 | _ 9 6 1 10 3 5 11 8 2 0 4 
[00395620] 2 | 7 9 6 1 10 3 5 11 8 2 0 4 
[00395621] 5 | _ 9 _ 1 10 3 _ 11 8 2 0 5 
[00395622] 4 | _ 9 _ 1 10 3 6 11 8 2 0 5 
[00395623] 6 | _ 9 _ 1 10 3 _ 11 _ _ 0 6 
[00395624] 5 | 4 9 _ 1 10 3 _ 11 _ _ 0 6 
[00395625] 4 | 4 9 5 1 10 3 _ 11 _ _ 0 6 
[00395626] 3 | 4 9 5 1 10 3 7 11 _ _ 0 6 
[00395627] 3 | 4 9 5 1 10 3 _ 11 8 _ 0 6 
[00395628] 2 | 4 9 5 1 10 3 8 11 8 _ 0 6 
[00395629] 2 | 4 9 5 1 10 3 _ 11 8 10 0 6 
[00395630] 4 | 4 9 _ 1 10 3 _ 11 7 _ 0 6 
[00395631] 3 | 4 9 _ 1 10 3 7 11 7 _ 0 6 
[00395632] 3 | 4 9 _ 1 10 3 _ 11 7 10 0 6 
[00395633] 5 | _ 9 4 1 10 3 _ 11 _ _ 0 6 
[00395634] 4 | 5 9 4 1 10 3 _ 11 _ _ 0 6 
[00395635] 3 | 5 9 4 1 10 3 7 11 _ _ 0 6 
[00395636] 3 | 5 9 4 1 10 3 _ 11 8 _ 0 6 
[00395637] 2 | 5 9 4 1 10 3 8 11 8 _ 0 6 
[00395638] 2 | 5 9 4 1 10 3 _ 11 8 10 0 6 
[00395639] 4 | _ 9 4 1 10 3 _ 11 7 _ 0 6 
[00395640] 3 | _ 9 4 1 10 3 7 11 7 _ 0 6 
[00395641] 3 | _ 9 4 1 10 3 _ 11 7 10 0 6 
[00395642] 5 | _ 9 _ 1 10 3 5 11 _ _ 0 6 
[00395643] 4 | _ 9 _ 1 10 3 5 11 7 _ 0 6 
[00395644] 3 | _ 9 _ 1 10 3 5 11 7 4 0 6 
[00395645] 4 | _ 9 _ 1 10 3 5 11 4 8 0 6 
[00395646] 4 | _ 9 _ 1 10 3 5 11 8 4 0 6 
[00395647] 5 | _ 9 _ 1 10 3 _ 11 2 7 0 6 
[00395648] 4 | 5 9 _ 1 10 3 _ 11 2 7 0 6 
[00395649] 4 | _ 9 5 1 10 3 _ 11 2 7 0 6 
[00395650] 5 | _ 9 _ 1 10 3 _ 11 7 2 0 6 
[00395651] 4 | 5 9 _ 1 10 3 _ 11 7 2 0 6 
[00395652] 4 | _ 9 5 1 10 3 _ 11 7 2 0 6 
[00395653] 7 | _ 9 _ 1 10 _ 3 11 _ _ 0 _ 
[00395654] 6 | _ 9 _ 1 10 4 3 11 _ _ 0 _ 
[00395655] 5 | _ 9 _ 1 10 4 3 11 6 _ 0 _ 
[00395656] 4 | 5 9 _ 1 10 4 3 11 6 _ 0 _ 
[00395657] 3 | 5 9 6 1 10 4 3 11 6 _ 0 _ 
[00395658] 2 | 5 9 6 1 10 4 3 11 6 _ 0 2 
[00395659] 3 | 5 9 _ 1 10 4 3 11 6 9 0 _ 
[00395660] 2 | 5 9 _ 1 10 4 3 11 6 9 0 2 
[00395661] 4 | _ 9 5 1 10 4 3 11 6 _ 0 _ 
[00395662] 3 | 6 9 5 1 10 4 3 11 6 _ 0 _ 
[00395663] 2 | 6 9 5 1 10 4 3 11 6 _ 0 2 
[00395664] 3 | _ 9 5 1 10 4 3 11 6 9 0 _ 
[00395665] 2 | _ 9 5 1 10 4 3 11 6 9 0 2 
[00395666] 4 | _ 9 _ 1 10 4 3 11 6 2 0 _ 
[00395667] 5 | _ 9 _ 1 10 4 3 11 2 7 0 _ 
[00395668] 4 | 5 9 _ 1 10 4 3 11 2 7 0 _ 
[00395669] 3 | 5 9 6 1 10 4 3 11 2 7 0 _ 
[00395670] 4 | _ 9 5 1 10 4 3 11 2 7 0 _ 
[00395671] 3 | 6 9 5 1 10 4 3 11 2 7 0 _ 
[00395672] 5 | _ 9 _ 1 10 4 3 11 7 2 0 _ 
[00395673] 4 | 5 9 _ 1 10 4 3 11 7 2 0 _ 
[00395674] 3 | 5 9 6 1 10 4 3 11 7 2 0 _ 
[00395675] 4 | _ 9 5 1 10 4 3 11 7 2 0 _ 
[00395676] 3 | 6 9 5 1 10 4 3 11 7 2 0 _ 
[00395677] 5 | _ 9 _ 1 10 4 3 11 _ _ 0 5 
[00395678] 4 | _ 9 _ 1 10 4 3 11 7 _ 0 5 
[00395679] 3 | 6 9 _ 1 10 4 3 11 7 _ 0 5 
[00395680] 2 | 6 9 7 1 10 4 3 11 7 _ 0 5 
[00395681] 2 | 6 9 _ 1 10 4 3 11 7 9 0 5 
[00395682] 3 | _ 9 6 1 10 4 3 11 7 _ 0 5 
[00395683] 2 | 7 9 6 1 10 4 3 11 7 _ 0 5 
