[00001982] 3 | 0 11 4 1 10 2 7 3 8 _ 9 5 
[00001983] 2 | 0 11 4 1 10 2 7 3 8 6 9 5 
[00001984] 6 | 0 11 4 1 10 2 _ 9 _ _ 3 _ 
[00001985] 5 | 0 11 4 1 10 2 5 9 _ _ 3 _ 
[00001986] 4 | 0 11 4 1 10 2 5 9 _ _ 3 7 
[00001987] 3 | 0 11 4 1 10 2 5 9 6 _ 3 7 
[00001988] 2 | 0 11 4 1 10 2 5 9 6 8 3 7 
[00001989] 5 | 0 11 4 1 10 2 _ 9 _ _ 3 8 
[00001990] 4 | 0 11 4 1 10 2 6 9 _ _ 3 8 
[00001991] 4 | 0 11 4 1 10 2 _ 9 5 _ 3 8 
[00001992] 3 | 0 11 4 1 10 2 7 9 5 _ 3 8 
[00001993] 6 | 0 11 4 1 10 2 _ _ _ _ 3 9 
[00001994] 5 | 0 11 4 1 10 2 5 _ _ _ 3 9 
[00001995] 4 | 0 11 4 1 10 2 5 7 _ _ 3 9 
[00001996] 5 | 0 11 4 1 10 2 _ 6 _ _ 3 9 
[00001997] 4 | 0 11 4 1 10 2 6 6 _ _ 3 9 
[00001998] 3 | 0 11 4 1 10 2 6 6 5 8 3 9 
[00001999] 3 | 0 11 4 1 10 2 6 6 8 5 3 9 
[00002000] 4 | 0 11 4 1 10 2 _ 6 10 _ 3 9 
[00002001] 3 | 0 11 4 1 10 2 7 6 10 _ 3 9 
[00002002] 3 | 0 11 4 1 10 2 _ 6 10 7 3 9 
[00002003] 5 | 0 11 4 1 10 2 _ 8 _ _ 3 9 
[00002004] 4 | 0 11 4 1 10 2 6 8 _ _ 3 9 
[00002005] 3 | 0 11 4 1 10 2 6 8 5 _ 3 9 
[00002006] 2 | 0 11 4 1 10 2 6 8 5 7 3 9 
[00002007] 6 | 0 11 4 1 10 2 _ _ _ _ 9 3 
[00002008] 5 | 0 11 4 1 10 2 5 _ _ _ 9 3 
[00002009] 5 | 0 11 4 1 10 2 _ 6 _ _ 9 3 
[00002010] 4 | 0 11 4 1 10 2 6 6 _ _ 9 3 
[00002011] 3 | 0 11 4 1 10 2 6 6 5 8 9 3 
[00002012] 3 | 0 11 4 1 10 2 6 6 8 5 9 3 
[00002013] 4 | 0 11 4 1 10 2 _ 6 10 _ 9 3 
[00002014] 3 | 0 11 4 1 10 2 7 6 10 _ 9 3 
[00002015] 3 | 0 11 4 1 10 2 _ 6 10 7 9 3 
[00002016] 7 | 0 11 _ 1 10 2 3 _ _ _ _ _ 
[00002017] 6 | 0 11 5 1 10 2 3 _ _ _ _ _ 
[00002018] 5 | 0 11 5 1 10 2 3 6 _ _ _ _ 
[00002019] 4 | 0 11 5 1 10 2 3 6 4 8 _ _ 
[00002020] 3 | 0 11 5 1 10 2 3 6 4 8 9 _ 
[00002021] 2 | 0 11 5 1 10 2 3 6 4 8 9 7 
[00002022] 4 | 0 11 5 1 10 2 3 6 8 4 _ _ 
[00002023] 3 | 0 11 5 1 10 2 3 6 8 4 9 _ 
[00002024] 2 | 0 11 5 1 10 2 3 6 8 4 9 7 
[00002025] 4 | 0 11 5 1 10 2 3 6 _ _ 4 8 
[00002026] 3 | 0 11 5 1 10 2 3 6 9 _ 4 8 
[00002027] 2 | 0 11 5 1 10 2 3 6 9 7 4 8 
[00002028] 4 | 0 11 5 1 10 2 3 6 _ _ 8 4 
[00002029] 3 | 0 11 5 1 10 2 3 6 9 _ 8 4 
[00002030] 2 | 0 11 5 1 10 2 3 6 9 7 8 4 
[00002031] 5 | 0 11 5 1 10 2 3 4 9 _ _ _ 
[00002032] 4 | 0 11 5 1 10 2 3 4 9 _ 8 _ 
[00002033] 3 | 0 11 5 1 10 2 3 4 9 6 8 _ 
[00002034] 5 | 0 11 5 1 10 2 3 9 4 _ _ _ 
[00002035] 4 | 0 11 5 1 10 2 3 9 4 8 _ _ 
[00002036] 3 | 0 11 5 1 10 2 3 9 4 8 6 _ 
[00002037] 5 | 0 11 5 1 10 2 3 _ 4 9 _ _ 
[00002038] 4 | 0 11 5 1 10 2 3 8 4 9 _ _ 
[00002039] 5 | 0 11 5 1 10 2 3 _ 9 4 _ _ 
[00002040] 5 | 0 11 5 1 10 2 3 4 _ _ 9 _ 
[00002041] 4 | 0 11 5 1 10 2 3 4 8 _ 9 _ 
[00002042] 3 | 0 11 5 1 10 2 3 4 8 _ 9 6 
[00002043] 5 | 0 11 5 1 10 2 3 9 _ _ 4 _ 
[00002044] 4 | 0 11 5 1 10 2 3 9 _ _ 4 8 
[00002045] 3 | 0 11 5 1 10 2 3 9 6 _ 4 8 
[00002046] 5 | 0 11 5 1 10 2 3 _ _ _ 4 9 
[00002047] 4 | 0 11 5 1 10 2 3 8 _ _ 4 9 
[00002048] 5 | 0 11 5 1 10 2 3 _ _ _ 9 4 
[00002049] 6 | 0 11 _ 1 10 2 3 7 _ _ _ _ 
[00002050] 5 | 0 11 6 1 10 2 3 7 _ _ _ _ 
[00002051] 4 | 0 11 6 1 10 2 3 7 4 8 _ _ 
[00002052] 4 | 0 11 6 1 10 2 3 7 5 9 _ _ 
[00002053] 3 | 0 11 6 1 10 2 3 7 5 9 4 _ 
[00002054] 4 | 0 11 6 1 10 2 3 7 8 4 _ _ 
[00002055] 4 | 0 11 6 1 10 2 3 7 9 5 _ _ 
[00002056] 3 | 0 11 6 1 10 2 3 7 9 5 4 _ 
[00002057] 4 | 0 11 6 1 10 2 3 7 _ _ 4 8 
[00002058] 4 | 0 11 6 1 10 2 3 7 _ _ 5 9 
[00002059] 3 | 0 11 6 1 10 2 3 7 4 _ 5 9 
[00002060] 4 | 0 11 6 1 10 2 3 7 _ _ 8 4 
[00002061] 4 | 0 11 6 1 10 2 3 7 _ _ 9 5 
[00002062] 3 | 0 11 6 1 10 2 3 7 4 _ 9 5 
[00002063] 5 | 0 11 _ 1 10 2 3 7 4 9 _ _ 
[00002064] 4 | 0 11 7 1 10 2 3 7 4 9 _ _ 
[00002065] 3 | 0 11 7 1 10 2 3 7 4 9 5 8 
[00002066] 3 | 0 11 7 1 10 2 3 7 4 9 8 5 
[00002067] 4 | 0 11 _ 1 10 2 3 7 4 9 11 _ 
[00002068] 3 | 0 11 8 1 10 2 3 7 4 9 11 _ 
[00002069] 3 | 0 11 _ 1 10 2 3 7 4 9 11 8 
[00002070] 5 | 0 11 _ 1 10 2 3 7 9 4 _ _ 
[00002071] 4 | 0 11 7 1 10 2 3 7 9 4 _ _ 
[00002072] 3 | 0 11 7 1 10 2 3 7 9 4 5 8 
[00002073] 3 | 0 11 7 1 10 2 3 7 9 4 8 5 
[00002074] 4 | 0 11 _ 1 10 2 3 7 9 4 11 _ 
[00002075] 3 | 0 11 8 1 10 2 3 7 9 4 11 _ 
[00002076] 3 | 0 11 _ 1 10 2 3 7 9 4 11 8 
[00002077] 5 | 0 11 _ 1 10 2 3 7 _ _ 4 9 
[00002078] 4 | 0 11 7 1 10 2 3 7 _ _ 4 9 
[00002079] 3 | 0 11 7 1 10 2 3 7 5 8 4 9 
[00002080] 3 | 0 11 7 1 10 2 3 7 8 5 4 9 
[00002081] 4 | 0 11 _ 1 10 2 3 7 11 _ 4 9 
[00002082] 3 | 0 11 8 1 10 2 3 7 11 _ 4 9 
[00002083] 3 | 0 11 _ 1 10 2 3 7 11 8 4 9 
[00002084] 5 | 0 11 _ 1 10 2 3 7 _ _ 9 4 
[00002085] 4 | 0 11 7 1 10 2 3 7 _ _ 9 4 
[00002086] 3 | 0 11 7 1 10 2 3 7 5 8 9 4 
[00002087] 3 | 0 11 7 1 10 2 3 7 8 5 9 4 
[00002088] 4 | 0 11 _ 1 10 2 3 7 11 _ 9 4 
[00002089] 3 | 0 11 8 1 10 2 3 7 11 _ 9 4 
[00002090] 3 | 0 11 _ 1 10 2 3 7 11 8 9 4 
[00002091] 7 | 0 11 _ 1 10 2 _ 8 _ _ _ _ 
[00002092] 6 | 0 11 5 1 10 2 _ 8 _ _ _ _ 
[00002093] 5 | 0 11 5 1 10 2 _ 8 3 _ _ _ 
[00002094] 4 | 0 11 5 1 10 2 6 8 3 _ _ _ 
[00002095] 3 | 0 11 5 1 10 2 6 8 3 _ 4 7 
[00002096] 3 | 0 11 5 1 10 2 6 8 3 _ 7 4 
[00002097] 4 | 0 11 5 1 10 2 _ 8 3 7 _ _ 
[00002098] 3 | 0 11 5 1 10 2 _ 8 3 7 6 9 
[00002099] 3 | 0 11 5 1 10 2 _ 8 3 7 9 6 
[00002100] 4 | 0 11 5 1 10 2 _ 8 3 _ 4 _ 
[00002101] 3 | 0 11 5 1 10 2 7 8 3 _ 4 _ 
[00002102] 2 | 0 11 5 1 10 2 7 8 3 _ 4 6 
[00002103] 3 | 0 11 5 1 10 2 _ 8 3 6 4 _ 
[00002104] 3 | 0 11 5 1 10 2 _ 8 3 _ 4 7 
[00002105] 5 | 0 11 5 1 10 2 _ 8 4 9 _ _ 
[00002106] 4 | 0 11 5 1 10 2 6 8 4 9 _ _ 
[00002107] 4 | 0 11 5 1 10 2 _ 8 4 9 3 7 
[00002108] 4 | 0 11 5 1 10 2 _ 8 4 9 7 3 
[00002109] 5 | 0 11 5 1 10 2 _ 8 9 4 _ _ 
[00002110] 4 | 0 11 5 1 10 2 6 8 9 4 _ _ 
[00002111] 4 | 0 11 5 1 10 2 _ 8 9 4 3 7 
[00002112] 4 | 0 11 5 1 10 2 _ 8 9 4 7 3 
[00002113] 5 | 0 11 5 1 10 2 _ 8 _ _ 3 _ 
[00002114] 4 | 0 11 5 1 10 2 6 8 _ _ 3 _ 
[00002115] 3 | 0 11 5 1 10 2 6 8 4 7 3 _ 
[00002116] 3 | 0 11 5 1 10 2 6 8 7 4 3 _ 
[00002117] 4 | 0 11 5 1 10 2 _ 8 4 _ 3 _ 
[00002118] 3 | 0 11 5 1 10 2 7 8 4 _ 3 _ 
[00002119] 2 | 0 11 5 1 10 2 7 8 4 6 3 _ 
[00002120] 3 | 0 11 5 1 10 2 _ 8 4 7 3 _ 
[00002121] 3 | 0 11 5 1 10 2 _ 8 4 _ 3 6 
[00002122] 4 | 0 11 5 1 10 2 _ 8 _ _ 3 7 
[00002123] 3 | 0 11 5 1 10 2 _ 8 6 9 3 7 
[00002124] 3 | 0 11 5 1 10 2 _ 8 9 6 3 7 
[00002125] 5 | 0 11 5 1 10 2 _ 8 _ _ 4 9 
[00002126] 4 | 0 11 5 1 10 2 6 8 _ _ 4 9 
[00002127] 4 | 0 11 5 1 10 2 _ 8 3 7 4 9 
[00002128] 4 | 0 11 5 1 10 2 _ 8 7 3 4 9 
[00002129] 5 | 0 11 5 1 10 2 _ 8 _ _ 9 4 
[00002130] 4 | 0 11 5 1 10 2 6 8 _ _ 9 4 
[00002131] 4 | 0 11 5 1 10 2 _ 8 3 7 9 4 
[00002132] 4 | 0 11 5 1 10 2 _ 8 7 3 9 4 
[00002133] 6 | 0 11 _ 1 10 2 4 8 _ _ _ _ 
[00002134] 5 | 0 11 6 1 10 2 4 8 _ _ _ _ 
[00002135] 4 | 0 11 6 1 10 2 4 8 3 7 _ _ 
[00002136] 3 | 0 11 6 1 10 2 4 8 3 7 5 _ 
[00002137] 4 | 0 11 6 1 10 2 4 8 5 9 _ _ 
[00002138] 4 | 0 11 6 1 10 2 4 8 7 3 _ _ 
[00002139] 3 | 0 11 6 1 10 2 4 8 7 3 5 _ 
[00002140] 4 | 0 11 6 1 10 2 4 8 9 5 _ _ 
[00002141] 4 | 0 11 6 1 10 2 4 8 _ _ 3 7 
[00002142] 3 | 0 11 6 1 10 2 4 8 5 _ 3 7 
[00002143] 4 | 0 11 6 1 10 2 4 8 _ _ 5 9 
[00002144] 4 | 0 11 6 1 10 2 4 8 _ _ 7 3 
[00002145] 3 | 0 11 6 1 10 2 4 8 5 _ 7 3 
[00002146] 4 | 0 11 6 1 10 2 4 8 _ _ 9 5 
[00002147] 5 | 0 11 _ 1 10 2 4 8 3 _ _ _ 
[00002148] 4 | 0 11 7 1 10 2 4 8 3 _ _ _ 
[00002149] 3 | 0 11 7 1 10 2 4 8 3 6 _ _ 
[00002150] 3 | 0 11 7 1 10 2 4 8 3 _ 5 _ 
[00002151] 2 | 0 11 7 1 10 2 4 8 3 5 5 _ 
[00002152] 2 | 0 11 7 1 10 2 4 8 3 _ 5 3 
[00002153] 3 | 0 11 7 1 10 2 4 8 3 _ 6 9 
[00002154] 2 | 0 11 7 1 10 2 4 8 3 5 6 9 
[00002155] 3 | 0 11 7 1 10 2 4 8 3 _ 9 6 
[00002156] 2 | 0 11 7 1 10 2 4 8 3 5 9 6 
[00002157] 1 | 0 11 7 1 10 2 4 8 3 5 9 6  *Graceful*
[00002157] 4 | 0 11 _ 1 10 2 4 8 3 7 _ _ 
[00002158] 3 | 0 11 8 1 10 2 4 8 3 7 _ _ 
[00002159] 3 | 0 11 _ 1 10 2 4 8 3 7 5 _ 
[00002160] 2 | 0 11 9 1 10 2 4 8 3 7 5 _ 
[00002161] 1 | 0 11 9 1 10 2 4 8 3 7 5 6  *Graceful*
[00002161] 3 | 0 11 _ 1 10 2 4 8 3 7 11 _ 
[00002162] 2 | 0 11 9 1 10 2 4 8 3 7 11 _ 
[00002163] 2 | 0 11 _ 1 10 2 4 8 3 7 11 9 
[00002164] 3 | 0 11 _ 1 10 2 4 8 3 7 6 9 
[00002165] 3 | 0 11 _ 1 10 2 4 8 3 7 9 6 
[00002166] 4 | 0 11 _ 1 10 2 4 8 3 _ 5 9 
[00002167] 3 | 0 11 _ 1 10 2 4 8 3 6 5 9 
[00002168] 4 | 0 11 _ 1 10 2 4 8 3 _ 9 5 
[00002169] 3 | 0 11 _ 1 10 2 4 8 3 6 9 5 
[00002170] 5 | 0 11 _ 1 10 2 4 8 _ _ 3 _ 
[00002171] 4 | 0 11 7 1 10 2 4 8 _ _ 3 _ 
[00002172] 3 | 0 11 7 1 10 2 4 8 5 _ 3 _ 
[00002173] 2 | 0 11 7 1 10 2 4 8 5 3 3 _ 
[00002174] 2 | 0 11 7 1 10 2 4 8 5 _ 3 5 
[00002175] 3 | 0 11 7 1 10 2 4 8 6 9 3 _ 
[00002176] 2 | 0 11 7 1 10 2 4 8 6 9 3 5 
[00002177] 3 | 0 11 7 1 10 2 4 8 9 6 3 _ 
[00002178] 2 | 0 11 7 1 10 2 4 8 9 6 3 5 
[00002179] 1 | 0 11 7 1 10 2 4 8 9 6 3 5  *Graceful*
[00002179] 3 | 0 11 7 1 10 2 4 8 _ _ 3 6 
[00002180] 4 | 0 11 _ 1 10 2 4 8 5 9 3 _ 
[00002181] 3 | 0 11 _ 1 10 2 4 8 5 9 3 6 
[00002182] 4 | 0 11 _ 1 10 2 4 8 9 5 3 _ 
[00002183] 3 | 0 11 _ 1 10 2 4 8 9 5 3 6 
[00002184] 4 | 0 11 _ 1 10 2 4 8 _ _ 3 7 
[00002185] 3 | 0 11 8 1 10 2 4 8 _ _ 3 7 
[00002186] 3 | 0 11 _ 1 10 2 4 8 5 _ 3 7 
[00002187] 2 | 0 11 9 1 10 2 4 8 5 _ 3 7 
[00002188] 1 | 0 11 9 1 10 2 4 8 5 6 3 7  *Graceful*
[00002188] 3 | 0 11 _ 1 10 2 4 8 11 _ 3 7 
[00002189] 2 | 0 11 9 1 10 2 4 8 11 _ 3 7 
[00002190] 2 | 0 11 _ 1 10 2 4 8 11 9 3 7 
[00002191] 3 | 0 11 _ 1 10 2 4 8 6 9 3 7 
[00002192] 3 | 0 11 _ 1 10 2 4 8 9 6 3 7 
[00002193] 6 | 0 11 _ 1 10 2 _ 8 3 9 _ _ 
[00002194] 5 | 0 11 6 1 10 2 _ 8 3 9 _ _ 
[00002195] 4 | 0 11 6 1 10 2 _ 8 3 9 4 _ 
[00002196] 3 | 0 11 6 1 10 2 7 8 3 9 4 _ 
[00002197] 3 | 0 11 6 1 10 2 _ 8 3 9 4 7 
[00002198] 5 | 0 11 _ 1 10 2 5 8 3 9 _ _ 
[00002199] 4 | 0 11 7 1 10 2 5 8 3 9 _ _ 
[00002200] 4 | 0 11 _ 1 10 2 5 8 3 9 4 _ 
[00002201] 3 | 0 11 _ 1 10 2 5 8 3 9 4 7 
[00002202] 6 | 0 11 _ 1 10 2 _ 8 9 3 _ _ 
[00002203] 5 | 0 11 6 1 10 2 _ 8 9 3 _ _ 
[00002204] 4 | 0 11 6 1 10 2 _ 8 9 3 4 _ 
[00002205] 3 | 0 11 6 1 10 2 7 8 9 3 4 _ 
[00002206] 3 | 0 11 6 1 10 2 _ 8 9 3 4 7 
[00002207] 5 | 0 11 _ 1 10 2 5 8 9 3 _ _ 
[00002208] 4 | 0 11 7 1 10 2 5 8 9 3 _ _ 
[00002209] 4 | 0 11 _ 1 10 2 5 8 9 3 4 _ 
[00002210] 3 | 0 11 _ 1 10 2 5 8 9 3 4 7 
[00002211] 6 | 0 11 _ 1 10 2 _ 8 _ _ 3 9 
[00002212] 5 | 0 11 6 1 10 2 _ 8 _ _ 3 9 
[00002213] 4 | 0 11 6 1 10 2 _ 8 4 _ 3 9 
[00002214] 3 | 0 11 6 1 10 2 7 8 4 _ 3 9 
[00002215] 3 | 0 11 6 1 10 2 _ 8 4 7 3 9 
[00002216] 5 | 0 11 _ 1 10 2 5 8 _ _ 3 9 
[00002217] 4 | 0 11 7 1 10 2 5 8 _ _ 3 9 
[00002218] 4 | 0 11 _ 1 10 2 5 8 4 _ 3 9 
[00002219] 3 | 0 11 _ 1 10 2 5 8 4 7 3 9 
[00002220] 6 | 0 11 _ 1 10 2 _ 8 _ _ 9 3 
[00002221] 5 | 0 11 6 1 10 2 _ 8 _ _ 9 3 
[00002222] 4 | 0 11 6 1 10 2 _ 8 4 _ 9 3 
[00002223] 3 | 0 11 6 1 10 2 7 8 4 _ 9 3 
[00002224] 3 | 0 11 6 1 10 2 _ 8 4 7 9 3 
[00002225] 5 | 0 11 _ 1 10 2 5 8 _ _ 9 3 
[00002226] 4 | 0 11 7 1 10 2 5 8 _ _ 9 3 
[00002227] 4 | 0 11 _ 1 10 2 5 8 4 _ 9 3 
[00002228] 3 | 0 11 _ 1 10 2 5 8 4 7 9 3 
[00002229] 8 | 0 11 _ 1 10 _ 2 _ _ _ _ _ 
[00002230] 7 | 0 11 4 1 10 _ 2 _ _ _ _ _ 
[00002231] 6 | 0 11 4 1 10 _ 2 7 _ _ _ _ 
[00002232] 5 | 0 11 4 1 10 5 2 7 _ _ _ _ 
[00002233] 4 | 0 11 4 1 10 5 2 7 3 _ _ _ 
[00002234] 3 | 0 11 4 1 10 5 2 7 3 6 _ _ 
[00002235] 2 | 0 11 4 1 10 5 2 7 3 6 9 _ 
[00002236] 1 | 0 11 4 1 10 5 2 7 3 6 9 8  *Graceful*
[00002236] 3 | 0 11 4 1 10 5 2 7 3 _ 6 9 
[00002237] 3 | 0 11 4 1 10 5 2 7 3 _ 9 6 
[00002238] 4 | 0 11 4 1 10 5 2 7 _ _ 3 _ 
[00002239] 3 | 0 11 4 1 10 5 2 7 6 9 3 _ 
[00002240] 3 | 0 11 4 1 10 5 2 7 9 6 3 _ 
[00002241] 3 | 0 11 4 1 10 5 2 7 _ _ 3 6 
[00002242] 2 | 0 11 4 1 10 5 2 7 9 _ 3 6 
[00002243] 1 | 0 11 4 1 10 5 2 7 9 8 3 6  *Graceful*
[00002243] 5 | 0 11 4 1 10 _ 2 7 3 8 _ _ 
[00002244] 4 | 0 11 4 1 10 6 2 7 3 8 _ _ 
[00002245] 4 | 0 11 4 1 10 _ 2 7 3 8 5 9 
[00002246] 4 | 0 11 4 1 10 _ 2 7 3 8 9 5 
[00002247] 5 | 0 11 4 1 10 _ 2 7 8 3 _ _ 
[00002248] 4 | 0 11 4 1 10 6 2 7 8 3 _ _ 
[00002249] 4 | 0 11 4 1 10 _ 2 7 8 3 5 9 
[00002250] 4 | 0 11 4 1 10 _ 2 7 8 3 9 5 
[00002251] 5 | 0 11 4 1 10 _ 2 7 _ _ 3 8 
[00002252] 4 | 0 11 4 1 10 6 2 7 _ _ 3 8 
[00002253] 4 | 0 11 4 1 10 _ 2 7 5 9 3 8 
[00002254] 4 | 0 11 4 1 10 _ 2 7 9 5 3 8 
[00002255] 5 | 0 11 4 1 10 _ 2 7 _ _ 8 3 
[00002256] 4 | 0 11 4 1 10 6 2 7 _ _ 8 3 
[00002257] 4 | 0 11 4 1 10 _ 2 7 5 9 8 3 
[00002258] 4 | 0 11 4 1 10 _ 2 7 9 5 8 3 
[00002259] 6 | 0 11 4 1 10 _ 2 3 9 _ _ _ 
[00002260] 5 | 0 11 4 1 10 5 2 3 9 _ _ _ 
[00002261] 4 | 0 11 4 1 10 5 2 3 9 _ 7 _ 
[00002262] 3 | 0 11 4 1 10 5 2 3 9 6 7 _ 
[00002263] 5 | 0 11 4 1 10 _ 2 3 9 _ 8 _ 
[00002264] 4 | 0 11 4 1 10 6 2 3 9 _ 8 _ 
[00002265] 3 | 0 11 4 1 10 6 2 3 9 _ 8 5 
[00002266] 2 | 0 11 4 1 10 6 2 3 9 7 8 5 
[00002267] 4 | 0 11 4 1 10 _ 2 3 9 5 8 _ 
[00002268] 3 | 0 11 4 1 10 7 2 3 9 5 8 _ 
[00002269] 2 | 0 11 4 1 10 7 2 3 9 5 8 6 
[00002270] 6 | 0 11 4 1 10 _ 2 9 3 _ _ _ 
[00002271] 5 | 0 11 4 1 10 5 2 9 3 _ _ _ 
[00002272] 4 | 0 11 4 1 10 5 2 9 3 7 _ _ 
[00002273] 3 | 0 11 4 1 10 5 2 9 3 7 6 _ 
[00002274] 2 | 0 11 4 1 10 5 2 9 3 7 6 8 
[00002275] 5 | 0 11 4 1 10 _ 2 9 3 8 _ _ 
[00002276] 4 | 0 11 4 1 10 6 2 9 3 8 _ _ 
[00002277] 4 | 0 11 4 1 10 _ 2 9 3 8 5 _ 
[00002278] 3 | 0 11 4 1 10 7 2 9 3 8 5 _ 
[00002279] 6 | 0 11 4 1 10 _ 2 _ 3 9 _ _ 
[00002280] 5 | 0 11 4 1 10 5 2 _ 3 9 _ _ 
[00002281] 4 | 0 11 4 1 10 5 2 7 3 9 _ _ 
[00002282] 5 | 0 11 4 1 10 _ 2 6 3 9 _ _ 
[00002283] 4 | 0 11 4 1 10 6 2 6 3 9 _ _ 
[00002284] 3 | 0 11 4 1 10 6 2 6 3 9 5 8 
[00002285] 3 | 0 11 4 1 10 6 2 6 3 9 8 5 
[00002286] 4 | 0 11 4 1 10 _ 2 6 3 9 10 _ 
[00002287] 3 | 0 11 4 1 10 7 2 6 3 9 10 _ 
[00002288] 3 | 0 11 4 1 10 _ 2 6 3 9 10 7 
[00002289] 5 | 0 11 4 1 10 _ 2 8 3 9 _ _ 
[00002290] 4 | 0 11 4 1 10 6 2 8 3 9 _ _ 
[00002291] 3 | 0 11 4 1 10 6 2 8 3 9 5 _ 
[00002292] 2 | 0 11 4 1 10 6 2 8 3 9 5 7 
[00002293] 6 | 0 11 4 1 10 _ 2 _ 9 3 _ _ 
[00002294] 5 | 0 11 4 1 10 5 2 _ 9 3 _ _ 
[00002295] 5 | 0 11 4 1 10 _ 2 6 9 3 _ _ 
[00002296] 4 | 0 11 4 1 10 6 2 6 9 3 _ _ 
[00002297] 3 | 0 11 4 1 10 6 2 6 9 3 5 8 
[00002298] 3 | 0 11 4 1 10 6 2 6 9 3 8 5 
[00002299] 4 | 0 11 4 1 10 _ 2 6 9 3 10 _ 
[00002300] 3 | 0 11 4 1 10 7 2 6 9 3 10 _ 
[00002301] 3 | 0 11 4 1 10 _ 2 6 9 3 10 7 
[00002302] 6 | 0 11 4 1 10 _ 2 3 _ _ 9 _ 
[00002303] 5 | 0 11 4 1 10 5 2 3 _ _ 9 _ 
[00002304] 4 | 0 11 4 1 10 5 2 3 7 _ 9 _ 
[00002305] 3 | 0 11 4 1 10 5 2 3 7 _ 9 6 
[00002306] 5 | 0 11 4 1 10 _ 2 3 8 _ 9 _ 
[00002307] 4 | 0 11 4 1 10 6 2 3 8 _ 9 _ 
[00002308] 3 | 0 11 4 1 10 6 2 3 8 5 9 _ 
[00002309] 2 | 0 11 4 1 10 6 2 3 8 5 9 7 
[00002310] 4 | 0 11 4 1 10 _ 2 3 8 _ 9 5 
[00002311] 3 | 0 11 4 1 10 7 2 3 8 _ 9 5 
[00002312] 2 | 0 11 4 1 10 7 2 3 8 6 9 5 
[00002313] 6 | 0 11 4 1 10 _ 2 9 _ _ 3 _ 
[00002314] 5 | 0 11 4 1 10 5 2 9 _ _ 3 _ 
[00002315] 4 | 0 11 4 1 10 5 2 9 _ _ 3 7 
[00002316] 3 | 0 11 4 1 10 5 2 9 6 _ 3 7 
[00002317] 2 | 0 11 4 1 10 5 2 9 6 8 3 7 
[00002318] 5 | 0 11 4 1 10 _ 2 9 _ _ 3 8 
[00002319] 4 | 0 11 4 1 10 6 2 9 _ _ 3 8 
[00002320] 4 | 0 11 4 1 10 _ 2 9 5 _ 3 8 
[00002321] 3 | 0 11 4 1 10 7 2 9 5 _ 3 8 
[00002322] 6 | 0 11 4 1 10 _ 2 _ _ _ 3 9 
[00002323] 5 | 0 11 4 1 10 5 2 _ _ _ 3 9 
[00002324] 4 | 0 11 4 1 10 5 2 7 _ _ 3 9 
[00002325] 5 | 0 11 4 1 10 _ 2 6 _ _ 3 9 
[00002326] 4 | 0 11 4 1 10 6 2 6 _ _ 3 9 
[00002327] 3 | 0 11 4 1 10 6 2 6 5 8 3 9 
[00002328] 3 | 0 11 4 1 10 6 2 6 8 5 3 9 
[00002329] 4 | 0 11 4 1 10 _ 2 6 10 _ 3 9 
[00002330] 3 | 0 11 4 1 10 7 2 6 10 _ 3 9 
[00002331] 3 | 0 11 4 1 10 _ 2 6 10 7 3 9 
[00002332] 5 | 0 11 4 1 10 _ 2 8 _ _ 3 9 
[00002333] 4 | 0 11 4 1 10 6 2 8 _ _ 3 9 
[00002334] 3 | 0 11 4 1 10 6 2 8 5 _ 3 9 
[00002335] 2 | 0 11 4 1 10 6 2 8 5 7 3 9 
[00002336] 6 | 0 11 4 1 10 _ 2 _ _ _ 9 3 
[00002337] 5 | 0 11 4 1 10 5 2 _ _ _ 9 3 
[00002338] 5 | 0 11 4 1 10 _ 2 6 _ _ 9 3 
[00002339] 4 | 0 11 4 1 10 6 2 6 _ _ 9 3 
[00002340] 3 | 0 11 4 1 10 6 2 6 5 8 9 3 
[00002341] 3 | 0 11 4 1 10 6 2 6 8 5 9 3 
[00002342] 4 | 0 11 4 1 10 _ 2 6 10 _ 9 3 
[00002343] 3 | 0 11 4 1 10 7 2 6 10 _ 9 3 
[00002344] 3 | 0 11 4 1 10 _ 2 6 10 7 9 3 
[00002345] 7 | 0 11 _ 1 10 3 2 _ _ _ _ _ 
[00002346] 6 | 0 11 5 1 10 3 2 _ _ _ _ _ 
[00002347] 5 | 0 11 5 1 10 3 2 6 _ _ _ _ 
[00002348] 4 | 0 11 5 1 10 3 2 6 4 8 _ _ 
[00002349] 3 | 0 11 5 1 10 3 2 6 4 8 9 _ 
[00002350] 2 | 0 11 5 1 10 3 2 6 4 8 9 7 
[00002351] 4 | 0 11 5 1 10 3 2 6 8 4 _ _ 
[00002352] 3 | 0 11 5 1 10 3 2 6 8 4 9 _ 
[00002353] 2 | 0 11 5 1 10 3 2 6 8 4 9 7 
[00002354] 4 | 0 11 5 1 10 3 2 6 _ _ 4 8 
[00002355] 3 | 0 11 5 1 10 3 2 6 9 _ 4 8 
[00002356] 2 | 0 11 5 1 10 3 2 6 9 7 4 8 
[00002357] 4 | 0 11 5 1 10 3 2 6 _ _ 8 4 
[00002358] 3 | 0 11 5 1 10 3 2 6 9 _ 8 4 
[00002359] 2 | 0 11 5 1 10 3 2 6 9 7 8 4 
[00002360] 5 | 0 11 5 1 10 3 2 4 9 _ _ _ 
[00002361] 4 | 0 11 5 1 10 3 2 4 9 _ 8 _ 
[00002362] 3 | 0 11 5 1 10 3 2 4 9 6 8 _ 
[00002363] 5 | 0 11 5 1 10 3 2 9 4 _ _ _ 
[00002364] 4 | 0 11 5 1 10 3 2 9 4 8 _ _ 
[00002365] 3 | 0 11 5 1 10 3 2 9 4 8 6 _ 
[00002366] 5 | 0 11 5 1 10 3 2 _ 4 9 _ _ 
[00002367] 4 | 0 11 5 1 10 3 2 8 4 9 _ _ 
[00002368] 5 | 0 11 5 1 10 3 2 _ 9 4 _ _ 
[00002369] 5 | 0 11 5 1 10 3 2 4 _ _ 9 _ 
[00002370] 4 | 0 11 5 1 10 3 2 4 8 _ 9 _ 
[00002371] 3 | 0 11 5 1 10 3 2 4 8 _ 9 6 
[00002372] 5 | 0 11 5 1 10 3 2 9 _ _ 4 _ 
[00002373] 4 | 0 11 5 1 10 3 2 9 _ _ 4 8 
[00002374] 3 | 0 11 5 1 10 3 2 9 6 _ 4 8 
[00002375] 5 | 0 11 5 1 10 3 2 _ _ _ 4 9 
[00002376] 4 | 0 11 5 1 10 3 2 8 _ _ 4 9 
[00002377] 5 | 0 11 5 1 10 3 2 _ _ _ 9 4 
[00002378] 6 | 0 11 _ 1 10 3 2 7 _ _ _ _ 
[00002379] 5 | 0 11 6 1 10 3 2 7 _ _ _ _ 
[00002380] 4 | 0 11 6 1 10 3 2 7 4 8 _ _ 
[00002381] 4 | 0 11 6 1 10 3 2 7 5 9 _ _ 
[00002382] 3 | 0 11 6 1 10 3 2 7 5 9 4 _ 
[00002383] 4 | 0 11 6 1 10 3 2 7 8 4 _ _ 
[00002384] 4 | 0 11 6 1 10 3 2 7 9 5 _ _ 
[00002385] 3 | 0 11 6 1 10 3 2 7 9 5 4 _ 
[00002386] 4 | 0 11 6 1 10 3 2 7 _ _ 4 8 
[00002387] 4 | 0 11 6 1 10 3 2 7 _ _ 5 9 
[00002388] 3 | 0 11 6 1 10 3 2 7 4 _ 5 9 
[00002389] 4 | 0 11 6 1 10 3 2 7 _ _ 8 4 
[00002390] 4 | 0 11 6 1 10 3 2 7 _ _ 9 5 
[00002391] 3 | 0 11 6 1 10 3 2 7 4 _ 9 5 
[00002392] 5 | 0 11 _ 1 10 3 2 7 4 9 _ _ 
[00002393] 4 | 0 11 7 1 10 3 2 7 4 9 _ _ 
[00002394] 3 | 0 11 7 1 10 3 2 7 4 9 5 8 
[00002395] 3 | 0 11 7 1 10 3 2 7 4 9 8 5 
[00002396] 4 | 0 11 _ 1 10 3 2 7 4 9 11 _ 
[00002397] 3 | 0 11 8 1 10 3 2 7 4 9 11 _ 
[00002398] 3 | 0 11 _ 1 10 3 2 7 4 9 11 8 
[00002399] 5 | 0 11 _ 1 10 3 2 7 9 4 _ _ 
[00002400] 4 | 0 11 7 1 10 3 2 7 9 4 _ _ 
[00002401] 3 | 0 11 7 1 10 3 2 7 9 4 5 8 
[00002402] 3 | 0 11 7 1 10 3 2 7 9 4 8 5 
[00002403] 4 | 0 11 _ 1 10 3 2 7 9 4 11 _ 
[00002404] 3 | 0 11 8 1 10 3 2 7 9 4 11 _ 
[00002405] 3 | 0 11 _ 1 10 3 2 7 9 4 11 8 
[00002406] 5 | 0 11 _ 1 10 3 2 7 _ _ 4 9 
[00002407] 4 | 0 11 7 1 10 3 2 7 _ _ 4 9 
[00002408] 3 | 0 11 7 1 10 3 2 7 5 8 4 9 
[00002409] 3 | 0 11 7 1 10 3 2 7 8 5 4 9 
[00002410] 4 | 0 11 _ 1 10 3 2 7 11 _ 4 9 
[00002411] 3 | 0 11 8 1 10 3 2 7 11 _ 4 9 
[00002412] 3 | 0 11 _ 1 10 3 2 7 11 8 4 9 
[00002413] 5 | 0 11 _ 1 10 3 2 7 _ _ 9 4 
[00002414] 4 | 0 11 7 1 10 3 2 7 _ _ 9 4 
[00002415] 3 | 0 11 7 1 10 3 2 7 5 8 9 4 
[00002416] 3 | 0 11 7 1 10 3 2 7 8 5 9 4 
[00002417] 4 | 0 11 _ 1 10 3 2 7 11 _ 9 4 
[00002418] 3 | 0 11 8 1 10 3 2 7 11 _ 9 4 
[00002419] 3 | 0 11 _ 1 10 3 2 7 11 8 9 4 
[00002420] 7 | 0 11 _ 1 10 _ 2 8 _ _ _ _ 
[00002421] 6 | 0 11 5 1 10 _ 2 8 _ _ _ _ 
[00002422] 5 | 0 11 5 1 10 _ 2 8 3 _ _ _ 
[00002423] 4 | 0 11 5 1 10 6 2 8 3 _ _ _ 
[00002424] 3 | 0 11 5 1 10 6 2 8 3 _ 4 7 
[00002425] 3 | 0 11 5 1 10 6 2 8 3 _ 7 4 
[00002426] 4 | 0 11 5 1 10 _ 2 8 3 7 _ _ 
[00002427] 3 | 0 11 5 1 10 _ 2 8 3 7 6 9 
[00002428] 3 | 0 11 5 1 10 _ 2 8 3 7 9 6 
[00002429] 4 | 0 11 5 1 10 _ 2 8 3 _ 4 _ 
[00002430] 3 | 0 11 5 1 10 7 2 8 3 _ 4 _ 
[00002431] 2 | 0 11 5 1 10 7 2 8 3 _ 4 6 
[00002432] 3 | 0 11 5 1 10 _ 2 8 3 6 4 _ 
[00002433] 3 | 0 11 5 1 10 _ 2 8 3 _ 4 7 
[00002434] 5 | 0 11 5 1 10 _ 2 8 4 9 _ _ 
[00002435] 4 | 0 11 5 1 10 6 2 8 4 9 _ _ 
[00002436] 4 | 0 11 5 1 10 _ 2 8 4 9 3 7 
[00002437] 4 | 0 11 5 1 10 _ 2 8 4 9 7 3 
[00002438] 5 | 0 11 5 1 10 _ 2 8 9 4 _ _ 
[00002439] 4 | 0 11 5 1 10 6 2 8 9 4 _ _ 
[00002440] 4 | 0 11 5 1 10 _ 2 8 9 4 3 7 
[00002441] 4 | 0 11 5 1 10 _ 2 8 9 4 7 3 
[00002442] 5 | 0 11 5 1 10 _ 2 8 _ _ 3 _ 
[00002443] 4 | 0 11 5 1 10 6 2 8 _ _ 3 _ 
[00002444] 3 | 0 11 5 1 10 6 2 8 4 7 3 _ 
[00002445] 3 | 0 11 5 1 10 6 2 8 7 4 3 _ 
[00002446] 4 | 0 11 5 1 10 _ 2 8 4 _ 3 _ 
[00002447] 3 | 0 11 5 1 10 7 2 8 4 _ 3 _ 
[00002448] 2 | 0 11 5 1 10 7 2 8 4 6 3 _ 
[00002449] 3 | 0 11 5 1 10 _ 2 8 4 7 3 _ 
[00002450] 3 | 0 11 5 1 10 _ 2 8 4 _ 3 6 
[00002451] 4 | 0 11 5 1 10 _ 2 8 _ _ 3 7 
[00002452] 3 | 0 11 5 1 10 _ 2 8 6 9 3 7 
[00002453] 3 | 0 11 5 1 10 _ 2 8 9 6 3 7 
[00002454] 5 | 0 11 5 1 10 _ 2 8 _ _ 4 9 
[00002455] 4 | 0 11 5 1 10 6 2 8 _ _ 4 9 
[00002456] 4 | 0 11 5 1 10 _ 2 8 3 7 4 9 
[00002457] 4 | 0 11 5 1 10 _ 2 8 7 3 4 9 
[00002458] 5 | 0 11 5 1 10 _ 2 8 _ _ 9 4 
[00002459] 4 | 0 11 5 1 10 6 2 8 _ _ 9 4 
[00002460] 4 | 0 11 5 1 10 _ 2 8 3 7 9 4 
[00002461] 4 | 0 11 5 1 10 _ 2 8 7 3 9 4 
[00002462] 6 | 0 11 _ 1 10 4 2 8 _ _ _ _ 
[00002463] 5 | 0 11 6 1 10 4 2 8 _ _ _ _ 
[00002464] 4 | 0 11 6 1 10 4 2 8 3 7 _ _ 
[00002465] 3 | 0 11 6 1 10 4 2 8 3 7 5 _ 
[00002466] 4 | 0 11 6 1 10 4 2 8 5 9 _ _ 
[00002467] 4 | 0 11 6 1 10 4 2 8 7 3 _ _ 
[00002468] 3 | 0 11 6 1 10 4 2 8 7 3 5 _ 
[00002469] 4 | 0 11 6 1 10 4 2 8 9 5 _ _ 
[00002470] 4 | 0 11 6 1 10 4 2 8 _ _ 3 7 
[00002471] 3 | 0 11 6 1 10 4 2 8 5 _ 3 7 
[00002472] 4 | 0 11 6 1 10 4 2 8 _ _ 5 9 
[00002473] 4 | 0 11 6 1 10 4 2 8 _ _ 7 3 
[00002474] 3 | 0 11 6 1 10 4 2 8 5 _ 7 3 
[00002475] 4 | 0 11 6 1 10 4 2 8 _ _ 9 5 
