[00279880] 2 | 3 1 8 11 2 7 10 0 6 9 4 _ 
[00279881] 1 | 3 1 8 11 2 7 10 0 6 9 4 5  *Graceful*
[00279881] 3 | _ 1 8 11 2 7 10 0 6 _ 4 1 
[00279882] 4 | _ 1 8 11 2 7 10 0 6 _ 5 9 
[00279883] 3 | 4 1 8 11 2 7 10 0 6 _ 5 9 
[00279884] 3 | _ 1 8 11 2 7 10 0 6 3 5 9 
[00279885] 4 | _ 1 8 11 2 7 10 0 6 _ 9 5 
[00279886] 3 | 4 1 8 11 2 7 10 0 6 _ 9 5 
[00279887] 3 | _ 1 8 11 2 7 10 0 6 3 9 5 
[00279888] 5 | _ 1 8 11 2 _ 10 0 6 1 _ _ 
[00279889] 4 | _ 1 8 11 2 _ 10 0 6 1 4 _ 
[00279890] 3 | _ 1 8 11 2 5 10 0 6 1 4 _ 
[00279891] 3 | _ 1 8 11 2 _ 10 0 6 1 4 7 
[00279892] 4 | _ 1 8 11 2 _ 10 0 6 1 3 7 
[00279893] 3 | _ 1 8 11 2 5 10 0 6 1 3 7 
[00279894] 4 | _ 1 8 11 2 _ 10 0 6 1 5 9 
[00279895] 4 | _ 1 8 11 2 _ 10 0 6 1 7 3 
[00279896] 3 | _ 1 8 11 2 5 10 0 6 1 7 3 
[00279897] 4 | _ 1 8 11 2 _ 10 0 6 1 9 5 
[00279898] 5 | _ 1 8 11 2 _ 10 0 6 _ 5 _ 
[00279899] 4 | 5 1 8 11 2 _ 10 0 6 _ 5 _ 
[00279900] 3 | 5 1 8 11 2 _ 10 0 6 3 5 _ 
[00279901] 2 | 5 1 8 11 2 4 10 0 6 3 5 _ 
[00279902] 3 | 5 1 8 11 2 _ 10 0 6 9 5 _ 
[00279903] 2 | 5 1 8 11 2 4 10 0 6 9 5 _ 
[00279904] 4 | _ 1 8 11 2 6 10 0 6 _ 5 _ 
[00279905] 3 | 4 1 8 11 2 6 10 0 6 _ 5 _ 
[00279906] 2 | 4 1 8 11 2 6 10 0 6 _ 5 3 
[00279907] 2 | 4 1 8 11 2 6 10 0 6 _ 5 7 
[00279908] 4 | _ 1 8 11 2 _ 10 0 6 2 5 _ 
[00279909] 3 | 4 1 8 11 2 _ 10 0 6 2 5 _ 
[00279910] 2 | 4 1 8 11 2 _ 10 0 6 2 5 3 
[00279911] 2 | 4 1 8 11 2 _ 10 0 6 2 5 7 
[00279912] 4 | _ 1 8 11 2 _ 10 0 6 _ 5 1 
[00279913] 3 | _ 1 8 11 2 _ 10 0 6 3 5 1 
[00279914] 2 | _ 1 8 11 2 4 10 0 6 3 5 1 
[00279915] 3 | _ 1 8 11 2 _ 10 0 6 9 5 1 
[00279916] 2 | _ 1 8 11 2 4 10 0 6 9 5 1 
[00279917] 4 | _ 1 8 11 2 _ 10 0 6 _ 5 9 
[00279918] 3 | 4 1 8 11 2 _ 10 0 6 _ 5 9 
[00279919] 3 | _ 1 8 11 2 _ 10 0 6 3 5 9 
[00279920] 2 | _ 1 8 11 2 4 10 0 6 3 5 9 
[00279921] 5 | _ 1 8 11 2 _ 10 0 6 _ 4 9 
[00279922] 4 | 5 1 8 11 2 _ 10 0 6 _ 4 9 
[00279923] 3 | 5 1 8 11 2 _ 10 0 6 3 4 9 
[00279924] 4 | _ 1 8 11 2 6 10 0 6 _ 4 9 
[00279925] 4 | _ 1 8 11 2 _ 10 0 6 2 4 9 
[00279926] 5 | _ 1 8 11 2 _ 10 0 6 _ 9 4 
[00279927] 4 | 5 1 8 11 2 _ 10 0 6 _ 9 4 
[00279928] 3 | 5 1 8 11 2 _ 10 0 6 3 9 4 
[00279929] 4 | _ 1 8 11 2 6 10 0 6 _ 9 4 
[00279930] 4 | _ 1 8 11 2 _ 10 0 6 2 9 4 
[00279931] 6 | _ 1 8 11 2 _ 10 0 3 9 _ _ 
[00279932] 5 | 6 1 8 11 2 _ 10 0 3 9 _ _ 
[00279933] 4 | 6 1 8 11 2 _ 10 0 3 9 4 _ 
[00279934] 3 | 6 1 8 11 2 5 10 0 3 9 4 _ 
[00279935] 3 | 6 1 8 11 2 _ 10 0 3 9 4 7 
[00279936] 5 | _ 1 8 11 2 7 10 0 3 9 _ _ 
[00279937] 4 | 5 1 8 11 2 7 10 0 3 9 _ _ 
[00279938] 4 | _ 1 8 11 2 7 10 0 3 9 4 _ 
[00279939] 3 | 4 1 8 11 2 7 10 0 3 9 4 _ 
[00279940] 3 | _ 1 8 11 2 7 10 0 3 9 4 1 
[00279941] 5 | _ 1 8 11 2 _ 10 0 3 9 5 _ 
[00279942] 4 | 5 1 8 11 2 _ 10 0 3 9 5 _ 
[00279943] 4 | _ 1 8 11 2 6 10 0 3 9 5 _ 
[00279944] 3 | 4 1 8 11 2 6 10 0 3 9 5 _ 
[00279945] 2 | 4 1 8 11 2 6 10 0 3 9 5 7 
[00279946] 4 | _ 1 8 11 2 _ 10 0 3 9 5 1 
[00279947] 6 | _ 1 8 11 2 _ 10 0 9 3 _ _ 
[00279948] 5 | 6 1 8 11 2 _ 10 0 9 3 _ _ 
[00279949] 4 | 6 1 8 11 2 _ 10 0 9 3 4 _ 
[00279950] 3 | 6 1 8 11 2 5 10 0 9 3 4 _ 
[00279951] 3 | 6 1 8 11 2 _ 10 0 9 3 4 7 
[00279952] 5 | _ 1 8 11 2 7 10 0 9 3 _ _ 
[00279953] 4 | 5 1 8 11 2 7 10 0 9 3 _ _ 
[00279954] 4 | _ 1 8 11 2 7 10 0 9 3 4 _ 
[00279955] 3 | 4 1 8 11 2 7 10 0 9 3 4 _ 
[00279956] 3 | _ 1 8 11 2 7 10 0 9 3 4 1 
[00279957] 5 | _ 1 8 11 2 _ 10 0 9 3 5 _ 
[00279958] 4 | 5 1 8 11 2 _ 10 0 9 3 5 _ 
[00279959] 4 | _ 1 8 11 2 6 10 0 9 3 5 _ 
[00279960] 3 | 4 1 8 11 2 6 10 0 9 3 5 _ 
[00279961] 2 | 4 1 8 11 2 6 10 0 9 3 5 7 
[00279962] 4 | _ 1 8 11 2 _ 10 0 9 3 5 1 
[00279963] 6 | _ 1 8 11 2 _ 10 0 _ _ 6 _ 
[00279964] 5 | 6 1 8 11 2 _ 10 0 _ _ 6 _ 
[00279965] 4 | 6 1 8 11 2 _ 10 0 4 _ 6 _ 
[00279966] 3 | 6 1 8 11 2 5 10 0 4 _ 6 _ 
[00279967] 3 | 6 1 8 11 2 _ 10 0 4 7 6 _ 
[00279968] 4 | 6 1 8 11 2 _ 10 0 3 7 6 _ 
[00279969] 3 | 6 1 8 11 2 5 10 0 3 7 6 _ 
[00279970] 4 | 6 1 8 11 2 _ 10 0 5 9 6 _ 
[00279971] 4 | 6 1 8 11 2 _ 10 0 7 3 6 _ 
[00279972] 3 | 6 1 8 11 2 5 10 0 7 3 6 _ 
[00279973] 4 | 6 1 8 11 2 _ 10 0 9 5 6 _ 
[00279974] 5 | _ 1 8 11 2 7 10 0 _ _ 6 _ 
[00279975] 4 | 5 1 8 11 2 7 10 0 _ _ 6 _ 
[00279976] 3 | 5 1 8 11 2 7 10 0 3 _ 6 _ 
[00279977] 2 | 5 1 8 11 2 7 10 0 3 _ 6 4 
[00279978] 3 | 5 1 8 11 2 7 10 0 _ _ 6 3 
[00279979] 3 | 5 1 8 11 2 7 10 0 _ _ 6 9 
[00279980] 4 | _ 1 8 11 2 7 10 0 4 _ 6 _ 
[00279981] 3 | 4 1 8 11 2 7 10 0 4 _ 6 _ 
[00279982] 3 | _ 1 8 11 2 7 10 0 4 1 6 _ 
[00279983] 3 | _ 1 8 11 2 7 10 0 4 _ 6 3 
[00279984] 3 | _ 1 8 11 2 7 10 0 4 _ 6 9 
[00279985] 2 | 3 1 8 11 2 7 10 0 4 _ 6 9 
[00279986] 1 | 3 1 8 11 2 7 10 0 4 5 6 9  *Graceful*
[00279986] 4 | _ 1 8 11 2 7 10 0 5 9 6 _ 
[00279987] 3 | 4 1 8 11 2 7 10 0 5 9 6 _ 
[00279988] 3 | _ 1 8 11 2 7 10 0 5 9 6 3 
[00279989] 4 | _ 1 8 11 2 7 10 0 9 5 6 _ 
[00279990] 3 | 4 1 8 11 2 7 10 0 9 5 6 _ 
[00279991] 3 | _ 1 8 11 2 7 10 0 9 5 6 3 
[00279992] 5 | _ 1 8 11 2 _ 10 0 5 _ 6 _ 
[00279993] 4 | 5 1 8 11 2 _ 10 0 5 _ 6 _ 
[00279994] 3 | 5 1 8 11 2 _ 10 0 5 _ 6 3 
[00279995] 2 | 5 1 8 11 2 4 10 0 5 _ 6 3 
[00279996] 3 | 5 1 8 11 2 _ 10 0 5 _ 6 9 
[00279997] 2 | 5 1 8 11 2 4 10 0 5 _ 6 9 
[00279998] 4 | _ 1 8 11 2 6 10 0 5 _ 6 _ 
[00279999] 3 | 4 1 8 11 2 6 10 0 5 _ 6 _ 
[00280000] 2 | 4 1 8 11 2 6 10 0 5 3 6 _ 
[00280001] 2 | 4 1 8 11 2 6 10 0 5 7 6 _ 
[00280002] 4 | _ 1 8 11 2 _ 10 0 5 1 6 _ 
[00280003] 3 | _ 1 8 11 2 _ 10 0 5 1 6 3 
[00280004] 2 | _ 1 8 11 2 4 10 0 5 1 6 3 
[00280005] 3 | _ 1 8 11 2 _ 10 0 5 1 6 9 
[00280006] 2 | _ 1 8 11 2 4 10 0 5 1 6 9 
[00280007] 4 | _ 1 8 11 2 _ 10 0 5 9 6 _ 
[00280008] 3 | 4 1 8 11 2 _ 10 0 5 9 6 _ 
[00280009] 3 | _ 1 8 11 2 _ 10 0 5 9 6 3 
[00280010] 2 | _ 1 8 11 2 4 10 0 5 9 6 3 
[00280011] 4 | _ 1 8 11 2 _ 10 0 5 _ 6 2 
[00280012] 3 | 4 1 8 11 2 _ 10 0 5 _ 6 2 
[00280013] 2 | 4 1 8 11 2 _ 10 0 5 3 6 2 
[00280014] 2 | 4 1 8 11 2 _ 10 0 5 7 6 2 
[00280015] 5 | _ 1 8 11 2 _ 10 0 4 9 6 _ 
[00280016] 4 | 5 1 8 11 2 _ 10 0 4 9 6 _ 
[00280017] 3 | 5 1 8 11 2 _ 10 0 4 9 6 3 
[00280018] 4 | _ 1 8 11 2 6 10 0 4 9 6 _ 
[00280019] 4 | _ 1 8 11 2 _ 10 0 4 9 6 2 
[00280020] 5 | _ 1 8 11 2 _ 10 0 9 4 6 _ 
[00280021] 4 | 5 1 8 11 2 _ 10 0 9 4 6 _ 
[00280022] 3 | 5 1 8 11 2 _ 10 0 9 4 6 3 
[00280023] 4 | _ 1 8 11 2 6 10 0 9 4 6 _ 
[00280024] 4 | _ 1 8 11 2 _ 10 0 9 4 6 2 
[00280025] 5 | _ 1 8 11 2 _ 10 0 _ _ 6 1 
[00280026] 4 | _ 1 8 11 2 _ 10 0 4 _ 6 1 
[00280027] 3 | _ 1 8 11 2 5 10 0 4 _ 6 1 
[00280028] 3 | _ 1 8 11 2 _ 10 0 4 7 6 1 
[00280029] 4 | _ 1 8 11 2 _ 10 0 3 7 6 1 
[00280030] 3 | _ 1 8 11 2 5 10 0 3 7 6 1 
[00280031] 4 | _ 1 8 11 2 _ 10 0 5 9 6 1 
[00280032] 4 | _ 1 8 11 2 _ 10 0 7 3 6 1 
[00280033] 3 | _ 1 8 11 2 5 10 0 7 3 6 1 
[00280034] 4 | _ 1 8 11 2 _ 10 0 9 5 6 1 
[00280035] 6 | _ 1 8 11 2 _ 10 0 _ _ 3 9 
[00280036] 5 | 6 1 8 11 2 _ 10 0 _ _ 3 9 
[00280037] 4 | 6 1 8 11 2 _ 10 0 4 _ 3 9 
[00280038] 3 | 6 1 8 11 2 5 10 0 4 _ 3 9 
[00280039] 3 | 6 1 8 11 2 _ 10 0 4 7 3 9 
[00280040] 5 | _ 1 8 11 2 7 10 0 _ _ 3 9 
[00280041] 4 | 5 1 8 11 2 7 10 0 _ _ 3 9 
[00280042] 4 | _ 1 8 11 2 7 10 0 4 _ 3 9 
[00280043] 3 | 4 1 8 11 2 7 10 0 4 _ 3 9 
[00280044] 3 | _ 1 8 11 2 7 10 0 4 1 3 9 
[00280045] 5 | _ 1 8 11 2 _ 10 0 5 _ 3 9 
[00280046] 4 | 5 1 8 11 2 _ 10 0 5 _ 3 9 
[00280047] 4 | _ 1 8 11 2 6 10 0 5 _ 3 9 
[00280048] 3 | 4 1 8 11 2 6 10 0 5 _ 3 9 
[00280049] 2 | 4 1 8 11 2 6 10 0 5 7 3 9 
[00280050] 4 | _ 1 8 11 2 _ 10 0 5 1 3 9 
[00280051] 6 | _ 1 8 11 2 _ 10 0 _ _ 9 3 
[00280052] 5 | 6 1 8 11 2 _ 10 0 _ _ 9 3 
[00280053] 4 | 6 1 8 11 2 _ 10 0 4 _ 9 3 
[00280054] 3 | 6 1 8 11 2 5 10 0 4 _ 9 3 
[00280055] 3 | 6 1 8 11 2 _ 10 0 4 7 9 3 
[00280056] 5 | _ 1 8 11 2 7 10 0 _ _ 9 3 
[00280057] 4 | 5 1 8 11 2 7 10 0 _ _ 9 3 
[00280058] 4 | _ 1 8 11 2 7 10 0 4 _ 9 3 
[00280059] 3 | 4 1 8 11 2 7 10 0 4 _ 9 3 
[00280060] 3 | _ 1 8 11 2 7 10 0 4 1 9 3 
[00280061] 5 | _ 1 8 11 2 _ 10 0 5 _ 9 3 
[00280062] 4 | 5 1 8 11 2 _ 10 0 5 _ 9 3 
[00280063] 4 | _ 1 8 11 2 6 10 0 5 _ 9 3 
[00280064] 3 | 4 1 8 11 2 6 10 0 5 _ 9 3 
[00280065] 2 | 4 1 8 11 2 6 10 0 5 7 9 3 
[00280066] 4 | _ 1 8 11 2 _ 10 0 5 1 9 3 
[00280067] 7 | _ 1 _ 11 2 9 10 0 _ _ _ _ 
[00280068] 6 | 7 1 _ 11 2 9 10 0 _ _ _ _ 
[00280069] 5 | 7 1 6 11 2 9 10 0 _ _ _ _ 
[00280070] 4 | 7 1 6 11 2 9 10 0 4 _ _ _ 
[00280071] 3 | 7 1 6 11 2 9 10 0 4 _ 3 _ 
[00280072] 2 | 7 1 6 11 2 9 10 0 4 _ 3 5 
[00280073] 3 | 7 1 6 11 2 9 10 0 4 _ 5 8 
[00280074] 3 | 7 1 6 11 2 9 10 0 4 _ 8 5 
[00280075] 4 | 7 1 6 11 2 9 10 0 4 8 _ _ 
[00280076] 3 | 7 1 6 11 2 9 10 0 4 8 3 _ 
[00280077] 2 | 7 1 6 11 2 9 10 0 4 8 3 5 
[00280078] 4 | 7 1 6 11 2 9 10 0 8 4 _ _ 
[00280079] 3 | 7 1 6 11 2 9 10 0 8 4 3 _ 
[00280080] 2 | 7 1 6 11 2 9 10 0 8 4 3 5 
[00280081] 4 | 7 1 6 11 2 9 10 0 _ _ 4 _ 
[00280082] 3 | 7 1 6 11 2 9 10 0 3 _ 4 _ 
[00280083] 2 | 7 1 6 11 2 9 10 0 3 5 4 _ 
[00280084] 3 | 7 1 6 11 2 9 10 0 5 8 4 _ 
[00280085] 3 | 7 1 6 11 2 9 10 0 8 5 4 _ 
[00280086] 4 | 7 1 6 11 2 9 10 0 _ _ 4 8 
[00280087] 3 | 7 1 6 11 2 9 10 0 3 _ 4 8 
[00280088] 2 | 7 1 6 11 2 9 10 0 3 5 4 8 
[00280089] 4 | 7 1 6 11 2 9 10 0 _ _ 8 4 
[00280090] 3 | 7 1 6 11 2 9 10 0 3 _ 8 4 
[00280091] 2 | 7 1 6 11 2 9 10 0 3 5 8 4 
[00280092] 5 | 7 1 _ 11 2 9 10 0 5 _ _ _ 
[00280093] 4 | 7 1 5 11 2 9 10 0 5 _ _ _ 
[00280094] 3 | 7 1 5 11 2 9 10 0 5 _ 3 _ 
[00280095] 3 | 7 1 5 11 2 9 10 0 5 _ 3 6 
[00280096] 3 | 7 1 5 11 2 9 10 0 5 _ 6 3 
[00280097] 4 | 7 1 _ 11 2 9 10 0 5 1 _ _ 
[00280098] 3 | 7 1 _ 11 2 9 10 0 5 1 3 _ 
[00280099] 3 | 7 1 _ 11 2 9 10 0 5 1 3 6 
[00280100] 3 | 7 1 _ 11 2 9 10 0 5 1 6 3 
[00280101] 4 | 7 1 _ 11 2 9 10 0 5 _ 4 _ 
[00280102] 3 | 7 1 4 11 2 9 10 0 5 _ 4 _ 
[00280103] 2 | 7 1 4 11 2 9 10 0 5 3 4 _ 
[00280104] 3 | 7 1 _ 11 2 9 10 0 5 8 4 _ 
[00280105] 2 | 7 1 3 11 2 9 10 0 5 8 4 _ 
[00280106] 2 | 7 1 _ 11 2 9 10 0 5 8 4 6 
[00280107] 3 | 7 1 _ 11 2 9 10 0 5 _ 4 1 
[00280108] 2 | 7 1 _ 11 2 9 10 0 5 3 4 1 
[00280109] 4 | 7 1 _ 11 2 9 10 0 5 _ 4 8 
[00280110] 4 | 7 1 _ 11 2 9 10 0 5 _ 8 4 
[00280111] 5 | 7 1 _ 11 2 9 10 0 3 8 _ _ 
[00280112] 4 | 7 1 5 11 2 9 10 0 3 8 _ _ 
[00280113] 4 | 7 1 _ 11 2 9 10 0 3 8 4 _ 
[00280114] 3 | 7 1 4 11 2 9 10 0 3 8 4 _ 
[00280115] 3 | 7 1 _ 11 2 9 10 0 3 8 4 1 
[00280116] 5 | 7 1 _ 11 2 9 10 0 8 3 _ _ 
[00280117] 4 | 7 1 5 11 2 9 10 0 8 3 _ _ 
[00280118] 4 | 7 1 _ 11 2 9 10 0 8 3 4 _ 
[00280119] 3 | 7 1 4 11 2 9 10 0 8 3 4 _ 
[00280120] 3 | 7 1 _ 11 2 9 10 0 8 3 4 1 
[00280121] 5 | 7 1 _ 11 2 9 10 0 _ _ 5 _ 
[00280122] 4 | 7 1 5 11 2 9 10 0 _ _ 5 _ 
[00280123] 3 | 7 1 5 11 2 9 10 0 3 _ 5 _ 
[00280124] 3 | 7 1 5 11 2 9 10 0 3 6 5 _ 
[00280125] 3 | 7 1 5 11 2 9 10 0 6 3 5 _ 
[00280126] 4 | 7 1 _ 11 2 9 10 0 4 _ 5 _ 
[00280127] 3 | 7 1 4 11 2 9 10 0 4 _ 5 _ 
[00280128] 2 | 7 1 4 11 2 9 10 0 4 _ 5 3 
[00280129] 3 | 7 1 _ 11 2 9 10 0 4 1 5 _ 
[00280130] 2 | 7 1 _ 11 2 9 10 0 4 1 5 3 
[00280131] 3 | 7 1 _ 11 2 9 10 0 4 _ 5 8 
[00280132] 2 | 7 1 3 11 2 9 10 0 4 _ 5 8 
[00280133] 2 | 7 1 _ 11 2 9 10 0 4 6 5 8 
[00280134] 4 | 7 1 _ 11 2 9 10 0 4 8 5 _ 
[00280135] 4 | 7 1 _ 11 2 9 10 0 8 4 5 _ 
[00280136] 4 | 7 1 _ 11 2 9 10 0 _ _ 5 1 
[00280137] 3 | 7 1 _ 11 2 9 10 0 3 _ 5 1 
[00280138] 3 | 7 1 _ 11 2 9 10 0 3 6 5 1 
[00280139] 3 | 7 1 _ 11 2 9 10 0 6 3 5 1 
[00280140] 5 | 7 1 _ 11 2 9 10 0 _ _ 3 8 
[00280141] 4 | 7 1 5 11 2 9 10 0 _ _ 3 8 
[00280142] 4 | 7 1 _ 11 2 9 10 0 4 _ 3 8 
[00280143] 3 | 7 1 4 11 2 9 10 0 4 _ 3 8 
[00280144] 3 | 7 1 _ 11 2 9 10 0 4 1 3 8 
[00280145] 5 | 7 1 _ 11 2 9 10 0 _ _ 8 3 
[00280146] 4 | 7 1 5 11 2 9 10 0 _ _ 8 3 
[00280147] 4 | 7 1 _ 11 2 9 10 0 4 _ 8 3 
[00280148] 3 | 7 1 4 11 2 9 10 0 4 _ 8 3 
[00280149] 3 | 7 1 _ 11 2 9 10 0 4 1 8 3 
[00280150] 6 | _ 1 7 11 2 9 10 0 _ _ _ _ 
[00280151] 5 | 6 1 7 11 2 9 10 0 _ _ _ _ 
[00280152] 4 | 6 1 7 11 2 9 10 0 4 _ _ _ 
[00280153] 3 | 6 1 7 11 2 9 10 0 4 _ 3 _ 
[00280154] 2 | 6 1 7 11 2 9 10 0 4 _ 3 5 
[00280155] 3 | 6 1 7 11 2 9 10 0 4 _ 5 8 
[00280156] 3 | 6 1 7 11 2 9 10 0 4 _ 8 5 
[00280157] 4 | 6 1 7 11 2 9 10 0 4 8 _ _ 
[00280158] 3 | 6 1 7 11 2 9 10 0 4 8 3 _ 
[00280159] 2 | 6 1 7 11 2 9 10 0 4 8 3 5 
[00280160] 4 | 6 1 7 11 2 9 10 0 8 4 _ _ 
[00280161] 3 | 6 1 7 11 2 9 10 0 8 4 3 _ 
[00280162] 2 | 6 1 7 11 2 9 10 0 8 4 3 5 
[00280163] 4 | 6 1 7 11 2 9 10 0 _ _ 4 _ 
[00280164] 3 | 6 1 7 11 2 9 10 0 3 _ 4 _ 
[00280165] 2 | 6 1 7 11 2 9 10 0 3 5 4 _ 
[00280166] 3 | 6 1 7 11 2 9 10 0 5 8 4 _ 
[00280167] 3 | 6 1 7 11 2 9 10 0 8 5 4 _ 
[00280168] 4 | 6 1 7 11 2 9 10 0 _ _ 4 8 
[00280169] 3 | 6 1 7 11 2 9 10 0 3 _ 4 8 
[00280170] 2 | 6 1 7 11 2 9 10 0 3 5 4 8 
[00280171] 4 | 6 1 7 11 2 9 10 0 _ _ 8 4 
[00280172] 3 | 6 1 7 11 2 9 10 0 3 _ 8 4 
[00280173] 2 | 6 1 7 11 2 9 10 0 3 5 8 4 
[00280174] 5 | _ 1 7 11 2 9 10 0 5 _ _ _ 
[00280175] 4 | 5 1 7 11 2 9 10 0 5 _ _ _ 
[00280176] 3 | 5 1 7 11 2 9 10 0 5 _ 3 _ 
[00280177] 3 | 5 1 7 11 2 9 10 0 5 _ 3 6 
[00280178] 3 | 5 1 7 11 2 9 10 0 5 _ 6 3 
[00280179] 4 | _ 1 7 11 2 9 10 0 5 1 _ _ 
[00280180] 3 | _ 1 7 11 2 9 10 0 5 1 3 _ 
[00280181] 3 | _ 1 7 11 2 9 10 0 5 1 3 6 
[00280182] 3 | _ 1 7 11 2 9 10 0 5 1 6 3 
[00280183] 4 | _ 1 7 11 2 9 10 0 5 _ 4 _ 
[00280184] 3 | 4 1 7 11 2 9 10 0 5 _ 4 _ 
[00280185] 2 | 4 1 7 11 2 9 10 0 5 3 4 _ 
[00280186] 3 | _ 1 7 11 2 9 10 0 5 8 4 _ 
[00280187] 2 | 3 1 7 11 2 9 10 0 5 8 4 _ 
[00280188] 2 | _ 1 7 11 2 9 10 0 5 8 4 6 
[00280189] 3 | _ 1 7 11 2 9 10 0 5 _ 4 1 
[00280190] 2 | _ 1 7 11 2 9 10 0 5 3 4 1 
[00280191] 4 | _ 1 7 11 2 9 10 0 5 _ 4 8 
[00280192] 4 | _ 1 7 11 2 9 10 0 5 _ 8 4 
[00280193] 5 | _ 1 7 11 2 9 10 0 3 8 _ _ 
[00280194] 4 | 5 1 7 11 2 9 10 0 3 8 _ _ 
[00280195] 4 | _ 1 7 11 2 9 10 0 3 8 4 _ 
[00280196] 3 | 4 1 7 11 2 9 10 0 3 8 4 _ 
[00280197] 3 | _ 1 7 11 2 9 10 0 3 8 4 1 
[00280198] 5 | _ 1 7 11 2 9 10 0 8 3 _ _ 
[00280199] 4 | 5 1 7 11 2 9 10 0 8 3 _ _ 
[00280200] 4 | _ 1 7 11 2 9 10 0 8 3 4 _ 
[00280201] 3 | 4 1 7 11 2 9 10 0 8 3 4 _ 
[00280202] 3 | _ 1 7 11 2 9 10 0 8 3 4 1 
[00280203] 5 | _ 1 7 11 2 9 10 0 _ _ 5 _ 
[00280204] 4 | 5 1 7 11 2 9 10 0 _ _ 5 _ 
[00280205] 3 | 5 1 7 11 2 9 10 0 3 _ 5 _ 
[00280206] 3 | 5 1 7 11 2 9 10 0 3 6 5 _ 
[00280207] 3 | 5 1 7 11 2 9 10 0 6 3 5 _ 
[00280208] 4 | _ 1 7 11 2 9 10 0 4 _ 5 _ 
[00280209] 3 | 4 1 7 11 2 9 10 0 4 _ 5 _ 
[00280210] 2 | 4 1 7 11 2 9 10 0 4 _ 5 3 
[00280211] 3 | _ 1 7 11 2 9 10 0 4 1 5 _ 
[00280212] 2 | _ 1 7 11 2 9 10 0 4 1 5 3 
[00280213] 3 | _ 1 7 11 2 9 10 0 4 _ 5 8 
[00280214] 2 | 3 1 7 11 2 9 10 0 4 _ 5 8 
[00280215] 2 | _ 1 7 11 2 9 10 0 4 6 5 8 
[00280216] 4 | _ 1 7 11 2 9 10 0 4 8 5 _ 
[00280217] 4 | _ 1 7 11 2 9 10 0 8 4 5 _ 
[00280218] 4 | _ 1 7 11 2 9 10 0 _ _ 5 1 
[00280219] 3 | _ 1 7 11 2 9 10 0 3 _ 5 1 
[00280220] 3 | _ 1 7 11 2 9 10 0 3 6 5 1 
[00280221] 3 | _ 1 7 11 2 9 10 0 6 3 5 1 
[00280222] 5 | _ 1 7 11 2 9 10 0 _ _ 3 8 
[00280223] 4 | 5 1 7 11 2 9 10 0 _ _ 3 8 
[00280224] 4 | _ 1 7 11 2 9 10 0 4 _ 3 8 
[00280225] 3 | 4 1 7 11 2 9 10 0 4 _ 3 8 
[00280226] 3 | _ 1 7 11 2 9 10 0 4 1 3 8 
[00280227] 5 | _ 1 7 11 2 9 10 0 _ _ 8 3 
[00280228] 4 | 5 1 7 11 2 9 10 0 _ _ 8 3 
[00280229] 4 | _ 1 7 11 2 9 10 0 4 _ 8 3 
[00280230] 3 | 4 1 7 11 2 9 10 0 4 _ 8 3 
[00280231] 3 | _ 1 7 11 2 9 10 0 4 1 8 3 
[00280232] 6 | _ 1 _ 11 2 9 10 0 6 _ _ _ 
[00280233] 5 | 6 1 _ 11 2 9 10 0 6 _ _ _ 
[00280234] 4 | 6 1 5 11 2 9 10 0 6 _ _ _ 
[00280235] 3 | 6 1 5 11 2 9 10 0 6 _ 3 _ 
[00280236] 3 | 6 1 5 11 2 9 10 0 6 _ 4 7 
[00280237] 3 | 6 1 5 11 2 9 10 0 6 _ 7 4 
[00280238] 4 | 6 1 _ 11 2 9 10 0 6 _ 4 _ 
[00280239] 3 | 6 1 4 11 2 9 10 0 6 _ 4 _ 
[00280240] 3 | 6 1 _ 11 2 9 10 0 6 _ 4 1 
[00280241] 3 | 6 1 _ 11 2 9 10 0 6 _ 4 7 
[00280242] 2 | 6 1 3 11 2 9 10 0 6 _ 4 7 
[00280243] 4 | 6 1 _ 11 2 9 10 0 6 _ 3 7 
[00280244] 3 | 6 1 4 11 2 9 10 0 6 _ 3 7 
[00280245] 4 | 6 1 _ 11 2 9 10 0 6 _ 4 8 
[00280246] 4 | 6 1 _ 11 2 9 10 0 6 _ 7 3 
[00280247] 3 | 6 1 4 11 2 9 10 0 6 _ 7 3 
[00280248] 4 | 6 1 _ 11 2 9 10 0 6 _ 8 4 
[00280249] 5 | _ 1 6 11 2 9 10 0 6 _ _ _ 
[00280250] 4 | 5 1 6 11 2 9 10 0 6 _ _ _ 
[00280251] 3 | 5 1 6 11 2 9 10 0 6 _ 3 _ 
[00280252] 3 | 5 1 6 11 2 9 10 0 6 _ 4 7 
[00280253] 3 | 5 1 6 11 2 9 10 0 6 _ 7 4 
[00280254] 4 | _ 1 6 11 2 9 10 0 6 _ 4 _ 
[00280255] 3 | 4 1 6 11 2 9 10 0 6 _ 4 _ 
[00280256] 3 | _ 1 6 11 2 9 10 0 6 _ 4 1 
[00280257] 3 | _ 1 6 11 2 9 10 0 6 _ 4 7 
[00280258] 2 | 3 1 6 11 2 9 10 0 6 _ 4 7 
[00280259] 4 | _ 1 6 11 2 9 10 0 6 _ 3 7 
[00280260] 3 | 4 1 6 11 2 9 10 0 6 _ 3 7 
[00280261] 4 | _ 1 6 11 2 9 10 0 6 _ 4 8 
[00280262] 4 | _ 1 6 11 2 9 10 0 6 _ 7 3 
[00280263] 3 | 4 1 6 11 2 9 10 0 6 _ 7 3 
[00280264] 4 | _ 1 6 11 2 9 10 0 6 _ 8 4 
[00280265] 5 | _ 1 _ 11 2 9 10 0 6 1 _ _ 
[00280266] 4 | _ 1 _ 11 2 9 10 0 6 1 4 _ 
[00280267] 3 | _ 1 _ 11 2 9 10 0 6 1 4 7 
[00280268] 4 | _ 1 _ 11 2 9 10 0 6 1 3 7 
[00280269] 4 | _ 1 _ 11 2 9 10 0 6 1 4 8 
[00280270] 4 | _ 1 _ 11 2 9 10 0 6 1 7 3 
[00280271] 4 | _ 1 _ 11 2 9 10 0 6 1 8 4 
[00280272] 5 | _ 1 _ 11 2 9 10 0 6 _ 5 _ 
[00280273] 4 | 5 1 _ 11 2 9 10 0 6 _ 5 _ 
[00280274] 3 | 5 1 4 11 2 9 10 0 6 _ 5 _ 
[00280275] 2 | 5 1 4 11 2 9 10 0 6 8 5 _ 
[00280276] 3 | 5 1 _ 11 2 9 10 0 6 3 5 _ 
[00280277] 4 | _ 1 5 11 2 9 10 0 6 _ 5 _ 
[00280278] 3 | 4 1 5 11 2 9 10 0 6 _ 5 _ 
[00280279] 2 | 4 1 5 11 2 9 10 0 6 8 5 _ 
[00280280] 3 | _ 1 5 11 2 9 10 0 6 3 5 _ 
[00280281] 4 | _ 1 _ 11 2 9 10 0 6 _ 5 1 
[00280282] 3 | _ 1 _ 11 2 9 10 0 6 3 5 1 
[00280283] 5 | _ 1 _ 11 2 9 10 0 6 _ 3 8 
[00280284] 4 | 5 1 _ 11 2 9 10 0 6 _ 3 8 
[00280285] 3 | 5 1 4 11 2 9 10 0 6 _ 3 8 
[00280286] 4 | _ 1 5 11 2 9 10 0 6 _ 3 8 
[00280287] 3 | 4 1 5 11 2 9 10 0 6 _ 3 8 
[00280288] 5 | _ 1 _ 11 2 9 10 0 6 _ 8 3 
[00280289] 4 | 5 1 _ 11 2 9 10 0 6 _ 8 3 
[00280290] 3 | 5 1 4 11 2 9 10 0 6 _ 8 3 
[00280291] 4 | _ 1 5 11 2 9 10 0 6 _ 8 3 
[00280292] 3 | 4 1 5 11 2 9 10 0 6 _ 8 3 
[00280293] 6 | _ 1 _ 11 2 9 10 0 _ _ 6 _ 
[00280294] 5 | 6 1 _ 11 2 9 10 0 _ _ 6 _ 
[00280295] 4 | 6 1 5 11 2 9 10 0 _ _ 6 _ 
[00280296] 3 | 6 1 5 11 2 9 10 0 3 _ 6 _ 
[00280297] 3 | 6 1 5 11 2 9 10 0 4 7 6 _ 
[00280298] 3 | 6 1 5 11 2 9 10 0 7 4 6 _ 
[00280299] 4 | 6 1 _ 11 2 9 10 0 4 _ 6 _ 
[00280300] 3 | 6 1 4 11 2 9 10 0 4 _ 6 _ 
[00280301] 3 | 6 1 _ 11 2 9 10 0 4 1 6 _ 
[00280302] 3 | 6 1 _ 11 2 9 10 0 4 7 6 _ 
[00280303] 2 | 6 1 3 11 2 9 10 0 4 7 6 _ 
[00280304] 4 | 6 1 _ 11 2 9 10 0 3 7 6 _ 
[00280305] 3 | 6 1 4 11 2 9 10 0 3 7 6 _ 
[00280306] 4 | 6 1 _ 11 2 9 10 0 4 8 6 _ 
[00280307] 4 | 6 1 _ 11 2 9 10 0 7 3 6 _ 
[00280308] 3 | 6 1 4 11 2 9 10 0 7 3 6 _ 
[00280309] 4 | 6 1 _ 11 2 9 10 0 8 4 6 _ 
[00280310] 5 | _ 1 6 11 2 9 10 0 _ _ 6 _ 
[00280311] 4 | 5 1 6 11 2 9 10 0 _ _ 6 _ 
[00280312] 3 | 5 1 6 11 2 9 10 0 3 _ 6 _ 
[00280313] 3 | 5 1 6 11 2 9 10 0 4 7 6 _ 
[00280314] 3 | 5 1 6 11 2 9 10 0 7 4 6 _ 
[00280315] 4 | _ 1 6 11 2 9 10 0 4 _ 6 _ 
[00280316] 3 | 4 1 6 11 2 9 10 0 4 _ 6 _ 
[00280317] 3 | _ 1 6 11 2 9 10 0 4 1 6 _ 
[00280318] 3 | _ 1 6 11 2 9 10 0 4 7 6 _ 
[00280319] 2 | 3 1 6 11 2 9 10 0 4 7 6 _ 
[00280320] 4 | _ 1 6 11 2 9 10 0 3 7 6 _ 
[00280321] 3 | 4 1 6 11 2 9 10 0 3 7 6 _ 
[00280322] 4 | _ 1 6 11 2 9 10 0 4 8 6 _ 
[00280323] 4 | _ 1 6 11 2 9 10 0 7 3 6 _ 
[00280324] 3 | 4 1 6 11 2 9 10 0 7 3 6 _ 
[00280325] 4 | _ 1 6 11 2 9 10 0 8 4 6 _ 
[00280326] 5 | _ 1 _ 11 2 9 10 0 5 _ 6 _ 
[00280327] 4 | 5 1 _ 11 2 9 10 0 5 _ 6 _ 
[00280328] 3 | 5 1 4 11 2 9 10 0 5 _ 6 _ 
[00280329] 2 | 5 1 4 11 2 9 10 0 5 _ 6 8 
[00280330] 3 | 5 1 _ 11 2 9 10 0 5 _ 6 3 
[00280331] 4 | _ 1 5 11 2 9 10 0 5 _ 6 _ 
[00280332] 3 | 4 1 5 11 2 9 10 0 5 _ 6 _ 
[00280333] 2 | 4 1 5 11 2 9 10 0 5 _ 6 8 
[00280334] 3 | _ 1 5 11 2 9 10 0 5 _ 6 3 
[00280335] 4 | _ 1 _ 11 2 9 10 0 5 1 6 _ 
[00280336] 3 | _ 1 _ 11 2 9 10 0 5 1 6 3 
[00280337] 5 | _ 1 _ 11 2 9 10 0 3 8 6 _ 
[00280338] 4 | 5 1 _ 11 2 9 10 0 3 8 6 _ 
[00280339] 3 | 5 1 4 11 2 9 10 0 3 8 6 _ 
[00280340] 4 | _ 1 5 11 2 9 10 0 3 8 6 _ 
[00280341] 3 | 4 1 5 11 2 9 10 0 3 8 6 _ 
[00280342] 5 | _ 1 _ 11 2 9 10 0 8 3 6 _ 
[00280343] 4 | 5 1 _ 11 2 9 10 0 8 3 6 _ 
[00280344] 3 | 5 1 4 11 2 9 10 0 8 3 6 _ 
[00280345] 4 | _ 1 5 11 2 9 10 0 8 3 6 _ 
[00280346] 3 | 4 1 5 11 2 9 10 0 8 3 6 _ 
[00280347] 5 | _ 1 _ 11 2 9 10 0 _ _ 6 1 
[00280348] 4 | _ 1 _ 11 2 9 10 0 4 _ 6 1 
[00280349] 3 | _ 1 _ 11 2 9 10 0 4 7 6 1 
[00280350] 4 | _ 1 _ 11 2 9 10 0 3 7 6 1 
[00280351] 4 | _ 1 _ 11 2 9 10 0 4 8 6 1 
[00280352] 4 | _ 1 _ 11 2 9 10 0 7 3 6 1 
[00280353] 4 | _ 1 _ 11 2 9 10 0 8 4 6 1 
[00280354] 7 | _ 1 _ 11 2 _ 10 0 7 _ _ _ 
[00280355] 6 | 7 1 _ 11 2 _ 10 0 7 _ _ _ 
[00280356] 5 | 7 1 6 11 2 _ 10 0 7 _ _ _ 
[00280357] 4 | 7 1 6 11 2 _ 10 0 7 _ 4 _ 
[00280358] 3 | 7 1 6 11 2 5 10 0 7 _ 4 _ 
[00280359] 4 | 7 1 6 11 2 _ 10 0 7 _ 4 8 
[00280360] 3 | 7 1 6 11 2 5 10 0 7 _ 4 8 
[00280361] 4 | 7 1 6 11 2 _ 10 0 7 _ 5 9 
[00280362] 4 | 7 1 6 11 2 _ 10 0 7 _ 8 4 
[00280363] 3 | 7 1 6 11 2 5 10 0 7 _ 8 4 
[00280364] 4 | 7 1 6 11 2 _ 10 0 7 _ 9 5 
[00280365] 5 | 7 1 _ 11 2 _ 10 0 7 _ 5 _ 
[00280366] 4 | 7 1 5 11 2 _ 10 0 7 _ 5 _ 
[00280367] 4 | 7 1 _ 11 2 6 10 0 7 _ 5 _ 
[00280368] 3 | 7 1 4 11 2 6 10 0 7 _ 5 _ 
[00280369] 2 | 7 1 4 11 2 6 10 0 7 _ 5 3 
[00280370] 3 | 7 1 _ 11 2 6 10 0 7 _ 5 8 
[00280371] 2 | 7 1 3 11 2 6 10 0 7 _ 5 8 
[00280372] 4 | 7 1 _ 11 2 _ 10 0 7 _ 5 1 
[00280373] 4 | 7 1 _ 11 2 _ 10 0 7 _ 5 9 
[00280374] 3 | 7 1 4 11 2 _ 10 0 7 _ 5 9 
[00280375] 5 | 7 1 _ 11 2 _ 10 0 7 _ 3 8 
[00280376] 4 | 7 1 5 11 2 _ 10 0 7 _ 3 8 
[00280377] 4 | 7 1 _ 11 2 6 10 0 7 _ 3 8 
