[00343582] 2 | 2 10 6 9 3 8 5 0 11 1 7 4 
[00343583] 1 | 2 10 6 9 3 8 5 0 11 1 7 4  *Graceful*
[00343583] 4 | 2 10 _ 9 3 8 7 0 11 1 7 _ 
[00343584] 4 | 2 10 _ 9 3 8 _ 0 11 1 7 3 
[00343585] 5 | 2 10 _ 9 3 _ 8 0 11 1 7 _ 
[00343586] 4 | 2 10 6 9 3 _ 8 0 11 1 7 _ 
[00343587] 3 | 2 10 6 9 3 _ 8 0 11 1 7 4 
[00343588] 2 | 2 10 6 9 3 5 8 0 11 1 7 4 
[00343589] 1 | 2 10 6 9 3 5 8 0 11 1 7 4  *Graceful*
[00343589] 4 | 2 10 _ 9 3 7 8 0 11 1 7 _ 
[00343590] 4 | 2 10 _ 9 3 _ 8 0 11 1 7 3 
[00343591] 8 | 10 2 _ 9 _ _ _ 0 11 1 _ _ 
[00343592] 7 | 10 2 9 9 _ _ _ 0 11 1 _ _ 
[00343593] 6 | 10 2 9 9 _ _ _ 0 11 1 6 _ 
[00343594] 5 | 10 2 9 9 3 8 _ 0 11 1 6 _ 
[00343595] 4 | 10 2 9 9 3 8 7 0 11 1 6 _ 
[00343596] 5 | 10 2 9 9 8 3 _ 0 11 1 6 _ 
[00343597] 4 | 10 2 9 9 8 3 4 0 11 1 6 _ 
[00343598] 5 | 10 2 9 9 3 _ 8 0 11 1 6 _ 
[00343599] 4 | 10 2 9 9 3 7 8 0 11 1 6 _ 
[00343600] 5 | 10 2 9 9 8 _ 3 0 11 1 6 _ 
[00343601] 4 | 10 2 9 9 8 4 3 0 11 1 6 _ 
[00343602] 7 | 10 2 _ 9 2 _ _ 0 11 1 _ _ 
[00343603] 6 | 10 2 8 9 2 _ _ 0 11 1 _ _ 
[00343604] 5 | 10 2 8 9 2 _ _ 0 11 1 5 _ 
[00343605] 6 | 10 2 _ 9 2 8 _ 0 11 1 _ _ 
[00343606] 5 | 10 2 7 9 2 8 _ 0 11 1 _ _ 
[00343607] 4 | 10 2 7 9 2 8 _ 0 11 1 4 _ 
[00343608] 5 | 10 2 _ 9 2 8 7 0 11 1 _ _ 
[00343609] 4 | 10 2 _ 9 2 8 7 0 11 1 4 _ 
[00343610] 5 | 10 2 _ 9 2 8 _ 0 11 1 5 _ 
[00343611] 4 | 10 2 6 9 2 8 _ 0 11 1 5 _ 
[00343612] 4 | 10 2 _ 9 2 8 6 0 11 1 5 _ 
[00343613] 6 | 10 2 _ 9 2 _ 8 0 11 1 _ _ 
[00343614] 5 | 10 2 7 9 2 _ 8 0 11 1 _ _ 
[00343615] 4 | 10 2 7 9 2 _ 8 0 11 1 4 _ 
[00343616] 5 | 10 2 _ 9 2 7 8 0 11 1 _ _ 
[00343617] 4 | 10 2 _ 9 2 7 8 0 11 1 4 _ 
[00343618] 5 | 10 2 _ 9 2 _ 8 0 11 1 5 _ 
[00343619] 4 | 10 2 6 9 2 _ 8 0 11 1 5 _ 
[00343620] 4 | 10 2 _ 9 2 6 8 0 11 1 5 _ 
[00343621] 6 | 10 2 _ 9 2 _ _ 0 11 1 6 _ 
[00343622] 5 | 10 2 7 9 2 _ _ 0 11 1 6 _ 
[00343623] 5 | 10 2 _ 9 2 7 _ 0 11 1 6 _ 
[00343624] 4 | 10 2 6 9 2 7 _ 0 11 1 6 _ 
[00343625] 4 | 10 2 _ 9 2 7 6 0 11 1 6 _ 
[00343626] 4 | 10 2 _ 9 2 7 _ 0 11 1 6 2 
[00343627] 5 | 10 2 _ 9 2 _ 7 0 11 1 6 _ 
[00343628] 4 | 10 2 6 9 2 _ 7 0 11 1 6 _ 
[00343629] 4 | 10 2 _ 9 2 6 7 0 11 1 6 _ 
[00343630] 4 | 10 2 _ 9 2 _ 7 0 11 1 6 2 
[00343631] 7 | 10 2 _ 9 _ _ _ 0 11 1 7 _ 
[00343632] 6 | 10 2 8 9 _ _ _ 0 11 1 7 _ 
[00343633] 5 | 10 2 8 9 4 _ _ 0 11 1 7 _ 
[00343634] 4 | 10 2 8 9 4 _ _ 0 11 1 7 3 
[00343635] 6 | 10 2 _ 9 3 _ _ 0 11 1 7 _ 
[00343636] 5 | 10 2 7 9 3 _ _ 0 11 1 7 _ 
[00343637] 5 | 10 2 _ 9 3 8 _ 0 11 1 7 _ 
[00343638] 4 | 10 2 6 9 3 8 _ 0 11 1 7 _ 
[00343639] 3 | 10 2 6 9 3 8 _ 0 11 1 7 4 
[00343640] 2 | 10 2 6 9 3 8 5 0 11 1 7 4 
[00343641] 4 | 10 2 _ 9 3 8 7 0 11 1 7 _ 
[00343642] 3 | 10 2 5 9 3 8 7 0 11 1 7 _ 
[00343643] 4 | 10 2 _ 9 3 8 _ 0 11 1 7 3 
[00343644] 3 | 10 2 5 9 3 8 _ 0 11 1 7 3 
[00343645] 5 | 10 2 _ 9 3 _ 8 0 11 1 7 _ 
[00343646] 4 | 10 2 6 9 3 _ 8 0 11 1 7 _ 
[00343647] 3 | 10 2 6 9 3 _ 8 0 11 1 7 4 
[00343648] 2 | 10 2 6 9 3 5 8 0 11 1 7 4 
[00343649] 4 | 10 2 _ 9 3 7 8 0 11 1 7 _ 
[00343650] 3 | 10 2 5 9 3 7 8 0 11 1 7 _ 
[00343651] 4 | 10 2 _ 9 3 _ 8 0 11 1 7 3 
[00343652] 3 | 10 2 5 9 3 _ 8 0 11 1 7 3 
[00343653] 5 | 10 2 _ 9 3 _ _ 0 11 1 7 2 
[00343654] 8 | _ 2 10 9 _ _ _ 0 11 1 _ _ 
[00343655] 7 | 9 2 10 9 _ _ _ 0 11 1 _ _ 
[00343656] 6 | 9 2 10 9 _ _ _ 0 11 1 6 _ 
[00343657] 5 | 9 2 10 9 3 8 _ 0 11 1 6 _ 
[00343658] 4 | 9 2 10 9 3 8 7 0 11 1 6 _ 
[00343659] 5 | 9 2 10 9 8 3 _ 0 11 1 6 _ 
[00343660] 4 | 9 2 10 9 8 3 4 0 11 1 6 _ 
[00343661] 5 | 9 2 10 9 3 _ 8 0 11 1 6 _ 
[00343662] 4 | 9 2 10 9 3 7 8 0 11 1 6 _ 
[00343663] 5 | 9 2 10 9 8 _ 3 0 11 1 6 _ 
[00343664] 4 | 9 2 10 9 8 4 3 0 11 1 6 _ 
[00343665] 7 | _ 2 10 9 2 _ _ 0 11 1 _ _ 
[00343666] 6 | 8 2 10 9 2 _ _ 0 11 1 _ _ 
[00343667] 5 | 8 2 10 9 2 _ _ 0 11 1 5 _ 
[00343668] 6 | _ 2 10 9 2 8 _ 0 11 1 _ _ 
[00343669] 5 | 7 2 10 9 2 8 _ 0 11 1 _ _ 
[00343670] 4 | 7 2 10 9 2 8 _ 0 11 1 4 _ 
[00343671] 5 | _ 2 10 9 2 8 7 0 11 1 _ _ 
[00343672] 4 | _ 2 10 9 2 8 7 0 11 1 4 _ 
[00343673] 5 | _ 2 10 9 2 8 _ 0 11 1 5 _ 
[00343674] 4 | 6 2 10 9 2 8 _ 0 11 1 5 _ 
[00343675] 4 | _ 2 10 9 2 8 6 0 11 1 5 _ 
[00343676] 6 | _ 2 10 9 2 _ 8 0 11 1 _ _ 
[00343677] 5 | 7 2 10 9 2 _ 8 0 11 1 _ _ 
[00343678] 4 | 7 2 10 9 2 _ 8 0 11 1 4 _ 
[00343679] 5 | _ 2 10 9 2 7 8 0 11 1 _ _ 
[00343680] 4 | _ 2 10 9 2 7 8 0 11 1 4 _ 
[00343681] 5 | _ 2 10 9 2 _ 8 0 11 1 5 _ 
[00343682] 4 | 6 2 10 9 2 _ 8 0 11 1 5 _ 
[00343683] 4 | _ 2 10 9 2 6 8 0 11 1 5 _ 
[00343684] 6 | _ 2 10 9 2 _ _ 0 11 1 6 _ 
[00343685] 5 | 7 2 10 9 2 _ _ 0 11 1 6 _ 
[00343686] 5 | _ 2 10 9 2 7 _ 0 11 1 6 _ 
[00343687] 4 | 6 2 10 9 2 7 _ 0 11 1 6 _ 
[00343688] 4 | _ 2 10 9 2 7 6 0 11 1 6 _ 
[00343689] 4 | _ 2 10 9 2 7 _ 0 11 1 6 2 
[00343690] 5 | _ 2 10 9 2 _ 7 0 11 1 6 _ 
[00343691] 4 | 6 2 10 9 2 _ 7 0 11 1 6 _ 
[00343692] 4 | _ 2 10 9 2 6 7 0 11 1 6 _ 
[00343693] 4 | _ 2 10 9 2 _ 7 0 11 1 6 2 
[00343694] 7 | _ 2 10 9 _ _ _ 0 11 1 7 _ 
[00343695] 6 | 8 2 10 9 _ _ _ 0 11 1 7 _ 
[00343696] 5 | 8 2 10 9 4 _ _ 0 11 1 7 _ 
[00343697] 4 | 8 2 10 9 4 _ _ 0 11 1 7 3 
[00343698] 6 | _ 2 10 9 3 _ _ 0 11 1 7 _ 
[00343699] 5 | 7 2 10 9 3 _ _ 0 11 1 7 _ 
[00343700] 5 | _ 2 10 9 3 8 _ 0 11 1 7 _ 
[00343701] 4 | 6 2 10 9 3 8 _ 0 11 1 7 _ 
[00343702] 3 | 6 2 10 9 3 8 _ 0 11 1 7 4 
[00343703] 2 | 6 2 10 9 3 8 5 0 11 1 7 4 
[00343704] 4 | _ 2 10 9 3 8 7 0 11 1 7 _ 
[00343705] 3 | 5 2 10 9 3 8 7 0 11 1 7 _ 
[00343706] 4 | _ 2 10 9 3 8 _ 0 11 1 7 3 
[00343707] 3 | 5 2 10 9 3 8 _ 0 11 1 7 3 
[00343708] 5 | _ 2 10 9 3 _ 8 0 11 1 7 _ 
[00343709] 4 | 6 2 10 9 3 _ 8 0 11 1 7 _ 
[00343710] 3 | 6 2 10 9 3 _ 8 0 11 1 7 4 
[00343711] 2 | 6 2 10 9 3 5 8 0 11 1 7 4 
[00343712] 4 | _ 2 10 9 3 7 8 0 11 1 7 _ 
[00343713] 3 | 5 2 10 9 3 7 8 0 11 1 7 _ 
[00343714] 4 | _ 2 10 9 3 _ 8 0 11 1 7 3 
[00343715] 3 | 5 2 10 9 3 _ 8 0 11 1 7 3 
[00343716] 5 | _ 2 10 9 3 _ _ 0 11 1 7 2 
[00343717] 8 | _ 10 2 9 _ _ _ 0 11 1 _ _ 
[00343718] 7 | 3 10 2 9 _ _ _ 0 11 1 _ _ 
[00343719] 6 | 3 10 2 9 _ _ _ 0 11 1 6 _ 
[00343720] 5 | 3 10 2 9 4 _ _ 0 11 1 6 _ 
[00343721] 4 | 3 10 2 9 4 8 _ 0 11 1 6 _ 
[00343722] 3 | 3 10 2 9 4 8 7 0 11 1 6 _ 
[00343723] 4 | 3 10 2 9 4 _ 8 0 11 1 6 _ 
[00343724] 3 | 3 10 2 9 4 7 8 0 11 1 6 _ 
[00343725] 7 | _ 10 2 9 _ _ _ 0 11 1 7 _ 
[00343726] 6 | 4 10 2 9 _ _ _ 0 11 1 7 _ 
[00343727] 5 | 4 10 2 9 3 8 _ 0 11 1 7 _ 
[00343728] 4 | 4 10 2 9 3 8 7 0 11 1 7 _ 
[00343729] 4 | 4 10 2 9 3 8 _ 0 11 1 7 3 
[00343730] 5 | 4 10 2 9 8 3 _ 0 11 1 7 _ 
[00343731] 5 | 4 10 2 9 3 _ 8 0 11 1 7 _ 
[00343732] 4 | 4 10 2 9 3 7 8 0 11 1 7 _ 
[00343733] 4 | 4 10 2 9 3 _ 8 0 11 1 7 3 
[00343734] 5 | 4 10 2 9 8 _ 3 0 11 1 7 _ 
[00343735] 6 | _ 10 2 9 3 _ _ 0 11 1 7 _ 
[00343736] 5 | 5 10 2 9 3 _ _ 0 11 1 7 _ 
[00343737] 4 | 5 10 2 9 3 7 _ 0 11 1 7 _ 
[00343738] 3 | 5 10 2 9 3 7 6 0 11 1 7 _ 
[00343739] 4 | 5 10 2 9 3 _ 7 0 11 1 7 _ 
[00343740] 3 | 5 10 2 9 3 6 7 0 11 1 7 _ 
[00343741] 4 | 5 10 2 9 3 _ _ 0 11 1 7 3 
[00343742] 5 | _ 10 2 9 3 8 _ 0 11 1 7 _ 
[00343743] 4 | 6 10 2 9 3 8 _ 0 11 1 7 _ 
[00343744] 3 | 6 10 2 9 3 8 _ 0 11 1 7 4 
[00343745] 2 | 6 10 2 9 3 8 5 0 11 1 7 4 
[00343746] 1 | 6 10 2 9 3 8 5 0 11 1 7 4  *Graceful*
[00343746] 4 | _ 10 2 9 3 8 7 0 11 1 7 _ 
[00343747] 4 | _ 10 2 9 3 8 _ 0 11 1 7 3 
[00343748] 5 | _ 10 2 9 3 _ 8 0 11 1 7 _ 
[00343749] 4 | 6 10 2 9 3 _ 8 0 11 1 7 _ 
[00343750] 3 | 6 10 2 9 3 _ 8 0 11 1 7 4 
[00343751] 2 | 6 10 2 9 3 5 8 0 11 1 7 4 
[00343752] 1 | 6 10 2 9 3 5 8 0 11 1 7 4  *Graceful*
[00343752] 4 | _ 10 2 9 3 7 8 0 11 1 7 _ 
[00343753] 4 | _ 10 2 9 3 _ 8 0 11 1 7 3 
[00343754] 8 | _ _ _ 9 2 10 _ 0 11 1 _ _ 
[00343755] 7 | _ 2 _ 9 2 10 _ 0 11 1 _ _ 
[00343756] 6 | 8 2 _ 9 2 10 _ 0 11 1 _ _ 
[00343757] 5 | 8 2 7 9 2 10 _ 0 11 1 _ _ 
[00343758] 4 | 8 2 7 9 2 10 _ 0 11 1 4 _ 
[00343759] 5 | 8 2 _ 9 2 10 7 0 11 1 _ _ 
[00343760] 4 | 8 2 _ 9 2 10 7 0 11 1 4 _ 
[00343761] 5 | 8 2 _ 9 2 10 _ 0 11 1 5 _ 
[00343762] 4 | 8 2 6 9 2 10 _ 0 11 1 5 _ 
[00343763] 4 | 8 2 _ 9 2 10 6 0 11 1 5 _ 
[00343764] 6 | _ 2 8 9 2 10 _ 0 11 1 _ _ 
[00343765] 5 | 7 2 8 9 2 10 _ 0 11 1 _ _ 
[00343766] 4 | 7 2 8 9 2 10 _ 0 11 1 4 _ 
[00343767] 5 | _ 2 8 9 2 10 7 0 11 1 _ _ 
[00343768] 4 | _ 2 8 9 2 10 7 0 11 1 4 _ 
[00343769] 5 | _ 2 8 9 2 10 _ 0 11 1 5 _ 
[00343770] 4 | 6 2 8 9 2 10 _ 0 11 1 5 _ 
[00343771] 4 | _ 2 8 9 2 10 6 0 11 1 5 _ 
[00343772] 6 | _ 2 _ 9 2 10 8 0 11 1 _ _ 
[00343773] 5 | _ 2 _ 9 2 10 8 0 11 1 5 _ 
[00343774] 6 | _ 2 _ 9 2 10 _ 0 11 1 6 _ 
[00343775] 5 | 7 2 _ 9 2 10 _ 0 11 1 6 _ 
[00343776] 4 | 7 2 6 9 2 10 _ 0 11 1 6 _ 
[00343777] 4 | 7 2 _ 9 2 10 6 0 11 1 6 _ 
[00343778] 4 | 7 2 _ 9 2 10 _ 0 11 1 6 2 
[00343779] 5 | _ 2 7 9 2 10 _ 0 11 1 6 _ 
[00343780] 4 | 6 2 7 9 2 10 _ 0 11 1 6 _ 
[00343781] 4 | _ 2 7 9 2 10 6 0 11 1 6 _ 
[00343782] 4 | _ 2 7 9 2 10 _ 0 11 1 6 2 
[00343783] 5 | _ 2 _ 9 2 10 7 0 11 1 6 _ 
[00343784] 7 | _ _ _ 9 2 10 9 0 11 1 _ _ 
[00343785] 6 | _ _ _ 9 2 10 9 0 11 1 6 _ 
[00343786] 5 | 3 8 _ 9 2 10 9 0 11 1 6 _ 
[00343787] 4 | 3 8 4 9 2 10 9 0 11 1 6 _ 
[00343788] 5 | 8 3 _ 9 2 10 9 0 11 1 6 _ 
[00343789] 5 | _ 3 8 9 2 10 9 0 11 1 6 _ 
[00343790] 5 | _ 8 3 9 2 10 9 0 11 1 6 _ 
[00343791] 4 | 4 8 3 9 2 10 9 0 11 1 6 _ 
[00343792] 7 | _ _ _ 9 2 10 _ 0 11 1 7 _ 
[00343793] 6 | _ 3 _ 9 2 10 _ 0 11 1 7 _ 
[00343794] 5 | 8 3 _ 9 2 10 _ 0 11 1 7 _ 
[00343795] 4 | 8 3 7 9 2 10 _ 0 11 1 7 _ 
[00343796] 3 | 8 3 7 9 2 10 5 0 11 1 7 _ 
[00343797] 4 | 8 3 _ 9 2 10 6 0 11 1 7 _ 
[00343798] 3 | 8 3 _ 9 2 10 6 0 11 1 7 4 
[00343799] 2 | 8 3 5 9 2 10 6 0 11 1 7 4 
[00343800] 4 | 8 3 _ 9 2 10 _ 0 11 1 7 3 
[00343801] 3 | 8 3 _ 9 2 10 5 0 11 1 7 3 
[00343802] 5 | _ 3 8 9 2 10 _ 0 11 1 7 _ 
[00343803] 4 | 7 3 8 9 2 10 _ 0 11 1 7 _ 
[00343804] 3 | 7 3 8 9 2 10 5 0 11 1 7 _ 
[00343805] 4 | _ 3 8 9 2 10 6 0 11 1 7 _ 
[00343806] 3 | _ 3 8 9 2 10 6 0 11 1 7 4 
[00343807] 2 | 5 3 8 9 2 10 6 0 11 1 7 4 
[00343808] 4 | _ 3 8 9 2 10 _ 0 11 1 7 3 
[00343809] 3 | _ 3 8 9 2 10 5 0 11 1 7 3 
[00343810] 5 | _ 3 _ 9 2 10 7 0 11 1 7 _ 
[00343811] 5 | _ 3 _ 9 2 10 _ 0 11 1 7 2 
[00343812] 6 | _ _ _ 9 2 10 8 0 11 1 7 _ 
[00343813] 5 | _ 4 _ 9 2 10 8 0 11 1 7 _ 
[00343814] 4 | _ 4 _ 9 2 10 8 0 11 1 7 3 
[00343815] 8 | _ _ _ 9 10 2 _ 0 11 1 _ _ 
[00343816] 7 | _ _ _ 9 10 2 3 0 11 1 _ _ 
[00343817] 6 | _ _ _ 9 10 2 3 0 11 1 6 _ 
[00343818] 5 | _ 4 _ 9 10 2 3 0 11 1 6 _ 
[00343819] 4 | 8 4 _ 9 10 2 3 0 11 1 6 _ 
[00343820] 3 | 8 4 7 9 10 2 3 0 11 1 6 _ 
[00343821] 4 | _ 4 8 9 10 2 3 0 11 1 6 _ 
[00343822] 3 | 7 4 8 9 10 2 3 0 11 1 6 _ 
[00343823] 7 | _ _ _ 9 10 2 _ 0 11 1 7 _ 
[00343824] 6 | _ 3 _ 9 10 2 _ 0 11 1 7 _ 
[00343825] 5 | 8 3 _ 9 10 2 _ 0 11 1 7 _ 
[00343826] 4 | 8 3 7 9 10 2 _ 0 11 1 7 _ 
[00343827] 4 | 8 3 _ 9 10 2 6 0 11 1 7 _ 
[00343828] 3 | 8 3 _ 9 10 2 6 0 11 1 7 4 
[00343829] 2 | 8 3 5 9 10 2 6 0 11 1 7 4 
[00343830] 1 | 8 3 5 9 10 2 6 0 11 1 7 4  *Graceful*
[00343830] 4 | 8 3 _ 9 10 2 _ 0 11 1 7 3 
[00343831] 5 | _ 3 8 9 10 2 _ 0 11 1 7 _ 
[00343832] 4 | 7 3 8 9 10 2 _ 0 11 1 7 _ 
[00343833] 4 | _ 3 8 9 10 2 6 0 11 1 7 _ 
[00343834] 3 | _ 3 8 9 10 2 6 0 11 1 7 4 
[00343835] 2 | 5 3 8 9 10 2 6 0 11 1 7 4 
[00343836] 1 | 5 3 8 9 10 2 6 0 11 1 7 4  *Graceful*
[00343836] 4 | _ 3 8 9 10 2 _ 0 11 1 7 3 
[00343837] 5 | _ 3 _ 9 10 2 5 0 11 1 7 _ 
[00343838] 4 | 7 3 _ 9 10 2 5 0 11 1 7 _ 
[00343839] 3 | 7 3 6 9 10 2 5 0 11 1 7 _ 
[00343840] 4 | _ 3 7 9 10 2 5 0 11 1 7 _ 
[00343841] 3 | 6 3 7 9 10 2 5 0 11 1 7 _ 
[00343842] 4 | _ 3 _ 9 10 2 5 0 11 1 7 3 
[00343843] 6 | _ _ _ 9 10 2 4 0 11 1 7 _ 
[00343844] 5 | 3 8 _ 9 10 2 4 0 11 1 7 _ 
[00343845] 5 | 8 3 _ 9 10 2 4 0 11 1 7 _ 
[00343846] 5 | _ 3 8 9 10 2 4 0 11 1 7 _ 
[00343847] 5 | _ 8 3 9 10 2 4 0 11 1 7 _ 
[00343848] 8 | _ _ _ 9 2 _ 10 0 11 1 _ _ 
[00343849] 7 | _ 2 _ 9 2 _ 10 0 11 1 _ _ 
[00343850] 6 | 8 2 _ 9 2 _ 10 0 11 1 _ _ 
[00343851] 5 | 8 2 7 9 2 _ 10 0 11 1 _ _ 
[00343852] 4 | 8 2 7 9 2 _ 10 0 11 1 4 _ 
[00343853] 5 | 8 2 _ 9 2 7 10 0 11 1 _ _ 
[00343854] 4 | 8 2 _ 9 2 7 10 0 11 1 4 _ 
[00343855] 5 | 8 2 _ 9 2 _ 10 0 11 1 5 _ 
[00343856] 4 | 8 2 6 9 2 _ 10 0 11 1 5 _ 
[00343857] 4 | 8 2 _ 9 2 6 10 0 11 1 5 _ 
[00343858] 6 | _ 2 8 9 2 _ 10 0 11 1 _ _ 
[00343859] 5 | 7 2 8 9 2 _ 10 0 11 1 _ _ 
[00343860] 4 | 7 2 8 9 2 _ 10 0 11 1 4 _ 
[00343861] 5 | _ 2 8 9 2 7 10 0 11 1 _ _ 
[00343862] 4 | _ 2 8 9 2 7 10 0 11 1 4 _ 
[00343863] 5 | _ 2 8 9 2 _ 10 0 11 1 5 _ 
[00343864] 4 | 6 2 8 9 2 _ 10 0 11 1 5 _ 
[00343865] 4 | _ 2 8 9 2 6 10 0 11 1 5 _ 
[00343866] 6 | _ 2 _ 9 2 8 10 0 11 1 _ _ 
[00343867] 5 | _ 2 _ 9 2 8 10 0 11 1 5 _ 
[00343868] 6 | _ 2 _ 9 2 _ 10 0 11 1 6 _ 
[00343869] 5 | 7 2 _ 9 2 _ 10 0 11 1 6 _ 
[00343870] 4 | 7 2 6 9 2 _ 10 0 11 1 6 _ 
[00343871] 4 | 7 2 _ 9 2 6 10 0 11 1 6 _ 
[00343872] 4 | 7 2 _ 9 2 _ 10 0 11 1 6 2 
[00343873] 5 | _ 2 7 9 2 _ 10 0 11 1 6 _ 
[00343874] 4 | 6 2 7 9 2 _ 10 0 11 1 6 _ 
[00343875] 4 | _ 2 7 9 2 6 10 0 11 1 6 _ 
[00343876] 4 | _ 2 7 9 2 _ 10 0 11 1 6 2 
[00343877] 5 | _ 2 _ 9 2 7 10 0 11 1 6 _ 
[00343878] 7 | _ _ _ 9 2 9 10 0 11 1 _ _ 
[00343879] 6 | _ _ _ 9 2 9 10 0 11 1 6 _ 
[00343880] 5 | 3 8 _ 9 2 9 10 0 11 1 6 _ 
[00343881] 4 | 3 8 4 9 2 9 10 0 11 1 6 _ 
[00343882] 5 | 8 3 _ 9 2 9 10 0 11 1 6 _ 
[00343883] 5 | _ 3 8 9 2 9 10 0 11 1 6 _ 
[00343884] 5 | _ 8 3 9 2 9 10 0 11 1 6 _ 
[00343885] 4 | 4 8 3 9 2 9 10 0 11 1 6 _ 
[00343886] 7 | _ _ _ 9 2 _ 10 0 11 1 7 _ 
[00343887] 6 | _ 3 _ 9 2 _ 10 0 11 1 7 _ 
[00343888] 5 | 8 3 _ 9 2 _ 10 0 11 1 7 _ 
[00343889] 4 | 8 3 7 9 2 _ 10 0 11 1 7 _ 
[00343890] 3 | 8 3 7 9 2 5 10 0 11 1 7 _ 
[00343891] 4 | 8 3 _ 9 2 6 10 0 11 1 7 _ 
[00343892] 3 | 8 3 _ 9 2 6 10 0 11 1 7 4 
[00343893] 2 | 8 3 5 9 2 6 10 0 11 1 7 4 
[00343894] 4 | 8 3 _ 9 2 _ 10 0 11 1 7 3 
[00343895] 3 | 8 3 _ 9 2 5 10 0 11 1 7 3 
[00343896] 5 | _ 3 8 9 2 _ 10 0 11 1 7 _ 
[00343897] 4 | 7 3 8 9 2 _ 10 0 11 1 7 _ 
[00343898] 3 | 7 3 8 9 2 5 10 0 11 1 7 _ 
[00343899] 4 | _ 3 8 9 2 6 10 0 11 1 7 _ 
[00343900] 3 | _ 3 8 9 2 6 10 0 11 1 7 4 
[00343901] 2 | 5 3 8 9 2 6 10 0 11 1 7 4 
[00343902] 4 | _ 3 8 9 2 _ 10 0 11 1 7 3 
[00343903] 3 | _ 3 8 9 2 5 10 0 11 1 7 3 
[00343904] 5 | _ 3 _ 9 2 7 10 0 11 1 7 _ 
[00343905] 5 | _ 3 _ 9 2 _ 10 0 11 1 7 2 
[00343906] 6 | _ _ _ 9 2 8 10 0 11 1 7 _ 
[00343907] 5 | _ 4 _ 9 2 8 10 0 11 1 7 _ 
[00343908] 4 | _ 4 _ 9 2 8 10 0 11 1 7 3 
[00343909] 8 | _ _ _ 9 10 _ 2 0 11 1 _ _ 
[00343910] 7 | _ _ _ 9 10 3 2 0 11 1 _ _ 
[00343911] 6 | _ _ _ 9 10 3 2 0 11 1 6 _ 
[00343912] 5 | _ 4 _ 9 10 3 2 0 11 1 6 _ 
[00343913] 4 | 8 4 _ 9 10 3 2 0 11 1 6 _ 
[00343914] 3 | 8 4 7 9 10 3 2 0 11 1 6 _ 
[00343915] 4 | _ 4 8 9 10 3 2 0 11 1 6 _ 
[00343916] 3 | 7 4 8 9 10 3 2 0 11 1 6 _ 
[00343917] 7 | _ _ _ 9 10 _ 2 0 11 1 7 _ 
[00343918] 6 | _ 3 _ 9 10 _ 2 0 11 1 7 _ 
[00343919] 5 | 8 3 _ 9 10 _ 2 0 11 1 7 _ 
[00343920] 4 | 8 3 7 9 10 _ 2 0 11 1 7 _ 
[00343921] 4 | 8 3 _ 9 10 6 2 0 11 1 7 _ 
[00343922] 3 | 8 3 _ 9 10 6 2 0 11 1 7 4 
[00343923] 2 | 8 3 5 9 10 6 2 0 11 1 7 4 
[00343924] 1 | 8 3 5 9 10 6 2 0 11 1 7 4  *Graceful*
[00343924] 4 | 8 3 _ 9 10 _ 2 0 11 1 7 3 
[00343925] 5 | _ 3 8 9 10 _ 2 0 11 1 7 _ 
[00343926] 4 | 7 3 8 9 10 _ 2 0 11 1 7 _ 
[00343927] 4 | _ 3 8 9 10 6 2 0 11 1 7 _ 
[00343928] 3 | _ 3 8 9 10 6 2 0 11 1 7 4 
[00343929] 2 | 5 3 8 9 10 6 2 0 11 1 7 4 
[00343930] 1 | 5 3 8 9 10 6 2 0 11 1 7 4  *Graceful*
[00343930] 4 | _ 3 8 9 10 _ 2 0 11 1 7 3 
[00343931] 5 | _ 3 _ 9 10 5 2 0 11 1 7 _ 
[00343932] 4 | 7 3 _ 9 10 5 2 0 11 1 7 _ 
[00343933] 3 | 7 3 6 9 10 5 2 0 11 1 7 _ 
[00343934] 4 | _ 3 7 9 10 5 2 0 11 1 7 _ 
[00343935] 3 | 6 3 7 9 10 5 2 0 11 1 7 _ 
[00343936] 4 | _ 3 _ 9 10 5 2 0 11 1 7 3 
[00343937] 6 | _ _ _ 9 10 4 2 0 11 1 7 _ 
[00343938] 5 | 3 8 _ 9 10 4 2 0 11 1 7 _ 
[00343939] 5 | 8 3 _ 9 10 4 2 0 11 1 7 _ 
[00343940] 5 | _ 3 8 9 10 4 2 0 11 1 7 _ 
[00343941] 5 | _ 8 3 9 10 4 2 0 11 1 7 _ 
[00343942] 8 | _ _ _ 9 _ _ _ 0 11 1 8 _ 
[00343943] 7 | 3 10 _ 9 _ _ _ 0 11 1 8 _ 
[00343944] 6 | 3 10 4 9 _ _ _ 0 11 1 8 _ 
[00343945] 5 | 3 10 4 9 2 7 _ 0 11 1 8 _ 
[00343946] 4 | 3 10 4 9 2 7 6 0 11 1 8 _ 
[00343947] 3 | 3 10 4 9 2 7 6 0 11 1 8 5 
[00343948] 5 | 3 10 4 9 7 2 _ 0 11 1 8 _ 
[00343949] 5 | 3 10 4 9 2 _ 7 0 11 1 8 _ 
[00343950] 4 | 3 10 4 9 2 6 7 0 11 1 8 _ 
[00343951] 3 | 3 10 4 9 2 6 7 0 11 1 8 5 
[00343952] 5 | 3 10 4 9 7 _ 2 0 11 1 8 _ 
[00343953] 6 | 3 10 _ 9 _ _ _ 0 11 1 8 2 
[00343954] 5 | 3 10 5 9 _ _ _ 0 11 1 8 2 
[00343955] 5 | 3 10 _ 9 4 _ _ 0 11 1 8 2 
[00343956] 4 | 3 10 6 9 4 _ _ 0 11 1 8 2 
[00343957] 3 | 3 10 6 9 4 7 _ 0 11 1 8 2 
[00343958] 3 | 3 10 6 9 4 _ 7 0 11 1 8 2 
[00343959] 7 | 10 3 _ 9 _ _ _ 0 11 1 8 _ 
[00343960] 6 | 10 3 9 9 _ _ _ 0 11 1 8 _ 
[00343961] 5 | 10 3 9 9 2 7 _ 0 11 1 8 _ 
[00343962] 4 | 10 3 9 9 2 7 6 0 11 1 8 _ 
[00343963] 3 | 10 3 9 9 2 7 6 0 11 1 8 5 
[00343964] 4 | 10 3 9 9 2 7 _ 0 11 1 8 4 
[00343965] 3 | 10 3 9 9 2 7 5 0 11 1 8 4 
[00343966] 5 | 10 3 9 9 7 2 _ 0 11 1 8 _ 
[00343967] 4 | 10 3 9 9 7 2 _ 0 11 1 8 4 
[00343968] 5 | 10 3 9 9 2 _ 7 0 11 1 8 _ 
[00343969] 4 | 10 3 9 9 2 6 7 0 11 1 8 _ 
[00343970] 3 | 10 3 9 9 2 6 7 0 11 1 8 5 
[00343971] 4 | 10 3 9 9 2 _ 7 0 11 1 8 4 
[00343972] 3 | 10 3 9 9 2 5 7 0 11 1 8 4 
[00343973] 5 | 10 3 9 9 7 _ 2 0 11 1 8 _ 
[00343974] 4 | 10 3 9 9 7 _ 2 0 11 1 8 4 
[00343975] 6 | 10 3 _ 9 3 _ _ 0 11 1 8 _ 
[00343976] 5 | 10 3 8 9 3 _ _ 0 11 1 8 _ 
[00343977] 5 | 10 3 _ 9 3 8 _ 0 11 1 8 _ 
[00343978] 4 | 10 3 7 9 3 8 _ 0 11 1 8 _ 
[00343979] 4 | 10 3 _ 9 3 8 7 0 11 1 8 _ 
[00343980] 5 | 10 3 _ 9 3 _ 8 0 11 1 8 _ 
[00343981] 4 | 10 3 7 9 3 _ 8 0 11 1 8 _ 
[00343982] 4 | 10 3 _ 9 3 7 8 0 11 1 8 _ 
[00343983] 5 | 10 3 _ 9 3 _ _ 0 11 1 8 3 
[00343984] 6 | 10 3 _ 9 _ _ _ 0 11 1 8 2 
[00343985] 5 | 10 3 _ 9 4 _ _ 0 11 1 8 2 
[00343986] 4 | 10 3 7 9 4 _ _ 0 11 1 8 2 
[00343987] 7 | _ 3 10 9 _ _ _ 0 11 1 8 _ 
[00343988] 6 | 9 3 10 9 _ _ _ 0 11 1 8 _ 
[00343989] 5 | 9 3 10 9 2 7 _ 0 11 1 8 _ 
[00343990] 4 | 9 3 10 9 2 7 6 0 11 1 8 _ 
[00343991] 3 | 9 3 10 9 2 7 6 0 11 1 8 5 
[00343992] 4 | 9 3 10 9 2 7 _ 0 11 1 8 4 
[00343993] 3 | 9 3 10 9 2 7 5 0 11 1 8 4 
[00343994] 5 | 9 3 10 9 7 2 _ 0 11 1 8 _ 
[00343995] 4 | 9 3 10 9 7 2 _ 0 11 1 8 4 
[00343996] 5 | 9 3 10 9 2 _ 7 0 11 1 8 _ 
[00343997] 4 | 9 3 10 9 2 6 7 0 11 1 8 _ 
[00343998] 3 | 9 3 10 9 2 6 7 0 11 1 8 5 
[00343999] 4 | 9 3 10 9 2 _ 7 0 11 1 8 4 
[00344000] 3 | 9 3 10 9 2 5 7 0 11 1 8 4 
[00344001] 5 | 9 3 10 9 7 _ 2 0 11 1 8 _ 
[00344002] 4 | 9 3 10 9 7 _ 2 0 11 1 8 4 
[00344003] 6 | _ 3 10 9 3 _ _ 0 11 1 8 _ 
[00344004] 5 | 8 3 10 9 3 _ _ 0 11 1 8 _ 
[00344005] 5 | _ 3 10 9 3 8 _ 0 11 1 8 _ 
[00344006] 4 | 7 3 10 9 3 8 _ 0 11 1 8 _ 
[00344007] 4 | _ 3 10 9 3 8 7 0 11 1 8 _ 
[00344008] 5 | _ 3 10 9 3 _ 8 0 11 1 8 _ 
[00344009] 4 | 7 3 10 9 3 _ 8 0 11 1 8 _ 
[00344010] 4 | _ 3 10 9 3 7 8 0 11 1 8 _ 
[00344011] 5 | _ 3 10 9 3 _ _ 0 11 1 8 3 
[00344012] 6 | _ 3 10 9 _ _ _ 0 11 1 8 2 
[00344013] 5 | _ 3 10 9 4 _ _ 0 11 1 8 2 
[00344014] 4 | 7 3 10 9 4 _ _ 0 11 1 8 2 
[00344015] 7 | _ 10 3 9 _ _ _ 0 11 1 8 _ 
[00344016] 6 | 4 10 3 9 _ _ _ 0 11 1 8 _ 
[00344017] 5 | 4 10 3 9 2 7 _ 0 11 1 8 _ 
[00344018] 4 | 4 10 3 9 2 7 6 0 11 1 8 _ 
[00344019] 3 | 4 10 3 9 2 7 6 0 11 1 8 5 
[00344020] 5 | 4 10 3 9 7 2 _ 0 11 1 8 _ 
[00344021] 5 | 4 10 3 9 2 _ 7 0 11 1 8 _ 
[00344022] 4 | 4 10 3 9 2 6 7 0 11 1 8 _ 
[00344023] 3 | 4 10 3 9 2 6 7 0 11 1 8 5 
[00344024] 5 | 4 10 3 9 7 _ 2 0 11 1 8 _ 
[00344025] 6 | _ 10 3 9 _ _ _ 0 11 1 8 2 
[00344026] 5 | 5 10 3 9 _ _ _ 0 11 1 8 2 
[00344027] 5 | _ 10 3 9 4 _ _ 0 11 1 8 2 
[00344028] 4 | 6 10 3 9 4 _ _ 0 11 1 8 2 
[00344029] 3 | 6 10 3 9 4 7 _ 0 11 1 8 2 
[00344030] 3 | 6 10 3 9 4 _ 7 0 11 1 8 2 
[00344031] 7 | _ 2 _ 9 _ _ _ 0 11 1 8 _ 
[00344032] 6 | 8 2 _ 9 _ _ _ 0 11 1 8 _ 
[00344033] 5 | 8 2 7 9 _ _ _ 0 11 1 8 _ 
[00344034] 4 | 8 2 7 9 5 _ _ 0 11 1 8 _ 
[00344035] 4 | 8 2 7 9 6 10 _ 0 11 1 8 _ 
[00344036] 3 | 8 2 7 9 6 10 3 0 11 1 8 _ 
[00344037] 4 | 8 2 7 9 10 6 _ 0 11 1 8 _ 
[00344038] 4 | 8 2 7 9 6 _ 10 0 11 1 8 _ 
[00344039] 3 | 8 2 7 9 6 3 10 0 11 1 8 _ 
[00344040] 4 | 8 2 7 9 10 _ 6 0 11 1 8 _ 
[00344041] 5 | 8 2 _ 9 4 _ _ 0 11 1 8 _ 
[00344042] 4 | 8 2 6 9 4 _ _ 0 11 1 8 _ 
[00344043] 3 | 8 2 6 9 4 7 _ 0 11 1 8 _ 
[00344044] 3 | 8 2 6 9 4 _ 7 0 11 1 8 _ 
[00344045] 5 | 8 2 _ 9 5 10 _ 0 11 1 8 _ 
[00344046] 4 | 8 2 6 9 5 10 _ 0 11 1 8 _ 
[00344047] 5 | 8 2 _ 9 10 5 _ 0 11 1 8 _ 
[00344048] 4 | 8 2 6 9 10 5 _ 0 11 1 8 _ 
[00344049] 3 | 8 2 6 9 10 5 7 0 11 1 8 _ 
[00344050] 4 | 8 2 _ 9 10 5 6 0 11 1 8 _ 
[00344051] 5 | 8 2 _ 9 5 _ 10 0 11 1 8 _ 
[00344052] 4 | 8 2 6 9 5 _ 10 0 11 1 8 _ 
[00344053] 5 | 8 2 _ 9 10 _ 5 0 11 1 8 _ 
[00344054] 4 | 8 2 6 9 10 _ 5 0 11 1 8 _ 
[00344055] 3 | 8 2 6 9 10 7 5 0 11 1 8 _ 
[00344056] 4 | 8 2 _ 9 10 6 5 0 11 1 8 _ 
[00344057] 6 | _ 2 8 9 _ _ _ 0 11 1 8 _ 
[00344058] 5 | 7 2 8 9 _ _ _ 0 11 1 8 _ 
[00344059] 4 | 7 2 8 9 5 _ _ 0 11 1 8 _ 
[00344060] 4 | 7 2 8 9 6 10 _ 0 11 1 8 _ 
[00344061] 3 | 7 2 8 9 6 10 3 0 11 1 8 _ 
[00344062] 4 | 7 2 8 9 10 6 _ 0 11 1 8 _ 
[00344063] 4 | 7 2 8 9 6 _ 10 0 11 1 8 _ 
[00344064] 3 | 7 2 8 9 6 3 10 0 11 1 8 _ 
[00344065] 4 | 7 2 8 9 10 _ 6 0 11 1 8 _ 
[00344066] 5 | _ 2 8 9 4 _ _ 0 11 1 8 _ 
[00344067] 4 | 6 2 8 9 4 _ _ 0 11 1 8 _ 
[00344068] 3 | 6 2 8 9 4 7 _ 0 11 1 8 _ 
[00344069] 3 | 6 2 8 9 4 _ 7 0 11 1 8 _ 
[00344070] 5 | _ 2 8 9 5 10 _ 0 11 1 8 _ 
[00344071] 4 | 6 2 8 9 5 10 _ 0 11 1 8 _ 
[00344072] 5 | _ 2 8 9 10 5 _ 0 11 1 8 _ 
[00344073] 4 | 6 2 8 9 10 5 _ 0 11 1 8 _ 
