[00285850] 6 | _ 1 _ 11 8 2 _ 0 9 1 10 3 
[00285851] 6 | _ 1 _ 11 2 _ 8 0 9 1 10 3 
[00285852] 5 | _ 1 _ 11 2 7 8 0 9 1 10 3 
[00285853] 6 | _ 1 _ 11 8 _ 2 0 9 1 10 3 
[00285854] 8 | _ 1 _ 11 _ _ _ 0 9 _ 8 _ 
[00285855] 7 | 8 1 _ 11 _ _ _ 0 9 _ 8 _ 
[00285856] 6 | 8 1 7 11 _ _ _ 0 9 _ 8 _ 
[00285857] 5 | 8 1 7 11 6 _ _ 0 9 _ 8 _ 
[00285858] 4 | 8 1 7 11 6 2 _ 0 9 _ 8 _ 
[00285859] 3 | 8 1 7 11 6 2 3 0 9 _ 8 _ 
[00285860] 3 | 8 1 7 11 6 2 9 0 9 _ 8 _ 
[00285861] 3 | 8 1 7 11 6 2 _ 0 9 6 8 _ 
[00285862] 4 | 8 1 7 11 6 10 _ 0 9 _ 8 _ 
[00285863] 3 | 8 1 7 11 6 10 3 0 9 _ 8 _ 
[00285864] 3 | 8 1 7 11 6 10 9 0 9 _ 8 _ 
[00285865] 3 | 8 1 7 11 6 10 _ 0 9 6 8 _ 
[00285866] 4 | 8 1 7 11 6 _ 2 0 9 _ 8 _ 
[00285867] 3 | 8 1 7 11 6 3 2 0 9 _ 8 _ 
[00285868] 3 | 8 1 7 11 6 9 2 0 9 _ 8 _ 
[00285869] 3 | 8 1 7 11 6 _ 2 0 9 6 8 _ 
[00285870] 4 | 8 1 7 11 6 _ 10 0 9 _ 8 _ 
[00285871] 3 | 8 1 7 11 6 3 10 0 9 _ 8 _ 
[00285872] 3 | 8 1 7 11 6 9 10 0 9 _ 8 _ 
[00285873] 3 | 8 1 7 11 6 _ 10 0 9 6 8 _ 
[00285874] 4 | 8 1 7 11 6 _ _ 0 9 5 8 _ 
[00285875] 3 | 8 1 7 11 6 3 _ 0 9 5 8 _ 
[00285876] 2 | 8 1 7 11 6 3 4 0 9 5 8 _ 
[00285877] 3 | 8 1 7 11 6 _ 3 0 9 5 8 _ 
[00285878] 2 | 8 1 7 11 6 4 3 0 9 5 8 _ 
[00285879] 5 | 8 1 7 11 5 10 _ 0 9 _ 8 _ 
[00285880] 4 | 8 1 7 11 5 10 9 0 9 _ 8 _ 
[00285881] 4 | 8 1 7 11 5 10 _ 0 9 5 8 _ 
[00285882] 5 | 8 1 7 11 10 5 _ 0 9 _ 8 _ 
[00285883] 4 | 8 1 7 11 10 5 6 0 9 _ 8 _ 
[00285884] 5 | 8 1 7 11 5 _ 10 0 9 _ 8 _ 
[00285885] 4 | 8 1 7 11 5 9 10 0 9 _ 8 _ 
[00285886] 4 | 8 1 7 11 5 _ 10 0 9 5 8 _ 
[00285887] 5 | 8 1 7 11 10 _ 5 0 9 _ 8 _ 
[00285888] 4 | 8 1 7 11 10 6 5 0 9 _ 8 _ 
[00285889] 5 | 8 1 7 11 _ _ _ 0 9 4 8 _ 
[00285890] 4 | 8 1 7 11 2 6 _ 0 9 4 8 _ 
[00285891] 3 | 8 1 7 11 2 6 5 0 9 4 8 _ 
[00285892] 4 | 8 1 7 11 6 10 _ 0 9 4 8 _ 
[00285893] 3 | 8 1 7 11 6 10 3 0 9 4 8 _ 
[00285894] 4 | 8 1 7 11 6 2 _ 0 9 4 8 _ 
[00285895] 3 | 8 1 7 11 6 2 3 0 9 4 8 _ 
[00285896] 4 | 8 1 7 11 10 6 _ 0 9 4 8 _ 
[00285897] 4 | 8 1 7 11 2 _ 6 0 9 4 8 _ 
[00285898] 3 | 8 1 7 11 2 5 6 0 9 4 8 _ 
[00285899] 4 | 8 1 7 11 6 _ 10 0 9 4 8 _ 
[00285900] 3 | 8 1 7 11 6 3 10 0 9 4 8 _ 
[00285901] 4 | 8 1 7 11 6 _ 2 0 9 4 8 _ 
[00285902] 3 | 8 1 7 11 6 3 2 0 9 4 8 _ 
[00285903] 4 | 8 1 7 11 10 _ 6 0 9 4 8 _ 
[00285904] 6 | 8 1 _ 11 5 _ _ 0 9 _ 8 _ 
[00285905] 5 | 8 1 6 11 5 _ _ 0 9 _ 8 _ 
[00285906] 4 | 8 1 6 11 5 9 _ 0 9 _ 8 _ 
[00285907] 3 | 8 1 6 11 5 9 2 0 9 _ 8 _ 
[00285908] 4 | 8 1 6 11 5 _ 9 0 9 _ 8 _ 
[00285909] 3 | 8 1 6 11 5 2 9 0 9 _ 8 _ 
[00285910] 4 | 8 1 6 11 5 _ _ 0 9 5 8 _ 
[00285911] 5 | 8 1 _ 11 5 10 _ 0 9 _ 8 _ 
[00285912] 4 | 8 1 5 11 5 10 _ 0 9 _ 8 _ 
[00285913] 3 | 8 1 5 11 5 10 _ 0 9 6 8 _ 
[00285914] 4 | 8 1 _ 11 5 10 1 0 9 _ 8 _ 
[00285915] 3 | 8 1 _ 11 5 10 1 0 9 6 8 _ 
[00285916] 4 | 8 1 _ 11 5 10 9 0 9 _ 8 _ 
[00285917] 3 | 8 1 4 11 5 10 9 0 9 _ 8 _ 
[00285918] 4 | 8 1 _ 11 5 10 _ 0 9 5 8 _ 
[00285919] 3 | 8 1 4 11 5 10 _ 0 9 5 8 _ 
[00285920] 5 | 8 1 _ 11 5 _ 10 0 9 _ 8 _ 
[00285921] 4 | 8 1 5 11 5 _ 10 0 9 _ 8 _ 
[00285922] 3 | 8 1 5 11 5 _ 10 0 9 6 8 _ 
[00285923] 4 | 8 1 _ 11 5 1 10 0 9 _ 8 _ 
[00285924] 3 | 8 1 _ 11 5 1 10 0 9 6 8 _ 
[00285925] 4 | 8 1 _ 11 5 9 10 0 9 _ 8 _ 
[00285926] 3 | 8 1 4 11 5 9 10 0 9 _ 8 _ 
[00285927] 4 | 8 1 _ 11 5 _ 10 0 9 5 8 _ 
[00285928] 3 | 8 1 4 11 5 _ 10 0 9 5 8 _ 
[00285929] 5 | 8 1 _ 11 5 _ _ 0 9 4 8 _ 
[00285930] 4 | 8 1 5 11 5 _ _ 0 9 4 8 _ 
[00285931] 4 | 8 1 _ 11 5 1 _ 0 9 4 8 _ 
[00285932] 3 | 8 1 _ 11 5 1 2 0 9 4 8 _ 
[00285933] 4 | 8 1 _ 11 5 _ 1 0 9 4 8 _ 
[00285934] 3 | 8 1 _ 11 5 2 1 0 9 4 8 _ 
[00285935] 6 | 8 1 _ 11 4 10 _ 0 9 _ 8 _ 
[00285936] 5 | 8 1 6 11 4 10 _ 0 9 _ 8 _ 
[00285937] 4 | 8 1 6 11 4 10 _ 0 9 5 8 _ 
[00285938] 3 | 8 1 6 11 4 10 7 0 9 5 8 _ 
[00285939] 5 | 8 1 _ 11 4 10 9 0 9 _ 8 _ 
[00285940] 4 | 8 1 5 11 4 10 9 0 9 _ 8 _ 
[00285941] 5 | 8 1 _ 11 4 10 _ 0 9 4 8 _ 
[00285942] 4 | 8 1 5 11 4 10 _ 0 9 4 8 _ 
[00285943] 6 | 8 1 _ 11 10 4 _ 0 9 _ 8 _ 
[00285944] 5 | 8 1 6 11 10 4 _ 0 9 _ 8 _ 
[00285945] 4 | 8 1 6 11 10 4 _ 0 9 5 8 _ 
[00285946] 3 | 8 1 6 11 10 4 7 0 9 5 8 _ 
[00285947] 5 | 8 1 _ 11 10 4 5 0 9 _ 8 _ 
[00285948] 6 | 8 1 _ 11 4 _ 10 0 9 _ 8 _ 
[00285949] 5 | 8 1 6 11 4 _ 10 0 9 _ 8 _ 
[00285950] 4 | 8 1 6 11 4 _ 10 0 9 5 8 _ 
[00285951] 3 | 8 1 6 11 4 7 10 0 9 5 8 _ 
[00285952] 5 | 8 1 _ 11 4 9 10 0 9 _ 8 _ 
[00285953] 4 | 8 1 5 11 4 9 10 0 9 _ 8 _ 
[00285954] 5 | 8 1 _ 11 4 _ 10 0 9 4 8 _ 
[00285955] 4 | 8 1 5 11 4 _ 10 0 9 4 8 _ 
[00285956] 6 | 8 1 _ 11 10 _ 4 0 9 _ 8 _ 
[00285957] 5 | 8 1 6 11 10 _ 4 0 9 _ 8 _ 
[00285958] 4 | 8 1 6 11 10 _ 4 0 9 5 8 _ 
[00285959] 3 | 8 1 6 11 10 7 4 0 9 5 8 _ 
[00285960] 5 | 8 1 _ 11 10 5 4 0 9 _ 8 _ 
[00285961] 6 | 8 1 _ 11 _ _ _ 0 9 3 8 _ 
[00285962] 5 | 8 1 6 11 _ _ _ 0 9 3 8 _ 
[00285963] 4 | 8 1 6 11 7 _ _ 0 9 3 8 _ 
[00285964] 3 | 8 1 6 11 7 4 _ 0 9 3 8 _ 
[00285965] 2 | 8 1 6 11 7 4 5 0 9 3 8 _ 
[00285966] 3 | 8 1 6 11 7 10 _ 0 9 3 8 _ 
[00285967] 2 | 8 1 6 11 7 10 5 0 9 3 8 _ 
[00285968] 3 | 8 1 6 11 7 _ 4 0 9 3 8 _ 
[00285969] 2 | 8 1 6 11 7 5 4 0 9 3 8 _ 
[00285970] 3 | 8 1 6 11 7 _ 10 0 9 3 8 _ 
[00285971] 2 | 8 1 6 11 7 5 10 0 9 3 8 _ 
[00285972] 5 | 8 1 _ 11 6 _ _ 0 9 3 8 _ 
[00285973] 4 | 8 1 5 11 6 _ _ 0 9 3 8 _ 
[00285974] 4 | 8 1 _ 11 6 2 _ 0 9 3 8 _ 
[00285975] 3 | 8 1 4 11 6 2 _ 0 9 3 8 _ 
[00285976] 4 | 8 1 _ 11 6 10 _ 0 9 3 8 _ 
[00285977] 3 | 8 1 4 11 6 10 _ 0 9 3 8 _ 
[00285978] 4 | 8 1 _ 11 6 _ 2 0 9 3 8 _ 
[00285979] 3 | 8 1 4 11 6 _ 2 0 9 3 8 _ 
[00285980] 4 | 8 1 _ 11 6 _ 10 0 9 3 8 _ 
[00285981] 3 | 8 1 4 11 6 _ 10 0 9 3 8 _ 
[00285982] 5 | 8 1 _ 11 2 7 _ 0 9 3 8 _ 
[00285983] 4 | 8 1 5 11 2 7 _ 0 9 3 8 _ 
[00285984] 4 | 8 1 _ 11 2 7 6 0 9 3 8 _ 
[00285985] 3 | 8 1 4 11 2 7 6 0 9 3 8 _ 
[00285986] 5 | 8 1 _ 11 5 10 _ 0 9 3 8 _ 
[00285987] 4 | 8 1 5 11 5 10 _ 0 9 3 8 _ 
[00285988] 4 | 8 1 _ 11 5 10 1 0 9 3 8 _ 
[00285989] 5 | 8 1 _ 11 7 2 _ 0 9 3 8 _ 
[00285990] 4 | 8 1 5 11 7 2 _ 0 9 3 8 _ 
[00285991] 3 | 8 1 5 11 7 2 4 0 9 3 8 _ 
[00285992] 3 | 8 1 5 11 7 2 10 0 9 3 8 _ 
[00285993] 5 | 8 1 _ 11 10 5 _ 0 9 3 8 _ 
[00285994] 4 | 8 1 _ 11 10 5 6 0 9 3 8 _ 
[00285995] 3 | 8 1 4 11 10 5 6 0 9 3 8 _ 
[00285996] 5 | 8 1 _ 11 2 _ 7 0 9 3 8 _ 
[00285997] 4 | 8 1 5 11 2 _ 7 0 9 3 8 _ 
[00285998] 4 | 8 1 _ 11 2 6 7 0 9 3 8 _ 
[00285999] 3 | 8 1 4 11 2 6 7 0 9 3 8 _ 
[00286000] 5 | 8 1 _ 11 5 _ 10 0 9 3 8 _ 
[00286001] 4 | 8 1 5 11 5 _ 10 0 9 3 8 _ 
[00286002] 4 | 8 1 _ 11 5 1 10 0 9 3 8 _ 
[00286003] 5 | 8 1 _ 11 7 _ 2 0 9 3 8 _ 
[00286004] 4 | 8 1 5 11 7 _ 2 0 9 3 8 _ 
[00286005] 3 | 8 1 5 11 7 4 2 0 9 3 8 _ 
[00286006] 3 | 8 1 5 11 7 10 2 0 9 3 8 _ 
[00286007] 5 | 8 1 _ 11 10 _ 5 0 9 3 8 _ 
[00286008] 4 | 8 1 _ 11 10 6 5 0 9 3 8 _ 
[00286009] 3 | 8 1 4 11 10 6 5 0 9 3 8 _ 
[00286010] 7 | _ 1 8 11 _ _ _ 0 9 _ 8 _ 
[00286011] 6 | 7 1 8 11 _ _ _ 0 9 _ 8 _ 
[00286012] 5 | 7 1 8 11 6 _ _ 0 9 _ 8 _ 
[00286013] 4 | 7 1 8 11 6 2 _ 0 9 _ 8 _ 
[00286014] 3 | 7 1 8 11 6 2 3 0 9 _ 8 _ 
[00286015] 3 | 7 1 8 11 6 2 9 0 9 _ 8 _ 
[00286016] 3 | 7 1 8 11 6 2 _ 0 9 6 8 _ 
[00286017] 4 | 7 1 8 11 6 10 _ 0 9 _ 8 _ 
[00286018] 3 | 7 1 8 11 6 10 3 0 9 _ 8 _ 
[00286019] 3 | 7 1 8 11 6 10 9 0 9 _ 8 _ 
[00286020] 3 | 7 1 8 11 6 10 _ 0 9 6 8 _ 
[00286021] 4 | 7 1 8 11 6 _ 2 0 9 _ 8 _ 
[00286022] 3 | 7 1 8 11 6 3 2 0 9 _ 8 _ 
[00286023] 3 | 7 1 8 11 6 9 2 0 9 _ 8 _ 
[00286024] 3 | 7 1 8 11 6 _ 2 0 9 6 8 _ 
[00286025] 4 | 7 1 8 11 6 _ 10 0 9 _ 8 _ 
[00286026] 3 | 7 1 8 11 6 3 10 0 9 _ 8 _ 
[00286027] 3 | 7 1 8 11 6 9 10 0 9 _ 8 _ 
[00286028] 3 | 7 1 8 11 6 _ 10 0 9 6 8 _ 
[00286029] 4 | 7 1 8 11 6 _ _ 0 9 5 8 _ 
[00286030] 3 | 7 1 8 11 6 3 _ 0 9 5 8 _ 
[00286031] 2 | 7 1 8 11 6 3 4 0 9 5 8 _ 
[00286032] 3 | 7 1 8 11 6 _ 3 0 9 5 8 _ 
[00286033] 2 | 7 1 8 11 6 4 3 0 9 5 8 _ 
[00286034] 5 | 7 1 8 11 5 10 _ 0 9 _ 8 _ 
[00286035] 4 | 7 1 8 11 5 10 9 0 9 _ 8 _ 
[00286036] 4 | 7 1 8 11 5 10 _ 0 9 5 8 _ 
[00286037] 5 | 7 1 8 11 10 5 _ 0 9 _ 8 _ 
[00286038] 4 | 7 1 8 11 10 5 6 0 9 _ 8 _ 
[00286039] 5 | 7 1 8 11 5 _ 10 0 9 _ 8 _ 
[00286040] 4 | 7 1 8 11 5 9 10 0 9 _ 8 _ 
[00286041] 4 | 7 1 8 11 5 _ 10 0 9 5 8 _ 
[00286042] 5 | 7 1 8 11 10 _ 5 0 9 _ 8 _ 
[00286043] 4 | 7 1 8 11 10 6 5 0 9 _ 8 _ 
[00286044] 5 | 7 1 8 11 _ _ _ 0 9 4 8 _ 
[00286045] 4 | 7 1 8 11 2 6 _ 0 9 4 8 _ 
[00286046] 3 | 7 1 8 11 2 6 5 0 9 4 8 _ 
[00286047] 4 | 7 1 8 11 6 10 _ 0 9 4 8 _ 
[00286048] 3 | 7 1 8 11 6 10 3 0 9 4 8 _ 
[00286049] 4 | 7 1 8 11 6 2 _ 0 9 4 8 _ 
[00286050] 3 | 7 1 8 11 6 2 3 0 9 4 8 _ 
[00286051] 4 | 7 1 8 11 10 6 _ 0 9 4 8 _ 
[00286052] 4 | 7 1 8 11 2 _ 6 0 9 4 8 _ 
[00286053] 3 | 7 1 8 11 2 5 6 0 9 4 8 _ 
[00286054] 4 | 7 1 8 11 6 _ 10 0 9 4 8 _ 
[00286055] 3 | 7 1 8 11 6 3 10 0 9 4 8 _ 
[00286056] 4 | 7 1 8 11 6 _ 2 0 9 4 8 _ 
[00286057] 3 | 7 1 8 11 6 3 2 0 9 4 8 _ 
[00286058] 4 | 7 1 8 11 10 _ 6 0 9 4 8 _ 
[00286059] 6 | _ 1 8 11 5 _ _ 0 9 _ 8 _ 
[00286060] 5 | 6 1 8 11 5 _ _ 0 9 _ 8 _ 
[00286061] 4 | 6 1 8 11 5 9 _ 0 9 _ 8 _ 
[00286062] 3 | 6 1 8 11 5 9 2 0 9 _ 8 _ 
[00286063] 4 | 6 1 8 11 5 _ 9 0 9 _ 8 _ 
[00286064] 3 | 6 1 8 11 5 2 9 0 9 _ 8 _ 
[00286065] 4 | 6 1 8 11 5 _ _ 0 9 5 8 _ 
[00286066] 5 | _ 1 8 11 5 10 _ 0 9 _ 8 _ 
[00286067] 4 | 5 1 8 11 5 10 _ 0 9 _ 8 _ 
[00286068] 3 | 5 1 8 11 5 10 _ 0 9 6 8 _ 
[00286069] 4 | _ 1 8 11 5 10 1 0 9 _ 8 _ 
[00286070] 3 | _ 1 8 11 5 10 1 0 9 6 8 _ 
[00286071] 4 | _ 1 8 11 5 10 9 0 9 _ 8 _ 
[00286072] 3 | 4 1 8 11 5 10 9 0 9 _ 8 _ 
[00286073] 4 | _ 1 8 11 5 10 _ 0 9 5 8 _ 
[00286074] 3 | 4 1 8 11 5 10 _ 0 9 5 8 _ 
[00286075] 5 | _ 1 8 11 5 _ 10 0 9 _ 8 _ 
[00286076] 4 | 5 1 8 11 5 _ 10 0 9 _ 8 _ 
[00286077] 3 | 5 1 8 11 5 _ 10 0 9 6 8 _ 
[00286078] 4 | _ 1 8 11 5 1 10 0 9 _ 8 _ 
[00286079] 3 | _ 1 8 11 5 1 10 0 9 6 8 _ 
[00286080] 4 | _ 1 8 11 5 9 10 0 9 _ 8 _ 
[00286081] 3 | 4 1 8 11 5 9 10 0 9 _ 8 _ 
[00286082] 4 | _ 1 8 11 5 _ 10 0 9 5 8 _ 
[00286083] 3 | 4 1 8 11 5 _ 10 0 9 5 8 _ 
[00286084] 5 | _ 1 8 11 5 _ _ 0 9 4 8 _ 
[00286085] 4 | 5 1 8 11 5 _ _ 0 9 4 8 _ 
[00286086] 4 | _ 1 8 11 5 1 _ 0 9 4 8 _ 
[00286087] 3 | _ 1 8 11 5 1 2 0 9 4 8 _ 
[00286088] 4 | _ 1 8 11 5 _ 1 0 9 4 8 _ 
[00286089] 3 | _ 1 8 11 5 2 1 0 9 4 8 _ 
[00286090] 6 | _ 1 8 11 4 10 _ 0 9 _ 8 _ 
[00286091] 5 | 6 1 8 11 4 10 _ 0 9 _ 8 _ 
[00286092] 4 | 6 1 8 11 4 10 _ 0 9 5 8 _ 
[00286093] 3 | 6 1 8 11 4 10 7 0 9 5 8 _ 
[00286094] 5 | _ 1 8 11 4 10 9 0 9 _ 8 _ 
[00286095] 4 | 5 1 8 11 4 10 9 0 9 _ 8 _ 
[00286096] 5 | _ 1 8 11 4 10 _ 0 9 4 8 _ 
[00286097] 4 | 5 1 8 11 4 10 _ 0 9 4 8 _ 
[00286098] 6 | _ 1 8 11 10 4 _ 0 9 _ 8 _ 
[00286099] 5 | 6 1 8 11 10 4 _ 0 9 _ 8 _ 
[00286100] 4 | 6 1 8 11 10 4 _ 0 9 5 8 _ 
[00286101] 3 | 6 1 8 11 10 4 7 0 9 5 8 _ 
[00286102] 5 | _ 1 8 11 10 4 5 0 9 _ 8 _ 
[00286103] 6 | _ 1 8 11 4 _ 10 0 9 _ 8 _ 
[00286104] 5 | 6 1 8 11 4 _ 10 0 9 _ 8 _ 
[00286105] 4 | 6 1 8 11 4 _ 10 0 9 5 8 _ 
[00286106] 3 | 6 1 8 11 4 7 10 0 9 5 8 _ 
[00286107] 5 | _ 1 8 11 4 9 10 0 9 _ 8 _ 
[00286108] 4 | 5 1 8 11 4 9 10 0 9 _ 8 _ 
[00286109] 5 | _ 1 8 11 4 _ 10 0 9 4 8 _ 
[00286110] 4 | 5 1 8 11 4 _ 10 0 9 4 8 _ 
[00286111] 6 | _ 1 8 11 10 _ 4 0 9 _ 8 _ 
[00286112] 5 | 6 1 8 11 10 _ 4 0 9 _ 8 _ 
[00286113] 4 | 6 1 8 11 10 _ 4 0 9 5 8 _ 
[00286114] 3 | 6 1 8 11 10 7 4 0 9 5 8 _ 
[00286115] 5 | _ 1 8 11 10 5 4 0 9 _ 8 _ 
[00286116] 6 | _ 1 8 11 _ _ _ 0 9 3 8 _ 
[00286117] 5 | 6 1 8 11 _ _ _ 0 9 3 8 _ 
[00286118] 4 | 6 1 8 11 7 _ _ 0 9 3 8 _ 
[00286119] 3 | 6 1 8 11 7 4 _ 0 9 3 8 _ 
[00286120] 2 | 6 1 8 11 7 4 5 0 9 3 8 _ 
[00286121] 3 | 6 1 8 11 7 10 _ 0 9 3 8 _ 
[00286122] 2 | 6 1 8 11 7 10 5 0 9 3 8 _ 
[00286123] 3 | 6 1 8 11 7 _ 4 0 9 3 8 _ 
[00286124] 2 | 6 1 8 11 7 5 4 0 9 3 8 _ 
[00286125] 3 | 6 1 8 11 7 _ 10 0 9 3 8 _ 
[00286126] 2 | 6 1 8 11 7 5 10 0 9 3 8 _ 
[00286127] 5 | _ 1 8 11 6 _ _ 0 9 3 8 _ 
[00286128] 4 | 5 1 8 11 6 _ _ 0 9 3 8 _ 
[00286129] 4 | _ 1 8 11 6 2 _ 0 9 3 8 _ 
[00286130] 3 | 4 1 8 11 6 2 _ 0 9 3 8 _ 
[00286131] 4 | _ 1 8 11 6 10 _ 0 9 3 8 _ 
[00286132] 3 | 4 1 8 11 6 10 _ 0 9 3 8 _ 
[00286133] 4 | _ 1 8 11 6 _ 2 0 9 3 8 _ 
[00286134] 3 | 4 1 8 11 6 _ 2 0 9 3 8 _ 
[00286135] 4 | _ 1 8 11 6 _ 10 0 9 3 8 _ 
[00286136] 3 | 4 1 8 11 6 _ 10 0 9 3 8 _ 
[00286137] 5 | _ 1 8 11 2 7 _ 0 9 3 8 _ 
[00286138] 4 | 5 1 8 11 2 7 _ 0 9 3 8 _ 
[00286139] 4 | _ 1 8 11 2 7 6 0 9 3 8 _ 
[00286140] 3 | 4 1 8 11 2 7 6 0 9 3 8 _ 
[00286141] 5 | _ 1 8 11 5 10 _ 0 9 3 8 _ 
[00286142] 4 | 5 1 8 11 5 10 _ 0 9 3 8 _ 
[00286143] 4 | _ 1 8 11 5 10 1 0 9 3 8 _ 
[00286144] 5 | _ 1 8 11 7 2 _ 0 9 3 8 _ 
[00286145] 4 | 5 1 8 11 7 2 _ 0 9 3 8 _ 
[00286146] 3 | 5 1 8 11 7 2 4 0 9 3 8 _ 
[00286147] 3 | 5 1 8 11 7 2 10 0 9 3 8 _ 
[00286148] 5 | _ 1 8 11 10 5 _ 0 9 3 8 _ 
[00286149] 4 | _ 1 8 11 10 5 6 0 9 3 8 _ 
[00286150] 3 | 4 1 8 11 10 5 6 0 9 3 8 _ 
[00286151] 5 | _ 1 8 11 2 _ 7 0 9 3 8 _ 
[00286152] 4 | 5 1 8 11 2 _ 7 0 9 3 8 _ 
[00286153] 4 | _ 1 8 11 2 6 7 0 9 3 8 _ 
[00286154] 3 | 4 1 8 11 2 6 7 0 9 3 8 _ 
[00286155] 5 | _ 1 8 11 5 _ 10 0 9 3 8 _ 
[00286156] 4 | 5 1 8 11 5 _ 10 0 9 3 8 _ 
[00286157] 4 | _ 1 8 11 5 1 10 0 9 3 8 _ 
[00286158] 5 | _ 1 8 11 7 _ 2 0 9 3 8 _ 
[00286159] 4 | 5 1 8 11 7 _ 2 0 9 3 8 _ 
[00286160] 3 | 5 1 8 11 7 4 2 0 9 3 8 _ 
[00286161] 3 | 5 1 8 11 7 10 2 0 9 3 8 _ 
[00286162] 5 | _ 1 8 11 10 _ 5 0 9 3 8 _ 
[00286163] 4 | _ 1 8 11 10 6 5 0 9 3 8 _ 
[00286164] 3 | 4 1 8 11 10 6 5 0 9 3 8 _ 
[00286165] 7 | _ 1 _ 11 4 _ _ 0 9 _ 8 _ 
[00286166] 6 | 7 1 _ 11 4 _ _ 0 9 _ 8 _ 
[00286167] 5 | 7 1 6 11 4 _ _ 0 9 _ 8 _ 
[00286168] 4 | 7 1 6 11 4 8 _ 0 9 _ 8 _ 
[00286169] 4 | 7 1 6 11 4 _ 8 0 9 _ 8 _ 
[00286170] 4 | 7 1 6 11 4 _ _ 0 9 5 8 _ 
[00286171] 4 | 7 1 6 11 4 _ _ 0 9 _ 8 4 
[00286172] 5 | 7 1 _ 11 4 9 _ 0 9 _ 8 _ 
[00286173] 4 | 7 1 5 11 4 9 _ 0 9 _ 8 _ 
[00286174] 4 | 7 1 _ 11 4 9 8 0 9 _ 8 _ 
[00286175] 4 | 7 1 _ 11 4 9 _ 0 9 _ 8 4 
[00286176] 5 | 7 1 _ 11 4 _ 9 0 9 _ 8 _ 
[00286177] 4 | 7 1 5 11 4 _ 9 0 9 _ 8 _ 
[00286178] 4 | 7 1 _ 11 4 8 9 0 9 _ 8 _ 
[00286179] 4 | 7 1 _ 11 4 _ 9 0 9 _ 8 4 
[00286180] 5 | 7 1 _ 11 4 _ _ 0 9 4 8 _ 
[00286181] 4 | 7 1 5 11 4 _ _ 0 9 4 8 _ 
[00286182] 5 | 7 1 _ 11 4 _ _ 0 9 _ 8 3 
[00286183] 4 | 7 1 5 11 4 _ _ 0 9 _ 8 3 
[00286184] 3 | 7 1 5 11 4 _ _ 0 9 6 8 3 
[00286185] 2 | 7 1 5 11 4 2 _ 0 9 6 8 3 
[00286186] 2 | 7 1 5 11 4 _ 2 0 9 6 8 3 
[00286187] 4 | 7 1 _ 11 4 _ _ 0 9 5 8 3 
[00286188] 3 | 7 1 4 11 4 _ _ 0 9 5 8 3 
[00286189] 3 | 7 1 _ 11 4 1 _ 0 9 5 8 3 
[00286190] 2 | 7 1 _ 11 4 1 2 0 9 5 8 3 
[00286191] 2 | 7 1 _ 11 4 1 6 0 9 5 8 3 
[00286192] 3 | 7 1 _ 11 4 _ 1 0 9 5 8 3 
[00286193] 2 | 7 1 _ 11 4 2 1 0 9 5 8 3 
[00286194] 2 | 7 1 _ 11 4 6 1 0 9 5 8 3 
[00286195] 6 | _ 1 7 11 4 _ _ 0 9 _ 8 _ 
[00286196] 5 | 6 1 7 11 4 _ _ 0 9 _ 8 _ 
[00286197] 4 | 6 1 7 11 4 8 _ 0 9 _ 8 _ 
[00286198] 4 | 6 1 7 11 4 _ 8 0 9 _ 8 _ 
[00286199] 4 | 6 1 7 11 4 _ _ 0 9 5 8 _ 
[00286200] 4 | 6 1 7 11 4 _ _ 0 9 _ 8 4 
[00286201] 5 | _ 1 7 11 4 9 _ 0 9 _ 8 _ 
[00286202] 4 | 5 1 7 11 4 9 _ 0 9 _ 8 _ 
[00286203] 4 | _ 1 7 11 4 9 8 0 9 _ 8 _ 
[00286204] 4 | _ 1 7 11 4 9 _ 0 9 _ 8 4 
[00286205] 5 | _ 1 7 11 4 _ 9 0 9 _ 8 _ 
[00286206] 4 | 5 1 7 11 4 _ 9 0 9 _ 8 _ 
[00286207] 4 | _ 1 7 11 4 8 9 0 9 _ 8 _ 
[00286208] 4 | _ 1 7 11 4 _ 9 0 9 _ 8 4 
[00286209] 5 | _ 1 7 11 4 _ _ 0 9 4 8 _ 
[00286210] 4 | 5 1 7 11 4 _ _ 0 9 4 8 _ 
[00286211] 5 | _ 1 7 11 4 _ _ 0 9 _ 8 3 
[00286212] 4 | 5 1 7 11 4 _ _ 0 9 _ 8 3 
[00286213] 3 | 5 1 7 11 4 _ _ 0 9 6 8 3 
[00286214] 2 | 5 1 7 11 4 2 _ 0 9 6 8 3 
[00286215] 2 | 5 1 7 11 4 _ 2 0 9 6 8 3 
[00286216] 4 | _ 1 7 11 4 _ _ 0 9 5 8 3 
[00286217] 3 | 4 1 7 11 4 _ _ 0 9 5 8 3 
[00286218] 3 | _ 1 7 11 4 1 _ 0 9 5 8 3 
[00286219] 2 | _ 1 7 11 4 1 2 0 9 5 8 3 
[00286220] 2 | _ 1 7 11 4 1 6 0 9 5 8 3 
[00286221] 3 | _ 1 7 11 4 _ 1 0 9 5 8 3 
[00286222] 2 | _ 1 7 11 4 2 1 0 9 5 8 3 
[00286223] 2 | _ 1 7 11 4 6 1 0 9 5 8 3 
[00286224] 6 | _ 1 _ 11 4 10 _ 0 9 _ 8 _ 
[00286225] 5 | 6 1 _ 11 4 10 _ 0 9 _ 8 _ 
[00286226] 4 | 6 1 5 11 4 10 _ 0 9 _ 8 _ 
[00286227] 3 | 6 1 5 11 4 10 7 0 9 _ 8 _ 
[00286228] 4 | 6 1 _ 11 4 10 8 0 9 _ 8 _ 
[00286229] 4 | 6 1 _ 11 4 10 _ 0 9 5 8 _ 
[00286230] 3 | 6 1 4 11 4 10 _ 0 9 5 8 _ 
[00286231] 3 | 6 1 _ 11 4 10 1 0 9 5 8 _ 
[00286232] 3 | 6 1 _ 11 4 10 7 0 9 5 8 _ 
[00286233] 2 | 6 1 3 11 4 10 7 0 9 5 8 _ 
[00286234] 4 | 6 1 _ 11 4 10 _ 0 9 _ 8 4 
[00286235] 5 | _ 1 6 11 4 10 _ 0 9 _ 8 _ 
[00286236] 4 | 5 1 6 11 4 10 _ 0 9 _ 8 _ 
[00286237] 3 | 5 1 6 11 4 10 7 0 9 _ 8 _ 
[00286238] 4 | _ 1 6 11 4 10 8 0 9 _ 8 _ 
[00286239] 4 | _ 1 6 11 4 10 _ 0 9 5 8 _ 
[00286240] 3 | 4 1 6 11 4 10 _ 0 9 5 8 _ 
[00286241] 3 | _ 1 6 11 4 10 1 0 9 5 8 _ 
[00286242] 3 | _ 1 6 11 4 10 7 0 9 5 8 _ 
[00286243] 2 | 3 1 6 11 4 10 7 0 9 5 8 _ 
[00286244] 4 | _ 1 6 11 4 10 _ 0 9 _ 8 4 
[00286245] 5 | _ 1 _ 11 4 10 9 0 9 _ 8 _ 
[00286246] 4 | 5 1 _ 11 4 10 9 0 9 _ 8 _ 
[00286247] 4 | _ 1 5 11 4 10 9 0 9 _ 8 _ 
[00286248] 5 | _ 1 _ 11 4 10 _ 0 9 4 8 _ 
[00286249] 4 | 5 1 _ 11 4 10 _ 0 9 4 8 _ 
[00286250] 4 | _ 1 5 11 4 10 _ 0 9 4 8 _ 
[00286251] 5 | _ 1 _ 11 4 10 _ 0 9 _ 8 3 
[00286252] 4 | 5 1 _ 11 4 10 _ 0 9 _ 8 3 
[00286253] 3 | 5 1 4 11 4 10 _ 0 9 _ 8 3 
[00286254] 2 | 5 1 4 11 4 10 _ 0 9 7 8 3 
[00286255] 3 | 5 1 _ 11 4 10 1 0 9 _ 8 3 
[00286256] 2 | 5 1 _ 11 4 10 1 0 9 7 8 3 
[00286257] 3 | 5 1 _ 11 4 10 7 0 9 _ 8 3 
[00286258] 3 | 5 1 _ 11 4 10 _ 0 9 6 8 3 
[00286259] 2 | 5 1 _ 11 4 10 2 0 9 6 8 3 
[00286260] 4 | _ 1 5 11 4 10 _ 0 9 _ 8 3 
[00286261] 3 | 4 1 5 11 4 10 _ 0 9 _ 8 3 
[00286262] 2 | 4 1 5 11 4 10 _ 0 9 7 8 3 
[00286263] 3 | _ 1 5 11 4 10 1 0 9 _ 8 3 
[00286264] 2 | _ 1 5 11 4 10 1 0 9 7 8 3 
[00286265] 3 | _ 1 5 11 4 10 7 0 9 _ 8 3 
[00286266] 3 | _ 1 5 11 4 10 _ 0 9 6 8 3 
[00286267] 2 | _ 1 5 11 4 10 2 0 9 6 8 3 
[00286268] 4 | _ 1 _ 11 4 10 _ 0 9 5 8 3 
[00286269] 3 | 4 1 _ 11 4 10 _ 0 9 5 8 3 
[00286270] 3 | _ 1 4 11 4 10 _ 0 9 5 8 3 
[00286271] 3 | _ 1 _ 11 4 10 1 0 9 5 8 3 
[00286272] 3 | _ 1 _ 11 4 10 7 0 9 5 8 3 
[00286273] 6 | _ 1 _ 11 4 _ 10 0 9 _ 8 _ 
[00286274] 5 | 6 1 _ 11 4 _ 10 0 9 _ 8 _ 
[00286275] 4 | 6 1 5 11 4 _ 10 0 9 _ 8 _ 
[00286276] 3 | 6 1 5 11 4 7 10 0 9 _ 8 _ 
[00286277] 4 | 6 1 _ 11 4 8 10 0 9 _ 8 _ 
[00286278] 4 | 6 1 _ 11 4 _ 10 0 9 5 8 _ 
[00286279] 3 | 6 1 4 11 4 _ 10 0 9 5 8 _ 
[00286280] 3 | 6 1 _ 11 4 1 10 0 9 5 8 _ 
[00286281] 3 | 6 1 _ 11 4 7 10 0 9 5 8 _ 
[00286282] 2 | 6 1 3 11 4 7 10 0 9 5 8 _ 
[00286283] 4 | 6 1 _ 11 4 _ 10 0 9 _ 8 4 
[00286284] 5 | _ 1 6 11 4 _ 10 0 9 _ 8 _ 
[00286285] 4 | 5 1 6 11 4 _ 10 0 9 _ 8 _ 
[00286286] 3 | 5 1 6 11 4 7 10 0 9 _ 8 _ 
[00286287] 4 | _ 1 6 11 4 8 10 0 9 _ 8 _ 
[00286288] 4 | _ 1 6 11 4 _ 10 0 9 5 8 _ 
[00286289] 3 | 4 1 6 11 4 _ 10 0 9 5 8 _ 
[00286290] 3 | _ 1 6 11 4 1 10 0 9 5 8 _ 
[00286291] 3 | _ 1 6 11 4 7 10 0 9 5 8 _ 
[00286292] 2 | 3 1 6 11 4 7 10 0 9 5 8 _ 
[00286293] 4 | _ 1 6 11 4 _ 10 0 9 _ 8 4 
[00286294] 5 | _ 1 _ 11 4 9 10 0 9 _ 8 _ 
[00286295] 4 | 5 1 _ 11 4 9 10 0 9 _ 8 _ 
[00286296] 4 | _ 1 5 11 4 9 10 0 9 _ 8 _ 
[00286297] 5 | _ 1 _ 11 4 _ 10 0 9 4 8 _ 
[00286298] 4 | 5 1 _ 11 4 _ 10 0 9 4 8 _ 
[00286299] 4 | _ 1 5 11 4 _ 10 0 9 4 8 _ 
[00286300] 5 | _ 1 _ 11 4 _ 10 0 9 _ 8 3 
[00286301] 4 | 5 1 _ 11 4 _ 10 0 9 _ 8 3 
[00286302] 3 | 5 1 4 11 4 _ 10 0 9 _ 8 3 
[00286303] 2 | 5 1 4 11 4 _ 10 0 9 7 8 3 
[00286304] 3 | 5 1 _ 11 4 1 10 0 9 _ 8 3 
[00286305] 2 | 5 1 _ 11 4 1 10 0 9 7 8 3 
[00286306] 3 | 5 1 _ 11 4 7 10 0 9 _ 8 3 
[00286307] 3 | 5 1 _ 11 4 _ 10 0 9 6 8 3 
[00286308] 2 | 5 1 _ 11 4 2 10 0 9 6 8 3 
[00286309] 4 | _ 1 5 11 4 _ 10 0 9 _ 8 3 
[00286310] 3 | 4 1 5 11 4 _ 10 0 9 _ 8 3 
[00286311] 2 | 4 1 5 11 4 _ 10 0 9 7 8 3 
[00286312] 3 | _ 1 5 11 4 1 10 0 9 _ 8 3 
[00286313] 2 | _ 1 5 11 4 1 10 0 9 7 8 3 
[00286314] 3 | _ 1 5 11 4 7 10 0 9 _ 8 3 
[00286315] 3 | _ 1 5 11 4 _ 10 0 9 6 8 3 
[00286316] 2 | _ 1 5 11 4 2 10 0 9 6 8 3 
[00286317] 4 | _ 1 _ 11 4 _ 10 0 9 5 8 3 
[00286318] 3 | 4 1 _ 11 4 _ 10 0 9 5 8 3 
[00286319] 3 | _ 1 4 11 4 _ 10 0 9 5 8 3 
[00286320] 3 | _ 1 _ 11 4 1 10 0 9 5 8 3 
[00286321] 3 | _ 1 _ 11 4 7 10 0 9 5 8 3 
[00286322] 6 | _ 1 _ 11 4 _ _ 0 9 3 8 _ 
[00286323] 5 | 6 1 _ 11 4 _ _ 0 9 3 8 _ 
[00286324] 4 | 6 1 5 11 4 _ _ 0 9 3 8 _ 
[00286325] 3 | 6 1 5 11 4 7 _ 0 9 3 8 _ 
[00286326] 2 | 6 1 5 11 4 7 2 0 9 3 8 _ 
[00286327] 2 | 6 1 5 11 4 7 _ 0 9 3 8 10 
[00286328] 3 | 6 1 5 11 4 _ 7 0 9 3 8 _ 
[00286329] 2 | 6 1 5 11 4 2 7 0 9 3 8 _ 
[00286330] 2 | 6 1 5 11 4 _ 7 0 9 3 8 10 
[00286331] 4 | 6 1 _ 11 4 8 _ 0 9 3 8 _ 
[00286332] 3 | 6 1 4 11 4 8 _ 0 9 3 8 _ 
[00286333] 3 | 6 1 _ 11 4 8 1 0 9 3 8 _ 
[00286334] 3 | 6 1 _ 11 4 8 7 0 9 3 8 _ 
[00286335] 4 | 6 1 _ 11 4 _ 8 0 9 3 8 _ 
[00286336] 3 | 6 1 4 11 4 _ 8 0 9 3 8 _ 
[00286337] 3 | 6 1 _ 11 4 1 8 0 9 3 8 _ 
[00286338] 3 | 6 1 _ 11 4 7 8 0 9 3 8 _ 
[00286339] 4 | 6 1 _ 11 4 _ _ 0 9 3 8 4 
[00286340] 5 | _ 1 6 11 4 _ _ 0 9 3 8 _ 
[00286341] 4 | 5 1 6 11 4 _ _ 0 9 3 8 _ 
[00286342] 3 | 5 1 6 11 4 7 _ 0 9 3 8 _ 
[00286343] 2 | 5 1 6 11 4 7 2 0 9 3 8 _ 
[00286344] 2 | 5 1 6 11 4 7 _ 0 9 3 8 10 
[00286345] 3 | 5 1 6 11 4 _ 7 0 9 3 8 _ 
[00286346] 2 | 5 1 6 11 4 2 7 0 9 3 8 _ 
[00286347] 2 | 5 1 6 11 4 _ 7 0 9 3 8 10 
[00286348] 4 | _ 1 6 11 4 8 _ 0 9 3 8 _ 
[00286349] 3 | 4 1 6 11 4 8 _ 0 9 3 8 _ 
