[00004934] 2 | 0 11 4 1 6 9 10 10 2 8 5 3 
[00004935] 2 | 0 11 4 1 6 9 10 10 2 8 7 5 
[00004936] 4 | 0 11 4 1 6 _ _ 10 2 8 6 _ 
[00004937] 3 | 0 11 4 1 6 3 _ 10 2 8 6 _ 
[00004938] 3 | 0 11 4 1 6 9 _ 10 2 8 6 _ 
[00004939] 3 | 0 11 4 1 6 _ 3 10 2 8 6 _ 
[00004940] 3 | 0 11 4 1 6 _ 9 10 2 8 6 _ 
[00004941] 3 | 0 11 4 1 6 _ _ 10 2 8 6 3 
[00004942] 3 | 0 11 4 1 6 _ _ 10 2 8 6 9 
[00004943] 4 | 0 11 4 1 6 _ _ 10 2 8 3 7 
[00004944] 3 | 0 11 4 1 6 9 _ 10 2 8 3 7 
[00004945] 3 | 0 11 4 1 6 _ 9 10 2 8 3 7 
[00004946] 4 | 0 11 4 1 6 _ _ 10 2 8 5 9 
[00004947] 3 | 0 11 4 1 6 3 _ 10 2 8 5 9 
[00004948] 3 | 0 11 4 1 6 _ 3 10 2 8 5 9 
[00004949] 4 | 0 11 4 1 6 _ _ 10 2 8 7 3 
[00004950] 3 | 0 11 4 1 6 9 _ 10 2 8 7 3 
[00004951] 3 | 0 11 4 1 6 _ 9 10 2 8 7 3 
[00004952] 4 | 0 11 4 1 6 _ _ 10 2 8 9 5 
[00004953] 3 | 0 11 4 1 6 3 _ 10 2 8 9 5 
[00004954] 3 | 0 11 4 1 6 _ 3 10 2 8 9 5 
[00004955] 5 | 0 11 4 1 _ _ _ 10 2 8 5 _ 
[00004956] 4 | 0 11 4 1 5 _ _ 10 2 8 5 _ 
[00004957] 4 | 0 11 4 1 3 7 _ 10 2 8 5 _ 
[00004958] 3 | 0 11 4 1 3 7 6 10 2 8 5 _ 
[00004959] 4 | 0 11 4 1 7 3 _ 10 2 8 5 _ 
[00004960] 4 | 0 11 4 1 3 _ 7 10 2 8 5 _ 
[00004961] 3 | 0 11 4 1 3 6 7 10 2 8 5 _ 
[00004962] 4 | 0 11 4 1 7 _ 3 10 2 8 5 _ 
[00004963] 4 | 0 11 4 1 _ _ _ 10 2 8 5 1 
[00004964] 3 | 0 11 4 1 3 6 _ 10 2 8 5 1 
[00004965] 3 | 0 11 4 1 6 9 _ 10 2 8 5 1 
[00004966] 3 | 0 11 4 1 6 3 _ 10 2 8 5 1 
[00004967] 3 | 0 11 4 1 9 6 _ 10 2 8 5 1 
[00004968] 2 | 0 11 4 1 9 6 7 10 2 8 5 1 
[00004969] 3 | 0 11 4 1 3 _ 6 10 2 8 5 1 
[00004970] 3 | 0 11 4 1 6 _ 9 10 2 8 5 1 
[00004971] 3 | 0 11 4 1 6 _ 3 10 2 8 5 1 
[00004972] 3 | 0 11 4 1 9 _ 6 10 2 8 5 1 
[00004973] 2 | 0 11 4 1 9 7 6 10 2 8 5 1 
[00004974] 4 | 0 11 4 1 _ _ _ 10 2 8 5 9 
[00004975] 3 | 0 11 4 1 3 6 _ 10 2 8 5 9 
[00004976] 3 | 0 11 4 1 6 3 _ 10 2 8 5 9 
[00004977] 3 | 0 11 4 1 3 _ 6 10 2 8 5 9 
[00004978] 3 | 0 11 4 1 6 _ 3 10 2 8 5 9 
[00004979] 6 | 0 11 4 1 _ _ _ 10 2 _ 3 9 
[00004980] 5 | 0 11 4 1 6 _ _ 10 2 _ 3 9 
[00004981] 4 | 0 11 4 1 6 2 _ 10 2 _ 3 9 
[00004982] 4 | 0 11 4 1 6 _ 2 10 2 _ 3 9 
[00004983] 4 | 0 11 4 1 6 _ _ 10 2 6 3 9 
[00004984] 5 | 0 11 4 1 _ _ _ 10 2 7 3 9 
[00004985] 4 | 0 11 4 1 5 _ _ 10 2 7 3 9 
[00004986] 3 | 0 11 4 1 5 8 _ 10 2 7 3 9 
[00004987] 3 | 0 11 4 1 5 _ 8 10 2 7 3 9 
[00004988] 6 | 0 11 4 1 _ _ _ 10 2 _ 9 3 
[00004989] 5 | 0 11 4 1 6 _ _ 10 2 _ 9 3 
[00004990] 4 | 0 11 4 1 6 2 _ 10 2 _ 9 3 
[00004991] 4 | 0 11 4 1 6 _ 2 10 2 _ 9 3 
[00004992] 4 | 0 11 4 1 6 _ _ 10 2 6 9 3 
[00004993] 5 | 0 11 4 1 _ _ _ 10 2 7 9 3 
[00004994] 4 | 0 11 4 1 5 _ _ 10 2 7 9 3 
[00004995] 3 | 0 11 4 1 5 8 _ 10 2 7 9 3 
[00004996] 3 | 0 11 4 1 5 _ 8 10 2 7 9 3 
[00004997] 7 | 0 11 _ 1 8 _ _ 10 2 _ _ _ 
[00004998] 6 | 0 11 5 1 8 _ _ 10 2 _ _ _ 
[00004999] 5 | 0 11 5 1 8 3 _ 10 2 _ _ _ 
[00005000] 4 | 0 11 5 1 8 3 4 10 2 _ _ _ 
[00005001] 3 | 0 11 5 1 8 3 4 10 2 _ 7 _ 
[00005002] 2 | 0 11 5 1 8 3 4 10 2 _ 7 9 
[00005003] 3 | 0 11 5 1 8 3 4 10 2 _ 6 9 
[00005004] 3 | 0 11 5 1 8 3 4 10 2 _ 9 6 
[00005005] 4 | 0 11 5 1 8 3 _ 10 2 6 _ _ 
[00005006] 3 | 0 11 5 1 8 3 _ 10 2 6 7 _ 
[00005007] 2 | 0 11 5 1 8 3 _ 10 2 6 7 9 
[00005008] 3 | 0 11 5 1 8 3 _ 10 2 6 4 7 
[00005009] 3 | 0 11 5 1 8 3 _ 10 2 6 7 4 
[00005010] 4 | 0 11 5 1 8 3 _ 10 2 _ 6 _ 
[00005011] 3 | 0 11 5 1 8 3 _ 10 2 _ 6 9 
[00005012] 2 | 0 11 5 1 8 3 _ 10 2 4 6 9 
[00005013] 1 | 0 11 5 1 8 3 7 10 2 4 6 9  *Graceful*
[00005013] 5 | 0 11 5 1 8 _ 3 10 2 _ _ _ 
[00005014] 4 | 0 11 5 1 8 4 3 10 2 _ _ _ 
[00005015] 3 | 0 11 5 1 8 4 3 10 2 _ 7 _ 
[00005016] 2 | 0 11 5 1 8 4 3 10 2 _ 7 9 
[00005017] 3 | 0 11 5 1 8 4 3 10 2 _ 6 9 
[00005018] 3 | 0 11 5 1 8 4 3 10 2 _ 9 6 
[00005019] 4 | 0 11 5 1 8 _ 3 10 2 6 _ _ 
[00005020] 3 | 0 11 5 1 8 _ 3 10 2 6 7 _ 
[00005021] 2 | 0 11 5 1 8 _ 3 10 2 6 7 9 
[00005022] 3 | 0 11 5 1 8 _ 3 10 2 6 4 7 
[00005023] 3 | 0 11 5 1 8 _ 3 10 2 6 7 4 
[00005024] 4 | 0 11 5 1 8 _ 3 10 2 _ 6 _ 
[00005025] 3 | 0 11 5 1 8 _ 3 10 2 _ 6 9 
[00005026] 2 | 0 11 5 1 8 _ 3 10 2 4 6 9 
[00005027] 1 | 0 11 5 1 8 7 3 10 2 4 6 9  *Graceful*
[00005027] 5 | 0 11 5 1 8 _ _ 10 2 7 _ _ 
[00005028] 4 | 0 11 5 1 8 4 _ 10 2 7 _ _ 
[00005029] 3 | 0 11 5 1 8 4 _ 10 2 7 3 6 
[00005030] 3 | 0 11 5 1 8 4 _ 10 2 7 6 9 
[00005031] 3 | 0 11 5 1 8 4 _ 10 2 7 6 3 
[00005032] 3 | 0 11 5 1 8 4 _ 10 2 7 9 6 
[00005033] 4 | 0 11 5 1 8 _ 4 10 2 7 _ _ 
[00005034] 3 | 0 11 5 1 8 _ 4 10 2 7 3 6 
[00005035] 3 | 0 11 5 1 8 _ 4 10 2 7 6 9 
[00005036] 3 | 0 11 5 1 8 _ 4 10 2 7 6 3 
[00005037] 3 | 0 11 5 1 8 _ 4 10 2 7 9 6 
[00005038] 4 | 0 11 5 1 8 _ _ 10 2 7 6 _ 
[00005039] 3 | 0 11 5 1 8 _ _ 10 2 7 6 3 
[00005040] 3 | 0 11 5 1 8 _ _ 10 2 7 6 9 
[00005041] 5 | 0 11 5 1 8 _ _ 10 2 _ 4 9 
[00005042] 4 | 0 11 5 1 8 _ _ 10 2 6 4 9 
[00005043] 5 | 0 11 5 1 8 _ _ 10 2 _ 9 4 
[00005044] 4 | 0 11 5 1 8 _ _ 10 2 6 9 4 
[00005045] 6 | 0 11 _ 1 8 2 _ 10 2 _ _ _ 
[00005046] 5 | 0 11 6 1 8 2 _ 10 2 _ _ _ 
[00005047] 4 | 0 11 6 1 8 2 4 10 2 _ _ _ 
[00005048] 3 | 0 11 6 1 8 2 4 10 2 _ 7 _ 
[00005049] 2 | 0 11 6 1 8 2 4 10 2 _ 7 5 
[00005050] 2 | 0 11 6 1 8 2 4 10 2 _ 7 9 
[00005051] 4 | 0 11 6 1 8 2 _ 10 2 _ 3 7 
[00005052] 3 | 0 11 6 1 8 2 5 10 2 _ 3 7 
[00005053] 4 | 0 11 6 1 8 2 _ 10 2 _ 5 9 
[00005054] 4 | 0 11 6 1 8 2 _ 10 2 _ 7 3 
[00005055] 3 | 0 11 6 1 8 2 5 10 2 _ 7 3 
[00005056] 4 | 0 11 6 1 8 2 _ 10 2 _ 9 5 
[00005057] 5 | 0 11 _ 1 8 2 3 10 2 _ _ _ 
[00005058] 4 | 0 11 7 1 8 2 3 10 2 _ _ _ 
[00005059] 3 | 0 11 7 1 8 2 3 10 2 _ 6 9 
[00005060] 3 | 0 11 7 1 8 2 3 10 2 _ 9 6 
[00005061] 4 | 0 11 _ 1 8 2 3 10 2 _ 6 _ 
[00005062] 3 | 0 11 _ 1 8 2 3 10 2 _ 6 9 
[00005063] 4 | 0 11 _ 1 8 2 3 10 2 _ 5 9 
[00005064] 4 | 0 11 _ 1 8 2 3 10 2 _ 9 5 
[00005065] 5 | 0 11 _ 1 8 2 _ 10 2 _ 5 _ 
[00005066] 4 | 0 11 7 1 8 2 _ 10 2 _ 5 _ 
[00005067] 3 | 0 11 7 1 8 2 5 10 2 _ 5 _ 
[00005068] 3 | 0 11 7 1 8 2 _ 10 2 _ 5 8 
[00005069] 4 | 0 11 _ 1 8 2 4 10 2 _ 5 _ 
[00005070] 4 | 0 11 _ 1 8 2 _ 10 2 _ 5 9 
[00005071] 3 | 0 11 8 1 8 2 _ 10 2 _ 5 9 
[00005072] 3 | 0 11 _ 1 8 2 11 10 2 _ 5 9 
[00005073] 5 | 0 11 _ 1 8 2 _ 10 2 _ 4 9 
[00005074] 4 | 0 11 7 1 8 2 _ 10 2 _ 4 9 
[00005075] 3 | 0 11 7 1 8 2 5 10 2 _ 4 9 
[00005076] 5 | 0 11 _ 1 8 2 _ 10 2 _ 9 4 
[00005077] 4 | 0 11 7 1 8 2 _ 10 2 _ 9 4 
[00005078] 3 | 0 11 7 1 8 2 5 10 2 _ 9 4 
[00005079] 6 | 0 11 _ 1 8 _ 2 10 2 _ _ _ 
[00005080] 5 | 0 11 6 1 8 _ 2 10 2 _ _ _ 
[00005081] 4 | 0 11 6 1 8 4 2 10 2 _ _ _ 
[00005082] 3 | 0 11 6 1 8 4 2 10 2 _ 7 _ 
[00005083] 2 | 0 11 6 1 8 4 2 10 2 _ 7 5 
[00005084] 2 | 0 11 6 1 8 4 2 10 2 _ 7 9 
[00005085] 4 | 0 11 6 1 8 _ 2 10 2 _ 3 7 
[00005086] 3 | 0 11 6 1 8 5 2 10 2 _ 3 7 
[00005087] 4 | 0 11 6 1 8 _ 2 10 2 _ 5 9 
[00005088] 4 | 0 11 6 1 8 _ 2 10 2 _ 7 3 
[00005089] 3 | 0 11 6 1 8 5 2 10 2 _ 7 3 
[00005090] 4 | 0 11 6 1 8 _ 2 10 2 _ 9 5 
[00005091] 5 | 0 11 _ 1 8 3 2 10 2 _ _ _ 
[00005092] 4 | 0 11 7 1 8 3 2 10 2 _ _ _ 
[00005093] 3 | 0 11 7 1 8 3 2 10 2 _ 6 9 
[00005094] 3 | 0 11 7 1 8 3 2 10 2 _ 9 6 
[00005095] 4 | 0 11 _ 1 8 3 2 10 2 _ 6 _ 
[00005096] 3 | 0 11 _ 1 8 3 2 10 2 _ 6 9 
[00005097] 4 | 0 11 _ 1 8 3 2 10 2 _ 5 9 
[00005098] 4 | 0 11 _ 1 8 3 2 10 2 _ 9 5 
[00005099] 5 | 0 11 _ 1 8 _ 2 10 2 _ 5 _ 
[00005100] 4 | 0 11 7 1 8 _ 2 10 2 _ 5 _ 
[00005101] 3 | 0 11 7 1 8 5 2 10 2 _ 5 _ 
[00005102] 3 | 0 11 7 1 8 _ 2 10 2 _ 5 8 
[00005103] 4 | 0 11 _ 1 8 4 2 10 2 _ 5 _ 
[00005104] 4 | 0 11 _ 1 8 _ 2 10 2 _ 5 9 
[00005105] 3 | 0 11 8 1 8 _ 2 10 2 _ 5 9 
[00005106] 3 | 0 11 _ 1 8 11 2 10 2 _ 5 9 
[00005107] 5 | 0 11 _ 1 8 _ 2 10 2 _ 4 9 
[00005108] 4 | 0 11 7 1 8 _ 2 10 2 _ 4 9 
[00005109] 3 | 0 11 7 1 8 5 2 10 2 _ 4 9 
[00005110] 5 | 0 11 _ 1 8 _ 2 10 2 _ 9 4 
[00005111] 4 | 0 11 7 1 8 _ 2 10 2 _ 9 4 
[00005112] 3 | 0 11 7 1 8 5 2 10 2 _ 9 4 
[00005113] 6 | 0 11 _ 1 8 _ _ 10 2 8 _ _ 
[00005114] 5 | 0 11 6 1 8 _ _ 10 2 8 _ _ 
[00005115] 4 | 0 11 6 1 8 _ _ 10 2 8 3 7 
[00005116] 4 | 0 11 6 1 8 _ _ 10 2 8 5 9 
[00005117] 4 | 0 11 6 1 8 _ _ 10 2 8 7 3 
[00005118] 4 | 0 11 6 1 8 _ _ 10 2 8 9 5 
[00005119] 5 | 0 11 _ 1 8 _ _ 10 2 8 5 _ 
[00005120] 4 | 0 11 7 1 8 _ _ 10 2 8 5 _ 
[00005121] 4 | 0 11 _ 1 8 _ _ 10 2 8 5 9 
[00005122] 5 | 0 11 _ 1 8 _ _ 10 2 8 4 9 
[00005123] 4 | 0 11 7 1 8 _ _ 10 2 8 4 9 
[00005124] 5 | 0 11 _ 1 8 _ _ 10 2 8 9 4 
[00005125] 4 | 0 11 7 1 8 _ _ 10 2 8 9 4 
[00005126] 6 | 0 11 _ 1 8 _ _ 10 2 _ 4 _ 
[00005127] 5 | 0 11 6 1 8 _ _ 10 2 _ 4 _ 
[00005128] 4 | 0 11 6 1 8 4 _ 10 2 _ 4 _ 
[00005129] 3 | 0 11 6 1 8 4 5 10 2 _ 4 _ 
[00005130] 3 | 0 11 6 1 8 4 _ 10 2 5 4 _ 
[00005131] 4 | 0 11 6 1 8 _ 4 10 2 _ 4 _ 
[00005132] 3 | 0 11 6 1 8 5 4 10 2 _ 4 _ 
[00005133] 3 | 0 11 6 1 8 _ 4 10 2 5 4 _ 
[00005134] 4 | 0 11 6 1 8 _ _ 10 2 _ 4 8 
[00005135] 3 | 0 11 6 1 8 _ _ 10 2 5 4 8 
[00005136] 5 | 0 11 _ 1 8 3 _ 10 2 _ 4 _ 
[00005137] 4 | 0 11 7 1 8 3 _ 10 2 _ 4 _ 
[00005138] 3 | 0 11 7 1 8 3 5 10 2 _ 4 _ 
[00005139] 2 | 0 11 7 1 8 3 5 10 2 4 4 _ 
[00005140] 2 | 0 11 7 1 8 3 5 10 2 _ 4 2 
[00005141] 2 | 0 11 7 1 8 3 5 10 2 _ 4 6 
[00005142] 3 | 0 11 7 1 8 3 _ 10 2 5 4 _ 
[00005143] 2 | 0 11 7 1 8 3 6 10 2 5 4 _ 
[00005144] 2 | 0 11 7 1 8 3 _ 10 2 5 4 6 
[00005145] 1 | 0 11 7 1 8 3 9 10 2 5 4 6  *Graceful*
[00005145] 4 | 0 11 _ 1 8 3 4 10 2 _ 4 _ 
[00005146] 3 | 0 11 _ 1 8 3 4 10 2 5 4 _ 
[00005147] 2 | 0 11 9 1 8 3 4 10 2 5 4 _ 
[00005148] 4 | 0 11 _ 1 8 3 _ 10 2 6 4 _ 
[00005149] 3 | 0 11 8 1 8 3 _ 10 2 6 4 _ 
[00005150] 3 | 0 11 _ 1 8 3 5 10 2 6 4 _ 
[00005151] 2 | 0 11 9 1 8 3 5 10 2 6 4 _ 
[00005152] 3 | 0 11 _ 1 8 3 11 10 2 6 4 _ 
[00005153] 3 | 0 11 _ 1 8 3 _ 10 2 6 4 7 
[00005154] 2 | 0 11 9 1 8 3 _ 10 2 6 4 7 
[00005155] 4 | 0 11 _ 1 8 3 _ 10 2 _ 4 8 
[00005156] 3 | 0 11 _ 1 8 3 _ 10 2 5 4 8 
[00005157] 2 | 0 11 9 1 8 3 _ 10 2 5 4 8 
[00005158] 5 | 0 11 _ 1 8 _ 3 10 2 _ 4 _ 
[00005159] 4 | 0 11 7 1 8 _ 3 10 2 _ 4 _ 
[00005160] 3 | 0 11 7 1 8 5 3 10 2 _ 4 _ 
[00005161] 2 | 0 11 7 1 8 5 3 10 2 4 4 _ 
[00005162] 2 | 0 11 7 1 8 5 3 10 2 _ 4 2 
[00005163] 2 | 0 11 7 1 8 5 3 10 2 _ 4 6 
[00005164] 3 | 0 11 7 1 8 _ 3 10 2 5 4 _ 
[00005165] 2 | 0 11 7 1 8 6 3 10 2 5 4 _ 
[00005166] 2 | 0 11 7 1 8 _ 3 10 2 5 4 6 
[00005167] 1 | 0 11 7 1 8 9 3 10 2 5 4 6  *Graceful*
[00005167] 4 | 0 11 _ 1 8 4 3 10 2 _ 4 _ 
[00005168] 3 | 0 11 _ 1 8 4 3 10 2 5 4 _ 
[00005169] 2 | 0 11 9 1 8 4 3 10 2 5 4 _ 
[00005170] 4 | 0 11 _ 1 8 _ 3 10 2 6 4 _ 
[00005171] 3 | 0 11 8 1 8 _ 3 10 2 6 4 _ 
[00005172] 3 | 0 11 _ 1 8 5 3 10 2 6 4 _ 
[00005173] 2 | 0 11 9 1 8 5 3 10 2 6 4 _ 
[00005174] 3 | 0 11 _ 1 8 11 3 10 2 6 4 _ 
[00005175] 3 | 0 11 _ 1 8 _ 3 10 2 6 4 7 
[00005176] 2 | 0 11 9 1 8 _ 3 10 2 6 4 7 
[00005177] 4 | 0 11 _ 1 8 _ 3 10 2 _ 4 8 
[00005178] 3 | 0 11 _ 1 8 _ 3 10 2 5 4 8 
[00005179] 2 | 0 11 9 1 8 _ 3 10 2 5 4 8 
[00005180] 5 | 0 11 _ 1 8 _ _ 10 2 7 4 _ 
[00005181] 4 | 0 11 _ 1 8 4 _ 10 2 7 4 _ 
[00005182] 3 | 0 11 8 1 8 4 _ 10 2 7 4 _ 
[00005183] 3 | 0 11 _ 1 8 4 5 10 2 7 4 _ 
[00005184] 2 | 0 11 9 1 8 4 5 10 2 7 4 _ 
[00005185] 3 | 0 11 _ 1 8 4 11 10 2 7 4 _ 
[00005186] 4 | 0 11 _ 1 8 _ 4 10 2 7 4 _ 
[00005187] 3 | 0 11 8 1 8 _ 4 10 2 7 4 _ 
[00005188] 3 | 0 11 _ 1 8 5 4 10 2 7 4 _ 
[00005189] 2 | 0 11 9 1 8 5 4 10 2 7 4 _ 
[00005190] 3 | 0 11 _ 1 8 11 4 10 2 7 4 _ 
[00005191] 4 | 0 11 _ 1 8 _ _ 10 2 7 4 8 
[00005192] 5 | 0 11 _ 1 8 _ _ 10 2 _ 4 9 
[00005193] 4 | 0 11 7 1 8 _ _ 10 2 _ 4 9 
[00005194] 3 | 0 11 7 1 8 5 _ 10 2 _ 4 9 
[00005195] 2 | 0 11 7 1 8 5 6 10 2 _ 4 9 
[00005196] 1 | 0 11 7 1 8 5 6 10 2 3 4 9  *Graceful*
[00005196] 3 | 0 11 7 1 8 _ 5 10 2 _ 4 9 
[00005197] 2 | 0 11 7 1 8 6 5 10 2 _ 4 9 
[00005198] 1 | 0 11 7 1 8 6 5 10 2 3 4 9  *Graceful*
[00005198] 3 | 0 11 7 1 8 _ _ 10 2 5 4 9 
[00005199] 2 | 0 11 7 1 8 6 _ 10 2 5 4 9 
[00005200] 2 | 0 11 7 1 8 _ 6 10 2 5 4 9 
[00005201] 4 | 0 11 _ 1 8 _ _ 10 2 6 4 9 
[00005202] 3 | 0 11 8 1 8 _ _ 10 2 6 4 9 
[00005203] 3 | 0 11 _ 1 8 5 _ 10 2 6 4 9 
[00005204] 3 | 0 11 _ 1 8 11 _ 10 2 6 4 9 
[00005205] 3 | 0 11 _ 1 8 _ 5 10 2 6 4 9 
[00005206] 3 | 0 11 _ 1 8 _ 11 10 2 6 4 9 
[00005207] 6 | 0 11 _ 1 8 _ _ 10 2 _ 3 9 
[00005208] 5 | 0 11 6 1 8 _ _ 10 2 _ 3 9 
[00005209] 4 | 0 11 6 1 8 4 _ 10 2 _ 3 9 
[00005210] 3 | 0 11 6 1 8 4 5 10 2 _ 3 9 
[00005211] 3 | 0 11 6 1 8 4 _ 10 2 5 3 9 
[00005212] 4 | 0 11 6 1 8 _ 4 10 2 _ 3 9 
[00005213] 3 | 0 11 6 1 8 5 4 10 2 _ 3 9 
[00005214] 3 | 0 11 6 1 8 _ 4 10 2 5 3 9 
[00005215] 5 | 0 11 _ 1 8 _ _ 10 2 7 3 9 
[00005216] 4 | 0 11 _ 1 8 4 _ 10 2 7 3 9 
[00005217] 3 | 0 11 8 1 8 4 _ 10 2 7 3 9 
[00005218] 3 | 0 11 _ 1 8 4 5 10 2 7 3 9 
[00005219] 3 | 0 11 _ 1 8 4 11 10 2 7 3 9 
[00005220] 4 | 0 11 _ 1 8 _ 4 10 2 7 3 9 
[00005221] 3 | 0 11 8 1 8 _ 4 10 2 7 3 9 
[00005222] 3 | 0 11 _ 1 8 5 4 10 2 7 3 9 
[00005223] 3 | 0 11 _ 1 8 11 4 10 2 7 3 9 
[00005224] 6 | 0 11 _ 1 8 _ _ 10 2 _ 9 3 
[00005225] 5 | 0 11 6 1 8 _ _ 10 2 _ 9 3 
[00005226] 4 | 0 11 6 1 8 4 _ 10 2 _ 9 3 
[00005227] 3 | 0 11 6 1 8 4 5 10 2 _ 9 3 
[00005228] 3 | 0 11 6 1 8 4 _ 10 2 5 9 3 
[00005229] 4 | 0 11 6 1 8 _ 4 10 2 _ 9 3 
[00005230] 3 | 0 11 6 1 8 5 4 10 2 _ 9 3 
[00005231] 3 | 0 11 6 1 8 _ 4 10 2 5 9 3 
[00005232] 5 | 0 11 _ 1 8 _ _ 10 2 7 9 3 
[00005233] 4 | 0 11 _ 1 8 4 _ 10 2 7 9 3 
[00005234] 3 | 0 11 8 1 8 4 _ 10 2 7 9 3 
[00005235] 3 | 0 11 _ 1 8 4 5 10 2 7 9 3 
[00005236] 3 | 0 11 _ 1 8 4 11 10 2 7 9 3 
[00005237] 4 | 0 11 _ 1 8 _ 4 10 2 7 9 3 
[00005238] 3 | 0 11 8 1 8 _ 4 10 2 7 9 3 
[00005239] 3 | 0 11 _ 1 8 5 4 10 2 7 9 3 
[00005240] 3 | 0 11 _ 1 8 11 4 10 2 7 9 3 
[00005241] 7 | 0 11 _ 1 _ _ _ 10 2 9 _ _ 
[00005242] 6 | 0 11 5 1 _ _ _ 10 2 9 _ _ 
[00005243] 5 | 0 11 5 1 6 _ _ 10 2 9 _ _ 
[00005244] 4 | 0 11 5 1 6 10 _ 10 2 9 _ _ 
[00005245] 3 | 0 11 5 1 6 10 3 10 2 9 _ _ 
[00005246] 3 | 0 11 5 1 6 10 _ 10 2 9 4 7 
[00005247] 2 | 0 11 5 1 6 10 8 10 2 9 4 7 
[00005248] 3 | 0 11 5 1 6 10 _ 10 2 9 7 4 
[00005249] 2 | 0 11 5 1 6 10 8 10 2 9 7 4 
[00005250] 4 | 0 11 5 1 6 _ 10 10 2 9 _ _ 
[00005251] 3 | 0 11 5 1 6 3 10 10 2 9 _ _ 
[00005252] 3 | 0 11 5 1 6 _ 10 10 2 9 4 7 
[00005253] 2 | 0 11 5 1 6 8 10 10 2 9 4 7 
[00005254] 3 | 0 11 5 1 6 _ 10 10 2 9 7 4 
[00005255] 2 | 0 11 5 1 6 8 10 10 2 9 7 4 
[00005256] 4 | 0 11 5 1 6 _ _ 10 2 9 6 _ 
[00005257] 3 | 0 11 5 1 6 3 _ 10 2 9 6 _ 
[00005258] 2 | 0 11 5 1 6 3 4 10 2 9 6 _ 
[00005259] 2 | 0 11 5 1 6 3 8 10 2 9 6 _ 
[00005260] 2 | 0 11 5 1 6 3 _ 10 2 9 6 4 
[00005261] 2 | 0 11 5 1 6 3 _ 10 2 9 6 8 
[00005262] 3 | 0 11 5 1 6 _ 3 10 2 9 6 _ 
[00005263] 2 | 0 11 5 1 6 4 3 10 2 9 6 _ 
[00005264] 2 | 0 11 5 1 6 8 3 10 2 9 6 _ 
[00005265] 2 | 0 11 5 1 6 _ 3 10 2 9 6 4 
[00005266] 2 | 0 11 5 1 6 _ 3 10 2 9 6 8 
[00005267] 3 | 0 11 5 1 6 _ _ 10 2 9 6 3 
[00005268] 4 | 0 11 5 1 6 _ _ 10 2 9 3 7 
[00005269] 4 | 0 11 5 1 6 _ _ 10 2 9 4 8 
[00005270] 3 | 0 11 5 1 6 3 _ 10 2 9 4 8 
[00005271] 3 | 0 11 5 1 6 _ 3 10 2 9 4 8 
[00005272] 4 | 0 11 5 1 6 _ _ 10 2 9 7 3 
[00005273] 4 | 0 11 5 1 6 _ _ 10 2 9 8 4 
[00005274] 3 | 0 11 5 1 6 3 _ 10 2 9 8 4 
[00005275] 3 | 0 11 5 1 6 _ 3 10 2 9 8 4 
[00005276] 5 | 0 11 5 1 3 8 _ 10 2 9 _ _ 
[00005277] 4 | 0 11 5 1 3 8 7 10 2 9 _ _ 
[00005278] 4 | 0 11 5 1 3 8 _ 10 2 9 6 _ 
[00005279] 3 | 0 11 5 1 3 8 6 10 2 9 6 _ 
[00005280] 3 | 0 11 5 1 3 8 _ 10 2 9 6 3 
[00005281] 5 | 0 11 5 1 8 3 _ 10 2 9 _ _ 
[00005282] 4 | 0 11 5 1 8 3 4 10 2 9 _ _ 
[00005283] 3 | 0 11 5 1 8 3 4 10 2 9 7 _ 
[00005284] 4 | 0 11 5 1 8 3 _ 10 2 9 6 _ 
[00005285] 5 | 0 11 5 1 3 _ 8 10 2 9 _ _ 
[00005286] 4 | 0 11 5 1 3 7 8 10 2 9 _ _ 
[00005287] 4 | 0 11 5 1 3 _ 8 10 2 9 6 _ 
[00005288] 3 | 0 11 5 1 3 6 8 10 2 9 6 _ 
[00005289] 3 | 0 11 5 1 3 _ 8 10 2 9 6 3 
[00005290] 5 | 0 11 5 1 8 _ 3 10 2 9 _ _ 
[00005291] 4 | 0 11 5 1 8 4 3 10 2 9 _ _ 
[00005292] 3 | 0 11 5 1 8 4 3 10 2 9 7 _ 
[00005293] 4 | 0 11 5 1 8 _ 3 10 2 9 6 _ 
[00005294] 5 | 0 11 5 1 _ _ _ 10 2 9 3 8 
[00005295] 5 | 0 11 5 1 _ _ _ 10 2 9 8 3 
[00005296] 6 | 0 11 _ 1 7 _ _ 10 2 9 _ _ 
[00005297] 5 | 0 11 6 1 7 _ _ 10 2 9 _ _ 
[00005298] 4 | 0 11 6 1 7 3 _ 10 2 9 _ _ 
[00005299] 3 | 0 11 6 1 7 3 4 10 2 9 _ _ 
[00005300] 2 | 0 11 6 1 7 3 4 10 2 9 8 _ 
[00005301] 3 | 0 11 6 1 7 3 10 10 2 9 _ _ 
[00005302] 3 | 0 11 6 1 7 3 _ 10 2 9 7 _ 
[00005303] 2 | 0 11 6 1 7 3 5 10 2 9 7 _ 
[00005304] 2 | 0 11 6 1 7 3 _ 10 2 9 7 5 
[00005305] 3 | 0 11 6 1 7 3 _ 10 2 9 5 8 
[00005306] 3 | 0 11 6 1 7 3 _ 10 2 9 8 5 
[00005307] 4 | 0 11 6 1 7 _ 3 10 2 9 _ _ 
[00005308] 3 | 0 11 6 1 7 4 3 10 2 9 _ _ 
[00005309] 2 | 0 11 6 1 7 4 3 10 2 9 8 _ 
[00005310] 3 | 0 11 6 1 7 10 3 10 2 9 _ _ 
[00005311] 3 | 0 11 6 1 7 _ 3 10 2 9 7 _ 
[00005312] 2 | 0 11 6 1 7 5 3 10 2 9 7 _ 
[00005313] 2 | 0 11 6 1 7 _ 3 10 2 9 7 5 
[00005314] 3 | 0 11 6 1 7 _ 3 10 2 9 5 8 
[00005315] 3 | 0 11 6 1 7 _ 3 10 2 9 8 5 
[00005316] 4 | 0 11 6 1 7 _ _ 10 2 9 4 8 
[00005317] 4 | 0 11 6 1 7 _ _ 10 2 9 8 4 
[00005318] 5 | 0 11 _ 1 7 _ _ 10 2 9 5 _ 
[00005319] 4 | 0 11 7 1 7 _ _ 10 2 9 5 _ 
[00005320] 3 | 0 11 7 1 7 _ _ 10 2 9 5 8 
[00005321] 4 | 0 11 _ 1 7 3 _ 10 2 9 5 _ 
[00005322] 3 | 0 11 8 1 7 3 _ 10 2 9 5 _ 
[00005323] 2 | 0 11 8 1 7 3 5 10 2 9 5 _ 
[00005324] 2 | 0 11 8 1 7 3 _ 10 2 9 5 7 
[00005325] 3 | 0 11 _ 1 7 3 4 10 2 9 5 _ 
[00005326] 3 | 0 11 _ 1 7 3 _ 10 2 9 5 8 
[00005327] 4 | 0 11 _ 1 7 11 _ 10 2 9 5 _ 
[00005328] 3 | 0 11 _ 1 7 11 4 10 2 9 5 _ 
[00005329] 2 | 0 11 _ 1 7 11 4 10 2 9 5 3 
[00005330] 3 | 0 11 _ 1 7 11 _ 10 2 9 5 8 
[00005331] 4 | 0 11 _ 1 7 _ 3 10 2 9 5 _ 
[00005332] 3 | 0 11 8 1 7 _ 3 10 2 9 5 _ 
[00005333] 2 | 0 11 8 1 7 5 3 10 2 9 5 _ 
[00005334] 2 | 0 11 8 1 7 _ 3 10 2 9 5 7 
[00005335] 3 | 0 11 _ 1 7 4 3 10 2 9 5 _ 
[00005336] 3 | 0 11 _ 1 7 _ 3 10 2 9 5 8 
[00005337] 4 | 0 11 _ 1 7 _ 11 10 2 9 5 _ 
[00005338] 3 | 0 11 _ 1 7 4 11 10 2 9 5 _ 
[00005339] 2 | 0 11 _ 1 7 4 11 10 2 9 5 3 
[00005340] 3 | 0 11 _ 1 7 _ 11 10 2 9 5 8 
[00005341] 5 | 0 11 _ 1 7 _ _ 10 2 9 3 8 
[00005342] 4 | 0 11 7 1 7 _ _ 10 2 9 3 8 
[00005343] 4 | 0 11 _ 1 7 11 _ 10 2 9 3 8 
[00005344] 3 | 0 11 _ 1 7 11 4 10 2 9 3 8 
[00005345] 4 | 0 11 _ 1 7 _ 11 10 2 9 3 8 
[00005346] 3 | 0 11 _ 1 7 4 11 10 2 9 3 8 
[00005347] 5 | 0 11 _ 1 7 _ _ 10 2 9 8 3 
[00005348] 4 | 0 11 7 1 7 _ _ 10 2 9 8 3 
[00005349] 4 | 0 11 _ 1 7 11 _ 10 2 9 8 3 
[00005350] 3 | 0 11 _ 1 7 11 4 10 2 9 8 3 
[00005351] 4 | 0 11 _ 1 7 _ 11 10 2 9 8 3 
[00005352] 3 | 0 11 _ 1 7 4 11 10 2 9 8 3 
[00005353] 6 | 0 11 _ 1 _ _ _ 10 2 9 4 _ 
[00005354] 5 | 0 11 6 1 _ _ _ 10 2 9 4 _ 
[00005355] 4 | 0 11 6 1 5 _ _ 10 2 9 4 _ 
[00005356] 3 | 0 11 6 1 5 8 _ 10 2 9 4 _ 
[00005357] 2 | 0 11 6 1 5 8 3 10 2 9 4 _ 
[00005358] 2 | 0 11 6 1 5 8 7 10 2 9 4 _ 
[00005359] 1 | 0 11 6 1 5 8 7 10 2 9 4 3  *Graceful*
[00005359] 3 | 0 11 6 1 5 _ 8 10 2 9 4 _ 
[00005360] 2 | 0 11 6 1 5 3 8 10 2 9 4 _ 
[00005361] 2 | 0 11 6 1 5 7 8 10 2 9 4 _ 
[00005362] 1 | 0 11 6 1 5 7 8 10 2 9 4 3  *Graceful*
[00005362] 3 | 0 11 6 1 5 _ _ 10 2 9 4 7 
[00005363] 2 | 0 11 6 1 5 3 _ 10 2 9 4 7 
[00005364] 2 | 0 11 6 1 5 _ 3 10 2 9 4 7 
[00005365] 4 | 0 11 6 1 3 7 _ 10 2 9 4 _ 
[00005366] 4 | 0 11 6 1 7 3 _ 10 2 9 4 _ 
[00005367] 3 | 0 11 6 1 7 3 4 10 2 9 4 _ 
[00005368] 3 | 0 11 6 1 7 3 _ 10 2 9 4 7 
[00005369] 4 | 0 11 6 1 3 _ 7 10 2 9 4 _ 
[00005370] 4 | 0 11 6 1 7 _ 3 10 2 9 4 _ 
[00005371] 3 | 0 11 6 1 7 4 3 10 2 9 4 _ 
[00005372] 3 | 0 11 6 1 7 _ 3 10 2 9 4 7 
[00005373] 4 | 0 11 6 1 _ _ _ 10 2 9 4 8 
[00005374] 5 | 0 11 _ 1 6 _ _ 10 2 9 4 _ 
[00005375] 4 | 0 11 7 1 6 _ _ 10 2 9 4 _ 
[00005376] 3 | 0 11 7 1 6 3 _ 10 2 9 4 _ 
[00005377] 2 | 0 11 7 1 6 3 4 10 2 9 4 _ 
[00005378] 2 | 0 11 7 1 6 3 8 10 2 9 4 _ 
[00005379] 1 | 0 11 7 1 6 3 8 10 2 9 4 5  *Graceful*
[00005379] 2 | 0 11 7 1 6 3 _ 10 2 9 4 6 
[00005380] 3 | 0 11 7 1 6 _ 3 10 2 9 4 _ 
[00005381] 2 | 0 11 7 1 6 4 3 10 2 9 4 _ 
[00005382] 2 | 0 11 7 1 6 8 3 10 2 9 4 _ 
[00005383] 1 | 0 11 7 1 6 8 3 10 2 9 4 5  *Graceful*
[00005383] 2 | 0 11 7 1 6 _ 3 10 2 9 4 6 
[00005384] 4 | 0 11 _ 1 6 _ _ 10 2 9 4 8 
[00005385] 3 | 0 11 _ 1 6 3 _ 10 2 9 4 8 
[00005386] 3 | 0 11 _ 1 6 _ 3 10 2 9 4 8 
[00005387] 5 | 0 11 _ 1 3 8 _ 10 2 9 4 _ 
[00005388] 4 | 0 11 7 1 3 8 _ 10 2 9 4 _ 
[00005389] 3 | 0 11 7 1 3 8 6 10 2 9 4 _ 
[00005390] 4 | 0 11 _ 1 3 8 7 10 2 9 4 _ 
[00005391] 5 | 0 11 _ 1 8 3 _ 10 2 9 4 _ 
[00005392] 4 | 0 11 7 1 8 3 _ 10 2 9 4 _ 
[00005393] 3 | 0 11 7 1 8 3 5 10 2 9 4 _ 
[00005394] 2 | 0 11 7 1 8 3 5 10 2 9 4 6 
[00005395] 4 | 0 11 _ 1 8 3 4 10 2 9 4 _ 
[00005396] 4 | 0 11 _ 1 8 3 _ 10 2 9 4 8 
[00005397] 5 | 0 11 _ 1 3 _ 8 10 2 9 4 _ 
[00005398] 4 | 0 11 7 1 3 _ 8 10 2 9 4 _ 
[00005399] 3 | 0 11 7 1 3 6 8 10 2 9 4 _ 
[00005400] 4 | 0 11 _ 1 3 7 8 10 2 9 4 _ 
[00005401] 5 | 0 11 _ 1 8 _ 3 10 2 9 4 _ 
[00005402] 4 | 0 11 7 1 8 _ 3 10 2 9 4 _ 
[00005403] 3 | 0 11 7 1 8 5 3 10 2 9 4 _ 
[00005404] 2 | 0 11 7 1 8 5 3 10 2 9 4 6 
[00005405] 4 | 0 11 _ 1 8 4 3 10 2 9 4 _ 
[00005406] 4 | 0 11 _ 1 8 _ 3 10 2 9 4 8 
[00005407] 7 | 0 11 _ 1 _ _ _ 10 2 _ 3 _ 
[00005408] 6 | 0 11 5 1 _ _ _ 10 2 _ 3 _ 
[00005409] 5 | 0 11 5 1 6 _ _ 10 2 _ 3 _ 
[00005410] 4 | 0 11 5 1 6 2 _ 10 2 _ 3 _ 
[00005411] 3 | 0 11 5 1 6 2 3 10 2 _ 3 _ 
[00005412] 3 | 0 11 5 1 6 2 9 10 2 _ 3 _ 
[00005413] 3 | 0 11 5 1 6 2 _ 10 2 _ 3 6 
[00005414] 4 | 0 11 5 1 6 _ 2 10 2 _ 3 _ 
[00005415] 3 | 0 11 5 1 6 3 2 10 2 _ 3 _ 
[00005416] 3 | 0 11 5 1 6 9 2 10 2 _ 3 _ 
[00005417] 3 | 0 11 5 1 6 _ 2 10 2 _ 3 6 
[00005418] 4 | 0 11 5 1 6 _ _ 10 2 6 3 _ 
[00005419] 4 | 0 11 5 1 6 _ _ 10 2 _ 3 7 
[00005420] 3 | 0 11 5 1 6 9 _ 10 2 _ 3 7 
[00005421] 2 | 0 11 5 1 6 9 4 10 2 _ 3 7 
[00005422] 2 | 0 11 5 1 6 9 8 10 2 _ 3 7 
[00005423] 2 | 0 11 5 1 6 9 _ 10 2 4 3 7 
