[00399157] 3 | _ 9 3 1 8 _ 5 11 2 7 0 4 
[00399158] 2 | _ 9 3 1 8 6 5 11 2 7 0 4 
[00399159] 1 | 10 9 3 1 8 6 5 11 2 7 0 4  *Graceful*
[00399159] 2 | _ 9 3 1 8 10 5 11 2 7 0 4 
[00399160] 5 | _ 9 3 1 8 _ _ 11 2 _ 0 5 
[00399161] 4 | _ 9 3 1 8 4 _ 11 2 _ 0 5 
[00399162] 3 | 6 9 3 1 8 4 _ 11 2 _ 0 5 
[00399163] 2 | 6 9 3 1 8 4 10 11 2 _ 0 5 
[00399164] 4 | _ 9 3 1 8 _ 4 11 2 _ 0 5 
[00399165] 3 | 6 9 3 1 8 _ 4 11 2 _ 0 5 
[00399166] 2 | 6 9 3 1 8 10 4 11 2 _ 0 5 
[00399167] 4 | _ 9 3 1 8 _ _ 11 2 6 0 5 
[00399168] 6 | _ 9 _ 1 8 2 _ 11 2 _ 0 _ 
[00399169] 5 | 4 9 _ 1 8 2 _ 11 2 _ 0 _ 
[00399170] 4 | 4 9 5 1 8 2 _ 11 2 _ 0 _ 
[00399171] 3 | 4 9 5 1 8 2 _ 11 2 _ 0 3 
[00399172] 2 | 4 9 5 1 8 2 6 11 2 _ 0 3 
[00399173] 2 | 4 9 5 1 8 2 10 11 2 _ 0 3 
[00399174] 5 | _ 9 4 1 8 2 _ 11 2 _ 0 _ 
[00399175] 4 | 5 9 4 1 8 2 _ 11 2 _ 0 _ 
[00399176] 3 | 5 9 4 1 8 2 _ 11 2 _ 0 3 
[00399177] 2 | 5 9 4 1 8 2 6 11 2 _ 0 3 
[00399178] 2 | 5 9 4 1 8 2 10 11 2 _ 0 3 
[00399179] 5 | _ 9 _ 1 8 2 3 11 2 _ 0 _ 
[00399180] 4 | 5 9 _ 1 8 2 3 11 2 _ 0 _ 
[00399181] 3 | 5 9 6 1 8 2 3 11 2 _ 0 _ 
[00399182] 4 | _ 9 5 1 8 2 3 11 2 _ 0 _ 
[00399183] 3 | 6 9 5 1 8 2 3 11 2 _ 0 _ 
[00399184] 4 | _ 9 _ 1 8 2 3 11 2 _ 0 4 
[00399185] 3 | 6 9 _ 1 8 2 3 11 2 _ 0 4 
[00399186] 2 | 6 9 7 1 8 2 3 11 2 _ 0 4 
[00399187] 3 | _ 9 6 1 8 2 3 11 2 _ 0 4 
[00399188] 2 | 7 9 6 1 8 2 3 11 2 _ 0 4 
[00399189] 5 | _ 9 _ 1 8 2 _ 11 2 _ 0 5 
[00399190] 4 | _ 9 _ 1 8 2 4 11 2 _ 0 5 
[00399191] 3 | 6 9 _ 1 8 2 4 11 2 _ 0 5 
[00399192] 2 | 6 9 7 1 8 2 4 11 2 _ 0 5 
[00399193] 3 | _ 9 6 1 8 2 4 11 2 _ 0 5 
[00399194] 2 | 7 9 6 1 8 2 4 11 2 _ 0 5 
[00399195] 6 | _ 9 _ 1 8 _ 2 11 2 _ 0 _ 
[00399196] 5 | 4 9 _ 1 8 _ 2 11 2 _ 0 _ 
[00399197] 4 | 4 9 5 1 8 _ 2 11 2 _ 0 _ 
[00399198] 3 | 4 9 5 1 8 _ 2 11 2 _ 0 3 
[00399199] 2 | 4 9 5 1 8 6 2 11 2 _ 0 3 
[00399200] 2 | 4 9 5 1 8 10 2 11 2 _ 0 3 
[00399201] 5 | _ 9 4 1 8 _ 2 11 2 _ 0 _ 
[00399202] 4 | 5 9 4 1 8 _ 2 11 2 _ 0 _ 
[00399203] 3 | 5 9 4 1 8 _ 2 11 2 _ 0 3 
[00399204] 2 | 5 9 4 1 8 6 2 11 2 _ 0 3 
[00399205] 2 | 5 9 4 1 8 10 2 11 2 _ 0 3 
[00399206] 5 | _ 9 _ 1 8 3 2 11 2 _ 0 _ 
[00399207] 4 | 5 9 _ 1 8 3 2 11 2 _ 0 _ 
[00399208] 3 | 5 9 6 1 8 3 2 11 2 _ 0 _ 
[00399209] 4 | _ 9 5 1 8 3 2 11 2 _ 0 _ 
[00399210] 3 | 6 9 5 1 8 3 2 11 2 _ 0 _ 
[00399211] 4 | _ 9 _ 1 8 3 2 11 2 _ 0 4 
[00399212] 3 | 6 9 _ 1 8 3 2 11 2 _ 0 4 
[00399213] 2 | 6 9 7 1 8 3 2 11 2 _ 0 4 
[00399214] 3 | _ 9 6 1 8 3 2 11 2 _ 0 4 
[00399215] 2 | 7 9 6 1 8 3 2 11 2 _ 0 4 
[00399216] 5 | _ 9 _ 1 8 _ 2 11 2 _ 0 5 
[00399217] 4 | _ 9 _ 1 8 4 2 11 2 _ 0 5 
[00399218] 3 | 6 9 _ 1 8 4 2 11 2 _ 0 5 
[00399219] 2 | 6 9 7 1 8 4 2 11 2 _ 0 5 
[00399220] 3 | _ 9 6 1 8 4 2 11 2 _ 0 5 
[00399221] 2 | 7 9 6 1 8 4 2 11 2 _ 0 5 
[00399222] 6 | _ 9 _ 1 8 _ _ 11 2 8 0 _ 
[00399223] 5 | 4 9 _ 1 8 _ _ 11 2 8 0 _ 
[00399224] 4 | 4 9 5 1 8 _ _ 11 2 8 0 _ 
[00399225] 3 | 4 9 5 1 8 _ _ 11 2 8 0 3 
[00399226] 5 | _ 9 4 1 8 _ _ 11 2 8 0 _ 
[00399227] 4 | 5 9 4 1 8 _ _ 11 2 8 0 _ 
[00399228] 3 | 5 9 4 1 8 _ _ 11 2 8 0 3 
[00399229] 5 | _ 9 _ 1 8 _ _ 11 2 8 0 5 
[00399230] 6 | _ 9 _ 1 8 _ _ 11 2 _ 0 6 
[00399231] 5 | 4 9 _ 1 8 _ _ 11 2 _ 0 6 
[00399232] 4 | 4 9 5 1 8 _ _ 11 2 _ 0 6 
[00399233] 5 | _ 9 4 1 8 _ _ 11 2 _ 0 6 
[00399234] 4 | 5 9 4 1 8 _ _ 11 2 _ 0 6 
[00399235] 5 | _ 9 _ 1 8 3 _ 11 2 _ 0 6 
[00399236] 4 | 5 9 _ 1 8 3 _ 11 2 _ 0 6 
[00399237] 4 | _ 9 5 1 8 3 _ 11 2 _ 0 6 
[00399238] 4 | _ 9 _ 1 8 3 4 11 2 _ 0 6 
[00399239] 3 | _ 9 _ 1 8 3 4 11 2 5 0 6 
[00399240] 2 | 7 9 _ 1 8 3 4 11 2 5 0 6 
[00399241] 1 | 7 9 10 1 8 3 4 11 2 5 0 6  *Graceful*
[00399241] 2 | _ 9 7 1 8 3 4 11 2 5 0 6 
[00399242] 1 | 10 9 7 1 8 3 4 11 2 5 0 6  *Graceful*
[00399242] 5 | _ 9 _ 1 8 _ 3 11 2 _ 0 6 
[00399243] 4 | 5 9 _ 1 8 _ 3 11 2 _ 0 6 
[00399244] 4 | _ 9 5 1 8 _ 3 11 2 _ 0 6 
[00399245] 4 | _ 9 _ 1 8 4 3 11 2 _ 0 6 
[00399246] 3 | _ 9 _ 1 8 4 3 11 2 5 0 6 
[00399247] 2 | 7 9 _ 1 8 4 3 11 2 5 0 6 
[00399248] 1 | 7 9 10 1 8 4 3 11 2 5 0 6  *Graceful*
[00399248] 2 | _ 9 7 1 8 4 3 11 2 5 0 6 
[00399249] 1 | 10 9 7 1 8 4 3 11 2 5 0 6  *Graceful*
[00399249] 5 | _ 9 _ 1 8 _ _ 11 2 7 0 6 
[00399250] 4 | 5 9 _ 1 8 _ _ 11 2 7 0 6 
[00399251] 4 | _ 9 5 1 8 _ _ 11 2 7 0 6 
[00399252] 4 | _ 9 _ 1 8 4 _ 11 2 7 0 6 
[00399253] 3 | _ 9 _ 1 8 4 5 11 2 7 0 6 
[00399254] 4 | _ 9 _ 1 8 _ 4 11 2 7 0 6 
[00399255] 3 | _ 9 _ 1 8 5 4 11 2 7 0 6 
[00399256] 7 | _ 9 _ 1 3 10 _ 11 2 _ 0 _ 
[00399257] 6 | 3 9 _ 1 3 10 _ 11 2 _ 0 _ 
[00399258] 5 | 3 9 4 1 3 10 _ 11 2 _ 0 _ 
[00399259] 4 | 3 9 4 1 3 10 _ 11 2 6 0 _ 
[00399260] 5 | 3 9 _ 1 3 10 _ 11 2 7 0 _ 
[00399261] 4 | 3 9 5 1 3 10 _ 11 2 7 0 _ 
[00399262] 4 | 3 9 _ 1 3 10 _ 11 2 7 0 4 
[00399263] 3 | 3 9 6 1 3 10 _ 11 2 7 0 4 
[00399264] 5 | 3 9 _ 1 3 10 _ 11 2 _ 0 5 
[00399265] 4 | 3 9 _ 1 3 10 _ 11 2 6 0 5 
[00399266] 6 | _ 9 3 1 3 10 _ 11 2 _ 0 _ 
[00399267] 5 | 4 9 3 1 3 10 _ 11 2 _ 0 _ 
[00399268] 4 | 4 9 3 1 3 10 _ 11 2 6 0 _ 
[00399269] 5 | _ 9 3 1 3 10 _ 11 2 7 0 _ 
[00399270] 4 | 5 9 3 1 3 10 _ 11 2 7 0 _ 
[00399271] 4 | _ 9 3 1 3 10 _ 11 2 7 0 4 
[00399272] 3 | 6 9 3 1 3 10 _ 11 2 7 0 4 
[00399273] 5 | _ 9 3 1 3 10 _ 11 2 _ 0 5 
[00399274] 4 | _ 9 3 1 3 10 _ 11 2 6 0 5 
[00399275] 6 | _ 9 _ 1 3 10 9 11 2 _ 0 _ 
[00399276] 5 | _ 9 _ 1 3 10 9 11 2 7 0 _ 
[00399277] 4 | _ 9 _ 1 3 10 9 11 2 7 0 4 
[00399278] 5 | _ 9 _ 1 3 10 9 11 2 _ 0 5 
[00399279] 4 | _ 9 _ 1 3 10 9 11 2 6 0 5 
[00399280] 6 | _ 9 _ 1 3 10 _ 11 2 8 0 _ 
[00399281] 5 | 4 9 _ 1 3 10 _ 11 2 8 0 _ 
[00399282] 4 | 4 9 5 1 3 10 _ 11 2 8 0 _ 
[00399283] 3 | 4 9 5 1 3 10 0 11 2 8 0 _ 
[00399284] 3 | 4 9 5 1 3 10 6 11 2 8 0 _ 
[00399285] 3 | 4 9 5 1 3 10 _ 11 2 8 0 3 
[00399286] 4 | 4 9 _ 1 3 10 7 11 2 8 0 _ 
[00399287] 3 | 4 9 6 1 3 10 7 11 2 8 0 _ 
[00399288] 5 | _ 9 4 1 3 10 _ 11 2 8 0 _ 
[00399289] 4 | 5 9 4 1 3 10 _ 11 2 8 0 _ 
[00399290] 3 | 5 9 4 1 3 10 0 11 2 8 0 _ 
[00399291] 3 | 5 9 4 1 3 10 6 11 2 8 0 _ 
[00399292] 3 | 5 9 4 1 3 10 _ 11 2 8 0 3 
[00399293] 4 | _ 9 4 1 3 10 7 11 2 8 0 _ 
[00399294] 3 | 6 9 4 1 3 10 7 11 2 8 0 _ 
[00399295] 5 | _ 9 _ 1 3 10 _ 11 2 8 0 5 
[00399296] 4 | _ 9 _ 1 3 10 7 11 2 8 0 5 
[00399297] 3 | 6 9 _ 1 3 10 7 11 2 8 0 5 
[00399298] 3 | _ 9 6 1 3 10 7 11 2 8 0 5 
[00399299] 6 | _ 9 _ 1 3 10 _ 11 2 _ 0 6 
[00399300] 5 | 4 9 _ 1 3 10 _ 11 2 _ 0 6 
[00399301] 4 | 4 9 5 1 3 10 _ 11 2 _ 0 6 
[00399302] 4 | 4 9 _ 1 3 10 7 11 2 _ 0 6 
[00399303] 3 | 4 9 _ 1 3 10 7 11 2 5 0 6 
[00399304] 5 | _ 9 4 1 3 10 _ 11 2 _ 0 6 
[00399305] 4 | 5 9 4 1 3 10 _ 11 2 _ 0 6 
[00399306] 4 | _ 9 4 1 3 10 7 11 2 _ 0 6 
[00399307] 3 | _ 9 4 1 3 10 7 11 2 5 0 6 
[00399308] 5 | _ 9 _ 1 3 10 8 11 2 _ 0 6 
[00399309] 4 | 5 9 _ 1 3 10 8 11 2 _ 0 6 
[00399310] 4 | _ 9 5 1 3 10 8 11 2 _ 0 6 
[00399311] 5 | _ 9 _ 1 3 10 _ 11 2 7 0 6 
[00399312] 4 | 5 9 _ 1 3 10 _ 11 2 7 0 6 
[00399313] 4 | _ 9 5 1 3 10 _ 11 2 7 0 6 
[00399314] 7 | _ 9 _ 1 10 3 _ 11 2 _ 0 _ 
[00399315] 6 | _ 9 _ 1 10 3 4 11 2 _ 0 _ 
[00399316] 5 | _ 9 _ 1 10 3 4 11 2 7 0 _ 
[00399317] 4 | 5 9 _ 1 10 3 4 11 2 7 0 _ 
[00399318] 3 | 5 9 6 1 10 3 4 11 2 7 0 _ 
[00399319] 4 | _ 9 5 1 10 3 4 11 2 7 0 _ 
[00399320] 3 | 6 9 5 1 10 3 4 11 2 7 0 _ 
[00399321] 5 | _ 9 _ 1 10 3 4 11 2 _ 0 5 
[00399322] 4 | _ 9 _ 1 10 3 4 11 2 6 0 5 
[00399323] 6 | _ 9 _ 1 10 3 _ 11 2 8 0 _ 
[00399324] 5 | 4 9 _ 1 10 3 _ 11 2 8 0 _ 
[00399325] 4 | 4 9 5 1 10 3 _ 11 2 8 0 _ 
[00399326] 3 | 4 9 5 1 10 3 7 11 2 8 0 _ 
[00399327] 4 | 4 9 _ 1 10 3 6 11 2 8 0 _ 
[00399328] 5 | _ 9 4 1 10 3 _ 11 2 8 0 _ 
[00399329] 4 | 5 9 4 1 10 3 _ 11 2 8 0 _ 
[00399330] 3 | 5 9 4 1 10 3 7 11 2 8 0 _ 
[00399331] 4 | _ 9 4 1 10 3 6 11 2 8 0 _ 
[00399332] 5 | _ 9 _ 1 10 3 5 11 2 8 0 _ 
[00399333] 4 | _ 9 _ 1 10 3 5 11 2 8 0 4 
[00399334] 3 | 6 9 _ 1 10 3 5 11 2 8 0 4 
[00399335] 2 | 6 9 7 1 10 3 5 11 2 8 0 4 
[00399336] 3 | _ 9 6 1 10 3 5 11 2 8 0 4 
[00399337] 2 | 7 9 6 1 10 3 5 11 2 8 0 4 
[00399338] 5 | _ 9 _ 1 10 3 _ 11 2 8 0 5 
[00399339] 4 | _ 9 _ 1 10 3 6 11 2 8 0 5 
[00399340] 6 | _ 9 _ 1 10 3 _ 11 2 _ 0 6 
[00399341] 5 | 4 9 _ 1 10 3 _ 11 2 _ 0 6 
[00399342] 4 | 4 9 5 1 10 3 _ 11 2 _ 0 6 
[00399343] 3 | 4 9 5 1 10 3 7 11 2 _ 0 6 
[00399344] 5 | _ 9 4 1 10 3 _ 11 2 _ 0 6 
[00399345] 4 | 5 9 4 1 10 3 _ 11 2 _ 0 6 
[00399346] 3 | 5 9 4 1 10 3 7 11 2 _ 0 6 
[00399347] 5 | _ 9 _ 1 10 3 5 11 2 _ 0 6 
[00399348] 5 | _ 9 _ 1 10 3 _ 11 2 7 0 6 
[00399349] 4 | 5 9 _ 1 10 3 _ 11 2 7 0 6 
[00399350] 4 | _ 9 5 1 10 3 _ 11 2 7 0 6 
[00399351] 7 | _ 9 _ 1 3 _ 10 11 2 _ 0 _ 
[00399352] 6 | 3 9 _ 1 3 _ 10 11 2 _ 0 _ 
[00399353] 5 | 3 9 4 1 3 _ 10 11 2 _ 0 _ 
[00399354] 4 | 3 9 4 1 3 _ 10 11 2 6 0 _ 
[00399355] 5 | 3 9 _ 1 3 _ 10 11 2 7 0 _ 
[00399356] 4 | 3 9 5 1 3 _ 10 11 2 7 0 _ 
[00399357] 4 | 3 9 _ 1 3 _ 10 11 2 7 0 4 
[00399358] 3 | 3 9 6 1 3 _ 10 11 2 7 0 4 
[00399359] 5 | 3 9 _ 1 3 _ 10 11 2 _ 0 5 
[00399360] 4 | 3 9 _ 1 3 _ 10 11 2 6 0 5 
[00399361] 6 | _ 9 3 1 3 _ 10 11 2 _ 0 _ 
[00399362] 5 | 4 9 3 1 3 _ 10 11 2 _ 0 _ 
[00399363] 4 | 4 9 3 1 3 _ 10 11 2 6 0 _ 
[00399364] 5 | _ 9 3 1 3 _ 10 11 2 7 0 _ 
[00399365] 4 | 5 9 3 1 3 _ 10 11 2 7 0 _ 
[00399366] 4 | _ 9 3 1 3 _ 10 11 2 7 0 4 
[00399367] 3 | 6 9 3 1 3 _ 10 11 2 7 0 4 
[00399368] 5 | _ 9 3 1 3 _ 10 11 2 _ 0 5 
[00399369] 4 | _ 9 3 1 3 _ 10 11 2 6 0 5 
[00399370] 6 | _ 9 _ 1 3 9 10 11 2 _ 0 _ 
[00399371] 5 | _ 9 _ 1 3 9 10 11 2 7 0 _ 
[00399372] 4 | _ 9 _ 1 3 9 10 11 2 7 0 4 
[00399373] 5 | _ 9 _ 1 3 9 10 11 2 _ 0 5 
[00399374] 4 | _ 9 _ 1 3 9 10 11 2 6 0 5 
[00399375] 6 | _ 9 _ 1 3 _ 10 11 2 8 0 _ 
[00399376] 5 | 4 9 _ 1 3 _ 10 11 2 8 0 _ 
[00399377] 4 | 4 9 5 1 3 _ 10 11 2 8 0 _ 
[00399378] 3 | 4 9 5 1 3 0 10 11 2 8 0 _ 
[00399379] 3 | 4 9 5 1 3 6 10 11 2 8 0 _ 
[00399380] 3 | 4 9 5 1 3 _ 10 11 2 8 0 3 
[00399381] 4 | 4 9 _ 1 3 7 10 11 2 8 0 _ 
[00399382] 3 | 4 9 6 1 3 7 10 11 2 8 0 _ 
[00399383] 5 | _ 9 4 1 3 _ 10 11 2 8 0 _ 
[00399384] 4 | 5 9 4 1 3 _ 10 11 2 8 0 _ 
[00399385] 3 | 5 9 4 1 3 0 10 11 2 8 0 _ 
[00399386] 3 | 5 9 4 1 3 6 10 11 2 8 0 _ 
[00399387] 3 | 5 9 4 1 3 _ 10 11 2 8 0 3 
[00399388] 4 | _ 9 4 1 3 7 10 11 2 8 0 _ 
[00399389] 3 | 6 9 4 1 3 7 10 11 2 8 0 _ 
[00399390] 5 | _ 9 _ 1 3 _ 10 11 2 8 0 5 
[00399391] 4 | _ 9 _ 1 3 7 10 11 2 8 0 5 
[00399392] 3 | 6 9 _ 1 3 7 10 11 2 8 0 5 
[00399393] 3 | _ 9 6 1 3 7 10 11 2 8 0 5 
[00399394] 6 | _ 9 _ 1 3 _ 10 11 2 _ 0 6 
[00399395] 5 | 4 9 _ 1 3 _ 10 11 2 _ 0 6 
[00399396] 4 | 4 9 5 1 3 _ 10 11 2 _ 0 6 
[00399397] 4 | 4 9 _ 1 3 7 10 11 2 _ 0 6 
[00399398] 3 | 4 9 _ 1 3 7 10 11 2 5 0 6 
[00399399] 5 | _ 9 4 1 3 _ 10 11 2 _ 0 6 
[00399400] 4 | 5 9 4 1 3 _ 10 11 2 _ 0 6 
[00399401] 4 | _ 9 4 1 3 7 10 11 2 _ 0 6 
[00399402] 3 | _ 9 4 1 3 7 10 11 2 5 0 6 
[00399403] 5 | _ 9 _ 1 3 8 10 11 2 _ 0 6 
[00399404] 4 | 5 9 _ 1 3 8 10 11 2 _ 0 6 
[00399405] 4 | _ 9 5 1 3 8 10 11 2 _ 0 6 
[00399406] 5 | _ 9 _ 1 3 _ 10 11 2 7 0 6 
[00399407] 4 | 5 9 _ 1 3 _ 10 11 2 7 0 6 
[00399408] 4 | _ 9 5 1 3 _ 10 11 2 7 0 6 
[00399409] 7 | _ 9 _ 1 10 _ 3 11 2 _ 0 _ 
[00399410] 6 | _ 9 _ 1 10 4 3 11 2 _ 0 _ 
[00399411] 5 | _ 9 _ 1 10 4 3 11 2 7 0 _ 
[00399412] 4 | 5 9 _ 1 10 4 3 11 2 7 0 _ 
[00399413] 3 | 5 9 6 1 10 4 3 11 2 7 0 _ 
[00399414] 4 | _ 9 5 1 10 4 3 11 2 7 0 _ 
[00399415] 3 | 6 9 5 1 10 4 3 11 2 7 0 _ 
[00399416] 5 | _ 9 _ 1 10 4 3 11 2 _ 0 5 
[00399417] 4 | _ 9 _ 1 10 4 3 11 2 6 0 5 
[00399418] 6 | _ 9 _ 1 10 _ 3 11 2 8 0 _ 
[00399419] 5 | 4 9 _ 1 10 _ 3 11 2 8 0 _ 
[00399420] 4 | 4 9 5 1 10 _ 3 11 2 8 0 _ 
[00399421] 3 | 4 9 5 1 10 7 3 11 2 8 0 _ 
[00399422] 4 | 4 9 _ 1 10 6 3 11 2 8 0 _ 
[00399423] 5 | _ 9 4 1 10 _ 3 11 2 8 0 _ 
[00399424] 4 | 5 9 4 1 10 _ 3 11 2 8 0 _ 
[00399425] 3 | 5 9 4 1 10 7 3 11 2 8 0 _ 
[00399426] 4 | _ 9 4 1 10 6 3 11 2 8 0 _ 
[00399427] 5 | _ 9 _ 1 10 5 3 11 2 8 0 _ 
[00399428] 4 | _ 9 _ 1 10 5 3 11 2 8 0 4 
[00399429] 3 | 6 9 _ 1 10 5 3 11 2 8 0 4 
[00399430] 2 | 6 9 7 1 10 5 3 11 2 8 0 4 
[00399431] 3 | _ 9 6 1 10 5 3 11 2 8 0 4 
[00399432] 2 | 7 9 6 1 10 5 3 11 2 8 0 4 
[00399433] 5 | _ 9 _ 1 10 _ 3 11 2 8 0 5 
[00399434] 4 | _ 9 _ 1 10 6 3 11 2 8 0 5 
[00399435] 6 | _ 9 _ 1 10 _ 3 11 2 _ 0 6 
[00399436] 5 | 4 9 _ 1 10 _ 3 11 2 _ 0 6 
[00399437] 4 | 4 9 5 1 10 _ 3 11 2 _ 0 6 
[00399438] 3 | 4 9 5 1 10 7 3 11 2 _ 0 6 
[00399439] 5 | _ 9 4 1 10 _ 3 11 2 _ 0 6 
[00399440] 4 | 5 9 4 1 10 _ 3 11 2 _ 0 6 
[00399441] 3 | 5 9 4 1 10 7 3 11 2 _ 0 6 
[00399442] 5 | _ 9 _ 1 10 5 3 11 2 _ 0 6 
[00399443] 5 | _ 9 _ 1 10 _ 3 11 2 7 0 6 
[00399444] 4 | 5 9 _ 1 10 _ 3 11 2 7 0 6 
[00399445] 4 | _ 9 5 1 10 _ 3 11 2 7 0 6 
[00399446] 7 | _ 9 _ 1 _ _ _ 11 2 9 0 _ 
[00399447] 6 | _ 9 _ 1 7 _ _ 11 2 9 0 _ 
[00399448] 5 | _ 9 _ 1 7 _ _ 11 2 9 0 5 
[00399449] 4 | _ 9 _ 1 7 3 _ 11 2 9 0 5 
[00399450] 3 | _ 9 _ 1 7 3 4 11 2 9 0 5 
[00399451] 3 | _ 9 _ 1 7 3 10 11 2 9 0 5 
[00399452] 4 | _ 9 _ 1 7 _ 3 11 2 9 0 5 
[00399453] 3 | _ 9 _ 1 7 4 3 11 2 9 0 5 
[00399454] 3 | _ 9 _ 1 7 10 3 11 2 9 0 5 
[00399455] 6 | _ 9 _ 1 4 10 _ 11 2 9 0 _ 
[00399456] 5 | _ 9 _ 1 4 10 _ 11 2 9 0 5 
[00399457] 4 | _ 9 _ 1 4 10 8 11 2 9 0 5 
[00399458] 6 | _ 9 _ 1 10 4 _ 11 2 9 0 _ 
[00399459] 5 | _ 9 _ 1 10 4 5 11 2 9 0 _ 
[00399460] 5 | _ 9 _ 1 10 4 _ 11 2 9 0 5 
[00399461] 4 | _ 9 _ 1 10 4 6 11 2 9 0 5 
[00399462] 6 | _ 9 _ 1 4 _ 10 11 2 9 0 _ 
[00399463] 5 | _ 9 _ 1 4 _ 10 11 2 9 0 5 
[00399464] 4 | _ 9 _ 1 4 8 10 11 2 9 0 5 
[00399465] 6 | _ 9 _ 1 10 _ 4 11 2 9 0 _ 
[00399466] 5 | _ 9 _ 1 10 5 4 11 2 9 0 _ 
[00399467] 5 | _ 9 _ 1 10 _ 4 11 2 9 0 5 
[00399468] 4 | _ 9 _ 1 10 6 4 11 2 9 0 5 
[00399469] 6 | _ 9 _ 1 _ _ _ 11 2 9 0 6 
[00399470] 5 | _ 9 _ 1 3 8 _ 11 2 9 0 6 
[00399471] 4 | _ 9 _ 1 3 8 7 11 2 9 0 6 
[00399472] 5 | _ 9 _ 1 5 10 _ 11 2 9 0 6 
[00399473] 5 | _ 9 _ 1 8 3 _ 11 2 9 0 6 
[00399474] 4 | _ 9 _ 1 8 3 4 11 2 9 0 6 
[00399475] 5 | _ 9 _ 1 10 5 _ 11 2 9 0 6 
[00399476] 5 | _ 9 _ 1 3 _ 8 11 2 9 0 6 
[00399477] 4 | _ 9 _ 1 3 7 8 11 2 9 0 6 
[00399478] 5 | _ 9 _ 1 5 _ 10 11 2 9 0 6 
[00399479] 5 | _ 9 _ 1 8 _ 3 11 2 9 0 6 
[00399480] 4 | _ 9 _ 1 8 4 3 11 2 9 0 6 
[00399481] 5 | _ 9 _ 1 10 _ 5 11 2 9 0 6 
[00399482] 7 | _ 9 _ 1 _ _ _ 11 2 _ 0 7 
[00399483] 6 | 3 9 _ 1 _ _ _ 11 2 _ 0 7 
[00399484] 5 | 3 9 4 1 _ _ _ 11 2 _ 0 7 
[00399485] 4 | 3 9 4 1 5 _ _ 11 2 _ 0 7 
[00399486] 3 | 3 9 4 1 5 2 _ 11 2 _ 0 7 
[00399487] 3 | 3 9 4 1 5 8 _ 11 2 _ 0 7 
[00399488] 3 | 3 9 4 1 5 _ 2 11 2 _ 0 7 
[00399489] 3 | 3 9 4 1 5 _ 8 11 2 _ 0 7 
[00399490] 3 | 3 9 4 1 5 _ _ 11 2 5 0 7 
[00399491] 4 | 3 9 4 1 6 10 _ 11 2 _ 0 7 
[00399492] 3 | 3 9 4 1 6 10 _ 11 2 5 0 7 
[00399493] 2 | 3 9 4 1 6 10 8 11 2 5 0 7 
[00399494] 4 | 3 9 4 1 10 6 _ 11 2 _ 0 7 
[00399495] 3 | 3 9 4 1 10 6 _ 11 2 5 0 7 
[00399496] 2 | 3 9 4 1 10 6 8 11 2 5 0 7 
[00399497] 4 | 3 9 4 1 6 _ 10 11 2 _ 0 7 
[00399498] 3 | 3 9 4 1 6 _ 10 11 2 5 0 7 
[00399499] 2 | 3 9 4 1 6 8 10 11 2 5 0 7 
[00399500] 4 | 3 9 4 1 10 _ 6 11 2 _ 0 7 
[00399501] 3 | 3 9 4 1 10 _ 6 11 2 5 0 7 
[00399502] 2 | 3 9 4 1 10 8 6 11 2 5 0 7 
[00399503] 4 | 3 9 4 1 _ _ _ 11 2 6 0 7 
[00399504] 3 | 3 9 4 1 5 8 _ 11 2 6 0 7 
[00399505] 3 | 3 9 4 1 8 5 _ 11 2 6 0 7 
[00399506] 2 | 3 9 4 1 8 5 10 11 2 6 0 7 
[00399507] 3 | 3 9 4 1 5 _ 8 11 2 6 0 7 
[00399508] 3 | 3 9 4 1 8 _ 5 11 2 6 0 7 
[00399509] 2 | 3 9 4 1 8 10 5 11 2 6 0 7 
[00399510] 5 | 3 9 _ 1 6 _ _ 11 2 _ 0 7 
[00399511] 4 | 3 9 5 1 6 _ _ 11 2 _ 0 7 
[00399512] 4 | 3 9 _ 1 6 2 _ 11 2 _ 0 7 
[00399513] 3 | 3 9 6 1 6 2 _ 11 2 _ 0 7 
[00399514] 3 | 3 9 _ 1 6 2 9 11 2 _ 0 7 
[00399515] 4 | 3 9 _ 1 6 10 _ 11 2 _ 0 7 
[00399516] 3 | 3 9 6 1 6 10 _ 11 2 _ 0 7 
[00399517] 2 | 3 9 6 1 6 10 _ 11 2 4 0 7 
[00399518] 3 | 3 9 _ 1 6 10 9 11 2 _ 0 7 
[00399519] 2 | 3 9 _ 1 6 10 9 11 2 4 0 7 
[00399520] 3 | 3 9 _ 1 6 10 _ 11 2 5 0 7 
[00399521] 2 | 3 9 _ 1 6 10 4 11 2 5 0 7 
[00399522] 1 | 3 9 8 1 6 10 4 11 2 5 0 7  *Graceful*
[00399522] 2 | 3 9 _ 1 6 10 8 11 2 5 0 7 
[00399523] 4 | 3 9 _ 1 6 _ 2 11 2 _ 0 7 
[00399524] 3 | 3 9 6 1 6 _ 2 11 2 _ 0 7 
[00399525] 3 | 3 9 _ 1 6 9 2 11 2 _ 0 7 
[00399526] 4 | 3 9 _ 1 6 _ 10 11 2 _ 0 7 
[00399527] 3 | 3 9 6 1 6 _ 10 11 2 _ 0 7 
[00399528] 2 | 3 9 6 1 6 _ 10 11 2 4 0 7 
[00399529] 3 | 3 9 _ 1 6 9 10 11 2 _ 0 7 
[00399530] 2 | 3 9 _ 1 6 9 10 11 2 4 0 7 
[00399531] 3 | 3 9 _ 1 6 _ 10 11 2 5 0 7 
[00399532] 2 | 3 9 _ 1 6 4 10 11 2 5 0 7 
[00399533] 1 | 3 9 8 1 6 4 10 11 2 5 0 7  *Graceful*
[00399533] 2 | 3 9 _ 1 6 8 10 11 2 5 0 7 
[00399534] 4 | 3 9 _ 1 6 _ _ 11 2 6 0 7 
[00399535] 5 | 3 9 _ 1 5 10 _ 11 2 _ 0 7 
[00399536] 4 | 3 9 5 1 5 10 _ 11 2 _ 0 7 
[00399537] 4 | 3 9 _ 1 5 10 9 11 2 _ 0 7 
[00399538] 4 | 3 9 _ 1 5 10 _ 11 2 6 0 7 
[00399539] 3 | 3 9 _ 1 5 10 8 11 2 6 0 7 
[00399540] 5 | 3 9 _ 1 10 5 _ 11 2 _ 0 7 
[00399541] 4 | 3 9 _ 1 10 5 6 11 2 _ 0 7 
[00399542] 4 | 3 9 _ 1 10 5 _ 11 2 6 0 7 
[00399543] 5 | 3 9 _ 1 5 _ 10 11 2 _ 0 7 
[00399544] 4 | 3 9 5 1 5 _ 10 11 2 _ 0 7 
[00399545] 4 | 3 9 _ 1 5 9 10 11 2 _ 0 7 
[00399546] 4 | 3 9 _ 1 5 _ 10 11 2 6 0 7 
[00399547] 3 | 3 9 _ 1 5 8 10 11 2 6 0 7 
[00399548] 5 | 3 9 _ 1 10 _ 5 11 2 _ 0 7 
[00399549] 4 | 3 9 _ 1 10 6 5 11 2 _ 0 7 
[00399550] 4 | 3 9 _ 1 10 _ 5 11 2 6 0 7 
[00399551] 6 | _ 9 3 1 _ _ _ 11 2 _ 0 7 
[00399552] 5 | 4 9 3 1 _ _ _ 11 2 _ 0 7 
[00399553] 4 | 4 9 3 1 5 _ _ 11 2 _ 0 7 
[00399554] 3 | 4 9 3 1 5 2 _ 11 2 _ 0 7 
[00399555] 3 | 4 9 3 1 5 8 _ 11 2 _ 0 7 
[00399556] 3 | 4 9 3 1 5 _ 2 11 2 _ 0 7 
[00399557] 3 | 4 9 3 1 5 _ 8 11 2 _ 0 7 
[00399558] 3 | 4 9 3 1 5 _ _ 11 2 5 0 7 
[00399559] 4 | 4 9 3 1 6 10 _ 11 2 _ 0 7 
[00399560] 3 | 4 9 3 1 6 10 _ 11 2 5 0 7 
[00399561] 2 | 4 9 3 1 6 10 8 11 2 5 0 7 
[00399562] 4 | 4 9 3 1 10 6 _ 11 2 _ 0 7 
[00399563] 3 | 4 9 3 1 10 6 _ 11 2 5 0 7 
[00399564] 2 | 4 9 3 1 10 6 8 11 2 5 0 7 
[00399565] 4 | 4 9 3 1 6 _ 10 11 2 _ 0 7 
[00399566] 3 | 4 9 3 1 6 _ 10 11 2 5 0 7 
[00399567] 2 | 4 9 3 1 6 8 10 11 2 5 0 7 
[00399568] 4 | 4 9 3 1 10 _ 6 11 2 _ 0 7 
[00399569] 3 | 4 9 3 1 10 _ 6 11 2 5 0 7 
[00399570] 2 | 4 9 3 1 10 8 6 11 2 5 0 7 
[00399571] 4 | 4 9 3 1 _ _ _ 11 2 6 0 7 
[00399572] 3 | 4 9 3 1 5 8 _ 11 2 6 0 7 
[00399573] 3 | 4 9 3 1 8 5 _ 11 2 6 0 7 
[00399574] 2 | 4 9 3 1 8 5 10 11 2 6 0 7 
[00399575] 3 | 4 9 3 1 5 _ 8 11 2 6 0 7 
[00399576] 3 | 4 9 3 1 8 _ 5 11 2 6 0 7 
[00399577] 2 | 4 9 3 1 8 10 5 11 2 6 0 7 
[00399578] 5 | _ 9 3 1 6 _ _ 11 2 _ 0 7 
[00399579] 4 | 5 9 3 1 6 _ _ 11 2 _ 0 7 
[00399580] 4 | _ 9 3 1 6 2 _ 11 2 _ 0 7 
[00399581] 3 | 6 9 3 1 6 2 _ 11 2 _ 0 7 
[00399582] 3 | _ 9 3 1 6 2 9 11 2 _ 0 7 
[00399583] 4 | _ 9 3 1 6 10 _ 11 2 _ 0 7 
[00399584] 3 | 6 9 3 1 6 10 _ 11 2 _ 0 7 
[00399585] 2 | 6 9 3 1 6 10 _ 11 2 4 0 7 
[00399586] 3 | _ 9 3 1 6 10 9 11 2 _ 0 7 
[00399587] 2 | _ 9 3 1 6 10 9 11 2 4 0 7 
[00399588] 3 | _ 9 3 1 6 10 _ 11 2 5 0 7 
[00399589] 2 | _ 9 3 1 6 10 4 11 2 5 0 7 
[00399590] 1 | 8 9 3 1 6 10 4 11 2 5 0 7  *Graceful*
[00399590] 2 | _ 9 3 1 6 10 8 11 2 5 0 7 
[00399591] 4 | _ 9 3 1 6 _ 2 11 2 _ 0 7 
[00399592] 3 | 6 9 3 1 6 _ 2 11 2 _ 0 7 
[00399593] 3 | _ 9 3 1 6 9 2 11 2 _ 0 7 
[00399594] 4 | _ 9 3 1 6 _ 10 11 2 _ 0 7 
[00399595] 3 | 6 9 3 1 6 _ 10 11 2 _ 0 7 
[00399596] 2 | 6 9 3 1 6 _ 10 11 2 4 0 7 
[00399597] 3 | _ 9 3 1 6 9 10 11 2 _ 0 7 
[00399598] 2 | _ 9 3 1 6 9 10 11 2 4 0 7 
[00399599] 3 | _ 9 3 1 6 _ 10 11 2 5 0 7 
[00399600] 2 | _ 9 3 1 6 4 10 11 2 5 0 7 
[00399601] 1 | 8 9 3 1 6 4 10 11 2 5 0 7  *Graceful*
[00399601] 2 | _ 9 3 1 6 8 10 11 2 5 0 7 
[00399602] 4 | _ 9 3 1 6 _ _ 11 2 6 0 7 
[00399603] 5 | _ 9 3 1 5 10 _ 11 2 _ 0 7 
[00399604] 4 | 5 9 3 1 5 10 _ 11 2 _ 0 7 
[00399605] 4 | _ 9 3 1 5 10 9 11 2 _ 0 7 
[00399606] 4 | _ 9 3 1 5 10 _ 11 2 6 0 7 
[00399607] 3 | _ 9 3 1 5 10 8 11 2 6 0 7 
[00399608] 5 | _ 9 3 1 10 5 _ 11 2 _ 0 7 
[00399609] 4 | _ 9 3 1 10 5 6 11 2 _ 0 7 
[00399610] 4 | _ 9 3 1 10 5 _ 11 2 6 0 7 
[00399611] 5 | _ 9 3 1 5 _ 10 11 2 _ 0 7 
[00399612] 4 | 5 9 3 1 5 _ 10 11 2 _ 0 7 
[00399613] 4 | _ 9 3 1 5 9 10 11 2 _ 0 7 
[00399614] 4 | _ 9 3 1 5 _ 10 11 2 6 0 7 
[00399615] 3 | _ 9 3 1 5 8 10 11 2 6 0 7 
[00399616] 5 | _ 9 3 1 10 _ 5 11 2 _ 0 7 
[00399617] 4 | _ 9 3 1 10 6 5 11 2 _ 0 7 
[00399618] 4 | _ 9 3 1 10 _ 5 11 2 6 0 7 
[00399619] 6 | _ 9 _ 1 4 10 _ 11 2 _ 0 7 
[00399620] 5 | 4 9 _ 1 4 10 _ 11 2 _ 0 7 
[00399621] 4 | 4 9 5 1 4 10 _ 11 2 _ 0 7 
[00399622] 4 | 4 9 _ 1 4 10 _ 11 2 6 0 7 
[00399623] 5 | _ 9 4 1 4 10 _ 11 2 _ 0 7 
[00399624] 4 | 5 9 4 1 4 10 _ 11 2 _ 0 7 
[00399625] 4 | _ 9 4 1 4 10 _ 11 2 6 0 7 
[00399626] 5 | _ 9 _ 1 4 10 9 11 2 _ 0 7 
[00399627] 4 | _ 9 _ 1 4 10 9 11 2 6 0 7 
[00399628] 6 | _ 9 _ 1 10 4 _ 11 2 _ 0 7 
[00399629] 5 | _ 9 _ 1 10 4 5 11 2 _ 0 7 
[00399630] 4 | _ 9 _ 1 10 4 5 11 2 6 0 7 
[00399631] 6 | _ 9 _ 1 4 _ 10 11 2 _ 0 7 
[00399632] 5 | 4 9 _ 1 4 _ 10 11 2 _ 0 7 
[00399633] 4 | 4 9 5 1 4 _ 10 11 2 _ 0 7 
[00399634] 4 | 4 9 _ 1 4 _ 10 11 2 6 0 7 
[00399635] 5 | _ 9 4 1 4 _ 10 11 2 _ 0 7 
[00399636] 4 | 5 9 4 1 4 _ 10 11 2 _ 0 7 
[00399637] 4 | _ 9 4 1 4 _ 10 11 2 6 0 7 
[00399638] 5 | _ 9 _ 1 4 9 10 11 2 _ 0 7 
[00399639] 4 | _ 9 _ 1 4 9 10 11 2 6 0 7 
[00399640] 6 | _ 9 _ 1 10 _ 4 11 2 _ 0 7 
[00399641] 5 | _ 9 _ 1 10 5 4 11 2 _ 0 7 
[00399642] 4 | _ 9 _ 1 10 5 4 11 2 6 0 7 
[00399643] 6 | _ 9 _ 1 _ _ _ 11 2 8 0 7 
[00399644] 5 | 4 9 _ 1 _ _ _ 11 2 8 0 7 
[00399645] 4 | 4 9 5 1 _ _ _ 11 2 8 0 7 
[00399646] 3 | 4 9 5 1 3 6 _ 11 2 8 0 7 
[00399647] 3 | 4 9 5 1 6 3 _ 11 2 8 0 7 
