[00403604] 3 | 4 8 _ 2 10 3 7 11 1 9 0 5 
[00403605] 2 | 4 8 6 2 10 3 7 11 1 9 0 5 
[00403606] 4 | _ 8 4 2 10 3 _ 11 1 9 0 5 
[00403607] 3 | _ 8 4 2 10 3 7 11 1 9 0 5 
[00403608] 2 | 6 8 4 2 10 3 7 11 1 9 0 5 
[00403609] 4 | _ 8 _ 2 10 3 6 11 1 9 0 5 
[00403610] 6 | _ _ _ 2 10 3 4 11 1 9 0 _ 
[00403611] 5 | _ 7 _ 2 10 3 4 11 1 9 0 _ 
[00403612] 5 | _ _ _ 2 10 3 4 11 1 9 0 5 
[00403613] 4 | _ 6 _ 2 10 3 4 11 1 9 0 5 
[00403614] 6 | _ _ _ 2 10 3 _ 11 1 9 0 6 
[00403615] 5 | _ 7 _ 2 10 3 _ 11 1 9 0 6 
[00403616] 5 | _ _ _ 2 10 3 5 11 1 9 0 6 
[00403617] 4 | 4 8 _ 2 10 3 5 11 1 9 0 6 
[00403618] 4 | 8 4 _ 2 10 3 5 11 1 9 0 6 
[00403619] 3 | 8 4 7 2 10 3 5 11 1 9 0 6 
[00403620] 4 | _ 4 8 2 10 3 5 11 1 9 0 6 
[00403621] 3 | 7 4 8 2 10 3 5 11 1 9 0 6 
[00403622] 4 | _ 8 4 2 10 3 5 11 1 9 0 6 
[00403623] 7 | _ _ _ 2 3 _ 10 11 1 9 0 _ 
[00403624] 6 | _ 8 _ 2 3 _ 10 11 1 9 0 _ 
[00403625] 5 | 3 8 _ 2 3 _ 10 11 1 9 0 _ 
[00403626] 4 | 3 8 4 2 3 _ 10 11 1 9 0 _ 
[00403627] 4 | 3 8 _ 2 3 _ 10 11 1 9 0 4 
[00403628] 3 | 3 8 5 2 3 _ 10 11 1 9 0 4 
[00403629] 5 | _ 8 3 2 3 _ 10 11 1 9 0 _ 
[00403630] 4 | 4 8 3 2 3 _ 10 11 1 9 0 _ 
[00403631] 4 | _ 8 3 2 3 _ 10 11 1 9 0 4 
[00403632] 3 | 5 8 3 2 3 _ 10 11 1 9 0 4 
[00403633] 5 | _ 8 _ 2 3 8 10 11 1 9 0 _ 
[00403634] 4 | _ 8 _ 2 3 8 10 11 1 9 0 4 
[00403635] 5 | _ 8 _ 2 3 _ 10 11 1 9 0 5 
[00403636] 4 | 4 8 _ 2 3 _ 10 11 1 9 0 5 
[00403637] 3 | 4 8 _ 2 3 6 10 11 1 9 0 5 
[00403638] 4 | _ 8 4 2 3 _ 10 11 1 9 0 5 
[00403639] 3 | _ 8 4 2 3 6 10 11 1 9 0 5 
[00403640] 4 | _ 8 _ 2 3 7 10 11 1 9 0 5 
[00403641] 6 | _ _ _ 2 3 _ 10 11 1 9 0 6 
[00403642] 5 | _ 7 _ 2 3 _ 10 11 1 9 0 6 
[00403643] 4 | 3 7 _ 2 3 _ 10 11 1 9 0 6 
[00403644] 3 | 3 7 4 2 3 _ 10 11 1 9 0 6 
[00403645] 4 | _ 7 3 2 3 _ 10 11 1 9 0 6 
[00403646] 3 | 4 7 3 2 3 _ 10 11 1 9 0 6 
[00403647] 4 | _ 7 _ 2 3 7 10 11 1 9 0 6 
[00403648] 5 | _ _ _ 2 3 8 10 11 1 9 0 6 
[00403649] 7 | _ _ _ 2 10 _ 3 11 1 9 0 _ 
[00403650] 6 | _ 8 _ 2 10 _ 3 11 1 9 0 _ 
[00403651] 5 | _ 8 _ 2 10 5 3 11 1 9 0 _ 
[00403652] 4 | 4 8 _ 2 10 5 3 11 1 9 0 _ 
[00403653] 4 | _ 8 4 2 10 5 3 11 1 9 0 _ 
[00403654] 4 | _ 8 _ 2 10 5 3 11 1 9 0 4 
[00403655] 5 | _ 8 _ 2 10 _ 3 11 1 9 0 5 
[00403656] 4 | 4 8 _ 2 10 _ 3 11 1 9 0 5 
[00403657] 3 | 4 8 _ 2 10 7 3 11 1 9 0 5 
[00403658] 2 | 4 8 6 2 10 7 3 11 1 9 0 5 
[00403659] 4 | _ 8 4 2 10 _ 3 11 1 9 0 5 
[00403660] 3 | _ 8 4 2 10 7 3 11 1 9 0 5 
[00403661] 2 | 6 8 4 2 10 7 3 11 1 9 0 5 
[00403662] 4 | _ 8 _ 2 10 6 3 11 1 9 0 5 
[00403663] 6 | _ _ _ 2 10 4 3 11 1 9 0 _ 
[00403664] 5 | _ 7 _ 2 10 4 3 11 1 9 0 _ 
[00403665] 5 | _ _ _ 2 10 4 3 11 1 9 0 5 
[00403666] 4 | _ 6 _ 2 10 4 3 11 1 9 0 5 
[00403667] 6 | _ _ _ 2 10 _ 3 11 1 9 0 6 
[00403668] 5 | _ 7 _ 2 10 _ 3 11 1 9 0 6 
[00403669] 5 | _ _ _ 2 10 5 3 11 1 9 0 6 
[00403670] 4 | 4 8 _ 2 10 5 3 11 1 9 0 6 
[00403671] 4 | 8 4 _ 2 10 5 3 11 1 9 0 6 
[00403672] 3 | 8 4 7 2 10 5 3 11 1 9 0 6 
[00403673] 4 | _ 4 8 2 10 5 3 11 1 9 0 6 
[00403674] 3 | 7 4 8 2 10 5 3 11 1 9 0 6 
[00403675] 4 | _ 8 4 2 10 5 3 11 1 9 0 6 
[00403676] 7 | _ _ _ 2 _ _ _ 11 1 9 0 7 
[00403677] 6 | 4 10 _ 2 _ _ _ 11 1 9 0 7 
[00403678] 6 | 10 4 _ 2 _ _ _ 11 1 9 0 7 
[00403679] 5 | 10 4 _ 2 3 8 _ 11 1 9 0 7 
[00403680] 5 | 10 4 _ 2 8 3 _ 11 1 9 0 7 
[00403681] 4 | 10 4 8 2 8 3 _ 11 1 9 0 7 
[00403682] 4 | 10 4 _ 2 8 3 4 11 1 9 0 7 
[00403683] 5 | 10 4 _ 2 3 _ 8 11 1 9 0 7 
[00403684] 5 | 10 4 _ 2 8 _ 3 11 1 9 0 7 
[00403685] 4 | 10 4 8 2 8 _ 3 11 1 9 0 7 
[00403686] 4 | 10 4 _ 2 8 4 3 11 1 9 0 7 
[00403687] 6 | _ 4 10 2 _ _ _ 11 1 9 0 7 
[00403688] 5 | _ 4 10 2 3 8 _ 11 1 9 0 7 
[00403689] 5 | _ 4 10 2 8 3 _ 11 1 9 0 7 
[00403690] 4 | 8 4 10 2 8 3 _ 11 1 9 0 7 
[00403691] 4 | _ 4 10 2 8 3 4 11 1 9 0 7 
[00403692] 5 | _ 4 10 2 3 _ 8 11 1 9 0 7 
[00403693] 5 | _ 4 10 2 8 _ 3 11 1 9 0 7 
[00403694] 4 | 8 4 10 2 8 _ 3 11 1 9 0 7 
[00403695] 4 | _ 4 10 2 8 4 3 11 1 9 0 7 
[00403696] 6 | _ 10 4 2 _ _ _ 11 1 9 0 7 
[00403697] 6 | _ 8 _ 2 _ _ _ 11 1 9 0 7 
[00403698] 5 | 3 8 _ 2 _ _ _ 11 1 9 0 7 
[00403699] 4 | 3 8 4 2 _ _ _ 11 1 9 0 7 
[00403700] 3 | 3 8 4 2 5 _ _ 11 1 9 0 7 
[00403701] 4 | 3 8 _ 2 6 _ _ 11 1 9 0 7 
[00403702] 3 | 3 8 5 2 6 _ _ 11 1 9 0 7 
[00403703] 2 | 3 8 5 2 6 4 _ 11 1 9 0 7 
[00403704] 2 | 3 8 5 2 6 _ 4 11 1 9 0 7 
[00403705] 4 | 3 8 _ 2 6 10 _ 11 1 9 0 7 
[00403706] 3 | 3 8 5 2 6 10 _ 11 1 9 0 7 
[00403707] 2 | 3 8 5 2 6 10 4 11 1 9 0 7 
[00403708] 4 | 3 8 _ 2 10 6 _ 11 1 9 0 7 
[00403709] 3 | 3 8 5 2 10 6 _ 11 1 9 0 7 
[00403710] 4 | 3 8 _ 2 6 _ 10 11 1 9 0 7 
[00403711] 3 | 3 8 5 2 6 _ 10 11 1 9 0 7 
[00403712] 2 | 3 8 5 2 6 4 10 11 1 9 0 7 
[00403713] 4 | 3 8 _ 2 10 _ 6 11 1 9 0 7 
[00403714] 3 | 3 8 5 2 10 _ 6 11 1 9 0 7 
[00403715] 5 | _ 8 3 2 _ _ _ 11 1 9 0 7 
[00403716] 4 | 4 8 3 2 _ _ _ 11 1 9 0 7 
[00403717] 3 | 4 8 3 2 5 _ _ 11 1 9 0 7 
[00403718] 4 | _ 8 3 2 6 _ _ 11 1 9 0 7 
[00403719] 3 | 5 8 3 2 6 _ _ 11 1 9 0 7 
[00403720] 2 | 5 8 3 2 6 4 _ 11 1 9 0 7 
[00403721] 2 | 5 8 3 2 6 _ 4 11 1 9 0 7 
[00403722] 4 | _ 8 3 2 6 10 _ 11 1 9 0 7 
[00403723] 3 | 5 8 3 2 6 10 _ 11 1 9 0 7 
[00403724] 2 | 5 8 3 2 6 10 4 11 1 9 0 7 
[00403725] 4 | _ 8 3 2 10 6 _ 11 1 9 0 7 
[00403726] 3 | 5 8 3 2 10 6 _ 11 1 9 0 7 
[00403727] 4 | _ 8 3 2 6 _ 10 11 1 9 0 7 
[00403728] 3 | 5 8 3 2 6 _ 10 11 1 9 0 7 
[00403729] 2 | 5 8 3 2 6 4 10 11 1 9 0 7 
[00403730] 4 | _ 8 3 2 10 _ 6 11 1 9 0 7 
[00403731] 3 | 5 8 3 2 10 _ 6 11 1 9 0 7 
[00403732] 5 | _ 8 _ 2 5 10 _ 11 1 9 0 7 
[00403733] 4 | 4 8 _ 2 5 10 _ 11 1 9 0 7 
[00403734] 3 | 4 8 5 2 5 10 _ 11 1 9 0 7 
[00403735] 3 | 4 8 _ 2 5 10 8 11 1 9 0 7 
[00403736] 4 | _ 8 4 2 5 10 _ 11 1 9 0 7 
[00403737] 3 | 5 8 4 2 5 10 _ 11 1 9 0 7 
[00403738] 3 | _ 8 4 2 5 10 8 11 1 9 0 7 
[00403739] 5 | _ 8 _ 2 10 5 _ 11 1 9 0 7 
[00403740] 4 | 4 8 _ 2 10 5 _ 11 1 9 0 7 
[00403741] 4 | _ 8 4 2 10 5 _ 11 1 9 0 7 
[00403742] 4 | _ 8 _ 2 10 5 6 11 1 9 0 7 
[00403743] 5 | _ 8 _ 2 5 _ 10 11 1 9 0 7 
[00403744] 4 | 4 8 _ 2 5 _ 10 11 1 9 0 7 
[00403745] 3 | 4 8 5 2 5 _ 10 11 1 9 0 7 
[00403746] 3 | 4 8 _ 2 5 8 10 11 1 9 0 7 
[00403747] 4 | _ 8 4 2 5 _ 10 11 1 9 0 7 
[00403748] 3 | 5 8 4 2 5 _ 10 11 1 9 0 7 
[00403749] 3 | _ 8 4 2 5 8 10 11 1 9 0 7 
[00403750] 5 | _ 8 _ 2 10 _ 5 11 1 9 0 7 
[00403751] 4 | 4 8 _ 2 10 _ 5 11 1 9 0 7 
[00403752] 4 | _ 8 4 2 10 _ 5 11 1 9 0 7 
[00403753] 4 | _ 8 _ 2 10 6 5 11 1 9 0 7 
[00403754] 6 | _ _ _ 2 8 _ _ 11 1 9 0 7 
[00403755] 5 | 5 10 _ 2 8 _ _ 11 1 9 0 7 
[00403756] 5 | 10 5 _ 2 8 _ _ 11 1 9 0 7 
[00403757] 4 | 10 5 _ 2 8 4 _ 11 1 9 0 7 
[00403758] 3 | 10 5 8 2 8 4 _ 11 1 9 0 7 
[00403759] 3 | 10 5 _ 2 8 4 5 11 1 9 0 7 
[00403760] 4 | 10 5 _ 2 8 _ 4 11 1 9 0 7 
[00403761] 3 | 10 5 8 2 8 _ 4 11 1 9 0 7 
[00403762] 3 | 10 5 _ 2 8 5 4 11 1 9 0 7 
[00403763] 5 | _ 5 10 2 8 _ _ 11 1 9 0 7 
[00403764] 4 | _ 5 10 2 8 4 _ 11 1 9 0 7 
[00403765] 3 | 8 5 10 2 8 4 _ 11 1 9 0 7 
[00403766] 3 | _ 5 10 2 8 4 5 11 1 9 0 7 
[00403767] 4 | _ 5 10 2 8 _ 4 11 1 9 0 7 
[00403768] 3 | 8 5 10 2 8 _ 4 11 1 9 0 7 
[00403769] 3 | _ 5 10 2 8 5 4 11 1 9 0 7 
[00403770] 5 | _ 10 5 2 8 _ _ 11 1 9 0 7 
[00403771] 5 | _ _ _ 2 8 3 _ 11 1 9 0 7 
[00403772] 4 | 6 10 _ 2 8 3 _ 11 1 9 0 7 
[00403773] 4 | 10 6 _ 2 8 3 _ 11 1 9 0 7 
[00403774] 4 | _ 6 10 2 8 3 _ 11 1 9 0 7 
[00403775] 4 | _ 10 6 2 8 3 _ 11 1 9 0 7 
[00403776] 4 | _ 6 _ 2 8 3 _ 11 1 9 0 7 
[00403777] 3 | _ 6 _ 2 8 3 5 11 1 9 0 7 
[00403778] 2 | 4 6 _ 2 8 3 5 11 1 9 0 7 
[00403779] 2 | _ 6 4 2 8 3 5 11 1 9 0 7 
[00403780] 4 | _ _ _ 2 8 3 4 11 1 9 0 7 
[00403781] 3 | _ 5 _ 2 8 3 4 11 1 9 0 7 
[00403782] 5 | _ _ _ 2 8 _ 3 11 1 9 0 7 
[00403783] 4 | 6 10 _ 2 8 _ 3 11 1 9 0 7 
[00403784] 4 | 10 6 _ 2 8 _ 3 11 1 9 0 7 
[00403785] 4 | _ 6 10 2 8 _ 3 11 1 9 0 7 
[00403786] 4 | _ 10 6 2 8 _ 3 11 1 9 0 7 
[00403787] 4 | _ 6 _ 2 8 _ 3 11 1 9 0 7 
[00403788] 3 | _ 6 _ 2 8 5 3 11 1 9 0 7 
[00403789] 2 | 4 6 _ 2 8 5 3 11 1 9 0 7 
[00403790] 2 | _ 6 4 2 8 5 3 11 1 9 0 7 
[00403791] 4 | _ _ _ 2 8 4 3 11 1 9 0 7 
[00403792] 3 | _ 5 _ 2 8 4 3 11 1 9 0 7 
[00403793] 6 | _ _ _ 2 4 10 _ 11 1 9 0 7 
[00403794] 5 | 3 8 _ 2 4 10 _ 11 1 9 0 7 
[00403795] 5 | 8 3 _ 2 4 10 _ 11 1 9 0 7 
[00403796] 5 | _ 3 8 2 4 10 _ 11 1 9 0 7 
[00403797] 5 | _ 8 3 2 4 10 _ 11 1 9 0 7 
[00403798] 6 | _ _ _ 2 10 4 _ 11 1 9 0 7 
[00403799] 5 | 3 8 _ 2 10 4 _ 11 1 9 0 7 
[00403800] 5 | 8 3 _ 2 10 4 _ 11 1 9 0 7 
[00403801] 4 | 8 3 _ 2 10 4 6 11 1 9 0 7 
[00403802] 5 | _ 3 8 2 10 4 _ 11 1 9 0 7 
[00403803] 4 | _ 3 8 2 10 4 6 11 1 9 0 7 
[00403804] 5 | _ 8 3 2 10 4 _ 11 1 9 0 7 
[00403805] 5 | _ _ _ 2 10 4 5 11 1 9 0 7 
[00403806] 4 | _ 6 _ 2 10 4 5 11 1 9 0 7 
[00403807] 3 | 3 6 _ 2 10 4 5 11 1 9 0 7 
[00403808] 2 | 3 6 8 2 10 4 5 11 1 9 0 7 
[00403809] 3 | _ 6 3 2 10 4 5 11 1 9 0 7 
[00403810] 2 | 8 6 3 2 10 4 5 11 1 9 0 7 
[00403811] 6 | _ _ _ 2 4 _ 10 11 1 9 0 7 
[00403812] 5 | 3 8 _ 2 4 _ 10 11 1 9 0 7 
[00403813] 5 | 8 3 _ 2 4 _ 10 11 1 9 0 7 
[00403814] 5 | _ 3 8 2 4 _ 10 11 1 9 0 7 
[00403815] 5 | _ 8 3 2 4 _ 10 11 1 9 0 7 
[00403816] 6 | _ _ _ 2 10 _ 4 11 1 9 0 7 
[00403817] 5 | 3 8 _ 2 10 _ 4 11 1 9 0 7 
[00403818] 5 | 8 3 _ 2 10 _ 4 11 1 9 0 7 
[00403819] 4 | 8 3 _ 2 10 6 4 11 1 9 0 7 
[00403820] 5 | _ 3 8 2 10 _ 4 11 1 9 0 7 
[00403821] 4 | _ 3 8 2 10 6 4 11 1 9 0 7 
[00403822] 5 | _ 8 3 2 10 _ 4 11 1 9 0 7 
[00403823] 5 | _ _ _ 2 10 5 4 11 1 9 0 7 
[00403824] 4 | _ 6 _ 2 10 5 4 11 1 9 0 7 
[00403825] 3 | 3 6 _ 2 10 5 4 11 1 9 0 7 
[00403826] 2 | 3 6 8 2 10 5 4 11 1 9 0 7 
[00403827] 3 | _ 6 3 2 10 5 4 11 1 9 0 7 
[00403828] 2 | 8 6 3 2 10 5 4 11 1 9 0 7 
[00403829] 8 | _ _ _ 2 _ _ _ 11 1 _ 0 8 
[00403830] 7 | 3 10 _ 2 _ _ _ 11 1 _ 0 8 
[00403831] 7 | 10 3 _ 2 _ _ _ 11 1 _ 0 8 
[00403832] 6 | 10 3 9 2 _ _ _ 11 1 _ 0 8 
[00403833] 5 | 10 3 9 2 7 _ _ 11 1 _ 0 8 
[00403834] 4 | 10 3 9 2 7 _ _ 11 1 5 0 8 
[00403835] 3 | 10 3 9 2 7 4 _ 11 1 5 0 8 
[00403836] 3 | 10 3 9 2 7 _ 4 11 1 5 0 8 
[00403837] 5 | 10 3 9 2 _ _ _ 11 1 6 0 8 
[00403838] 6 | 10 3 _ 2 _ _ _ 11 1 7 0 8 
[00403839] 5 | 10 3 _ 2 4 9 _ 11 1 7 0 8 
[00403840] 5 | 10 3 _ 2 9 4 _ 11 1 7 0 8 
[00403841] 4 | 10 3 _ 2 9 4 5 11 1 7 0 8 
[00403842] 3 | 10 3 6 2 9 4 5 11 1 7 0 8 
[00403843] 5 | 10 3 _ 2 4 _ 9 11 1 7 0 8 
[00403844] 5 | 10 3 _ 2 9 _ 4 11 1 7 0 8 
[00403845] 4 | 10 3 _ 2 9 5 4 11 1 7 0 8 
[00403846] 3 | 10 3 6 2 9 5 4 11 1 7 0 8 
[00403847] 7 | _ 3 10 2 _ _ _ 11 1 _ 0 8 
[00403848] 6 | 9 3 10 2 _ _ _ 11 1 _ 0 8 
[00403849] 5 | 9 3 10 2 7 _ _ 11 1 _ 0 8 
[00403850] 4 | 9 3 10 2 7 _ _ 11 1 5 0 8 
[00403851] 3 | 9 3 10 2 7 4 _ 11 1 5 0 8 
[00403852] 3 | 9 3 10 2 7 _ 4 11 1 5 0 8 
[00403853] 5 | 9 3 10 2 _ _ _ 11 1 6 0 8 
[00403854] 6 | _ 3 10 2 _ _ _ 11 1 7 0 8 
[00403855] 5 | _ 3 10 2 4 9 _ 11 1 7 0 8 
[00403856] 5 | _ 3 10 2 9 4 _ 11 1 7 0 8 
[00403857] 4 | _ 3 10 2 9 4 5 11 1 7 0 8 
[00403858] 3 | 6 3 10 2 9 4 5 11 1 7 0 8 
[00403859] 5 | _ 3 10 2 4 _ 9 11 1 7 0 8 
[00403860] 5 | _ 3 10 2 9 _ 4 11 1 7 0 8 
[00403861] 4 | _ 3 10 2 9 5 4 11 1 7 0 8 
[00403862] 3 | 6 3 10 2 9 5 4 11 1 7 0 8 
[00403863] 7 | _ 10 3 2 _ _ _ 11 1 _ 0 8 
[00403864] 7 | _ 9 _ 2 _ _ _ 11 1 _ 0 8 
[00403865] 6 | 3 9 _ 2 _ _ _ 11 1 _ 0 8 
[00403866] 5 | 3 9 4 2 _ _ _ 11 1 _ 0 8 
[00403867] 4 | 3 9 4 2 6 _ _ 11 1 _ 0 8 
[00403868] 4 | 3 9 4 2 6 10 _ 11 1 _ 0 8 
[00403869] 4 | 3 9 4 2 10 6 _ 11 1 _ 0 8 
[00403870] 3 | 3 9 4 2 10 6 7 11 1 _ 0 8 
[00403871] 4 | 3 9 4 2 6 _ 10 11 1 _ 0 8 
[00403872] 4 | 3 9 4 2 10 _ 6 11 1 _ 0 8 
[00403873] 3 | 3 9 4 2 10 7 6 11 1 _ 0 8 
[00403874] 4 | 3 9 4 2 _ _ _ 11 1 5 0 8 
[00403875] 3 | 3 9 4 2 7 10 _ 11 1 5 0 8 
[00403876] 3 | 3 9 4 2 10 7 _ 11 1 5 0 8 
[00403877] 3 | 3 9 4 2 7 _ 10 11 1 5 0 8 
[00403878] 3 | 3 9 4 2 10 _ 7 11 1 5 0 8 
[00403879] 5 | 3 9 _ 2 7 _ _ 11 1 _ 0 8 
[00403880] 4 | 3 9 5 2 7 _ _ 11 1 _ 0 8 
[00403881] 3 | 3 9 5 2 7 4 _ 11 1 _ 0 8 
[00403882] 3 | 3 9 5 2 7 10 _ 11 1 _ 0 8 
[00403883] 3 | 3 9 5 2 7 _ 4 11 1 _ 0 8 
[00403884] 3 | 3 9 5 2 7 _ 10 11 1 _ 0 8 
[00403885] 3 | 3 9 5 2 7 _ _ 11 1 4 0 8 
[00403886] 4 | 3 9 _ 2 7 _ _ 11 1 5 0 8 
[00403887] 3 | 3 9 6 2 7 _ _ 11 1 5 0 8 
[00403888] 3 | 3 9 _ 2 7 4 _ 11 1 5 0 8 
[00403889] 2 | 3 9 7 2 7 4 _ 11 1 5 0 8 
[00403890] 2 | 3 9 _ 2 7 4 9 11 1 5 0 8 
[00403891] 3 | 3 9 _ 2 7 10 _ 11 1 5 0 8 
[00403892] 2 | 3 9 7 2 7 10 _ 11 1 5 0 8 
[00403893] 2 | 3 9 _ 2 7 10 9 11 1 5 0 8 
[00403894] 3 | 3 9 _ 2 7 _ 4 11 1 5 0 8 
[00403895] 2 | 3 9 7 2 7 _ 4 11 1 5 0 8 
[00403896] 2 | 3 9 _ 2 7 9 4 11 1 5 0 8 
[00403897] 3 | 3 9 _ 2 7 _ 10 11 1 5 0 8 
[00403898] 2 | 3 9 7 2 7 _ 10 11 1 5 0 8 
[00403899] 2 | 3 9 _ 2 7 9 10 11 1 5 0 8 
[00403900] 5 | 3 9 _ 2 5 10 _ 11 1 _ 0 8 
[00403901] 4 | 3 9 5 2 5 10 _ 11 1 _ 0 8 
[00403902] 3 | 3 9 5 2 5 10 _ 11 1 4 0 8 
[00403903] 4 | 3 9 _ 2 5 10 1 11 1 _ 0 8 
[00403904] 3 | 3 9 6 2 5 10 1 11 1 _ 0 8 
[00403905] 4 | 3 9 _ 2 5 10 9 11 1 _ 0 8 
[00403906] 3 | 3 9 _ 2 5 10 9 11 1 4 0 8 
[00403907] 4 | 3 9 _ 2 5 10 _ 11 1 5 0 8 
[00403908] 3 | 3 9 6 2 5 10 _ 11 1 5 0 8 
[00403909] 5 | 3 9 _ 2 10 5 _ 11 1 _ 0 8 
[00403910] 4 | 3 9 _ 2 10 5 6 11 1 _ 0 8 
[00403911] 3 | 3 9 _ 2 10 5 6 11 1 4 0 8 
[00403912] 2 | 3 9 7 2 10 5 6 11 1 4 0 8 
[00403913] 5 | 3 9 _ 2 5 _ 10 11 1 _ 0 8 
[00403914] 4 | 3 9 5 2 5 _ 10 11 1 _ 0 8 
[00403915] 3 | 3 9 5 2 5 _ 10 11 1 4 0 8 
[00403916] 4 | 3 9 _ 2 5 1 10 11 1 _ 0 8 
[00403917] 3 | 3 9 6 2 5 1 10 11 1 _ 0 8 
[00403918] 4 | 3 9 _ 2 5 9 10 11 1 _ 0 8 
[00403919] 3 | 3 9 _ 2 5 9 10 11 1 4 0 8 
[00403920] 4 | 3 9 _ 2 5 _ 10 11 1 5 0 8 
[00403921] 3 | 3 9 6 2 5 _ 10 11 1 5 0 8 
[00403922] 5 | 3 9 _ 2 10 _ 5 11 1 _ 0 8 
[00403923] 4 | 3 9 _ 2 10 6 5 11 1 _ 0 8 
[00403924] 3 | 3 9 _ 2 10 6 5 11 1 4 0 8 
[00403925] 2 | 3 9 7 2 10 6 5 11 1 4 0 8 
[00403926] 5 | 3 9 _ 2 _ _ _ 11 1 6 0 8 
[00403927] 4 | 3 9 5 2 _ _ _ 11 1 6 0 8 
[00403928] 3 | 3 9 5 2 4 7 _ 11 1 6 0 8 
[00403929] 3 | 3 9 5 2 7 10 _ 11 1 6 0 8 
[00403930] 3 | 3 9 5 2 7 4 _ 11 1 6 0 8 
[00403931] 3 | 3 9 5 2 10 7 _ 11 1 6 0 8 
[00403932] 3 | 3 9 5 2 4 _ 7 11 1 6 0 8 
[00403933] 3 | 3 9 5 2 7 _ 10 11 1 6 0 8 
[00403934] 3 | 3 9 5 2 7 _ 4 11 1 6 0 8 
[00403935] 3 | 3 9 5 2 10 _ 7 11 1 6 0 8 
[00403936] 6 | _ 9 3 2 _ _ _ 11 1 _ 0 8 
[00403937] 5 | 4 9 3 2 _ _ _ 11 1 _ 0 8 
[00403938] 4 | 4 9 3 2 6 _ _ 11 1 _ 0 8 
[00403939] 4 | 4 9 3 2 6 10 _ 11 1 _ 0 8 
[00403940] 4 | 4 9 3 2 10 6 _ 11 1 _ 0 8 
[00403941] 3 | 4 9 3 2 10 6 7 11 1 _ 0 8 
[00403942] 4 | 4 9 3 2 6 _ 10 11 1 _ 0 8 
[00403943] 4 | 4 9 3 2 10 _ 6 11 1 _ 0 8 
[00403944] 3 | 4 9 3 2 10 7 6 11 1 _ 0 8 
[00403945] 4 | 4 9 3 2 _ _ _ 11 1 5 0 8 
[00403946] 3 | 4 9 3 2 7 10 _ 11 1 5 0 8 
[00403947] 3 | 4 9 3 2 10 7 _ 11 1 5 0 8 
[00403948] 3 | 4 9 3 2 7 _ 10 11 1 5 0 8 
[00403949] 3 | 4 9 3 2 10 _ 7 11 1 5 0 8 
[00403950] 5 | _ 9 3 2 7 _ _ 11 1 _ 0 8 
[00403951] 4 | 5 9 3 2 7 _ _ 11 1 _ 0 8 
[00403952] 3 | 5 9 3 2 7 4 _ 11 1 _ 0 8 
[00403953] 3 | 5 9 3 2 7 10 _ 11 1 _ 0 8 
[00403954] 3 | 5 9 3 2 7 _ 4 11 1 _ 0 8 
[00403955] 3 | 5 9 3 2 7 _ 10 11 1 _ 0 8 
[00403956] 3 | 5 9 3 2 7 _ _ 11 1 4 0 8 
[00403957] 4 | _ 9 3 2 7 _ _ 11 1 5 0 8 
[00403958] 3 | 6 9 3 2 7 _ _ 11 1 5 0 8 
[00403959] 3 | _ 9 3 2 7 4 _ 11 1 5 0 8 
[00403960] 2 | 7 9 3 2 7 4 _ 11 1 5 0 8 
[00403961] 2 | _ 9 3 2 7 4 9 11 1 5 0 8 
[00403962] 3 | _ 9 3 2 7 10 _ 11 1 5 0 8 
[00403963] 2 | 7 9 3 2 7 10 _ 11 1 5 0 8 
[00403964] 2 | _ 9 3 2 7 10 9 11 1 5 0 8 
[00403965] 3 | _ 9 3 2 7 _ 4 11 1 5 0 8 
[00403966] 2 | 7 9 3 2 7 _ 4 11 1 5 0 8 
[00403967] 2 | _ 9 3 2 7 9 4 11 1 5 0 8 
[00403968] 3 | _ 9 3 2 7 _ 10 11 1 5 0 8 
[00403969] 2 | 7 9 3 2 7 _ 10 11 1 5 0 8 
[00403970] 2 | _ 9 3 2 7 9 10 11 1 5 0 8 
[00403971] 5 | _ 9 3 2 5 10 _ 11 1 _ 0 8 
[00403972] 4 | 5 9 3 2 5 10 _ 11 1 _ 0 8 
[00403973] 3 | 5 9 3 2 5 10 _ 11 1 4 0 8 
[00403974] 4 | _ 9 3 2 5 10 1 11 1 _ 0 8 
[00403975] 3 | 6 9 3 2 5 10 1 11 1 _ 0 8 
[00403976] 4 | _ 9 3 2 5 10 9 11 1 _ 0 8 
[00403977] 3 | _ 9 3 2 5 10 9 11 1 4 0 8 
[00403978] 4 | _ 9 3 2 5 10 _ 11 1 5 0 8 
[00403979] 3 | 6 9 3 2 5 10 _ 11 1 5 0 8 
[00403980] 5 | _ 9 3 2 10 5 _ 11 1 _ 0 8 
[00403981] 4 | _ 9 3 2 10 5 6 11 1 _ 0 8 
[00403982] 3 | _ 9 3 2 10 5 6 11 1 4 0 8 
[00403983] 2 | 7 9 3 2 10 5 6 11 1 4 0 8 
[00403984] 5 | _ 9 3 2 5 _ 10 11 1 _ 0 8 
[00403985] 4 | 5 9 3 2 5 _ 10 11 1 _ 0 8 
[00403986] 3 | 5 9 3 2 5 _ 10 11 1 4 0 8 
[00403987] 4 | _ 9 3 2 5 1 10 11 1 _ 0 8 
[00403988] 3 | 6 9 3 2 5 1 10 11 1 _ 0 8 
[00403989] 4 | _ 9 3 2 5 9 10 11 1 _ 0 8 
[00403990] 3 | _ 9 3 2 5 9 10 11 1 4 0 8 
[00403991] 4 | _ 9 3 2 5 _ 10 11 1 5 0 8 
[00403992] 3 | 6 9 3 2 5 _ 10 11 1 5 0 8 
[00403993] 5 | _ 9 3 2 10 _ 5 11 1 _ 0 8 
[00403994] 4 | _ 9 3 2 10 6 5 11 1 _ 0 8 
[00403995] 3 | _ 9 3 2 10 6 5 11 1 4 0 8 
[00403996] 2 | 7 9 3 2 10 6 5 11 1 4 0 8 
[00403997] 5 | _ 9 3 2 _ _ _ 11 1 6 0 8 
[00403998] 4 | 5 9 3 2 _ _ _ 11 1 6 0 8 
[00403999] 3 | 5 9 3 2 4 7 _ 11 1 6 0 8 
[00404000] 3 | 5 9 3 2 7 10 _ 11 1 6 0 8 
[00404001] 3 | 5 9 3 2 7 4 _ 11 1 6 0 8 
[00404002] 3 | 5 9 3 2 10 7 _ 11 1 6 0 8 
[00404003] 3 | 5 9 3 2 4 _ 7 11 1 6 0 8 
[00404004] 3 | 5 9 3 2 7 _ 10 11 1 6 0 8 
[00404005] 3 | 5 9 3 2 7 _ 4 11 1 6 0 8 
[00404006] 3 | 5 9 3 2 10 _ 7 11 1 6 0 8 
[00404007] 6 | _ 9 _ 2 4 10 _ 11 1 _ 0 8 
[00404008] 5 | 4 9 _ 2 4 10 _ 11 1 _ 0 8 
[00404009] 4 | 4 9 5 2 4 10 _ 11 1 _ 0 8 
[00404010] 4 | 4 9 _ 2 4 10 _ 11 1 5 0 8 
[00404011] 3 | 4 9 6 2 4 10 _ 11 1 5 0 8 
[00404012] 5 | _ 9 4 2 4 10 _ 11 1 _ 0 8 
[00404013] 4 | 5 9 4 2 4 10 _ 11 1 _ 0 8 
[00404014] 4 | _ 9 4 2 4 10 _ 11 1 5 0 8 
[00404015] 3 | 6 9 4 2 4 10 _ 11 1 5 0 8 
[00404016] 5 | _ 9 _ 2 4 10 9 11 1 _ 0 8 
[00404017] 4 | _ 9 _ 2 4 10 9 11 1 5 0 8 
[00404018] 5 | _ 9 _ 2 4 10 _ 11 1 6 0 8 
[00404019] 4 | 5 9 _ 2 4 10 _ 11 1 6 0 8 
[00404020] 3 | 5 9 _ 2 4 10 7 11 1 6 0 8 
[00404021] 4 | _ 9 5 2 4 10 _ 11 1 6 0 8 
[00404022] 3 | _ 9 5 2 4 10 7 11 1 6 0 8 
[00404023] 6 | _ 9 _ 2 10 4 _ 11 1 _ 0 8 
[00404024] 5 | _ 9 _ 2 10 4 5 11 1 _ 0 8 
[00404025] 5 | _ 9 _ 2 10 4 _ 11 1 6 0 8 
[00404026] 4 | 5 9 _ 2 10 4 _ 11 1 6 0 8 
[00404027] 3 | 5 9 _ 2 10 4 7 11 1 6 0 8 
[00404028] 4 | _ 9 5 2 10 4 _ 11 1 6 0 8 
[00404029] 3 | _ 9 5 2 10 4 7 11 1 6 0 8 
[00404030] 6 | _ 9 _ 2 4 _ 10 11 1 _ 0 8 
[00404031] 5 | 4 9 _ 2 4 _ 10 11 1 _ 0 8 
[00404032] 4 | 4 9 5 2 4 _ 10 11 1 _ 0 8 
[00404033] 4 | 4 9 _ 2 4 _ 10 11 1 5 0 8 
[00404034] 3 | 4 9 6 2 4 _ 10 11 1 5 0 8 
[00404035] 5 | _ 9 4 2 4 _ 10 11 1 _ 0 8 
[00404036] 4 | 5 9 4 2 4 _ 10 11 1 _ 0 8 
[00404037] 4 | _ 9 4 2 4 _ 10 11 1 5 0 8 
[00404038] 3 | 6 9 4 2 4 _ 10 11 1 5 0 8 
[00404039] 5 | _ 9 _ 2 4 9 10 11 1 _ 0 8 
[00404040] 4 | _ 9 _ 2 4 9 10 11 1 5 0 8 
[00404041] 5 | _ 9 _ 2 4 _ 10 11 1 6 0 8 
[00404042] 4 | 5 9 _ 2 4 _ 10 11 1 6 0 8 
[00404043] 3 | 5 9 _ 2 4 7 10 11 1 6 0 8 
[00404044] 4 | _ 9 5 2 4 _ 10 11 1 6 0 8 
[00404045] 3 | _ 9 5 2 4 7 10 11 1 6 0 8 
[00404046] 6 | _ 9 _ 2 10 _ 4 11 1 _ 0 8 
[00404047] 5 | _ 9 _ 2 10 5 4 11 1 _ 0 8 
[00404048] 5 | _ 9 _ 2 10 _ 4 11 1 6 0 8 
[00404049] 4 | 5 9 _ 2 10 _ 4 11 1 6 0 8 
[00404050] 3 | 5 9 _ 2 10 7 4 11 1 6 0 8 
[00404051] 4 | _ 9 5 2 10 _ 4 11 1 6 0 8 
[00404052] 3 | _ 9 5 2 10 7 4 11 1 6 0 8 
[00404053] 6 | _ 9 _ 2 _ _ _ 11 1 7 0 8 
[00404054] 5 | 4 9 _ 2 _ _ _ 11 1 7 0 8 
[00404055] 4 | 4 9 5 2 _ _ _ 11 1 7 0 8 
[00404056] 3 | 4 9 5 2 3 6 _ 11 1 7 0 8 
[00404057] 3 | 4 9 5 2 6 3 _ 11 1 7 0 8 
[00404058] 3 | 4 9 5 2 3 _ 6 11 1 7 0 8 
[00404059] 3 | 4 9 5 2 6 _ 3 11 1 7 0 8 
[00404060] 4 | 4 9 _ 2 6 _ _ 11 1 7 0 8 
[00404061] 3 | 4 9 6 2 6 _ _ 11 1 7 0 8 
[00404062] 3 | 4 9 _ 2 6 3 _ 11 1 7 0 8 
[00404063] 3 | 4 9 _ 2 6 9 _ 11 1 7 0 8 
[00404064] 3 | 4 9 _ 2 6 _ 3 11 1 7 0 8 
[00404065] 3 | 4 9 _ 2 6 _ 9 11 1 7 0 8 
[00404066] 4 | 4 9 _ 2 6 10 _ 11 1 7 0 8 
[00404067] 3 | 4 9 6 2 6 10 _ 11 1 7 0 8 
[00404068] 3 | 4 9 _ 2 6 10 3 11 1 7 0 8 
[00404069] 3 | 4 9 _ 2 6 10 9 11 1 7 0 8 
[00404070] 4 | 4 9 _ 2 10 6 _ 11 1 7 0 8 
[00404071] 4 | 4 9 _ 2 6 _ 10 11 1 7 0 8 
[00404072] 3 | 4 9 6 2 6 _ 10 11 1 7 0 8 
[00404073] 3 | 4 9 _ 2 6 3 10 11 1 7 0 8 
[00404074] 3 | 4 9 _ 2 6 9 10 11 1 7 0 8 
[00404075] 4 | 4 9 _ 2 10 _ 6 11 1 7 0 8 
[00404076] 5 | _ 9 4 2 _ _ _ 11 1 7 0 8 
[00404077] 4 | 5 9 4 2 _ _ _ 11 1 7 0 8 
[00404078] 3 | 5 9 4 2 3 6 _ 11 1 7 0 8 
[00404079] 3 | 5 9 4 2 6 3 _ 11 1 7 0 8 
[00404080] 3 | 5 9 4 2 3 _ 6 11 1 7 0 8 
[00404081] 3 | 5 9 4 2 6 _ 3 11 1 7 0 8 
[00404082] 4 | _ 9 4 2 6 _ _ 11 1 7 0 8 
[00404083] 3 | 6 9 4 2 6 _ _ 11 1 7 0 8 
[00404084] 3 | _ 9 4 2 6 3 _ 11 1 7 0 8 
[00404085] 3 | _ 9 4 2 6 9 _ 11 1 7 0 8 
[00404086] 3 | _ 9 4 2 6 _ 3 11 1 7 0 8 
[00404087] 3 | _ 9 4 2 6 _ 9 11 1 7 0 8 
[00404088] 4 | _ 9 4 2 6 10 _ 11 1 7 0 8 
[00404089] 3 | 6 9 4 2 6 10 _ 11 1 7 0 8 
[00404090] 3 | _ 9 4 2 6 10 3 11 1 7 0 8 
[00404091] 3 | _ 9 4 2 6 10 9 11 1 7 0 8 
[00404092] 4 | _ 9 4 2 10 6 _ 11 1 7 0 8 
[00404093] 4 | _ 9 4 2 6 _ 10 11 1 7 0 8 
[00404094] 3 | 6 9 4 2 6 _ 10 11 1 7 0 8 
[00404095] 3 | _ 9 4 2 6 3 10 11 1 7 0 8 
[00404096] 3 | _ 9 4 2 6 9 10 11 1 7 0 8 
[00404097] 4 | _ 9 4 2 10 _ 6 11 1 7 0 8 
[00404098] 5 | _ 9 _ 2 5 10 _ 11 1 7 0 8 
[00404099] 4 | 5 9 _ 2 5 10 _ 11 1 7 0 8 
[00404100] 3 | 5 9 6 2 5 10 _ 11 1 7 0 8 
[00404101] 4 | _ 9 5 2 5 10 _ 11 1 7 0 8 
[00404102] 3 | 6 9 5 2 5 10 _ 11 1 7 0 8 
[00404103] 4 | _ 9 _ 2 5 10 9 11 1 7 0 8 
