[00164569] 3 | _ 3 8 11 0 7 10 2 8 _ 6 3 
[00164570] 3 | _ 3 8 11 0 7 10 2 8 _ 6 9 
[00164571] 2 | 1 3 8 11 0 7 10 2 8 _ 6 9 
[00164572] 2 | 5 3 8 11 0 7 10 2 8 _ 6 9 
[00164573] 4 | _ 3 8 11 0 7 10 2 8 _ 1 5 
[00164574] 3 | 6 3 8 11 0 7 10 2 8 _ 1 5 
[00164575] 4 | _ 3 8 11 0 7 10 2 8 _ 5 9 
[00164576] 3 | 6 3 8 11 0 7 10 2 8 _ 5 9 
[00164577] 4 | _ 3 8 11 0 7 10 2 8 _ 5 1 
[00164578] 3 | 6 3 8 11 0 7 10 2 8 _ 5 1 
[00164579] 4 | _ 3 8 11 0 7 10 2 8 _ 9 5 
[00164580] 3 | 6 3 8 11 0 7 10 2 8 _ 9 5 
[00164581] 5 | _ 3 _ 11 0 7 10 2 8 3 _ _ 
[00164582] 4 | _ 3 _ 11 0 7 10 2 8 3 6 _ 
[00164583] 3 | _ 3 _ 11 0 7 10 2 8 3 6 9 
[00164584] 4 | _ 3 _ 11 0 7 10 2 8 3 1 5 
[00164585] 4 | _ 3 _ 11 0 7 10 2 8 3 5 9 
[00164586] 4 | _ 3 _ 11 0 7 10 2 8 3 5 1 
[00164587] 4 | _ 3 _ 11 0 7 10 2 8 3 9 5 
[00164588] 5 | _ 3 _ 11 0 7 10 2 8 _ 1 6 
[00164589] 4 | _ 3 _ 11 0 7 10 2 8 4 1 6 
[00164590] 5 | _ 3 _ 11 0 7 10 2 8 _ 4 9 
[00164591] 5 | _ 3 _ 11 0 7 10 2 8 _ 6 1 
[00164592] 4 | _ 3 _ 11 0 7 10 2 8 4 6 1 
[00164593] 5 | _ 3 _ 11 0 7 10 2 8 _ 9 4 
[00164594] 6 | _ 3 _ 11 0 7 10 2 _ _ 8 _ 
[00164595] 5 | 8 3 _ 11 0 7 10 2 _ _ 8 _ 
[00164596] 4 | 8 3 _ 11 0 7 10 2 6 _ 8 _ 
[00164597] 3 | 8 3 6 11 0 7 10 2 6 _ 8 _ 
[00164598] 3 | 8 3 _ 11 0 7 10 2 6 3 8 _ 
[00164599] 3 | 8 3 _ 11 0 7 10 2 6 9 8 _ 
[00164600] 2 | 8 3 1 11 0 7 10 2 6 9 8 _ 
[00164601] 2 | 8 3 5 11 0 7 10 2 6 9 8 _ 
[00164602] 4 | 8 3 _ 11 0 7 10 2 1 5 8 _ 
[00164603] 3 | 8 3 6 11 0 7 10 2 1 5 8 _ 
[00164604] 4 | 8 3 _ 11 0 7 10 2 5 9 8 _ 
[00164605] 3 | 8 3 6 11 0 7 10 2 5 9 8 _ 
[00164606] 4 | 8 3 _ 11 0 7 10 2 5 1 8 _ 
[00164607] 3 | 8 3 6 11 0 7 10 2 5 1 8 _ 
[00164608] 4 | 8 3 _ 11 0 7 10 2 9 5 8 _ 
[00164609] 3 | 8 3 6 11 0 7 10 2 9 5 8 _ 
[00164610] 5 | _ 3 8 11 0 7 10 2 _ _ 8 _ 
[00164611] 4 | _ 3 8 11 0 7 10 2 6 _ 8 _ 
[00164612] 3 | 6 3 8 11 0 7 10 2 6 _ 8 _ 
[00164613] 3 | _ 3 8 11 0 7 10 2 6 3 8 _ 
[00164614] 3 | _ 3 8 11 0 7 10 2 6 9 8 _ 
[00164615] 2 | 1 3 8 11 0 7 10 2 6 9 8 _ 
[00164616] 2 | 5 3 8 11 0 7 10 2 6 9 8 _ 
[00164617] 4 | _ 3 8 11 0 7 10 2 1 5 8 _ 
[00164618] 3 | 6 3 8 11 0 7 10 2 1 5 8 _ 
[00164619] 4 | _ 3 8 11 0 7 10 2 5 9 8 _ 
[00164620] 3 | 6 3 8 11 0 7 10 2 5 9 8 _ 
[00164621] 4 | _ 3 8 11 0 7 10 2 5 1 8 _ 
[00164622] 3 | 6 3 8 11 0 7 10 2 5 1 8 _ 
[00164623] 4 | _ 3 8 11 0 7 10 2 9 5 8 _ 
[00164624] 3 | 6 3 8 11 0 7 10 2 9 5 8 _ 
[00164625] 5 | _ 3 _ 11 0 7 10 2 1 6 8 _ 
[00164626] 4 | _ 3 _ 11 0 7 10 2 1 6 8 4 
[00164627] 5 | _ 3 _ 11 0 7 10 2 4 9 8 _ 
[00164628] 5 | _ 3 _ 11 0 7 10 2 6 1 8 _ 
[00164629] 4 | _ 3 _ 11 0 7 10 2 6 1 8 4 
[00164630] 5 | _ 3 _ 11 0 7 10 2 9 4 8 _ 
[00164631] 5 | _ 3 _ 11 0 7 10 2 _ _ 8 3 
[00164632] 4 | _ 3 _ 11 0 7 10 2 6 _ 8 3 
[00164633] 3 | _ 3 _ 11 0 7 10 2 6 9 8 3 
[00164634] 4 | _ 3 _ 11 0 7 10 2 1 5 8 3 
[00164635] 4 | _ 3 _ 11 0 7 10 2 5 9 8 3 
[00164636] 4 | _ 3 _ 11 0 7 10 2 5 1 8 3 
[00164637] 4 | _ 3 _ 11 0 7 10 2 9 5 8 3 
[00164638] 7 | _ 3 _ 11 0 _ 10 2 9 _ _ _ 
[00164639] 6 | 9 3 _ 11 0 _ 10 2 9 _ _ _ 
[00164640] 5 | 9 3 8 11 0 _ 10 2 9 _ _ _ 
[00164641] 4 | 9 3 8 11 0 4 10 2 9 _ _ _ 
[00164642] 3 | 9 3 8 11 0 4 10 2 9 _ 5 _ 
[00164643] 2 | 9 3 8 11 0 4 10 2 9 _ 5 7 
[00164644] 4 | 9 3 8 11 0 _ 10 2 9 _ 6 _ 
[00164645] 4 | 9 3 8 11 0 _ 10 2 9 _ 1 5 
[00164646] 4 | 9 3 8 11 0 _ 10 2 9 _ 5 1 
[00164647] 5 | 9 3 _ 11 0 5 10 2 9 _ _ _ 
[00164648] 4 | 9 3 7 11 0 5 10 2 9 _ _ _ 
[00164649] 3 | 9 3 7 11 0 5 10 2 9 _ 1 4 
[00164650] 3 | 9 3 7 11 0 5 10 2 9 _ 4 1 
[00164651] 4 | 9 3 _ 11 0 5 10 2 9 _ 6 _ 
[00164652] 3 | 9 3 6 11 0 5 10 2 9 _ 6 _ 
[00164653] 3 | 9 3 _ 11 0 5 10 2 9 _ 6 3 
[00164654] 4 | 9 3 _ 11 0 5 10 2 9 _ 4 8 
[00164655] 3 | 9 3 6 11 0 5 10 2 9 _ 4 8 
[00164656] 4 | 9 3 _ 11 0 5 10 2 9 _ 8 4 
[00164657] 3 | 9 3 6 11 0 5 10 2 9 _ 8 4 
[00164658] 5 | 9 3 _ 11 0 _ 10 2 9 _ 7 _ 
[00164659] 4 | 9 3 7 11 0 _ 10 2 9 _ 7 _ 
[00164660] 4 | 9 3 _ 11 0 4 10 2 9 _ 7 _ 
[00164661] 3 | 9 3 6 11 0 4 10 2 9 _ 7 _ 
[00164662] 2 | 9 3 6 11 0 4 10 2 9 _ 7 5 
[00164663] 4 | 9 3 _ 11 0 _ 10 2 9 _ 7 3 
[00164664] 5 | 9 3 _ 11 0 _ 10 2 9 _ 1 6 
[00164665] 4 | 9 3 7 11 0 _ 10 2 9 _ 1 6 
[00164666] 4 | 9 3 _ 11 0 4 10 2 9 _ 1 6 
[00164667] 5 | 9 3 _ 11 0 _ 10 2 9 _ 6 1 
[00164668] 4 | 9 3 7 11 0 _ 10 2 9 _ 6 1 
[00164669] 4 | 9 3 _ 11 0 4 10 2 9 _ 6 1 
[00164670] 6 | _ 3 9 11 0 _ 10 2 9 _ _ _ 
[00164671] 5 | 8 3 9 11 0 _ 10 2 9 _ _ _ 
[00164672] 4 | 8 3 9 11 0 4 10 2 9 _ _ _ 
[00164673] 3 | 8 3 9 11 0 4 10 2 9 _ 5 _ 
[00164674] 2 | 8 3 9 11 0 4 10 2 9 _ 5 7 
[00164675] 4 | 8 3 9 11 0 _ 10 2 9 _ 6 _ 
[00164676] 4 | 8 3 9 11 0 _ 10 2 9 _ 1 5 
[00164677] 4 | 8 3 9 11 0 _ 10 2 9 _ 5 1 
[00164678] 5 | _ 3 9 11 0 5 10 2 9 _ _ _ 
[00164679] 4 | 7 3 9 11 0 5 10 2 9 _ _ _ 
[00164680] 3 | 7 3 9 11 0 5 10 2 9 _ 1 4 
[00164681] 3 | 7 3 9 11 0 5 10 2 9 _ 4 1 
[00164682] 4 | _ 3 9 11 0 5 10 2 9 _ 6 _ 
[00164683] 3 | 6 3 9 11 0 5 10 2 9 _ 6 _ 
[00164684] 3 | _ 3 9 11 0 5 10 2 9 _ 6 3 
[00164685] 4 | _ 3 9 11 0 5 10 2 9 _ 4 8 
[00164686] 3 | 6 3 9 11 0 5 10 2 9 _ 4 8 
[00164687] 4 | _ 3 9 11 0 5 10 2 9 _ 8 4 
[00164688] 3 | 6 3 9 11 0 5 10 2 9 _ 8 4 
[00164689] 5 | _ 3 9 11 0 _ 10 2 9 _ 7 _ 
[00164690] 4 | 7 3 9 11 0 _ 10 2 9 _ 7 _ 
[00164691] 4 | _ 3 9 11 0 4 10 2 9 _ 7 _ 
[00164692] 3 | 6 3 9 11 0 4 10 2 9 _ 7 _ 
[00164693] 2 | 6 3 9 11 0 4 10 2 9 _ 7 5 
[00164694] 4 | _ 3 9 11 0 _ 10 2 9 _ 7 3 
[00164695] 5 | _ 3 9 11 0 _ 10 2 9 _ 1 6 
[00164696] 4 | 7 3 9 11 0 _ 10 2 9 _ 1 6 
[00164697] 4 | _ 3 9 11 0 4 10 2 9 _ 1 6 
[00164698] 5 | _ 3 9 11 0 _ 10 2 9 _ 6 1 
[00164699] 4 | 7 3 9 11 0 _ 10 2 9 _ 6 1 
[00164700] 4 | _ 3 9 11 0 4 10 2 9 _ 6 1 
[00164701] 6 | _ 3 _ 11 0 6 10 2 9 _ _ _ 
[00164702] 5 | 8 3 _ 11 0 6 10 2 9 _ _ _ 
[00164703] 4 | 8 3 7 11 0 6 10 2 9 _ _ _ 
[00164704] 3 | 8 3 7 11 0 6 10 2 9 _ 5 _ 
[00164705] 3 | 8 3 7 11 0 6 10 2 9 _ 1 4 
[00164706] 3 | 8 3 7 11 0 6 10 2 9 _ 4 1 
[00164707] 4 | 8 3 _ 11 0 6 10 2 9 5 _ _ 
[00164708] 3 | 8 3 _ 11 0 6 10 2 9 5 1 4 
[00164709] 3 | 8 3 _ 11 0 6 10 2 9 5 4 7 
[00164710] 2 | 8 3 1 11 0 6 10 2 9 5 4 7 
[00164711] 3 | 8 3 _ 11 0 6 10 2 9 5 4 1 
[00164712] 3 | 8 3 _ 11 0 6 10 2 9 5 7 4 
[00164713] 2 | 8 3 1 11 0 6 10 2 9 5 7 4 
[00164714] 4 | 8 3 _ 11 0 6 10 2 9 _ 1 5 
[00164715] 4 | 8 3 _ 11 0 6 10 2 9 _ 5 1 
[00164716] 5 | _ 3 8 11 0 6 10 2 9 _ _ _ 
[00164717] 4 | 7 3 8 11 0 6 10 2 9 _ _ _ 
[00164718] 3 | 7 3 8 11 0 6 10 2 9 _ 5 _ 
[00164719] 3 | 7 3 8 11 0 6 10 2 9 _ 1 4 
[00164720] 3 | 7 3 8 11 0 6 10 2 9 _ 4 1 
[00164721] 4 | _ 3 8 11 0 6 10 2 9 5 _ _ 
[00164722] 3 | _ 3 8 11 0 6 10 2 9 5 1 4 
[00164723] 3 | _ 3 8 11 0 6 10 2 9 5 4 7 
[00164724] 2 | 1 3 8 11 0 6 10 2 9 5 4 7 
[00164725] 3 | _ 3 8 11 0 6 10 2 9 5 4 1 
[00164726] 3 | _ 3 8 11 0 6 10 2 9 5 7 4 
[00164727] 2 | 1 3 8 11 0 6 10 2 9 5 7 4 
[00164728] 4 | _ 3 8 11 0 6 10 2 9 _ 1 5 
[00164729] 4 | _ 3 8 11 0 6 10 2 9 _ 5 1 
[00164730] 5 | _ 3 _ 11 0 6 10 2 9 4 _ _ 
[00164731] 4 | 7 3 _ 11 0 6 10 2 9 4 _ _ 
[00164732] 3 | 7 3 _ 11 0 6 10 2 9 4 5 _ 
[00164733] 2 | 7 3 1 11 0 6 10 2 9 4 5 _ 
[00164734] 2 | 7 3 5 11 0 6 10 2 9 4 5 _ 
[00164735] 2 | 7 3 _ 11 0 6 10 2 9 4 5 3 
[00164736] 3 | 7 3 _ 11 0 6 10 2 9 4 5 8 
[00164737] 2 | 7 3 1 11 0 6 10 2 9 4 5 8 
[00164738] 3 | 7 3 _ 11 0 6 10 2 9 4 8 5 
[00164739] 2 | 7 3 1 11 0 6 10 2 9 4 8 5 
[00164740] 4 | _ 3 7 11 0 6 10 2 9 4 _ _ 
[00164741] 3 | _ 3 7 11 0 6 10 2 9 4 5 _ 
[00164742] 2 | 1 3 7 11 0 6 10 2 9 4 5 _ 
[00164743] 2 | 5 3 7 11 0 6 10 2 9 4 5 _ 
[00164744] 2 | _ 3 7 11 0 6 10 2 9 4 5 3 
[00164745] 3 | _ 3 7 11 0 6 10 2 9 4 5 8 
[00164746] 2 | 1 3 7 11 0 6 10 2 9 4 5 8 
[00164747] 3 | _ 3 7 11 0 6 10 2 9 4 8 5 
[00164748] 2 | 1 3 7 11 0 6 10 2 9 4 8 5 
[00164749] 4 | _ 3 _ 11 0 6 10 2 9 4 1 5 
[00164750] 4 | _ 3 _ 11 0 6 10 2 9 4 5 1 
[00164751] 5 | _ 3 _ 11 0 6 10 2 9 _ 7 _ 
[00164752] 4 | 7 3 _ 11 0 6 10 2 9 _ 7 _ 
[00164753] 4 | _ 3 7 11 0 6 10 2 9 _ 7 _ 
[00164754] 4 | _ 3 _ 11 0 6 10 2 9 5 7 _ 
[00164755] 3 | _ 3 _ 11 0 6 10 2 9 5 7 4 
[00164756] 2 | 1 3 _ 11 0 6 10 2 9 5 7 4 
[00164757] 2 | _ 3 1 11 0 6 10 2 9 5 7 4 
[00164758] 4 | _ 3 _ 11 0 6 10 2 9 _ 7 3 
[00164759] 6 | _ 3 _ 11 0 _ 10 2 9 3 _ _ 
[00164760] 5 | _ 3 _ 11 0 5 10 2 9 3 _ _ 
[00164761] 4 | _ 3 _ 11 0 5 10 2 9 3 6 _ 
[00164762] 4 | _ 3 _ 11 0 5 10 2 9 3 4 8 
[00164763] 4 | _ 3 _ 11 0 5 10 2 9 3 8 4 
[00164764] 5 | _ 3 _ 11 0 _ 10 2 9 3 7 _ 
[00164765] 4 | _ 3 _ 11 0 4 10 2 9 3 7 _ 
[00164766] 5 | _ 3 _ 11 0 _ 10 2 9 3 1 6 
[00164767] 4 | _ 3 _ 11 0 4 10 2 9 3 1 6 
[00164768] 5 | _ 3 _ 11 0 _ 10 2 9 3 6 1 
[00164769] 4 | _ 3 _ 11 0 4 10 2 9 3 6 1 
[00164770] 6 | _ 3 _ 11 0 _ 10 2 9 _ 8 _ 
[00164771] 5 | 8 3 _ 11 0 _ 10 2 9 _ 8 _ 
[00164772] 4 | 8 3 7 11 0 _ 10 2 9 _ 8 _ 
[00164773] 3 | 8 3 7 11 0 _ 10 2 9 6 8 _ 
[00164774] 4 | 8 3 _ 11 0 4 10 2 9 _ 8 _ 
[00164775] 3 | 8 3 6 11 0 4 10 2 9 _ 8 _ 
[00164776] 2 | 8 3 6 11 0 4 10 2 9 7 8 _ 
[00164777] 3 | 8 3 _ 11 0 4 10 2 9 6 8 _ 
[00164778] 2 | 8 3 1 11 0 4 10 2 9 6 8 _ 
[00164779] 2 | 8 3 5 11 0 4 10 2 9 6 8 _ 
[00164780] 4 | 8 3 _ 11 0 _ 10 2 9 5 8 _ 
[00164781] 3 | 8 3 0 11 0 _ 10 2 9 5 8 _ 
[00164782] 3 | 8 3 6 11 0 _ 10 2 9 5 8 _ 
[00164783] 3 | 8 3 _ 11 0 3 10 2 9 5 8 _ 
[00164784] 5 | _ 3 8 11 0 _ 10 2 9 _ 8 _ 
[00164785] 4 | 7 3 8 11 0 _ 10 2 9 _ 8 _ 
[00164786] 3 | 7 3 8 11 0 _ 10 2 9 6 8 _ 
[00164787] 4 | _ 3 8 11 0 4 10 2 9 _ 8 _ 
[00164788] 3 | 6 3 8 11 0 4 10 2 9 _ 8 _ 
[00164789] 2 | 6 3 8 11 0 4 10 2 9 7 8 _ 
[00164790] 3 | _ 3 8 11 0 4 10 2 9 6 8 _ 
[00164791] 2 | 1 3 8 11 0 4 10 2 9 6 8 _ 
[00164792] 2 | 5 3 8 11 0 4 10 2 9 6 8 _ 
[00164793] 4 | _ 3 8 11 0 _ 10 2 9 5 8 _ 
[00164794] 3 | 0 3 8 11 0 _ 10 2 9 5 8 _ 
[00164795] 3 | 6 3 8 11 0 _ 10 2 9 5 8 _ 
[00164796] 3 | _ 3 8 11 0 3 10 2 9 5 8 _ 
[00164797] 5 | _ 3 _ 11 0 5 10 2 9 _ 8 _ 
[00164798] 4 | 7 3 _ 11 0 5 10 2 9 _ 8 _ 
[00164799] 3 | 7 3 6 11 0 5 10 2 9 _ 8 _ 
[00164800] 3 | 7 3 _ 11 0 5 10 2 9 6 8 _ 
[00164801] 2 | 7 3 1 11 0 5 10 2 9 6 8 _ 
[00164802] 4 | _ 3 7 11 0 5 10 2 9 _ 8 _ 
[00164803] 3 | 6 3 7 11 0 5 10 2 9 _ 8 _ 
[00164804] 3 | _ 3 7 11 0 5 10 2 9 6 8 _ 
[00164805] 2 | 1 3 7 11 0 5 10 2 9 6 8 _ 
[00164806] 4 | _ 3 _ 11 0 5 10 2 9 _ 8 4 
[00164807] 3 | 6 3 _ 11 0 5 10 2 9 _ 8 4 
[00164808] 2 | 6 3 1 11 0 5 10 2 9 _ 8 4 
[00164809] 2 | 6 3 _ 11 0 5 10 2 9 7 8 4 
[00164810] 3 | _ 3 6 11 0 5 10 2 9 _ 8 4 
[00164811] 2 | 1 3 6 11 0 5 10 2 9 _ 8 4 
[00164812] 2 | _ 3 6 11 0 5 10 2 9 7 8 4 
[00164813] 3 | _ 3 _ 11 0 5 10 2 9 6 8 4 
[00164814] 2 | 1 3 _ 11 0 5 10 2 9 6 8 4 
[00164815] 2 | _ 3 1 11 0 5 10 2 9 6 8 4 
[00164816] 5 | _ 3 _ 11 0 _ 10 2 9 4 8 _ 
[00164817] 4 | 7 3 _ 11 0 _ 10 2 9 4 8 _ 
[00164818] 3 | 7 3 0 11 0 _ 10 2 9 4 8 _ 
[00164819] 2 | 7 3 0 11 0 _ 10 2 9 4 8 6 
[00164820] 3 | 7 3 6 11 0 _ 10 2 9 4 8 _ 
[00164821] 3 | 7 3 _ 11 0 3 10 2 9 4 8 _ 
[00164822] 2 | 7 3 _ 11 0 3 10 2 9 4 8 6 
[00164823] 3 | 7 3 _ 11 0 _ 10 2 9 4 8 5 
[00164824] 2 | 7 3 1 11 0 _ 10 2 9 4 8 5 
[00164825] 4 | _ 3 7 11 0 _ 10 2 9 4 8 _ 
[00164826] 3 | 0 3 7 11 0 _ 10 2 9 4 8 _ 
[00164827] 2 | 0 3 7 11 0 _ 10 2 9 4 8 6 
[00164828] 3 | 6 3 7 11 0 _ 10 2 9 4 8 _ 
[00164829] 3 | _ 3 7 11 0 3 10 2 9 4 8 _ 
[00164830] 2 | _ 3 7 11 0 3 10 2 9 4 8 6 
[00164831] 3 | _ 3 7 11 0 _ 10 2 9 4 8 5 
[00164832] 2 | 1 3 7 11 0 _ 10 2 9 4 8 5 
[00164833] 5 | _ 3 _ 11 0 _ 10 2 9 _ 8 3 
[00164834] 4 | _ 3 _ 11 0 4 10 2 9 _ 8 3 
[00164835] 3 | _ 3 _ 11 0 4 10 2 9 6 8 3 
[00164836] 4 | _ 3 _ 11 0 _ 10 2 9 5 8 3 
[00164837] 6 | _ 3 _ 11 0 _ 10 2 9 _ 1 7 
[00164838] 5 | 8 3 _ 11 0 _ 10 2 9 _ 1 7 
[00164839] 4 | 8 3 _ 11 0 4 10 2 9 _ 1 7 
[00164840] 3 | 8 3 6 11 0 4 10 2 9 _ 1 7 
[00164841] 3 | 8 3 _ 11 0 4 10 2 9 6 1 7 
[00164842] 2 | 8 3 5 11 0 4 10 2 9 6 1 7 
[00164843] 1 | 8 3 5 11 0 4 10 2 9 6 1 7  *Graceful*
[00164843] 4 | 8 3 _ 11 0 _ 10 2 9 5 1 7 
[00164844] 3 | 8 3 0 11 0 _ 10 2 9 5 1 7 
[00164845] 3 | 8 3 6 11 0 _ 10 2 9 5 1 7 
[00164846] 3 | 8 3 _ 11 0 3 10 2 9 5 1 7 
[00164847] 5 | _ 3 8 11 0 _ 10 2 9 _ 1 7 
[00164848] 4 | _ 3 8 11 0 4 10 2 9 _ 1 7 
[00164849] 3 | 6 3 8 11 0 4 10 2 9 _ 1 7 
[00164850] 3 | _ 3 8 11 0 4 10 2 9 6 1 7 
[00164851] 2 | 5 3 8 11 0 4 10 2 9 6 1 7 
[00164852] 1 | 5 3 8 11 0 4 10 2 9 6 1 7  *Graceful*
[00164852] 4 | _ 3 8 11 0 _ 10 2 9 5 1 7 
[00164853] 3 | 0 3 8 11 0 _ 10 2 9 5 1 7 
[00164854] 3 | 6 3 8 11 0 _ 10 2 9 5 1 7 
[00164855] 3 | _ 3 8 11 0 3 10 2 9 5 1 7 
[00164856] 5 | _ 3 _ 11 0 5 10 2 9 _ 1 7 
[00164857] 5 | _ 3 _ 11 0 _ 10 2 9 4 1 7 
[00164858] 6 | _ 3 _ 11 0 _ 10 2 9 _ 7 1 
[00164859] 5 | 8 3 _ 11 0 _ 10 2 9 _ 7 1 
[00164860] 4 | 8 3 _ 11 0 4 10 2 9 _ 7 1 
[00164861] 3 | 8 3 6 11 0 4 10 2 9 _ 7 1 
[00164862] 3 | 8 3 _ 11 0 4 10 2 9 6 7 1 
[00164863] 2 | 8 3 5 11 0 4 10 2 9 6 7 1 
[00164864] 4 | 8 3 _ 11 0 _ 10 2 9 5 7 1 
[00164865] 3 | 8 3 0 11 0 _ 10 2 9 5 7 1 
[00164866] 3 | 8 3 6 11 0 _ 10 2 9 5 7 1 
[00164867] 3 | 8 3 _ 11 0 3 10 2 9 5 7 1 
[00164868] 5 | _ 3 8 11 0 _ 10 2 9 _ 7 1 
[00164869] 4 | _ 3 8 11 0 4 10 2 9 _ 7 1 
[00164870] 3 | 6 3 8 11 0 4 10 2 9 _ 7 1 
[00164871] 3 | _ 3 8 11 0 4 10 2 9 6 7 1 
[00164872] 2 | 5 3 8 11 0 4 10 2 9 6 7 1 
[00164873] 4 | _ 3 8 11 0 _ 10 2 9 5 7 1 
[00164874] 3 | 0 3 8 11 0 _ 10 2 9 5 7 1 
[00164875] 3 | 6 3 8 11 0 _ 10 2 9 5 7 1 
[00164876] 3 | _ 3 8 11 0 3 10 2 9 5 7 1 
[00164877] 5 | _ 3 _ 11 0 5 10 2 9 _ 7 1 
[00164878] 5 | _ 3 _ 11 0 _ 10 2 9 4 7 1 
[00164879] 7 | _ 3 _ 11 0 _ 10 2 1 8 _ _ 
[00164880] 6 | 9 3 _ 11 0 _ 10 2 1 8 _ _ 
[00164881] 5 | 9 3 _ 11 0 5 10 2 1 8 _ _ 
[00164882] 4 | 9 3 7 11 0 5 10 2 1 8 _ _ 
[00164883] 4 | 9 3 _ 11 0 5 10 2 1 8 6 _ 
[00164884] 3 | 9 3 6 11 0 5 10 2 1 8 6 _ 
[00164885] 3 | 9 3 _ 11 0 5 10 2 1 8 6 3 
[00164886] 5 | 9 3 _ 11 0 _ 10 2 1 8 7 _ 
[00164887] 4 | 9 3 7 11 0 _ 10 2 1 8 7 _ 
[00164888] 4 | 9 3 _ 11 0 4 10 2 1 8 7 _ 
[00164889] 3 | 9 3 6 11 0 4 10 2 1 8 7 _ 
[00164890] 2 | 9 3 6 11 0 4 10 2 1 8 7 5 
[00164891] 1 | 9 3 6 11 0 4 10 2 1 8 7 5  *Graceful*
[00164891] 4 | 9 3 _ 11 0 _ 10 2 1 8 7 3 
[00164892] 6 | _ 3 9 11 0 _ 10 2 1 8 _ _ 
[00164893] 5 | _ 3 9 11 0 5 10 2 1 8 _ _ 
[00164894] 4 | 7 3 9 11 0 5 10 2 1 8 _ _ 
[00164895] 4 | _ 3 9 11 0 5 10 2 1 8 6 _ 
[00164896] 3 | 6 3 9 11 0 5 10 2 1 8 6 _ 
[00164897] 3 | _ 3 9 11 0 5 10 2 1 8 6 3 
[00164898] 5 | _ 3 9 11 0 _ 10 2 1 8 7 _ 
[00164899] 4 | 7 3 9 11 0 _ 10 2 1 8 7 _ 
[00164900] 4 | _ 3 9 11 0 4 10 2 1 8 7 _ 
[00164901] 3 | 6 3 9 11 0 4 10 2 1 8 7 _ 
[00164902] 2 | 6 3 9 11 0 4 10 2 1 8 7 5 
[00164903] 1 | 6 3 9 11 0 4 10 2 1 8 7 5  *Graceful*
[00164903] 4 | _ 3 9 11 0 _ 10 2 1 8 7 3 
[00164904] 6 | _ 3 _ 11 0 6 10 2 1 8 _ _ 
[00164905] 5 | _ 3 _ 11 0 6 10 2 1 8 7 _ 
[00164906] 4 | 7 3 _ 11 0 6 10 2 1 8 7 _ 
[00164907] 4 | _ 3 7 11 0 6 10 2 1 8 7 _ 
[00164908] 4 | _ 3 _ 11 0 6 10 2 1 8 7 3 
[00164909] 5 | _ 3 _ 11 0 6 10 2 1 8 4 9 
[00164910] 4 | 7 3 _ 11 0 6 10 2 1 8 4 9 
[00164911] 4 | _ 3 7 11 0 6 10 2 1 8 4 9 
[00164912] 5 | _ 3 _ 11 0 6 10 2 1 8 9 4 
[00164913] 4 | 7 3 _ 11 0 6 10 2 1 8 9 4 
[00164914] 4 | _ 3 7 11 0 6 10 2 1 8 9 4 
[00164915] 7 | _ 3 _ 11 0 _ 10 2 8 1 _ _ 
[00164916] 6 | 9 3 _ 11 0 _ 10 2 8 1 _ _ 
[00164917] 5 | 9 3 _ 11 0 5 10 2 8 1 _ _ 
[00164918] 4 | 9 3 7 11 0 5 10 2 8 1 _ _ 
[00164919] 4 | 9 3 _ 11 0 5 10 2 8 1 6 _ 
[00164920] 3 | 9 3 6 11 0 5 10 2 8 1 6 _ 
[00164921] 3 | 9 3 _ 11 0 5 10 2 8 1 6 3 
[00164922] 5 | 9 3 _ 11 0 _ 10 2 8 1 7 _ 
[00164923] 4 | 9 3 7 11 0 _ 10 2 8 1 7 _ 
[00164924] 4 | 9 3 _ 11 0 4 10 2 8 1 7 _ 
[00164925] 3 | 9 3 6 11 0 4 10 2 8 1 7 _ 
[00164926] 2 | 9 3 6 11 0 4 10 2 8 1 7 5 
[00164927] 4 | 9 3 _ 11 0 _ 10 2 8 1 7 3 
[00164928] 6 | _ 3 9 11 0 _ 10 2 8 1 _ _ 
[00164929] 5 | _ 3 9 11 0 5 10 2 8 1 _ _ 
[00164930] 4 | 7 3 9 11 0 5 10 2 8 1 _ _ 
[00164931] 4 | _ 3 9 11 0 5 10 2 8 1 6 _ 
[00164932] 3 | 6 3 9 11 0 5 10 2 8 1 6 _ 
[00164933] 3 | _ 3 9 11 0 5 10 2 8 1 6 3 
[00164934] 5 | _ 3 9 11 0 _ 10 2 8 1 7 _ 
[00164935] 4 | 7 3 9 11 0 _ 10 2 8 1 7 _ 
[00164936] 4 | _ 3 9 11 0 4 10 2 8 1 7 _ 
[00164937] 3 | 6 3 9 11 0 4 10 2 8 1 7 _ 
[00164938] 2 | 6 3 9 11 0 4 10 2 8 1 7 5 
[00164939] 4 | _ 3 9 11 0 _ 10 2 8 1 7 3 
[00164940] 6 | _ 3 _ 11 0 6 10 2 8 1 _ _ 
[00164941] 5 | _ 3 _ 11 0 6 10 2 8 1 7 _ 
[00164942] 4 | 7 3 _ 11 0 6 10 2 8 1 7 _ 
[00164943] 4 | _ 3 7 11 0 6 10 2 8 1 7 _ 
[00164944] 4 | _ 3 _ 11 0 6 10 2 8 1 7 3 
[00164945] 5 | _ 3 _ 11 0 6 10 2 8 1 4 9 
[00164946] 4 | 7 3 _ 11 0 6 10 2 8 1 4 9 
[00164947] 4 | _ 3 7 11 0 6 10 2 8 1 4 9 
[00164948] 5 | _ 3 _ 11 0 6 10 2 8 1 9 4 
[00164949] 4 | 7 3 _ 11 0 6 10 2 8 1 9 4 
[00164950] 4 | _ 3 7 11 0 6 10 2 8 1 9 4 
[00164951] 7 | _ 3 _ 11 0 _ 10 2 _ _ 9 _ 
[00164952] 6 | 9 3 _ 11 0 _ 10 2 _ _ 9 _ 
[00164953] 5 | 9 3 8 11 0 _ 10 2 _ _ 9 _ 
[00164954] 4 | 9 3 8 11 0 4 10 2 _ _ 9 _ 
[00164955] 3 | 9 3 8 11 0 4 10 2 5 _ 9 _ 
[00164956] 2 | 9 3 8 11 0 4 10 2 5 7 9 _ 
[00164957] 4 | 9 3 8 11 0 _ 10 2 6 _ 9 _ 
[00164958] 4 | 9 3 8 11 0 _ 10 2 1 5 9 _ 
[00164959] 4 | 9 3 8 11 0 _ 10 2 5 1 9 _ 
[00164960] 5 | 9 3 _ 11 0 5 10 2 _ _ 9 _ 
[00164961] 4 | 9 3 7 11 0 5 10 2 _ _ 9 _ 
[00164962] 3 | 9 3 7 11 0 5 10 2 1 4 9 _ 
[00164963] 3 | 9 3 7 11 0 5 10 2 4 1 9 _ 
[00164964] 4 | 9 3 _ 11 0 5 10 2 6 _ 9 _ 
[00164965] 3 | 9 3 6 11 0 5 10 2 6 _ 9 _ 
[00164966] 3 | 9 3 _ 11 0 5 10 2 6 3 9 _ 
[00164967] 4 | 9 3 _ 11 0 5 10 2 4 8 9 _ 
[00164968] 3 | 9 3 6 11 0 5 10 2 4 8 9 _ 
[00164969] 4 | 9 3 _ 11 0 5 10 2 8 4 9 _ 
[00164970] 3 | 9 3 6 11 0 5 10 2 8 4 9 _ 
[00164971] 5 | 9 3 _ 11 0 _ 10 2 7 _ 9 _ 
[00164972] 4 | 9 3 7 11 0 _ 10 2 7 _ 9 _ 
[00164973] 4 | 9 3 _ 11 0 4 10 2 7 _ 9 _ 
[00164974] 3 | 9 3 6 11 0 4 10 2 7 _ 9 _ 
[00164975] 2 | 9 3 6 11 0 4 10 2 7 5 9 _ 
[00164976] 4 | 9 3 _ 11 0 _ 10 2 7 3 9 _ 
[00164977] 5 | 9 3 _ 11 0 _ 10 2 1 6 9 _ 
[00164978] 4 | 9 3 7 11 0 _ 10 2 1 6 9 _ 
[00164979] 4 | 9 3 _ 11 0 4 10 2 1 6 9 _ 
[00164980] 5 | 9 3 _ 11 0 _ 10 2 6 1 9 _ 
[00164981] 4 | 9 3 7 11 0 _ 10 2 6 1 9 _ 
[00164982] 4 | 9 3 _ 11 0 4 10 2 6 1 9 _ 
[00164983] 6 | _ 3 9 11 0 _ 10 2 _ _ 9 _ 
[00164984] 5 | 8 3 9 11 0 _ 10 2 _ _ 9 _ 
[00164985] 4 | 8 3 9 11 0 4 10 2 _ _ 9 _ 
[00164986] 3 | 8 3 9 11 0 4 10 2 5 _ 9 _ 
[00164987] 2 | 8 3 9 11 0 4 10 2 5 7 9 _ 
[00164988] 4 | 8 3 9 11 0 _ 10 2 6 _ 9 _ 
[00164989] 4 | 8 3 9 11 0 _ 10 2 1 5 9 _ 
[00164990] 4 | 8 3 9 11 0 _ 10 2 5 1 9 _ 
[00164991] 5 | _ 3 9 11 0 5 10 2 _ _ 9 _ 
[00164992] 4 | 7 3 9 11 0 5 10 2 _ _ 9 _ 
[00164993] 3 | 7 3 9 11 0 5 10 2 1 4 9 _ 
[00164994] 3 | 7 3 9 11 0 5 10 2 4 1 9 _ 
[00164995] 4 | _ 3 9 11 0 5 10 2 6 _ 9 _ 
[00164996] 3 | 6 3 9 11 0 5 10 2 6 _ 9 _ 
[00164997] 3 | _ 3 9 11 0 5 10 2 6 3 9 _ 
[00164998] 4 | _ 3 9 11 0 5 10 2 4 8 9 _ 
[00164999] 3 | 6 3 9 11 0 5 10 2 4 8 9 _ 
[00165000] 4 | _ 3 9 11 0 5 10 2 8 4 9 _ 
[00165001] 3 | 6 3 9 11 0 5 10 2 8 4 9 _ 
[00165002] 5 | _ 3 9 11 0 _ 10 2 7 _ 9 _ 
[00165003] 4 | 7 3 9 11 0 _ 10 2 7 _ 9 _ 
[00165004] 4 | _ 3 9 11 0 4 10 2 7 _ 9 _ 
[00165005] 3 | 6 3 9 11 0 4 10 2 7 _ 9 _ 
[00165006] 2 | 6 3 9 11 0 4 10 2 7 5 9 _ 
[00165007] 4 | _ 3 9 11 0 _ 10 2 7 3 9 _ 
[00165008] 5 | _ 3 9 11 0 _ 10 2 1 6 9 _ 
[00165009] 4 | 7 3 9 11 0 _ 10 2 1 6 9 _ 
[00165010] 4 | _ 3 9 11 0 4 10 2 1 6 9 _ 
[00165011] 5 | _ 3 9 11 0 _ 10 2 6 1 9 _ 
[00165012] 4 | 7 3 9 11 0 _ 10 2 6 1 9 _ 
[00165013] 4 | _ 3 9 11 0 4 10 2 6 1 9 _ 
[00165014] 6 | _ 3 _ 11 0 6 10 2 _ _ 9 _ 
[00165015] 5 | 8 3 _ 11 0 6 10 2 _ _ 9 _ 
[00165016] 4 | 8 3 7 11 0 6 10 2 _ _ 9 _ 
[00165017] 3 | 8 3 7 11 0 6 10 2 5 _ 9 _ 
[00165018] 3 | 8 3 7 11 0 6 10 2 1 4 9 _ 
[00165019] 3 | 8 3 7 11 0 6 10 2 4 1 9 _ 
[00165020] 4 | 8 3 _ 11 0 6 10 2 1 5 9 _ 
[00165021] 4 | 8 3 _ 11 0 6 10 2 5 1 9 _ 
[00165022] 4 | 8 3 _ 11 0 6 10 2 _ _ 9 5 
[00165023] 3 | 8 3 _ 11 0 6 10 2 1 4 9 5 
[00165024] 3 | 8 3 _ 11 0 6 10 2 4 7 9 5 
[00165025] 2 | 8 3 1 11 0 6 10 2 4 7 9 5 
[00165026] 3 | 8 3 _ 11 0 6 10 2 4 1 9 5 
[00165027] 3 | 8 3 _ 11 0 6 10 2 7 4 9 5 
[00165028] 2 | 8 3 1 11 0 6 10 2 7 4 9 5 
[00165029] 5 | _ 3 8 11 0 6 10 2 _ _ 9 _ 
[00165030] 4 | 7 3 8 11 0 6 10 2 _ _ 9 _ 
[00165031] 3 | 7 3 8 11 0 6 10 2 5 _ 9 _ 
[00165032] 3 | 7 3 8 11 0 6 10 2 1 4 9 _ 
[00165033] 3 | 7 3 8 11 0 6 10 2 4 1 9 _ 
[00165034] 4 | _ 3 8 11 0 6 10 2 1 5 9 _ 
[00165035] 4 | _ 3 8 11 0 6 10 2 5 1 9 _ 
[00165036] 4 | _ 3 8 11 0 6 10 2 _ _ 9 5 
[00165037] 3 | _ 3 8 11 0 6 10 2 1 4 9 5 
[00165038] 3 | _ 3 8 11 0 6 10 2 4 7 9 5 
[00165039] 2 | 1 3 8 11 0 6 10 2 4 7 9 5 
[00165040] 3 | _ 3 8 11 0 6 10 2 4 1 9 5 
[00165041] 3 | _ 3 8 11 0 6 10 2 7 4 9 5 
[00165042] 2 | 1 3 8 11 0 6 10 2 7 4 9 5 
[00165043] 5 | _ 3 _ 11 0 6 10 2 7 _ 9 _ 
[00165044] 4 | 7 3 _ 11 0 6 10 2 7 _ 9 _ 
[00165045] 4 | _ 3 7 11 0 6 10 2 7 _ 9 _ 
[00165046] 4 | _ 3 _ 11 0 6 10 2 7 3 9 _ 
[00165047] 4 | _ 3 _ 11 0 6 10 2 7 _ 9 5 
[00165048] 3 | _ 3 _ 11 0 6 10 2 7 4 9 5 
[00165049] 2 | 1 3 _ 11 0 6 10 2 7 4 9 5 
[00165050] 2 | _ 3 1 11 0 6 10 2 7 4 9 5 
[00165051] 5 | _ 3 _ 11 0 6 10 2 _ _ 9 4 
[00165052] 4 | 7 3 _ 11 0 6 10 2 _ _ 9 4 
[00165053] 3 | 7 3 _ 11 0 6 10 2 5 _ 9 4 
[00165054] 2 | 7 3 1 11 0 6 10 2 5 _ 9 4 
[00165055] 2 | 7 3 5 11 0 6 10 2 5 _ 9 4 
[00165056] 2 | 7 3 _ 11 0 6 10 2 5 3 9 4 
[00165057] 3 | 7 3 _ 11 0 6 10 2 5 8 9 4 
[00165058] 2 | 7 3 1 11 0 6 10 2 5 8 9 4 
[00165059] 3 | 7 3 _ 11 0 6 10 2 8 5 9 4 
[00165060] 2 | 7 3 1 11 0 6 10 2 8 5 9 4 
[00165061] 4 | _ 3 7 11 0 6 10 2 _ _ 9 4 
[00165062] 3 | _ 3 7 11 0 6 10 2 5 _ 9 4 
[00165063] 2 | 1 3 7 11 0 6 10 2 5 _ 9 4 
[00165064] 2 | 5 3 7 11 0 6 10 2 5 _ 9 4 
