[00387232] 5 | 8 2 _ 7 9 _ 4 0 10 1 11 3 
[00387233] 4 | 8 2 6 7 9 _ 4 0 10 1 11 3 
[00387234] 4 | 8 2 _ 7 9 5 4 0 10 1 11 3 
[00387235] 6 | _ 2 8 7 _ _ _ 0 10 1 11 3 
[00387236] 5 | 7 2 8 7 _ _ _ 0 10 1 11 3 
[00387237] 4 | 7 2 8 7 5 9 _ 0 10 1 11 3 
[00387238] 4 | 7 2 8 7 9 5 _ 0 10 1 11 3 
[00387239] 3 | 7 2 8 7 9 5 6 0 10 1 11 3 
[00387240] 4 | 7 2 8 7 5 _ 9 0 10 1 11 3 
[00387241] 4 | 7 2 8 7 9 _ 5 0 10 1 11 3 
[00387242] 3 | 7 2 8 7 9 6 5 0 10 1 11 3 
[00387243] 5 | _ 2 8 7 2 _ _ 0 10 1 11 3 
[00387244] 4 | 6 2 8 7 2 _ _ 0 10 1 11 3 
[00387245] 4 | _ 2 8 7 2 6 _ 0 10 1 11 3 
[00387246] 3 | 5 2 8 7 2 6 _ 0 10 1 11 3 
[00387247] 3 | _ 2 8 7 2 6 5 0 10 1 11 3 
[00387248] 4 | _ 2 8 7 2 _ 6 0 10 1 11 3 
[00387249] 3 | 5 2 8 7 2 _ 6 0 10 1 11 3 
[00387250] 3 | _ 2 8 7 2 5 6 0 10 1 11 3 
[00387251] 5 | _ 2 8 7 4 9 _ 0 10 1 11 3 
[00387252] 4 | 6 2 8 7 4 9 _ 0 10 1 11 3 
[00387253] 5 | _ 2 8 7 9 4 _ 0 10 1 11 3 
[00387254] 4 | 6 2 8 7 9 4 _ 0 10 1 11 3 
[00387255] 4 | _ 2 8 7 9 4 5 0 10 1 11 3 
[00387256] 5 | _ 2 8 7 4 _ 9 0 10 1 11 3 
[00387257] 4 | 6 2 8 7 4 _ 9 0 10 1 11 3 
[00387258] 5 | _ 2 8 7 9 _ 4 0 10 1 11 3 
[00387259] 4 | 6 2 8 7 9 _ 4 0 10 1 11 3 
[00387260] 4 | _ 2 8 7 9 5 4 0 10 1 11 3 
[00387261] 6 | _ 8 2 7 _ _ _ 0 10 1 11 3 
[00387262] 5 | _ 8 2 7 4 9 _ 0 10 1 11 3 
[00387263] 4 | 4 8 2 7 4 9 _ 0 10 1 11 3 
[00387264] 4 | _ 8 2 7 4 9 8 0 10 1 11 3 
[00387265] 5 | _ 8 2 7 9 4 _ 0 10 1 11 3 
[00387266] 4 | _ 8 2 7 9 4 5 0 10 1 11 3 
[00387267] 5 | _ 8 2 7 4 _ 9 0 10 1 11 3 
[00387268] 4 | 4 8 2 7 4 _ 9 0 10 1 11 3 
[00387269] 4 | _ 8 2 7 4 8 9 0 10 1 11 3 
[00387270] 5 | _ 8 2 7 9 _ 4 0 10 1 11 3 
[00387271] 4 | _ 8 2 7 9 5 4 0 10 1 11 3 
[00387272] 6 | _ _ _ 7 2 8 _ 0 10 1 11 3 
[00387273] 5 | 4 9 _ 7 2 8 _ 0 10 1 11 3 
[00387274] 4 | 4 9 5 7 2 8 _ 0 10 1 11 3 
[00387275] 4 | 4 9 _ 7 2 8 6 0 10 1 11 3 
[00387276] 5 | 9 4 _ 7 2 8 _ 0 10 1 11 3 
[00387277] 4 | 9 4 _ 7 2 8 6 0 10 1 11 3 
[00387278] 5 | _ 4 9 7 2 8 _ 0 10 1 11 3 
[00387279] 4 | _ 4 9 7 2 8 6 0 10 1 11 3 
[00387280] 5 | _ 9 4 7 2 8 _ 0 10 1 11 3 
[00387281] 4 | 5 9 4 7 2 8 _ 0 10 1 11 3 
[00387282] 4 | _ 9 4 7 2 8 6 0 10 1 11 3 
[00387283] 5 | _ 2 _ 7 2 8 _ 0 10 1 11 3 
[00387284] 4 | 6 2 _ 7 2 8 _ 0 10 1 11 3 
[00387285] 3 | 6 2 5 7 2 8 _ 0 10 1 11 3 
[00387286] 3 | 6 2 _ 7 2 8 5 0 10 1 11 3 
[00387287] 4 | _ 2 6 7 2 8 _ 0 10 1 11 3 
[00387288] 3 | 5 2 6 7 2 8 _ 0 10 1 11 3 
[00387289] 3 | _ 2 6 7 2 8 5 0 10 1 11 3 
[00387290] 4 | _ 2 _ 7 2 8 6 0 10 1 11 3 
[00387291] 5 | _ _ _ 7 2 8 7 0 10 1 11 3 
[00387292] 4 | 5 9 _ 7 2 8 7 0 10 1 11 3 
[00387293] 3 | 5 9 6 7 2 8 7 0 10 1 11 3 
[00387294] 4 | 9 5 _ 7 2 8 7 0 10 1 11 3 
[00387295] 4 | _ 5 9 7 2 8 7 0 10 1 11 3 
[00387296] 4 | _ 9 5 7 2 8 7 0 10 1 11 3 
[00387297] 3 | 6 9 5 7 2 8 7 0 10 1 11 3 
[00387298] 6 | _ _ _ 7 8 2 _ 0 10 1 11 3 
[00387299] 5 | 4 9 _ 7 8 2 _ 0 10 1 11 3 
[00387300] 4 | 4 9 5 7 8 2 _ 0 10 1 11 3 
[00387301] 5 | 9 4 _ 7 8 2 _ 0 10 1 11 3 
[00387302] 4 | 9 4 8 7 8 2 _ 0 10 1 11 3 
[00387303] 4 | 9 4 _ 7 8 2 4 0 10 1 11 3 
[00387304] 5 | _ 4 9 7 8 2 _ 0 10 1 11 3 
[00387305] 4 | 8 4 9 7 8 2 _ 0 10 1 11 3 
[00387306] 4 | _ 4 9 7 8 2 4 0 10 1 11 3 
[00387307] 5 | _ 9 4 7 8 2 _ 0 10 1 11 3 
[00387308] 4 | 5 9 4 7 8 2 _ 0 10 1 11 3 
[00387309] 6 | _ _ _ 7 2 _ 8 0 10 1 11 3 
[00387310] 5 | 4 9 _ 7 2 _ 8 0 10 1 11 3 
[00387311] 4 | 4 9 5 7 2 _ 8 0 10 1 11 3 
[00387312] 4 | 4 9 _ 7 2 6 8 0 10 1 11 3 
[00387313] 5 | 9 4 _ 7 2 _ 8 0 10 1 11 3 
[00387314] 4 | 9 4 _ 7 2 6 8 0 10 1 11 3 
[00387315] 5 | _ 4 9 7 2 _ 8 0 10 1 11 3 
[00387316] 4 | _ 4 9 7 2 6 8 0 10 1 11 3 
[00387317] 5 | _ 9 4 7 2 _ 8 0 10 1 11 3 
[00387318] 4 | 5 9 4 7 2 _ 8 0 10 1 11 3 
[00387319] 4 | _ 9 4 7 2 6 8 0 10 1 11 3 
[00387320] 5 | _ 2 _ 7 2 _ 8 0 10 1 11 3 
[00387321] 4 | 6 2 _ 7 2 _ 8 0 10 1 11 3 
[00387322] 3 | 6 2 5 7 2 _ 8 0 10 1 11 3 
[00387323] 3 | 6 2 _ 7 2 5 8 0 10 1 11 3 
[00387324] 4 | _ 2 6 7 2 _ 8 0 10 1 11 3 
[00387325] 3 | 5 2 6 7 2 _ 8 0 10 1 11 3 
[00387326] 3 | _ 2 6 7 2 5 8 0 10 1 11 3 
[00387327] 4 | _ 2 _ 7 2 6 8 0 10 1 11 3 
[00387328] 5 | _ _ _ 7 2 7 8 0 10 1 11 3 
[00387329] 4 | 5 9 _ 7 2 7 8 0 10 1 11 3 
[00387330] 3 | 5 9 6 7 2 7 8 0 10 1 11 3 
[00387331] 4 | 9 5 _ 7 2 7 8 0 10 1 11 3 
[00387332] 4 | _ 5 9 7 2 7 8 0 10 1 11 3 
[00387333] 4 | _ 9 5 7 2 7 8 0 10 1 11 3 
[00387334] 3 | 6 9 5 7 2 7 8 0 10 1 11 3 
[00387335] 6 | _ _ _ 7 8 _ 2 0 10 1 11 3 
[00387336] 5 | 4 9 _ 7 8 _ 2 0 10 1 11 3 
[00387337] 4 | 4 9 5 7 8 _ 2 0 10 1 11 3 
[00387338] 5 | 9 4 _ 7 8 _ 2 0 10 1 11 3 
[00387339] 4 | 9 4 8 7 8 _ 2 0 10 1 11 3 
[00387340] 4 | 9 4 _ 7 8 4 2 0 10 1 11 3 
[00387341] 5 | _ 4 9 7 8 _ 2 0 10 1 11 3 
[00387342] 4 | 8 4 9 7 8 _ 2 0 10 1 11 3 
[00387343] 4 | _ 4 9 7 8 4 2 0 10 1 11 3 
[00387344] 5 | _ 9 4 7 8 _ 2 0 10 1 11 3 
[00387345] 4 | 5 9 4 7 8 _ 2 0 10 1 11 3 
[00387346] 9 | _ _ _ _ _ _ _ 0 10 _ 11 2 
[00387347] 8 | 1 9 _ _ _ _ _ 0 10 _ 11 2 
[00387348] 7 | 1 9 _ 7 _ _ _ 0 10 _ 11 2 
[00387349] 6 | 1 9 3 7 _ _ _ 0 10 _ 11 2 
[00387350] 5 | 1 9 3 7 _ _ _ 0 10 5 11 2 
[00387351] 4 | 1 9 3 7 4 8 _ 0 10 5 11 2 
[00387352] 4 | 1 9 3 7 8 4 _ 0 10 5 11 2 
[00387353] 4 | 1 9 3 7 4 _ 8 0 10 5 11 2 
[00387354] 4 | 1 9 3 7 8 _ 4 0 10 5 11 2 
[00387355] 6 | 1 9 _ 7 _ _ _ 0 10 4 11 2 
[00387356] 5 | 1 9 _ 7 3 8 _ 0 10 4 11 2 
[00387357] 4 | 1 9 5 7 3 8 _ 0 10 4 11 2 
[00387358] 3 | 1 9 5 7 3 8 6 0 10 4 11 2 
[00387359] 5 | 1 9 _ 7 8 3 _ 0 10 4 11 2 
[00387360] 4 | 1 9 5 7 8 3 _ 0 10 4 11 2 
[00387361] 5 | 1 9 _ 7 3 _ 8 0 10 4 11 2 
[00387362] 4 | 1 9 5 7 3 _ 8 0 10 4 11 2 
[00387363] 3 | 1 9 5 7 3 6 8 0 10 4 11 2 
[00387364] 5 | 1 9 _ 7 8 _ 3 0 10 4 11 2 
[00387365] 4 | 1 9 5 7 8 _ 3 0 10 4 11 2 
[00387366] 7 | 1 9 _ _ _ _ _ 0 10 3 11 2 
[00387367] 6 | 1 9 _ 6 _ _ _ 0 10 3 11 2 
[00387368] 5 | 1 9 4 6 _ _ _ 0 10 3 11 2 
[00387369] 8 | 9 1 _ _ _ _ _ 0 10 _ 11 2 
[00387370] 7 | 9 1 8 _ _ _ _ 0 10 _ 11 2 
[00387371] 6 | 9 1 8 7 _ _ _ 0 10 _ 11 2 
[00387372] 6 | 9 1 8 6 _ _ _ 0 10 _ 11 2 
[00387373] 5 | 9 1 8 6 _ _ _ 0 10 5 11 2 
[00387374] 4 | 9 1 8 6 3 7 _ 0 10 5 11 2 
[00387375] 4 | 9 1 8 6 7 3 _ 0 10 5 11 2 
[00387376] 3 | 9 1 8 6 7 3 4 0 10 5 11 2 
[00387377] 4 | 9 1 8 6 3 _ 7 0 10 5 11 2 
[00387378] 4 | 9 1 8 6 7 _ 3 0 10 5 11 2 
[00387379] 3 | 9 1 8 6 7 4 3 0 10 5 11 2 
[00387380] 6 | 9 1 8 _ _ _ _ 0 10 4 11 2 
[00387381] 5 | 9 1 8 6 _ _ _ 0 10 4 11 2 
[00387382] 5 | 9 1 8 5 _ _ _ 0 10 4 11 2 
[00387383] 4 | 9 1 8 5 3 7 _ 0 10 4 11 2 
[00387384] 3 | 9 1 8 5 3 7 6 0 10 4 11 2 
[00387385] 4 | 9 1 8 5 7 3 _ 0 10 4 11 2 
[00387386] 4 | 9 1 8 5 3 _ 7 0 10 4 11 2 
[00387387] 3 | 9 1 8 5 3 6 7 0 10 4 11 2 
[00387388] 4 | 9 1 8 5 7 _ 3 0 10 4 11 2 
[00387389] 7 | 9 1 _ 8 _ _ _ 0 10 _ 11 2 
[00387390] 7 | 9 1 _ 7 _ _ _ 0 10 _ 11 2 
[00387391] 6 | 9 1 7 7 _ _ _ 0 10 _ 11 2 
[00387392] 5 | 9 1 7 7 3 8 _ 0 10 _ 11 2 
[00387393] 4 | 9 1 7 7 3 8 _ 0 10 6 11 2 
[00387394] 5 | 9 1 7 7 8 3 _ 0 10 _ 11 2 
[00387395] 4 | 9 1 7 7 8 3 4 0 10 _ 11 2 
[00387396] 4 | 9 1 7 7 8 3 _ 0 10 6 11 2 
[00387397] 3 | 9 1 7 7 8 3 5 0 10 6 11 2 
[00387398] 5 | 9 1 7 7 3 _ 8 0 10 _ 11 2 
[00387399] 4 | 9 1 7 7 3 _ 8 0 10 6 11 2 
[00387400] 5 | 9 1 7 7 8 _ 3 0 10 _ 11 2 
[00387401] 4 | 9 1 7 7 8 4 3 0 10 _ 11 2 
[00387402] 4 | 9 1 7 7 8 _ 3 0 10 6 11 2 
[00387403] 3 | 9 1 7 7 8 5 3 0 10 6 11 2 
[00387404] 5 | 9 1 7 7 _ _ _ 0 10 5 11 2 
[00387405] 4 | 9 1 7 7 4 8 _ 0 10 5 11 2 
[00387406] 4 | 9 1 7 7 8 4 _ 0 10 5 11 2 
[00387407] 4 | 9 1 7 7 4 _ 8 0 10 5 11 2 
[00387408] 4 | 9 1 7 7 8 _ 4 0 10 5 11 2 
[00387409] 6 | 9 1 _ 7 1 _ _ 0 10 _ 11 2 
[00387410] 5 | 9 1 6 7 1 _ _ 0 10 _ 11 2 
[00387411] 5 | 9 1 _ 7 1 6 _ 0 10 _ 11 2 
[00387412] 4 | 9 1 5 7 1 6 _ 0 10 _ 11 2 
[00387413] 4 | 9 1 _ 7 1 6 5 0 10 _ 11 2 
[00387414] 5 | 9 1 _ 7 1 _ 6 0 10 _ 11 2 
[00387415] 4 | 9 1 5 7 1 _ 6 0 10 _ 11 2 
[00387416] 4 | 9 1 _ 7 1 5 6 0 10 _ 11 2 
[00387417] 5 | 9 1 _ 7 1 _ _ 0 10 5 11 2 
[00387418] 6 | 9 1 _ 7 _ _ _ 0 10 4 11 2 
[00387419] 5 | 9 1 6 7 _ _ _ 0 10 4 11 2 
[00387420] 4 | 9 1 6 7 3 _ _ 0 10 4 11 2 
[00387421] 5 | 9 1 _ 7 3 8 _ 0 10 4 11 2 
[00387422] 4 | 9 1 5 7 3 8 _ 0 10 4 11 2 
[00387423] 3 | 9 1 5 7 3 8 6 0 10 4 11 2 
[00387424] 5 | 9 1 _ 7 8 3 _ 0 10 4 11 2 
[00387425] 4 | 9 1 5 7 8 3 _ 0 10 4 11 2 
[00387426] 5 | 9 1 _ 7 3 _ 8 0 10 4 11 2 
[00387427] 4 | 9 1 5 7 3 _ 8 0 10 4 11 2 
[00387428] 3 | 9 1 5 7 3 6 8 0 10 4 11 2 
[00387429] 5 | 9 1 _ 7 8 _ 3 0 10 4 11 2 
[00387430] 4 | 9 1 5 7 8 _ 3 0 10 4 11 2 
[00387431] 7 | 9 1 _ _ _ _ _ 0 10 3 11 2 
[00387432] 6 | 9 1 7 _ _ _ _ 0 10 3 11 2 
[00387433] 5 | 9 1 7 6 _ _ _ 0 10 3 11 2 
[00387434] 5 | 9 1 7 5 _ _ _ 0 10 3 11 2 
[00387435] 4 | 9 1 7 5 4 8 _ 0 10 3 11 2 
[00387436] 4 | 9 1 7 5 8 4 _ 0 10 3 11 2 
[00387437] 4 | 9 1 7 5 4 _ 8 0 10 3 11 2 
[00387438] 4 | 9 1 7 5 8 _ 4 0 10 3 11 2 
[00387439] 6 | 9 1 _ 7 _ _ _ 0 10 3 11 2 
[00387440] 6 | 9 1 _ 6 _ _ _ 0 10 3 11 2 
[00387441] 5 | 9 1 6 6 _ _ _ 0 10 3 11 2 
[00387442] 4 | 9 1 6 6 4 8 _ 0 10 3 11 2 
[00387443] 3 | 9 1 6 6 4 8 7 0 10 3 11 2 
[00387444] 4 | 9 1 6 6 8 4 _ 0 10 3 11 2 
[00387445] 3 | 9 1 6 6 8 4 5 0 10 3 11 2 
[00387446] 4 | 9 1 6 6 4 _ 8 0 10 3 11 2 
[00387447] 3 | 9 1 6 6 4 7 8 0 10 3 11 2 
[00387448] 4 | 9 1 6 6 8 _ 4 0 10 3 11 2 
[00387449] 3 | 9 1 6 6 8 5 4 0 10 3 11 2 
[00387450] 5 | 9 1 _ 6 1 _ _ 0 10 3 11 2 
[00387451] 4 | 9 1 5 6 1 _ _ 0 10 3 11 2 
[00387452] 4 | 9 1 _ 6 1 5 _ 0 10 3 11 2 
[00387453] 3 | 9 1 4 6 1 5 _ 0 10 3 11 2 
[00387454] 3 | 9 1 _ 6 1 5 4 0 10 3 11 2 
[00387455] 4 | 9 1 _ 6 1 _ 5 0 10 3 11 2 
[00387456] 3 | 9 1 4 6 1 _ 5 0 10 3 11 2 
[00387457] 3 | 9 1 _ 6 1 4 5 0 10 3 11 2 
[00387458] 8 | _ 1 9 _ _ _ _ 0 10 _ 11 2 
[00387459] 7 | 8 1 9 _ _ _ _ 0 10 _ 11 2 
[00387460] 6 | 8 1 9 7 _ _ _ 0 10 _ 11 2 
[00387461] 6 | 8 1 9 6 _ _ _ 0 10 _ 11 2 
[00387462] 5 | 8 1 9 6 _ _ _ 0 10 5 11 2 
[00387463] 4 | 8 1 9 6 3 7 _ 0 10 5 11 2 
[00387464] 4 | 8 1 9 6 7 3 _ 0 10 5 11 2 
[00387465] 3 | 8 1 9 6 7 3 4 0 10 5 11 2 
[00387466] 4 | 8 1 9 6 3 _ 7 0 10 5 11 2 
[00387467] 4 | 8 1 9 6 7 _ 3 0 10 5 11 2 
[00387468] 3 | 8 1 9 6 7 4 3 0 10 5 11 2 
[00387469] 6 | 8 1 9 _ _ _ _ 0 10 4 11 2 
[00387470] 5 | 8 1 9 6 _ _ _ 0 10 4 11 2 
[00387471] 5 | 8 1 9 5 _ _ _ 0 10 4 11 2 
[00387472] 4 | 8 1 9 5 3 7 _ 0 10 4 11 2 
[00387473] 3 | 8 1 9 5 3 7 6 0 10 4 11 2 
[00387474] 4 | 8 1 9 5 7 3 _ 0 10 4 11 2 
[00387475] 4 | 8 1 9 5 3 _ 7 0 10 4 11 2 
[00387476] 3 | 8 1 9 5 3 6 7 0 10 4 11 2 
[00387477] 4 | 8 1 9 5 7 _ 3 0 10 4 11 2 
[00387478] 7 | _ 1 9 8 _ _ _ 0 10 _ 11 2 
[00387479] 7 | _ 1 9 7 _ _ _ 0 10 _ 11 2 
[00387480] 6 | 7 1 9 7 _ _ _ 0 10 _ 11 2 
[00387481] 5 | 7 1 9 7 3 8 _ 0 10 _ 11 2 
[00387482] 4 | 7 1 9 7 3 8 _ 0 10 6 11 2 
[00387483] 5 | 7 1 9 7 8 3 _ 0 10 _ 11 2 
[00387484] 4 | 7 1 9 7 8 3 4 0 10 _ 11 2 
[00387485] 4 | 7 1 9 7 8 3 _ 0 10 6 11 2 
[00387486] 3 | 7 1 9 7 8 3 5 0 10 6 11 2 
[00387487] 5 | 7 1 9 7 3 _ 8 0 10 _ 11 2 
[00387488] 4 | 7 1 9 7 3 _ 8 0 10 6 11 2 
[00387489] 5 | 7 1 9 7 8 _ 3 0 10 _ 11 2 
[00387490] 4 | 7 1 9 7 8 4 3 0 10 _ 11 2 
[00387491] 4 | 7 1 9 7 8 _ 3 0 10 6 11 2 
[00387492] 3 | 7 1 9 7 8 5 3 0 10 6 11 2 
[00387493] 5 | 7 1 9 7 _ _ _ 0 10 5 11 2 
[00387494] 4 | 7 1 9 7 4 8 _ 0 10 5 11 2 
[00387495] 4 | 7 1 9 7 8 4 _ 0 10 5 11 2 
[00387496] 4 | 7 1 9 7 4 _ 8 0 10 5 11 2 
[00387497] 4 | 7 1 9 7 8 _ 4 0 10 5 11 2 
[00387498] 6 | _ 1 9 7 1 _ _ 0 10 _ 11 2 
[00387499] 5 | 6 1 9 7 1 _ _ 0 10 _ 11 2 
[00387500] 5 | _ 1 9 7 1 6 _ 0 10 _ 11 2 
[00387501] 4 | 5 1 9 7 1 6 _ 0 10 _ 11 2 
[00387502] 4 | _ 1 9 7 1 6 5 0 10 _ 11 2 
[00387503] 5 | _ 1 9 7 1 _ 6 0 10 _ 11 2 
[00387504] 4 | 5 1 9 7 1 _ 6 0 10 _ 11 2 
[00387505] 4 | _ 1 9 7 1 5 6 0 10 _ 11 2 
[00387506] 5 | _ 1 9 7 1 _ _ 0 10 5 11 2 
[00387507] 6 | _ 1 9 7 _ _ _ 0 10 4 11 2 
[00387508] 5 | 6 1 9 7 _ _ _ 0 10 4 11 2 
[00387509] 4 | 6 1 9 7 3 _ _ 0 10 4 11 2 
[00387510] 5 | _ 1 9 7 3 8 _ 0 10 4 11 2 
[00387511] 4 | 5 1 9 7 3 8 _ 0 10 4 11 2 
[00387512] 3 | 5 1 9 7 3 8 6 0 10 4 11 2 
[00387513] 5 | _ 1 9 7 8 3 _ 0 10 4 11 2 
[00387514] 4 | 5 1 9 7 8 3 _ 0 10 4 11 2 
[00387515] 5 | _ 1 9 7 3 _ 8 0 10 4 11 2 
[00387516] 4 | 5 1 9 7 3 _ 8 0 10 4 11 2 
[00387517] 3 | 5 1 9 7 3 6 8 0 10 4 11 2 
[00387518] 5 | _ 1 9 7 8 _ 3 0 10 4 11 2 
[00387519] 4 | 5 1 9 7 8 _ 3 0 10 4 11 2 
[00387520] 7 | _ 1 9 _ _ _ _ 0 10 3 11 2 
[00387521] 6 | 7 1 9 _ _ _ _ 0 10 3 11 2 
[00387522] 5 | 7 1 9 6 _ _ _ 0 10 3 11 2 
[00387523] 5 | 7 1 9 5 _ _ _ 0 10 3 11 2 
[00387524] 4 | 7 1 9 5 4 8 _ 0 10 3 11 2 
[00387525] 4 | 7 1 9 5 8 4 _ 0 10 3 11 2 
[00387526] 4 | 7 1 9 5 4 _ 8 0 10 3 11 2 
[00387527] 4 | 7 1 9 5 8 _ 4 0 10 3 11 2 
[00387528] 6 | _ 1 9 7 _ _ _ 0 10 3 11 2 
[00387529] 6 | _ 1 9 6 _ _ _ 0 10 3 11 2 
[00387530] 5 | 6 1 9 6 _ _ _ 0 10 3 11 2 
[00387531] 4 | 6 1 9 6 4 8 _ 0 10 3 11 2 
[00387532] 3 | 6 1 9 6 4 8 7 0 10 3 11 2 
[00387533] 4 | 6 1 9 6 8 4 _ 0 10 3 11 2 
[00387534] 3 | 6 1 9 6 8 4 5 0 10 3 11 2 
[00387535] 4 | 6 1 9 6 4 _ 8 0 10 3 11 2 
[00387536] 3 | 6 1 9 6 4 7 8 0 10 3 11 2 
[00387537] 4 | 6 1 9 6 8 _ 4 0 10 3 11 2 
[00387538] 3 | 6 1 9 6 8 5 4 0 10 3 11 2 
[00387539] 5 | _ 1 9 6 1 _ _ 0 10 3 11 2 
[00387540] 4 | 5 1 9 6 1 _ _ 0 10 3 11 2 
[00387541] 4 | _ 1 9 6 1 5 _ 0 10 3 11 2 
[00387542] 3 | 4 1 9 6 1 5 _ 0 10 3 11 2 
[00387543] 3 | _ 1 9 6 1 5 4 0 10 3 11 2 
[00387544] 4 | _ 1 9 6 1 _ 5 0 10 3 11 2 
[00387545] 3 | 4 1 9 6 1 _ 5 0 10 3 11 2 
[00387546] 3 | _ 1 9 6 1 4 5 0 10 3 11 2 
[00387547] 8 | _ 9 1 _ _ _ _ 0 10 _ 11 2 
[00387548] 7 | _ 9 1 7 _ _ _ 0 10 _ 11 2 
[00387549] 6 | 3 9 1 7 _ _ _ 0 10 _ 11 2 
[00387550] 5 | 3 9 1 7 _ _ _ 0 10 5 11 2 
[00387551] 4 | 3 9 1 7 4 8 _ 0 10 5 11 2 
[00387552] 4 | 3 9 1 7 8 4 _ 0 10 5 11 2 
[00387553] 4 | 3 9 1 7 4 _ 8 0 10 5 11 2 
[00387554] 4 | 3 9 1 7 8 _ 4 0 10 5 11 2 
[00387555] 6 | _ 9 1 7 _ _ _ 0 10 4 11 2 
[00387556] 5 | _ 9 1 7 3 8 _ 0 10 4 11 2 
[00387557] 4 | 5 9 1 7 3 8 _ 0 10 4 11 2 
[00387558] 3 | 5 9 1 7 3 8 6 0 10 4 11 2 
[00387559] 5 | _ 9 1 7 8 3 _ 0 10 4 11 2 
[00387560] 4 | 5 9 1 7 8 3 _ 0 10 4 11 2 
[00387561] 5 | _ 9 1 7 3 _ 8 0 10 4 11 2 
[00387562] 4 | 5 9 1 7 3 _ 8 0 10 4 11 2 
[00387563] 3 | 5 9 1 7 3 6 8 0 10 4 11 2 
[00387564] 5 | _ 9 1 7 8 _ 3 0 10 4 11 2 
[00387565] 4 | 5 9 1 7 8 _ 3 0 10 4 11 2 
[00387566] 7 | _ 9 1 _ _ _ _ 0 10 3 11 2 
[00387567] 6 | _ 9 1 6 _ _ _ 0 10 3 11 2 
[00387568] 5 | 4 9 1 6 _ _ _ 0 10 3 11 2 
[00387569] 8 | _ 1 _ 9 _ _ _ 0 10 _ 11 2 
[00387570] 8 | _ 9 _ 1 _ _ _ 0 10 _ 11 2 
[00387571] 7 | _ 9 _ 1 8 _ _ 0 10 _ 11 2 
[00387572] 6 | 3 9 _ 1 8 _ _ 0 10 _ 11 2 
[00387573] 5 | 3 9 4 1 8 _ _ 0 10 _ 11 2 
[00387574] 4 | 3 9 4 1 8 _ _ 0 10 6 11 2 
[00387575] 3 | 3 9 4 1 8 5 _ 0 10 6 11 2 
[00387576] 3 | 3 9 4 1 8 _ 5 0 10 6 11 2 
[00387577] 5 | 3 9 _ 1 8 _ _ 0 10 5 11 2 
[00387578] 4 | 3 9 _ 1 8 4 _ 0 10 5 11 2 
[00387579] 3 | 3 9 6 1 8 4 _ 0 10 5 11 2 
[00387580] 4 | 3 9 _ 1 8 _ 4 0 10 5 11 2 
[00387581] 3 | 3 9 6 1 8 _ 4 0 10 5 11 2 
[00387582] 6 | _ 9 3 1 8 _ _ 0 10 _ 11 2 
[00387583] 5 | 4 9 3 1 8 _ _ 0 10 _ 11 2 
[00387584] 4 | 4 9 3 1 8 _ _ 0 10 6 11 2 
[00387585] 3 | 4 9 3 1 8 5 _ 0 10 6 11 2 
[00387586] 3 | 4 9 3 1 8 _ 5 0 10 6 11 2 
[00387587] 5 | _ 9 3 1 8 _ _ 0 10 5 11 2 
[00387588] 4 | _ 9 3 1 8 4 _ 0 10 5 11 2 
[00387589] 3 | 6 9 3 1 8 4 _ 0 10 5 11 2 
[00387590] 4 | _ 9 3 1 8 _ 4 0 10 5 11 2 
[00387591] 3 | 6 9 3 1 8 _ 4 0 10 5 11 2 
[00387592] 6 | _ 9 _ 1 8 _ _ 0 10 4 11 2 
[00387593] 5 | _ 9 _ 1 8 3 _ 0 10 4 11 2 
[00387594] 4 | 5 9 _ 1 8 3 _ 0 10 4 11 2 
[00387595] 3 | 5 9 6 1 8 3 _ 0 10 4 11 2 
[00387596] 4 | _ 9 5 1 8 3 _ 0 10 4 11 2 
[00387597] 3 | 6 9 5 1 8 3 _ 0 10 4 11 2 
[00387598] 5 | _ 9 _ 1 8 _ 3 0 10 4 11 2 
[00387599] 4 | 5 9 _ 1 8 _ 3 0 10 4 11 2 
[00387600] 3 | 5 9 6 1 8 _ 3 0 10 4 11 2 
[00387601] 4 | _ 9 5 1 8 _ 3 0 10 4 11 2 
[00387602] 3 | 6 9 5 1 8 _ 3 0 10 4 11 2 
[00387603] 7 | _ 9 _ 1 _ _ _ 0 10 3 11 2 
[00387604] 6 | _ 9 _ 1 7 _ _ 0 10 3 11 2 
[00387605] 5 | 4 9 _ 1 7 _ _ 0 10 3 11 2 
[00387606] 4 | 4 9 5 1 7 _ _ 0 10 3 11 2 
[00387607] 5 | _ 9 4 1 7 _ _ 0 10 3 11 2 
[00387608] 4 | 5 9 4 1 7 _ _ 0 10 3 11 2 
[00387609] 8 | _ _ _ 1 9 _ _ 0 10 _ 11 2 
[00387610] 7 | _ 8 _ 1 9 _ _ 0 10 _ 11 2 
[00387611] 6 | _ 8 _ 1 9 3 _ 0 10 _ 11 2 
[00387612] 5 | _ 8 _ 1 9 3 4 0 10 _ 11 2 
[00387613] 4 | _ 8 _ 1 9 3 4 0 10 6 11 2 
[00387614] 3 | 5 8 _ 1 9 3 4 0 10 6 11 2 
[00387615] 3 | _ 8 5 1 9 3 4 0 10 6 11 2 
[00387616] 5 | _ 8 _ 1 9 3 _ 0 10 5 11 2 
[00387617] 4 | 4 8 _ 1 9 3 _ 0 10 5 11 2 
[00387618] 3 | 4 8 _ 1 9 3 6 0 10 5 11 2 
[00387619] 4 | _ 8 4 1 9 3 _ 0 10 5 11 2 
[00387620] 3 | _ 8 4 1 9 3 6 0 10 5 11 2 
[00387621] 6 | _ 8 _ 1 9 _ 3 0 10 _ 11 2 
[00387622] 5 | _ 8 _ 1 9 4 3 0 10 _ 11 2 
[00387623] 4 | _ 8 _ 1 9 4 3 0 10 6 11 2 
[00387624] 3 | 5 8 _ 1 9 4 3 0 10 6 11 2 
[00387625] 3 | _ 8 5 1 9 4 3 0 10 6 11 2 
[00387626] 5 | _ 8 _ 1 9 _ 3 0 10 5 11 2 
[00387627] 4 | 4 8 _ 1 9 _ 3 0 10 5 11 2 
[00387628] 3 | 4 8 _ 1 9 6 3 0 10 5 11 2 
[00387629] 4 | _ 8 4 1 9 _ 3 0 10 5 11 2 
[00387630] 3 | _ 8 4 1 9 6 3 0 10 5 11 2 
[00387631] 6 | _ 8 _ 1 9 _ _ 0 10 4 11 2 
[00387632] 5 | 3 8 _ 1 9 _ _ 0 10 4 11 2 
[00387633] 4 | 3 8 _ 1 9 5 _ 0 10 4 11 2 
[00387634] 3 | 3 8 _ 1 9 5 6 0 10 4 11 2 
[00387635] 4 | 3 8 _ 1 9 _ 5 0 10 4 11 2 
[00387636] 3 | 3 8 _ 1 9 6 5 0 10 4 11 2 
[00387637] 5 | _ 8 3 1 9 _ _ 0 10 4 11 2 
[00387638] 4 | _ 8 3 1 9 5 _ 0 10 4 11 2 
[00387639] 3 | _ 8 3 1 9 5 6 0 10 4 11 2 
[00387640] 4 | _ 8 3 1 9 _ 5 0 10 4 11 2 
[00387641] 3 | _ 8 3 1 9 6 5 0 10 4 11 2 
[00387642] 7 | _ _ _ 1 9 _ _ 0 10 3 11 2 
[00387643] 6 | _ 7 _ 1 9 _ _ 0 10 3 11 2 
[00387644] 5 | _ 7 _ 1 9 4 _ 0 10 3 11 2 
[00387645] 4 | _ 7 _ 1 9 4 5 0 10 3 11 2 
[00387646] 5 | _ 7 _ 1 9 _ 4 0 10 3 11 2 
[00387647] 4 | _ 7 _ 1 9 5 4 0 10 3 11 2 
[00387648] 8 | _ _ _ 9 1 _ _ 0 10 _ 11 2 
[00387649] 8 | _ _ _ _ 1 9 _ 0 10 _ 11 2 
[00387650] 7 | _ _ _ 8 1 9 _ 0 10 _ 11 2 
[00387651] 7 | _ _ _ _ 1 9 8 0 10 _ 11 2 
[00387652] 6 | _ _ _ 7 1 9 8 0 10 _ 11 2 
[00387653] 6 | _ _ _ 6 1 9 8 0 10 _ 11 2 
[00387654] 5 | _ _ _ 6 1 9 8 0 10 5 11 2 
[00387655] 4 | 3 7 _ 6 1 9 8 0 10 5 11 2 
[00387656] 3 | 3 7 4 6 1 9 8 0 10 5 11 2 
[00387657] 4 | 7 3 _ 6 1 9 8 0 10 5 11 2 
[00387658] 4 | _ 3 7 6 1 9 8 0 10 5 11 2 
[00387659] 4 | _ 7 3 6 1 9 8 0 10 5 11 2 
[00387660] 3 | 4 7 3 6 1 9 8 0 10 5 11 2 
[00387661] 6 | _ _ _ _ 1 9 8 0 10 4 11 2 
[00387662] 5 | _ _ _ 6 1 9 8 0 10 4 11 2 
[00387663] 5 | _ _ _ 5 1 9 8 0 10 4 11 2 
[00387664] 4 | 3 7 _ 5 1 9 8 0 10 4 11 2 
[00387665] 4 | 7 3 _ 5 1 9 8 0 10 4 11 2 
[00387666] 3 | 7 3 6 5 1 9 8 0 10 4 11 2 
[00387667] 4 | _ 3 7 5 1 9 8 0 10 4 11 2 
[00387668] 3 | 6 3 7 5 1 9 8 0 10 4 11 2 
[00387669] 4 | _ 7 3 5 1 9 8 0 10 4 11 2 
[00387670] 7 | _ _ _ 7 1 9 _ 0 10 _ 11 2 
[00387671] 6 | _ 1 _ 7 1 9 _ 0 10 _ 11 2 
[00387672] 5 | 6 1 _ 7 1 9 _ 0 10 _ 11 2 
[00387673] 4 | 6 1 5 7 1 9 _ 0 10 _ 11 2 
[00387674] 4 | 6 1 _ 7 1 9 5 0 10 _ 11 2 
[00387675] 5 | _ 1 6 7 1 9 _ 0 10 _ 11 2 
[00387676] 4 | 5 1 6 7 1 9 _ 0 10 _ 11 2 
[00387677] 4 | _ 1 6 7 1 9 5 0 10 _ 11 2 
[00387678] 5 | _ 1 _ 7 1 9 6 0 10 _ 11 2 
[00387679] 5 | _ 1 _ 7 1 9 _ 0 10 5 11 2 
[00387680] 6 | _ _ _ 7 1 9 7 0 10 _ 11 2 
[00387681] 5 | 3 8 _ 7 1 9 7 0 10 _ 11 2 
[00387682] 4 | 3 8 4 7 1 9 7 0 10 _ 11 2 
[00387683] 4 | 3 8 _ 7 1 9 7 0 10 6 11 2 
[00387684] 3 | 3 8 5 7 1 9 7 0 10 6 11 2 
[00387685] 5 | 8 3 _ 7 1 9 7 0 10 _ 11 2 
[00387686] 4 | 8 3 _ 7 1 9 7 0 10 6 11 2 
[00387687] 5 | _ 3 8 7 1 9 7 0 10 _ 11 2 
[00387688] 4 | _ 3 8 7 1 9 7 0 10 6 11 2 
[00387689] 5 | _ 8 3 7 1 9 7 0 10 _ 11 2 
[00387690] 4 | 4 8 3 7 1 9 7 0 10 _ 11 2 
[00387691] 4 | _ 8 3 7 1 9 7 0 10 6 11 2 
[00387692] 3 | 5 8 3 7 1 9 7 0 10 6 11 2 
[00387693] 5 | _ _ _ 7 1 9 7 0 10 5 11 2 
[00387694] 4 | 4 8 _ 7 1 9 7 0 10 5 11 2 
[00387695] 4 | 8 4 _ 7 1 9 7 0 10 5 11 2 
[00387696] 4 | _ 4 8 7 1 9 7 0 10 5 11 2 
[00387697] 4 | _ 8 4 7 1 9 7 0 10 5 11 2 
[00387698] 6 | _ _ _ 7 1 9 _ 0 10 4 11 2 
[00387699] 5 | 3 8 _ 7 1 9 _ 0 10 4 11 2 
[00387700] 4 | 3 8 _ 7 1 9 5 0 10 4 11 2 
[00387701] 5 | 8 3 _ 7 1 9 _ 0 10 4 11 2 
[00387702] 4 | 8 3 _ 7 1 9 5 0 10 4 11 2 
[00387703] 3 | 8 3 6 7 1 9 5 0 10 4 11 2 
[00387704] 5 | _ 3 8 7 1 9 _ 0 10 4 11 2 
[00387705] 4 | _ 3 8 7 1 9 5 0 10 4 11 2 
[00387706] 3 | 6 3 8 7 1 9 5 0 10 4 11 2 
[00387707] 5 | _ 8 3 7 1 9 _ 0 10 4 11 2 
[00387708] 4 | _ 8 3 7 1 9 5 0 10 4 11 2 
[00387709] 5 | _ _ _ 7 1 9 6 0 10 4 11 2 
[00387710] 4 | _ 3 _ 7 1 9 6 0 10 4 11 2 
[00387711] 7 | _ _ _ _ 1 9 _ 0 10 3 11 2 
[00387712] 6 | _ _ _ 7 1 9 _ 0 10 3 11 2 
[00387713] 6 | _ _ _ _ 1 9 7 0 10 3 11 2 
[00387714] 5 | _ _ _ 6 1 9 7 0 10 3 11 2 
[00387715] 5 | _ _ _ 5 1 9 7 0 10 3 11 2 
[00387716] 4 | 4 8 _ 5 1 9 7 0 10 3 11 2 
[00387717] 4 | 8 4 _ 5 1 9 7 0 10 3 11 2 
[00387718] 4 | _ 4 8 5 1 9 7 0 10 3 11 2 
[00387719] 4 | _ 8 4 5 1 9 7 0 10 3 11 2 
[00387720] 6 | _ _ _ 6 1 9 _ 0 10 3 11 2 
[00387721] 5 | _ 1 _ 6 1 9 _ 0 10 3 11 2 
[00387722] 4 | 5 1 _ 6 1 9 _ 0 10 3 11 2 
[00387723] 3 | 5 1 4 6 1 9 _ 0 10 3 11 2 
[00387724] 3 | 5 1 _ 6 1 9 4 0 10 3 11 2 
[00387725] 4 | _ 1 5 6 1 9 _ 0 10 3 11 2 
[00387726] 3 | 4 1 5 6 1 9 _ 0 10 3 11 2 
[00387727] 3 | _ 1 5 6 1 9 4 0 10 3 11 2 
[00387728] 4 | _ 1 _ 6 1 9 5 0 10 3 11 2 
[00387729] 5 | _ _ _ 6 1 9 6 0 10 3 11 2 
[00387730] 4 | 4 8 _ 6 1 9 6 0 10 3 11 2 
[00387731] 3 | 4 8 5 6 1 9 6 0 10 3 11 2 
