[00307278] 4 | _ 6 _ 11 1 8 7 0 9 5 2 10 
[00307279] 3 | 3 6 _ 11 1 8 7 0 9 5 2 10 
[00307280] 2 | 3 6 4 11 1 8 7 0 9 5 2 10 
[00307281] 3 | _ 6 3 11 1 8 7 0 9 5 2 10 
[00307282] 2 | 4 6 3 11 1 8 7 0 9 5 2 10 
[00307283] 5 | _ _ _ 11 1 8 7 0 9 4 2 10 
[00307284] 6 | _ _ _ 11 1 8 _ 0 9 3 2 10 
[00307285] 5 | _ 6 _ 11 1 8 _ 0 9 3 2 10 
[00307286] 4 | _ 6 _ 11 1 8 5 0 9 3 2 10 
[00307287] 5 | _ _ _ 11 1 8 6 0 9 3 2 10 
[00307288] 4 | _ 7 _ 11 1 8 6 0 9 3 2 10 
[00307289] 3 | 4 7 _ 11 1 8 6 0 9 3 2 10 
[00307290] 2 | 4 7 5 11 1 8 6 0 9 3 2 10 
[00307291] 3 | _ 7 4 11 1 8 6 0 9 3 2 10 
[00307292] 2 | 5 7 4 11 1 8 6 0 9 3 2 10 
[00307293] 7 | _ _ _ 11 1 _ 8 0 9 _ 2 10 
[00307294] 6 | _ 5 _ 11 1 _ 8 0 9 _ 2 10 
[00307295] 5 | _ 5 _ 11 1 6 8 0 9 _ 2 10 
[00307296] 4 | 9 5 _ 11 1 6 8 0 9 _ 2 10 
[00307297] 4 | _ 5 9 11 1 6 8 0 9 _ 2 10 
[00307298] 4 | _ 5 _ 11 1 6 8 0 9 5 2 10 
[00307299] 5 | _ 5 _ 11 1 _ 8 0 9 4 2 10 
[00307300] 4 | 1 5 _ 11 1 _ 8 0 9 4 2 10 
[00307301] 4 | _ 5 1 11 1 _ 8 0 9 4 2 10 
[00307302] 4 | _ 5 _ 11 1 5 8 0 9 4 2 10 
[00307303] 6 | _ _ _ 11 1 7 8 0 9 _ 2 10 
[00307304] 5 | _ 6 _ 11 1 7 8 0 9 _ 2 10 
[00307305] 4 | _ 6 _ 11 1 7 8 0 9 5 2 10 
[00307306] 3 | 3 6 _ 11 1 7 8 0 9 5 2 10 
[00307307] 2 | 3 6 4 11 1 7 8 0 9 5 2 10 
[00307308] 3 | _ 6 3 11 1 7 8 0 9 5 2 10 
[00307309] 2 | 4 6 3 11 1 7 8 0 9 5 2 10 
[00307310] 5 | _ _ _ 11 1 7 8 0 9 4 2 10 
[00307311] 6 | _ _ _ 11 1 _ 8 0 9 3 2 10 
[00307312] 5 | _ 6 _ 11 1 _ 8 0 9 3 2 10 
[00307313] 4 | _ 6 _ 11 1 5 8 0 9 3 2 10 
[00307314] 5 | _ _ _ 11 1 6 8 0 9 3 2 10 
[00307315] 4 | _ 7 _ 11 1 6 8 0 9 3 2 10 
[00307316] 3 | 4 7 _ 11 1 6 8 0 9 3 2 10 
[00307317] 2 | 4 7 5 11 1 6 8 0 9 3 2 10 
[00307318] 3 | _ 7 4 11 1 6 8 0 9 3 2 10 
[00307319] 2 | 5 7 4 11 1 6 8 0 9 3 2 10 
[00307320] 8 | _ _ _ 11 1 _ _ 0 9 _ 10 2 
[00307321] 7 | _ 4 _ 11 1 _ _ 0 9 _ 10 2 
[00307322] 6 | _ 4 _ 11 1 7 _ 0 9 _ 10 2 
[00307323] 5 | 9 4 _ 11 1 7 _ 0 9 _ 10 2 
[00307324] 4 | 9 4 8 11 1 7 _ 0 9 _ 10 2 
[00307325] 4 | 9 4 _ 11 1 7 5 0 9 _ 10 2 
[00307326] 5 | _ 4 9 11 1 7 _ 0 9 _ 10 2 
[00307327] 4 | 8 4 9 11 1 7 _ 0 9 _ 10 2 
[00307328] 4 | _ 4 9 11 1 7 5 0 9 _ 10 2 
[00307329] 5 | _ 4 _ 11 1 7 6 0 9 _ 10 2 
[00307330] 4 | 8 4 _ 11 1 7 6 0 9 _ 10 2 
[00307331] 4 | _ 4 8 11 1 7 6 0 9 _ 10 2 
[00307332] 4 | _ 4 _ 11 1 7 6 0 9 5 10 2 
[00307333] 5 | _ 4 _ 11 1 7 _ 0 9 4 10 2 
[00307334] 4 | _ 4 _ 11 1 7 5 0 9 4 10 2 
[00307335] 6 | _ 4 _ 11 1 _ 7 0 9 _ 10 2 
[00307336] 5 | 9 4 _ 11 1 _ 7 0 9 _ 10 2 
[00307337] 4 | 9 4 8 11 1 _ 7 0 9 _ 10 2 
[00307338] 4 | 9 4 _ 11 1 5 7 0 9 _ 10 2 
[00307339] 5 | _ 4 9 11 1 _ 7 0 9 _ 10 2 
[00307340] 4 | 8 4 9 11 1 _ 7 0 9 _ 10 2 
[00307341] 4 | _ 4 9 11 1 5 7 0 9 _ 10 2 
[00307342] 5 | _ 4 _ 11 1 6 7 0 9 _ 10 2 
[00307343] 4 | 8 4 _ 11 1 6 7 0 9 _ 10 2 
[00307344] 4 | _ 4 8 11 1 6 7 0 9 _ 10 2 
[00307345] 4 | _ 4 _ 11 1 6 7 0 9 5 10 2 
[00307346] 5 | _ 4 _ 11 1 _ 7 0 9 4 10 2 
[00307347] 4 | _ 4 _ 11 1 5 7 0 9 4 10 2 
[00307348] 6 | _ 4 _ 11 1 _ _ 0 9 3 10 2 
[00307349] 5 | _ 4 _ 11 1 6 _ 0 9 3 10 2 
[00307350] 4 | 8 4 _ 11 1 6 _ 0 9 3 10 2 
[00307351] 3 | 8 4 1 11 1 6 _ 0 9 3 10 2 
[00307352] 3 | 8 4 7 11 1 6 _ 0 9 3 10 2 
[00307353] 3 | 8 4 _ 11 1 6 4 0 9 3 10 2 
[00307354] 4 | _ 4 8 11 1 6 _ 0 9 3 10 2 
[00307355] 3 | 1 4 8 11 1 6 _ 0 9 3 10 2 
[00307356] 3 | 7 4 8 11 1 6 _ 0 9 3 10 2 
[00307357] 3 | _ 4 8 11 1 6 4 0 9 3 10 2 
[00307358] 4 | _ 4 _ 11 1 6 5 0 9 3 10 2 
[00307359] 3 | 7 4 _ 11 1 6 5 0 9 3 10 2 
[00307360] 3 | _ 4 7 11 1 6 5 0 9 3 10 2 
[00307361] 5 | _ 4 _ 11 1 _ 6 0 9 3 10 2 
[00307362] 4 | 8 4 _ 11 1 _ 6 0 9 3 10 2 
[00307363] 3 | 8 4 1 11 1 _ 6 0 9 3 10 2 
[00307364] 3 | 8 4 7 11 1 _ 6 0 9 3 10 2 
[00307365] 3 | 8 4 _ 11 1 4 6 0 9 3 10 2 
[00307366] 4 | _ 4 8 11 1 _ 6 0 9 3 10 2 
[00307367] 3 | 1 4 8 11 1 _ 6 0 9 3 10 2 
[00307368] 3 | 7 4 8 11 1 _ 6 0 9 3 10 2 
[00307369] 3 | _ 4 8 11 1 4 6 0 9 3 10 2 
[00307370] 4 | _ 4 _ 11 1 5 6 0 9 3 10 2 
[00307371] 3 | 7 4 _ 11 1 5 6 0 9 3 10 2 
[00307372] 3 | _ 4 7 11 1 5 6 0 9 3 10 2 
[00307373] 7 | _ _ _ 11 1 8 _ 0 9 _ 10 2 
[00307374] 6 | _ 5 _ 11 1 8 _ 0 9 _ 10 2 
[00307375] 5 | _ 5 _ 11 1 8 6 0 9 _ 10 2 
[00307376] 4 | 9 5 _ 11 1 8 6 0 9 _ 10 2 
[00307377] 4 | _ 5 9 11 1 8 6 0 9 _ 10 2 
[00307378] 4 | _ 5 _ 11 1 8 6 0 9 5 10 2 
[00307379] 5 | _ 5 _ 11 1 8 _ 0 9 4 10 2 
[00307380] 4 | 1 5 _ 11 1 8 _ 0 9 4 10 2 
[00307381] 4 | _ 5 1 11 1 8 _ 0 9 4 10 2 
[00307382] 4 | _ 5 _ 11 1 8 5 0 9 4 10 2 
[00307383] 6 | _ _ _ 11 1 8 7 0 9 _ 10 2 
[00307384] 5 | _ 6 _ 11 1 8 7 0 9 _ 10 2 
[00307385] 4 | _ 6 _ 11 1 8 7 0 9 5 10 2 
[00307386] 3 | 3 6 _ 11 1 8 7 0 9 5 10 2 
[00307387] 2 | 3 6 4 11 1 8 7 0 9 5 10 2 
[00307388] 3 | _ 6 3 11 1 8 7 0 9 5 10 2 
[00307389] 2 | 4 6 3 11 1 8 7 0 9 5 10 2 
[00307390] 5 | _ _ _ 11 1 8 7 0 9 4 10 2 
[00307391] 6 | _ _ _ 11 1 8 _ 0 9 3 10 2 
[00307392] 5 | _ 6 _ 11 1 8 _ 0 9 3 10 2 
[00307393] 4 | _ 6 _ 11 1 8 5 0 9 3 10 2 
[00307394] 5 | _ _ _ 11 1 8 6 0 9 3 10 2 
[00307395] 4 | _ 7 _ 11 1 8 6 0 9 3 10 2 
[00307396] 3 | 4 7 _ 11 1 8 6 0 9 3 10 2 
[00307397] 2 | 4 7 5 11 1 8 6 0 9 3 10 2 
[00307398] 3 | _ 7 4 11 1 8 6 0 9 3 10 2 
[00307399] 2 | 5 7 4 11 1 8 6 0 9 3 10 2 
[00307400] 7 | _ _ _ 11 1 _ 8 0 9 _ 10 2 
[00307401] 6 | _ 5 _ 11 1 _ 8 0 9 _ 10 2 
[00307402] 5 | _ 5 _ 11 1 6 8 0 9 _ 10 2 
[00307403] 4 | 9 5 _ 11 1 6 8 0 9 _ 10 2 
[00307404] 4 | _ 5 9 11 1 6 8 0 9 _ 10 2 
[00307405] 4 | _ 5 _ 11 1 6 8 0 9 5 10 2 
[00307406] 5 | _ 5 _ 11 1 _ 8 0 9 4 10 2 
[00307407] 4 | 1 5 _ 11 1 _ 8 0 9 4 10 2 
[00307408] 4 | _ 5 1 11 1 _ 8 0 9 4 10 2 
[00307409] 4 | _ 5 _ 11 1 5 8 0 9 4 10 2 
[00307410] 6 | _ _ _ 11 1 7 8 0 9 _ 10 2 
[00307411] 5 | _ 6 _ 11 1 7 8 0 9 _ 10 2 
[00307412] 4 | _ 6 _ 11 1 7 8 0 9 5 10 2 
[00307413] 3 | 3 6 _ 11 1 7 8 0 9 5 10 2 
[00307414] 2 | 3 6 4 11 1 7 8 0 9 5 10 2 
[00307415] 3 | _ 6 3 11 1 7 8 0 9 5 10 2 
[00307416] 2 | 4 6 3 11 1 7 8 0 9 5 10 2 
[00307417] 5 | _ _ _ 11 1 7 8 0 9 4 10 2 
[00307418] 6 | _ _ _ 11 1 _ 8 0 9 3 10 2 
[00307419] 5 | _ 6 _ 11 1 _ 8 0 9 3 10 2 
[00307420] 4 | _ 6 _ 11 1 5 8 0 9 3 10 2 
[00307421] 5 | _ _ _ 11 1 6 8 0 9 3 10 2 
[00307422] 4 | _ 7 _ 11 1 6 8 0 9 3 10 2 
[00307423] 3 | 4 7 _ 11 1 6 8 0 9 3 10 2 
[00307424] 2 | 4 7 5 11 1 6 8 0 9 3 10 2 
[00307425] 3 | _ 7 4 11 1 6 8 0 9 3 10 2 
[00307426] 2 | 5 7 4 11 1 6 8 0 9 3 10 2 
[00307427] 9 | _ _ _ 11 1 _ _ 0 _ _ 9 _ 
[00307428] 8 | 2 10 _ 11 1 _ _ 0 _ _ 9 _ 
[00307429] 7 | 2 10 3 11 1 _ _ 0 _ _ 9 _ 
[00307430] 6 | 2 10 3 11 1 7 _ 0 _ _ 9 _ 
[00307431] 5 | 2 10 3 11 1 7 6 0 _ _ 9 _ 
[00307432] 4 | 2 10 3 11 1 7 6 0 4 _ 9 _ 
[00307433] 4 | 2 10 3 11 1 7 6 0 4 8 9 _ 
[00307434] 4 | 2 10 3 11 1 7 6 0 8 4 9 _ 
[00307435] 4 | 2 10 3 11 1 7 6 0 _ _ 9 5 
[00307436] 5 | 2 10 3 11 1 7 _ 0 5 _ 9 _ 
[00307437] 4 | 2 10 3 11 1 7 5 0 5 _ 9 _ 
[00307438] 3 | 2 10 3 11 1 7 5 0 5 _ 9 6 
[00307439] 4 | 2 10 3 11 1 7 _ 0 5 1 9 _ 
[00307440] 3 | 2 10 3 11 1 7 _ 0 5 1 9 6 
[00307441] 4 | 2 10 3 11 1 7 _ 0 5 9 9 _ 
[00307442] 3 | 2 10 3 11 1 7 4 0 5 9 9 _ 
[00307443] 4 | 2 10 3 11 1 7 _ 0 5 _ 9 5 
[00307444] 3 | 2 10 3 11 1 7 4 0 5 _ 9 5 
[00307445] 5 | 2 10 3 11 1 7 _ 0 _ _ 9 4 
[00307446] 4 | 2 10 3 11 1 7 5 0 _ _ 9 4 
[00307447] 6 | 2 10 3 11 1 _ 7 0 _ _ 9 _ 
[00307448] 5 | 2 10 3 11 1 6 7 0 _ _ 9 _ 
[00307449] 4 | 2 10 3 11 1 6 7 0 4 _ 9 _ 
[00307450] 4 | 2 10 3 11 1 6 7 0 4 8 9 _ 
[00307451] 4 | 2 10 3 11 1 6 7 0 8 4 9 _ 
[00307452] 4 | 2 10 3 11 1 6 7 0 _ _ 9 5 
[00307453] 5 | 2 10 3 11 1 _ 7 0 5 _ 9 _ 
[00307454] 4 | 2 10 3 11 1 5 7 0 5 _ 9 _ 
[00307455] 3 | 2 10 3 11 1 5 7 0 5 _ 9 6 
[00307456] 4 | 2 10 3 11 1 _ 7 0 5 1 9 _ 
[00307457] 3 | 2 10 3 11 1 _ 7 0 5 1 9 6 
[00307458] 4 | 2 10 3 11 1 _ 7 0 5 9 9 _ 
[00307459] 3 | 2 10 3 11 1 4 7 0 5 9 9 _ 
[00307460] 4 | 2 10 3 11 1 _ 7 0 5 _ 9 5 
[00307461] 3 | 2 10 3 11 1 4 7 0 5 _ 9 5 
[00307462] 5 | 2 10 3 11 1 _ 7 0 _ _ 9 4 
[00307463] 4 | 2 10 3 11 1 5 7 0 _ _ 9 4 
[00307464] 6 | 2 10 3 11 1 _ _ 0 6 _ 9 _ 
[00307465] 5 | 2 10 3 11 1 6 _ 0 6 _ 9 _ 
[00307466] 4 | 2 10 3 11 1 6 5 0 6 _ 9 _ 
[00307467] 4 | 2 10 3 11 1 6 _ 0 6 _ 9 5 
[00307468] 3 | 2 10 3 11 1 6 4 0 6 _ 9 5 
[00307469] 5 | 2 10 3 11 1 _ 6 0 6 _ 9 _ 
[00307470] 4 | 2 10 3 11 1 5 6 0 6 _ 9 _ 
[00307471] 4 | 2 10 3 11 1 _ 6 0 6 _ 9 5 
[00307472] 3 | 2 10 3 11 1 4 6 0 6 _ 9 5 
[00307473] 5 | 2 10 3 11 1 _ _ 0 6 1 9 _ 
[00307474] 4 | 2 10 3 11 1 _ _ 0 6 1 9 5 
[00307475] 5 | 2 10 3 11 1 _ _ 0 6 _ 9 4 
[00307476] 4 | 2 10 3 11 1 5 _ 0 6 _ 9 4 
[00307477] 4 | 2 10 3 11 1 _ 5 0 6 _ 9 4 
[00307478] 7 | 2 10 _ 11 1 8 _ 0 _ _ 9 _ 
[00307479] 6 | 2 10 4 11 1 8 _ 0 _ _ 9 _ 
[00307480] 5 | 2 10 4 11 1 8 6 0 _ _ 9 _ 
[00307481] 4 | 2 10 4 11 1 8 6 0 3 7 9 _ 
[00307482] 4 | 2 10 4 11 1 8 6 0 7 3 9 _ 
[00307483] 4 | 2 10 4 11 1 8 6 0 _ _ 9 5 
[00307484] 3 | 2 10 4 11 1 8 6 0 3 _ 9 5 
[00307485] 5 | 2 10 4 11 1 8 _ 0 5 _ 9 _ 
[00307486] 4 | 2 10 4 11 1 8 5 0 5 _ 9 _ 
[00307487] 3 | 2 10 4 11 1 8 5 0 5 _ 9 6 
[00307488] 4 | 2 10 4 11 1 8 _ 0 5 1 9 _ 
[00307489] 3 | 2 10 4 11 1 8 _ 0 5 1 9 6 
[00307490] 4 | 2 10 4 11 1 8 _ 0 5 9 9 _ 
[00307491] 4 | 2 10 4 11 1 8 _ 0 5 _ 9 5 
[00307492] 6 | 2 10 _ 11 1 8 7 0 _ _ 9 _ 
[00307493] 5 | 2 10 5 11 1 8 7 0 _ _ 9 _ 
[00307494] 4 | 2 10 5 11 1 8 7 0 4 _ 9 _ 
[00307495] 3 | 2 10 5 11 1 8 7 0 4 _ 9 6 
[00307496] 5 | 2 10 _ 11 1 8 7 0 5 _ 9 _ 
[00307497] 4 | 2 10 6 11 1 8 7 0 5 _ 9 _ 
[00307498] 4 | 2 10 _ 11 1 8 7 0 5 9 9 _ 
[00307499] 4 | 2 10 _ 11 1 8 7 0 5 _ 9 5 
[00307500] 5 | 2 10 _ 11 1 8 7 0 _ _ 9 4 
[00307501] 4 | 2 10 6 11 1 8 7 0 _ _ 9 4 
[00307502] 3 | 2 10 6 11 1 8 7 0 3 _ 9 4 
[00307503] 2 | 2 10 6 11 1 8 7 0 3 5 9 4 
[00307504] 1 | 2 10 6 11 1 8 7 0 3 5 9 4  *Graceful*
[00307504] 6 | 2 10 _ 11 1 8 _ 0 6 _ 9 _ 
[00307505] 5 | 2 10 5 11 1 8 _ 0 6 _ 9 _ 
[00307506] 5 | 2 10 _ 11 1 8 6 0 6 _ 9 _ 
[00307507] 4 | 2 10 _ 11 1 8 6 0 6 _ 9 5 
[00307508] 3 | 2 10 7 11 1 8 6 0 6 _ 9 5 
[00307509] 5 | 2 10 _ 11 1 8 _ 0 6 1 9 _ 
[00307510] 4 | 2 10 _ 11 1 8 _ 0 6 1 9 5 
[00307511] 3 | 2 10 7 11 1 8 _ 0 6 1 9 5 
[00307512] 5 | 2 10 _ 11 1 8 _ 0 6 _ 9 4 
[00307513] 4 | 2 10 6 11 1 8 _ 0 6 _ 9 4 
[00307514] 4 | 2 10 _ 11 1 8 5 0 6 _ 9 4 
[00307515] 3 | 2 10 7 11 1 8 5 0 6 _ 9 4 
[00307516] 3 | 2 10 _ 11 1 8 5 0 6 3 9 4 
[00307517] 4 | 2 10 _ 11 1 8 _ 0 6 10 9 4 
[00307518] 6 | 2 10 _ 11 1 8 _ 0 _ _ 9 3 
[00307519] 5 | 2 10 5 11 1 8 _ 0 _ _ 9 3 
[00307520] 4 | 2 10 5 11 1 8 _ 0 4 _ 9 3 
[00307521] 3 | 2 10 5 11 1 8 4 0 4 _ 9 3 
[00307522] 3 | 2 10 5 11 1 8 _ 0 4 1 9 3 
[00307523] 3 | 2 10 5 11 1 8 _ 0 4 7 9 3 
[00307524] 5 | 2 10 _ 11 1 8 6 0 _ _ 9 3 
[00307525] 4 | 2 10 _ 11 1 8 6 0 4 _ 9 3 
[00307526] 3 | 2 10 7 11 1 8 6 0 4 _ 9 3 
[00307527] 3 | 2 10 _ 11 1 8 6 0 4 7 9 3 
[00307528] 5 | 2 10 _ 11 1 8 _ 0 5 _ 9 3 
[00307529] 4 | 2 10 6 11 1 8 _ 0 5 _ 9 3 
[00307530] 3 | 2 10 6 11 1 8 4 0 5 _ 9 3 
[00307531] 2 | 2 10 6 11 1 8 4 0 5 7 9 3 
[00307532] 1 | 2 10 6 11 1 8 4 0 5 7 9 3  *Graceful*
[00307532] 4 | 2 10 _ 11 1 8 5 0 5 _ 9 3 
[00307533] 3 | 2 10 7 11 1 8 5 0 5 _ 9 3 
[00307534] 4 | 2 10 _ 11 1 8 _ 0 5 1 9 3 
[00307535] 3 | 2 10 7 11 1 8 _ 0 5 1 9 3 
[00307536] 7 | 2 10 _ 11 1 _ 8 0 _ _ 9 _ 
[00307537] 6 | 2 10 4 11 1 _ 8 0 _ _ 9 _ 
[00307538] 5 | 2 10 4 11 1 6 8 0 _ _ 9 _ 
[00307539] 4 | 2 10 4 11 1 6 8 0 3 7 9 _ 
[00307540] 4 | 2 10 4 11 1 6 8 0 7 3 9 _ 
[00307541] 4 | 2 10 4 11 1 6 8 0 _ _ 9 5 
[00307542] 3 | 2 10 4 11 1 6 8 0 3 _ 9 5 
[00307543] 5 | 2 10 4 11 1 _ 8 0 5 _ 9 _ 
[00307544] 4 | 2 10 4 11 1 5 8 0 5 _ 9 _ 
[00307545] 3 | 2 10 4 11 1 5 8 0 5 _ 9 6 
[00307546] 4 | 2 10 4 11 1 _ 8 0 5 1 9 _ 
[00307547] 3 | 2 10 4 11 1 _ 8 0 5 1 9 6 
[00307548] 4 | 2 10 4 11 1 _ 8 0 5 9 9 _ 
[00307549] 4 | 2 10 4 11 1 _ 8 0 5 _ 9 5 
[00307550] 6 | 2 10 _ 11 1 7 8 0 _ _ 9 _ 
[00307551] 5 | 2 10 5 11 1 7 8 0 _ _ 9 _ 
[00307552] 4 | 2 10 5 11 1 7 8 0 4 _ 9 _ 
[00307553] 3 | 2 10 5 11 1 7 8 0 4 _ 9 6 
[00307554] 5 | 2 10 _ 11 1 7 8 0 5 _ 9 _ 
[00307555] 4 | 2 10 6 11 1 7 8 0 5 _ 9 _ 
[00307556] 4 | 2 10 _ 11 1 7 8 0 5 9 9 _ 
[00307557] 4 | 2 10 _ 11 1 7 8 0 5 _ 9 5 
[00307558] 5 | 2 10 _ 11 1 7 8 0 _ _ 9 4 
[00307559] 4 | 2 10 6 11 1 7 8 0 _ _ 9 4 
[00307560] 3 | 2 10 6 11 1 7 8 0 3 _ 9 4 
[00307561] 2 | 2 10 6 11 1 7 8 0 3 5 9 4 
[00307562] 1 | 2 10 6 11 1 7 8 0 3 5 9 4  *Graceful*
[00307562] 6 | 2 10 _ 11 1 _ 8 0 6 _ 9 _ 
[00307563] 5 | 2 10 5 11 1 _ 8 0 6 _ 9 _ 
[00307564] 5 | 2 10 _ 11 1 6 8 0 6 _ 9 _ 
[00307565] 4 | 2 10 _ 11 1 6 8 0 6 _ 9 5 
[00307566] 3 | 2 10 7 11 1 6 8 0 6 _ 9 5 
[00307567] 5 | 2 10 _ 11 1 _ 8 0 6 1 9 _ 
[00307568] 4 | 2 10 _ 11 1 _ 8 0 6 1 9 5 
[00307569] 3 | 2 10 7 11 1 _ 8 0 6 1 9 5 
[00307570] 5 | 2 10 _ 11 1 _ 8 0 6 _ 9 4 
[00307571] 4 | 2 10 6 11 1 _ 8 0 6 _ 9 4 
[00307572] 4 | 2 10 _ 11 1 5 8 0 6 _ 9 4 
[00307573] 3 | 2 10 7 11 1 5 8 0 6 _ 9 4 
[00307574] 3 | 2 10 _ 11 1 5 8 0 6 3 9 4 
[00307575] 4 | 2 10 _ 11 1 _ 8 0 6 10 9 4 
[00307576] 6 | 2 10 _ 11 1 _ 8 0 _ _ 9 3 
[00307577] 5 | 2 10 5 11 1 _ 8 0 _ _ 9 3 
[00307578] 4 | 2 10 5 11 1 _ 8 0 4 _ 9 3 
[00307579] 3 | 2 10 5 11 1 4 8 0 4 _ 9 3 
[00307580] 3 | 2 10 5 11 1 _ 8 0 4 1 9 3 
[00307581] 3 | 2 10 5 11 1 _ 8 0 4 7 9 3 
[00307582] 5 | 2 10 _ 11 1 6 8 0 _ _ 9 3 
[00307583] 4 | 2 10 _ 11 1 6 8 0 4 _ 9 3 
[00307584] 3 | 2 10 7 11 1 6 8 0 4 _ 9 3 
[00307585] 3 | 2 10 _ 11 1 6 8 0 4 7 9 3 
[00307586] 5 | 2 10 _ 11 1 _ 8 0 5 _ 9 3 
[00307587] 4 | 2 10 6 11 1 _ 8 0 5 _ 9 3 
[00307588] 3 | 2 10 6 11 1 4 8 0 5 _ 9 3 
[00307589] 2 | 2 10 6 11 1 4 8 0 5 7 9 3 
[00307590] 1 | 2 10 6 11 1 4 8 0 5 7 9 3  *Graceful*
[00307590] 4 | 2 10 _ 11 1 5 8 0 5 _ 9 3 
[00307591] 3 | 2 10 7 11 1 5 8 0 5 _ 9 3 
[00307592] 4 | 2 10 _ 11 1 _ 8 0 5 1 9 3 
[00307593] 3 | 2 10 7 11 1 _ 8 0 5 1 9 3 
[00307594] 7 | 2 10 _ 11 1 _ _ 0 7 _ 9 _ 
[00307595] 6 | 2 10 4 11 1 _ _ 0 7 _ 9 _ 
[00307596] 5 | 2 10 4 11 1 6 _ 0 7 _ 9 _ 
[00307597] 4 | 2 10 4 11 1 6 5 0 7 _ 9 _ 
[00307598] 4 | 2 10 4 11 1 6 _ 0 7 3 9 _ 
[00307599] 4 | 2 10 4 11 1 6 _ 0 7 _ 9 5 
[00307600] 5 | 2 10 4 11 1 _ 6 0 7 _ 9 _ 
[00307601] 4 | 2 10 4 11 1 5 6 0 7 _ 9 _ 
[00307602] 4 | 2 10 4 11 1 _ 6 0 7 3 9 _ 
[00307603] 4 | 2 10 4 11 1 _ 6 0 7 _ 9 5 
[00307604] 6 | 2 10 _ 11 1 7 _ 0 7 _ 9 _ 
[00307605] 5 | 2 10 5 11 1 7 _ 0 7 _ 9 _ 
[00307606] 5 | 2 10 _ 11 1 7 6 0 7 _ 9 _ 
[00307607] 4 | 2 10 _ 11 1 7 6 0 7 _ 9 5 
[00307608] 5 | 2 10 _ 11 1 7 _ 0 7 _ 9 4 
[00307609] 4 | 2 10 6 11 1 7 _ 0 7 _ 9 4 
[00307610] 4 | 2 10 _ 11 1 7 5 0 7 _ 9 4 
[00307611] 6 | 2 10 _ 11 1 _ 7 0 7 _ 9 _ 
[00307612] 5 | 2 10 5 11 1 _ 7 0 7 _ 9 _ 
[00307613] 5 | 2 10 _ 11 1 6 7 0 7 _ 9 _ 
[00307614] 4 | 2 10 _ 11 1 6 7 0 7 _ 9 5 
[00307615] 5 | 2 10 _ 11 1 _ 7 0 7 _ 9 4 
[00307616] 4 | 2 10 6 11 1 _ 7 0 7 _ 9 4 
[00307617] 4 | 2 10 _ 11 1 5 7 0 7 _ 9 4 
[00307618] 6 | 2 10 _ 11 1 _ _ 0 7 1 9 _ 
[00307619] 5 | 2 10 5 11 1 _ _ 0 7 1 9 _ 
[00307620] 5 | 2 10 _ 11 1 _ _ 0 7 1 9 4 
[00307621] 4 | 2 10 6 11 1 _ _ 0 7 1 9 4 
[00307622] 6 | 2 10 _ 11 1 _ _ 0 7 _ 9 3 
[00307623] 5 | 2 10 5 11 1 _ _ 0 7 _ 9 3 
[00307624] 5 | 2 10 _ 11 1 6 _ 0 7 _ 9 3 
[00307625] 4 | 2 10 _ 11 1 6 5 0 7 _ 9 3 
[00307626] 3 | 2 10 7 11 1 6 5 0 7 _ 9 3 
[00307627] 3 | 2 10 _ 11 1 6 5 0 7 4 9 3 
[00307628] 2 | 2 10 8 11 1 6 5 0 7 4 9 3 
[00307629] 1 | 2 10 8 11 1 6 5 0 7 4 9 3  *Graceful*
[00307629] 3 | 2 10 _ 11 1 6 5 0 7 10 9 3 
[00307630] 5 | 2 10 _ 11 1 _ 6 0 7 _ 9 3 
[00307631] 4 | 2 10 _ 11 1 5 6 0 7 _ 9 3 
[00307632] 3 | 2 10 7 11 1 5 6 0 7 _ 9 3 
[00307633] 3 | 2 10 _ 11 1 5 6 0 7 4 9 3 
[00307634] 2 | 2 10 8 11 1 5 6 0 7 4 9 3 
[00307635] 1 | 2 10 8 11 1 5 6 0 7 4 9 3  *Graceful*
[00307635] 3 | 2 10 _ 11 1 5 6 0 7 10 9 3 
[00307636] 8 | 10 2 _ 11 1 _ _ 0 _ _ 9 _ 
[00307637] 8 | _ 2 10 11 1 _ _ 0 _ _ 9 _ 
[00307638] 8 | _ 10 2 11 1 _ _ 0 _ _ 9 _ 
[00307639] 7 | 3 10 2 11 1 _ _ 0 _ _ 9 _ 
[00307640] 6 | 3 10 2 11 1 7 _ 0 _ _ 9 _ 
[00307641] 5 | 3 10 2 11 1 7 6 0 _ _ 9 _ 
[00307642] 4 | 3 10 2 11 1 7 6 0 4 _ 9 _ 
[00307643] 4 | 3 10 2 11 1 7 6 0 4 8 9 _ 
[00307644] 4 | 3 10 2 11 1 7 6 0 8 4 9 _ 
[00307645] 4 | 3 10 2 11 1 7 6 0 _ _ 9 5 
[00307646] 5 | 3 10 2 11 1 7 _ 0 5 _ 9 _ 
[00307647] 4 | 3 10 2 11 1 7 5 0 5 _ 9 _ 
[00307648] 3 | 3 10 2 11 1 7 5 0 5 _ 9 6 
[00307649] 4 | 3 10 2 11 1 7 _ 0 5 1 9 _ 
[00307650] 3 | 3 10 2 11 1 7 _ 0 5 1 9 6 
[00307651] 4 | 3 10 2 11 1 7 _ 0 5 9 9 _ 
[00307652] 3 | 3 10 2 11 1 7 4 0 5 9 9 _ 
[00307653] 4 | 3 10 2 11 1 7 _ 0 5 _ 9 5 
[00307654] 3 | 3 10 2 11 1 7 4 0 5 _ 9 5 
[00307655] 5 | 3 10 2 11 1 7 _ 0 _ _ 9 4 
[00307656] 4 | 3 10 2 11 1 7 5 0 _ _ 9 4 
[00307657] 6 | 3 10 2 11 1 _ 7 0 _ _ 9 _ 
[00307658] 5 | 3 10 2 11 1 6 7 0 _ _ 9 _ 
[00307659] 4 | 3 10 2 11 1 6 7 0 4 _ 9 _ 
[00307660] 4 | 3 10 2 11 1 6 7 0 4 8 9 _ 
[00307661] 4 | 3 10 2 11 1 6 7 0 8 4 9 _ 
[00307662] 4 | 3 10 2 11 1 6 7 0 _ _ 9 5 
[00307663] 5 | 3 10 2 11 1 _ 7 0 5 _ 9 _ 
[00307664] 4 | 3 10 2 11 1 5 7 0 5 _ 9 _ 
[00307665] 3 | 3 10 2 11 1 5 7 0 5 _ 9 6 
[00307666] 4 | 3 10 2 11 1 _ 7 0 5 1 9 _ 
[00307667] 3 | 3 10 2 11 1 _ 7 0 5 1 9 6 
[00307668] 4 | 3 10 2 11 1 _ 7 0 5 9 9 _ 
[00307669] 3 | 3 10 2 11 1 4 7 0 5 9 9 _ 
[00307670] 4 | 3 10 2 11 1 _ 7 0 5 _ 9 5 
[00307671] 3 | 3 10 2 11 1 4 7 0 5 _ 9 5 
[00307672] 5 | 3 10 2 11 1 _ 7 0 _ _ 9 4 
[00307673] 4 | 3 10 2 11 1 5 7 0 _ _ 9 4 
[00307674] 6 | 3 10 2 11 1 _ _ 0 6 _ 9 _ 
[00307675] 5 | 3 10 2 11 1 6 _ 0 6 _ 9 _ 
[00307676] 4 | 3 10 2 11 1 6 5 0 6 _ 9 _ 
[00307677] 4 | 3 10 2 11 1 6 _ 0 6 _ 9 5 
[00307678] 3 | 3 10 2 11 1 6 4 0 6 _ 9 5 
[00307679] 5 | 3 10 2 11 1 _ 6 0 6 _ 9 _ 
[00307680] 4 | 3 10 2 11 1 5 6 0 6 _ 9 _ 
[00307681] 4 | 3 10 2 11 1 _ 6 0 6 _ 9 5 
[00307682] 3 | 3 10 2 11 1 4 6 0 6 _ 9 5 
[00307683] 5 | 3 10 2 11 1 _ _ 0 6 1 9 _ 
[00307684] 4 | 3 10 2 11 1 _ _ 0 6 1 9 5 
[00307685] 5 | 3 10 2 11 1 _ _ 0 6 _ 9 4 
[00307686] 4 | 3 10 2 11 1 5 _ 0 6 _ 9 4 
[00307687] 4 | 3 10 2 11 1 _ 5 0 6 _ 9 4 
[00307688] 7 | _ 10 2 11 1 8 _ 0 _ _ 9 _ 
[00307689] 6 | 4 10 2 11 1 8 _ 0 _ _ 9 _ 
[00307690] 5 | 4 10 2 11 1 8 6 0 _ _ 9 _ 
[00307691] 4 | 4 10 2 11 1 8 6 0 3 7 9 _ 
[00307692] 4 | 4 10 2 11 1 8 6 0 7 3 9 _ 
[00307693] 4 | 4 10 2 11 1 8 6 0 _ _ 9 5 
[00307694] 3 | 4 10 2 11 1 8 6 0 3 _ 9 5 
[00307695] 5 | 4 10 2 11 1 8 _ 0 5 _ 9 _ 
[00307696] 4 | 4 10 2 11 1 8 5 0 5 _ 9 _ 
[00307697] 3 | 4 10 2 11 1 8 5 0 5 _ 9 6 
[00307698] 4 | 4 10 2 11 1 8 _ 0 5 1 9 _ 
[00307699] 3 | 4 10 2 11 1 8 _ 0 5 1 9 6 
[00307700] 4 | 4 10 2 11 1 8 _ 0 5 9 9 _ 
[00307701] 4 | 4 10 2 11 1 8 _ 0 5 _ 9 5 
[00307702] 6 | _ 10 2 11 1 8 7 0 _ _ 9 _ 
[00307703] 5 | 5 10 2 11 1 8 7 0 _ _ 9 _ 
[00307704] 4 | 5 10 2 11 1 8 7 0 4 _ 9 _ 
[00307705] 3 | 5 10 2 11 1 8 7 0 4 _ 9 6 
[00307706] 5 | _ 10 2 11 1 8 7 0 5 _ 9 _ 
[00307707] 4 | 6 10 2 11 1 8 7 0 5 _ 9 _ 
[00307708] 4 | _ 10 2 11 1 8 7 0 5 9 9 _ 
[00307709] 4 | _ 10 2 11 1 8 7 0 5 _ 9 5 
[00307710] 5 | _ 10 2 11 1 8 7 0 _ _ 9 4 
[00307711] 4 | 6 10 2 11 1 8 7 0 _ _ 9 4 
[00307712] 3 | 6 10 2 11 1 8 7 0 3 _ 9 4 
[00307713] 2 | 6 10 2 11 1 8 7 0 3 5 9 4 
[00307714] 1 | 6 10 2 11 1 8 7 0 3 5 9 4  *Graceful*
[00307714] 6 | _ 10 2 11 1 8 _ 0 6 _ 9 _ 
[00307715] 5 | 5 10 2 11 1 8 _ 0 6 _ 9 _ 
[00307716] 5 | _ 10 2 11 1 8 6 0 6 _ 9 _ 
[00307717] 4 | _ 10 2 11 1 8 6 0 6 _ 9 5 
[00307718] 3 | 7 10 2 11 1 8 6 0 6 _ 9 5 
[00307719] 5 | _ 10 2 11 1 8 _ 0 6 1 9 _ 
[00307720] 4 | _ 10 2 11 1 8 _ 0 6 1 9 5 
[00307721] 3 | 7 10 2 11 1 8 _ 0 6 1 9 5 
[00307722] 5 | _ 10 2 11 1 8 _ 0 6 _ 9 4 
[00307723] 4 | 6 10 2 11 1 8 _ 0 6 _ 9 4 
[00307724] 4 | _ 10 2 11 1 8 5 0 6 _ 9 4 
[00307725] 3 | 7 10 2 11 1 8 5 0 6 _ 9 4 
[00307726] 3 | _ 10 2 11 1 8 5 0 6 3 9 4 
[00307727] 4 | _ 10 2 11 1 8 _ 0 6 10 9 4 
[00307728] 6 | _ 10 2 11 1 8 _ 0 _ _ 9 3 
[00307729] 5 | 5 10 2 11 1 8 _ 0 _ _ 9 3 
[00307730] 4 | 5 10 2 11 1 8 _ 0 4 _ 9 3 
[00307731] 3 | 5 10 2 11 1 8 4 0 4 _ 9 3 
[00307732] 3 | 5 10 2 11 1 8 _ 0 4 1 9 3 
[00307733] 3 | 5 10 2 11 1 8 _ 0 4 7 9 3 
[00307734] 5 | _ 10 2 11 1 8 6 0 _ _ 9 3 
[00307735] 4 | _ 10 2 11 1 8 6 0 4 _ 9 3 
[00307736] 3 | 7 10 2 11 1 8 6 0 4 _ 9 3 
[00307737] 3 | _ 10 2 11 1 8 6 0 4 7 9 3 
[00307738] 5 | _ 10 2 11 1 8 _ 0 5 _ 9 3 
[00307739] 4 | 6 10 2 11 1 8 _ 0 5 _ 9 3 
[00307740] 3 | 6 10 2 11 1 8 4 0 5 _ 9 3 
[00307741] 2 | 6 10 2 11 1 8 4 0 5 7 9 3 
[00307742] 1 | 6 10 2 11 1 8 4 0 5 7 9 3  *Graceful*
[00307742] 4 | _ 10 2 11 1 8 5 0 5 _ 9 3 
[00307743] 3 | 7 10 2 11 1 8 5 0 5 _ 9 3 
[00307744] 4 | _ 10 2 11 1 8 _ 0 5 1 9 3 
[00307745] 3 | 7 10 2 11 1 8 _ 0 5 1 9 3 
[00307746] 7 | _ 10 2 11 1 _ 8 0 _ _ 9 _ 
[00307747] 6 | 4 10 2 11 1 _ 8 0 _ _ 9 _ 
[00307748] 5 | 4 10 2 11 1 6 8 0 _ _ 9 _ 
[00307749] 4 | 4 10 2 11 1 6 8 0 3 7 9 _ 
[00307750] 4 | 4 10 2 11 1 6 8 0 7 3 9 _ 
[00307751] 4 | 4 10 2 11 1 6 8 0 _ _ 9 5 
[00307752] 3 | 4 10 2 11 1 6 8 0 3 _ 9 5 
[00307753] 5 | 4 10 2 11 1 _ 8 0 5 _ 9 _ 
[00307754] 4 | 4 10 2 11 1 5 8 0 5 _ 9 _ 
[00307755] 3 | 4 10 2 11 1 5 8 0 5 _ 9 6 
[00307756] 4 | 4 10 2 11 1 _ 8 0 5 1 9 _ 
[00307757] 3 | 4 10 2 11 1 _ 8 0 5 1 9 6 
[00307758] 4 | 4 10 2 11 1 _ 8 0 5 9 9 _ 
[00307759] 4 | 4 10 2 11 1 _ 8 0 5 _ 9 5 
[00307760] 6 | _ 10 2 11 1 7 8 0 _ _ 9 _ 
[00307761] 5 | 5 10 2 11 1 7 8 0 _ _ 9 _ 
[00307762] 4 | 5 10 2 11 1 7 8 0 4 _ 9 _ 
[00307763] 3 | 5 10 2 11 1 7 8 0 4 _ 9 6 
[00307764] 5 | _ 10 2 11 1 7 8 0 5 _ 9 _ 
[00307765] 4 | 6 10 2 11 1 7 8 0 5 _ 9 _ 
[00307766] 4 | _ 10 2 11 1 7 8 0 5 9 9 _ 
[00307767] 4 | _ 10 2 11 1 7 8 0 5 _ 9 5 
[00307768] 5 | _ 10 2 11 1 7 8 0 _ _ 9 4 
[00307769] 4 | 6 10 2 11 1 7 8 0 _ _ 9 4 
