[00272906] 5 | 9 1 10 11 4 _ _ 0 3 8 6 _ 
[00272907] 4 | 9 1 10 11 4 _ _ 0 3 8 6 2 
[00272908] 3 | 9 1 10 11 4 7 _ 0 3 8 6 2 
[00272909] 3 | 9 1 10 11 4 _ 7 0 3 8 6 2 
[00272910] 5 | 9 1 10 11 4 _ _ 0 7 2 6 _ 
[00272911] 4 | 9 1 10 11 4 8 _ 0 7 2 6 _ 
[00272912] 3 | 9 1 10 11 4 8 _ 0 7 2 6 3 
[00272913] 4 | 9 1 10 11 4 _ 8 0 7 2 6 _ 
[00272914] 3 | 9 1 10 11 4 _ 8 0 7 2 6 3 
[00272915] 5 | 9 1 10 11 4 _ _ 0 8 3 6 _ 
[00272916] 4 | 9 1 10 11 4 _ _ 0 8 3 6 2 
[00272917] 3 | 9 1 10 11 4 7 _ 0 8 3 6 2 
[00272918] 3 | 9 1 10 11 4 _ 7 0 8 3 6 2 
[00272919] 6 | 9 1 10 11 4 _ _ 0 _ _ 2 8 
[00272920] 5 | 9 1 10 11 4 _ _ 0 5 _ 2 8 
[00272921] 6 | 9 1 10 11 4 _ _ 0 _ _ 8 2 
[00272922] 5 | 9 1 10 11 4 _ _ 0 5 _ 8 2 
[00272923] 7 | 9 1 10 11 _ _ _ 0 7 _ _ _ 
[00272924] 6 | 9 1 10 11 5 _ _ 0 7 _ _ _ 
[00272925] 5 | 9 1 10 11 5 0 _ 0 7 _ _ _ 
[00272926] 4 | 9 1 10 11 5 0 _ 0 7 3 _ _ 
[00272927] 3 | 9 1 10 11 5 0 2 0 7 3 _ _ 
[00272928] 2 | 9 1 10 11 5 0 2 0 7 3 4 6 
[00272929] 2 | 9 1 10 11 5 0 2 0 7 3 6 8 
[00272930] 2 | 9 1 10 11 5 0 2 0 7 3 6 4 
[00272931] 2 | 9 1 10 11 5 0 2 0 7 3 8 6 
[00272932] 3 | 9 1 10 11 5 0 8 0 7 3 _ _ 
[00272933] 2 | 9 1 10 11 5 0 8 0 7 3 2 4 
[00272934] 2 | 9 1 10 11 5 0 8 0 7 3 4 6 
[00272935] 2 | 9 1 10 11 5 0 8 0 7 3 4 2 
[00272936] 2 | 9 1 10 11 5 0 8 0 7 3 6 4 
[00272937] 4 | 9 1 10 11 5 0 _ 0 7 _ 2 6 
[00272938] 3 | 9 1 10 11 5 0 8 0 7 _ 2 6 
[00272939] 3 | 9 1 10 11 5 0 _ 0 7 4 2 6 
[00272940] 2 | 9 1 10 11 5 0 3 0 7 4 2 6 
[00272941] 4 | 9 1 10 11 5 0 _ 0 7 _ 4 8 
[00272942] 3 | 9 1 10 11 5 0 2 0 7 _ 4 8 
[00272943] 4 | 9 1 10 11 5 0 _ 0 7 _ 6 2 
[00272944] 3 | 9 1 10 11 5 0 8 0 7 _ 6 2 
[00272945] 3 | 9 1 10 11 5 0 _ 0 7 4 6 2 
[00272946] 2 | 9 1 10 11 5 0 3 0 7 4 6 2 
[00272947] 4 | 9 1 10 11 5 0 _ 0 7 _ 8 4 
[00272948] 3 | 9 1 10 11 5 0 2 0 7 _ 8 4 
[00272949] 5 | 9 1 10 11 5 _ 0 0 7 _ _ _ 
[00272950] 4 | 9 1 10 11 5 _ 0 0 7 3 _ _ 
[00272951] 3 | 9 1 10 11 5 2 0 0 7 3 _ _ 
[00272952] 2 | 9 1 10 11 5 2 0 0 7 3 4 6 
[00272953] 2 | 9 1 10 11 5 2 0 0 7 3 6 8 
[00272954] 2 | 9 1 10 11 5 2 0 0 7 3 6 4 
[00272955] 2 | 9 1 10 11 5 2 0 0 7 3 8 6 
[00272956] 3 | 9 1 10 11 5 8 0 0 7 3 _ _ 
[00272957] 2 | 9 1 10 11 5 8 0 0 7 3 2 4 
[00272958] 2 | 9 1 10 11 5 8 0 0 7 3 4 6 
[00272959] 2 | 9 1 10 11 5 8 0 0 7 3 4 2 
[00272960] 2 | 9 1 10 11 5 8 0 0 7 3 6 4 
[00272961] 4 | 9 1 10 11 5 _ 0 0 7 _ 2 6 
[00272962] 3 | 9 1 10 11 5 8 0 0 7 _ 2 6 
[00272963] 3 | 9 1 10 11 5 _ 0 0 7 4 2 6 
[00272964] 2 | 9 1 10 11 5 3 0 0 7 4 2 6 
[00272965] 4 | 9 1 10 11 5 _ 0 0 7 _ 4 8 
[00272966] 3 | 9 1 10 11 5 2 0 0 7 _ 4 8 
[00272967] 4 | 9 1 10 11 5 _ 0 0 7 _ 6 2 
[00272968] 3 | 9 1 10 11 5 8 0 0 7 _ 6 2 
[00272969] 3 | 9 1 10 11 5 _ 0 0 7 4 6 2 
[00272970] 2 | 9 1 10 11 5 3 0 0 7 4 6 2 
[00272971] 4 | 9 1 10 11 5 _ 0 0 7 _ 8 4 
[00272972] 3 | 9 1 10 11 5 2 0 0 7 _ 8 4 
[00272973] 5 | 9 1 10 11 5 _ _ 0 7 2 _ _ 
[00272974] 4 | 9 1 10 11 5 _ _ 0 7 2 4 _ 
[00272975] 3 | 9 1 10 11 5 8 _ 0 7 2 4 _ 
[00272976] 2 | 9 1 10 11 5 8 3 0 7 2 4 _ 
[00272977] 2 | 9 1 10 11 5 8 _ 0 7 2 4 6 
[00272978] 3 | 9 1 10 11 5 _ 8 0 7 2 4 _ 
[00272979] 2 | 9 1 10 11 5 3 8 0 7 2 4 _ 
[00272980] 2 | 9 1 10 11 5 _ 8 0 7 2 4 6 
[00272981] 4 | 9 1 10 11 5 _ _ 0 7 2 4 8 
[00272982] 4 | 9 1 10 11 5 _ _ 0 7 2 8 4 
[00272983] 5 | 9 1 10 11 5 _ _ 0 7 _ 5 _ 
[00272984] 4 | 9 1 10 11 5 _ _ 0 7 3 5 _ 
[00272985] 3 | 9 1 10 11 5 2 _ 0 7 3 5 _ 
[00272986] 3 | 9 1 10 11 5 8 _ 0 7 3 5 _ 
[00272987] 3 | 9 1 10 11 5 _ 2 0 7 3 5 _ 
[00272988] 3 | 9 1 10 11 5 _ 8 0 7 3 5 _ 
[00272989] 3 | 9 1 10 11 5 _ _ 0 7 3 5 2 
[00272990] 3 | 9 1 10 11 5 _ _ 0 7 3 5 8 
[00272991] 5 | 9 1 10 11 5 _ _ 0 7 _ 3 8 
[00272992] 5 | 9 1 10 11 5 _ _ 0 7 _ 8 3 
[00272993] 6 | 9 1 10 11 2 8 _ 0 7 _ _ _ 
[00272994] 5 | 9 1 10 11 2 8 7 0 7 _ _ _ 
[00272995] 4 | 9 1 10 11 2 8 7 0 7 _ 4 _ 
[00272996] 5 | 9 1 10 11 2 8 _ 0 7 2 _ _ 
[00272997] 4 | 9 1 10 11 2 8 _ 0 7 2 4 _ 
[00272998] 5 | 9 1 10 11 2 8 _ 0 7 _ 5 _ 
[00272999] 4 | 9 1 10 11 2 8 6 0 7 _ 5 _ 
[00273000] 3 | 9 1 10 11 2 8 6 0 7 4 5 _ 
[00273001] 2 | 9 1 10 11 2 8 6 0 7 4 5 3 
[00273002] 4 | 9 1 10 11 2 8 _ 0 7 3 5 _ 
[00273003] 3 | 9 1 10 11 2 8 5 0 7 3 5 _ 
[00273004] 3 | 9 1 10 11 2 8 _ 0 7 3 5 2 
[00273005] 6 | 9 1 10 11 8 2 _ 0 7 _ _ _ 
[00273006] 5 | 9 1 10 11 8 2 3 0 7 _ _ _ 
[00273007] 4 | 9 1 10 11 8 2 3 0 7 _ 4 _ 
[00273008] 3 | 9 1 10 11 8 2 3 0 7 4 4 _ 
[00273009] 3 | 9 1 10 11 8 2 3 0 7 _ 4 7 
[00273010] 5 | 9 1 10 11 8 2 _ 0 7 _ 5 _ 
[00273011] 4 | 9 1 10 11 8 2 4 0 7 _ 5 _ 
[00273012] 4 | 9 1 10 11 8 2 _ 0 7 3 5 _ 
[00273013] 3 | 9 1 10 11 8 2 5 0 7 3 5 _ 
[00273014] 3 | 9 1 10 11 8 2 _ 0 7 3 5 8 
[00273015] 6 | 9 1 10 11 2 _ 8 0 7 _ _ _ 
[00273016] 5 | 9 1 10 11 2 7 8 0 7 _ _ _ 
[00273017] 4 | 9 1 10 11 2 7 8 0 7 _ 4 _ 
[00273018] 5 | 9 1 10 11 2 _ 8 0 7 2 _ _ 
[00273019] 4 | 9 1 10 11 2 _ 8 0 7 2 4 _ 
[00273020] 5 | 9 1 10 11 2 _ 8 0 7 _ 5 _ 
[00273021] 4 | 9 1 10 11 2 6 8 0 7 _ 5 _ 
[00273022] 3 | 9 1 10 11 2 6 8 0 7 4 5 _ 
[00273023] 2 | 9 1 10 11 2 6 8 0 7 4 5 3 
[00273024] 4 | 9 1 10 11 2 _ 8 0 7 3 5 _ 
[00273025] 3 | 9 1 10 11 2 5 8 0 7 3 5 _ 
[00273026] 3 | 9 1 10 11 2 _ 8 0 7 3 5 2 
[00273027] 6 | 9 1 10 11 8 _ 2 0 7 _ _ _ 
[00273028] 5 | 9 1 10 11 8 3 2 0 7 _ _ _ 
[00273029] 4 | 9 1 10 11 8 3 2 0 7 _ 4 _ 
[00273030] 3 | 9 1 10 11 8 3 2 0 7 4 4 _ 
[00273031] 3 | 9 1 10 11 8 3 2 0 7 _ 4 7 
[00273032] 5 | 9 1 10 11 8 _ 2 0 7 _ 5 _ 
[00273033] 4 | 9 1 10 11 8 4 2 0 7 _ 5 _ 
[00273034] 4 | 9 1 10 11 8 _ 2 0 7 3 5 _ 
[00273035] 3 | 9 1 10 11 8 5 2 0 7 3 5 _ 
[00273036] 3 | 9 1 10 11 8 _ 2 0 7 3 5 8 
[00273037] 6 | 9 1 10 11 _ _ _ 0 7 _ 6 _ 
[00273038] 5 | 9 1 10 11 6 _ _ 0 7 _ 6 _ 
[00273039] 4 | 9 1 10 11 6 2 _ 0 7 _ 6 _ 
[00273040] 3 | 9 1 10 11 6 2 3 0 7 _ 6 _ 
[00273041] 2 | 9 1 10 11 6 2 3 0 7 5 6 _ 
[00273042] 3 | 9 1 10 11 6 2 _ 0 7 4 6 _ 
[00273043] 2 | 9 1 10 11 6 2 8 0 7 4 6 _ 
[00273044] 2 | 9 1 10 11 6 2 _ 0 7 4 6 8 
[00273045] 3 | 9 1 10 11 6 2 _ 0 7 _ 6 3 
[00273046] 2 | 9 1 10 11 6 2 _ 0 7 5 6 3 
[00273047] 4 | 9 1 10 11 6 _ 2 0 7 _ 6 _ 
[00273048] 3 | 9 1 10 11 6 3 2 0 7 _ 6 _ 
[00273049] 2 | 9 1 10 11 6 3 2 0 7 5 6 _ 
[00273050] 3 | 9 1 10 11 6 _ 2 0 7 4 6 _ 
[00273051] 2 | 9 1 10 11 6 8 2 0 7 4 6 _ 
[00273052] 2 | 9 1 10 11 6 _ 2 0 7 4 6 8 
[00273053] 3 | 9 1 10 11 6 _ 2 0 7 _ 6 3 
[00273054] 2 | 9 1 10 11 6 _ 2 0 7 5 6 3 
[00273055] 4 | 9 1 10 11 6 _ _ 0 7 3 6 _ 
[00273056] 4 | 9 1 10 11 6 _ _ 0 7 _ 6 2 
[00273057] 3 | 9 1 10 11 6 _ _ 0 7 4 6 2 
[00273058] 5 | 9 1 10 11 3 8 _ 0 7 _ 6 _ 
[00273059] 4 | 9 1 10 11 3 8 7 0 7 _ 6 _ 
[00273060] 4 | 9 1 10 11 3 8 _ 0 7 3 6 _ 
[00273061] 4 | 9 1 10 11 3 8 _ 0 7 _ 6 2 
[00273062] 3 | 9 1 10 11 3 8 _ 0 7 4 6 2 
[00273063] 2 | 9 1 10 11 3 8 5 0 7 4 6 2 
[00273064] 5 | 9 1 10 11 8 3 _ 0 7 _ 6 _ 
[00273065] 4 | 9 1 10 11 8 3 4 0 7 _ 6 _ 
[00273066] 4 | 9 1 10 11 8 3 _ 0 7 _ 6 2 
[00273067] 3 | 9 1 10 11 8 3 5 0 7 _ 6 2 
[00273068] 3 | 9 1 10 11 8 3 _ 0 7 4 6 2 
[00273069] 5 | 9 1 10 11 3 _ 8 0 7 _ 6 _ 
[00273070] 4 | 9 1 10 11 3 7 8 0 7 _ 6 _ 
[00273071] 4 | 9 1 10 11 3 _ 8 0 7 3 6 _ 
[00273072] 4 | 9 1 10 11 3 _ 8 0 7 _ 6 2 
[00273073] 3 | 9 1 10 11 3 _ 8 0 7 4 6 2 
[00273074] 2 | 9 1 10 11 3 5 8 0 7 4 6 2 
[00273075] 5 | 9 1 10 11 8 _ 3 0 7 _ 6 _ 
[00273076] 4 | 9 1 10 11 8 4 3 0 7 _ 6 _ 
[00273077] 4 | 9 1 10 11 8 _ 3 0 7 _ 6 2 
[00273078] 3 | 9 1 10 11 8 5 3 0 7 _ 6 2 
[00273079] 3 | 9 1 10 11 8 _ 3 0 7 4 6 2 
[00273080] 5 | 9 1 10 11 _ _ _ 0 7 2 6 _ 
[00273081] 4 | 9 1 10 11 4 8 _ 0 7 2 6 _ 
[00273082] 3 | 9 1 10 11 4 8 _ 0 7 2 6 3 
[00273083] 4 | 9 1 10 11 8 4 _ 0 7 2 6 _ 
[00273084] 3 | 9 1 10 11 8 4 5 0 7 2 6 _ 
[00273085] 3 | 9 1 10 11 8 4 _ 0 7 2 6 3 
[00273086] 4 | 9 1 10 11 4 _ 8 0 7 2 6 _ 
[00273087] 3 | 9 1 10 11 4 _ 8 0 7 2 6 3 
[00273088] 4 | 9 1 10 11 8 _ 4 0 7 2 6 _ 
[00273089] 3 | 9 1 10 11 8 5 4 0 7 2 6 _ 
[00273090] 3 | 9 1 10 11 8 _ 4 0 7 2 6 3 
[00273091] 5 | 9 1 10 11 _ _ _ 0 7 _ 6 11 
[00273092] 4 | 9 1 10 11 4 8 _ 0 7 _ 6 11 
[00273093] 3 | 9 1 10 11 4 8 7 0 7 _ 6 11 
[00273094] 3 | 9 1 10 11 4 8 _ 0 7 4 6 11 
[00273095] 4 | 9 1 10 11 8 4 _ 0 7 _ 6 11 
[00273096] 3 | 9 1 10 11 8 4 5 0 7 _ 6 11 
[00273097] 4 | 9 1 10 11 4 _ 8 0 7 _ 6 11 
[00273098] 3 | 9 1 10 11 4 7 8 0 7 _ 6 11 
[00273099] 3 | 9 1 10 11 4 _ 8 0 7 4 6 11 
[00273100] 4 | 9 1 10 11 8 _ 4 0 7 _ 6 11 
[00273101] 3 | 9 1 10 11 8 5 4 0 7 _ 6 11 
[00273102] 4 | 9 1 10 11 _ _ _ 0 7 3 6 11 
[00273103] 3 | 9 1 10 11 2 5 _ 0 7 3 6 11 
[00273104] 2 | 9 1 10 11 2 5 4 0 7 3 6 11 
[00273105] 3 | 9 1 10 11 5 8 _ 0 7 3 6 11 
[00273106] 3 | 9 1 10 11 5 2 _ 0 7 3 6 11 
[00273107] 3 | 9 1 10 11 8 5 _ 0 7 3 6 11 
[00273108] 3 | 9 1 10 11 2 _ 5 0 7 3 6 11 
[00273109] 2 | 9 1 10 11 2 4 5 0 7 3 6 11 
[00273110] 3 | 9 1 10 11 5 _ 8 0 7 3 6 11 
[00273111] 3 | 9 1 10 11 5 _ 2 0 7 3 6 11 
[00273112] 3 | 9 1 10 11 8 _ 5 0 7 3 6 11 
[00273113] 6 | 9 1 10 11 _ _ _ 0 7 _ 2 8 
[00273114] 5 | 9 1 10 11 6 _ _ 0 7 _ 2 8 
[00273115] 4 | 9 1 10 11 6 _ _ 0 7 3 2 8 
[00273116] 6 | 9 1 10 11 _ _ _ 0 7 _ 8 2 
[00273117] 5 | 9 1 10 11 6 _ _ 0 7 _ 8 2 
[00273118] 4 | 9 1 10 11 6 _ _ 0 7 3 8 2 
[00273119] 7 | 9 1 10 11 _ _ _ 0 _ _ 7 _ 
[00273120] 6 | 9 1 10 11 5 _ _ 0 _ _ 7 _ 
[00273121] 5 | 9 1 10 11 5 0 _ 0 _ _ 7 _ 
[00273122] 4 | 9 1 10 11 5 0 _ 0 2 6 7 _ 
[00273123] 3 | 9 1 10 11 5 0 8 0 2 6 7 _ 
[00273124] 3 | 9 1 10 11 5 0 _ 0 2 6 7 4 
[00273125] 2 | 9 1 10 11 5 0 3 0 2 6 7 4 
[00273126] 4 | 9 1 10 11 5 0 _ 0 4 8 7 _ 
[00273127] 3 | 9 1 10 11 5 0 2 0 4 8 7 _ 
[00273128] 4 | 9 1 10 11 5 0 _ 0 6 2 7 _ 
[00273129] 3 | 9 1 10 11 5 0 8 0 6 2 7 _ 
[00273130] 3 | 9 1 10 11 5 0 _ 0 6 2 7 4 
[00273131] 2 | 9 1 10 11 5 0 3 0 6 2 7 4 
[00273132] 4 | 9 1 10 11 5 0 _ 0 8 4 7 _ 
[00273133] 3 | 9 1 10 11 5 0 2 0 8 4 7 _ 
[00273134] 4 | 9 1 10 11 5 0 _ 0 _ _ 7 3 
[00273135] 3 | 9 1 10 11 5 0 2 0 _ _ 7 3 
[00273136] 2 | 9 1 10 11 5 0 2 0 4 6 7 3 
[00273137] 2 | 9 1 10 11 5 0 2 0 6 8 7 3 
[00273138] 2 | 9 1 10 11 5 0 2 0 6 4 7 3 
[00273139] 2 | 9 1 10 11 5 0 2 0 8 6 7 3 
[00273140] 3 | 9 1 10 11 5 0 8 0 _ _ 7 3 
[00273141] 2 | 9 1 10 11 5 0 8 0 2 4 7 3 
[00273142] 2 | 9 1 10 11 5 0 8 0 4 6 7 3 
[00273143] 2 | 9 1 10 11 5 0 8 0 4 2 7 3 
[00273144] 2 | 9 1 10 11 5 0 8 0 6 4 7 3 
[00273145] 5 | 9 1 10 11 5 _ 0 0 _ _ 7 _ 
[00273146] 4 | 9 1 10 11 5 _ 0 0 2 6 7 _ 
[00273147] 3 | 9 1 10 11 5 8 0 0 2 6 7 _ 
[00273148] 3 | 9 1 10 11 5 _ 0 0 2 6 7 4 
[00273149] 2 | 9 1 10 11 5 3 0 0 2 6 7 4 
[00273150] 4 | 9 1 10 11 5 _ 0 0 4 8 7 _ 
[00273151] 3 | 9 1 10 11 5 2 0 0 4 8 7 _ 
[00273152] 4 | 9 1 10 11 5 _ 0 0 6 2 7 _ 
[00273153] 3 | 9 1 10 11 5 8 0 0 6 2 7 _ 
[00273154] 3 | 9 1 10 11 5 _ 0 0 6 2 7 4 
[00273155] 2 | 9 1 10 11 5 3 0 0 6 2 7 4 
[00273156] 4 | 9 1 10 11 5 _ 0 0 8 4 7 _ 
[00273157] 3 | 9 1 10 11 5 2 0 0 8 4 7 _ 
[00273158] 4 | 9 1 10 11 5 _ 0 0 _ _ 7 3 
[00273159] 3 | 9 1 10 11 5 2 0 0 _ _ 7 3 
[00273160] 2 | 9 1 10 11 5 2 0 0 4 6 7 3 
[00273161] 2 | 9 1 10 11 5 2 0 0 6 8 7 3 
[00273162] 2 | 9 1 10 11 5 2 0 0 6 4 7 3 
[00273163] 2 | 9 1 10 11 5 2 0 0 8 6 7 3 
[00273164] 3 | 9 1 10 11 5 8 0 0 _ _ 7 3 
[00273165] 2 | 9 1 10 11 5 8 0 0 2 4 7 3 
[00273166] 2 | 9 1 10 11 5 8 0 0 4 6 7 3 
[00273167] 2 | 9 1 10 11 5 8 0 0 4 2 7 3 
[00273168] 2 | 9 1 10 11 5 8 0 0 6 4 7 3 
[00273169] 5 | 9 1 10 11 5 _ _ 0 5 _ 7 _ 
[00273170] 4 | 9 1 10 11 5 _ _ 0 5 _ 7 3 
[00273171] 3 | 9 1 10 11 5 2 _ 0 5 _ 7 3 
[00273172] 3 | 9 1 10 11 5 8 _ 0 5 _ 7 3 
[00273173] 3 | 9 1 10 11 5 _ 2 0 5 _ 7 3 
[00273174] 3 | 9 1 10 11 5 _ 8 0 5 _ 7 3 
[00273175] 3 | 9 1 10 11 5 _ _ 0 5 2 7 3 
[00273176] 3 | 9 1 10 11 5 _ _ 0 5 8 7 3 
[00273177] 5 | 9 1 10 11 5 _ _ 0 3 8 7 _ 
[00273178] 5 | 9 1 10 11 5 _ _ 0 8 3 7 _ 
[00273179] 5 | 9 1 10 11 5 _ _ 0 _ _ 7 2 
[00273180] 4 | 9 1 10 11 5 _ _ 0 4 _ 7 2 
[00273181] 3 | 9 1 10 11 5 8 _ 0 4 _ 7 2 
[00273182] 2 | 9 1 10 11 5 8 3 0 4 _ 7 2 
[00273183] 2 | 9 1 10 11 5 8 _ 0 4 6 7 2 
[00273184] 3 | 9 1 10 11 5 _ 8 0 4 _ 7 2 
[00273185] 2 | 9 1 10 11 5 3 8 0 4 _ 7 2 
[00273186] 2 | 9 1 10 11 5 _ 8 0 4 6 7 2 
[00273187] 4 | 9 1 10 11 5 _ _ 0 4 8 7 2 
[00273188] 4 | 9 1 10 11 5 _ _ 0 8 4 7 2 
[00273189] 6 | 9 1 10 11 2 8 _ 0 _ _ 7 _ 
[00273190] 5 | 9 1 10 11 2 8 7 0 _ _ 7 _ 
[00273191] 4 | 9 1 10 11 2 8 7 0 4 _ 7 _ 
[00273192] 5 | 9 1 10 11 2 8 _ 0 5 _ 7 _ 
[00273193] 4 | 9 1 10 11 2 8 6 0 5 _ 7 _ 
[00273194] 3 | 9 1 10 11 2 8 6 0 5 _ 7 4 
[00273195] 2 | 9 1 10 11 2 8 6 0 5 3 7 4 
[00273196] 4 | 9 1 10 11 2 8 _ 0 5 _ 7 3 
[00273197] 3 | 9 1 10 11 2 8 5 0 5 _ 7 3 
[00273198] 3 | 9 1 10 11 2 8 _ 0 5 2 7 3 
[00273199] 5 | 9 1 10 11 2 8 _ 0 _ _ 7 2 
[00273200] 4 | 9 1 10 11 2 8 _ 0 4 _ 7 2 
[00273201] 6 | 9 1 10 11 8 2 _ 0 _ _ 7 _ 
[00273202] 5 | 9 1 10 11 8 2 3 0 _ _ 7 _ 
[00273203] 4 | 9 1 10 11 8 2 3 0 4 _ 7 _ 
[00273204] 3 | 9 1 10 11 8 2 3 0 4 7 7 _ 
[00273205] 3 | 9 1 10 11 8 2 3 0 4 _ 7 4 
[00273206] 5 | 9 1 10 11 8 2 _ 0 5 _ 7 _ 
[00273207] 4 | 9 1 10 11 8 2 4 0 5 _ 7 _ 
[00273208] 4 | 9 1 10 11 8 2 _ 0 5 _ 7 3 
[00273209] 3 | 9 1 10 11 8 2 5 0 5 _ 7 3 
[00273210] 3 | 9 1 10 11 8 2 _ 0 5 8 7 3 
[00273211] 6 | 9 1 10 11 2 _ 8 0 _ _ 7 _ 
[00273212] 5 | 9 1 10 11 2 7 8 0 _ _ 7 _ 
[00273213] 4 | 9 1 10 11 2 7 8 0 4 _ 7 _ 
[00273214] 5 | 9 1 10 11 2 _ 8 0 5 _ 7 _ 
[00273215] 4 | 9 1 10 11 2 6 8 0 5 _ 7 _ 
[00273216] 3 | 9 1 10 11 2 6 8 0 5 _ 7 4 
[00273217] 2 | 9 1 10 11 2 6 8 0 5 3 7 4 
[00273218] 4 | 9 1 10 11 2 _ 8 0 5 _ 7 3 
[00273219] 3 | 9 1 10 11 2 5 8 0 5 _ 7 3 
[00273220] 3 | 9 1 10 11 2 _ 8 0 5 2 7 3 
[00273221] 5 | 9 1 10 11 2 _ 8 0 _ _ 7 2 
[00273222] 4 | 9 1 10 11 2 _ 8 0 4 _ 7 2 
[00273223] 6 | 9 1 10 11 8 _ 2 0 _ _ 7 _ 
[00273224] 5 | 9 1 10 11 8 3 2 0 _ _ 7 _ 
[00273225] 4 | 9 1 10 11 8 3 2 0 4 _ 7 _ 
[00273226] 3 | 9 1 10 11 8 3 2 0 4 7 7 _ 
[00273227] 3 | 9 1 10 11 8 3 2 0 4 _ 7 4 
[00273228] 5 | 9 1 10 11 8 _ 2 0 5 _ 7 _ 
[00273229] 4 | 9 1 10 11 8 4 2 0 5 _ 7 _ 
[00273230] 4 | 9 1 10 11 8 _ 2 0 5 _ 7 3 
[00273231] 3 | 9 1 10 11 8 5 2 0 5 _ 7 3 
[00273232] 3 | 9 1 10 11 8 _ 2 0 5 8 7 3 
[00273233] 6 | 9 1 10 11 _ _ _ 0 6 _ 7 _ 
[00273234] 5 | 9 1 10 11 6 _ _ 0 6 _ 7 _ 
[00273235] 4 | 9 1 10 11 6 2 _ 0 6 _ 7 _ 
[00273236] 3 | 9 1 10 11 6 2 3 0 6 _ 7 _ 
[00273237] 2 | 9 1 10 11 6 2 3 0 6 _ 7 5 
[00273238] 3 | 9 1 10 11 6 2 _ 0 6 3 7 _ 
[00273239] 2 | 9 1 10 11 6 2 _ 0 6 3 7 5 
[00273240] 3 | 9 1 10 11 6 2 _ 0 6 _ 7 4 
[00273241] 2 | 9 1 10 11 6 2 8 0 6 _ 7 4 
[00273242] 2 | 9 1 10 11 6 2 _ 0 6 8 7 4 
[00273243] 4 | 9 1 10 11 6 _ 2 0 6 _ 7 _ 
[00273244] 3 | 9 1 10 11 6 3 2 0 6 _ 7 _ 
[00273245] 2 | 9 1 10 11 6 3 2 0 6 _ 7 5 
[00273246] 3 | 9 1 10 11 6 _ 2 0 6 3 7 _ 
[00273247] 2 | 9 1 10 11 6 _ 2 0 6 3 7 5 
[00273248] 3 | 9 1 10 11 6 _ 2 0 6 _ 7 4 
[00273249] 2 | 9 1 10 11 6 8 2 0 6 _ 7 4 
[00273250] 2 | 9 1 10 11 6 _ 2 0 6 8 7 4 
[00273251] 4 | 9 1 10 11 6 _ _ 0 6 2 7 _ 
[00273252] 3 | 9 1 10 11 6 _ _ 0 6 2 7 4 
[00273253] 4 | 9 1 10 11 6 _ _ 0 6 _ 7 3 
[00273254] 5 | 9 1 10 11 3 8 _ 0 6 _ 7 _ 
[00273255] 4 | 9 1 10 11 3 8 7 0 6 _ 7 _ 
[00273256] 4 | 9 1 10 11 3 8 _ 0 6 2 7 _ 
[00273257] 3 | 9 1 10 11 3 8 _ 0 6 2 7 4 
[00273258] 2 | 9 1 10 11 3 8 5 0 6 2 7 4 
[00273259] 4 | 9 1 10 11 3 8 _ 0 6 _ 7 3 
[00273260] 5 | 9 1 10 11 8 3 _ 0 6 _ 7 _ 
[00273261] 4 | 9 1 10 11 8 3 4 0 6 _ 7 _ 
[00273262] 4 | 9 1 10 11 8 3 _ 0 6 2 7 _ 
[00273263] 3 | 9 1 10 11 8 3 5 0 6 2 7 _ 
[00273264] 3 | 9 1 10 11 8 3 _ 0 6 2 7 4 
[00273265] 5 | 9 1 10 11 3 _ 8 0 6 _ 7 _ 
[00273266] 4 | 9 1 10 11 3 7 8 0 6 _ 7 _ 
[00273267] 4 | 9 1 10 11 3 _ 8 0 6 2 7 _ 
[00273268] 3 | 9 1 10 11 3 _ 8 0 6 2 7 4 
[00273269] 2 | 9 1 10 11 3 5 8 0 6 2 7 4 
[00273270] 4 | 9 1 10 11 3 _ 8 0 6 _ 7 3 
[00273271] 5 | 9 1 10 11 8 _ 3 0 6 _ 7 _ 
[00273272] 4 | 9 1 10 11 8 4 3 0 6 _ 7 _ 
[00273273] 4 | 9 1 10 11 8 _ 3 0 6 2 7 _ 
[00273274] 3 | 9 1 10 11 8 5 3 0 6 2 7 _ 
[00273275] 3 | 9 1 10 11 8 _ 3 0 6 2 7 4 
[00273276] 5 | 9 1 10 11 _ _ _ 0 6 11 7 _ 
[00273277] 4 | 9 1 10 11 4 8 _ 0 6 11 7 _ 
[00273278] 3 | 9 1 10 11 4 8 7 0 6 11 7 _ 
[00273279] 3 | 9 1 10 11 4 8 _ 0 6 11 7 4 
[00273280] 4 | 9 1 10 11 8 4 _ 0 6 11 7 _ 
[00273281] 3 | 9 1 10 11 8 4 5 0 6 11 7 _ 
[00273282] 4 | 9 1 10 11 4 _ 8 0 6 11 7 _ 
[00273283] 3 | 9 1 10 11 4 7 8 0 6 11 7 _ 
[00273284] 3 | 9 1 10 11 4 _ 8 0 6 11 7 4 
[00273285] 4 | 9 1 10 11 8 _ 4 0 6 11 7 _ 
[00273286] 3 | 9 1 10 11 8 5 4 0 6 11 7 _ 
[00273287] 4 | 9 1 10 11 _ _ _ 0 6 11 7 3 
[00273288] 3 | 9 1 10 11 2 5 _ 0 6 11 7 3 
[00273289] 2 | 9 1 10 11 2 5 4 0 6 11 7 3 
[00273290] 3 | 9 1 10 11 5 8 _ 0 6 11 7 3 
[00273291] 3 | 9 1 10 11 5 2 _ 0 6 11 7 3 
[00273292] 3 | 9 1 10 11 8 5 _ 0 6 11 7 3 
[00273293] 3 | 9 1 10 11 2 _ 5 0 6 11 7 3 
[00273294] 2 | 9 1 10 11 2 4 5 0 6 11 7 3 
[00273295] 3 | 9 1 10 11 5 _ 8 0 6 11 7 3 
[00273296] 3 | 9 1 10 11 5 _ 2 0 6 11 7 3 
[00273297] 3 | 9 1 10 11 8 _ 5 0 6 11 7 3 
[00273298] 5 | 9 1 10 11 _ _ _ 0 6 _ 7 2 
[00273299] 4 | 9 1 10 11 4 8 _ 0 6 _ 7 2 
[00273300] 3 | 9 1 10 11 4 8 _ 0 6 3 7 2 
[00273301] 4 | 9 1 10 11 8 4 _ 0 6 _ 7 2 
[00273302] 3 | 9 1 10 11 8 4 5 0 6 _ 7 2 
[00273303] 3 | 9 1 10 11 8 4 _ 0 6 3 7 2 
[00273304] 4 | 9 1 10 11 4 _ 8 0 6 _ 7 2 
[00273305] 3 | 9 1 10 11 4 _ 8 0 6 3 7 2 
[00273306] 4 | 9 1 10 11 8 _ 4 0 6 _ 7 2 
[00273307] 3 | 9 1 10 11 8 5 4 0 6 _ 7 2 
[00273308] 3 | 9 1 10 11 8 _ 4 0 6 3 7 2 
[00273309] 6 | 9 1 10 11 _ _ _ 0 2 8 7 _ 
[00273310] 5 | 9 1 10 11 6 _ _ 0 2 8 7 _ 
[00273311] 4 | 9 1 10 11 6 _ _ 0 2 8 7 3 
[00273312] 6 | 9 1 10 11 _ _ _ 0 8 2 7 _ 
[00273313] 5 | 9 1 10 11 6 _ _ 0 8 2 7 _ 
[00273314] 4 | 9 1 10 11 6 _ _ 0 8 2 7 3 
[00273315] 8 | _ 1 10 11 3 _ _ 0 _ _ _ _ 
[00273316] 7 | 8 1 10 11 3 _ _ 0 _ _ _ _ 
[00273317] 6 | 8 1 10 11 3 9 _ 0 _ _ _ _ 
[00273318] 5 | 8 1 10 11 3 9 _ 0 5 _ _ _ 
[00273319] 4 | 8 1 10 11 3 9 7 0 5 _ _ _ 
[00273320] 3 | 8 1 10 11 3 9 7 0 5 2 _ _ 
[00273321] 2 | 8 1 10 11 3 9 7 0 5 2 4 6 
[00273322] 2 | 8 1 10 11 3 9 7 0 5 2 6 4 
[00273323] 4 | 8 1 10 11 3 9 _ 0 5 _ 4 _ 
[00273324] 3 | 8 1 10 11 3 9 6 0 5 _ 4 _ 
[00273325] 2 | 8 1 10 11 3 9 6 0 5 7 4 _ 
[00273326] 2 | 8 1 10 11 3 9 6 0 5 _ 4 2 
[00273327] 3 | 8 1 10 11 3 9 _ 0 5 2 4 _ 
[00273328] 2 | 8 1 10 11 3 9 _ 0 5 2 4 6 
[00273329] 3 | 8 1 10 11 3 9 _ 0 5 _ 4 7 
[00273330] 2 | 8 1 10 11 3 9 5 0 5 _ 4 7 
[00273331] 2 | 8 1 10 11 3 9 _ 0 5 3 4 7 
[00273332] 4 | 8 1 10 11 3 9 _ 0 5 _ 2 6 
[00273333] 4 | 8 1 10 11 3 9 _ 0 5 _ 6 2 
[00273334] 5 | 8 1 10 11 3 9 _ 0 2 7 _ _ 
[00273335] 4 | 8 1 10 11 3 9 _ 0 2 7 4 _ 
[00273336] 3 | 8 1 10 11 3 9 6 0 2 7 4 _ 
[00273337] 5 | 8 1 10 11 3 9 _ 0 7 2 _ _ 
[00273338] 4 | 8 1 10 11 3 9 _ 0 7 2 4 _ 
[00273339] 3 | 8 1 10 11 3 9 6 0 7 2 4 _ 
[00273340] 5 | 8 1 10 11 3 9 _ 0 _ _ 5 _ 
[00273341] 4 | 8 1 10 11 3 9 7 0 _ _ 5 _ 
[00273342] 3 | 8 1 10 11 3 9 7 0 _ _ 5 2 
[00273343] 2 | 8 1 10 11 3 9 7 0 4 6 5 2 
[00273344] 2 | 8 1 10 11 3 9 7 0 6 4 5 2 
[00273345] 4 | 8 1 10 11 3 9 _ 0 4 _ 5 _ 
[00273346] 3 | 8 1 10 11 3 9 6 0 4 _ 5 _ 
[00273347] 2 | 8 1 10 11 3 9 6 0 4 2 5 _ 
[00273348] 2 | 8 1 10 11 3 9 6 0 4 _ 5 7 
[00273349] 3 | 8 1 10 11 3 9 _ 0 4 7 5 _ 
[00273350] 2 | 8 1 10 11 3 9 5 0 4 7 5 _ 
[00273351] 2 | 8 1 10 11 3 9 _ 0 4 7 5 3 
[00273352] 3 | 8 1 10 11 3 9 _ 0 4 _ 5 2 
[00273353] 2 | 8 1 10 11 3 9 _ 0 4 6 5 2 
[00273354] 4 | 8 1 10 11 3 9 _ 0 2 6 5 _ 
[00273355] 4 | 8 1 10 11 3 9 _ 0 6 2 5 _ 
[00273356] 5 | 8 1 10 11 3 9 _ 0 _ _ 2 7 
[00273357] 4 | 8 1 10 11 3 9 _ 0 4 _ 2 7 
[00273358] 3 | 8 1 10 11 3 9 6 0 4 _ 2 7 
[00273359] 5 | 8 1 10 11 3 9 _ 0 _ _ 7 2 
[00273360] 4 | 8 1 10 11 3 9 _ 0 4 _ 7 2 
[00273361] 3 | 8 1 10 11 3 9 6 0 4 _ 7 2 
[00273362] 6 | 8 1 10 11 3 _ 9 0 _ _ _ _ 
[00273363] 5 | 8 1 10 11 3 _ 9 0 5 _ _ _ 
[00273364] 4 | 8 1 10 11 3 7 9 0 5 _ _ _ 
[00273365] 3 | 8 1 10 11 3 7 9 0 5 2 _ _ 
[00273366] 2 | 8 1 10 11 3 7 9 0 5 2 4 6 
[00273367] 2 | 8 1 10 11 3 7 9 0 5 2 6 4 
[00273368] 4 | 8 1 10 11 3 _ 9 0 5 _ 4 _ 
[00273369] 3 | 8 1 10 11 3 6 9 0 5 _ 4 _ 
[00273370] 2 | 8 1 10 11 3 6 9 0 5 7 4 _ 
[00273371] 2 | 8 1 10 11 3 6 9 0 5 _ 4 2 
[00273372] 3 | 8 1 10 11 3 _ 9 0 5 2 4 _ 
[00273373] 2 | 8 1 10 11 3 _ 9 0 5 2 4 6 
[00273374] 3 | 8 1 10 11 3 _ 9 0 5 _ 4 7 
[00273375] 2 | 8 1 10 11 3 5 9 0 5 _ 4 7 
[00273376] 2 | 8 1 10 11 3 _ 9 0 5 3 4 7 
[00273377] 4 | 8 1 10 11 3 _ 9 0 5 _ 2 6 
[00273378] 4 | 8 1 10 11 3 _ 9 0 5 _ 6 2 
[00273379] 5 | 8 1 10 11 3 _ 9 0 2 7 _ _ 
[00273380] 4 | 8 1 10 11 3 _ 9 0 2 7 4 _ 
[00273381] 3 | 8 1 10 11 3 6 9 0 2 7 4 _ 
[00273382] 5 | 8 1 10 11 3 _ 9 0 7 2 _ _ 
[00273383] 4 | 8 1 10 11 3 _ 9 0 7 2 4 _ 
[00273384] 3 | 8 1 10 11 3 6 9 0 7 2 4 _ 
[00273385] 5 | 8 1 10 11 3 _ 9 0 _ _ 5 _ 
[00273386] 4 | 8 1 10 11 3 7 9 0 _ _ 5 _ 
[00273387] 3 | 8 1 10 11 3 7 9 0 _ _ 5 2 
[00273388] 2 | 8 1 10 11 3 7 9 0 4 6 5 2 
[00273389] 2 | 8 1 10 11 3 7 9 0 6 4 5 2 
[00273390] 4 | 8 1 10 11 3 _ 9 0 4 _ 5 _ 
[00273391] 3 | 8 1 10 11 3 6 9 0 4 _ 5 _ 
[00273392] 2 | 8 1 10 11 3 6 9 0 4 2 5 _ 
[00273393] 2 | 8 1 10 11 3 6 9 0 4 _ 5 7 
[00273394] 3 | 8 1 10 11 3 _ 9 0 4 7 5 _ 
[00273395] 2 | 8 1 10 11 3 5 9 0 4 7 5 _ 
[00273396] 2 | 8 1 10 11 3 _ 9 0 4 7 5 3 
[00273397] 3 | 8 1 10 11 3 _ 9 0 4 _ 5 2 
[00273398] 2 | 8 1 10 11 3 _ 9 0 4 6 5 2 
[00273399] 4 | 8 1 10 11 3 _ 9 0 2 6 5 _ 
[00273400] 4 | 8 1 10 11 3 _ 9 0 6 2 5 _ 
[00273401] 5 | 8 1 10 11 3 _ 9 0 _ _ 2 7 
[00273402] 4 | 8 1 10 11 3 _ 9 0 4 _ 2 7 
[00273403] 3 | 8 1 10 11 3 6 9 0 4 _ 2 7 
[00273404] 5 | 8 1 10 11 3 _ 9 0 _ _ 7 2 
[00273405] 4 | 8 1 10 11 3 _ 9 0 4 _ 7 2 
