[00042005] 3 | 4 0 8 11 1 7 10 4 9 _ 5 2 
[00042006] 3 | 4 0 8 11 1 7 10 4 9 _ 6 3 
[00042007] 4 | _ 0 8 11 1 7 10 4 9 5 _ _ 
[00042008] 3 | 3 0 8 11 1 7 10 4 9 5 _ _ 
[00042009] 2 | 3 0 8 11 1 7 10 4 9 5 2 _ 
[00042010] 2 | 3 0 8 11 1 7 10 4 9 5 6 _ 
[00042011] 3 | _ 0 8 11 1 7 10 4 9 5 3 6 
[00042012] 2 | 2 0 8 11 1 7 10 4 9 5 3 6 
[00042013] 1 | 2 0 8 11 1 7 10 4 9 5 3 6  *Graceful*
[00042013] 3 | _ 0 8 11 1 7 10 4 9 5 6 3 
[00042014] 2 | 2 0 8 11 1 7 10 4 9 5 6 3 
[00042015] 4 | _ 0 8 11 1 7 10 4 9 _ 0 _ 
[00042016] 3 | 3 0 8 11 1 7 10 4 9 _ 0 _ 
[00042017] 3 | _ 0 8 11 1 7 10 4 9 6 0 _ 
[00042018] 2 | 2 0 8 11 1 7 10 4 9 6 0 _ 
[00042019] 2 | _ 0 8 11 1 7 10 4 9 6 0 2 
[00042020] 3 | _ 0 8 11 1 7 10 4 9 _ 0 3 
[00042021] 4 | _ 0 8 11 1 7 10 4 9 _ 2 6 
[00042022] 3 | 3 0 8 11 1 7 10 4 9 _ 2 6 
[00042023] 4 | _ 0 8 11 1 7 10 4 9 _ 6 2 
[00042024] 3 | 3 0 8 11 1 7 10 4 9 _ 6 2 
[00042025] 5 | _ 0 8 11 1 7 10 4 _ _ 9 _ 
[00042026] 4 | 4 0 8 11 1 7 10 4 _ _ 9 _ 
[00042027] 3 | 4 0 8 11 1 7 10 4 2 5 9 _ 
[00042028] 3 | 4 0 8 11 1 7 10 4 3 6 9 _ 
[00042029] 3 | 4 0 8 11 1 7 10 4 5 2 9 _ 
[00042030] 3 | 4 0 8 11 1 7 10 4 6 3 9 _ 
[00042031] 3 | 4 0 8 11 1 7 10 4 _ _ 9 6 
[00042032] 2 | 4 0 8 11 1 7 10 4 3 5 9 6 
[00042033] 1 | 4 0 8 11 1 7 10 4 3 5 9 6  *Graceful*
[00042033] 2 | 4 0 8 11 1 7 10 4 5 3 9 6 
[00042034] 1 | 4 0 8 11 1 7 10 4 5 3 9 6  *Graceful*
[00042034] 4 | _ 0 8 11 1 7 10 4 0 _ 9 _ 
[00042035] 3 | 3 0 8 11 1 7 10 4 0 _ 9 _ 
[00042036] 3 | _ 0 8 11 1 7 10 4 0 3 9 _ 
[00042037] 3 | _ 0 8 11 1 7 10 4 0 _ 9 6 
[00042038] 2 | 2 0 8 11 1 7 10 4 0 _ 9 6 
[00042039] 2 | _ 0 8 11 1 7 10 4 0 2 9 6 
[00042040] 4 | _ 0 8 11 1 7 10 4 2 6 9 _ 
[00042041] 3 | 3 0 8 11 1 7 10 4 2 6 9 _ 
[00042042] 4 | _ 0 8 11 1 7 10 4 6 2 9 _ 
[00042043] 3 | 3 0 8 11 1 7 10 4 6 2 9 _ 
[00042044] 4 | _ 0 8 11 1 7 10 4 _ _ 9 5 
[00042045] 3 | 3 0 8 11 1 7 10 4 _ _ 9 5 
[00042046] 2 | 3 0 8 11 1 7 10 4 2 _ 9 5 
[00042047] 2 | 3 0 8 11 1 7 10 4 6 _ 9 5 
[00042048] 3 | _ 0 8 11 1 7 10 4 3 6 9 5 
[00042049] 2 | 2 0 8 11 1 7 10 4 3 6 9 5 
[00042050] 1 | 2 0 8 11 1 7 10 4 3 6 9 5  *Graceful*
[00042050] 3 | _ 0 8 11 1 7 10 4 6 3 9 5 
[00042051] 2 | 2 0 8 11 1 7 10 4 6 3 9 5 
[00042052] 6 | _ 0 8 11 1 _ 10 4 3 9 _ _ 
[00042053] 5 | 5 0 8 11 1 _ 10 4 3 9 _ _ 
[00042054] 4 | 5 0 8 11 1 _ 10 4 3 9 2 6 
[00042055] 4 | 5 0 8 11 1 _ 10 4 3 9 6 2 
[00042056] 5 | _ 0 8 11 1 6 10 4 3 9 _ _ 
[00042057] 4 | 4 0 8 11 1 6 10 4 3 9 _ _ 
[00042058] 3 | 4 0 8 11 1 6 10 4 3 9 2 5 
[00042059] 3 | 4 0 8 11 1 6 10 4 3 9 5 2 
[00042060] 4 | _ 0 8 11 1 6 10 4 3 9 0 _ 
[00042061] 5 | _ 0 8 11 1 _ 10 4 3 9 2 7 
[00042062] 4 | _ 0 8 11 1 5 10 4 3 9 2 7 
[00042063] 5 | _ 0 8 11 1 _ 10 4 3 9 7 2 
[00042064] 4 | _ 0 8 11 1 5 10 4 3 9 7 2 
[00042065] 6 | _ 0 8 11 1 _ 10 4 9 3 _ _ 
[00042066] 5 | 5 0 8 11 1 _ 10 4 9 3 _ _ 
[00042067] 4 | 5 0 8 11 1 _ 10 4 9 3 2 6 
[00042068] 4 | 5 0 8 11 1 _ 10 4 9 3 6 2 
[00042069] 5 | _ 0 8 11 1 6 10 4 9 3 _ _ 
[00042070] 4 | 4 0 8 11 1 6 10 4 9 3 _ _ 
[00042071] 3 | 4 0 8 11 1 6 10 4 9 3 2 5 
[00042072] 3 | 4 0 8 11 1 6 10 4 9 3 5 2 
[00042073] 4 | _ 0 8 11 1 6 10 4 9 3 0 _ 
[00042074] 5 | _ 0 8 11 1 _ 10 4 9 3 2 7 
[00042075] 4 | _ 0 8 11 1 5 10 4 9 3 2 7 
[00042076] 5 | _ 0 8 11 1 _ 10 4 9 3 7 2 
[00042077] 4 | _ 0 8 11 1 5 10 4 9 3 7 2 
[00042078] 6 | _ 0 8 11 1 _ 10 4 _ _ 3 9 
[00042079] 5 | 5 0 8 11 1 _ 10 4 _ _ 3 9 
[00042080] 4 | 5 0 8 11 1 _ 10 4 2 6 3 9 
[00042081] 4 | 5 0 8 11 1 _ 10 4 6 2 3 9 
[00042082] 5 | _ 0 8 11 1 6 10 4 _ _ 3 9 
[00042083] 4 | 4 0 8 11 1 6 10 4 _ _ 3 9 
[00042084] 3 | 4 0 8 11 1 6 10 4 2 5 3 9 
[00042085] 3 | 4 0 8 11 1 6 10 4 5 2 3 9 
[00042086] 4 | _ 0 8 11 1 6 10 4 0 _ 3 9 
[00042087] 5 | _ 0 8 11 1 _ 10 4 2 7 3 9 
[00042088] 4 | _ 0 8 11 1 5 10 4 2 7 3 9 
[00042089] 5 | _ 0 8 11 1 _ 10 4 7 2 3 9 
[00042090] 4 | _ 0 8 11 1 5 10 4 7 2 3 9 
[00042091] 6 | _ 0 8 11 1 _ 10 4 _ _ 9 3 
[00042092] 5 | 5 0 8 11 1 _ 10 4 _ _ 9 3 
[00042093] 4 | 5 0 8 11 1 _ 10 4 2 6 9 3 
[00042094] 4 | 5 0 8 11 1 _ 10 4 6 2 9 3 
[00042095] 5 | _ 0 8 11 1 6 10 4 _ _ 9 3 
[00042096] 4 | 4 0 8 11 1 6 10 4 _ _ 9 3 
[00042097] 3 | 4 0 8 11 1 6 10 4 2 5 9 3 
[00042098] 3 | 4 0 8 11 1 6 10 4 5 2 9 3 
[00042099] 4 | _ 0 8 11 1 6 10 4 0 _ 9 3 
[00042100] 5 | _ 0 8 11 1 _ 10 4 2 7 9 3 
[00042101] 4 | _ 0 8 11 1 5 10 4 2 7 9 3 
[00042102] 5 | _ 0 8 11 1 _ 10 4 7 2 9 3 
[00042103] 4 | _ 0 8 11 1 5 10 4 7 2 9 3 
[00042104] 7 | _ 0 8 11 1 _ 10 2 9 _ _ _ 
[00042105] 6 | 6 0 8 11 1 _ 10 2 9 _ _ _ 
[00042106] 5 | 6 0 8 11 1 _ 10 2 9 4 _ _ 
[00042107] 4 | 6 0 8 11 1 5 10 2 9 4 _ _ 
[00042108] 4 | 6 0 8 11 1 _ 10 2 9 4 3 7 
[00042109] 4 | 6 0 8 11 1 _ 10 2 9 4 7 3 
[00042110] 5 | 6 0 8 11 1 _ 10 2 9 _ 7 _ 
[00042111] 4 | 6 0 8 11 1 5 10 2 9 _ 7 _ 
[00042112] 3 | 6 0 8 11 1 5 10 2 9 _ 7 4 
[00042113] 4 | 6 0 8 11 1 _ 10 2 9 5 7 _ 
[00042114] 3 | 6 0 8 11 1 4 10 2 9 5 7 _ 
[00042115] 3 | 6 0 8 11 1 _ 10 2 9 5 7 4 
[00042116] 2 | 6 0 8 11 1 3 10 2 9 5 7 4 
[00042117] 4 | 6 0 8 11 1 _ 10 2 9 _ 7 3 
[00042118] 3 | 6 0 8 11 1 4 10 2 9 _ 7 3 
[00042119] 6 | _ 0 8 11 1 7 10 2 9 _ _ _ 
[00042120] 5 | 5 0 8 11 1 7 10 2 9 _ _ _ 
[00042121] 4 | 5 0 8 11 1 7 10 2 9 _ 6 _ 
[00042122] 3 | 5 0 8 11 1 7 10 2 9 6 6 _ 
[00042123] 3 | 5 0 8 11 1 7 10 2 9 _ 6 3 
[00042124] 3 | 5 0 8 11 1 7 10 2 9 _ 6 9 
[00042125] 5 | _ 0 8 11 1 7 10 2 9 4 _ _ 
[00042126] 4 | _ 0 8 11 1 7 10 2 9 4 6 _ 
[00042127] 3 | 3 0 8 11 1 7 10 2 9 4 6 _ 
[00042128] 3 | _ 0 8 11 1 7 10 2 9 4 6 3 
[00042129] 6 | _ 0 8 11 1 _ 10 2 9 3 _ _ 
[00042130] 5 | 5 0 8 11 1 _ 10 2 9 3 _ _ 
[00042131] 4 | 5 0 8 11 1 _ 10 2 9 3 6 _ 
[00042132] 3 | 5 0 8 11 1 4 10 2 9 3 6 _ 
[00042133] 5 | _ 0 8 11 1 6 10 2 9 3 _ _ 
[00042134] 4 | 4 0 8 11 1 6 10 2 9 3 _ _ 
[00042135] 3 | 4 0 8 11 1 6 10 2 9 3 5 _ 
[00042136] 2 | 4 0 8 11 1 6 10 2 9 3 5 7 
[00042137] 5 | _ 0 8 11 1 _ 10 2 9 3 7 _ 
[00042138] 4 | 4 0 8 11 1 _ 10 2 9 3 7 _ 
[00042139] 4 | _ 0 8 11 1 5 10 2 9 3 7 _ 
[00042140] 3 | _ 0 8 11 1 5 10 2 9 3 7 4 
[00042141] 7 | _ 0 8 11 1 _ 10 9 2 _ _ _ 
[00042142] 6 | 6 0 8 11 1 _ 10 9 2 _ _ _ 
[00042143] 5 | 6 0 8 11 1 _ 10 9 2 7 _ _ 
[00042144] 4 | 6 0 8 11 1 5 10 9 2 7 _ _ 
[00042145] 4 | 6 0 8 11 1 _ 10 9 2 7 5 _ 
[00042146] 3 | 6 0 8 11 1 4 10 9 2 7 5 _ 
[00042147] 2 | 6 0 8 11 1 4 10 9 2 7 5 3 
[00042148] 5 | 6 0 8 11 1 _ 10 9 2 _ 4 _ 
[00042149] 4 | 6 0 8 11 1 5 10 9 2 _ 4 _ 
[00042150] 3 | 6 0 8 11 1 5 10 9 2 _ 4 7 
[00042151] 6 | _ 0 8 11 1 7 10 9 2 _ _ _ 
[00042152] 5 | 5 0 8 11 1 7 10 9 2 _ _ _ 
[00042153] 4 | 5 0 8 11 1 7 10 9 2 6 _ _ 
[00042154] 5 | _ 0 8 11 1 7 10 9 2 _ 4 _ 
[00042155] 4 | 4 0 8 11 1 7 10 9 2 _ 4 _ 
[00042156] 3 | 4 0 8 11 1 7 10 9 2 5 4 _ 
[00042157] 4 | _ 0 8 11 1 7 10 9 2 6 4 _ 
[00042158] 3 | 3 0 8 11 1 7 10 9 2 6 4 _ 
[00042159] 4 | _ 0 8 11 1 7 10 9 2 _ 4 0 
[00042160] 3 | _ 0 8 11 1 7 10 9 2 5 4 0 
[00042161] 6 | _ 0 8 11 1 _ 10 9 2 _ 3 _ 
[00042162] 5 | 5 0 8 11 1 _ 10 9 2 _ 3 _ 
[00042163] 4 | 5 0 8 11 1 _ 10 9 2 6 3 _ 
[00042164] 3 | 5 0 8 11 1 4 10 9 2 6 3 _ 
[00042165] 4 | 5 0 8 11 1 _ 10 9 2 _ 3 7 
[00042166] 3 | 5 0 8 11 1 4 10 9 2 _ 3 7 
[00042167] 5 | _ 0 8 11 1 6 10 9 2 _ 3 _ 
[00042168] 4 | 4 0 8 11 1 6 10 9 2 _ 3 _ 
[00042169] 3 | 4 0 8 11 1 6 10 9 2 5 3 _ 
[00042170] 4 | _ 0 8 11 1 6 10 9 2 _ 3 7 
[00042171] 3 | _ 0 8 11 1 6 10 9 2 5 3 7 
[00042172] 5 | _ 0 8 11 1 _ 10 9 2 7 3 _ 
[00042173] 4 | 4 0 8 11 1 _ 10 9 2 7 3 _ 
[00042174] 3 | 4 0 8 11 1 _ 10 9 2 7 3 6 
[00042175] 4 | _ 0 8 11 1 5 10 9 2 7 3 _ 
[00042176] 3 | 3 0 8 11 1 5 10 9 2 7 3 _ 
[00042177] 3 | _ 0 8 11 1 5 10 9 2 7 3 0 
[00042178] 3 | _ 0 8 11 1 5 10 9 2 7 3 6 
[00042179] 7 | _ 0 8 11 1 _ 10 _ 2 9 _ _ 
[00042180] 6 | 6 0 8 11 1 _ 10 _ 2 9 _ _ 
[00042181] 5 | 6 0 8 11 1 _ 10 7 2 9 _ _ 
[00042182] 4 | 6 0 8 11 1 5 10 7 2 9 _ _ 
[00042183] 3 | 6 0 8 11 1 5 10 7 2 9 4 _ 
[00042184] 4 | 6 0 8 11 1 _ 10 7 2 9 3 _ 
[00042185] 3 | 6 0 8 11 1 4 10 7 2 9 3 _ 
[00042186] 2 | 6 0 8 11 1 4 10 7 2 9 3 5 
[00042187] 6 | _ 0 8 11 1 7 10 _ 2 9 _ _ 
[00042188] 5 | 5 0 8 11 1 7 10 _ 2 9 _ _ 
[00042189] 4 | 5 0 8 11 1 7 10 6 2 9 _ _ 
[00042190] 3 | 5 0 8 11 1 7 10 6 2 9 3 _ 
[00042191] 5 | _ 0 8 11 1 7 10 6 2 9 _ _ 
[00042192] 4 | 4 0 8 11 1 7 10 6 2 9 _ _ 
[00042193] 3 | 4 0 8 11 1 7 10 6 2 9 3 _ 
[00042194] 2 | 4 0 8 11 1 7 10 6 2 9 3 5 
[00042195] 6 | _ 0 8 11 1 _ 10 5 2 9 _ _ 
[00042196] 5 | 5 0 8 11 1 _ 10 5 2 9 _ _ 
[00042197] 4 | 5 0 8 11 1 _ 10 5 2 9 3 7 
[00042198] 3 | 5 0 8 11 1 4 10 5 2 9 3 7 
[00042199] 4 | 5 0 8 11 1 _ 10 5 2 9 7 3 
[00042200] 3 | 5 0 8 11 1 4 10 5 2 9 7 3 
[00042201] 5 | _ 0 8 11 1 6 10 5 2 9 _ _ 
[00042202] 4 | 4 0 8 11 1 6 10 5 2 9 _ _ 
[00042203] 4 | _ 0 8 11 1 6 10 5 2 9 3 7 
[00042204] 4 | _ 0 8 11 1 6 10 5 2 9 7 3 
[00042205] 5 | _ 0 8 11 1 _ 10 5 2 9 0 _ 
[00042206] 4 | 4 0 8 11 1 _ 10 5 2 9 0 _ 
[00042207] 4 | _ 0 8 11 1 _ 10 5 2 9 0 4 
[00042208] 7 | _ 0 8 11 1 _ 10 _ 9 2 _ _ 
[00042209] 6 | 6 0 8 11 1 _ 10 _ 9 2 _ _ 
[00042210] 5 | 6 0 8 11 1 _ 10 4 9 2 _ _ 
[00042211] 4 | 6 0 8 11 1 5 10 4 9 2 _ _ 
[00042212] 3 | 6 0 8 11 1 5 10 4 9 2 7 _ 
[00042213] 4 | 6 0 8 11 1 _ 10 4 9 2 3 7 
[00042214] 4 | 6 0 8 11 1 _ 10 4 9 2 7 3 
[00042215] 6 | _ 0 8 11 1 7 10 _ 9 2 _ _ 
[00042216] 5 | 5 0 8 11 1 7 10 _ 9 2 _ _ 
[00042217] 5 | _ 0 8 11 1 7 10 6 9 2 _ _ 
[00042218] 4 | 4 0 8 11 1 7 10 6 9 2 _ _ 
[00042219] 3 | 4 0 8 11 1 7 10 6 9 2 3 _ 
[00042220] 2 | 4 0 8 11 1 7 10 6 9 2 3 5 
[00042221] 5 | _ 0 8 11 1 7 10 4 9 2 _ _ 
[00042222] 4 | 4 0 8 11 1 7 10 4 9 2 _ _ 
[00042223] 3 | 4 0 8 11 1 7 10 4 9 2 3 6 
[00042224] 3 | 4 0 8 11 1 7 10 4 9 2 6 3 
[00042225] 4 | _ 0 8 11 1 7 10 4 9 2 0 _ 
[00042226] 3 | 3 0 8 11 1 7 10 4 9 2 0 _ 
[00042227] 3 | _ 0 8 11 1 7 10 4 9 2 0 3 
[00042228] 6 | _ 0 8 11 1 _ 10 5 9 2 _ _ 
[00042229] 5 | 5 0 8 11 1 _ 10 5 9 2 _ _ 
[00042230] 4 | 5 0 8 11 1 _ 10 5 9 2 3 7 
[00042231] 3 | 5 0 8 11 1 4 10 5 9 2 3 7 
[00042232] 4 | 5 0 8 11 1 _ 10 5 9 2 7 3 
[00042233] 3 | 5 0 8 11 1 4 10 5 9 2 7 3 
[00042234] 5 | _ 0 8 11 1 6 10 5 9 2 _ _ 
[00042235] 4 | 4 0 8 11 1 6 10 5 9 2 _ _ 
[00042236] 4 | _ 0 8 11 1 6 10 5 9 2 3 7 
[00042237] 4 | _ 0 8 11 1 6 10 5 9 2 7 3 
[00042238] 5 | _ 0 8 11 1 _ 10 5 9 2 0 _ 
[00042239] 4 | 4 0 8 11 1 _ 10 5 9 2 0 _ 
[00042240] 4 | _ 0 8 11 1 _ 10 5 9 2 0 4 
[00042241] 6 | _ 0 8 11 1 _ 10 3 9 2 _ _ 
[00042242] 5 | 5 0 8 11 1 _ 10 3 9 2 _ _ 
[00042243] 4 | 5 0 8 11 1 _ 10 3 9 2 7 _ 
[00042244] 3 | 5 0 8 11 1 4 10 3 9 2 7 _ 
[00042245] 3 | 5 0 8 11 1 _ 10 3 9 2 7 4 
[00042246] 5 | _ 0 8 11 1 6 10 3 9 2 _ _ 
[00042247] 4 | 4 0 8 11 1 6 10 3 9 2 _ _ 
[00042248] 4 | _ 0 8 11 1 6 10 3 9 2 7 _ 
[00042249] 3 | _ 0 8 11 1 6 10 3 9 2 7 4 
[00042250] 7 | _ 0 8 11 1 _ 10 2 _ _ 9 _ 
[00042251] 6 | 6 0 8 11 1 _ 10 2 _ _ 9 _ 
[00042252] 5 | 6 0 8 11 1 _ 10 2 7 _ 9 _ 
[00042253] 4 | 6 0 8 11 1 5 10 2 7 _ 9 _ 
[00042254] 3 | 6 0 8 11 1 5 10 2 7 4 9 _ 
[00042255] 4 | 6 0 8 11 1 _ 10 2 7 3 9 _ 
[00042256] 3 | 6 0 8 11 1 4 10 2 7 3 9 _ 
[00042257] 4 | 6 0 8 11 1 _ 10 2 7 _ 9 5 
[00042258] 3 | 6 0 8 11 1 4 10 2 7 _ 9 5 
[00042259] 3 | 6 0 8 11 1 _ 10 2 7 4 9 5 
[00042260] 2 | 6 0 8 11 1 3 10 2 7 4 9 5 
[00042261] 5 | 6 0 8 11 1 _ 10 2 _ _ 9 4 
[00042262] 4 | 6 0 8 11 1 5 10 2 _ _ 9 4 
[00042263] 4 | 6 0 8 11 1 _ 10 2 3 7 9 4 
[00042264] 4 | 6 0 8 11 1 _ 10 2 7 3 9 4 
[00042265] 6 | _ 0 8 11 1 7 10 2 _ _ 9 _ 
[00042266] 5 | 5 0 8 11 1 7 10 2 _ _ 9 _ 
[00042267] 4 | 5 0 8 11 1 7 10 2 6 _ 9 _ 
[00042268] 3 | 5 0 8 11 1 7 10 2 6 3 9 _ 
[00042269] 3 | 5 0 8 11 1 7 10 2 6 9 9 _ 
[00042270] 3 | 5 0 8 11 1 7 10 2 6 _ 9 6 
[00042271] 5 | _ 0 8 11 1 7 10 2 _ _ 9 4 
[00042272] 4 | _ 0 8 11 1 7 10 2 6 _ 9 4 
[00042273] 3 | 3 0 8 11 1 7 10 2 6 _ 9 4 
[00042274] 3 | _ 0 8 11 1 7 10 2 6 3 9 4 
[00042275] 6 | _ 0 8 11 1 _ 10 2 _ _ 9 3 
[00042276] 5 | 5 0 8 11 1 _ 10 2 _ _ 9 3 
[00042277] 4 | 5 0 8 11 1 _ 10 2 6 _ 9 3 
[00042278] 3 | 5 0 8 11 1 4 10 2 6 _ 9 3 
[00042279] 5 | _ 0 8 11 1 6 10 2 _ _ 9 3 
[00042280] 4 | 4 0 8 11 1 6 10 2 _ _ 9 3 
[00042281] 3 | 4 0 8 11 1 6 10 2 5 _ 9 3 
[00042282] 2 | 4 0 8 11 1 6 10 2 5 7 9 3 
[00042283] 5 | _ 0 8 11 1 _ 10 2 7 _ 9 3 
[00042284] 4 | 4 0 8 11 1 _ 10 2 7 _ 9 3 
[00042285] 4 | _ 0 8 11 1 5 10 2 7 _ 9 3 
[00042286] 3 | _ 0 8 11 1 5 10 2 7 4 9 3 
[00042287] 7 | _ 0 8 11 1 _ 10 9 _ _ 2 _ 
[00042288] 6 | 6 0 8 11 1 _ 10 9 _ _ 2 _ 
[00042289] 5 | 6 0 8 11 1 _ 10 9 4 _ 2 _ 
[00042290] 4 | 6 0 8 11 1 5 10 9 4 _ 2 _ 
[00042291] 3 | 6 0 8 11 1 5 10 9 4 7 2 _ 
[00042292] 5 | 6 0 8 11 1 _ 10 9 _ _ 2 7 
[00042293] 4 | 6 0 8 11 1 5 10 9 _ _ 2 7 
[00042294] 4 | 6 0 8 11 1 _ 10 9 5 _ 2 7 
[00042295] 3 | 6 0 8 11 1 4 10 9 5 _ 2 7 
[00042296] 2 | 6 0 8 11 1 4 10 9 5 3 2 7 
[00042297] 6 | _ 0 8 11 1 7 10 9 _ _ 2 _ 
[00042298] 5 | 5 0 8 11 1 7 10 9 _ _ 2 _ 
[00042299] 4 | 5 0 8 11 1 7 10 9 _ _ 2 6 
[00042300] 5 | _ 0 8 11 1 7 10 9 4 _ 2 _ 
[00042301] 4 | 4 0 8 11 1 7 10 9 4 _ 2 _ 
[00042302] 3 | 4 0 8 11 1 7 10 9 4 _ 2 5 
[00042303] 4 | _ 0 8 11 1 7 10 9 4 0 2 _ 
[00042304] 3 | _ 0 8 11 1 7 10 9 4 0 2 5 
[00042305] 4 | _ 0 8 11 1 7 10 9 4 _ 2 6 
[00042306] 3 | 3 0 8 11 1 7 10 9 4 _ 2 6 
[00042307] 6 | _ 0 8 11 1 _ 10 9 3 _ 2 _ 
[00042308] 5 | 5 0 8 11 1 _ 10 9 3 _ 2 _ 
[00042309] 4 | 5 0 8 11 1 _ 10 9 3 7 2 _ 
[00042310] 3 | 5 0 8 11 1 4 10 9 3 7 2 _ 
[00042311] 4 | 5 0 8 11 1 _ 10 9 3 _ 2 6 
[00042312] 3 | 5 0 8 11 1 4 10 9 3 _ 2 6 
[00042313] 5 | _ 0 8 11 1 6 10 9 3 _ 2 _ 
[00042314] 4 | 4 0 8 11 1 6 10 9 3 _ 2 _ 
[00042315] 3 | 4 0 8 11 1 6 10 9 3 _ 2 5 
[00042316] 4 | _ 0 8 11 1 6 10 9 3 7 2 _ 
[00042317] 3 | _ 0 8 11 1 6 10 9 3 7 2 5 
[00042318] 5 | _ 0 8 11 1 _ 10 9 3 _ 2 7 
[00042319] 4 | 4 0 8 11 1 _ 10 9 3 _ 2 7 
[00042320] 3 | 4 0 8 11 1 _ 10 9 3 6 2 7 
[00042321] 4 | _ 0 8 11 1 5 10 9 3 _ 2 7 
[00042322] 3 | 3 0 8 11 1 5 10 9 3 _ 2 7 
[00042323] 3 | _ 0 8 11 1 5 10 9 3 0 2 7 
[00042324] 3 | _ 0 8 11 1 5 10 9 3 6 2 7 
[00042325] 7 | _ 0 8 11 1 _ 10 _ _ _ 2 9 
[00042326] 6 | 6 0 8 11 1 _ 10 _ _ _ 2 9 
[00042327] 5 | 6 0 8 11 1 _ 10 7 _ _ 2 9 
[00042328] 4 | 6 0 8 11 1 5 10 7 _ _ 2 9 
[00042329] 3 | 6 0 8 11 1 5 10 7 4 _ 2 9 
[00042330] 4 | 6 0 8 11 1 _ 10 7 3 _ 2 9 
[00042331] 3 | 6 0 8 11 1 4 10 7 3 _ 2 9 
[00042332] 2 | 6 0 8 11 1 4 10 7 3 5 2 9 
[00042333] 6 | _ 0 8 11 1 7 10 _ _ _ 2 9 
[00042334] 5 | 5 0 8 11 1 7 10 _ _ _ 2 9 
[00042335] 4 | 5 0 8 11 1 7 10 6 _ _ 2 9 
[00042336] 3 | 5 0 8 11 1 7 10 6 3 _ 2 9 
[00042337] 5 | _ 0 8 11 1 7 10 6 _ _ 2 9 
[00042338] 4 | 4 0 8 11 1 7 10 6 _ _ 2 9 
[00042339] 3 | 4 0 8 11 1 7 10 6 3 _ 2 9 
[00042340] 2 | 4 0 8 11 1 7 10 6 3 5 2 9 
[00042341] 6 | _ 0 8 11 1 _ 10 5 _ _ 2 9 
[00042342] 5 | 5 0 8 11 1 _ 10 5 _ _ 2 9 
[00042343] 4 | 5 0 8 11 1 _ 10 5 3 7 2 9 
[00042344] 3 | 5 0 8 11 1 4 10 5 3 7 2 9 
[00042345] 4 | 5 0 8 11 1 _ 10 5 7 3 2 9 
[00042346] 3 | 5 0 8 11 1 4 10 5 7 3 2 9 
[00042347] 5 | _ 0 8 11 1 6 10 5 _ _ 2 9 
[00042348] 4 | 4 0 8 11 1 6 10 5 _ _ 2 9 
[00042349] 4 | _ 0 8 11 1 6 10 5 3 7 2 9 
[00042350] 4 | _ 0 8 11 1 6 10 5 7 3 2 9 
[00042351] 5 | _ 0 8 11 1 _ 10 5 0 _ 2 9 
[00042352] 4 | 4 0 8 11 1 _ 10 5 0 _ 2 9 
[00042353] 4 | _ 0 8 11 1 _ 10 5 0 4 2 9 
[00042354] 7 | _ 0 8 11 1 _ 10 _ _ _ 9 2 
[00042355] 6 | 6 0 8 11 1 _ 10 _ _ _ 9 2 
[00042356] 5 | 6 0 8 11 1 _ 10 4 _ _ 9 2 
[00042357] 4 | 6 0 8 11 1 5 10 4 _ _ 9 2 
[00042358] 3 | 6 0 8 11 1 5 10 4 7 _ 9 2 
[00042359] 4 | 6 0 8 11 1 _ 10 4 3 7 9 2 
[00042360] 4 | 6 0 8 11 1 _ 10 4 7 3 9 2 
[00042361] 6 | _ 0 8 11 1 7 10 _ _ _ 9 2 
[00042362] 5 | 5 0 8 11 1 7 10 _ _ _ 9 2 
[00042363] 5 | _ 0 8 11 1 7 10 6 _ _ 9 2 
[00042364] 4 | 4 0 8 11 1 7 10 6 _ _ 9 2 
[00042365] 3 | 4 0 8 11 1 7 10 6 3 _ 9 2 
[00042366] 2 | 4 0 8 11 1 7 10 6 3 5 9 2 
[00042367] 5 | _ 0 8 11 1 7 10 4 _ _ 9 2 
[00042368] 4 | 4 0 8 11 1 7 10 4 _ _ 9 2 
[00042369] 3 | 4 0 8 11 1 7 10 4 3 6 9 2 
[00042370] 3 | 4 0 8 11 1 7 10 4 6 3 9 2 
[00042371] 4 | _ 0 8 11 1 7 10 4 0 _ 9 2 
[00042372] 3 | 3 0 8 11 1 7 10 4 0 _ 9 2 
[00042373] 3 | _ 0 8 11 1 7 10 4 0 3 9 2 
[00042374] 6 | _ 0 8 11 1 _ 10 5 _ _ 9 2 
[00042375] 5 | 5 0 8 11 1 _ 10 5 _ _ 9 2 
[00042376] 4 | 5 0 8 11 1 _ 10 5 3 7 9 2 
[00042377] 3 | 5 0 8 11 1 4 10 5 3 7 9 2 
[00042378] 4 | 5 0 8 11 1 _ 10 5 7 3 9 2 
[00042379] 3 | 5 0 8 11 1 4 10 5 7 3 9 2 
[00042380] 5 | _ 0 8 11 1 6 10 5 _ _ 9 2 
[00042381] 4 | 4 0 8 11 1 6 10 5 _ _ 9 2 
[00042382] 4 | _ 0 8 11 1 6 10 5 3 7 9 2 
[00042383] 4 | _ 0 8 11 1 6 10 5 7 3 9 2 
[00042384] 5 | _ 0 8 11 1 _ 10 5 0 _ 9 2 
[00042385] 4 | 4 0 8 11 1 _ 10 5 0 _ 9 2 
[00042386] 4 | _ 0 8 11 1 _ 10 5 0 4 9 2 
[00042387] 6 | _ 0 8 11 1 _ 10 3 _ _ 9 2 
[00042388] 5 | 5 0 8 11 1 _ 10 3 _ _ 9 2 
[00042389] 4 | 5 0 8 11 1 _ 10 3 7 _ 9 2 
[00042390] 3 | 5 0 8 11 1 4 10 3 7 _ 9 2 
[00042391] 3 | 5 0 8 11 1 _ 10 3 7 4 9 2 
[00042392] 5 | _ 0 8 11 1 6 10 3 _ _ 9 2 
[00042393] 4 | 4 0 8 11 1 6 10 3 _ _ 9 2 
[00042394] 4 | _ 0 8 11 1 6 10 3 7 _ 9 2 
[00042395] 3 | _ 0 8 11 1 6 10 3 7 4 9 2 
[00042396] 8 | _ 0 _ 11 1 9 10 _ _ _ _ _ 
[00042397] 7 | 7 0 _ 11 1 9 10 _ _ _ _ _ 
[00042398] 6 | 7 0 6 11 1 9 10 _ _ _ _ _ 
[00042399] 5 | 7 0 6 11 1 9 10 3 8 _ _ _ 
[00042400] 4 | 7 0 6 11 1 9 10 3 8 4 _ _ 
[00042401] 3 | 7 0 6 11 1 9 10 3 8 4 2 5 
[00042402] 3 | 7 0 6 11 1 9 10 3 8 4 5 2 
[00042403] 5 | 7 0 6 11 1 9 10 8 3 _ _ _ 
[00042404] 4 | 7 0 6 11 1 9 10 8 3 _ 4 _ 
[00042405] 5 | 7 0 6 11 1 9 10 _ 3 8 _ _ 
[00042406] 5 | 7 0 6 11 1 9 10 _ 8 3 _ _ 
[00042407] 4 | 7 0 6 11 1 9 10 4 8 3 _ _ 
[00042408] 3 | 7 0 6 11 1 9 10 4 8 3 2 5 
[00042409] 3 | 7 0 6 11 1 9 10 4 8 3 5 2 
[00042410] 5 | 7 0 6 11 1 9 10 3 _ _ 8 _ 
[00042411] 4 | 7 0 6 11 1 9 10 3 _ _ 8 4 
[00042412] 3 | 7 0 6 11 1 9 10 3 2 5 8 4 
[00042413] 3 | 7 0 6 11 1 9 10 3 5 2 8 4 
[00042414] 5 | 7 0 6 11 1 9 10 8 _ _ 3 _ 
[00042415] 4 | 7 0 6 11 1 9 10 8 4 _ 3 _ 
[00042416] 5 | 7 0 6 11 1 9 10 _ _ _ 3 8 
[00042417] 5 | 7 0 6 11 1 9 10 _ _ _ 8 3 
[00042418] 4 | 7 0 6 11 1 9 10 4 _ _ 8 3 
[00042419] 3 | 7 0 6 11 1 9 10 4 2 5 8 3 
[00042420] 3 | 7 0 6 11 1 9 10 4 5 2 8 3 
[00042421] 6 | 7 0 _ 11 1 9 10 5 _ _ _ _ 
[00042422] 5 | 7 0 5 11 1 9 10 5 _ _ _ _ 
[00042423] 4 | 7 0 5 11 1 9 10 5 2 6 _ _ 
[00042424] 4 | 7 0 5 11 1 9 10 5 4 8 _ _ 
[00042425] 3 | 7 0 5 11 1 9 10 5 4 8 3 6 
[00042426] 3 | 7 0 5 11 1 9 10 5 4 8 6 3 
[00042427] 4 | 7 0 5 11 1 9 10 5 6 2 _ _ 
[00042428] 4 | 7 0 5 11 1 9 10 5 8 4 _ _ 
[00042429] 3 | 7 0 5 11 1 9 10 5 8 4 3 6 
[00042430] 3 | 7 0 5 11 1 9 10 5 8 4 6 3 
[00042431] 4 | 7 0 5 11 1 9 10 5 _ _ 2 6 
[00042432] 4 | 7 0 5 11 1 9 10 5 _ _ 4 8 
[00042433] 3 | 7 0 5 11 1 9 10 5 3 6 4 8 
[00042434] 3 | 7 0 5 11 1 9 10 5 6 3 4 8 
[00042435] 4 | 7 0 5 11 1 9 10 5 _ _ 6 2 
[00042436] 4 | 7 0 5 11 1 9 10 5 _ _ 8 4 
[00042437] 3 | 7 0 5 11 1 9 10 5 3 6 8 4 
[00042438] 3 | 7 0 5 11 1 9 10 5 6 3 8 4 
[00042439] 5 | 7 0 _ 11 1 9 10 5 0 _ _ _ 
[00042440] 4 | 7 0 4 11 1 9 10 5 0 _ _ _ 
[00042441] 3 | 7 0 4 11 1 9 10 5 0 _ 2 _ 
[00042442] 3 | 7 0 4 11 1 9 10 5 0 _ 8 _ 
[00042443] 2 | 7 0 4 11 1 9 10 5 0 _ 8 6 
[00042444] 3 | 7 0 4 11 1 9 10 5 0 _ 3 6 
[00042445] 3 | 7 0 4 11 1 9 10 5 0 _ 6 3 
[00042446] 4 | 7 0 _ 11 1 9 10 5 0 4 _ _ 
[00042447] 3 | 7 0 _ 11 1 9 10 5 0 4 2 _ 
[00042448] 3 | 7 0 _ 11 1 9 10 5 0 4 8 _ 
[00042449] 2 | 7 0 _ 11 1 9 10 5 0 4 8 6 
[00042450] 3 | 7 0 _ 11 1 9 10 5 0 4 3 6 
[00042451] 3 | 7 0 _ 11 1 9 10 5 0 4 6 3 
[00042452] 4 | 7 0 _ 11 1 9 10 5 0 _ 2 6 
[00042453] 3 | 7 0 3 11 1 9 10 5 0 _ 2 6 
[00042454] 3 | 7 0 _ 11 1 9 10 5 0 3 2 6 
[00042455] 4 | 7 0 _ 11 1 9 10 5 0 _ 4 8 
[00042456] 3 | 7 0 3 11 1 9 10 5 0 _ 4 8 
[00042457] 3 | 7 0 _ 11 1 9 10 5 0 3 4 8 
[00042458] 4 | 7 0 _ 11 1 9 10 5 0 _ 6 2 
[00042459] 3 | 7 0 3 11 1 9 10 5 0 _ 6 2 
[00042460] 3 | 7 0 _ 11 1 9 10 5 0 3 6 2 
[00042461] 4 | 7 0 _ 11 1 9 10 5 0 _ 8 4 
[00042462] 3 | 7 0 3 11 1 9 10 5 0 _ 8 4 
[00042463] 3 | 7 0 _ 11 1 9 10 5 0 3 8 4 
[00042464] 5 | 7 0 _ 11 1 9 10 5 3 8 _ _ 
[00042465] 4 | 7 0 4 11 1 9 10 5 3 8 _ _ 
[00042466] 3 | 7 0 4 11 1 9 10 5 3 8 2 _ 
[00042467] 4 | 7 0 _ 11 1 9 10 5 3 8 2 6 
[00042468] 4 | 7 0 _ 11 1 9 10 5 3 8 6 2 
[00042469] 5 | 7 0 _ 11 1 9 10 5 8 3 _ _ 
[00042470] 4 | 7 0 4 11 1 9 10 5 8 3 _ _ 
[00042471] 3 | 7 0 4 11 1 9 10 5 8 3 2 _ 
[00042472] 4 | 7 0 _ 11 1 9 10 5 8 3 2 6 
[00042473] 4 | 7 0 _ 11 1 9 10 5 8 3 6 2 
[00042474] 5 | 7 0 _ 11 1 9 10 5 _ _ 0 _ 
[00042475] 4 | 7 0 4 11 1 9 10 5 _ _ 0 _ 
[00042476] 3 | 7 0 4 11 1 9 10 5 2 _ 0 _ 
[00042477] 3 | 7 0 4 11 1 9 10 5 8 _ 0 _ 
[00042478] 2 | 7 0 4 11 1 9 10 5 8 6 0 _ 
[00042479] 3 | 7 0 4 11 1 9 10 5 3 6 0 _ 
[00042480] 3 | 7 0 4 11 1 9 10 5 6 3 0 _ 
[00042481] 4 | 7 0 _ 11 1 9 10 5 2 6 0 _ 
[00042482] 3 | 7 0 3 11 1 9 10 5 2 6 0 _ 
[00042483] 3 | 7 0 _ 11 1 9 10 5 2 6 0 3 
[00042484] 4 | 7 0 _ 11 1 9 10 5 4 8 0 _ 
[00042485] 3 | 7 0 3 11 1 9 10 5 4 8 0 _ 
[00042486] 3 | 7 0 _ 11 1 9 10 5 4 8 0 3 
[00042487] 4 | 7 0 _ 11 1 9 10 5 6 2 0 _ 
[00042488] 3 | 7 0 3 11 1 9 10 5 6 2 0 _ 
[00042489] 3 | 7 0 _ 11 1 9 10 5 6 2 0 3 
[00042490] 4 | 7 0 _ 11 1 9 10 5 8 4 0 _ 
[00042491] 3 | 7 0 3 11 1 9 10 5 8 4 0 _ 
[00042492] 3 | 7 0 _ 11 1 9 10 5 8 4 0 3 
[00042493] 4 | 7 0 _ 11 1 9 10 5 _ _ 0 4 
[00042494] 3 | 7 0 _ 11 1 9 10 5 2 _ 0 4 
[00042495] 3 | 7 0 _ 11 1 9 10 5 8 _ 0 4 
[00042496] 2 | 7 0 _ 11 1 9 10 5 8 6 0 4 
[00042497] 3 | 7 0 _ 11 1 9 10 5 3 6 0 4 
[00042498] 3 | 7 0 _ 11 1 9 10 5 6 3 0 4 
[00042499] 5 | 7 0 _ 11 1 9 10 5 _ _ 3 8 
[00042500] 4 | 7 0 4 11 1 9 10 5 _ _ 3 8 
