[00295310] 3 | 5 2 6 11 1 8 9 0 5 _ 4 10 
[00295311] 3 | _ 2 6 11 1 8 9 0 5 2 4 10 
[00295312] 6 | _ 2 _ 11 1 8 9 0 _ _ 10 4 
[00295313] 5 | 7 2 _ 11 1 8 9 0 _ _ 10 4 
[00295314] 4 | 7 2 6 11 1 8 9 0 _ _ 10 4 
[00295315] 3 | 7 2 6 11 1 8 9 0 3 _ 10 4 
[00295316] 2 | 7 2 6 11 1 8 9 0 3 5 10 4 
[00295317] 5 | _ 2 7 11 1 8 9 0 _ _ 10 4 
[00295318] 4 | 6 2 7 11 1 8 9 0 _ _ 10 4 
[00295319] 3 | 6 2 7 11 1 8 9 0 3 _ 10 4 
[00295320] 2 | 6 2 7 11 1 8 9 0 3 5 10 4 
[00295321] 5 | _ 2 _ 11 1 8 9 0 5 _ 10 4 
[00295322] 4 | 6 2 _ 11 1 8 9 0 5 _ 10 4 
[00295323] 3 | 6 2 5 11 1 8 9 0 5 _ 10 4 
[00295324] 3 | 6 2 _ 11 1 8 9 0 5 2 10 4 
[00295325] 4 | _ 2 6 11 1 8 9 0 5 _ 10 4 
[00295326] 3 | 5 2 6 11 1 8 9 0 5 _ 10 4 
[00295327] 3 | _ 2 6 11 1 8 9 0 5 2 10 4 
[00295328] 7 | _ 2 _ 11 1 _ 9 0 7 _ _ _ 
[00295329] 6 | 8 2 _ 11 1 _ 9 0 7 _ _ _ 
[00295330] 5 | 8 2 7 11 1 _ 9 0 7 _ _ _ 
[00295331] 4 | 8 2 7 11 1 5 9 0 7 _ _ _ 
[00295332] 3 | 8 2 7 11 1 5 9 0 7 _ 3 _ 
[00295333] 3 | 8 2 7 11 1 5 9 0 7 _ 3 6 
[00295334] 3 | 8 2 7 11 1 5 9 0 7 _ 6 3 
[00295335] 4 | 8 2 7 11 1 _ 9 0 7 _ 4 _ 
[00295336] 3 | 8 2 7 11 1 4 9 0 7 _ 4 _ 
[00295337] 3 | 8 2 7 11 1 _ 9 0 7 _ 4 1 
[00295338] 4 | 8 2 7 11 1 _ 9 0 7 _ 6 10 
[00295339] 3 | 8 2 7 11 1 4 9 0 7 _ 6 10 
[00295340] 4 | 8 2 7 11 1 _ 9 0 7 _ 10 6 
[00295341] 3 | 8 2 7 11 1 4 9 0 7 _ 10 6 
[00295342] 5 | 8 2 _ 11 1 6 9 0 7 _ _ _ 
[00295343] 4 | 8 2 _ 11 1 6 9 0 7 3 _ _ 
[00295344] 3 | 8 2 5 11 1 6 9 0 7 3 _ _ 
[00295345] 4 | 8 2 _ 11 1 6 9 0 7 _ 4 _ 
[00295346] 3 | 8 2 5 11 1 6 9 0 7 _ 4 _ 
[00295347] 3 | 8 2 _ 11 1 6 9 0 7 4 4 _ 
[00295348] 3 | 8 2 _ 11 1 6 9 0 7 10 4 _ 
[00295349] 2 | 8 2 4 11 1 6 9 0 7 10 4 _ 
[00295350] 2 | 8 2 _ 11 1 6 9 0 7 10 4 2 
[00295351] 3 | 8 2 _ 11 1 6 9 0 7 _ 4 7 
[00295352] 5 | 8 2 _ 11 1 _ 9 0 7 2 _ _ 
[00295353] 4 | 8 2 _ 11 1 5 9 0 7 2 _ _ 
[00295354] 3 | 8 2 _ 11 1 5 9 0 7 2 3 _ 
[00295355] 3 | 8 2 _ 11 1 5 9 0 7 2 3 6 
[00295356] 3 | 8 2 _ 11 1 5 9 0 7 2 6 3 
[00295357] 4 | 8 2 _ 11 1 _ 9 0 7 2 4 _ 
[00295358] 3 | 8 2 _ 11 1 4 9 0 7 2 4 _ 
[00295359] 3 | 8 2 _ 11 1 _ 9 0 7 2 4 1 
[00295360] 4 | 8 2 _ 11 1 _ 9 0 7 2 6 10 
[00295361] 3 | 8 2 _ 11 1 4 9 0 7 2 6 10 
[00295362] 4 | 8 2 _ 11 1 _ 9 0 7 2 10 6 
[00295363] 3 | 8 2 _ 11 1 4 9 0 7 2 10 6 
[00295364] 5 | 8 2 _ 11 1 _ 9 0 7 _ 5 _ 
[00295365] 4 | 8 2 6 11 1 _ 9 0 7 _ 5 _ 
[00295366] 3 | 8 2 6 11 1 4 9 0 7 _ 5 _ 
[00295367] 2 | 8 2 6 11 1 4 9 0 7 5 5 _ 
[00295368] 2 | 8 2 6 11 1 4 9 0 7 _ 5 3 
[00295369] 2 | 8 2 6 11 1 4 9 0 7 _ 5 7 
[00295370] 3 | 8 2 6 11 1 _ 9 0 7 4 5 _ 
[00295371] 2 | 8 2 6 11 1 3 9 0 7 4 5 _ 
[00295372] 2 | 8 2 6 11 1 _ 9 0 7 4 5 3 
[00295373] 3 | 8 2 6 11 1 _ 9 0 7 10 5 _ 
[00295374] 2 | 8 2 6 11 1 3 9 0 7 10 5 _ 
[00295375] 1 | 8 2 6 11 1 3 9 0 7 10 5 4  *Graceful*
[00295375] 2 | 8 2 6 11 1 _ 9 0 7 10 5 3 
[00295376] 4 | 8 2 _ 11 1 5 9 0 7 _ 5 _ 
[00295377] 3 | 8 2 _ 11 1 5 9 0 7 4 5 _ 
[00295378] 3 | 8 2 _ 11 1 5 9 0 7 10 5 _ 
[00295379] 2 | 8 2 4 11 1 5 9 0 7 10 5 _ 
[00295380] 4 | 8 2 _ 11 1 _ 9 0 7 3 5 _ 
[00295381] 3 | 8 2 5 11 1 _ 9 0 7 3 5 _ 
[00295382] 3 | 8 2 _ 11 1 4 9 0 7 3 5 _ 
[00295383] 3 | 8 2 _ 11 1 _ 9 0 7 3 5 2 
[00295384] 4 | 8 2 _ 11 1 _ 9 0 7 _ 5 1 
[00295385] 3 | 8 2 _ 11 1 _ 9 0 7 4 5 1 
[00295386] 3 | 8 2 _ 11 1 _ 9 0 7 10 5 1 
[00295387] 2 | 8 2 4 11 1 _ 9 0 7 10 5 1 
[00295388] 5 | 8 2 _ 11 1 _ 9 0 7 _ 5 10 
[00295389] 4 | 8 2 6 11 1 _ 9 0 7 _ 5 10 
[00295390] 3 | 8 2 6 11 1 4 9 0 7 _ 5 10 
[00295391] 3 | 8 2 6 11 1 _ 9 0 7 4 5 10 
[00295392] 2 | 8 2 6 11 1 3 9 0 7 4 5 10 
[00295393] 4 | 8 2 _ 11 1 _ 9 0 7 3 5 10 
[00295394] 3 | 8 2 _ 11 1 4 9 0 7 3 5 10 
[00295395] 5 | 8 2 _ 11 1 _ 9 0 7 _ 10 5 
[00295396] 4 | 8 2 6 11 1 _ 9 0 7 _ 10 5 
[00295397] 3 | 8 2 6 11 1 4 9 0 7 _ 10 5 
[00295398] 3 | 8 2 6 11 1 _ 9 0 7 4 10 5 
[00295399] 2 | 8 2 6 11 1 3 9 0 7 4 10 5 
[00295400] 4 | 8 2 _ 11 1 _ 9 0 7 3 10 5 
[00295401] 3 | 8 2 _ 11 1 4 9 0 7 3 10 5 
[00295402] 6 | _ 2 8 11 1 _ 9 0 7 _ _ _ 
[00295403] 5 | 7 2 8 11 1 _ 9 0 7 _ _ _ 
[00295404] 4 | 7 2 8 11 1 5 9 0 7 _ _ _ 
[00295405] 3 | 7 2 8 11 1 5 9 0 7 _ 3 _ 
[00295406] 3 | 7 2 8 11 1 5 9 0 7 _ 3 6 
[00295407] 3 | 7 2 8 11 1 5 9 0 7 _ 6 3 
[00295408] 4 | 7 2 8 11 1 _ 9 0 7 _ 4 _ 
[00295409] 3 | 7 2 8 11 1 4 9 0 7 _ 4 _ 
[00295410] 3 | 7 2 8 11 1 _ 9 0 7 _ 4 1 
[00295411] 4 | 7 2 8 11 1 _ 9 0 7 _ 6 10 
[00295412] 3 | 7 2 8 11 1 4 9 0 7 _ 6 10 
[00295413] 4 | 7 2 8 11 1 _ 9 0 7 _ 10 6 
[00295414] 3 | 7 2 8 11 1 4 9 0 7 _ 10 6 
[00295415] 5 | _ 2 8 11 1 6 9 0 7 _ _ _ 
[00295416] 4 | _ 2 8 11 1 6 9 0 7 3 _ _ 
[00295417] 3 | 5 2 8 11 1 6 9 0 7 3 _ _ 
[00295418] 4 | _ 2 8 11 1 6 9 0 7 _ 4 _ 
[00295419] 3 | 5 2 8 11 1 6 9 0 7 _ 4 _ 
[00295420] 3 | _ 2 8 11 1 6 9 0 7 4 4 _ 
[00295421] 3 | _ 2 8 11 1 6 9 0 7 10 4 _ 
[00295422] 2 | 4 2 8 11 1 6 9 0 7 10 4 _ 
[00295423] 2 | _ 2 8 11 1 6 9 0 7 10 4 2 
[00295424] 3 | _ 2 8 11 1 6 9 0 7 _ 4 7 
[00295425] 5 | _ 2 8 11 1 _ 9 0 7 2 _ _ 
[00295426] 4 | _ 2 8 11 1 5 9 0 7 2 _ _ 
[00295427] 3 | _ 2 8 11 1 5 9 0 7 2 3 _ 
[00295428] 3 | _ 2 8 11 1 5 9 0 7 2 3 6 
[00295429] 3 | _ 2 8 11 1 5 9 0 7 2 6 3 
[00295430] 4 | _ 2 8 11 1 _ 9 0 7 2 4 _ 
[00295431] 3 | _ 2 8 11 1 4 9 0 7 2 4 _ 
[00295432] 3 | _ 2 8 11 1 _ 9 0 7 2 4 1 
[00295433] 4 | _ 2 8 11 1 _ 9 0 7 2 6 10 
[00295434] 3 | _ 2 8 11 1 4 9 0 7 2 6 10 
[00295435] 4 | _ 2 8 11 1 _ 9 0 7 2 10 6 
[00295436] 3 | _ 2 8 11 1 4 9 0 7 2 10 6 
[00295437] 5 | _ 2 8 11 1 _ 9 0 7 _ 5 _ 
[00295438] 4 | 6 2 8 11 1 _ 9 0 7 _ 5 _ 
[00295439] 3 | 6 2 8 11 1 4 9 0 7 _ 5 _ 
[00295440] 2 | 6 2 8 11 1 4 9 0 7 5 5 _ 
[00295441] 2 | 6 2 8 11 1 4 9 0 7 _ 5 3 
[00295442] 2 | 6 2 8 11 1 4 9 0 7 _ 5 7 
[00295443] 3 | 6 2 8 11 1 _ 9 0 7 4 5 _ 
[00295444] 2 | 6 2 8 11 1 3 9 0 7 4 5 _ 
[00295445] 2 | 6 2 8 11 1 _ 9 0 7 4 5 3 
[00295446] 3 | 6 2 8 11 1 _ 9 0 7 10 5 _ 
[00295447] 2 | 6 2 8 11 1 3 9 0 7 10 5 _ 
[00295448] 1 | 6 2 8 11 1 3 9 0 7 10 5 4  *Graceful*
[00295448] 2 | 6 2 8 11 1 _ 9 0 7 10 5 3 
[00295449] 4 | _ 2 8 11 1 5 9 0 7 _ 5 _ 
[00295450] 3 | _ 2 8 11 1 5 9 0 7 4 5 _ 
[00295451] 3 | _ 2 8 11 1 5 9 0 7 10 5 _ 
[00295452] 2 | 4 2 8 11 1 5 9 0 7 10 5 _ 
[00295453] 4 | _ 2 8 11 1 _ 9 0 7 3 5 _ 
[00295454] 3 | 5 2 8 11 1 _ 9 0 7 3 5 _ 
[00295455] 3 | _ 2 8 11 1 4 9 0 7 3 5 _ 
[00295456] 3 | _ 2 8 11 1 _ 9 0 7 3 5 2 
[00295457] 4 | _ 2 8 11 1 _ 9 0 7 _ 5 1 
[00295458] 3 | _ 2 8 11 1 _ 9 0 7 4 5 1 
[00295459] 3 | _ 2 8 11 1 _ 9 0 7 10 5 1 
[00295460] 2 | 4 2 8 11 1 _ 9 0 7 10 5 1 
[00295461] 5 | _ 2 8 11 1 _ 9 0 7 _ 5 10 
[00295462] 4 | 6 2 8 11 1 _ 9 0 7 _ 5 10 
[00295463] 3 | 6 2 8 11 1 4 9 0 7 _ 5 10 
[00295464] 3 | 6 2 8 11 1 _ 9 0 7 4 5 10 
[00295465] 2 | 6 2 8 11 1 3 9 0 7 4 5 10 
[00295466] 4 | _ 2 8 11 1 _ 9 0 7 3 5 10 
[00295467] 3 | _ 2 8 11 1 4 9 0 7 3 5 10 
[00295468] 5 | _ 2 8 11 1 _ 9 0 7 _ 10 5 
[00295469] 4 | 6 2 8 11 1 _ 9 0 7 _ 10 5 
[00295470] 3 | 6 2 8 11 1 4 9 0 7 _ 10 5 
[00295471] 3 | 6 2 8 11 1 _ 9 0 7 4 10 5 
[00295472] 2 | 6 2 8 11 1 3 9 0 7 4 10 5 
[00295473] 4 | _ 2 8 11 1 _ 9 0 7 3 10 5 
[00295474] 3 | _ 2 8 11 1 4 9 0 7 3 10 5 
[00295475] 6 | _ 2 _ 11 1 7 9 0 7 _ _ _ 
[00295476] 5 | _ 2 _ 11 1 7 9 0 7 _ 5 _ 
[00295477] 4 | 6 2 _ 11 1 7 9 0 7 _ 5 _ 
[00295478] 3 | 6 2 5 11 1 7 9 0 7 _ 5 _ 
[00295479] 3 | 6 2 _ 11 1 7 9 0 7 _ 5 2 
[00295480] 3 | 6 2 _ 11 1 7 9 0 7 _ 5 8 
[00295481] 2 | 6 2 4 11 1 7 9 0 7 _ 5 8 
[00295482] 4 | _ 2 6 11 1 7 9 0 7 _ 5 _ 
[00295483] 3 | 5 2 6 11 1 7 9 0 7 _ 5 _ 
[00295484] 3 | _ 2 6 11 1 7 9 0 7 _ 5 2 
[00295485] 3 | _ 2 6 11 1 7 9 0 7 _ 5 8 
[00295486] 2 | 4 2 6 11 1 7 9 0 7 _ 5 8 
[00295487] 5 | _ 2 _ 11 1 7 9 0 7 _ 3 8 
[00295488] 4 | 6 2 _ 11 1 7 9 0 7 _ 3 8 
[00295489] 3 | 6 2 5 11 1 7 9 0 7 _ 3 8 
[00295490] 4 | _ 2 6 11 1 7 9 0 7 _ 3 8 
[00295491] 3 | 5 2 6 11 1 7 9 0 7 _ 3 8 
[00295492] 5 | _ 2 _ 11 1 7 9 0 7 _ 5 10 
[00295493] 4 | 6 2 _ 11 1 7 9 0 7 _ 5 10 
[00295494] 4 | _ 2 6 11 1 7 9 0 7 _ 5 10 
[00295495] 5 | _ 2 _ 11 1 7 9 0 7 _ 8 3 
[00295496] 4 | 6 2 _ 11 1 7 9 0 7 _ 8 3 
[00295497] 3 | 6 2 5 11 1 7 9 0 7 _ 8 3 
[00295498] 4 | _ 2 6 11 1 7 9 0 7 _ 8 3 
[00295499] 3 | 5 2 6 11 1 7 9 0 7 _ 8 3 
[00295500] 5 | _ 2 _ 11 1 7 9 0 7 _ 10 5 
[00295501] 4 | 6 2 _ 11 1 7 9 0 7 _ 10 5 
[00295502] 4 | _ 2 6 11 1 7 9 0 7 _ 10 5 
[00295503] 6 | _ 2 _ 11 1 _ 9 0 7 1 _ _ 
[00295504] 5 | _ 2 _ 11 1 _ 9 0 7 1 5 _ 
[00295505] 4 | 6 2 _ 11 1 _ 9 0 7 1 5 _ 
[00295506] 3 | 6 2 5 11 1 _ 9 0 7 1 5 _ 
[00295507] 3 | 6 2 _ 11 1 _ 9 0 7 1 5 2 
[00295508] 3 | 6 2 _ 11 1 _ 9 0 7 1 5 8 
[00295509] 2 | 6 2 4 11 1 _ 9 0 7 1 5 8 
[00295510] 4 | _ 2 6 11 1 _ 9 0 7 1 5 _ 
[00295511] 3 | 5 2 6 11 1 _ 9 0 7 1 5 _ 
[00295512] 3 | _ 2 6 11 1 _ 9 0 7 1 5 2 
[00295513] 3 | _ 2 6 11 1 _ 9 0 7 1 5 8 
[00295514] 2 | 4 2 6 11 1 _ 9 0 7 1 5 8 
[00295515] 5 | _ 2 _ 11 1 _ 9 0 7 1 3 8 
[00295516] 4 | 6 2 _ 11 1 _ 9 0 7 1 3 8 
[00295517] 3 | 6 2 5 11 1 _ 9 0 7 1 3 8 
[00295518] 4 | _ 2 6 11 1 _ 9 0 7 1 3 8 
[00295519] 3 | 5 2 6 11 1 _ 9 0 7 1 3 8 
[00295520] 5 | _ 2 _ 11 1 _ 9 0 7 1 5 10 
[00295521] 4 | 6 2 _ 11 1 _ 9 0 7 1 5 10 
[00295522] 4 | _ 2 6 11 1 _ 9 0 7 1 5 10 
[00295523] 5 | _ 2 _ 11 1 _ 9 0 7 1 8 3 
[00295524] 4 | 6 2 _ 11 1 _ 9 0 7 1 8 3 
[00295525] 3 | 6 2 5 11 1 _ 9 0 7 1 8 3 
[00295526] 4 | _ 2 6 11 1 _ 9 0 7 1 8 3 
[00295527] 3 | 5 2 6 11 1 _ 9 0 7 1 8 3 
[00295528] 5 | _ 2 _ 11 1 _ 9 0 7 1 10 5 
[00295529] 4 | 6 2 _ 11 1 _ 9 0 7 1 10 5 
[00295530] 4 | _ 2 6 11 1 _ 9 0 7 1 10 5 
[00295531] 6 | _ 2 _ 11 1 _ 9 0 7 _ 6 _ 
[00295532] 5 | 7 2 _ 11 1 _ 9 0 7 _ 6 _ 
[00295533] 4 | 7 2 6 11 1 _ 9 0 7 _ 6 _ 
[00295534] 3 | 7 2 6 11 1 4 9 0 7 _ 6 _ 
[00295535] 4 | 7 2 _ 11 1 5 9 0 7 _ 6 _ 
[00295536] 3 | 7 2 _ 11 1 5 9 0 7 _ 6 3 
[00295537] 2 | 7 2 4 11 1 5 9 0 7 _ 6 3 
[00295538] 4 | 7 2 _ 11 1 _ 9 0 7 _ 6 2 
[00295539] 3 | 7 2 _ 11 1 4 9 0 7 _ 6 2 
[00295540] 4 | 7 2 _ 11 1 _ 9 0 7 _ 6 10 
[00295541] 3 | 7 2 5 11 1 _ 9 0 7 _ 6 10 
[00295542] 2 | 7 2 5 11 1 3 9 0 7 _ 6 10 
[00295543] 3 | 7 2 _ 11 1 4 9 0 7 _ 6 10 
[00295544] 5 | _ 2 7 11 1 _ 9 0 7 _ 6 _ 
[00295545] 4 | 6 2 7 11 1 _ 9 0 7 _ 6 _ 
[00295546] 3 | 6 2 7 11 1 4 9 0 7 _ 6 _ 
[00295547] 4 | _ 2 7 11 1 5 9 0 7 _ 6 _ 
[00295548] 3 | _ 2 7 11 1 5 9 0 7 _ 6 3 
[00295549] 2 | 4 2 7 11 1 5 9 0 7 _ 6 3 
[00295550] 4 | _ 2 7 11 1 _ 9 0 7 _ 6 2 
[00295551] 3 | _ 2 7 11 1 4 9 0 7 _ 6 2 
[00295552] 4 | _ 2 7 11 1 _ 9 0 7 _ 6 10 
[00295553] 3 | 5 2 7 11 1 _ 9 0 7 _ 6 10 
[00295554] 2 | 5 2 7 11 1 3 9 0 7 _ 6 10 
[00295555] 3 | _ 2 7 11 1 4 9 0 7 _ 6 10 
[00295556] 5 | _ 2 _ 11 1 6 9 0 7 _ 6 _ 
[00295557] 4 | _ 2 _ 11 1 6 9 0 7 3 6 _ 
[00295558] 3 | 5 2 _ 11 1 6 9 0 7 3 6 _ 
[00295559] 2 | 5 2 4 11 1 6 9 0 7 3 6 _ 
[00295560] 3 | _ 2 5 11 1 6 9 0 7 3 6 _ 
[00295561] 2 | 4 2 5 11 1 6 9 0 7 3 6 _ 
[00295562] 5 | _ 2 _ 11 1 _ 9 0 7 2 6 _ 
[00295563] 4 | _ 2 _ 11 1 5 9 0 7 2 6 _ 
[00295564] 3 | _ 2 _ 11 1 5 9 0 7 2 6 3 
[00295565] 4 | _ 2 _ 11 1 _ 9 0 7 2 6 10 
[00295566] 3 | _ 2 _ 11 1 4 9 0 7 2 6 10 
[00295567] 5 | _ 2 _ 11 1 _ 9 0 7 _ 6 1 
[00295568] 4 | _ 2 _ 11 1 _ 9 0 7 3 6 1 
[00295569] 3 | 5 2 _ 11 1 _ 9 0 7 3 6 1 
[00295570] 2 | 5 2 4 11 1 _ 9 0 7 3 6 1 
[00295571] 3 | _ 2 5 11 1 _ 9 0 7 3 6 1 
[00295572] 2 | 4 2 5 11 1 _ 9 0 7 3 6 1 
[00295573] 6 | _ 2 _ 11 1 _ 9 0 7 _ 4 10 
[00295574] 5 | 7 2 _ 11 1 _ 9 0 7 _ 4 10 
[00295575] 4 | 7 2 6 11 1 _ 9 0 7 _ 4 10 
[00295576] 4 | 7 2 _ 11 1 5 9 0 7 _ 4 10 
[00295577] 5 | _ 2 7 11 1 _ 9 0 7 _ 4 10 
[00295578] 4 | 6 2 7 11 1 _ 9 0 7 _ 4 10 
[00295579] 4 | _ 2 7 11 1 5 9 0 7 _ 4 10 
[00295580] 5 | _ 2 _ 11 1 6 9 0 7 _ 4 10 
[00295581] 4 | _ 2 _ 11 1 6 9 0 7 3 4 10 
[00295582] 3 | 5 2 _ 11 1 6 9 0 7 3 4 10 
[00295583] 3 | _ 2 5 11 1 6 9 0 7 3 4 10 
[00295584] 5 | _ 2 _ 11 1 _ 9 0 7 2 4 10 
[00295585] 4 | _ 2 _ 11 1 5 9 0 7 2 4 10 
[00295586] 6 | _ 2 _ 11 1 _ 9 0 7 _ 10 4 
[00295587] 5 | 7 2 _ 11 1 _ 9 0 7 _ 10 4 
[00295588] 4 | 7 2 6 11 1 _ 9 0 7 _ 10 4 
[00295589] 4 | 7 2 _ 11 1 5 9 0 7 _ 10 4 
[00295590] 5 | _ 2 7 11 1 _ 9 0 7 _ 10 4 
[00295591] 4 | 6 2 7 11 1 _ 9 0 7 _ 10 4 
[00295592] 4 | _ 2 7 11 1 5 9 0 7 _ 10 4 
[00295593] 5 | _ 2 _ 11 1 6 9 0 7 _ 10 4 
[00295594] 4 | _ 2 _ 11 1 6 9 0 7 3 10 4 
[00295595] 3 | 5 2 _ 11 1 6 9 0 7 3 10 4 
[00295596] 3 | _ 2 5 11 1 6 9 0 7 3 10 4 
[00295597] 5 | _ 2 _ 11 1 _ 9 0 7 2 10 4 
[00295598] 4 | _ 2 _ 11 1 5 9 0 7 2 10 4 
[00295599] 7 | _ 2 _ 11 1 _ 9 0 3 10 _ _ 
[00295600] 6 | 8 2 _ 11 1 _ 9 0 3 10 _ _ 
[00295601] 5 | 8 2 7 11 1 _ 9 0 3 10 _ _ 
[00295602] 4 | 8 2 7 11 1 5 9 0 3 10 _ _ 
[00295603] 4 | 8 2 7 11 1 _ 9 0 3 10 4 _ 
[00295604] 3 | 8 2 7 11 1 4 9 0 3 10 4 _ 
[00295605] 3 | 8 2 7 11 1 _ 9 0 3 10 4 1 
[00295606] 5 | 8 2 _ 11 1 6 9 0 3 10 _ _ 
[00295607] 4 | 8 2 _ 11 1 6 9 0 3 10 4 _ 
[00295608] 3 | 8 2 5 11 1 6 9 0 3 10 4 _ 
[00295609] 3 | 8 2 _ 11 1 6 9 0 3 10 4 7 
[00295610] 5 | 8 2 _ 11 1 _ 9 0 3 10 5 _ 
[00295611] 4 | 8 2 6 11 1 _ 9 0 3 10 5 _ 
[00295612] 3 | 8 2 6 11 1 4 9 0 3 10 5 _ 
[00295613] 2 | 8 2 6 11 1 4 9 0 3 10 5 7 
[00295614] 4 | 8 2 _ 11 1 5 9 0 3 10 5 _ 
[00295615] 4 | 8 2 _ 11 1 _ 9 0 3 10 5 1 
[00295616] 6 | _ 2 8 11 1 _ 9 0 3 10 _ _ 
[00295617] 5 | 7 2 8 11 1 _ 9 0 3 10 _ _ 
[00295618] 4 | 7 2 8 11 1 5 9 0 3 10 _ _ 
[00295619] 4 | 7 2 8 11 1 _ 9 0 3 10 4 _ 
[00295620] 3 | 7 2 8 11 1 4 9 0 3 10 4 _ 
[00295621] 3 | 7 2 8 11 1 _ 9 0 3 10 4 1 
[00295622] 5 | _ 2 8 11 1 6 9 0 3 10 _ _ 
[00295623] 4 | _ 2 8 11 1 6 9 0 3 10 4 _ 
[00295624] 3 | 5 2 8 11 1 6 9 0 3 10 4 _ 
[00295625] 3 | _ 2 8 11 1 6 9 0 3 10 4 7 
[00295626] 5 | _ 2 8 11 1 _ 9 0 3 10 5 _ 
[00295627] 4 | 6 2 8 11 1 _ 9 0 3 10 5 _ 
[00295628] 3 | 6 2 8 11 1 4 9 0 3 10 5 _ 
[00295629] 2 | 6 2 8 11 1 4 9 0 3 10 5 7 
[00295630] 4 | _ 2 8 11 1 5 9 0 3 10 5 _ 
[00295631] 4 | _ 2 8 11 1 _ 9 0 3 10 5 1 
[00295632] 6 | _ 2 _ 11 1 7 9 0 3 10 _ _ 
[00295633] 5 | _ 2 _ 11 1 7 9 0 3 10 5 _ 
[00295634] 4 | 6 2 _ 11 1 7 9 0 3 10 5 _ 
[00295635] 3 | 6 2 5 11 1 7 9 0 3 10 5 _ 
[00295636] 3 | 6 2 _ 11 1 7 9 0 3 10 5 2 
[00295637] 3 | 6 2 _ 11 1 7 9 0 3 10 5 8 
[00295638] 2 | 6 2 4 11 1 7 9 0 3 10 5 8 
[00295639] 4 | _ 2 6 11 1 7 9 0 3 10 5 _ 
[00295640] 3 | 5 2 6 11 1 7 9 0 3 10 5 _ 
[00295641] 3 | _ 2 6 11 1 7 9 0 3 10 5 2 
[00295642] 3 | _ 2 6 11 1 7 9 0 3 10 5 8 
[00295643] 2 | 4 2 6 11 1 7 9 0 3 10 5 8 
[00295644] 6 | _ 2 _ 11 1 _ 9 0 3 10 6 _ 
[00295645] 5 | 7 2 _ 11 1 _ 9 0 3 10 6 _ 
[00295646] 4 | 7 2 6 11 1 _ 9 0 3 10 6 _ 
[00295647] 3 | 7 2 6 11 1 4 9 0 3 10 6 _ 
[00295648] 4 | 7 2 _ 11 1 5 9 0 3 10 6 _ 
[00295649] 4 | 7 2 _ 11 1 _ 9 0 3 10 6 2 
[00295650] 3 | 7 2 _ 11 1 4 9 0 3 10 6 2 
[00295651] 5 | _ 2 7 11 1 _ 9 0 3 10 6 _ 
[00295652] 4 | 6 2 7 11 1 _ 9 0 3 10 6 _ 
[00295653] 3 | 6 2 7 11 1 4 9 0 3 10 6 _ 
[00295654] 4 | _ 2 7 11 1 5 9 0 3 10 6 _ 
[00295655] 4 | _ 2 7 11 1 _ 9 0 3 10 6 2 
[00295656] 3 | _ 2 7 11 1 4 9 0 3 10 6 2 
[00295657] 5 | _ 2 _ 11 1 6 9 0 3 10 6 _ 
[00295658] 5 | _ 2 _ 11 1 _ 9 0 3 10 6 1 
[00295659] 7 | _ 2 _ 11 1 _ 9 0 10 3 _ _ 
[00295660] 6 | 8 2 _ 11 1 _ 9 0 10 3 _ _ 
[00295661] 5 | 8 2 7 11 1 _ 9 0 10 3 _ _ 
[00295662] 4 | 8 2 7 11 1 5 9 0 10 3 _ _ 
[00295663] 4 | 8 2 7 11 1 _ 9 0 10 3 4 _ 
[00295664] 3 | 8 2 7 11 1 4 9 0 10 3 4 _ 
[00295665] 3 | 8 2 7 11 1 _ 9 0 10 3 4 1 
[00295666] 5 | 8 2 _ 11 1 6 9 0 10 3 _ _ 
[00295667] 4 | 8 2 _ 11 1 6 9 0 10 3 4 _ 
[00295668] 3 | 8 2 5 11 1 6 9 0 10 3 4 _ 
[00295669] 3 | 8 2 _ 11 1 6 9 0 10 3 4 7 
[00295670] 5 | 8 2 _ 11 1 _ 9 0 10 3 5 _ 
[00295671] 4 | 8 2 6 11 1 _ 9 0 10 3 5 _ 
[00295672] 3 | 8 2 6 11 1 4 9 0 10 3 5 _ 
[00295673] 2 | 8 2 6 11 1 4 9 0 10 3 5 7 
[00295674] 4 | 8 2 _ 11 1 5 9 0 10 3 5 _ 
[00295675] 4 | 8 2 _ 11 1 _ 9 0 10 3 5 1 
[00295676] 6 | _ 2 8 11 1 _ 9 0 10 3 _ _ 
[00295677] 5 | 7 2 8 11 1 _ 9 0 10 3 _ _ 
[00295678] 4 | 7 2 8 11 1 5 9 0 10 3 _ _ 
[00295679] 4 | 7 2 8 11 1 _ 9 0 10 3 4 _ 
[00295680] 3 | 7 2 8 11 1 4 9 0 10 3 4 _ 
[00295681] 3 | 7 2 8 11 1 _ 9 0 10 3 4 1 
[00295682] 5 | _ 2 8 11 1 6 9 0 10 3 _ _ 
[00295683] 4 | _ 2 8 11 1 6 9 0 10 3 4 _ 
[00295684] 3 | 5 2 8 11 1 6 9 0 10 3 4 _ 
[00295685] 3 | _ 2 8 11 1 6 9 0 10 3 4 7 
[00295686] 5 | _ 2 8 11 1 _ 9 0 10 3 5 _ 
[00295687] 4 | 6 2 8 11 1 _ 9 0 10 3 5 _ 
[00295688] 3 | 6 2 8 11 1 4 9 0 10 3 5 _ 
[00295689] 2 | 6 2 8 11 1 4 9 0 10 3 5 7 
[00295690] 4 | _ 2 8 11 1 5 9 0 10 3 5 _ 
[00295691] 4 | _ 2 8 11 1 _ 9 0 10 3 5 1 
[00295692] 6 | _ 2 _ 11 1 7 9 0 10 3 _ _ 
[00295693] 5 | _ 2 _ 11 1 7 9 0 10 3 5 _ 
[00295694] 4 | 6 2 _ 11 1 7 9 0 10 3 5 _ 
[00295695] 3 | 6 2 5 11 1 7 9 0 10 3 5 _ 
[00295696] 3 | 6 2 _ 11 1 7 9 0 10 3 5 2 
[00295697] 3 | 6 2 _ 11 1 7 9 0 10 3 5 8 
[00295698] 2 | 6 2 4 11 1 7 9 0 10 3 5 8 
[00295699] 4 | _ 2 6 11 1 7 9 0 10 3 5 _ 
[00295700] 3 | 5 2 6 11 1 7 9 0 10 3 5 _ 
[00295701] 3 | _ 2 6 11 1 7 9 0 10 3 5 2 
[00295702] 3 | _ 2 6 11 1 7 9 0 10 3 5 8 
[00295703] 2 | 4 2 6 11 1 7 9 0 10 3 5 8 
[00295704] 6 | _ 2 _ 11 1 _ 9 0 10 3 6 _ 
[00295705] 5 | 7 2 _ 11 1 _ 9 0 10 3 6 _ 
[00295706] 4 | 7 2 6 11 1 _ 9 0 10 3 6 _ 
[00295707] 3 | 7 2 6 11 1 4 9 0 10 3 6 _ 
[00295708] 4 | 7 2 _ 11 1 5 9 0 10 3 6 _ 
[00295709] 4 | 7 2 _ 11 1 _ 9 0 10 3 6 2 
[00295710] 3 | 7 2 _ 11 1 4 9 0 10 3 6 2 
[00295711] 5 | _ 2 7 11 1 _ 9 0 10 3 6 _ 
[00295712] 4 | 6 2 7 11 1 _ 9 0 10 3 6 _ 
[00295713] 3 | 6 2 7 11 1 4 9 0 10 3 6 _ 
[00295714] 4 | _ 2 7 11 1 5 9 0 10 3 6 _ 
[00295715] 4 | _ 2 7 11 1 _ 9 0 10 3 6 2 
[00295716] 3 | _ 2 7 11 1 4 9 0 10 3 6 2 
[00295717] 5 | _ 2 _ 11 1 6 9 0 10 3 6 _ 
[00295718] 5 | _ 2 _ 11 1 _ 9 0 10 3 6 1 
[00295719] 7 | _ 2 _ 11 1 _ 9 0 _ _ 7 _ 
[00295720] 6 | 8 2 _ 11 1 _ 9 0 _ _ 7 _ 
[00295721] 5 | 8 2 7 11 1 _ 9 0 _ _ 7 _ 
[00295722] 4 | 8 2 7 11 1 5 9 0 _ _ 7 _ 
[00295723] 3 | 8 2 7 11 1 5 9 0 3 _ 7 _ 
[00295724] 3 | 8 2 7 11 1 5 9 0 3 6 7 _ 
[00295725] 3 | 8 2 7 11 1 5 9 0 6 3 7 _ 
[00295726] 4 | 8 2 7 11 1 _ 9 0 4 _ 7 _ 
[00295727] 3 | 8 2 7 11 1 4 9 0 4 _ 7 _ 
[00295728] 3 | 8 2 7 11 1 _ 9 0 4 1 7 _ 
[00295729] 4 | 8 2 7 11 1 _ 9 0 6 10 7 _ 
[00295730] 3 | 8 2 7 11 1 4 9 0 6 10 7 _ 
[00295731] 4 | 8 2 7 11 1 _ 9 0 10 6 7 _ 
[00295732] 3 | 8 2 7 11 1 4 9 0 10 6 7 _ 
[00295733] 5 | 8 2 _ 11 1 6 9 0 _ _ 7 _ 
[00295734] 4 | 8 2 _ 11 1 6 9 0 4 _ 7 _ 
[00295735] 3 | 8 2 5 11 1 6 9 0 4 _ 7 _ 
[00295736] 3 | 8 2 _ 11 1 6 9 0 4 7 7 _ 
[00295737] 3 | 8 2 _ 11 1 6 9 0 4 _ 7 4 
[00295738] 3 | 8 2 _ 11 1 6 9 0 4 _ 7 10 
[00295739] 2 | 8 2 4 11 1 6 9 0 4 _ 7 10 
[00295740] 2 | 8 2 _ 11 1 6 9 0 4 2 7 10 
[00295741] 4 | 8 2 _ 11 1 6 9 0 _ _ 7 3 
[00295742] 3 | 8 2 5 11 1 6 9 0 _ _ 7 3 
[00295743] 5 | 8 2 _ 11 1 _ 9 0 5 _ 7 _ 
[00295744] 4 | 8 2 6 11 1 _ 9 0 5 _ 7 _ 
[00295745] 3 | 8 2 6 11 1 4 9 0 5 _ 7 _ 
[00295746] 2 | 8 2 6 11 1 4 9 0 5 3 7 _ 
[00295747] 2 | 8 2 6 11 1 4 9 0 5 7 7 _ 
[00295748] 2 | 8 2 6 11 1 4 9 0 5 _ 7 5 
[00295749] 3 | 8 2 6 11 1 _ 9 0 5 _ 7 4 
[00295750] 2 | 8 2 6 11 1 3 9 0 5 _ 7 4 
[00295751] 2 | 8 2 6 11 1 _ 9 0 5 3 7 4 
[00295752] 3 | 8 2 6 11 1 _ 9 0 5 _ 7 10 
[00295753] 2 | 8 2 6 11 1 3 9 0 5 _ 7 10 
[00295754] 1 | 8 2 6 11 1 3 9 0 5 4 7 10  *Graceful*
[00295754] 2 | 8 2 6 11 1 _ 9 0 5 3 7 10 
[00295755] 4 | 8 2 _ 11 1 5 9 0 5 _ 7 _ 
[00295756] 3 | 8 2 _ 11 1 5 9 0 5 _ 7 4 
[00295757] 3 | 8 2 _ 11 1 5 9 0 5 _ 7 10 
[00295758] 2 | 8 2 4 11 1 5 9 0 5 _ 7 10 
[00295759] 4 | 8 2 _ 11 1 _ 9 0 5 1 7 _ 
[00295760] 3 | 8 2 _ 11 1 _ 9 0 5 1 7 4 
[00295761] 3 | 8 2 _ 11 1 _ 9 0 5 1 7 10 
[00295762] 2 | 8 2 4 11 1 _ 9 0 5 1 7 10 
[00295763] 4 | 8 2 _ 11 1 _ 9 0 5 _ 7 3 
[00295764] 3 | 8 2 5 11 1 _ 9 0 5 _ 7 3 
[00295765] 3 | 8 2 _ 11 1 4 9 0 5 _ 7 3 
[00295766] 3 | 8 2 _ 11 1 _ 9 0 5 2 7 3 
[00295767] 5 | 8 2 _ 11 1 _ 9 0 5 10 7 _ 
[00295768] 4 | 8 2 6 11 1 _ 9 0 5 10 7 _ 
[00295769] 3 | 8 2 6 11 1 4 9 0 5 10 7 _ 
[00295770] 3 | 8 2 6 11 1 _ 9 0 5 10 7 4 
[00295771] 2 | 8 2 6 11 1 3 9 0 5 10 7 4 
[00295772] 4 | 8 2 _ 11 1 _ 9 0 5 10 7 3 
[00295773] 3 | 8 2 _ 11 1 4 9 0 5 10 7 3 
[00295774] 5 | 8 2 _ 11 1 _ 9 0 10 5 7 _ 
[00295775] 4 | 8 2 6 11 1 _ 9 0 10 5 7 _ 
[00295776] 3 | 8 2 6 11 1 4 9 0 10 5 7 _ 
[00295777] 3 | 8 2 6 11 1 _ 9 0 10 5 7 4 
[00295778] 2 | 8 2 6 11 1 3 9 0 10 5 7 4 
[00295779] 4 | 8 2 _ 11 1 _ 9 0 10 5 7 3 
[00295780] 3 | 8 2 _ 11 1 4 9 0 10 5 7 3 
[00295781] 5 | 8 2 _ 11 1 _ 9 0 _ _ 7 2 
[00295782] 4 | 8 2 _ 11 1 5 9 0 _ _ 7 2 
[00295783] 3 | 8 2 _ 11 1 5 9 0 3 _ 7 2 
[00295784] 3 | 8 2 _ 11 1 5 9 0 3 6 7 2 
[00295785] 3 | 8 2 _ 11 1 5 9 0 6 3 7 2 
[00295786] 4 | 8 2 _ 11 1 _ 9 0 4 _ 7 2 
[00295787] 3 | 8 2 _ 11 1 4 9 0 4 _ 7 2 
[00295788] 3 | 8 2 _ 11 1 _ 9 0 4 1 7 2 
[00295789] 4 | 8 2 _ 11 1 _ 9 0 6 10 7 2 
[00295790] 3 | 8 2 _ 11 1 4 9 0 6 10 7 2 
[00295791] 4 | 8 2 _ 11 1 _ 9 0 10 6 7 2 
[00295792] 3 | 8 2 _ 11 1 4 9 0 10 6 7 2 
[00295793] 6 | _ 2 8 11 1 _ 9 0 _ _ 7 _ 
[00295794] 5 | 7 2 8 11 1 _ 9 0 _ _ 7 _ 
[00295795] 4 | 7 2 8 11 1 5 9 0 _ _ 7 _ 
[00295796] 3 | 7 2 8 11 1 5 9 0 3 _ 7 _ 
[00295797] 3 | 7 2 8 11 1 5 9 0 3 6 7 _ 
[00295798] 3 | 7 2 8 11 1 5 9 0 6 3 7 _ 
[00295799] 4 | 7 2 8 11 1 _ 9 0 4 _ 7 _ 
[00295800] 3 | 7 2 8 11 1 4 9 0 4 _ 7 _ 
[00295801] 3 | 7 2 8 11 1 _ 9 0 4 1 7 _ 
[00295802] 4 | 7 2 8 11 1 _ 9 0 6 10 7 _ 
[00295803] 3 | 7 2 8 11 1 4 9 0 6 10 7 _ 
[00295804] 4 | 7 2 8 11 1 _ 9 0 10 6 7 _ 
[00295805] 3 | 7 2 8 11 1 4 9 0 10 6 7 _ 
[00295806] 5 | _ 2 8 11 1 6 9 0 _ _ 7 _ 
