[00391216] 3 | 7 10 2 1 8 _ 3 11 9 5 0 6 
[00391217] 5 | _ 10 2 1 8 _ _ 11 4 9 0 6 
[00391218] 5 | _ 10 2 1 8 _ _ 11 9 4 0 6 
[00391219] 7 | _ 10 2 1 _ _ _ 11 4 _ 0 _ 
[00391220] 6 | 4 10 2 1 _ _ _ 11 4 _ 0 _ 
[00391221] 5 | 4 10 2 1 6 _ _ 11 4 _ 0 _ 
[00391222] 5 | 4 10 2 1 3 8 _ 11 4 _ 0 _ 
[00391223] 4 | 4 10 2 1 3 8 7 11 4 _ 0 _ 
[00391224] 5 | 4 10 2 1 8 3 _ 11 4 _ 0 _ 
[00391225] 5 | 4 10 2 1 3 _ 8 11 4 _ 0 _ 
[00391226] 4 | 4 10 2 1 3 7 8 11 4 _ 0 _ 
[00391227] 5 | 4 10 2 1 8 _ 3 11 4 _ 0 _ 
[00391228] 5 | 4 10 2 1 _ _ _ 11 4 _ 0 5 
[00391229] 4 | 4 10 2 1 3 7 _ 11 4 _ 0 5 
[00391230] 3 | 4 10 2 1 3 7 6 11 4 _ 0 5 
[00391231] 4 | 4 10 2 1 7 3 _ 11 4 _ 0 5 
[00391232] 4 | 4 10 2 1 3 _ 7 11 4 _ 0 5 
[00391233] 3 | 4 10 2 1 3 6 7 11 4 _ 0 5 
[00391234] 4 | 4 10 2 1 7 _ 3 11 4 _ 0 5 
[00391235] 6 | _ 10 2 1 7 _ _ 11 4 _ 0 _ 
[00391236] 5 | 5 10 2 1 7 _ _ 11 4 _ 0 _ 
[00391237] 4 | 5 10 2 1 7 3 _ 11 4 _ 0 _ 
[00391238] 3 | 5 10 2 1 7 3 4 11 4 _ 0 _ 
[00391239] 3 | 5 10 2 1 7 3 _ 11 4 7 0 _ 
[00391240] 4 | 5 10 2 1 7 _ 3 11 4 _ 0 _ 
[00391241] 3 | 5 10 2 1 7 4 3 11 4 _ 0 _ 
[00391242] 3 | 5 10 2 1 7 _ 3 11 4 7 0 _ 
[00391243] 4 | 5 10 2 1 7 _ _ 11 4 0 0 _ 
[00391244] 4 | 5 10 2 1 7 _ _ 11 4 8 0 _ 
[00391245] 3 | 5 10 2 1 7 _ _ 11 4 8 0 3 
[00391246] 2 | 5 10 2 1 7 9 _ 11 4 8 0 3 
[00391247] 1 | 5 10 2 1 7 9 6 11 4 8 0 3  *Graceful*
[00391247] 2 | 5 10 2 1 7 _ 9 11 4 8 0 3 
[00391248] 1 | 5 10 2 1 7 6 9 11 4 8 0 3  *Graceful*
[00391248] 4 | 5 10 2 1 7 _ _ 11 4 _ 0 4 
[00391249] 5 | _ 10 2 1 7 _ _ 11 4 9 0 _ 
[00391250] 4 | 6 10 2 1 7 _ _ 11 4 9 0 _ 
[00391251] 3 | 6 10 2 1 7 _ _ 11 4 9 0 3 
[00391252] 2 | 6 10 2 1 7 5 _ 11 4 9 0 3 
[00391253] 1 | 6 10 2 1 7 5 8 11 4 9 0 3  *Graceful*
[00391253] 2 | 6 10 2 1 7 _ 5 11 4 9 0 3 
[00391254] 1 | 6 10 2 1 7 8 5 11 4 9 0 3  *Graceful*
[00391254] 4 | _ 10 2 1 7 3 _ 11 4 9 0 _ 
[00391255] 3 | 7 10 2 1 7 3 _ 11 4 9 0 _ 
[00391256] 3 | _ 10 2 1 7 3 10 11 4 9 0 _ 
[00391257] 4 | _ 10 2 1 7 _ 3 11 4 9 0 _ 
[00391258] 3 | 7 10 2 1 7 _ 3 11 4 9 0 _ 
[00391259] 3 | _ 10 2 1 7 10 3 11 4 9 0 _ 
[00391260] 5 | _ 10 2 1 7 _ _ 11 4 _ 0 5 
[00391261] 4 | 6 10 2 1 7 _ _ 11 4 _ 0 5 
[00391262] 3 | 6 10 2 1 7 4 _ 11 4 _ 0 5 
[00391263] 2 | 6 10 2 1 7 4 9 11 4 _ 0 5 
[00391264] 3 | 6 10 2 1 7 _ 4 11 4 _ 0 5 
[00391265] 2 | 6 10 2 1 7 9 4 11 4 _ 0 5 
[00391266] 3 | 6 10 2 1 7 _ _ 11 4 7 0 5 
[00391267] 4 | _ 10 2 1 7 3 _ 11 4 _ 0 5 
[00391268] 3 | 7 10 2 1 7 3 _ 11 4 _ 0 5 
[00391269] 2 | 7 10 2 1 7 3 _ 11 4 6 0 5 
[00391270] 3 | _ 10 2 1 7 3 4 11 4 _ 0 5 
[00391271] 2 | 8 10 2 1 7 3 4 11 4 _ 0 5 
[00391272] 3 | _ 10 2 1 7 3 10 11 4 _ 0 5 
[00391273] 2 | _ 10 2 1 7 3 10 11 4 6 0 5 
[00391274] 3 | _ 10 2 1 7 3 _ 11 4 7 0 5 
[00391275] 2 | 8 10 2 1 7 3 _ 11 4 7 0 5 
[00391276] 4 | _ 10 2 1 7 _ 3 11 4 _ 0 5 
[00391277] 3 | 7 10 2 1 7 _ 3 11 4 _ 0 5 
[00391278] 2 | 7 10 2 1 7 _ 3 11 4 6 0 5 
[00391279] 3 | _ 10 2 1 7 4 3 11 4 _ 0 5 
[00391280] 2 | 8 10 2 1 7 4 3 11 4 _ 0 5 
[00391281] 3 | _ 10 2 1 7 10 3 11 4 _ 0 5 
[00391282] 2 | _ 10 2 1 7 10 3 11 4 6 0 5 
[00391283] 3 | _ 10 2 1 7 _ 3 11 4 7 0 5 
[00391284] 2 | 8 10 2 1 7 _ 3 11 4 7 0 5 
[00391285] 4 | _ 10 2 1 7 _ _ 11 4 8 0 5 
[00391286] 3 | 7 10 2 1 7 _ _ 11 4 8 0 5 
[00391287] 3 | _ 10 2 1 7 10 _ 11 4 8 0 5 
[00391288] 2 | _ 10 2 1 7 10 9 11 4 8 0 5 
[00391289] 3 | _ 10 2 1 7 _ 10 11 4 8 0 5 
[00391290] 2 | _ 10 2 1 7 9 10 11 4 8 0 5 
[00391291] 6 | _ 10 2 1 3 9 _ 11 4 _ 0 _ 
[00391292] 5 | 5 10 2 1 3 9 _ 11 4 _ 0 _ 
[00391293] 4 | 5 10 2 1 3 9 7 11 4 _ 0 _ 
[00391294] 4 | 5 10 2 1 3 9 _ 11 4 0 0 _ 
[00391295] 3 | 5 10 2 1 3 9 6 11 4 0 0 _ 
[00391296] 4 | 5 10 2 1 3 9 _ 11 4 8 0 _ 
[00391297] 3 | 5 10 2 1 3 9 0 11 4 8 0 _ 
[00391298] 3 | 5 10 2 1 3 9 6 11 4 8 0 _ 
[00391299] 3 | 5 10 2 1 3 9 _ 11 4 8 0 3 
[00391300] 4 | 5 10 2 1 3 9 _ 11 4 _ 0 4 
[00391301] 3 | 5 10 2 1 3 9 6 11 4 _ 0 4 
[00391302] 5 | _ 10 2 1 3 9 8 11 4 _ 0 _ 
[00391303] 4 | 6 10 2 1 3 9 8 11 4 _ 0 _ 
[00391304] 3 | 6 10 2 1 3 9 8 11 4 7 0 _ 
[00391305] 4 | _ 10 2 1 3 9 8 11 4 0 0 _ 
[00391306] 3 | 7 10 2 1 3 9 8 11 4 0 0 _ 
[00391307] 4 | _ 10 2 1 3 9 8 11 4 _ 0 4 
[00391308] 3 | 7 10 2 1 3 9 8 11 4 _ 0 4 
[00391309] 5 | _ 10 2 1 3 9 _ 11 4 _ 0 5 
[00391310] 4 | 6 10 2 1 3 9 _ 11 4 _ 0 5 
[00391311] 3 | 6 10 2 1 3 9 _ 11 4 7 0 5 
[00391312] 4 | _ 10 2 1 3 9 7 11 4 _ 0 5 
[00391313] 4 | _ 10 2 1 3 9 _ 11 4 8 0 5 
[00391314] 3 | 7 10 2 1 3 9 _ 11 4 8 0 5 
[00391315] 3 | _ 10 2 1 3 9 6 11 4 8 0 5 
[00391316] 6 | _ 10 2 1 9 3 _ 11 4 _ 0 _ 
[00391317] 5 | 5 10 2 1 9 3 _ 11 4 _ 0 _ 
[00391318] 4 | 5 10 2 1 9 3 _ 11 4 0 0 _ 
[00391319] 3 | 5 10 2 1 9 3 6 11 4 0 0 _ 
[00391320] 4 | 5 10 2 1 9 3 _ 11 4 8 0 _ 
[00391321] 3 | 5 10 2 1 9 3 6 11 4 8 0 _ 
[00391322] 4 | 5 10 2 1 9 3 _ 11 4 _ 0 4 
[00391323] 3 | 5 10 2 1 9 3 6 11 4 _ 0 4 
[00391324] 5 | _ 10 2 1 9 3 4 11 4 _ 0 _ 
[00391325] 4 | 6 10 2 1 9 3 4 11 4 _ 0 _ 
[00391326] 5 | _ 10 2 1 9 3 _ 11 4 9 0 _ 
[00391327] 4 | 6 10 2 1 9 3 _ 11 4 9 0 _ 
[00391328] 5 | _ 10 2 1 9 3 _ 11 4 _ 0 5 
[00391329] 4 | 6 10 2 1 9 3 _ 11 4 _ 0 5 
[00391330] 3 | 6 10 2 1 9 3 _ 11 4 7 0 5 
[00391331] 4 | _ 10 2 1 9 3 _ 11 4 8 0 5 
[00391332] 3 | 7 10 2 1 9 3 _ 11 4 8 0 5 
[00391333] 3 | _ 10 2 1 9 3 6 11 4 8 0 5 
[00391334] 6 | _ 10 2 1 3 _ 9 11 4 _ 0 _ 
[00391335] 5 | 5 10 2 1 3 _ 9 11 4 _ 0 _ 
[00391336] 4 | 5 10 2 1 3 7 9 11 4 _ 0 _ 
[00391337] 4 | 5 10 2 1 3 _ 9 11 4 0 0 _ 
[00391338] 3 | 5 10 2 1 3 6 9 11 4 0 0 _ 
[00391339] 4 | 5 10 2 1 3 _ 9 11 4 8 0 _ 
[00391340] 3 | 5 10 2 1 3 0 9 11 4 8 0 _ 
[00391341] 3 | 5 10 2 1 3 6 9 11 4 8 0 _ 
[00391342] 3 | 5 10 2 1 3 _ 9 11 4 8 0 3 
[00391343] 4 | 5 10 2 1 3 _ 9 11 4 _ 0 4 
[00391344] 3 | 5 10 2 1 3 6 9 11 4 _ 0 4 
[00391345] 5 | _ 10 2 1 3 8 9 11 4 _ 0 _ 
[00391346] 4 | 6 10 2 1 3 8 9 11 4 _ 0 _ 
[00391347] 3 | 6 10 2 1 3 8 9 11 4 7 0 _ 
[00391348] 4 | _ 10 2 1 3 8 9 11 4 0 0 _ 
[00391349] 3 | 7 10 2 1 3 8 9 11 4 0 0 _ 
[00391350] 4 | _ 10 2 1 3 8 9 11 4 _ 0 4 
[00391351] 3 | 7 10 2 1 3 8 9 11 4 _ 0 4 
[00391352] 5 | _ 10 2 1 3 _ 9 11 4 _ 0 5 
[00391353] 4 | 6 10 2 1 3 _ 9 11 4 _ 0 5 
[00391354] 3 | 6 10 2 1 3 _ 9 11 4 7 0 5 
[00391355] 4 | _ 10 2 1 3 7 9 11 4 _ 0 5 
[00391356] 4 | _ 10 2 1 3 _ 9 11 4 8 0 5 
[00391357] 3 | 7 10 2 1 3 _ 9 11 4 8 0 5 
[00391358] 3 | _ 10 2 1 3 6 9 11 4 8 0 5 
[00391359] 6 | _ 10 2 1 9 _ 3 11 4 _ 0 _ 
[00391360] 5 | 5 10 2 1 9 _ 3 11 4 _ 0 _ 
[00391361] 4 | 5 10 2 1 9 _ 3 11 4 0 0 _ 
[00391362] 3 | 5 10 2 1 9 6 3 11 4 0 0 _ 
[00391363] 4 | 5 10 2 1 9 _ 3 11 4 8 0 _ 
[00391364] 3 | 5 10 2 1 9 6 3 11 4 8 0 _ 
[00391365] 4 | 5 10 2 1 9 _ 3 11 4 _ 0 4 
[00391366] 3 | 5 10 2 1 9 6 3 11 4 _ 0 4 
[00391367] 5 | _ 10 2 1 9 4 3 11 4 _ 0 _ 
[00391368] 4 | 6 10 2 1 9 4 3 11 4 _ 0 _ 
[00391369] 5 | _ 10 2 1 9 _ 3 11 4 9 0 _ 
[00391370] 4 | 6 10 2 1 9 _ 3 11 4 9 0 _ 
[00391371] 5 | _ 10 2 1 9 _ 3 11 4 _ 0 5 
[00391372] 4 | 6 10 2 1 9 _ 3 11 4 _ 0 5 
[00391373] 3 | 6 10 2 1 9 _ 3 11 4 7 0 5 
[00391374] 4 | _ 10 2 1 9 _ 3 11 4 8 0 5 
[00391375] 3 | 7 10 2 1 9 _ 3 11 4 8 0 5 
[00391376] 3 | _ 10 2 1 9 6 3 11 4 8 0 5 
[00391377] 6 | _ 10 2 1 _ _ _ 11 4 10 0 _ 
[00391378] 5 | _ 10 2 1 6 _ _ 11 4 10 0 _ 
[00391379] 5 | _ 10 2 1 3 8 _ 11 4 10 0 _ 
[00391380] 4 | _ 10 2 1 3 8 7 11 4 10 0 _ 
[00391381] 5 | _ 10 2 1 8 3 _ 11 4 10 0 _ 
[00391382] 5 | _ 10 2 1 3 _ 8 11 4 10 0 _ 
[00391383] 4 | _ 10 2 1 3 7 8 11 4 10 0 _ 
[00391384] 5 | _ 10 2 1 8 _ 3 11 4 10 0 _ 
[00391385] 5 | _ 10 2 1 _ _ _ 11 4 10 0 5 
[00391386] 4 | _ 10 2 1 3 7 _ 11 4 10 0 5 
[00391387] 3 | _ 10 2 1 3 7 6 11 4 10 0 5 
[00391388] 4 | _ 10 2 1 7 3 _ 11 4 10 0 5 
[00391389] 4 | _ 10 2 1 3 _ 7 11 4 10 0 5 
[00391390] 3 | _ 10 2 1 3 6 7 11 4 10 0 5 
[00391391] 4 | _ 10 2 1 7 _ 3 11 4 10 0 5 
[00391392] 6 | _ 10 2 1 _ _ _ 11 4 _ 0 6 
[00391393] 5 | 5 10 2 1 _ _ _ 11 4 _ 0 6 
[00391394] 4 | 5 10 2 1 3 7 _ 11 4 _ 0 6 
[00391395] 4 | 5 10 2 1 7 3 _ 11 4 _ 0 6 
[00391396] 3 | 5 10 2 1 7 3 4 11 4 _ 0 6 
[00391397] 3 | 5 10 2 1 7 3 _ 11 4 7 0 6 
[00391398] 4 | 5 10 2 1 3 _ 7 11 4 _ 0 6 
[00391399] 4 | 5 10 2 1 7 _ 3 11 4 _ 0 6 
[00391400] 3 | 5 10 2 1 7 4 3 11 4 _ 0 6 
[00391401] 3 | 5 10 2 1 7 _ 3 11 4 7 0 6 
[00391402] 4 | 5 10 2 1 _ _ _ 11 4 8 0 6 
[00391403] 5 | _ 10 2 1 3 8 _ 11 4 _ 0 6 
[00391404] 4 | _ 10 2 1 3 8 7 11 4 _ 0 6 
[00391405] 5 | _ 10 2 1 8 3 _ 11 4 _ 0 6 
[00391406] 4 | _ 10 2 1 8 3 4 11 4 _ 0 6 
[00391407] 3 | 7 10 2 1 8 3 4 11 4 _ 0 6 
[00391408] 4 | _ 10 2 1 8 3 _ 11 4 8 0 6 
[00391409] 3 | 7 10 2 1 8 3 _ 11 4 8 0 6 
[00391410] 5 | _ 10 2 1 3 _ 8 11 4 _ 0 6 
[00391411] 4 | _ 10 2 1 3 7 8 11 4 _ 0 6 
[00391412] 5 | _ 10 2 1 8 _ 3 11 4 _ 0 6 
[00391413] 4 | _ 10 2 1 8 4 3 11 4 _ 0 6 
[00391414] 3 | 7 10 2 1 8 4 3 11 4 _ 0 6 
[00391415] 4 | _ 10 2 1 8 _ 3 11 4 8 0 6 
[00391416] 3 | 7 10 2 1 8 _ 3 11 4 8 0 6 
[00391417] 5 | _ 10 2 1 _ _ _ 11 4 9 0 6 
[00391418] 4 | _ 10 2 1 5 _ _ 11 4 9 0 6 
[00391419] 3 | 7 10 2 1 5 _ _ 11 4 9 0 6 
[00391420] 2 | 7 10 2 1 5 3 _ 11 4 9 0 6 
[00391421] 2 | 7 10 2 1 5 _ 3 11 4 9 0 6 
[00391422] 3 | _ 10 2 1 5 8 _ 11 4 9 0 6 
[00391423] 2 | _ 10 2 1 5 8 3 11 4 9 0 6 
[00391424] 2 | _ 10 2 1 5 8 7 11 4 9 0 6 
[00391425] 3 | _ 10 2 1 5 _ 8 11 4 9 0 6 
[00391426] 2 | _ 10 2 1 5 3 8 11 4 9 0 6 
[00391427] 2 | _ 10 2 1 5 7 8 11 4 9 0 6 
[00391428] 4 | _ 10 2 1 3 7 _ 11 4 9 0 6 
[00391429] 4 | _ 10 2 1 7 3 _ 11 4 9 0 6 
[00391430] 3 | 7 10 2 1 7 3 _ 11 4 9 0 6 
[00391431] 3 | _ 10 2 1 7 3 10 11 4 9 0 6 
[00391432] 4 | _ 10 2 1 3 _ 7 11 4 9 0 6 
[00391433] 4 | _ 10 2 1 7 _ 3 11 4 9 0 6 
[00391434] 3 | 7 10 2 1 7 _ 3 11 4 9 0 6 
[00391435] 3 | _ 10 2 1 7 10 3 11 4 9 0 6 
[00391436] 7 | _ 10 2 1 _ _ _ 11 _ _ 0 7 
[00391437] 6 | 4 10 2 1 _ _ _ 11 _ _ 0 7 
[00391438] 5 | 4 10 2 1 6 _ _ 11 _ _ 0 7 
[00391439] 4 | 4 10 2 1 6 _ _ 11 5 9 0 7 
[00391440] 3 | 4 10 2 1 6 3 _ 11 5 9 0 7 
[00391441] 2 | 4 10 2 1 6 3 8 11 5 9 0 7 
[00391442] 3 | 4 10 2 1 6 _ 3 11 5 9 0 7 
[00391443] 2 | 4 10 2 1 6 8 3 11 5 9 0 7 
[00391444] 4 | 4 10 2 1 6 _ _ 11 9 5 0 7 
[00391445] 3 | 4 10 2 1 6 3 _ 11 9 5 0 7 
[00391446] 2 | 4 10 2 1 6 3 8 11 9 5 0 7 
[00391447] 3 | 4 10 2 1 6 _ 3 11 9 5 0 7 
[00391448] 2 | 4 10 2 1 6 8 3 11 9 5 0 7 
[00391449] 5 | 4 10 2 1 3 8 _ 11 _ _ 0 7 
[00391450] 4 | 4 10 2 1 3 8 _ 11 5 9 0 7 
[00391451] 3 | 4 10 2 1 3 8 6 11 5 9 0 7 
[00391452] 4 | 4 10 2 1 3 8 _ 11 9 5 0 7 
[00391453] 3 | 4 10 2 1 3 8 6 11 9 5 0 7 
[00391454] 5 | 4 10 2 1 8 3 _ 11 _ _ 0 7 
[00391455] 4 | 4 10 2 1 8 3 _ 11 5 9 0 7 
[00391456] 4 | 4 10 2 1 8 3 _ 11 9 5 0 7 
[00391457] 5 | 4 10 2 1 3 _ 8 11 _ _ 0 7 
[00391458] 4 | 4 10 2 1 3 _ 8 11 5 9 0 7 
[00391459] 3 | 4 10 2 1 3 6 8 11 5 9 0 7 
[00391460] 4 | 4 10 2 1 3 _ 8 11 9 5 0 7 
[00391461] 3 | 4 10 2 1 3 6 8 11 9 5 0 7 
[00391462] 5 | 4 10 2 1 8 _ 3 11 _ _ 0 7 
[00391463] 4 | 4 10 2 1 8 _ 3 11 5 9 0 7 
[00391464] 4 | 4 10 2 1 8 _ 3 11 9 5 0 7 
[00391465] 5 | 4 10 2 1 _ _ _ 11 6 _ 0 7 
[00391466] 4 | 4 10 2 1 5 _ _ 11 6 _ 0 7 
[00391467] 3 | 4 10 2 1 5 8 _ 11 6 _ 0 7 
[00391468] 2 | 4 10 2 1 5 8 3 11 6 _ 0 7 
[00391469] 3 | 4 10 2 1 5 _ 8 11 6 _ 0 7 
[00391470] 2 | 4 10 2 1 5 3 8 11 6 _ 0 7 
[00391471] 3 | 4 10 2 1 5 _ _ 11 6 3 0 7 
[00391472] 3 | 4 10 2 1 5 _ _ 11 6 9 0 7 
[00391473] 2 | 4 10 2 1 5 3 _ 11 6 9 0 7 
[00391474] 2 | 4 10 2 1 5 _ 3 11 6 9 0 7 
[00391475] 4 | 4 10 2 1 5 9 _ 11 6 _ 0 7 
[00391476] 3 | 4 10 2 1 5 9 8 11 6 _ 0 7 
[00391477] 3 | 4 10 2 1 5 9 _ 11 6 3 0 7 
[00391478] 4 | 4 10 2 1 9 5 _ 11 6 _ 0 7 
[00391479] 3 | 4 10 2 1 9 5 6 11 6 _ 0 7 
[00391480] 3 | 4 10 2 1 9 5 _ 11 6 3 0 7 
[00391481] 3 | 4 10 2 1 9 5 _ 11 6 9 0 7 
[00391482] 4 | 4 10 2 1 5 _ 9 11 6 _ 0 7 
[00391483] 3 | 4 10 2 1 5 8 9 11 6 _ 0 7 
[00391484] 3 | 4 10 2 1 5 _ 9 11 6 3 0 7 
[00391485] 4 | 4 10 2 1 9 _ 5 11 6 _ 0 7 
[00391486] 3 | 4 10 2 1 9 6 5 11 6 _ 0 7 
[00391487] 3 | 4 10 2 1 9 _ 5 11 6 3 0 7 
[00391488] 3 | 4 10 2 1 9 _ 5 11 6 9 0 7 
[00391489] 5 | 4 10 2 1 _ _ _ 11 3 8 0 7 
[00391490] 4 | 4 10 2 1 5 _ _ 11 3 8 0 7 
[00391491] 4 | 4 10 2 1 5 9 _ 11 3 8 0 7 
[00391492] 4 | 4 10 2 1 9 5 _ 11 3 8 0 7 
[00391493] 3 | 4 10 2 1 9 5 6 11 3 8 0 7 
[00391494] 4 | 4 10 2 1 5 _ 9 11 3 8 0 7 
[00391495] 4 | 4 10 2 1 9 _ 5 11 3 8 0 7 
[00391496] 3 | 4 10 2 1 9 6 5 11 3 8 0 7 
[00391497] 5 | 4 10 2 1 _ _ _ 11 8 3 0 7 
[00391498] 4 | 4 10 2 1 5 _ _ 11 8 3 0 7 
[00391499] 4 | 4 10 2 1 5 9 _ 11 8 3 0 7 
[00391500] 4 | 4 10 2 1 9 5 _ 11 8 3 0 7 
[00391501] 3 | 4 10 2 1 9 5 6 11 8 3 0 7 
[00391502] 4 | 4 10 2 1 5 _ 9 11 8 3 0 7 
[00391503] 4 | 4 10 2 1 9 _ 5 11 8 3 0 7 
[00391504] 3 | 4 10 2 1 9 6 5 11 8 3 0 7 
[00391505] 6 | _ 10 2 1 3 9 _ 11 _ _ 0 7 
[00391506] 5 | 5 10 2 1 3 9 _ 11 _ _ 0 7 
[00391507] 4 | 5 10 2 1 3 9 _ 11 4 8 0 7 
[00391508] 3 | 5 10 2 1 3 9 6 11 4 8 0 7 
[00391509] 4 | 5 10 2 1 3 9 _ 11 8 4 0 7 
[00391510] 3 | 5 10 2 1 3 9 6 11 8 4 0 7 
[00391511] 5 | _ 10 2 1 3 9 8 11 _ _ 0 7 
[00391512] 4 | 6 10 2 1 3 9 8 11 _ _ 0 7 
[00391513] 5 | _ 10 2 1 3 9 _ 11 6 _ 0 7 
[00391514] 4 | 6 10 2 1 3 9 _ 11 6 _ 0 7 
[00391515] 4 | _ 10 2 1 3 9 _ 11 6 10 0 7 
[00391516] 6 | _ 10 2 1 9 3 _ 11 _ _ 0 7 
[00391517] 5 | 5 10 2 1 9 3 _ 11 _ _ 0 7 
[00391518] 4 | 5 10 2 1 9 3 _ 11 4 8 0 7 
[00391519] 3 | 5 10 2 1 9 3 6 11 4 8 0 7 
[00391520] 4 | 5 10 2 1 9 3 _ 11 8 4 0 7 
[00391521] 3 | 5 10 2 1 9 3 6 11 8 4 0 7 
[00391522] 5 | _ 10 2 1 9 3 4 11 _ _ 0 7 
[00391523] 4 | 6 10 2 1 9 3 4 11 _ _ 0 7 
[00391524] 3 | 6 10 2 1 9 3 4 11 8 _ 0 7 
[00391525] 3 | 6 10 2 1 9 3 4 11 5 8 0 7 
[00391526] 3 | 6 10 2 1 9 3 4 11 8 5 0 7 
[00391527] 5 | _ 10 2 1 9 3 _ 11 6 _ 0 7 
[00391528] 4 | 6 10 2 1 9 3 _ 11 6 _ 0 7 
[00391529] 4 | _ 10 2 1 9 3 5 11 6 _ 0 7 
[00391530] 4 | _ 10 2 1 9 3 _ 11 6 10 0 7 
[00391531] 6 | _ 10 2 1 3 _ 9 11 _ _ 0 7 
[00391532] 5 | 5 10 2 1 3 _ 9 11 _ _ 0 7 
[00391533] 4 | 5 10 2 1 3 _ 9 11 4 8 0 7 
[00391534] 3 | 5 10 2 1 3 6 9 11 4 8 0 7 
[00391535] 4 | 5 10 2 1 3 _ 9 11 8 4 0 7 
[00391536] 3 | 5 10 2 1 3 6 9 11 8 4 0 7 
[00391537] 5 | _ 10 2 1 3 8 9 11 _ _ 0 7 
[00391538] 4 | 6 10 2 1 3 8 9 11 _ _ 0 7 
[00391539] 5 | _ 10 2 1 3 _ 9 11 6 _ 0 7 
[00391540] 4 | 6 10 2 1 3 _ 9 11 6 _ 0 7 
[00391541] 4 | _ 10 2 1 3 _ 9 11 6 10 0 7 
[00391542] 6 | _ 10 2 1 9 _ 3 11 _ _ 0 7 
[00391543] 5 | 5 10 2 1 9 _ 3 11 _ _ 0 7 
[00391544] 4 | 5 10 2 1 9 _ 3 11 4 8 0 7 
[00391545] 3 | 5 10 2 1 9 6 3 11 4 8 0 7 
[00391546] 4 | 5 10 2 1 9 _ 3 11 8 4 0 7 
[00391547] 3 | 5 10 2 1 9 6 3 11 8 4 0 7 
[00391548] 5 | _ 10 2 1 9 4 3 11 _ _ 0 7 
[00391549] 4 | 6 10 2 1 9 4 3 11 _ _ 0 7 
[00391550] 3 | 6 10 2 1 9 4 3 11 8 _ 0 7 
[00391551] 3 | 6 10 2 1 9 4 3 11 5 8 0 7 
[00391552] 3 | 6 10 2 1 9 4 3 11 8 5 0 7 
[00391553] 5 | _ 10 2 1 9 _ 3 11 6 _ 0 7 
[00391554] 4 | 6 10 2 1 9 _ 3 11 6 _ 0 7 
[00391555] 4 | _ 10 2 1 9 5 3 11 6 _ 0 7 
[00391556] 4 | _ 10 2 1 9 _ 3 11 6 10 0 7 
[00391557] 6 | _ 10 2 1 _ _ _ 11 5 _ 0 7 
[00391558] 5 | 5 10 2 1 _ _ _ 11 5 _ 0 7 
[00391559] 4 | 5 10 2 1 4 8 _ 11 5 _ 0 7 
[00391560] 4 | 5 10 2 1 8 4 _ 11 5 _ 0 7 
[00391561] 4 | 5 10 2 1 4 _ 8 11 5 _ 0 7 
[00391562] 4 | 5 10 2 1 8 _ 4 11 5 _ 0 7 
[00391563] 5 | _ 10 2 1 6 _ _ 11 5 _ 0 7 
[00391564] 4 | 6 10 2 1 6 _ _ 11 5 _ 0 7 
[00391565] 3 | 6 10 2 1 6 _ _ 11 5 8 0 7 
[00391566] 4 | _ 10 2 1 6 10 _ 11 5 _ 0 7 
[00391567] 3 | _ 10 2 1 6 10 3 11 5 _ 0 7 
[00391568] 3 | _ 10 2 1 6 10 9 11 5 _ 0 7 
[00391569] 2 | _ 10 2 1 6 10 9 11 5 3 0 7 
[00391570] 3 | _ 10 2 1 6 10 _ 11 5 8 0 7 
[00391571] 2 | _ 10 2 1 6 10 4 11 5 8 0 7 
[00391572] 4 | _ 10 2 1 6 _ 10 11 5 _ 0 7 
[00391573] 3 | _ 10 2 1 6 3 10 11 5 _ 0 7 
[00391574] 3 | _ 10 2 1 6 9 10 11 5 _ 0 7 
[00391575] 2 | _ 10 2 1 6 9 10 11 5 3 0 7 
[00391576] 3 | _ 10 2 1 6 _ 10 11 5 8 0 7 
[00391577] 2 | _ 10 2 1 6 4 10 11 5 8 0 7 
[00391578] 4 | _ 10 2 1 6 _ _ 11 5 9 0 7 
[00391579] 3 | _ 10 2 1 6 3 _ 11 5 9 0 7 
[00391580] 2 | 8 10 2 1 6 3 _ 11 5 9 0 7 
[00391581] 2 | _ 10 2 1 6 3 4 11 5 9 0 7 
[00391582] 2 | _ 10 2 1 6 3 8 11 5 9 0 7 
[00391583] 3 | _ 10 2 1 6 _ 3 11 5 9 0 7 
[00391584] 2 | 8 10 2 1 6 _ 3 11 5 9 0 7 
[00391585] 2 | _ 10 2 1 6 4 3 11 5 9 0 7 
[00391586] 2 | _ 10 2 1 6 8 3 11 5 9 0 7 
[00391587] 5 | _ 10 2 1 3 8 _ 11 5 _ 0 7 
[00391588] 4 | 6 10 2 1 3 8 _ 11 5 _ 0 7 
[00391589] 4 | _ 10 2 1 3 8 _ 11 5 9 0 7 
[00391590] 3 | _ 10 2 1 3 8 6 11 5 9 0 7 
[00391591] 5 | _ 10 2 1 4 9 _ 11 5 _ 0 7 
[00391592] 4 | 6 10 2 1 4 9 _ 11 5 _ 0 7 
[00391593] 3 | 6 10 2 1 4 9 _ 11 5 8 0 7 
[00391594] 4 | _ 10 2 1 4 9 8 11 5 _ 0 7 
[00391595] 5 | _ 10 2 1 8 3 _ 11 5 _ 0 7 
[00391596] 4 | 6 10 2 1 8 3 _ 11 5 _ 0 7 
[00391597] 3 | 6 10 2 1 8 3 5 11 5 _ 0 7 
[00391598] 3 | 6 10 2 1 8 3 _ 11 5 8 0 7 
[00391599] 4 | _ 10 2 1 8 3 4 11 5 _ 0 7 
[00391600] 4 | _ 10 2 1 8 3 _ 11 5 9 0 7 
[00391601] 5 | _ 10 2 1 9 4 _ 11 5 _ 0 7 
[00391602] 4 | 6 10 2 1 9 4 _ 11 5 _ 0 7 
[00391603] 3 | 6 10 2 1 9 4 _ 11 5 8 0 7 
[00391604] 4 | _ 10 2 1 9 4 5 11 5 _ 0 7 
[00391605] 4 | _ 10 2 1 9 4 _ 11 5 9 0 7 
[00391606] 5 | _ 10 2 1 3 _ 8 11 5 _ 0 7 
[00391607] 4 | 6 10 2 1 3 _ 8 11 5 _ 0 7 
[00391608] 4 | _ 10 2 1 3 _ 8 11 5 9 0 7 
[00391609] 3 | _ 10 2 1 3 6 8 11 5 9 0 7 
[00391610] 5 | _ 10 2 1 4 _ 9 11 5 _ 0 7 
[00391611] 4 | 6 10 2 1 4 _ 9 11 5 _ 0 7 
[00391612] 3 | 6 10 2 1 4 _ 9 11 5 8 0 7 
[00391613] 4 | _ 10 2 1 4 8 9 11 5 _ 0 7 
[00391614] 5 | _ 10 2 1 8 _ 3 11 5 _ 0 7 
[00391615] 4 | 6 10 2 1 8 _ 3 11 5 _ 0 7 
[00391616] 3 | 6 10 2 1 8 5 3 11 5 _ 0 7 
[00391617] 3 | 6 10 2 1 8 _ 3 11 5 8 0 7 
[00391618] 4 | _ 10 2 1 8 4 3 11 5 _ 0 7 
[00391619] 4 | _ 10 2 1 8 _ 3 11 5 9 0 7 
[00391620] 5 | _ 10 2 1 9 _ 4 11 5 _ 0 7 
[00391621] 4 | 6 10 2 1 9 _ 4 11 5 _ 0 7 
[00391622] 3 | 6 10 2 1 9 _ 4 11 5 8 0 7 
[00391623] 4 | _ 10 2 1 9 5 4 11 5 _ 0 7 
[00391624] 4 | _ 10 2 1 9 _ 4 11 5 9 0 7 
[00391625] 5 | _ 10 2 1 _ _ _ 11 5 10 0 7 
[00391626] 4 | _ 10 2 1 4 8 _ 11 5 10 0 7 
[00391627] 4 | _ 10 2 1 8 4 _ 11 5 10 0 7 
[00391628] 4 | _ 10 2 1 4 _ 8 11 5 10 0 7 
[00391629] 4 | _ 10 2 1 8 _ 4 11 5 10 0 7 
[00391630] 6 | _ 10 2 1 _ _ _ 11 3 9 0 7 
[00391631] 5 | 5 10 2 1 _ _ _ 11 3 9 0 7 
[00391632] 4 | 5 10 2 1 4 8 _ 11 3 9 0 7 
[00391633] 4 | 5 10 2 1 8 4 _ 11 3 9 0 7 
[00391634] 4 | 5 10 2 1 4 _ 8 11 3 9 0 7 
[00391635] 4 | 5 10 2 1 8 _ 4 11 3 9 0 7 
[00391636] 5 | _ 10 2 1 6 _ _ 11 3 9 0 7 
[00391637] 4 | 6 10 2 1 6 _ _ 11 3 9 0 7 
[00391638] 4 | _ 10 2 1 6 10 _ 11 3 9 0 7 
[00391639] 4 | _ 10 2 1 6 _ 10 11 3 9 0 7 
[00391640] 6 | _ 10 2 1 _ _ _ 11 9 3 0 7 
[00391641] 5 | 5 10 2 1 _ _ _ 11 9 3 0 7 
[00391642] 4 | 5 10 2 1 4 8 _ 11 9 3 0 7 
[00391643] 4 | 5 10 2 1 8 4 _ 11 9 3 0 7 
[00391644] 4 | 5 10 2 1 4 _ 8 11 9 3 0 7 
[00391645] 4 | 5 10 2 1 8 _ 4 11 9 3 0 7 
[00391646] 5 | _ 10 2 1 6 _ _ 11 9 3 0 7 
[00391647] 4 | 6 10 2 1 6 _ _ 11 9 3 0 7 
[00391648] 4 | _ 10 2 1 6 10 _ 11 9 3 0 7 
[00391649] 4 | _ 10 2 1 6 _ 10 11 9 3 0 7 
[00391650] 8 | _ 10 _ 1 9 _ _ 11 _ _ 0 _ 
[00391651] 7 | 3 10 _ 1 9 _ _ 11 _ _ 0 _ 
[00391652] 6 | 3 10 4 1 9 _ _ 11 _ _ 0 _ 
[00391653] 5 | 3 10 4 1 9 _ _ 11 6 _ 0 _ 
[00391654] 4 | 3 10 4 1 9 5 _ 11 6 _ 0 _ 
[00391655] 3 | 3 10 4 1 9 5 6 11 6 _ 0 _ 
[00391656] 2 | 3 10 4 1 9 5 6 11 6 _ 0 2 
[00391657] 3 | 3 10 4 1 9 5 _ 11 6 9 0 _ 
[00391658] 2 | 3 10 4 1 9 5 _ 11 6 9 0 2 
[00391659] 4 | 3 10 4 1 9 _ 5 11 6 _ 0 _ 
[00391660] 3 | 3 10 4 1 9 6 5 11 6 _ 0 _ 
[00391661] 2 | 3 10 4 1 9 6 5 11 6 _ 0 2 
[00391662] 3 | 3 10 4 1 9 _ 5 11 6 9 0 _ 
[00391663] 2 | 3 10 4 1 9 _ 5 11 6 9 0 2 
[00391664] 4 | 3 10 4 1 9 _ _ 11 6 2 0 _ 
[00391665] 5 | 3 10 4 1 9 _ _ 11 2 7 0 _ 
[00391666] 4 | 3 10 4 1 9 5 _ 11 2 7 0 _ 
[00391667] 3 | 3 10 4 1 9 5 6 11 2 7 0 _ 
[00391668] 4 | 3 10 4 1 9 _ 5 11 2 7 0 _ 
[00391669] 3 | 3 10 4 1 9 6 5 11 2 7 0 _ 
[00391670] 5 | 3 10 4 1 9 _ _ 11 7 2 0 _ 
[00391671] 4 | 3 10 4 1 9 5 _ 11 7 2 0 _ 
[00391672] 3 | 3 10 4 1 9 5 6 11 7 2 0 _ 
[00391673] 4 | 3 10 4 1 9 _ 5 11 7 2 0 _ 
[00391674] 3 | 3 10 4 1 9 6 5 11 7 2 0 _ 
[00391675] 5 | 3 10 4 1 9 _ _ 11 _ _ 0 5 
[00391676] 4 | 3 10 4 1 9 _ _ 11 7 _ 0 5 
[00391677] 3 | 3 10 4 1 9 6 _ 11 7 _ 0 5 
[00391678] 2 | 3 10 4 1 9 6 7 11 7 _ 0 5 
[00391679] 2 | 3 10 4 1 9 6 _ 11 7 9 0 5 
[00391680] 3 | 3 10 4 1 9 _ 6 11 7 _ 0 5 
[00391681] 2 | 3 10 4 1 9 7 6 11 7 _ 0 5 
[00391682] 2 | 3 10 4 1 9 _ 6 11 7 9 0 5 
[00391683] 4 | 3 10 4 1 9 _ _ 11 2 6 0 5 
[00391684] 4 | 3 10 4 1 9 _ _ 11 6 2 0 5 
[00391685] 6 | 3 10 _ 1 9 _ _ 11 5 _ 0 _ 
[00391686] 5 | 3 10 5 1 9 _ _ 11 5 _ 0 _ 
[00391687] 4 | 3 10 5 1 9 _ _ 11 5 _ 0 4 
[00391688] 3 | 3 10 5 1 9 6 _ 11 5 _ 0 4 
[00391689] 2 | 3 10 5 1 9 6 7 11 5 _ 0 4 
[00391690] 3 | 3 10 5 1 9 _ 6 11 5 _ 0 4 
[00391691] 2 | 3 10 5 1 9 7 6 11 5 _ 0 4 
[00391692] 5 | 3 10 _ 1 9 4 _ 11 5 _ 0 _ 
[00391693] 4 | 3 10 6 1 9 4 _ 11 5 _ 0 _ 
[00391694] 3 | 3 10 6 1 9 4 _ 11 5 2 0 _ 
[00391695] 2 | 3 10 6 1 9 4 7 11 5 2 0 _ 
[00391696] 3 | 3 10 6 1 9 4 _ 11 5 8 0 _ 
[00391697] 2 | 3 10 6 1 9 4 7 11 5 8 0 _ 
[00391698] 2 | 3 10 6 1 9 4 _ 11 5 8 0 2 
[00391699] 4 | 3 10 _ 1 9 4 5 11 5 _ 0 _ 
[00391700] 3 | 3 10 7 1 9 4 5 11 5 _ 0 _ 
[00391701] 2 | 3 10 7 1 9 4 5 11 5 _ 0 2 
[00391702] 4 | 3 10 _ 1 9 4 _ 11 5 9 0 _ 
[00391703] 3 | 3 10 7 1 9 4 _ 11 5 9 0 _ 
[00391704] 2 | 3 10 7 1 9 4 _ 11 5 9 0 2 
[00391705] 5 | 3 10 _ 1 9 _ 4 11 5 _ 0 _ 
[00391706] 4 | 3 10 6 1 9 _ 4 11 5 _ 0 _ 
[00391707] 3 | 3 10 6 1 9 _ 4 11 5 2 0 _ 
[00391708] 2 | 3 10 6 1 9 7 4 11 5 2 0 _ 
[00391709] 3 | 3 10 6 1 9 _ 4 11 5 8 0 _ 
[00391710] 2 | 3 10 6 1 9 7 4 11 5 8 0 _ 
[00391711] 2 | 3 10 6 1 9 _ 4 11 5 8 0 2 
