[00364946] 3 | 4 9 3 2 7 10 _ 11 0 8 1 5 
[00364947] 3 | 4 9 3 2 10 7 _ 11 0 8 1 5 
[00364948] 3 | 4 9 3 2 7 _ 10 11 0 8 1 5 
[00364949] 3 | 4 9 3 2 10 _ 7 11 0 8 1 5 
[00364950] 5 | _ 9 3 2 7 _ _ 11 0 8 1 _ 
[00364951] 4 | 5 9 3 2 7 _ _ 11 0 8 1 _ 
[00364952] 3 | 5 9 3 2 7 4 _ 11 0 8 1 _ 
[00364953] 3 | 5 9 3 2 7 10 _ 11 0 8 1 _ 
[00364954] 3 | 5 9 3 2 7 _ 4 11 0 8 1 _ 
[00364955] 3 | 5 9 3 2 7 _ 10 11 0 8 1 _ 
[00364956] 3 | 5 9 3 2 7 _ _ 11 0 8 1 4 
[00364957] 4 | _ 9 3 2 7 _ _ 11 0 8 1 5 
[00364958] 3 | 6 9 3 2 7 _ _ 11 0 8 1 5 
[00364959] 3 | _ 9 3 2 7 4 _ 11 0 8 1 5 
[00364960] 2 | 7 9 3 2 7 4 _ 11 0 8 1 5 
[00364961] 2 | _ 9 3 2 7 4 9 11 0 8 1 5 
[00364962] 3 | _ 9 3 2 7 10 _ 11 0 8 1 5 
[00364963] 2 | 7 9 3 2 7 10 _ 11 0 8 1 5 
[00364964] 2 | _ 9 3 2 7 10 9 11 0 8 1 5 
[00364965] 3 | _ 9 3 2 7 _ 4 11 0 8 1 5 
[00364966] 2 | 7 9 3 2 7 _ 4 11 0 8 1 5 
[00364967] 2 | _ 9 3 2 7 9 4 11 0 8 1 5 
[00364968] 3 | _ 9 3 2 7 _ 10 11 0 8 1 5 
[00364969] 2 | 7 9 3 2 7 _ 10 11 0 8 1 5 
[00364970] 2 | _ 9 3 2 7 9 10 11 0 8 1 5 
[00364971] 5 | _ 9 3 2 5 10 _ 11 0 8 1 _ 
[00364972] 4 | 5 9 3 2 5 10 _ 11 0 8 1 _ 
[00364973] 3 | 5 9 3 2 5 10 _ 11 0 8 1 4 
[00364974] 4 | _ 9 3 2 5 10 1 11 0 8 1 _ 
[00364975] 3 | 6 9 3 2 5 10 1 11 0 8 1 _ 
[00364976] 4 | _ 9 3 2 5 10 9 11 0 8 1 _ 
[00364977] 3 | _ 9 3 2 5 10 9 11 0 8 1 4 
[00364978] 4 | _ 9 3 2 5 10 _ 11 0 8 1 5 
[00364979] 3 | 6 9 3 2 5 10 _ 11 0 8 1 5 
[00364980] 5 | _ 9 3 2 10 5 _ 11 0 8 1 _ 
[00364981] 4 | _ 9 3 2 10 5 6 11 0 8 1 _ 
[00364982] 3 | _ 9 3 2 10 5 6 11 0 8 1 4 
[00364983] 2 | 7 9 3 2 10 5 6 11 0 8 1 4 
[00364984] 5 | _ 9 3 2 5 _ 10 11 0 8 1 _ 
[00364985] 4 | 5 9 3 2 5 _ 10 11 0 8 1 _ 
[00364986] 3 | 5 9 3 2 5 _ 10 11 0 8 1 4 
[00364987] 4 | _ 9 3 2 5 1 10 11 0 8 1 _ 
[00364988] 3 | 6 9 3 2 5 1 10 11 0 8 1 _ 
[00364989] 4 | _ 9 3 2 5 9 10 11 0 8 1 _ 
[00364990] 3 | _ 9 3 2 5 9 10 11 0 8 1 4 
[00364991] 4 | _ 9 3 2 5 _ 10 11 0 8 1 5 
[00364992] 3 | 6 9 3 2 5 _ 10 11 0 8 1 5 
[00364993] 5 | _ 9 3 2 10 _ 5 11 0 8 1 _ 
[00364994] 4 | _ 9 3 2 10 6 5 11 0 8 1 _ 
[00364995] 3 | _ 9 3 2 10 6 5 11 0 8 1 4 
[00364996] 2 | 7 9 3 2 10 6 5 11 0 8 1 4 
[00364997] 5 | _ 9 3 2 _ _ _ 11 0 8 1 6 
[00364998] 4 | 5 9 3 2 _ _ _ 11 0 8 1 6 
[00364999] 3 | 5 9 3 2 4 7 _ 11 0 8 1 6 
[00365000] 3 | 5 9 3 2 7 10 _ 11 0 8 1 6 
[00365001] 3 | 5 9 3 2 7 4 _ 11 0 8 1 6 
[00365002] 3 | 5 9 3 2 10 7 _ 11 0 8 1 6 
[00365003] 3 | 5 9 3 2 4 _ 7 11 0 8 1 6 
[00365004] 3 | 5 9 3 2 7 _ 10 11 0 8 1 6 
[00365005] 3 | 5 9 3 2 7 _ 4 11 0 8 1 6 
[00365006] 3 | 5 9 3 2 10 _ 7 11 0 8 1 6 
[00365007] 6 | _ 9 _ 2 4 10 _ 11 0 8 1 _ 
[00365008] 5 | 4 9 _ 2 4 10 _ 11 0 8 1 _ 
[00365009] 4 | 4 9 5 2 4 10 _ 11 0 8 1 _ 
[00365010] 4 | 4 9 _ 2 4 10 _ 11 0 8 1 5 
[00365011] 3 | 4 9 6 2 4 10 _ 11 0 8 1 5 
[00365012] 5 | _ 9 4 2 4 10 _ 11 0 8 1 _ 
[00365013] 4 | 5 9 4 2 4 10 _ 11 0 8 1 _ 
[00365014] 4 | _ 9 4 2 4 10 _ 11 0 8 1 5 
[00365015] 3 | 6 9 4 2 4 10 _ 11 0 8 1 5 
[00365016] 5 | _ 9 _ 2 4 10 9 11 0 8 1 _ 
[00365017] 4 | _ 9 _ 2 4 10 9 11 0 8 1 5 
[00365018] 5 | _ 9 _ 2 4 10 _ 11 0 8 1 6 
[00365019] 4 | 5 9 _ 2 4 10 _ 11 0 8 1 6 
[00365020] 3 | 5 9 _ 2 4 10 7 11 0 8 1 6 
[00365021] 4 | _ 9 5 2 4 10 _ 11 0 8 1 6 
[00365022] 3 | _ 9 5 2 4 10 7 11 0 8 1 6 
[00365023] 6 | _ 9 _ 2 10 4 _ 11 0 8 1 _ 
[00365024] 5 | _ 9 _ 2 10 4 5 11 0 8 1 _ 
[00365025] 5 | _ 9 _ 2 10 4 _ 11 0 8 1 6 
[00365026] 4 | 5 9 _ 2 10 4 _ 11 0 8 1 6 
[00365027] 3 | 5 9 _ 2 10 4 7 11 0 8 1 6 
[00365028] 4 | _ 9 5 2 10 4 _ 11 0 8 1 6 
[00365029] 3 | _ 9 5 2 10 4 7 11 0 8 1 6 
[00365030] 6 | _ 9 _ 2 4 _ 10 11 0 8 1 _ 
[00365031] 5 | 4 9 _ 2 4 _ 10 11 0 8 1 _ 
[00365032] 4 | 4 9 5 2 4 _ 10 11 0 8 1 _ 
[00365033] 4 | 4 9 _ 2 4 _ 10 11 0 8 1 5 
[00365034] 3 | 4 9 6 2 4 _ 10 11 0 8 1 5 
[00365035] 5 | _ 9 4 2 4 _ 10 11 0 8 1 _ 
[00365036] 4 | 5 9 4 2 4 _ 10 11 0 8 1 _ 
[00365037] 4 | _ 9 4 2 4 _ 10 11 0 8 1 5 
[00365038] 3 | 6 9 4 2 4 _ 10 11 0 8 1 5 
[00365039] 5 | _ 9 _ 2 4 9 10 11 0 8 1 _ 
[00365040] 4 | _ 9 _ 2 4 9 10 11 0 8 1 5 
[00365041] 5 | _ 9 _ 2 4 _ 10 11 0 8 1 6 
[00365042] 4 | 5 9 _ 2 4 _ 10 11 0 8 1 6 
[00365043] 3 | 5 9 _ 2 4 7 10 11 0 8 1 6 
[00365044] 4 | _ 9 5 2 4 _ 10 11 0 8 1 6 
[00365045] 3 | _ 9 5 2 4 7 10 11 0 8 1 6 
[00365046] 6 | _ 9 _ 2 10 _ 4 11 0 8 1 _ 
[00365047] 5 | _ 9 _ 2 10 5 4 11 0 8 1 _ 
[00365048] 5 | _ 9 _ 2 10 _ 4 11 0 8 1 6 
[00365049] 4 | 5 9 _ 2 10 _ 4 11 0 8 1 6 
[00365050] 3 | 5 9 _ 2 10 7 4 11 0 8 1 6 
[00365051] 4 | _ 9 5 2 10 _ 4 11 0 8 1 6 
[00365052] 3 | _ 9 5 2 10 7 4 11 0 8 1 6 
[00365053] 6 | _ 9 _ 2 _ _ _ 11 0 8 1 7 
[00365054] 5 | 4 9 _ 2 _ _ _ 11 0 8 1 7 
[00365055] 4 | 4 9 5 2 _ _ _ 11 0 8 1 7 
[00365056] 3 | 4 9 5 2 3 6 _ 11 0 8 1 7 
[00365057] 3 | 4 9 5 2 6 3 _ 11 0 8 1 7 
[00365058] 3 | 4 9 5 2 3 _ 6 11 0 8 1 7 
[00365059] 3 | 4 9 5 2 6 _ 3 11 0 8 1 7 
[00365060] 4 | 4 9 _ 2 6 _ _ 11 0 8 1 7 
[00365061] 3 | 4 9 6 2 6 _ _ 11 0 8 1 7 
[00365062] 3 | 4 9 _ 2 6 3 _ 11 0 8 1 7 
[00365063] 3 | 4 9 _ 2 6 9 _ 11 0 8 1 7 
[00365064] 3 | 4 9 _ 2 6 _ 3 11 0 8 1 7 
[00365065] 3 | 4 9 _ 2 6 _ 9 11 0 8 1 7 
[00365066] 4 | 4 9 _ 2 6 10 _ 11 0 8 1 7 
[00365067] 3 | 4 9 6 2 6 10 _ 11 0 8 1 7 
[00365068] 3 | 4 9 _ 2 6 10 3 11 0 8 1 7 
[00365069] 3 | 4 9 _ 2 6 10 9 11 0 8 1 7 
[00365070] 4 | 4 9 _ 2 10 6 _ 11 0 8 1 7 
[00365071] 4 | 4 9 _ 2 6 _ 10 11 0 8 1 7 
[00365072] 3 | 4 9 6 2 6 _ 10 11 0 8 1 7 
[00365073] 3 | 4 9 _ 2 6 3 10 11 0 8 1 7 
[00365074] 3 | 4 9 _ 2 6 9 10 11 0 8 1 7 
[00365075] 4 | 4 9 _ 2 10 _ 6 11 0 8 1 7 
[00365076] 5 | _ 9 4 2 _ _ _ 11 0 8 1 7 
[00365077] 4 | 5 9 4 2 _ _ _ 11 0 8 1 7 
[00365078] 3 | 5 9 4 2 3 6 _ 11 0 8 1 7 
[00365079] 3 | 5 9 4 2 6 3 _ 11 0 8 1 7 
[00365080] 3 | 5 9 4 2 3 _ 6 11 0 8 1 7 
[00365081] 3 | 5 9 4 2 6 _ 3 11 0 8 1 7 
[00365082] 4 | _ 9 4 2 6 _ _ 11 0 8 1 7 
[00365083] 3 | 6 9 4 2 6 _ _ 11 0 8 1 7 
[00365084] 3 | _ 9 4 2 6 3 _ 11 0 8 1 7 
[00365085] 3 | _ 9 4 2 6 9 _ 11 0 8 1 7 
[00365086] 3 | _ 9 4 2 6 _ 3 11 0 8 1 7 
[00365087] 3 | _ 9 4 2 6 _ 9 11 0 8 1 7 
[00365088] 4 | _ 9 4 2 6 10 _ 11 0 8 1 7 
[00365089] 3 | 6 9 4 2 6 10 _ 11 0 8 1 7 
[00365090] 3 | _ 9 4 2 6 10 3 11 0 8 1 7 
[00365091] 3 | _ 9 4 2 6 10 9 11 0 8 1 7 
[00365092] 4 | _ 9 4 2 10 6 _ 11 0 8 1 7 
[00365093] 4 | _ 9 4 2 6 _ 10 11 0 8 1 7 
[00365094] 3 | 6 9 4 2 6 _ 10 11 0 8 1 7 
[00365095] 3 | _ 9 4 2 6 3 10 11 0 8 1 7 
[00365096] 3 | _ 9 4 2 6 9 10 11 0 8 1 7 
[00365097] 4 | _ 9 4 2 10 _ 6 11 0 8 1 7 
[00365098] 5 | _ 9 _ 2 5 10 _ 11 0 8 1 7 
[00365099] 4 | 5 9 _ 2 5 10 _ 11 0 8 1 7 
[00365100] 3 | 5 9 6 2 5 10 _ 11 0 8 1 7 
[00365101] 4 | _ 9 5 2 5 10 _ 11 0 8 1 7 
[00365102] 3 | 6 9 5 2 5 10 _ 11 0 8 1 7 
[00365103] 4 | _ 9 _ 2 5 10 9 11 0 8 1 7 
[00365104] 5 | _ 9 _ 2 10 5 _ 11 0 8 1 7 
[00365105] 4 | _ 9 _ 2 10 5 6 11 0 8 1 7 
[00365106] 5 | _ 9 _ 2 5 _ 10 11 0 8 1 7 
[00365107] 4 | 5 9 _ 2 5 _ 10 11 0 8 1 7 
[00365108] 3 | 5 9 6 2 5 _ 10 11 0 8 1 7 
[00365109] 4 | _ 9 5 2 5 _ 10 11 0 8 1 7 
[00365110] 3 | 6 9 5 2 5 _ 10 11 0 8 1 7 
[00365111] 4 | _ 9 _ 2 5 9 10 11 0 8 1 7 
[00365112] 5 | _ 9 _ 2 10 _ 5 11 0 8 1 7 
[00365113] 4 | _ 9 _ 2 10 6 5 11 0 8 1 7 
[00365114] 7 | _ _ _ 2 9 _ _ 11 0 8 1 _ 
[00365115] 6 | 4 10 _ 2 9 _ _ 11 0 8 1 _ 
[00365116] 6 | 10 4 _ 2 9 _ _ 11 0 8 1 _ 
[00365117] 5 | 10 4 9 2 9 _ _ 11 0 8 1 _ 
[00365118] 4 | 10 4 9 2 9 _ _ 11 0 8 1 5 
[00365119] 5 | 10 4 _ 2 9 4 _ 11 0 8 1 _ 
[00365120] 4 | 10 4 _ 2 9 4 5 11 0 8 1 _ 
[00365121] 4 | 10 4 _ 2 9 4 _ 11 0 8 1 5 
[00365122] 3 | 10 4 _ 2 9 4 6 11 0 8 1 5 
[00365123] 5 | 10 4 _ 2 9 _ 4 11 0 8 1 _ 
[00365124] 4 | 10 4 _ 2 9 5 4 11 0 8 1 _ 
[00365125] 4 | 10 4 _ 2 9 _ 4 11 0 8 1 5 
[00365126] 3 | 10 4 _ 2 9 6 4 11 0 8 1 5 
[00365127] 5 | 10 4 _ 2 9 _ _ 11 0 8 1 6 
[00365128] 4 | 10 4 _ 2 9 5 _ 11 0 8 1 6 
[00365129] 3 | 10 4 7 2 9 5 _ 11 0 8 1 6 
[00365130] 4 | 10 4 _ 2 9 _ 5 11 0 8 1 6 
[00365131] 3 | 10 4 7 2 9 _ 5 11 0 8 1 6 
[00365132] 6 | _ 4 10 2 9 _ _ 11 0 8 1 _ 
[00365133] 5 | 9 4 10 2 9 _ _ 11 0 8 1 _ 
[00365134] 4 | 9 4 10 2 9 _ _ 11 0 8 1 5 
[00365135] 5 | _ 4 10 2 9 4 _ 11 0 8 1 _ 
[00365136] 4 | _ 4 10 2 9 4 5 11 0 8 1 _ 
[00365137] 4 | _ 4 10 2 9 4 _ 11 0 8 1 5 
[00365138] 3 | _ 4 10 2 9 4 6 11 0 8 1 5 
[00365139] 5 | _ 4 10 2 9 _ 4 11 0 8 1 _ 
[00365140] 4 | _ 4 10 2 9 5 4 11 0 8 1 _ 
[00365141] 4 | _ 4 10 2 9 _ 4 11 0 8 1 5 
[00365142] 3 | _ 4 10 2 9 6 4 11 0 8 1 5 
[00365143] 5 | _ 4 10 2 9 _ _ 11 0 8 1 6 
[00365144] 4 | _ 4 10 2 9 5 _ 11 0 8 1 6 
[00365145] 3 | 7 4 10 2 9 5 _ 11 0 8 1 6 
[00365146] 4 | _ 4 10 2 9 _ 5 11 0 8 1 6 
[00365147] 3 | 7 4 10 2 9 _ 5 11 0 8 1 6 
[00365148] 6 | _ 10 4 2 9 _ _ 11 0 8 1 _ 
[00365149] 6 | _ _ _ 2 9 3 _ 11 0 8 1 _ 
[00365150] 5 | 5 10 _ 2 9 3 _ 11 0 8 1 _ 
[00365151] 5 | 10 5 _ 2 9 3 _ 11 0 8 1 _ 
[00365152] 4 | 10 5 1 2 9 3 _ 11 0 8 1 _ 
[00365153] 3 | 10 5 1 2 9 3 6 11 0 8 1 _ 
[00365154] 4 | 10 5 9 2 9 3 _ 11 0 8 1 _ 
[00365155] 3 | 10 5 9 2 9 3 _ 11 0 8 1 4 
[00365156] 4 | 10 5 _ 2 9 3 5 11 0 8 1 _ 
[00365157] 3 | 10 5 _ 2 9 3 5 11 0 8 1 4 
[00365158] 4 | 10 5 _ 2 9 3 _ 11 0 8 1 5 
[00365159] 3 | 10 5 _ 2 9 3 6 11 0 8 1 5 
[00365160] 5 | _ 5 10 2 9 3 _ 11 0 8 1 _ 
[00365161] 4 | 1 5 10 2 9 3 _ 11 0 8 1 _ 
[00365162] 3 | 1 5 10 2 9 3 6 11 0 8 1 _ 
[00365163] 4 | 9 5 10 2 9 3 _ 11 0 8 1 _ 
[00365164] 3 | 9 5 10 2 9 3 _ 11 0 8 1 4 
[00365165] 4 | _ 5 10 2 9 3 5 11 0 8 1 _ 
[00365166] 3 | _ 5 10 2 9 3 5 11 0 8 1 4 
[00365167] 4 | _ 5 10 2 9 3 _ 11 0 8 1 5 
[00365168] 3 | _ 5 10 2 9 3 6 11 0 8 1 5 
[00365169] 5 | _ 10 5 2 9 3 _ 11 0 8 1 _ 
[00365170] 5 | _ 7 _ 2 9 3 _ 11 0 8 1 _ 
[00365171] 4 | _ 7 _ 2 9 3 5 11 0 8 1 _ 
[00365172] 3 | 4 7 _ 2 9 3 5 11 0 8 1 _ 
[00365173] 3 | 10 7 _ 2 9 3 5 11 0 8 1 _ 
[00365174] 3 | _ 7 4 2 9 3 5 11 0 8 1 _ 
[00365175] 3 | _ 7 10 2 9 3 5 11 0 8 1 _ 
[00365176] 3 | _ 7 _ 2 9 3 5 11 0 8 1 4 
[00365177] 4 | _ 7 _ 2 9 3 _ 11 0 8 1 5 
[00365178] 3 | 4 7 _ 2 9 3 _ 11 0 8 1 5 
[00365179] 2 | 4 7 9 2 9 3 _ 11 0 8 1 5 
[00365180] 2 | 4 7 _ 2 9 3 7 11 0 8 1 5 
[00365181] 3 | 10 7 _ 2 9 3 _ 11 0 8 1 5 
[00365182] 2 | 10 7 9 2 9 3 _ 11 0 8 1 5 
[00365183] 2 | 10 7 _ 2 9 3 7 11 0 8 1 5 
[00365184] 3 | _ 7 4 2 9 3 _ 11 0 8 1 5 
[00365185] 2 | 9 7 4 2 9 3 _ 11 0 8 1 5 
[00365186] 2 | _ 7 4 2 9 3 7 11 0 8 1 5 
[00365187] 3 | _ 7 10 2 9 3 _ 11 0 8 1 5 
[00365188] 2 | 9 7 10 2 9 3 _ 11 0 8 1 5 
[00365189] 2 | _ 7 10 2 9 3 7 11 0 8 1 5 
[00365190] 3 | _ 7 _ 2 9 3 6 11 0 8 1 5 
[00365191] 5 | _ _ _ 2 9 3 4 11 0 8 1 _ 
[00365192] 4 | 6 10 _ 2 9 3 4 11 0 8 1 _ 
[00365193] 4 | 10 6 _ 2 9 3 4 11 0 8 1 _ 
[00365194] 4 | _ 6 10 2 9 3 4 11 0 8 1 _ 
[00365195] 4 | _ 10 6 2 9 3 4 11 0 8 1 _ 
[00365196] 4 | _ 6 _ 2 9 3 4 11 0 8 1 _ 
[00365197] 4 | _ _ _ 2 9 3 4 11 0 8 1 5 
[00365198] 3 | 7 10 _ 2 9 3 4 11 0 8 1 5 
[00365199] 3 | 10 7 _ 2 9 3 4 11 0 8 1 5 
[00365200] 3 | _ 7 10 2 9 3 4 11 0 8 1 5 
[00365201] 3 | _ 10 7 2 9 3 4 11 0 8 1 5 
[00365202] 5 | _ _ _ 2 9 3 _ 11 0 8 1 6 
[00365203] 4 | _ _ _ 2 9 3 5 11 0 8 1 6 
[00365204] 3 | 4 7 _ 2 9 3 5 11 0 8 1 6 
[00365205] 3 | 7 10 _ 2 9 3 5 11 0 8 1 6 
[00365206] 3 | 7 4 _ 2 9 3 5 11 0 8 1 6 
[00365207] 3 | 10 7 _ 2 9 3 5 11 0 8 1 6 
[00365208] 3 | _ 4 7 2 9 3 5 11 0 8 1 6 
[00365209] 3 | _ 7 10 2 9 3 5 11 0 8 1 6 
[00365210] 3 | _ 7 4 2 9 3 5 11 0 8 1 6 
[00365211] 3 | _ 10 7 2 9 3 5 11 0 8 1 6 
[00365212] 6 | _ _ _ 2 9 _ 3 11 0 8 1 _ 
[00365213] 5 | 5 10 _ 2 9 _ 3 11 0 8 1 _ 
[00365214] 5 | 10 5 _ 2 9 _ 3 11 0 8 1 _ 
[00365215] 4 | 10 5 1 2 9 _ 3 11 0 8 1 _ 
[00365216] 3 | 10 5 1 2 9 6 3 11 0 8 1 _ 
[00365217] 4 | 10 5 9 2 9 _ 3 11 0 8 1 _ 
[00365218] 3 | 10 5 9 2 9 _ 3 11 0 8 1 4 
[00365219] 4 | 10 5 _ 2 9 5 3 11 0 8 1 _ 
[00365220] 3 | 10 5 _ 2 9 5 3 11 0 8 1 4 
[00365221] 4 | 10 5 _ 2 9 _ 3 11 0 8 1 5 
[00365222] 3 | 10 5 _ 2 9 6 3 11 0 8 1 5 
[00365223] 5 | _ 5 10 2 9 _ 3 11 0 8 1 _ 
[00365224] 4 | 1 5 10 2 9 _ 3 11 0 8 1 _ 
[00365225] 3 | 1 5 10 2 9 6 3 11 0 8 1 _ 
[00365226] 4 | 9 5 10 2 9 _ 3 11 0 8 1 _ 
[00365227] 3 | 9 5 10 2 9 _ 3 11 0 8 1 4 
[00365228] 4 | _ 5 10 2 9 5 3 11 0 8 1 _ 
[00365229] 3 | _ 5 10 2 9 5 3 11 0 8 1 4 
[00365230] 4 | _ 5 10 2 9 _ 3 11 0 8 1 5 
[00365231] 3 | _ 5 10 2 9 6 3 11 0 8 1 5 
[00365232] 5 | _ 10 5 2 9 _ 3 11 0 8 1 _ 
[00365233] 5 | _ 7 _ 2 9 _ 3 11 0 8 1 _ 
[00365234] 4 | _ 7 _ 2 9 5 3 11 0 8 1 _ 
[00365235] 3 | 4 7 _ 2 9 5 3 11 0 8 1 _ 
[00365236] 3 | 10 7 _ 2 9 5 3 11 0 8 1 _ 
[00365237] 3 | _ 7 4 2 9 5 3 11 0 8 1 _ 
[00365238] 3 | _ 7 10 2 9 5 3 11 0 8 1 _ 
[00365239] 3 | _ 7 _ 2 9 5 3 11 0 8 1 4 
[00365240] 4 | _ 7 _ 2 9 _ 3 11 0 8 1 5 
[00365241] 3 | 4 7 _ 2 9 _ 3 11 0 8 1 5 
[00365242] 2 | 4 7 9 2 9 _ 3 11 0 8 1 5 
[00365243] 2 | 4 7 _ 2 9 7 3 11 0 8 1 5 
[00365244] 3 | 10 7 _ 2 9 _ 3 11 0 8 1 5 
[00365245] 2 | 10 7 9 2 9 _ 3 11 0 8 1 5 
[00365246] 2 | 10 7 _ 2 9 7 3 11 0 8 1 5 
[00365247] 3 | _ 7 4 2 9 _ 3 11 0 8 1 5 
[00365248] 2 | 9 7 4 2 9 _ 3 11 0 8 1 5 
[00365249] 2 | _ 7 4 2 9 7 3 11 0 8 1 5 
[00365250] 3 | _ 7 10 2 9 _ 3 11 0 8 1 5 
[00365251] 2 | 9 7 10 2 9 _ 3 11 0 8 1 5 
[00365252] 2 | _ 7 10 2 9 7 3 11 0 8 1 5 
[00365253] 3 | _ 7 _ 2 9 6 3 11 0 8 1 5 
[00365254] 5 | _ _ _ 2 9 4 3 11 0 8 1 _ 
[00365255] 4 | 6 10 _ 2 9 4 3 11 0 8 1 _ 
[00365256] 4 | 10 6 _ 2 9 4 3 11 0 8 1 _ 
[00365257] 4 | _ 6 10 2 9 4 3 11 0 8 1 _ 
[00365258] 4 | _ 10 6 2 9 4 3 11 0 8 1 _ 
[00365259] 4 | _ 6 _ 2 9 4 3 11 0 8 1 _ 
[00365260] 4 | _ _ _ 2 9 4 3 11 0 8 1 5 
[00365261] 3 | 7 10 _ 2 9 4 3 11 0 8 1 5 
[00365262] 3 | 10 7 _ 2 9 4 3 11 0 8 1 5 
[00365263] 3 | _ 7 10 2 9 4 3 11 0 8 1 5 
[00365264] 3 | _ 10 7 2 9 4 3 11 0 8 1 5 
[00365265] 5 | _ _ _ 2 9 _ 3 11 0 8 1 6 
[00365266] 4 | _ _ _ 2 9 5 3 11 0 8 1 6 
[00365267] 3 | 4 7 _ 2 9 5 3 11 0 8 1 6 
[00365268] 3 | 7 10 _ 2 9 5 3 11 0 8 1 6 
[00365269] 3 | 7 4 _ 2 9 5 3 11 0 8 1 6 
[00365270] 3 | 10 7 _ 2 9 5 3 11 0 8 1 6 
[00365271] 3 | _ 4 7 2 9 5 3 11 0 8 1 6 
[00365272] 3 | _ 7 10 2 9 5 3 11 0 8 1 6 
[00365273] 3 | _ 7 4 2 9 5 3 11 0 8 1 6 
[00365274] 3 | _ 10 7 2 9 5 3 11 0 8 1 6 
[00365275] 6 | _ _ _ 2 9 _ _ 11 0 8 1 7 
[00365276] 5 | 5 10 _ 2 9 _ _ 11 0 8 1 7 
[00365277] 5 | 10 5 _ 2 9 _ _ 11 0 8 1 7 
[00365278] 4 | 10 5 9 2 9 _ _ 11 0 8 1 7 
[00365279] 4 | 10 5 _ 2 9 5 _ 11 0 8 1 7 
[00365280] 3 | 10 5 _ 2 9 5 6 11 0 8 1 7 
[00365281] 4 | 10 5 _ 2 9 _ 5 11 0 8 1 7 
[00365282] 3 | 10 5 _ 2 9 6 5 11 0 8 1 7 
[00365283] 5 | _ 5 10 2 9 _ _ 11 0 8 1 7 
[00365284] 4 | 9 5 10 2 9 _ _ 11 0 8 1 7 
[00365285] 4 | _ 5 10 2 9 5 _ 11 0 8 1 7 
[00365286] 3 | _ 5 10 2 9 5 6 11 0 8 1 7 
[00365287] 4 | _ 5 10 2 9 _ 5 11 0 8 1 7 
[00365288] 3 | _ 5 10 2 9 6 5 11 0 8 1 7 
[00365289] 5 | _ 10 5 2 9 _ _ 11 0 8 1 7 
[00365290] 5 | _ _ _ 2 9 4 _ 11 0 8 1 7 
[00365291] 4 | 6 10 _ 2 9 4 _ 11 0 8 1 7 
[00365292] 4 | 10 6 _ 2 9 4 _ 11 0 8 1 7 
[00365293] 4 | _ 6 10 2 9 4 _ 11 0 8 1 7 
[00365294] 4 | _ 10 6 2 9 4 _ 11 0 8 1 7 
[00365295] 4 | _ 6 _ 2 9 4 _ 11 0 8 1 7 
[00365296] 3 | 3 6 _ 2 9 4 _ 11 0 8 1 7 
[00365297] 3 | 9 6 _ 2 9 4 _ 11 0 8 1 7 
[00365298] 3 | _ 6 3 2 9 4 _ 11 0 8 1 7 
[00365299] 3 | _ 6 9 2 9 4 _ 11 0 8 1 7 
[00365300] 3 | _ 6 _ 2 9 4 6 11 0 8 1 7 
[00365301] 4 | _ _ _ 2 9 4 5 11 0 8 1 7 
[00365302] 3 | 3 6 _ 2 9 4 5 11 0 8 1 7 
[00365303] 3 | 6 3 _ 2 9 4 5 11 0 8 1 7 
[00365304] 3 | _ 3 6 2 9 4 5 11 0 8 1 7 
[00365305] 3 | _ 6 3 2 9 4 5 11 0 8 1 7 
[00365306] 5 | _ _ _ 2 9 _ 4 11 0 8 1 7 
[00365307] 4 | 6 10 _ 2 9 _ 4 11 0 8 1 7 
[00365308] 4 | 10 6 _ 2 9 _ 4 11 0 8 1 7 
[00365309] 4 | _ 6 10 2 9 _ 4 11 0 8 1 7 
[00365310] 4 | _ 10 6 2 9 _ 4 11 0 8 1 7 
[00365311] 4 | _ 6 _ 2 9 _ 4 11 0 8 1 7 
[00365312] 3 | 3 6 _ 2 9 _ 4 11 0 8 1 7 
[00365313] 3 | 9 6 _ 2 9 _ 4 11 0 8 1 7 
[00365314] 3 | _ 6 3 2 9 _ 4 11 0 8 1 7 
[00365315] 3 | _ 6 9 2 9 _ 4 11 0 8 1 7 
[00365316] 3 | _ 6 _ 2 9 6 4 11 0 8 1 7 
[00365317] 4 | _ _ _ 2 9 5 4 11 0 8 1 7 
[00365318] 3 | 3 6 _ 2 9 5 4 11 0 8 1 7 
[00365319] 3 | 6 3 _ 2 9 5 4 11 0 8 1 7 
[00365320] 3 | _ 3 6 2 9 5 4 11 0 8 1 7 
[00365321] 3 | _ 6 3 2 9 5 4 11 0 8 1 7 
[00365322] 7 | _ _ _ 2 3 10 _ 11 0 8 1 _ 
[00365323] 6 | _ _ _ 2 3 10 9 11 0 8 1 _ 
[00365324] 5 | _ 7 _ 2 3 10 9 11 0 8 1 _ 
[00365325] 4 | _ 7 _ 2 3 10 9 11 0 8 1 5 
[00365326] 3 | 4 7 _ 2 3 10 9 11 0 8 1 5 
[00365327] 3 | _ 7 4 2 3 10 9 11 0 8 1 5 
[00365328] 5 | _ _ _ 2 3 10 9 11 0 8 1 6 
[00365329] 6 | _ _ _ 2 3 10 _ 11 0 8 1 7 
[00365330] 5 | 4 9 _ 2 3 10 _ 11 0 8 1 7 
[00365331] 5 | 9 4 _ 2 3 10 _ 11 0 8 1 7 
[00365332] 5 | _ 4 9 2 3 10 _ 11 0 8 1 7 
[00365333] 5 | _ 9 4 2 3 10 _ 11 0 8 1 7 
[00365334] 7 | _ _ _ 2 10 3 _ 11 0 8 1 _ 
[00365335] 6 | _ _ _ 2 10 3 4 11 0 8 1 _ 
[00365336] 5 | _ 7 _ 2 10 3 4 11 0 8 1 _ 
[00365337] 4 | _ 7 _ 2 10 3 4 11 0 8 1 5 
[00365338] 5 | _ _ _ 2 10 3 4 11 0 8 1 6 
[00365339] 4 | 5 9 _ 2 10 3 4 11 0 8 1 6 
[00365340] 4 | 9 5 _ 2 10 3 4 11 0 8 1 6 
[00365341] 4 | _ 5 9 2 10 3 4 11 0 8 1 6 
[00365342] 4 | _ 9 5 2 10 3 4 11 0 8 1 6 
[00365343] 6 | _ _ _ 2 10 3 _ 11 0 8 1 7 
[00365344] 5 | 4 9 _ 2 10 3 _ 11 0 8 1 7 
[00365345] 5 | 9 4 _ 2 10 3 _ 11 0 8 1 7 
[00365346] 4 | 9 4 _ 2 10 3 6 11 0 8 1 7 
[00365347] 5 | _ 4 9 2 10 3 _ 11 0 8 1 7 
[00365348] 4 | _ 4 9 2 10 3 6 11 0 8 1 7 
[00365349] 5 | _ 9 4 2 10 3 _ 11 0 8 1 7 
[00365350] 5 | _ _ _ 2 10 3 5 11 0 8 1 7 
[00365351] 4 | _ 6 _ 2 10 3 5 11 0 8 1 7 
[00365352] 3 | 9 6 _ 2 10 3 5 11 0 8 1 7 
[00365353] 2 | 9 6 4 2 10 3 5 11 0 8 1 7 
[00365354] 3 | _ 6 9 2 10 3 5 11 0 8 1 7 
[00365355] 2 | 4 6 9 2 10 3 5 11 0 8 1 7 
[00365356] 7 | _ _ _ 2 3 _ 10 11 0 8 1 _ 
[00365357] 6 | _ _ _ 2 3 9 10 11 0 8 1 _ 
[00365358] 5 | _ 7 _ 2 3 9 10 11 0 8 1 _ 
[00365359] 4 | _ 7 _ 2 3 9 10 11 0 8 1 5 
[00365360] 3 | 4 7 _ 2 3 9 10 11 0 8 1 5 
[00365361] 3 | _ 7 4 2 3 9 10 11 0 8 1 5 
[00365362] 5 | _ _ _ 2 3 9 10 11 0 8 1 6 
[00365363] 6 | _ _ _ 2 3 _ 10 11 0 8 1 7 
[00365364] 5 | 4 9 _ 2 3 _ 10 11 0 8 1 7 
[00365365] 5 | 9 4 _ 2 3 _ 10 11 0 8 1 7 
[00365366] 5 | _ 4 9 2 3 _ 10 11 0 8 1 7 
[00365367] 5 | _ 9 4 2 3 _ 10 11 0 8 1 7 
[00365368] 7 | _ _ _ 2 10 _ 3 11 0 8 1 _ 
[00365369] 6 | _ _ _ 2 10 4 3 11 0 8 1 _ 
[00365370] 5 | _ 7 _ 2 10 4 3 11 0 8 1 _ 
[00365371] 4 | _ 7 _ 2 10 4 3 11 0 8 1 5 
[00365372] 5 | _ _ _ 2 10 4 3 11 0 8 1 6 
[00365373] 4 | 5 9 _ 2 10 4 3 11 0 8 1 6 
[00365374] 4 | 9 5 _ 2 10 4 3 11 0 8 1 6 
[00365375] 4 | _ 5 9 2 10 4 3 11 0 8 1 6 
[00365376] 4 | _ 9 5 2 10 4 3 11 0 8 1 6 
[00365377] 6 | _ _ _ 2 10 _ 3 11 0 8 1 7 
[00365378] 5 | 4 9 _ 2 10 _ 3 11 0 8 1 7 
[00365379] 5 | 9 4 _ 2 10 _ 3 11 0 8 1 7 
[00365380] 4 | 9 4 _ 2 10 6 3 11 0 8 1 7 
[00365381] 5 | _ 4 9 2 10 _ 3 11 0 8 1 7 
[00365382] 4 | _ 4 9 2 10 6 3 11 0 8 1 7 
[00365383] 5 | _ 9 4 2 10 _ 3 11 0 8 1 7 
[00365384] 5 | _ _ _ 2 10 5 3 11 0 8 1 7 
[00365385] 4 | _ 6 _ 2 10 5 3 11 0 8 1 7 
[00365386] 3 | 9 6 _ 2 10 5 3 11 0 8 1 7 
[00365387] 2 | 9 6 4 2 10 5 3 11 0 8 1 7 
[00365388] 3 | _ 6 9 2 10 5 3 11 0 8 1 7 
[00365389] 2 | 4 6 9 2 10 5 3 11 0 8 1 7 
[00365390] 8 | _ _ _ 2 _ _ _ 11 0 _ 1 9 
[00365391] 7 | 3 10 _ 2 _ _ _ 11 0 _ 1 9 
[00365392] 7 | 10 3 _ 2 _ _ _ 11 0 _ 1 9 
[00365393] 6 | 10 3 _ 2 8 _ _ 11 0 _ 1 9 
[00365394] 5 | 10 3 8 2 8 _ _ 11 0 _ 1 9 
[00365395] 4 | 10 3 8 2 8 _ _ 11 0 4 1 9 
[00365396] 5 | 10 3 _ 2 8 3 _ 11 0 _ 1 9 
[00365397] 4 | 10 3 _ 2 8 3 4 11 0 _ 1 9 
[00365398] 4 | 10 3 _ 2 8 3 _ 11 0 4 1 9 
[00365399] 3 | 10 3 _ 2 8 3 5 11 0 4 1 9 
[00365400] 5 | 10 3 _ 2 8 _ 3 11 0 _ 1 9 
[00365401] 4 | 10 3 _ 2 8 4 3 11 0 _ 1 9 
[00365402] 4 | 10 3 _ 2 8 _ 3 11 0 4 1 9 
[00365403] 3 | 10 3 _ 2 8 5 3 11 0 4 1 9 
[00365404] 5 | 10 3 _ 2 8 _ _ 11 0 5 1 9 
[00365405] 4 | 10 3 7 2 8 _ _ 11 0 5 1 9 
[00365406] 4 | 10 3 _ 2 8 4 _ 11 0 5 1 9 
[00365407] 3 | 10 3 6 2 8 4 _ 11 0 5 1 9 
[00365408] 4 | 10 3 _ 2 8 _ 4 11 0 5 1 9 
[00365409] 3 | 10 3 6 2 8 _ 4 11 0 5 1 9 
[00365410] 6 | 10 3 _ 2 _ _ _ 11 0 6 1 9 
[00365411] 5 | 10 3 8 2 _ _ _ 11 0 6 1 9 
[00365412] 5 | 10 3 _ 2 7 _ _ 11 0 6 1 9 
[00365413] 4 | 10 3 7 2 7 _ _ 11 0 6 1 9 
[00365414] 4 | 10 3 _ 2 7 3 _ 11 0 6 1 9 
[00365415] 3 | 10 3 _ 2 7 3 4 11 0 6 1 9 
[00365416] 4 | 10 3 _ 2 7 _ 3 11 0 6 1 9 
[00365417] 3 | 10 3 _ 2 7 4 3 11 0 6 1 9 
[00365418] 7 | _ 3 10 2 _ _ _ 11 0 _ 1 9 
[00365419] 6 | _ 3 10 2 8 _ _ 11 0 _ 1 9 
[00365420] 5 | 8 3 10 2 8 _ _ 11 0 _ 1 9 
[00365421] 4 | 8 3 10 2 8 _ _ 11 0 4 1 9 
[00365422] 5 | _ 3 10 2 8 3 _ 11 0 _ 1 9 
[00365423] 4 | _ 3 10 2 8 3 4 11 0 _ 1 9 
[00365424] 4 | _ 3 10 2 8 3 _ 11 0 4 1 9 
[00365425] 3 | _ 3 10 2 8 3 5 11 0 4 1 9 
[00365426] 5 | _ 3 10 2 8 _ 3 11 0 _ 1 9 
[00365427] 4 | _ 3 10 2 8 4 3 11 0 _ 1 9 
[00365428] 4 | _ 3 10 2 8 _ 3 11 0 4 1 9 
[00365429] 3 | _ 3 10 2 8 5 3 11 0 4 1 9 
[00365430] 5 | _ 3 10 2 8 _ _ 11 0 5 1 9 
[00365431] 4 | 7 3 10 2 8 _ _ 11 0 5 1 9 
[00365432] 4 | _ 3 10 2 8 4 _ 11 0 5 1 9 
[00365433] 3 | 6 3 10 2 8 4 _ 11 0 5 1 9 
[00365434] 4 | _ 3 10 2 8 _ 4 11 0 5 1 9 
[00365435] 3 | 6 3 10 2 8 _ 4 11 0 5 1 9 
[00365436] 6 | _ 3 10 2 _ _ _ 11 0 6 1 9 
[00365437] 5 | 8 3 10 2 _ _ _ 11 0 6 1 9 
[00365438] 5 | _ 3 10 2 7 _ _ 11 0 6 1 9 
[00365439] 4 | 7 3 10 2 7 _ _ 11 0 6 1 9 
[00365440] 4 | _ 3 10 2 7 3 _ 11 0 6 1 9 
[00365441] 3 | _ 3 10 2 7 3 4 11 0 6 1 9 
[00365442] 4 | _ 3 10 2 7 _ 3 11 0 6 1 9 
[00365443] 3 | _ 3 10 2 7 4 3 11 0 6 1 9 
[00365444] 7 | _ 10 3 2 _ _ _ 11 0 _ 1 9 
[00365445] 7 | _ _ _ 2 3 10 _ 11 0 _ 1 9 
