[00080229] 4 | 6 11 4 0 10 1 2 6 7 3 _ _ 
[00080230] 3 | 6 11 4 0 10 1 2 6 7 3 5 8 
[00080231] 3 | 6 11 4 0 10 1 2 6 7 3 8 5 
[00080232] 4 | 6 11 4 0 10 1 2 6 9 5 _ _ 
[00080233] 4 | 6 11 4 0 10 1 2 6 _ _ 3 7 
[00080234] 3 | 6 11 4 0 10 1 2 6 5 8 3 7 
[00080235] 3 | 6 11 4 0 10 1 2 6 8 5 3 7 
[00080236] 4 | 6 11 4 0 10 1 2 6 _ _ 5 9 
[00080237] 4 | 6 11 4 0 10 1 2 6 _ _ 7 3 
[00080238] 3 | 6 11 4 0 10 1 2 6 5 8 7 3 
[00080239] 3 | 6 11 4 0 10 1 2 6 8 5 7 3 
[00080240] 4 | 6 11 4 0 10 1 2 6 _ _ 9 5 
[00080241] 5 | _ 11 4 0 10 1 2 6 11 _ _ _ 
[00080242] 4 | 7 11 4 0 10 1 2 6 11 _ _ _ 
[00080243] 3 | 7 11 4 0 10 1 2 6 11 _ 3 _ 
[00080244] 2 | 7 11 4 0 10 1 2 6 11 _ 3 5 
[00080245] 3 | 7 11 4 0 10 1 2 6 11 _ 9 _ 
[00080246] 3 | 7 11 4 0 10 1 2 6 11 _ 5 8 
[00080247] 3 | 7 11 4 0 10 1 2 6 11 _ 8 5 
[00080248] 4 | _ 11 4 0 10 1 2 6 11 7 _ _ 
[00080249] 3 | _ 11 4 0 10 1 2 6 11 7 3 _ 
[00080250] 2 | _ 11 4 0 10 1 2 6 11 7 3 5 
[00080251] 3 | _ 11 4 0 10 1 2 6 11 7 9 _ 
[00080252] 3 | _ 11 4 0 10 1 2 6 11 7 5 8 
[00080253] 3 | _ 11 4 0 10 1 2 6 11 7 8 5 
[00080254] 4 | _ 11 4 0 10 1 2 6 11 _ 3 7 
[00080255] 3 | 8 11 4 0 10 1 2 6 11 _ 3 7 
[00080256] 3 | _ 11 4 0 10 1 2 6 11 8 3 7 
[00080257] 4 | _ 11 4 0 10 1 2 6 11 _ 5 9 
[00080258] 3 | 8 11 4 0 10 1 2 6 11 _ 5 9 
[00080259] 3 | _ 11 4 0 10 1 2 6 11 8 5 9 
[00080260] 4 | _ 11 4 0 10 1 2 6 11 _ 7 3 
[00080261] 3 | 8 11 4 0 10 1 2 6 11 _ 7 3 
[00080262] 3 | _ 11 4 0 10 1 2 6 11 8 7 3 
[00080263] 4 | _ 11 4 0 10 1 2 6 11 _ 9 5 
[00080264] 3 | 8 11 4 0 10 1 2 6 11 _ 9 5 
[00080265] 3 | _ 11 4 0 10 1 2 6 11 8 9 5 
[00080266] 5 | _ 11 4 0 10 1 2 6 3 8 _ _ 
[00080267] 4 | 7 11 4 0 10 1 2 6 3 8 _ _ 
[00080268] 3 | 7 11 4 0 10 1 2 6 3 8 9 _ 
[00080269] 4 | _ 11 4 0 10 1 2 6 3 8 5 9 
[00080270] 4 | _ 11 4 0 10 1 2 6 3 8 9 5 
[00080271] 5 | _ 11 4 0 10 1 2 6 8 3 _ _ 
[00080272] 4 | 7 11 4 0 10 1 2 6 8 3 _ _ 
[00080273] 3 | 7 11 4 0 10 1 2 6 8 3 9 _ 
[00080274] 4 | _ 11 4 0 10 1 2 6 8 3 5 9 
[00080275] 4 | _ 11 4 0 10 1 2 6 8 3 9 5 
[00080276] 5 | _ 11 4 0 10 1 2 6 _ _ 11 _ 
[00080277] 4 | 7 11 4 0 10 1 2 6 _ _ 11 _ 
[00080278] 3 | 7 11 4 0 10 1 2 6 3 _ 11 _ 
[00080279] 2 | 7 11 4 0 10 1 2 6 3 5 11 _ 
[00080280] 3 | 7 11 4 0 10 1 2 6 9 _ 11 _ 
[00080281] 3 | 7 11 4 0 10 1 2 6 5 8 11 _ 
[00080282] 3 | 7 11 4 0 10 1 2 6 8 5 11 _ 
[00080283] 4 | _ 11 4 0 10 1 2 6 3 7 11 _ 
[00080284] 3 | 8 11 4 0 10 1 2 6 3 7 11 _ 
[00080285] 3 | _ 11 4 0 10 1 2 6 3 7 11 8 
[00080286] 4 | _ 11 4 0 10 1 2 6 5 9 11 _ 
[00080287] 3 | 8 11 4 0 10 1 2 6 5 9 11 _ 
[00080288] 3 | _ 11 4 0 10 1 2 6 5 9 11 8 
[00080289] 4 | _ 11 4 0 10 1 2 6 7 3 11 _ 
[00080290] 3 | 8 11 4 0 10 1 2 6 7 3 11 _ 
[00080291] 3 | _ 11 4 0 10 1 2 6 7 3 11 8 
[00080292] 4 | _ 11 4 0 10 1 2 6 9 5 11 _ 
[00080293] 3 | 8 11 4 0 10 1 2 6 9 5 11 _ 
[00080294] 3 | _ 11 4 0 10 1 2 6 9 5 11 8 
[00080295] 4 | _ 11 4 0 10 1 2 6 _ _ 11 7 
[00080296] 3 | _ 11 4 0 10 1 2 6 3 _ 11 7 
[00080297] 2 | _ 11 4 0 10 1 2 6 3 5 11 7 
[00080298] 3 | _ 11 4 0 10 1 2 6 9 _ 11 7 
[00080299] 3 | _ 11 4 0 10 1 2 6 5 8 11 7 
[00080300] 3 | _ 11 4 0 10 1 2 6 8 5 11 7 
[00080301] 5 | _ 11 4 0 10 1 2 6 _ _ 3 8 
[00080302] 4 | 7 11 4 0 10 1 2 6 _ _ 3 8 
[00080303] 3 | 7 11 4 0 10 1 2 6 9 _ 3 8 
[00080304] 4 | _ 11 4 0 10 1 2 6 5 9 3 8 
[00080305] 4 | _ 11 4 0 10 1 2 6 9 5 3 8 
[00080306] 5 | _ 11 4 0 10 1 2 6 _ _ 8 3 
[00080307] 4 | 7 11 4 0 10 1 2 6 _ _ 8 3 
[00080308] 3 | 7 11 4 0 10 1 2 6 9 _ 8 3 
[00080309] 4 | _ 11 4 0 10 1 2 6 5 9 8 3 
[00080310] 4 | _ 11 4 0 10 1 2 6 9 5 8 3 
[00080311] 6 | _ 11 4 0 10 1 2 3 9 _ _ _ 
[00080312] 5 | 6 11 4 0 10 1 2 3 9 _ _ _ 
[00080313] 4 | 6 11 4 0 10 1 2 3 9 5 _ _ 
[00080314] 4 | 6 11 4 0 10 1 2 3 9 _ 7 _ 
[00080315] 5 | _ 11 4 0 10 1 2 3 9 _ 8 _ 
[00080316] 4 | 7 11 4 0 10 1 2 3 9 _ 8 _ 
[00080317] 3 | 7 11 4 0 10 1 2 3 9 6 8 _ 
[00080318] 3 | 7 11 4 0 10 1 2 3 9 _ 8 5 
[00080319] 4 | _ 11 4 0 10 1 2 3 9 5 8 _ 
[00080320] 3 | 8 11 4 0 10 1 2 3 9 5 8 _ 
[00080321] 3 | _ 11 4 0 10 1 2 3 9 5 8 11 
[00080322] 6 | _ 11 4 0 10 1 2 9 3 _ _ _ 
[00080323] 5 | 6 11 4 0 10 1 2 9 3 _ _ _ 
[00080324] 4 | 6 11 4 0 10 1 2 9 3 7 _ _ 
[00080325] 3 | 6 11 4 0 10 1 2 9 3 7 5 8 
[00080326] 3 | 6 11 4 0 10 1 2 9 3 7 8 5 
[00080327] 4 | 6 11 4 0 10 1 2 9 3 _ 5 _ 
[00080328] 3 | 6 11 4 0 10 1 2 9 3 _ 5 8 
[00080329] 5 | _ 11 4 0 10 1 2 9 3 8 _ _ 
[00080330] 4 | 7 11 4 0 10 1 2 9 3 8 _ _ 
[00080331] 3 | 7 11 4 0 10 1 2 9 3 8 6 _ 
[00080332] 4 | _ 11 4 0 10 1 2 9 3 8 5 _ 
[00080333] 6 | _ 11 4 0 10 1 2 _ 3 9 _ _ 
[00080334] 5 | 6 11 4 0 10 1 2 _ 3 9 _ _ 
[00080335] 4 | 6 11 4 0 10 1 2 7 3 9 _ _ 
[00080336] 3 | 6 11 4 0 10 1 2 7 3 9 5 8 
[00080337] 3 | 6 11 4 0 10 1 2 7 3 9 8 5 
[00080338] 5 | _ 11 4 0 10 1 2 5 3 9 _ _ 
[00080339] 4 | 7 11 4 0 10 1 2 5 3 9 _ _ 
[00080340] 3 | 7 11 4 0 10 1 2 5 3 9 8 _ 
[00080341] 2 | 7 11 4 0 10 1 2 5 3 9 8 6 
[00080342] 5 | _ 11 4 0 10 1 2 8 3 9 _ _ 
[00080343] 4 | 7 11 4 0 10 1 2 8 3 9 _ _ 
[00080344] 3 | 7 11 4 0 10 1 2 8 3 9 5 _ 
[00080345] 6 | _ 11 4 0 10 1 2 _ 9 3 _ _ 
[00080346] 5 | 6 11 4 0 10 1 2 _ 9 3 _ _ 
[00080347] 4 | 6 11 4 0 10 1 2 5 9 3 _ _ 
[00080348] 3 | 6 11 4 0 10 1 2 5 9 3 8 _ 
[00080349] 5 | _ 11 4 0 10 1 2 5 9 3 _ _ 
[00080350] 4 | 7 11 4 0 10 1 2 5 9 3 _ _ 
[00080351] 3 | 7 11 4 0 10 1 2 5 9 3 8 _ 
[00080352] 2 | 7 11 4 0 10 1 2 5 9 3 8 6 
[00080353] 6 | _ 11 4 0 10 1 2 3 _ _ 9 _ 
[00080354] 5 | 6 11 4 0 10 1 2 3 _ _ 9 _ 
[00080355] 4 | 6 11 4 0 10 1 2 3 7 _ 9 _ 
[00080356] 4 | 6 11 4 0 10 1 2 3 _ _ 9 5 
[00080357] 5 | _ 11 4 0 10 1 2 3 8 _ 9 _ 
[00080358] 4 | 7 11 4 0 10 1 2 3 8 _ 9 _ 
[00080359] 3 | 7 11 4 0 10 1 2 3 8 5 9 _ 
[00080360] 3 | 7 11 4 0 10 1 2 3 8 _ 9 6 
[00080361] 4 | _ 11 4 0 10 1 2 3 8 _ 9 5 
[00080362] 3 | 8 11 4 0 10 1 2 3 8 _ 9 5 
[00080363] 3 | _ 11 4 0 10 1 2 3 8 11 9 5 
[00080364] 6 | _ 11 4 0 10 1 2 9 _ _ 3 _ 
[00080365] 5 | 6 11 4 0 10 1 2 9 _ _ 3 _ 
[00080366] 4 | 6 11 4 0 10 1 2 9 5 _ 3 _ 
[00080367] 3 | 6 11 4 0 10 1 2 9 5 8 3 _ 
[00080368] 4 | 6 11 4 0 10 1 2 9 _ _ 3 7 
[00080369] 3 | 6 11 4 0 10 1 2 9 5 8 3 7 
[00080370] 3 | 6 11 4 0 10 1 2 9 8 5 3 7 
[00080371] 5 | _ 11 4 0 10 1 2 9 _ _ 3 8 
[00080372] 4 | 7 11 4 0 10 1 2 9 _ _ 3 8 
[00080373] 3 | 7 11 4 0 10 1 2 9 6 _ 3 8 
[00080374] 4 | _ 11 4 0 10 1 2 9 5 _ 3 8 
[00080375] 6 | _ 11 4 0 10 1 2 _ _ _ 3 9 
[00080376] 5 | 6 11 4 0 10 1 2 _ _ _ 3 9 
[00080377] 4 | 6 11 4 0 10 1 2 7 _ _ 3 9 
[00080378] 3 | 6 11 4 0 10 1 2 7 5 8 3 9 
[00080379] 3 | 6 11 4 0 10 1 2 7 8 5 3 9 
[00080380] 5 | _ 11 4 0 10 1 2 5 _ _ 3 9 
[00080381] 4 | 7 11 4 0 10 1 2 5 _ _ 3 9 
[00080382] 3 | 7 11 4 0 10 1 2 5 8 _ 3 9 
[00080383] 2 | 7 11 4 0 10 1 2 5 8 6 3 9 
[00080384] 5 | _ 11 4 0 10 1 2 8 _ _ 3 9 
[00080385] 4 | 7 11 4 0 10 1 2 8 _ _ 3 9 
[00080386] 3 | 7 11 4 0 10 1 2 8 5 _ 3 9 
[00080387] 6 | _ 11 4 0 10 1 2 _ _ _ 9 3 
[00080388] 5 | 6 11 4 0 10 1 2 _ _ _ 9 3 
[00080389] 4 | 6 11 4 0 10 1 2 5 _ _ 9 3 
[00080390] 3 | 6 11 4 0 10 1 2 5 8 _ 9 3 
[00080391] 5 | _ 11 4 0 10 1 2 5 _ _ 9 3 
[00080392] 4 | 7 11 4 0 10 1 2 5 _ _ 9 3 
[00080393] 3 | 7 11 4 0 10 1 2 5 8 _ 9 3 
[00080394] 2 | 7 11 4 0 10 1 2 5 8 6 9 3 
[00080395] 7 | _ 11 _ 0 10 1 2 7 _ _ _ _ 
[00080396] 6 | 5 11 _ 0 10 1 2 7 _ _ _ _ 
[00080397] 5 | 5 11 6 0 10 1 2 7 _ _ _ _ 
[00080398] 4 | 5 11 6 0 10 1 2 7 3 _ _ _ 
[00080399] 3 | 5 11 6 0 10 1 2 7 3 _ 4 _ 
[00080400] 4 | 5 11 6 0 10 1 2 7 4 8 _ _ 
[00080401] 4 | 5 11 6 0 10 1 2 7 8 4 _ _ 
[00080402] 4 | 5 11 6 0 10 1 2 7 _ _ 3 _ 
[00080403] 3 | 5 11 6 0 10 1 2 7 4 _ 3 _ 
[00080404] 4 | 5 11 6 0 10 1 2 7 _ _ 4 8 
[00080405] 4 | 5 11 6 0 10 1 2 7 _ _ 8 4 
[00080406] 5 | 5 11 _ 0 10 1 2 7 3 8 _ _ 
[00080407] 4 | 5 11 7 0 10 1 2 7 3 8 _ _ 
[00080408] 3 | 5 11 7 0 10 1 2 7 3 8 6 9 
[00080409] 3 | 5 11 7 0 10 1 2 7 3 8 9 6 
[00080410] 4 | 5 11 _ 0 10 1 2 7 3 8 11 _ 
[00080411] 5 | 5 11 _ 0 10 1 2 7 4 9 _ _ 
[00080412] 4 | 5 11 7 0 10 1 2 7 4 9 _ _ 
[00080413] 3 | 5 11 7 0 10 1 2 7 4 9 3 6 
[00080414] 3 | 5 11 7 0 10 1 2 7 4 9 6 3 
[00080415] 4 | 5 11 _ 0 10 1 2 7 4 9 3 _ 
[00080416] 3 | 5 11 8 0 10 1 2 7 4 9 3 _ 
[00080417] 3 | 5 11 _ 0 10 1 2 7 4 9 3 6 
[00080418] 4 | 5 11 _ 0 10 1 2 7 4 9 11 _ 
[00080419] 3 | 5 11 8 0 10 1 2 7 4 9 11 _ 
[00080420] 3 | 5 11 _ 0 10 1 2 7 4 9 11 8 
[00080421] 5 | 5 11 _ 0 10 1 2 7 8 3 _ _ 
[00080422] 4 | 5 11 7 0 10 1 2 7 8 3 _ _ 
[00080423] 3 | 5 11 7 0 10 1 2 7 8 3 6 9 
[00080424] 3 | 5 11 7 0 10 1 2 7 8 3 9 6 
[00080425] 4 | 5 11 _ 0 10 1 2 7 8 3 11 _ 
[00080426] 5 | 5 11 _ 0 10 1 2 7 9 4 _ _ 
[00080427] 4 | 5 11 7 0 10 1 2 7 9 4 _ _ 
[00080428] 3 | 5 11 7 0 10 1 2 7 9 4 3 6 
[00080429] 3 | 5 11 7 0 10 1 2 7 9 4 6 3 
[00080430] 4 | 5 11 _ 0 10 1 2 7 9 4 3 _ 
[00080431] 3 | 5 11 8 0 10 1 2 7 9 4 3 _ 
[00080432] 3 | 5 11 _ 0 10 1 2 7 9 4 3 6 
[00080433] 4 | 5 11 _ 0 10 1 2 7 9 4 11 _ 
[00080434] 3 | 5 11 8 0 10 1 2 7 9 4 11 _ 
[00080435] 3 | 5 11 _ 0 10 1 2 7 9 4 11 8 
[00080436] 5 | 5 11 _ 0 10 1 2 7 _ _ 3 8 
[00080437] 4 | 5 11 7 0 10 1 2 7 _ _ 3 8 
[00080438] 3 | 5 11 7 0 10 1 2 7 6 9 3 8 
[00080439] 3 | 5 11 7 0 10 1 2 7 9 6 3 8 
[00080440] 4 | 5 11 _ 0 10 1 2 7 11 _ 3 8 
[00080441] 5 | 5 11 _ 0 10 1 2 7 _ _ 4 9 
[00080442] 4 | 5 11 7 0 10 1 2 7 _ _ 4 9 
[00080443] 3 | 5 11 7 0 10 1 2 7 3 6 4 9 
[00080444] 3 | 5 11 7 0 10 1 2 7 6 3 4 9 
[00080445] 4 | 5 11 _ 0 10 1 2 7 3 _ 4 9 
[00080446] 3 | 5 11 8 0 10 1 2 7 3 _ 4 9 
[00080447] 3 | 5 11 _ 0 10 1 2 7 3 6 4 9 
[00080448] 4 | 5 11 _ 0 10 1 2 7 11 _ 4 9 
[00080449] 3 | 5 11 8 0 10 1 2 7 11 _ 4 9 
[00080450] 3 | 5 11 _ 0 10 1 2 7 11 8 4 9 
[00080451] 5 | 5 11 _ 0 10 1 2 7 _ _ 8 3 
[00080452] 4 | 5 11 7 0 10 1 2 7 _ _ 8 3 
[00080453] 3 | 5 11 7 0 10 1 2 7 6 9 8 3 
[00080454] 3 | 5 11 7 0 10 1 2 7 9 6 8 3 
[00080455] 4 | 5 11 _ 0 10 1 2 7 11 _ 8 3 
[00080456] 5 | 5 11 _ 0 10 1 2 7 _ _ 9 4 
[00080457] 4 | 5 11 7 0 10 1 2 7 _ _ 9 4 
[00080458] 3 | 5 11 7 0 10 1 2 7 3 6 9 4 
[00080459] 3 | 5 11 7 0 10 1 2 7 6 3 9 4 
[00080460] 4 | 5 11 _ 0 10 1 2 7 3 _ 9 4 
[00080461] 3 | 5 11 8 0 10 1 2 7 3 _ 9 4 
[00080462] 3 | 5 11 _ 0 10 1 2 7 3 6 9 4 
[00080463] 4 | 5 11 _ 0 10 1 2 7 11 _ 9 4 
[00080464] 3 | 5 11 8 0 10 1 2 7 11 _ 9 4 
[00080465] 3 | 5 11 _ 0 10 1 2 7 11 8 9 4 
[00080466] 6 | _ 11 5 0 10 1 2 7 _ _ _ _ 
[00080467] 5 | 6 11 5 0 10 1 2 7 _ _ _ _ 
[00080468] 4 | 6 11 5 0 10 1 2 7 3 _ _ _ 
[00080469] 3 | 6 11 5 0 10 1 2 7 3 _ 4 _ 
[00080470] 4 | 6 11 5 0 10 1 2 7 4 8 _ _ 
[00080471] 4 | 6 11 5 0 10 1 2 7 8 4 _ _ 
[00080472] 4 | 6 11 5 0 10 1 2 7 _ _ 3 _ 
[00080473] 3 | 6 11 5 0 10 1 2 7 4 _ 3 _ 
[00080474] 4 | 6 11 5 0 10 1 2 7 _ _ 4 8 
[00080475] 4 | 6 11 5 0 10 1 2 7 _ _ 8 4 
[00080476] 5 | _ 11 5 0 10 1 2 7 3 8 _ _ 
[00080477] 4 | 7 11 5 0 10 1 2 7 3 8 _ _ 
[00080478] 3 | 7 11 5 0 10 1 2 7 3 8 6 9 
[00080479] 3 | 7 11 5 0 10 1 2 7 3 8 9 6 
[00080480] 4 | _ 11 5 0 10 1 2 7 3 8 11 _ 
[00080481] 5 | _ 11 5 0 10 1 2 7 4 9 _ _ 
[00080482] 4 | 7 11 5 0 10 1 2 7 4 9 _ _ 
[00080483] 3 | 7 11 5 0 10 1 2 7 4 9 3 6 
[00080484] 3 | 7 11 5 0 10 1 2 7 4 9 6 3 
[00080485] 4 | _ 11 5 0 10 1 2 7 4 9 3 _ 
[00080486] 3 | 8 11 5 0 10 1 2 7 4 9 3 _ 
[00080487] 3 | _ 11 5 0 10 1 2 7 4 9 3 6 
[00080488] 4 | _ 11 5 0 10 1 2 7 4 9 11 _ 
[00080489] 3 | 8 11 5 0 10 1 2 7 4 9 11 _ 
[00080490] 3 | _ 11 5 0 10 1 2 7 4 9 11 8 
[00080491] 5 | _ 11 5 0 10 1 2 7 8 3 _ _ 
[00080492] 4 | 7 11 5 0 10 1 2 7 8 3 _ _ 
[00080493] 3 | 7 11 5 0 10 1 2 7 8 3 6 9 
[00080494] 3 | 7 11 5 0 10 1 2 7 8 3 9 6 
[00080495] 4 | _ 11 5 0 10 1 2 7 8 3 11 _ 
[00080496] 5 | _ 11 5 0 10 1 2 7 9 4 _ _ 
[00080497] 4 | 7 11 5 0 10 1 2 7 9 4 _ _ 
[00080498] 3 | 7 11 5 0 10 1 2 7 9 4 3 6 
[00080499] 3 | 7 11 5 0 10 1 2 7 9 4 6 3 
[00080500] 4 | _ 11 5 0 10 1 2 7 9 4 3 _ 
[00080501] 3 | 8 11 5 0 10 1 2 7 9 4 3 _ 
[00080502] 3 | _ 11 5 0 10 1 2 7 9 4 3 6 
[00080503] 4 | _ 11 5 0 10 1 2 7 9 4 11 _ 
[00080504] 3 | 8 11 5 0 10 1 2 7 9 4 11 _ 
[00080505] 3 | _ 11 5 0 10 1 2 7 9 4 11 8 
[00080506] 5 | _ 11 5 0 10 1 2 7 _ _ 3 8 
[00080507] 4 | 7 11 5 0 10 1 2 7 _ _ 3 8 
[00080508] 3 | 7 11 5 0 10 1 2 7 6 9 3 8 
[00080509] 3 | 7 11 5 0 10 1 2 7 9 6 3 8 
[00080510] 4 | _ 11 5 0 10 1 2 7 11 _ 3 8 
[00080511] 5 | _ 11 5 0 10 1 2 7 _ _ 4 9 
[00080512] 4 | 7 11 5 0 10 1 2 7 _ _ 4 9 
[00080513] 3 | 7 11 5 0 10 1 2 7 3 6 4 9 
[00080514] 3 | 7 11 5 0 10 1 2 7 6 3 4 9 
[00080515] 4 | _ 11 5 0 10 1 2 7 3 _ 4 9 
[00080516] 3 | 8 11 5 0 10 1 2 7 3 _ 4 9 
[00080517] 3 | _ 11 5 0 10 1 2 7 3 6 4 9 
[00080518] 4 | _ 11 5 0 10 1 2 7 11 _ 4 9 
[00080519] 3 | 8 11 5 0 10 1 2 7 11 _ 4 9 
[00080520] 3 | _ 11 5 0 10 1 2 7 11 8 4 9 
[00080521] 5 | _ 11 5 0 10 1 2 7 _ _ 8 3 
[00080522] 4 | 7 11 5 0 10 1 2 7 _ _ 8 3 
[00080523] 3 | 7 11 5 0 10 1 2 7 6 9 8 3 
[00080524] 3 | 7 11 5 0 10 1 2 7 9 6 8 3 
[00080525] 4 | _ 11 5 0 10 1 2 7 11 _ 8 3 
[00080526] 5 | _ 11 5 0 10 1 2 7 _ _ 9 4 
[00080527] 4 | 7 11 5 0 10 1 2 7 _ _ 9 4 
[00080528] 3 | 7 11 5 0 10 1 2 7 3 6 9 4 
[00080529] 3 | 7 11 5 0 10 1 2 7 6 3 9 4 
[00080530] 4 | _ 11 5 0 10 1 2 7 3 _ 9 4 
[00080531] 3 | 8 11 5 0 10 1 2 7 3 _ 9 4 
[00080532] 3 | _ 11 5 0 10 1 2 7 3 6 9 4 
[00080533] 4 | _ 11 5 0 10 1 2 7 11 _ 9 4 
[00080534] 3 | 8 11 5 0 10 1 2 7 11 _ 9 4 
[00080535] 3 | _ 11 5 0 10 1 2 7 11 8 9 4 
[00080536] 6 | _ 11 _ 0 10 1 2 7 3 9 _ _ 
[00080537] 5 | 6 11 _ 0 10 1 2 7 3 9 _ _ 
[00080538] 4 | 6 11 7 0 10 1 2 7 3 9 _ _ 
[00080539] 3 | 6 11 7 0 10 1 2 7 3 9 5 8 
[00080540] 3 | 6 11 7 0 10 1 2 7 3 9 8 5 
[00080541] 4 | 6 11 _ 0 10 1 2 7 3 9 11 _ 
[00080542] 3 | 6 11 8 0 10 1 2 7 3 9 11 _ 
[00080543] 3 | 6 11 _ 0 10 1 2 7 3 9 11 8 
[00080544] 4 | 6 11 _ 0 10 1 2 7 3 9 4 8 
[00080545] 4 | 6 11 _ 0 10 1 2 7 3 9 8 4 
[00080546] 5 | _ 11 6 0 10 1 2 7 3 9 _ _ 
[00080547] 4 | 7 11 6 0 10 1 2 7 3 9 _ _ 
[00080548] 3 | 7 11 6 0 10 1 2 7 3 9 5 8 
[00080549] 3 | 7 11 6 0 10 1 2 7 3 9 8 5 
[00080550] 4 | _ 11 6 0 10 1 2 7 3 9 11 _ 
[00080551] 3 | 8 11 6 0 10 1 2 7 3 9 11 _ 
[00080552] 3 | _ 11 6 0 10 1 2 7 3 9 11 8 
[00080553] 4 | _ 11 6 0 10 1 2 7 3 9 4 8 
[00080554] 4 | _ 11 6 0 10 1 2 7 3 9 8 4 
[00080555] 6 | _ 11 _ 0 10 1 2 7 9 3 _ _ 
[00080556] 5 | 6 11 _ 0 10 1 2 7 9 3 _ _ 
[00080557] 4 | 6 11 7 0 10 1 2 7 9 3 _ _ 
[00080558] 3 | 6 11 7 0 10 1 2 7 9 3 5 8 
[00080559] 3 | 6 11 7 0 10 1 2 7 9 3 8 5 
[00080560] 4 | 6 11 _ 0 10 1 2 7 9 3 11 _ 
[00080561] 3 | 6 11 8 0 10 1 2 7 9 3 11 _ 
[00080562] 3 | 6 11 _ 0 10 1 2 7 9 3 11 8 
[00080563] 4 | 6 11 _ 0 10 1 2 7 9 3 4 8 
[00080564] 4 | 6 11 _ 0 10 1 2 7 9 3 8 4 
[00080565] 5 | _ 11 6 0 10 1 2 7 9 3 _ _ 
[00080566] 4 | 7 11 6 0 10 1 2 7 9 3 _ _ 
[00080567] 3 | 7 11 6 0 10 1 2 7 9 3 5 8 
[00080568] 3 | 7 11 6 0 10 1 2 7 9 3 8 5 
[00080569] 4 | _ 11 6 0 10 1 2 7 9 3 11 _ 
[00080570] 3 | 8 11 6 0 10 1 2 7 9 3 11 _ 
[00080571] 3 | _ 11 6 0 10 1 2 7 9 3 11 8 
[00080572] 4 | _ 11 6 0 10 1 2 7 9 3 4 8 
[00080573] 4 | _ 11 6 0 10 1 2 7 9 3 8 4 
[00080574] 6 | _ 11 _ 0 10 1 2 7 _ _ 3 9 
[00080575] 5 | 6 11 _ 0 10 1 2 7 _ _ 3 9 
[00080576] 4 | 6 11 7 0 10 1 2 7 _ _ 3 9 
[00080577] 3 | 6 11 7 0 10 1 2 7 5 8 3 9 
[00080578] 3 | 6 11 7 0 10 1 2 7 8 5 3 9 
[00080579] 4 | 6 11 _ 0 10 1 2 7 11 _ 3 9 
[00080580] 3 | 6 11 8 0 10 1 2 7 11 _ 3 9 
[00080581] 3 | 6 11 _ 0 10 1 2 7 11 8 3 9 
[00080582] 4 | 6 11 _ 0 10 1 2 7 4 8 3 9 
[00080583] 4 | 6 11 _ 0 10 1 2 7 8 4 3 9 
[00080584] 5 | _ 11 6 0 10 1 2 7 _ _ 3 9 
[00080585] 4 | 7 11 6 0 10 1 2 7 _ _ 3 9 
[00080586] 3 | 7 11 6 0 10 1 2 7 5 8 3 9 
[00080587] 3 | 7 11 6 0 10 1 2 7 8 5 3 9 
[00080588] 4 | _ 11 6 0 10 1 2 7 11 _ 3 9 
[00080589] 3 | 8 11 6 0 10 1 2 7 11 _ 3 9 
[00080590] 3 | _ 11 6 0 10 1 2 7 11 8 3 9 
[00080591] 4 | _ 11 6 0 10 1 2 7 4 8 3 9 
[00080592] 4 | _ 11 6 0 10 1 2 7 8 4 3 9 
[00080593] 6 | _ 11 _ 0 10 1 2 7 _ _ 9 3 
[00080594] 5 | 6 11 _ 0 10 1 2 7 _ _ 9 3 
[00080595] 4 | 6 11 7 0 10 1 2 7 _ _ 9 3 
[00080596] 3 | 6 11 7 0 10 1 2 7 5 8 9 3 
[00080597] 3 | 6 11 7 0 10 1 2 7 8 5 9 3 
[00080598] 4 | 6 11 _ 0 10 1 2 7 11 _ 9 3 
[00080599] 3 | 6 11 8 0 10 1 2 7 11 _ 9 3 
[00080600] 3 | 6 11 _ 0 10 1 2 7 11 8 9 3 
[00080601] 4 | 6 11 _ 0 10 1 2 7 4 8 9 3 
[00080602] 4 | 6 11 _ 0 10 1 2 7 8 4 9 3 
[00080603] 5 | _ 11 6 0 10 1 2 7 _ _ 9 3 
[00080604] 4 | 7 11 6 0 10 1 2 7 _ _ 9 3 
[00080605] 3 | 7 11 6 0 10 1 2 7 5 8 9 3 
[00080606] 3 | 7 11 6 0 10 1 2 7 8 5 9 3 
[00080607] 4 | _ 11 6 0 10 1 2 7 11 _ 9 3 
[00080608] 3 | 8 11 6 0 10 1 2 7 11 _ 9 3 
[00080609] 3 | _ 11 6 0 10 1 2 7 11 8 9 3 
[00080610] 4 | _ 11 6 0 10 1 2 7 4 8 9 3 
[00080611] 4 | _ 11 6 0 10 1 2 7 8 4 9 3 
[00080612] 8 | _ 11 _ 0 10 1 _ 8 _ _ _ _ 
[00080613] 7 | 4 11 _ 0 10 1 _ 8 _ _ _ _ 
[00080614] 6 | 4 11 5 0 10 1 _ 8 _ _ _ _ 
[00080615] 5 | 4 11 5 0 10 1 _ 8 3 _ _ _ 
[00080616] 4 | 4 11 5 0 10 1 6 8 3 _ _ _ 
[00080617] 4 | 4 11 5 0 10 1 _ 8 3 7 _ _ 
[00080618] 3 | 4 11 5 0 10 1 _ 8 3 7 6 9 
[00080619] 3 | 4 11 5 0 10 1 _ 8 3 7 9 6 
[00080620] 4 | 4 11 5 0 10 1 _ 8 3 _ 2 6 
[00080621] 3 | 4 11 5 0 10 1 7 8 3 _ 2 6 
[00080622] 4 | 4 11 5 0 10 1 _ 8 3 _ 6 2 
[00080623] 3 | 4 11 5 0 10 1 7 8 3 _ 6 2 
[00080624] 5 | 4 11 5 0 10 1 _ 8 2 7 _ _ 
[00080625] 4 | 4 11 5 0 10 1 6 8 2 7 _ _ 
[00080626] 5 | 4 11 5 0 10 1 _ 8 7 2 _ _ 
[00080627] 4 | 4 11 5 0 10 1 6 8 7 2 _ _ 
[00080628] 5 | 4 11 5 0 10 1 _ 8 _ _ 3 _ 
[00080629] 4 | 4 11 5 0 10 1 6 8 _ _ 3 _ 
[00080630] 4 | 4 11 5 0 10 1 _ 8 2 6 3 _ 
[00080631] 3 | 4 11 5 0 10 1 7 8 2 6 3 _ 
[00080632] 4 | 4 11 5 0 10 1 _ 8 6 2 3 _ 
[00080633] 3 | 4 11 5 0 10 1 7 8 6 2 3 _ 
[00080634] 4 | 4 11 5 0 10 1 _ 8 _ _ 3 7 
[00080635] 3 | 4 11 5 0 10 1 _ 8 6 9 3 7 
[00080636] 3 | 4 11 5 0 10 1 _ 8 9 6 3 7 
[00080637] 5 | 4 11 5 0 10 1 _ 8 _ _ 2 7 
[00080638] 4 | 4 11 5 0 10 1 6 8 _ _ 2 7 
[00080639] 5 | 4 11 5 0 10 1 _ 8 _ _ 7 2 
[00080640] 4 | 4 11 5 0 10 1 6 8 _ _ 7 2 
[00080641] 6 | 4 11 _ 0 10 1 _ 8 2 _ _ _ 
[00080642] 5 | 4 11 6 0 10 1 _ 8 2 _ _ _ 
[00080643] 4 | 4 11 6 0 10 1 _ 8 2 _ 3 7 
[00080644] 3 | 4 11 6 0 10 1 _ 8 2 5 3 7 
[00080645] 4 | 4 11 6 0 10 1 _ 8 2 _ 5 9 
[00080646] 3 | 4 11 6 0 10 1 7 8 2 _ 5 9 
[00080647] 4 | 4 11 6 0 10 1 _ 8 2 _ 7 3 
[00080648] 3 | 4 11 6 0 10 1 _ 8 2 5 7 3 
[00080649] 4 | 4 11 6 0 10 1 _ 8 2 _ 9 5 
[00080650] 3 | 4 11 6 0 10 1 7 8 2 _ 9 5 
[00080651] 5 | 4 11 _ 0 10 1 5 8 2 _ _ _ 
[00080652] 4 | 4 11 7 0 10 1 5 8 2 _ _ _ 
[00080653] 3 | 4 11 7 0 10 1 5 8 2 _ 3 6 
[00080654] 3 | 4 11 7 0 10 1 5 8 2 _ 6 9 
[00080655] 3 | 4 11 7 0 10 1 5 8 2 _ 6 3 
[00080656] 3 | 4 11 7 0 10 1 5 8 2 _ 9 6 
[00080657] 4 | 4 11 _ 0 10 1 5 8 2 6 _ _ 
[00080658] 3 | 4 11 8 0 10 1 5 8 2 6 _ _ 
[00080659] 2 | 4 11 8 0 10 1 5 8 2 6 7 9 
[00080660] 1 | 4 11 8 0 10 1 5 8 2 6 7 9  *Graceful*
[00080660] 2 | 4 11 8 0 10 1 5 8 2 6 9 7 
[00080661] 1 | 4 11 8 0 10 1 5 8 2 6 9 7  *Graceful*
[00080661] 3 | 4 11 _ 0 10 1 5 8 2 6 11 _ 
[00080662] 2 | 4 11 9 0 10 1 5 8 2 6 11 _ 
[00080663] 2 | 4 11 _ 0 10 1 5 8 2 6 11 9 
[00080664] 4 | 4 11 _ 0 10 1 5 8 2 _ 3 7 
[00080665] 4 | 4 11 _ 0 10 1 5 8 2 _ 7 3 
[00080666] 5 | 4 11 _ 0 10 1 _ 8 2 7 _ _ 
[00080667] 4 | 4 11 _ 0 10 1 6 8 2 7 _ _ 
[00080668] 3 | 4 11 8 0 10 1 6 8 2 7 _ _ 
[00080669] 2 | 4 11 8 0 10 1 6 8 2 7 3 5 
[00080670] 2 | 4 11 8 0 10 1 6 8 2 7 5 3 
[00080671] 3 | 4 11 _ 0 10 1 6 8 2 7 5 _ 
[00080672] 2 | 4 11 9 0 10 1 6 8 2 7 5 _ 
[00080673] 2 | 4 11 _ 0 10 1 6 8 2 7 5 3 
[00080674] 3 | 4 11 _ 0 10 1 6 8 2 7 11 _ 
[00080675] 2 | 4 11 9 0 10 1 6 8 2 7 11 _ 
[00080676] 2 | 4 11 _ 0 10 1 6 8 2 7 11 9 
[00080677] 4 | 4 11 _ 0 10 1 _ 8 2 7 5 9 
[00080678] 4 | 4 11 _ 0 10 1 _ 8 2 7 9 5 
[00080679] 5 | 4 11 _ 0 10 1 _ 8 2 _ 3 _ 
[00080680] 4 | 4 11 7 0 10 1 _ 8 2 _ 3 _ 
[00080681] 3 | 4 11 7 0 10 1 _ 8 2 5 3 _ 
[00080682] 3 | 4 11 7 0 10 1 _ 8 2 _ 3 6 
[00080683] 4 | 4 11 _ 0 10 1 6 8 2 _ 3 _ 
[00080684] 3 | 4 11 _ 0 10 1 6 8 2 5 3 _ 
[00080685] 2 | 4 11 9 0 10 1 6 8 2 5 3 _ 
[00080686] 4 | 4 11 _ 0 10 1 _ 8 2 6 3 _ 
[00080687] 3 | 4 11 _ 0 10 1 7 8 2 6 3 _ 
[00080688] 2 | 4 11 9 0 10 1 7 8 2 6 3 _ 
[00080689] 2 | 4 11 _ 0 10 1 7 8 2 6 3 5 
[00080690] 4 | 4 11 _ 0 10 1 _ 8 2 _ 3 7 
[00080691] 3 | 4 11 _ 0 10 1 _ 8 2 5 3 7 
[00080692] 2 | 4 11 9 0 10 1 _ 8 2 5 3 7 
[00080693] 6 | 4 11 _ 0 10 1 _ 8 3 9 _ _ 
[00080694] 5 | 4 11 6 0 10 1 _ 8 3 9 _ _ 
[00080695] 5 | 4 11 _ 0 10 1 5 8 3 9 _ _ 
[00080696] 4 | 4 11 7 0 10 1 5 8 3 9 _ _ 
[00080697] 4 | 4 11 _ 0 10 1 5 8 3 9 2 6 
[00080698] 4 | 4 11 _ 0 10 1 5 8 3 9 6 2 
[00080699] 5 | 4 11 _ 0 10 1 _ 8 3 9 2 7 
[00080700] 4 | 4 11 _ 0 10 1 6 8 3 9 2 7 
[00080701] 5 | 4 11 _ 0 10 1 _ 8 3 9 7 2 
[00080702] 4 | 4 11 _ 0 10 1 6 8 3 9 7 2 
[00080703] 6 | 4 11 _ 0 10 1 _ 8 9 3 _ _ 
[00080704] 5 | 4 11 6 0 10 1 _ 8 9 3 _ _ 
[00080705] 5 | 4 11 _ 0 10 1 5 8 9 3 _ _ 
[00080706] 4 | 4 11 7 0 10 1 5 8 9 3 _ _ 
[00080707] 4 | 4 11 _ 0 10 1 5 8 9 3 2 6 
[00080708] 4 | 4 11 _ 0 10 1 5 8 9 3 6 2 
[00080709] 5 | 4 11 _ 0 10 1 _ 8 9 3 2 7 
[00080710] 4 | 4 11 _ 0 10 1 6 8 9 3 2 7 
[00080711] 5 | 4 11 _ 0 10 1 _ 8 9 3 7 2 
[00080712] 4 | 4 11 _ 0 10 1 6 8 9 3 7 2 
[00080713] 6 | 4 11 _ 0 10 1 _ 8 _ _ 2 _ 
[00080714] 5 | 4 11 6 0 10 1 _ 8 _ _ 2 _ 
[00080715] 4 | 4 11 6 0 10 1 _ 8 3 7 2 _ 
[00080716] 3 | 4 11 6 0 10 1 _ 8 3 7 2 5 
[00080717] 4 | 4 11 6 0 10 1 _ 8 5 9 2 _ 
[00080718] 3 | 4 11 6 0 10 1 7 8 5 9 2 _ 
[00080719] 4 | 4 11 6 0 10 1 _ 8 7 3 2 _ 
[00080720] 3 | 4 11 6 0 10 1 _ 8 7 3 2 5 
[00080721] 4 | 4 11 6 0 10 1 _ 8 9 5 2 _ 
[00080722] 3 | 4 11 6 0 10 1 7 8 9 5 2 _ 
[00080723] 5 | 4 11 _ 0 10 1 5 8 _ _ 2 _ 
[00080724] 4 | 4 11 7 0 10 1 5 8 _ _ 2 _ 
[00080725] 3 | 4 11 7 0 10 1 5 8 3 6 2 _ 
[00080726] 3 | 4 11 7 0 10 1 5 8 6 9 2 _ 
