[00289844] 5 | _ 1 8 11 2 _ 10 0 6 1 9 _ 
[00289845] 4 | _ 1 8 11 2 _ 10 0 6 1 9 5 
[00289846] 5 | _ 1 8 11 2 _ 10 0 6 _ 9 4 
[00289847] 4 | 5 1 8 11 2 _ 10 0 6 _ 9 4 
[00289848] 3 | 5 1 8 11 2 _ 10 0 6 3 9 4 
[00289849] 4 | _ 1 8 11 2 6 10 0 6 _ 9 4 
[00289850] 4 | _ 1 8 11 2 _ 10 0 6 2 9 4 
[00289851] 6 | _ 1 8 11 2 _ 10 0 _ _ 9 3 
[00289852] 5 | 6 1 8 11 2 _ 10 0 _ _ 9 3 
[00289853] 4 | 6 1 8 11 2 _ 10 0 4 _ 9 3 
[00289854] 3 | 6 1 8 11 2 5 10 0 4 _ 9 3 
[00289855] 3 | 6 1 8 11 2 _ 10 0 4 7 9 3 
[00289856] 5 | _ 1 8 11 2 7 10 0 _ _ 9 3 
[00289857] 4 | 5 1 8 11 2 7 10 0 _ _ 9 3 
[00289858] 4 | _ 1 8 11 2 7 10 0 4 _ 9 3 
[00289859] 3 | 4 1 8 11 2 7 10 0 4 _ 9 3 
[00289860] 3 | _ 1 8 11 2 7 10 0 4 1 9 3 
[00289861] 5 | _ 1 8 11 2 _ 10 0 5 _ 9 3 
[00289862] 4 | 5 1 8 11 2 _ 10 0 5 _ 9 3 
[00289863] 4 | _ 1 8 11 2 6 10 0 5 _ 9 3 
[00289864] 3 | 4 1 8 11 2 6 10 0 5 _ 9 3 
[00289865] 2 | 4 1 8 11 2 6 10 0 5 7 9 3 
[00289866] 4 | _ 1 8 11 2 _ 10 0 5 1 9 3 
[00289867] 7 | _ 1 _ 11 2 9 10 0 _ _ 9 _ 
[00289868] 6 | 7 1 _ 11 2 9 10 0 _ _ 9 _ 
[00289869] 5 | 7 1 6 11 2 9 10 0 _ _ 9 _ 
[00289870] 4 | 7 1 6 11 2 9 10 0 4 _ 9 _ 
[00289871] 4 | 7 1 6 11 2 9 10 0 4 8 9 _ 
[00289872] 4 | 7 1 6 11 2 9 10 0 8 4 9 _ 
[00289873] 5 | 7 1 _ 11 2 9 10 0 5 _ 9 _ 
[00289874] 4 | 7 1 5 11 2 9 10 0 5 _ 9 _ 
[00289875] 4 | 7 1 _ 11 2 9 10 0 5 1 9 _ 
[00289876] 5 | 7 1 _ 11 2 9 10 0 3 8 9 _ 
[00289877] 4 | 7 1 5 11 2 9 10 0 3 8 9 _ 
[00289878] 5 | 7 1 _ 11 2 9 10 0 8 3 9 _ 
[00289879] 4 | 7 1 5 11 2 9 10 0 8 3 9 _ 
[00289880] 6 | _ 1 7 11 2 9 10 0 _ _ 9 _ 
[00289881] 5 | 6 1 7 11 2 9 10 0 _ _ 9 _ 
[00289882] 4 | 6 1 7 11 2 9 10 0 4 _ 9 _ 
[00289883] 4 | 6 1 7 11 2 9 10 0 4 8 9 _ 
[00289884] 4 | 6 1 7 11 2 9 10 0 8 4 9 _ 
[00289885] 5 | _ 1 7 11 2 9 10 0 5 _ 9 _ 
[00289886] 4 | 5 1 7 11 2 9 10 0 5 _ 9 _ 
[00289887] 4 | _ 1 7 11 2 9 10 0 5 1 9 _ 
[00289888] 5 | _ 1 7 11 2 9 10 0 3 8 9 _ 
[00289889] 4 | 5 1 7 11 2 9 10 0 3 8 9 _ 
[00289890] 5 | _ 1 7 11 2 9 10 0 8 3 9 _ 
[00289891] 4 | 5 1 7 11 2 9 10 0 8 3 9 _ 
[00289892] 6 | _ 1 _ 11 2 9 10 0 6 _ 9 _ 
[00289893] 5 | 6 1 _ 11 2 9 10 0 6 _ 9 _ 
[00289894] 4 | 6 1 5 11 2 9 10 0 6 _ 9 _ 
[00289895] 5 | _ 1 6 11 2 9 10 0 6 _ 9 _ 
[00289896] 4 | 5 1 6 11 2 9 10 0 6 _ 9 _ 
[00289897] 5 | _ 1 _ 11 2 9 10 0 6 1 9 _ 
[00289898] 7 | _ 1 _ 11 2 _ 10 0 7 _ 9 _ 
[00289899] 6 | 7 1 _ 11 2 _ 10 0 7 _ 9 _ 
[00289900] 5 | 7 1 6 11 2 _ 10 0 7 _ 9 _ 
[00289901] 4 | 7 1 6 11 2 _ 10 0 7 _ 9 5 
[00289902] 5 | 7 1 _ 11 2 _ 10 0 7 _ 9 4 
[00289903] 4 | 7 1 5 11 2 _ 10 0 7 _ 9 4 
[00289904] 4 | 7 1 _ 11 2 6 10 0 7 _ 9 4 
[00289905] 6 | _ 1 7 11 2 _ 10 0 7 _ 9 _ 
[00289906] 5 | 6 1 7 11 2 _ 10 0 7 _ 9 _ 
[00289907] 4 | 6 1 7 11 2 _ 10 0 7 _ 9 5 
[00289908] 5 | _ 1 7 11 2 _ 10 0 7 _ 9 4 
[00289909] 4 | 5 1 7 11 2 _ 10 0 7 _ 9 4 
[00289910] 4 | _ 1 7 11 2 6 10 0 7 _ 9 4 
[00289911] 6 | _ 1 _ 11 2 8 10 0 7 _ 9 _ 
[00289912] 5 | 6 1 _ 11 2 8 10 0 7 _ 9 _ 
[00289913] 4 | 6 1 5 11 2 8 10 0 7 _ 9 _ 
[00289914] 3 | 6 1 5 11 2 8 10 0 7 4 9 _ 
[00289915] 4 | 6 1 _ 11 2 8 10 0 7 3 9 _ 
[00289916] 3 | 6 1 4 11 2 8 10 0 7 3 9 _ 
[00289917] 4 | 6 1 _ 11 2 8 10 0 7 _ 9 5 
[00289918] 3 | 6 1 4 11 2 8 10 0 7 _ 9 5 
[00289919] 3 | 6 1 _ 11 2 8 10 0 7 4 9 5 
[00289920] 2 | 6 1 3 11 2 8 10 0 7 4 9 5 
[00289921] 5 | _ 1 6 11 2 8 10 0 7 _ 9 _ 
[00289922] 4 | 5 1 6 11 2 8 10 0 7 _ 9 _ 
[00289923] 3 | 5 1 6 11 2 8 10 0 7 4 9 _ 
[00289924] 4 | _ 1 6 11 2 8 10 0 7 3 9 _ 
[00289925] 3 | 4 1 6 11 2 8 10 0 7 3 9 _ 
[00289926] 4 | _ 1 6 11 2 8 10 0 7 _ 9 5 
[00289927] 3 | 4 1 6 11 2 8 10 0 7 _ 9 5 
[00289928] 3 | _ 1 6 11 2 8 10 0 7 4 9 5 
[00289929] 2 | 3 1 6 11 2 8 10 0 7 4 9 5 
[00289930] 5 | _ 1 _ 11 2 8 10 0 7 _ 9 4 
[00289931] 4 | 5 1 _ 11 2 8 10 0 7 _ 9 4 
[00289932] 4 | _ 1 5 11 2 8 10 0 7 _ 9 4 
[00289933] 4 | _ 1 _ 11 2 8 10 0 7 3 9 4 
[00289934] 6 | _ 1 _ 11 2 _ 10 0 7 1 9 _ 
[00289935] 5 | _ 1 _ 11 2 _ 10 0 7 1 9 4 
[00289936] 4 | _ 1 _ 11 2 6 10 0 7 1 9 4 
[00289937] 6 | _ 1 _ 11 2 _ 10 0 7 _ 9 3 
[00289938] 5 | 6 1 _ 11 2 _ 10 0 7 _ 9 3 
[00289939] 4 | 6 1 5 11 2 _ 10 0 7 _ 9 3 
[00289940] 3 | 6 1 5 11 2 _ 10 0 7 4 9 3 
[00289941] 5 | _ 1 6 11 2 _ 10 0 7 _ 9 3 
[00289942] 4 | 5 1 6 11 2 _ 10 0 7 _ 9 3 
[00289943] 3 | 5 1 6 11 2 _ 10 0 7 4 9 3 
[00289944] 5 | _ 1 _ 11 2 7 10 0 7 _ 9 3 
[00289945] 4 | 5 1 _ 11 2 7 10 0 7 _ 9 3 
[00289946] 3 | 5 1 4 11 2 7 10 0 7 _ 9 3 
[00289947] 4 | _ 1 5 11 2 7 10 0 7 _ 9 3 
[00289948] 3 | 4 1 5 11 2 7 10 0 7 _ 9 3 
[00289949] 5 | _ 1 _ 11 2 _ 10 0 7 2 9 3 
[00289950] 4 | 5 1 _ 11 2 _ 10 0 7 2 9 3 
[00289951] 3 | 5 1 4 11 2 _ 10 0 7 2 9 3 
[00289952] 4 | _ 1 5 11 2 _ 10 0 7 2 9 3 
[00289953] 3 | 4 1 5 11 2 _ 10 0 7 2 9 3 
[00289954] 7 | _ 1 _ 11 2 _ 10 0 _ _ 9 2 
[00289955] 6 | 7 1 _ 11 2 _ 10 0 _ _ 9 2 
[00289956] 5 | 7 1 6 11 2 _ 10 0 _ _ 9 2 
[00289957] 4 | 7 1 6 11 2 _ 10 0 4 _ 9 2 
[00289958] 4 | 7 1 6 11 2 _ 10 0 4 8 9 2 
[00289959] 4 | 7 1 6 11 2 _ 10 0 8 4 9 2 
[00289960] 5 | 7 1 _ 11 2 _ 10 0 5 _ 9 2 
[00289961] 4 | 7 1 5 11 2 _ 10 0 5 _ 9 2 
[00289962] 4 | 7 1 _ 11 2 _ 10 0 5 1 9 2 
[00289963] 5 | 7 1 _ 11 2 _ 10 0 3 8 9 2 
[00289964] 4 | 7 1 5 11 2 _ 10 0 3 8 9 2 
[00289965] 5 | 7 1 _ 11 2 _ 10 0 8 3 9 2 
[00289966] 4 | 7 1 5 11 2 _ 10 0 8 3 9 2 
[00289967] 6 | _ 1 7 11 2 _ 10 0 _ _ 9 2 
[00289968] 5 | 6 1 7 11 2 _ 10 0 _ _ 9 2 
[00289969] 4 | 6 1 7 11 2 _ 10 0 4 _ 9 2 
[00289970] 4 | 6 1 7 11 2 _ 10 0 4 8 9 2 
[00289971] 4 | 6 1 7 11 2 _ 10 0 8 4 9 2 
[00289972] 5 | _ 1 7 11 2 _ 10 0 5 _ 9 2 
[00289973] 4 | 5 1 7 11 2 _ 10 0 5 _ 9 2 
[00289974] 4 | _ 1 7 11 2 _ 10 0 5 1 9 2 
[00289975] 5 | _ 1 7 11 2 _ 10 0 3 8 9 2 
[00289976] 4 | 5 1 7 11 2 _ 10 0 3 8 9 2 
[00289977] 5 | _ 1 7 11 2 _ 10 0 8 3 9 2 
[00289978] 4 | 5 1 7 11 2 _ 10 0 8 3 9 2 
[00289979] 6 | _ 1 _ 11 2 _ 10 0 6 _ 9 2 
[00289980] 5 | 6 1 _ 11 2 _ 10 0 6 _ 9 2 
[00289981] 4 | 6 1 5 11 2 _ 10 0 6 _ 9 2 
[00289982] 5 | _ 1 6 11 2 _ 10 0 6 _ 9 2 
[00289983] 4 | 5 1 6 11 2 _ 10 0 6 _ 9 2 
[00289984] 5 | _ 1 _ 11 2 _ 10 0 6 1 9 2 
[00289985] 8 | _ 1 _ 11 10 _ 2 0 _ _ 9 _ 
[00289986] 7 | 8 1 _ 11 10 _ 2 0 _ _ 9 _ 
[00289987] 6 | 8 1 7 11 10 _ 2 0 _ _ 9 _ 
[00289988] 5 | 8 1 7 11 10 5 2 0 _ _ 9 _ 
[00289989] 4 | 8 1 7 11 10 5 2 0 4 _ 9 _ 
[00289990] 3 | 8 1 7 11 10 5 2 0 4 _ 9 6 
[00289991] 5 | 8 1 7 11 10 _ 2 0 5 _ 9 _ 
[00289992] 4 | 8 1 7 11 10 6 2 0 5 _ 9 _ 
[00289993] 4 | 8 1 7 11 10 _ 2 0 5 9 9 _ 
[00289994] 4 | 8 1 7 11 10 _ 2 0 5 _ 9 5 
[00289995] 5 | 8 1 7 11 10 _ 2 0 _ _ 9 4 
[00289996] 4 | 8 1 7 11 10 6 2 0 _ _ 9 4 
[00289997] 3 | 8 1 7 11 10 6 2 0 3 _ 9 4 
[00289998] 2 | 8 1 7 11 10 6 2 0 3 5 9 4 
[00289999] 1 | 8 1 7 11 10 6 2 0 3 5 9 4  *Graceful*
[00289999] 6 | 8 1 _ 11 10 4 2 0 _ _ 9 _ 
[00290000] 5 | 8 1 6 11 10 4 2 0 _ _ 9 _ 
[00290001] 4 | 8 1 6 11 10 4 2 0 3 7 9 _ 
[00290002] 4 | 8 1 6 11 10 4 2 0 7 3 9 _ 
[00290003] 4 | 8 1 6 11 10 4 2 0 _ _ 9 5 
[00290004] 3 | 8 1 6 11 10 4 2 0 3 _ 9 5 
[00290005] 5 | 8 1 _ 11 10 4 2 0 5 _ 9 _ 
[00290006] 4 | 8 1 5 11 10 4 2 0 5 _ 9 _ 
[00290007] 3 | 8 1 5 11 10 4 2 0 5 _ 9 6 
[00290008] 4 | 8 1 _ 11 10 4 2 0 5 1 9 _ 
[00290009] 3 | 8 1 _ 11 10 4 2 0 5 1 9 6 
[00290010] 4 | 8 1 _ 11 10 4 2 0 5 9 9 _ 
[00290011] 4 | 8 1 _ 11 10 4 2 0 5 _ 9 5 
[00290012] 6 | 8 1 _ 11 10 _ 2 0 6 _ 9 _ 
[00290013] 5 | 8 1 6 11 10 _ 2 0 6 _ 9 _ 
[00290014] 4 | 8 1 6 11 10 _ 2 0 6 _ 9 5 
[00290015] 3 | 8 1 6 11 10 7 2 0 6 _ 9 5 
[00290016] 5 | 8 1 _ 11 10 5 2 0 6 _ 9 _ 
[00290017] 5 | 8 1 _ 11 10 _ 2 0 6 1 9 _ 
[00290018] 4 | 8 1 _ 11 10 _ 2 0 6 1 9 5 
[00290019] 3 | 8 1 _ 11 10 7 2 0 6 1 9 5 
[00290020] 5 | 8 1 _ 11 10 _ 2 0 6 _ 9 4 
[00290021] 4 | 8 1 5 11 10 _ 2 0 6 _ 9 4 
[00290022] 3 | 8 1 5 11 10 7 2 0 6 _ 9 4 
[00290023] 3 | 8 1 5 11 10 _ 2 0 6 3 9 4 
[00290024] 4 | 8 1 _ 11 10 6 2 0 6 _ 9 4 
[00290025] 4 | 8 1 _ 11 10 _ 2 0 6 10 9 4 
[00290026] 6 | 8 1 _ 11 10 _ 2 0 _ _ 9 3 
[00290027] 5 | 8 1 6 11 10 _ 2 0 _ _ 9 3 
[00290028] 4 | 8 1 6 11 10 _ 2 0 4 _ 9 3 
[00290029] 3 | 8 1 6 11 10 7 2 0 4 _ 9 3 
[00290030] 3 | 8 1 6 11 10 _ 2 0 4 7 9 3 
[00290031] 5 | 8 1 _ 11 10 5 2 0 _ _ 9 3 
[00290032] 4 | 8 1 _ 11 10 5 2 0 4 _ 9 3 
[00290033] 3 | 8 1 4 11 10 5 2 0 4 _ 9 3 
[00290034] 3 | 8 1 _ 11 10 5 2 0 4 1 9 3 
[00290035] 3 | 8 1 _ 11 10 5 2 0 4 7 9 3 
[00290036] 5 | 8 1 _ 11 10 _ 2 0 5 _ 9 3 
[00290037] 4 | 8 1 5 11 10 _ 2 0 5 _ 9 3 
[00290038] 3 | 8 1 5 11 10 7 2 0 5 _ 9 3 
[00290039] 4 | 8 1 _ 11 10 6 2 0 5 _ 9 3 
[00290040] 3 | 8 1 4 11 10 6 2 0 5 _ 9 3 
[00290041] 2 | 8 1 4 11 10 6 2 0 5 7 9 3 
[00290042] 1 | 8 1 4 11 10 6 2 0 5 7 9 3  *Graceful*
[00290042] 4 | 8 1 _ 11 10 _ 2 0 5 1 9 3 
[00290043] 3 | 8 1 _ 11 10 7 2 0 5 1 9 3 
[00290044] 7 | _ 1 8 11 10 _ 2 0 _ _ 9 _ 
[00290045] 6 | 7 1 8 11 10 _ 2 0 _ _ 9 _ 
[00290046] 5 | 7 1 8 11 10 5 2 0 _ _ 9 _ 
[00290047] 4 | 7 1 8 11 10 5 2 0 4 _ 9 _ 
[00290048] 3 | 7 1 8 11 10 5 2 0 4 _ 9 6 
[00290049] 5 | 7 1 8 11 10 _ 2 0 5 _ 9 _ 
[00290050] 4 | 7 1 8 11 10 6 2 0 5 _ 9 _ 
[00290051] 4 | 7 1 8 11 10 _ 2 0 5 9 9 _ 
[00290052] 4 | 7 1 8 11 10 _ 2 0 5 _ 9 5 
[00290053] 5 | 7 1 8 11 10 _ 2 0 _ _ 9 4 
[00290054] 4 | 7 1 8 11 10 6 2 0 _ _ 9 4 
[00290055] 3 | 7 1 8 11 10 6 2 0 3 _ 9 4 
[00290056] 2 | 7 1 8 11 10 6 2 0 3 5 9 4 
[00290057] 1 | 7 1 8 11 10 6 2 0 3 5 9 4  *Graceful*
[00290057] 6 | _ 1 8 11 10 4 2 0 _ _ 9 _ 
[00290058] 5 | 6 1 8 11 10 4 2 0 _ _ 9 _ 
[00290059] 4 | 6 1 8 11 10 4 2 0 3 7 9 _ 
[00290060] 4 | 6 1 8 11 10 4 2 0 7 3 9 _ 
[00290061] 4 | 6 1 8 11 10 4 2 0 _ _ 9 5 
[00290062] 3 | 6 1 8 11 10 4 2 0 3 _ 9 5 
[00290063] 5 | _ 1 8 11 10 4 2 0 5 _ 9 _ 
[00290064] 4 | 5 1 8 11 10 4 2 0 5 _ 9 _ 
[00290065] 3 | 5 1 8 11 10 4 2 0 5 _ 9 6 
[00290066] 4 | _ 1 8 11 10 4 2 0 5 1 9 _ 
[00290067] 3 | _ 1 8 11 10 4 2 0 5 1 9 6 
[00290068] 4 | _ 1 8 11 10 4 2 0 5 9 9 _ 
[00290069] 4 | _ 1 8 11 10 4 2 0 5 _ 9 5 
[00290070] 6 | _ 1 8 11 10 _ 2 0 6 _ 9 _ 
[00290071] 5 | 6 1 8 11 10 _ 2 0 6 _ 9 _ 
[00290072] 4 | 6 1 8 11 10 _ 2 0 6 _ 9 5 
[00290073] 3 | 6 1 8 11 10 7 2 0 6 _ 9 5 
[00290074] 5 | _ 1 8 11 10 5 2 0 6 _ 9 _ 
[00290075] 5 | _ 1 8 11 10 _ 2 0 6 1 9 _ 
[00290076] 4 | _ 1 8 11 10 _ 2 0 6 1 9 5 
[00290077] 3 | _ 1 8 11 10 7 2 0 6 1 9 5 
[00290078] 5 | _ 1 8 11 10 _ 2 0 6 _ 9 4 
[00290079] 4 | 5 1 8 11 10 _ 2 0 6 _ 9 4 
[00290080] 3 | 5 1 8 11 10 7 2 0 6 _ 9 4 
[00290081] 3 | 5 1 8 11 10 _ 2 0 6 3 9 4 
[00290082] 4 | _ 1 8 11 10 6 2 0 6 _ 9 4 
[00290083] 4 | _ 1 8 11 10 _ 2 0 6 10 9 4 
[00290084] 6 | _ 1 8 11 10 _ 2 0 _ _ 9 3 
[00290085] 5 | 6 1 8 11 10 _ 2 0 _ _ 9 3 
[00290086] 4 | 6 1 8 11 10 _ 2 0 4 _ 9 3 
[00290087] 3 | 6 1 8 11 10 7 2 0 4 _ 9 3 
[00290088] 3 | 6 1 8 11 10 _ 2 0 4 7 9 3 
[00290089] 5 | _ 1 8 11 10 5 2 0 _ _ 9 3 
[00290090] 4 | _ 1 8 11 10 5 2 0 4 _ 9 3 
[00290091] 3 | 4 1 8 11 10 5 2 0 4 _ 9 3 
[00290092] 3 | _ 1 8 11 10 5 2 0 4 1 9 3 
[00290093] 3 | _ 1 8 11 10 5 2 0 4 7 9 3 
[00290094] 5 | _ 1 8 11 10 _ 2 0 5 _ 9 3 
[00290095] 4 | 5 1 8 11 10 _ 2 0 5 _ 9 3 
[00290096] 3 | 5 1 8 11 10 7 2 0 5 _ 9 3 
[00290097] 4 | _ 1 8 11 10 6 2 0 5 _ 9 3 
[00290098] 3 | 4 1 8 11 10 6 2 0 5 _ 9 3 
[00290099] 2 | 4 1 8 11 10 6 2 0 5 7 9 3 
[00290100] 1 | 4 1 8 11 10 6 2 0 5 7 9 3  *Graceful*
[00290100] 4 | _ 1 8 11 10 _ 2 0 5 1 9 3 
[00290101] 3 | _ 1 8 11 10 7 2 0 5 1 9 3 
[00290102] 7 | _ 1 _ 11 10 3 2 0 _ _ 9 _ 
[00290103] 6 | 7 1 _ 11 10 3 2 0 _ _ 9 _ 
[00290104] 5 | 7 1 6 11 10 3 2 0 _ _ 9 _ 
[00290105] 4 | 7 1 6 11 10 3 2 0 4 _ 9 _ 
[00290106] 4 | 7 1 6 11 10 3 2 0 4 8 9 _ 
[00290107] 4 | 7 1 6 11 10 3 2 0 8 4 9 _ 
[00290108] 4 | 7 1 6 11 10 3 2 0 _ _ 9 5 
[00290109] 5 | 7 1 _ 11 10 3 2 0 5 _ 9 _ 
[00290110] 4 | 7 1 5 11 10 3 2 0 5 _ 9 _ 
[00290111] 3 | 7 1 5 11 10 3 2 0 5 _ 9 6 
[00290112] 4 | 7 1 _ 11 10 3 2 0 5 1 9 _ 
[00290113] 3 | 7 1 _ 11 10 3 2 0 5 1 9 6 
[00290114] 4 | 7 1 _ 11 10 3 2 0 5 9 9 _ 
[00290115] 3 | 7 1 4 11 10 3 2 0 5 9 9 _ 
[00290116] 4 | 7 1 _ 11 10 3 2 0 5 _ 9 5 
[00290117] 3 | 7 1 4 11 10 3 2 0 5 _ 9 5 
[00290118] 5 | 7 1 _ 11 10 3 2 0 _ _ 9 4 
[00290119] 4 | 7 1 5 11 10 3 2 0 _ _ 9 4 
[00290120] 6 | _ 1 7 11 10 3 2 0 _ _ 9 _ 
[00290121] 5 | 6 1 7 11 10 3 2 0 _ _ 9 _ 
[00290122] 4 | 6 1 7 11 10 3 2 0 4 _ 9 _ 
[00290123] 4 | 6 1 7 11 10 3 2 0 4 8 9 _ 
[00290124] 4 | 6 1 7 11 10 3 2 0 8 4 9 _ 
[00290125] 4 | 6 1 7 11 10 3 2 0 _ _ 9 5 
[00290126] 5 | _ 1 7 11 10 3 2 0 5 _ 9 _ 
[00290127] 4 | 5 1 7 11 10 3 2 0 5 _ 9 _ 
[00290128] 3 | 5 1 7 11 10 3 2 0 5 _ 9 6 
[00290129] 4 | _ 1 7 11 10 3 2 0 5 1 9 _ 
[00290130] 3 | _ 1 7 11 10 3 2 0 5 1 9 6 
[00290131] 4 | _ 1 7 11 10 3 2 0 5 9 9 _ 
[00290132] 3 | 4 1 7 11 10 3 2 0 5 9 9 _ 
[00290133] 4 | _ 1 7 11 10 3 2 0 5 _ 9 5 
[00290134] 3 | 4 1 7 11 10 3 2 0 5 _ 9 5 
[00290135] 5 | _ 1 7 11 10 3 2 0 _ _ 9 4 
[00290136] 4 | 5 1 7 11 10 3 2 0 _ _ 9 4 
[00290137] 6 | _ 1 _ 11 10 3 2 0 6 _ 9 _ 
[00290138] 5 | 6 1 _ 11 10 3 2 0 6 _ 9 _ 
[00290139] 4 | 6 1 5 11 10 3 2 0 6 _ 9 _ 
[00290140] 4 | 6 1 _ 11 10 3 2 0 6 _ 9 5 
[00290141] 3 | 6 1 4 11 10 3 2 0 6 _ 9 5 
[00290142] 5 | _ 1 6 11 10 3 2 0 6 _ 9 _ 
[00290143] 4 | 5 1 6 11 10 3 2 0 6 _ 9 _ 
[00290144] 4 | _ 1 6 11 10 3 2 0 6 _ 9 5 
[00290145] 3 | 4 1 6 11 10 3 2 0 6 _ 9 5 
[00290146] 5 | _ 1 _ 11 10 3 2 0 6 1 9 _ 
[00290147] 4 | _ 1 _ 11 10 3 2 0 6 1 9 5 
[00290148] 5 | _ 1 _ 11 10 3 2 0 6 _ 9 4 
[00290149] 4 | 5 1 _ 11 10 3 2 0 6 _ 9 4 
[00290150] 4 | _ 1 5 11 10 3 2 0 6 _ 9 4 
[00290151] 7 | _ 1 _ 11 10 _ 2 0 7 _ 9 _ 
[00290152] 6 | 7 1 _ 11 10 _ 2 0 7 _ 9 _ 
[00290153] 5 | 7 1 6 11 10 _ 2 0 7 _ 9 _ 
[00290154] 4 | 7 1 6 11 10 _ 2 0 7 _ 9 5 
[00290155] 5 | 7 1 _ 11 10 5 2 0 7 _ 9 _ 
[00290156] 5 | 7 1 _ 11 10 _ 2 0 7 _ 9 4 
[00290157] 4 | 7 1 5 11 10 _ 2 0 7 _ 9 4 
[00290158] 4 | 7 1 _ 11 10 6 2 0 7 _ 9 4 
[00290159] 6 | _ 1 7 11 10 _ 2 0 7 _ 9 _ 
[00290160] 5 | 6 1 7 11 10 _ 2 0 7 _ 9 _ 
[00290161] 4 | 6 1 7 11 10 _ 2 0 7 _ 9 5 
[00290162] 5 | _ 1 7 11 10 5 2 0 7 _ 9 _ 
[00290163] 5 | _ 1 7 11 10 _ 2 0 7 _ 9 4 
[00290164] 4 | 5 1 7 11 10 _ 2 0 7 _ 9 4 
[00290165] 4 | _ 1 7 11 10 6 2 0 7 _ 9 4 
[00290166] 6 | _ 1 _ 11 10 4 2 0 7 _ 9 _ 
[00290167] 5 | 6 1 _ 11 10 4 2 0 7 _ 9 _ 
[00290168] 4 | 6 1 5 11 10 4 2 0 7 _ 9 _ 
[00290169] 4 | 6 1 _ 11 10 4 2 0 7 3 9 _ 
[00290170] 4 | 6 1 _ 11 10 4 2 0 7 _ 9 5 
[00290171] 5 | _ 1 6 11 10 4 2 0 7 _ 9 _ 
[00290172] 4 | 5 1 6 11 10 4 2 0 7 _ 9 _ 
[00290173] 4 | _ 1 6 11 10 4 2 0 7 3 9 _ 
[00290174] 4 | _ 1 6 11 10 4 2 0 7 _ 9 5 
[00290175] 6 | _ 1 _ 11 10 _ 2 0 7 1 9 _ 
[00290176] 5 | _ 1 _ 11 10 5 2 0 7 1 9 _ 
[00290177] 5 | _ 1 _ 11 10 _ 2 0 7 1 9 4 
[00290178] 4 | _ 1 _ 11 10 6 2 0 7 1 9 4 
[00290179] 6 | _ 1 _ 11 10 _ 2 0 7 _ 9 3 
[00290180] 5 | 6 1 _ 11 10 _ 2 0 7 _ 9 3 
[00290181] 4 | 6 1 5 11 10 _ 2 0 7 _ 9 3 
[00290182] 3 | 6 1 5 11 10 7 2 0 7 _ 9 3 
[00290183] 3 | 6 1 5 11 10 _ 2 0 7 4 9 3 
[00290184] 2 | 6 1 5 11 10 8 2 0 7 4 9 3 
[00290185] 1 | 6 1 5 11 10 8 2 0 7 4 9 3  *Graceful*
[00290185] 3 | 6 1 5 11 10 _ 2 0 7 10 9 3 
[00290186] 5 | _ 1 6 11 10 _ 2 0 7 _ 9 3 
[00290187] 4 | 5 1 6 11 10 _ 2 0 7 _ 9 3 
[00290188] 3 | 5 1 6 11 10 7 2 0 7 _ 9 3 
[00290189] 3 | 5 1 6 11 10 _ 2 0 7 4 9 3 
[00290190] 2 | 5 1 6 11 10 8 2 0 7 4 9 3 
[00290191] 1 | 5 1 6 11 10 8 2 0 7 4 9 3  *Graceful*
[00290191] 3 | 5 1 6 11 10 _ 2 0 7 10 9 3 
[00290192] 5 | _ 1 _ 11 10 5 2 0 7 _ 9 3 
[00290193] 8 | _ 1 _ 11 _ _ _ 0 8 _ 9 _ 
[00290194] 7 | 8 1 _ 11 _ _ _ 0 8 _ 9 _ 
[00290195] 6 | 8 1 7 11 _ _ _ 0 8 _ 9 _ 
[00290196] 5 | 8 1 7 11 6 _ _ 0 8 _ 9 _ 
[00290197] 4 | 8 1 7 11 6 2 _ 0 8 _ 9 _ 
[00290198] 3 | 8 1 7 11 6 2 3 0 8 _ 9 _ 
[00290199] 3 | 8 1 7 11 6 2 9 0 8 _ 9 _ 
[00290200] 3 | 8 1 7 11 6 2 _ 0 8 _ 9 6 
[00290201] 4 | 8 1 7 11 6 10 _ 0 8 _ 9 _ 
[00290202] 3 | 8 1 7 11 6 10 3 0 8 _ 9 _ 
[00290203] 3 | 8 1 7 11 6 10 9 0 8 _ 9 _ 
[00290204] 3 | 8 1 7 11 6 10 _ 0 8 _ 9 6 
[00290205] 4 | 8 1 7 11 6 _ 2 0 8 _ 9 _ 
[00290206] 3 | 8 1 7 11 6 3 2 0 8 _ 9 _ 
[00290207] 3 | 8 1 7 11 6 9 2 0 8 _ 9 _ 
[00290208] 3 | 8 1 7 11 6 _ 2 0 8 _ 9 6 
[00290209] 4 | 8 1 7 11 6 _ 10 0 8 _ 9 _ 
[00290210] 3 | 8 1 7 11 6 3 10 0 8 _ 9 _ 
[00290211] 3 | 8 1 7 11 6 9 10 0 8 _ 9 _ 
[00290212] 3 | 8 1 7 11 6 _ 10 0 8 _ 9 6 
[00290213] 4 | 8 1 7 11 6 _ _ 0 8 _ 9 5 
[00290214] 3 | 8 1 7 11 6 3 _ 0 8 _ 9 5 
[00290215] 2 | 8 1 7 11 6 3 4 0 8 _ 9 5 
[00290216] 3 | 8 1 7 11 6 _ 3 0 8 _ 9 5 
[00290217] 2 | 8 1 7 11 6 4 3 0 8 _ 9 5 
[00290218] 5 | 8 1 7 11 5 10 _ 0 8 _ 9 _ 
[00290219] 4 | 8 1 7 11 5 10 9 0 8 _ 9 _ 
[00290220] 4 | 8 1 7 11 5 10 _ 0 8 _ 9 5 
[00290221] 5 | 8 1 7 11 10 5 _ 0 8 _ 9 _ 
[00290222] 4 | 8 1 7 11 10 5 6 0 8 _ 9 _ 
[00290223] 5 | 8 1 7 11 5 _ 10 0 8 _ 9 _ 
[00290224] 4 | 8 1 7 11 5 9 10 0 8 _ 9 _ 
[00290225] 4 | 8 1 7 11 5 _ 10 0 8 _ 9 5 
[00290226] 5 | 8 1 7 11 10 _ 5 0 8 _ 9 _ 
[00290227] 4 | 8 1 7 11 10 6 5 0 8 _ 9 _ 
[00290228] 5 | 8 1 7 11 _ _ _ 0 8 _ 9 4 
[00290229] 4 | 8 1 7 11 2 6 _ 0 8 _ 9 4 
[00290230] 3 | 8 1 7 11 2 6 5 0 8 _ 9 4 
[00290231] 4 | 8 1 7 11 6 10 _ 0 8 _ 9 4 
[00290232] 3 | 8 1 7 11 6 10 3 0 8 _ 9 4 
[00290233] 4 | 8 1 7 11 6 2 _ 0 8 _ 9 4 
[00290234] 3 | 8 1 7 11 6 2 3 0 8 _ 9 4 
[00290235] 4 | 8 1 7 11 10 6 _ 0 8 _ 9 4 
[00290236] 4 | 8 1 7 11 2 _ 6 0 8 _ 9 4 
[00290237] 3 | 8 1 7 11 2 5 6 0 8 _ 9 4 
[00290238] 4 | 8 1 7 11 6 _ 10 0 8 _ 9 4 
[00290239] 3 | 8 1 7 11 6 3 10 0 8 _ 9 4 
[00290240] 4 | 8 1 7 11 6 _ 2 0 8 _ 9 4 
[00290241] 3 | 8 1 7 11 6 3 2 0 8 _ 9 4 
[00290242] 4 | 8 1 7 11 10 _ 6 0 8 _ 9 4 
[00290243] 6 | 8 1 _ 11 5 _ _ 0 8 _ 9 _ 
[00290244] 5 | 8 1 6 11 5 _ _ 0 8 _ 9 _ 
[00290245] 4 | 8 1 6 11 5 9 _ 0 8 _ 9 _ 
[00290246] 3 | 8 1 6 11 5 9 2 0 8 _ 9 _ 
[00290247] 4 | 8 1 6 11 5 _ 9 0 8 _ 9 _ 
[00290248] 3 | 8 1 6 11 5 2 9 0 8 _ 9 _ 
[00290249] 4 | 8 1 6 11 5 _ _ 0 8 _ 9 5 
[00290250] 5 | 8 1 _ 11 5 10 _ 0 8 _ 9 _ 
[00290251] 4 | 8 1 5 11 5 10 _ 0 8 _ 9 _ 
[00290252] 3 | 8 1 5 11 5 10 _ 0 8 _ 9 6 
[00290253] 4 | 8 1 _ 11 5 10 1 0 8 _ 9 _ 
[00290254] 3 | 8 1 _ 11 5 10 1 0 8 _ 9 6 
[00290255] 4 | 8 1 _ 11 5 10 9 0 8 _ 9 _ 
[00290256] 3 | 8 1 4 11 5 10 9 0 8 _ 9 _ 
[00290257] 4 | 8 1 _ 11 5 10 _ 0 8 _ 9 5 
[00290258] 3 | 8 1 4 11 5 10 _ 0 8 _ 9 5 
[00290259] 5 | 8 1 _ 11 5 _ 10 0 8 _ 9 _ 
[00290260] 4 | 8 1 5 11 5 _ 10 0 8 _ 9 _ 
[00290261] 3 | 8 1 5 11 5 _ 10 0 8 _ 9 6 
[00290262] 4 | 8 1 _ 11 5 1 10 0 8 _ 9 _ 
[00290263] 3 | 8 1 _ 11 5 1 10 0 8 _ 9 6 
[00290264] 4 | 8 1 _ 11 5 9 10 0 8 _ 9 _ 
[00290265] 3 | 8 1 4 11 5 9 10 0 8 _ 9 _ 
[00290266] 4 | 8 1 _ 11 5 _ 10 0 8 _ 9 5 
[00290267] 3 | 8 1 4 11 5 _ 10 0 8 _ 9 5 
[00290268] 5 | 8 1 _ 11 5 _ _ 0 8 _ 9 4 
[00290269] 4 | 8 1 5 11 5 _ _ 0 8 _ 9 4 
[00290270] 4 | 8 1 _ 11 5 1 _ 0 8 _ 9 4 
[00290271] 3 | 8 1 _ 11 5 1 2 0 8 _ 9 4 
[00290272] 4 | 8 1 _ 11 5 _ 1 0 8 _ 9 4 
[00290273] 3 | 8 1 _ 11 5 2 1 0 8 _ 9 4 
[00290274] 6 | 8 1 _ 11 4 10 _ 0 8 _ 9 _ 
[00290275] 5 | 8 1 6 11 4 10 _ 0 8 _ 9 _ 
[00290276] 4 | 8 1 6 11 4 10 _ 0 8 _ 9 5 
[00290277] 3 | 8 1 6 11 4 10 7 0 8 _ 9 5 
[00290278] 5 | 8 1 _ 11 4 10 9 0 8 _ 9 _ 
[00290279] 4 | 8 1 5 11 4 10 9 0 8 _ 9 _ 
[00290280] 5 | 8 1 _ 11 4 10 _ 0 8 _ 9 4 
[00290281] 4 | 8 1 5 11 4 10 _ 0 8 _ 9 4 
[00290282] 6 | 8 1 _ 11 10 4 _ 0 8 _ 9 _ 
[00290283] 5 | 8 1 6 11 10 4 _ 0 8 _ 9 _ 
[00290284] 4 | 8 1 6 11 10 4 _ 0 8 _ 9 5 
[00290285] 3 | 8 1 6 11 10 4 7 0 8 _ 9 5 
[00290286] 5 | 8 1 _ 11 10 4 5 0 8 _ 9 _ 
[00290287] 6 | 8 1 _ 11 4 _ 10 0 8 _ 9 _ 
[00290288] 5 | 8 1 6 11 4 _ 10 0 8 _ 9 _ 
[00290289] 4 | 8 1 6 11 4 _ 10 0 8 _ 9 5 
[00290290] 3 | 8 1 6 11 4 7 10 0 8 _ 9 5 
[00290291] 5 | 8 1 _ 11 4 9 10 0 8 _ 9 _ 
[00290292] 4 | 8 1 5 11 4 9 10 0 8 _ 9 _ 
[00290293] 5 | 8 1 _ 11 4 _ 10 0 8 _ 9 4 
[00290294] 4 | 8 1 5 11 4 _ 10 0 8 _ 9 4 
[00290295] 6 | 8 1 _ 11 10 _ 4 0 8 _ 9 _ 
[00290296] 5 | 8 1 6 11 10 _ 4 0 8 _ 9 _ 
[00290297] 4 | 8 1 6 11 10 _ 4 0 8 _ 9 5 
[00290298] 3 | 8 1 6 11 10 7 4 0 8 _ 9 5 
[00290299] 5 | 8 1 _ 11 10 5 4 0 8 _ 9 _ 
[00290300] 6 | 8 1 _ 11 _ _ _ 0 8 _ 9 3 
[00290301] 5 | 8 1 6 11 _ _ _ 0 8 _ 9 3 
[00290302] 4 | 8 1 6 11 7 _ _ 0 8 _ 9 3 
[00290303] 3 | 8 1 6 11 7 4 _ 0 8 _ 9 3 
[00290304] 2 | 8 1 6 11 7 4 5 0 8 _ 9 3 
[00290305] 3 | 8 1 6 11 7 10 _ 0 8 _ 9 3 
[00290306] 2 | 8 1 6 11 7 10 5 0 8 _ 9 3 
[00290307] 3 | 8 1 6 11 7 _ 4 0 8 _ 9 3 
[00290308] 2 | 8 1 6 11 7 5 4 0 8 _ 9 3 
[00290309] 3 | 8 1 6 11 7 _ 10 0 8 _ 9 3 
[00290310] 2 | 8 1 6 11 7 5 10 0 8 _ 9 3 
[00290311] 5 | 8 1 _ 11 6 _ _ 0 8 _ 9 3 
[00290312] 4 | 8 1 5 11 6 _ _ 0 8 _ 9 3 
[00290313] 4 | 8 1 _ 11 6 2 _ 0 8 _ 9 3 
[00290314] 3 | 8 1 4 11 6 2 _ 0 8 _ 9 3 
[00290315] 4 | 8 1 _ 11 6 10 _ 0 8 _ 9 3 
[00290316] 3 | 8 1 4 11 6 10 _ 0 8 _ 9 3 
[00290317] 4 | 8 1 _ 11 6 _ 2 0 8 _ 9 3 
[00290318] 3 | 8 1 4 11 6 _ 2 0 8 _ 9 3 
[00290319] 4 | 8 1 _ 11 6 _ 10 0 8 _ 9 3 
[00290320] 3 | 8 1 4 11 6 _ 10 0 8 _ 9 3 
[00290321] 5 | 8 1 _ 11 2 7 _ 0 8 _ 9 3 
[00290322] 4 | 8 1 5 11 2 7 _ 0 8 _ 9 3 
[00290323] 4 | 8 1 _ 11 2 7 6 0 8 _ 9 3 
[00290324] 3 | 8 1 4 11 2 7 6 0 8 _ 9 3 
[00290325] 5 | 8 1 _ 11 5 10 _ 0 8 _ 9 3 
[00290326] 4 | 8 1 5 11 5 10 _ 0 8 _ 9 3 
[00290327] 4 | 8 1 _ 11 5 10 1 0 8 _ 9 3 
[00290328] 5 | 8 1 _ 11 7 2 _ 0 8 _ 9 3 
[00290329] 4 | 8 1 5 11 7 2 _ 0 8 _ 9 3 
[00290330] 3 | 8 1 5 11 7 2 4 0 8 _ 9 3 
[00290331] 3 | 8 1 5 11 7 2 10 0 8 _ 9 3 
[00290332] 5 | 8 1 _ 11 10 5 _ 0 8 _ 9 3 
[00290333] 4 | 8 1 _ 11 10 5 6 0 8 _ 9 3 
[00290334] 3 | 8 1 4 11 10 5 6 0 8 _ 9 3 
[00290335] 5 | 8 1 _ 11 2 _ 7 0 8 _ 9 3 
[00290336] 4 | 8 1 5 11 2 _ 7 0 8 _ 9 3 
[00290337] 4 | 8 1 _ 11 2 6 7 0 8 _ 9 3 
