[00281366] 4 | _ 1 7 11 2 _ 9 0 8 3 10 6 
[00281367] 3 | 4 1 7 11 2 _ 9 0 8 3 10 6 
[00281368] 3 | _ 1 7 11 2 5 9 0 8 3 10 6 
[00281369] 5 | _ 1 7 11 2 _ 9 0 8 _ 5 _ 
[00281370] 4 | 5 1 7 11 2 _ 9 0 8 _ 5 _ 
[00281371] 4 | _ 1 7 11 2 6 9 0 8 _ 5 _ 
[00281372] 3 | 4 1 7 11 2 6 9 0 8 _ 5 _ 
[00281373] 2 | 4 1 7 11 2 6 9 0 8 10 5 _ 
[00281374] 2 | 4 1 7 11 2 6 9 0 8 _ 5 3 
[00281375] 3 | _ 1 7 11 2 6 9 0 8 5 5 _ 
[00281376] 2 | 3 1 7 11 2 6 9 0 8 5 5 _ 
[00281377] 3 | _ 1 7 11 2 6 9 0 8 _ 5 8 
[00281378] 2 | 3 1 7 11 2 6 9 0 8 _ 5 8 
[00281379] 4 | _ 1 7 11 2 _ 9 0 8 4 5 _ 
[00281380] 3 | _ 1 7 11 2 5 9 0 8 4 5 _ 
[00281381] 2 | 3 1 7 11 2 5 9 0 8 4 5 _ 
[00281382] 3 | _ 1 7 11 2 _ 9 0 8 4 5 2 
[00281383] 2 | 3 1 7 11 2 _ 9 0 8 4 5 2 
[00281384] 4 | _ 1 7 11 2 _ 9 0 8 _ 5 1 
[00281385] 5 | _ 1 7 11 2 _ 9 0 8 _ 5 10 
[00281386] 4 | _ 1 7 11 2 6 9 0 8 _ 5 10 
[00281387] 3 | 4 1 7 11 2 6 9 0 8 _ 5 10 
[00281388] 4 | _ 1 7 11 2 _ 9 0 8 4 5 10 
[00281389] 5 | _ 1 7 11 2 _ 9 0 8 _ 10 5 
[00281390] 4 | _ 1 7 11 2 6 9 0 8 _ 10 5 
[00281391] 3 | 4 1 7 11 2 6 9 0 8 _ 10 5 
[00281392] 4 | _ 1 7 11 2 _ 9 0 8 4 10 5 
[00281393] 6 | _ 1 _ 11 2 8 9 0 8 _ _ _ 
[00281394] 5 | 6 1 _ 11 2 8 9 0 8 _ _ _ 
[00281395] 4 | 6 1 5 11 2 8 9 0 8 _ _ _ 
[00281396] 3 | 6 1 5 11 2 8 9 0 8 _ 3 _ 
[00281397] 3 | 6 1 5 11 2 8 9 0 8 _ 4 7 
[00281398] 3 | 6 1 5 11 2 8 9 0 8 _ 7 10 
[00281399] 3 | 6 1 5 11 2 8 9 0 8 _ 7 4 
[00281400] 3 | 6 1 5 11 2 8 9 0 8 _ 10 7 
[00281401] 4 | 6 1 _ 11 2 8 9 0 8 _ 4 _ 
[00281402] 3 | 6 1 4 11 2 8 9 0 8 _ 4 _ 
[00281403] 3 | 6 1 _ 11 2 8 9 0 8 _ 4 1 
[00281404] 3 | 6 1 _ 11 2 8 9 0 8 _ 4 7 
[00281405] 2 | 6 1 3 11 2 8 9 0 8 _ 4 7 
[00281406] 4 | 6 1 _ 11 2 8 9 0 8 _ 3 7 
[00281407] 3 | 6 1 4 11 2 8 9 0 8 _ 3 7 
[00281408] 4 | 6 1 _ 11 2 8 9 0 8 _ 7 3 
[00281409] 3 | 6 1 4 11 2 8 9 0 8 _ 7 3 
[00281410] 5 | _ 1 6 11 2 8 9 0 8 _ _ _ 
[00281411] 4 | 5 1 6 11 2 8 9 0 8 _ _ _ 
[00281412] 3 | 5 1 6 11 2 8 9 0 8 _ 3 _ 
[00281413] 3 | 5 1 6 11 2 8 9 0 8 _ 4 7 
[00281414] 3 | 5 1 6 11 2 8 9 0 8 _ 7 10 
[00281415] 3 | 5 1 6 11 2 8 9 0 8 _ 7 4 
[00281416] 3 | 5 1 6 11 2 8 9 0 8 _ 10 7 
[00281417] 4 | _ 1 6 11 2 8 9 0 8 _ 4 _ 
[00281418] 3 | 4 1 6 11 2 8 9 0 8 _ 4 _ 
[00281419] 3 | _ 1 6 11 2 8 9 0 8 _ 4 1 
[00281420] 3 | _ 1 6 11 2 8 9 0 8 _ 4 7 
[00281421] 2 | 3 1 6 11 2 8 9 0 8 _ 4 7 
[00281422] 4 | _ 1 6 11 2 8 9 0 8 _ 3 7 
[00281423] 3 | 4 1 6 11 2 8 9 0 8 _ 3 7 
[00281424] 4 | _ 1 6 11 2 8 9 0 8 _ 7 3 
[00281425] 3 | 4 1 6 11 2 8 9 0 8 _ 7 3 
[00281426] 5 | _ 1 _ 11 2 8 9 0 8 _ 5 _ 
[00281427] 4 | 5 1 _ 11 2 8 9 0 8 _ 5 _ 
[00281428] 3 | 5 1 4 11 2 8 9 0 8 _ 5 _ 
[00281429] 4 | _ 1 5 11 2 8 9 0 8 _ 5 _ 
[00281430] 3 | 4 1 5 11 2 8 9 0 8 _ 5 _ 
[00281431] 4 | _ 1 _ 11 2 8 9 0 8 _ 5 1 
[00281432] 5 | _ 1 _ 11 2 8 9 0 8 _ 5 10 
[00281433] 5 | _ 1 _ 11 2 8 9 0 8 _ 10 5 
[00281434] 6 | _ 1 _ 11 2 _ 9 0 8 2 _ _ 
[00281435] 5 | 6 1 _ 11 2 _ 9 0 8 2 _ _ 
[00281436] 4 | 6 1 5 11 2 _ 9 0 8 2 _ _ 
[00281437] 3 | 6 1 5 11 2 _ 9 0 8 2 3 _ 
[00281438] 3 | 6 1 5 11 2 _ 9 0 8 2 4 7 
[00281439] 3 | 6 1 5 11 2 _ 9 0 8 2 7 10 
[00281440] 3 | 6 1 5 11 2 _ 9 0 8 2 7 4 
[00281441] 3 | 6 1 5 11 2 _ 9 0 8 2 10 7 
[00281442] 4 | 6 1 _ 11 2 _ 9 0 8 2 4 _ 
[00281443] 3 | 6 1 4 11 2 _ 9 0 8 2 4 _ 
[00281444] 3 | 6 1 _ 11 2 _ 9 0 8 2 4 1 
[00281445] 3 | 6 1 _ 11 2 _ 9 0 8 2 4 7 
[00281446] 2 | 6 1 3 11 2 _ 9 0 8 2 4 7 
[00281447] 4 | 6 1 _ 11 2 _ 9 0 8 2 3 7 
[00281448] 3 | 6 1 4 11 2 _ 9 0 8 2 3 7 
[00281449] 4 | 6 1 _ 11 2 _ 9 0 8 2 7 3 
[00281450] 3 | 6 1 4 11 2 _ 9 0 8 2 7 3 
[00281451] 5 | _ 1 6 11 2 _ 9 0 8 2 _ _ 
[00281452] 4 | 5 1 6 11 2 _ 9 0 8 2 _ _ 
[00281453] 3 | 5 1 6 11 2 _ 9 0 8 2 3 _ 
[00281454] 3 | 5 1 6 11 2 _ 9 0 8 2 4 7 
[00281455] 3 | 5 1 6 11 2 _ 9 0 8 2 7 10 
[00281456] 3 | 5 1 6 11 2 _ 9 0 8 2 7 4 
[00281457] 3 | 5 1 6 11 2 _ 9 0 8 2 10 7 
[00281458] 4 | _ 1 6 11 2 _ 9 0 8 2 4 _ 
[00281459] 3 | 4 1 6 11 2 _ 9 0 8 2 4 _ 
[00281460] 3 | _ 1 6 11 2 _ 9 0 8 2 4 1 
[00281461] 3 | _ 1 6 11 2 _ 9 0 8 2 4 7 
[00281462] 2 | 3 1 6 11 2 _ 9 0 8 2 4 7 
[00281463] 4 | _ 1 6 11 2 _ 9 0 8 2 3 7 
[00281464] 3 | 4 1 6 11 2 _ 9 0 8 2 3 7 
[00281465] 4 | _ 1 6 11 2 _ 9 0 8 2 7 3 
[00281466] 3 | 4 1 6 11 2 _ 9 0 8 2 7 3 
[00281467] 5 | _ 1 _ 11 2 _ 9 0 8 2 5 _ 
[00281468] 4 | 5 1 _ 11 2 _ 9 0 8 2 5 _ 
[00281469] 3 | 5 1 4 11 2 _ 9 0 8 2 5 _ 
[00281470] 4 | _ 1 5 11 2 _ 9 0 8 2 5 _ 
[00281471] 3 | 4 1 5 11 2 _ 9 0 8 2 5 _ 
[00281472] 4 | _ 1 _ 11 2 _ 9 0 8 2 5 1 
[00281473] 5 | _ 1 _ 11 2 _ 9 0 8 2 5 10 
[00281474] 5 | _ 1 _ 11 2 _ 9 0 8 2 10 5 
[00281475] 6 | _ 1 _ 11 2 _ 9 0 8 _ 6 _ 
[00281476] 5 | 6 1 _ 11 2 _ 9 0 8 _ 6 _ 
[00281477] 4 | 6 1 5 11 2 _ 9 0 8 _ 6 _ 
[00281478] 4 | 6 1 _ 11 2 _ 9 0 8 4 6 _ 
[00281479] 3 | 6 1 _ 11 2 5 9 0 8 4 6 _ 
[00281480] 2 | 6 1 3 11 2 5 9 0 8 4 6 _ 
[00281481] 5 | _ 1 6 11 2 _ 9 0 8 _ 6 _ 
[00281482] 4 | 5 1 6 11 2 _ 9 0 8 _ 6 _ 
[00281483] 4 | _ 1 6 11 2 _ 9 0 8 4 6 _ 
[00281484] 3 | _ 1 6 11 2 5 9 0 8 4 6 _ 
[00281485] 2 | 3 1 6 11 2 5 9 0 8 4 6 _ 
[00281486] 5 | _ 1 _ 11 2 7 9 0 8 _ 6 _ 
[00281487] 4 | 5 1 _ 11 2 7 9 0 8 _ 6 _ 
[00281488] 3 | 5 1 4 11 2 7 9 0 8 _ 6 _ 
[00281489] 2 | 5 1 4 11 2 7 9 0 8 6 6 _ 
[00281490] 2 | 5 1 4 11 2 7 9 0 8 10 6 _ 
[00281491] 2 | 5 1 4 11 2 7 9 0 8 _ 6 8 
[00281492] 3 | 5 1 _ 11 2 7 9 0 8 _ 6 3 
[00281493] 2 | 5 1 _ 11 2 7 9 0 8 10 6 3 
[00281494] 4 | _ 1 5 11 2 7 9 0 8 _ 6 _ 
[00281495] 3 | 4 1 5 11 2 7 9 0 8 _ 6 _ 
[00281496] 2 | 4 1 5 11 2 7 9 0 8 6 6 _ 
[00281497] 2 | 4 1 5 11 2 7 9 0 8 10 6 _ 
[00281498] 2 | 4 1 5 11 2 7 9 0 8 _ 6 8 
[00281499] 3 | _ 1 5 11 2 7 9 0 8 _ 6 3 
[00281500] 2 | _ 1 5 11 2 7 9 0 8 10 6 3 
[00281501] 4 | _ 1 _ 11 2 7 9 0 8 4 6 _ 
[00281502] 3 | _ 1 _ 11 2 7 9 0 8 4 6 3 
[00281503] 4 | _ 1 _ 11 2 7 9 0 8 _ 6 10 
[00281504] 3 | 4 1 _ 11 2 7 9 0 8 _ 6 10 
[00281505] 2 | 4 1 3 11 2 7 9 0 8 _ 6 10 
[00281506] 3 | _ 1 4 11 2 7 9 0 8 _ 6 10 
[00281507] 2 | 3 1 4 11 2 7 9 0 8 _ 6 10 
[00281508] 3 | _ 1 _ 11 2 7 9 0 8 5 6 10 
[00281509] 2 | 3 1 _ 11 2 7 9 0 8 5 6 10 
[00281510] 2 | _ 1 3 11 2 7 9 0 8 5 6 10 
[00281511] 5 | _ 1 _ 11 2 _ 9 0 8 3 6 _ 
[00281512] 4 | 5 1 _ 11 2 _ 9 0 8 3 6 _ 
[00281513] 3 | 5 1 4 11 2 _ 9 0 8 3 6 _ 
[00281514] 4 | _ 1 5 11 2 _ 9 0 8 3 6 _ 
[00281515] 3 | 4 1 5 11 2 _ 9 0 8 3 6 _ 
[00281516] 4 | _ 1 _ 11 2 6 9 0 8 3 6 _ 
[00281517] 3 | 4 1 _ 11 2 6 9 0 8 3 6 _ 
[00281518] 3 | _ 1 4 11 2 6 9 0 8 3 6 _ 
[00281519] 4 | _ 1 _ 11 2 _ 9 0 8 3 6 2 
[00281520] 3 | 4 1 _ 11 2 _ 9 0 8 3 6 2 
[00281521] 3 | _ 1 4 11 2 _ 9 0 8 3 6 2 
[00281522] 4 | _ 1 _ 11 2 _ 9 0 8 3 6 10 
[00281523] 3 | 4 1 _ 11 2 _ 9 0 8 3 6 10 
[00281524] 3 | _ 1 4 11 2 _ 9 0 8 3 6 10 
[00281525] 3 | _ 1 _ 11 2 5 9 0 8 3 6 10 
[00281526] 5 | _ 1 _ 11 2 _ 9 0 8 _ 6 1 
[00281527] 4 | _ 1 _ 11 2 _ 9 0 8 4 6 1 
[00281528] 3 | _ 1 _ 11 2 5 9 0 8 4 6 1 
[00281529] 6 | _ 1 _ 11 2 _ 9 0 8 _ 4 10 
[00281530] 5 | 6 1 _ 11 2 _ 9 0 8 _ 4 10 
[00281531] 4 | 6 1 5 11 2 _ 9 0 8 _ 4 10 
[00281532] 5 | _ 1 6 11 2 _ 9 0 8 _ 4 10 
[00281533] 4 | 5 1 6 11 2 _ 9 0 8 _ 4 10 
[00281534] 5 | _ 1 _ 11 2 7 9 0 8 _ 4 10 
[00281535] 4 | 5 1 _ 11 2 7 9 0 8 _ 4 10 
[00281536] 4 | _ 1 5 11 2 7 9 0 8 _ 4 10 
[00281537] 5 | _ 1 _ 11 2 _ 9 0 8 3 4 10 
[00281538] 4 | 5 1 _ 11 2 _ 9 0 8 3 4 10 
[00281539] 4 | _ 1 5 11 2 _ 9 0 8 3 4 10 
[00281540] 4 | _ 1 _ 11 2 6 9 0 8 3 4 10 
[00281541] 6 | _ 1 _ 11 2 _ 9 0 8 _ 10 4 
[00281542] 5 | 6 1 _ 11 2 _ 9 0 8 _ 10 4 
[00281543] 4 | 6 1 5 11 2 _ 9 0 8 _ 10 4 
[00281544] 5 | _ 1 6 11 2 _ 9 0 8 _ 10 4 
[00281545] 4 | 5 1 6 11 2 _ 9 0 8 _ 10 4 
[00281546] 5 | _ 1 _ 11 2 7 9 0 8 _ 10 4 
[00281547] 4 | 5 1 _ 11 2 7 9 0 8 _ 10 4 
[00281548] 4 | _ 1 5 11 2 7 9 0 8 _ 10 4 
[00281549] 5 | _ 1 _ 11 2 _ 9 0 8 3 10 4 
[00281550] 4 | 5 1 _ 11 2 _ 9 0 8 3 10 4 
[00281551] 4 | _ 1 5 11 2 _ 9 0 8 3 10 4 
[00281552] 4 | _ 1 _ 11 2 6 9 0 8 3 10 4 
[00281553] 7 | _ 1 _ 11 2 _ _ 0 8 1 _ _ 
[00281554] 6 | _ 1 _ 11 2 _ _ 0 8 1 6 _ 
[00281555] 5 | _ 1 _ 11 2 7 _ 0 8 1 6 _ 
[00281556] 4 | _ 1 _ 11 2 7 6 0 8 1 6 _ 
[00281557] 4 | _ 1 _ 11 2 7 _ 0 8 1 6 2 
[00281558] 4 | _ 1 _ 11 2 7 _ 0 8 1 6 10 
[00281559] 3 | _ 1 _ 11 2 7 5 0 8 1 6 10 
[00281560] 5 | _ 1 _ 11 2 _ 7 0 8 1 6 _ 
[00281561] 4 | _ 1 _ 11 2 6 7 0 8 1 6 _ 
[00281562] 4 | _ 1 _ 11 2 _ 7 0 8 1 6 2 
[00281563] 4 | _ 1 _ 11 2 _ 7 0 8 1 6 10 
[00281564] 3 | _ 1 _ 11 2 5 7 0 8 1 6 10 
[00281565] 6 | _ 1 _ 11 2 _ _ 0 8 1 3 9 
[00281566] 5 | _ 1 _ 11 2 7 _ 0 8 1 3 9 
[00281567] 4 | _ 1 _ 11 2 7 6 0 8 1 3 9 
[00281568] 5 | _ 1 _ 11 2 _ 7 0 8 1 3 9 
[00281569] 4 | _ 1 _ 11 2 6 7 0 8 1 3 9 
[00281570] 6 | _ 1 _ 11 2 _ _ 0 8 1 4 10 
[00281571] 5 | _ 1 _ 11 2 7 _ 0 8 1 4 10 
[00281572] 4 | _ 1 _ 11 2 7 6 0 8 1 4 10 
[00281573] 5 | _ 1 _ 11 2 _ 7 0 8 1 4 10 
[00281574] 4 | _ 1 _ 11 2 6 7 0 8 1 4 10 
[00281575] 6 | _ 1 _ 11 2 _ _ 0 8 1 9 3 
[00281576] 5 | _ 1 _ 11 2 7 _ 0 8 1 9 3 
[00281577] 4 | _ 1 _ 11 2 7 6 0 8 1 9 3 
[00281578] 5 | _ 1 _ 11 2 _ 7 0 8 1 9 3 
[00281579] 4 | _ 1 _ 11 2 6 7 0 8 1 9 3 
[00281580] 6 | _ 1 _ 11 2 _ _ 0 8 1 10 4 
[00281581] 5 | _ 1 _ 11 2 7 _ 0 8 1 10 4 
[00281582] 4 | _ 1 _ 11 2 7 6 0 8 1 10 4 
[00281583] 5 | _ 1 _ 11 2 _ 7 0 8 1 10 4 
[00281584] 4 | _ 1 _ 11 2 6 7 0 8 1 10 4 
[00281585] 7 | _ 1 _ 11 2 _ _ 0 8 _ 7 _ 
[00281586] 6 | 7 1 _ 11 2 _ _ 0 8 _ 7 _ 
[00281587] 5 | 7 1 6 11 2 _ _ 0 8 _ 7 _ 
[00281588] 4 | 7 1 6 11 2 _ _ 0 8 4 7 _ 
[00281589] 3 | 7 1 6 11 2 5 _ 0 8 4 7 _ 
[00281590] 3 | 7 1 6 11 2 _ 5 0 8 4 7 _ 
[00281591] 5 | 7 1 _ 11 2 _ _ 0 8 3 7 _ 
[00281592] 4 | 7 1 5 11 2 _ _ 0 8 3 7 _ 
[00281593] 4 | 7 1 _ 11 2 6 _ 0 8 3 7 _ 
[00281594] 3 | 7 1 4 11 2 6 _ 0 8 3 7 _ 
[00281595] 3 | 7 1 _ 11 2 6 5 0 8 3 7 _ 
[00281596] 4 | 7 1 _ 11 2 _ 6 0 8 3 7 _ 
[00281597] 3 | 7 1 4 11 2 _ 6 0 8 3 7 _ 
[00281598] 3 | 7 1 _ 11 2 5 6 0 8 3 7 _ 
[00281599] 6 | _ 1 7 11 2 _ _ 0 8 _ 7 _ 
[00281600] 5 | 6 1 7 11 2 _ _ 0 8 _ 7 _ 
[00281601] 4 | 6 1 7 11 2 _ _ 0 8 4 7 _ 
[00281602] 3 | 6 1 7 11 2 5 _ 0 8 4 7 _ 
[00281603] 3 | 6 1 7 11 2 _ 5 0 8 4 7 _ 
[00281604] 5 | _ 1 7 11 2 _ _ 0 8 3 7 _ 
[00281605] 4 | 5 1 7 11 2 _ _ 0 8 3 7 _ 
[00281606] 4 | _ 1 7 11 2 6 _ 0 8 3 7 _ 
[00281607] 3 | 4 1 7 11 2 6 _ 0 8 3 7 _ 
[00281608] 3 | _ 1 7 11 2 6 5 0 8 3 7 _ 
[00281609] 4 | _ 1 7 11 2 _ 6 0 8 3 7 _ 
[00281610] 3 | 4 1 7 11 2 _ 6 0 8 3 7 _ 
[00281611] 3 | _ 1 7 11 2 5 6 0 8 3 7 _ 
[00281612] 6 | _ 1 _ 11 2 8 _ 0 8 _ 7 _ 
[00281613] 5 | 6 1 _ 11 2 8 _ 0 8 _ 7 _ 
[00281614] 4 | 6 1 5 11 2 8 _ 0 8 _ 7 _ 
[00281615] 3 | 6 1 5 11 2 8 _ 0 8 _ 7 4 
[00281616] 3 | 6 1 5 11 2 8 _ 0 8 _ 7 10 
[00281617] 2 | 6 1 5 11 2 8 4 0 8 _ 7 10 
[00281618] 4 | 6 1 _ 11 2 8 _ 0 8 _ 7 3 
[00281619] 3 | 6 1 4 11 2 8 _ 0 8 _ 7 3 
[00281620] 3 | 6 1 _ 11 2 8 5 0 8 _ 7 3 
[00281621] 5 | _ 1 6 11 2 8 _ 0 8 _ 7 _ 
[00281622] 4 | 5 1 6 11 2 8 _ 0 8 _ 7 _ 
[00281623] 3 | 5 1 6 11 2 8 _ 0 8 _ 7 4 
[00281624] 3 | 5 1 6 11 2 8 _ 0 8 _ 7 10 
[00281625] 2 | 5 1 6 11 2 8 4 0 8 _ 7 10 
[00281626] 4 | _ 1 6 11 2 8 _ 0 8 _ 7 3 
[00281627] 3 | 4 1 6 11 2 8 _ 0 8 _ 7 3 
[00281628] 3 | _ 1 6 11 2 8 5 0 8 _ 7 3 
[00281629] 5 | _ 1 _ 11 2 8 7 0 8 _ 7 _ 
[00281630] 4 | 5 1 _ 11 2 8 7 0 8 _ 7 _ 
[00281631] 3 | 5 1 4 11 2 8 7 0 8 _ 7 _ 
[00281632] 4 | _ 1 5 11 2 8 7 0 8 _ 7 _ 
[00281633] 3 | 4 1 5 11 2 8 7 0 8 _ 7 _ 
[00281634] 5 | _ 1 _ 11 2 8 _ 0 8 _ 7 2 
[00281635] 4 | 5 1 _ 11 2 8 _ 0 8 _ 7 2 
[00281636] 3 | 5 1 4 11 2 8 _ 0 8 _ 7 2 
[00281637] 4 | _ 1 5 11 2 8 _ 0 8 _ 7 2 
[00281638] 3 | 4 1 5 11 2 8 _ 0 8 _ 7 2 
[00281639] 6 | _ 1 _ 11 2 _ 8 0 8 _ 7 _ 
[00281640] 5 | 6 1 _ 11 2 _ 8 0 8 _ 7 _ 
[00281641] 4 | 6 1 5 11 2 _ 8 0 8 _ 7 _ 
[00281642] 3 | 6 1 5 11 2 _ 8 0 8 _ 7 4 
[00281643] 3 | 6 1 5 11 2 _ 8 0 8 _ 7 10 
[00281644] 2 | 6 1 5 11 2 4 8 0 8 _ 7 10 
[00281645] 4 | 6 1 _ 11 2 _ 8 0 8 _ 7 3 
[00281646] 3 | 6 1 4 11 2 _ 8 0 8 _ 7 3 
[00281647] 3 | 6 1 _ 11 2 5 8 0 8 _ 7 3 
[00281648] 5 | _ 1 6 11 2 _ 8 0 8 _ 7 _ 
[00281649] 4 | 5 1 6 11 2 _ 8 0 8 _ 7 _ 
[00281650] 3 | 5 1 6 11 2 _ 8 0 8 _ 7 4 
[00281651] 3 | 5 1 6 11 2 _ 8 0 8 _ 7 10 
[00281652] 2 | 5 1 6 11 2 4 8 0 8 _ 7 10 
[00281653] 4 | _ 1 6 11 2 _ 8 0 8 _ 7 3 
[00281654] 3 | 4 1 6 11 2 _ 8 0 8 _ 7 3 
[00281655] 3 | _ 1 6 11 2 5 8 0 8 _ 7 3 
[00281656] 5 | _ 1 _ 11 2 7 8 0 8 _ 7 _ 
[00281657] 4 | 5 1 _ 11 2 7 8 0 8 _ 7 _ 
[00281658] 3 | 5 1 4 11 2 7 8 0 8 _ 7 _ 
[00281659] 4 | _ 1 5 11 2 7 8 0 8 _ 7 _ 
[00281660] 3 | 4 1 5 11 2 7 8 0 8 _ 7 _ 
[00281661] 5 | _ 1 _ 11 2 _ 8 0 8 _ 7 2 
[00281662] 4 | 5 1 _ 11 2 _ 8 0 8 _ 7 2 
[00281663] 3 | 5 1 4 11 2 _ 8 0 8 _ 7 2 
[00281664] 4 | _ 1 5 11 2 _ 8 0 8 _ 7 2 
[00281665] 3 | 4 1 5 11 2 _ 8 0 8 _ 7 2 
[00281666] 6 | _ 1 _ 11 2 _ _ 0 8 2 7 _ 
[00281667] 5 | 6 1 _ 11 2 _ _ 0 8 2 7 _ 
[00281668] 4 | 6 1 5 11 2 _ _ 0 8 2 7 _ 
[00281669] 3 | 6 1 5 11 2 _ _ 0 8 2 7 4 
[00281670] 3 | 6 1 5 11 2 _ _ 0 8 2 7 10 
[00281671] 4 | 6 1 _ 11 2 _ _ 0 8 2 7 3 
[00281672] 3 | 6 1 4 11 2 _ _ 0 8 2 7 3 
[00281673] 5 | _ 1 6 11 2 _ _ 0 8 2 7 _ 
[00281674] 4 | 5 1 6 11 2 _ _ 0 8 2 7 _ 
[00281675] 3 | 5 1 6 11 2 _ _ 0 8 2 7 4 
[00281676] 3 | 5 1 6 11 2 _ _ 0 8 2 7 10 
[00281677] 4 | _ 1 6 11 2 _ _ 0 8 2 7 3 
[00281678] 3 | 4 1 6 11 2 _ _ 0 8 2 7 3 
[00281679] 6 | _ 1 _ 11 2 _ _ 0 8 _ 7 1 
[00281680] 5 | _ 1 _ 11 2 _ _ 0 8 3 7 1 
[00281681] 4 | _ 1 _ 11 2 6 _ 0 8 3 7 1 
[00281682] 3 | _ 1 _ 11 2 6 5 0 8 3 7 1 
[00281683] 4 | _ 1 _ 11 2 _ 6 0 8 3 7 1 
[00281684] 3 | _ 1 _ 11 2 5 6 0 8 3 7 1 
[00281685] 7 | _ 1 _ 11 2 _ _ 0 8 _ 3 10 
[00281686] 6 | 7 1 _ 11 2 _ _ 0 8 _ 3 10 
[00281687] 5 | 7 1 6 11 2 _ _ 0 8 _ 3 10 
[00281688] 4 | 7 1 6 11 2 _ _ 0 8 4 3 10 
[00281689] 3 | 7 1 6 11 2 5 _ 0 8 4 3 10 
[00281690] 3 | 7 1 6 11 2 _ 5 0 8 4 3 10 
[00281691] 6 | _ 1 7 11 2 _ _ 0 8 _ 3 10 
[00281692] 5 | 6 1 7 11 2 _ _ 0 8 _ 3 10 
[00281693] 4 | 6 1 7 11 2 _ _ 0 8 4 3 10 
[00281694] 3 | 6 1 7 11 2 5 _ 0 8 4 3 10 
[00281695] 3 | 6 1 7 11 2 _ 5 0 8 4 3 10 
[00281696] 6 | _ 1 _ 11 2 8 _ 0 8 _ 3 10 
[00281697] 5 | 6 1 _ 11 2 8 _ 0 8 _ 3 10 
[00281698] 4 | 6 1 5 11 2 8 _ 0 8 _ 3 10 
[00281699] 5 | _ 1 6 11 2 8 _ 0 8 _ 3 10 
[00281700] 4 | 5 1 6 11 2 8 _ 0 8 _ 3 10 
[00281701] 5 | _ 1 _ 11 2 8 7 0 8 _ 3 10 
[00281702] 4 | 5 1 _ 11 2 8 7 0 8 _ 3 10 
[00281703] 3 | 5 1 4 11 2 8 7 0 8 _ 3 10 
[00281704] 4 | _ 1 5 11 2 8 7 0 8 _ 3 10 
[00281705] 3 | 4 1 5 11 2 8 7 0 8 _ 3 10 
[00281706] 6 | _ 1 _ 11 2 _ 8 0 8 _ 3 10 
[00281707] 5 | 6 1 _ 11 2 _ 8 0 8 _ 3 10 
[00281708] 4 | 6 1 5 11 2 _ 8 0 8 _ 3 10 
[00281709] 5 | _ 1 6 11 2 _ 8 0 8 _ 3 10 
[00281710] 4 | 5 1 6 11 2 _ 8 0 8 _ 3 10 
[00281711] 5 | _ 1 _ 11 2 7 8 0 8 _ 3 10 
[00281712] 4 | 5 1 _ 11 2 7 8 0 8 _ 3 10 
[00281713] 3 | 5 1 4 11 2 7 8 0 8 _ 3 10 
[00281714] 4 | _ 1 5 11 2 7 8 0 8 _ 3 10 
[00281715] 3 | 4 1 5 11 2 7 8 0 8 _ 3 10 
[00281716] 6 | _ 1 _ 11 2 _ _ 0 8 2 3 10 
[00281717] 5 | 6 1 _ 11 2 _ _ 0 8 2 3 10 
[00281718] 4 | 6 1 5 11 2 _ _ 0 8 2 3 10 
[00281719] 5 | _ 1 6 11 2 _ _ 0 8 2 3 10 
[00281720] 4 | 5 1 6 11 2 _ _ 0 8 2 3 10 
[00281721] 7 | _ 1 _ 11 2 _ _ 0 8 _ 10 3 
[00281722] 6 | 7 1 _ 11 2 _ _ 0 8 _ 10 3 
[00281723] 5 | 7 1 6 11 2 _ _ 0 8 _ 10 3 
[00281724] 4 | 7 1 6 11 2 _ _ 0 8 4 10 3 
[00281725] 3 | 7 1 6 11 2 5 _ 0 8 4 10 3 
[00281726] 3 | 7 1 6 11 2 _ 5 0 8 4 10 3 
[00281727] 6 | _ 1 7 11 2 _ _ 0 8 _ 10 3 
[00281728] 5 | 6 1 7 11 2 _ _ 0 8 _ 10 3 
[00281729] 4 | 6 1 7 11 2 _ _ 0 8 4 10 3 
[00281730] 3 | 6 1 7 11 2 5 _ 0 8 4 10 3 
[00281731] 3 | 6 1 7 11 2 _ 5 0 8 4 10 3 
[00281732] 6 | _ 1 _ 11 2 8 _ 0 8 _ 10 3 
[00281733] 5 | 6 1 _ 11 2 8 _ 0 8 _ 10 3 
[00281734] 4 | 6 1 5 11 2 8 _ 0 8 _ 10 3 
[00281735] 5 | _ 1 6 11 2 8 _ 0 8 _ 10 3 
[00281736] 4 | 5 1 6 11 2 8 _ 0 8 _ 10 3 
[00281737] 5 | _ 1 _ 11 2 8 7 0 8 _ 10 3 
[00281738] 4 | 5 1 _ 11 2 8 7 0 8 _ 10 3 
[00281739] 3 | 5 1 4 11 2 8 7 0 8 _ 10 3 
[00281740] 4 | _ 1 5 11 2 8 7 0 8 _ 10 3 
[00281741] 3 | 4 1 5 11 2 8 7 0 8 _ 10 3 
[00281742] 6 | _ 1 _ 11 2 _ 8 0 8 _ 10 3 
[00281743] 5 | 6 1 _ 11 2 _ 8 0 8 _ 10 3 
[00281744] 4 | 6 1 5 11 2 _ 8 0 8 _ 10 3 
[00281745] 5 | _ 1 6 11 2 _ 8 0 8 _ 10 3 
[00281746] 4 | 5 1 6 11 2 _ 8 0 8 _ 10 3 
[00281747] 5 | _ 1 _ 11 2 7 8 0 8 _ 10 3 
[00281748] 4 | 5 1 _ 11 2 7 8 0 8 _ 10 3 
[00281749] 3 | 5 1 4 11 2 7 8 0 8 _ 10 3 
[00281750] 4 | _ 1 5 11 2 7 8 0 8 _ 10 3 
[00281751] 3 | 4 1 5 11 2 7 8 0 8 _ 10 3 
[00281752] 6 | _ 1 _ 11 2 _ _ 0 8 2 10 3 
[00281753] 5 | 6 1 _ 11 2 _ _ 0 8 2 10 3 
[00281754] 4 | 6 1 5 11 2 _ _ 0 8 2 10 3 
[00281755] 5 | _ 1 6 11 2 _ _ 0 8 2 10 3 
[00281756] 4 | 5 1 6 11 2 _ _ 0 8 2 10 3 
[00281757] 8 | _ 1 _ 11 2 _ _ 0 _ _ 8 _ 
[00281758] 7 | 8 1 _ 11 2 _ _ 0 _ _ 8 _ 
[00281759] 6 | 8 1 7 11 2 _ _ 0 _ _ 8 _ 
[00281760] 5 | 8 1 7 11 2 _ _ 0 5 _ 8 _ 
[00281761] 4 | 8 1 7 11 2 6 _ 0 5 _ 8 _ 
[00281762] 3 | 8 1 7 11 2 6 5 0 5 _ 8 _ 
[00281763] 3 | 8 1 7 11 2 6 _ 0 5 2 8 _ 
[00281764] 4 | 8 1 7 11 2 _ 6 0 5 _ 8 _ 
[00281765] 3 | 8 1 7 11 2 5 6 0 5 _ 8 _ 
[00281766] 3 | 8 1 7 11 2 _ 6 0 5 2 8 _ 
[00281767] 4 | 8 1 7 11 2 _ _ 0 5 9 8 _ 
[00281768] 5 | 8 1 7 11 2 _ _ 0 4 9 8 _ 
[00281769] 4 | 8 1 7 11 2 6 _ 0 4 9 8 _ 
[00281770] 3 | 8 1 7 11 2 6 5 0 4 9 8 _ 
[00281771] 4 | 8 1 7 11 2 _ 6 0 4 9 8 _ 
[00281772] 3 | 8 1 7 11 2 5 6 0 4 9 8 _ 
[00281773] 5 | 8 1 7 11 2 _ _ 0 5 10 8 _ 
[00281774] 4 | 8 1 7 11 2 6 _ 0 5 10 8 _ 
[00281775] 4 | 8 1 7 11 2 _ 6 0 5 10 8 _ 
[00281776] 5 | 8 1 7 11 2 _ _ 0 9 4 8 _ 
[00281777] 4 | 8 1 7 11 2 6 _ 0 9 4 8 _ 
[00281778] 3 | 8 1 7 11 2 6 5 0 9 4 8 _ 
[00281779] 4 | 8 1 7 11 2 _ 6 0 9 4 8 _ 
[00281780] 3 | 8 1 7 11 2 5 6 0 9 4 8 _ 
[00281781] 5 | 8 1 7 11 2 _ _ 0 10 5 8 _ 
[00281782] 4 | 8 1 7 11 2 6 _ 0 10 5 8 _ 
[00281783] 4 | 8 1 7 11 2 _ 6 0 10 5 8 _ 
[00281784] 6 | 8 1 _ 11 2 _ _ 0 6 _ 8 _ 
[00281785] 5 | 8 1 6 11 2 _ _ 0 6 _ 8 _ 
[00281786] 5 | 8 1 _ 11 2 7 _ 0 6 _ 8 _ 
[00281787] 4 | 8 1 5 11 2 7 _ 0 6 _ 8 _ 
[00281788] 3 | 8 1 5 11 2 7 _ 0 6 3 8 _ 
[00281789] 2 | 8 1 5 11 2 7 4 0 6 3 8 _ 
[00281790] 3 | 8 1 5 11 2 7 _ 0 6 9 8 _ 
[00281791] 2 | 8 1 5 11 2 7 4 0 6 9 8 _ 
[00281792] 4 | 8 1 _ 11 2 7 6 0 6 _ 8 _ 
[00281793] 3 | 8 1 4 11 2 7 6 0 6 _ 8 _ 
[00281794] 4 | 8 1 _ 11 2 7 _ 0 6 2 8 _ 
[00281795] 3 | 8 1 4 11 2 7 _ 0 6 2 8 _ 
[00281796] 4 | 8 1 _ 11 2 7 _ 0 6 10 8 _ 
[00281797] 3 | 8 1 4 11 2 7 _ 0 6 10 8 _ 
[00281798] 3 | 8 1 _ 11 2 7 5 0 6 10 8 _ 
[00281799] 2 | 8 1 3 11 2 7 5 0 6 10 8 _ 
[00281800] 5 | 8 1 _ 11 2 _ 7 0 6 _ 8 _ 
[00281801] 4 | 8 1 5 11 2 _ 7 0 6 _ 8 _ 
[00281802] 3 | 8 1 5 11 2 _ 7 0 6 3 8 _ 
[00281803] 2 | 8 1 5 11 2 4 7 0 6 3 8 _ 
[00281804] 3 | 8 1 5 11 2 _ 7 0 6 9 8 _ 
[00281805] 2 | 8 1 5 11 2 4 7 0 6 9 8 _ 
[00281806] 4 | 8 1 _ 11 2 6 7 0 6 _ 8 _ 
[00281807] 3 | 8 1 4 11 2 6 7 0 6 _ 8 _ 
[00281808] 4 | 8 1 _ 11 2 _ 7 0 6 2 8 _ 
[00281809] 3 | 8 1 4 11 2 _ 7 0 6 2 8 _ 
[00281810] 4 | 8 1 _ 11 2 _ 7 0 6 10 8 _ 
[00281811] 3 | 8 1 4 11 2 _ 7 0 6 10 8 _ 
[00281812] 3 | 8 1 _ 11 2 5 7 0 6 10 8 _ 
[00281813] 2 | 8 1 3 11 2 5 7 0 6 10 8 _ 
[00281814] 5 | 8 1 _ 11 2 _ _ 0 6 1 8 _ 
[00281815] 6 | 8 1 _ 11 2 _ _ 0 3 9 8 _ 
[00281816] 5 | 8 1 6 11 2 _ _ 0 3 9 8 _ 
[00281817] 5 | 8 1 _ 11 2 7 _ 0 3 9 8 _ 
[00281818] 4 | 8 1 5 11 2 7 _ 0 3 9 8 _ 
[00281819] 4 | 8 1 _ 11 2 7 6 0 3 9 8 _ 
[00281820] 3 | 8 1 4 11 2 7 6 0 3 9 8 _ 
[00281821] 5 | 8 1 _ 11 2 _ 7 0 3 9 8 _ 
[00281822] 4 | 8 1 5 11 2 _ 7 0 3 9 8 _ 
[00281823] 4 | 8 1 _ 11 2 6 7 0 3 9 8 _ 
[00281824] 3 | 8 1 4 11 2 6 7 0 3 9 8 _ 
[00281825] 6 | 8 1 _ 11 2 _ _ 0 4 10 8 _ 
[00281826] 5 | 8 1 6 11 2 _ _ 0 4 10 8 _ 
[00281827] 5 | 8 1 _ 11 2 7 _ 0 4 10 8 _ 
[00281828] 4 | 8 1 5 11 2 7 _ 0 4 10 8 _ 
[00281829] 4 | 8 1 _ 11 2 7 6 0 4 10 8 _ 
[00281830] 5 | 8 1 _ 11 2 _ 7 0 4 10 8 _ 
[00281831] 4 | 8 1 5 11 2 _ 7 0 4 10 8 _ 
[00281832] 4 | 8 1 _ 11 2 6 7 0 4 10 8 _ 
[00281833] 6 | 8 1 _ 11 2 _ _ 0 9 3 8 _ 
[00281834] 5 | 8 1 6 11 2 _ _ 0 9 3 8 _ 
[00281835] 5 | 8 1 _ 11 2 7 _ 0 9 3 8 _ 
[00281836] 4 | 8 1 5 11 2 7 _ 0 9 3 8 _ 
[00281837] 4 | 8 1 _ 11 2 7 6 0 9 3 8 _ 
[00281838] 3 | 8 1 4 11 2 7 6 0 9 3 8 _ 
[00281839] 5 | 8 1 _ 11 2 _ 7 0 9 3 8 _ 
[00281840] 4 | 8 1 5 11 2 _ 7 0 9 3 8 _ 
[00281841] 4 | 8 1 _ 11 2 6 7 0 9 3 8 _ 
[00281842] 3 | 8 1 4 11 2 6 7 0 9 3 8 _ 
[00281843] 6 | 8 1 _ 11 2 _ _ 0 10 4 8 _ 
[00281844] 5 | 8 1 6 11 2 _ _ 0 10 4 8 _ 
[00281845] 5 | 8 1 _ 11 2 7 _ 0 10 4 8 _ 
[00281846] 4 | 8 1 5 11 2 7 _ 0 10 4 8 _ 
[00281847] 4 | 8 1 _ 11 2 7 6 0 10 4 8 _ 
[00281848] 5 | 8 1 _ 11 2 _ 7 0 10 4 8 _ 
[00281849] 4 | 8 1 5 11 2 _ 7 0 10 4 8 _ 
[00281850] 4 | 8 1 _ 11 2 6 7 0 10 4 8 _ 
[00281851] 7 | _ 1 8 11 2 _ _ 0 _ _ 8 _ 
[00281852] 6 | 7 1 8 11 2 _ _ 0 _ _ 8 _ 
[00281853] 5 | 7 1 8 11 2 _ _ 0 5 _ 8 _ 
[00281854] 4 | 7 1 8 11 2 6 _ 0 5 _ 8 _ 
[00281855] 3 | 7 1 8 11 2 6 5 0 5 _ 8 _ 
[00281856] 3 | 7 1 8 11 2 6 _ 0 5 2 8 _ 
[00281857] 4 | 7 1 8 11 2 _ 6 0 5 _ 8 _ 
[00281858] 3 | 7 1 8 11 2 5 6 0 5 _ 8 _ 
[00281859] 3 | 7 1 8 11 2 _ 6 0 5 2 8 _ 
[00281860] 4 | 7 1 8 11 2 _ _ 0 5 9 8 _ 
[00281861] 5 | 7 1 8 11 2 _ _ 0 4 9 8 _ 
[00281862] 4 | 7 1 8 11 2 6 _ 0 4 9 8 _ 
[00281863] 3 | 7 1 8 11 2 6 5 0 4 9 8 _ 
[00281864] 4 | 7 1 8 11 2 _ 6 0 4 9 8 _ 
[00281865] 3 | 7 1 8 11 2 5 6 0 4 9 8 _ 
