[00322732] 3 | 8 2 9 11 3 6 _ 0 5 1 10 _ 
[00322733] 3 | 8 2 9 11 3 _ 6 0 5 1 10 _ 
[00322734] 3 | 8 2 9 11 3 _ _ 0 5 1 10 7 
[00322735] 4 | 8 2 9 11 3 _ _ 0 5 _ 10 6 
[00322736] 5 | 8 2 9 11 3 _ _ 0 1 6 10 _ 
[00322737] 4 | 8 2 9 11 3 7 _ 0 1 6 10 _ 
[00322738] 4 | 8 2 9 11 3 _ 7 0 1 6 10 _ 
[00322739] 5 | 8 2 9 11 3 _ _ 0 6 1 10 _ 
[00322740] 4 | 8 2 9 11 3 7 _ 0 6 1 10 _ 
[00322741] 4 | 8 2 9 11 3 _ 7 0 6 1 10 _ 
[00322742] 5 | 8 2 9 11 3 _ _ 0 _ _ 10 5 
[00322743] 4 | 8 2 9 11 3 7 _ 0 _ _ 10 5 
[00322744] 3 | 8 2 9 11 3 7 0 0 _ _ 10 5 
[00322745] 2 | 8 2 9 11 3 7 0 0 4 6 10 5 
[00322746] 2 | 8 2 9 11 3 7 0 0 6 4 10 5 
[00322747] 3 | 8 2 9 11 3 7 6 0 _ _ 10 5 
[00322748] 3 | 8 2 9 11 3 7 _ 0 3 _ 10 5 
[00322749] 2 | 8 2 9 11 3 7 1 0 3 _ 10 5 
[00322750] 2 | 8 2 9 11 3 7 _ 0 3 1 10 5 
[00322751] 3 | 8 2 9 11 3 7 _ 0 1 4 10 5 
[00322752] 3 | 8 2 9 11 3 7 _ 0 4 1 10 5 
[00322753] 4 | 8 2 9 11 3 _ 7 0 _ _ 10 5 
[00322754] 3 | 8 2 9 11 3 0 7 0 _ _ 10 5 
[00322755] 2 | 8 2 9 11 3 0 7 0 4 6 10 5 
[00322756] 2 | 8 2 9 11 3 0 7 0 6 4 10 5 
[00322757] 3 | 8 2 9 11 3 6 7 0 _ _ 10 5 
[00322758] 3 | 8 2 9 11 3 _ 7 0 3 _ 10 5 
[00322759] 2 | 8 2 9 11 3 1 7 0 3 _ 10 5 
[00322760] 2 | 8 2 9 11 3 _ 7 0 3 1 10 5 
[00322761] 3 | 8 2 9 11 3 _ 7 0 1 4 10 5 
[00322762] 3 | 8 2 9 11 3 _ 7 0 4 1 10 5 
[00322763] 4 | 8 2 9 11 3 _ _ 0 4 _ 10 5 
[00322764] 3 | 8 2 9 11 3 6 _ 0 4 _ 10 5 
[00322765] 2 | 8 2 9 11 3 6 1 0 4 _ 10 5 
[00322766] 3 | 8 2 9 11 3 _ 6 0 4 _ 10 5 
[00322767] 2 | 8 2 9 11 3 1 6 0 4 _ 10 5 
[00322768] 3 | 8 2 9 11 3 _ _ 0 4 1 10 5 
[00322769] 3 | 8 2 9 11 3 _ _ 0 4 7 10 5 
[00322770] 2 | 8 2 9 11 3 1 _ 0 4 7 10 5 
[00322771] 2 | 8 2 9 11 3 _ 1 0 4 7 10 5 
[00322772] 6 | _ 2 9 11 3 _ _ 0 6 _ 10 _ 
[00322773] 5 | 7 2 9 11 3 _ _ 0 6 _ 10 _ 
[00322774] 4 | 7 2 9 11 3 _ _ 0 6 10 10 _ 
[00322775] 4 | 7 2 9 11 3 _ _ 0 6 _ 10 6 
[00322776] 5 | _ 2 9 11 3 8 _ 0 6 _ 10 _ 
[00322777] 4 | 6 2 9 11 3 8 _ 0 6 _ 10 _ 
[00322778] 3 | 6 2 9 11 3 8 _ 0 6 _ 10 7 
[00322779] 2 | 6 2 9 11 3 8 1 0 6 _ 10 7 
[00322780] 2 | 6 2 9 11 3 8 5 0 6 _ 10 7 
[00322781] 4 | _ 2 9 11 3 8 7 0 6 _ 10 _ 
[00322782] 3 | 5 2 9 11 3 8 7 0 6 _ 10 _ 
[00322783] 2 | 5 2 9 11 3 8 7 0 6 4 10 _ 
[00322784] 4 | _ 2 9 11 3 8 _ 0 6 2 10 _ 
[00322785] 3 | _ 2 9 11 3 8 _ 0 6 2 10 7 
[00322786] 2 | _ 2 9 11 3 8 1 0 6 2 10 7 
[00322787] 2 | _ 2 9 11 3 8 5 0 6 2 10 7 
[00322788] 4 | _ 2 9 11 3 8 _ 0 6 10 10 _ 
[00322789] 3 | 5 2 9 11 3 8 _ 0 6 10 10 _ 
[00322790] 2 | 5 2 9 11 3 8 1 0 6 10 10 _ 
[00322791] 4 | _ 2 9 11 3 8 _ 0 6 _ 10 6 
[00322792] 3 | 5 2 9 11 3 8 _ 0 6 _ 10 6 
[00322793] 2 | 5 2 9 11 3 8 1 0 6 _ 10 6 
[00322794] 5 | _ 2 9 11 3 _ 8 0 6 _ 10 _ 
[00322795] 4 | 6 2 9 11 3 _ 8 0 6 _ 10 _ 
[00322796] 3 | 6 2 9 11 3 _ 8 0 6 _ 10 7 
[00322797] 2 | 6 2 9 11 3 1 8 0 6 _ 10 7 
[00322798] 2 | 6 2 9 11 3 5 8 0 6 _ 10 7 
[00322799] 4 | _ 2 9 11 3 7 8 0 6 _ 10 _ 
[00322800] 3 | 5 2 9 11 3 7 8 0 6 _ 10 _ 
[00322801] 2 | 5 2 9 11 3 7 8 0 6 4 10 _ 
[00322802] 4 | _ 2 9 11 3 _ 8 0 6 2 10 _ 
[00322803] 3 | _ 2 9 11 3 _ 8 0 6 2 10 7 
[00322804] 2 | _ 2 9 11 3 1 8 0 6 2 10 7 
[00322805] 2 | _ 2 9 11 3 5 8 0 6 2 10 7 
[00322806] 4 | _ 2 9 11 3 _ 8 0 6 10 10 _ 
[00322807] 3 | 5 2 9 11 3 _ 8 0 6 10 10 _ 
[00322808] 2 | 5 2 9 11 3 1 8 0 6 10 10 _ 
[00322809] 4 | _ 2 9 11 3 _ 8 0 6 _ 10 6 
[00322810] 3 | 5 2 9 11 3 _ 8 0 6 _ 10 6 
[00322811] 2 | 5 2 9 11 3 1 8 0 6 _ 10 6 
[00322812] 5 | _ 2 9 11 3 _ _ 0 6 1 10 _ 
[00322813] 4 | _ 2 9 11 3 7 _ 0 6 1 10 _ 
[00322814] 3 | 5 2 9 11 3 7 _ 0 6 1 10 _ 
[00322815] 2 | 5 2 9 11 3 7 _ 0 6 1 10 8 
[00322816] 1 | 5 2 9 11 3 7 4 0 6 1 10 8  *Graceful*
[00322816] 4 | _ 2 9 11 3 _ 7 0 6 1 10 _ 
[00322817] 3 | 5 2 9 11 3 _ 7 0 6 1 10 _ 
[00322818] 2 | 5 2 9 11 3 _ 7 0 6 1 10 8 
[00322819] 1 | 5 2 9 11 3 4 7 0 6 1 10 8  *Graceful*
[00322819] 5 | _ 2 9 11 3 _ _ 0 6 _ 10 5 
[00322820] 4 | 6 2 9 11 3 _ _ 0 6 _ 10 5 
[00322821] 4 | _ 2 9 11 3 7 _ 0 6 _ 10 5 
[00322822] 3 | _ 2 9 11 3 7 6 0 6 _ 10 5 
[00322823] 2 | 4 2 9 11 3 7 6 0 6 _ 10 5 
[00322824] 3 | _ 2 9 11 3 7 _ 0 6 3 10 5 
[00322825] 2 | 4 2 9 11 3 7 _ 0 6 3 10 5 
[00322826] 4 | _ 2 9 11 3 _ 7 0 6 _ 10 5 
[00322827] 3 | _ 2 9 11 3 6 7 0 6 _ 10 5 
[00322828] 2 | 4 2 9 11 3 6 7 0 6 _ 10 5 
[00322829] 3 | _ 2 9 11 3 _ 7 0 6 3 10 5 
[00322830] 2 | 4 2 9 11 3 _ 7 0 6 3 10 5 
[00322831] 4 | _ 2 9 11 3 _ _ 0 6 2 10 5 
[00322832] 6 | _ 2 9 11 3 _ _ 0 1 7 10 _ 
[00322833] 5 | _ 2 9 11 3 8 _ 0 1 7 10 _ 
[00322834] 4 | 6 2 9 11 3 8 _ 0 1 7 10 _ 
[00322835] 4 | _ 2 9 11 3 8 _ 0 1 7 10 6 
[00322836] 3 | 5 2 9 11 3 8 _ 0 1 7 10 6 
[00322837] 5 | _ 2 9 11 3 _ 8 0 1 7 10 _ 
[00322838] 4 | 6 2 9 11 3 _ 8 0 1 7 10 _ 
[00322839] 4 | _ 2 9 11 3 _ 8 0 1 7 10 6 
[00322840] 3 | 5 2 9 11 3 _ 8 0 1 7 10 6 
[00322841] 5 | _ 2 9 11 3 _ _ 0 1 7 10 5 
[00322842] 4 | 6 2 9 11 3 _ _ 0 1 7 10 5 
[00322843] 6 | _ 2 9 11 3 _ _ 0 7 1 10 _ 
[00322844] 5 | _ 2 9 11 3 8 _ 0 7 1 10 _ 
[00322845] 4 | 6 2 9 11 3 8 _ 0 7 1 10 _ 
[00322846] 4 | _ 2 9 11 3 8 _ 0 7 1 10 6 
[00322847] 3 | 5 2 9 11 3 8 _ 0 7 1 10 6 
[00322848] 5 | _ 2 9 11 3 _ 8 0 7 1 10 _ 
[00322849] 4 | 6 2 9 11 3 _ 8 0 7 1 10 _ 
[00322850] 4 | _ 2 9 11 3 _ 8 0 7 1 10 6 
[00322851] 3 | 5 2 9 11 3 _ 8 0 7 1 10 6 
[00322852] 5 | _ 2 9 11 3 _ _ 0 7 1 10 5 
[00322853] 4 | 6 2 9 11 3 _ _ 0 7 1 10 5 
[00322854] 6 | _ 2 9 11 3 _ _ 0 _ _ 10 4 
[00322855] 5 | 7 2 9 11 3 _ _ 0 _ _ 10 4 
[00322856] 4 | 7 2 9 11 3 _ _ 0 1 5 10 4 
[00322857] 3 | 7 2 9 11 3 6 _ 0 1 5 10 4 
[00322858] 3 | 7 2 9 11 3 _ 6 0 1 5 10 4 
[00322859] 4 | 7 2 9 11 3 _ _ 0 5 1 10 4 
[00322860] 3 | 7 2 9 11 3 6 _ 0 5 1 10 4 
[00322861] 3 | 7 2 9 11 3 _ 6 0 5 1 10 4 
[00322862] 5 | _ 2 9 11 3 8 _ 0 _ _ 10 4 
[00322863] 4 | 6 2 9 11 3 8 _ 0 _ _ 10 4 
[00322864] 3 | 6 2 9 11 3 8 0 0 _ _ 10 4 
[00322865] 2 | 6 2 9 11 3 8 0 0 5 7 10 4 
[00322866] 2 | 6 2 9 11 3 8 0 0 7 5 10 4 
[00322867] 3 | 6 2 9 11 3 8 _ 0 3 _ 10 4 
[00322868] 2 | 6 2 9 11 3 8 1 0 3 _ 10 4 
[00322869] 2 | 6 2 9 11 3 8 5 0 3 _ 10 4 
[00322870] 2 | 6 2 9 11 3 8 _ 0 3 1 10 4 
[00322871] 2 | 6 2 9 11 3 8 _ 0 3 5 10 4 
[00322872] 4 | _ 2 9 11 3 8 7 0 _ _ 10 4 
[00322873] 3 | 5 2 9 11 3 8 7 0 _ _ 10 4 
[00322874] 4 | _ 2 9 11 3 8 _ 0 1 5 10 4 
[00322875] 3 | _ 2 9 11 3 8 6 0 1 5 10 4 
[00322876] 4 | _ 2 9 11 3 8 _ 0 5 1 10 4 
[00322877] 3 | _ 2 9 11 3 8 6 0 5 1 10 4 
[00322878] 5 | _ 2 9 11 3 _ 8 0 _ _ 10 4 
[00322879] 4 | 6 2 9 11 3 _ 8 0 _ _ 10 4 
[00322880] 3 | 6 2 9 11 3 0 8 0 _ _ 10 4 
[00322881] 2 | 6 2 9 11 3 0 8 0 5 7 10 4 
[00322882] 2 | 6 2 9 11 3 0 8 0 7 5 10 4 
[00322883] 3 | 6 2 9 11 3 _ 8 0 3 _ 10 4 
[00322884] 2 | 6 2 9 11 3 1 8 0 3 _ 10 4 
[00322885] 2 | 6 2 9 11 3 5 8 0 3 _ 10 4 
[00322886] 2 | 6 2 9 11 3 _ 8 0 3 1 10 4 
[00322887] 2 | 6 2 9 11 3 _ 8 0 3 5 10 4 
[00322888] 4 | _ 2 9 11 3 7 8 0 _ _ 10 4 
[00322889] 3 | 5 2 9 11 3 7 8 0 _ _ 10 4 
[00322890] 4 | _ 2 9 11 3 _ 8 0 1 5 10 4 
[00322891] 3 | _ 2 9 11 3 6 8 0 1 5 10 4 
[00322892] 4 | _ 2 9 11 3 _ 8 0 5 1 10 4 
[00322893] 3 | _ 2 9 11 3 6 8 0 5 1 10 4 
[00322894] 5 | _ 2 9 11 3 _ _ 0 5 _ 10 4 
[00322895] 4 | 6 2 9 11 3 _ _ 0 5 _ 10 4 
[00322896] 3 | 6 2 9 11 3 _ _ 0 5 8 10 4 
[00322897] 2 | 6 2 9 11 3 1 _ 0 5 8 10 4 
[00322898] 2 | 6 2 9 11 3 _ 1 0 5 8 10 4 
[00322899] 4 | _ 2 9 11 3 7 _ 0 5 _ 10 4 
[00322900] 3 | 5 2 9 11 3 7 _ 0 5 _ 10 4 
[00322901] 2 | 5 2 9 11 3 7 1 0 5 _ 10 4 
[00322902] 3 | _ 2 9 11 3 7 6 0 5 _ 10 4 
[00322903] 3 | _ 2 9 11 3 7 _ 0 5 2 10 4 
[00322904] 2 | _ 2 9 11 3 7 1 0 5 2 10 4 
[00322905] 3 | _ 2 9 11 3 7 _ 0 5 8 10 4 
[00322906] 2 | _ 2 9 11 3 7 1 0 5 8 10 4 
[00322907] 4 | _ 2 9 11 3 _ 7 0 5 _ 10 4 
[00322908] 3 | 5 2 9 11 3 _ 7 0 5 _ 10 4 
[00322909] 2 | 5 2 9 11 3 1 7 0 5 _ 10 4 
[00322910] 3 | _ 2 9 11 3 6 7 0 5 _ 10 4 
[00322911] 3 | _ 2 9 11 3 _ 7 0 5 2 10 4 
[00322912] 2 | _ 2 9 11 3 1 7 0 5 2 10 4 
[00322913] 3 | _ 2 9 11 3 _ 7 0 5 8 10 4 
[00322914] 2 | _ 2 9 11 3 1 7 0 5 8 10 4 
[00322915] 4 | _ 2 9 11 3 _ _ 0 5 1 10 4 
[00322916] 3 | _ 2 9 11 3 6 _ 0 5 1 10 4 
[00322917] 3 | _ 2 9 11 3 _ 6 0 5 1 10 4 
[00322918] 5 | _ 2 9 11 3 _ _ 0 1 6 10 4 
[00322919] 4 | _ 2 9 11 3 7 _ 0 1 6 10 4 
[00322920] 3 | 5 2 9 11 3 7 _ 0 1 6 10 4 
[00322921] 4 | _ 2 9 11 3 _ 7 0 1 6 10 4 
[00322922] 3 | 5 2 9 11 3 _ 7 0 1 6 10 4 
[00322923] 5 | _ 2 9 11 3 _ _ 0 6 1 10 4 
[00322924] 4 | _ 2 9 11 3 7 _ 0 6 1 10 4 
[00322925] 3 | 5 2 9 11 3 7 _ 0 6 1 10 4 
[00322926] 4 | _ 2 9 11 3 _ 7 0 6 1 10 4 
[00322927] 3 | 5 2 9 11 3 _ 7 0 6 1 10 4 
[00322928] 7 | _ 2 _ 11 3 10 _ 0 _ _ 10 _ 
[00322929] 6 | 8 2 _ 11 3 10 _ 0 _ _ 10 _ 
[00322930] 5 | 8 2 7 11 3 10 _ 0 _ _ 10 _ 
[00322931] 4 | 8 2 7 11 3 10 _ 0 4 _ 10 _ 
[00322932] 3 | 8 2 7 11 3 10 6 0 4 _ 10 _ 
[00322933] 3 | 8 2 7 11 3 10 _ 0 4 1 10 _ 
[00322934] 2 | 8 2 7 11 3 10 5 0 4 1 10 _ 
[00322935] 4 | 8 2 7 11 3 10 _ 0 1 5 10 _ 
[00322936] 3 | 8 2 7 11 3 10 6 0 1 5 10 _ 
[00322937] 4 | 8 2 7 11 3 10 _ 0 5 9 10 _ 
[00322938] 3 | 8 2 7 11 3 10 6 0 5 9 10 _ 
[00322939] 4 | 8 2 7 11 3 10 _ 0 5 1 10 _ 
[00322940] 3 | 8 2 7 11 3 10 6 0 5 1 10 _ 
[00322941] 4 | 8 2 7 11 3 10 _ 0 9 5 10 _ 
[00322942] 3 | 8 2 7 11 3 10 6 0 9 5 10 _ 
[00322943] 5 | 8 2 _ 11 3 10 _ 0 5 _ 10 _ 
[00322944] 4 | 8 2 6 11 3 10 _ 0 5 _ 10 _ 
[00322945] 4 | 8 2 _ 11 3 10 7 0 5 _ 10 _ 
[00322946] 3 | 8 2 5 11 3 10 7 0 5 _ 10 _ 
[00322947] 3 | 8 2 _ 11 3 10 7 0 5 2 10 _ 
[00322948] 4 | 8 2 _ 11 3 10 _ 0 5 1 10 _ 
[00322949] 3 | 8 2 _ 11 3 10 6 0 5 1 10 _ 
[00322950] 2 | 8 2 4 11 3 10 6 0 5 1 10 _ 
[00322951] 4 | 8 2 _ 11 3 10 _ 0 5 9 10 _ 
[00322952] 3 | 8 2 _ 11 3 10 6 0 5 9 10 _ 
[00322953] 2 | 8 2 4 11 3 10 6 0 5 9 10 _ 
[00322954] 5 | 8 2 _ 11 3 10 _ 0 1 6 10 _ 
[00322955] 4 | 8 2 _ 11 3 10 7 0 1 6 10 _ 
[00322956] 3 | 8 2 5 11 3 10 7 0 1 6 10 _ 
[00322957] 5 | 8 2 _ 11 3 10 _ 0 4 9 10 _ 
[00322958] 4 | 8 2 6 11 3 10 _ 0 4 9 10 _ 
[00322959] 4 | 8 2 _ 11 3 10 7 0 4 9 10 _ 
[00322960] 3 | 8 2 5 11 3 10 7 0 4 9 10 _ 
[00322961] 5 | 8 2 _ 11 3 10 _ 0 6 1 10 _ 
[00322962] 4 | 8 2 _ 11 3 10 7 0 6 1 10 _ 
[00322963] 3 | 8 2 5 11 3 10 7 0 6 1 10 _ 
[00322964] 5 | 8 2 _ 11 3 10 _ 0 9 4 10 _ 
[00322965] 4 | 8 2 6 11 3 10 _ 0 9 4 10 _ 
[00322966] 4 | 8 2 _ 11 3 10 7 0 9 4 10 _ 
[00322967] 3 | 8 2 5 11 3 10 7 0 9 4 10 _ 
[00322968] 6 | _ 2 8 11 3 10 _ 0 _ _ 10 _ 
[00322969] 5 | 7 2 8 11 3 10 _ 0 _ _ 10 _ 
[00322970] 4 | 7 2 8 11 3 10 _ 0 4 _ 10 _ 
[00322971] 3 | 7 2 8 11 3 10 6 0 4 _ 10 _ 
[00322972] 3 | 7 2 8 11 3 10 _ 0 4 1 10 _ 
[00322973] 2 | 7 2 8 11 3 10 5 0 4 1 10 _ 
[00322974] 4 | 7 2 8 11 3 10 _ 0 1 5 10 _ 
[00322975] 3 | 7 2 8 11 3 10 6 0 1 5 10 _ 
[00322976] 4 | 7 2 8 11 3 10 _ 0 5 9 10 _ 
[00322977] 3 | 7 2 8 11 3 10 6 0 5 9 10 _ 
[00322978] 4 | 7 2 8 11 3 10 _ 0 5 1 10 _ 
[00322979] 3 | 7 2 8 11 3 10 6 0 5 1 10 _ 
[00322980] 4 | 7 2 8 11 3 10 _ 0 9 5 10 _ 
[00322981] 3 | 7 2 8 11 3 10 6 0 9 5 10 _ 
[00322982] 5 | _ 2 8 11 3 10 _ 0 5 _ 10 _ 
[00322983] 4 | 6 2 8 11 3 10 _ 0 5 _ 10 _ 
[00322984] 4 | _ 2 8 11 3 10 7 0 5 _ 10 _ 
[00322985] 3 | 5 2 8 11 3 10 7 0 5 _ 10 _ 
[00322986] 3 | _ 2 8 11 3 10 7 0 5 2 10 _ 
[00322987] 4 | _ 2 8 11 3 10 _ 0 5 1 10 _ 
[00322988] 3 | _ 2 8 11 3 10 6 0 5 1 10 _ 
[00322989] 2 | 4 2 8 11 3 10 6 0 5 1 10 _ 
[00322990] 4 | _ 2 8 11 3 10 _ 0 5 9 10 _ 
[00322991] 3 | _ 2 8 11 3 10 6 0 5 9 10 _ 
[00322992] 2 | 4 2 8 11 3 10 6 0 5 9 10 _ 
[00322993] 5 | _ 2 8 11 3 10 _ 0 1 6 10 _ 
[00322994] 4 | _ 2 8 11 3 10 7 0 1 6 10 _ 
[00322995] 3 | 5 2 8 11 3 10 7 0 1 6 10 _ 
[00322996] 5 | _ 2 8 11 3 10 _ 0 4 9 10 _ 
[00322997] 4 | 6 2 8 11 3 10 _ 0 4 9 10 _ 
[00322998] 4 | _ 2 8 11 3 10 7 0 4 9 10 _ 
[00322999] 3 | 5 2 8 11 3 10 7 0 4 9 10 _ 
[00323000] 5 | _ 2 8 11 3 10 _ 0 6 1 10 _ 
[00323001] 4 | _ 2 8 11 3 10 7 0 6 1 10 _ 
[00323002] 3 | 5 2 8 11 3 10 7 0 6 1 10 _ 
[00323003] 5 | _ 2 8 11 3 10 _ 0 9 4 10 _ 
[00323004] 4 | 6 2 8 11 3 10 _ 0 9 4 10 _ 
[00323005] 4 | _ 2 8 11 3 10 7 0 9 4 10 _ 
[00323006] 3 | 5 2 8 11 3 10 7 0 9 4 10 _ 
[00323007] 6 | _ 2 _ 11 3 10 9 0 _ _ 10 _ 
[00323008] 5 | 7 2 _ 11 3 10 9 0 _ _ 10 _ 
[00323009] 4 | 7 2 6 11 3 10 9 0 _ _ 10 _ 
[00323010] 3 | 7 2 6 11 3 10 9 0 1 4 10 _ 
[00323011] 3 | 7 2 6 11 3 10 9 0 5 8 10 _ 
[00323012] 3 | 7 2 6 11 3 10 9 0 4 1 10 _ 
[00323013] 3 | 7 2 6 11 3 10 9 0 8 5 10 _ 
[00323014] 4 | 7 2 _ 11 3 10 9 0 4 _ 10 _ 
[00323015] 3 | 7 2 5 11 3 10 9 0 4 _ 10 _ 
[00323016] 2 | 7 2 5 11 3 10 9 0 4 6 10 _ 
[00323017] 3 | 7 2 _ 11 3 10 9 0 4 1 10 _ 
[00323018] 4 | 7 2 _ 11 3 10 9 0 1 5 10 _ 
[00323019] 4 | 7 2 _ 11 3 10 9 0 4 8 10 _ 
[00323020] 3 | 7 2 5 11 3 10 9 0 4 8 10 _ 
[00323021] 4 | 7 2 _ 11 3 10 9 0 5 1 10 _ 
[00323022] 4 | 7 2 _ 11 3 10 9 0 8 4 10 _ 
[00323023] 3 | 7 2 5 11 3 10 9 0 8 4 10 _ 
[00323024] 5 | _ 2 7 11 3 10 9 0 _ _ 10 _ 
[00323025] 4 | 6 2 7 11 3 10 9 0 _ _ 10 _ 
[00323026] 3 | 6 2 7 11 3 10 9 0 1 4 10 _ 
[00323027] 3 | 6 2 7 11 3 10 9 0 5 8 10 _ 
[00323028] 3 | 6 2 7 11 3 10 9 0 4 1 10 _ 
[00323029] 3 | 6 2 7 11 3 10 9 0 8 5 10 _ 
[00323030] 4 | _ 2 7 11 3 10 9 0 4 _ 10 _ 
[00323031] 3 | 5 2 7 11 3 10 9 0 4 _ 10 _ 
[00323032] 2 | 5 2 7 11 3 10 9 0 4 6 10 _ 
[00323033] 3 | _ 2 7 11 3 10 9 0 4 1 10 _ 
[00323034] 4 | _ 2 7 11 3 10 9 0 1 5 10 _ 
[00323035] 4 | _ 2 7 11 3 10 9 0 4 8 10 _ 
[00323036] 3 | 5 2 7 11 3 10 9 0 4 8 10 _ 
[00323037] 4 | _ 2 7 11 3 10 9 0 5 1 10 _ 
[00323038] 4 | _ 2 7 11 3 10 9 0 8 4 10 _ 
[00323039] 3 | 5 2 7 11 3 10 9 0 8 4 10 _ 
[00323040] 5 | _ 2 _ 11 3 10 9 0 5 _ 10 _ 
[00323041] 4 | 6 2 _ 11 3 10 9 0 5 _ 10 _ 
[00323042] 3 | 6 2 5 11 3 10 9 0 5 _ 10 _ 
[00323043] 3 | 6 2 _ 11 3 10 9 0 5 2 10 _ 
[00323044] 3 | 6 2 _ 11 3 10 9 0 5 8 10 _ 
[00323045] 2 | 6 2 4 11 3 10 9 0 5 8 10 _ 
[00323046] 4 | _ 2 6 11 3 10 9 0 5 _ 10 _ 
[00323047] 3 | 5 2 6 11 3 10 9 0 5 _ 10 _ 
[00323048] 3 | _ 2 6 11 3 10 9 0 5 2 10 _ 
[00323049] 3 | _ 2 6 11 3 10 9 0 5 8 10 _ 
[00323050] 2 | 4 2 6 11 3 10 9 0 5 8 10 _ 
[00323051] 4 | _ 2 _ 11 3 10 9 0 5 1 10 _ 
[00323052] 5 | _ 2 _ 11 3 10 9 0 1 6 10 _ 
[00323053] 5 | _ 2 _ 11 3 10 9 0 6 1 10 _ 
[00323054] 6 | _ 2 _ 11 3 10 _ 0 6 _ 10 _ 
[00323055] 5 | 7 2 _ 11 3 10 _ 0 6 _ 10 _ 
[00323056] 4 | 7 2 6 11 3 10 _ 0 6 _ 10 _ 
[00323057] 4 | 7 2 _ 11 3 10 _ 0 6 2 10 _ 
[00323058] 5 | _ 2 7 11 3 10 _ 0 6 _ 10 _ 
[00323059] 4 | 6 2 7 11 3 10 _ 0 6 _ 10 _ 
[00323060] 4 | _ 2 7 11 3 10 _ 0 6 2 10 _ 
[00323061] 5 | _ 2 _ 11 3 10 8 0 6 _ 10 _ 
[00323062] 4 | 6 2 _ 11 3 10 8 0 6 _ 10 _ 
[00323063] 3 | 6 2 5 11 3 10 8 0 6 _ 10 _ 
[00323064] 4 | _ 2 6 11 3 10 8 0 6 _ 10 _ 
[00323065] 3 | 5 2 6 11 3 10 8 0 6 _ 10 _ 
[00323066] 4 | _ 2 _ 11 3 10 8 0 6 2 10 _ 
[00323067] 5 | _ 2 _ 11 3 10 _ 0 6 1 10 _ 
[00323068] 4 | _ 2 _ 11 3 10 7 0 6 1 10 _ 
[00323069] 3 | 5 2 _ 11 3 10 7 0 6 1 10 _ 
[00323070] 2 | 5 2 4 11 3 10 7 0 6 1 10 _ 
[00323071] 3 | _ 2 5 11 3 10 7 0 6 1 10 _ 
[00323072] 2 | 4 2 5 11 3 10 7 0 6 1 10 _ 
[00323073] 6 | _ 2 _ 11 3 10 _ 0 1 7 10 _ 
[00323074] 5 | _ 2 _ 11 3 10 8 0 1 7 10 _ 
[00323075] 4 | 6 2 _ 11 3 10 8 0 1 7 10 _ 
[00323076] 3 | 6 2 5 11 3 10 8 0 1 7 10 _ 
[00323077] 4 | _ 2 6 11 3 10 8 0 1 7 10 _ 
[00323078] 3 | 5 2 6 11 3 10 8 0 1 7 10 _ 
[00323079] 6 | _ 2 _ 11 3 10 _ 0 7 1 10 _ 
[00323080] 5 | _ 2 _ 11 3 10 8 0 7 1 10 _ 
[00323081] 4 | 6 2 _ 11 3 10 8 0 7 1 10 _ 
[00323082] 3 | 6 2 5 11 3 10 8 0 7 1 10 _ 
[00323083] 4 | _ 2 6 11 3 10 8 0 7 1 10 _ 
[00323084] 3 | 5 2 6 11 3 10 8 0 7 1 10 _ 
[00323085] 7 | _ 2 _ 11 3 _ 10 0 _ _ 10 _ 
[00323086] 6 | 8 2 _ 11 3 _ 10 0 _ _ 10 _ 
[00323087] 5 | 8 2 7 11 3 _ 10 0 _ _ 10 _ 
[00323088] 4 | 8 2 7 11 3 _ 10 0 4 _ 10 _ 
[00323089] 3 | 8 2 7 11 3 6 10 0 4 _ 10 _ 
[00323090] 3 | 8 2 7 11 3 _ 10 0 4 1 10 _ 
[00323091] 2 | 8 2 7 11 3 5 10 0 4 1 10 _ 
[00323092] 4 | 8 2 7 11 3 _ 10 0 1 5 10 _ 
[00323093] 3 | 8 2 7 11 3 6 10 0 1 5 10 _ 
[00323094] 4 | 8 2 7 11 3 _ 10 0 5 9 10 _ 
[00323095] 3 | 8 2 7 11 3 6 10 0 5 9 10 _ 
[00323096] 4 | 8 2 7 11 3 _ 10 0 5 1 10 _ 
[00323097] 3 | 8 2 7 11 3 6 10 0 5 1 10 _ 
[00323098] 4 | 8 2 7 11 3 _ 10 0 9 5 10 _ 
[00323099] 3 | 8 2 7 11 3 6 10 0 9 5 10 _ 
[00323100] 5 | 8 2 _ 11 3 _ 10 0 5 _ 10 _ 
[00323101] 4 | 8 2 6 11 3 _ 10 0 5 _ 10 _ 
[00323102] 4 | 8 2 _ 11 3 7 10 0 5 _ 10 _ 
[00323103] 3 | 8 2 5 11 3 7 10 0 5 _ 10 _ 
[00323104] 3 | 8 2 _ 11 3 7 10 0 5 2 10 _ 
[00323105] 4 | 8 2 _ 11 3 _ 10 0 5 1 10 _ 
[00323106] 3 | 8 2 _ 11 3 6 10 0 5 1 10 _ 
[00323107] 2 | 8 2 4 11 3 6 10 0 5 1 10 _ 
[00323108] 4 | 8 2 _ 11 3 _ 10 0 5 9 10 _ 
[00323109] 3 | 8 2 _ 11 3 6 10 0 5 9 10 _ 
[00323110] 2 | 8 2 4 11 3 6 10 0 5 9 10 _ 
[00323111] 5 | 8 2 _ 11 3 _ 10 0 1 6 10 _ 
[00323112] 4 | 8 2 _ 11 3 7 10 0 1 6 10 _ 
[00323113] 3 | 8 2 5 11 3 7 10 0 1 6 10 _ 
[00323114] 5 | 8 2 _ 11 3 _ 10 0 4 9 10 _ 
[00323115] 4 | 8 2 6 11 3 _ 10 0 4 9 10 _ 
[00323116] 4 | 8 2 _ 11 3 7 10 0 4 9 10 _ 
[00323117] 3 | 8 2 5 11 3 7 10 0 4 9 10 _ 
[00323118] 5 | 8 2 _ 11 3 _ 10 0 6 1 10 _ 
[00323119] 4 | 8 2 _ 11 3 7 10 0 6 1 10 _ 
[00323120] 3 | 8 2 5 11 3 7 10 0 6 1 10 _ 
[00323121] 5 | 8 2 _ 11 3 _ 10 0 9 4 10 _ 
[00323122] 4 | 8 2 6 11 3 _ 10 0 9 4 10 _ 
[00323123] 4 | 8 2 _ 11 3 7 10 0 9 4 10 _ 
[00323124] 3 | 8 2 5 11 3 7 10 0 9 4 10 _ 
[00323125] 6 | _ 2 8 11 3 _ 10 0 _ _ 10 _ 
[00323126] 5 | 7 2 8 11 3 _ 10 0 _ _ 10 _ 
[00323127] 4 | 7 2 8 11 3 _ 10 0 4 _ 10 _ 
[00323128] 3 | 7 2 8 11 3 6 10 0 4 _ 10 _ 
[00323129] 3 | 7 2 8 11 3 _ 10 0 4 1 10 _ 
[00323130] 2 | 7 2 8 11 3 5 10 0 4 1 10 _ 
[00323131] 4 | 7 2 8 11 3 _ 10 0 1 5 10 _ 
[00323132] 3 | 7 2 8 11 3 6 10 0 1 5 10 _ 
[00323133] 4 | 7 2 8 11 3 _ 10 0 5 9 10 _ 
[00323134] 3 | 7 2 8 11 3 6 10 0 5 9 10 _ 
[00323135] 4 | 7 2 8 11 3 _ 10 0 5 1 10 _ 
[00323136] 3 | 7 2 8 11 3 6 10 0 5 1 10 _ 
[00323137] 4 | 7 2 8 11 3 _ 10 0 9 5 10 _ 
[00323138] 3 | 7 2 8 11 3 6 10 0 9 5 10 _ 
[00323139] 5 | _ 2 8 11 3 _ 10 0 5 _ 10 _ 
[00323140] 4 | 6 2 8 11 3 _ 10 0 5 _ 10 _ 
[00323141] 4 | _ 2 8 11 3 7 10 0 5 _ 10 _ 
[00323142] 3 | 5 2 8 11 3 7 10 0 5 _ 10 _ 
[00323143] 3 | _ 2 8 11 3 7 10 0 5 2 10 _ 
[00323144] 4 | _ 2 8 11 3 _ 10 0 5 1 10 _ 
[00323145] 3 | _ 2 8 11 3 6 10 0 5 1 10 _ 
[00323146] 2 | 4 2 8 11 3 6 10 0 5 1 10 _ 
[00323147] 4 | _ 2 8 11 3 _ 10 0 5 9 10 _ 
[00323148] 3 | _ 2 8 11 3 6 10 0 5 9 10 _ 
[00323149] 2 | 4 2 8 11 3 6 10 0 5 9 10 _ 
[00323150] 5 | _ 2 8 11 3 _ 10 0 1 6 10 _ 
[00323151] 4 | _ 2 8 11 3 7 10 0 1 6 10 _ 
[00323152] 3 | 5 2 8 11 3 7 10 0 1 6 10 _ 
[00323153] 5 | _ 2 8 11 3 _ 10 0 4 9 10 _ 
[00323154] 4 | 6 2 8 11 3 _ 10 0 4 9 10 _ 
[00323155] 4 | _ 2 8 11 3 7 10 0 4 9 10 _ 
[00323156] 3 | 5 2 8 11 3 7 10 0 4 9 10 _ 
[00323157] 5 | _ 2 8 11 3 _ 10 0 6 1 10 _ 
[00323158] 4 | _ 2 8 11 3 7 10 0 6 1 10 _ 
[00323159] 3 | 5 2 8 11 3 7 10 0 6 1 10 _ 
[00323160] 5 | _ 2 8 11 3 _ 10 0 9 4 10 _ 
[00323161] 4 | 6 2 8 11 3 _ 10 0 9 4 10 _ 
[00323162] 4 | _ 2 8 11 3 7 10 0 9 4 10 _ 
[00323163] 3 | 5 2 8 11 3 7 10 0 9 4 10 _ 
[00323164] 6 | _ 2 _ 11 3 9 10 0 _ _ 10 _ 
[00323165] 5 | 7 2 _ 11 3 9 10 0 _ _ 10 _ 
[00323166] 4 | 7 2 6 11 3 9 10 0 _ _ 10 _ 
[00323167] 3 | 7 2 6 11 3 9 10 0 1 4 10 _ 
[00323168] 3 | 7 2 6 11 3 9 10 0 5 8 10 _ 
[00323169] 3 | 7 2 6 11 3 9 10 0 4 1 10 _ 
[00323170] 3 | 7 2 6 11 3 9 10 0 8 5 10 _ 
[00323171] 4 | 7 2 _ 11 3 9 10 0 4 _ 10 _ 
[00323172] 3 | 7 2 5 11 3 9 10 0 4 _ 10 _ 
[00323173] 2 | 7 2 5 11 3 9 10 0 4 6 10 _ 
[00323174] 3 | 7 2 _ 11 3 9 10 0 4 1 10 _ 
[00323175] 4 | 7 2 _ 11 3 9 10 0 1 5 10 _ 
[00323176] 4 | 7 2 _ 11 3 9 10 0 4 8 10 _ 
[00323177] 3 | 7 2 5 11 3 9 10 0 4 8 10 _ 
[00323178] 4 | 7 2 _ 11 3 9 10 0 5 1 10 _ 
[00323179] 4 | 7 2 _ 11 3 9 10 0 8 4 10 _ 
[00323180] 3 | 7 2 5 11 3 9 10 0 8 4 10 _ 
[00323181] 5 | _ 2 7 11 3 9 10 0 _ _ 10 _ 
[00323182] 4 | 6 2 7 11 3 9 10 0 _ _ 10 _ 
[00323183] 3 | 6 2 7 11 3 9 10 0 1 4 10 _ 
[00323184] 3 | 6 2 7 11 3 9 10 0 5 8 10 _ 
[00323185] 3 | 6 2 7 11 3 9 10 0 4 1 10 _ 
[00323186] 3 | 6 2 7 11 3 9 10 0 8 5 10 _ 
[00323187] 4 | _ 2 7 11 3 9 10 0 4 _ 10 _ 
[00323188] 3 | 5 2 7 11 3 9 10 0 4 _ 10 _ 
[00323189] 2 | 5 2 7 11 3 9 10 0 4 6 10 _ 
[00323190] 3 | _ 2 7 11 3 9 10 0 4 1 10 _ 
[00323191] 4 | _ 2 7 11 3 9 10 0 1 5 10 _ 
[00323192] 4 | _ 2 7 11 3 9 10 0 4 8 10 _ 
[00323193] 3 | 5 2 7 11 3 9 10 0 4 8 10 _ 
[00323194] 4 | _ 2 7 11 3 9 10 0 5 1 10 _ 
[00323195] 4 | _ 2 7 11 3 9 10 0 8 4 10 _ 
[00323196] 3 | 5 2 7 11 3 9 10 0 8 4 10 _ 
[00323197] 5 | _ 2 _ 11 3 9 10 0 5 _ 10 _ 
[00323198] 4 | 6 2 _ 11 3 9 10 0 5 _ 10 _ 
[00323199] 3 | 6 2 5 11 3 9 10 0 5 _ 10 _ 
[00323200] 3 | 6 2 _ 11 3 9 10 0 5 2 10 _ 
[00323201] 3 | 6 2 _ 11 3 9 10 0 5 8 10 _ 
[00323202] 2 | 6 2 4 11 3 9 10 0 5 8 10 _ 
[00323203] 4 | _ 2 6 11 3 9 10 0 5 _ 10 _ 
[00323204] 3 | 5 2 6 11 3 9 10 0 5 _ 10 _ 
[00323205] 3 | _ 2 6 11 3 9 10 0 5 2 10 _ 
[00323206] 3 | _ 2 6 11 3 9 10 0 5 8 10 _ 
[00323207] 2 | 4 2 6 11 3 9 10 0 5 8 10 _ 
[00323208] 4 | _ 2 _ 11 3 9 10 0 5 1 10 _ 
[00323209] 5 | _ 2 _ 11 3 9 10 0 1 6 10 _ 
[00323210] 5 | _ 2 _ 11 3 9 10 0 6 1 10 _ 
[00323211] 6 | _ 2 _ 11 3 _ 10 0 6 _ 10 _ 
[00323212] 5 | 7 2 _ 11 3 _ 10 0 6 _ 10 _ 
[00323213] 4 | 7 2 6 11 3 _ 10 0 6 _ 10 _ 
[00323214] 4 | 7 2 _ 11 3 _ 10 0 6 2 10 _ 
[00323215] 5 | _ 2 7 11 3 _ 10 0 6 _ 10 _ 
[00323216] 4 | 6 2 7 11 3 _ 10 0 6 _ 10 _ 
[00323217] 4 | _ 2 7 11 3 _ 10 0 6 2 10 _ 
[00323218] 5 | _ 2 _ 11 3 8 10 0 6 _ 10 _ 
[00323219] 4 | 6 2 _ 11 3 8 10 0 6 _ 10 _ 
[00323220] 3 | 6 2 5 11 3 8 10 0 6 _ 10 _ 
[00323221] 4 | _ 2 6 11 3 8 10 0 6 _ 10 _ 
[00323222] 3 | 5 2 6 11 3 8 10 0 6 _ 10 _ 
[00323223] 4 | _ 2 _ 11 3 8 10 0 6 2 10 _ 
[00323224] 5 | _ 2 _ 11 3 _ 10 0 6 1 10 _ 
[00323225] 4 | _ 2 _ 11 3 7 10 0 6 1 10 _ 
[00323226] 3 | 5 2 _ 11 3 7 10 0 6 1 10 _ 
[00323227] 2 | 5 2 4 11 3 7 10 0 6 1 10 _ 
[00323228] 3 | _ 2 5 11 3 7 10 0 6 1 10 _ 
[00323229] 2 | 4 2 5 11 3 7 10 0 6 1 10 _ 
