[00016273] 4 | 4 0 11 10 1 6 _ 2 8 _ 9 _ 
[00016274] 3 | 4 0 11 10 1 6 _ 2 8 5 9 _ 
[00016275] 2 | 4 0 11 10 1 6 3 2 8 5 9 _ 
[00016276] 2 | 4 0 11 10 1 6 _ 2 8 5 9 7 
[00016277] 4 | _ 0 11 10 1 6 5 2 8 _ 9 _ 
[00016278] 3 | 3 0 11 10 1 6 5 2 8 _ 9 _ 
[00016279] 2 | 3 0 11 10 1 6 5 2 8 _ 9 7 
[00016280] 4 | _ 0 11 10 1 6 _ 2 8 4 9 _ 
[00016281] 3 | 3 0 11 10 1 6 _ 2 8 4 9 _ 
[00016282] 2 | 3 0 11 10 1 6 _ 2 8 4 9 7 
[00016283] 4 | _ 0 11 10 1 6 _ 2 8 _ 9 5 
[00016284] 3 | 3 0 11 10 1 6 _ 2 8 _ 9 5 
[00016285] 3 | _ 0 11 10 1 6 4 2 8 _ 9 5 
[00016286] 5 | _ 0 11 10 1 _ 6 2 8 _ 9 _ 
[00016287] 4 | 4 0 11 10 1 _ 6 2 8 _ 9 _ 
[00016288] 3 | 4 0 11 10 1 _ 6 2 8 5 9 _ 
[00016289] 2 | 4 0 11 10 1 3 6 2 8 5 9 _ 
[00016290] 2 | 4 0 11 10 1 _ 6 2 8 5 9 7 
[00016291] 4 | _ 0 11 10 1 5 6 2 8 _ 9 _ 
[00016292] 3 | 3 0 11 10 1 5 6 2 8 _ 9 _ 
[00016293] 2 | 3 0 11 10 1 5 6 2 8 _ 9 7 
[00016294] 4 | _ 0 11 10 1 _ 6 2 8 4 9 _ 
[00016295] 3 | 3 0 11 10 1 _ 6 2 8 4 9 _ 
[00016296] 2 | 3 0 11 10 1 _ 6 2 8 4 9 7 
[00016297] 4 | _ 0 11 10 1 _ 6 2 8 _ 9 5 
[00016298] 3 | 3 0 11 10 1 _ 6 2 8 _ 9 5 
[00016299] 3 | _ 0 11 10 1 4 6 2 8 _ 9 5 
[00016300] 5 | _ 0 11 10 1 _ _ 2 8 3 9 _ 
[00016301] 4 | 4 0 11 10 1 _ _ 2 8 3 9 _ 
[00016302] 3 | 4 0 11 10 1 _ _ 2 8 3 9 6 
[00016303] 4 | _ 0 11 10 1 5 _ 2 8 3 9 _ 
[00016304] 3 | _ 0 11 10 1 5 4 2 8 3 9 _ 
[00016305] 2 | _ 0 11 10 1 5 4 2 8 3 9 7 
[00016306] 3 | _ 0 11 10 1 5 _ 2 8 3 9 6 
[00016307] 4 | _ 0 11 10 1 _ 5 2 8 3 9 _ 
[00016308] 3 | _ 0 11 10 1 4 5 2 8 3 9 _ 
[00016309] 2 | _ 0 11 10 1 4 5 2 8 3 9 7 
[00016310] 3 | _ 0 11 10 1 _ 5 2 8 3 9 6 
[00016311] 4 | _ 0 11 10 1 _ _ 2 8 3 9 5 
[00016312] 3 | _ 0 11 10 1 4 _ 2 8 3 9 5 
[00016313] 3 | _ 0 11 10 1 _ 4 2 8 3 9 5 
[00016314] 5 | _ 0 11 10 1 _ _ 2 8 _ 9 4 
[00016315] 4 | _ 0 11 10 1 5 _ 2 8 _ 9 4 
[00016316] 3 | 3 0 11 10 1 5 _ 2 8 _ 9 4 
[00016317] 2 | 3 0 11 10 1 5 _ 2 8 6 9 4 
[00016318] 4 | _ 0 11 10 1 _ 5 2 8 _ 9 4 
[00016319] 3 | 3 0 11 10 1 _ 5 2 8 _ 9 4 
[00016320] 2 | 3 0 11 10 1 _ 5 2 8 6 9 4 
[00016321] 6 | _ 0 11 10 1 _ _ 2 _ _ 9 3 
[00016322] 5 | 5 0 11 10 1 _ _ 2 _ _ 9 3 
[00016323] 4 | 5 0 11 10 1 _ _ 2 6 _ 9 3 
[00016324] 3 | 5 0 11 10 1 4 _ 2 6 _ 9 3 
[00016325] 2 | 5 0 11 10 1 4 _ 2 6 8 9 3 
[00016326] 3 | 5 0 11 10 1 _ 4 2 6 _ 9 3 
[00016327] 2 | 5 0 11 10 1 _ 4 2 6 8 9 3 
[00016328] 4 | 5 0 11 10 1 _ _ 2 4 8 9 3 
[00016329] 4 | 5 0 11 10 1 _ _ 2 8 4 9 3 
[00016330] 5 | _ 0 11 10 1 6 _ 2 _ _ 9 3 
[00016331] 4 | 4 0 11 10 1 6 _ 2 _ _ 9 3 
[00016332] 3 | 4 0 11 10 1 6 _ 2 5 _ 9 3 
[00016333] 2 | 4 0 11 10 1 6 _ 2 5 7 9 3 
[00016334] 3 | 4 0 11 10 1 6 _ 2 5 8 9 3 
[00016335] 3 | 4 0 11 10 1 6 _ 2 8 5 9 3 
[00016336] 4 | _ 0 11 10 1 6 5 2 _ _ 9 3 
[00016337] 3 | _ 0 11 10 1 6 5 2 4 7 9 3 
[00016338] 3 | _ 0 11 10 1 6 5 2 7 4 9 3 
[00016339] 4 | _ 0 11 10 1 6 _ 2 4 8 9 3 
[00016340] 4 | _ 0 11 10 1 6 _ 2 8 4 9 3 
[00016341] 5 | _ 0 11 10 1 _ 6 2 _ _ 9 3 
[00016342] 4 | 4 0 11 10 1 _ 6 2 _ _ 9 3 
[00016343] 3 | 4 0 11 10 1 _ 6 2 5 _ 9 3 
[00016344] 2 | 4 0 11 10 1 _ 6 2 5 7 9 3 
[00016345] 3 | 4 0 11 10 1 _ 6 2 5 8 9 3 
[00016346] 3 | 4 0 11 10 1 _ 6 2 8 5 9 3 
[00016347] 4 | _ 0 11 10 1 5 6 2 _ _ 9 3 
[00016348] 3 | _ 0 11 10 1 5 6 2 4 7 9 3 
[00016349] 3 | _ 0 11 10 1 5 6 2 7 4 9 3 
[00016350] 4 | _ 0 11 10 1 _ 6 2 4 8 9 3 
[00016351] 4 | _ 0 11 10 1 _ 6 2 8 4 9 3 
[00016352] 5 | _ 0 11 10 1 _ _ 2 7 _ 9 3 
[00016353] 4 | 4 0 11 10 1 _ _ 2 7 _ 9 3 
[00016354] 4 | _ 0 11 10 1 5 _ 2 7 _ 9 3 
[00016355] 3 | _ 0 11 10 1 5 4 2 7 _ 9 3 
[00016356] 3 | _ 0 11 10 1 5 _ 2 7 4 9 3 
[00016357] 4 | _ 0 11 10 1 _ 5 2 7 _ 9 3 
[00016358] 3 | _ 0 11 10 1 4 5 2 7 _ 9 3 
[00016359] 3 | _ 0 11 10 1 _ 5 2 7 4 9 3 
[00016360] 9 | _ 0 11 10 _ _ _ 1 _ _ _ _ 
[00016361] 8 | 8 0 11 10 _ _ _ 1 _ _ _ _ 
[00016362] 7 | 8 0 11 10 3 _ _ 1 _ _ _ _ 
[00016363] 6 | 8 0 11 10 3 9 _ 1 _ _ _ _ 
[00016364] 5 | 8 0 11 10 3 9 _ 1 6 _ _ _ 
[00016365] 4 | 8 0 11 10 3 9 7 1 6 _ _ _ 
[00016366] 3 | 8 0 11 10 3 9 7 1 6 _ 4 _ 
[00016367] 2 | 8 0 11 10 3 9 7 1 6 4 4 _ 
[00016368] 2 | 8 0 11 10 3 9 7 1 6 _ 4 2 
[00016369] 1 | 8 0 11 10 3 9 7 1 6 5 4 2  *Graceful*
[00016369] 2 | 8 0 11 10 3 9 7 1 6 _ 4 6 
[00016370] 3 | 8 0 11 10 3 9 7 1 6 _ 2 5 
[00016371] 2 | 8 0 11 10 3 9 7 1 6 4 2 5 
[00016372] 1 | 8 0 11 10 3 9 7 1 6 4 2 5  *Graceful*
[00016372] 3 | 8 0 11 10 3 9 7 1 6 _ 5 2 
[00016373] 2 | 8 0 11 10 3 9 7 1 6 4 5 2 
[00016374] 4 | 8 0 11 10 3 9 _ 1 6 2 _ _ 
[00016375] 3 | 8 0 11 10 3 9 _ 1 6 2 4 _ 
[00016376] 2 | 8 0 11 10 3 9 5 1 6 2 4 _ 
[00016377] 3 | 8 0 11 10 3 9 _ 1 6 2 4 7 
[00016378] 2 | 8 0 11 10 3 9 5 1 6 2 4 7 
[00016379] 3 | 8 0 11 10 3 9 _ 1 6 2 7 4 
[00016380] 2 | 8 0 11 10 3 9 5 1 6 2 7 4 
[00016381] 4 | 8 0 11 10 3 9 _ 1 6 _ 5 _ 
[00016382] 3 | 8 0 11 10 3 9 6 1 6 _ 5 _ 
[00016383] 2 | 8 0 11 10 3 9 6 1 6 _ 5 7 
[00016384] 3 | 8 0 11 10 3 9 _ 1 6 3 5 _ 
[00016385] 2 | 8 0 11 10 3 9 _ 1 6 3 5 7 
[00016386] 3 | 8 0 11 10 3 9 _ 1 6 _ 5 2 
[00016387] 2 | 8 0 11 10 3 9 _ 1 6 4 5 2 
[00016388] 5 | 8 0 11 10 3 9 _ 1 2 7 _ _ 
[00016389] 4 | 8 0 11 10 3 9 _ 1 2 7 5 _ 
[00016390] 3 | 8 0 11 10 3 9 6 1 2 7 5 _ 
[00016391] 5 | 8 0 11 10 3 9 _ 1 7 2 _ _ 
[00016392] 4 | 8 0 11 10 3 9 _ 1 7 2 5 _ 
[00016393] 3 | 8 0 11 10 3 9 6 1 7 2 5 _ 
[00016394] 5 | 8 0 11 10 3 9 _ 1 _ _ 6 _ 
[00016395] 4 | 8 0 11 10 3 9 7 1 _ _ 6 _ 
[00016396] 3 | 8 0 11 10 3 9 7 1 4 _ 6 _ 
[00016397] 2 | 8 0 11 10 3 9 7 1 4 2 6 _ 
[00016398] 1 | 8 0 11 10 3 9 7 1 4 2 6 5  *Graceful*
[00016398] 2 | 8 0 11 10 3 9 7 1 4 6 6 _ 
[00016399] 2 | 8 0 11 10 3 9 7 1 4 _ 6 4 
[00016400] 3 | 8 0 11 10 3 9 7 1 2 5 6 _ 
[00016401] 2 | 8 0 11 10 3 9 7 1 2 5 6 4 
[00016402] 1 | 8 0 11 10 3 9 7 1 2 5 6 4  *Graceful*
[00016402] 3 | 8 0 11 10 3 9 7 1 5 2 6 _ 
[00016403] 2 | 8 0 11 10 3 9 7 1 5 2 6 4 
[00016404] 4 | 8 0 11 10 3 9 _ 1 5 _ 6 _ 
[00016405] 3 | 8 0 11 10 3 9 6 1 5 _ 6 _ 
[00016406] 2 | 8 0 11 10 3 9 6 1 5 7 6 _ 
[00016407] 3 | 8 0 11 10 3 9 _ 1 5 2 6 _ 
[00016408] 2 | 8 0 11 10 3 9 _ 1 5 2 6 4 
[00016409] 3 | 8 0 11 10 3 9 _ 1 5 _ 6 3 
[00016410] 2 | 8 0 11 10 3 9 _ 1 5 7 6 3 
[00016411] 4 | 8 0 11 10 3 9 _ 1 _ _ 6 2 
[00016412] 3 | 8 0 11 10 3 9 _ 1 4 _ 6 2 
[00016413] 2 | 8 0 11 10 3 9 5 1 4 _ 6 2 
[00016414] 3 | 8 0 11 10 3 9 _ 1 4 7 6 2 
[00016415] 2 | 8 0 11 10 3 9 5 1 4 7 6 2 
[00016416] 3 | 8 0 11 10 3 9 _ 1 7 4 6 2 
[00016417] 2 | 8 0 11 10 3 9 5 1 7 4 6 2 
[00016418] 5 | 8 0 11 10 3 9 _ 1 _ _ 2 7 
[00016419] 4 | 8 0 11 10 3 9 _ 1 5 _ 2 7 
[00016420] 3 | 8 0 11 10 3 9 6 1 5 _ 2 7 
[00016421] 5 | 8 0 11 10 3 9 _ 1 _ _ 7 2 
[00016422] 4 | 8 0 11 10 3 9 _ 1 5 _ 7 2 
[00016423] 3 | 8 0 11 10 3 9 6 1 5 _ 7 2 
[00016424] 6 | 8 0 11 10 3 _ 9 1 _ _ _ _ 
[00016425] 5 | 8 0 11 10 3 _ 9 1 6 _ _ _ 
[00016426] 4 | 8 0 11 10 3 7 9 1 6 _ _ _ 
[00016427] 3 | 8 0 11 10 3 7 9 1 6 _ 4 _ 
[00016428] 2 | 8 0 11 10 3 7 9 1 6 4 4 _ 
[00016429] 2 | 8 0 11 10 3 7 9 1 6 _ 4 2 
[00016430] 1 | 8 0 11 10 3 7 9 1 6 5 4 2  *Graceful*
[00016430] 2 | 8 0 11 10 3 7 9 1 6 _ 4 6 
[00016431] 3 | 8 0 11 10 3 7 9 1 6 _ 2 5 
[00016432] 2 | 8 0 11 10 3 7 9 1 6 4 2 5 
[00016433] 1 | 8 0 11 10 3 7 9 1 6 4 2 5  *Graceful*
[00016433] 3 | 8 0 11 10 3 7 9 1 6 _ 5 2 
[00016434] 2 | 8 0 11 10 3 7 9 1 6 4 5 2 
[00016435] 4 | 8 0 11 10 3 _ 9 1 6 2 _ _ 
[00016436] 3 | 8 0 11 10 3 _ 9 1 6 2 4 _ 
[00016437] 2 | 8 0 11 10 3 5 9 1 6 2 4 _ 
[00016438] 3 | 8 0 11 10 3 _ 9 1 6 2 4 7 
[00016439] 2 | 8 0 11 10 3 5 9 1 6 2 4 7 
[00016440] 3 | 8 0 11 10 3 _ 9 1 6 2 7 4 
[00016441] 2 | 8 0 11 10 3 5 9 1 6 2 7 4 
[00016442] 4 | 8 0 11 10 3 _ 9 1 6 _ 5 _ 
[00016443] 3 | 8 0 11 10 3 6 9 1 6 _ 5 _ 
[00016444] 2 | 8 0 11 10 3 6 9 1 6 _ 5 7 
[00016445] 3 | 8 0 11 10 3 _ 9 1 6 3 5 _ 
[00016446] 2 | 8 0 11 10 3 _ 9 1 6 3 5 7 
[00016447] 3 | 8 0 11 10 3 _ 9 1 6 _ 5 2 
[00016448] 2 | 8 0 11 10 3 _ 9 1 6 4 5 2 
[00016449] 5 | 8 0 11 10 3 _ 9 1 2 7 _ _ 
[00016450] 4 | 8 0 11 10 3 _ 9 1 2 7 5 _ 
[00016451] 3 | 8 0 11 10 3 6 9 1 2 7 5 _ 
[00016452] 5 | 8 0 11 10 3 _ 9 1 7 2 _ _ 
[00016453] 4 | 8 0 11 10 3 _ 9 1 7 2 5 _ 
[00016454] 3 | 8 0 11 10 3 6 9 1 7 2 5 _ 
[00016455] 5 | 8 0 11 10 3 _ 9 1 _ _ 6 _ 
[00016456] 4 | 8 0 11 10 3 7 9 1 _ _ 6 _ 
[00016457] 3 | 8 0 11 10 3 7 9 1 4 _ 6 _ 
[00016458] 2 | 8 0 11 10 3 7 9 1 4 2 6 _ 
[00016459] 1 | 8 0 11 10 3 7 9 1 4 2 6 5  *Graceful*
[00016459] 2 | 8 0 11 10 3 7 9 1 4 6 6 _ 
[00016460] 2 | 8 0 11 10 3 7 9 1 4 _ 6 4 
[00016461] 3 | 8 0 11 10 3 7 9 1 2 5 6 _ 
[00016462] 2 | 8 0 11 10 3 7 9 1 2 5 6 4 
[00016463] 1 | 8 0 11 10 3 7 9 1 2 5 6 4  *Graceful*
[00016463] 3 | 8 0 11 10 3 7 9 1 5 2 6 _ 
[00016464] 2 | 8 0 11 10 3 7 9 1 5 2 6 4 
[00016465] 4 | 8 0 11 10 3 _ 9 1 5 _ 6 _ 
[00016466] 3 | 8 0 11 10 3 6 9 1 5 _ 6 _ 
[00016467] 2 | 8 0 11 10 3 6 9 1 5 7 6 _ 
[00016468] 3 | 8 0 11 10 3 _ 9 1 5 2 6 _ 
[00016469] 2 | 8 0 11 10 3 _ 9 1 5 2 6 4 
[00016470] 3 | 8 0 11 10 3 _ 9 1 5 _ 6 3 
[00016471] 2 | 8 0 11 10 3 _ 9 1 5 7 6 3 
[00016472] 4 | 8 0 11 10 3 _ 9 1 _ _ 6 2 
[00016473] 3 | 8 0 11 10 3 _ 9 1 4 _ 6 2 
[00016474] 2 | 8 0 11 10 3 5 9 1 4 _ 6 2 
[00016475] 3 | 8 0 11 10 3 _ 9 1 4 7 6 2 
[00016476] 2 | 8 0 11 10 3 5 9 1 4 7 6 2 
[00016477] 3 | 8 0 11 10 3 _ 9 1 7 4 6 2 
[00016478] 2 | 8 0 11 10 3 5 9 1 7 4 6 2 
[00016479] 5 | 8 0 11 10 3 _ 9 1 _ _ 2 7 
[00016480] 4 | 8 0 11 10 3 _ 9 1 5 _ 2 7 
[00016481] 3 | 8 0 11 10 3 6 9 1 5 _ 2 7 
[00016482] 5 | 8 0 11 10 3 _ 9 1 _ _ 7 2 
[00016483] 4 | 8 0 11 10 3 _ 9 1 5 _ 7 2 
[00016484] 3 | 8 0 11 10 3 6 9 1 5 _ 7 2 
[00016485] 6 | 8 0 11 10 3 _ _ 1 7 _ _ _ 
[00016486] 5 | 8 0 11 10 3 _ _ 1 7 2 _ _ 
[00016487] 4 | 8 0 11 10 3 _ _ 1 7 2 5 _ 
[00016488] 3 | 8 0 11 10 3 6 _ 1 7 2 5 _ 
[00016489] 2 | 8 0 11 10 3 6 5 1 7 2 5 _ 
[00016490] 2 | 8 0 11 10 3 6 _ 1 7 2 5 3 
[00016491] 3 | 8 0 11 10 3 _ 6 1 7 2 5 _ 
[00016492] 2 | 8 0 11 10 3 5 6 1 7 2 5 _ 
[00016493] 2 | 8 0 11 10 3 _ 6 1 7 2 5 3 
[00016494] 4 | 8 0 11 10 3 _ _ 1 7 2 5 9 
[00016495] 3 | 8 0 11 10 3 6 _ 1 7 2 5 9 
[00016496] 3 | 8 0 11 10 3 _ 6 1 7 2 5 9 
[00016497] 4 | 8 0 11 10 3 _ _ 1 7 2 9 5 
[00016498] 3 | 8 0 11 10 3 6 _ 1 7 2 9 5 
[00016499] 3 | 8 0 11 10 3 _ 6 1 7 2 9 5 
[00016500] 5 | 8 0 11 10 3 _ _ 1 7 _ 6 _ 
[00016501] 4 | 8 0 11 10 3 7 _ 1 7 _ 6 _ 
[00016502] 3 | 8 0 11 10 3 7 6 1 7 _ 6 _ 
[00016503] 3 | 8 0 11 10 3 7 _ 1 7 _ 6 3 
[00016504] 3 | 8 0 11 10 3 7 _ 1 7 _ 6 9 
[00016505] 2 | 8 0 11 10 3 7 5 1 7 _ 6 9 
[00016506] 4 | 8 0 11 10 3 _ 7 1 7 _ 6 _ 
[00016507] 3 | 8 0 11 10 3 6 7 1 7 _ 6 _ 
[00016508] 3 | 8 0 11 10 3 _ 7 1 7 _ 6 3 
[00016509] 3 | 8 0 11 10 3 _ 7 1 7 _ 6 9 
[00016510] 2 | 8 0 11 10 3 5 7 1 7 _ 6 9 
[00016511] 4 | 8 0 11 10 3 _ _ 1 7 3 6 _ 
[00016512] 3 | 8 0 11 10 3 _ _ 1 7 3 6 9 
[00016513] 4 | 8 0 11 10 3 _ _ 1 7 _ 6 2 
[00016514] 3 | 8 0 11 10 3 _ _ 1 7 4 6 2 
[00016515] 2 | 8 0 11 10 3 5 _ 1 7 4 6 2 
[00016516] 2 | 8 0 11 10 3 _ 5 1 7 4 6 2 
[00016517] 5 | 8 0 11 10 3 _ _ 1 7 _ 4 9 
[00016518] 4 | 8 0 11 10 3 7 _ 1 7 _ 4 9 
[00016519] 3 | 8 0 11 10 3 7 6 1 7 _ 4 9 
[00016520] 4 | 8 0 11 10 3 _ 7 1 7 _ 4 9 
[00016521] 3 | 8 0 11 10 3 6 7 1 7 _ 4 9 
[00016522] 4 | 8 0 11 10 3 _ _ 1 7 3 4 9 
[00016523] 5 | 8 0 11 10 3 _ _ 1 7 _ 9 4 
[00016524] 4 | 8 0 11 10 3 7 _ 1 7 _ 9 4 
[00016525] 3 | 8 0 11 10 3 7 6 1 7 _ 9 4 
[00016526] 4 | 8 0 11 10 3 _ 7 1 7 _ 9 4 
[00016527] 3 | 8 0 11 10 3 6 7 1 7 _ 9 4 
[00016528] 4 | 8 0 11 10 3 _ _ 1 7 3 9 4 
[00016529] 6 | 8 0 11 10 3 _ _ 1 _ _ 7 _ 
[00016530] 5 | 8 0 11 10 3 _ _ 1 6 _ 7 _ 
[00016531] 4 | 8 0 11 10 3 7 _ 1 6 _ 7 _ 
[00016532] 3 | 8 0 11 10 3 7 6 1 6 _ 7 _ 
[00016533] 3 | 8 0 11 10 3 7 _ 1 6 3 7 _ 
[00016534] 3 | 8 0 11 10 3 7 _ 1 6 9 7 _ 
[00016535] 2 | 8 0 11 10 3 7 5 1 6 9 7 _ 
[00016536] 4 | 8 0 11 10 3 _ 7 1 6 _ 7 _ 
[00016537] 3 | 8 0 11 10 3 6 7 1 6 _ 7 _ 
[00016538] 3 | 8 0 11 10 3 _ 7 1 6 3 7 _ 
[00016539] 3 | 8 0 11 10 3 _ 7 1 6 9 7 _ 
[00016540] 2 | 8 0 11 10 3 5 7 1 6 9 7 _ 
[00016541] 4 | 8 0 11 10 3 _ _ 1 6 2 7 _ 
[00016542] 3 | 8 0 11 10 3 _ _ 1 6 2 7 4 
[00016543] 2 | 8 0 11 10 3 5 _ 1 6 2 7 4 
[00016544] 2 | 8 0 11 10 3 _ 5 1 6 2 7 4 
[00016545] 4 | 8 0 11 10 3 _ _ 1 6 _ 7 3 
[00016546] 3 | 8 0 11 10 3 _ _ 1 6 9 7 3 
[00016547] 5 | 8 0 11 10 3 _ _ 1 4 9 7 _ 
[00016548] 4 | 8 0 11 10 3 7 _ 1 4 9 7 _ 
[00016549] 3 | 8 0 11 10 3 7 6 1 4 9 7 _ 
[00016550] 4 | 8 0 11 10 3 _ 7 1 4 9 7 _ 
[00016551] 3 | 8 0 11 10 3 6 7 1 4 9 7 _ 
[00016552] 4 | 8 0 11 10 3 _ _ 1 4 9 7 3 
[00016553] 5 | 8 0 11 10 3 _ _ 1 9 4 7 _ 
[00016554] 4 | 8 0 11 10 3 7 _ 1 9 4 7 _ 
[00016555] 3 | 8 0 11 10 3 7 6 1 9 4 7 _ 
[00016556] 4 | 8 0 11 10 3 _ 7 1 9 4 7 _ 
[00016557] 3 | 8 0 11 10 3 6 7 1 9 4 7 _ 
[00016558] 4 | 8 0 11 10 3 _ _ 1 9 4 7 3 
[00016559] 5 | 8 0 11 10 3 _ _ 1 _ _ 7 2 
[00016560] 4 | 8 0 11 10 3 _ _ 1 5 _ 7 2 
[00016561] 3 | 8 0 11 10 3 6 _ 1 5 _ 7 2 
[00016562] 2 | 8 0 11 10 3 6 5 1 5 _ 7 2 
[00016563] 2 | 8 0 11 10 3 6 _ 1 5 3 7 2 
[00016564] 3 | 8 0 11 10 3 _ 6 1 5 _ 7 2 
[00016565] 2 | 8 0 11 10 3 5 6 1 5 _ 7 2 
[00016566] 2 | 8 0 11 10 3 _ 6 1 5 3 7 2 
[00016567] 4 | 8 0 11 10 3 _ _ 1 5 9 7 2 
[00016568] 3 | 8 0 11 10 3 6 _ 1 5 9 7 2 
[00016569] 3 | 8 0 11 10 3 _ 6 1 5 9 7 2 
[00016570] 4 | 8 0 11 10 3 _ _ 1 9 5 7 2 
[00016571] 3 | 8 0 11 10 3 6 _ 1 9 5 7 2 
[00016572] 3 | 8 0 11 10 3 _ 6 1 9 5 7 2 
[00016573] 7 | 8 0 11 10 2 9 _ 1 _ _ _ _ 
[00016574] 6 | 8 0 11 10 2 9 _ 1 7 _ _ _ 
[00016575] 5 | 8 0 11 10 2 9 7 1 7 _ _ _ 
[00016576] 4 | 8 0 11 10 2 9 7 1 7 _ 5 _ 
[00016577] 5 | 8 0 11 10 2 9 _ 1 7 2 _ _ 
[00016578] 4 | 8 0 11 10 2 9 _ 1 7 2 5 _ 
[00016579] 5 | 8 0 11 10 2 9 _ 1 7 _ 6 _ 
[00016580] 4 | 8 0 11 10 2 9 6 1 7 _ 6 _ 
[00016581] 3 | 8 0 11 10 2 9 6 1 7 4 6 _ 
[00016582] 4 | 8 0 11 10 2 9 _ 1 7 3 6 _ 
[00016583] 3 | 8 0 11 10 2 9 5 1 7 3 6 _ 
[00016584] 2 | 8 0 11 10 2 9 5 1 7 3 6 4 
[00016585] 4 | 8 0 11 10 2 9 _ 1 7 _ 6 2 
[00016586] 3 | 8 0 11 10 2 9 _ 1 7 4 6 2 
[00016587] 6 | 8 0 11 10 2 9 _ 1 _ _ 7 _ 
[00016588] 5 | 8 0 11 10 2 9 7 1 _ _ 7 _ 
[00016589] 4 | 8 0 11 10 2 9 7 1 5 _ 7 _ 
[00016590] 5 | 8 0 11 10 2 9 _ 1 6 _ 7 _ 
[00016591] 4 | 8 0 11 10 2 9 6 1 6 _ 7 _ 
[00016592] 3 | 8 0 11 10 2 9 6 1 6 _ 7 4 
[00016593] 4 | 8 0 11 10 2 9 _ 1 6 2 7 _ 
[00016594] 3 | 8 0 11 10 2 9 _ 1 6 2 7 4 
[00016595] 4 | 8 0 11 10 2 9 _ 1 6 _ 7 3 
[00016596] 3 | 8 0 11 10 2 9 5 1 6 _ 7 3 
[00016597] 2 | 8 0 11 10 2 9 5 1 6 4 7 3 
[00016598] 5 | 8 0 11 10 2 9 _ 1 _ _ 7 2 
[00016599] 4 | 8 0 11 10 2 9 _ 1 5 _ 7 2 
[00016600] 7 | 8 0 11 10 9 2 _ 1 _ _ _ _ 
[00016601] 6 | 8 0 11 10 9 2 3 1 _ _ _ _ 
[00016602] 5 | 8 0 11 10 9 2 3 1 6 _ _ _ 
[00016603] 4 | 8 0 11 10 9 2 3 1 6 _ 5 _ 
[00016604] 5 | 8 0 11 10 9 2 3 1 _ _ 6 _ 
[00016605] 4 | 8 0 11 10 9 2 3 1 5 _ 6 _ 
[00016606] 6 | 8 0 11 10 9 2 _ 1 7 _ _ _ 
[00016607] 5 | 8 0 11 10 9 2 4 1 7 _ _ _ 
[00016608] 4 | 8 0 11 10 9 2 4 1 7 3 _ _ 
[00016609] 4 | 8 0 11 10 9 2 4 1 7 _ 5 _ 
[00016610] 5 | 8 0 11 10 9 2 _ 1 7 _ 6 _ 
[00016611] 4 | 8 0 11 10 9 2 5 1 7 _ 6 _ 
[00016612] 3 | 8 0 11 10 9 2 5 1 7 4 6 _ 
[00016613] 3 | 8 0 11 10 9 2 5 1 7 _ 6 3 
[00016614] 4 | 8 0 11 10 9 2 _ 1 7 3 6 _ 
[00016615] 3 | 8 0 11 10 9 2 6 1 7 3 6 _ 
[00016616] 3 | 8 0 11 10 9 2 _ 1 7 3 6 9 
[00016617] 6 | 8 0 11 10 9 2 _ 1 _ _ 7 _ 
[00016618] 5 | 8 0 11 10 9 2 4 1 _ _ 7 _ 
[00016619] 4 | 8 0 11 10 9 2 4 1 5 _ 7 _ 
[00016620] 4 | 8 0 11 10 9 2 4 1 _ _ 7 3 
[00016621] 5 | 8 0 11 10 9 2 _ 1 6 _ 7 _ 
[00016622] 4 | 8 0 11 10 9 2 5 1 6 _ 7 _ 
[00016623] 3 | 8 0 11 10 9 2 5 1 6 3 7 _ 
[00016624] 3 | 8 0 11 10 9 2 5 1 6 _ 7 4 
[00016625] 4 | 8 0 11 10 9 2 _ 1 6 _ 7 3 
[00016626] 3 | 8 0 11 10 9 2 6 1 6 _ 7 3 
[00016627] 3 | 8 0 11 10 9 2 _ 1 6 9 7 3 
[00016628] 7 | 8 0 11 10 2 _ 9 1 _ _ _ _ 
[00016629] 6 | 8 0 11 10 2 _ 9 1 7 _ _ _ 
[00016630] 5 | 8 0 11 10 2 7 9 1 7 _ _ _ 
[00016631] 4 | 8 0 11 10 2 7 9 1 7 _ 5 _ 
[00016632] 5 | 8 0 11 10 2 _ 9 1 7 2 _ _ 
[00016633] 4 | 8 0 11 10 2 _ 9 1 7 2 5 _ 
[00016634] 5 | 8 0 11 10 2 _ 9 1 7 _ 6 _ 
[00016635] 4 | 8 0 11 10 2 6 9 1 7 _ 6 _ 
[00016636] 3 | 8 0 11 10 2 6 9 1 7 4 6 _ 
[00016637] 4 | 8 0 11 10 2 _ 9 1 7 3 6 _ 
[00016638] 3 | 8 0 11 10 2 5 9 1 7 3 6 _ 
[00016639] 2 | 8 0 11 10 2 5 9 1 7 3 6 4 
[00016640] 4 | 8 0 11 10 2 _ 9 1 7 _ 6 2 
[00016641] 3 | 8 0 11 10 2 _ 9 1 7 4 6 2 
[00016642] 6 | 8 0 11 10 2 _ 9 1 _ _ 7 _ 
[00016643] 5 | 8 0 11 10 2 7 9 1 _ _ 7 _ 
[00016644] 4 | 8 0 11 10 2 7 9 1 5 _ 7 _ 
[00016645] 5 | 8 0 11 10 2 _ 9 1 6 _ 7 _ 
[00016646] 4 | 8 0 11 10 2 6 9 1 6 _ 7 _ 
[00016647] 3 | 8 0 11 10 2 6 9 1 6 _ 7 4 
[00016648] 4 | 8 0 11 10 2 _ 9 1 6 2 7 _ 
[00016649] 3 | 8 0 11 10 2 _ 9 1 6 2 7 4 
[00016650] 4 | 8 0 11 10 2 _ 9 1 6 _ 7 3 
[00016651] 3 | 8 0 11 10 2 5 9 1 6 _ 7 3 
[00016652] 2 | 8 0 11 10 2 5 9 1 6 4 7 3 
[00016653] 5 | 8 0 11 10 2 _ 9 1 _ _ 7 2 
[00016654] 4 | 8 0 11 10 2 _ 9 1 5 _ 7 2 
[00016655] 7 | 8 0 11 10 9 _ 2 1 _ _ _ _ 
[00016656] 6 | 8 0 11 10 9 3 2 1 _ _ _ _ 
[00016657] 5 | 8 0 11 10 9 3 2 1 6 _ _ _ 
[00016658] 4 | 8 0 11 10 9 3 2 1 6 _ 5 _ 
[00016659] 5 | 8 0 11 10 9 3 2 1 _ _ 6 _ 
[00016660] 4 | 8 0 11 10 9 3 2 1 5 _ 6 _ 
[00016661] 6 | 8 0 11 10 9 _ 2 1 7 _ _ _ 
[00016662] 5 | 8 0 11 10 9 4 2 1 7 _ _ _ 
[00016663] 4 | 8 0 11 10 9 4 2 1 7 3 _ _ 
[00016664] 4 | 8 0 11 10 9 4 2 1 7 _ 5 _ 
[00016665] 5 | 8 0 11 10 9 _ 2 1 7 _ 6 _ 
[00016666] 4 | 8 0 11 10 9 5 2 1 7 _ 6 _ 
[00016667] 3 | 8 0 11 10 9 5 2 1 7 4 6 _ 
[00016668] 3 | 8 0 11 10 9 5 2 1 7 _ 6 3 
[00016669] 4 | 8 0 11 10 9 _ 2 1 7 3 6 _ 
[00016670] 3 | 8 0 11 10 9 6 2 1 7 3 6 _ 
[00016671] 3 | 8 0 11 10 9 _ 2 1 7 3 6 9 
[00016672] 6 | 8 0 11 10 9 _ 2 1 _ _ 7 _ 
[00016673] 5 | 8 0 11 10 9 4 2 1 _ _ 7 _ 
[00016674] 4 | 8 0 11 10 9 4 2 1 5 _ 7 _ 
[00016675] 4 | 8 0 11 10 9 4 2 1 _ _ 7 3 
[00016676] 5 | 8 0 11 10 9 _ 2 1 6 _ 7 _ 
[00016677] 4 | 8 0 11 10 9 5 2 1 6 _ 7 _ 
[00016678] 3 | 8 0 11 10 9 5 2 1 6 3 7 _ 
[00016679] 3 | 8 0 11 10 9 5 2 1 6 _ 7 4 
[00016680] 4 | 8 0 11 10 9 _ 2 1 6 _ 7 3 
[00016681] 3 | 8 0 11 10 9 6 2 1 6 _ 7 3 
[00016682] 3 | 8 0 11 10 9 _ 2 1 6 9 7 3 
[00016683] 7 | 8 0 11 10 _ _ _ 1 2 9 _ _ 
[00016684] 6 | 8 0 11 10 4 _ _ 1 2 9 _ _ 
[00016685] 5 | 8 0 11 10 4 _ _ 1 2 9 6 _ 
[00016686] 6 | 8 0 11 10 _ _ _ 1 2 9 7 _ 
[00016687] 5 | 8 0 11 10 5 _ _ 1 2 9 7 _ 
[00016688] 4 | 8 0 11 10 5 _ _ 1 2 9 7 3 
[00016689] 7 | 8 0 11 10 _ _ _ 1 9 2 _ _ 
[00016690] 6 | 8 0 11 10 4 _ _ 1 9 2 _ _ 
[00016691] 5 | 8 0 11 10 4 _ _ 1 9 2 6 _ 
[00016692] 6 | 8 0 11 10 _ _ _ 1 9 2 7 _ 
[00016693] 5 | 8 0 11 10 5 _ _ 1 9 2 7 _ 
[00016694] 4 | 8 0 11 10 5 _ _ 1 9 2 7 3 
[00016695] 7 | 8 0 11 10 _ _ _ 1 _ _ 2 9 
[00016696] 6 | 8 0 11 10 4 _ _ 1 _ _ 2 9 
[00016697] 5 | 8 0 11 10 4 _ _ 1 6 _ 2 9 
[00016698] 6 | 8 0 11 10 _ _ _ 1 7 _ 2 9 
[00016699] 5 | 8 0 11 10 5 _ _ 1 7 _ 2 9 
[00016700] 4 | 8 0 11 10 5 _ _ 1 7 3 2 9 
[00016701] 7 | 8 0 11 10 _ _ _ 1 _ _ 9 2 
[00016702] 6 | 8 0 11 10 4 _ _ 1 _ _ 9 2 
[00016703] 5 | 8 0 11 10 4 _ _ 1 6 _ 9 2 
[00016704] 6 | 8 0 11 10 _ _ _ 1 7 _ 9 2 
[00016705] 5 | 8 0 11 10 5 _ _ 1 7 _ 9 2 
[00016706] 4 | 8 0 11 10 5 _ _ 1 7 3 9 2 
[00016707] 8 | _ 0 11 10 2 _ _ 1 _ _ _ _ 
[00016708] 7 | 7 0 11 10 2 _ _ 1 _ _ _ _ 
[00016709] 6 | 7 0 11 10 2 8 _ 1 _ _ _ _ 
[00016710] 5 | 7 0 11 10 2 8 _ 1 6 _ _ _ 
[00016711] 4 | 7 0 11 10 2 8 6 1 6 _ _ _ 
[00016712] 3 | 7 0 11 10 2 8 6 1 6 _ 4 _ 
[00016713] 4 | 7 0 11 10 2 8 _ 1 6 2 _ _ 
[00016714] 3 | 7 0 11 10 2 8 _ 1 6 2 4 _ 
[00016715] 4 | 7 0 11 10 2 8 _ 1 6 _ 5 _ 
[00016716] 3 | 7 0 11 10 2 8 5 1 6 _ 5 _ 
[00016717] 2 | 7 0 11 10 2 8 5 1 6 4 5 _ 
[00016718] 3 | 7 0 11 10 2 8 _ 1 6 3 5 _ 
[00016719] 2 | 7 0 11 10 2 8 4 1 6 3 5 _ 
[00016720] 3 | 7 0 11 10 2 8 _ 1 6 9 5 _ 
[00016721] 2 | 7 0 11 10 2 8 4 1 6 9 5 _ 
[00016722] 2 | 7 0 11 10 2 8 _ 1 6 9 5 3 
[00016723] 3 | 7 0 11 10 2 8 _ 1 6 _ 5 2 
[00016724] 2 | 7 0 11 10 2 8 _ 1 6 4 5 2 
[00016725] 4 | 7 0 11 10 2 8 _ 1 6 _ 5 9 
[00016726] 3 | 7 0 11 10 2 8 _ 1 6 3 5 9 
[00016727] 2 | 7 0 11 10 2 8 4 1 6 3 5 9 
[00016728] 4 | 7 0 11 10 2 8 _ 1 6 _ 9 5 
[00016729] 3 | 7 0 11 10 2 8 _ 1 6 3 9 5 
[00016730] 2 | 7 0 11 10 2 8 4 1 6 3 9 5 
[00016731] 5 | 7 0 11 10 2 8 _ 1 4 9 _ _ 
[00016732] 4 | 7 0 11 10 2 8 6 1 4 9 _ _ 
[00016733] 4 | 7 0 11 10 2 8 _ 1 4 9 5 _ 
[00016734] 3 | 7 0 11 10 2 8 5 1 4 9 5 _ 
[00016735] 3 | 7 0 11 10 2 8 _ 1 4 9 5 2 
[00016736] 5 | 7 0 11 10 2 8 _ 1 9 4 _ _ 
[00016737] 4 | 7 0 11 10 2 8 6 1 9 4 _ _ 
[00016738] 4 | 7 0 11 10 2 8 _ 1 9 4 5 _ 
[00016739] 3 | 7 0 11 10 2 8 5 1 9 4 5 _ 
[00016740] 3 | 7 0 11 10 2 8 _ 1 9 4 5 2 
[00016741] 5 | 7 0 11 10 2 8 _ 1 _ _ 6 _ 
[00016742] 4 | 7 0 11 10 2 8 6 1 _ _ 6 _ 
[00016743] 3 | 7 0 11 10 2 8 6 1 4 _ 6 _ 
[00016744] 4 | 7 0 11 10 2 8 _ 1 5 _ 6 _ 
[00016745] 3 | 7 0 11 10 2 8 5 1 5 _ 6 _ 
[00016746] 2 | 7 0 11 10 2 8 5 1 5 _ 6 4 
[00016747] 3 | 7 0 11 10 2 8 _ 1 5 2 6 _ 
[00016748] 2 | 7 0 11 10 2 8 _ 1 5 2 6 4 
[00016749] 3 | 7 0 11 10 2 8 _ 1 5 _ 6 3 
[00016750] 2 | 7 0 11 10 2 8 4 1 5 _ 6 3 
[00016751] 3 | 7 0 11 10 2 8 _ 1 5 _ 6 9 
[00016752] 2 | 7 0 11 10 2 8 4 1 5 _ 6 9 
[00016753] 2 | 7 0 11 10 2 8 _ 1 5 3 6 9 
[00016754] 4 | 7 0 11 10 2 8 _ 1 5 9 6 _ 
[00016755] 3 | 7 0 11 10 2 8 _ 1 5 9 6 3 
[00016756] 2 | 7 0 11 10 2 8 4 1 5 9 6 3 
[00016757] 4 | 7 0 11 10 2 8 _ 1 9 5 6 _ 
[00016758] 3 | 7 0 11 10 2 8 _ 1 9 5 6 3 
[00016759] 2 | 7 0 11 10 2 8 4 1 9 5 6 3 
[00016760] 4 | 7 0 11 10 2 8 _ 1 _ _ 6 2 
[00016761] 3 | 7 0 11 10 2 8 _ 1 4 _ 6 2 
[00016762] 5 | 7 0 11 10 2 8 _ 1 _ _ 4 9 
[00016763] 4 | 7 0 11 10 2 8 6 1 _ _ 4 9 
[00016764] 4 | 7 0 11 10 2 8 _ 1 5 _ 4 9 
