[00036571] 5 | 8 0 9 11 1 _ _ 4 10 5 _ _ 
[00036572] 4 | 8 0 9 11 1 _ _ 4 10 5 2 6 
[00036573] 4 | 8 0 9 11 1 _ _ 4 10 5 3 7 
[00036574] 4 | 8 0 9 11 1 _ _ 4 10 5 6 2 
[00036575] 4 | 8 0 9 11 1 _ _ 4 10 5 7 3 
[00036576] 5 | 8 0 9 11 1 _ _ 4 10 _ 2 7 
[00036577] 4 | 8 0 9 11 1 5 _ 4 10 _ 2 7 
[00036578] 4 | 8 0 9 11 1 _ 5 4 10 _ 2 7 
[00036579] 4 | 8 0 9 11 1 _ _ 4 10 6 2 7 
[00036580] 5 | 8 0 9 11 1 _ _ 4 10 _ 7 2 
[00036581] 4 | 8 0 9 11 1 5 _ 4 10 _ 7 2 
[00036582] 4 | 8 0 9 11 1 _ 5 4 10 _ 7 2 
[00036583] 4 | 8 0 9 11 1 _ _ 4 10 6 7 2 
[00036584] 6 | 8 0 9 11 1 _ _ 4 _ _ 10 _ 
[00036585] 5 | 8 0 9 11 1 6 _ 4 _ _ 10 _ 
[00036586] 4 | 8 0 9 11 1 6 5 4 _ _ 10 _ 
[00036587] 3 | 8 0 9 11 1 6 5 4 7 _ 10 _ 
[00036588] 3 | 8 0 9 11 1 6 5 4 _ _ 10 7 
[00036589] 2 | 8 0 9 11 1 6 5 4 2 _ 10 7 
[00036590] 1 | 8 0 9 11 1 6 5 4 2 3 10 7  *Graceful*
[00036590] 4 | 8 0 9 11 1 6 _ 4 3 7 10 _ 
[00036591] 4 | 8 0 9 11 1 6 _ 4 7 3 10 _ 
[00036592] 5 | 8 0 9 11 1 _ 6 4 _ _ 10 _ 
[00036593] 4 | 8 0 9 11 1 5 6 4 _ _ 10 _ 
[00036594] 3 | 8 0 9 11 1 5 6 4 7 _ 10 _ 
[00036595] 3 | 8 0 9 11 1 5 6 4 _ _ 10 7 
[00036596] 2 | 8 0 9 11 1 5 6 4 2 _ 10 7 
[00036597] 1 | 8 0 9 11 1 5 6 4 2 3 10 7  *Graceful*
[00036597] 4 | 8 0 9 11 1 _ 6 4 3 7 10 _ 
[00036598] 4 | 8 0 9 11 1 _ 6 4 7 3 10 _ 
[00036599] 5 | 8 0 9 11 1 _ _ 4 2 7 10 _ 
[00036600] 4 | 8 0 9 11 1 5 _ 4 2 7 10 _ 
[00036601] 4 | 8 0 9 11 1 _ 5 4 2 7 10 _ 
[00036602] 4 | 8 0 9 11 1 _ _ 4 2 7 10 6 
[00036603] 5 | 8 0 9 11 1 _ _ 4 7 2 10 _ 
[00036604] 4 | 8 0 9 11 1 5 _ 4 7 2 10 _ 
[00036605] 4 | 8 0 9 11 1 _ 5 4 7 2 10 _ 
[00036606] 4 | 8 0 9 11 1 _ _ 4 7 2 10 6 
[00036607] 5 | 8 0 9 11 1 _ _ 4 _ _ 10 5 
[00036608] 4 | 8 0 9 11 1 _ _ 4 2 6 10 5 
[00036609] 4 | 8 0 9 11 1 _ _ 4 3 7 10 5 
[00036610] 4 | 8 0 9 11 1 _ _ 4 6 2 10 5 
[00036611] 4 | 8 0 9 11 1 _ _ 4 7 3 10 5 
[00036612] 7 | 8 0 9 11 1 _ _ 3 10 _ _ _ 
[00036613] 6 | 8 0 9 11 1 7 _ 3 10 _ _ _ 
[00036614] 5 | 8 0 9 11 1 7 6 3 10 _ _ _ 
[00036615] 5 | 8 0 9 11 1 7 _ 3 10 5 _ _ 
[00036616] 4 | 8 0 9 11 1 7 _ 3 10 5 2 6 
[00036617] 3 | 8 0 9 11 1 7 4 3 10 5 2 6 
[00036618] 4 | 8 0 9 11 1 7 _ 3 10 5 6 2 
[00036619] 3 | 8 0 9 11 1 7 4 3 10 5 6 2 
[00036620] 6 | 8 0 9 11 1 _ 7 3 10 _ _ _ 
[00036621] 5 | 8 0 9 11 1 6 7 3 10 _ _ _ 
[00036622] 5 | 8 0 9 11 1 _ 7 3 10 5 _ _ 
[00036623] 4 | 8 0 9 11 1 _ 7 3 10 5 2 6 
[00036624] 3 | 8 0 9 11 1 4 7 3 10 5 2 6 
[00036625] 4 | 8 0 9 11 1 _ 7 3 10 5 6 2 
[00036626] 3 | 8 0 9 11 1 4 7 3 10 5 6 2 
[00036627] 6 | 8 0 9 11 1 _ _ 3 10 4 _ _ 
[00036628] 5 | 8 0 9 11 1 6 _ 3 10 4 _ _ 
[00036629] 4 | 8 0 9 11 1 6 5 3 10 4 _ _ 
[00036630] 4 | 8 0 9 11 1 6 _ 3 10 4 7 _ 
[00036631] 5 | 8 0 9 11 1 _ 6 3 10 4 _ _ 
[00036632] 4 | 8 0 9 11 1 5 6 3 10 4 _ _ 
[00036633] 4 | 8 0 9 11 1 _ 6 3 10 4 7 _ 
[00036634] 5 | 8 0 9 11 1 _ _ 3 10 4 2 7 
[00036635] 4 | 8 0 9 11 1 5 _ 3 10 4 2 7 
[00036636] 4 | 8 0 9 11 1 _ 5 3 10 4 2 7 
[00036637] 5 | 8 0 9 11 1 _ _ 3 10 4 7 2 
[00036638] 4 | 8 0 9 11 1 5 _ 3 10 4 7 2 
[00036639] 4 | 8 0 9 11 1 _ 5 3 10 4 7 2 
[00036640] 7 | 8 0 9 11 1 _ _ 10 3 _ _ _ 
[00036641] 6 | 8 0 9 11 1 7 _ 10 3 _ _ _ 
[00036642] 5 | 8 0 9 11 1 7 6 10 3 _ _ _ 
[00036643] 5 | 8 0 9 11 1 7 _ 10 3 _ 5 _ 
[00036644] 4 | 8 0 9 11 1 7 5 10 3 _ 5 _ 
[00036645] 3 | 8 0 9 11 1 7 5 10 3 6 5 _ 
[00036646] 4 | 8 0 9 11 1 7 _ 10 3 _ 5 1 
[00036647] 3 | 8 0 9 11 1 7 _ 10 3 6 5 1 
[00036648] 6 | 8 0 9 11 1 _ 7 10 3 _ _ _ 
[00036649] 5 | 8 0 9 11 1 6 7 10 3 _ _ _ 
[00036650] 5 | 8 0 9 11 1 _ 7 10 3 _ 5 _ 
[00036651] 4 | 8 0 9 11 1 5 7 10 3 _ 5 _ 
[00036652] 3 | 8 0 9 11 1 5 7 10 3 6 5 _ 
[00036653] 4 | 8 0 9 11 1 _ 7 10 3 _ 5 1 
[00036654] 3 | 8 0 9 11 1 _ 7 10 3 6 5 1 
[00036655] 6 | 8 0 9 11 1 _ _ 10 3 _ 4 _ 
[00036656] 5 | 8 0 9 11 1 6 _ 10 3 _ 4 _ 
[00036657] 4 | 8 0 9 11 1 6 5 10 3 _ 4 _ 
[00036658] 3 | 8 0 9 11 1 6 5 10 3 _ 4 7 
[00036659] 4 | 8 0 9 11 1 6 _ 10 3 7 4 _ 
[00036660] 3 | 8 0 9 11 1 6 4 10 3 7 4 _ 
[00036661] 3 | 8 0 9 11 1 6 _ 10 3 7 4 1 
[00036662] 5 | 8 0 9 11 1 _ 6 10 3 _ 4 _ 
[00036663] 4 | 8 0 9 11 1 5 6 10 3 _ 4 _ 
[00036664] 3 | 8 0 9 11 1 5 6 10 3 _ 4 7 
[00036665] 4 | 8 0 9 11 1 _ 6 10 3 7 4 _ 
[00036666] 3 | 8 0 9 11 1 4 6 10 3 7 4 _ 
[00036667] 3 | 8 0 9 11 1 _ 6 10 3 7 4 1 
[00036668] 7 | 8 0 9 11 1 _ _ _ 3 10 _ _ 
[00036669] 6 | 8 0 9 11 1 7 _ _ 3 10 _ _ 
[00036670] 5 | 8 0 9 11 1 7 6 _ 3 10 _ _ 
[00036671] 5 | 8 0 9 11 1 7 _ 6 3 10 _ _ 
[00036672] 4 | 8 0 9 11 1 7 5 6 3 10 _ _ 
[00036673] 4 | 8 0 9 11 1 7 _ 6 3 10 2 _ 
[00036674] 3 | 8 0 9 11 1 7 4 6 3 10 2 _ 
[00036675] 3 | 8 0 9 11 1 7 _ 6 3 10 2 5 
[00036676] 6 | 8 0 9 11 1 _ 7 _ 3 10 _ _ 
[00036677] 5 | 8 0 9 11 1 6 7 _ 3 10 _ _ 
[00036678] 5 | 8 0 9 11 1 _ 7 6 3 10 _ _ 
[00036679] 4 | 8 0 9 11 1 5 7 6 3 10 _ _ 
[00036680] 4 | 8 0 9 11 1 _ 7 6 3 10 2 _ 
[00036681] 3 | 8 0 9 11 1 4 7 6 3 10 2 _ 
[00036682] 3 | 8 0 9 11 1 _ 7 6 3 10 2 5 
[00036683] 6 | 8 0 9 11 1 _ _ 5 3 10 _ _ 
[00036684] 5 | 8 0 9 11 1 6 _ 5 3 10 _ _ 
[00036685] 4 | 8 0 9 11 1 6 5 5 3 10 _ _ 
[00036686] 3 | 8 0 9 11 1 6 5 5 3 10 4 7 
[00036687] 3 | 8 0 9 11 1 6 5 5 3 10 7 4 
[00036688] 4 | 8 0 9 11 1 6 _ 5 3 10 1 _ 
[00036689] 3 | 8 0 9 11 1 6 4 5 3 10 1 _ 
[00036690] 3 | 8 0 9 11 1 6 _ 5 3 10 1 4 
[00036691] 5 | 8 0 9 11 1 _ 6 5 3 10 _ _ 
[00036692] 4 | 8 0 9 11 1 5 6 5 3 10 _ _ 
[00036693] 3 | 8 0 9 11 1 5 6 5 3 10 4 7 
[00036694] 3 | 8 0 9 11 1 5 6 5 3 10 7 4 
[00036695] 4 | 8 0 9 11 1 _ 6 5 3 10 1 _ 
[00036696] 3 | 8 0 9 11 1 4 6 5 3 10 1 _ 
[00036697] 3 | 8 0 9 11 1 _ 6 5 3 10 1 4 
[00036698] 5 | 8 0 9 11 1 _ _ 5 3 10 2 7 
[00036699] 5 | 8 0 9 11 1 _ _ 5 3 10 7 2 
[00036700] 7 | 8 0 9 11 1 _ _ _ 10 3 _ _ 
[00036701] 6 | 8 0 9 11 1 7 _ _ 10 3 _ _ 
[00036702] 5 | 8 0 9 11 1 7 6 _ 10 3 _ _ 
[00036703] 5 | 8 0 9 11 1 7 _ 6 10 3 _ _ 
[00036704] 4 | 8 0 9 11 1 7 5 6 10 3 _ _ 
[00036705] 4 | 8 0 9 11 1 7 _ 6 10 3 2 _ 
[00036706] 3 | 8 0 9 11 1 7 4 6 10 3 2 _ 
[00036707] 3 | 8 0 9 11 1 7 _ 6 10 3 2 5 
[00036708] 5 | 8 0 9 11 1 7 _ 5 10 3 _ _ 
[00036709] 4 | 8 0 9 11 1 7 5 5 10 3 _ _ 
[00036710] 4 | 8 0 9 11 1 7 _ 5 10 3 1 _ 
[00036711] 3 | 8 0 9 11 1 7 4 5 10 3 1 _ 
[00036712] 3 | 8 0 9 11 1 7 _ 5 10 3 1 4 
[00036713] 4 | 8 0 9 11 1 7 _ 5 10 3 2 6 
[00036714] 3 | 8 0 9 11 1 7 4 5 10 3 2 6 
[00036715] 4 | 8 0 9 11 1 7 _ 5 10 3 6 2 
[00036716] 3 | 8 0 9 11 1 7 4 5 10 3 6 2 
[00036717] 6 | 8 0 9 11 1 _ 7 _ 10 3 _ _ 
[00036718] 5 | 8 0 9 11 1 6 7 _ 10 3 _ _ 
[00036719] 5 | 8 0 9 11 1 _ 7 6 10 3 _ _ 
[00036720] 4 | 8 0 9 11 1 5 7 6 10 3 _ _ 
[00036721] 4 | 8 0 9 11 1 _ 7 6 10 3 2 _ 
[00036722] 3 | 8 0 9 11 1 4 7 6 10 3 2 _ 
[00036723] 3 | 8 0 9 11 1 _ 7 6 10 3 2 5 
[00036724] 5 | 8 0 9 11 1 _ 7 5 10 3 _ _ 
[00036725] 4 | 8 0 9 11 1 5 7 5 10 3 _ _ 
[00036726] 4 | 8 0 9 11 1 _ 7 5 10 3 1 _ 
[00036727] 3 | 8 0 9 11 1 4 7 5 10 3 1 _ 
[00036728] 3 | 8 0 9 11 1 _ 7 5 10 3 1 4 
[00036729] 4 | 8 0 9 11 1 _ 7 5 10 3 2 6 
[00036730] 3 | 8 0 9 11 1 4 7 5 10 3 2 6 
[00036731] 4 | 8 0 9 11 1 _ 7 5 10 3 6 2 
[00036732] 3 | 8 0 9 11 1 4 7 5 10 3 6 2 
[00036733] 6 | 8 0 9 11 1 _ _ 5 10 3 _ _ 
[00036734] 5 | 8 0 9 11 1 6 _ 5 10 3 _ _ 
[00036735] 4 | 8 0 9 11 1 6 5 5 10 3 _ _ 
[00036736] 3 | 8 0 9 11 1 6 5 5 10 3 4 7 
[00036737] 3 | 8 0 9 11 1 6 5 5 10 3 7 4 
[00036738] 4 | 8 0 9 11 1 6 _ 5 10 3 1 _ 
[00036739] 3 | 8 0 9 11 1 6 4 5 10 3 1 _ 
[00036740] 3 | 8 0 9 11 1 6 _ 5 10 3 1 4 
[00036741] 5 | 8 0 9 11 1 _ 6 5 10 3 _ _ 
[00036742] 4 | 8 0 9 11 1 5 6 5 10 3 _ _ 
[00036743] 3 | 8 0 9 11 1 5 6 5 10 3 4 7 
[00036744] 3 | 8 0 9 11 1 5 6 5 10 3 7 4 
[00036745] 4 | 8 0 9 11 1 _ 6 5 10 3 1 _ 
[00036746] 3 | 8 0 9 11 1 4 6 5 10 3 1 _ 
[00036747] 3 | 8 0 9 11 1 _ 6 5 10 3 1 4 
[00036748] 5 | 8 0 9 11 1 _ _ 5 10 3 2 7 
[00036749] 5 | 8 0 9 11 1 _ _ 5 10 3 7 2 
[00036750] 6 | 8 0 9 11 1 _ _ 4 10 3 _ _ 
[00036751] 5 | 8 0 9 11 1 6 _ 4 10 3 _ _ 
[00036752] 4 | 8 0 9 11 1 6 5 4 10 3 _ _ 
[00036753] 3 | 8 0 9 11 1 6 5 4 10 3 7 _ 
[00036754] 5 | 8 0 9 11 1 _ 6 4 10 3 _ _ 
[00036755] 4 | 8 0 9 11 1 5 6 4 10 3 _ _ 
[00036756] 3 | 8 0 9 11 1 5 6 4 10 3 7 _ 
[00036757] 5 | 8 0 9 11 1 _ _ 4 10 3 2 7 
[00036758] 4 | 8 0 9 11 1 5 _ 4 10 3 2 7 
[00036759] 4 | 8 0 9 11 1 _ 5 4 10 3 2 7 
[00036760] 5 | 8 0 9 11 1 _ _ 4 10 3 7 2 
[00036761] 4 | 8 0 9 11 1 5 _ 4 10 3 7 2 
[00036762] 4 | 8 0 9 11 1 _ 5 4 10 3 7 2 
[00036763] 7 | 8 0 9 11 1 _ _ 3 _ _ 10 _ 
[00036764] 6 | 8 0 9 11 1 7 _ 3 _ _ 10 _ 
[00036765] 5 | 8 0 9 11 1 7 6 3 _ _ 10 _ 
[00036766] 5 | 8 0 9 11 1 7 _ 3 _ _ 10 5 
[00036767] 4 | 8 0 9 11 1 7 _ 3 2 6 10 5 
[00036768] 3 | 8 0 9 11 1 7 4 3 2 6 10 5 
[00036769] 4 | 8 0 9 11 1 7 _ 3 6 2 10 5 
[00036770] 3 | 8 0 9 11 1 7 4 3 6 2 10 5 
[00036771] 6 | 8 0 9 11 1 _ 7 3 _ _ 10 _ 
[00036772] 5 | 8 0 9 11 1 6 7 3 _ _ 10 _ 
[00036773] 5 | 8 0 9 11 1 _ 7 3 _ _ 10 5 
[00036774] 4 | 8 0 9 11 1 _ 7 3 2 6 10 5 
[00036775] 3 | 8 0 9 11 1 4 7 3 2 6 10 5 
[00036776] 4 | 8 0 9 11 1 _ 7 3 6 2 10 5 
[00036777] 3 | 8 0 9 11 1 4 7 3 6 2 10 5 
[00036778] 6 | 8 0 9 11 1 _ _ 3 _ _ 10 4 
[00036779] 5 | 8 0 9 11 1 6 _ 3 _ _ 10 4 
[00036780] 4 | 8 0 9 11 1 6 5 3 _ _ 10 4 
[00036781] 4 | 8 0 9 11 1 6 _ 3 7 _ 10 4 
[00036782] 5 | 8 0 9 11 1 _ 6 3 _ _ 10 4 
[00036783] 4 | 8 0 9 11 1 5 6 3 _ _ 10 4 
[00036784] 4 | 8 0 9 11 1 _ 6 3 7 _ 10 4 
[00036785] 5 | 8 0 9 11 1 _ _ 3 2 7 10 4 
[00036786] 4 | 8 0 9 11 1 5 _ 3 2 7 10 4 
[00036787] 4 | 8 0 9 11 1 _ 5 3 2 7 10 4 
[00036788] 5 | 8 0 9 11 1 _ _ 3 7 2 10 4 
[00036789] 4 | 8 0 9 11 1 5 _ 3 7 2 10 4 
[00036790] 4 | 8 0 9 11 1 _ 5 3 7 2 10 4 
[00036791] 7 | 8 0 9 11 1 _ _ 10 _ _ 3 _ 
[00036792] 6 | 8 0 9 11 1 7 _ 10 _ _ 3 _ 
[00036793] 5 | 8 0 9 11 1 7 6 10 _ _ 3 _ 
[00036794] 5 | 8 0 9 11 1 7 _ 10 5 _ 3 _ 
[00036795] 4 | 8 0 9 11 1 7 5 10 5 _ 3 _ 
[00036796] 3 | 8 0 9 11 1 7 5 10 5 _ 3 6 
[00036797] 4 | 8 0 9 11 1 7 _ 10 5 1 3 _ 
[00036798] 3 | 8 0 9 11 1 7 _ 10 5 1 3 6 
[00036799] 6 | 8 0 9 11 1 _ 7 10 _ _ 3 _ 
[00036800] 5 | 8 0 9 11 1 6 7 10 _ _ 3 _ 
[00036801] 5 | 8 0 9 11 1 _ 7 10 5 _ 3 _ 
[00036802] 4 | 8 0 9 11 1 5 7 10 5 _ 3 _ 
[00036803] 3 | 8 0 9 11 1 5 7 10 5 _ 3 6 
[00036804] 4 | 8 0 9 11 1 _ 7 10 5 1 3 _ 
[00036805] 3 | 8 0 9 11 1 _ 7 10 5 1 3 6 
[00036806] 6 | 8 0 9 11 1 _ _ 10 4 _ 3 _ 
[00036807] 5 | 8 0 9 11 1 6 _ 10 4 _ 3 _ 
[00036808] 4 | 8 0 9 11 1 6 5 10 4 _ 3 _ 
[00036809] 3 | 8 0 9 11 1 6 5 10 4 7 3 _ 
[00036810] 4 | 8 0 9 11 1 6 _ 10 4 _ 3 7 
[00036811] 3 | 8 0 9 11 1 6 4 10 4 _ 3 7 
[00036812] 3 | 8 0 9 11 1 6 _ 10 4 1 3 7 
[00036813] 5 | 8 0 9 11 1 _ 6 10 4 _ 3 _ 
[00036814] 4 | 8 0 9 11 1 5 6 10 4 _ 3 _ 
[00036815] 3 | 8 0 9 11 1 5 6 10 4 7 3 _ 
[00036816] 4 | 8 0 9 11 1 _ 6 10 4 _ 3 7 
[00036817] 3 | 8 0 9 11 1 4 6 10 4 _ 3 7 
[00036818] 3 | 8 0 9 11 1 _ 6 10 4 1 3 7 
[00036819] 7 | 8 0 9 11 1 _ _ _ _ _ 3 10 
[00036820] 6 | 8 0 9 11 1 7 _ _ _ _ 3 10 
[00036821] 5 | 8 0 9 11 1 7 6 _ _ _ 3 10 
[00036822] 5 | 8 0 9 11 1 7 _ 6 _ _ 3 10 
[00036823] 4 | 8 0 9 11 1 7 5 6 _ _ 3 10 
[00036824] 4 | 8 0 9 11 1 7 _ 6 2 _ 3 10 
[00036825] 3 | 8 0 9 11 1 7 4 6 2 _ 3 10 
[00036826] 3 | 8 0 9 11 1 7 _ 6 2 5 3 10 
[00036827] 6 | 8 0 9 11 1 _ 7 _ _ _ 3 10 
[00036828] 5 | 8 0 9 11 1 6 7 _ _ _ 3 10 
[00036829] 5 | 8 0 9 11 1 _ 7 6 _ _ 3 10 
[00036830] 4 | 8 0 9 11 1 5 7 6 _ _ 3 10 
[00036831] 4 | 8 0 9 11 1 _ 7 6 2 _ 3 10 
[00036832] 3 | 8 0 9 11 1 4 7 6 2 _ 3 10 
[00036833] 3 | 8 0 9 11 1 _ 7 6 2 5 3 10 
[00036834] 6 | 8 0 9 11 1 _ _ 5 _ _ 3 10 
[00036835] 5 | 8 0 9 11 1 6 _ 5 _ _ 3 10 
[00036836] 4 | 8 0 9 11 1 6 5 5 _ _ 3 10 
[00036837] 3 | 8 0 9 11 1 6 5 5 4 7 3 10 
[00036838] 3 | 8 0 9 11 1 6 5 5 7 4 3 10 
[00036839] 4 | 8 0 9 11 1 6 _ 5 1 _ 3 10 
[00036840] 3 | 8 0 9 11 1 6 4 5 1 _ 3 10 
[00036841] 3 | 8 0 9 11 1 6 _ 5 1 4 3 10 
[00036842] 5 | 8 0 9 11 1 _ 6 5 _ _ 3 10 
[00036843] 4 | 8 0 9 11 1 5 6 5 _ _ 3 10 
[00036844] 3 | 8 0 9 11 1 5 6 5 4 7 3 10 
[00036845] 3 | 8 0 9 11 1 5 6 5 7 4 3 10 
[00036846] 4 | 8 0 9 11 1 _ 6 5 1 _ 3 10 
[00036847] 3 | 8 0 9 11 1 4 6 5 1 _ 3 10 
[00036848] 3 | 8 0 9 11 1 _ 6 5 1 4 3 10 
[00036849] 5 | 8 0 9 11 1 _ _ 5 2 7 3 10 
[00036850] 5 | 8 0 9 11 1 _ _ 5 7 2 3 10 
[00036851] 7 | 8 0 9 11 1 _ _ _ _ _ 10 3 
[00036852] 6 | 8 0 9 11 1 7 _ _ _ _ 10 3 
[00036853] 5 | 8 0 9 11 1 7 6 _ _ _ 10 3 
[00036854] 5 | 8 0 9 11 1 7 _ 6 _ _ 10 3 
[00036855] 4 | 8 0 9 11 1 7 5 6 _ _ 10 3 
[00036856] 4 | 8 0 9 11 1 7 _ 6 2 _ 10 3 
[00036857] 3 | 8 0 9 11 1 7 4 6 2 _ 10 3 
[00036858] 3 | 8 0 9 11 1 7 _ 6 2 5 10 3 
[00036859] 5 | 8 0 9 11 1 7 _ 5 _ _ 10 3 
[00036860] 4 | 8 0 9 11 1 7 5 5 _ _ 10 3 
[00036861] 4 | 8 0 9 11 1 7 _ 5 1 _ 10 3 
[00036862] 3 | 8 0 9 11 1 7 4 5 1 _ 10 3 
[00036863] 3 | 8 0 9 11 1 7 _ 5 1 4 10 3 
[00036864] 4 | 8 0 9 11 1 7 _ 5 2 6 10 3 
[00036865] 3 | 8 0 9 11 1 7 4 5 2 6 10 3 
[00036866] 4 | 8 0 9 11 1 7 _ 5 6 2 10 3 
[00036867] 3 | 8 0 9 11 1 7 4 5 6 2 10 3 
[00036868] 6 | 8 0 9 11 1 _ 7 _ _ _ 10 3 
[00036869] 5 | 8 0 9 11 1 6 7 _ _ _ 10 3 
[00036870] 5 | 8 0 9 11 1 _ 7 6 _ _ 10 3 
[00036871] 4 | 8 0 9 11 1 5 7 6 _ _ 10 3 
[00036872] 4 | 8 0 9 11 1 _ 7 6 2 _ 10 3 
[00036873] 3 | 8 0 9 11 1 4 7 6 2 _ 10 3 
[00036874] 3 | 8 0 9 11 1 _ 7 6 2 5 10 3 
[00036875] 5 | 8 0 9 11 1 _ 7 5 _ _ 10 3 
[00036876] 4 | 8 0 9 11 1 5 7 5 _ _ 10 3 
[00036877] 4 | 8 0 9 11 1 _ 7 5 1 _ 10 3 
[00036878] 3 | 8 0 9 11 1 4 7 5 1 _ 10 3 
[00036879] 3 | 8 0 9 11 1 _ 7 5 1 4 10 3 
[00036880] 4 | 8 0 9 11 1 _ 7 5 2 6 10 3 
[00036881] 3 | 8 0 9 11 1 4 7 5 2 6 10 3 
[00036882] 4 | 8 0 9 11 1 _ 7 5 6 2 10 3 
[00036883] 3 | 8 0 9 11 1 4 7 5 6 2 10 3 
[00036884] 6 | 8 0 9 11 1 _ _ 5 _ _ 10 3 
[00036885] 5 | 8 0 9 11 1 6 _ 5 _ _ 10 3 
[00036886] 4 | 8 0 9 11 1 6 5 5 _ _ 10 3 
[00036887] 3 | 8 0 9 11 1 6 5 5 4 7 10 3 
[00036888] 3 | 8 0 9 11 1 6 5 5 7 4 10 3 
[00036889] 4 | 8 0 9 11 1 6 _ 5 1 _ 10 3 
[00036890] 3 | 8 0 9 11 1 6 4 5 1 _ 10 3 
[00036891] 3 | 8 0 9 11 1 6 _ 5 1 4 10 3 
[00036892] 5 | 8 0 9 11 1 _ 6 5 _ _ 10 3 
[00036893] 4 | 8 0 9 11 1 5 6 5 _ _ 10 3 
[00036894] 3 | 8 0 9 11 1 5 6 5 4 7 10 3 
[00036895] 3 | 8 0 9 11 1 5 6 5 7 4 10 3 
[00036896] 4 | 8 0 9 11 1 _ 6 5 1 _ 10 3 
[00036897] 3 | 8 0 9 11 1 4 6 5 1 _ 10 3 
[00036898] 3 | 8 0 9 11 1 _ 6 5 1 4 10 3 
[00036899] 5 | 8 0 9 11 1 _ _ 5 2 7 10 3 
[00036900] 5 | 8 0 9 11 1 _ _ 5 7 2 10 3 
[00036901] 6 | 8 0 9 11 1 _ _ 4 _ _ 10 3 
[00036902] 5 | 8 0 9 11 1 6 _ 4 _ _ 10 3 
[00036903] 4 | 8 0 9 11 1 6 5 4 _ _ 10 3 
[00036904] 3 | 8 0 9 11 1 6 5 4 7 _ 10 3 
[00036905] 5 | 8 0 9 11 1 _ 6 4 _ _ 10 3 
[00036906] 4 | 8 0 9 11 1 5 6 4 _ _ 10 3 
[00036907] 3 | 8 0 9 11 1 5 6 4 7 _ 10 3 
[00036908] 5 | 8 0 9 11 1 _ _ 4 2 7 10 3 
[00036909] 4 | 8 0 9 11 1 5 _ 4 2 7 10 3 
[00036910] 4 | 8 0 9 11 1 _ 5 4 2 7 10 3 
[00036911] 5 | 8 0 9 11 1 _ _ 4 7 2 10 3 
[00036912] 4 | 8 0 9 11 1 5 _ 4 7 2 10 3 
[00036913] 4 | 8 0 9 11 1 _ 5 4 7 2 10 3 
[00036914] 8 | _ 0 9 11 1 _ _ 3 _ _ _ _ 
[00036915] 7 | 7 0 9 11 1 _ _ 3 _ _ _ _ 
[00036916] 6 | 7 0 9 11 1 _ _ 3 2 8 _ _ 
[00036917] 5 | 7 0 9 11 1 6 _ 3 2 8 _ _ 
[00036918] 4 | 7 0 9 11 1 6 5 3 2 8 _ _ 
[00036919] 5 | 7 0 9 11 1 _ 6 3 2 8 _ _ 
[00036920] 4 | 7 0 9 11 1 5 6 3 2 8 _ _ 
[00036921] 5 | 7 0 9 11 1 _ _ 3 2 8 5 10 
[00036922] 5 | 7 0 9 11 1 _ _ 3 2 8 10 5 
[00036923] 6 | 7 0 9 11 1 _ _ 3 4 10 _ _ 
[00036924] 5 | 7 0 9 11 1 6 _ 3 4 10 _ _ 
[00036925] 4 | 7 0 9 11 1 6 5 3 4 10 _ _ 
[00036926] 5 | 7 0 9 11 1 _ 6 3 4 10 _ _ 
[00036927] 4 | 7 0 9 11 1 5 6 3 4 10 _ _ 
[00036928] 5 | 7 0 9 11 1 _ _ 3 4 10 8 _ 
[00036929] 4 | 7 0 9 11 1 5 _ 3 4 10 8 _ 
[00036930] 4 | 7 0 9 11 1 _ 5 3 4 10 8 _ 
[00036931] 6 | 7 0 9 11 1 _ _ 3 8 2 _ _ 
[00036932] 5 | 7 0 9 11 1 6 _ 3 8 2 _ _ 
[00036933] 4 | 7 0 9 11 1 6 5 3 8 2 _ _ 
[00036934] 5 | 7 0 9 11 1 _ 6 3 8 2 _ _ 
[00036935] 4 | 7 0 9 11 1 5 6 3 8 2 _ _ 
[00036936] 5 | 7 0 9 11 1 _ _ 3 8 2 5 10 
[00036937] 5 | 7 0 9 11 1 _ _ 3 8 2 10 5 
[00036938] 6 | 7 0 9 11 1 _ _ 3 10 4 _ _ 
[00036939] 5 | 7 0 9 11 1 6 _ 3 10 4 _ _ 
[00036940] 4 | 7 0 9 11 1 6 5 3 10 4 _ _ 
[00036941] 5 | 7 0 9 11 1 _ 6 3 10 4 _ _ 
[00036942] 4 | 7 0 9 11 1 5 6 3 10 4 _ _ 
[00036943] 5 | 7 0 9 11 1 _ _ 3 10 4 8 _ 
[00036944] 4 | 7 0 9 11 1 5 _ 3 10 4 8 _ 
[00036945] 4 | 7 0 9 11 1 _ 5 3 10 4 8 _ 
[00036946] 6 | 7 0 9 11 1 _ _ 3 _ _ 2 8 
[00036947] 5 | 7 0 9 11 1 6 _ 3 _ _ 2 8 
[00036948] 4 | 7 0 9 11 1 6 5 3 _ _ 2 8 
[00036949] 5 | 7 0 9 11 1 _ 6 3 _ _ 2 8 
[00036950] 4 | 7 0 9 11 1 5 6 3 _ _ 2 8 
[00036951] 5 | 7 0 9 11 1 _ _ 3 5 10 2 8 
[00036952] 5 | 7 0 9 11 1 _ _ 3 10 5 2 8 
[00036953] 6 | 7 0 9 11 1 _ _ 3 _ _ 4 10 
[00036954] 5 | 7 0 9 11 1 6 _ 3 _ _ 4 10 
[00036955] 4 | 7 0 9 11 1 6 5 3 _ _ 4 10 
[00036956] 5 | 7 0 9 11 1 _ 6 3 _ _ 4 10 
[00036957] 4 | 7 0 9 11 1 5 6 3 _ _ 4 10 
[00036958] 5 | 7 0 9 11 1 _ _ 3 8 _ 4 10 
[00036959] 4 | 7 0 9 11 1 5 _ 3 8 _ 4 10 
[00036960] 4 | 7 0 9 11 1 _ 5 3 8 _ 4 10 
[00036961] 6 | 7 0 9 11 1 _ _ 3 _ _ 8 2 
[00036962] 5 | 7 0 9 11 1 6 _ 3 _ _ 8 2 
[00036963] 4 | 7 0 9 11 1 6 5 3 _ _ 8 2 
[00036964] 5 | 7 0 9 11 1 _ 6 3 _ _ 8 2 
[00036965] 4 | 7 0 9 11 1 5 6 3 _ _ 8 2 
[00036966] 5 | 7 0 9 11 1 _ _ 3 5 10 8 2 
[00036967] 5 | 7 0 9 11 1 _ _ 3 10 5 8 2 
[00036968] 6 | 7 0 9 11 1 _ _ 3 _ _ 10 4 
[00036969] 5 | 7 0 9 11 1 6 _ 3 _ _ 10 4 
[00036970] 4 | 7 0 9 11 1 6 5 3 _ _ 10 4 
[00036971] 5 | 7 0 9 11 1 _ 6 3 _ _ 10 4 
[00036972] 4 | 7 0 9 11 1 5 6 3 _ _ 10 4 
[00036973] 5 | 7 0 9 11 1 _ _ 3 8 _ 10 4 
[00036974] 4 | 7 0 9 11 1 5 _ 3 8 _ 10 4 
[00036975] 4 | 7 0 9 11 1 _ 5 3 8 _ 10 4 
[00036976] 7 | _ 0 9 11 1 8 _ 3 _ _ _ _ 
[00036977] 6 | 6 0 9 11 1 8 _ 3 _ _ _ _ 
[00036978] 5 | 6 0 9 11 1 8 _ 3 2 7 _ _ 
[00036979] 4 | 6 0 9 11 1 8 5 3 2 7 _ _ 
[00036980] 5 | 6 0 9 11 1 8 _ 3 5 10 _ _ 
[00036981] 4 | 6 0 9 11 1 8 _ 3 5 10 7 _ 
[00036982] 3 | 6 0 9 11 1 8 4 3 5 10 7 _ 
[00036983] 3 | 6 0 9 11 1 8 _ 3 5 10 7 4 
[00036984] 5 | 6 0 9 11 1 8 _ 3 7 2 _ _ 
[00036985] 4 | 6 0 9 11 1 8 5 3 7 2 _ _ 
[00036986] 5 | 6 0 9 11 1 8 _ 3 10 5 _ _ 
[00036987] 4 | 6 0 9 11 1 8 _ 3 10 5 7 _ 
[00036988] 3 | 6 0 9 11 1 8 4 3 10 5 7 _ 
[00036989] 3 | 6 0 9 11 1 8 _ 3 10 5 7 4 
[00036990] 5 | 6 0 9 11 1 8 _ 3 _ _ 2 7 
[00036991] 4 | 6 0 9 11 1 8 5 3 _ _ 2 7 
[00036992] 5 | 6 0 9 11 1 8 _ 3 _ _ 5 10 
[00036993] 4 | 6 0 9 11 1 8 _ 3 7 _ 5 10 
[00036994] 3 | 6 0 9 11 1 8 4 3 7 _ 5 10 
[00036995] 3 | 6 0 9 11 1 8 _ 3 7 4 5 10 
[00036996] 5 | 6 0 9 11 1 8 _ 3 _ _ 7 2 
[00036997] 4 | 6 0 9 11 1 8 5 3 _ _ 7 2 
[00036998] 5 | 6 0 9 11 1 8 _ 3 _ _ 10 5 
[00036999] 4 | 6 0 9 11 1 8 _ 3 7 _ 10 5 
[00037000] 3 | 6 0 9 11 1 8 4 3 7 _ 10 5 
[00037001] 3 | 6 0 9 11 1 8 _ 3 7 4 10 5 
[00037002] 6 | _ 0 9 11 1 8 7 3 _ _ _ _ 
[00037003] 5 | 5 0 9 11 1 8 7 3 _ _ _ _ 
[00037004] 4 | 5 0 9 11 1 8 7 3 2 6 _ _ 
[00037005] 4 | 5 0 9 11 1 8 7 3 6 10 _ _ 
[00037006] 4 | 5 0 9 11 1 8 7 3 6 2 _ _ 
[00037007] 4 | 5 0 9 11 1 8 7 3 10 6 _ _ 
[00037008] 4 | 5 0 9 11 1 8 7 3 _ _ 2 6 
[00037009] 4 | 5 0 9 11 1 8 7 3 _ _ 6 10 
[00037010] 4 | 5 0 9 11 1 8 7 3 _ _ 6 2 
[00037011] 4 | 5 0 9 11 1 8 7 3 _ _ 10 6 
[00037012] 5 | _ 0 9 11 1 8 7 3 5 10 _ _ 
[00037013] 4 | 4 0 9 11 1 8 7 3 5 10 _ _ 
[00037014] 3 | 4 0 9 11 1 8 7 3 5 10 6 _ 
[00037015] 4 | _ 0 9 11 1 8 7 3 5 10 2 6 
[00037016] 4 | _ 0 9 11 1 8 7 3 5 10 6 2 
[00037017] 5 | _ 0 9 11 1 8 7 3 10 5 _ _ 
[00037018] 4 | 4 0 9 11 1 8 7 3 10 5 _ _ 
[00037019] 3 | 4 0 9 11 1 8 7 3 10 5 6 _ 
[00037020] 4 | _ 0 9 11 1 8 7 3 10 5 2 6 
[00037021] 4 | _ 0 9 11 1 8 7 3 10 5 6 2 
[00037022] 5 | _ 0 9 11 1 8 7 3 _ _ 5 10 
[00037023] 4 | 4 0 9 11 1 8 7 3 _ _ 5 10 
[00037024] 3 | 4 0 9 11 1 8 7 3 6 _ 5 10 
[00037025] 4 | _ 0 9 11 1 8 7 3 2 6 5 10 
[00037026] 4 | _ 0 9 11 1 8 7 3 6 2 5 10 
[00037027] 5 | _ 0 9 11 1 8 7 3 _ _ 10 5 
[00037028] 4 | 4 0 9 11 1 8 7 3 _ _ 10 5 
[00037029] 3 | 4 0 9 11 1 8 7 3 6 _ 10 5 
[00037030] 4 | _ 0 9 11 1 8 7 3 2 6 10 5 
[00037031] 4 | _ 0 9 11 1 8 7 3 6 2 10 5 
[00037032] 6 | _ 0 9 11 1 8 _ 3 4 10 _ _ 
[00037033] 5 | 5 0 9 11 1 8 _ 3 4 10 _ _ 
[00037034] 4 | 5 0 9 11 1 8 _ 3 4 10 7 _ 
[00037035] 4 | 5 0 9 11 1 8 _ 3 4 10 2 6 
[00037036] 4 | 5 0 9 11 1 8 _ 3 4 10 6 2 
[00037037] 5 | _ 0 9 11 1 8 6 3 4 10 _ _ 
[00037038] 4 | _ 0 9 11 1 8 6 3 4 10 7 _ 
[00037039] 5 | _ 0 9 11 1 8 _ 3 4 10 2 7 
[00037040] 4 | _ 0 9 11 1 8 5 3 4 10 2 7 
[00037041] 5 | _ 0 9 11 1 8 _ 3 4 10 7 2 
[00037042] 4 | _ 0 9 11 1 8 5 3 4 10 7 2 
[00037043] 6 | _ 0 9 11 1 8 _ 3 10 4 _ _ 
[00037044] 5 | 5 0 9 11 1 8 _ 3 10 4 _ _ 
[00037045] 4 | 5 0 9 11 1 8 _ 3 10 4 7 _ 
[00037046] 4 | 5 0 9 11 1 8 _ 3 10 4 2 6 
[00037047] 4 | 5 0 9 11 1 8 _ 3 10 4 6 2 
[00037048] 5 | _ 0 9 11 1 8 6 3 10 4 _ _ 
[00037049] 4 | _ 0 9 11 1 8 6 3 10 4 7 _ 
[00037050] 5 | _ 0 9 11 1 8 _ 3 10 4 2 7 
[00037051] 4 | _ 0 9 11 1 8 5 3 10 4 2 7 
[00037052] 5 | _ 0 9 11 1 8 _ 3 10 4 7 2 
[00037053] 4 | _ 0 9 11 1 8 5 3 10 4 7 2 
[00037054] 6 | _ 0 9 11 1 8 _ 3 _ _ 4 10 
[00037055] 5 | 5 0 9 11 1 8 _ 3 _ _ 4 10 
[00037056] 4 | 5 0 9 11 1 8 _ 3 7 _ 4 10 
[00037057] 4 | 5 0 9 11 1 8 _ 3 2 6 4 10 
[00037058] 4 | 5 0 9 11 1 8 _ 3 6 2 4 10 
[00037059] 5 | _ 0 9 11 1 8 6 3 _ _ 4 10 
[00037060] 4 | _ 0 9 11 1 8 6 3 7 _ 4 10 
[00037061] 5 | _ 0 9 11 1 8 _ 3 2 7 4 10 
[00037062] 4 | _ 0 9 11 1 8 5 3 2 7 4 10 
[00037063] 5 | _ 0 9 11 1 8 _ 3 7 2 4 10 
[00037064] 4 | _ 0 9 11 1 8 5 3 7 2 4 10 
[00037065] 6 | _ 0 9 11 1 8 _ 3 _ _ 10 4 
[00037066] 5 | 5 0 9 11 1 8 _ 3 _ _ 10 4 
[00037067] 4 | 5 0 9 11 1 8 _ 3 7 _ 10 4 
[00037068] 4 | 5 0 9 11 1 8 _ 3 2 6 10 4 
