[00006908] 3 | 11 0 10 9 2 5 6 1 7 _ 8 3 
[00006909] 3 | 11 0 10 9 2 _ 6 1 7 4 8 3 
[00006910] 6 | 11 0 10 9 2 _ _ 1 _ _ 7 _ 
[00006911] 5 | 11 0 10 9 2 7 _ 1 _ _ 7 _ 
[00006912] 4 | 11 0 10 9 2 7 6 1 _ _ 7 _ 
[00006913] 3 | 11 0 10 9 2 7 6 1 4 _ 7 _ 
[00006914] 3 | 11 0 10 9 2 7 6 1 5 8 7 _ 
[00006915] 3 | 11 0 10 9 2 7 6 1 8 5 7 _ 
[00006916] 4 | 11 0 10 9 2 7 _ 1 5 _ 7 _ 
[00006917] 3 | 11 0 10 9 2 7 5 1 5 _ 7 _ 
[00006918] 3 | 11 0 10 9 2 7 _ 1 5 2 7 _ 
[00006919] 3 | 11 0 10 9 2 7 _ 1 5 8 7 _ 
[00006920] 2 | 11 0 10 9 2 7 4 1 5 8 7 _ 
[00006921] 4 | 11 0 10 9 2 7 _ 1 4 8 7 _ 
[00006922] 3 | 11 0 10 9 2 7 5 1 4 8 7 _ 
[00006923] 4 | 11 0 10 9 2 7 _ 1 8 4 7 _ 
[00006924] 3 | 11 0 10 9 2 7 5 1 8 4 7 _ 
[00006925] 5 | 11 0 10 9 2 _ 7 1 _ _ 7 _ 
[00006926] 4 | 11 0 10 9 2 6 7 1 _ _ 7 _ 
[00006927] 3 | 11 0 10 9 2 6 7 1 4 _ 7 _ 
[00006928] 3 | 11 0 10 9 2 6 7 1 5 8 7 _ 
[00006929] 3 | 11 0 10 9 2 6 7 1 8 5 7 _ 
[00006930] 4 | 11 0 10 9 2 _ 7 1 5 _ 7 _ 
[00006931] 3 | 11 0 10 9 2 5 7 1 5 _ 7 _ 
[00006932] 3 | 11 0 10 9 2 _ 7 1 5 2 7 _ 
[00006933] 3 | 11 0 10 9 2 _ 7 1 5 8 7 _ 
[00006934] 2 | 11 0 10 9 2 4 7 1 5 8 7 _ 
[00006935] 4 | 11 0 10 9 2 _ 7 1 4 8 7 _ 
[00006936] 3 | 11 0 10 9 2 5 7 1 4 8 7 _ 
[00006937] 4 | 11 0 10 9 2 _ 7 1 8 4 7 _ 
[00006938] 3 | 11 0 10 9 2 5 7 1 8 4 7 _ 
[00006939] 5 | 11 0 10 9 2 _ _ 1 6 _ 7 _ 
[00006940] 4 | 11 0 10 9 2 6 _ 1 6 _ 7 _ 
[00006941] 3 | 11 0 10 9 2 6 5 1 6 _ 7 _ 
[00006942] 3 | 11 0 10 9 2 6 _ 1 6 _ 7 4 
[00006943] 4 | 11 0 10 9 2 _ 6 1 6 _ 7 _ 
[00006944] 3 | 11 0 10 9 2 5 6 1 6 _ 7 _ 
[00006945] 3 | 11 0 10 9 2 _ 6 1 6 _ 7 4 
[00006946] 4 | 11 0 10 9 2 _ _ 1 6 2 7 _ 
[00006947] 3 | 11 0 10 9 2 _ _ 1 6 2 7 4 
[00006948] 4 | 11 0 10 9 2 _ _ 1 6 _ 7 3 
[00006949] 3 | 11 0 10 9 2 5 _ 1 6 _ 7 3 
[00006950] 2 | 11 0 10 9 2 5 4 1 6 _ 7 3 
[00006951] 2 | 11 0 10 9 2 5 _ 1 6 4 7 3 
[00006952] 2 | 11 0 10 9 2 5 _ 1 6 8 7 3 
[00006953] 3 | 11 0 10 9 2 _ 5 1 6 _ 7 3 
[00006954] 2 | 11 0 10 9 2 4 5 1 6 _ 7 3 
[00006955] 2 | 11 0 10 9 2 _ 5 1 6 4 7 3 
[00006956] 2 | 11 0 10 9 2 _ 5 1 6 8 7 3 
[00006957] 5 | 11 0 10 9 2 _ _ 1 3 8 7 _ 
[00006958] 4 | 11 0 10 9 2 6 _ 1 3 8 7 _ 
[00006959] 3 | 11 0 10 9 2 6 5 1 3 8 7 _ 
[00006960] 3 | 11 0 10 9 2 6 _ 1 3 8 7 4 
[00006961] 4 | 11 0 10 9 2 _ 6 1 3 8 7 _ 
[00006962] 3 | 11 0 10 9 2 5 6 1 3 8 7 _ 
[00006963] 3 | 11 0 10 9 2 _ 6 1 3 8 7 4 
[00006964] 5 | 11 0 10 9 2 _ _ 1 8 3 7 _ 
[00006965] 4 | 11 0 10 9 2 6 _ 1 8 3 7 _ 
[00006966] 3 | 11 0 10 9 2 6 5 1 8 3 7 _ 
[00006967] 3 | 11 0 10 9 2 6 _ 1 8 3 7 4 
[00006968] 4 | 11 0 10 9 2 _ 6 1 8 3 7 _ 
[00006969] 3 | 11 0 10 9 2 5 6 1 8 3 7 _ 
[00006970] 3 | 11 0 10 9 2 _ 6 1 8 3 7 4 
[00006971] 5 | 11 0 10 9 2 _ _ 1 _ _ 7 2 
[00006972] 4 | 11 0 10 9 2 _ _ 1 5 _ 7 2 
[00006973] 3 | 11 0 10 9 2 _ _ 1 5 8 7 2 
[00006974] 4 | 11 0 10 9 2 _ _ 1 4 8 7 2 
[00006975] 4 | 11 0 10 9 2 _ _ 1 8 4 7 2 
[00006976] 7 | 11 0 10 9 _ _ _ 1 8 _ _ _ 
[00006977] 6 | 11 0 10 9 3 _ _ 1 8 _ _ _ 
[00006978] 5 | 11 0 10 9 3 8 _ 1 8 _ _ _ 
[00006979] 4 | 11 0 10 9 3 8 7 1 8 _ _ _ 
[00006980] 3 | 11 0 10 9 3 8 7 1 8 _ 4 _ 
[00006981] 2 | 11 0 10 9 3 8 7 1 8 _ 4 2 
[00006982] 2 | 11 0 10 9 3 8 7 1 8 _ 4 6 
[00006983] 3 | 11 0 10 9 3 8 7 1 8 _ 2 5 
[00006984] 3 | 11 0 10 9 3 8 7 1 8 _ 5 2 
[00006985] 4 | 11 0 10 9 3 8 _ 1 8 _ 5 _ 
[00006986] 3 | 11 0 10 9 3 8 6 1 8 _ 5 _ 
[00006987] 2 | 11 0 10 9 3 8 6 1 8 _ 5 7 
[00006988] 3 | 11 0 10 9 3 8 _ 1 8 _ 5 2 
[00006989] 4 | 11 0 10 9 3 8 _ 1 8 _ 2 6 
[00006990] 4 | 11 0 10 9 3 8 _ 1 8 _ 6 2 
[00006991] 5 | 11 0 10 9 3 _ 8 1 8 _ _ _ 
[00006992] 4 | 11 0 10 9 3 7 8 1 8 _ _ _ 
[00006993] 3 | 11 0 10 9 3 7 8 1 8 _ 4 _ 
[00006994] 2 | 11 0 10 9 3 7 8 1 8 _ 4 2 
[00006995] 2 | 11 0 10 9 3 7 8 1 8 _ 4 6 
[00006996] 3 | 11 0 10 9 3 7 8 1 8 _ 2 5 
[00006997] 3 | 11 0 10 9 3 7 8 1 8 _ 5 2 
[00006998] 4 | 11 0 10 9 3 _ 8 1 8 _ 5 _ 
[00006999] 3 | 11 0 10 9 3 6 8 1 8 _ 5 _ 
[00007000] 2 | 11 0 10 9 3 6 8 1 8 _ 5 7 
[00007001] 3 | 11 0 10 9 3 _ 8 1 8 _ 5 2 
[00007002] 4 | 11 0 10 9 3 _ 8 1 8 _ 2 6 
[00007003] 4 | 11 0 10 9 3 _ 8 1 8 _ 6 2 
[00007004] 5 | 11 0 10 9 3 _ _ 1 8 3 _ _ 
[00007005] 4 | 11 0 10 9 3 _ _ 1 8 3 5 _ 
[00007006] 3 | 11 0 10 9 3 _ _ 1 8 3 5 2 
[00007007] 4 | 11 0 10 9 3 _ _ 1 8 3 2 6 
[00007008] 4 | 11 0 10 9 3 _ _ 1 8 3 6 2 
[00007009] 5 | 11 0 10 9 3 _ _ 1 8 _ 6 _ 
[00007010] 4 | 11 0 10 9 3 7 _ 1 8 _ 6 _ 
[00007011] 3 | 11 0 10 9 3 7 6 1 8 _ 6 _ 
[00007012] 3 | 11 0 10 9 3 7 _ 1 8 5 6 _ 
[00007013] 2 | 11 0 10 9 3 7 _ 1 8 5 6 4 
[00007014] 1 | 11 0 10 9 3 7 2 1 8 5 6 4  *Graceful*
[00007014] 3 | 11 0 10 9 3 7 _ 1 8 _ 6 3 
[00007015] 4 | 11 0 10 9 3 _ 7 1 8 _ 6 _ 
[00007016] 3 | 11 0 10 9 3 6 7 1 8 _ 6 _ 
[00007017] 3 | 11 0 10 9 3 _ 7 1 8 5 6 _ 
[00007018] 2 | 11 0 10 9 3 _ 7 1 8 5 6 4 
[00007019] 1 | 11 0 10 9 3 2 7 1 8 5 6 4  *Graceful*
[00007019] 3 | 11 0 10 9 3 _ 7 1 8 _ 6 3 
[00007020] 4 | 11 0 10 9 3 _ _ 1 8 4 6 _ 
[00007021] 3 | 11 0 10 9 3 6 _ 1 8 4 6 _ 
[00007022] 2 | 11 0 10 9 3 6 5 1 8 4 6 _ 
[00007023] 3 | 11 0 10 9 3 _ 6 1 8 4 6 _ 
[00007024] 2 | 11 0 10 9 3 5 6 1 8 4 6 _ 
[00007025] 3 | 11 0 10 9 3 _ _ 1 8 4 6 3 
[00007026] 4 | 11 0 10 9 3 _ _ 1 8 _ 6 2 
[00007027] 3 | 11 0 10 9 3 _ _ 1 8 5 6 2 
[00007028] 5 | 11 0 10 9 3 _ _ 1 8 _ 2 7 
[00007029] 4 | 11 0 10 9 3 _ _ 1 8 4 2 7 
[00007030] 3 | 11 0 10 9 3 6 _ 1 8 4 2 7 
[00007031] 2 | 11 0 10 9 3 6 5 1 8 4 2 7 
[00007032] 1 | 11 0 10 9 3 6 5 1 8 4 2 7  *Graceful*
[00007032] 3 | 11 0 10 9 3 _ 6 1 8 4 2 7 
[00007033] 2 | 11 0 10 9 3 5 6 1 8 4 2 7 
[00007034] 1 | 11 0 10 9 3 5 6 1 8 4 2 7  *Graceful*
[00007034] 5 | 11 0 10 9 3 _ _ 1 8 _ 7 2 
[00007035] 4 | 11 0 10 9 3 _ _ 1 8 4 7 2 
[00007036] 3 | 11 0 10 9 3 6 _ 1 8 4 7 2 
[00007037] 2 | 11 0 10 9 3 6 5 1 8 4 7 2 
[00007038] 3 | 11 0 10 9 3 _ 6 1 8 4 7 2 
[00007039] 2 | 11 0 10 9 3 5 6 1 8 4 7 2 
[00007040] 6 | 11 0 10 9 _ _ _ 1 8 2 _ _ 
[00007041] 5 | 11 0 10 9 4 _ _ 1 8 2 _ _ 
[00007042] 4 | 11 0 10 9 4 _ _ 1 8 2 5 _ 
[00007043] 3 | 11 0 10 9 4 7 _ 1 8 2 5 _ 
[00007044] 2 | 11 0 10 9 4 7 6 1 8 2 5 _ 
[00007045] 2 | 11 0 10 9 4 7 _ 1 8 2 5 3 
[00007046] 3 | 11 0 10 9 4 _ 7 1 8 2 5 _ 
[00007047] 2 | 11 0 10 9 4 6 7 1 8 2 5 _ 
[00007048] 2 | 11 0 10 9 4 _ 7 1 8 2 5 3 
[00007049] 4 | 11 0 10 9 4 _ _ 1 8 2 3 7 
[00007050] 4 | 11 0 10 9 4 _ _ 1 8 2 7 3 
[00007051] 5 | 11 0 10 9 _ _ _ 1 8 2 6 _ 
[00007052] 4 | 11 0 10 9 5 _ _ 1 8 2 6 _ 
[00007053] 3 | 11 0 10 9 5 _ _ 1 8 2 6 3 
[00007054] 2 | 11 0 10 9 5 7 _ 1 8 2 6 3 
[00007055] 1 | 11 0 10 9 5 7 4 1 8 2 6 3  *Graceful*
[00007055] 2 | 11 0 10 9 5 _ 7 1 8 2 6 3 
[00007056] 1 | 11 0 10 9 5 4 7 1 8 2 6 3  *Graceful*
[00007056] 4 | 11 0 10 9 3 7 _ 1 8 2 6 _ 
[00007057] 3 | 11 0 10 9 3 7 6 1 8 2 6 _ 
[00007058] 3 | 11 0 10 9 3 7 _ 1 8 2 6 3 
[00007059] 4 | 11 0 10 9 7 3 _ 1 8 2 6 _ 
[00007060] 3 | 11 0 10 9 7 3 4 1 8 2 6 _ 
[00007061] 4 | 11 0 10 9 3 _ 7 1 8 2 6 _ 
[00007062] 3 | 11 0 10 9 3 6 7 1 8 2 6 _ 
[00007063] 3 | 11 0 10 9 3 _ 7 1 8 2 6 3 
[00007064] 4 | 11 0 10 9 7 _ 3 1 8 2 6 _ 
[00007065] 3 | 11 0 10 9 7 4 3 1 8 2 6 _ 
[00007066] 6 | 11 0 10 9 _ _ _ 1 8 _ 7 _ 
[00007067] 5 | 11 0 10 9 4 _ _ 1 8 _ 7 _ 
[00007068] 4 | 11 0 10 9 4 8 _ 1 8 _ 7 _ 
[00007069] 3 | 11 0 10 9 4 8 7 1 8 _ 7 _ 
[00007070] 3 | 11 0 10 9 4 8 _ 1 8 _ 7 4 
[00007071] 4 | 11 0 10 9 4 _ 8 1 8 _ 7 _ 
[00007072] 3 | 11 0 10 9 4 7 8 1 8 _ 7 _ 
[00007073] 3 | 11 0 10 9 4 _ 8 1 8 _ 7 4 
[00007074] 4 | 11 0 10 9 4 _ _ 1 8 4 7 _ 
[00007075] 4 | 11 0 10 9 4 _ _ 1 8 _ 7 3 
[00007076] 3 | 11 0 10 9 4 _ _ 1 8 5 7 3 
[00007077] 2 | 11 0 10 9 4 2 _ 1 8 5 7 3 
[00007078] 2 | 11 0 10 9 4 6 _ 1 8 5 7 3 
[00007079] 2 | 11 0 10 9 4 _ 2 1 8 5 7 3 
[00007080] 2 | 11 0 10 9 4 _ 6 1 8 5 7 3 
[00007081] 5 | 11 0 10 9 _ _ _ 1 8 3 7 _ 
[00007082] 4 | 11 0 10 9 5 _ _ 1 8 3 7 _ 
[00007083] 3 | 11 0 10 9 5 2 _ 1 8 3 7 _ 
[00007084] 2 | 11 0 10 9 5 2 7 1 8 3 7 _ 
[00007085] 2 | 11 0 10 9 5 2 _ 1 8 3 7 5 
[00007086] 3 | 11 0 10 9 5 _ 2 1 8 3 7 _ 
[00007087] 2 | 11 0 10 9 5 7 2 1 8 3 7 _ 
[00007088] 2 | 11 0 10 9 5 _ 2 1 8 3 7 5 
[00007089] 3 | 11 0 10 9 5 _ _ 1 8 3 7 4 
[00007090] 4 | 11 0 10 9 2 6 _ 1 8 3 7 _ 
[00007091] 3 | 11 0 10 9 2 6 5 1 8 3 7 _ 
[00007092] 3 | 11 0 10 9 2 6 _ 1 8 3 7 4 
[00007093] 4 | 11 0 10 9 6 2 _ 1 8 3 7 _ 
[00007094] 3 | 11 0 10 9 6 2 _ 1 8 3 7 4 
[00007095] 4 | 11 0 10 9 2 _ 6 1 8 3 7 _ 
[00007096] 3 | 11 0 10 9 2 5 6 1 8 3 7 _ 
[00007097] 3 | 11 0 10 9 2 _ 6 1 8 3 7 4 
[00007098] 4 | 11 0 10 9 6 _ 2 1 8 3 7 _ 
[00007099] 3 | 11 0 10 9 6 _ 2 1 8 3 7 4 
[00007100] 5 | 11 0 10 9 _ _ _ 1 8 _ 7 2 
[00007101] 4 | 11 0 10 9 5 _ _ 1 8 _ 7 2 
[00007102] 3 | 11 0 10 9 5 8 _ 1 8 _ 7 2 
[00007103] 2 | 11 0 10 9 5 8 3 1 8 _ 7 2 
[00007104] 3 | 11 0 10 9 5 _ 8 1 8 _ 7 2 
[00007105] 2 | 11 0 10 9 5 3 8 1 8 _ 7 2 
[00007106] 3 | 11 0 10 9 5 _ _ 1 8 5 7 2 
[00007107] 4 | 11 0 10 9 _ _ _ 1 8 4 7 2 
[00007108] 3 | 11 0 10 9 6 _ _ 1 8 4 7 2 
[00007109] 3 | 11 0 10 9 3 6 _ 1 8 4 7 2 
[00007110] 2 | 11 0 10 9 3 6 5 1 8 4 7 2 
[00007111] 3 | 11 0 10 9 6 3 _ 1 8 4 7 2 
[00007112] 3 | 11 0 10 9 3 _ 6 1 8 4 7 2 
[00007113] 2 | 11 0 10 9 3 5 6 1 8 4 7 2 
[00007114] 3 | 11 0 10 9 6 _ 3 1 8 4 7 2 
[00007115] 7 | 11 0 10 9 _ _ _ 1 _ _ 8 _ 
[00007116] 6 | 11 0 10 9 3 _ _ 1 _ _ 8 _ 
[00007117] 5 | 11 0 10 9 3 8 _ 1 _ _ 8 _ 
[00007118] 4 | 11 0 10 9 3 8 7 1 _ _ 8 _ 
[00007119] 3 | 11 0 10 9 3 8 7 1 4 _ 8 _ 
[00007120] 2 | 11 0 10 9 3 8 7 1 4 2 8 _ 
[00007121] 2 | 11 0 10 9 3 8 7 1 4 6 8 _ 
[00007122] 3 | 11 0 10 9 3 8 7 1 2 5 8 _ 
[00007123] 3 | 11 0 10 9 3 8 7 1 5 2 8 _ 
[00007124] 4 | 11 0 10 9 3 8 _ 1 5 _ 8 _ 
[00007125] 3 | 11 0 10 9 3 8 6 1 5 _ 8 _ 
[00007126] 2 | 11 0 10 9 3 8 6 1 5 7 8 _ 
[00007127] 3 | 11 0 10 9 3 8 _ 1 5 2 8 _ 
[00007128] 4 | 11 0 10 9 3 8 _ 1 2 6 8 _ 
[00007129] 4 | 11 0 10 9 3 8 _ 1 6 2 8 _ 
[00007130] 5 | 11 0 10 9 3 _ 8 1 _ _ 8 _ 
[00007131] 4 | 11 0 10 9 3 7 8 1 _ _ 8 _ 
[00007132] 3 | 11 0 10 9 3 7 8 1 4 _ 8 _ 
[00007133] 2 | 11 0 10 9 3 7 8 1 4 2 8 _ 
[00007134] 2 | 11 0 10 9 3 7 8 1 4 6 8 _ 
[00007135] 3 | 11 0 10 9 3 7 8 1 2 5 8 _ 
[00007136] 3 | 11 0 10 9 3 7 8 1 5 2 8 _ 
[00007137] 4 | 11 0 10 9 3 _ 8 1 5 _ 8 _ 
[00007138] 3 | 11 0 10 9 3 6 8 1 5 _ 8 _ 
[00007139] 2 | 11 0 10 9 3 6 8 1 5 7 8 _ 
[00007140] 3 | 11 0 10 9 3 _ 8 1 5 2 8 _ 
[00007141] 4 | 11 0 10 9 3 _ 8 1 2 6 8 _ 
[00007142] 4 | 11 0 10 9 3 _ 8 1 6 2 8 _ 
[00007143] 5 | 11 0 10 9 3 _ _ 1 6 _ 8 _ 
[00007144] 4 | 11 0 10 9 3 7 _ 1 6 _ 8 _ 
[00007145] 3 | 11 0 10 9 3 7 6 1 6 _ 8 _ 
[00007146] 3 | 11 0 10 9 3 7 _ 1 6 3 8 _ 
[00007147] 3 | 11 0 10 9 3 7 _ 1 6 _ 8 5 
[00007148] 2 | 11 0 10 9 3 7 _ 1 6 4 8 5 
[00007149] 1 | 11 0 10 9 3 7 2 1 6 4 8 5  *Graceful*
[00007149] 4 | 11 0 10 9 3 _ 7 1 6 _ 8 _ 
[00007150] 3 | 11 0 10 9 3 6 7 1 6 _ 8 _ 
[00007151] 3 | 11 0 10 9 3 _ 7 1 6 3 8 _ 
[00007152] 3 | 11 0 10 9 3 _ 7 1 6 _ 8 5 
[00007153] 2 | 11 0 10 9 3 _ 7 1 6 4 8 5 
[00007154] 1 | 11 0 10 9 3 2 7 1 6 4 8 5  *Graceful*
[00007154] 4 | 11 0 10 9 3 _ _ 1 6 2 8 _ 
[00007155] 3 | 11 0 10 9 3 _ _ 1 6 2 8 5 
[00007156] 4 | 11 0 10 9 3 _ _ 1 6 _ 8 4 
[00007157] 3 | 11 0 10 9 3 6 _ 1 6 _ 8 4 
[00007158] 2 | 11 0 10 9 3 6 5 1 6 _ 8 4 
[00007159] 3 | 11 0 10 9 3 _ 6 1 6 _ 8 4 
[00007160] 2 | 11 0 10 9 3 5 6 1 6 _ 8 4 
[00007161] 3 | 11 0 10 9 3 _ _ 1 6 3 8 4 
[00007162] 5 | 11 0 10 9 3 _ _ 1 2 7 8 _ 
[00007163] 4 | 11 0 10 9 3 _ _ 1 2 7 8 4 
[00007164] 3 | 11 0 10 9 3 6 _ 1 2 7 8 4 
[00007165] 2 | 11 0 10 9 3 6 5 1 2 7 8 4 
[00007166] 1 | 11 0 10 9 3 6 5 1 2 7 8 4  *Graceful*
[00007166] 3 | 11 0 10 9 3 _ 6 1 2 7 8 4 
[00007167] 2 | 11 0 10 9 3 5 6 1 2 7 8 4 
[00007168] 1 | 11 0 10 9 3 5 6 1 2 7 8 4  *Graceful*
[00007168] 5 | 11 0 10 9 3 _ _ 1 7 2 8 _ 
[00007169] 4 | 11 0 10 9 3 _ _ 1 7 2 8 4 
[00007170] 3 | 11 0 10 9 3 6 _ 1 7 2 8 4 
[00007171] 2 | 11 0 10 9 3 6 5 1 7 2 8 4 
[00007172] 3 | 11 0 10 9 3 _ 6 1 7 2 8 4 
[00007173] 2 | 11 0 10 9 3 5 6 1 7 2 8 4 
[00007174] 5 | 11 0 10 9 3 _ _ 1 _ _ 8 3 
[00007175] 4 | 11 0 10 9 3 _ _ 1 5 _ 8 3 
[00007176] 3 | 11 0 10 9 3 _ _ 1 5 2 8 3 
[00007177] 4 | 11 0 10 9 3 _ _ 1 2 6 8 3 
[00007178] 4 | 11 0 10 9 3 _ _ 1 6 2 8 3 
[00007179] 6 | 11 0 10 9 _ _ _ 1 7 _ 8 _ 
[00007180] 5 | 11 0 10 9 4 _ _ 1 7 _ 8 _ 
[00007181] 4 | 11 0 10 9 4 8 _ 1 7 _ 8 _ 
[00007182] 3 | 11 0 10 9 4 8 7 1 7 _ 8 _ 
[00007183] 3 | 11 0 10 9 4 8 _ 1 7 4 8 _ 
[00007184] 4 | 11 0 10 9 4 _ 8 1 7 _ 8 _ 
[00007185] 3 | 11 0 10 9 4 7 8 1 7 _ 8 _ 
[00007186] 3 | 11 0 10 9 4 _ 8 1 7 4 8 _ 
[00007187] 4 | 11 0 10 9 4 _ _ 1 7 3 8 _ 
[00007188] 3 | 11 0 10 9 4 _ _ 1 7 3 8 5 
[00007189] 2 | 11 0 10 9 4 2 _ 1 7 3 8 5 
[00007190] 2 | 11 0 10 9 4 6 _ 1 7 3 8 5 
[00007191] 2 | 11 0 10 9 4 _ 2 1 7 3 8 5 
[00007192] 2 | 11 0 10 9 4 _ 6 1 7 3 8 5 
[00007193] 4 | 11 0 10 9 4 _ _ 1 7 _ 8 4 
[00007194] 5 | 11 0 10 9 _ _ _ 1 7 2 8 _ 
[00007195] 4 | 11 0 10 9 5 _ _ 1 7 2 8 _ 
[00007196] 3 | 11 0 10 9 5 8 _ 1 7 2 8 _ 
[00007197] 2 | 11 0 10 9 5 8 3 1 7 2 8 _ 
[00007198] 3 | 11 0 10 9 5 _ 8 1 7 2 8 _ 
[00007199] 2 | 11 0 10 9 5 3 8 1 7 2 8 _ 
[00007200] 3 | 11 0 10 9 5 _ _ 1 7 2 8 5 
[00007201] 4 | 11 0 10 9 _ _ _ 1 7 2 8 4 
[00007202] 3 | 11 0 10 9 6 _ _ 1 7 2 8 4 
[00007203] 3 | 11 0 10 9 3 6 _ 1 7 2 8 4 
[00007204] 2 | 11 0 10 9 3 6 5 1 7 2 8 4 
[00007205] 3 | 11 0 10 9 6 3 _ 1 7 2 8 4 
[00007206] 3 | 11 0 10 9 3 _ 6 1 7 2 8 4 
[00007207] 2 | 11 0 10 9 3 5 6 1 7 2 8 4 
[00007208] 3 | 11 0 10 9 6 _ 3 1 7 2 8 4 
[00007209] 5 | 11 0 10 9 _ _ _ 1 7 _ 8 3 
[00007210] 4 | 11 0 10 9 5 _ _ 1 7 _ 8 3 
[00007211] 3 | 11 0 10 9 5 2 _ 1 7 _ 8 3 
[00007212] 2 | 11 0 10 9 5 2 7 1 7 _ 8 3 
[00007213] 2 | 11 0 10 9 5 2 _ 1 7 5 8 3 
[00007214] 3 | 11 0 10 9 5 _ 2 1 7 _ 8 3 
[00007215] 2 | 11 0 10 9 5 7 2 1 7 _ 8 3 
[00007216] 2 | 11 0 10 9 5 _ 2 1 7 5 8 3 
[00007217] 3 | 11 0 10 9 5 _ _ 1 7 4 8 3 
[00007218] 4 | 11 0 10 9 2 6 _ 1 7 _ 8 3 
[00007219] 3 | 11 0 10 9 2 6 5 1 7 _ 8 3 
[00007220] 3 | 11 0 10 9 2 6 _ 1 7 4 8 3 
[00007221] 4 | 11 0 10 9 6 2 _ 1 7 _ 8 3 
[00007222] 3 | 11 0 10 9 6 2 _ 1 7 4 8 3 
[00007223] 4 | 11 0 10 9 2 _ 6 1 7 _ 8 3 
[00007224] 3 | 11 0 10 9 2 5 6 1 7 _ 8 3 
[00007225] 3 | 11 0 10 9 2 _ 6 1 7 4 8 3 
[00007226] 4 | 11 0 10 9 6 _ 2 1 7 _ 8 3 
[00007227] 3 | 11 0 10 9 6 _ 2 1 7 4 8 3 
[00007228] 6 | 11 0 10 9 _ _ _ 1 _ _ 8 2 
[00007229] 5 | 11 0 10 9 4 _ _ 1 _ _ 8 2 
[00007230] 4 | 11 0 10 9 4 _ _ 1 5 _ 8 2 
[00007231] 3 | 11 0 10 9 4 7 _ 1 5 _ 8 2 
[00007232] 2 | 11 0 10 9 4 7 6 1 5 _ 8 2 
[00007233] 2 | 11 0 10 9 4 7 _ 1 5 3 8 2 
[00007234] 3 | 11 0 10 9 4 _ 7 1 5 _ 8 2 
[00007235] 2 | 11 0 10 9 4 6 7 1 5 _ 8 2 
[00007236] 2 | 11 0 10 9 4 _ 7 1 5 3 8 2 
[00007237] 4 | 11 0 10 9 4 _ _ 1 3 7 8 2 
[00007238] 4 | 11 0 10 9 4 _ _ 1 7 3 8 2 
[00007239] 5 | 11 0 10 9 _ _ _ 1 6 _ 8 2 
[00007240] 4 | 11 0 10 9 5 _ _ 1 6 _ 8 2 
[00007241] 3 | 11 0 10 9 5 _ _ 1 6 3 8 2 
[00007242] 2 | 11 0 10 9 5 7 _ 1 6 3 8 2 
[00007243] 1 | 11 0 10 9 5 7 4 1 6 3 8 2  *Graceful*
[00007243] 2 | 11 0 10 9 5 _ 7 1 6 3 8 2 
[00007244] 1 | 11 0 10 9 5 4 7 1 6 3 8 2  *Graceful*
[00007244] 4 | 11 0 10 9 3 7 _ 1 6 _ 8 2 
[00007245] 3 | 11 0 10 9 3 7 6 1 6 _ 8 2 
[00007246] 3 | 11 0 10 9 3 7 _ 1 6 3 8 2 
[00007247] 4 | 11 0 10 9 7 3 _ 1 6 _ 8 2 
[00007248] 3 | 11 0 10 9 7 3 4 1 6 _ 8 2 
[00007249] 4 | 11 0 10 9 3 _ 7 1 6 _ 8 2 
[00007250] 3 | 11 0 10 9 3 6 7 1 6 _ 8 2 
[00007251] 3 | 11 0 10 9 3 _ 7 1 6 3 8 2 
[00007252] 4 | 11 0 10 9 7 _ 3 1 6 _ 8 2 
[00007253] 3 | 11 0 10 9 7 4 3 1 6 _ 8 2 
[00007254] 10 | 11 0 _ 10 _ _ _ _ _ _ _ _ 
[00007255] 9 | 11 0 9 10 _ _ _ _ _ _ _ _ 
[00007256] 8 | 11 0 9 10 2 _ _ _ _ _ _ _ 
[00007257] 7 | 11 0 9 10 2 _ _ 3 _ _ _ _ 
[00007258] 6 | 11 0 9 10 2 8 _ 3 _ _ _ _ 
[00007259] 5 | 11 0 9 10 2 8 7 3 _ _ _ _ 
[00007260] 4 | 11 0 9 10 2 8 7 3 1 5 _ _ 
[00007261] 3 | 11 0 9 10 2 8 7 3 1 5 6 _ 
[00007262] 2 | 11 0 9 10 2 8 7 3 1 5 6 4 
[00007263] 4 | 11 0 9 10 2 8 7 3 5 1 _ _ 
[00007264] 3 | 11 0 9 10 2 8 7 3 5 1 6 _ 
[00007265] 2 | 11 0 9 10 2 8 7 3 5 1 6 4 
[00007266] 4 | 11 0 9 10 2 8 7 3 _ _ 1 5 
[00007267] 3 | 11 0 9 10 2 8 7 3 6 _ 1 5 
[00007268] 2 | 11 0 9 10 2 8 7 3 6 4 1 5 
[00007269] 4 | 11 0 9 10 2 8 7 3 _ _ 5 1 
[00007270] 3 | 11 0 9 10 2 8 7 3 6 _ 5 1 
[00007271] 2 | 11 0 9 10 2 8 7 3 6 4 5 1 
[00007272] 5 | 11 0 9 10 2 8 _ 3 1 6 _ _ 
[00007273] 4 | 11 0 9 10 2 8 _ 3 1 6 7 _ 
[00007274] 3 | 11 0 9 10 2 8 5 3 1 6 7 _ 
[00007275] 3 | 11 0 9 10 2 8 _ 3 1 6 7 4 
[00007276] 5 | 11 0 9 10 2 8 _ 3 6 1 _ _ 
[00007277] 4 | 11 0 9 10 2 8 _ 3 6 1 7 _ 
[00007278] 3 | 11 0 9 10 2 8 5 3 6 1 7 _ 
[00007279] 3 | 11 0 9 10 2 8 _ 3 6 1 7 4 
[00007280] 5 | 11 0 9 10 2 8 _ 3 _ _ 1 6 
[00007281] 4 | 11 0 9 10 2 8 _ 3 7 _ 1 6 
[00007282] 3 | 11 0 9 10 2 8 5 3 7 _ 1 6 
[00007283] 3 | 11 0 9 10 2 8 _ 3 7 4 1 6 
[00007284] 5 | 11 0 9 10 2 8 _ 3 _ _ 6 1 
[00007285] 4 | 11 0 9 10 2 8 _ 3 7 _ 6 1 
[00007286] 3 | 11 0 9 10 2 8 5 3 7 _ 6 1 
[00007287] 3 | 11 0 9 10 2 8 _ 3 7 4 6 1 
[00007288] 6 | 11 0 9 10 2 _ 8 3 _ _ _ _ 
[00007289] 5 | 11 0 9 10 2 7 8 3 _ _ _ _ 
[00007290] 4 | 11 0 9 10 2 7 8 3 1 5 _ _ 
[00007291] 3 | 11 0 9 10 2 7 8 3 1 5 6 _ 
[00007292] 2 | 11 0 9 10 2 7 8 3 1 5 6 4 
[00007293] 4 | 11 0 9 10 2 7 8 3 5 1 _ _ 
[00007294] 3 | 11 0 9 10 2 7 8 3 5 1 6 _ 
[00007295] 2 | 11 0 9 10 2 7 8 3 5 1 6 4 
[00007296] 4 | 11 0 9 10 2 7 8 3 _ _ 1 5 
[00007297] 3 | 11 0 9 10 2 7 8 3 6 _ 1 5 
[00007298] 2 | 11 0 9 10 2 7 8 3 6 4 1 5 
[00007299] 4 | 11 0 9 10 2 7 8 3 _ _ 5 1 
[00007300] 3 | 11 0 9 10 2 7 8 3 6 _ 5 1 
[00007301] 2 | 11 0 9 10 2 7 8 3 6 4 5 1 
[00007302] 5 | 11 0 9 10 2 _ 8 3 1 6 _ _ 
[00007303] 4 | 11 0 9 10 2 _ 8 3 1 6 7 _ 
[00007304] 3 | 11 0 9 10 2 5 8 3 1 6 7 _ 
[00007305] 3 | 11 0 9 10 2 _ 8 3 1 6 7 4 
[00007306] 5 | 11 0 9 10 2 _ 8 3 6 1 _ _ 
[00007307] 4 | 11 0 9 10 2 _ 8 3 6 1 7 _ 
[00007308] 3 | 11 0 9 10 2 5 8 3 6 1 7 _ 
[00007309] 3 | 11 0 9 10 2 _ 8 3 6 1 7 4 
[00007310] 5 | 11 0 9 10 2 _ 8 3 _ _ 1 6 
[00007311] 4 | 11 0 9 10 2 _ 8 3 7 _ 1 6 
[00007312] 3 | 11 0 9 10 2 5 8 3 7 _ 1 6 
[00007313] 3 | 11 0 9 10 2 _ 8 3 7 4 1 6 
[00007314] 5 | 11 0 9 10 2 _ 8 3 _ _ 6 1 
[00007315] 4 | 11 0 9 10 2 _ 8 3 7 _ 6 1 
[00007316] 3 | 11 0 9 10 2 5 8 3 7 _ 6 1 
[00007317] 3 | 11 0 9 10 2 _ 8 3 7 4 6 1 
[00007318] 6 | 11 0 9 10 2 _ _ 3 1 7 _ _ 
[00007319] 5 | 11 0 9 10 2 _ _ 3 1 7 8 _ 
[00007320] 4 | 11 0 9 10 2 6 _ 3 1 7 8 _ 
[00007321] 3 | 11 0 9 10 2 6 5 3 1 7 8 _ 
[00007322] 3 | 11 0 9 10 2 6 _ 3 1 7 8 5 
[00007323] 2 | 11 0 9 10 2 6 4 3 1 7 8 5 
[00007324] 4 | 11 0 9 10 2 _ 6 3 1 7 8 _ 
[00007325] 3 | 11 0 9 10 2 5 6 3 1 7 8 _ 
[00007326] 3 | 11 0 9 10 2 _ 6 3 1 7 8 5 
[00007327] 2 | 11 0 9 10 2 4 6 3 1 7 8 5 
[00007328] 4 | 11 0 9 10 2 _ _ 3 1 7 8 4 
[00007329] 3 | 11 0 9 10 2 5 _ 3 1 7 8 4 
[00007330] 3 | 11 0 9 10 2 _ 5 3 1 7 8 4 
[00007331] 6 | 11 0 9 10 2 _ _ 3 7 1 _ _ 
[00007332] 5 | 11 0 9 10 2 _ _ 3 7 1 8 _ 
[00007333] 4 | 11 0 9 10 2 6 _ 3 7 1 8 _ 
[00007334] 3 | 11 0 9 10 2 6 5 3 7 1 8 _ 
[00007335] 3 | 11 0 9 10 2 6 _ 3 7 1 8 5 
[00007336] 2 | 11 0 9 10 2 6 4 3 7 1 8 5 
[00007337] 4 | 11 0 9 10 2 _ 6 3 7 1 8 _ 
[00007338] 3 | 11 0 9 10 2 5 6 3 7 1 8 _ 
[00007339] 3 | 11 0 9 10 2 _ 6 3 7 1 8 5 
[00007340] 2 | 11 0 9 10 2 4 6 3 7 1 8 5 
[00007341] 4 | 11 0 9 10 2 _ _ 3 7 1 8 4 
[00007342] 3 | 11 0 9 10 2 5 _ 3 7 1 8 4 
[00007343] 3 | 11 0 9 10 2 _ 5 3 7 1 8 4 
[00007344] 6 | 11 0 9 10 2 _ _ 3 _ _ 1 7 
[00007345] 5 | 11 0 9 10 2 _ _ 3 8 _ 1 7 
[00007346] 4 | 11 0 9 10 2 6 _ 3 8 _ 1 7 
[00007347] 3 | 11 0 9 10 2 6 5 3 8 _ 1 7 
[00007348] 3 | 11 0 9 10 2 6 _ 3 8 5 1 7 
[00007349] 2 | 11 0 9 10 2 6 4 3 8 5 1 7 
[00007350] 4 | 11 0 9 10 2 _ 6 3 8 _ 1 7 
[00007351] 3 | 11 0 9 10 2 5 6 3 8 _ 1 7 
[00007352] 3 | 11 0 9 10 2 _ 6 3 8 5 1 7 
[00007353] 2 | 11 0 9 10 2 4 6 3 8 5 1 7 
[00007354] 4 | 11 0 9 10 2 _ _ 3 8 4 1 7 
[00007355] 3 | 11 0 9 10 2 5 _ 3 8 4 1 7 
[00007356] 3 | 11 0 9 10 2 _ 5 3 8 4 1 7 
[00007357] 6 | 11 0 9 10 2 _ _ 3 _ _ 7 1 
[00007358] 5 | 11 0 9 10 2 _ _ 3 8 _ 7 1 
[00007359] 4 | 11 0 9 10 2 6 _ 3 8 _ 7 1 
[00007360] 3 | 11 0 9 10 2 6 5 3 8 _ 7 1 
[00007361] 3 | 11 0 9 10 2 6 _ 3 8 5 7 1 
[00007362] 2 | 11 0 9 10 2 6 4 3 8 5 7 1 
[00007363] 4 | 11 0 9 10 2 _ 6 3 8 _ 7 1 
[00007364] 3 | 11 0 9 10 2 5 6 3 8 _ 7 1 
[00007365] 3 | 11 0 9 10 2 _ 6 3 8 5 7 1 
[00007366] 2 | 11 0 9 10 2 4 6 3 8 5 7 1 
[00007367] 4 | 11 0 9 10 2 _ _ 3 8 4 7 1 
[00007368] 3 | 11 0 9 10 2 5 _ 3 8 4 7 1 
[00007369] 3 | 11 0 9 10 2 _ 5 3 8 4 7 1 
[00007370] 7 | 11 0 9 10 2 _ _ 1 8 _ _ _ 
[00007371] 6 | 11 0 9 10 2 8 _ 1 8 _ _ _ 
[00007372] 5 | 11 0 9 10 2 8 7 1 8 _ _ _ 
[00007373] 4 | 11 0 9 10 2 8 7 1 8 _ 5 _ 
[00007374] 5 | 11 0 9 10 2 8 _ 1 8 _ 6 _ 
[00007375] 4 | 11 0 9 10 2 8 6 1 8 _ 6 _ 
[00007376] 4 | 11 0 9 10 2 8 _ 1 8 _ 6 2 
[00007377] 6 | 11 0 9 10 2 _ 8 1 8 _ _ _ 
[00007378] 5 | 11 0 9 10 2 7 8 1 8 _ _ _ 
[00007379] 4 | 11 0 9 10 2 7 8 1 8 _ 5 _ 
[00007380] 5 | 11 0 9 10 2 _ 8 1 8 _ 6 _ 
[00007381] 4 | 11 0 9 10 2 6 8 1 8 _ 6 _ 
[00007382] 4 | 11 0 9 10 2 _ 8 1 8 _ 6 2 
[00007383] 6 | 11 0 9 10 2 _ _ 1 8 2 _ _ 
[00007384] 5 | 11 0 9 10 2 _ _ 1 8 2 6 _ 
[00007385] 6 | 11 0 9 10 2 _ _ 1 8 _ 7 _ 
[00007386] 5 | 11 0 9 10 2 7 _ 1 8 _ 7 _ 
[00007387] 4 | 11 0 9 10 2 7 6 1 8 _ 7 _ 
[00007388] 3 | 11 0 9 10 2 7 6 1 8 5 7 _ 
[00007389] 4 | 11 0 9 10 2 7 _ 1 8 4 7 _ 
[00007390] 3 | 11 0 9 10 2 7 5 1 8 4 7 _ 
[00007391] 5 | 11 0 9 10 2 _ 7 1 8 _ 7 _ 
[00007392] 4 | 11 0 9 10 2 6 7 1 8 _ 7 _ 
[00007393] 3 | 11 0 9 10 2 6 7 1 8 5 7 _ 
[00007394] 4 | 11 0 9 10 2 _ 7 1 8 4 7 _ 
[00007395] 3 | 11 0 9 10 2 5 7 1 8 4 7 _ 
