[00228045] 3 | 5 10 6 0 7 4 _ 11 3 9 2 _ 
[00228046] 3 | 5 10 6 0 7 _ 4 11 3 9 2 _ 
[00228047] 4 | 5 10 _ 0 7 _ _ 11 3 9 2 6 
[00228048] 3 | 5 10 7 0 7 _ _ 11 3 9 2 6 
[00228049] 3 | 5 10 _ 0 7 4 _ 11 3 9 2 6 
[00228050] 2 | 5 10 8 0 7 4 _ 11 3 9 2 6 
[00228051] 3 | 5 10 _ 0 7 10 _ 11 3 9 2 6 
[00228052] 3 | 5 10 _ 0 7 _ 4 11 3 9 2 6 
[00228053] 2 | 5 10 8 0 7 _ 4 11 3 9 2 6 
[00228054] 3 | 5 10 _ 0 7 _ 10 11 3 9 2 6 
[00228055] 5 | _ 10 5 0 7 _ _ 11 3 9 2 _ 
[00228056] 4 | 6 10 5 0 7 _ _ 11 3 9 2 _ 
[00228057] 3 | 6 10 5 0 7 4 _ 11 3 9 2 _ 
[00228058] 3 | 6 10 5 0 7 _ 4 11 3 9 2 _ 
[00228059] 4 | _ 10 5 0 7 _ _ 11 3 9 2 6 
[00228060] 3 | 7 10 5 0 7 _ _ 11 3 9 2 6 
[00228061] 3 | _ 10 5 0 7 4 _ 11 3 9 2 6 
[00228062] 2 | 8 10 5 0 7 4 _ 11 3 9 2 6 
[00228063] 3 | _ 10 5 0 7 10 _ 11 3 9 2 6 
[00228064] 3 | _ 10 5 0 7 _ 4 11 3 9 2 6 
[00228065] 2 | 8 10 5 0 7 _ 4 11 3 9 2 6 
[00228066] 3 | _ 10 5 0 7 _ 10 11 3 9 2 6 
[00228067] 5 | _ 10 _ 0 7 2 _ 11 3 9 2 _ 
[00228068] 4 | 6 10 _ 0 7 2 _ 11 3 9 2 _ 
[00228069] 3 | 6 10 7 0 7 2 _ 11 3 9 2 _ 
[00228070] 3 | 6 10 _ 0 7 2 4 11 3 9 2 _ 
[00228071] 2 | 6 10 8 0 7 2 4 11 3 9 2 _ 
[00228072] 3 | 6 10 _ 0 7 2 10 11 3 9 2 _ 
[00228073] 4 | _ 10 6 0 7 2 _ 11 3 9 2 _ 
[00228074] 3 | 7 10 6 0 7 2 _ 11 3 9 2 _ 
[00228075] 3 | _ 10 6 0 7 2 4 11 3 9 2 _ 
[00228076] 2 | 8 10 6 0 7 2 4 11 3 9 2 _ 
[00228077] 3 | _ 10 6 0 7 2 10 11 3 9 2 _ 
[00228078] 5 | _ 10 _ 0 7 _ 2 11 3 9 2 _ 
[00228079] 4 | 6 10 _ 0 7 _ 2 11 3 9 2 _ 
[00228080] 3 | 6 10 7 0 7 _ 2 11 3 9 2 _ 
[00228081] 3 | 6 10 _ 0 7 4 2 11 3 9 2 _ 
[00228082] 2 | 6 10 8 0 7 4 2 11 3 9 2 _ 
[00228083] 3 | 6 10 _ 0 7 10 2 11 3 9 2 _ 
[00228084] 4 | _ 10 6 0 7 _ 2 11 3 9 2 _ 
[00228085] 3 | 7 10 6 0 7 _ 2 11 3 9 2 _ 
[00228086] 3 | _ 10 6 0 7 4 2 11 3 9 2 _ 
[00228087] 2 | 8 10 6 0 7 4 2 11 3 9 2 _ 
[00228088] 3 | _ 10 6 0 7 10 2 11 3 9 2 _ 
[00228089] 5 | _ 10 _ 0 7 _ _ 11 3 9 2 7 
[00228090] 4 | 6 10 _ 0 7 _ _ 11 3 9 2 7 
[00228091] 4 | _ 10 6 0 7 _ _ 11 3 9 2 7 
[00228092] 6 | _ 10 _ 0 7 _ _ 11 3 _ 2 8 
[00228093] 5 | 5 10 _ 0 7 _ _ 11 3 _ 2 8 
[00228094] 4 | 5 10 6 0 7 _ _ 11 3 _ 2 8 
[00228095] 3 | 5 10 6 0 7 4 _ 11 3 _ 2 8 
[00228096] 2 | 5 10 6 0 7 4 9 11 3 _ 2 8 
[00228097] 2 | 5 10 6 0 7 4 _ 11 3 1 2 8 
[00228098] 3 | 5 10 6 0 7 _ 4 11 3 _ 2 8 
[00228099] 2 | 5 10 6 0 7 9 4 11 3 _ 2 8 
[00228100] 2 | 5 10 6 0 7 _ 4 11 3 1 2 8 
[00228101] 4 | 5 10 _ 0 7 3 _ 11 3 _ 2 8 
[00228102] 3 | 5 10 7 0 7 3 _ 11 3 _ 2 8 
[00228103] 3 | 5 10 _ 0 7 3 4 11 3 _ 2 8 
[00228104] 3 | 5 10 _ 0 7 3 10 11 3 _ 2 8 
[00228105] 4 | 5 10 _ 0 7 _ 3 11 3 _ 2 8 
[00228106] 3 | 5 10 7 0 7 _ 3 11 3 _ 2 8 
[00228107] 3 | 5 10 _ 0 7 4 3 11 3 _ 2 8 
[00228108] 3 | 5 10 _ 0 7 10 3 11 3 _ 2 8 
[00228109] 4 | 5 10 _ 0 7 _ _ 11 3 7 2 8 
[00228110] 5 | _ 10 5 0 7 _ _ 11 3 _ 2 8 
[00228111] 4 | 6 10 5 0 7 _ _ 11 3 _ 2 8 
[00228112] 3 | 6 10 5 0 7 4 _ 11 3 _ 2 8 
[00228113] 2 | 6 10 5 0 7 4 9 11 3 _ 2 8 
[00228114] 2 | 6 10 5 0 7 4 _ 11 3 1 2 8 
[00228115] 3 | 6 10 5 0 7 _ 4 11 3 _ 2 8 
[00228116] 2 | 6 10 5 0 7 9 4 11 3 _ 2 8 
[00228117] 2 | 6 10 5 0 7 _ 4 11 3 1 2 8 
[00228118] 4 | _ 10 5 0 7 3 _ 11 3 _ 2 8 
[00228119] 3 | 7 10 5 0 7 3 _ 11 3 _ 2 8 
[00228120] 3 | _ 10 5 0 7 3 4 11 3 _ 2 8 
[00228121] 3 | _ 10 5 0 7 3 10 11 3 _ 2 8 
[00228122] 4 | _ 10 5 0 7 _ 3 11 3 _ 2 8 
[00228123] 3 | 7 10 5 0 7 _ 3 11 3 _ 2 8 
[00228124] 3 | _ 10 5 0 7 4 3 11 3 _ 2 8 
[00228125] 3 | _ 10 5 0 7 10 3 11 3 _ 2 8 
[00228126] 4 | _ 10 5 0 7 _ _ 11 3 7 2 8 
[00228127] 7 | _ 10 _ 0 1 8 _ 11 3 _ 2 _ 
[00228128] 6 | 4 10 _ 0 1 8 _ 11 3 _ 2 _ 
[00228129] 5 | 4 10 5 0 1 8 _ 11 3 _ 2 _ 
[00228130] 4 | 4 10 5 0 1 8 _ 11 3 7 2 _ 
[00228131] 4 | 4 10 5 0 1 8 _ 11 3 _ 2 6 
[00228132] 5 | 4 10 _ 0 1 8 6 11 3 _ 2 _ 
[00228133] 4 | 4 10 _ 0 1 8 6 11 3 7 2 _ 
[00228134] 3 | 4 10 _ 0 1 8 6 11 3 7 2 5 
[00228135] 5 | 4 10 _ 0 1 8 _ 11 3 _ 2 7 
[00228136] 4 | 4 10 6 0 1 8 _ 11 3 _ 2 7 
[00228137] 4 | 4 10 _ 0 1 8 5 11 3 _ 2 7 
[00228138] 3 | 4 10 _ 0 1 8 5 11 3 6 2 7 
[00228139] 6 | _ 10 4 0 1 8 _ 11 3 _ 2 _ 
[00228140] 5 | 5 10 4 0 1 8 _ 11 3 _ 2 _ 
[00228141] 4 | 5 10 4 0 1 8 _ 11 3 7 2 _ 
[00228142] 4 | 5 10 4 0 1 8 _ 11 3 _ 2 6 
[00228143] 5 | _ 10 4 0 1 8 6 11 3 _ 2 _ 
[00228144] 4 | _ 10 4 0 1 8 6 11 3 7 2 _ 
[00228145] 3 | _ 10 4 0 1 8 6 11 3 7 2 5 
[00228146] 5 | _ 10 4 0 1 8 _ 11 3 _ 2 7 
[00228147] 4 | 6 10 4 0 1 8 _ 11 3 _ 2 7 
[00228148] 4 | _ 10 4 0 1 8 5 11 3 _ 2 7 
[00228149] 3 | _ 10 4 0 1 8 5 11 3 6 2 7 
[00228150] 6 | _ 10 _ 0 1 8 7 11 3 _ 2 _ 
[00228151] 5 | 5 10 _ 0 1 8 7 11 3 _ 2 _ 
[00228152] 4 | 5 10 6 0 1 8 7 11 3 _ 2 _ 
[00228153] 4 | 5 10 _ 0 1 8 7 11 3 _ 2 6 
[00228154] 5 | _ 10 5 0 1 8 7 11 3 _ 2 _ 
[00228155] 4 | 6 10 5 0 1 8 7 11 3 _ 2 _ 
[00228156] 4 | _ 10 5 0 1 8 7 11 3 _ 2 6 
[00228157] 6 | _ 10 _ 0 1 8 _ 11 3 9 2 _ 
[00228158] 5 | 5 10 _ 0 1 8 _ 11 3 9 2 _ 
[00228159] 4 | 5 10 6 0 1 8 _ 11 3 9 2 _ 
[00228160] 3 | 5 10 6 0 1 8 4 11 3 9 2 _ 
[00228161] 4 | 5 10 _ 0 1 8 _ 11 3 9 2 6 
[00228162] 3 | 5 10 7 0 1 8 _ 11 3 9 2 6 
[00228163] 3 | 5 10 _ 0 1 8 4 11 3 9 2 6 
[00228164] 5 | _ 10 5 0 1 8 _ 11 3 9 2 _ 
[00228165] 4 | 6 10 5 0 1 8 _ 11 3 9 2 _ 
[00228166] 3 | 6 10 5 0 1 8 4 11 3 9 2 _ 
[00228167] 4 | _ 10 5 0 1 8 _ 11 3 9 2 6 
[00228168] 3 | 7 10 5 0 1 8 _ 11 3 9 2 6 
[00228169] 3 | _ 10 5 0 1 8 4 11 3 9 2 6 
[00228170] 5 | _ 10 _ 0 1 8 6 11 3 9 2 _ 
[00228171] 5 | _ 10 _ 0 1 8 _ 11 3 9 2 7 
[00228172] 4 | 6 10 _ 0 1 8 _ 11 3 9 2 7 
[00228173] 3 | 6 10 _ 0 1 8 4 11 3 9 2 7 
[00228174] 4 | _ 10 6 0 1 8 _ 11 3 9 2 7 
[00228175] 3 | _ 10 6 0 1 8 4 11 3 9 2 7 
[00228176] 4 | _ 10 _ 0 1 8 5 11 3 9 2 7 
[00228177] 7 | _ 10 _ 0 8 1 _ 11 3 _ 2 _ 
[00228178] 6 | 4 10 _ 0 8 1 _ 11 3 _ 2 _ 
[00228179] 5 | 4 10 5 0 8 1 _ 11 3 _ 2 _ 
[00228180] 4 | 4 10 5 0 8 1 _ 11 3 7 2 _ 
[00228181] 4 | 4 10 5 0 8 1 _ 11 3 _ 2 6 
[00228182] 5 | 4 10 _ 0 8 1 3 11 3 _ 2 _ 
[00228183] 4 | 4 10 6 0 8 1 3 11 3 _ 2 _ 
[00228184] 3 | 4 10 6 0 8 1 3 11 3 _ 2 5 
[00228185] 4 | 4 10 _ 0 8 1 3 11 3 _ 2 6 
[00228186] 3 | 4 10 7 0 8 1 3 11 3 _ 2 6 
[00228187] 5 | 4 10 _ 0 8 1 _ 11 3 8 2 _ 
[00228188] 4 | 4 10 6 0 8 1 _ 11 3 8 2 _ 
[00228189] 3 | 4 10 6 0 8 1 _ 11 3 8 2 5 
[00228190] 4 | 4 10 _ 0 8 1 _ 11 3 8 2 6 
[00228191] 3 | 4 10 7 0 8 1 _ 11 3 8 2 6 
[00228192] 5 | 4 10 _ 0 8 1 _ 11 3 _ 2 7 
[00228193] 4 | 4 10 6 0 8 1 _ 11 3 _ 2 7 
[00228194] 3 | 4 10 6 0 8 1 5 11 3 _ 2 7 
[00228195] 6 | _ 10 4 0 8 1 _ 11 3 _ 2 _ 
[00228196] 5 | 5 10 4 0 8 1 _ 11 3 _ 2 _ 
[00228197] 4 | 5 10 4 0 8 1 _ 11 3 7 2 _ 
[00228198] 4 | 5 10 4 0 8 1 _ 11 3 _ 2 6 
[00228199] 5 | _ 10 4 0 8 1 3 11 3 _ 2 _ 
[00228200] 4 | 6 10 4 0 8 1 3 11 3 _ 2 _ 
[00228201] 3 | 6 10 4 0 8 1 3 11 3 _ 2 5 
[00228202] 4 | _ 10 4 0 8 1 3 11 3 _ 2 6 
[00228203] 3 | 7 10 4 0 8 1 3 11 3 _ 2 6 
[00228204] 5 | _ 10 4 0 8 1 _ 11 3 8 2 _ 
[00228205] 4 | 6 10 4 0 8 1 _ 11 3 8 2 _ 
[00228206] 3 | 6 10 4 0 8 1 _ 11 3 8 2 5 
[00228207] 4 | _ 10 4 0 8 1 _ 11 3 8 2 6 
[00228208] 3 | 7 10 4 0 8 1 _ 11 3 8 2 6 
[00228209] 5 | _ 10 4 0 8 1 _ 11 3 _ 2 7 
[00228210] 4 | 6 10 4 0 8 1 _ 11 3 _ 2 7 
[00228211] 3 | 6 10 4 0 8 1 5 11 3 _ 2 7 
[00228212] 6 | _ 10 _ 0 8 1 2 11 3 _ 2 _ 
[00228213] 5 | 5 10 _ 0 8 1 2 11 3 _ 2 _ 
[00228214] 4 | 5 10 6 0 8 1 2 11 3 _ 2 _ 
[00228215] 4 | 5 10 _ 0 8 1 2 11 3 7 2 _ 
[00228216] 5 | _ 10 5 0 8 1 2 11 3 _ 2 _ 
[00228217] 4 | 6 10 5 0 8 1 2 11 3 _ 2 _ 
[00228218] 4 | _ 10 5 0 8 1 2 11 3 7 2 _ 
[00228219] 6 | _ 10 _ 0 8 1 _ 11 3 9 2 _ 
[00228220] 5 | 5 10 _ 0 8 1 _ 11 3 9 2 _ 
[00228221] 4 | 5 10 6 0 8 1 _ 11 3 9 2 _ 
[00228222] 4 | 5 10 _ 0 8 1 4 11 3 9 2 _ 
[00228223] 3 | 5 10 7 0 8 1 4 11 3 9 2 _ 
[00228224] 4 | 5 10 _ 0 8 1 _ 11 3 9 2 6 
[00228225] 3 | 5 10 7 0 8 1 _ 11 3 9 2 6 
[00228226] 5 | _ 10 5 0 8 1 _ 11 3 9 2 _ 
[00228227] 4 | 6 10 5 0 8 1 _ 11 3 9 2 _ 
[00228228] 4 | _ 10 5 0 8 1 4 11 3 9 2 _ 
[00228229] 3 | 7 10 5 0 8 1 4 11 3 9 2 _ 
[00228230] 4 | _ 10 5 0 8 1 _ 11 3 9 2 6 
[00228231] 3 | 7 10 5 0 8 1 _ 11 3 9 2 6 
[00228232] 5 | _ 10 _ 0 8 1 _ 11 3 9 2 7 
[00228233] 4 | 6 10 _ 0 8 1 _ 11 3 9 2 7 
[00228234] 3 | 6 10 _ 0 8 1 5 11 3 9 2 7 
[00228235] 4 | _ 10 6 0 8 1 _ 11 3 9 2 7 
[00228236] 3 | _ 10 6 0 8 1 5 11 3 9 2 7 
[00228237] 4 | _ 10 _ 0 8 1 4 11 3 9 2 7 
[00228238] 6 | _ 10 _ 0 8 1 _ 11 3 _ 2 8 
[00228239] 5 | 5 10 _ 0 8 1 _ 11 3 _ 2 8 
[00228240] 4 | 5 10 6 0 8 1 _ 11 3 _ 2 8 
[00228241] 4 | 5 10 _ 0 8 1 _ 11 3 7 2 8 
[00228242] 5 | _ 10 5 0 8 1 _ 11 3 _ 2 8 
[00228243] 4 | 6 10 5 0 8 1 _ 11 3 _ 2 8 
[00228244] 4 | _ 10 5 0 8 1 _ 11 3 7 2 8 
[00228245] 7 | _ 10 _ 0 1 _ 8 11 3 _ 2 _ 
[00228246] 6 | 4 10 _ 0 1 _ 8 11 3 _ 2 _ 
[00228247] 5 | 4 10 5 0 1 _ 8 11 3 _ 2 _ 
[00228248] 4 | 4 10 5 0 1 _ 8 11 3 7 2 _ 
[00228249] 4 | 4 10 5 0 1 _ 8 11 3 _ 2 6 
[00228250] 5 | 4 10 _ 0 1 6 8 11 3 _ 2 _ 
[00228251] 4 | 4 10 _ 0 1 6 8 11 3 7 2 _ 
[00228252] 3 | 4 10 _ 0 1 6 8 11 3 7 2 5 
[00228253] 5 | 4 10 _ 0 1 _ 8 11 3 _ 2 7 
[00228254] 4 | 4 10 6 0 1 _ 8 11 3 _ 2 7 
[00228255] 4 | 4 10 _ 0 1 5 8 11 3 _ 2 7 
[00228256] 3 | 4 10 _ 0 1 5 8 11 3 6 2 7 
[00228257] 6 | _ 10 4 0 1 _ 8 11 3 _ 2 _ 
[00228258] 5 | 5 10 4 0 1 _ 8 11 3 _ 2 _ 
[00228259] 4 | 5 10 4 0 1 _ 8 11 3 7 2 _ 
[00228260] 4 | 5 10 4 0 1 _ 8 11 3 _ 2 6 
[00228261] 5 | _ 10 4 0 1 6 8 11 3 _ 2 _ 
[00228262] 4 | _ 10 4 0 1 6 8 11 3 7 2 _ 
[00228263] 3 | _ 10 4 0 1 6 8 11 3 7 2 5 
[00228264] 5 | _ 10 4 0 1 _ 8 11 3 _ 2 7 
[00228265] 4 | 6 10 4 0 1 _ 8 11 3 _ 2 7 
[00228266] 4 | _ 10 4 0 1 5 8 11 3 _ 2 7 
[00228267] 3 | _ 10 4 0 1 5 8 11 3 6 2 7 
[00228268] 6 | _ 10 _ 0 1 7 8 11 3 _ 2 _ 
[00228269] 5 | 5 10 _ 0 1 7 8 11 3 _ 2 _ 
[00228270] 4 | 5 10 6 0 1 7 8 11 3 _ 2 _ 
[00228271] 4 | 5 10 _ 0 1 7 8 11 3 _ 2 6 
[00228272] 5 | _ 10 5 0 1 7 8 11 3 _ 2 _ 
[00228273] 4 | 6 10 5 0 1 7 8 11 3 _ 2 _ 
[00228274] 4 | _ 10 5 0 1 7 8 11 3 _ 2 6 
[00228275] 6 | _ 10 _ 0 1 _ 8 11 3 9 2 _ 
[00228276] 5 | 5 10 _ 0 1 _ 8 11 3 9 2 _ 
[00228277] 4 | 5 10 6 0 1 _ 8 11 3 9 2 _ 
[00228278] 3 | 5 10 6 0 1 4 8 11 3 9 2 _ 
[00228279] 4 | 5 10 _ 0 1 _ 8 11 3 9 2 6 
[00228280] 3 | 5 10 7 0 1 _ 8 11 3 9 2 6 
[00228281] 3 | 5 10 _ 0 1 4 8 11 3 9 2 6 
[00228282] 5 | _ 10 5 0 1 _ 8 11 3 9 2 _ 
[00228283] 4 | 6 10 5 0 1 _ 8 11 3 9 2 _ 
[00228284] 3 | 6 10 5 0 1 4 8 11 3 9 2 _ 
[00228285] 4 | _ 10 5 0 1 _ 8 11 3 9 2 6 
[00228286] 3 | 7 10 5 0 1 _ 8 11 3 9 2 6 
[00228287] 3 | _ 10 5 0 1 4 8 11 3 9 2 6 
[00228288] 5 | _ 10 _ 0 1 6 8 11 3 9 2 _ 
[00228289] 5 | _ 10 _ 0 1 _ 8 11 3 9 2 7 
[00228290] 4 | 6 10 _ 0 1 _ 8 11 3 9 2 7 
[00228291] 3 | 6 10 _ 0 1 4 8 11 3 9 2 7 
[00228292] 4 | _ 10 6 0 1 _ 8 11 3 9 2 7 
[00228293] 3 | _ 10 6 0 1 4 8 11 3 9 2 7 
[00228294] 4 | _ 10 _ 0 1 5 8 11 3 9 2 7 
[00228295] 7 | _ 10 _ 0 8 _ 1 11 3 _ 2 _ 
[00228296] 6 | 4 10 _ 0 8 _ 1 11 3 _ 2 _ 
[00228297] 5 | 4 10 5 0 8 _ 1 11 3 _ 2 _ 
[00228298] 4 | 4 10 5 0 8 _ 1 11 3 7 2 _ 
[00228299] 4 | 4 10 5 0 8 _ 1 11 3 _ 2 6 
[00228300] 5 | 4 10 _ 0 8 3 1 11 3 _ 2 _ 
[00228301] 4 | 4 10 6 0 8 3 1 11 3 _ 2 _ 
[00228302] 3 | 4 10 6 0 8 3 1 11 3 _ 2 5 
[00228303] 4 | 4 10 _ 0 8 3 1 11 3 _ 2 6 
[00228304] 3 | 4 10 7 0 8 3 1 11 3 _ 2 6 
[00228305] 5 | 4 10 _ 0 8 _ 1 11 3 8 2 _ 
[00228306] 4 | 4 10 6 0 8 _ 1 11 3 8 2 _ 
[00228307] 3 | 4 10 6 0 8 _ 1 11 3 8 2 5 
[00228308] 4 | 4 10 _ 0 8 _ 1 11 3 8 2 6 
[00228309] 3 | 4 10 7 0 8 _ 1 11 3 8 2 6 
[00228310] 5 | 4 10 _ 0 8 _ 1 11 3 _ 2 7 
[00228311] 4 | 4 10 6 0 8 _ 1 11 3 _ 2 7 
[00228312] 3 | 4 10 6 0 8 5 1 11 3 _ 2 7 
[00228313] 6 | _ 10 4 0 8 _ 1 11 3 _ 2 _ 
[00228314] 5 | 5 10 4 0 8 _ 1 11 3 _ 2 _ 
[00228315] 4 | 5 10 4 0 8 _ 1 11 3 7 2 _ 
[00228316] 4 | 5 10 4 0 8 _ 1 11 3 _ 2 6 
[00228317] 5 | _ 10 4 0 8 3 1 11 3 _ 2 _ 
[00228318] 4 | 6 10 4 0 8 3 1 11 3 _ 2 _ 
[00228319] 3 | 6 10 4 0 8 3 1 11 3 _ 2 5 
[00228320] 4 | _ 10 4 0 8 3 1 11 3 _ 2 6 
[00228321] 3 | 7 10 4 0 8 3 1 11 3 _ 2 6 
[00228322] 5 | _ 10 4 0 8 _ 1 11 3 8 2 _ 
[00228323] 4 | 6 10 4 0 8 _ 1 11 3 8 2 _ 
[00228324] 3 | 6 10 4 0 8 _ 1 11 3 8 2 5 
[00228325] 4 | _ 10 4 0 8 _ 1 11 3 8 2 6 
[00228326] 3 | 7 10 4 0 8 _ 1 11 3 8 2 6 
[00228327] 5 | _ 10 4 0 8 _ 1 11 3 _ 2 7 
[00228328] 4 | 6 10 4 0 8 _ 1 11 3 _ 2 7 
[00228329] 3 | 6 10 4 0 8 5 1 11 3 _ 2 7 
[00228330] 6 | _ 10 _ 0 8 2 1 11 3 _ 2 _ 
[00228331] 5 | 5 10 _ 0 8 2 1 11 3 _ 2 _ 
[00228332] 4 | 5 10 6 0 8 2 1 11 3 _ 2 _ 
[00228333] 4 | 5 10 _ 0 8 2 1 11 3 7 2 _ 
[00228334] 5 | _ 10 5 0 8 2 1 11 3 _ 2 _ 
[00228335] 4 | 6 10 5 0 8 2 1 11 3 _ 2 _ 
[00228336] 4 | _ 10 5 0 8 2 1 11 3 7 2 _ 
[00228337] 6 | _ 10 _ 0 8 _ 1 11 3 9 2 _ 
[00228338] 5 | 5 10 _ 0 8 _ 1 11 3 9 2 _ 
[00228339] 4 | 5 10 6 0 8 _ 1 11 3 9 2 _ 
[00228340] 4 | 5 10 _ 0 8 4 1 11 3 9 2 _ 
[00228341] 3 | 5 10 7 0 8 4 1 11 3 9 2 _ 
[00228342] 4 | 5 10 _ 0 8 _ 1 11 3 9 2 6 
[00228343] 3 | 5 10 7 0 8 _ 1 11 3 9 2 6 
[00228344] 5 | _ 10 5 0 8 _ 1 11 3 9 2 _ 
[00228345] 4 | 6 10 5 0 8 _ 1 11 3 9 2 _ 
[00228346] 4 | _ 10 5 0 8 4 1 11 3 9 2 _ 
[00228347] 3 | 7 10 5 0 8 4 1 11 3 9 2 _ 
[00228348] 4 | _ 10 5 0 8 _ 1 11 3 9 2 6 
[00228349] 3 | 7 10 5 0 8 _ 1 11 3 9 2 6 
[00228350] 5 | _ 10 _ 0 8 _ 1 11 3 9 2 7 
[00228351] 4 | 6 10 _ 0 8 _ 1 11 3 9 2 7 
[00228352] 3 | 6 10 _ 0 8 5 1 11 3 9 2 7 
[00228353] 4 | _ 10 6 0 8 _ 1 11 3 9 2 7 
[00228354] 3 | _ 10 6 0 8 5 1 11 3 9 2 7 
[00228355] 4 | _ 10 _ 0 8 4 1 11 3 9 2 7 
[00228356] 6 | _ 10 _ 0 8 _ 1 11 3 _ 2 8 
[00228357] 5 | 5 10 _ 0 8 _ 1 11 3 _ 2 8 
[00228358] 4 | 5 10 6 0 8 _ 1 11 3 _ 2 8 
[00228359] 4 | 5 10 _ 0 8 _ 1 11 3 7 2 8 
[00228360] 5 | _ 10 5 0 8 _ 1 11 3 _ 2 8 
[00228361] 4 | 6 10 5 0 8 _ 1 11 3 _ 2 8 
[00228362] 4 | _ 10 5 0 8 _ 1 11 3 7 2 8 
[00228363] 7 | _ 10 _ 0 _ _ _ 11 3 10 2 _ 
[00228364] 6 | _ 10 _ 0 6 _ _ 11 3 10 2 _ 
[00228365] 5 | _ 10 _ 0 6 1 _ 11 3 10 2 _ 
[00228366] 4 | _ 10 _ 0 6 1 2 11 3 10 2 _ 
[00228367] 4 | _ 10 _ 0 6 1 _ 11 3 10 2 6 
[00228368] 5 | _ 10 _ 0 6 _ 1 11 3 10 2 _ 
[00228369] 4 | _ 10 _ 0 6 2 1 11 3 10 2 _ 
[00228370] 4 | _ 10 _ 0 6 _ 1 11 3 10 2 6 
[00228371] 5 | _ 10 _ 0 6 _ _ 11 3 10 2 7 
[00228372] 6 | _ 10 _ 0 1 7 _ 11 3 10 2 _ 
[00228373] 5 | _ 10 _ 0 1 7 6 11 3 10 2 _ 
[00228374] 6 | _ 10 _ 0 7 1 _ 11 3 10 2 _ 
[00228375] 5 | _ 10 _ 0 7 1 2 11 3 10 2 _ 
[00228376] 5 | _ 10 _ 0 7 1 _ 11 3 10 2 7 
[00228377] 6 | _ 10 _ 0 1 _ 7 11 3 10 2 _ 
[00228378] 5 | _ 10 _ 0 1 6 7 11 3 10 2 _ 
[00228379] 6 | _ 10 _ 0 7 _ 1 11 3 10 2 _ 
[00228380] 5 | _ 10 _ 0 7 2 1 11 3 10 2 _ 
[00228381] 5 | _ 10 _ 0 7 _ 1 11 3 10 2 7 
[00228382] 6 | _ 10 _ 0 _ _ _ 11 3 10 2 8 
[00228383] 5 | _ 10 _ 0 5 _ _ 11 3 10 2 8 
[00228384] 4 | _ 10 _ 0 5 1 _ 11 3 10 2 8 
[00228385] 4 | _ 10 _ 0 5 9 _ 11 3 10 2 8 
[00228386] 4 | _ 10 _ 0 5 _ 1 11 3 10 2 8 
[00228387] 4 | _ 10 _ 0 5 _ 9 11 3 10 2 8 
[00228388] 5 | _ 10 _ 0 1 6 _ 11 3 10 2 8 
[00228389] 4 | _ 10 _ 0 1 6 5 11 3 10 2 8 
[00228390] 5 | _ 10 _ 0 4 9 _ 11 3 10 2 8 
[00228391] 5 | _ 10 _ 0 6 1 _ 11 3 10 2 8 
[00228392] 5 | _ 10 _ 0 9 4 _ 11 3 10 2 8 
[00228393] 4 | _ 10 _ 0 9 4 5 11 3 10 2 8 
[00228394] 5 | _ 10 _ 0 1 _ 6 11 3 10 2 8 
[00228395] 4 | _ 10 _ 0 1 5 6 11 3 10 2 8 
[00228396] 5 | _ 10 _ 0 4 _ 9 11 3 10 2 8 
[00228397] 5 | _ 10 _ 0 6 _ 1 11 3 10 2 8 
[00228398] 5 | _ 10 _ 0 9 _ 4 11 3 10 2 8 
[00228399] 4 | _ 10 _ 0 9 5 4 11 3 10 2 8 
[00228400] 7 | _ 10 _ 0 _ _ _ 11 3 _ 2 9 
[00228401] 6 | 4 10 _ 0 _ _ _ 11 3 _ 2 9 
[00228402] 5 | 4 10 5 0 _ _ _ 11 3 _ 2 9 
[00228403] 4 | 4 10 5 0 _ _ _ 11 3 7 2 9 
[00228404] 5 | 4 10 _ 0 5 _ _ 11 3 _ 2 9 
[00228405] 4 | 4 10 6 0 5 _ _ 11 3 _ 2 9 
[00228406] 3 | 4 10 6 0 5 8 _ 11 3 _ 2 9 
[00228407] 2 | 4 10 6 0 5 8 3 11 3 _ 2 9 
[00228408] 2 | 4 10 6 0 5 8 7 11 3 _ 2 9 
[00228409] 2 | 4 10 6 0 5 8 _ 11 3 1 2 9 
[00228410] 2 | 4 10 6 0 5 8 _ 11 3 5 2 9 
[00228411] 3 | 4 10 6 0 5 _ 8 11 3 _ 2 9 
[00228412] 2 | 4 10 6 0 5 3 8 11 3 _ 2 9 
[00228413] 2 | 4 10 6 0 5 7 8 11 3 _ 2 9 
[00228414] 2 | 4 10 6 0 5 _ 8 11 3 1 2 9 
[00228415] 2 | 4 10 6 0 5 _ 8 11 3 5 2 9 
[00228416] 4 | 4 10 _ 0 5 1 _ 11 3 _ 2 9 
[00228417] 3 | 4 10 7 0 5 1 _ 11 3 _ 2 9 
[00228418] 2 | 4 10 7 0 5 1 3 11 3 _ 2 9 
[00228419] 2 | 4 10 7 0 5 1 _ 11 3 5 2 9 
[00228420] 3 | 4 10 _ 0 5 1 8 11 3 _ 2 9 
[00228421] 3 | 4 10 _ 0 5 1 _ 11 3 6 2 9 
[00228422] 2 | 4 10 8 0 5 1 _ 11 3 6 2 9 
[00228423] 2 | 4 10 _ 0 5 1 7 11 3 6 2 9 
[00228424] 4 | 4 10 _ 0 5 _ 1 11 3 _ 2 9 
[00228425] 3 | 4 10 7 0 5 _ 1 11 3 _ 2 9 
[00228426] 2 | 4 10 7 0 5 3 1 11 3 _ 2 9 
[00228427] 2 | 4 10 7 0 5 _ 1 11 3 5 2 9 
[00228428] 3 | 4 10 _ 0 5 8 1 11 3 _ 2 9 
[00228429] 3 | 4 10 _ 0 5 _ 1 11 3 6 2 9 
[00228430] 2 | 4 10 8 0 5 _ 1 11 3 6 2 9 
[00228431] 2 | 4 10 _ 0 5 7 1 11 3 6 2 9 
[00228432] 4 | 4 10 _ 0 5 _ _ 11 3 7 2 9 
[00228433] 3 | 4 10 _ 0 5 8 _ 11 3 7 2 9 
[00228434] 3 | 4 10 _ 0 5 _ 8 11 3 7 2 9 
[00228435] 5 | 4 10 _ 0 1 6 _ 11 3 _ 2 9 
[00228436] 4 | 4 10 _ 0 1 6 5 11 3 _ 2 9 
[00228437] 3 | 4 10 7 0 1 6 5 11 3 _ 2 9 
[00228438] 4 | 4 10 _ 0 1 6 _ 11 3 7 2 9 
[00228439] 5 | 4 10 _ 0 6 1 _ 11 3 _ 2 9 
[00228440] 4 | 4 10 6 0 6 1 _ 11 3 _ 2 9 
[00228441] 4 | 4 10 _ 0 6 1 10 11 3 _ 2 9 
[00228442] 4 | 4 10 _ 0 6 1 _ 11 3 7 2 9 
[00228443] 5 | 4 10 _ 0 1 _ 6 11 3 _ 2 9 
[00228444] 4 | 4 10 _ 0 1 5 6 11 3 _ 2 9 
[00228445] 3 | 4 10 7 0 1 5 6 11 3 _ 2 9 
[00228446] 4 | 4 10 _ 0 1 _ 6 11 3 7 2 9 
[00228447] 5 | 4 10 _ 0 6 _ 1 11 3 _ 2 9 
[00228448] 4 | 4 10 6 0 6 _ 1 11 3 _ 2 9 
[00228449] 4 | 4 10 _ 0 6 10 1 11 3 _ 2 9 
[00228450] 4 | 4 10 _ 0 6 _ 1 11 3 7 2 9 
[00228451] 5 | 4 10 _ 0 _ _ _ 11 3 8 2 9 
[00228452] 4 | 4 10 6 0 _ _ _ 11 3 8 2 9 
[00228453] 4 | 4 10 _ 0 1 5 _ 11 3 8 2 9 
[00228454] 3 | 4 10 7 0 1 5 _ 11 3 8 2 9 
[00228455] 4 | 4 10 _ 0 5 1 _ 11 3 8 2 9 
[00228456] 3 | 4 10 7 0 5 1 _ 11 3 8 2 9 
[00228457] 4 | 4 10 _ 0 1 _ 5 11 3 8 2 9 
[00228458] 3 | 4 10 7 0 1 _ 5 11 3 8 2 9 
[00228459] 4 | 4 10 _ 0 5 _ 1 11 3 8 2 9 
[00228460] 3 | 4 10 7 0 5 _ 1 11 3 8 2 9 
[00228461] 6 | _ 10 4 0 _ _ _ 11 3 _ 2 9 
[00228462] 5 | 5 10 4 0 _ _ _ 11 3 _ 2 9 
[00228463] 4 | 5 10 4 0 _ _ _ 11 3 7 2 9 
[00228464] 5 | _ 10 4 0 5 _ _ 11 3 _ 2 9 
[00228465] 4 | 6 10 4 0 5 _ _ 11 3 _ 2 9 
[00228466] 3 | 6 10 4 0 5 8 _ 11 3 _ 2 9 
[00228467] 2 | 6 10 4 0 5 8 3 11 3 _ 2 9 
[00228468] 2 | 6 10 4 0 5 8 7 11 3 _ 2 9 
[00228469] 2 | 6 10 4 0 5 8 _ 11 3 1 2 9 
[00228470] 2 | 6 10 4 0 5 8 _ 11 3 5 2 9 
[00228471] 3 | 6 10 4 0 5 _ 8 11 3 _ 2 9 
[00228472] 2 | 6 10 4 0 5 3 8 11 3 _ 2 9 
[00228473] 2 | 6 10 4 0 5 7 8 11 3 _ 2 9 
[00228474] 2 | 6 10 4 0 5 _ 8 11 3 1 2 9 
[00228475] 2 | 6 10 4 0 5 _ 8 11 3 5 2 9 
[00228476] 4 | _ 10 4 0 5 1 _ 11 3 _ 2 9 
[00228477] 3 | 7 10 4 0 5 1 _ 11 3 _ 2 9 
[00228478] 2 | 7 10 4 0 5 1 3 11 3 _ 2 9 
[00228479] 2 | 7 10 4 0 5 1 _ 11 3 5 2 9 
[00228480] 3 | _ 10 4 0 5 1 8 11 3 _ 2 9 
[00228481] 3 | _ 10 4 0 5 1 _ 11 3 6 2 9 
[00228482] 2 | 8 10 4 0 5 1 _ 11 3 6 2 9 
[00228483] 2 | _ 10 4 0 5 1 7 11 3 6 2 9 
[00228484] 4 | _ 10 4 0 5 _ 1 11 3 _ 2 9 
[00228485] 3 | 7 10 4 0 5 _ 1 11 3 _ 2 9 
[00228486] 2 | 7 10 4 0 5 3 1 11 3 _ 2 9 
[00228487] 2 | 7 10 4 0 5 _ 1 11 3 5 2 9 
[00228488] 3 | _ 10 4 0 5 8 1 11 3 _ 2 9 
[00228489] 3 | _ 10 4 0 5 _ 1 11 3 6 2 9 
[00228490] 2 | 8 10 4 0 5 _ 1 11 3 6 2 9 
[00228491] 2 | _ 10 4 0 5 7 1 11 3 6 2 9 
[00228492] 4 | _ 10 4 0 5 _ _ 11 3 7 2 9 
[00228493] 3 | _ 10 4 0 5 8 _ 11 3 7 2 9 
[00228494] 3 | _ 10 4 0 5 _ 8 11 3 7 2 9 
[00228495] 5 | _ 10 4 0 1 6 _ 11 3 _ 2 9 
[00228496] 4 | _ 10 4 0 1 6 5 11 3 _ 2 9 
[00228497] 3 | 7 10 4 0 1 6 5 11 3 _ 2 9 
[00228498] 4 | _ 10 4 0 1 6 _ 11 3 7 2 9 
[00228499] 5 | _ 10 4 0 6 1 _ 11 3 _ 2 9 
[00228500] 4 | 6 10 4 0 6 1 _ 11 3 _ 2 9 
[00228501] 4 | _ 10 4 0 6 1 10 11 3 _ 2 9 
[00228502] 4 | _ 10 4 0 6 1 _ 11 3 7 2 9 
[00228503] 5 | _ 10 4 0 1 _ 6 11 3 _ 2 9 
[00228504] 4 | _ 10 4 0 1 5 6 11 3 _ 2 9 
[00228505] 3 | 7 10 4 0 1 5 6 11 3 _ 2 9 
[00228506] 4 | _ 10 4 0 1 _ 6 11 3 7 2 9 
[00228507] 5 | _ 10 4 0 6 _ 1 11 3 _ 2 9 
[00228508] 4 | 6 10 4 0 6 _ 1 11 3 _ 2 9 
[00228509] 4 | _ 10 4 0 6 10 1 11 3 _ 2 9 
[00228510] 4 | _ 10 4 0 6 _ 1 11 3 7 2 9 
[00228511] 5 | _ 10 4 0 _ _ _ 11 3 8 2 9 
[00228512] 4 | 6 10 4 0 _ _ _ 11 3 8 2 9 
[00228513] 4 | _ 10 4 0 1 5 _ 11 3 8 2 9 
[00228514] 3 | 7 10 4 0 1 5 _ 11 3 8 2 9 
[00228515] 4 | _ 10 4 0 5 1 _ 11 3 8 2 9 
[00228516] 3 | 7 10 4 0 5 1 _ 11 3 8 2 9 
[00228517] 4 | _ 10 4 0 1 _ 5 11 3 8 2 9 
[00228518] 3 | 7 10 4 0 1 _ 5 11 3 8 2 9 
[00228519] 4 | _ 10 4 0 5 _ 1 11 3 8 2 9 
[00228520] 3 | 7 10 4 0 5 _ 1 11 3 8 2 9 
[00228521] 6 | _ 10 _ 0 6 _ _ 11 3 _ 2 9 
[00228522] 5 | 5 10 _ 0 6 _ _ 11 3 _ 2 9 
[00228523] 4 | 5 10 6 0 6 _ _ 11 3 _ 2 9 
[00228524] 4 | 5 10 _ 0 6 10 _ 11 3 _ 2 9 
[00228525] 3 | 5 10 _ 0 6 10 3 11 3 _ 2 9 
[00228526] 3 | 5 10 _ 0 6 10 _ 11 3 6 2 9 
[00228527] 4 | 5 10 _ 0 6 _ 10 11 3 _ 2 9 
[00228528] 3 | 5 10 _ 0 6 3 10 11 3 _ 2 9 
[00228529] 3 | 5 10 _ 0 6 _ 10 11 3 6 2 9 
[00228530] 4 | 5 10 _ 0 6 _ _ 11 3 7 2 9 
[00228531] 5 | _ 10 5 0 6 _ _ 11 3 _ 2 9 
[00228532] 4 | 6 10 5 0 6 _ _ 11 3 _ 2 9 
[00228533] 4 | _ 10 5 0 6 10 _ 11 3 _ 2 9 
[00228534] 3 | _ 10 5 0 6 10 3 11 3 _ 2 9 
[00228535] 3 | _ 10 5 0 6 10 _ 11 3 6 2 9 
[00228536] 4 | _ 10 5 0 6 _ 10 11 3 _ 2 9 
[00228537] 3 | _ 10 5 0 6 3 10 11 3 _ 2 9 
[00228538] 3 | _ 10 5 0 6 _ 10 11 3 6 2 9 
[00228539] 4 | _ 10 5 0 6 _ _ 11 3 7 2 9 
[00228540] 5 | _ 10 _ 0 6 1 _ 11 3 _ 2 9 
[00228541] 4 | 6 10 _ 0 6 1 _ 11 3 _ 2 9 
[00228542] 3 | 6 10 7 0 6 1 _ 11 3 _ 2 9 
[00228543] 2 | 6 10 7 0 6 1 _ 11 3 5 2 9 
[00228544] 4 | _ 10 6 0 6 1 _ 11 3 _ 2 9 
