[00383232] 4 | _ 4 8 10 1 6 7 0 9 2 11 3 
[00383233] 4 | _ 8 4 10 1 6 7 0 9 2 11 3 
[00383234] 3 | 5 8 4 10 1 6 7 0 9 2 11 3 
[00383235] 6 | _ _ _ 10 7 _ 1 0 9 2 11 3 
[00383236] 5 | _ 5 _ 10 7 _ 1 0 9 2 11 3 
[00383237] 9 | _ _ _ 10 _ _ _ 0 _ _ 11 2 
[00383238] 8 | 1 9 _ 10 _ _ _ 0 _ _ 11 2 
[00383239] 7 | 1 9 _ 10 3 _ _ 0 _ _ 11 2 
[00383240] 6 | 1 9 3 10 3 _ _ 0 _ _ 11 2 
[00383241] 5 | 1 9 3 10 3 _ _ 0 5 _ 11 2 
[00383242] 6 | 1 9 _ 10 3 9 _ 0 _ _ 11 2 
[00383243] 5 | 1 9 _ 10 3 9 8 0 _ _ 11 2 
[00383244] 4 | 1 9 _ 10 3 9 8 0 4 _ 11 2 
[00383245] 3 | 1 9 _ 10 3 9 8 0 4 7 11 2 
[00383246] 5 | 1 9 _ 10 3 9 _ 0 5 _ 11 2 
[00383247] 4 | 1 9 _ 10 3 9 7 0 5 _ 11 2 
[00383248] 3 | 1 9 _ 10 3 9 7 0 5 8 11 2 
[00383249] 6 | 1 9 _ 10 3 _ 9 0 _ _ 11 2 
[00383250] 5 | 1 9 _ 10 3 8 9 0 _ _ 11 2 
[00383251] 4 | 1 9 _ 10 3 8 9 0 4 _ 11 2 
[00383252] 3 | 1 9 _ 10 3 8 9 0 4 7 11 2 
[00383253] 5 | 1 9 _ 10 3 _ 9 0 5 _ 11 2 
[00383254] 4 | 1 9 _ 10 3 7 9 0 5 _ 11 2 
[00383255] 3 | 1 9 _ 10 3 7 9 0 5 8 11 2 
[00383256] 6 | 1 9 _ 10 3 _ _ 0 6 _ 11 2 
[00383257] 5 | 1 9 4 10 3 _ _ 0 6 _ 11 2 
[00383258] 4 | 1 9 4 10 3 7 _ 0 6 _ 11 2 
[00383259] 3 | 1 9 4 10 3 7 6 0 6 _ 11 2 
[00383260] 3 | 1 9 4 10 3 7 _ 0 6 3 11 2 
[00383261] 4 | 1 9 4 10 3 _ 7 0 6 _ 11 2 
[00383262] 3 | 1 9 4 10 3 6 7 0 6 _ 11 2 
[00383263] 3 | 1 9 4 10 3 _ 7 0 6 3 11 2 
[00383264] 5 | 1 9 _ 10 3 8 _ 0 6 _ 11 2 
[00383265] 4 | 1 9 5 10 3 8 _ 0 6 _ 11 2 
[00383266] 3 | 1 9 5 10 3 8 6 0 6 _ 11 2 
[00383267] 3 | 1 9 5 10 3 8 _ 0 6 3 11 2 
[00383268] 4 | 1 9 _ 10 3 8 7 0 6 _ 11 2 
[00383269] 3 | 1 9 6 10 3 8 7 0 6 _ 11 2 
[00383270] 3 | 1 9 _ 10 3 8 7 0 6 9 11 2 
[00383271] 5 | 1 9 _ 10 3 _ 8 0 6 _ 11 2 
[00383272] 4 | 1 9 5 10 3 _ 8 0 6 _ 11 2 
[00383273] 3 | 1 9 5 10 3 6 8 0 6 _ 11 2 
[00383274] 3 | 1 9 5 10 3 _ 8 0 6 3 11 2 
[00383275] 4 | 1 9 _ 10 3 7 8 0 6 _ 11 2 
[00383276] 3 | 1 9 6 10 3 7 8 0 6 _ 11 2 
[00383277] 3 | 1 9 _ 10 3 7 8 0 6 9 11 2 
[00383278] 7 | 1 9 _ 10 _ _ _ 0 7 _ 11 2 
[00383279] 6 | 1 9 3 10 _ _ _ 0 7 _ 11 2 
[00383280] 5 | 1 9 3 10 5 _ _ 0 7 _ 11 2 
[00383281] 6 | 1 9 _ 10 4 _ _ 0 7 _ 11 2 
[00383282] 5 | 1 9 4 10 4 _ _ 0 7 _ 11 2 
[00383283] 4 | 1 9 4 10 4 _ _ 0 7 3 11 2 
[00383284] 5 | 1 9 _ 10 4 9 _ 0 7 _ 11 2 
[00383285] 4 | 1 9 _ 10 4 9 8 0 7 _ 11 2 
[00383286] 4 | 1 9 _ 10 4 9 _ 0 7 3 11 2 
[00383287] 5 | 1 9 _ 10 4 _ 9 0 7 _ 11 2 
[00383288] 4 | 1 9 _ 10 4 8 9 0 7 _ 11 2 
[00383289] 4 | 1 9 _ 10 4 _ 9 0 7 3 11 2 
[00383290] 8 | 9 1 _ 10 _ _ _ 0 _ _ 11 2 
[00383291] 8 | _ 1 9 10 _ _ _ 0 _ _ 11 2 
[00383292] 8 | _ 9 1 10 _ _ _ 0 _ _ 11 2 
[00383293] 7 | _ 9 1 10 3 _ _ 0 _ _ 11 2 
[00383294] 6 | 3 9 1 10 3 _ _ 0 _ _ 11 2 
[00383295] 5 | 3 9 1 10 3 _ _ 0 5 _ 11 2 
[00383296] 6 | _ 9 1 10 3 9 _ 0 _ _ 11 2 
[00383297] 5 | _ 9 1 10 3 9 8 0 _ _ 11 2 
[00383298] 4 | _ 9 1 10 3 9 8 0 4 _ 11 2 
[00383299] 3 | _ 9 1 10 3 9 8 0 4 7 11 2 
[00383300] 5 | _ 9 1 10 3 9 _ 0 5 _ 11 2 
[00383301] 4 | _ 9 1 10 3 9 7 0 5 _ 11 2 
[00383302] 3 | _ 9 1 10 3 9 7 0 5 8 11 2 
[00383303] 6 | _ 9 1 10 3 _ 9 0 _ _ 11 2 
[00383304] 5 | _ 9 1 10 3 8 9 0 _ _ 11 2 
[00383305] 4 | _ 9 1 10 3 8 9 0 4 _ 11 2 
[00383306] 3 | _ 9 1 10 3 8 9 0 4 7 11 2 
[00383307] 5 | _ 9 1 10 3 _ 9 0 5 _ 11 2 
[00383308] 4 | _ 9 1 10 3 7 9 0 5 _ 11 2 
[00383309] 3 | _ 9 1 10 3 7 9 0 5 8 11 2 
[00383310] 6 | _ 9 1 10 3 _ _ 0 6 _ 11 2 
[00383311] 5 | 4 9 1 10 3 _ _ 0 6 _ 11 2 
[00383312] 4 | 4 9 1 10 3 7 _ 0 6 _ 11 2 
[00383313] 3 | 4 9 1 10 3 7 6 0 6 _ 11 2 
[00383314] 3 | 4 9 1 10 3 7 _ 0 6 3 11 2 
[00383315] 4 | 4 9 1 10 3 _ 7 0 6 _ 11 2 
[00383316] 3 | 4 9 1 10 3 6 7 0 6 _ 11 2 
[00383317] 3 | 4 9 1 10 3 _ 7 0 6 3 11 2 
[00383318] 5 | _ 9 1 10 3 8 _ 0 6 _ 11 2 
[00383319] 4 | 5 9 1 10 3 8 _ 0 6 _ 11 2 
[00383320] 3 | 5 9 1 10 3 8 6 0 6 _ 11 2 
[00383321] 3 | 5 9 1 10 3 8 _ 0 6 3 11 2 
[00383322] 4 | _ 9 1 10 3 8 7 0 6 _ 11 2 
[00383323] 3 | 6 9 1 10 3 8 7 0 6 _ 11 2 
[00383324] 3 | _ 9 1 10 3 8 7 0 6 9 11 2 
[00383325] 5 | _ 9 1 10 3 _ 8 0 6 _ 11 2 
[00383326] 4 | 5 9 1 10 3 _ 8 0 6 _ 11 2 
[00383327] 3 | 5 9 1 10 3 6 8 0 6 _ 11 2 
[00383328] 3 | 5 9 1 10 3 _ 8 0 6 3 11 2 
[00383329] 4 | _ 9 1 10 3 7 8 0 6 _ 11 2 
[00383330] 3 | 6 9 1 10 3 7 8 0 6 _ 11 2 
[00383331] 3 | _ 9 1 10 3 7 8 0 6 9 11 2 
[00383332] 7 | _ 9 1 10 _ _ _ 0 7 _ 11 2 
[00383333] 6 | 3 9 1 10 _ _ _ 0 7 _ 11 2 
[00383334] 5 | 3 9 1 10 5 _ _ 0 7 _ 11 2 
[00383335] 6 | _ 9 1 10 4 _ _ 0 7 _ 11 2 
[00383336] 5 | 4 9 1 10 4 _ _ 0 7 _ 11 2 
[00383337] 4 | 4 9 1 10 4 _ _ 0 7 3 11 2 
[00383338] 5 | _ 9 1 10 4 9 _ 0 7 _ 11 2 
[00383339] 4 | _ 9 1 10 4 9 8 0 7 _ 11 2 
[00383340] 4 | _ 9 1 10 4 9 _ 0 7 3 11 2 
[00383341] 5 | _ 9 1 10 4 _ 9 0 7 _ 11 2 
[00383342] 4 | _ 9 1 10 4 8 9 0 7 _ 11 2 
[00383343] 4 | _ 9 1 10 4 _ 9 0 7 3 11 2 
[00383344] 8 | _ _ _ 10 1 9 _ 0 _ _ 11 2 
[00383345] 7 | _ 3 _ 10 1 9 _ 0 _ _ 11 2 
[00383346] 6 | _ 3 _ 10 1 9 7 0 _ _ 11 2 
[00383347] 5 | 8 3 _ 10 1 9 7 0 _ _ 11 2 
[00383348] 4 | 8 3 _ 10 1 9 7 0 4 _ 11 2 
[00383349] 3 | 8 3 6 10 1 9 7 0 4 _ 11 2 
[00383350] 5 | _ 3 8 10 1 9 7 0 _ _ 11 2 
[00383351] 4 | _ 3 8 10 1 9 7 0 4 _ 11 2 
[00383352] 3 | 6 3 8 10 1 9 7 0 4 _ 11 2 
[00383353] 5 | _ 3 _ 10 1 9 7 0 5 _ 11 2 
[00383354] 6 | _ 3 _ 10 1 9 _ 0 6 _ 11 2 
[00383355] 5 | 8 3 _ 10 1 9 _ 0 6 _ 11 2 
[00383356] 4 | 8 3 7 10 1 9 _ 0 6 _ 11 2 
[00383357] 3 | 8 3 7 10 1 9 4 0 6 _ 11 2 
[00383358] 4 | 8 3 _ 10 1 9 5 0 6 _ 11 2 
[00383359] 3 | 8 3 6 10 1 9 5 0 6 _ 11 2 
[00383360] 3 | 8 3 _ 10 1 9 5 0 6 3 11 2 
[00383361] 5 | _ 3 8 10 1 9 _ 0 6 _ 11 2 
[00383362] 4 | 7 3 8 10 1 9 _ 0 6 _ 11 2 
[00383363] 3 | 7 3 8 10 1 9 4 0 6 _ 11 2 
[00383364] 4 | _ 3 8 10 1 9 5 0 6 _ 11 2 
[00383365] 3 | 6 3 8 10 1 9 5 0 6 _ 11 2 
[00383366] 3 | _ 3 8 10 1 9 5 0 6 3 11 2 
[00383367] 5 | _ 3 _ 10 1 9 6 0 6 _ 11 2 
[00383368] 4 | 7 3 _ 10 1 9 6 0 6 _ 11 2 
[00383369] 4 | _ 3 7 10 1 9 6 0 6 _ 11 2 
[00383370] 5 | _ 3 _ 10 1 9 _ 0 6 1 11 2 
[00383371] 4 | 7 3 _ 10 1 9 _ 0 6 1 11 2 
[00383372] 4 | _ 3 7 10 1 9 _ 0 6 1 11 2 
[00383373] 7 | _ _ _ 10 1 9 8 0 _ _ 11 2 
[00383374] 6 | _ 4 _ 10 1 9 8 0 _ _ 11 2 
[00383375] 5 | _ 4 _ 10 1 9 8 0 5 _ 11 2 
[00383376] 6 | _ _ _ 10 1 9 8 0 6 _ 11 2 
[00383377] 5 | _ 5 _ 10 1 9 8 0 6 _ 11 2 
[00383378] 7 | _ _ _ 10 1 9 _ 0 7 _ 11 2 
[00383379] 6 | _ 4 _ 10 1 9 _ 0 7 _ 11 2 
[00383380] 5 | _ 4 _ 10 1 9 6 0 7 _ 11 2 
[00383381] 4 | 8 4 _ 10 1 9 6 0 7 _ 11 2 
[00383382] 3 | 8 4 7 10 1 9 6 0 7 _ 11 2 
[00383383] 3 | 8 4 _ 10 1 9 6 0 7 4 11 2 
[00383384] 4 | _ 4 8 10 1 9 6 0 7 _ 11 2 
[00383385] 3 | 7 4 8 10 1 9 6 0 7 _ 11 2 
[00383386] 3 | _ 4 8 10 1 9 6 0 7 4 11 2 
[00383387] 4 | _ 4 _ 10 1 9 6 0 7 3 11 2 
[00383388] 6 | _ _ _ 10 1 9 7 0 7 _ 11 2 
[00383389] 5 | 3 8 _ 10 1 9 7 0 7 _ 11 2 
[00383390] 4 | 3 8 4 10 1 9 7 0 7 _ 11 2 
[00383391] 5 | 8 3 _ 10 1 9 7 0 7 _ 11 2 
[00383392] 5 | _ 3 8 10 1 9 7 0 7 _ 11 2 
[00383393] 5 | _ 8 3 10 1 9 7 0 7 _ 11 2 
[00383394] 4 | 4 8 3 10 1 9 7 0 7 _ 11 2 
[00383395] 5 | _ 5 _ 10 1 9 7 0 7 _ 11 2 
[00383396] 6 | _ _ _ 10 1 9 _ 0 7 1 11 2 
[00383397] 5 | 3 8 _ 10 1 9 _ 0 7 1 11 2 
[00383398] 4 | 3 8 4 10 1 9 _ 0 7 1 11 2 
[00383399] 5 | 8 3 _ 10 1 9 _ 0 7 1 11 2 
[00383400] 5 | _ 3 8 10 1 9 _ 0 7 1 11 2 
[00383401] 5 | _ 8 3 10 1 9 _ 0 7 1 11 2 
[00383402] 4 | 4 8 3 10 1 9 _ 0 7 1 11 2 
[00383403] 5 | _ 5 _ 10 1 9 _ 0 7 1 11 2 
[00383404] 8 | _ _ _ 10 9 1 _ 0 _ _ 11 2 
[00383405] 7 | _ 3 _ 10 9 1 _ 0 _ _ 11 2 
[00383406] 6 | 9 3 _ 10 9 1 _ 0 _ _ 11 2 
[00383407] 5 | 9 3 8 10 9 1 _ 0 _ _ 11 2 
[00383408] 4 | 9 3 8 10 9 1 _ 0 4 _ 11 2 
[00383409] 3 | 9 3 8 10 9 1 _ 0 4 7 11 2 
[00383410] 5 | 9 3 _ 10 9 1 _ 0 5 _ 11 2 
[00383411] 4 | 9 3 7 10 9 1 _ 0 5 _ 11 2 
[00383412] 3 | 9 3 7 10 9 1 _ 0 5 8 11 2 
[00383413] 6 | _ 3 9 10 9 1 _ 0 _ _ 11 2 
[00383414] 5 | 8 3 9 10 9 1 _ 0 _ _ 11 2 
[00383415] 4 | 8 3 9 10 9 1 _ 0 4 _ 11 2 
[00383416] 3 | 8 3 9 10 9 1 _ 0 4 7 11 2 
[00383417] 5 | _ 3 9 10 9 1 _ 0 5 _ 11 2 
[00383418] 4 | 7 3 9 10 9 1 _ 0 5 _ 11 2 
[00383419] 3 | 7 3 9 10 9 1 _ 0 5 8 11 2 
[00383420] 6 | _ 3 _ 10 9 1 3 0 _ _ 11 2 
[00383421] 5 | _ 3 _ 10 9 1 3 0 5 _ 11 2 
[00383422] 6 | _ 3 _ 10 9 1 _ 0 6 _ 11 2 
[00383423] 5 | 8 3 _ 10 9 1 _ 0 6 _ 11 2 
[00383424] 4 | 8 3 7 10 9 1 _ 0 6 _ 11 2 
[00383425] 3 | 8 3 7 10 9 1 6 0 6 _ 11 2 
[00383426] 3 | 8 3 7 10 9 1 _ 0 6 9 11 2 
[00383427] 4 | 8 3 _ 10 9 1 5 0 6 _ 11 2 
[00383428] 3 | 8 3 6 10 9 1 5 0 6 _ 11 2 
[00383429] 3 | 8 3 _ 10 9 1 5 0 6 3 11 2 
[00383430] 5 | _ 3 8 10 9 1 _ 0 6 _ 11 2 
[00383431] 4 | 7 3 8 10 9 1 _ 0 6 _ 11 2 
[00383432] 3 | 7 3 8 10 9 1 6 0 6 _ 11 2 
[00383433] 3 | 7 3 8 10 9 1 _ 0 6 9 11 2 
[00383434] 4 | _ 3 8 10 9 1 5 0 6 _ 11 2 
[00383435] 3 | 6 3 8 10 9 1 5 0 6 _ 11 2 
[00383436] 3 | _ 3 8 10 9 1 5 0 6 3 11 2 
[00383437] 5 | _ 3 _ 10 9 1 4 0 6 _ 11 2 
[00383438] 4 | 7 3 _ 10 9 1 4 0 6 _ 11 2 
[00383439] 3 | 7 3 6 10 9 1 4 0 6 _ 11 2 
[00383440] 3 | 7 3 _ 10 9 1 4 0 6 3 11 2 
[00383441] 4 | _ 3 7 10 9 1 4 0 6 _ 11 2 
[00383442] 3 | 6 3 7 10 9 1 4 0 6 _ 11 2 
[00383443] 3 | _ 3 7 10 9 1 4 0 6 3 11 2 
[00383444] 7 | _ _ _ 10 9 1 _ 0 7 _ 11 2 
[00383445] 6 | _ 4 _ 10 9 1 _ 0 7 _ 11 2 
[00383446] 5 | 9 4 _ 10 9 1 _ 0 7 _ 11 2 
[00383447] 4 | 9 4 8 10 9 1 _ 0 7 _ 11 2 
[00383448] 4 | 9 4 _ 10 9 1 _ 0 7 3 11 2 
[00383449] 5 | _ 4 9 10 9 1 _ 0 7 _ 11 2 
[00383450] 4 | 8 4 9 10 9 1 _ 0 7 _ 11 2 
[00383451] 4 | _ 4 9 10 9 1 _ 0 7 3 11 2 
[00383452] 5 | _ 4 _ 10 9 1 4 0 7 _ 11 2 
[00383453] 4 | _ 4 _ 10 9 1 4 0 7 3 11 2 
[00383454] 6 | _ _ _ 10 9 1 3 0 7 _ 11 2 
[00383455] 5 | _ 5 _ 10 9 1 3 0 7 _ 11 2 
[00383456] 8 | _ _ _ 10 1 _ 9 0 _ _ 11 2 
[00383457] 7 | _ 3 _ 10 1 _ 9 0 _ _ 11 2 
[00383458] 6 | _ 3 _ 10 1 7 9 0 _ _ 11 2 
[00383459] 5 | 8 3 _ 10 1 7 9 0 _ _ 11 2 
[00383460] 4 | 8 3 _ 10 1 7 9 0 4 _ 11 2 
[00383461] 3 | 8 3 6 10 1 7 9 0 4 _ 11 2 
[00383462] 5 | _ 3 8 10 1 7 9 0 _ _ 11 2 
[00383463] 4 | _ 3 8 10 1 7 9 0 4 _ 11 2 
[00383464] 3 | 6 3 8 10 1 7 9 0 4 _ 11 2 
[00383465] 5 | _ 3 _ 10 1 7 9 0 5 _ 11 2 
[00383466] 6 | _ 3 _ 10 1 _ 9 0 6 _ 11 2 
[00383467] 5 | 8 3 _ 10 1 _ 9 0 6 _ 11 2 
[00383468] 4 | 8 3 7 10 1 _ 9 0 6 _ 11 2 
[00383469] 3 | 8 3 7 10 1 4 9 0 6 _ 11 2 
[00383470] 4 | 8 3 _ 10 1 5 9 0 6 _ 11 2 
[00383471] 3 | 8 3 6 10 1 5 9 0 6 _ 11 2 
[00383472] 3 | 8 3 _ 10 1 5 9 0 6 3 11 2 
[00383473] 5 | _ 3 8 10 1 _ 9 0 6 _ 11 2 
[00383474] 4 | 7 3 8 10 1 _ 9 0 6 _ 11 2 
[00383475] 3 | 7 3 8 10 1 4 9 0 6 _ 11 2 
[00383476] 4 | _ 3 8 10 1 5 9 0 6 _ 11 2 
[00383477] 3 | 6 3 8 10 1 5 9 0 6 _ 11 2 
[00383478] 3 | _ 3 8 10 1 5 9 0 6 3 11 2 
[00383479] 5 | _ 3 _ 10 1 6 9 0 6 _ 11 2 
[00383480] 4 | 7 3 _ 10 1 6 9 0 6 _ 11 2 
[00383481] 4 | _ 3 7 10 1 6 9 0 6 _ 11 2 
[00383482] 5 | _ 3 _ 10 1 _ 9 0 6 1 11 2 
[00383483] 4 | 7 3 _ 10 1 _ 9 0 6 1 11 2 
[00383484] 4 | _ 3 7 10 1 _ 9 0 6 1 11 2 
[00383485] 7 | _ _ _ 10 1 8 9 0 _ _ 11 2 
[00383486] 6 | _ 4 _ 10 1 8 9 0 _ _ 11 2 
[00383487] 5 | _ 4 _ 10 1 8 9 0 5 _ 11 2 
[00383488] 6 | _ _ _ 10 1 8 9 0 6 _ 11 2 
[00383489] 5 | _ 5 _ 10 1 8 9 0 6 _ 11 2 
[00383490] 7 | _ _ _ 10 1 _ 9 0 7 _ 11 2 
[00383491] 6 | _ 4 _ 10 1 _ 9 0 7 _ 11 2 
[00383492] 5 | _ 4 _ 10 1 6 9 0 7 _ 11 2 
[00383493] 4 | 8 4 _ 10 1 6 9 0 7 _ 11 2 
[00383494] 3 | 8 4 7 10 1 6 9 0 7 _ 11 2 
[00383495] 3 | 8 4 _ 10 1 6 9 0 7 4 11 2 
[00383496] 4 | _ 4 8 10 1 6 9 0 7 _ 11 2 
[00383497] 3 | 7 4 8 10 1 6 9 0 7 _ 11 2 
[00383498] 3 | _ 4 8 10 1 6 9 0 7 4 11 2 
[00383499] 4 | _ 4 _ 10 1 6 9 0 7 3 11 2 
[00383500] 6 | _ _ _ 10 1 7 9 0 7 _ 11 2 
[00383501] 5 | 3 8 _ 10 1 7 9 0 7 _ 11 2 
[00383502] 4 | 3 8 4 10 1 7 9 0 7 _ 11 2 
[00383503] 5 | 8 3 _ 10 1 7 9 0 7 _ 11 2 
[00383504] 5 | _ 3 8 10 1 7 9 0 7 _ 11 2 
[00383505] 5 | _ 8 3 10 1 7 9 0 7 _ 11 2 
[00383506] 4 | 4 8 3 10 1 7 9 0 7 _ 11 2 
[00383507] 5 | _ 5 _ 10 1 7 9 0 7 _ 11 2 
[00383508] 6 | _ _ _ 10 1 _ 9 0 7 1 11 2 
[00383509] 5 | 3 8 _ 10 1 _ 9 0 7 1 11 2 
[00383510] 4 | 3 8 4 10 1 _ 9 0 7 1 11 2 
[00383511] 5 | 8 3 _ 10 1 _ 9 0 7 1 11 2 
[00383512] 5 | _ 3 8 10 1 _ 9 0 7 1 11 2 
[00383513] 5 | _ 8 3 10 1 _ 9 0 7 1 11 2 
[00383514] 4 | 4 8 3 10 1 _ 9 0 7 1 11 2 
[00383515] 5 | _ 5 _ 10 1 _ 9 0 7 1 11 2 
[00383516] 8 | _ _ _ 10 9 _ 1 0 _ _ 11 2 
[00383517] 7 | _ 3 _ 10 9 _ 1 0 _ _ 11 2 
[00383518] 6 | 9 3 _ 10 9 _ 1 0 _ _ 11 2 
[00383519] 5 | 9 3 8 10 9 _ 1 0 _ _ 11 2 
[00383520] 4 | 9 3 8 10 9 _ 1 0 4 _ 11 2 
[00383521] 3 | 9 3 8 10 9 _ 1 0 4 7 11 2 
[00383522] 5 | 9 3 _ 10 9 _ 1 0 5 _ 11 2 
[00383523] 4 | 9 3 7 10 9 _ 1 0 5 _ 11 2 
[00383524] 3 | 9 3 7 10 9 _ 1 0 5 8 11 2 
[00383525] 6 | _ 3 9 10 9 _ 1 0 _ _ 11 2 
[00383526] 5 | 8 3 9 10 9 _ 1 0 _ _ 11 2 
[00383527] 4 | 8 3 9 10 9 _ 1 0 4 _ 11 2 
[00383528] 3 | 8 3 9 10 9 _ 1 0 4 7 11 2 
[00383529] 5 | _ 3 9 10 9 _ 1 0 5 _ 11 2 
[00383530] 4 | 7 3 9 10 9 _ 1 0 5 _ 11 2 
[00383531] 3 | 7 3 9 10 9 _ 1 0 5 8 11 2 
[00383532] 6 | _ 3 _ 10 9 3 1 0 _ _ 11 2 
[00383533] 5 | _ 3 _ 10 9 3 1 0 5 _ 11 2 
[00383534] 6 | _ 3 _ 10 9 _ 1 0 6 _ 11 2 
[00383535] 5 | 8 3 _ 10 9 _ 1 0 6 _ 11 2 
[00383536] 4 | 8 3 7 10 9 _ 1 0 6 _ 11 2 
[00383537] 3 | 8 3 7 10 9 6 1 0 6 _ 11 2 
[00383538] 3 | 8 3 7 10 9 _ 1 0 6 9 11 2 
[00383539] 4 | 8 3 _ 10 9 5 1 0 6 _ 11 2 
[00383540] 3 | 8 3 6 10 9 5 1 0 6 _ 11 2 
[00383541] 3 | 8 3 _ 10 9 5 1 0 6 3 11 2 
[00383542] 5 | _ 3 8 10 9 _ 1 0 6 _ 11 2 
[00383543] 4 | 7 3 8 10 9 _ 1 0 6 _ 11 2 
[00383544] 3 | 7 3 8 10 9 6 1 0 6 _ 11 2 
[00383545] 3 | 7 3 8 10 9 _ 1 0 6 9 11 2 
[00383546] 4 | _ 3 8 10 9 5 1 0 6 _ 11 2 
[00383547] 3 | 6 3 8 10 9 5 1 0 6 _ 11 2 
[00383548] 3 | _ 3 8 10 9 5 1 0 6 3 11 2 
[00383549] 5 | _ 3 _ 10 9 4 1 0 6 _ 11 2 
[00383550] 4 | 7 3 _ 10 9 4 1 0 6 _ 11 2 
[00383551] 3 | 7 3 6 10 9 4 1 0 6 _ 11 2 
[00383552] 3 | 7 3 _ 10 9 4 1 0 6 3 11 2 
[00383553] 4 | _ 3 7 10 9 4 1 0 6 _ 11 2 
[00383554] 3 | 6 3 7 10 9 4 1 0 6 _ 11 2 
[00383555] 3 | _ 3 7 10 9 4 1 0 6 3 11 2 
[00383556] 7 | _ _ _ 10 9 _ 1 0 7 _ 11 2 
[00383557] 6 | _ 4 _ 10 9 _ 1 0 7 _ 11 2 
[00383558] 5 | 9 4 _ 10 9 _ 1 0 7 _ 11 2 
[00383559] 4 | 9 4 8 10 9 _ 1 0 7 _ 11 2 
[00383560] 4 | 9 4 _ 10 9 _ 1 0 7 3 11 2 
[00383561] 5 | _ 4 9 10 9 _ 1 0 7 _ 11 2 
[00383562] 4 | 8 4 9 10 9 _ 1 0 7 _ 11 2 
[00383563] 4 | _ 4 9 10 9 _ 1 0 7 3 11 2 
[00383564] 5 | _ 4 _ 10 9 4 1 0 7 _ 11 2 
[00383565] 4 | _ 4 _ 10 9 4 1 0 7 3 11 2 
[00383566] 6 | _ _ _ 10 9 3 1 0 7 _ 11 2 
[00383567] 5 | _ 5 _ 10 9 3 1 0 7 _ 11 2 
[00383568] 8 | _ _ _ 10 _ _ _ 0 8 _ 11 2 
[00383569] 7 | _ 3 _ 10 _ _ _ 0 8 _ 11 2 
[00383570] 6 | 9 3 _ 10 _ _ _ 0 8 _ 11 2 
[00383571] 5 | 9 3 8 10 _ _ _ 0 8 _ 11 2 
[00383572] 4 | 9 3 8 10 6 _ _ 0 8 _ 11 2 
[00383573] 4 | 9 3 8 10 1 5 _ 0 8 _ 11 2 
[00383574] 3 | 9 3 8 10 1 5 4 0 8 _ 11 2 
[00383575] 4 | 9 3 8 10 5 1 _ 0 8 _ 11 2 
[00383576] 4 | 9 3 8 10 1 _ 5 0 8 _ 11 2 
[00383577] 3 | 9 3 8 10 1 4 5 0 8 _ 11 2 
[00383578] 4 | 9 3 8 10 5 _ 1 0 8 _ 11 2 
[00383579] 5 | 9 3 _ 10 5 _ _ 0 8 _ 11 2 
[00383580] 4 | 9 3 7 10 5 _ _ 0 8 _ 11 2 
[00383581] 3 | 9 3 7 10 5 8 _ 0 8 _ 11 2 
[00383582] 3 | 9 3 7 10 5 _ 8 0 8 _ 11 2 
[00383583] 3 | 9 3 7 10 5 _ _ 0 8 5 11 2 
[00383584] 4 | 9 3 _ 10 5 1 _ 0 8 _ 11 2 
[00383585] 3 | 9 3 6 10 5 1 _ 0 8 _ 11 2 
[00383586] 2 | 9 3 6 10 5 1 7 0 8 _ 11 2 
[00383587] 3 | 9 3 _ 10 5 1 8 0 8 _ 11 2 
[00383588] 3 | 9 3 _ 10 5 1 _ 0 8 5 11 2 
[00383589] 4 | 9 3 _ 10 5 _ 1 0 8 _ 11 2 
[00383590] 3 | 9 3 6 10 5 _ 1 0 8 _ 11 2 
[00383591] 2 | 9 3 6 10 5 7 1 0 8 _ 11 2 
[00383592] 3 | 9 3 _ 10 5 8 1 0 8 _ 11 2 
[00383593] 3 | 9 3 _ 10 5 _ 1 0 8 5 11 2 
[00383594] 4 | 9 3 _ 10 5 _ _ 0 8 4 11 2 
[00383595] 3 | 9 3 6 10 5 _ _ 0 8 4 11 2 
[00383596] 2 | 9 3 6 10 5 7 _ 0 8 4 11 2 
[00383597] 2 | 9 3 6 10 5 _ 7 0 8 4 11 2 
[00383598] 5 | 9 3 _ 10 1 6 _ 0 8 _ 11 2 
[00383599] 4 | 9 3 7 10 1 6 _ 0 8 _ 11 2 
[00383600] 3 | 9 3 7 10 1 6 4 0 8 _ 11 2 
[00383601] 3 | 9 3 7 10 1 6 _ 0 8 5 11 2 
[00383602] 4 | 9 3 _ 10 1 6 5 0 8 _ 11 2 
[00383603] 4 | 9 3 _ 10 1 6 _ 0 8 4 11 2 
[00383604] 5 | 9 3 _ 10 6 1 _ 0 8 _ 11 2 
[00383605] 4 | 9 3 7 10 6 1 _ 0 8 _ 11 2 
[00383606] 3 | 9 3 7 10 6 1 _ 0 8 5 11 2 
[00383607] 2 | 9 3 7 10 6 1 4 0 8 5 11 2 
[00383608] 4 | 9 3 _ 10 6 1 _ 0 8 4 11 2 
[00383609] 3 | 9 3 6 10 6 1 _ 0 8 4 11 2 
[00383610] 3 | 9 3 _ 10 6 1 3 0 8 4 11 2 
[00383611] 5 | 9 3 _ 10 1 _ 6 0 8 _ 11 2 
[00383612] 4 | 9 3 7 10 1 _ 6 0 8 _ 11 2 
[00383613] 3 | 9 3 7 10 1 4 6 0 8 _ 11 2 
[00383614] 3 | 9 3 7 10 1 _ 6 0 8 5 11 2 
[00383615] 4 | 9 3 _ 10 1 5 6 0 8 _ 11 2 
[00383616] 4 | 9 3 _ 10 1 _ 6 0 8 4 11 2 
[00383617] 5 | 9 3 _ 10 6 _ 1 0 8 _ 11 2 
[00383618] 4 | 9 3 7 10 6 _ 1 0 8 _ 11 2 
[00383619] 3 | 9 3 7 10 6 _ 1 0 8 5 11 2 
[00383620] 2 | 9 3 7 10 6 4 1 0 8 5 11 2 
[00383621] 4 | 9 3 _ 10 6 _ 1 0 8 4 11 2 
[00383622] 3 | 9 3 6 10 6 _ 1 0 8 4 11 2 
[00383623] 3 | 9 3 _ 10 6 3 1 0 8 4 11 2 
[00383624] 5 | 9 3 _ 10 _ _ _ 0 8 3 11 2 
[00383625] 4 | 9 3 _ 10 6 _ _ 0 8 3 11 2 
[00383626] 4 | 9 3 _ 10 1 5 _ 0 8 3 11 2 
[00383627] 3 | 9 3 _ 10 1 5 4 0 8 3 11 2 
[00383628] 4 | 9 3 _ 10 5 1 _ 0 8 3 11 2 
[00383629] 4 | 9 3 _ 10 1 _ 5 0 8 3 11 2 
[00383630] 3 | 9 3 _ 10 1 4 5 0 8 3 11 2 
[00383631] 4 | 9 3 _ 10 5 _ 1 0 8 3 11 2 
[00383632] 6 | _ 3 9 10 _ _ _ 0 8 _ 11 2 
[00383633] 5 | 8 3 9 10 _ _ _ 0 8 _ 11 2 
[00383634] 4 | 8 3 9 10 6 _ _ 0 8 _ 11 2 
[00383635] 4 | 8 3 9 10 1 5 _ 0 8 _ 11 2 
[00383636] 3 | 8 3 9 10 1 5 4 0 8 _ 11 2 
[00383637] 4 | 8 3 9 10 5 1 _ 0 8 _ 11 2 
[00383638] 4 | 8 3 9 10 1 _ 5 0 8 _ 11 2 
[00383639] 3 | 8 3 9 10 1 4 5 0 8 _ 11 2 
[00383640] 4 | 8 3 9 10 5 _ 1 0 8 _ 11 2 
[00383641] 5 | _ 3 9 10 5 _ _ 0 8 _ 11 2 
[00383642] 4 | 7 3 9 10 5 _ _ 0 8 _ 11 2 
[00383643] 3 | 7 3 9 10 5 8 _ 0 8 _ 11 2 
[00383644] 3 | 7 3 9 10 5 _ 8 0 8 _ 11 2 
[00383645] 3 | 7 3 9 10 5 _ _ 0 8 5 11 2 
[00383646] 4 | _ 3 9 10 5 1 _ 0 8 _ 11 2 
[00383647] 3 | 6 3 9 10 5 1 _ 0 8 _ 11 2 
[00383648] 2 | 6 3 9 10 5 1 7 0 8 _ 11 2 
[00383649] 3 | _ 3 9 10 5 1 8 0 8 _ 11 2 
[00383650] 3 | _ 3 9 10 5 1 _ 0 8 5 11 2 
[00383651] 4 | _ 3 9 10 5 _ 1 0 8 _ 11 2 
[00383652] 3 | 6 3 9 10 5 _ 1 0 8 _ 11 2 
[00383653] 2 | 6 3 9 10 5 7 1 0 8 _ 11 2 
[00383654] 3 | _ 3 9 10 5 8 1 0 8 _ 11 2 
[00383655] 3 | _ 3 9 10 5 _ 1 0 8 5 11 2 
[00383656] 4 | _ 3 9 10 5 _ _ 0 8 4 11 2 
[00383657] 3 | 6 3 9 10 5 _ _ 0 8 4 11 2 
[00383658] 2 | 6 3 9 10 5 7 _ 0 8 4 11 2 
[00383659] 2 | 6 3 9 10 5 _ 7 0 8 4 11 2 
[00383660] 5 | _ 3 9 10 1 6 _ 0 8 _ 11 2 
[00383661] 4 | 7 3 9 10 1 6 _ 0 8 _ 11 2 
[00383662] 3 | 7 3 9 10 1 6 4 0 8 _ 11 2 
[00383663] 3 | 7 3 9 10 1 6 _ 0 8 5 11 2 
[00383664] 4 | _ 3 9 10 1 6 5 0 8 _ 11 2 
[00383665] 4 | _ 3 9 10 1 6 _ 0 8 4 11 2 
[00383666] 5 | _ 3 9 10 6 1 _ 0 8 _ 11 2 
[00383667] 4 | 7 3 9 10 6 1 _ 0 8 _ 11 2 
[00383668] 3 | 7 3 9 10 6 1 _ 0 8 5 11 2 
[00383669] 2 | 7 3 9 10 6 1 4 0 8 5 11 2 
[00383670] 4 | _ 3 9 10 6 1 _ 0 8 4 11 2 
[00383671] 3 | 6 3 9 10 6 1 _ 0 8 4 11 2 
[00383672] 3 | _ 3 9 10 6 1 3 0 8 4 11 2 
[00383673] 5 | _ 3 9 10 1 _ 6 0 8 _ 11 2 
[00383674] 4 | 7 3 9 10 1 _ 6 0 8 _ 11 2 
[00383675] 3 | 7 3 9 10 1 4 6 0 8 _ 11 2 
[00383676] 3 | 7 3 9 10 1 _ 6 0 8 5 11 2 
[00383677] 4 | _ 3 9 10 1 5 6 0 8 _ 11 2 
[00383678] 4 | _ 3 9 10 1 _ 6 0 8 4 11 2 
[00383679] 5 | _ 3 9 10 6 _ 1 0 8 _ 11 2 
[00383680] 4 | 7 3 9 10 6 _ 1 0 8 _ 11 2 
[00383681] 3 | 7 3 9 10 6 _ 1 0 8 5 11 2 
[00383682] 2 | 7 3 9 10 6 4 1 0 8 5 11 2 
[00383683] 4 | _ 3 9 10 6 _ 1 0 8 4 11 2 
[00383684] 3 | 6 3 9 10 6 _ 1 0 8 4 11 2 
[00383685] 3 | _ 3 9 10 6 3 1 0 8 4 11 2 
[00383686] 5 | _ 3 9 10 _ _ _ 0 8 3 11 2 
[00383687] 4 | _ 3 9 10 6 _ _ 0 8 3 11 2 
[00383688] 4 | _ 3 9 10 1 5 _ 0 8 3 11 2 
[00383689] 3 | _ 3 9 10 1 5 4 0 8 3 11 2 
[00383690] 4 | _ 3 9 10 5 1 _ 0 8 3 11 2 
[00383691] 4 | _ 3 9 10 1 _ 5 0 8 3 11 2 
[00383692] 3 | _ 3 9 10 1 4 5 0 8 3 11 2 
[00383693] 4 | _ 3 9 10 5 _ 1 0 8 3 11 2 
[00383694] 6 | _ 3 _ 10 4 _ _ 0 8 _ 11 2 
[00383695] 5 | 8 3 _ 10 4 _ _ 0 8 _ 11 2 
[00383696] 4 | 8 3 7 10 4 _ _ 0 8 _ 11 2 
[00383697] 3 | 8 3 7 10 4 1 _ 0 8 _ 11 2 
[00383698] 2 | 8 3 7 10 4 1 6 0 8 _ 11 2 
[00383699] 3 | 8 3 7 10 4 _ 1 0 8 _ 11 2 
[00383700] 2 | 8 3 7 10 4 6 1 0 8 _ 11 2 
[00383701] 5 | _ 3 8 10 4 _ _ 0 8 _ 11 2 
[00383702] 4 | 7 3 8 10 4 _ _ 0 8 _ 11 2 
[00383703] 3 | 7 3 8 10 4 1 _ 0 8 _ 11 2 
[00383704] 2 | 7 3 8 10 4 1 6 0 8 _ 11 2 
[00383705] 3 | 7 3 8 10 4 _ 1 0 8 _ 11 2 
[00383706] 2 | 7 3 8 10 4 6 1 0 8 _ 11 2 
[00383707] 5 | _ 3 _ 10 4 9 _ 0 8 _ 11 2 
[00383708] 4 | 7 3 _ 10 4 9 _ 0 8 _ 11 2 
[00383709] 3 | 7 3 6 10 4 9 _ 0 8 _ 11 2 
[00383710] 3 | 7 3 _ 10 4 9 1 0 8 _ 11 2 
[00383711] 2 | 7 3 5 10 4 9 1 0 8 _ 11 2 
[00383712] 2 | 7 3 _ 10 4 9 1 0 8 6 11 2 
[00383713] 3 | 7 3 _ 10 4 9 _ 0 8 5 11 2 
[00383714] 2 | 7 3 1 10 4 9 _ 0 8 5 11 2 
[00383715] 2 | 7 3 _ 10 4 9 6 0 8 5 11 2 
[00383716] 4 | _ 3 7 10 4 9 _ 0 8 _ 11 2 
[00383717] 3 | 6 3 7 10 4 9 _ 0 8 _ 11 2 
[00383718] 3 | _ 3 7 10 4 9 1 0 8 _ 11 2 
[00383719] 2 | 5 3 7 10 4 9 1 0 8 _ 11 2 
[00383720] 2 | _ 3 7 10 4 9 1 0 8 6 11 2 
[00383721] 3 | _ 3 7 10 4 9 _ 0 8 5 11 2 
[00383722] 2 | 1 3 7 10 4 9 _ 0 8 5 11 2 
[00383723] 2 | _ 3 7 10 4 9 6 0 8 5 11 2 
[00383724] 4 | _ 3 _ 10 4 9 8 0 8 _ 11 2 
[00383725] 3 | 6 3 _ 10 4 9 8 0 8 _ 11 2 
[00383726] 2 | 6 3 1 10 4 9 8 0 8 _ 11 2 
[00383727] 2 | 6 3 5 10 4 9 8 0 8 _ 11 2 
[00383728] 3 | _ 3 6 10 4 9 8 0 8 _ 11 2 
[00383729] 2 | 1 3 6 10 4 9 8 0 8 _ 11 2 
[00383730] 2 | 5 3 6 10 4 9 8 0 8 _ 11 2 
[00383731] 4 | _ 3 _ 10 4 9 _ 0 8 4 11 2 
