[00058897] 2 | 4 0 6 11 3 8 5 1 10 7 8 _ 
[00058898] 4 | _ 0 6 11 3 8 7 1 10 _ 8 _ 
[00058899] 5 | _ 0 6 11 3 _ 8 1 10 _ 8 _ 
[00058900] 4 | 4 0 6 11 3 _ 8 1 10 _ 8 _ 
[00058901] 3 | 4 0 6 11 3 _ 8 1 10 7 8 _ 
[00058902] 2 | 4 0 6 11 3 5 8 1 10 7 8 _ 
[00058903] 4 | _ 0 6 11 3 7 8 1 10 _ 8 _ 
[00058904] 5 | _ 0 6 11 3 _ _ 1 10 5 8 _ 
[00058905] 4 | 4 0 6 11 3 _ _ 1 10 5 8 _ 
[00058906] 4 | _ 0 6 11 3 7 _ 1 10 5 8 _ 
[00058907] 3 | 3 0 6 11 3 7 _ 1 10 5 8 _ 
[00058908] 3 | _ 0 6 11 3 7 0 1 10 5 8 _ 
[00058909] 4 | _ 0 6 11 3 _ 7 1 10 5 8 _ 
[00058910] 3 | 3 0 6 11 3 _ 7 1 10 5 8 _ 
[00058911] 3 | _ 0 6 11 3 0 7 1 10 5 8 _ 
[00058912] 4 | _ 0 6 11 3 _ _ 1 10 5 8 4 
[00058913] 3 | 3 0 6 11 3 _ _ 1 10 5 8 4 
[00058914] 3 | _ 0 6 11 3 0 _ 1 10 5 8 4 
[00058915] 3 | _ 0 6 11 3 _ 0 1 10 5 8 4 
[00058916] 5 | _ 0 6 11 3 _ _ 1 10 _ 8 3 
[00058917] 4 | 4 0 6 11 3 _ _ 1 10 _ 8 3 
[00058918] 3 | 4 0 6 11 3 _ _ 1 10 7 8 3 
[00058919] 6 | _ 0 _ 11 3 9 _ 1 10 _ 8 _ 
[00058920] 5 | 5 0 _ 11 3 9 _ 1 10 _ 8 _ 
[00058921] 4 | 5 0 4 11 3 9 _ 1 10 _ 8 _ 
[00058922] 3 | 5 0 4 11 3 9 6 1 10 _ 8 _ 
[00058923] 2 | 5 0 4 11 3 9 6 1 10 8 8 _ 
[00058924] 2 | 5 0 4 11 3 9 6 1 10 _ 8 10 
[00058925] 3 | 5 0 4 11 3 9 _ 1 10 7 8 _ 
[00058926] 2 | 5 0 4 11 3 9 _ 1 10 7 8 6 
[00058927] 1 | 5 0 4 11 3 9 2 1 10 7 8 6  *Graceful*
[00058927] 4 | 5 0 _ 11 3 9 7 1 10 _ 8 _ 
[00058928] 4 | 5 0 _ 11 3 9 _ 1 10 6 8 _ 
[00058929] 3 | 5 0 3 11 3 9 _ 1 10 6 8 _ 
[00058930] 3 | 5 0 _ 11 3 9 0 1 10 6 8 _ 
[00058931] 4 | 5 0 _ 11 3 9 _ 1 10 _ 8 4 
[00058932] 3 | 5 0 3 11 3 9 _ 1 10 _ 8 4 
[00058933] 3 | 5 0 _ 11 3 9 0 1 10 _ 8 4 
[00058934] 3 | 5 0 _ 11 3 9 6 1 10 _ 8 4 
[00058935] 2 | 5 0 2 11 3 9 6 1 10 _ 8 4 
[00058936] 3 | 5 0 _ 11 3 9 _ 1 10 7 8 4 
[00058937] 2 | 5 0 2 11 3 9 _ 1 10 7 8 4 
[00058938] 5 | _ 0 5 11 3 9 _ 1 10 _ 8 _ 
[00058939] 4 | 4 0 5 11 3 9 _ 1 10 _ 8 _ 
[00058940] 3 | 4 0 5 11 3 9 6 1 10 _ 8 _ 
[00058941] 2 | 4 0 5 11 3 9 6 1 10 8 8 _ 
[00058942] 2 | 4 0 5 11 3 9 6 1 10 _ 8 10 
[00058943] 3 | 4 0 5 11 3 9 _ 1 10 7 8 _ 
[00058944] 2 | 4 0 5 11 3 9 _ 1 10 7 8 6 
[00058945] 1 | 4 0 5 11 3 9 2 1 10 7 8 6  *Graceful*
[00058945] 4 | _ 0 5 11 3 9 7 1 10 _ 8 _ 
[00058946] 4 | _ 0 5 11 3 9 _ 1 10 6 8 _ 
[00058947] 3 | 3 0 5 11 3 9 _ 1 10 6 8 _ 
[00058948] 3 | _ 0 5 11 3 9 0 1 10 6 8 _ 
[00058949] 4 | _ 0 5 11 3 9 _ 1 10 _ 8 4 
[00058950] 3 | 3 0 5 11 3 9 _ 1 10 _ 8 4 
[00058951] 3 | _ 0 5 11 3 9 0 1 10 _ 8 4 
[00058952] 3 | _ 0 5 11 3 9 6 1 10 _ 8 4 
[00058953] 2 | 2 0 5 11 3 9 6 1 10 _ 8 4 
[00058954] 3 | _ 0 5 11 3 9 _ 1 10 7 8 4 
[00058955] 2 | 2 0 5 11 3 9 _ 1 10 7 8 4 
[00058956] 5 | _ 0 _ 11 3 9 8 1 10 _ 8 _ 
[00058957] 4 | 4 0 _ 11 3 9 8 1 10 _ 8 _ 
[00058958] 3 | 4 0 _ 11 3 9 8 1 10 7 8 _ 
[00058959] 2 | 4 0 2 11 3 9 8 1 10 7 8 _ 
[00058960] 4 | _ 0 4 11 3 9 8 1 10 _ 8 _ 
[00058961] 3 | _ 0 4 11 3 9 8 1 10 7 8 _ 
[00058962] 2 | 2 0 4 11 3 9 8 1 10 7 8 _ 
[00058963] 4 | _ 0 _ 11 3 9 8 1 10 6 8 _ 
[00058964] 5 | _ 0 _ 11 3 9 _ 1 10 5 8 _ 
[00058965] 4 | 4 0 _ 11 3 9 _ 1 10 5 8 _ 
[00058966] 3 | 4 0 3 11 3 9 _ 1 10 5 8 _ 
[00058967] 2 | 4 0 3 11 3 9 _ 1 10 5 8 6 
[00058968] 3 | 4 0 _ 11 3 9 0 1 10 5 8 _ 
[00058969] 2 | 4 0 _ 11 3 9 0 1 10 5 8 6 
[00058970] 3 | 4 0 _ 11 3 9 6 1 10 5 8 _ 
[00058971] 2 | 4 0 2 11 3 9 6 1 10 5 8 _ 
[00058972] 1 | 4 0 2 11 3 9 6 1 10 5 8 7  *Graceful*
[00058972] 4 | _ 0 4 11 3 9 _ 1 10 5 8 _ 
[00058973] 3 | 3 0 4 11 3 9 _ 1 10 5 8 _ 
[00058974] 2 | 3 0 4 11 3 9 _ 1 10 5 8 6 
[00058975] 3 | _ 0 4 11 3 9 0 1 10 5 8 _ 
[00058976] 2 | _ 0 4 11 3 9 0 1 10 5 8 6 
[00058977] 3 | _ 0 4 11 3 9 6 1 10 5 8 _ 
[00058978] 2 | 2 0 4 11 3 9 6 1 10 5 8 _ 
[00058979] 1 | 2 0 4 11 3 9 6 1 10 5 8 7  *Graceful*
[00058979] 4 | _ 0 _ 11 3 9 7 1 10 5 8 _ 
[00058980] 4 | _ 0 _ 11 3 9 _ 1 10 5 8 4 
[00058981] 3 | 3 0 _ 11 3 9 _ 1 10 5 8 4 
[00058982] 2 | 3 0 2 11 3 9 _ 1 10 5 8 4 
[00058983] 3 | _ 0 3 11 3 9 _ 1 10 5 8 4 
[00058984] 2 | 2 0 3 11 3 9 _ 1 10 5 8 4 
[00058985] 3 | _ 0 _ 11 3 9 0 1 10 5 8 4 
[00058986] 3 | _ 0 _ 11 3 9 6 1 10 5 8 4 
[00058987] 2 | 2 0 _ 11 3 9 6 1 10 5 8 4 
[00058988] 2 | _ 0 2 11 3 9 6 1 10 5 8 4 
[00058989] 5 | _ 0 _ 11 3 9 _ 1 10 _ 8 3 
[00058990] 4 | 4 0 _ 11 3 9 _ 1 10 _ 8 3 
[00058991] 3 | 4 0 _ 11 3 9 _ 1 10 7 8 3 
[00058992] 2 | 4 0 2 11 3 9 _ 1 10 7 8 3 
[00058993] 4 | _ 0 4 11 3 9 _ 1 10 _ 8 3 
[00058994] 3 | _ 0 4 11 3 9 _ 1 10 7 8 3 
[00058995] 2 | 2 0 4 11 3 9 _ 1 10 7 8 3 
[00058996] 4 | _ 0 _ 11 3 9 _ 1 10 6 8 3 
[00058997] 6 | _ 0 _ 11 3 _ 9 1 10 _ 8 _ 
[00058998] 5 | 5 0 _ 11 3 _ 9 1 10 _ 8 _ 
[00058999] 4 | 5 0 4 11 3 _ 9 1 10 _ 8 _ 
[00059000] 3 | 5 0 4 11 3 6 9 1 10 _ 8 _ 
[00059001] 2 | 5 0 4 11 3 6 9 1 10 8 8 _ 
[00059002] 2 | 5 0 4 11 3 6 9 1 10 _ 8 10 
[00059003] 3 | 5 0 4 11 3 _ 9 1 10 7 8 _ 
[00059004] 2 | 5 0 4 11 3 _ 9 1 10 7 8 6 
[00059005] 1 | 5 0 4 11 3 2 9 1 10 7 8 6  *Graceful*
[00059005] 4 | 5 0 _ 11 3 7 9 1 10 _ 8 _ 
[00059006] 4 | 5 0 _ 11 3 _ 9 1 10 6 8 _ 
[00059007] 3 | 5 0 3 11 3 _ 9 1 10 6 8 _ 
[00059008] 3 | 5 0 _ 11 3 0 9 1 10 6 8 _ 
[00059009] 4 | 5 0 _ 11 3 _ 9 1 10 _ 8 4 
[00059010] 3 | 5 0 3 11 3 _ 9 1 10 _ 8 4 
[00059011] 3 | 5 0 _ 11 3 0 9 1 10 _ 8 4 
[00059012] 3 | 5 0 _ 11 3 6 9 1 10 _ 8 4 
[00059013] 2 | 5 0 2 11 3 6 9 1 10 _ 8 4 
[00059014] 3 | 5 0 _ 11 3 _ 9 1 10 7 8 4 
[00059015] 2 | 5 0 2 11 3 _ 9 1 10 7 8 4 
[00059016] 5 | _ 0 5 11 3 _ 9 1 10 _ 8 _ 
[00059017] 4 | 4 0 5 11 3 _ 9 1 10 _ 8 _ 
[00059018] 3 | 4 0 5 11 3 6 9 1 10 _ 8 _ 
[00059019] 2 | 4 0 5 11 3 6 9 1 10 8 8 _ 
[00059020] 2 | 4 0 5 11 3 6 9 1 10 _ 8 10 
[00059021] 3 | 4 0 5 11 3 _ 9 1 10 7 8 _ 
[00059022] 2 | 4 0 5 11 3 _ 9 1 10 7 8 6 
[00059023] 1 | 4 0 5 11 3 2 9 1 10 7 8 6  *Graceful*
[00059023] 4 | _ 0 5 11 3 7 9 1 10 _ 8 _ 
[00059024] 4 | _ 0 5 11 3 _ 9 1 10 6 8 _ 
[00059025] 3 | 3 0 5 11 3 _ 9 1 10 6 8 _ 
[00059026] 3 | _ 0 5 11 3 0 9 1 10 6 8 _ 
[00059027] 4 | _ 0 5 11 3 _ 9 1 10 _ 8 4 
[00059028] 3 | 3 0 5 11 3 _ 9 1 10 _ 8 4 
[00059029] 3 | _ 0 5 11 3 0 9 1 10 _ 8 4 
[00059030] 3 | _ 0 5 11 3 6 9 1 10 _ 8 4 
[00059031] 2 | 2 0 5 11 3 6 9 1 10 _ 8 4 
[00059032] 3 | _ 0 5 11 3 _ 9 1 10 7 8 4 
[00059033] 2 | 2 0 5 11 3 _ 9 1 10 7 8 4 
[00059034] 5 | _ 0 _ 11 3 8 9 1 10 _ 8 _ 
[00059035] 4 | 4 0 _ 11 3 8 9 1 10 _ 8 _ 
[00059036] 3 | 4 0 _ 11 3 8 9 1 10 7 8 _ 
[00059037] 2 | 4 0 2 11 3 8 9 1 10 7 8 _ 
[00059038] 4 | _ 0 4 11 3 8 9 1 10 _ 8 _ 
[00059039] 3 | _ 0 4 11 3 8 9 1 10 7 8 _ 
[00059040] 2 | 2 0 4 11 3 8 9 1 10 7 8 _ 
[00059041] 4 | _ 0 _ 11 3 8 9 1 10 6 8 _ 
[00059042] 5 | _ 0 _ 11 3 _ 9 1 10 5 8 _ 
[00059043] 4 | 4 0 _ 11 3 _ 9 1 10 5 8 _ 
[00059044] 3 | 4 0 3 11 3 _ 9 1 10 5 8 _ 
[00059045] 2 | 4 0 3 11 3 _ 9 1 10 5 8 6 
[00059046] 3 | 4 0 _ 11 3 0 9 1 10 5 8 _ 
[00059047] 2 | 4 0 _ 11 3 0 9 1 10 5 8 6 
[00059048] 3 | 4 0 _ 11 3 6 9 1 10 5 8 _ 
[00059049] 2 | 4 0 2 11 3 6 9 1 10 5 8 _ 
[00059050] 1 | 4 0 2 11 3 6 9 1 10 5 8 7  *Graceful*
[00059050] 4 | _ 0 4 11 3 _ 9 1 10 5 8 _ 
[00059051] 3 | 3 0 4 11 3 _ 9 1 10 5 8 _ 
[00059052] 2 | 3 0 4 11 3 _ 9 1 10 5 8 6 
[00059053] 3 | _ 0 4 11 3 0 9 1 10 5 8 _ 
[00059054] 2 | _ 0 4 11 3 0 9 1 10 5 8 6 
[00059055] 3 | _ 0 4 11 3 6 9 1 10 5 8 _ 
[00059056] 2 | 2 0 4 11 3 6 9 1 10 5 8 _ 
[00059057] 1 | 2 0 4 11 3 6 9 1 10 5 8 7  *Graceful*
[00059057] 4 | _ 0 _ 11 3 7 9 1 10 5 8 _ 
[00059058] 4 | _ 0 _ 11 3 _ 9 1 10 5 8 4 
[00059059] 3 | 3 0 _ 11 3 _ 9 1 10 5 8 4 
[00059060] 2 | 3 0 2 11 3 _ 9 1 10 5 8 4 
[00059061] 3 | _ 0 3 11 3 _ 9 1 10 5 8 4 
[00059062] 2 | 2 0 3 11 3 _ 9 1 10 5 8 4 
[00059063] 3 | _ 0 _ 11 3 0 9 1 10 5 8 4 
[00059064] 3 | _ 0 _ 11 3 6 9 1 10 5 8 4 
[00059065] 2 | 2 0 _ 11 3 6 9 1 10 5 8 4 
[00059066] 2 | _ 0 2 11 3 6 9 1 10 5 8 4 
[00059067] 5 | _ 0 _ 11 3 _ 9 1 10 _ 8 3 
[00059068] 4 | 4 0 _ 11 3 _ 9 1 10 _ 8 3 
[00059069] 3 | 4 0 _ 11 3 _ 9 1 10 7 8 3 
[00059070] 2 | 4 0 2 11 3 _ 9 1 10 7 8 3 
[00059071] 4 | _ 0 4 11 3 _ 9 1 10 _ 8 3 
[00059072] 3 | _ 0 4 11 3 _ 9 1 10 7 8 3 
[00059073] 2 | 2 0 4 11 3 _ 9 1 10 7 8 3 
[00059074] 4 | _ 0 _ 11 3 _ 9 1 10 6 8 3 
[00059075] 6 | _ 0 _ 11 3 _ _ 1 10 4 8 _ 
[00059076] 5 | 5 0 _ 11 3 _ _ 1 10 4 8 _ 
[00059077] 4 | 5 0 _ 11 3 7 _ 1 10 4 8 _ 
[00059078] 3 | 5 0 3 11 3 7 _ 1 10 4 8 _ 
[00059079] 2 | 5 0 3 11 3 7 _ 1 10 4 8 6 
[00059080] 3 | 5 0 _ 11 3 7 0 1 10 4 8 _ 
[00059081] 2 | 5 0 _ 11 3 7 0 1 10 4 8 6 
[00059082] 3 | 5 0 _ 11 3 7 6 1 10 4 8 _ 
[00059083] 2 | 5 0 2 11 3 7 6 1 10 4 8 _ 
[00059084] 1 | 5 0 2 11 3 7 6 1 10 4 8 9  *Graceful*
[00059084] 4 | 5 0 _ 11 3 _ 7 1 10 4 8 _ 
[00059085] 3 | 5 0 3 11 3 _ 7 1 10 4 8 _ 
[00059086] 2 | 5 0 3 11 3 _ 7 1 10 4 8 6 
[00059087] 3 | 5 0 _ 11 3 0 7 1 10 4 8 _ 
[00059088] 2 | 5 0 _ 11 3 0 7 1 10 4 8 6 
[00059089] 3 | 5 0 _ 11 3 6 7 1 10 4 8 _ 
[00059090] 2 | 5 0 2 11 3 6 7 1 10 4 8 _ 
[00059091] 1 | 5 0 2 11 3 6 7 1 10 4 8 9  *Graceful*
[00059091] 5 | _ 0 5 11 3 _ _ 1 10 4 8 _ 
[00059092] 4 | _ 0 5 11 3 7 _ 1 10 4 8 _ 
[00059093] 3 | 3 0 5 11 3 7 _ 1 10 4 8 _ 
[00059094] 2 | 3 0 5 11 3 7 _ 1 10 4 8 6 
[00059095] 3 | _ 0 5 11 3 7 0 1 10 4 8 _ 
[00059096] 2 | _ 0 5 11 3 7 0 1 10 4 8 6 
[00059097] 3 | _ 0 5 11 3 7 6 1 10 4 8 _ 
[00059098] 2 | 2 0 5 11 3 7 6 1 10 4 8 _ 
[00059099] 1 | 2 0 5 11 3 7 6 1 10 4 8 9  *Graceful*
[00059099] 4 | _ 0 5 11 3 _ 7 1 10 4 8 _ 
[00059100] 3 | 3 0 5 11 3 _ 7 1 10 4 8 _ 
[00059101] 2 | 3 0 5 11 3 _ 7 1 10 4 8 6 
[00059102] 3 | _ 0 5 11 3 0 7 1 10 4 8 _ 
[00059103] 2 | _ 0 5 11 3 0 7 1 10 4 8 6 
[00059104] 3 | _ 0 5 11 3 6 7 1 10 4 8 _ 
[00059105] 2 | 2 0 5 11 3 6 7 1 10 4 8 _ 
[00059106] 1 | 2 0 5 11 3 6 7 1 10 4 8 9  *Graceful*
[00059106] 5 | _ 0 _ 11 3 8 _ 1 10 4 8 _ 
[00059107] 4 | _ 0 _ 11 3 8 7 1 10 4 8 _ 
[00059108] 5 | _ 0 _ 11 3 _ 8 1 10 4 8 _ 
[00059109] 4 | _ 0 _ 11 3 7 8 1 10 4 8 _ 
[00059110] 5 | _ 0 _ 11 3 _ _ 1 10 4 8 3 
[00059111] 6 | _ 0 _ 11 3 _ _ 1 10 _ 8 2 
[00059112] 5 | 5 0 _ 11 3 _ _ 1 10 _ 8 2 
[00059113] 4 | 5 0 4 11 3 _ _ 1 10 _ 8 2 
[00059114] 3 | 5 0 4 11 3 6 _ 1 10 _ 8 2 
[00059115] 3 | 5 0 4 11 3 _ 6 1 10 _ 8 2 
[00059116] 3 | 5 0 4 11 3 _ _ 1 10 7 8 2 
[00059117] 4 | 5 0 _ 11 3 7 _ 1 10 _ 8 2 
[00059118] 3 | 5 0 3 11 3 7 _ 1 10 _ 8 2 
[00059119] 3 | 5 0 _ 11 3 7 0 1 10 _ 8 2 
[00059120] 3 | 5 0 _ 11 3 7 6 1 10 _ 8 2 
[00059121] 4 | 5 0 _ 11 3 _ 7 1 10 _ 8 2 
[00059122] 3 | 5 0 3 11 3 _ 7 1 10 _ 8 2 
[00059123] 3 | 5 0 _ 11 3 0 7 1 10 _ 8 2 
[00059124] 3 | 5 0 _ 11 3 6 7 1 10 _ 8 2 
[00059125] 4 | 5 0 _ 11 3 _ _ 1 10 6 8 2 
[00059126] 3 | 5 0 3 11 3 _ _ 1 10 6 8 2 
[00059127] 3 | 5 0 _ 11 3 0 _ 1 10 6 8 2 
[00059128] 3 | 5 0 _ 11 3 _ 0 1 10 6 8 2 
[00059129] 5 | _ 0 5 11 3 _ _ 1 10 _ 8 2 
[00059130] 4 | 4 0 5 11 3 _ _ 1 10 _ 8 2 
[00059131] 3 | 4 0 5 11 3 6 _ 1 10 _ 8 2 
[00059132] 3 | 4 0 5 11 3 _ 6 1 10 _ 8 2 
[00059133] 3 | 4 0 5 11 3 _ _ 1 10 7 8 2 
[00059134] 4 | _ 0 5 11 3 7 _ 1 10 _ 8 2 
[00059135] 3 | 3 0 5 11 3 7 _ 1 10 _ 8 2 
[00059136] 3 | _ 0 5 11 3 7 0 1 10 _ 8 2 
[00059137] 3 | _ 0 5 11 3 7 6 1 10 _ 8 2 
[00059138] 4 | _ 0 5 11 3 _ 7 1 10 _ 8 2 
[00059139] 3 | 3 0 5 11 3 _ 7 1 10 _ 8 2 
[00059140] 3 | _ 0 5 11 3 0 7 1 10 _ 8 2 
[00059141] 3 | _ 0 5 11 3 6 7 1 10 _ 8 2 
[00059142] 4 | _ 0 5 11 3 _ _ 1 10 6 8 2 
[00059143] 3 | 3 0 5 11 3 _ _ 1 10 6 8 2 
[00059144] 3 | _ 0 5 11 3 0 _ 1 10 6 8 2 
[00059145] 3 | _ 0 5 11 3 _ 0 1 10 6 8 2 
[00059146] 5 | _ 0 _ 11 3 _ _ 1 10 5 8 2 
[00059147] 4 | 4 0 _ 11 3 _ _ 1 10 5 8 2 
[00059148] 3 | 4 0 3 11 3 _ _ 1 10 5 8 2 
[00059149] 3 | 4 0 _ 11 3 0 _ 1 10 5 8 2 
[00059150] 3 | 4 0 _ 11 3 6 _ 1 10 5 8 2 
[00059151] 3 | 4 0 _ 11 3 _ 0 1 10 5 8 2 
[00059152] 3 | 4 0 _ 11 3 _ 6 1 10 5 8 2 
[00059153] 4 | _ 0 4 11 3 _ _ 1 10 5 8 2 
[00059154] 3 | 3 0 4 11 3 _ _ 1 10 5 8 2 
[00059155] 3 | _ 0 4 11 3 0 _ 1 10 5 8 2 
[00059156] 3 | _ 0 4 11 3 6 _ 1 10 5 8 2 
[00059157] 3 | _ 0 4 11 3 _ 0 1 10 5 8 2 
[00059158] 3 | _ 0 4 11 3 _ 6 1 10 5 8 2 
[00059159] 4 | _ 0 _ 11 3 7 _ 1 10 5 8 2 
[00059160] 3 | 3 0 _ 11 3 7 _ 1 10 5 8 2 
[00059161] 3 | _ 0 3 11 3 7 _ 1 10 5 8 2 
[00059162] 3 | _ 0 _ 11 3 7 0 1 10 5 8 2 
[00059163] 3 | _ 0 _ 11 3 7 6 1 10 5 8 2 
[00059164] 4 | _ 0 _ 11 3 _ 7 1 10 5 8 2 
[00059165] 3 | 3 0 _ 11 3 _ 7 1 10 5 8 2 
[00059166] 3 | _ 0 3 11 3 _ 7 1 10 5 8 2 
[00059167] 3 | _ 0 _ 11 3 0 7 1 10 5 8 2 
[00059168] 3 | _ 0 _ 11 3 6 7 1 10 5 8 2 
[00059169] 7 | _ 0 _ 11 3 _ _ 1 10 _ 2 9 
[00059170] 6 | 6 0 _ 11 3 _ _ 1 10 _ 2 9 
[00059171] 5 | 6 0 5 11 3 _ _ 1 10 _ 2 9 
[00059172] 4 | 6 0 5 11 3 7 _ 1 10 _ 2 9 
[00059173] 4 | 6 0 5 11 3 _ 7 1 10 _ 2 9 
[00059174] 5 | 6 0 _ 11 3 8 _ 1 10 _ 2 9 
[00059175] 4 | 6 0 4 11 3 8 _ 1 10 _ 2 9 
[00059176] 3 | 6 0 4 11 3 8 _ 1 10 7 2 9 
[00059177] 2 | 6 0 4 11 3 8 5 1 10 7 2 9 
[00059178] 1 | 6 0 4 11 3 8 5 1 10 7 2 9  *Graceful*
[00059178] 4 | 6 0 _ 11 3 8 7 1 10 _ 2 9 
[00059179] 5 | 6 0 _ 11 3 _ 8 1 10 _ 2 9 
[00059180] 4 | 6 0 4 11 3 _ 8 1 10 _ 2 9 
[00059181] 3 | 6 0 4 11 3 _ 8 1 10 7 2 9 
[00059182] 2 | 6 0 4 11 3 5 8 1 10 7 2 9 
[00059183] 1 | 6 0 4 11 3 5 8 1 10 7 2 9  *Graceful*
[00059183] 4 | 6 0 _ 11 3 7 8 1 10 _ 2 9 
[00059184] 5 | 6 0 _ 11 3 _ _ 1 10 5 2 9 
[00059185] 4 | 6 0 4 11 3 _ _ 1 10 5 2 9 
[00059186] 4 | 6 0 _ 11 3 7 _ 1 10 5 2 9 
[00059187] 3 | 6 0 3 11 3 7 _ 1 10 5 2 9 
[00059188] 3 | 6 0 _ 11 3 7 0 1 10 5 2 9 
[00059189] 4 | 6 0 _ 11 3 _ 7 1 10 5 2 9 
[00059190] 3 | 6 0 3 11 3 _ 7 1 10 5 2 9 
[00059191] 3 | 6 0 _ 11 3 0 7 1 10 5 2 9 
[00059192] 6 | _ 0 6 11 3 _ _ 1 10 _ 2 9 
[00059193] 5 | 5 0 6 11 3 _ _ 1 10 _ 2 9 
[00059194] 4 | 5 0 6 11 3 7 _ 1 10 _ 2 9 
[00059195] 4 | 5 0 6 11 3 _ 7 1 10 _ 2 9 
[00059196] 5 | _ 0 6 11 3 8 _ 1 10 _ 2 9 
[00059197] 4 | 4 0 6 11 3 8 _ 1 10 _ 2 9 
[00059198] 3 | 4 0 6 11 3 8 _ 1 10 7 2 9 
[00059199] 2 | 4 0 6 11 3 8 5 1 10 7 2 9 
[00059200] 1 | 4 0 6 11 3 8 5 1 10 7 2 9  *Graceful*
[00059200] 4 | _ 0 6 11 3 8 7 1 10 _ 2 9 
[00059201] 5 | _ 0 6 11 3 _ 8 1 10 _ 2 9 
[00059202] 4 | 4 0 6 11 3 _ 8 1 10 _ 2 9 
[00059203] 3 | 4 0 6 11 3 _ 8 1 10 7 2 9 
[00059204] 2 | 4 0 6 11 3 5 8 1 10 7 2 9 
[00059205] 1 | 4 0 6 11 3 5 8 1 10 7 2 9  *Graceful*
[00059205] 4 | _ 0 6 11 3 7 8 1 10 _ 2 9 
[00059206] 5 | _ 0 6 11 3 _ _ 1 10 5 2 9 
[00059207] 4 | 4 0 6 11 3 _ _ 1 10 5 2 9 
[00059208] 4 | _ 0 6 11 3 7 _ 1 10 5 2 9 
[00059209] 3 | 3 0 6 11 3 7 _ 1 10 5 2 9 
[00059210] 3 | _ 0 6 11 3 7 0 1 10 5 2 9 
[00059211] 4 | _ 0 6 11 3 _ 7 1 10 5 2 9 
[00059212] 3 | 3 0 6 11 3 _ 7 1 10 5 2 9 
[00059213] 3 | _ 0 6 11 3 0 7 1 10 5 2 9 
[00059214] 6 | _ 0 _ 11 3 _ _ 1 10 4 2 9 
[00059215] 5 | 5 0 _ 11 3 _ _ 1 10 4 2 9 
[00059216] 4 | 5 0 _ 11 3 7 _ 1 10 4 2 9 
[00059217] 3 | 5 0 3 11 3 7 _ 1 10 4 2 9 
[00059218] 3 | 5 0 _ 11 3 7 0 1 10 4 2 9 
[00059219] 3 | 5 0 _ 11 3 7 6 1 10 4 2 9 
[00059220] 4 | 5 0 _ 11 3 _ 7 1 10 4 2 9 
[00059221] 3 | 5 0 3 11 3 _ 7 1 10 4 2 9 
[00059222] 3 | 5 0 _ 11 3 0 7 1 10 4 2 9 
[00059223] 3 | 5 0 _ 11 3 6 7 1 10 4 2 9 
[00059224] 5 | _ 0 5 11 3 _ _ 1 10 4 2 9 
[00059225] 4 | _ 0 5 11 3 7 _ 1 10 4 2 9 
[00059226] 3 | 3 0 5 11 3 7 _ 1 10 4 2 9 
[00059227] 3 | _ 0 5 11 3 7 0 1 10 4 2 9 
[00059228] 3 | _ 0 5 11 3 7 6 1 10 4 2 9 
[00059229] 4 | _ 0 5 11 3 _ 7 1 10 4 2 9 
[00059230] 3 | 3 0 5 11 3 _ 7 1 10 4 2 9 
[00059231] 3 | _ 0 5 11 3 0 7 1 10 4 2 9 
[00059232] 3 | _ 0 5 11 3 6 7 1 10 4 2 9 
[00059233] 5 | _ 0 _ 11 3 8 _ 1 10 4 2 9 
[00059234] 4 | _ 0 _ 11 3 8 7 1 10 4 2 9 
[00059235] 5 | _ 0 _ 11 3 _ 8 1 10 4 2 9 
[00059236] 4 | _ 0 _ 11 3 7 8 1 10 4 2 9 
[00059237] 7 | _ 0 _ 11 3 _ _ 1 10 _ 9 2 
[00059238] 6 | 6 0 _ 11 3 _ _ 1 10 _ 9 2 
[00059239] 5 | 6 0 5 11 3 _ _ 1 10 _ 9 2 
[00059240] 4 | 6 0 5 11 3 7 _ 1 10 _ 9 2 
[00059241] 4 | 6 0 5 11 3 _ 7 1 10 _ 9 2 
[00059242] 5 | 6 0 _ 11 3 8 _ 1 10 _ 9 2 
[00059243] 4 | 6 0 4 11 3 8 _ 1 10 _ 9 2 
[00059244] 3 | 6 0 4 11 3 8 _ 1 10 7 9 2 
[00059245] 2 | 6 0 4 11 3 8 5 1 10 7 9 2 
[00059246] 4 | 6 0 _ 11 3 8 7 1 10 _ 9 2 
[00059247] 5 | 6 0 _ 11 3 _ 8 1 10 _ 9 2 
[00059248] 4 | 6 0 4 11 3 _ 8 1 10 _ 9 2 
[00059249] 3 | 6 0 4 11 3 _ 8 1 10 7 9 2 
[00059250] 2 | 6 0 4 11 3 5 8 1 10 7 9 2 
[00059251] 4 | 6 0 _ 11 3 7 8 1 10 _ 9 2 
[00059252] 5 | 6 0 _ 11 3 _ _ 1 10 5 9 2 
[00059253] 4 | 6 0 4 11 3 _ _ 1 10 5 9 2 
[00059254] 4 | 6 0 _ 11 3 7 _ 1 10 5 9 2 
[00059255] 3 | 6 0 3 11 3 7 _ 1 10 5 9 2 
[00059256] 3 | 6 0 _ 11 3 7 0 1 10 5 9 2 
[00059257] 4 | 6 0 _ 11 3 _ 7 1 10 5 9 2 
[00059258] 3 | 6 0 3 11 3 _ 7 1 10 5 9 2 
[00059259] 3 | 6 0 _ 11 3 0 7 1 10 5 9 2 
[00059260] 6 | _ 0 6 11 3 _ _ 1 10 _ 9 2 
[00059261] 5 | 5 0 6 11 3 _ _ 1 10 _ 9 2 
[00059262] 4 | 5 0 6 11 3 7 _ 1 10 _ 9 2 
[00059263] 4 | 5 0 6 11 3 _ 7 1 10 _ 9 2 
[00059264] 5 | _ 0 6 11 3 8 _ 1 10 _ 9 2 
[00059265] 4 | 4 0 6 11 3 8 _ 1 10 _ 9 2 
[00059266] 3 | 4 0 6 11 3 8 _ 1 10 7 9 2 
[00059267] 2 | 4 0 6 11 3 8 5 1 10 7 9 2 
[00059268] 4 | _ 0 6 11 3 8 7 1 10 _ 9 2 
[00059269] 5 | _ 0 6 11 3 _ 8 1 10 _ 9 2 
[00059270] 4 | 4 0 6 11 3 _ 8 1 10 _ 9 2 
[00059271] 3 | 4 0 6 11 3 _ 8 1 10 7 9 2 
[00059272] 2 | 4 0 6 11 3 5 8 1 10 7 9 2 
[00059273] 4 | _ 0 6 11 3 7 8 1 10 _ 9 2 
[00059274] 5 | _ 0 6 11 3 _ _ 1 10 5 9 2 
[00059275] 4 | 4 0 6 11 3 _ _ 1 10 5 9 2 
[00059276] 4 | _ 0 6 11 3 7 _ 1 10 5 9 2 
[00059277] 3 | 3 0 6 11 3 7 _ 1 10 5 9 2 
[00059278] 3 | _ 0 6 11 3 7 0 1 10 5 9 2 
[00059279] 4 | _ 0 6 11 3 _ 7 1 10 5 9 2 
[00059280] 3 | 3 0 6 11 3 _ 7 1 10 5 9 2 
[00059281] 3 | _ 0 6 11 3 0 7 1 10 5 9 2 
[00059282] 6 | _ 0 _ 11 3 _ _ 1 10 4 9 2 
[00059283] 5 | 5 0 _ 11 3 _ _ 1 10 4 9 2 
[00059284] 4 | 5 0 _ 11 3 7 _ 1 10 4 9 2 
[00059285] 3 | 5 0 3 11 3 7 _ 1 10 4 9 2 
[00059286] 3 | 5 0 _ 11 3 7 0 1 10 4 9 2 
[00059287] 3 | 5 0 _ 11 3 7 6 1 10 4 9 2 
[00059288] 4 | 5 0 _ 11 3 _ 7 1 10 4 9 2 
[00059289] 3 | 5 0 3 11 3 _ 7 1 10 4 9 2 
[00059290] 3 | 5 0 _ 11 3 0 7 1 10 4 9 2 
[00059291] 3 | 5 0 _ 11 3 6 7 1 10 4 9 2 
[00059292] 5 | _ 0 5 11 3 _ _ 1 10 4 9 2 
[00059293] 4 | _ 0 5 11 3 7 _ 1 10 4 9 2 
[00059294] 3 | 3 0 5 11 3 7 _ 1 10 4 9 2 
[00059295] 3 | _ 0 5 11 3 7 0 1 10 4 9 2 
[00059296] 3 | _ 0 5 11 3 7 6 1 10 4 9 2 
[00059297] 4 | _ 0 5 11 3 _ 7 1 10 4 9 2 
[00059298] 3 | 3 0 5 11 3 _ 7 1 10 4 9 2 
[00059299] 3 | _ 0 5 11 3 0 7 1 10 4 9 2 
[00059300] 3 | _ 0 5 11 3 6 7 1 10 4 9 2 
[00059301] 5 | _ 0 _ 11 3 8 _ 1 10 4 9 2 
[00059302] 4 | _ 0 _ 11 3 8 7 1 10 4 9 2 
[00059303] 5 | _ 0 _ 11 3 _ 8 1 10 4 9 2 
[00059304] 4 | _ 0 _ 11 3 7 8 1 10 4 9 2 
[00059305] 8 | _ 0 _ 11 _ _ _ 1 10 2 _ _ 
[00059306] 7 | 7 0 _ 11 _ _ _ 1 10 2 _ _ 
[00059307] 6 | 7 0 6 11 _ _ _ 1 10 2 _ _ 
[00059308] 5 | 7 0 6 11 3 8 _ 1 10 2 _ _ 
[00059309] 4 | 7 0 6 11 3 8 _ 1 10 2 5 _ 
[00059310] 4 | 7 0 6 11 3 8 _ 1 10 2 5 9 
[00059311] 4 | 7 0 6 11 3 8 _ 1 10 2 9 5 
[00059312] 5 | 7 0 6 11 4 9 _ 1 10 2 _ _ 
[00059313] 4 | 7 0 6 11 4 9 8 1 10 2 _ _ 
[00059314] 4 | 7 0 6 11 4 9 _ 1 10 2 5 _ 
[00059315] 3 | 7 0 6 11 4 9 _ 1 10 2 5 8 
[00059316] 5 | 7 0 6 11 8 3 _ 1 10 2 _ _ 
[00059317] 4 | 7 0 6 11 8 3 4 1 10 2 _ _ 
[00059318] 4 | 7 0 6 11 8 3 _ 1 10 2 5 _ 
[00059319] 3 | 7 0 6 11 8 3 5 1 10 2 5 _ 
[00059320] 3 | 7 0 6 11 8 3 _ 1 10 2 5 8 
[00059321] 4 | 7 0 6 11 8 3 _ 1 10 2 5 9 
[00059322] 4 | 7 0 6 11 8 3 _ 1 10 2 9 5 
[00059323] 5 | 7 0 6 11 9 4 _ 1 10 2 _ _ 
[00059324] 4 | 7 0 6 11 9 4 5 1 10 2 _ _ 
[00059325] 4 | 7 0 6 11 9 4 _ 1 10 2 5 _ 
[00059326] 3 | 7 0 6 11 9 4 _ 1 10 2 5 8 
[00059327] 5 | 7 0 6 11 3 _ 8 1 10 2 _ _ 
[00059328] 4 | 7 0 6 11 3 _ 8 1 10 2 5 _ 
[00059329] 4 | 7 0 6 11 3 _ 8 1 10 2 5 9 
[00059330] 4 | 7 0 6 11 3 _ 8 1 10 2 9 5 
[00059331] 5 | 7 0 6 11 4 _ 9 1 10 2 _ _ 
[00059332] 4 | 7 0 6 11 4 8 9 1 10 2 _ _ 
[00059333] 4 | 7 0 6 11 4 _ 9 1 10 2 5 _ 
[00059334] 3 | 7 0 6 11 4 _ 9 1 10 2 5 8 
[00059335] 5 | 7 0 6 11 8 _ 3 1 10 2 _ _ 
[00059336] 4 | 7 0 6 11 8 4 3 1 10 2 _ _ 
[00059337] 4 | 7 0 6 11 8 _ 3 1 10 2 5 _ 
[00059338] 3 | 7 0 6 11 8 5 3 1 10 2 5 _ 
[00059339] 3 | 7 0 6 11 8 _ 3 1 10 2 5 8 
[00059340] 4 | 7 0 6 11 8 _ 3 1 10 2 5 9 
[00059341] 4 | 7 0 6 11 8 _ 3 1 10 2 9 5 
[00059342] 5 | 7 0 6 11 9 _ 4 1 10 2 _ _ 
[00059343] 4 | 7 0 6 11 9 5 4 1 10 2 _ _ 
[00059344] 4 | 7 0 6 11 9 _ 4 1 10 2 5 _ 
[00059345] 3 | 7 0 6 11 9 _ 4 1 10 2 5 8 
[00059346] 5 | 7 0 6 11 _ _ _ 1 10 2 3 8 
[00059347] 4 | 7 0 6 11 5 9 _ 1 10 2 3 8 
[00059348] 4 | 7 0 6 11 9 5 _ 1 10 2 3 8 
[00059349] 4 | 7 0 6 11 5 _ 9 1 10 2 3 8 
[00059350] 4 | 7 0 6 11 9 _ 5 1 10 2 3 8 
[00059351] 5 | 7 0 6 11 _ _ _ 1 10 2 4 9 
[00059352] 5 | 7 0 6 11 _ _ _ 1 10 2 8 3 
[00059353] 4 | 7 0 6 11 5 9 _ 1 10 2 8 3 
[00059354] 4 | 7 0 6 11 9 5 _ 1 10 2 8 3 
[00059355] 4 | 7 0 6 11 5 _ 9 1 10 2 8 3 
[00059356] 4 | 7 0 6 11 9 _ 5 1 10 2 8 3 
[00059357] 5 | 7 0 6 11 _ _ _ 1 10 2 9 4 
[00059358] 6 | 7 0 _ 11 5 _ _ 1 10 2 _ _ 
[00059359] 5 | 7 0 5 11 5 _ _ 1 10 2 _ _ 
[00059360] 4 | 7 0 5 11 5 _ _ 1 10 2 4 8 
[00059361] 4 | 7 0 5 11 5 _ _ 1 10 2 8 4 
[00059362] 5 | 7 0 _ 11 5 0 _ 1 10 2 _ _ 
[00059363] 4 | 7 0 _ 11 5 0 1 1 10 2 _ _ 
[00059364] 3 | 7 0 _ 11 5 0 1 1 10 2 3 6 
[00059365] 3 | 7 0 _ 11 5 0 1 1 10 2 6 9 
[00059366] 3 | 7 0 _ 11 5 0 1 1 10 2 6 3 
[00059367] 3 | 7 0 _ 11 5 0 1 1 10 2 9 6 
[00059368] 4 | 7 0 _ 11 5 0 9 1 10 2 _ _ 
[00059369] 3 | 7 0 _ 11 5 0 9 1 10 2 4 _ 
[00059370] 2 | 7 0 _ 11 5 0 9 1 10 2 4 6 
[00059371] 3 | 7 0 _ 11 5 0 9 1 10 2 3 6 
[00059372] 3 | 7 0 _ 11 5 0 9 1 10 2 6 3 
[00059373] 4 | 7 0 _ 11 5 0 _ 1 10 2 5 _ 
[00059374] 3 | 7 0 _ 11 5 0 8 1 10 2 5 _ 
[00059375] 3 | 7 0 _ 11 5 0 _ 1 10 2 5 8 
[00059376] 4 | 7 0 _ 11 5 0 _ 1 10 2 4 8 
[00059377] 4 | 7 0 _ 11 5 0 _ 1 10 2 8 4 
[00059378] 5 | 7 0 _ 11 5 _ 0 1 10 2 _ _ 
[00059379] 4 | 7 0 _ 11 5 1 0 1 10 2 _ _ 
[00059380] 3 | 7 0 _ 11 5 1 0 1 10 2 3 6 
