[00324230] 3 | 9 2 5 11 5 10 _ 0 8 4 10 _ 
[00324231] 3 | 9 2 _ 11 5 10 2 0 8 4 10 _ 
[00324232] 5 | 9 2 _ 11 5 _ 10 0 8 _ 10 _ 
[00324233] 4 | 9 2 6 11 5 _ 10 0 8 _ 10 _ 
[00324234] 3 | 9 2 6 11 5 8 10 0 8 _ 10 _ 
[00324235] 3 | 9 2 6 11 5 _ 10 0 8 5 10 _ 
[00324236] 4 | 9 2 _ 11 5 1 10 0 8 _ 10 _ 
[00324237] 4 | 9 2 _ 11 5 _ 10 0 8 4 10 _ 
[00324238] 3 | 9 2 5 11 5 _ 10 0 8 4 10 _ 
[00324239] 3 | 9 2 _ 11 5 2 10 0 8 4 10 _ 
[00324240] 5 | 9 2 _ 11 5 _ _ 0 8 3 10 _ 
[00324241] 4 | 9 2 6 11 5 _ _ 0 8 3 10 _ 
[00324242] 3 | 9 2 6 11 5 _ _ 0 8 3 10 7 
[00324243] 4 | 9 2 _ 11 5 1 _ 0 8 3 10 _ 
[00324244] 3 | 9 2 5 11 5 1 _ 0 8 3 10 _ 
[00324245] 3 | 9 2 _ 11 5 1 2 0 8 3 10 _ 
[00324246] 3 | 9 2 _ 11 5 1 _ 0 8 3 10 7 
[00324247] 2 | 9 2 4 11 5 1 _ 0 8 3 10 7 
[00324248] 1 | 9 2 4 11 5 1 6 0 8 3 10 7  *Graceful*
[00324248] 4 | 9 2 _ 11 5 _ 1 0 8 3 10 _ 
[00324249] 3 | 9 2 5 11 5 _ 1 0 8 3 10 _ 
[00324250] 3 | 9 2 _ 11 5 2 1 0 8 3 10 _ 
[00324251] 3 | 9 2 _ 11 5 _ 1 0 8 3 10 7 
[00324252] 2 | 9 2 4 11 5 _ 1 0 8 3 10 7 
[00324253] 1 | 9 2 4 11 5 6 1 0 8 3 10 7  *Graceful*
[00324253] 4 | 9 2 _ 11 5 _ _ 0 8 3 10 6 
[00324254] 3 | 9 2 5 11 5 _ _ 0 8 3 10 6 
[00324255] 3 | 9 2 _ 11 5 2 _ 0 8 3 10 6 
[00324256] 2 | 9 2 _ 11 5 2 7 0 8 3 10 6 
[00324257] 3 | 9 2 _ 11 5 _ 2 0 8 3 10 6 
[00324258] 2 | 9 2 _ 11 5 7 2 0 8 3 10 6 
[00324259] 5 | 9 2 _ 11 5 _ _ 0 8 _ 10 5 
[00324260] 4 | 9 2 6 11 5 _ _ 0 8 _ 10 5 
[00324261] 4 | 9 2 _ 11 5 _ _ 0 8 4 10 5 
[00324262] 6 | 9 2 _ 11 1 7 _ 0 8 _ 10 _ 
[00324263] 5 | 9 2 _ 11 1 7 6 0 8 _ 10 _ 
[00324264] 4 | 9 2 _ 11 1 7 6 0 8 4 10 _ 
[00324265] 3 | 9 2 5 11 1 7 6 0 8 4 10 _ 
[00324266] 5 | 9 2 _ 11 1 7 _ 0 8 3 10 _ 
[00324267] 4 | 9 2 6 11 1 7 _ 0 8 3 10 _ 
[00324268] 3 | 9 2 6 11 1 7 4 0 8 3 10 _ 
[00324269] 4 | 9 2 _ 11 1 7 5 0 8 3 10 _ 
[00324270] 4 | 9 2 _ 11 1 7 _ 0 8 3 10 6 
[00324271] 3 | 9 2 5 11 1 7 _ 0 8 3 10 6 
[00324272] 3 | 9 2 _ 11 1 7 4 0 8 3 10 6 
[00324273] 5 | 9 2 _ 11 1 7 _ 0 8 _ 10 5 
[00324274] 4 | 9 2 6 11 1 7 _ 0 8 _ 10 5 
[00324275] 3 | 9 2 6 11 1 7 4 0 8 _ 10 5 
[00324276] 4 | 9 2 _ 11 1 7 _ 0 8 4 10 5 
[00324277] 6 | 9 2 _ 11 7 1 _ 0 8 _ 10 _ 
[00324278] 5 | 9 2 7 11 7 1 _ 0 8 _ 10 _ 
[00324279] 4 | 9 2 7 11 7 1 _ 0 8 4 10 _ 
[00324280] 4 | 9 2 7 11 7 1 _ 0 8 _ 10 6 
[00324281] 3 | 9 2 7 11 7 1 _ 0 8 5 10 6 
[00324282] 5 | 9 2 _ 11 7 1 2 0 8 _ 10 _ 
[00324283] 4 | 9 2 _ 11 7 1 2 0 8 4 10 _ 
[00324284] 4 | 9 2 _ 11 7 1 2 0 8 _ 10 6 
[00324285] 3 | 9 2 _ 11 7 1 2 0 8 5 10 6 
[00324286] 5 | 9 2 _ 11 7 1 _ 0 8 3 10 _ 
[00324287] 4 | 9 2 6 11 7 1 _ 0 8 3 10 _ 
[00324288] 3 | 9 2 6 11 7 1 4 0 8 3 10 _ 
[00324289] 3 | 9 2 6 11 7 1 10 0 8 3 10 _ 
[00324290] 3 | 9 2 6 11 7 1 _ 0 8 3 10 7 
[00324291] 4 | 9 2 _ 11 7 1 _ 0 8 3 10 6 
[00324292] 3 | 9 2 5 11 7 1 _ 0 8 3 10 6 
[00324293] 3 | 9 2 _ 11 7 1 4 0 8 3 10 6 
[00324294] 5 | 9 2 _ 11 7 1 _ 0 8 _ 10 5 
[00324295] 4 | 9 2 6 11 7 1 _ 0 8 _ 10 5 
[00324296] 3 | 9 2 6 11 7 1 4 0 8 _ 10 5 
[00324297] 4 | 9 2 _ 11 7 1 3 0 8 _ 10 5 
[00324298] 4 | 9 2 _ 11 7 1 _ 0 8 4 10 5 
[00324299] 6 | 9 2 _ 11 1 _ 7 0 8 _ 10 _ 
[00324300] 5 | 9 2 _ 11 1 6 7 0 8 _ 10 _ 
[00324301] 4 | 9 2 _ 11 1 6 7 0 8 4 10 _ 
[00324302] 3 | 9 2 5 11 1 6 7 0 8 4 10 _ 
[00324303] 5 | 9 2 _ 11 1 _ 7 0 8 3 10 _ 
[00324304] 4 | 9 2 6 11 1 _ 7 0 8 3 10 _ 
[00324305] 3 | 9 2 6 11 1 4 7 0 8 3 10 _ 
[00324306] 4 | 9 2 _ 11 1 5 7 0 8 3 10 _ 
[00324307] 4 | 9 2 _ 11 1 _ 7 0 8 3 10 6 
[00324308] 3 | 9 2 5 11 1 _ 7 0 8 3 10 6 
[00324309] 3 | 9 2 _ 11 1 4 7 0 8 3 10 6 
[00324310] 5 | 9 2 _ 11 1 _ 7 0 8 _ 10 5 
[00324311] 4 | 9 2 6 11 1 _ 7 0 8 _ 10 5 
[00324312] 3 | 9 2 6 11 1 4 7 0 8 _ 10 5 
[00324313] 4 | 9 2 _ 11 1 _ 7 0 8 4 10 5 
[00324314] 6 | 9 2 _ 11 7 _ 1 0 8 _ 10 _ 
[00324315] 5 | 9 2 7 11 7 _ 1 0 8 _ 10 _ 
[00324316] 4 | 9 2 7 11 7 _ 1 0 8 4 10 _ 
[00324317] 4 | 9 2 7 11 7 _ 1 0 8 _ 10 6 
[00324318] 3 | 9 2 7 11 7 _ 1 0 8 5 10 6 
[00324319] 5 | 9 2 _ 11 7 2 1 0 8 _ 10 _ 
[00324320] 4 | 9 2 _ 11 7 2 1 0 8 4 10 _ 
[00324321] 4 | 9 2 _ 11 7 2 1 0 8 _ 10 6 
[00324322] 3 | 9 2 _ 11 7 2 1 0 8 5 10 6 
[00324323] 5 | 9 2 _ 11 7 _ 1 0 8 3 10 _ 
[00324324] 4 | 9 2 6 11 7 _ 1 0 8 3 10 _ 
[00324325] 3 | 9 2 6 11 7 4 1 0 8 3 10 _ 
[00324326] 3 | 9 2 6 11 7 10 1 0 8 3 10 _ 
[00324327] 3 | 9 2 6 11 7 _ 1 0 8 3 10 7 
[00324328] 4 | 9 2 _ 11 7 _ 1 0 8 3 10 6 
[00324329] 3 | 9 2 5 11 7 _ 1 0 8 3 10 6 
[00324330] 3 | 9 2 _ 11 7 4 1 0 8 3 10 6 
[00324331] 5 | 9 2 _ 11 7 _ 1 0 8 _ 10 5 
[00324332] 4 | 9 2 6 11 7 _ 1 0 8 _ 10 5 
[00324333] 3 | 9 2 6 11 7 4 1 0 8 _ 10 5 
[00324334] 4 | 9 2 _ 11 7 3 1 0 8 _ 10 5 
[00324335] 4 | 9 2 _ 11 7 _ 1 0 8 4 10 5 
[00324336] 6 | 9 2 _ 11 _ _ _ 0 8 2 10 _ 
[00324337] 5 | 9 2 _ 11 6 _ _ 0 8 2 10 _ 
[00324338] 4 | 9 2 _ 11 6 10 _ 0 8 2 10 _ 
[00324339] 3 | 9 2 _ 11 6 10 3 0 8 2 10 _ 
[00324340] 4 | 9 2 _ 11 6 _ 10 0 8 2 10 _ 
[00324341] 3 | 9 2 _ 11 6 3 10 0 8 2 10 _ 
[00324342] 4 | 9 2 _ 11 6 _ _ 0 8 2 10 6 
[00324343] 5 | 9 2 _ 11 1 6 _ 0 8 2 10 _ 
[00324344] 4 | 9 2 _ 11 1 6 5 0 8 2 10 _ 
[00324345] 3 | 9 2 _ 11 1 6 5 0 8 2 10 7 
[00324346] 5 | 9 2 _ 11 6 1 _ 0 8 2 10 _ 
[00324347] 4 | 9 2 _ 11 6 1 10 0 8 2 10 _ 
[00324348] 4 | 9 2 _ 11 6 1 _ 0 8 2 10 6 
[00324349] 5 | 9 2 _ 11 1 _ 6 0 8 2 10 _ 
[00324350] 4 | 9 2 _ 11 1 5 6 0 8 2 10 _ 
[00324351] 3 | 9 2 _ 11 1 5 6 0 8 2 10 7 
[00324352] 5 | 9 2 _ 11 6 _ 1 0 8 2 10 _ 
[00324353] 4 | 9 2 _ 11 6 10 1 0 8 2 10 _ 
[00324354] 4 | 9 2 _ 11 6 _ 1 0 8 2 10 6 
[00324355] 5 | 9 2 _ 11 _ _ _ 0 8 2 10 5 
[00324356] 4 | 9 2 _ 11 7 _ _ 0 8 2 10 5 
[00324357] 3 | 9 2 _ 11 7 4 _ 0 8 2 10 5 
[00324358] 3 | 9 2 _ 11 7 _ 4 0 8 2 10 5 
[00324359] 4 | 9 2 _ 11 3 7 _ 0 8 2 10 5 
[00324360] 3 | 9 2 _ 11 3 7 6 0 8 2 10 5 
[00324361] 4 | 9 2 _ 11 7 3 _ 0 8 2 10 5 
[00324362] 3 | 9 2 _ 11 7 3 4 0 8 2 10 5 
[00324363] 4 | 9 2 _ 11 3 _ 7 0 8 2 10 5 
[00324364] 3 | 9 2 _ 11 3 6 7 0 8 2 10 5 
[00324365] 4 | 9 2 _ 11 7 _ 3 0 8 2 10 5 
[00324366] 3 | 9 2 _ 11 7 4 3 0 8 2 10 5 
[00324367] 6 | 9 2 _ 11 _ _ _ 0 8 _ 10 4 
[00324368] 5 | 9 2 7 11 _ _ _ 0 8 _ 10 4 
[00324369] 4 | 9 2 7 11 1 5 _ 0 8 _ 10 4 
[00324370] 4 | 9 2 7 11 5 1 _ 0 8 _ 10 4 
[00324371] 3 | 9 2 7 11 5 1 8 0 8 _ 10 4 
[00324372] 3 | 9 2 7 11 5 1 _ 0 8 5 10 4 
[00324373] 4 | 9 2 7 11 1 _ 5 0 8 _ 10 4 
[00324374] 4 | 9 2 7 11 5 _ 1 0 8 _ 10 4 
[00324375] 3 | 9 2 7 11 5 8 1 0 8 _ 10 4 
[00324376] 3 | 9 2 7 11 5 _ 1 0 8 5 10 4 
[00324377] 5 | 9 2 _ 11 6 _ _ 0 8 _ 10 4 
[00324378] 4 | 9 2 6 11 6 _ _ 0 8 _ 10 4 
[00324379] 3 | 9 2 6 11 6 _ _ 0 8 5 10 4 
[00324380] 4 | 9 2 _ 11 6 2 _ 0 8 _ 10 4 
[00324381] 3 | 9 2 _ 11 6 2 3 0 8 _ 10 4 
[00324382] 3 | 9 2 _ 11 6 2 _ 0 8 5 10 4 
[00324383] 4 | 9 2 _ 11 6 _ 2 0 8 _ 10 4 
[00324384] 3 | 9 2 _ 11 6 3 2 0 8 _ 10 4 
[00324385] 3 | 9 2 _ 11 6 _ 2 0 8 5 10 4 
[00324386] 5 | 9 2 _ 11 1 6 _ 0 8 _ 10 4 
[00324387] 4 | 9 2 _ 11 1 6 5 0 8 _ 10 4 
[00324388] 5 | 9 2 _ 11 6 1 _ 0 8 _ 10 4 
[00324389] 4 | 9 2 6 11 6 1 _ 0 8 _ 10 4 
[00324390] 3 | 9 2 6 11 6 1 _ 0 8 5 10 4 
[00324391] 4 | 9 2 _ 11 6 1 2 0 8 _ 10 4 
[00324392] 3 | 9 2 _ 11 6 1 2 0 8 5 10 4 
[00324393] 5 | 9 2 _ 11 1 _ 6 0 8 _ 10 4 
[00324394] 4 | 9 2 _ 11 1 5 6 0 8 _ 10 4 
[00324395] 5 | 9 2 _ 11 6 _ 1 0 8 _ 10 4 
[00324396] 4 | 9 2 6 11 6 _ 1 0 8 _ 10 4 
[00324397] 3 | 9 2 6 11 6 _ 1 0 8 5 10 4 
[00324398] 4 | 9 2 _ 11 6 2 1 0 8 _ 10 4 
[00324399] 3 | 9 2 _ 11 6 2 1 0 8 5 10 4 
[00324400] 5 | 9 2 _ 11 _ _ _ 0 8 3 10 4 
[00324401] 4 | 9 2 6 11 _ _ _ 0 8 3 10 4 
[00324402] 4 | 9 2 _ 11 7 _ _ 0 8 3 10 4 
[00324403] 3 | 9 2 5 11 7 _ _ 0 8 3 10 4 
[00324404] 4 | 9 2 _ 11 1 5 _ 0 8 3 10 4 
[00324405] 4 | 9 2 _ 11 5 1 _ 0 8 3 10 4 
[00324406] 3 | 9 2 5 11 5 1 _ 0 8 3 10 4 
[00324407] 3 | 9 2 _ 11 5 1 2 0 8 3 10 4 
[00324408] 4 | 9 2 _ 11 1 _ 5 0 8 3 10 4 
[00324409] 4 | 9 2 _ 11 5 _ 1 0 8 3 10 4 
[00324410] 3 | 9 2 5 11 5 _ 1 0 8 3 10 4 
[00324411] 3 | 9 2 _ 11 5 2 1 0 8 3 10 4 
[00324412] 7 | _ 2 9 11 _ _ _ 0 8 _ 10 _ 
[00324413] 6 | 8 2 9 11 _ _ _ 0 8 _ 10 _ 
[00324414] 5 | 8 2 9 11 6 _ _ 0 8 _ 10 _ 
[00324415] 4 | 8 2 9 11 6 10 _ 0 8 _ 10 _ 
[00324416] 3 | 8 2 9 11 6 10 3 0 8 _ 10 _ 
[00324417] 4 | 8 2 9 11 6 _ 10 0 8 _ 10 _ 
[00324418] 3 | 8 2 9 11 6 3 10 0 8 _ 10 _ 
[00324419] 4 | 8 2 9 11 6 _ _ 0 8 _ 10 6 
[00324420] 5 | 8 2 9 11 1 6 _ 0 8 _ 10 _ 
[00324421] 4 | 8 2 9 11 1 6 5 0 8 _ 10 _ 
[00324422] 3 | 8 2 9 11 1 6 5 0 8 _ 10 7 
[00324423] 5 | 8 2 9 11 6 1 _ 0 8 _ 10 _ 
[00324424] 4 | 8 2 9 11 6 1 10 0 8 _ 10 _ 
[00324425] 4 | 8 2 9 11 6 1 _ 0 8 _ 10 6 
[00324426] 5 | 8 2 9 11 1 _ 6 0 8 _ 10 _ 
[00324427] 4 | 8 2 9 11 1 5 6 0 8 _ 10 _ 
[00324428] 3 | 8 2 9 11 1 5 6 0 8 _ 10 7 
[00324429] 5 | 8 2 9 11 6 _ 1 0 8 _ 10 _ 
[00324430] 4 | 8 2 9 11 6 10 1 0 8 _ 10 _ 
[00324431] 4 | 8 2 9 11 6 _ 1 0 8 _ 10 6 
[00324432] 5 | 8 2 9 11 _ _ _ 0 8 _ 10 5 
[00324433] 4 | 8 2 9 11 7 _ _ 0 8 _ 10 5 
[00324434] 3 | 8 2 9 11 7 4 _ 0 8 _ 10 5 
[00324435] 3 | 8 2 9 11 7 _ 4 0 8 _ 10 5 
[00324436] 4 | 8 2 9 11 3 7 _ 0 8 _ 10 5 
[00324437] 3 | 8 2 9 11 3 7 6 0 8 _ 10 5 
[00324438] 4 | 8 2 9 11 7 3 _ 0 8 _ 10 5 
[00324439] 3 | 8 2 9 11 7 3 4 0 8 _ 10 5 
[00324440] 4 | 8 2 9 11 3 _ 7 0 8 _ 10 5 
[00324441] 3 | 8 2 9 11 3 6 7 0 8 _ 10 5 
[00324442] 4 | 8 2 9 11 7 _ 3 0 8 _ 10 5 
[00324443] 3 | 8 2 9 11 7 4 3 0 8 _ 10 5 
[00324444] 6 | _ 2 9 11 5 _ _ 0 8 _ 10 _ 
[00324445] 5 | 7 2 9 11 5 _ _ 0 8 _ 10 _ 
[00324446] 4 | 7 2 9 11 5 1 _ 0 8 _ 10 _ 
[00324447] 3 | 7 2 9 11 5 1 8 0 8 _ 10 _ 
[00324448] 3 | 7 2 9 11 5 1 _ 0 8 5 10 _ 
[00324449] 4 | 7 2 9 11 5 _ 1 0 8 _ 10 _ 
[00324450] 3 | 7 2 9 11 5 8 1 0 8 _ 10 _ 
[00324451] 3 | 7 2 9 11 5 _ 1 0 8 5 10 _ 
[00324452] 4 | 7 2 9 11 5 _ _ 0 8 4 10 _ 
[00324453] 4 | 7 2 9 11 5 _ _ 0 8 _ 10 6 
[00324454] 3 | 7 2 9 11 5 8 _ 0 8 _ 10 6 
[00324455] 2 | 7 2 9 11 5 8 3 0 8 _ 10 6 
[00324456] 3 | 7 2 9 11 5 _ 8 0 8 _ 10 6 
[00324457] 2 | 7 2 9 11 5 3 8 0 8 _ 10 6 
[00324458] 3 | 7 2 9 11 5 _ _ 0 8 5 10 6 
[00324459] 5 | _ 2 9 11 5 10 _ 0 8 _ 10 _ 
[00324460] 4 | 6 2 9 11 5 10 _ 0 8 _ 10 _ 
[00324461] 3 | 6 2 9 11 5 10 8 0 8 _ 10 _ 
[00324462] 3 | 6 2 9 11 5 10 _ 0 8 5 10 _ 
[00324463] 4 | _ 2 9 11 5 10 1 0 8 _ 10 _ 
[00324464] 4 | _ 2 9 11 5 10 _ 0 8 4 10 _ 
[00324465] 3 | 5 2 9 11 5 10 _ 0 8 4 10 _ 
[00324466] 3 | _ 2 9 11 5 10 2 0 8 4 10 _ 
[00324467] 5 | _ 2 9 11 5 _ 10 0 8 _ 10 _ 
[00324468] 4 | 6 2 9 11 5 _ 10 0 8 _ 10 _ 
[00324469] 3 | 6 2 9 11 5 8 10 0 8 _ 10 _ 
[00324470] 3 | 6 2 9 11 5 _ 10 0 8 5 10 _ 
[00324471] 4 | _ 2 9 11 5 1 10 0 8 _ 10 _ 
[00324472] 4 | _ 2 9 11 5 _ 10 0 8 4 10 _ 
[00324473] 3 | 5 2 9 11 5 _ 10 0 8 4 10 _ 
[00324474] 3 | _ 2 9 11 5 2 10 0 8 4 10 _ 
[00324475] 5 | _ 2 9 11 5 _ _ 0 8 3 10 _ 
[00324476] 4 | 6 2 9 11 5 _ _ 0 8 3 10 _ 
[00324477] 3 | 6 2 9 11 5 _ _ 0 8 3 10 7 
[00324478] 4 | _ 2 9 11 5 1 _ 0 8 3 10 _ 
[00324479] 3 | 5 2 9 11 5 1 _ 0 8 3 10 _ 
[00324480] 3 | _ 2 9 11 5 1 2 0 8 3 10 _ 
[00324481] 3 | _ 2 9 11 5 1 _ 0 8 3 10 7 
[00324482] 2 | 4 2 9 11 5 1 _ 0 8 3 10 7 
[00324483] 1 | 4 2 9 11 5 1 6 0 8 3 10 7  *Graceful*
[00324483] 4 | _ 2 9 11 5 _ 1 0 8 3 10 _ 
[00324484] 3 | 5 2 9 11 5 _ 1 0 8 3 10 _ 
[00324485] 3 | _ 2 9 11 5 2 1 0 8 3 10 _ 
[00324486] 3 | _ 2 9 11 5 _ 1 0 8 3 10 7 
[00324487] 2 | 4 2 9 11 5 _ 1 0 8 3 10 7 
[00324488] 1 | 4 2 9 11 5 6 1 0 8 3 10 7  *Graceful*
[00324488] 4 | _ 2 9 11 5 _ _ 0 8 3 10 6 
[00324489] 3 | 5 2 9 11 5 _ _ 0 8 3 10 6 
[00324490] 3 | _ 2 9 11 5 2 _ 0 8 3 10 6 
[00324491] 2 | _ 2 9 11 5 2 7 0 8 3 10 6 
[00324492] 3 | _ 2 9 11 5 _ 2 0 8 3 10 6 
[00324493] 2 | _ 2 9 11 5 7 2 0 8 3 10 6 
[00324494] 5 | _ 2 9 11 5 _ _ 0 8 _ 10 5 
[00324495] 4 | 6 2 9 11 5 _ _ 0 8 _ 10 5 
[00324496] 4 | _ 2 9 11 5 _ _ 0 8 4 10 5 
[00324497] 6 | _ 2 9 11 1 7 _ 0 8 _ 10 _ 
[00324498] 5 | _ 2 9 11 1 7 6 0 8 _ 10 _ 
[00324499] 4 | _ 2 9 11 1 7 6 0 8 4 10 _ 
[00324500] 3 | 5 2 9 11 1 7 6 0 8 4 10 _ 
[00324501] 5 | _ 2 9 11 1 7 _ 0 8 3 10 _ 
[00324502] 4 | 6 2 9 11 1 7 _ 0 8 3 10 _ 
[00324503] 3 | 6 2 9 11 1 7 4 0 8 3 10 _ 
[00324504] 4 | _ 2 9 11 1 7 5 0 8 3 10 _ 
[00324505] 4 | _ 2 9 11 1 7 _ 0 8 3 10 6 
[00324506] 3 | 5 2 9 11 1 7 _ 0 8 3 10 6 
[00324507] 3 | _ 2 9 11 1 7 4 0 8 3 10 6 
[00324508] 5 | _ 2 9 11 1 7 _ 0 8 _ 10 5 
[00324509] 4 | 6 2 9 11 1 7 _ 0 8 _ 10 5 
[00324510] 3 | 6 2 9 11 1 7 4 0 8 _ 10 5 
[00324511] 4 | _ 2 9 11 1 7 _ 0 8 4 10 5 
[00324512] 6 | _ 2 9 11 7 1 _ 0 8 _ 10 _ 
[00324513] 5 | 7 2 9 11 7 1 _ 0 8 _ 10 _ 
[00324514] 4 | 7 2 9 11 7 1 _ 0 8 4 10 _ 
[00324515] 4 | 7 2 9 11 7 1 _ 0 8 _ 10 6 
[00324516] 3 | 7 2 9 11 7 1 _ 0 8 5 10 6 
[00324517] 5 | _ 2 9 11 7 1 2 0 8 _ 10 _ 
[00324518] 4 | _ 2 9 11 7 1 2 0 8 4 10 _ 
[00324519] 4 | _ 2 9 11 7 1 2 0 8 _ 10 6 
[00324520] 3 | _ 2 9 11 7 1 2 0 8 5 10 6 
[00324521] 5 | _ 2 9 11 7 1 _ 0 8 3 10 _ 
[00324522] 4 | 6 2 9 11 7 1 _ 0 8 3 10 _ 
[00324523] 3 | 6 2 9 11 7 1 4 0 8 3 10 _ 
[00324524] 3 | 6 2 9 11 7 1 10 0 8 3 10 _ 
[00324525] 3 | 6 2 9 11 7 1 _ 0 8 3 10 7 
[00324526] 4 | _ 2 9 11 7 1 _ 0 8 3 10 6 
[00324527] 3 | 5 2 9 11 7 1 _ 0 8 3 10 6 
[00324528] 3 | _ 2 9 11 7 1 4 0 8 3 10 6 
[00324529] 5 | _ 2 9 11 7 1 _ 0 8 _ 10 5 
[00324530] 4 | 6 2 9 11 7 1 _ 0 8 _ 10 5 
[00324531] 3 | 6 2 9 11 7 1 4 0 8 _ 10 5 
[00324532] 4 | _ 2 9 11 7 1 3 0 8 _ 10 5 
[00324533] 4 | _ 2 9 11 7 1 _ 0 8 4 10 5 
[00324534] 6 | _ 2 9 11 1 _ 7 0 8 _ 10 _ 
[00324535] 5 | _ 2 9 11 1 6 7 0 8 _ 10 _ 
[00324536] 4 | _ 2 9 11 1 6 7 0 8 4 10 _ 
[00324537] 3 | 5 2 9 11 1 6 7 0 8 4 10 _ 
[00324538] 5 | _ 2 9 11 1 _ 7 0 8 3 10 _ 
[00324539] 4 | 6 2 9 11 1 _ 7 0 8 3 10 _ 
[00324540] 3 | 6 2 9 11 1 4 7 0 8 3 10 _ 
[00324541] 4 | _ 2 9 11 1 5 7 0 8 3 10 _ 
[00324542] 4 | _ 2 9 11 1 _ 7 0 8 3 10 6 
[00324543] 3 | 5 2 9 11 1 _ 7 0 8 3 10 6 
[00324544] 3 | _ 2 9 11 1 4 7 0 8 3 10 6 
[00324545] 5 | _ 2 9 11 1 _ 7 0 8 _ 10 5 
[00324546] 4 | 6 2 9 11 1 _ 7 0 8 _ 10 5 
[00324547] 3 | 6 2 9 11 1 4 7 0 8 _ 10 5 
[00324548] 4 | _ 2 9 11 1 _ 7 0 8 4 10 5 
[00324549] 6 | _ 2 9 11 7 _ 1 0 8 _ 10 _ 
[00324550] 5 | 7 2 9 11 7 _ 1 0 8 _ 10 _ 
[00324551] 4 | 7 2 9 11 7 _ 1 0 8 4 10 _ 
[00324552] 4 | 7 2 9 11 7 _ 1 0 8 _ 10 6 
[00324553] 3 | 7 2 9 11 7 _ 1 0 8 5 10 6 
[00324554] 5 | _ 2 9 11 7 2 1 0 8 _ 10 _ 
[00324555] 4 | _ 2 9 11 7 2 1 0 8 4 10 _ 
[00324556] 4 | _ 2 9 11 7 2 1 0 8 _ 10 6 
[00324557] 3 | _ 2 9 11 7 2 1 0 8 5 10 6 
[00324558] 5 | _ 2 9 11 7 _ 1 0 8 3 10 _ 
[00324559] 4 | 6 2 9 11 7 _ 1 0 8 3 10 _ 
[00324560] 3 | 6 2 9 11 7 4 1 0 8 3 10 _ 
[00324561] 3 | 6 2 9 11 7 10 1 0 8 3 10 _ 
[00324562] 3 | 6 2 9 11 7 _ 1 0 8 3 10 7 
[00324563] 4 | _ 2 9 11 7 _ 1 0 8 3 10 6 
[00324564] 3 | 5 2 9 11 7 _ 1 0 8 3 10 6 
[00324565] 3 | _ 2 9 11 7 4 1 0 8 3 10 6 
[00324566] 5 | _ 2 9 11 7 _ 1 0 8 _ 10 5 
[00324567] 4 | 6 2 9 11 7 _ 1 0 8 _ 10 5 
[00324568] 3 | 6 2 9 11 7 4 1 0 8 _ 10 5 
[00324569] 4 | _ 2 9 11 7 3 1 0 8 _ 10 5 
[00324570] 4 | _ 2 9 11 7 _ 1 0 8 4 10 5 
[00324571] 6 | _ 2 9 11 _ _ _ 0 8 2 10 _ 
[00324572] 5 | _ 2 9 11 6 _ _ 0 8 2 10 _ 
[00324573] 4 | _ 2 9 11 6 10 _ 0 8 2 10 _ 
[00324574] 3 | _ 2 9 11 6 10 3 0 8 2 10 _ 
[00324575] 4 | _ 2 9 11 6 _ 10 0 8 2 10 _ 
[00324576] 3 | _ 2 9 11 6 3 10 0 8 2 10 _ 
[00324577] 4 | _ 2 9 11 6 _ _ 0 8 2 10 6 
[00324578] 5 | _ 2 9 11 1 6 _ 0 8 2 10 _ 
[00324579] 4 | _ 2 9 11 1 6 5 0 8 2 10 _ 
[00324580] 3 | _ 2 9 11 1 6 5 0 8 2 10 7 
[00324581] 5 | _ 2 9 11 6 1 _ 0 8 2 10 _ 
[00324582] 4 | _ 2 9 11 6 1 10 0 8 2 10 _ 
[00324583] 4 | _ 2 9 11 6 1 _ 0 8 2 10 6 
[00324584] 5 | _ 2 9 11 1 _ 6 0 8 2 10 _ 
[00324585] 4 | _ 2 9 11 1 5 6 0 8 2 10 _ 
[00324586] 3 | _ 2 9 11 1 5 6 0 8 2 10 7 
[00324587] 5 | _ 2 9 11 6 _ 1 0 8 2 10 _ 
[00324588] 4 | _ 2 9 11 6 10 1 0 8 2 10 _ 
[00324589] 4 | _ 2 9 11 6 _ 1 0 8 2 10 6 
[00324590] 5 | _ 2 9 11 _ _ _ 0 8 2 10 5 
[00324591] 4 | _ 2 9 11 7 _ _ 0 8 2 10 5 
[00324592] 3 | _ 2 9 11 7 4 _ 0 8 2 10 5 
[00324593] 3 | _ 2 9 11 7 _ 4 0 8 2 10 5 
[00324594] 4 | _ 2 9 11 3 7 _ 0 8 2 10 5 
[00324595] 3 | _ 2 9 11 3 7 6 0 8 2 10 5 
[00324596] 4 | _ 2 9 11 7 3 _ 0 8 2 10 5 
[00324597] 3 | _ 2 9 11 7 3 4 0 8 2 10 5 
[00324598] 4 | _ 2 9 11 3 _ 7 0 8 2 10 5 
[00324599] 3 | _ 2 9 11 3 6 7 0 8 2 10 5 
[00324600] 4 | _ 2 9 11 7 _ 3 0 8 2 10 5 
[00324601] 3 | _ 2 9 11 7 4 3 0 8 2 10 5 
[00324602] 6 | _ 2 9 11 _ _ _ 0 8 _ 10 4 
[00324603] 5 | 7 2 9 11 _ _ _ 0 8 _ 10 4 
[00324604] 4 | 7 2 9 11 1 5 _ 0 8 _ 10 4 
[00324605] 4 | 7 2 9 11 5 1 _ 0 8 _ 10 4 
[00324606] 3 | 7 2 9 11 5 1 8 0 8 _ 10 4 
[00324607] 3 | 7 2 9 11 5 1 _ 0 8 5 10 4 
[00324608] 4 | 7 2 9 11 1 _ 5 0 8 _ 10 4 
[00324609] 4 | 7 2 9 11 5 _ 1 0 8 _ 10 4 
[00324610] 3 | 7 2 9 11 5 8 1 0 8 _ 10 4 
[00324611] 3 | 7 2 9 11 5 _ 1 0 8 5 10 4 
[00324612] 5 | _ 2 9 11 6 _ _ 0 8 _ 10 4 
[00324613] 4 | 6 2 9 11 6 _ _ 0 8 _ 10 4 
[00324614] 3 | 6 2 9 11 6 _ _ 0 8 5 10 4 
[00324615] 4 | _ 2 9 11 6 2 _ 0 8 _ 10 4 
[00324616] 3 | _ 2 9 11 6 2 3 0 8 _ 10 4 
[00324617] 3 | _ 2 9 11 6 2 _ 0 8 5 10 4 
[00324618] 4 | _ 2 9 11 6 _ 2 0 8 _ 10 4 
[00324619] 3 | _ 2 9 11 6 3 2 0 8 _ 10 4 
[00324620] 3 | _ 2 9 11 6 _ 2 0 8 5 10 4 
[00324621] 5 | _ 2 9 11 1 6 _ 0 8 _ 10 4 
[00324622] 4 | _ 2 9 11 1 6 5 0 8 _ 10 4 
[00324623] 5 | _ 2 9 11 6 1 _ 0 8 _ 10 4 
[00324624] 4 | 6 2 9 11 6 1 _ 0 8 _ 10 4 
[00324625] 3 | 6 2 9 11 6 1 _ 0 8 5 10 4 
[00324626] 4 | _ 2 9 11 6 1 2 0 8 _ 10 4 
[00324627] 3 | _ 2 9 11 6 1 2 0 8 5 10 4 
[00324628] 5 | _ 2 9 11 1 _ 6 0 8 _ 10 4 
[00324629] 4 | _ 2 9 11 1 5 6 0 8 _ 10 4 
[00324630] 5 | _ 2 9 11 6 _ 1 0 8 _ 10 4 
[00324631] 4 | 6 2 9 11 6 _ 1 0 8 _ 10 4 
[00324632] 3 | 6 2 9 11 6 _ 1 0 8 5 10 4 
[00324633] 4 | _ 2 9 11 6 2 1 0 8 _ 10 4 
[00324634] 3 | _ 2 9 11 6 2 1 0 8 5 10 4 
[00324635] 5 | _ 2 9 11 _ _ _ 0 8 3 10 4 
[00324636] 4 | 6 2 9 11 _ _ _ 0 8 3 10 4 
[00324637] 4 | _ 2 9 11 7 _ _ 0 8 3 10 4 
[00324638] 3 | 5 2 9 11 7 _ _ 0 8 3 10 4 
[00324639] 4 | _ 2 9 11 1 5 _ 0 8 3 10 4 
[00324640] 4 | _ 2 9 11 5 1 _ 0 8 3 10 4 
[00324641] 3 | 5 2 9 11 5 1 _ 0 8 3 10 4 
[00324642] 3 | _ 2 9 11 5 1 2 0 8 3 10 4 
[00324643] 4 | _ 2 9 11 1 _ 5 0 8 3 10 4 
[00324644] 4 | _ 2 9 11 5 _ 1 0 8 3 10 4 
[00324645] 3 | 5 2 9 11 5 _ 1 0 8 3 10 4 
[00324646] 3 | _ 2 9 11 5 2 1 0 8 3 10 4 
[00324647] 7 | _ 2 _ 11 4 _ _ 0 8 _ 10 _ 
[00324648] 6 | 8 2 _ 11 4 _ _ 0 8 _ 10 _ 
[00324649] 5 | 8 2 7 11 4 _ _ 0 8 _ 10 _ 
[00324650] 4 | 8 2 7 11 4 _ _ 0 8 _ 10 6 
[00324651] 3 | 8 2 7 11 4 1 _ 0 8 _ 10 6 
[00324652] 3 | 8 2 7 11 4 _ 1 0 8 _ 10 6 
[00324653] 5 | 8 2 _ 11 4 9 _ 0 8 _ 10 _ 
[00324654] 4 | 8 2 6 11 4 9 _ 0 8 _ 10 _ 
[00324655] 3 | 8 2 6 11 4 9 1 0 8 _ 10 _ 
[00324656] 3 | 8 2 6 11 4 9 7 0 8 _ 10 _ 
[00324657] 3 | 8 2 6 11 4 9 _ 0 8 _ 10 7 
[00324658] 4 | 8 2 _ 11 4 9 _ 0 8 _ 10 6 
[00324659] 3 | 8 2 5 11 4 9 _ 0 8 _ 10 6 
[00324660] 3 | 8 2 _ 11 4 9 1 0 8 _ 10 6 
[00324661] 3 | 8 2 _ 11 4 9 7 0 8 _ 10 6 
[00324662] 5 | 8 2 _ 11 4 _ 9 0 8 _ 10 _ 
[00324663] 4 | 8 2 6 11 4 _ 9 0 8 _ 10 _ 
[00324664] 3 | 8 2 6 11 4 1 9 0 8 _ 10 _ 
[00324665] 3 | 8 2 6 11 4 7 9 0 8 _ 10 _ 
[00324666] 3 | 8 2 6 11 4 _ 9 0 8 _ 10 7 
[00324667] 4 | 8 2 _ 11 4 _ 9 0 8 _ 10 6 
[00324668] 3 | 8 2 5 11 4 _ 9 0 8 _ 10 6 
[00324669] 3 | 8 2 _ 11 4 1 9 0 8 _ 10 6 
[00324670] 3 | 8 2 _ 11 4 7 9 0 8 _ 10 6 
[00324671] 5 | 8 2 _ 11 4 _ _ 0 8 _ 10 5 
[00324672] 4 | 8 2 6 11 4 _ _ 0 8 _ 10 5 
[00324673] 3 | 8 2 6 11 4 1 _ 0 8 _ 10 5 
[00324674] 3 | 8 2 6 11 4 7 _ 0 8 _ 10 5 
[00324675] 3 | 8 2 6 11 4 _ 1 0 8 _ 10 5 
[00324676] 3 | 8 2 6 11 4 _ 7 0 8 _ 10 5 
[00324677] 6 | _ 2 8 11 4 _ _ 0 8 _ 10 _ 
[00324678] 5 | 7 2 8 11 4 _ _ 0 8 _ 10 _ 
[00324679] 4 | 7 2 8 11 4 _ _ 0 8 _ 10 6 
[00324680] 3 | 7 2 8 11 4 1 _ 0 8 _ 10 6 
[00324681] 3 | 7 2 8 11 4 _ 1 0 8 _ 10 6 
[00324682] 5 | _ 2 8 11 4 9 _ 0 8 _ 10 _ 
[00324683] 4 | 6 2 8 11 4 9 _ 0 8 _ 10 _ 
[00324684] 3 | 6 2 8 11 4 9 1 0 8 _ 10 _ 
[00324685] 3 | 6 2 8 11 4 9 7 0 8 _ 10 _ 
[00324686] 3 | 6 2 8 11 4 9 _ 0 8 _ 10 7 
[00324687] 4 | _ 2 8 11 4 9 _ 0 8 _ 10 6 
[00324688] 3 | 5 2 8 11 4 9 _ 0 8 _ 10 6 
[00324689] 3 | _ 2 8 11 4 9 1 0 8 _ 10 6 
[00324690] 3 | _ 2 8 11 4 9 7 0 8 _ 10 6 
[00324691] 5 | _ 2 8 11 4 _ 9 0 8 _ 10 _ 
[00324692] 4 | 6 2 8 11 4 _ 9 0 8 _ 10 _ 
[00324693] 3 | 6 2 8 11 4 1 9 0 8 _ 10 _ 
[00324694] 3 | 6 2 8 11 4 7 9 0 8 _ 10 _ 
[00324695] 3 | 6 2 8 11 4 _ 9 0 8 _ 10 7 
[00324696] 4 | _ 2 8 11 4 _ 9 0 8 _ 10 6 
[00324697] 3 | 5 2 8 11 4 _ 9 0 8 _ 10 6 
[00324698] 3 | _ 2 8 11 4 1 9 0 8 _ 10 6 
[00324699] 3 | _ 2 8 11 4 7 9 0 8 _ 10 6 
[00324700] 5 | _ 2 8 11 4 _ _ 0 8 _ 10 5 
[00324701] 4 | 6 2 8 11 4 _ _ 0 8 _ 10 5 
[00324702] 3 | 6 2 8 11 4 1 _ 0 8 _ 10 5 
[00324703] 3 | 6 2 8 11 4 7 _ 0 8 _ 10 5 
[00324704] 3 | 6 2 8 11 4 _ 1 0 8 _ 10 5 
[00324705] 3 | 6 2 8 11 4 _ 7 0 8 _ 10 5 
[00324706] 6 | _ 2 _ 11 4 10 _ 0 8 _ 10 _ 
[00324707] 5 | 7 2 _ 11 4 10 _ 0 8 _ 10 _ 
[00324708] 4 | 7 2 6 11 4 10 _ 0 8 _ 10 _ 
[00324709] 3 | 7 2 6 11 4 10 1 0 8 _ 10 _ 
[00324710] 3 | 7 2 6 11 4 10 _ 0 8 5 10 _ 
[00324711] 4 | 7 2 _ 11 4 10 8 0 8 _ 10 _ 
[00324712] 3 | 7 2 5 11 4 10 8 0 8 _ 10 _ 
[00324713] 4 | 7 2 _ 11 4 10 _ 0 8 4 10 _ 
[00324714] 3 | 7 2 5 11 4 10 _ 0 8 4 10 _ 
[00324715] 5 | _ 2 7 11 4 10 _ 0 8 _ 10 _ 
[00324716] 4 | 6 2 7 11 4 10 _ 0 8 _ 10 _ 
[00324717] 3 | 6 2 7 11 4 10 1 0 8 _ 10 _ 
[00324718] 3 | 6 2 7 11 4 10 _ 0 8 5 10 _ 
[00324719] 4 | _ 2 7 11 4 10 8 0 8 _ 10 _ 
[00324720] 3 | 5 2 7 11 4 10 8 0 8 _ 10 _ 
[00324721] 4 | _ 2 7 11 4 10 _ 0 8 4 10 _ 
[00324722] 3 | 5 2 7 11 4 10 _ 0 8 4 10 _ 
[00324723] 5 | _ 2 _ 11 4 10 9 0 8 _ 10 _ 
[00324724] 4 | 6 2 _ 11 4 10 9 0 8 _ 10 _ 
[00324725] 3 | 6 2 5 11 4 10 9 0 8 _ 10 _ 
