[00077268] 4 | 6 11 2 0 10 _ 4 8 1 _ 9 5 
[00077269] 3 | 6 11 2 0 10 7 4 8 1 _ 9 5 
[00077270] 2 | 6 11 2 0 10 7 4 8 1 3 9 5 
[00077271] 1 | 6 11 2 0 10 7 4 8 1 3 9 5  *Graceful*
[00077271] 5 | _ 11 2 0 10 5 4 8 1 _ _ _ 
[00077272] 4 | 7 11 2 0 10 5 4 8 1 _ _ _ 
[00077273] 3 | 7 11 2 0 10 5 4 8 1 _ 3 6 
[00077274] 3 | 7 11 2 0 10 5 4 8 1 _ 6 9 
[00077275] 2 | 7 11 2 0 10 5 4 8 1 3 6 9 
[00077276] 3 | 7 11 2 0 10 5 4 8 1 _ 6 3 
[00077277] 3 | 7 11 2 0 10 5 4 8 1 _ 9 6 
[00077278] 2 | 7 11 2 0 10 5 4 8 1 3 9 6 
[00077279] 1 | 7 11 2 0 10 5 4 8 1 3 9 6  *Graceful*
[00077279] 4 | _ 11 2 0 10 5 4 8 1 _ 3 7 
[00077280] 4 | _ 11 2 0 10 5 4 8 1 _ 7 3 
[00077281] 5 | _ 11 2 0 10 _ 4 8 1 6 _ _ 
[00077282] 4 | 7 11 2 0 10 _ 4 8 1 6 _ _ 
[00077283] 3 | 7 11 2 0 10 _ 4 8 1 6 5 _ 
[00077284] 2 | 7 11 2 0 10 _ 4 8 1 6 5 3 
[00077285] 1 | 7 11 2 0 10 9 4 8 1 6 5 3  *Graceful*
[00077285] 4 | _ 11 2 0 10 _ 4 8 1 6 3 7 
[00077286] 4 | _ 11 2 0 10 _ 4 8 1 6 5 9 
[00077287] 3 | _ 11 2 0 10 7 4 8 1 6 5 9 
[00077288] 4 | _ 11 2 0 10 _ 4 8 1 6 7 3 
[00077289] 4 | _ 11 2 0 10 _ 4 8 1 6 9 5 
[00077290] 3 | _ 11 2 0 10 7 4 8 1 6 9 5 
[00077291] 5 | _ 11 2 0 10 _ 4 8 1 _ 3 _ 
[00077292] 4 | 7 11 2 0 10 _ 4 8 1 _ 3 _ 
[00077293] 3 | 7 11 2 0 10 _ 4 8 1 _ 3 6 
[00077294] 4 | _ 11 2 0 10 6 4 8 1 _ 3 _ 
[00077295] 4 | _ 11 2 0 10 _ 4 8 1 5 3 _ 
[00077296] 3 | _ 11 2 0 10 7 4 8 1 5 3 _ 
[00077297] 2 | 9 11 2 0 10 7 4 8 1 5 3 _ 
[00077298] 3 | _ 11 2 0 10 _ 4 8 1 5 3 6 
[00077299] 2 | 9 11 2 0 10 _ 4 8 1 5 3 6 
[00077300] 4 | _ 11 2 0 10 _ 4 8 1 _ 3 7 
[00077301] 6 | _ 11 2 0 10 _ _ 8 1 7 _ _ 
[00077302] 5 | 6 11 2 0 10 _ _ 8 1 7 _ _ 
[00077303] 4 | 6 11 2 0 10 _ _ 8 1 7 4 _ 
[00077304] 4 | 6 11 2 0 10 _ _ 8 1 7 5 9 
[00077305] 4 | 6 11 2 0 10 _ _ 8 1 7 9 5 
[00077306] 5 | _ 11 2 0 10 5 _ 8 1 7 _ _ 
[00077307] 4 | _ 11 2 0 10 5 6 8 1 7 _ _ 
[00077308] 3 | 8 11 2 0 10 5 6 8 1 7 _ _ 
[00077309] 3 | _ 11 2 0 10 5 6 8 1 7 11 _ 
[00077310] 2 | 9 11 2 0 10 5 6 8 1 7 11 _ 
[00077311] 2 | _ 11 2 0 10 5 6 8 1 7 11 9 
[00077312] 4 | _ 11 2 0 10 5 _ 8 1 7 4 _ 
[00077313] 5 | _ 11 2 0 10 _ 5 8 1 7 _ _ 
[00077314] 4 | _ 11 2 0 10 6 5 8 1 7 _ _ 
[00077315] 3 | 8 11 2 0 10 6 5 8 1 7 _ _ 
[00077316] 3 | _ 11 2 0 10 6 5 8 1 7 11 _ 
[00077317] 2 | 9 11 2 0 10 6 5 8 1 7 11 _ 
[00077318] 2 | _ 11 2 0 10 6 5 8 1 7 11 9 
[00077319] 4 | _ 11 2 0 10 _ 5 8 1 7 4 _ 
[00077320] 5 | _ 11 2 0 10 _ _ 8 1 7 3 _ 
[00077321] 4 | _ 11 2 0 10 6 _ 8 1 7 3 _ 
[00077322] 4 | _ 11 2 0 10 _ 6 8 1 7 3 _ 
[00077323] 5 | _ 11 2 0 10 _ _ 8 1 7 4 9 
[00077324] 4 | _ 11 2 0 10 6 _ 8 1 7 4 9 
[00077325] 4 | _ 11 2 0 10 _ 6 8 1 7 4 9 
[00077326] 5 | _ 11 2 0 10 _ _ 8 1 7 9 4 
[00077327] 4 | _ 11 2 0 10 6 _ 8 1 7 9 4 
[00077328] 4 | _ 11 2 0 10 _ 6 8 1 7 9 4 
[00077329] 6 | _ 11 2 0 10 _ _ 8 1 _ 3 9 
[00077330] 5 | 6 11 2 0 10 _ _ 8 1 _ 3 9 
[00077331] 4 | 6 11 2 0 10 _ _ 8 1 5 3 9 
[00077332] 3 | 6 11 2 0 10 7 _ 8 1 5 3 9 
[00077333] 3 | 6 11 2 0 10 _ 7 8 1 5 3 9 
[00077334] 5 | _ 11 2 0 10 5 _ 8 1 _ 3 9 
[00077335] 4 | 7 11 2 0 10 5 _ 8 1 _ 3 9 
[00077336] 3 | 7 11 2 0 10 5 _ 8 1 4 3 9 
[00077337] 4 | _ 11 2 0 10 5 6 8 1 _ 3 9 
[00077338] 3 | _ 11 2 0 10 5 6 8 1 4 3 9 
[00077339] 5 | _ 11 2 0 10 _ 5 8 1 _ 3 9 
[00077340] 4 | 7 11 2 0 10 _ 5 8 1 _ 3 9 
[00077341] 3 | 7 11 2 0 10 _ 5 8 1 4 3 9 
[00077342] 4 | _ 11 2 0 10 6 5 8 1 _ 3 9 
[00077343] 3 | _ 11 2 0 10 6 5 8 1 4 3 9 
[00077344] 5 | _ 11 2 0 10 _ _ 8 1 6 3 9 
[00077345] 4 | 7 11 2 0 10 _ _ 8 1 6 3 9 
[00077346] 6 | _ 11 2 0 10 _ _ 8 1 _ 9 3 
[00077347] 5 | 6 11 2 0 10 _ _ 8 1 _ 9 3 
[00077348] 4 | 6 11 2 0 10 _ _ 8 1 5 9 3 
[00077349] 3 | 6 11 2 0 10 7 _ 8 1 5 9 3 
[00077350] 3 | 6 11 2 0 10 _ 7 8 1 5 9 3 
[00077351] 5 | _ 11 2 0 10 5 _ 8 1 _ 9 3 
[00077352] 4 | 7 11 2 0 10 5 _ 8 1 _ 9 3 
[00077353] 3 | 7 11 2 0 10 5 _ 8 1 4 9 3 
[00077354] 4 | _ 11 2 0 10 5 6 8 1 _ 9 3 
[00077355] 3 | _ 11 2 0 10 5 6 8 1 4 9 3 
[00077356] 5 | _ 11 2 0 10 _ 5 8 1 _ 9 3 
[00077357] 4 | 7 11 2 0 10 _ 5 8 1 _ 9 3 
[00077358] 3 | 7 11 2 0 10 _ 5 8 1 4 9 3 
[00077359] 4 | _ 11 2 0 10 6 5 8 1 _ 9 3 
[00077360] 3 | _ 11 2 0 10 6 5 8 1 4 9 3 
[00077361] 5 | _ 11 2 0 10 _ _ 8 1 6 9 3 
[00077362] 4 | 7 11 2 0 10 _ _ 8 1 6 9 3 
[00077363] 7 | _ 11 2 0 10 _ _ 8 _ _ 1 _ 
[00077364] 6 | 5 11 2 0 10 _ _ 8 _ _ 1 _ 
[00077365] 5 | 5 11 2 0 10 _ _ 8 3 _ 1 _ 
[00077366] 4 | 5 11 2 0 10 6 _ 8 3 _ 1 _ 
[00077367] 3 | 5 11 2 0 10 6 7 8 3 _ 1 _ 
[00077368] 2 | 5 11 2 0 10 6 7 8 3 1 1 _ 
[00077369] 2 | 5 11 2 0 10 6 7 8 3 _ 1 3 
[00077370] 3 | 5 11 2 0 10 6 _ 8 3 _ 1 4 
[00077371] 4 | 5 11 2 0 10 _ 6 8 3 _ 1 _ 
[00077372] 3 | 5 11 2 0 10 7 6 8 3 _ 1 _ 
[00077373] 2 | 5 11 2 0 10 7 6 8 3 1 1 _ 
[00077374] 2 | 5 11 2 0 10 7 6 8 3 _ 1 3 
[00077375] 3 | 5 11 2 0 10 _ 6 8 3 _ 1 4 
[00077376] 4 | 5 11 2 0 10 _ _ 8 3 7 1 _ 
[00077377] 3 | 5 11 2 0 10 _ _ 8 3 7 1 4 
[00077378] 5 | 5 11 2 0 10 _ _ 8 4 9 1 _ 
[00077379] 4 | 5 11 2 0 10 6 _ 8 4 9 1 _ 
[00077380] 3 | 5 11 2 0 10 6 7 8 4 9 1 _ 
[00077381] 2 | 5 11 2 0 10 6 7 8 4 9 1 3 
[00077382] 4 | 5 11 2 0 10 _ 6 8 4 9 1 _ 
[00077383] 3 | 5 11 2 0 10 7 6 8 4 9 1 _ 
[00077384] 2 | 5 11 2 0 10 7 6 8 4 9 1 3 
[00077385] 5 | 5 11 2 0 10 _ _ 8 9 4 1 _ 
[00077386] 4 | 5 11 2 0 10 6 _ 8 9 4 1 _ 
[00077387] 3 | 5 11 2 0 10 6 7 8 9 4 1 _ 
[00077388] 2 | 5 11 2 0 10 6 7 8 9 4 1 3 
[00077389] 1 | 5 11 2 0 10 6 7 8 9 4 1 3  *Graceful*
[00077389] 4 | 5 11 2 0 10 _ 6 8 9 4 1 _ 
[00077390] 3 | 5 11 2 0 10 7 6 8 9 4 1 _ 
[00077391] 2 | 5 11 2 0 10 7 6 8 9 4 1 3 
[00077392] 1 | 5 11 2 0 10 7 6 8 9 4 1 3  *Graceful*
[00077392] 5 | 5 11 2 0 10 _ _ 8 _ _ 1 6 
[00077393] 4 | 5 11 2 0 10 _ _ 8 4 _ 1 6 
[00077394] 3 | 5 11 2 0 10 7 _ 8 4 _ 1 6 
[00077395] 3 | 5 11 2 0 10 _ 7 8 4 _ 1 6 
[00077396] 3 | 5 11 2 0 10 _ _ 8 4 7 1 6 
[00077397] 4 | 5 11 2 0 10 _ _ 8 3 7 1 6 
[00077398] 4 | 5 11 2 0 10 _ _ 8 7 3 1 6 
[00077399] 6 | _ 11 2 0 10 4 _ 8 _ _ 1 _ 
[00077400] 5 | 6 11 2 0 10 4 _ 8 _ _ 1 _ 
[00077401] 4 | 6 11 2 0 10 4 _ 8 3 7 1 _ 
[00077402] 4 | 6 11 2 0 10 4 _ 8 5 9 1 _ 
[00077403] 3 | 6 11 2 0 10 4 7 8 5 9 1 _ 
[00077404] 2 | 6 11 2 0 10 4 7 8 5 9 1 3 
[00077405] 4 | 6 11 2 0 10 4 _ 8 7 3 1 _ 
[00077406] 4 | 6 11 2 0 10 4 _ 8 9 5 1 _ 
[00077407] 3 | 6 11 2 0 10 4 7 8 9 5 1 _ 
[00077408] 2 | 6 11 2 0 10 4 7 8 9 5 1 3 
[00077409] 1 | 6 11 2 0 10 4 7 8 9 5 1 3  *Graceful*
[00077409] 4 | 6 11 2 0 10 4 _ 8 _ _ 1 5 
[00077410] 3 | 6 11 2 0 10 4 7 8 _ _ 1 5 
[00077411] 5 | _ 11 2 0 10 4 5 8 _ _ 1 _ 
[00077412] 4 | 7 11 2 0 10 4 5 8 _ _ 1 _ 
[00077413] 3 | 7 11 2 0 10 4 5 8 3 6 1 _ 
[00077414] 3 | 7 11 2 0 10 4 5 8 6 9 1 _ 
[00077415] 2 | 7 11 2 0 10 4 5 8 6 9 1 3 
[00077416] 3 | 7 11 2 0 10 4 5 8 6 3 1 _ 
[00077417] 3 | 7 11 2 0 10 4 5 8 9 6 1 _ 
[00077418] 2 | 7 11 2 0 10 4 5 8 9 6 1 3 
[00077419] 1 | 7 11 2 0 10 4 5 8 9 6 1 3  *Graceful*
[00077419] 4 | _ 11 2 0 10 4 5 8 3 7 1 _ 
[00077420] 4 | _ 11 2 0 10 4 5 8 7 3 1 _ 
[00077421] 5 | _ 11 2 0 10 4 _ 8 3 _ 1 _ 
[00077422] 4 | 7 11 2 0 10 4 _ 8 3 _ 1 _ 
[00077423] 3 | 7 11 2 0 10 4 _ 8 3 6 1 _ 
[00077424] 4 | _ 11 2 0 10 4 6 8 3 _ 1 _ 
[00077425] 4 | _ 11 2 0 10 4 _ 8 3 7 1 _ 
[00077426] 4 | _ 11 2 0 10 4 _ 8 3 _ 1 5 
[00077427] 3 | _ 11 2 0 10 4 7 8 3 _ 1 5 
[00077428] 2 | 9 11 2 0 10 4 7 8 3 _ 1 5 
[00077429] 3 | _ 11 2 0 10 4 _ 8 3 6 1 5 
[00077430] 2 | 9 11 2 0 10 4 _ 8 3 6 1 5 
[00077431] 5 | _ 11 2 0 10 4 _ 8 _ _ 1 6 
[00077432] 4 | 7 11 2 0 10 4 _ 8 _ _ 1 6 
[00077433] 3 | 7 11 2 0 10 4 _ 8 5 _ 1 6 
[00077434] 2 | 7 11 2 0 10 4 _ 8 5 3 1 6 
[00077435] 1 | 7 11 2 0 10 4 9 8 5 3 1 6  *Graceful*
[00077435] 4 | _ 11 2 0 10 4 _ 8 3 7 1 6 
[00077436] 4 | _ 11 2 0 10 4 _ 8 5 9 1 6 
[00077437] 3 | _ 11 2 0 10 4 7 8 5 9 1 6 
[00077438] 4 | _ 11 2 0 10 4 _ 8 7 3 1 6 
[00077439] 4 | _ 11 2 0 10 4 _ 8 9 5 1 6 
[00077440] 3 | _ 11 2 0 10 4 7 8 9 5 1 6 
[00077441] 6 | _ 11 2 0 10 _ 4 8 _ _ 1 _ 
[00077442] 5 | 6 11 2 0 10 _ 4 8 _ _ 1 _ 
[00077443] 4 | 6 11 2 0 10 _ 4 8 3 7 1 _ 
[00077444] 4 | 6 11 2 0 10 _ 4 8 5 9 1 _ 
[00077445] 3 | 6 11 2 0 10 7 4 8 5 9 1 _ 
[00077446] 2 | 6 11 2 0 10 7 4 8 5 9 1 3 
[00077447] 4 | 6 11 2 0 10 _ 4 8 7 3 1 _ 
[00077448] 4 | 6 11 2 0 10 _ 4 8 9 5 1 _ 
[00077449] 3 | 6 11 2 0 10 7 4 8 9 5 1 _ 
[00077450] 2 | 6 11 2 0 10 7 4 8 9 5 1 3 
[00077451] 1 | 6 11 2 0 10 7 4 8 9 5 1 3  *Graceful*
[00077451] 4 | 6 11 2 0 10 _ 4 8 _ _ 1 5 
[00077452] 3 | 6 11 2 0 10 7 4 8 _ _ 1 5 
[00077453] 5 | _ 11 2 0 10 5 4 8 _ _ 1 _ 
[00077454] 4 | 7 11 2 0 10 5 4 8 _ _ 1 _ 
[00077455] 3 | 7 11 2 0 10 5 4 8 3 6 1 _ 
[00077456] 3 | 7 11 2 0 10 5 4 8 6 9 1 _ 
[00077457] 2 | 7 11 2 0 10 5 4 8 6 9 1 3 
[00077458] 3 | 7 11 2 0 10 5 4 8 6 3 1 _ 
[00077459] 3 | 7 11 2 0 10 5 4 8 9 6 1 _ 
[00077460] 2 | 7 11 2 0 10 5 4 8 9 6 1 3 
[00077461] 1 | 7 11 2 0 10 5 4 8 9 6 1 3  *Graceful*
[00077461] 4 | _ 11 2 0 10 5 4 8 3 7 1 _ 
[00077462] 4 | _ 11 2 0 10 5 4 8 7 3 1 _ 
[00077463] 5 | _ 11 2 0 10 _ 4 8 3 _ 1 _ 
[00077464] 4 | 7 11 2 0 10 _ 4 8 3 _ 1 _ 
[00077465] 3 | 7 11 2 0 10 _ 4 8 3 6 1 _ 
[00077466] 4 | _ 11 2 0 10 6 4 8 3 _ 1 _ 
[00077467] 4 | _ 11 2 0 10 _ 4 8 3 7 1 _ 
[00077468] 4 | _ 11 2 0 10 _ 4 8 3 _ 1 5 
[00077469] 3 | _ 11 2 0 10 7 4 8 3 _ 1 5 
[00077470] 2 | 9 11 2 0 10 7 4 8 3 _ 1 5 
[00077471] 3 | _ 11 2 0 10 _ 4 8 3 6 1 5 
[00077472] 2 | 9 11 2 0 10 _ 4 8 3 6 1 5 
[00077473] 5 | _ 11 2 0 10 _ 4 8 _ _ 1 6 
[00077474] 4 | 7 11 2 0 10 _ 4 8 _ _ 1 6 
[00077475] 3 | 7 11 2 0 10 _ 4 8 5 _ 1 6 
[00077476] 2 | 7 11 2 0 10 _ 4 8 5 3 1 6 
[00077477] 1 | 7 11 2 0 10 9 4 8 5 3 1 6  *Graceful*
[00077477] 4 | _ 11 2 0 10 _ 4 8 3 7 1 6 
[00077478] 4 | _ 11 2 0 10 _ 4 8 5 9 1 6 
[00077479] 3 | _ 11 2 0 10 7 4 8 5 9 1 6 
[00077480] 4 | _ 11 2 0 10 _ 4 8 7 3 1 6 
[00077481] 4 | _ 11 2 0 10 _ 4 8 9 5 1 6 
[00077482] 3 | _ 11 2 0 10 7 4 8 9 5 1 6 
[00077483] 6 | _ 11 2 0 10 _ _ 8 3 9 1 _ 
[00077484] 5 | 6 11 2 0 10 _ _ 8 3 9 1 _ 
[00077485] 4 | 6 11 2 0 10 _ _ 8 3 9 1 5 
[00077486] 3 | 6 11 2 0 10 7 _ 8 3 9 1 5 
[00077487] 3 | 6 11 2 0 10 _ 7 8 3 9 1 5 
[00077488] 5 | _ 11 2 0 10 5 _ 8 3 9 1 _ 
[00077489] 4 | 7 11 2 0 10 5 _ 8 3 9 1 _ 
[00077490] 3 | 7 11 2 0 10 5 _ 8 3 9 1 4 
[00077491] 4 | _ 11 2 0 10 5 6 8 3 9 1 _ 
[00077492] 3 | _ 11 2 0 10 5 6 8 3 9 1 4 
[00077493] 5 | _ 11 2 0 10 _ 5 8 3 9 1 _ 
[00077494] 4 | 7 11 2 0 10 _ 5 8 3 9 1 _ 
[00077495] 3 | 7 11 2 0 10 _ 5 8 3 9 1 4 
[00077496] 4 | _ 11 2 0 10 6 5 8 3 9 1 _ 
[00077497] 3 | _ 11 2 0 10 6 5 8 3 9 1 4 
[00077498] 5 | _ 11 2 0 10 _ _ 8 3 9 1 6 
[00077499] 4 | 7 11 2 0 10 _ _ 8 3 9 1 6 
[00077500] 6 | _ 11 2 0 10 _ _ 8 9 3 1 _ 
[00077501] 5 | 6 11 2 0 10 _ _ 8 9 3 1 _ 
[00077502] 4 | 6 11 2 0 10 _ _ 8 9 3 1 5 
[00077503] 3 | 6 11 2 0 10 7 _ 8 9 3 1 5 
[00077504] 3 | 6 11 2 0 10 _ 7 8 9 3 1 5 
[00077505] 5 | _ 11 2 0 10 5 _ 8 9 3 1 _ 
[00077506] 4 | 7 11 2 0 10 5 _ 8 9 3 1 _ 
[00077507] 3 | 7 11 2 0 10 5 _ 8 9 3 1 4 
[00077508] 4 | _ 11 2 0 10 5 6 8 9 3 1 _ 
[00077509] 3 | _ 11 2 0 10 5 6 8 9 3 1 4 
[00077510] 5 | _ 11 2 0 10 _ 5 8 9 3 1 _ 
[00077511] 4 | 7 11 2 0 10 _ 5 8 9 3 1 _ 
[00077512] 3 | 7 11 2 0 10 _ 5 8 9 3 1 4 
[00077513] 4 | _ 11 2 0 10 6 5 8 9 3 1 _ 
[00077514] 3 | _ 11 2 0 10 6 5 8 9 3 1 4 
[00077515] 5 | _ 11 2 0 10 _ _ 8 9 3 1 6 
[00077516] 4 | 7 11 2 0 10 _ _ 8 9 3 1 6 
[00077517] 6 | _ 11 2 0 10 _ _ 8 _ _ 1 7 
[00077518] 5 | 6 11 2 0 10 _ _ 8 _ _ 1 7 
[00077519] 4 | 6 11 2 0 10 _ _ 8 4 _ 1 7 
[00077520] 4 | 6 11 2 0 10 _ _ 8 5 9 1 7 
[00077521] 4 | 6 11 2 0 10 _ _ 8 9 5 1 7 
[00077522] 5 | _ 11 2 0 10 5 _ 8 _ _ 1 7 
[00077523] 4 | _ 11 2 0 10 5 6 8 _ _ 1 7 
[00077524] 3 | 8 11 2 0 10 5 6 8 _ _ 1 7 
[00077525] 3 | _ 11 2 0 10 5 6 8 11 _ 1 7 
[00077526] 2 | 9 11 2 0 10 5 6 8 11 _ 1 7 
[00077527] 2 | _ 11 2 0 10 5 6 8 11 9 1 7 
[00077528] 4 | _ 11 2 0 10 5 _ 8 4 _ 1 7 
[00077529] 5 | _ 11 2 0 10 _ 5 8 _ _ 1 7 
[00077530] 4 | _ 11 2 0 10 6 5 8 _ _ 1 7 
[00077531] 3 | 8 11 2 0 10 6 5 8 _ _ 1 7 
[00077532] 3 | _ 11 2 0 10 6 5 8 11 _ 1 7 
[00077533] 2 | 9 11 2 0 10 6 5 8 11 _ 1 7 
[00077534] 2 | _ 11 2 0 10 6 5 8 11 9 1 7 
[00077535] 4 | _ 11 2 0 10 _ 5 8 4 _ 1 7 
[00077536] 5 | _ 11 2 0 10 _ _ 8 3 _ 1 7 
[00077537] 4 | _ 11 2 0 10 6 _ 8 3 _ 1 7 
[00077538] 4 | _ 11 2 0 10 _ 6 8 3 _ 1 7 
[00077539] 5 | _ 11 2 0 10 _ _ 8 4 9 1 7 
[00077540] 4 | _ 11 2 0 10 6 _ 8 4 9 1 7 
[00077541] 4 | _ 11 2 0 10 _ 6 8 4 9 1 7 
[00077542] 5 | _ 11 2 0 10 _ _ 8 9 4 1 7 
[00077543] 4 | _ 11 2 0 10 6 _ 8 9 4 1 7 
[00077544] 4 | _ 11 2 0 10 _ 6 8 9 4 1 7 
[00077545] 8 | _ 11 2 0 10 _ _ 1 9 _ _ _ 
[00077546] 7 | 4 11 2 0 10 _ _ 1 9 _ _ _ 
[00077547] 6 | 4 11 2 0 10 _ _ 1 9 3 _ _ 
[00077548] 5 | 4 11 2 0 10 5 _ 1 9 3 _ _ 
[00077549] 4 | 4 11 2 0 10 5 6 1 9 3 _ _ 
[00077550] 5 | 4 11 2 0 10 _ 5 1 9 3 _ _ 
[00077551] 4 | 4 11 2 0 10 6 5 1 9 3 _ _ 
[00077552] 5 | 4 11 2 0 10 _ _ 1 9 3 6 _ 
[00077553] 4 | 4 11 2 0 10 6 _ 1 9 3 6 _ 
[00077554] 3 | 4 11 2 0 10 6 7 1 9 3 6 _ 
[00077555] 4 | 4 11 2 0 10 _ 6 1 9 3 6 _ 
[00077556] 3 | 4 11 2 0 10 7 6 1 9 3 6 _ 
[00077557] 4 | 4 11 2 0 10 _ _ 1 9 3 6 10 
[00077558] 6 | 4 11 2 0 10 _ _ 1 9 _ 7 _ 
[00077559] 5 | 4 11 2 0 10 5 _ 1 9 _ 7 _ 
[00077560] 4 | 4 11 2 0 10 5 6 1 9 _ 7 _ 
[00077561] 4 | 4 11 2 0 10 5 _ 1 9 _ 7 3 
[00077562] 3 | 4 11 2 0 10 5 _ 1 9 6 7 3 
[00077563] 2 | 4 11 2 0 10 5 8 1 9 6 7 3 
[00077564] 1 | 4 11 2 0 10 5 8 1 9 6 7 3  *Graceful*
[00077564] 5 | 4 11 2 0 10 _ 5 1 9 _ 7 _ 
[00077565] 4 | 4 11 2 0 10 6 5 1 9 _ 7 _ 
[00077566] 4 | 4 11 2 0 10 _ 5 1 9 _ 7 3 
[00077567] 3 | 4 11 2 0 10 _ 5 1 9 6 7 3 
[00077568] 2 | 4 11 2 0 10 8 5 1 9 6 7 3 
[00077569] 1 | 4 11 2 0 10 8 5 1 9 6 7 3  *Graceful*
[00077569] 7 | _ 11 2 0 10 3 _ 1 9 _ _ _ 
[00077570] 6 | 5 11 2 0 10 3 _ 1 9 _ _ _ 
[00077571] 5 | 5 11 2 0 10 3 _ 1 9 4 _ _ 
[00077572] 4 | 5 11 2 0 10 3 6 1 9 4 _ _ 
[00077573] 5 | 5 11 2 0 10 3 _ 1 9 _ 6 _ 
[00077574] 4 | 5 11 2 0 10 3 6 1 9 _ 6 _ 
[00077575] 4 | 5 11 2 0 10 3 _ 1 9 _ 6 10 
[00077576] 6 | _ 11 2 0 10 3 4 1 9 _ _ _ 
[00077577] 5 | 6 11 2 0 10 3 4 1 9 _ _ _ 
[00077578] 4 | 6 11 2 0 10 3 4 1 9 5 _ _ 
[00077579] 4 | 6 11 2 0 10 3 4 1 9 _ 5 _ 
[00077580] 3 | 6 11 2 0 10 3 4 1 9 _ 5 8 
[00077581] 2 | 6 11 2 0 10 3 4 1 9 7 5 8 
[00077582] 1 | 6 11 2 0 10 3 4 1 9 7 5 8  *Graceful*
[00077582] 5 | _ 11 2 0 10 3 4 1 9 _ 6 _ 
[00077583] 4 | 7 11 2 0 10 3 4 1 9 _ 6 _ 
[00077584] 3 | 7 11 2 0 10 3 4 1 9 6 6 _ 
[00077585] 3 | 7 11 2 0 10 3 4 1 9 _ 6 9 
[00077586] 4 | _ 11 2 0 10 3 4 1 9 5 6 _ 
[00077587] 3 | 8 11 2 0 10 3 4 1 9 5 6 _ 
[00077588] 6 | _ 11 2 0 10 3 _ 1 9 _ 7 _ 
[00077589] 5 | 6 11 2 0 10 3 _ 1 9 _ 7 _ 
[00077590] 4 | 6 11 2 0 10 3 _ 1 9 5 7 _ 
[00077591] 3 | 6 11 2 0 10 3 7 1 9 5 7 _ 
[00077592] 3 | 6 11 2 0 10 3 _ 1 9 5 7 4 
[00077593] 2 | 6 11 2 0 10 3 8 1 9 5 7 4 
[00077594] 1 | 6 11 2 0 10 3 8 1 9 5 7 4  *Graceful*
[00077594] 3 | 6 11 2 0 10 3 _ 1 9 5 7 10 
[00077595] 5 | _ 11 2 0 10 3 5 1 9 _ 7 _ 
[00077596] 4 | 7 11 2 0 10 3 5 1 9 _ 7 _ 
[00077597] 3 | 7 11 2 0 10 3 5 1 9 6 7 _ 
[00077598] 4 | _ 11 2 0 10 3 5 1 9 _ 7 11 
[00077599] 3 | _ 11 2 0 10 3 5 1 9 6 7 11 
[00077600] 5 | _ 11 2 0 10 3 _ 1 9 4 7 _ 
[00077601] 4 | 7 11 2 0 10 3 _ 1 9 4 7 _ 
[00077602] 4 | _ 11 2 0 10 3 6 1 9 4 7 _ 
[00077603] 3 | 8 11 2 0 10 3 6 1 9 4 7 _ 
[00077604] 2 | 8 11 2 0 10 3 6 1 9 4 7 5 
[00077605] 1 | 8 11 2 0 10 3 6 1 9 4 7 5  *Graceful*
[00077605] 4 | _ 11 2 0 10 3 _ 1 9 4 7 11 
[00077606] 7 | _ 11 2 0 10 _ 3 1 9 _ _ _ 
[00077607] 6 | 5 11 2 0 10 _ 3 1 9 _ _ _ 
[00077608] 5 | 5 11 2 0 10 _ 3 1 9 4 _ _ 
[00077609] 4 | 5 11 2 0 10 6 3 1 9 4 _ _ 
[00077610] 5 | 5 11 2 0 10 _ 3 1 9 _ 6 _ 
[00077611] 4 | 5 11 2 0 10 6 3 1 9 _ 6 _ 
[00077612] 4 | 5 11 2 0 10 _ 3 1 9 _ 6 10 
[00077613] 6 | _ 11 2 0 10 4 3 1 9 _ _ _ 
[00077614] 5 | 6 11 2 0 10 4 3 1 9 _ _ _ 
[00077615] 4 | 6 11 2 0 10 4 3 1 9 5 _ _ 
[00077616] 4 | 6 11 2 0 10 4 3 1 9 _ 5 _ 
[00077617] 3 | 6 11 2 0 10 4 3 1 9 _ 5 8 
[00077618] 2 | 6 11 2 0 10 4 3 1 9 7 5 8 
[00077619] 1 | 6 11 2 0 10 4 3 1 9 7 5 8  *Graceful*
[00077619] 5 | _ 11 2 0 10 4 3 1 9 _ 6 _ 
[00077620] 4 | 7 11 2 0 10 4 3 1 9 _ 6 _ 
[00077621] 3 | 7 11 2 0 10 4 3 1 9 6 6 _ 
[00077622] 3 | 7 11 2 0 10 4 3 1 9 _ 6 9 
[00077623] 4 | _ 11 2 0 10 4 3 1 9 5 6 _ 
[00077624] 3 | 8 11 2 0 10 4 3 1 9 5 6 _ 
[00077625] 6 | _ 11 2 0 10 _ 3 1 9 _ 7 _ 
[00077626] 5 | 6 11 2 0 10 _ 3 1 9 _ 7 _ 
[00077627] 4 | 6 11 2 0 10 _ 3 1 9 5 7 _ 
[00077628] 3 | 6 11 2 0 10 7 3 1 9 5 7 _ 
[00077629] 3 | 6 11 2 0 10 _ 3 1 9 5 7 4 
[00077630] 2 | 6 11 2 0 10 8 3 1 9 5 7 4 
[00077631] 1 | 6 11 2 0 10 8 3 1 9 5 7 4  *Graceful*
[00077631] 3 | 6 11 2 0 10 _ 3 1 9 5 7 10 
[00077632] 5 | _ 11 2 0 10 5 3 1 9 _ 7 _ 
[00077633] 4 | 7 11 2 0 10 5 3 1 9 _ 7 _ 
[00077634] 3 | 7 11 2 0 10 5 3 1 9 6 7 _ 
[00077635] 4 | _ 11 2 0 10 5 3 1 9 _ 7 11 
[00077636] 3 | _ 11 2 0 10 5 3 1 9 6 7 11 
[00077637] 5 | _ 11 2 0 10 _ 3 1 9 4 7 _ 
[00077638] 4 | 7 11 2 0 10 _ 3 1 9 4 7 _ 
[00077639] 4 | _ 11 2 0 10 6 3 1 9 4 7 _ 
[00077640] 3 | 8 11 2 0 10 6 3 1 9 4 7 _ 
[00077641] 2 | 8 11 2 0 10 6 3 1 9 4 7 5 
[00077642] 1 | 8 11 2 0 10 6 3 1 9 4 7 5  *Graceful*
[00077642] 4 | _ 11 2 0 10 _ 3 1 9 4 7 11 
[00077643] 7 | _ 11 2 0 10 _ _ 1 9 _ 8 _ 
[00077644] 6 | 5 11 2 0 10 _ _ 1 9 _ 8 _ 
[00077645] 5 | 5 11 2 0 10 _ _ 1 9 4 8 _ 
[00077646] 4 | 5 11 2 0 10 6 _ 1 9 4 8 _ 
[00077647] 3 | 5 11 2 0 10 6 7 1 9 4 8 _ 
[00077648] 4 | 5 11 2 0 10 _ 6 1 9 4 8 _ 
[00077649] 3 | 5 11 2 0 10 7 6 1 9 4 8 _ 
[00077650] 5 | 5 11 2 0 10 _ _ 1 9 _ 8 3 
[00077651] 4 | 5 11 2 0 10 6 _ 1 9 _ 8 3 
[00077652] 3 | 5 11 2 0 10 6 7 1 9 _ 8 3 
[00077653] 4 | 5 11 2 0 10 _ 6 1 9 _ 8 3 
[00077654] 3 | 5 11 2 0 10 7 6 1 9 _ 8 3 
[00077655] 6 | _ 11 2 0 10 4 _ 1 9 _ 8 _ 
[00077656] 5 | 6 11 2 0 10 4 _ 1 9 _ 8 _ 
[00077657] 4 | 6 11 2 0 10 4 _ 1 9 5 8 _ 
[00077658] 3 | 6 11 2 0 10 4 7 1 9 5 8 _ 
[00077659] 5 | _ 11 2 0 10 4 5 1 9 _ 8 _ 
[00077660] 4 | 7 11 2 0 10 4 5 1 9 _ 8 _ 
[00077661] 3 | 7 11 2 0 10 4 5 1 9 6 8 _ 
[00077662] 5 | _ 11 2 0 10 4 _ 1 9 _ 8 3 
[00077663] 4 | 7 11 2 0 10 4 _ 1 9 _ 8 3 
[00077664] 3 | 7 11 2 0 10 4 _ 1 9 6 8 3 
[00077665] 4 | _ 11 2 0 10 4 6 1 9 _ 8 3 
[00077666] 4 | _ 11 2 0 10 4 _ 1 9 5 8 3 
[00077667] 3 | _ 11 2 0 10 4 7 1 9 5 8 3 
[00077668] 6 | _ 11 2 0 10 _ 4 1 9 _ 8 _ 
[00077669] 5 | 6 11 2 0 10 _ 4 1 9 _ 8 _ 
[00077670] 4 | 6 11 2 0 10 _ 4 1 9 5 8 _ 
[00077671] 3 | 6 11 2 0 10 7 4 1 9 5 8 _ 
[00077672] 5 | _ 11 2 0 10 5 4 1 9 _ 8 _ 
[00077673] 4 | 7 11 2 0 10 5 4 1 9 _ 8 _ 
[00077674] 3 | 7 11 2 0 10 5 4 1 9 6 8 _ 
[00077675] 5 | _ 11 2 0 10 _ 4 1 9 _ 8 3 
[00077676] 4 | 7 11 2 0 10 _ 4 1 9 _ 8 3 
[00077677] 3 | 7 11 2 0 10 _ 4 1 9 6 8 3 
[00077678] 4 | _ 11 2 0 10 6 4 1 9 _ 8 3 
[00077679] 4 | _ 11 2 0 10 _ 4 1 9 5 8 3 
[00077680] 3 | _ 11 2 0 10 7 4 1 9 5 8 3 
[00077681] 6 | _ 11 2 0 10 _ _ 1 9 3 8 _ 
[00077682] 5 | 6 11 2 0 10 _ _ 1 9 3 8 _ 
[00077683] 4 | 6 11 2 0 10 _ _ 1 9 3 8 4 
[00077684] 3 | 6 11 2 0 10 7 _ 1 9 3 8 4 
[00077685] 3 | 6 11 2 0 10 _ 7 1 9 3 8 4 
[00077686] 5 | _ 11 2 0 10 5 _ 1 9 3 8 _ 
[00077687] 4 | 7 11 2 0 10 5 _ 1 9 3 8 _ 
[00077688] 4 | _ 11 2 0 10 5 6 1 9 3 8 _ 
[00077689] 3 | 8 11 2 0 10 5 6 1 9 3 8 _ 
[00077690] 3 | _ 11 2 0 10 5 6 1 9 3 8 11 
[00077691] 4 | _ 11 2 0 10 5 _ 1 9 3 8 4 
[00077692] 3 | _ 11 2 0 10 5 7 1 9 3 8 4 
[00077693] 5 | _ 11 2 0 10 _ 5 1 9 3 8 _ 
[00077694] 4 | 7 11 2 0 10 _ 5 1 9 3 8 _ 
[00077695] 4 | _ 11 2 0 10 6 5 1 9 3 8 _ 
[00077696] 3 | 8 11 2 0 10 6 5 1 9 3 8 _ 
[00077697] 3 | _ 11 2 0 10 6 5 1 9 3 8 11 
[00077698] 4 | _ 11 2 0 10 _ 5 1 9 3 8 4 
[00077699] 3 | _ 11 2 0 10 7 5 1 9 3 8 4 
[00077700] 8 | _ 11 2 0 10 _ _ 9 1 _ _ _ 
[00077701] 7 | 4 11 2 0 10 _ _ 9 1 _ _ _ 
[00077702] 6 | 4 11 2 0 10 _ _ 9 1 7 _ _ 
[00077703] 5 | 4 11 2 0 10 5 _ 9 1 7 _ _ 
[00077704] 4 | 4 11 2 0 10 5 6 9 1 7 _ _ 
[00077705] 5 | 4 11 2 0 10 _ 5 9 1 7 _ _ 
[00077706] 4 | 4 11 2 0 10 6 5 9 1 7 _ _ 
[00077707] 5 | 4 11 2 0 10 _ _ 9 1 7 3 8 
[00077708] 4 | 4 11 2 0 10 6 _ 9 1 7 3 8 
[00077709] 4 | 4 11 2 0 10 _ 6 9 1 7 3 8 
[00077710] 5 | 4 11 2 0 10 _ _ 9 1 7 8 3 
[00077711] 4 | 4 11 2 0 10 6 _ 9 1 7 8 3 
[00077712] 4 | 4 11 2 0 10 _ 6 9 1 7 8 3 
[00077713] 6 | 4 11 2 0 10 _ _ 9 1 _ 3 _ 
[00077714] 5 | 4 11 2 0 10 5 _ 9 1 _ 3 _ 
[00077715] 4 | 4 11 2 0 10 5 6 9 1 _ 3 _ 
[00077716] 4 | 4 11 2 0 10 5 _ 9 1 _ 3 7 
[00077717] 5 | 4 11 2 0 10 _ 5 9 1 _ 3 _ 
[00077718] 4 | 4 11 2 0 10 6 5 9 1 _ 3 _ 
[00077719] 4 | 4 11 2 0 10 _ 5 9 1 _ 3 7 
[00077720] 5 | 4 11 2 0 10 _ _ 9 1 6 3 _ 
[00077721] 4 | 4 11 2 0 10 _ _ 9 1 6 3 7 
[00077722] 5 | 4 11 2 0 10 _ _ 9 1 _ 3 8 
[00077723] 4 | 4 11 2 0 10 6 _ 9 1 _ 3 8 
[00077724] 3 | 4 11 2 0 10 6 7 9 1 _ 3 8 
[00077725] 4 | 4 11 2 0 10 _ 6 9 1 _ 3 8 
[00077726] 3 | 4 11 2 0 10 7 6 9 1 _ 3 8 
[00077727] 4 | 4 11 2 0 10 _ _ 9 1 5 3 8 
[00077728] 3 | 4 11 2 0 10 7 _ 9 1 5 3 8 
[00077729] 3 | 4 11 2 0 10 _ 7 9 1 5 3 8 
[00077730] 7 | _ 11 2 0 10 3 _ 9 1 _ _ _ 
[00077731] 6 | 5 11 2 0 10 3 _ 9 1 _ _ _ 
[00077732] 5 | 5 11 2 0 10 3 _ 9 1 6 _ _ 
[00077733] 4 | 5 11 2 0 10 3 _ 9 1 6 4 8 
[00077734] 3 | 5 11 2 0 10 3 7 9 1 6 4 8 
[00077735] 4 | 5 11 2 0 10 3 _ 9 1 6 8 4 
[00077736] 3 | 5 11 2 0 10 3 7 9 1 6 8 4 
[00077737] 5 | 5 11 2 0 10 3 _ 9 1 _ 4 _ 
[00077738] 4 | 5 11 2 0 10 3 6 9 1 _ 4 _ 
[00077739] 3 | 5 11 2 0 10 3 6 9 1 4 4 _ 
[00077740] 3 | 5 11 2 0 10 3 6 9 1 _ 4 1 
[00077741] 3 | 5 11 2 0 10 3 6 9 1 _ 4 7 
[00077742] 4 | 5 11 2 0 10 3 _ 9 1 _ 4 8 
[00077743] 3 | 5 11 2 0 10 3 7 9 1 _ 4 8 
[00077744] 6 | _ 11 2 0 10 3 4 9 1 _ _ _ 
[00077745] 5 | 6 11 2 0 10 3 4 9 1 _ _ _ 
[00077746] 4 | 6 11 2 0 10 3 4 9 1 5 _ _ 
[00077747] 4 | 6 11 2 0 10 3 4 9 1 _ 5 _ 
[00077748] 3 | 6 11 2 0 10 3 4 9 1 _ 5 8 
