[00243986] 4 | _ 7 1 0 10 _ 6 11 2 _ 3 8 
[00243987] 3 | 4 7 1 0 10 _ 6 11 2 _ 3 8 
[00243988] 3 | 10 7 1 0 10 _ 6 11 2 _ 3 8 
[00243989] 2 | 10 7 1 0 10 _ 6 11 2 4 3 8 
[00243990] 3 | _ 7 1 0 10 7 6 11 2 _ 3 8 
[00243991] 2 | _ 7 1 0 10 7 6 11 2 4 3 8 
[00243992] 3 | _ 7 1 0 10 _ 6 11 2 5 3 8 
[00243993] 2 | 9 7 1 0 10 _ 6 11 2 5 3 8 
[00243994] 4 | _ 7 1 0 10 _ _ 11 2 6 3 8 
[00243995] 3 | 4 7 1 0 10 _ _ 11 2 6 3 8 
[00243996] 3 | 10 7 1 0 10 _ _ 11 2 6 3 8 
[00243997] 3 | _ 7 1 0 10 7 _ 11 2 6 3 8 
[00243998] 3 | _ 7 1 0 10 _ 7 11 2 6 3 8 
[00243999] 6 | _ 7 _ 0 10 4 _ 11 2 _ 3 _ 
[00244000] 5 | 2 7 _ 0 10 4 _ 11 2 _ 3 _ 
[00244001] 4 | 2 7 3 0 10 4 _ 11 2 _ 3 _ 
[00244002] 4 | 2 7 _ 0 10 4 6 11 2 _ 3 _ 
[00244003] 4 | 2 7 _ 0 10 4 _ 11 2 _ 3 7 
[00244004] 5 | _ 7 2 0 10 4 _ 11 2 _ 3 _ 
[00244005] 4 | 3 7 2 0 10 4 _ 11 2 _ 3 _ 
[00244006] 4 | _ 7 2 0 10 4 6 11 2 _ 3 _ 
[00244007] 4 | _ 7 2 0 10 4 _ 11 2 _ 3 7 
[00244008] 5 | _ 7 _ 0 10 4 5 11 2 _ 3 _ 
[00244009] 4 | 3 7 _ 0 10 4 5 11 2 _ 3 _ 
[00244010] 4 | _ 7 3 0 10 4 5 11 2 _ 3 _ 
[00244011] 4 | _ 7 _ 0 10 4 5 11 2 6 3 _ 
[00244012] 4 | _ 7 _ 0 10 4 5 11 2 _ 3 7 
[00244013] 5 | _ 7 _ 0 10 4 _ 11 2 7 3 _ 
[00244014] 4 | _ 7 _ 0 10 4 6 11 2 7 3 _ 
[00244015] 5 | _ 7 _ 0 10 4 _ 11 2 _ 3 8 
[00244016] 4 | _ 7 _ 0 10 4 6 11 2 _ 3 8 
[00244017] 3 | _ 7 _ 0 10 4 6 11 2 5 3 8 
[00244018] 2 | 9 7 _ 0 10 4 6 11 2 5 3 8 
[00244019] 2 | _ 7 9 0 10 4 6 11 2 5 3 8 
[00244020] 4 | _ 7 _ 0 10 4 _ 11 2 6 3 8 
[00244021] 3 | 10 7 _ 0 10 4 _ 11 2 6 3 8 
[00244022] 2 | 10 7 5 0 10 4 _ 11 2 6 3 8 
[00244023] 2 | 10 7 9 0 10 4 _ 11 2 6 3 8 
[00244024] 3 | _ 7 10 0 10 4 _ 11 2 6 3 8 
[00244025] 2 | 5 7 10 0 10 4 _ 11 2 6 3 8 
[00244026] 2 | 9 7 10 0 10 4 _ 11 2 6 3 8 
[00244027] 3 | _ 7 _ 0 10 4 7 11 2 6 3 8 
[00244028] 6 | _ 7 _ 0 10 _ 4 11 2 _ 3 _ 
[00244029] 5 | 2 7 _ 0 10 _ 4 11 2 _ 3 _ 
[00244030] 4 | 2 7 3 0 10 _ 4 11 2 _ 3 _ 
[00244031] 4 | 2 7 _ 0 10 6 4 11 2 _ 3 _ 
[00244032] 4 | 2 7 _ 0 10 _ 4 11 2 _ 3 7 
[00244033] 5 | _ 7 2 0 10 _ 4 11 2 _ 3 _ 
[00244034] 4 | 3 7 2 0 10 _ 4 11 2 _ 3 _ 
[00244035] 4 | _ 7 2 0 10 6 4 11 2 _ 3 _ 
[00244036] 4 | _ 7 2 0 10 _ 4 11 2 _ 3 7 
[00244037] 5 | _ 7 _ 0 10 5 4 11 2 _ 3 _ 
[00244038] 4 | 3 7 _ 0 10 5 4 11 2 _ 3 _ 
[00244039] 4 | _ 7 3 0 10 5 4 11 2 _ 3 _ 
[00244040] 4 | _ 7 _ 0 10 5 4 11 2 6 3 _ 
[00244041] 4 | _ 7 _ 0 10 5 4 11 2 _ 3 7 
[00244042] 5 | _ 7 _ 0 10 _ 4 11 2 7 3 _ 
[00244043] 4 | _ 7 _ 0 10 6 4 11 2 7 3 _ 
[00244044] 5 | _ 7 _ 0 10 _ 4 11 2 _ 3 8 
[00244045] 4 | _ 7 _ 0 10 6 4 11 2 _ 3 8 
[00244046] 3 | _ 7 _ 0 10 6 4 11 2 5 3 8 
[00244047] 2 | 9 7 _ 0 10 6 4 11 2 5 3 8 
[00244048] 2 | _ 7 9 0 10 6 4 11 2 5 3 8 
[00244049] 4 | _ 7 _ 0 10 _ 4 11 2 6 3 8 
[00244050] 3 | 10 7 _ 0 10 _ 4 11 2 6 3 8 
[00244051] 2 | 10 7 5 0 10 _ 4 11 2 6 3 8 
[00244052] 2 | 10 7 9 0 10 _ 4 11 2 6 3 8 
[00244053] 3 | _ 7 10 0 10 _ 4 11 2 6 3 8 
[00244054] 2 | 5 7 10 0 10 _ 4 11 2 6 3 8 
[00244055] 2 | 9 7 10 0 10 _ 4 11 2 6 3 8 
[00244056] 3 | _ 7 _ 0 10 7 4 11 2 6 3 8 
[00244057] 6 | _ 7 _ 0 10 _ _ 11 2 8 3 _ 
[00244058] 5 | _ 7 _ 0 10 5 _ 11 2 8 3 _ 
[00244059] 4 | 3 7 _ 0 10 5 _ 11 2 8 3 _ 
[00244060] 3 | 3 7 4 0 10 5 _ 11 2 8 3 _ 
[00244061] 3 | 3 7 10 0 10 5 _ 11 2 8 3 _ 
[00244062] 3 | 3 7 _ 0 10 5 7 11 2 8 3 _ 
[00244063] 4 | _ 7 3 0 10 5 _ 11 2 8 3 _ 
[00244064] 3 | 4 7 3 0 10 5 _ 11 2 8 3 _ 
[00244065] 3 | 10 7 3 0 10 5 _ 11 2 8 3 _ 
[00244066] 3 | _ 7 3 0 10 5 7 11 2 8 3 _ 
[00244067] 4 | _ 7 _ 0 10 5 6 11 2 8 3 _ 
[00244068] 3 | 4 7 _ 0 10 5 6 11 2 8 3 _ 
[00244069] 2 | 4 7 9 0 10 5 6 11 2 8 3 _ 
[00244070] 2 | 4 7 _ 0 10 5 6 11 2 8 3 1 
[00244071] 3 | _ 7 4 0 10 5 6 11 2 8 3 _ 
[00244072] 2 | 9 7 4 0 10 5 6 11 2 8 3 _ 
[00244073] 2 | _ 7 4 0 10 5 6 11 2 8 3 1 
[00244074] 4 | _ 7 _ 0 10 5 _ 11 2 8 3 7 
[00244075] 5 | _ 7 _ 0 10 _ 5 11 2 8 3 _ 
[00244076] 4 | 3 7 _ 0 10 _ 5 11 2 8 3 _ 
[00244077] 3 | 3 7 4 0 10 _ 5 11 2 8 3 _ 
[00244078] 3 | 3 7 10 0 10 _ 5 11 2 8 3 _ 
[00244079] 3 | 3 7 _ 0 10 7 5 11 2 8 3 _ 
[00244080] 4 | _ 7 3 0 10 _ 5 11 2 8 3 _ 
[00244081] 3 | 4 7 3 0 10 _ 5 11 2 8 3 _ 
[00244082] 3 | 10 7 3 0 10 _ 5 11 2 8 3 _ 
[00244083] 3 | _ 7 3 0 10 7 5 11 2 8 3 _ 
[00244084] 4 | _ 7 _ 0 10 6 5 11 2 8 3 _ 
[00244085] 3 | 4 7 _ 0 10 6 5 11 2 8 3 _ 
[00244086] 2 | 4 7 9 0 10 6 5 11 2 8 3 _ 
[00244087] 2 | 4 7 _ 0 10 6 5 11 2 8 3 1 
[00244088] 3 | _ 7 4 0 10 6 5 11 2 8 3 _ 
[00244089] 2 | 9 7 4 0 10 6 5 11 2 8 3 _ 
[00244090] 2 | _ 7 4 0 10 6 5 11 2 8 3 1 
[00244091] 4 | _ 7 _ 0 10 _ 5 11 2 8 3 7 
[00244092] 6 | _ 7 _ 0 10 _ _ 11 2 _ 3 9 
[00244093] 5 | 2 7 _ 0 10 _ _ 11 2 _ 3 9 
[00244094] 4 | 2 7 _ 0 10 6 _ 11 2 _ 3 9 
[00244095] 3 | 2 7 4 0 10 6 _ 11 2 _ 3 9 
[00244096] 2 | 2 7 4 0 10 6 8 11 2 _ 3 9 
[00244097] 3 | 2 7 10 0 10 6 _ 11 2 _ 3 9 
[00244098] 3 | 2 7 _ 0 10 6 7 11 2 _ 3 9 
[00244099] 4 | 2 7 _ 0 10 _ 6 11 2 _ 3 9 
[00244100] 3 | 2 7 4 0 10 _ 6 11 2 _ 3 9 
[00244101] 2 | 2 7 4 0 10 8 6 11 2 _ 3 9 
[00244102] 3 | 2 7 10 0 10 _ 6 11 2 _ 3 9 
[00244103] 3 | 2 7 _ 0 10 7 6 11 2 _ 3 9 
[00244104] 5 | _ 7 2 0 10 _ _ 11 2 _ 3 9 
[00244105] 4 | _ 7 2 0 10 6 _ 11 2 _ 3 9 
[00244106] 3 | 4 7 2 0 10 6 _ 11 2 _ 3 9 
[00244107] 2 | 4 7 2 0 10 6 8 11 2 _ 3 9 
[00244108] 3 | 10 7 2 0 10 6 _ 11 2 _ 3 9 
[00244109] 3 | _ 7 2 0 10 6 7 11 2 _ 3 9 
[00244110] 4 | _ 7 2 0 10 _ 6 11 2 _ 3 9 
[00244111] 3 | 4 7 2 0 10 _ 6 11 2 _ 3 9 
[00244112] 2 | 4 7 2 0 10 8 6 11 2 _ 3 9 
[00244113] 3 | 10 7 2 0 10 _ 6 11 2 _ 3 9 
[00244114] 3 | _ 7 2 0 10 7 6 11 2 _ 3 9 
[00244115] 5 | _ 7 _ 0 10 5 _ 11 2 _ 3 9 
[00244116] 4 | _ 7 _ 0 10 5 6 11 2 _ 3 9 
[00244117] 3 | 4 7 _ 0 10 5 6 11 2 _ 3 9 
[00244118] 3 | _ 7 4 0 10 5 6 11 2 _ 3 9 
[00244119] 4 | _ 7 _ 0 10 5 _ 11 2 6 3 9 
[00244120] 3 | 4 7 _ 0 10 5 _ 11 2 6 3 9 
[00244121] 2 | 4 7 _ 0 10 5 8 11 2 6 3 9 
[00244122] 3 | 10 7 _ 0 10 5 _ 11 2 6 3 9 
[00244123] 3 | _ 7 4 0 10 5 _ 11 2 6 3 9 
[00244124] 2 | _ 7 4 0 10 5 8 11 2 6 3 9 
[00244125] 3 | _ 7 10 0 10 5 _ 11 2 6 3 9 
[00244126] 3 | _ 7 _ 0 10 5 7 11 2 6 3 9 
[00244127] 5 | _ 7 _ 0 10 _ 5 11 2 _ 3 9 
[00244128] 4 | _ 7 _ 0 10 6 5 11 2 _ 3 9 
[00244129] 3 | 4 7 _ 0 10 6 5 11 2 _ 3 9 
[00244130] 3 | _ 7 4 0 10 6 5 11 2 _ 3 9 
[00244131] 4 | _ 7 _ 0 10 _ 5 11 2 6 3 9 
[00244132] 3 | 4 7 _ 0 10 _ 5 11 2 6 3 9 
[00244133] 2 | 4 7 _ 0 10 8 5 11 2 6 3 9 
[00244134] 3 | 10 7 _ 0 10 _ 5 11 2 6 3 9 
[00244135] 3 | _ 7 4 0 10 _ 5 11 2 6 3 9 
[00244136] 2 | _ 7 4 0 10 8 5 11 2 6 3 9 
[00244137] 3 | _ 7 10 0 10 _ 5 11 2 6 3 9 
[00244138] 3 | _ 7 _ 0 10 7 5 11 2 6 3 9 
[00244139] 5 | _ 7 _ 0 10 _ _ 11 2 7 3 9 
[00244140] 4 | _ 7 _ 0 10 6 _ 11 2 7 3 9 
[00244141] 4 | _ 7 _ 0 10 _ 6 11 2 7 3 9 
[00244142] 7 | _ _ _ 0 10 3 _ 11 2 _ 3 _ 
[00244143] 6 | 1 7 _ 0 10 3 _ 11 2 _ 3 _ 
[00244144] 6 | 7 1 _ 0 10 3 _ 11 2 _ 3 _ 
[00244145] 5 | 7 1 6 0 10 3 _ 11 2 _ 3 _ 
[00244146] 5 | 7 1 _ 0 10 3 5 11 2 _ 3 _ 
[00244147] 4 | 7 1 _ 0 10 3 5 11 2 6 3 _ 
[00244148] 3 | 7 1 4 0 10 3 5 11 2 6 3 _ 
[00244149] 6 | _ 1 7 0 10 3 _ 11 2 _ 3 _ 
[00244150] 5 | 6 1 7 0 10 3 _ 11 2 _ 3 _ 
[00244151] 5 | _ 1 7 0 10 3 5 11 2 _ 3 _ 
[00244152] 4 | _ 1 7 0 10 3 5 11 2 6 3 _ 
[00244153] 3 | 4 1 7 0 10 3 5 11 2 6 3 _ 
[00244154] 6 | _ 7 1 0 10 3 _ 11 2 _ 3 _ 
[00244155] 6 | _ 6 _ 0 10 3 _ 11 2 _ 3 _ 
[00244156] 5 | 1 6 _ 0 10 3 _ 11 2 _ 3 _ 
[00244157] 4 | 1 6 2 0 10 3 _ 11 2 _ 3 _ 
[00244158] 3 | 1 6 2 0 10 3 7 11 2 _ 3 _ 
[00244159] 4 | 1 6 10 0 10 3 _ 11 2 _ 3 _ 
[00244160] 3 | 1 6 10 0 10 3 _ 11 2 5 3 _ 
[00244161] 4 | 1 6 _ 0 10 3 6 11 2 _ 3 _ 
[00244162] 3 | 1 6 _ 0 10 3 6 11 2 5 3 _ 
[00244163] 4 | 1 6 _ 0 10 3 _ 11 2 6 3 _ 
[00244164] 3 | 1 6 _ 0 10 3 7 11 2 6 3 _ 
[00244165] 5 | _ 6 1 0 10 3 _ 11 2 _ 3 _ 
[00244166] 4 | 2 6 1 0 10 3 _ 11 2 _ 3 _ 
[00244167] 3 | 2 6 1 0 10 3 7 11 2 _ 3 _ 
[00244168] 4 | 10 6 1 0 10 3 _ 11 2 _ 3 _ 
[00244169] 3 | 10 6 1 0 10 3 _ 11 2 5 3 _ 
[00244170] 4 | _ 6 1 0 10 3 6 11 2 _ 3 _ 
[00244171] 3 | _ 6 1 0 10 3 6 11 2 5 3 _ 
[00244172] 4 | _ 6 1 0 10 3 _ 11 2 6 3 _ 
[00244173] 3 | _ 6 1 0 10 3 7 11 2 6 3 _ 
[00244174] 5 | _ 6 _ 0 10 3 5 11 2 _ 3 _ 
[00244175] 4 | 2 6 _ 0 10 3 5 11 2 _ 3 _ 
[00244176] 3 | 2 6 9 0 10 3 5 11 2 _ 3 _ 
[00244177] 4 | _ 6 2 0 10 3 5 11 2 _ 3 _ 
[00244178] 3 | 9 6 2 0 10 3 5 11 2 _ 3 _ 
[00244179] 4 | _ 6 _ 0 10 3 5 11 2 6 3 _ 
[00244180] 5 | _ 6 _ 0 10 3 _ 11 2 7 3 _ 
[00244181] 4 | 10 6 _ 0 10 3 _ 11 2 7 3 _ 
[00244182] 3 | 10 6 9 0 10 3 _ 11 2 7 3 _ 
[00244183] 4 | _ 6 10 0 10 3 _ 11 2 7 3 _ 
[00244184] 3 | 9 6 10 0 10 3 _ 11 2 7 3 _ 
[00244185] 4 | _ 6 _ 0 10 3 6 11 2 7 3 _ 
[00244186] 6 | _ _ _ 0 10 3 4 11 2 _ 3 _ 
[00244187] 5 | 1 6 _ 0 10 3 4 11 2 _ 3 _ 
[00244188] 5 | 6 1 _ 0 10 3 4 11 2 _ 3 _ 
[00244189] 4 | 6 1 5 0 10 3 4 11 2 _ 3 _ 
[00244190] 5 | _ 1 6 0 10 3 4 11 2 _ 3 _ 
[00244191] 4 | 5 1 6 0 10 3 4 11 2 _ 3 _ 
[00244192] 5 | _ 6 1 0 10 3 4 11 2 _ 3 _ 
[00244193] 5 | _ 5 _ 0 10 3 4 11 2 _ 3 _ 
[00244194] 4 | 1 5 _ 0 10 3 4 11 2 _ 3 _ 
[00244195] 3 | 1 5 2 0 10 3 4 11 2 _ 3 _ 
[00244196] 3 | 1 5 8 0 10 3 4 11 2 _ 3 _ 
[00244197] 3 | 1 5 _ 0 10 3 4 11 2 5 3 _ 
[00244198] 4 | 9 5 _ 0 10 3 4 11 2 _ 3 _ 
[00244199] 3 | 9 5 2 0 10 3 4 11 2 _ 3 _ 
[00244200] 3 | 9 5 8 0 10 3 4 11 2 _ 3 _ 
[00244201] 3 | 9 5 _ 0 10 3 4 11 2 5 3 _ 
[00244202] 4 | _ 5 1 0 10 3 4 11 2 _ 3 _ 
[00244203] 3 | 2 5 1 0 10 3 4 11 2 _ 3 _ 
[00244204] 3 | 8 5 1 0 10 3 4 11 2 _ 3 _ 
[00244205] 3 | _ 5 1 0 10 3 4 11 2 5 3 _ 
[00244206] 4 | _ 5 9 0 10 3 4 11 2 _ 3 _ 
[00244207] 3 | 2 5 9 0 10 3 4 11 2 _ 3 _ 
[00244208] 3 | 8 5 9 0 10 3 4 11 2 _ 3 _ 
[00244209] 3 | _ 5 9 0 10 3 4 11 2 5 3 _ 
[00244210] 4 | _ 5 _ 0 10 3 4 11 2 6 3 _ 
[00244211] 3 | 8 5 _ 0 10 3 4 11 2 6 3 _ 
[00244212] 2 | 8 5 7 0 10 3 4 11 2 6 3 _ 
[00244213] 3 | _ 5 8 0 10 3 4 11 2 6 3 _ 
[00244214] 2 | 7 5 8 0 10 3 4 11 2 6 3 _ 
[00244215] 5 | _ _ _ 0 10 3 4 11 2 7 3 _ 
[00244216] 4 | 1 5 _ 0 10 3 4 11 2 7 3 _ 
[00244217] 4 | 5 9 _ 0 10 3 4 11 2 7 3 _ 
[00244218] 4 | 5 1 _ 0 10 3 4 11 2 7 3 _ 
[00244219] 4 | 9 5 _ 0 10 3 4 11 2 7 3 _ 
[00244220] 4 | _ 1 5 0 10 3 4 11 2 7 3 _ 
[00244221] 4 | _ 5 9 0 10 3 4 11 2 7 3 _ 
[00244222] 4 | _ 5 1 0 10 3 4 11 2 7 3 _ 
[00244223] 4 | _ 9 5 0 10 3 4 11 2 7 3 _ 
[00244224] 6 | _ _ _ 0 10 3 _ 11 2 8 3 _ 
[00244225] 5 | 1 6 _ 0 10 3 _ 11 2 8 3 _ 
[00244226] 5 | 4 9 _ 0 10 3 _ 11 2 8 3 _ 
[00244227] 5 | 6 1 _ 0 10 3 _ 11 2 8 3 _ 
[00244228] 4 | 6 1 5 0 10 3 _ 11 2 8 3 _ 
[00244229] 3 | 6 1 5 0 10 3 7 11 2 8 3 _ 
[00244230] 5 | 9 4 _ 0 10 3 _ 11 2 8 3 _ 
[00244231] 4 | 9 4 _ 0 10 3 6 11 2 8 3 _ 
[00244232] 3 | 9 4 1 0 10 3 6 11 2 8 3 _ 
[00244233] 3 | 9 4 7 0 10 3 6 11 2 8 3 _ 
[00244234] 5 | _ 1 6 0 10 3 _ 11 2 8 3 _ 
[00244235] 4 | 5 1 6 0 10 3 _ 11 2 8 3 _ 
[00244236] 3 | 5 1 6 0 10 3 7 11 2 8 3 _ 
[00244237] 5 | _ 4 9 0 10 3 _ 11 2 8 3 _ 
[00244238] 4 | _ 4 9 0 10 3 6 11 2 8 3 _ 
[00244239] 3 | 1 4 9 0 10 3 6 11 2 8 3 _ 
[00244240] 3 | 7 4 9 0 10 3 6 11 2 8 3 _ 
[00244241] 5 | _ 6 1 0 10 3 _ 11 2 8 3 _ 
[00244242] 5 | _ 9 4 0 10 3 _ 11 2 8 3 _ 
[00244243] 5 | _ 5 _ 0 10 3 _ 11 2 8 3 _ 
[00244244] 4 | 1 5 _ 0 10 3 _ 11 2 8 3 _ 
[00244245] 3 | 1 5 _ 0 10 3 7 11 2 8 3 _ 
[00244246] 4 | 9 5 _ 0 10 3 _ 11 2 8 3 _ 
[00244247] 3 | 9 5 _ 0 10 3 7 11 2 8 3 _ 
[00244248] 4 | _ 5 1 0 10 3 _ 11 2 8 3 _ 
[00244249] 3 | _ 5 1 0 10 3 7 11 2 8 3 _ 
[00244250] 4 | _ 5 9 0 10 3 _ 11 2 8 3 _ 
[00244251] 3 | _ 5 9 0 10 3 7 11 2 8 3 _ 
[00244252] 4 | _ 5 _ 0 10 3 6 11 2 8 3 _ 
[00244253] 5 | _ _ _ 0 10 3 5 11 2 8 3 _ 
[00244254] 4 | _ 4 _ 0 10 3 5 11 2 8 3 _ 
[00244255] 3 | 1 4 _ 0 10 3 5 11 2 8 3 _ 
[00244256] 2 | 1 4 6 0 10 3 5 11 2 8 3 _ 
[00244257] 3 | 7 4 _ 0 10 3 5 11 2 8 3 _ 
[00244258] 2 | 7 4 6 0 10 3 5 11 2 8 3 _ 
[00244259] 3 | _ 4 1 0 10 3 5 11 2 8 3 _ 
[00244260] 2 | 6 4 1 0 10 3 5 11 2 8 3 _ 
[00244261] 3 | _ 4 7 0 10 3 5 11 2 8 3 _ 
[00244262] 2 | 6 4 7 0 10 3 5 11 2 8 3 _ 
[00244263] 7 | _ _ _ 0 10 _ 3 11 2 _ 3 _ 
[00244264] 6 | 1 7 _ 0 10 _ 3 11 2 _ 3 _ 
[00244265] 6 | 7 1 _ 0 10 _ 3 11 2 _ 3 _ 
[00244266] 5 | 7 1 6 0 10 _ 3 11 2 _ 3 _ 
[00244267] 5 | 7 1 _ 0 10 5 3 11 2 _ 3 _ 
[00244268] 4 | 7 1 _ 0 10 5 3 11 2 6 3 _ 
[00244269] 3 | 7 1 4 0 10 5 3 11 2 6 3 _ 
[00244270] 6 | _ 1 7 0 10 _ 3 11 2 _ 3 _ 
[00244271] 5 | 6 1 7 0 10 _ 3 11 2 _ 3 _ 
[00244272] 5 | _ 1 7 0 10 5 3 11 2 _ 3 _ 
[00244273] 4 | _ 1 7 0 10 5 3 11 2 6 3 _ 
[00244274] 3 | 4 1 7 0 10 5 3 11 2 6 3 _ 
[00244275] 6 | _ 7 1 0 10 _ 3 11 2 _ 3 _ 
[00244276] 6 | _ 6 _ 0 10 _ 3 11 2 _ 3 _ 
[00244277] 5 | 1 6 _ 0 10 _ 3 11 2 _ 3 _ 
[00244278] 4 | 1 6 2 0 10 _ 3 11 2 _ 3 _ 
[00244279] 3 | 1 6 2 0 10 7 3 11 2 _ 3 _ 
[00244280] 4 | 1 6 10 0 10 _ 3 11 2 _ 3 _ 
[00244281] 3 | 1 6 10 0 10 _ 3 11 2 5 3 _ 
[00244282] 4 | 1 6 _ 0 10 6 3 11 2 _ 3 _ 
[00244283] 3 | 1 6 _ 0 10 6 3 11 2 5 3 _ 
[00244284] 4 | 1 6 _ 0 10 _ 3 11 2 6 3 _ 
[00244285] 3 | 1 6 _ 0 10 7 3 11 2 6 3 _ 
[00244286] 5 | _ 6 1 0 10 _ 3 11 2 _ 3 _ 
[00244287] 4 | 2 6 1 0 10 _ 3 11 2 _ 3 _ 
[00244288] 3 | 2 6 1 0 10 7 3 11 2 _ 3 _ 
[00244289] 4 | 10 6 1 0 10 _ 3 11 2 _ 3 _ 
[00244290] 3 | 10 6 1 0 10 _ 3 11 2 5 3 _ 
[00244291] 4 | _ 6 1 0 10 6 3 11 2 _ 3 _ 
[00244292] 3 | _ 6 1 0 10 6 3 11 2 5 3 _ 
[00244293] 4 | _ 6 1 0 10 _ 3 11 2 6 3 _ 
[00244294] 3 | _ 6 1 0 10 7 3 11 2 6 3 _ 
[00244295] 5 | _ 6 _ 0 10 5 3 11 2 _ 3 _ 
[00244296] 4 | 2 6 _ 0 10 5 3 11 2 _ 3 _ 
[00244297] 3 | 2 6 9 0 10 5 3 11 2 _ 3 _ 
[00244298] 4 | _ 6 2 0 10 5 3 11 2 _ 3 _ 
[00244299] 3 | 9 6 2 0 10 5 3 11 2 _ 3 _ 
[00244300] 4 | _ 6 _ 0 10 5 3 11 2 6 3 _ 
[00244301] 5 | _ 6 _ 0 10 _ 3 11 2 7 3 _ 
[00244302] 4 | 10 6 _ 0 10 _ 3 11 2 7 3 _ 
[00244303] 3 | 10 6 9 0 10 _ 3 11 2 7 3 _ 
[00244304] 4 | _ 6 10 0 10 _ 3 11 2 7 3 _ 
[00244305] 3 | 9 6 10 0 10 _ 3 11 2 7 3 _ 
[00244306] 4 | _ 6 _ 0 10 6 3 11 2 7 3 _ 
[00244307] 6 | _ _ _ 0 10 4 3 11 2 _ 3 _ 
[00244308] 5 | 1 6 _ 0 10 4 3 11 2 _ 3 _ 
[00244309] 5 | 6 1 _ 0 10 4 3 11 2 _ 3 _ 
[00244310] 4 | 6 1 5 0 10 4 3 11 2 _ 3 _ 
[00244311] 5 | _ 1 6 0 10 4 3 11 2 _ 3 _ 
[00244312] 4 | 5 1 6 0 10 4 3 11 2 _ 3 _ 
[00244313] 5 | _ 6 1 0 10 4 3 11 2 _ 3 _ 
[00244314] 5 | _ 5 _ 0 10 4 3 11 2 _ 3 _ 
[00244315] 4 | 1 5 _ 0 10 4 3 11 2 _ 3 _ 
[00244316] 3 | 1 5 2 0 10 4 3 11 2 _ 3 _ 
[00244317] 3 | 1 5 8 0 10 4 3 11 2 _ 3 _ 
[00244318] 3 | 1 5 _ 0 10 4 3 11 2 5 3 _ 
[00244319] 4 | 9 5 _ 0 10 4 3 11 2 _ 3 _ 
[00244320] 3 | 9 5 2 0 10 4 3 11 2 _ 3 _ 
[00244321] 3 | 9 5 8 0 10 4 3 11 2 _ 3 _ 
[00244322] 3 | 9 5 _ 0 10 4 3 11 2 5 3 _ 
[00244323] 4 | _ 5 1 0 10 4 3 11 2 _ 3 _ 
[00244324] 3 | 2 5 1 0 10 4 3 11 2 _ 3 _ 
[00244325] 3 | 8 5 1 0 10 4 3 11 2 _ 3 _ 
[00244326] 3 | _ 5 1 0 10 4 3 11 2 5 3 _ 
[00244327] 4 | _ 5 9 0 10 4 3 11 2 _ 3 _ 
[00244328] 3 | 2 5 9 0 10 4 3 11 2 _ 3 _ 
[00244329] 3 | 8 5 9 0 10 4 3 11 2 _ 3 _ 
[00244330] 3 | _ 5 9 0 10 4 3 11 2 5 3 _ 
[00244331] 4 | _ 5 _ 0 10 4 3 11 2 6 3 _ 
[00244332] 3 | 8 5 _ 0 10 4 3 11 2 6 3 _ 
[00244333] 2 | 8 5 7 0 10 4 3 11 2 6 3 _ 
[00244334] 3 | _ 5 8 0 10 4 3 11 2 6 3 _ 
[00244335] 2 | 7 5 8 0 10 4 3 11 2 6 3 _ 
[00244336] 5 | _ _ _ 0 10 4 3 11 2 7 3 _ 
[00244337] 4 | 1 5 _ 0 10 4 3 11 2 7 3 _ 
[00244338] 4 | 5 9 _ 0 10 4 3 11 2 7 3 _ 
[00244339] 4 | 5 1 _ 0 10 4 3 11 2 7 3 _ 
[00244340] 4 | 9 5 _ 0 10 4 3 11 2 7 3 _ 
[00244341] 4 | _ 1 5 0 10 4 3 11 2 7 3 _ 
[00244342] 4 | _ 5 9 0 10 4 3 11 2 7 3 _ 
[00244343] 4 | _ 5 1 0 10 4 3 11 2 7 3 _ 
[00244344] 4 | _ 9 5 0 10 4 3 11 2 7 3 _ 
[00244345] 6 | _ _ _ 0 10 _ 3 11 2 8 3 _ 
[00244346] 5 | 1 6 _ 0 10 _ 3 11 2 8 3 _ 
[00244347] 5 | 4 9 _ 0 10 _ 3 11 2 8 3 _ 
[00244348] 5 | 6 1 _ 0 10 _ 3 11 2 8 3 _ 
[00244349] 4 | 6 1 5 0 10 _ 3 11 2 8 3 _ 
[00244350] 3 | 6 1 5 0 10 7 3 11 2 8 3 _ 
[00244351] 5 | 9 4 _ 0 10 _ 3 11 2 8 3 _ 
[00244352] 4 | 9 4 _ 0 10 6 3 11 2 8 3 _ 
[00244353] 3 | 9 4 1 0 10 6 3 11 2 8 3 _ 
[00244354] 3 | 9 4 7 0 10 6 3 11 2 8 3 _ 
[00244355] 5 | _ 1 6 0 10 _ 3 11 2 8 3 _ 
[00244356] 4 | 5 1 6 0 10 _ 3 11 2 8 3 _ 
[00244357] 3 | 5 1 6 0 10 7 3 11 2 8 3 _ 
[00244358] 5 | _ 4 9 0 10 _ 3 11 2 8 3 _ 
[00244359] 4 | _ 4 9 0 10 6 3 11 2 8 3 _ 
[00244360] 3 | 1 4 9 0 10 6 3 11 2 8 3 _ 
[00244361] 3 | 7 4 9 0 10 6 3 11 2 8 3 _ 
[00244362] 5 | _ 6 1 0 10 _ 3 11 2 8 3 _ 
[00244363] 5 | _ 9 4 0 10 _ 3 11 2 8 3 _ 
[00244364] 5 | _ 5 _ 0 10 _ 3 11 2 8 3 _ 
[00244365] 4 | 1 5 _ 0 10 _ 3 11 2 8 3 _ 
[00244366] 3 | 1 5 _ 0 10 7 3 11 2 8 3 _ 
[00244367] 4 | 9 5 _ 0 10 _ 3 11 2 8 3 _ 
[00244368] 3 | 9 5 _ 0 10 7 3 11 2 8 3 _ 
[00244369] 4 | _ 5 1 0 10 _ 3 11 2 8 3 _ 
[00244370] 3 | _ 5 1 0 10 7 3 11 2 8 3 _ 
[00244371] 4 | _ 5 9 0 10 _ 3 11 2 8 3 _ 
[00244372] 3 | _ 5 9 0 10 7 3 11 2 8 3 _ 
[00244373] 4 | _ 5 _ 0 10 6 3 11 2 8 3 _ 
[00244374] 5 | _ _ _ 0 10 5 3 11 2 8 3 _ 
[00244375] 4 | _ 4 _ 0 10 5 3 11 2 8 3 _ 
[00244376] 3 | 1 4 _ 0 10 5 3 11 2 8 3 _ 
[00244377] 2 | 1 4 6 0 10 5 3 11 2 8 3 _ 
[00244378] 3 | 7 4 _ 0 10 5 3 11 2 8 3 _ 
[00244379] 2 | 7 4 6 0 10 5 3 11 2 8 3 _ 
[00244380] 3 | _ 4 1 0 10 5 3 11 2 8 3 _ 
[00244381] 2 | 6 4 1 0 10 5 3 11 2 8 3 _ 
[00244382] 3 | _ 4 7 0 10 5 3 11 2 8 3 _ 
[00244383] 2 | 6 4 7 0 10 5 3 11 2 8 3 _ 
[00244384] 7 | _ _ _ 0 10 _ _ 11 2 9 3 _ 
[00244385] 6 | 1 7 _ 0 10 _ _ 11 2 9 3 _ 
[00244386] 6 | 7 1 _ 0 10 _ _ 11 2 9 3 _ 
[00244387] 5 | 7 1 6 0 10 _ _ 11 2 9 3 _ 
[00244388] 5 | 7 1 _ 0 10 5 _ 11 2 9 3 _ 
[00244389] 4 | 7 1 _ 0 10 5 6 11 2 9 3 _ 
[00244390] 3 | 7 1 4 0 10 5 6 11 2 9 3 _ 
[00244391] 5 | 7 1 _ 0 10 _ 5 11 2 9 3 _ 
[00244392] 4 | 7 1 _ 0 10 6 5 11 2 9 3 _ 
[00244393] 3 | 7 1 4 0 10 6 5 11 2 9 3 _ 
[00244394] 5 | 7 1 _ 0 10 _ _ 11 2 9 3 8 
[00244395] 4 | 7 1 5 0 10 _ _ 11 2 9 3 8 
[00244396] 4 | 7 1 _ 0 10 6 _ 11 2 9 3 8 
[00244397] 3 | 7 1 4 0 10 6 _ 11 2 9 3 8 
[00244398] 4 | 7 1 _ 0 10 _ 6 11 2 9 3 8 
[00244399] 3 | 7 1 4 0 10 _ 6 11 2 9 3 8 
[00244400] 6 | _ 1 7 0 10 _ _ 11 2 9 3 _ 
[00244401] 5 | 6 1 7 0 10 _ _ 11 2 9 3 _ 
[00244402] 5 | _ 1 7 0 10 5 _ 11 2 9 3 _ 
[00244403] 4 | _ 1 7 0 10 5 6 11 2 9 3 _ 
[00244404] 3 | 4 1 7 0 10 5 6 11 2 9 3 _ 
[00244405] 5 | _ 1 7 0 10 _ 5 11 2 9 3 _ 
[00244406] 4 | _ 1 7 0 10 6 5 11 2 9 3 _ 
[00244407] 3 | 4 1 7 0 10 6 5 11 2 9 3 _ 
[00244408] 5 | _ 1 7 0 10 _ _ 11 2 9 3 8 
[00244409] 4 | 5 1 7 0 10 _ _ 11 2 9 3 8 
[00244410] 4 | _ 1 7 0 10 6 _ 11 2 9 3 8 
[00244411] 3 | 4 1 7 0 10 6 _ 11 2 9 3 8 
[00244412] 4 | _ 1 7 0 10 _ 6 11 2 9 3 8 
[00244413] 3 | 4 1 7 0 10 _ 6 11 2 9 3 8 
[00244414] 6 | _ 7 1 0 10 _ _ 11 2 9 3 _ 
[00244415] 6 | _ 6 _ 0 10 _ _ 11 2 9 3 _ 
[00244416] 5 | 1 6 _ 0 10 _ _ 11 2 9 3 _ 
[00244417] 4 | 1 6 10 0 10 _ _ 11 2 9 3 _ 
[00244418] 4 | 1 6 _ 0 10 6 _ 11 2 9 3 _ 
[00244419] 3 | 1 6 _ 0 10 6 7 11 2 9 3 _ 
[00244420] 2 | 1 6 _ 0 10 6 7 11 2 9 3 5 
[00244421] 4 | 1 6 _ 0 10 _ 6 11 2 9 3 _ 
[00244422] 3 | 1 6 _ 0 10 7 6 11 2 9 3 _ 
[00244423] 2 | 1 6 _ 0 10 7 6 11 2 9 3 5 
[00244424] 4 | 1 6 _ 0 10 _ _ 11 2 9 3 7 
[00244425] 5 | _ 6 1 0 10 _ _ 11 2 9 3 _ 
[00244426] 4 | 10 6 1 0 10 _ _ 11 2 9 3 _ 
[00244427] 4 | _ 6 1 0 10 6 _ 11 2 9 3 _ 
[00244428] 3 | _ 6 1 0 10 6 7 11 2 9 3 _ 
[00244429] 2 | _ 6 1 0 10 6 7 11 2 9 3 5 
[00244430] 4 | _ 6 1 0 10 _ 6 11 2 9 3 _ 
[00244431] 3 | _ 6 1 0 10 7 6 11 2 9 3 _ 
[00244432] 2 | _ 6 1 0 10 7 6 11 2 9 3 5 
[00244433] 4 | _ 6 1 0 10 _ _ 11 2 9 3 7 
[00244434] 5 | _ 6 _ 0 10 5 _ 11 2 9 3 _ 
[00244435] 4 | 10 6 _ 0 10 5 _ 11 2 9 3 _ 
[00244436] 3 | 10 6 3 0 10 5 _ 11 2 9 3 _ 
[00244437] 3 | 10 6 _ 0 10 5 _ 11 2 9 3 6 
[00244438] 4 | _ 6 10 0 10 5 _ 11 2 9 3 _ 
[00244439] 3 | 3 6 10 0 10 5 _ 11 2 9 3 _ 
[00244440] 3 | _ 6 10 0 10 5 _ 11 2 9 3 6 
[00244441] 4 | _ 6 _ 0 10 5 6 11 2 9 3 _ 
[00244442] 4 | _ 6 _ 0 10 5 _ 11 2 9 3 7 
[00244443] 5 | _ 6 _ 0 10 _ 5 11 2 9 3 _ 
[00244444] 4 | 10 6 _ 0 10 _ 5 11 2 9 3 _ 
[00244445] 3 | 10 6 3 0 10 _ 5 11 2 9 3 _ 
[00244446] 3 | 10 6 _ 0 10 _ 5 11 2 9 3 6 
[00244447] 4 | _ 6 10 0 10 _ 5 11 2 9 3 _ 
[00244448] 3 | 3 6 10 0 10 _ 5 11 2 9 3 _ 
[00244449] 3 | _ 6 10 0 10 _ 5 11 2 9 3 6 
[00244450] 4 | _ 6 _ 0 10 6 5 11 2 9 3 _ 
[00244451] 4 | _ 6 _ 0 10 _ 5 11 2 9 3 7 
[00244452] 5 | _ 6 _ 0 10 _ _ 11 2 9 3 8 
[00244453] 4 | 10 6 _ 0 10 _ _ 11 2 9 3 8 
[00244454] 4 | _ 6 10 0 10 _ _ 11 2 9 3 8 
[00244455] 4 | _ 6 _ 0 10 6 _ 11 2 9 3 8 
[00244456] 3 | _ 6 _ 0 10 6 7 11 2 9 3 8 
[00244457] 4 | _ 6 _ 0 10 _ 6 11 2 9 3 8 
[00244458] 3 | _ 6 _ 0 10 7 6 11 2 9 3 8 
[00244459] 6 | _ _ _ 0 10 4 _ 11 2 9 3 _ 
[00244460] 5 | 1 6 _ 0 10 4 _ 11 2 9 3 _ 
[00244461] 5 | 6 1 _ 0 10 4 _ 11 2 9 3 _ 
[00244462] 4 | 6 1 5 0 10 4 _ 11 2 9 3 _ 
[00244463] 3 | 6 1 5 0 10 4 7 11 2 9 3 _ 
[00244464] 4 | 6 1 _ 0 10 4 _ 11 2 9 3 7 
[00244465] 5 | _ 1 6 0 10 4 _ 11 2 9 3 _ 
[00244466] 4 | 5 1 6 0 10 4 _ 11 2 9 3 _ 
[00244467] 3 | 5 1 6 0 10 4 7 11 2 9 3 _ 
[00244468] 4 | _ 1 6 0 10 4 _ 11 2 9 3 7 
[00244469] 5 | _ 6 1 0 10 4 _ 11 2 9 3 _ 
[00244470] 5 | _ 5 _ 0 10 4 _ 11 2 9 3 _ 
[00244471] 4 | 1 5 _ 0 10 4 _ 11 2 9 3 _ 
[00244472] 3 | 1 5 8 0 10 4 _ 11 2 9 3 _ 
[00244473] 3 | 1 5 _ 0 10 4 7 11 2 9 3 _ 
[00244474] 2 | 1 5 3 0 10 4 7 11 2 9 3 _ 
[00244475] 2 | 1 5 _ 0 10 4 7 11 2 9 3 5 
[00244476] 3 | 1 5 _ 0 10 4 _ 11 2 9 3 6 
[00244477] 2 | 1 5 7 0 10 4 _ 11 2 9 3 6 
[00244478] 2 | 1 5 _ 0 10 4 8 11 2 9 3 6 
[00244479] 4 | _ 5 1 0 10 4 _ 11 2 9 3 _ 
[00244480] 3 | 8 5 1 0 10 4 _ 11 2 9 3 _ 
[00244481] 3 | _ 5 1 0 10 4 7 11 2 9 3 _ 
[00244482] 2 | 3 5 1 0 10 4 7 11 2 9 3 _ 
[00244483] 2 | _ 5 1 0 10 4 7 11 2 9 3 5 
[00244484] 3 | _ 5 1 0 10 4 _ 11 2 9 3 6 
[00244485] 2 | 7 5 1 0 10 4 _ 11 2 9 3 6 
