[00062876] 5 | 7 0 _ 11 3 9 _ 1 6 _ 10 _ 
[00062877] 4 | 7 0 4 11 3 9 _ 1 6 _ 10 _ 
[00062878] 3 | 7 0 4 11 3 9 6 1 6 _ 10 _ 
[00062879] 2 | 7 0 4 11 3 9 6 1 6 _ 10 8 
[00062880] 3 | 7 0 4 11 3 9 _ 1 6 3 10 _ 
[00062881] 2 | 7 0 4 11 3 9 _ 1 6 3 10 8 
[00062882] 4 | 7 0 _ 11 3 9 _ 1 6 2 10 _ 
[00062883] 3 | 7 0 3 11 3 9 _ 1 6 2 10 _ 
[00062884] 2 | 7 0 3 11 3 9 _ 1 6 2 10 8 
[00062885] 3 | 7 0 _ 11 3 9 0 1 6 2 10 _ 
[00062886] 2 | 7 0 _ 11 3 9 0 1 6 2 10 8 
[00062887] 4 | 7 0 _ 11 3 9 _ 1 6 10 10 _ 
[00062888] 3 | 7 0 3 11 3 9 _ 1 6 10 10 _ 
[00062889] 3 | 7 0 _ 11 3 9 0 1 6 10 10 _ 
[00062890] 4 | 7 0 _ 11 3 9 _ 1 6 _ 10 6 
[00062891] 3 | 7 0 3 11 3 9 _ 1 6 _ 10 6 
[00062892] 3 | 7 0 _ 11 3 9 0 1 6 _ 10 6 
[00062893] 5 | 7 0 _ 11 3 9 _ 1 _ _ 10 5 
[00062894] 4 | 7 0 4 11 3 9 _ 1 _ _ 10 5 
[00062895] 3 | 7 0 4 11 3 9 6 1 _ _ 10 5 
[00062896] 4 | 7 0 _ 11 3 9 _ 1 2 6 10 5 
[00062897] 3 | 7 0 3 11 3 9 _ 1 2 6 10 5 
[00062898] 3 | 7 0 _ 11 3 9 0 1 2 6 10 5 
[00062899] 4 | 7 0 _ 11 3 9 _ 1 4 8 10 5 
[00062900] 3 | 7 0 3 11 3 9 _ 1 4 8 10 5 
[00062901] 3 | 7 0 _ 11 3 9 0 1 4 8 10 5 
[00062902] 3 | 7 0 _ 11 3 9 6 1 4 8 10 5 
[00062903] 2 | 7 0 2 11 3 9 6 1 4 8 10 5 
[00062904] 4 | 7 0 _ 11 3 9 _ 1 6 2 10 5 
[00062905] 3 | 7 0 3 11 3 9 _ 1 6 2 10 5 
[00062906] 3 | 7 0 _ 11 3 9 0 1 6 2 10 5 
[00062907] 4 | 7 0 _ 11 3 9 _ 1 8 4 10 5 
[00062908] 3 | 7 0 3 11 3 9 _ 1 8 4 10 5 
[00062909] 3 | 7 0 _ 11 3 9 0 1 8 4 10 5 
[00062910] 3 | 7 0 _ 11 3 9 6 1 8 4 10 5 
[00062911] 2 | 7 0 2 11 3 9 6 1 8 4 10 5 
[00062912] 6 | 7 0 _ 11 3 _ 9 1 _ _ 10 _ 
[00062913] 5 | 7 0 5 11 3 _ 9 1 _ _ 10 _ 
[00062914] 4 | 7 0 5 11 3 _ 9 1 2 6 10 _ 
[00062915] 4 | 7 0 5 11 3 _ 9 1 4 8 10 _ 
[00062916] 3 | 7 0 5 11 3 6 9 1 4 8 10 _ 
[00062917] 4 | 7 0 5 11 3 _ 9 1 6 2 10 _ 
[00062918] 4 | 7 0 5 11 3 _ 9 1 8 4 10 _ 
[00062919] 3 | 7 0 5 11 3 6 9 1 8 4 10 _ 
[00062920] 4 | 7 0 5 11 3 _ 9 1 _ _ 10 6 
[00062921] 3 | 7 0 5 11 3 _ 9 1 4 _ 10 6 
[00062922] 2 | 7 0 5 11 3 _ 9 1 4 2 10 6 
[00062923] 5 | 7 0 _ 11 3 8 9 1 _ _ 10 _ 
[00062924] 4 | 7 0 4 11 3 8 9 1 _ _ 10 _ 
[00062925] 3 | 7 0 4 11 3 8 9 1 2 5 10 _ 
[00062926] 3 | 7 0 4 11 3 8 9 1 5 2 10 _ 
[00062927] 4 | 7 0 _ 11 3 8 9 1 5 _ 10 _ 
[00062928] 3 | 7 0 _ 11 3 8 9 1 5 2 10 _ 
[00062929] 4 | 7 0 _ 11 3 8 9 1 2 6 10 _ 
[00062930] 4 | 7 0 _ 11 3 8 9 1 6 2 10 _ 
[00062931] 4 | 7 0 _ 11 3 8 9 1 _ _ 10 6 
[00062932] 3 | 7 0 _ 11 3 8 9 1 4 _ 10 6 
[00062933] 2 | 7 0 2 11 3 8 9 1 4 _ 10 6 
[00062934] 1 | 7 0 2 11 3 8 9 1 4 5 10 6  *Graceful*
[00062934] 2 | 7 0 _ 11 3 8 9 1 4 2 10 6 
[00062935] 3 | 7 0 _ 11 3 8 9 1 2 5 10 6 
[00062936] 3 | 7 0 _ 11 3 8 9 1 5 2 10 6 
[00062937] 5 | 7 0 _ 11 3 _ 9 1 6 _ 10 _ 
[00062938] 4 | 7 0 4 11 3 _ 9 1 6 _ 10 _ 
[00062939] 3 | 7 0 4 11 3 6 9 1 6 _ 10 _ 
[00062940] 2 | 7 0 4 11 3 6 9 1 6 _ 10 8 
[00062941] 3 | 7 0 4 11 3 _ 9 1 6 3 10 _ 
[00062942] 2 | 7 0 4 11 3 _ 9 1 6 3 10 8 
[00062943] 4 | 7 0 _ 11 3 _ 9 1 6 2 10 _ 
[00062944] 3 | 7 0 3 11 3 _ 9 1 6 2 10 _ 
[00062945] 2 | 7 0 3 11 3 _ 9 1 6 2 10 8 
[00062946] 3 | 7 0 _ 11 3 0 9 1 6 2 10 _ 
[00062947] 2 | 7 0 _ 11 3 0 9 1 6 2 10 8 
[00062948] 4 | 7 0 _ 11 3 _ 9 1 6 10 10 _ 
[00062949] 3 | 7 0 3 11 3 _ 9 1 6 10 10 _ 
[00062950] 3 | 7 0 _ 11 3 0 9 1 6 10 10 _ 
[00062951] 4 | 7 0 _ 11 3 _ 9 1 6 _ 10 6 
[00062952] 3 | 7 0 3 11 3 _ 9 1 6 _ 10 6 
[00062953] 3 | 7 0 _ 11 3 0 9 1 6 _ 10 6 
[00062954] 5 | 7 0 _ 11 3 _ 9 1 _ _ 10 5 
[00062955] 4 | 7 0 4 11 3 _ 9 1 _ _ 10 5 
[00062956] 3 | 7 0 4 11 3 6 9 1 _ _ 10 5 
[00062957] 4 | 7 0 _ 11 3 _ 9 1 2 6 10 5 
[00062958] 3 | 7 0 3 11 3 _ 9 1 2 6 10 5 
[00062959] 3 | 7 0 _ 11 3 0 9 1 2 6 10 5 
[00062960] 4 | 7 0 _ 11 3 _ 9 1 4 8 10 5 
[00062961] 3 | 7 0 3 11 3 _ 9 1 4 8 10 5 
[00062962] 3 | 7 0 _ 11 3 0 9 1 4 8 10 5 
[00062963] 3 | 7 0 _ 11 3 6 9 1 4 8 10 5 
[00062964] 2 | 7 0 2 11 3 6 9 1 4 8 10 5 
[00062965] 4 | 7 0 _ 11 3 _ 9 1 6 2 10 5 
[00062966] 3 | 7 0 3 11 3 _ 9 1 6 2 10 5 
[00062967] 3 | 7 0 _ 11 3 0 9 1 6 2 10 5 
[00062968] 4 | 7 0 _ 11 3 _ 9 1 8 4 10 5 
[00062969] 3 | 7 0 3 11 3 _ 9 1 8 4 10 5 
[00062970] 3 | 7 0 _ 11 3 0 9 1 8 4 10 5 
[00062971] 3 | 7 0 _ 11 3 6 9 1 8 4 10 5 
[00062972] 2 | 7 0 2 11 3 6 9 1 8 4 10 5 
[00062973] 6 | 7 0 _ 11 3 _ _ 1 2 8 10 _ 
[00062974] 5 | 7 0 5 11 3 _ _ 1 2 8 10 _ 
[00062975] 4 | 7 0 5 11 3 _ _ 1 2 8 10 6 
[00062976] 5 | 7 0 _ 11 3 _ _ 1 2 8 10 5 
[00062977] 4 | 7 0 4 11 3 _ _ 1 2 8 10 5 
[00062978] 3 | 7 0 4 11 3 6 _ 1 2 8 10 5 
[00062979] 3 | 7 0 4 11 3 _ 6 1 2 8 10 5 
[00062980] 6 | 7 0 _ 11 3 _ _ 1 8 2 10 _ 
[00062981] 5 | 7 0 5 11 3 _ _ 1 8 2 10 _ 
[00062982] 4 | 7 0 5 11 3 _ _ 1 8 2 10 6 
[00062983] 5 | 7 0 _ 11 3 _ _ 1 8 2 10 5 
[00062984] 4 | 7 0 4 11 3 _ _ 1 8 2 10 5 
[00062985] 3 | 7 0 4 11 3 6 _ 1 8 2 10 5 
[00062986] 3 | 7 0 4 11 3 _ 6 1 8 2 10 5 
[00062987] 6 | 7 0 _ 11 3 _ _ 1 _ _ 10 4 
[00062988] 5 | 7 0 5 11 3 _ _ 1 _ _ 10 4 
[00062989] 4 | 7 0 5 11 3 _ _ 1 2 6 10 4 
[00062990] 4 | 7 0 5 11 3 _ _ 1 6 2 10 4 
[00062991] 5 | 7 0 _ 11 3 8 _ 1 _ _ 10 4 
[00062992] 4 | 7 0 _ 11 3 8 _ 1 5 _ 10 4 
[00062993] 3 | 7 0 3 11 3 8 _ 1 5 _ 10 4 
[00062994] 3 | 7 0 _ 11 3 8 0 1 5 _ 10 4 
[00062995] 3 | 7 0 _ 11 3 8 6 1 5 _ 10 4 
[00062996] 2 | 7 0 2 11 3 8 6 1 5 _ 10 4 
[00062997] 3 | 7 0 _ 11 3 8 _ 1 5 2 10 4 
[00062998] 4 | 7 0 _ 11 3 8 _ 1 2 6 10 4 
[00062999] 3 | 7 0 3 11 3 8 _ 1 2 6 10 4 
[00063000] 3 | 7 0 _ 11 3 8 0 1 2 6 10 4 
[00063001] 4 | 7 0 _ 11 3 8 _ 1 5 9 10 4 
[00063002] 3 | 7 0 3 11 3 8 _ 1 5 9 10 4 
[00063003] 3 | 7 0 _ 11 3 8 0 1 5 9 10 4 
[00063004] 3 | 7 0 _ 11 3 8 6 1 5 9 10 4 
[00063005] 2 | 7 0 2 11 3 8 6 1 5 9 10 4 
[00063006] 4 | 7 0 _ 11 3 8 _ 1 6 2 10 4 
[00063007] 3 | 7 0 3 11 3 8 _ 1 6 2 10 4 
[00063008] 3 | 7 0 _ 11 3 8 0 1 6 2 10 4 
[00063009] 4 | 7 0 _ 11 3 8 _ 1 9 5 10 4 
[00063010] 3 | 7 0 3 11 3 8 _ 1 9 5 10 4 
[00063011] 3 | 7 0 _ 11 3 8 0 1 9 5 10 4 
[00063012] 3 | 7 0 _ 11 3 8 6 1 9 5 10 4 
[00063013] 2 | 7 0 2 11 3 8 6 1 9 5 10 4 
[00063014] 5 | 7 0 _ 11 3 _ 8 1 _ _ 10 4 
[00063015] 4 | 7 0 _ 11 3 _ 8 1 5 _ 10 4 
[00063016] 3 | 7 0 3 11 3 _ 8 1 5 _ 10 4 
[00063017] 3 | 7 0 _ 11 3 0 8 1 5 _ 10 4 
[00063018] 3 | 7 0 _ 11 3 6 8 1 5 _ 10 4 
[00063019] 2 | 7 0 2 11 3 6 8 1 5 _ 10 4 
[00063020] 3 | 7 0 _ 11 3 _ 8 1 5 2 10 4 
[00063021] 4 | 7 0 _ 11 3 _ 8 1 2 6 10 4 
[00063022] 3 | 7 0 3 11 3 _ 8 1 2 6 10 4 
[00063023] 3 | 7 0 _ 11 3 0 8 1 2 6 10 4 
[00063024] 4 | 7 0 _ 11 3 _ 8 1 5 9 10 4 
[00063025] 3 | 7 0 3 11 3 _ 8 1 5 9 10 4 
[00063026] 3 | 7 0 _ 11 3 0 8 1 5 9 10 4 
[00063027] 3 | 7 0 _ 11 3 6 8 1 5 9 10 4 
[00063028] 2 | 7 0 2 11 3 6 8 1 5 9 10 4 
[00063029] 4 | 7 0 _ 11 3 _ 8 1 6 2 10 4 
[00063030] 3 | 7 0 3 11 3 _ 8 1 6 2 10 4 
[00063031] 3 | 7 0 _ 11 3 0 8 1 6 2 10 4 
[00063032] 4 | 7 0 _ 11 3 _ 8 1 9 5 10 4 
[00063033] 3 | 7 0 3 11 3 _ 8 1 9 5 10 4 
[00063034] 3 | 7 0 _ 11 3 0 8 1 9 5 10 4 
[00063035] 3 | 7 0 _ 11 3 6 8 1 9 5 10 4 
[00063036] 2 | 7 0 2 11 3 6 8 1 9 5 10 4 
[00063037] 5 | 7 0 _ 11 3 _ _ 1 6 _ 10 4 
[00063038] 4 | 7 0 _ 11 3 _ _ 1 6 2 10 4 
[00063039] 3 | 7 0 3 11 3 _ _ 1 6 2 10 4 
[00063040] 3 | 7 0 _ 11 3 0 _ 1 6 2 10 4 
[00063041] 2 | 7 0 _ 11 3 0 5 1 6 2 10 4 
[00063042] 3 | 7 0 _ 11 3 _ 0 1 6 2 10 4 
[00063043] 2 | 7 0 _ 11 3 5 0 1 6 2 10 4 
[00063044] 7 | _ 0 7 11 3 _ _ 1 _ _ 10 _ 
[00063045] 6 | 6 0 7 11 3 _ _ 1 _ _ 10 _ 
[00063046] 5 | 6 0 7 11 3 8 _ 1 _ _ 10 _ 
[00063047] 4 | 6 0 7 11 3 8 _ 1 5 _ 10 _ 
[00063048] 3 | 6 0 7 11 3 8 _ 1 5 2 10 _ 
[00063049] 4 | 6 0 7 11 3 8 _ 1 5 9 10 _ 
[00063050] 4 | 6 0 7 11 3 8 _ 1 9 5 10 _ 
[00063051] 5 | 6 0 7 11 3 _ 8 1 _ _ 10 _ 
[00063052] 4 | 6 0 7 11 3 _ 8 1 5 _ 10 _ 
[00063053] 3 | 6 0 7 11 3 _ 8 1 5 2 10 _ 
[00063054] 4 | 6 0 7 11 3 _ 8 1 5 9 10 _ 
[00063055] 4 | 6 0 7 11 3 _ 8 1 9 5 10 _ 
[00063056] 5 | 6 0 7 11 3 _ _ 1 4 9 10 _ 
[00063057] 5 | 6 0 7 11 3 _ _ 1 9 4 10 _ 
[00063058] 5 | 6 0 7 11 3 _ _ 1 _ _ 10 5 
[00063059] 4 | 6 0 7 11 3 _ _ 1 4 8 10 5 
[00063060] 4 | 6 0 7 11 3 _ _ 1 8 4 10 5 
[00063061] 6 | _ 0 7 11 3 9 _ 1 _ _ 10 _ 
[00063062] 5 | 5 0 7 11 3 9 _ 1 _ _ 10 _ 
[00063063] 4 | 5 0 7 11 3 9 _ 1 2 6 10 _ 
[00063064] 4 | 5 0 7 11 3 9 _ 1 4 8 10 _ 
[00063065] 3 | 5 0 7 11 3 9 6 1 4 8 10 _ 
[00063066] 4 | 5 0 7 11 3 9 _ 1 6 2 10 _ 
[00063067] 4 | 5 0 7 11 3 9 _ 1 8 4 10 _ 
[00063068] 3 | 5 0 7 11 3 9 6 1 8 4 10 _ 
[00063069] 4 | 5 0 7 11 3 9 _ 1 _ _ 10 6 
[00063070] 3 | 5 0 7 11 3 9 _ 1 4 _ 10 6 
[00063071] 2 | 5 0 7 11 3 9 _ 1 4 2 10 6 
[00063072] 5 | _ 0 7 11 3 9 8 1 _ _ 10 _ 
[00063073] 4 | 4 0 7 11 3 9 8 1 _ _ 10 _ 
[00063074] 3 | 4 0 7 11 3 9 8 1 2 5 10 _ 
[00063075] 3 | 4 0 7 11 3 9 8 1 5 2 10 _ 
[00063076] 4 | _ 0 7 11 3 9 8 1 5 _ 10 _ 
[00063077] 3 | _ 0 7 11 3 9 8 1 5 2 10 _ 
[00063078] 4 | _ 0 7 11 3 9 8 1 2 6 10 _ 
[00063079] 4 | _ 0 7 11 3 9 8 1 6 2 10 _ 
[00063080] 4 | _ 0 7 11 3 9 8 1 _ _ 10 6 
[00063081] 3 | _ 0 7 11 3 9 8 1 4 _ 10 6 
[00063082] 2 | 2 0 7 11 3 9 8 1 4 _ 10 6 
[00063083] 1 | 2 0 7 11 3 9 8 1 4 5 10 6  *Graceful*
[00063083] 2 | _ 0 7 11 3 9 8 1 4 2 10 6 
[00063084] 3 | _ 0 7 11 3 9 8 1 2 5 10 6 
[00063085] 3 | _ 0 7 11 3 9 8 1 5 2 10 6 
[00063086] 5 | _ 0 7 11 3 9 _ 1 6 _ 10 _ 
[00063087] 4 | 4 0 7 11 3 9 _ 1 6 _ 10 _ 
[00063088] 3 | 4 0 7 11 3 9 6 1 6 _ 10 _ 
[00063089] 2 | 4 0 7 11 3 9 6 1 6 _ 10 8 
[00063090] 3 | 4 0 7 11 3 9 _ 1 6 3 10 _ 
[00063091] 2 | 4 0 7 11 3 9 _ 1 6 3 10 8 
[00063092] 4 | _ 0 7 11 3 9 _ 1 6 2 10 _ 
[00063093] 3 | 3 0 7 11 3 9 _ 1 6 2 10 _ 
[00063094] 2 | 3 0 7 11 3 9 _ 1 6 2 10 8 
[00063095] 3 | _ 0 7 11 3 9 0 1 6 2 10 _ 
[00063096] 2 | _ 0 7 11 3 9 0 1 6 2 10 8 
[00063097] 4 | _ 0 7 11 3 9 _ 1 6 10 10 _ 
[00063098] 3 | 3 0 7 11 3 9 _ 1 6 10 10 _ 
[00063099] 3 | _ 0 7 11 3 9 0 1 6 10 10 _ 
[00063100] 4 | _ 0 7 11 3 9 _ 1 6 _ 10 6 
[00063101] 3 | 3 0 7 11 3 9 _ 1 6 _ 10 6 
[00063102] 3 | _ 0 7 11 3 9 0 1 6 _ 10 6 
[00063103] 5 | _ 0 7 11 3 9 _ 1 _ _ 10 5 
[00063104] 4 | 4 0 7 11 3 9 _ 1 _ _ 10 5 
[00063105] 3 | 4 0 7 11 3 9 6 1 _ _ 10 5 
[00063106] 4 | _ 0 7 11 3 9 _ 1 2 6 10 5 
[00063107] 3 | 3 0 7 11 3 9 _ 1 2 6 10 5 
[00063108] 3 | _ 0 7 11 3 9 0 1 2 6 10 5 
[00063109] 4 | _ 0 7 11 3 9 _ 1 4 8 10 5 
[00063110] 3 | 3 0 7 11 3 9 _ 1 4 8 10 5 
[00063111] 3 | _ 0 7 11 3 9 0 1 4 8 10 5 
[00063112] 3 | _ 0 7 11 3 9 6 1 4 8 10 5 
[00063113] 2 | 2 0 7 11 3 9 6 1 4 8 10 5 
[00063114] 4 | _ 0 7 11 3 9 _ 1 6 2 10 5 
[00063115] 3 | 3 0 7 11 3 9 _ 1 6 2 10 5 
[00063116] 3 | _ 0 7 11 3 9 0 1 6 2 10 5 
[00063117] 4 | _ 0 7 11 3 9 _ 1 8 4 10 5 
[00063118] 3 | 3 0 7 11 3 9 _ 1 8 4 10 5 
[00063119] 3 | _ 0 7 11 3 9 0 1 8 4 10 5 
[00063120] 3 | _ 0 7 11 3 9 6 1 8 4 10 5 
[00063121] 2 | 2 0 7 11 3 9 6 1 8 4 10 5 
[00063122] 6 | _ 0 7 11 3 _ 9 1 _ _ 10 _ 
[00063123] 5 | 5 0 7 11 3 _ 9 1 _ _ 10 _ 
[00063124] 4 | 5 0 7 11 3 _ 9 1 2 6 10 _ 
[00063125] 4 | 5 0 7 11 3 _ 9 1 4 8 10 _ 
[00063126] 3 | 5 0 7 11 3 6 9 1 4 8 10 _ 
[00063127] 4 | 5 0 7 11 3 _ 9 1 6 2 10 _ 
[00063128] 4 | 5 0 7 11 3 _ 9 1 8 4 10 _ 
[00063129] 3 | 5 0 7 11 3 6 9 1 8 4 10 _ 
[00063130] 4 | 5 0 7 11 3 _ 9 1 _ _ 10 6 
[00063131] 3 | 5 0 7 11 3 _ 9 1 4 _ 10 6 
[00063132] 2 | 5 0 7 11 3 _ 9 1 4 2 10 6 
[00063133] 5 | _ 0 7 11 3 8 9 1 _ _ 10 _ 
[00063134] 4 | 4 0 7 11 3 8 9 1 _ _ 10 _ 
[00063135] 3 | 4 0 7 11 3 8 9 1 2 5 10 _ 
[00063136] 3 | 4 0 7 11 3 8 9 1 5 2 10 _ 
[00063137] 4 | _ 0 7 11 3 8 9 1 5 _ 10 _ 
[00063138] 3 | _ 0 7 11 3 8 9 1 5 2 10 _ 
[00063139] 4 | _ 0 7 11 3 8 9 1 2 6 10 _ 
[00063140] 4 | _ 0 7 11 3 8 9 1 6 2 10 _ 
[00063141] 4 | _ 0 7 11 3 8 9 1 _ _ 10 6 
[00063142] 3 | _ 0 7 11 3 8 9 1 4 _ 10 6 
[00063143] 2 | 2 0 7 11 3 8 9 1 4 _ 10 6 
[00063144] 1 | 2 0 7 11 3 8 9 1 4 5 10 6  *Graceful*
[00063144] 2 | _ 0 7 11 3 8 9 1 4 2 10 6 
[00063145] 3 | _ 0 7 11 3 8 9 1 2 5 10 6 
[00063146] 3 | _ 0 7 11 3 8 9 1 5 2 10 6 
[00063147] 5 | _ 0 7 11 3 _ 9 1 6 _ 10 _ 
[00063148] 4 | 4 0 7 11 3 _ 9 1 6 _ 10 _ 
[00063149] 3 | 4 0 7 11 3 6 9 1 6 _ 10 _ 
[00063150] 2 | 4 0 7 11 3 6 9 1 6 _ 10 8 
[00063151] 3 | 4 0 7 11 3 _ 9 1 6 3 10 _ 
[00063152] 2 | 4 0 7 11 3 _ 9 1 6 3 10 8 
[00063153] 4 | _ 0 7 11 3 _ 9 1 6 2 10 _ 
[00063154] 3 | 3 0 7 11 3 _ 9 1 6 2 10 _ 
[00063155] 2 | 3 0 7 11 3 _ 9 1 6 2 10 8 
[00063156] 3 | _ 0 7 11 3 0 9 1 6 2 10 _ 
[00063157] 2 | _ 0 7 11 3 0 9 1 6 2 10 8 
[00063158] 4 | _ 0 7 11 3 _ 9 1 6 10 10 _ 
[00063159] 3 | 3 0 7 11 3 _ 9 1 6 10 10 _ 
[00063160] 3 | _ 0 7 11 3 0 9 1 6 10 10 _ 
[00063161] 4 | _ 0 7 11 3 _ 9 1 6 _ 10 6 
[00063162] 3 | 3 0 7 11 3 _ 9 1 6 _ 10 6 
[00063163] 3 | _ 0 7 11 3 0 9 1 6 _ 10 6 
[00063164] 5 | _ 0 7 11 3 _ 9 1 _ _ 10 5 
[00063165] 4 | 4 0 7 11 3 _ 9 1 _ _ 10 5 
[00063166] 3 | 4 0 7 11 3 6 9 1 _ _ 10 5 
[00063167] 4 | _ 0 7 11 3 _ 9 1 2 6 10 5 
[00063168] 3 | 3 0 7 11 3 _ 9 1 2 6 10 5 
[00063169] 3 | _ 0 7 11 3 0 9 1 2 6 10 5 
[00063170] 4 | _ 0 7 11 3 _ 9 1 4 8 10 5 
[00063171] 3 | 3 0 7 11 3 _ 9 1 4 8 10 5 
[00063172] 3 | _ 0 7 11 3 0 9 1 4 8 10 5 
[00063173] 3 | _ 0 7 11 3 6 9 1 4 8 10 5 
[00063174] 2 | 2 0 7 11 3 6 9 1 4 8 10 5 
[00063175] 4 | _ 0 7 11 3 _ 9 1 6 2 10 5 
[00063176] 3 | 3 0 7 11 3 _ 9 1 6 2 10 5 
[00063177] 3 | _ 0 7 11 3 0 9 1 6 2 10 5 
[00063178] 4 | _ 0 7 11 3 _ 9 1 8 4 10 5 
[00063179] 3 | 3 0 7 11 3 _ 9 1 8 4 10 5 
[00063180] 3 | _ 0 7 11 3 0 9 1 8 4 10 5 
[00063181] 3 | _ 0 7 11 3 6 9 1 8 4 10 5 
[00063182] 2 | 2 0 7 11 3 6 9 1 8 4 10 5 
[00063183] 6 | _ 0 7 11 3 _ _ 1 2 8 10 _ 
[00063184] 5 | 5 0 7 11 3 _ _ 1 2 8 10 _ 
[00063185] 4 | 5 0 7 11 3 _ _ 1 2 8 10 6 
[00063186] 5 | _ 0 7 11 3 _ _ 1 2 8 10 5 
[00063187] 4 | 4 0 7 11 3 _ _ 1 2 8 10 5 
[00063188] 3 | 4 0 7 11 3 6 _ 1 2 8 10 5 
[00063189] 3 | 4 0 7 11 3 _ 6 1 2 8 10 5 
[00063190] 6 | _ 0 7 11 3 _ _ 1 8 2 10 _ 
[00063191] 5 | 5 0 7 11 3 _ _ 1 8 2 10 _ 
[00063192] 4 | 5 0 7 11 3 _ _ 1 8 2 10 6 
[00063193] 5 | _ 0 7 11 3 _ _ 1 8 2 10 5 
[00063194] 4 | 4 0 7 11 3 _ _ 1 8 2 10 5 
[00063195] 3 | 4 0 7 11 3 6 _ 1 8 2 10 5 
[00063196] 3 | 4 0 7 11 3 _ 6 1 8 2 10 5 
[00063197] 6 | _ 0 7 11 3 _ _ 1 _ _ 10 4 
[00063198] 5 | 5 0 7 11 3 _ _ 1 _ _ 10 4 
[00063199] 4 | 5 0 7 11 3 _ _ 1 2 6 10 4 
[00063200] 4 | 5 0 7 11 3 _ _ 1 6 2 10 4 
[00063201] 5 | _ 0 7 11 3 8 _ 1 _ _ 10 4 
[00063202] 4 | _ 0 7 11 3 8 _ 1 5 _ 10 4 
[00063203] 3 | 3 0 7 11 3 8 _ 1 5 _ 10 4 
[00063204] 3 | _ 0 7 11 3 8 0 1 5 _ 10 4 
[00063205] 3 | _ 0 7 11 3 8 6 1 5 _ 10 4 
[00063206] 2 | 2 0 7 11 3 8 6 1 5 _ 10 4 
[00063207] 3 | _ 0 7 11 3 8 _ 1 5 2 10 4 
[00063208] 4 | _ 0 7 11 3 8 _ 1 2 6 10 4 
[00063209] 3 | 3 0 7 11 3 8 _ 1 2 6 10 4 
[00063210] 3 | _ 0 7 11 3 8 0 1 2 6 10 4 
[00063211] 4 | _ 0 7 11 3 8 _ 1 5 9 10 4 
[00063212] 3 | 3 0 7 11 3 8 _ 1 5 9 10 4 
[00063213] 3 | _ 0 7 11 3 8 0 1 5 9 10 4 
[00063214] 3 | _ 0 7 11 3 8 6 1 5 9 10 4 
[00063215] 2 | 2 0 7 11 3 8 6 1 5 9 10 4 
[00063216] 4 | _ 0 7 11 3 8 _ 1 6 2 10 4 
[00063217] 3 | 3 0 7 11 3 8 _ 1 6 2 10 4 
[00063218] 3 | _ 0 7 11 3 8 0 1 6 2 10 4 
[00063219] 4 | _ 0 7 11 3 8 _ 1 9 5 10 4 
[00063220] 3 | 3 0 7 11 3 8 _ 1 9 5 10 4 
[00063221] 3 | _ 0 7 11 3 8 0 1 9 5 10 4 
[00063222] 3 | _ 0 7 11 3 8 6 1 9 5 10 4 
[00063223] 2 | 2 0 7 11 3 8 6 1 9 5 10 4 
[00063224] 5 | _ 0 7 11 3 _ 8 1 _ _ 10 4 
[00063225] 4 | _ 0 7 11 3 _ 8 1 5 _ 10 4 
[00063226] 3 | 3 0 7 11 3 _ 8 1 5 _ 10 4 
[00063227] 3 | _ 0 7 11 3 0 8 1 5 _ 10 4 
[00063228] 3 | _ 0 7 11 3 6 8 1 5 _ 10 4 
[00063229] 2 | 2 0 7 11 3 6 8 1 5 _ 10 4 
[00063230] 3 | _ 0 7 11 3 _ 8 1 5 2 10 4 
[00063231] 4 | _ 0 7 11 3 _ 8 1 2 6 10 4 
[00063232] 3 | 3 0 7 11 3 _ 8 1 2 6 10 4 
[00063233] 3 | _ 0 7 11 3 0 8 1 2 6 10 4 
[00063234] 4 | _ 0 7 11 3 _ 8 1 5 9 10 4 
[00063235] 3 | 3 0 7 11 3 _ 8 1 5 9 10 4 
[00063236] 3 | _ 0 7 11 3 0 8 1 5 9 10 4 
[00063237] 3 | _ 0 7 11 3 6 8 1 5 9 10 4 
[00063238] 2 | 2 0 7 11 3 6 8 1 5 9 10 4 
[00063239] 4 | _ 0 7 11 3 _ 8 1 6 2 10 4 
[00063240] 3 | 3 0 7 11 3 _ 8 1 6 2 10 4 
[00063241] 3 | _ 0 7 11 3 0 8 1 6 2 10 4 
[00063242] 4 | _ 0 7 11 3 _ 8 1 9 5 10 4 
[00063243] 3 | 3 0 7 11 3 _ 8 1 9 5 10 4 
[00063244] 3 | _ 0 7 11 3 0 8 1 9 5 10 4 
[00063245] 3 | _ 0 7 11 3 6 8 1 9 5 10 4 
[00063246] 2 | 2 0 7 11 3 6 8 1 9 5 10 4 
[00063247] 5 | _ 0 7 11 3 _ _ 1 6 _ 10 4 
[00063248] 4 | _ 0 7 11 3 _ _ 1 6 2 10 4 
[00063249] 3 | 3 0 7 11 3 _ _ 1 6 2 10 4 
[00063250] 3 | _ 0 7 11 3 0 _ 1 6 2 10 4 
[00063251] 2 | _ 0 7 11 3 0 5 1 6 2 10 4 
[00063252] 3 | _ 0 7 11 3 _ 0 1 6 2 10 4 
[00063253] 2 | _ 0 7 11 3 5 0 1 6 2 10 4 
[00063254] 7 | _ 0 _ 11 3 10 _ 1 _ _ 10 _ 
[00063255] 6 | 6 0 _ 11 3 10 _ 1 _ _ 10 _ 
[00063256] 5 | 6 0 5 11 3 10 _ 1 _ _ 10 _ 
[00063257] 4 | 6 0 5 11 3 10 7 1 _ _ 10 _ 
[00063258] 3 | 6 0 5 11 3 10 7 1 4 _ 10 _ 
[00063259] 2 | 6 0 5 11 3 10 7 1 4 2 10 _ 
[00063260] 4 | 6 0 5 11 3 10 _ 1 4 8 10 _ 
[00063261] 4 | 6 0 5 11 3 10 _ 1 8 4 10 _ 
[00063262] 5 | 6 0 _ 11 3 10 8 1 _ _ 10 _ 
[00063263] 4 | 6 0 4 11 3 10 8 1 _ _ 10 _ 
[00063264] 3 | 6 0 4 11 3 10 8 1 2 5 10 _ 
[00063265] 3 | 6 0 4 11 3 10 8 1 5 2 10 _ 
[00063266] 4 | 6 0 _ 11 3 10 8 1 5 _ 10 _ 
[00063267] 3 | 6 0 _ 11 3 10 8 1 5 2 10 _ 
[00063268] 4 | 6 0 _ 11 3 10 8 1 5 9 10 _ 
[00063269] 4 | 6 0 _ 11 3 10 8 1 9 5 10 _ 
[00063270] 5 | 6 0 _ 11 3 10 _ 1 2 7 10 _ 
[00063271] 4 | 6 0 4 11 3 10 _ 1 2 7 10 _ 
[00063272] 5 | 6 0 _ 11 3 10 _ 1 4 9 10 _ 
[00063273] 4 | 6 0 _ 11 3 10 7 1 4 9 10 _ 
[00063274] 5 | 6 0 _ 11 3 10 _ 1 7 2 10 _ 
[00063275] 4 | 6 0 4 11 3 10 _ 1 7 2 10 _ 
[00063276] 5 | 6 0 _ 11 3 10 _ 1 9 4 10 _ 
[00063277] 4 | 6 0 _ 11 3 10 7 1 9 4 10 _ 
[00063278] 6 | _ 0 6 11 3 10 _ 1 _ _ 10 _ 
[00063279] 5 | 5 0 6 11 3 10 _ 1 _ _ 10 _ 
[00063280] 4 | 5 0 6 11 3 10 7 1 _ _ 10 _ 
[00063281] 3 | 5 0 6 11 3 10 7 1 4 _ 10 _ 
[00063282] 2 | 5 0 6 11 3 10 7 1 4 2 10 _ 
[00063283] 4 | 5 0 6 11 3 10 _ 1 4 8 10 _ 
[00063284] 4 | 5 0 6 11 3 10 _ 1 8 4 10 _ 
[00063285] 5 | _ 0 6 11 3 10 8 1 _ _ 10 _ 
[00063286] 4 | 4 0 6 11 3 10 8 1 _ _ 10 _ 
[00063287] 3 | 4 0 6 11 3 10 8 1 2 5 10 _ 
[00063288] 3 | 4 0 6 11 3 10 8 1 5 2 10 _ 
[00063289] 4 | _ 0 6 11 3 10 8 1 5 _ 10 _ 
[00063290] 3 | _ 0 6 11 3 10 8 1 5 2 10 _ 
[00063291] 4 | _ 0 6 11 3 10 8 1 5 9 10 _ 
[00063292] 4 | _ 0 6 11 3 10 8 1 9 5 10 _ 
[00063293] 5 | _ 0 6 11 3 10 _ 1 2 7 10 _ 
[00063294] 4 | 4 0 6 11 3 10 _ 1 2 7 10 _ 
[00063295] 5 | _ 0 6 11 3 10 _ 1 4 9 10 _ 
[00063296] 4 | _ 0 6 11 3 10 7 1 4 9 10 _ 
[00063297] 5 | _ 0 6 11 3 10 _ 1 7 2 10 _ 
[00063298] 4 | 4 0 6 11 3 10 _ 1 7 2 10 _ 
[00063299] 5 | _ 0 6 11 3 10 _ 1 9 4 10 _ 
[00063300] 4 | _ 0 6 11 3 10 7 1 9 4 10 _ 
[00063301] 6 | _ 0 _ 11 3 10 9 1 _ _ 10 _ 
[00063302] 5 | 5 0 _ 11 3 10 9 1 _ _ 10 _ 
[00063303] 4 | 5 0 4 11 3 10 9 1 _ _ 10 _ 
[00063304] 4 | 5 0 _ 11 3 10 9 1 2 6 10 _ 
[00063305] 4 | 5 0 _ 11 3 10 9 1 4 8 10 _ 
[00063306] 4 | 5 0 _ 11 3 10 9 1 6 2 10 _ 
[00063307] 4 | 5 0 _ 11 3 10 9 1 8 4 10 _ 
[00063308] 5 | _ 0 5 11 3 10 9 1 _ _ 10 _ 
[00063309] 4 | 4 0 5 11 3 10 9 1 _ _ 10 _ 
[00063310] 4 | _ 0 5 11 3 10 9 1 2 6 10 _ 
[00063311] 4 | _ 0 5 11 3 10 9 1 4 8 10 _ 
[00063312] 4 | _ 0 5 11 3 10 9 1 6 2 10 _ 
[00063313] 4 | _ 0 5 11 3 10 9 1 8 4 10 _ 
[00063314] 5 | _ 0 _ 11 3 10 9 1 6 _ 10 _ 
[00063315] 4 | 4 0 _ 11 3 10 9 1 6 _ 10 _ 
[00063316] 4 | _ 0 4 11 3 10 9 1 6 _ 10 _ 
[00063317] 4 | _ 0 _ 11 3 10 9 1 6 2 10 _ 
[00063318] 5 | _ 0 _ 11 3 10 9 1 2 7 10 _ 
[00063319] 4 | 4 0 _ 11 3 10 9 1 2 7 10 _ 
[00063320] 4 | _ 0 4 11 3 10 9 1 2 7 10 _ 
[00063321] 5 | _ 0 _ 11 3 10 9 1 7 2 10 _ 
[00063322] 4 | 4 0 _ 11 3 10 9 1 7 2 10 _ 
[00063323] 4 | _ 0 4 11 3 10 9 1 7 2 10 _ 
[00063324] 6 | _ 0 _ 11 3 10 _ 1 7 _ 10 _ 
[00063325] 5 | 5 0 _ 11 3 10 _ 1 7 _ 10 _ 
[00063326] 4 | 5 0 4 11 3 10 _ 1 7 _ 10 _ 
[00063327] 3 | 5 0 4 11 3 10 6 1 7 _ 10 _ 
[00063328] 2 | 5 0 4 11 3 10 6 1 7 9 10 _ 
[00063329] 4 | 5 0 _ 11 3 10 7 1 7 _ 10 _ 
[00063330] 4 | 5 0 _ 11 3 10 _ 1 7 3 10 _ 
[00063331] 5 | _ 0 5 11 3 10 _ 1 7 _ 10 _ 
[00063332] 4 | 4 0 5 11 3 10 _ 1 7 _ 10 _ 
[00063333] 3 | 4 0 5 11 3 10 6 1 7 _ 10 _ 
[00063334] 2 | 4 0 5 11 3 10 6 1 7 9 10 _ 
[00063335] 4 | _ 0 5 11 3 10 7 1 7 _ 10 _ 
[00063336] 4 | _ 0 5 11 3 10 _ 1 7 3 10 _ 
[00063337] 5 | _ 0 _ 11 3 10 8 1 7 _ 10 _ 
[00063338] 4 | 4 0 _ 11 3 10 8 1 7 _ 10 _ 
[00063339] 4 | _ 0 4 11 3 10 8 1 7 _ 10 _ 
[00063340] 5 | _ 0 _ 11 3 10 _ 1 7 2 10 _ 
[00063341] 4 | 4 0 _ 11 3 10 _ 1 7 2 10 _ 
[00063342] 3 | 4 0 3 11 3 10 _ 1 7 2 10 _ 
[00063343] 3 | 4 0 _ 11 3 10 0 1 7 2 10 _ 
[00063344] 3 | 4 0 _ 11 3 10 6 1 7 2 10 _ 
[00063345] 4 | _ 0 4 11 3 10 _ 1 7 2 10 _ 
[00063346] 3 | 3 0 4 11 3 10 _ 1 7 2 10 _ 
[00063347] 3 | _ 0 4 11 3 10 0 1 7 2 10 _ 
[00063348] 3 | _ 0 4 11 3 10 6 1 7 2 10 _ 
[00063349] 6 | _ 0 _ 11 3 10 _ 1 2 8 10 _ 
[00063350] 5 | 5 0 _ 11 3 10 _ 1 2 8 10 _ 
[00063351] 4 | 5 0 4 11 3 10 _ 1 2 8 10 _ 
[00063352] 3 | 5 0 4 11 3 10 6 1 2 8 10 _ 
[00063353] 4 | 5 0 _ 11 3 10 7 1 2 8 10 _ 
[00063354] 5 | _ 0 5 11 3 10 _ 1 2 8 10 _ 
[00063355] 4 | 4 0 5 11 3 10 _ 1 2 8 10 _ 
[00063356] 3 | 4 0 5 11 3 10 6 1 2 8 10 _ 
[00063357] 4 | _ 0 5 11 3 10 7 1 2 8 10 _ 
[00063358] 6 | _ 0 _ 11 3 10 _ 1 8 2 10 _ 
[00063359] 5 | 5 0 _ 11 3 10 _ 1 8 2 10 _ 
[00063360] 4 | 5 0 4 11 3 10 _ 1 8 2 10 _ 
[00063361] 3 | 5 0 4 11 3 10 6 1 8 2 10 _ 
[00063362] 4 | 5 0 _ 11 3 10 7 1 8 2 10 _ 
[00063363] 5 | _ 0 5 11 3 10 _ 1 8 2 10 _ 
[00063364] 4 | 4 0 5 11 3 10 _ 1 8 2 10 _ 
[00063365] 3 | 4 0 5 11 3 10 6 1 8 2 10 _ 
[00063366] 4 | _ 0 5 11 3 10 7 1 8 2 10 _ 
[00063367] 7 | _ 0 _ 11 3 _ 10 1 _ _ 10 _ 
[00063368] 6 | 6 0 _ 11 3 _ 10 1 _ _ 10 _ 
[00063369] 5 | 6 0 5 11 3 _ 10 1 _ _ 10 _ 
[00063370] 4 | 6 0 5 11 3 7 10 1 _ _ 10 _ 
[00063371] 3 | 6 0 5 11 3 7 10 1 4 _ 10 _ 
[00063372] 2 | 6 0 5 11 3 7 10 1 4 2 10 _ 
