[00313262] 5 | 8 2 7 11 9 1 _ 0 10 3 _ _ 
[00313263] 4 | 8 2 7 11 9 1 5 0 10 3 _ _ 
[00313264] 4 | 8 2 7 11 9 1 _ 0 10 3 4 _ 
[00313265] 3 | 8 2 7 11 9 1 6 0 10 3 4 _ 
[00313266] 5 | 8 2 _ 11 9 1 4 0 10 3 _ _ 
[00313267] 4 | 8 2 6 11 9 1 4 0 10 3 _ _ 
[00313268] 5 | 8 2 _ 11 9 1 _ 0 10 3 5 _ 
[00313269] 4 | 8 2 6 11 9 1 _ 0 10 3 5 _ 
[00313270] 4 | 8 2 _ 11 9 1 5 0 10 3 5 _ 
[00313271] 4 | 8 2 _ 11 9 1 _ 0 10 3 5 9 
[00313272] 6 | _ 2 8 11 9 1 _ 0 10 3 _ _ 
[00313273] 5 | 7 2 8 11 9 1 _ 0 10 3 _ _ 
[00313274] 4 | 7 2 8 11 9 1 5 0 10 3 _ _ 
[00313275] 4 | 7 2 8 11 9 1 _ 0 10 3 4 _ 
[00313276] 3 | 7 2 8 11 9 1 6 0 10 3 4 _ 
[00313277] 5 | _ 2 8 11 9 1 4 0 10 3 _ _ 
[00313278] 4 | 6 2 8 11 9 1 4 0 10 3 _ _ 
[00313279] 5 | _ 2 8 11 9 1 _ 0 10 3 5 _ 
[00313280] 4 | 6 2 8 11 9 1 _ 0 10 3 5 _ 
[00313281] 4 | _ 2 8 11 9 1 5 0 10 3 5 _ 
[00313282] 4 | _ 2 8 11 9 1 _ 0 10 3 5 9 
[00313283] 6 | _ 2 _ 11 9 1 _ 0 10 3 6 _ 
[00313284] 5 | 7 2 _ 11 9 1 _ 0 10 3 6 _ 
[00313285] 4 | 7 2 6 11 9 1 _ 0 10 3 6 _ 
[00313286] 4 | 7 2 _ 11 9 1 5 0 10 3 6 _ 
[00313287] 4 | 7 2 _ 11 9 1 _ 0 10 3 6 2 
[00313288] 5 | _ 2 7 11 9 1 _ 0 10 3 6 _ 
[00313289] 4 | 6 2 7 11 9 1 _ 0 10 3 6 _ 
[00313290] 4 | _ 2 7 11 9 1 5 0 10 3 6 _ 
[00313291] 4 | _ 2 7 11 9 1 _ 0 10 3 6 2 
[00313292] 5 | _ 2 _ 11 9 1 4 0 10 3 6 _ 
[00313293] 4 | 6 2 _ 11 9 1 4 0 10 3 6 _ 
[00313294] 3 | 6 2 5 11 9 1 4 0 10 3 6 _ 
[00313295] 4 | _ 2 6 11 9 1 4 0 10 3 6 _ 
[00313296] 3 | 5 2 6 11 9 1 4 0 10 3 6 _ 
[00313297] 4 | _ 2 _ 11 9 1 4 0 10 3 6 2 
[00313298] 7 | _ 2 _ 11 9 1 _ 0 10 _ 7 _ 
[00313299] 6 | 8 2 _ 11 9 1 _ 0 10 _ 7 _ 
[00313300] 5 | 8 2 7 11 9 1 _ 0 10 _ 7 _ 
[00313301] 4 | 8 2 7 11 9 1 5 0 10 _ 7 _ 
[00313302] 4 | 8 2 7 11 9 1 _ 0 10 6 7 _ 
[00313303] 5 | 8 2 _ 11 9 1 4 0 10 _ 7 _ 
[00313304] 4 | 8 2 6 11 9 1 4 0 10 _ 7 _ 
[00313305] 3 | 8 2 6 11 9 1 4 0 10 7 7 _ 
[00313306] 3 | 8 2 6 11 9 1 4 0 10 _ 7 10 
[00313307] 4 | 8 2 _ 11 9 1 4 0 10 6 7 _ 
[00313308] 3 | 8 2 5 11 9 1 4 0 10 6 7 _ 
[00313309] 4 | 8 2 _ 11 9 1 4 0 10 _ 7 3 
[00313310] 3 | 8 2 5 11 9 1 4 0 10 _ 7 3 
[00313311] 5 | 8 2 _ 11 9 1 _ 0 10 5 7 _ 
[00313312] 4 | 8 2 6 11 9 1 _ 0 10 5 7 _ 
[00313313] 3 | 8 2 6 11 9 1 _ 0 10 5 7 4 
[00313314] 4 | 8 2 _ 11 9 1 _ 0 10 5 7 3 
[00313315] 3 | 8 2 _ 11 9 1 6 0 10 5 7 3 
[00313316] 2 | 8 2 4 11 9 1 6 0 10 5 7 3 
[00313317] 5 | 8 2 _ 11 9 1 _ 0 10 _ 7 2 
[00313318] 4 | 8 2 _ 11 9 1 5 0 10 _ 7 2 
[00313319] 4 | 8 2 _ 11 9 1 _ 0 10 6 7 2 
[00313320] 6 | _ 2 8 11 9 1 _ 0 10 _ 7 _ 
[00313321] 5 | 7 2 8 11 9 1 _ 0 10 _ 7 _ 
[00313322] 4 | 7 2 8 11 9 1 5 0 10 _ 7 _ 
[00313323] 4 | 7 2 8 11 9 1 _ 0 10 6 7 _ 
[00313324] 5 | _ 2 8 11 9 1 4 0 10 _ 7 _ 
[00313325] 4 | 6 2 8 11 9 1 4 0 10 _ 7 _ 
[00313326] 3 | 6 2 8 11 9 1 4 0 10 7 7 _ 
[00313327] 3 | 6 2 8 11 9 1 4 0 10 _ 7 10 
[00313328] 4 | _ 2 8 11 9 1 4 0 10 6 7 _ 
[00313329] 3 | 5 2 8 11 9 1 4 0 10 6 7 _ 
[00313330] 4 | _ 2 8 11 9 1 4 0 10 _ 7 3 
[00313331] 3 | 5 2 8 11 9 1 4 0 10 _ 7 3 
[00313332] 5 | _ 2 8 11 9 1 _ 0 10 5 7 _ 
[00313333] 4 | 6 2 8 11 9 1 _ 0 10 5 7 _ 
[00313334] 3 | 6 2 8 11 9 1 _ 0 10 5 7 4 
[00313335] 4 | _ 2 8 11 9 1 _ 0 10 5 7 3 
[00313336] 3 | _ 2 8 11 9 1 6 0 10 5 7 3 
[00313337] 2 | 4 2 8 11 9 1 6 0 10 5 7 3 
[00313338] 5 | _ 2 8 11 9 1 _ 0 10 _ 7 2 
[00313339] 4 | _ 2 8 11 9 1 5 0 10 _ 7 2 
[00313340] 4 | _ 2 8 11 9 1 _ 0 10 6 7 2 
[00313341] 6 | _ 2 _ 11 9 1 3 0 10 _ 7 _ 
[00313342] 5 | 7 2 _ 11 9 1 3 0 10 _ 7 _ 
[00313343] 4 | 7 2 6 11 9 1 3 0 10 _ 7 _ 
[00313344] 4 | 7 2 _ 11 9 1 3 0 10 6 7 _ 
[00313345] 3 | 7 2 5 11 9 1 3 0 10 6 7 _ 
[00313346] 5 | _ 2 7 11 9 1 3 0 10 _ 7 _ 
[00313347] 4 | 6 2 7 11 9 1 3 0 10 _ 7 _ 
[00313348] 4 | _ 2 7 11 9 1 3 0 10 6 7 _ 
[00313349] 3 | 5 2 7 11 9 1 3 0 10 6 7 _ 
[00313350] 5 | _ 2 _ 11 9 1 3 0 10 5 7 _ 
[00313351] 4 | 6 2 _ 11 9 1 3 0 10 5 7 _ 
[00313352] 3 | 6 2 _ 11 9 1 3 0 10 5 7 4 
[00313353] 4 | _ 2 6 11 9 1 3 0 10 5 7 _ 
[00313354] 3 | _ 2 6 11 9 1 3 0 10 5 7 4 
[00313355] 5 | _ 2 _ 11 9 1 3 0 10 _ 7 2 
[00313356] 4 | _ 2 _ 11 9 1 3 0 10 6 7 2 
[00313357] 6 | _ 2 _ 11 9 1 _ 0 10 4 7 _ 
[00313358] 5 | 7 2 _ 11 9 1 _ 0 10 4 7 _ 
[00313359] 4 | 7 2 6 11 9 1 _ 0 10 4 7 _ 
[00313360] 4 | 7 2 _ 11 9 1 5 0 10 4 7 _ 
[00313361] 5 | _ 2 7 11 9 1 _ 0 10 4 7 _ 
[00313362] 4 | 6 2 7 11 9 1 _ 0 10 4 7 _ 
[00313363] 4 | _ 2 7 11 9 1 5 0 10 4 7 _ 
[00313364] 5 | _ 2 _ 11 9 1 _ 0 10 4 7 2 
[00313365] 4 | _ 2 _ 11 9 1 5 0 10 4 7 2 
[00313366] 8 | _ 2 _ 11 1 _ 9 0 10 _ _ _ 
[00313367] 7 | _ 2 _ 11 1 8 9 0 10 _ _ _ 
[00313368] 6 | _ 2 _ 11 1 8 9 0 10 4 _ _ 
[00313369] 5 | 7 2 _ 11 1 8 9 0 10 4 _ _ 
[00313370] 4 | 7 2 6 11 1 8 9 0 10 4 _ _ 
[00313371] 3 | 7 2 6 11 1 8 9 0 10 4 3 _ 
[00313372] 2 | 7 2 6 11 1 8 9 0 10 4 3 5 
[00313373] 5 | _ 2 7 11 1 8 9 0 10 4 _ _ 
[00313374] 4 | 6 2 7 11 1 8 9 0 10 4 _ _ 
[00313375] 3 | 6 2 7 11 1 8 9 0 10 4 3 _ 
[00313376] 2 | 6 2 7 11 1 8 9 0 10 4 3 5 
[00313377] 5 | _ 2 _ 11 1 8 9 0 10 4 5 _ 
[00313378] 4 | 6 2 _ 11 1 8 9 0 10 4 5 _ 
[00313379] 3 | 6 2 5 11 1 8 9 0 10 4 5 _ 
[00313380] 3 | 6 2 _ 11 1 8 9 0 10 4 5 2 
[00313381] 4 | _ 2 6 11 1 8 9 0 10 4 5 _ 
[00313382] 3 | 5 2 6 11 1 8 9 0 10 4 5 _ 
[00313383] 3 | _ 2 6 11 1 8 9 0 10 4 5 2 
[00313384] 6 | _ 2 _ 11 1 8 9 0 10 _ 6 _ 
[00313385] 5 | 7 2 _ 11 1 8 9 0 10 _ 6 _ 
[00313386] 4 | 7 2 6 11 1 8 9 0 10 _ 6 _ 
[00313387] 4 | 7 2 _ 11 1 8 9 0 10 6 6 _ 
[00313388] 3 | 7 2 5 11 1 8 9 0 10 6 6 _ 
[00313389] 4 | 7 2 _ 11 1 8 9 0 10 _ 6 2 
[00313390] 4 | 7 2 _ 11 1 8 9 0 10 _ 6 10 
[00313391] 3 | 7 2 5 11 1 8 9 0 10 _ 6 10 
[00313392] 5 | _ 2 7 11 1 8 9 0 10 _ 6 _ 
[00313393] 4 | 6 2 7 11 1 8 9 0 10 _ 6 _ 
[00313394] 4 | _ 2 7 11 1 8 9 0 10 6 6 _ 
[00313395] 3 | 5 2 7 11 1 8 9 0 10 6 6 _ 
[00313396] 4 | _ 2 7 11 1 8 9 0 10 _ 6 2 
[00313397] 4 | _ 2 7 11 1 8 9 0 10 _ 6 10 
[00313398] 3 | 5 2 7 11 1 8 9 0 10 _ 6 10 
[00313399] 5 | _ 2 _ 11 1 8 9 0 10 5 6 _ 
[00313400] 4 | 6 2 _ 11 1 8 9 0 10 5 6 _ 
[00313401] 4 | _ 2 6 11 1 8 9 0 10 5 6 _ 
[00313402] 4 | _ 2 _ 11 1 8 9 0 10 5 6 2 
[00313403] 7 | _ 2 _ 11 1 _ 9 0 10 3 _ _ 
[00313404] 6 | 8 2 _ 11 1 _ 9 0 10 3 _ _ 
[00313405] 5 | 8 2 7 11 1 _ 9 0 10 3 _ _ 
[00313406] 4 | 8 2 7 11 1 5 9 0 10 3 _ _ 
[00313407] 4 | 8 2 7 11 1 _ 9 0 10 3 4 _ 
[00313408] 3 | 8 2 7 11 1 4 9 0 10 3 4 _ 
[00313409] 3 | 8 2 7 11 1 _ 9 0 10 3 4 1 
[00313410] 5 | 8 2 _ 11 1 6 9 0 10 3 _ _ 
[00313411] 4 | 8 2 _ 11 1 6 9 0 10 3 4 _ 
[00313412] 3 | 8 2 5 11 1 6 9 0 10 3 4 _ 
[00313413] 3 | 8 2 _ 11 1 6 9 0 10 3 4 7 
[00313414] 5 | 8 2 _ 11 1 _ 9 0 10 3 5 _ 
[00313415] 4 | 8 2 6 11 1 _ 9 0 10 3 5 _ 
[00313416] 3 | 8 2 6 11 1 4 9 0 10 3 5 _ 
[00313417] 2 | 8 2 6 11 1 4 9 0 10 3 5 7 
[00313418] 4 | 8 2 _ 11 1 5 9 0 10 3 5 _ 
[00313419] 4 | 8 2 _ 11 1 _ 9 0 10 3 5 1 
[00313420] 6 | _ 2 8 11 1 _ 9 0 10 3 _ _ 
[00313421] 5 | 7 2 8 11 1 _ 9 0 10 3 _ _ 
[00313422] 4 | 7 2 8 11 1 5 9 0 10 3 _ _ 
[00313423] 4 | 7 2 8 11 1 _ 9 0 10 3 4 _ 
[00313424] 3 | 7 2 8 11 1 4 9 0 10 3 4 _ 
[00313425] 3 | 7 2 8 11 1 _ 9 0 10 3 4 1 
[00313426] 5 | _ 2 8 11 1 6 9 0 10 3 _ _ 
[00313427] 4 | _ 2 8 11 1 6 9 0 10 3 4 _ 
[00313428] 3 | 5 2 8 11 1 6 9 0 10 3 4 _ 
[00313429] 3 | _ 2 8 11 1 6 9 0 10 3 4 7 
[00313430] 5 | _ 2 8 11 1 _ 9 0 10 3 5 _ 
[00313431] 4 | 6 2 8 11 1 _ 9 0 10 3 5 _ 
[00313432] 3 | 6 2 8 11 1 4 9 0 10 3 5 _ 
[00313433] 2 | 6 2 8 11 1 4 9 0 10 3 5 7 
[00313434] 4 | _ 2 8 11 1 5 9 0 10 3 5 _ 
[00313435] 4 | _ 2 8 11 1 _ 9 0 10 3 5 1 
[00313436] 6 | _ 2 _ 11 1 7 9 0 10 3 _ _ 
[00313437] 5 | _ 2 _ 11 1 7 9 0 10 3 5 _ 
[00313438] 4 | 6 2 _ 11 1 7 9 0 10 3 5 _ 
[00313439] 3 | 6 2 5 11 1 7 9 0 10 3 5 _ 
[00313440] 3 | 6 2 _ 11 1 7 9 0 10 3 5 2 
[00313441] 3 | 6 2 _ 11 1 7 9 0 10 3 5 8 
[00313442] 2 | 6 2 4 11 1 7 9 0 10 3 5 8 
[00313443] 4 | _ 2 6 11 1 7 9 0 10 3 5 _ 
[00313444] 3 | 5 2 6 11 1 7 9 0 10 3 5 _ 
[00313445] 3 | _ 2 6 11 1 7 9 0 10 3 5 2 
[00313446] 3 | _ 2 6 11 1 7 9 0 10 3 5 8 
[00313447] 2 | 4 2 6 11 1 7 9 0 10 3 5 8 
[00313448] 6 | _ 2 _ 11 1 _ 9 0 10 3 6 _ 
[00313449] 5 | 7 2 _ 11 1 _ 9 0 10 3 6 _ 
[00313450] 4 | 7 2 6 11 1 _ 9 0 10 3 6 _ 
[00313451] 3 | 7 2 6 11 1 4 9 0 10 3 6 _ 
[00313452] 4 | 7 2 _ 11 1 5 9 0 10 3 6 _ 
[00313453] 4 | 7 2 _ 11 1 _ 9 0 10 3 6 2 
[00313454] 3 | 7 2 _ 11 1 4 9 0 10 3 6 2 
[00313455] 5 | _ 2 7 11 1 _ 9 0 10 3 6 _ 
[00313456] 4 | 6 2 7 11 1 _ 9 0 10 3 6 _ 
[00313457] 3 | 6 2 7 11 1 4 9 0 10 3 6 _ 
[00313458] 4 | _ 2 7 11 1 5 9 0 10 3 6 _ 
[00313459] 4 | _ 2 7 11 1 _ 9 0 10 3 6 2 
[00313460] 3 | _ 2 7 11 1 4 9 0 10 3 6 2 
[00313461] 5 | _ 2 _ 11 1 6 9 0 10 3 6 _ 
[00313462] 5 | _ 2 _ 11 1 _ 9 0 10 3 6 1 
[00313463] 7 | _ 2 _ 11 1 _ 9 0 10 _ 7 _ 
[00313464] 6 | 8 2 _ 11 1 _ 9 0 10 _ 7 _ 
[00313465] 5 | 8 2 7 11 1 _ 9 0 10 _ 7 _ 
[00313466] 4 | 8 2 7 11 1 5 9 0 10 _ 7 _ 
[00313467] 4 | 8 2 7 11 1 _ 9 0 10 6 7 _ 
[00313468] 3 | 8 2 7 11 1 4 9 0 10 6 7 _ 
[00313469] 5 | 8 2 _ 11 1 6 9 0 10 _ 7 _ 
[00313470] 4 | 8 2 _ 11 1 6 9 0 10 _ 7 3 
[00313471] 3 | 8 2 5 11 1 6 9 0 10 _ 7 3 
[00313472] 5 | 8 2 _ 11 1 _ 9 0 10 5 7 _ 
[00313473] 4 | 8 2 6 11 1 _ 9 0 10 5 7 _ 
[00313474] 3 | 8 2 6 11 1 4 9 0 10 5 7 _ 
[00313475] 3 | 8 2 6 11 1 _ 9 0 10 5 7 4 
[00313476] 2 | 8 2 6 11 1 3 9 0 10 5 7 4 
[00313477] 4 | 8 2 _ 11 1 _ 9 0 10 5 7 3 
[00313478] 3 | 8 2 _ 11 1 4 9 0 10 5 7 3 
[00313479] 5 | 8 2 _ 11 1 _ 9 0 10 _ 7 2 
[00313480] 4 | 8 2 _ 11 1 5 9 0 10 _ 7 2 
[00313481] 4 | 8 2 _ 11 1 _ 9 0 10 6 7 2 
[00313482] 3 | 8 2 _ 11 1 4 9 0 10 6 7 2 
[00313483] 6 | _ 2 8 11 1 _ 9 0 10 _ 7 _ 
[00313484] 5 | 7 2 8 11 1 _ 9 0 10 _ 7 _ 
[00313485] 4 | 7 2 8 11 1 5 9 0 10 _ 7 _ 
[00313486] 4 | 7 2 8 11 1 _ 9 0 10 6 7 _ 
[00313487] 3 | 7 2 8 11 1 4 9 0 10 6 7 _ 
[00313488] 5 | _ 2 8 11 1 6 9 0 10 _ 7 _ 
[00313489] 4 | _ 2 8 11 1 6 9 0 10 _ 7 3 
[00313490] 3 | 5 2 8 11 1 6 9 0 10 _ 7 3 
[00313491] 5 | _ 2 8 11 1 _ 9 0 10 5 7 _ 
[00313492] 4 | 6 2 8 11 1 _ 9 0 10 5 7 _ 
[00313493] 3 | 6 2 8 11 1 4 9 0 10 5 7 _ 
[00313494] 3 | 6 2 8 11 1 _ 9 0 10 5 7 4 
[00313495] 2 | 6 2 8 11 1 3 9 0 10 5 7 4 
[00313496] 4 | _ 2 8 11 1 _ 9 0 10 5 7 3 
[00313497] 3 | _ 2 8 11 1 4 9 0 10 5 7 3 
[00313498] 5 | _ 2 8 11 1 _ 9 0 10 _ 7 2 
[00313499] 4 | _ 2 8 11 1 5 9 0 10 _ 7 2 
[00313500] 4 | _ 2 8 11 1 _ 9 0 10 6 7 2 
[00313501] 3 | _ 2 8 11 1 4 9 0 10 6 7 2 
[00313502] 6 | _ 2 _ 11 1 7 9 0 10 _ 7 _ 
[00313503] 5 | _ 2 _ 11 1 7 9 0 10 5 7 _ 
[00313504] 4 | 6 2 _ 11 1 7 9 0 10 5 7 _ 
[00313505] 4 | _ 2 6 11 1 7 9 0 10 5 7 _ 
[00313506] 6 | _ 2 _ 11 1 _ 9 0 10 4 7 _ 
[00313507] 5 | 7 2 _ 11 1 _ 9 0 10 4 7 _ 
[00313508] 4 | 7 2 6 11 1 _ 9 0 10 4 7 _ 
[00313509] 4 | 7 2 _ 11 1 5 9 0 10 4 7 _ 
[00313510] 5 | _ 2 7 11 1 _ 9 0 10 4 7 _ 
[00313511] 4 | 6 2 7 11 1 _ 9 0 10 4 7 _ 
[00313512] 4 | _ 2 7 11 1 5 9 0 10 4 7 _ 
[00313513] 5 | _ 2 _ 11 1 6 9 0 10 4 7 _ 
[00313514] 4 | _ 2 _ 11 1 6 9 0 10 4 7 3 
[00313515] 3 | 5 2 _ 11 1 6 9 0 10 4 7 3 
[00313516] 3 | _ 2 5 11 1 6 9 0 10 4 7 3 
[00313517] 5 | _ 2 _ 11 1 _ 9 0 10 4 7 2 
[00313518] 4 | _ 2 _ 11 1 5 9 0 10 4 7 2 
[00313519] 6 | _ 2 _ 11 1 _ 9 0 10 _ 7 1 
[00313520] 5 | _ 2 _ 11 1 _ 9 0 10 5 7 1 
[00313521] 4 | 6 2 _ 11 1 _ 9 0 10 5 7 1 
[00313522] 4 | _ 2 6 11 1 _ 9 0 10 5 7 1 
[00313523] 8 | _ 2 _ 11 9 _ 1 0 10 _ _ _ 
[00313524] 7 | 9 2 _ 11 9 _ 1 0 10 _ _ _ 
[00313525] 6 | 9 2 8 11 9 _ 1 0 10 _ _ _ 
[00313526] 5 | 9 2 8 11 9 _ 1 0 10 5 _ _ 
[00313527] 4 | 9 2 8 11 9 _ 1 0 10 5 4 _ 
[00313528] 3 | 9 2 8 11 9 _ 1 0 10 5 4 7 
[00313529] 4 | 9 2 8 11 9 _ 1 0 10 5 3 7 
[00313530] 4 | 9 2 8 11 9 _ 1 0 10 5 7 3 
[00313531] 5 | 9 2 8 11 9 _ 1 0 10 _ 5 _ 
[00313532] 4 | 9 2 8 11 9 _ 1 0 10 6 5 _ 
[00313533] 6 | 9 2 _ 11 9 _ 1 0 10 4 _ _ 
[00313534] 5 | 9 2 7 11 9 _ 1 0 10 4 _ _ 
[00313535] 5 | 9 2 _ 11 9 _ 1 0 10 4 5 _ 
[00313536] 4 | 9 2 6 11 9 _ 1 0 10 4 5 _ 
[00313537] 3 | 9 2 6 11 9 _ 1 0 10 4 5 8 
[00313538] 5 | 9 2 _ 11 9 _ 1 0 10 4 3 8 
[00313539] 4 | 9 2 6 11 9 _ 1 0 10 4 3 8 
[00313540] 5 | 9 2 _ 11 9 _ 1 0 10 4 8 3 
[00313541] 4 | 9 2 6 11 9 _ 1 0 10 4 8 3 
[00313542] 6 | 9 2 _ 11 9 _ 1 0 10 _ 6 _ 
[00313543] 5 | 9 2 7 11 9 _ 1 0 10 _ 6 _ 
[00313544] 4 | 9 2 7 11 9 _ 1 0 10 6 6 _ 
[00313545] 4 | 9 2 7 11 9 _ 1 0 10 _ 6 10 
[00313546] 5 | 9 2 _ 11 9 _ 1 0 10 5 6 _ 
[00313547] 4 | 9 2 6 11 9 _ 1 0 10 5 6 _ 
[00313548] 4 | 9 2 _ 11 9 _ 1 0 10 5 6 2 
[00313549] 7 | _ 2 9 11 9 _ 1 0 10 _ _ _ 
[00313550] 6 | 8 2 9 11 9 _ 1 0 10 _ _ _ 
[00313551] 5 | 8 2 9 11 9 _ 1 0 10 5 _ _ 
[00313552] 4 | 8 2 9 11 9 _ 1 0 10 5 4 _ 
[00313553] 3 | 8 2 9 11 9 _ 1 0 10 5 4 7 
[00313554] 4 | 8 2 9 11 9 _ 1 0 10 5 3 7 
[00313555] 4 | 8 2 9 11 9 _ 1 0 10 5 7 3 
[00313556] 5 | 8 2 9 11 9 _ 1 0 10 _ 5 _ 
[00313557] 4 | 8 2 9 11 9 _ 1 0 10 6 5 _ 
[00313558] 6 | _ 2 9 11 9 _ 1 0 10 4 _ _ 
[00313559] 5 | 7 2 9 11 9 _ 1 0 10 4 _ _ 
[00313560] 5 | _ 2 9 11 9 _ 1 0 10 4 5 _ 
[00313561] 4 | 6 2 9 11 9 _ 1 0 10 4 5 _ 
[00313562] 3 | 6 2 9 11 9 _ 1 0 10 4 5 8 
[00313563] 5 | _ 2 9 11 9 _ 1 0 10 4 3 8 
[00313564] 4 | 6 2 9 11 9 _ 1 0 10 4 3 8 
[00313565] 5 | _ 2 9 11 9 _ 1 0 10 4 8 3 
[00313566] 4 | 6 2 9 11 9 _ 1 0 10 4 8 3 
[00313567] 6 | _ 2 9 11 9 _ 1 0 10 _ 6 _ 
[00313568] 5 | 7 2 9 11 9 _ 1 0 10 _ 6 _ 
[00313569] 4 | 7 2 9 11 9 _ 1 0 10 6 6 _ 
[00313570] 4 | 7 2 9 11 9 _ 1 0 10 _ 6 10 
[00313571] 5 | _ 2 9 11 9 _ 1 0 10 5 6 _ 
[00313572] 4 | 6 2 9 11 9 _ 1 0 10 5 6 _ 
[00313573] 4 | _ 2 9 11 9 _ 1 0 10 5 6 2 
[00313574] 7 | _ 2 _ 11 9 2 1 0 10 _ _ _ 
[00313575] 6 | _ 2 _ 11 9 2 1 0 10 4 _ _ 
[00313576] 5 | _ 2 _ 11 9 2 1 0 10 4 5 _ 
[00313577] 5 | _ 2 _ 11 9 2 1 0 10 4 3 8 
[00313578] 5 | _ 2 _ 11 9 2 1 0 10 4 8 3 
[00313579] 6 | _ 2 _ 11 9 2 1 0 10 _ 6 _ 
[00313580] 5 | _ 2 _ 11 9 2 1 0 10 5 6 _ 
[00313581] 7 | _ 2 _ 11 9 _ 1 0 10 3 _ _ 
[00313582] 6 | 8 2 _ 11 9 _ 1 0 10 3 _ _ 
[00313583] 5 | 8 2 7 11 9 _ 1 0 10 3 _ _ 
[00313584] 4 | 8 2 7 11 9 5 1 0 10 3 _ _ 
[00313585] 4 | 8 2 7 11 9 _ 1 0 10 3 4 _ 
[00313586] 3 | 8 2 7 11 9 6 1 0 10 3 4 _ 
[00313587] 5 | 8 2 _ 11 9 4 1 0 10 3 _ _ 
[00313588] 4 | 8 2 6 11 9 4 1 0 10 3 _ _ 
[00313589] 5 | 8 2 _ 11 9 _ 1 0 10 3 5 _ 
[00313590] 4 | 8 2 6 11 9 _ 1 0 10 3 5 _ 
[00313591] 4 | 8 2 _ 11 9 5 1 0 10 3 5 _ 
[00313592] 4 | 8 2 _ 11 9 _ 1 0 10 3 5 9 
[00313593] 6 | _ 2 8 11 9 _ 1 0 10 3 _ _ 
[00313594] 5 | 7 2 8 11 9 _ 1 0 10 3 _ _ 
[00313595] 4 | 7 2 8 11 9 5 1 0 10 3 _ _ 
[00313596] 4 | 7 2 8 11 9 _ 1 0 10 3 4 _ 
[00313597] 3 | 7 2 8 11 9 6 1 0 10 3 4 _ 
[00313598] 5 | _ 2 8 11 9 4 1 0 10 3 _ _ 
[00313599] 4 | 6 2 8 11 9 4 1 0 10 3 _ _ 
[00313600] 5 | _ 2 8 11 9 _ 1 0 10 3 5 _ 
[00313601] 4 | 6 2 8 11 9 _ 1 0 10 3 5 _ 
[00313602] 4 | _ 2 8 11 9 5 1 0 10 3 5 _ 
[00313603] 4 | _ 2 8 11 9 _ 1 0 10 3 5 9 
[00313604] 6 | _ 2 _ 11 9 _ 1 0 10 3 6 _ 
[00313605] 5 | 7 2 _ 11 9 _ 1 0 10 3 6 _ 
[00313606] 4 | 7 2 6 11 9 _ 1 0 10 3 6 _ 
[00313607] 4 | 7 2 _ 11 9 5 1 0 10 3 6 _ 
[00313608] 4 | 7 2 _ 11 9 _ 1 0 10 3 6 2 
[00313609] 5 | _ 2 7 11 9 _ 1 0 10 3 6 _ 
[00313610] 4 | 6 2 7 11 9 _ 1 0 10 3 6 _ 
[00313611] 4 | _ 2 7 11 9 5 1 0 10 3 6 _ 
[00313612] 4 | _ 2 7 11 9 _ 1 0 10 3 6 2 
[00313613] 5 | _ 2 _ 11 9 4 1 0 10 3 6 _ 
[00313614] 4 | 6 2 _ 11 9 4 1 0 10 3 6 _ 
[00313615] 3 | 6 2 5 11 9 4 1 0 10 3 6 _ 
[00313616] 4 | _ 2 6 11 9 4 1 0 10 3 6 _ 
[00313617] 3 | 5 2 6 11 9 4 1 0 10 3 6 _ 
[00313618] 4 | _ 2 _ 11 9 4 1 0 10 3 6 2 
[00313619] 7 | _ 2 _ 11 9 _ 1 0 10 _ 7 _ 
[00313620] 6 | 8 2 _ 11 9 _ 1 0 10 _ 7 _ 
[00313621] 5 | 8 2 7 11 9 _ 1 0 10 _ 7 _ 
[00313622] 4 | 8 2 7 11 9 5 1 0 10 _ 7 _ 
[00313623] 4 | 8 2 7 11 9 _ 1 0 10 6 7 _ 
[00313624] 5 | 8 2 _ 11 9 4 1 0 10 _ 7 _ 
[00313625] 4 | 8 2 6 11 9 4 1 0 10 _ 7 _ 
[00313626] 3 | 8 2 6 11 9 4 1 0 10 7 7 _ 
[00313627] 3 | 8 2 6 11 9 4 1 0 10 _ 7 10 
[00313628] 4 | 8 2 _ 11 9 4 1 0 10 6 7 _ 
[00313629] 3 | 8 2 5 11 9 4 1 0 10 6 7 _ 
[00313630] 4 | 8 2 _ 11 9 4 1 0 10 _ 7 3 
[00313631] 3 | 8 2 5 11 9 4 1 0 10 _ 7 3 
[00313632] 5 | 8 2 _ 11 9 _ 1 0 10 5 7 _ 
[00313633] 4 | 8 2 6 11 9 _ 1 0 10 5 7 _ 
[00313634] 3 | 8 2 6 11 9 _ 1 0 10 5 7 4 
[00313635] 4 | 8 2 _ 11 9 _ 1 0 10 5 7 3 
[00313636] 3 | 8 2 _ 11 9 6 1 0 10 5 7 3 
[00313637] 2 | 8 2 4 11 9 6 1 0 10 5 7 3 
[00313638] 5 | 8 2 _ 11 9 _ 1 0 10 _ 7 2 
[00313639] 4 | 8 2 _ 11 9 5 1 0 10 _ 7 2 
[00313640] 4 | 8 2 _ 11 9 _ 1 0 10 6 7 2 
[00313641] 6 | _ 2 8 11 9 _ 1 0 10 _ 7 _ 
[00313642] 5 | 7 2 8 11 9 _ 1 0 10 _ 7 _ 
[00313643] 4 | 7 2 8 11 9 5 1 0 10 _ 7 _ 
[00313644] 4 | 7 2 8 11 9 _ 1 0 10 6 7 _ 
[00313645] 5 | _ 2 8 11 9 4 1 0 10 _ 7 _ 
[00313646] 4 | 6 2 8 11 9 4 1 0 10 _ 7 _ 
[00313647] 3 | 6 2 8 11 9 4 1 0 10 7 7 _ 
[00313648] 3 | 6 2 8 11 9 4 1 0 10 _ 7 10 
[00313649] 4 | _ 2 8 11 9 4 1 0 10 6 7 _ 
[00313650] 3 | 5 2 8 11 9 4 1 0 10 6 7 _ 
[00313651] 4 | _ 2 8 11 9 4 1 0 10 _ 7 3 
[00313652] 3 | 5 2 8 11 9 4 1 0 10 _ 7 3 
[00313653] 5 | _ 2 8 11 9 _ 1 0 10 5 7 _ 
[00313654] 4 | 6 2 8 11 9 _ 1 0 10 5 7 _ 
[00313655] 3 | 6 2 8 11 9 _ 1 0 10 5 7 4 
[00313656] 4 | _ 2 8 11 9 _ 1 0 10 5 7 3 
[00313657] 3 | _ 2 8 11 9 6 1 0 10 5 7 3 
[00313658] 2 | 4 2 8 11 9 6 1 0 10 5 7 3 
[00313659] 5 | _ 2 8 11 9 _ 1 0 10 _ 7 2 
[00313660] 4 | _ 2 8 11 9 5 1 0 10 _ 7 2 
[00313661] 4 | _ 2 8 11 9 _ 1 0 10 6 7 2 
[00313662] 6 | _ 2 _ 11 9 3 1 0 10 _ 7 _ 
[00313663] 5 | 7 2 _ 11 9 3 1 0 10 _ 7 _ 
[00313664] 4 | 7 2 6 11 9 3 1 0 10 _ 7 _ 
[00313665] 4 | 7 2 _ 11 9 3 1 0 10 6 7 _ 
[00313666] 3 | 7 2 5 11 9 3 1 0 10 6 7 _ 
[00313667] 5 | _ 2 7 11 9 3 1 0 10 _ 7 _ 
[00313668] 4 | 6 2 7 11 9 3 1 0 10 _ 7 _ 
[00313669] 4 | _ 2 7 11 9 3 1 0 10 6 7 _ 
[00313670] 3 | 5 2 7 11 9 3 1 0 10 6 7 _ 
[00313671] 5 | _ 2 _ 11 9 3 1 0 10 5 7 _ 
[00313672] 4 | 6 2 _ 11 9 3 1 0 10 5 7 _ 
[00313673] 3 | 6 2 _ 11 9 3 1 0 10 5 7 4 
[00313674] 4 | _ 2 6 11 9 3 1 0 10 5 7 _ 
[00313675] 3 | _ 2 6 11 9 3 1 0 10 5 7 4 
[00313676] 5 | _ 2 _ 11 9 3 1 0 10 _ 7 2 
[00313677] 4 | _ 2 _ 11 9 3 1 0 10 6 7 2 
[00313678] 6 | _ 2 _ 11 9 _ 1 0 10 4 7 _ 
[00313679] 5 | 7 2 _ 11 9 _ 1 0 10 4 7 _ 
[00313680] 4 | 7 2 6 11 9 _ 1 0 10 4 7 _ 
[00313681] 4 | 7 2 _ 11 9 5 1 0 10 4 7 _ 
[00313682] 5 | _ 2 7 11 9 _ 1 0 10 4 7 _ 
[00313683] 4 | 6 2 7 11 9 _ 1 0 10 4 7 _ 
[00313684] 4 | _ 2 7 11 9 5 1 0 10 4 7 _ 
[00313685] 5 | _ 2 _ 11 9 _ 1 0 10 4 7 2 
[00313686] 4 | _ 2 _ 11 9 5 1 0 10 4 7 2 
[00313687] 8 | _ 2 _ 11 _ _ _ 0 10 2 _ _ 
[00313688] 7 | _ 2 _ 11 4 _ _ 0 10 2 _ _ 
[00313689] 6 | _ 2 _ 11 4 _ _ 0 10 2 6 _ 
[00313690] 5 | _ 2 _ 11 4 9 _ 0 10 2 6 _ 
[00313691] 4 | _ 2 _ 11 4 9 8 0 10 2 6 _ 
[00313692] 3 | _ 2 _ 11 4 9 8 0 10 2 6 3 
[00313693] 5 | _ 2 _ 11 4 _ 9 0 10 2 6 _ 
[00313694] 4 | _ 2 _ 11 4 8 9 0 10 2 6 _ 
[00313695] 3 | _ 2 _ 11 4 8 9 0 10 2 6 3 
[00313696] 5 | _ 2 _ 11 4 _ _ 0 10 2 6 1 
[00313697] 4 | _ 2 _ 11 4 8 _ 0 10 2 6 1 
[00313698] 3 | _ 2 _ 11 4 8 7 0 10 2 6 1 
[00313699] 4 | _ 2 _ 11 4 _ 8 0 10 2 6 1 
[00313700] 3 | _ 2 _ 11 4 7 8 0 10 2 6 1 
[00313701] 6 | _ 2 _ 11 4 _ _ 0 10 2 1 7 
[00313702] 5 | _ 2 _ 11 4 9 _ 0 10 2 1 7 
[00313703] 4 | _ 2 _ 11 4 9 8 0 10 2 1 7 
[00313704] 5 | _ 2 _ 11 4 _ 9 0 10 2 1 7 
[00313705] 4 | _ 2 _ 11 4 8 9 0 10 2 1 7 
[00313706] 6 | _ 2 _ 11 4 _ _ 0 10 2 3 9 
[00313707] 6 | _ 2 _ 11 4 _ _ 0 10 2 7 1 
[00313708] 5 | _ 2 _ 11 4 9 _ 0 10 2 7 1 
[00313709] 4 | _ 2 _ 11 4 9 8 0 10 2 7 1 
[00313710] 5 | _ 2 _ 11 4 _ 9 0 10 2 7 1 
[00313711] 4 | _ 2 _ 11 4 8 9 0 10 2 7 1 
[00313712] 6 | _ 2 _ 11 4 _ _ 0 10 2 9 3 
[00313713] 7 | _ 2 _ 11 1 8 _ 0 10 2 _ _ 
[00313714] 6 | _ 2 _ 11 1 8 7 0 10 2 _ _ 
[00313715] 5 | _ 2 _ 11 1 8 7 0 10 2 5 _ 
[00313716] 4 | _ 2 _ 11 1 8 7 0 10 2 5 9 
[00313717] 5 | _ 2 _ 11 1 8 7 0 10 2 4 9 
[00313718] 5 | _ 2 _ 11 1 8 7 0 10 2 9 4 
[00313719] 6 | _ 2 _ 11 1 8 _ 0 10 2 6 _ 
[00313720] 5 | _ 2 _ 11 1 8 6 0 10 2 6 _ 
[00313721] 5 | _ 2 _ 11 1 8 _ 0 10 2 6 1 
[00313722] 6 | _ 2 _ 11 1 8 _ 0 10 2 3 9 
[00313723] 5 | _ 2 _ 11 1 8 6 0 10 2 3 9 
[00313724] 6 | _ 2 _ 11 1 8 _ 0 10 2 9 3 
[00313725] 5 | _ 2 _ 11 1 8 6 0 10 2 9 3 
[00313726] 7 | _ 2 _ 11 8 1 _ 0 10 2 _ _ 
[00313727] 6 | _ 2 _ 11 8 1 _ 0 10 2 6 _ 
[00313728] 5 | _ 2 _ 11 8 1 3 0 10 2 6 _ 
[00313729] 6 | _ 2 _ 11 8 1 _ 0 10 2 3 9 
[00313730] 6 | _ 2 _ 11 8 1 _ 0 10 2 9 3 
[00313731] 7 | _ 2 _ 11 1 _ 8 0 10 2 _ _ 
[00313732] 6 | _ 2 _ 11 1 7 8 0 10 2 _ _ 
[00313733] 5 | _ 2 _ 11 1 7 8 0 10 2 5 _ 
[00313734] 4 | _ 2 _ 11 1 7 8 0 10 2 5 9 
[00313735] 5 | _ 2 _ 11 1 7 8 0 10 2 4 9 
[00313736] 5 | _ 2 _ 11 1 7 8 0 10 2 9 4 
[00313737] 6 | _ 2 _ 11 1 _ 8 0 10 2 6 _ 
[00313738] 5 | _ 2 _ 11 1 6 8 0 10 2 6 _ 
[00313739] 5 | _ 2 _ 11 1 _ 8 0 10 2 6 1 
[00313740] 6 | _ 2 _ 11 1 _ 8 0 10 2 3 9 
[00313741] 5 | _ 2 _ 11 1 6 8 0 10 2 3 9 
[00313742] 6 | _ 2 _ 11 1 _ 8 0 10 2 9 3 
[00313743] 5 | _ 2 _ 11 1 6 8 0 10 2 9 3 
[00313744] 7 | _ 2 _ 11 8 _ 1 0 10 2 _ _ 
[00313745] 6 | _ 2 _ 11 8 _ 1 0 10 2 6 _ 
[00313746] 5 | _ 2 _ 11 8 3 1 0 10 2 6 _ 
[00313747] 6 | _ 2 _ 11 8 _ 1 0 10 2 3 9 
[00313748] 6 | _ 2 _ 11 8 _ 1 0 10 2 9 3 
[00313749] 7 | _ 2 _ 11 _ _ _ 0 10 2 7 _ 
[00313750] 6 | _ 2 _ 11 5 _ _ 0 10 2 7 _ 
[00313751] 6 | _ 2 _ 11 3 9 _ 0 10 2 7 _ 
[00313752] 5 | _ 2 _ 11 3 9 8 0 10 2 7 _ 
[00313753] 6 | _ 2 _ 11 9 3 _ 0 10 2 7 _ 
[00313754] 5 | _ 2 _ 11 9 3 4 0 10 2 7 _ 
[00313755] 6 | _ 2 _ 11 3 _ 9 0 10 2 7 _ 
[00313756] 5 | _ 2 _ 11 3 8 9 0 10 2 7 _ 
[00313757] 6 | _ 2 _ 11 9 _ 3 0 10 2 7 _ 
[00313758] 5 | _ 2 _ 11 9 4 3 0 10 2 7 _ 
[00313759] 6 | _ 2 _ 11 _ _ _ 0 10 2 7 1 
[00313760] 5 | _ 2 _ 11 6 _ _ 0 10 2 7 1 
[00313761] 5 | _ 2 _ 11 3 8 _ 0 10 2 7 1 
