[00157097] 3 | 5 1 8 11 0 3 6 2 4 9 10 _ 
[00157098] 3 | 5 1 8 11 0 _ 6 2 4 9 10 7 
[00157099] 5 | _ 1 8 11 0 _ 6 2 9 4 10 _ 
[00157100] 4 | 5 1 8 11 0 _ 6 2 9 4 10 _ 
[00157101] 3 | 5 1 8 11 0 3 6 2 9 4 10 _ 
[00157102] 3 | 5 1 8 11 0 _ 6 2 9 4 10 7 
[00157103] 5 | _ 1 8 11 0 _ 6 2 _ _ 10 5 
[00157104] 4 | _ 1 8 11 0 4 6 2 _ _ 10 5 
[00157105] 4 | _ 1 8 11 0 _ 6 2 3 7 10 5 
[00157106] 3 | 4 1 8 11 0 _ 6 2 3 7 10 5 
[00157107] 4 | _ 1 8 11 0 _ 6 2 7 3 10 5 
[00157108] 3 | 4 1 8 11 0 _ 6 2 7 3 10 5 
[00157109] 6 | _ 1 8 11 0 _ _ 2 3 9 10 _ 
[00157110] 5 | 6 1 8 11 0 _ _ 2 3 9 10 _ 
[00157111] 4 | 6 1 8 11 0 4 _ 2 3 9 10 _ 
[00157112] 3 | 6 1 8 11 0 4 _ 2 3 9 10 7 
[00157113] 4 | 6 1 8 11 0 _ 4 2 3 9 10 _ 
[00157114] 3 | 6 1 8 11 0 _ 4 2 3 9 10 7 
[00157115] 5 | _ 1 8 11 0 5 _ 2 3 9 10 _ 
[00157116] 4 | _ 1 8 11 0 5 4 2 3 9 10 _ 
[00157117] 3 | _ 1 8 11 0 5 4 2 3 9 10 7 
[00157118] 4 | _ 1 8 11 0 5 _ 2 3 9 10 6 
[00157119] 3 | 4 1 8 11 0 5 _ 2 3 9 10 6 
[00157120] 5 | _ 1 8 11 0 _ 5 2 3 9 10 _ 
[00157121] 4 | _ 1 8 11 0 4 5 2 3 9 10 _ 
[00157122] 3 | _ 1 8 11 0 4 5 2 3 9 10 7 
[00157123] 4 | _ 1 8 11 0 _ 5 2 3 9 10 6 
[00157124] 3 | 4 1 8 11 0 _ 5 2 3 9 10 6 
[00157125] 5 | _ 1 8 11 0 _ _ 2 3 9 10 5 
[00157126] 4 | _ 1 8 11 0 4 _ 2 3 9 10 5 
[00157127] 4 | _ 1 8 11 0 _ 4 2 3 9 10 5 
[00157128] 6 | _ 1 8 11 0 _ _ 2 9 3 10 _ 
[00157129] 5 | 6 1 8 11 0 _ _ 2 9 3 10 _ 
[00157130] 4 | 6 1 8 11 0 4 _ 2 9 3 10 _ 
[00157131] 3 | 6 1 8 11 0 4 _ 2 9 3 10 7 
[00157132] 4 | 6 1 8 11 0 _ 4 2 9 3 10 _ 
[00157133] 3 | 6 1 8 11 0 _ 4 2 9 3 10 7 
[00157134] 5 | _ 1 8 11 0 5 _ 2 9 3 10 _ 
[00157135] 4 | _ 1 8 11 0 5 4 2 9 3 10 _ 
[00157136] 3 | _ 1 8 11 0 5 4 2 9 3 10 7 
[00157137] 4 | _ 1 8 11 0 5 _ 2 9 3 10 6 
[00157138] 3 | 4 1 8 11 0 5 _ 2 9 3 10 6 
[00157139] 5 | _ 1 8 11 0 _ 5 2 9 3 10 _ 
[00157140] 4 | _ 1 8 11 0 4 5 2 9 3 10 _ 
[00157141] 3 | _ 1 8 11 0 4 5 2 9 3 10 7 
[00157142] 4 | _ 1 8 11 0 _ 5 2 9 3 10 6 
[00157143] 3 | 4 1 8 11 0 _ 5 2 9 3 10 6 
[00157144] 5 | _ 1 8 11 0 _ _ 2 9 3 10 5 
[00157145] 4 | _ 1 8 11 0 4 _ 2 9 3 10 5 
[00157146] 4 | _ 1 8 11 0 _ 4 2 9 3 10 5 
[00157147] 6 | _ 1 8 11 0 _ _ 2 _ _ 10 4 
[00157148] 5 | 6 1 8 11 0 _ _ 2 _ _ 10 4 
[00157149] 4 | 6 1 8 11 0 _ _ 2 3 7 10 4 
[00157150] 4 | 6 1 8 11 0 _ _ 2 5 9 10 4 
[00157151] 3 | 6 1 8 11 0 3 _ 2 5 9 10 4 
[00157152] 3 | 6 1 8 11 0 _ 3 2 5 9 10 4 
[00157153] 4 | 6 1 8 11 0 _ _ 2 7 3 10 4 
[00157154] 4 | 6 1 8 11 0 _ _ 2 9 5 10 4 
[00157155] 3 | 6 1 8 11 0 3 _ 2 9 5 10 4 
[00157156] 3 | 6 1 8 11 0 _ 3 2 9 5 10 4 
[00157157] 5 | _ 1 8 11 0 5 _ 2 _ _ 10 4 
[00157158] 4 | _ 1 8 11 0 5 _ 2 6 _ 10 4 
[00157159] 3 | _ 1 8 11 0 5 3 2 6 _ 10 4 
[00157160] 3 | _ 1 8 11 0 5 _ 2 6 3 10 4 
[00157161] 3 | _ 1 8 11 0 5 _ 2 6 9 10 4 
[00157162] 2 | 3 1 8 11 0 5 _ 2 6 9 10 4 
[00157163] 4 | _ 1 8 11 0 5 _ 2 3 7 10 4 
[00157164] 4 | _ 1 8 11 0 5 _ 2 7 3 10 4 
[00157165] 5 | _ 1 8 11 0 _ 5 2 _ _ 10 4 
[00157166] 4 | _ 1 8 11 0 _ 5 2 6 _ 10 4 
[00157167] 3 | _ 1 8 11 0 3 5 2 6 _ 10 4 
[00157168] 3 | _ 1 8 11 0 _ 5 2 6 3 10 4 
[00157169] 3 | _ 1 8 11 0 _ 5 2 6 9 10 4 
[00157170] 2 | 3 1 8 11 0 _ 5 2 6 9 10 4 
[00157171] 4 | _ 1 8 11 0 _ 5 2 3 7 10 4 
[00157172] 4 | _ 1 8 11 0 _ 5 2 7 3 10 4 
[00157173] 5 | _ 1 8 11 0 _ _ 2 7 _ 10 4 
[00157174] 4 | 5 1 8 11 0 _ _ 2 7 _ 10 4 
[00157175] 3 | 5 1 8 11 0 3 _ 2 7 _ 10 4 
[00157176] 2 | 5 1 8 11 0 3 _ 2 7 9 10 4 
[00157177] 3 | 5 1 8 11 0 _ 3 2 7 _ 10 4 
[00157178] 2 | 5 1 8 11 0 _ 3 2 7 9 10 4 
[00157179] 4 | _ 1 8 11 0 _ _ 2 7 3 10 4 
[00157180] 7 | _ 1 _ 11 0 7 _ 2 _ _ 10 _ 
[00157181] 6 | _ 1 _ 11 0 7 6 2 _ _ 10 _ 
[00157182] 5 | _ 1 _ 11 0 7 6 2 3 8 10 _ 
[00157183] 4 | 5 1 _ 11 0 7 6 2 3 8 10 _ 
[00157184] 3 | 5 1 4 11 0 7 6 2 3 8 10 _ 
[00157185] 4 | _ 1 5 11 0 7 6 2 3 8 10 _ 
[00157186] 3 | 4 1 5 11 0 7 6 2 3 8 10 _ 
[00157187] 5 | _ 1 _ 11 0 7 6 2 4 9 10 _ 
[00157188] 4 | 5 1 _ 11 0 7 6 2 4 9 10 _ 
[00157189] 4 | _ 1 5 11 0 7 6 2 4 9 10 _ 
[00157190] 5 | _ 1 _ 11 0 7 6 2 8 3 10 _ 
[00157191] 4 | 5 1 _ 11 0 7 6 2 8 3 10 _ 
[00157192] 3 | 5 1 4 11 0 7 6 2 8 3 10 _ 
[00157193] 4 | _ 1 5 11 0 7 6 2 8 3 10 _ 
[00157194] 3 | 4 1 5 11 0 7 6 2 8 3 10 _ 
[00157195] 5 | _ 1 _ 11 0 7 6 2 9 4 10 _ 
[00157196] 4 | 5 1 _ 11 0 7 6 2 9 4 10 _ 
[00157197] 4 | _ 1 5 11 0 7 6 2 9 4 10 _ 
[00157198] 5 | _ 1 _ 11 0 7 6 2 _ _ 10 5 
[00157199] 4 | _ 1 _ 11 0 7 6 2 4 8 10 5 
[00157200] 4 | _ 1 _ 11 0 7 6 2 8 4 10 5 
[00157201] 6 | _ 1 _ 11 0 7 _ 2 8 _ 10 _ 
[00157202] 5 | 6 1 _ 11 0 7 _ 2 8 _ 10 _ 
[00157203] 4 | 6 1 5 11 0 7 _ 2 8 _ 10 _ 
[00157204] 3 | 6 1 5 11 0 7 3 2 8 _ 10 _ 
[00157205] 2 | 6 1 5 11 0 7 3 2 8 10 10 _ 
[00157206] 2 | 6 1 5 11 0 7 3 2 8 _ 10 8 
[00157207] 4 | 6 1 _ 11 0 7 4 2 8 _ 10 _ 
[00157208] 3 | 6 1 _ 11 0 7 4 2 8 5 10 _ 
[00157209] 2 | 6 1 3 11 0 7 4 2 8 5 10 _ 
[00157210] 1 | 6 1 3 11 0 7 4 2 8 5 10 9  *Graceful*
[00157210] 4 | 6 1 _ 11 0 7 _ 2 8 4 10 _ 
[00157211] 3 | 6 1 _ 11 0 7 3 2 8 4 10 _ 
[00157212] 5 | _ 1 6 11 0 7 _ 2 8 _ 10 _ 
[00157213] 4 | 5 1 6 11 0 7 _ 2 8 _ 10 _ 
[00157214] 3 | 5 1 6 11 0 7 3 2 8 _ 10 _ 
[00157215] 2 | 5 1 6 11 0 7 3 2 8 10 10 _ 
[00157216] 2 | 5 1 6 11 0 7 3 2 8 _ 10 8 
[00157217] 4 | _ 1 6 11 0 7 4 2 8 _ 10 _ 
[00157218] 3 | _ 1 6 11 0 7 4 2 8 5 10 _ 
[00157219] 2 | 3 1 6 11 0 7 4 2 8 5 10 _ 
[00157220] 1 | 3 1 6 11 0 7 4 2 8 5 10 9  *Graceful*
[00157220] 4 | _ 1 6 11 0 7 _ 2 8 4 10 _ 
[00157221] 3 | _ 1 6 11 0 7 3 2 8 4 10 _ 
[00157222] 5 | _ 1 _ 11 0 7 5 2 8 _ 10 _ 
[00157223] 4 | _ 1 _ 11 0 7 5 2 8 4 10 _ 
[00157224] 4 | _ 1 _ 11 0 7 5 2 8 _ 10 6 
[00157225] 3 | 4 1 _ 11 0 7 5 2 8 _ 10 6 
[00157226] 2 | 4 1 3 11 0 7 5 2 8 _ 10 6 
[00157227] 1 | 4 1 3 11 0 7 5 2 8 9 10 6  *Graceful*
[00157227] 3 | _ 1 4 11 0 7 5 2 8 _ 10 6 
[00157228] 2 | 3 1 4 11 0 7 5 2 8 _ 10 6 
[00157229] 1 | 3 1 4 11 0 7 5 2 8 9 10 6  *Graceful*
[00157229] 5 | _ 1 _ 11 0 7 _ 2 8 3 10 _ 
[00157230] 4 | 5 1 _ 11 0 7 _ 2 8 3 10 _ 
[00157231] 3 | 5 1 4 11 0 7 _ 2 8 3 10 _ 
[00157232] 4 | _ 1 5 11 0 7 _ 2 8 3 10 _ 
[00157233] 3 | 4 1 5 11 0 7 _ 2 8 3 10 _ 
[00157234] 4 | _ 1 _ 11 0 7 4 2 8 3 10 _ 
[00157235] 4 | _ 1 _ 11 0 7 _ 2 8 3 10 6 
[00157236] 3 | 4 1 _ 11 0 7 _ 2 8 3 10 6 
[00157237] 3 | _ 1 4 11 0 7 _ 2 8 3 10 6 
[00157238] 5 | _ 1 _ 11 0 7 _ 2 8 _ 10 5 
[00157239] 4 | _ 1 _ 11 0 7 4 2 8 _ 10 5 
[00157240] 4 | _ 1 _ 11 0 7 _ 2 8 4 10 5 
[00157241] 3 | _ 1 _ 11 0 7 3 2 8 4 10 5 
[00157242] 6 | _ 1 _ 11 0 7 _ 2 3 9 10 _ 
[00157243] 5 | 6 1 _ 11 0 7 _ 2 3 9 10 _ 
[00157244] 4 | 6 1 5 11 0 7 _ 2 3 9 10 _ 
[00157245] 4 | 6 1 _ 11 0 7 4 2 3 9 10 _ 
[00157246] 5 | _ 1 6 11 0 7 _ 2 3 9 10 _ 
[00157247] 4 | 5 1 6 11 0 7 _ 2 3 9 10 _ 
[00157248] 4 | _ 1 6 11 0 7 4 2 3 9 10 _ 
[00157249] 5 | _ 1 _ 11 0 7 5 2 3 9 10 _ 
[00157250] 4 | _ 1 _ 11 0 7 5 2 3 9 10 6 
[00157251] 3 | 4 1 _ 11 0 7 5 2 3 9 10 6 
[00157252] 3 | _ 1 4 11 0 7 5 2 3 9 10 6 
[00157253] 5 | _ 1 _ 11 0 7 _ 2 3 9 10 5 
[00157254] 4 | _ 1 _ 11 0 7 4 2 3 9 10 5 
[00157255] 6 | _ 1 _ 11 0 7 _ 2 9 3 10 _ 
[00157256] 5 | 6 1 _ 11 0 7 _ 2 9 3 10 _ 
[00157257] 4 | 6 1 5 11 0 7 _ 2 9 3 10 _ 
[00157258] 4 | 6 1 _ 11 0 7 4 2 9 3 10 _ 
[00157259] 5 | _ 1 6 11 0 7 _ 2 9 3 10 _ 
[00157260] 4 | 5 1 6 11 0 7 _ 2 9 3 10 _ 
[00157261] 4 | _ 1 6 11 0 7 4 2 9 3 10 _ 
[00157262] 5 | _ 1 _ 11 0 7 5 2 9 3 10 _ 
[00157263] 4 | _ 1 _ 11 0 7 5 2 9 3 10 6 
[00157264] 3 | 4 1 _ 11 0 7 5 2 9 3 10 6 
[00157265] 3 | _ 1 4 11 0 7 5 2 9 3 10 6 
[00157266] 5 | _ 1 _ 11 0 7 _ 2 9 3 10 5 
[00157267] 4 | _ 1 _ 11 0 7 4 2 9 3 10 5 
[00157268] 6 | _ 1 _ 11 0 7 _ 2 _ _ 10 4 
[00157269] 5 | 6 1 _ 11 0 7 _ 2 _ _ 10 4 
[00157270] 4 | 6 1 5 11 0 7 _ 2 _ _ 10 4 
[00157271] 3 | 6 1 5 11 0 7 3 2 _ _ 10 4 
[00157272] 4 | 6 1 _ 11 0 7 _ 2 5 9 10 4 
[00157273] 3 | 6 1 _ 11 0 7 3 2 5 9 10 4 
[00157274] 4 | 6 1 _ 11 0 7 _ 2 9 5 10 4 
[00157275] 3 | 6 1 _ 11 0 7 3 2 9 5 10 4 
[00157276] 5 | _ 1 6 11 0 7 _ 2 _ _ 10 4 
[00157277] 4 | 5 1 6 11 0 7 _ 2 _ _ 10 4 
[00157278] 3 | 5 1 6 11 0 7 3 2 _ _ 10 4 
[00157279] 4 | _ 1 6 11 0 7 _ 2 5 9 10 4 
[00157280] 3 | _ 1 6 11 0 7 3 2 5 9 10 4 
[00157281] 4 | _ 1 6 11 0 7 _ 2 9 5 10 4 
[00157282] 3 | _ 1 6 11 0 7 3 2 9 5 10 4 
[00157283] 5 | _ 1 _ 11 0 7 5 2 _ _ 10 4 
[00157284] 4 | _ 1 _ 11 0 7 5 2 6 _ 10 4 
[00157285] 3 | _ 1 _ 11 0 7 5 2 6 3 10 4 
[00157286] 3 | _ 1 _ 11 0 7 5 2 6 9 10 4 
[00157287] 2 | 3 1 _ 11 0 7 5 2 6 9 10 4 
[00157288] 2 | _ 1 3 11 0 7 5 2 6 9 10 4 
[00157289] 5 | _ 1 _ 11 0 7 _ 2 3 8 10 4 
[00157290] 4 | 5 1 _ 11 0 7 _ 2 3 8 10 4 
[00157291] 4 | _ 1 5 11 0 7 _ 2 3 8 10 4 
[00157292] 5 | _ 1 _ 11 0 7 _ 2 8 3 10 4 
[00157293] 4 | 5 1 _ 11 0 7 _ 2 8 3 10 4 
[00157294] 4 | _ 1 5 11 0 7 _ 2 8 3 10 4 
[00157295] 7 | _ 1 _ 11 0 _ 7 2 _ _ 10 _ 
[00157296] 6 | _ 1 _ 11 0 6 7 2 _ _ 10 _ 
[00157297] 5 | _ 1 _ 11 0 6 7 2 3 8 10 _ 
[00157298] 4 | 5 1 _ 11 0 6 7 2 3 8 10 _ 
[00157299] 3 | 5 1 4 11 0 6 7 2 3 8 10 _ 
[00157300] 4 | _ 1 5 11 0 6 7 2 3 8 10 _ 
[00157301] 3 | 4 1 5 11 0 6 7 2 3 8 10 _ 
[00157302] 5 | _ 1 _ 11 0 6 7 2 4 9 10 _ 
[00157303] 4 | 5 1 _ 11 0 6 7 2 4 9 10 _ 
[00157304] 4 | _ 1 5 11 0 6 7 2 4 9 10 _ 
[00157305] 5 | _ 1 _ 11 0 6 7 2 8 3 10 _ 
[00157306] 4 | 5 1 _ 11 0 6 7 2 8 3 10 _ 
[00157307] 3 | 5 1 4 11 0 6 7 2 8 3 10 _ 
[00157308] 4 | _ 1 5 11 0 6 7 2 8 3 10 _ 
[00157309] 3 | 4 1 5 11 0 6 7 2 8 3 10 _ 
[00157310] 5 | _ 1 _ 11 0 6 7 2 9 4 10 _ 
[00157311] 4 | 5 1 _ 11 0 6 7 2 9 4 10 _ 
[00157312] 4 | _ 1 5 11 0 6 7 2 9 4 10 _ 
[00157313] 5 | _ 1 _ 11 0 6 7 2 _ _ 10 5 
[00157314] 4 | _ 1 _ 11 0 6 7 2 4 8 10 5 
[00157315] 4 | _ 1 _ 11 0 6 7 2 8 4 10 5 
[00157316] 6 | _ 1 _ 11 0 _ 7 2 8 _ 10 _ 
[00157317] 5 | 6 1 _ 11 0 _ 7 2 8 _ 10 _ 
[00157318] 4 | 6 1 5 11 0 _ 7 2 8 _ 10 _ 
[00157319] 3 | 6 1 5 11 0 3 7 2 8 _ 10 _ 
[00157320] 2 | 6 1 5 11 0 3 7 2 8 10 10 _ 
[00157321] 2 | 6 1 5 11 0 3 7 2 8 _ 10 8 
[00157322] 4 | 6 1 _ 11 0 4 7 2 8 _ 10 _ 
[00157323] 3 | 6 1 _ 11 0 4 7 2 8 5 10 _ 
[00157324] 2 | 6 1 3 11 0 4 7 2 8 5 10 _ 
[00157325] 1 | 6 1 3 11 0 4 7 2 8 5 10 9  *Graceful*
[00157325] 4 | 6 1 _ 11 0 _ 7 2 8 4 10 _ 
[00157326] 3 | 6 1 _ 11 0 3 7 2 8 4 10 _ 
[00157327] 5 | _ 1 6 11 0 _ 7 2 8 _ 10 _ 
[00157328] 4 | 5 1 6 11 0 _ 7 2 8 _ 10 _ 
[00157329] 3 | 5 1 6 11 0 3 7 2 8 _ 10 _ 
[00157330] 2 | 5 1 6 11 0 3 7 2 8 10 10 _ 
[00157331] 2 | 5 1 6 11 0 3 7 2 8 _ 10 8 
[00157332] 4 | _ 1 6 11 0 4 7 2 8 _ 10 _ 
[00157333] 3 | _ 1 6 11 0 4 7 2 8 5 10 _ 
[00157334] 2 | 3 1 6 11 0 4 7 2 8 5 10 _ 
[00157335] 1 | 3 1 6 11 0 4 7 2 8 5 10 9  *Graceful*
[00157335] 4 | _ 1 6 11 0 _ 7 2 8 4 10 _ 
[00157336] 3 | _ 1 6 11 0 3 7 2 8 4 10 _ 
[00157337] 5 | _ 1 _ 11 0 5 7 2 8 _ 10 _ 
[00157338] 4 | _ 1 _ 11 0 5 7 2 8 4 10 _ 
[00157339] 4 | _ 1 _ 11 0 5 7 2 8 _ 10 6 
[00157340] 3 | 4 1 _ 11 0 5 7 2 8 _ 10 6 
[00157341] 2 | 4 1 3 11 0 5 7 2 8 _ 10 6 
[00157342] 1 | 4 1 3 11 0 5 7 2 8 9 10 6  *Graceful*
[00157342] 3 | _ 1 4 11 0 5 7 2 8 _ 10 6 
[00157343] 2 | 3 1 4 11 0 5 7 2 8 _ 10 6 
[00157344] 1 | 3 1 4 11 0 5 7 2 8 9 10 6  *Graceful*
[00157344] 5 | _ 1 _ 11 0 _ 7 2 8 3 10 _ 
[00157345] 4 | 5 1 _ 11 0 _ 7 2 8 3 10 _ 
[00157346] 3 | 5 1 4 11 0 _ 7 2 8 3 10 _ 
[00157347] 4 | _ 1 5 11 0 _ 7 2 8 3 10 _ 
[00157348] 3 | 4 1 5 11 0 _ 7 2 8 3 10 _ 
[00157349] 4 | _ 1 _ 11 0 4 7 2 8 3 10 _ 
[00157350] 4 | _ 1 _ 11 0 _ 7 2 8 3 10 6 
[00157351] 3 | 4 1 _ 11 0 _ 7 2 8 3 10 6 
[00157352] 3 | _ 1 4 11 0 _ 7 2 8 3 10 6 
[00157353] 5 | _ 1 _ 11 0 _ 7 2 8 _ 10 5 
[00157354] 4 | _ 1 _ 11 0 4 7 2 8 _ 10 5 
[00157355] 4 | _ 1 _ 11 0 _ 7 2 8 4 10 5 
[00157356] 3 | _ 1 _ 11 0 3 7 2 8 4 10 5 
[00157357] 6 | _ 1 _ 11 0 _ 7 2 3 9 10 _ 
[00157358] 5 | 6 1 _ 11 0 _ 7 2 3 9 10 _ 
[00157359] 4 | 6 1 5 11 0 _ 7 2 3 9 10 _ 
[00157360] 4 | 6 1 _ 11 0 4 7 2 3 9 10 _ 
[00157361] 5 | _ 1 6 11 0 _ 7 2 3 9 10 _ 
[00157362] 4 | 5 1 6 11 0 _ 7 2 3 9 10 _ 
[00157363] 4 | _ 1 6 11 0 4 7 2 3 9 10 _ 
[00157364] 5 | _ 1 _ 11 0 5 7 2 3 9 10 _ 
[00157365] 4 | _ 1 _ 11 0 5 7 2 3 9 10 6 
[00157366] 3 | 4 1 _ 11 0 5 7 2 3 9 10 6 
[00157367] 3 | _ 1 4 11 0 5 7 2 3 9 10 6 
[00157368] 5 | _ 1 _ 11 0 _ 7 2 3 9 10 5 
[00157369] 4 | _ 1 _ 11 0 4 7 2 3 9 10 5 
[00157370] 6 | _ 1 _ 11 0 _ 7 2 9 3 10 _ 
[00157371] 5 | 6 1 _ 11 0 _ 7 2 9 3 10 _ 
[00157372] 4 | 6 1 5 11 0 _ 7 2 9 3 10 _ 
[00157373] 4 | 6 1 _ 11 0 4 7 2 9 3 10 _ 
[00157374] 5 | _ 1 6 11 0 _ 7 2 9 3 10 _ 
[00157375] 4 | 5 1 6 11 0 _ 7 2 9 3 10 _ 
[00157376] 4 | _ 1 6 11 0 4 7 2 9 3 10 _ 
[00157377] 5 | _ 1 _ 11 0 5 7 2 9 3 10 _ 
[00157378] 4 | _ 1 _ 11 0 5 7 2 9 3 10 6 
[00157379] 3 | 4 1 _ 11 0 5 7 2 9 3 10 6 
[00157380] 3 | _ 1 4 11 0 5 7 2 9 3 10 6 
[00157381] 5 | _ 1 _ 11 0 _ 7 2 9 3 10 5 
[00157382] 4 | _ 1 _ 11 0 4 7 2 9 3 10 5 
[00157383] 6 | _ 1 _ 11 0 _ 7 2 _ _ 10 4 
[00157384] 5 | 6 1 _ 11 0 _ 7 2 _ _ 10 4 
[00157385] 4 | 6 1 5 11 0 _ 7 2 _ _ 10 4 
[00157386] 3 | 6 1 5 11 0 3 7 2 _ _ 10 4 
[00157387] 4 | 6 1 _ 11 0 _ 7 2 5 9 10 4 
[00157388] 3 | 6 1 _ 11 0 3 7 2 5 9 10 4 
[00157389] 4 | 6 1 _ 11 0 _ 7 2 9 5 10 4 
[00157390] 3 | 6 1 _ 11 0 3 7 2 9 5 10 4 
[00157391] 5 | _ 1 6 11 0 _ 7 2 _ _ 10 4 
[00157392] 4 | 5 1 6 11 0 _ 7 2 _ _ 10 4 
[00157393] 3 | 5 1 6 11 0 3 7 2 _ _ 10 4 
[00157394] 4 | _ 1 6 11 0 _ 7 2 5 9 10 4 
[00157395] 3 | _ 1 6 11 0 3 7 2 5 9 10 4 
[00157396] 4 | _ 1 6 11 0 _ 7 2 9 5 10 4 
[00157397] 3 | _ 1 6 11 0 3 7 2 9 5 10 4 
[00157398] 5 | _ 1 _ 11 0 5 7 2 _ _ 10 4 
[00157399] 4 | _ 1 _ 11 0 5 7 2 6 _ 10 4 
[00157400] 3 | _ 1 _ 11 0 5 7 2 6 3 10 4 
[00157401] 3 | _ 1 _ 11 0 5 7 2 6 9 10 4 
[00157402] 2 | 3 1 _ 11 0 5 7 2 6 9 10 4 
[00157403] 2 | _ 1 3 11 0 5 7 2 6 9 10 4 
[00157404] 5 | _ 1 _ 11 0 _ 7 2 3 8 10 4 
[00157405] 4 | 5 1 _ 11 0 _ 7 2 3 8 10 4 
[00157406] 4 | _ 1 5 11 0 _ 7 2 3 8 10 4 
[00157407] 5 | _ 1 _ 11 0 _ 7 2 8 3 10 4 
[00157408] 4 | 5 1 _ 11 0 _ 7 2 8 3 10 4 
[00157409] 4 | _ 1 5 11 0 _ 7 2 8 3 10 4 
[00157410] 7 | _ 1 _ 11 0 _ _ 2 9 _ 10 _ 
[00157411] 6 | 7 1 _ 11 0 _ _ 2 9 _ 10 _ 
[00157412] 5 | 7 1 6 11 0 _ _ 2 9 _ 10 _ 
[00157413] 4 | 7 1 6 11 0 4 _ 2 9 _ 10 _ 
[00157414] 3 | 7 1 6 11 0 4 3 2 9 _ 10 _ 
[00157415] 2 | 7 1 6 11 0 4 3 2 9 _ 10 8 
[00157416] 4 | 7 1 6 11 0 _ 4 2 9 _ 10 _ 
[00157417] 3 | 7 1 6 11 0 3 4 2 9 _ 10 _ 
[00157418] 2 | 7 1 6 11 0 3 4 2 9 _ 10 8 
[00157419] 4 | 7 1 6 11 0 _ _ 2 9 5 10 _ 
[00157420] 3 | 7 1 6 11 0 3 _ 2 9 5 10 _ 
[00157421] 2 | 7 1 6 11 0 3 _ 2 9 5 10 8 
[00157422] 3 | 7 1 6 11 0 _ 3 2 9 5 10 _ 
[00157423] 2 | 7 1 6 11 0 _ 3 2 9 5 10 8 
[00157424] 5 | 7 1 _ 11 0 5 _ 2 9 _ 10 _ 
[00157425] 4 | 7 1 _ 11 0 5 4 2 9 _ 10 _ 
[00157426] 3 | 7 1 _ 11 0 5 4 2 9 6 10 _ 
[00157427] 2 | 7 1 3 11 0 5 4 2 9 6 10 _ 
[00157428] 2 | 7 1 _ 11 0 5 4 2 9 6 10 8 
[00157429] 4 | 7 1 _ 11 0 5 _ 2 9 _ 10 6 
[00157430] 3 | 7 1 4 11 0 5 _ 2 9 _ 10 6 
[00157431] 3 | 7 1 _ 11 0 5 3 2 9 _ 10 6 
[00157432] 5 | 7 1 _ 11 0 _ 5 2 9 _ 10 _ 
[00157433] 4 | 7 1 _ 11 0 4 5 2 9 _ 10 _ 
[00157434] 3 | 7 1 _ 11 0 4 5 2 9 6 10 _ 
[00157435] 2 | 7 1 3 11 0 4 5 2 9 6 10 _ 
[00157436] 2 | 7 1 _ 11 0 4 5 2 9 6 10 8 
[00157437] 4 | 7 1 _ 11 0 _ 5 2 9 _ 10 6 
[00157438] 3 | 7 1 4 11 0 _ 5 2 9 _ 10 6 
[00157439] 3 | 7 1 _ 11 0 3 5 2 9 _ 10 6 
[00157440] 5 | 7 1 _ 11 0 _ _ 2 9 4 10 _ 
[00157441] 4 | 7 1 5 11 0 _ _ 2 9 4 10 _ 
[00157442] 3 | 7 1 5 11 0 3 _ 2 9 4 10 _ 
[00157443] 2 | 7 1 5 11 0 3 _ 2 9 4 10 8 
[00157444] 3 | 7 1 5 11 0 _ 3 2 9 4 10 _ 
[00157445] 2 | 7 1 5 11 0 _ 3 2 9 4 10 8 
[00157446] 4 | 7 1 _ 11 0 _ _ 2 9 4 10 6 
[00157447] 3 | 7 1 _ 11 0 3 _ 2 9 4 10 6 
[00157448] 3 | 7 1 _ 11 0 _ 3 2 9 4 10 6 
[00157449] 5 | 7 1 _ 11 0 _ _ 2 9 _ 10 5 
[00157450] 4 | 7 1 _ 11 0 4 _ 2 9 _ 10 5 
[00157451] 3 | 7 1 _ 11 0 4 3 2 9 _ 10 5 
[00157452] 3 | 7 1 _ 11 0 4 _ 2 9 6 10 5 
[00157453] 2 | 7 1 3 11 0 4 _ 2 9 6 10 5 
[00157454] 4 | 7 1 _ 11 0 _ 4 2 9 _ 10 5 
[00157455] 3 | 7 1 _ 11 0 3 4 2 9 _ 10 5 
[00157456] 3 | 7 1 _ 11 0 _ 4 2 9 6 10 5 
[00157457] 2 | 7 1 3 11 0 _ 4 2 9 6 10 5 
[00157458] 6 | _ 1 7 11 0 _ _ 2 9 _ 10 _ 
[00157459] 5 | 6 1 7 11 0 _ _ 2 9 _ 10 _ 
[00157460] 4 | 6 1 7 11 0 4 _ 2 9 _ 10 _ 
[00157461] 3 | 6 1 7 11 0 4 3 2 9 _ 10 _ 
[00157462] 2 | 6 1 7 11 0 4 3 2 9 _ 10 8 
[00157463] 4 | 6 1 7 11 0 _ 4 2 9 _ 10 _ 
[00157464] 3 | 6 1 7 11 0 3 4 2 9 _ 10 _ 
[00157465] 2 | 6 1 7 11 0 3 4 2 9 _ 10 8 
[00157466] 4 | 6 1 7 11 0 _ _ 2 9 5 10 _ 
[00157467] 3 | 6 1 7 11 0 3 _ 2 9 5 10 _ 
[00157468] 2 | 6 1 7 11 0 3 _ 2 9 5 10 8 
[00157469] 3 | 6 1 7 11 0 _ 3 2 9 5 10 _ 
[00157470] 2 | 6 1 7 11 0 _ 3 2 9 5 10 8 
[00157471] 5 | _ 1 7 11 0 5 _ 2 9 _ 10 _ 
[00157472] 4 | _ 1 7 11 0 5 4 2 9 _ 10 _ 
[00157473] 3 | _ 1 7 11 0 5 4 2 9 6 10 _ 
[00157474] 2 | 3 1 7 11 0 5 4 2 9 6 10 _ 
[00157475] 2 | _ 1 7 11 0 5 4 2 9 6 10 8 
[00157476] 4 | _ 1 7 11 0 5 _ 2 9 _ 10 6 
[00157477] 3 | 4 1 7 11 0 5 _ 2 9 _ 10 6 
[00157478] 3 | _ 1 7 11 0 5 3 2 9 _ 10 6 
[00157479] 5 | _ 1 7 11 0 _ 5 2 9 _ 10 _ 
[00157480] 4 | _ 1 7 11 0 4 5 2 9 _ 10 _ 
[00157481] 3 | _ 1 7 11 0 4 5 2 9 6 10 _ 
[00157482] 2 | 3 1 7 11 0 4 5 2 9 6 10 _ 
[00157483] 2 | _ 1 7 11 0 4 5 2 9 6 10 8 
[00157484] 4 | _ 1 7 11 0 _ 5 2 9 _ 10 6 
[00157485] 3 | 4 1 7 11 0 _ 5 2 9 _ 10 6 
[00157486] 3 | _ 1 7 11 0 3 5 2 9 _ 10 6 
[00157487] 5 | _ 1 7 11 0 _ _ 2 9 4 10 _ 
[00157488] 4 | 5 1 7 11 0 _ _ 2 9 4 10 _ 
[00157489] 3 | 5 1 7 11 0 3 _ 2 9 4 10 _ 
[00157490] 2 | 5 1 7 11 0 3 _ 2 9 4 10 8 
[00157491] 3 | 5 1 7 11 0 _ 3 2 9 4 10 _ 
[00157492] 2 | 5 1 7 11 0 _ 3 2 9 4 10 8 
[00157493] 4 | _ 1 7 11 0 _ _ 2 9 4 10 6 
[00157494] 3 | _ 1 7 11 0 3 _ 2 9 4 10 6 
[00157495] 3 | _ 1 7 11 0 _ 3 2 9 4 10 6 
[00157496] 5 | _ 1 7 11 0 _ _ 2 9 _ 10 5 
[00157497] 4 | _ 1 7 11 0 4 _ 2 9 _ 10 5 
[00157498] 3 | _ 1 7 11 0 4 3 2 9 _ 10 5 
[00157499] 3 | _ 1 7 11 0 4 _ 2 9 6 10 5 
[00157500] 2 | 3 1 7 11 0 4 _ 2 9 6 10 5 
[00157501] 4 | _ 1 7 11 0 _ 4 2 9 _ 10 5 
[00157502] 3 | _ 1 7 11 0 3 4 2 9 _ 10 5 
[00157503] 3 | _ 1 7 11 0 _ 4 2 9 6 10 5 
[00157504] 2 | 3 1 7 11 0 _ 4 2 9 6 10 5 
[00157505] 6 | _ 1 _ 11 0 6 _ 2 9 _ 10 _ 
[00157506] 5 | _ 1 _ 11 0 6 5 2 9 _ 10 _ 
[00157507] 5 | _ 1 _ 11 0 6 _ 2 9 4 10 _ 
[00157508] 4 | 5 1 _ 11 0 6 _ 2 9 4 10 _ 
[00157509] 3 | 5 1 _ 11 0 6 3 2 9 4 10 _ 
[00157510] 2 | 5 1 _ 11 0 6 3 2 9 4 10 8 
[00157511] 3 | 5 1 _ 11 0 6 _ 2 9 4 10 7 
[00157512] 2 | 5 1 3 11 0 6 _ 2 9 4 10 7 
[00157513] 4 | _ 1 5 11 0 6 _ 2 9 4 10 _ 
[00157514] 3 | _ 1 5 11 0 6 3 2 9 4 10 _ 
[00157515] 2 | _ 1 5 11 0 6 3 2 9 4 10 8 
[00157516] 3 | _ 1 5 11 0 6 _ 2 9 4 10 7 
[00157517] 2 | 3 1 5 11 0 6 _ 2 9 4 10 7 
[00157518] 5 | _ 1 _ 11 0 6 _ 2 9 _ 10 5 
[00157519] 4 | _ 1 _ 11 0 6 4 2 9 _ 10 5 
[00157520] 6 | _ 1 _ 11 0 _ 6 2 9 _ 10 _ 
[00157521] 5 | _ 1 _ 11 0 5 6 2 9 _ 10 _ 
[00157522] 5 | _ 1 _ 11 0 _ 6 2 9 4 10 _ 
[00157523] 4 | 5 1 _ 11 0 _ 6 2 9 4 10 _ 
[00157524] 3 | 5 1 _ 11 0 3 6 2 9 4 10 _ 
[00157525] 2 | 5 1 _ 11 0 3 6 2 9 4 10 8 
[00157526] 3 | 5 1 _ 11 0 _ 6 2 9 4 10 7 
[00157527] 2 | 5 1 3 11 0 _ 6 2 9 4 10 7 
[00157528] 4 | _ 1 5 11 0 _ 6 2 9 4 10 _ 
[00157529] 3 | _ 1 5 11 0 3 6 2 9 4 10 _ 
[00157530] 2 | _ 1 5 11 0 3 6 2 9 4 10 8 
[00157531] 3 | _ 1 5 11 0 _ 6 2 9 4 10 7 
[00157532] 2 | 3 1 5 11 0 _ 6 2 9 4 10 7 
[00157533] 5 | _ 1 _ 11 0 _ 6 2 9 _ 10 5 
[00157534] 4 | _ 1 _ 11 0 4 6 2 9 _ 10 5 
[00157535] 6 | _ 1 _ 11 0 _ _ 2 9 3 10 _ 
[00157536] 5 | 6 1 _ 11 0 _ _ 2 9 3 10 _ 
[00157537] 4 | 6 1 5 11 0 _ _ 2 9 3 10 _ 
[00157538] 3 | 6 1 5 11 0 _ _ 2 9 3 10 7 
[00157539] 4 | 6 1 _ 11 0 4 _ 2 9 3 10 _ 
[00157540] 3 | 6 1 _ 11 0 4 _ 2 9 3 10 7 
[00157541] 4 | 6 1 _ 11 0 _ 4 2 9 3 10 _ 
[00157542] 3 | 6 1 _ 11 0 _ 4 2 9 3 10 7 
[00157543] 5 | _ 1 6 11 0 _ _ 2 9 3 10 _ 
[00157544] 4 | 5 1 6 11 0 _ _ 2 9 3 10 _ 
[00157545] 3 | 5 1 6 11 0 _ _ 2 9 3 10 7 
[00157546] 4 | _ 1 6 11 0 4 _ 2 9 3 10 _ 
[00157547] 3 | _ 1 6 11 0 4 _ 2 9 3 10 7 
[00157548] 4 | _ 1 6 11 0 _ 4 2 9 3 10 _ 
[00157549] 3 | _ 1 6 11 0 _ 4 2 9 3 10 7 
[00157550] 5 | _ 1 _ 11 0 5 _ 2 9 3 10 _ 
[00157551] 4 | _ 1 _ 11 0 5 4 2 9 3 10 _ 
[00157552] 3 | _ 1 _ 11 0 5 4 2 9 3 10 7 
[00157553] 4 | _ 1 _ 11 0 5 _ 2 9 3 10 6 
[00157554] 3 | 4 1 _ 11 0 5 _ 2 9 3 10 6 
[00157555] 3 | _ 1 4 11 0 5 _ 2 9 3 10 6 
[00157556] 5 | _ 1 _ 11 0 _ 5 2 9 3 10 _ 
[00157557] 4 | _ 1 _ 11 0 4 5 2 9 3 10 _ 
[00157558] 3 | _ 1 _ 11 0 4 5 2 9 3 10 7 
[00157559] 4 | _ 1 _ 11 0 _ 5 2 9 3 10 6 
[00157560] 3 | 4 1 _ 11 0 _ 5 2 9 3 10 6 
[00157561] 3 | _ 1 4 11 0 _ 5 2 9 3 10 6 
[00157562] 5 | _ 1 _ 11 0 _ _ 2 9 3 10 5 
[00157563] 4 | _ 1 _ 11 0 4 _ 2 9 3 10 5 
[00157564] 4 | _ 1 _ 11 0 _ 4 2 9 3 10 5 
[00157565] 6 | _ 1 _ 11 0 _ _ 2 9 _ 10 4 
[00157566] 5 | 6 1 _ 11 0 _ _ 2 9 _ 10 4 
[00157567] 4 | 6 1 5 11 0 _ _ 2 9 _ 10 4 
[00157568] 3 | 6 1 5 11 0 3 _ 2 9 _ 10 4 
[00157569] 2 | 6 1 5 11 0 3 _ 2 9 7 10 4 
[00157570] 3 | 6 1 5 11 0 _ 3 2 9 _ 10 4 
[00157571] 2 | 6 1 5 11 0 _ 3 2 9 7 10 4 
[00157572] 4 | 6 1 _ 11 0 _ _ 2 9 5 10 4 
[00157573] 3 | 6 1 _ 11 0 3 _ 2 9 5 10 4 
[00157574] 3 | 6 1 _ 11 0 _ 3 2 9 5 10 4 
[00157575] 5 | _ 1 6 11 0 _ _ 2 9 _ 10 4 
[00157576] 4 | 5 1 6 11 0 _ _ 2 9 _ 10 4 
[00157577] 3 | 5 1 6 11 0 3 _ 2 9 _ 10 4 
[00157578] 2 | 5 1 6 11 0 3 _ 2 9 7 10 4 
[00157579] 3 | 5 1 6 11 0 _ 3 2 9 _ 10 4 
[00157580] 2 | 5 1 6 11 0 _ 3 2 9 7 10 4 
[00157581] 4 | _ 1 6 11 0 _ _ 2 9 5 10 4 
[00157582] 3 | _ 1 6 11 0 3 _ 2 9 5 10 4 
[00157583] 3 | _ 1 6 11 0 _ 3 2 9 5 10 4 
[00157584] 5 | _ 1 _ 11 0 5 _ 2 9 _ 10 4 
[00157585] 5 | _ 1 _ 11 0 _ 5 2 9 _ 10 4 
[00157586] 7 | _ 1 _ 11 0 _ _ 2 _ _ 10 3 
[00157587] 6 | 7 1 _ 11 0 _ _ 2 _ _ 10 3 
[00157588] 5 | 7 1 6 11 0 _ _ 2 _ _ 10 3 
