[00054901] 4 | 5 0 7 11 2 _ _ 1 9 3 10 6 
[00054902] 5 | _ 0 7 11 2 _ _ 1 9 3 6 _ 
[00054903] 4 | 4 0 7 11 2 _ _ 1 9 3 6 _ 
[00054904] 3 | 4 0 7 11 2 5 _ 1 9 3 6 _ 
[00054905] 2 | 4 0 7 11 2 5 _ 1 9 3 6 8 
[00054906] 3 | 4 0 7 11 2 _ 5 1 9 3 6 _ 
[00054907] 2 | 4 0 7 11 2 _ 5 1 9 3 6 8 
[00054908] 4 | _ 0 7 11 2 6 _ 1 9 3 6 _ 
[00054909] 3 | _ 0 7 11 2 6 5 1 9 3 6 _ 
[00054910] 4 | _ 0 7 11 2 _ 6 1 9 3 6 _ 
[00054911] 3 | _ 0 7 11 2 5 6 1 9 3 6 _ 
[00054912] 4 | _ 0 7 11 2 _ _ 1 9 3 6 2 
[00054913] 4 | _ 0 7 11 2 _ _ 1 9 3 6 10 
[00054914] 3 | _ 0 7 11 2 5 _ 1 9 3 6 10 
[00054915] 2 | 2 0 7 11 2 5 _ 1 9 3 6 10 
[00054916] 2 | _ 0 7 11 2 5 0 1 9 3 6 10 
[00054917] 2 | _ 0 7 11 2 5 4 1 9 3 6 10 
[00054918] 3 | _ 0 7 11 2 _ 5 1 9 3 6 10 
[00054919] 2 | 2 0 7 11 2 _ 5 1 9 3 6 10 
[00054920] 2 | _ 0 7 11 2 0 5 1 9 3 6 10 
[00054921] 2 | _ 0 7 11 2 4 5 1 9 3 6 10 
[00054922] 5 | _ 0 7 11 2 _ _ 1 9 3 5 10 
[00054923] 4 | 4 0 7 11 2 _ _ 1 9 3 5 10 
[00054924] 4 | _ 0 7 11 2 6 _ 1 9 3 5 10 
[00054925] 4 | _ 0 7 11 2 _ 6 1 9 3 5 10 
[00054926] 5 | _ 0 7 11 2 _ _ 1 9 3 10 5 
[00054927] 4 | 4 0 7 11 2 _ _ 1 9 3 10 5 
[00054928] 4 | _ 0 7 11 2 6 _ 1 9 3 10 5 
[00054929] 4 | _ 0 7 11 2 _ 6 1 9 3 10 5 
[00054930] 6 | _ 0 7 11 2 _ _ 1 9 _ 4 10 
[00054931] 5 | 5 0 7 11 2 _ _ 1 9 _ 4 10 
[00054932] 4 | 5 0 7 11 2 6 _ 1 9 _ 4 10 
[00054933] 4 | 5 0 7 11 2 _ 6 1 9 _ 4 10 
[00054934] 6 | _ 0 7 11 2 _ _ 1 9 _ 10 4 
[00054935] 5 | 5 0 7 11 2 _ _ 1 9 _ 10 4 
[00054936] 4 | 5 0 7 11 2 6 _ 1 9 _ 10 4 
[00054937] 4 | 5 0 7 11 2 _ 6 1 9 _ 10 4 
[00054938] 7 | _ 0 _ 11 2 9 _ 1 9 _ _ _ 
[00054939] 6 | 6 0 _ 11 2 9 _ 1 9 _ _ _ 
[00054940] 5 | 6 0 5 11 2 9 _ 1 9 _ _ _ 
[00054941] 4 | 6 0 5 11 2 9 _ 1 9 _ 3 7 
[00054942] 4 | 6 0 5 11 2 9 _ 1 9 _ 4 8 
[00054943] 4 | 6 0 5 11 2 9 _ 1 9 _ 7 3 
[00054944] 4 | 6 0 5 11 2 9 _ 1 9 _ 8 4 
[00054945] 5 | 6 0 _ 11 2 9 7 1 9 _ _ _ 
[00054946] 4 | 6 0 4 11 2 9 7 1 9 _ _ _ 
[00054947] 3 | 6 0 4 11 2 9 7 1 9 _ 5 8 
[00054948] 3 | 6 0 4 11 2 9 7 1 9 _ 8 5 
[00054949] 4 | 6 0 _ 11 2 9 7 1 9 _ 5 _ 
[00054950] 3 | 6 0 3 11 2 9 7 1 9 _ 5 _ 
[00054951] 3 | 6 0 _ 11 2 9 7 1 9 _ 5 8 
[00054952] 4 | 6 0 _ 11 2 9 7 1 9 _ 4 8 
[00054953] 3 | 6 0 3 11 2 9 7 1 9 _ 4 8 
[00054954] 4 | 6 0 _ 11 2 9 7 1 9 _ 8 4 
[00054955] 3 | 6 0 3 11 2 9 7 1 9 _ 8 4 
[00054956] 5 | 6 0 _ 11 2 9 _ 1 9 _ 3 8 
[00054957] 4 | 6 0 4 11 2 9 _ 1 9 _ 3 8 
[00054958] 3 | 6 0 4 11 2 9 5 1 9 _ 3 8 
[00054959] 5 | 6 0 _ 11 2 9 _ 1 9 _ 5 10 
[00054960] 4 | 6 0 4 11 2 9 _ 1 9 _ 5 10 
[00054961] 5 | 6 0 _ 11 2 9 _ 1 9 _ 8 3 
[00054962] 4 | 6 0 4 11 2 9 _ 1 9 _ 8 3 
[00054963] 3 | 6 0 4 11 2 9 5 1 9 _ 8 3 
[00054964] 5 | 6 0 _ 11 2 9 _ 1 9 _ 10 5 
[00054965] 4 | 6 0 4 11 2 9 _ 1 9 _ 10 5 
[00054966] 6 | _ 0 6 11 2 9 _ 1 9 _ _ _ 
[00054967] 5 | 5 0 6 11 2 9 _ 1 9 _ _ _ 
[00054968] 4 | 5 0 6 11 2 9 _ 1 9 _ 3 7 
[00054969] 4 | 5 0 6 11 2 9 _ 1 9 _ 4 8 
[00054970] 4 | 5 0 6 11 2 9 _ 1 9 _ 7 3 
[00054971] 4 | 5 0 6 11 2 9 _ 1 9 _ 8 4 
[00054972] 5 | _ 0 6 11 2 9 7 1 9 _ _ _ 
[00054973] 4 | 4 0 6 11 2 9 7 1 9 _ _ _ 
[00054974] 3 | 4 0 6 11 2 9 7 1 9 _ 5 8 
[00054975] 3 | 4 0 6 11 2 9 7 1 9 _ 8 5 
[00054976] 4 | _ 0 6 11 2 9 7 1 9 _ 5 _ 
[00054977] 3 | 3 0 6 11 2 9 7 1 9 _ 5 _ 
[00054978] 3 | _ 0 6 11 2 9 7 1 9 _ 5 8 
[00054979] 4 | _ 0 6 11 2 9 7 1 9 _ 4 8 
[00054980] 3 | 3 0 6 11 2 9 7 1 9 _ 4 8 
[00054981] 4 | _ 0 6 11 2 9 7 1 9 _ 8 4 
[00054982] 3 | 3 0 6 11 2 9 7 1 9 _ 8 4 
[00054983] 5 | _ 0 6 11 2 9 _ 1 9 _ 3 8 
[00054984] 4 | 4 0 6 11 2 9 _ 1 9 _ 3 8 
[00054985] 3 | 4 0 6 11 2 9 5 1 9 _ 3 8 
[00054986] 5 | _ 0 6 11 2 9 _ 1 9 _ 5 10 
[00054987] 4 | 4 0 6 11 2 9 _ 1 9 _ 5 10 
[00054988] 5 | _ 0 6 11 2 9 _ 1 9 _ 8 3 
[00054989] 4 | 4 0 6 11 2 9 _ 1 9 _ 8 3 
[00054990] 3 | 4 0 6 11 2 9 5 1 9 _ 8 3 
[00054991] 5 | _ 0 6 11 2 9 _ 1 9 _ 10 5 
[00054992] 4 | 4 0 6 11 2 9 _ 1 9 _ 10 5 
[00054993] 6 | _ 0 _ 11 2 9 8 1 9 _ _ _ 
[00054994] 5 | 5 0 _ 11 2 9 8 1 9 _ _ _ 
[00054995] 4 | 5 0 4 11 2 9 8 1 9 _ _ _ 
[00054996] 3 | 5 0 4 11 2 9 8 1 9 _ 3 6 
[00054997] 3 | 5 0 4 11 2 9 8 1 9 _ 7 10 
[00054998] 3 | 5 0 4 11 2 9 8 1 9 _ 6 3 
[00054999] 3 | 5 0 4 11 2 9 8 1 9 _ 10 7 
[00055000] 4 | 5 0 _ 11 2 9 8 1 9 _ 3 7 
[00055001] 4 | 5 0 _ 11 2 9 8 1 9 _ 6 10 
[00055002] 3 | 5 0 3 11 2 9 8 1 9 _ 6 10 
[00055003] 4 | 5 0 _ 11 2 9 8 1 9 _ 7 3 
[00055004] 4 | 5 0 _ 11 2 9 8 1 9 _ 10 6 
[00055005] 3 | 5 0 3 11 2 9 8 1 9 _ 10 6 
[00055006] 5 | _ 0 5 11 2 9 8 1 9 _ _ _ 
[00055007] 4 | 4 0 5 11 2 9 8 1 9 _ _ _ 
[00055008] 3 | 4 0 5 11 2 9 8 1 9 _ 3 6 
[00055009] 3 | 4 0 5 11 2 9 8 1 9 _ 7 10 
[00055010] 3 | 4 0 5 11 2 9 8 1 9 _ 6 3 
[00055011] 3 | 4 0 5 11 2 9 8 1 9 _ 10 7 
[00055012] 4 | _ 0 5 11 2 9 8 1 9 _ 3 7 
[00055013] 4 | _ 0 5 11 2 9 8 1 9 _ 6 10 
[00055014] 3 | 3 0 5 11 2 9 8 1 9 _ 6 10 
[00055015] 4 | _ 0 5 11 2 9 8 1 9 _ 7 3 
[00055016] 4 | _ 0 5 11 2 9 8 1 9 _ 10 6 
[00055017] 3 | 3 0 5 11 2 9 8 1 9 _ 10 6 
[00055018] 5 | _ 0 _ 11 2 9 8 1 9 _ 6 _ 
[00055019] 4 | 4 0 _ 11 2 9 8 1 9 _ 6 _ 
[00055020] 3 | 4 0 3 11 2 9 8 1 9 _ 6 _ 
[00055021] 3 | 4 0 _ 11 2 9 8 1 9 _ 6 3 
[00055022] 4 | _ 0 4 11 2 9 8 1 9 _ 6 _ 
[00055023] 3 | 3 0 4 11 2 9 8 1 9 _ 6 _ 
[00055024] 3 | _ 0 4 11 2 9 8 1 9 _ 6 3 
[00055025] 4 | _ 0 _ 11 2 9 8 1 9 _ 6 10 
[00055026] 3 | 3 0 _ 11 2 9 8 1 9 _ 6 10 
[00055027] 3 | _ 0 3 11 2 9 8 1 9 _ 6 10 
[00055028] 5 | _ 0 _ 11 2 9 8 1 9 _ 5 10 
[00055029] 4 | 4 0 _ 11 2 9 8 1 9 _ 5 10 
[00055030] 3 | 4 0 3 11 2 9 8 1 9 _ 5 10 
[00055031] 4 | _ 0 4 11 2 9 8 1 9 _ 5 10 
[00055032] 3 | 3 0 4 11 2 9 8 1 9 _ 5 10 
[00055033] 5 | _ 0 _ 11 2 9 8 1 9 _ 10 5 
[00055034] 4 | 4 0 _ 11 2 9 8 1 9 _ 10 5 
[00055035] 3 | 4 0 3 11 2 9 8 1 9 _ 10 5 
[00055036] 4 | _ 0 4 11 2 9 8 1 9 _ 10 5 
[00055037] 3 | 3 0 4 11 2 9 8 1 9 _ 10 5 
[00055038] 6 | _ 0 _ 11 2 9 _ 1 9 _ 7 _ 
[00055039] 5 | 5 0 _ 11 2 9 _ 1 9 _ 7 _ 
[00055040] 4 | 5 0 4 11 2 9 _ 1 9 _ 7 _ 
[00055041] 3 | 5 0 4 11 2 9 _ 1 9 _ 7 10 
[00055042] 4 | 5 0 _ 11 2 9 6 1 9 _ 7 _ 
[00055043] 3 | 5 0 3 11 2 9 6 1 9 _ 7 _ 
[00055044] 3 | 5 0 _ 11 2 9 6 1 9 _ 7 4 
[00055045] 3 | 5 0 _ 11 2 9 6 1 9 _ 7 10 
[00055046] 4 | 5 0 _ 11 2 9 _ 1 9 _ 7 3 
[00055047] 5 | _ 0 5 11 2 9 _ 1 9 _ 7 _ 
[00055048] 4 | 4 0 5 11 2 9 _ 1 9 _ 7 _ 
[00055049] 3 | 4 0 5 11 2 9 _ 1 9 _ 7 10 
[00055050] 4 | _ 0 5 11 2 9 6 1 9 _ 7 _ 
[00055051] 3 | 3 0 5 11 2 9 6 1 9 _ 7 _ 
[00055052] 3 | _ 0 5 11 2 9 6 1 9 _ 7 4 
[00055053] 3 | _ 0 5 11 2 9 6 1 9 _ 7 10 
[00055054] 4 | _ 0 5 11 2 9 _ 1 9 _ 7 3 
[00055055] 5 | _ 0 _ 11 2 9 7 1 9 _ 7 _ 
[00055056] 4 | 4 0 _ 11 2 9 7 1 9 _ 7 _ 
[00055057] 3 | 4 0 3 11 2 9 7 1 9 _ 7 _ 
[00055058] 4 | _ 0 4 11 2 9 7 1 9 _ 7 _ 
[00055059] 3 | 3 0 4 11 2 9 7 1 9 _ 7 _ 
[00055060] 5 | _ 0 _ 11 2 9 _ 1 9 _ 7 2 
[00055061] 4 | 4 0 _ 11 2 9 _ 1 9 _ 7 2 
[00055062] 3 | 4 0 3 11 2 9 _ 1 9 _ 7 2 
[00055063] 4 | _ 0 4 11 2 9 _ 1 9 _ 7 2 
[00055064] 3 | 3 0 4 11 2 9 _ 1 9 _ 7 2 
[00055065] 6 | _ 0 _ 11 2 9 _ 1 9 _ 4 10 
[00055066] 5 | 5 0 _ 11 2 9 _ 1 9 _ 4 10 
[00055067] 4 | 5 0 _ 11 2 9 6 1 9 _ 4 10 
[00055068] 3 | 5 0 3 11 2 9 6 1 9 _ 4 10 
[00055069] 5 | _ 0 5 11 2 9 _ 1 9 _ 4 10 
[00055070] 4 | _ 0 5 11 2 9 6 1 9 _ 4 10 
[00055071] 3 | 3 0 5 11 2 9 6 1 9 _ 4 10 
[00055072] 5 | _ 0 _ 11 2 9 7 1 9 _ 4 10 
[00055073] 6 | _ 0 _ 11 2 9 _ 1 9 _ 10 4 
[00055074] 5 | 5 0 _ 11 2 9 _ 1 9 _ 10 4 
[00055075] 4 | 5 0 _ 11 2 9 6 1 9 _ 10 4 
[00055076] 3 | 5 0 3 11 2 9 6 1 9 _ 10 4 
[00055077] 5 | _ 0 5 11 2 9 _ 1 9 _ 10 4 
[00055078] 4 | _ 0 5 11 2 9 6 1 9 _ 10 4 
[00055079] 3 | 3 0 5 11 2 9 6 1 9 _ 10 4 
[00055080] 5 | _ 0 _ 11 2 9 7 1 9 _ 10 4 
[00055081] 7 | _ 0 _ 11 2 _ 9 1 9 _ _ _ 
[00055082] 6 | 6 0 _ 11 2 _ 9 1 9 _ _ _ 
[00055083] 5 | 6 0 5 11 2 _ 9 1 9 _ _ _ 
[00055084] 4 | 6 0 5 11 2 _ 9 1 9 _ 3 7 
[00055085] 4 | 6 0 5 11 2 _ 9 1 9 _ 4 8 
[00055086] 4 | 6 0 5 11 2 _ 9 1 9 _ 7 3 
[00055087] 4 | 6 0 5 11 2 _ 9 1 9 _ 8 4 
[00055088] 5 | 6 0 _ 11 2 7 9 1 9 _ _ _ 
[00055089] 4 | 6 0 4 11 2 7 9 1 9 _ _ _ 
[00055090] 3 | 6 0 4 11 2 7 9 1 9 _ 5 8 
[00055091] 3 | 6 0 4 11 2 7 9 1 9 _ 8 5 
[00055092] 4 | 6 0 _ 11 2 7 9 1 9 _ 5 _ 
[00055093] 3 | 6 0 3 11 2 7 9 1 9 _ 5 _ 
[00055094] 3 | 6 0 _ 11 2 7 9 1 9 _ 5 8 
[00055095] 4 | 6 0 _ 11 2 7 9 1 9 _ 4 8 
[00055096] 3 | 6 0 3 11 2 7 9 1 9 _ 4 8 
[00055097] 4 | 6 0 _ 11 2 7 9 1 9 _ 8 4 
[00055098] 3 | 6 0 3 11 2 7 9 1 9 _ 8 4 
[00055099] 5 | 6 0 _ 11 2 _ 9 1 9 _ 3 8 
[00055100] 4 | 6 0 4 11 2 _ 9 1 9 _ 3 8 
[00055101] 3 | 6 0 4 11 2 5 9 1 9 _ 3 8 
[00055102] 5 | 6 0 _ 11 2 _ 9 1 9 _ 5 10 
[00055103] 4 | 6 0 4 11 2 _ 9 1 9 _ 5 10 
[00055104] 5 | 6 0 _ 11 2 _ 9 1 9 _ 8 3 
[00055105] 4 | 6 0 4 11 2 _ 9 1 9 _ 8 3 
[00055106] 3 | 6 0 4 11 2 5 9 1 9 _ 8 3 
[00055107] 5 | 6 0 _ 11 2 _ 9 1 9 _ 10 5 
[00055108] 4 | 6 0 4 11 2 _ 9 1 9 _ 10 5 
[00055109] 6 | _ 0 6 11 2 _ 9 1 9 _ _ _ 
[00055110] 5 | 5 0 6 11 2 _ 9 1 9 _ _ _ 
[00055111] 4 | 5 0 6 11 2 _ 9 1 9 _ 3 7 
[00055112] 4 | 5 0 6 11 2 _ 9 1 9 _ 4 8 
[00055113] 4 | 5 0 6 11 2 _ 9 1 9 _ 7 3 
[00055114] 4 | 5 0 6 11 2 _ 9 1 9 _ 8 4 
[00055115] 5 | _ 0 6 11 2 7 9 1 9 _ _ _ 
[00055116] 4 | 4 0 6 11 2 7 9 1 9 _ _ _ 
[00055117] 3 | 4 0 6 11 2 7 9 1 9 _ 5 8 
[00055118] 3 | 4 0 6 11 2 7 9 1 9 _ 8 5 
[00055119] 4 | _ 0 6 11 2 7 9 1 9 _ 5 _ 
[00055120] 3 | 3 0 6 11 2 7 9 1 9 _ 5 _ 
[00055121] 3 | _ 0 6 11 2 7 9 1 9 _ 5 8 
[00055122] 4 | _ 0 6 11 2 7 9 1 9 _ 4 8 
[00055123] 3 | 3 0 6 11 2 7 9 1 9 _ 4 8 
[00055124] 4 | _ 0 6 11 2 7 9 1 9 _ 8 4 
[00055125] 3 | 3 0 6 11 2 7 9 1 9 _ 8 4 
[00055126] 5 | _ 0 6 11 2 _ 9 1 9 _ 3 8 
[00055127] 4 | 4 0 6 11 2 _ 9 1 9 _ 3 8 
[00055128] 3 | 4 0 6 11 2 5 9 1 9 _ 3 8 
[00055129] 5 | _ 0 6 11 2 _ 9 1 9 _ 5 10 
[00055130] 4 | 4 0 6 11 2 _ 9 1 9 _ 5 10 
[00055131] 5 | _ 0 6 11 2 _ 9 1 9 _ 8 3 
[00055132] 4 | 4 0 6 11 2 _ 9 1 9 _ 8 3 
[00055133] 3 | 4 0 6 11 2 5 9 1 9 _ 8 3 
[00055134] 5 | _ 0 6 11 2 _ 9 1 9 _ 10 5 
[00055135] 4 | 4 0 6 11 2 _ 9 1 9 _ 10 5 
[00055136] 6 | _ 0 _ 11 2 8 9 1 9 _ _ _ 
[00055137] 5 | 5 0 _ 11 2 8 9 1 9 _ _ _ 
[00055138] 4 | 5 0 4 11 2 8 9 1 9 _ _ _ 
[00055139] 3 | 5 0 4 11 2 8 9 1 9 _ 3 6 
[00055140] 3 | 5 0 4 11 2 8 9 1 9 _ 7 10 
[00055141] 3 | 5 0 4 11 2 8 9 1 9 _ 6 3 
[00055142] 3 | 5 0 4 11 2 8 9 1 9 _ 10 7 
[00055143] 4 | 5 0 _ 11 2 8 9 1 9 _ 3 7 
[00055144] 4 | 5 0 _ 11 2 8 9 1 9 _ 6 10 
[00055145] 3 | 5 0 3 11 2 8 9 1 9 _ 6 10 
[00055146] 4 | 5 0 _ 11 2 8 9 1 9 _ 7 3 
[00055147] 4 | 5 0 _ 11 2 8 9 1 9 _ 10 6 
[00055148] 3 | 5 0 3 11 2 8 9 1 9 _ 10 6 
[00055149] 5 | _ 0 5 11 2 8 9 1 9 _ _ _ 
[00055150] 4 | 4 0 5 11 2 8 9 1 9 _ _ _ 
[00055151] 3 | 4 0 5 11 2 8 9 1 9 _ 3 6 
[00055152] 3 | 4 0 5 11 2 8 9 1 9 _ 7 10 
[00055153] 3 | 4 0 5 11 2 8 9 1 9 _ 6 3 
[00055154] 3 | 4 0 5 11 2 8 9 1 9 _ 10 7 
[00055155] 4 | _ 0 5 11 2 8 9 1 9 _ 3 7 
[00055156] 4 | _ 0 5 11 2 8 9 1 9 _ 6 10 
[00055157] 3 | 3 0 5 11 2 8 9 1 9 _ 6 10 
[00055158] 4 | _ 0 5 11 2 8 9 1 9 _ 7 3 
[00055159] 4 | _ 0 5 11 2 8 9 1 9 _ 10 6 
[00055160] 3 | 3 0 5 11 2 8 9 1 9 _ 10 6 
[00055161] 5 | _ 0 _ 11 2 8 9 1 9 _ 6 _ 
[00055162] 4 | 4 0 _ 11 2 8 9 1 9 _ 6 _ 
[00055163] 3 | 4 0 3 11 2 8 9 1 9 _ 6 _ 
[00055164] 3 | 4 0 _ 11 2 8 9 1 9 _ 6 3 
[00055165] 4 | _ 0 4 11 2 8 9 1 9 _ 6 _ 
[00055166] 3 | 3 0 4 11 2 8 9 1 9 _ 6 _ 
[00055167] 3 | _ 0 4 11 2 8 9 1 9 _ 6 3 
[00055168] 4 | _ 0 _ 11 2 8 9 1 9 _ 6 10 
[00055169] 3 | 3 0 _ 11 2 8 9 1 9 _ 6 10 
[00055170] 3 | _ 0 3 11 2 8 9 1 9 _ 6 10 
[00055171] 5 | _ 0 _ 11 2 8 9 1 9 _ 5 10 
[00055172] 4 | 4 0 _ 11 2 8 9 1 9 _ 5 10 
[00055173] 3 | 4 0 3 11 2 8 9 1 9 _ 5 10 
[00055174] 4 | _ 0 4 11 2 8 9 1 9 _ 5 10 
[00055175] 3 | 3 0 4 11 2 8 9 1 9 _ 5 10 
[00055176] 5 | _ 0 _ 11 2 8 9 1 9 _ 10 5 
[00055177] 4 | 4 0 _ 11 2 8 9 1 9 _ 10 5 
[00055178] 3 | 4 0 3 11 2 8 9 1 9 _ 10 5 
[00055179] 4 | _ 0 4 11 2 8 9 1 9 _ 10 5 
[00055180] 3 | 3 0 4 11 2 8 9 1 9 _ 10 5 
[00055181] 6 | _ 0 _ 11 2 _ 9 1 9 _ 7 _ 
[00055182] 5 | 5 0 _ 11 2 _ 9 1 9 _ 7 _ 
[00055183] 4 | 5 0 4 11 2 _ 9 1 9 _ 7 _ 
[00055184] 3 | 5 0 4 11 2 _ 9 1 9 _ 7 10 
[00055185] 4 | 5 0 _ 11 2 6 9 1 9 _ 7 _ 
[00055186] 3 | 5 0 3 11 2 6 9 1 9 _ 7 _ 
[00055187] 3 | 5 0 _ 11 2 6 9 1 9 _ 7 4 
[00055188] 3 | 5 0 _ 11 2 6 9 1 9 _ 7 10 
[00055189] 4 | 5 0 _ 11 2 _ 9 1 9 _ 7 3 
[00055190] 5 | _ 0 5 11 2 _ 9 1 9 _ 7 _ 
[00055191] 4 | 4 0 5 11 2 _ 9 1 9 _ 7 _ 
[00055192] 3 | 4 0 5 11 2 _ 9 1 9 _ 7 10 
[00055193] 4 | _ 0 5 11 2 6 9 1 9 _ 7 _ 
[00055194] 3 | 3 0 5 11 2 6 9 1 9 _ 7 _ 
[00055195] 3 | _ 0 5 11 2 6 9 1 9 _ 7 4 
[00055196] 3 | _ 0 5 11 2 6 9 1 9 _ 7 10 
[00055197] 4 | _ 0 5 11 2 _ 9 1 9 _ 7 3 
[00055198] 5 | _ 0 _ 11 2 7 9 1 9 _ 7 _ 
[00055199] 4 | 4 0 _ 11 2 7 9 1 9 _ 7 _ 
[00055200] 3 | 4 0 3 11 2 7 9 1 9 _ 7 _ 
[00055201] 4 | _ 0 4 11 2 7 9 1 9 _ 7 _ 
[00055202] 3 | 3 0 4 11 2 7 9 1 9 _ 7 _ 
[00055203] 5 | _ 0 _ 11 2 _ 9 1 9 _ 7 2 
[00055204] 4 | 4 0 _ 11 2 _ 9 1 9 _ 7 2 
[00055205] 3 | 4 0 3 11 2 _ 9 1 9 _ 7 2 
[00055206] 4 | _ 0 4 11 2 _ 9 1 9 _ 7 2 
[00055207] 3 | 3 0 4 11 2 _ 9 1 9 _ 7 2 
[00055208] 6 | _ 0 _ 11 2 _ 9 1 9 _ 4 10 
[00055209] 5 | 5 0 _ 11 2 _ 9 1 9 _ 4 10 
[00055210] 4 | 5 0 _ 11 2 6 9 1 9 _ 4 10 
[00055211] 3 | 5 0 3 11 2 6 9 1 9 _ 4 10 
[00055212] 5 | _ 0 5 11 2 _ 9 1 9 _ 4 10 
[00055213] 4 | _ 0 5 11 2 6 9 1 9 _ 4 10 
[00055214] 3 | 3 0 5 11 2 6 9 1 9 _ 4 10 
[00055215] 5 | _ 0 _ 11 2 7 9 1 9 _ 4 10 
[00055216] 6 | _ 0 _ 11 2 _ 9 1 9 _ 10 4 
[00055217] 5 | 5 0 _ 11 2 _ 9 1 9 _ 10 4 
[00055218] 4 | 5 0 _ 11 2 6 9 1 9 _ 10 4 
[00055219] 3 | 5 0 3 11 2 6 9 1 9 _ 10 4 
[00055220] 5 | _ 0 5 11 2 _ 9 1 9 _ 10 4 
[00055221] 4 | _ 0 5 11 2 6 9 1 9 _ 10 4 
[00055222] 3 | 3 0 5 11 2 6 9 1 9 _ 10 4 
[00055223] 5 | _ 0 _ 11 2 7 9 1 9 _ 10 4 
[00055224] 7 | _ 0 _ 11 2 _ _ 1 9 2 _ _ 
[00055225] 6 | 6 0 _ 11 2 _ _ 1 9 2 _ _ 
[00055226] 5 | 6 0 5 11 2 _ _ 1 9 2 _ _ 
[00055227] 4 | 6 0 5 11 2 _ _ 1 9 2 3 7 
[00055228] 4 | 6 0 5 11 2 _ _ 1 9 2 4 8 
[00055229] 4 | 6 0 5 11 2 _ _ 1 9 2 7 3 
[00055230] 4 | 6 0 5 11 2 _ _ 1 9 2 8 4 
[00055231] 5 | 6 0 _ 11 2 _ _ 1 9 2 3 8 
[00055232] 4 | 6 0 4 11 2 _ _ 1 9 2 3 8 
[00055233] 5 | 6 0 _ 11 2 _ _ 1 9 2 5 10 
[00055234] 4 | 6 0 4 11 2 _ _ 1 9 2 5 10 
[00055235] 5 | 6 0 _ 11 2 _ _ 1 9 2 8 3 
[00055236] 4 | 6 0 4 11 2 _ _ 1 9 2 8 3 
[00055237] 5 | 6 0 _ 11 2 _ _ 1 9 2 10 5 
[00055238] 4 | 6 0 4 11 2 _ _ 1 9 2 10 5 
[00055239] 6 | _ 0 6 11 2 _ _ 1 9 2 _ _ 
[00055240] 5 | 5 0 6 11 2 _ _ 1 9 2 _ _ 
[00055241] 4 | 5 0 6 11 2 _ _ 1 9 2 3 7 
[00055242] 4 | 5 0 6 11 2 _ _ 1 9 2 4 8 
[00055243] 4 | 5 0 6 11 2 _ _ 1 9 2 7 3 
[00055244] 4 | 5 0 6 11 2 _ _ 1 9 2 8 4 
[00055245] 5 | _ 0 6 11 2 _ _ 1 9 2 3 8 
[00055246] 4 | 4 0 6 11 2 _ _ 1 9 2 3 8 
[00055247] 5 | _ 0 6 11 2 _ _ 1 9 2 5 10 
[00055248] 4 | 4 0 6 11 2 _ _ 1 9 2 5 10 
[00055249] 5 | _ 0 6 11 2 _ _ 1 9 2 8 3 
[00055250] 4 | 4 0 6 11 2 _ _ 1 9 2 8 3 
[00055251] 5 | _ 0 6 11 2 _ _ 1 9 2 10 5 
[00055252] 4 | 4 0 6 11 2 _ _ 1 9 2 10 5 
[00055253] 6 | _ 0 _ 11 2 _ _ 1 9 2 7 _ 
[00055254] 5 | 5 0 _ 11 2 _ _ 1 9 2 7 _ 
[00055255] 4 | 5 0 4 11 2 _ _ 1 9 2 7 _ 
[00055256] 3 | 5 0 4 11 2 _ _ 1 9 2 7 10 
[00055257] 4 | 5 0 _ 11 2 _ _ 1 9 2 7 3 
[00055258] 5 | _ 0 5 11 2 _ _ 1 9 2 7 _ 
[00055259] 4 | 4 0 5 11 2 _ _ 1 9 2 7 _ 
[00055260] 3 | 4 0 5 11 2 _ _ 1 9 2 7 10 
[00055261] 4 | _ 0 5 11 2 _ _ 1 9 2 7 3 
[00055262] 6 | _ 0 _ 11 2 _ _ 1 9 2 4 10 
[00055263] 5 | 5 0 _ 11 2 _ _ 1 9 2 4 10 
[00055264] 5 | _ 0 5 11 2 _ _ 1 9 2 4 10 
[00055265] 6 | _ 0 _ 11 2 _ _ 1 9 2 10 4 
[00055266] 5 | 5 0 _ 11 2 _ _ 1 9 2 10 4 
[00055267] 5 | _ 0 5 11 2 _ _ 1 9 2 10 4 
[00055268] 7 | _ 0 _ 11 2 _ _ 1 9 _ 8 _ 
[00055269] 6 | 6 0 _ 11 2 _ _ 1 9 _ 8 _ 
[00055270] 5 | 6 0 5 11 2 _ _ 1 9 _ 8 _ 
[00055271] 4 | 6 0 5 11 2 _ _ 1 9 _ 8 4 
[00055272] 5 | 6 0 _ 11 2 7 _ 1 9 _ 8 _ 
[00055273] 4 | 6 0 4 11 2 7 _ 1 9 _ 8 _ 
[00055274] 3 | 6 0 4 11 2 7 5 1 9 _ 8 _ 
[00055275] 2 | 6 0 4 11 2 7 5 1 9 _ 8 10 
[00055276] 3 | 6 0 4 11 2 7 _ 1 9 _ 8 5 
[00055277] 4 | 6 0 _ 11 2 7 _ 1 9 5 8 _ 
[00055278] 3 | 6 0 3 11 2 7 _ 1 9 5 8 _ 
[00055279] 2 | 6 0 3 11 2 7 4 1 9 5 8 _ 
[00055280] 2 | 6 0 3 11 2 7 _ 1 9 5 8 10 
[00055281] 4 | 6 0 _ 11 2 7 _ 1 9 _ 8 4 
[00055282] 3 | 6 0 3 11 2 7 _ 1 9 _ 8 4 
[00055283] 3 | 6 0 _ 11 2 7 5 1 9 _ 8 4 
[00055284] 5 | 6 0 _ 11 2 _ 7 1 9 _ 8 _ 
[00055285] 4 | 6 0 4 11 2 _ 7 1 9 _ 8 _ 
[00055286] 3 | 6 0 4 11 2 5 7 1 9 _ 8 _ 
[00055287] 2 | 6 0 4 11 2 5 7 1 9 _ 8 10 
[00055288] 3 | 6 0 4 11 2 _ 7 1 9 _ 8 5 
[00055289] 4 | 6 0 _ 11 2 _ 7 1 9 5 8 _ 
[00055290] 3 | 6 0 3 11 2 _ 7 1 9 5 8 _ 
[00055291] 2 | 6 0 3 11 2 4 7 1 9 5 8 _ 
[00055292] 2 | 6 0 3 11 2 _ 7 1 9 5 8 10 
[00055293] 4 | 6 0 _ 11 2 _ 7 1 9 _ 8 4 
[00055294] 3 | 6 0 3 11 2 _ 7 1 9 _ 8 4 
[00055295] 3 | 6 0 _ 11 2 5 7 1 9 _ 8 4 
[00055296] 5 | 6 0 _ 11 2 _ _ 1 9 4 8 _ 
[00055297] 5 | 6 0 _ 11 2 _ _ 1 9 _ 8 3 
[00055298] 4 | 6 0 4 11 2 _ _ 1 9 _ 8 3 
[00055299] 3 | 6 0 4 11 2 5 _ 1 9 _ 8 3 
[00055300] 2 | 6 0 4 11 2 5 _ 1 9 7 8 3 
[00055301] 3 | 6 0 4 11 2 _ 5 1 9 _ 8 3 
[00055302] 2 | 6 0 4 11 2 _ 5 1 9 7 8 3 
[00055303] 4 | 6 0 _ 11 2 _ _ 1 9 5 8 3 
[00055304] 6 | _ 0 6 11 2 _ _ 1 9 _ 8 _ 
[00055305] 5 | 5 0 6 11 2 _ _ 1 9 _ 8 _ 
[00055306] 4 | 5 0 6 11 2 _ _ 1 9 _ 8 4 
[00055307] 5 | _ 0 6 11 2 7 _ 1 9 _ 8 _ 
[00055308] 4 | 4 0 6 11 2 7 _ 1 9 _ 8 _ 
[00055309] 3 | 4 0 6 11 2 7 5 1 9 _ 8 _ 
[00055310] 2 | 4 0 6 11 2 7 5 1 9 _ 8 10 
[00055311] 3 | 4 0 6 11 2 7 _ 1 9 _ 8 5 
[00055312] 4 | _ 0 6 11 2 7 _ 1 9 5 8 _ 
[00055313] 3 | 3 0 6 11 2 7 _ 1 9 5 8 _ 
[00055314] 2 | 3 0 6 11 2 7 4 1 9 5 8 _ 
[00055315] 2 | 3 0 6 11 2 7 _ 1 9 5 8 10 
[00055316] 4 | _ 0 6 11 2 7 _ 1 9 _ 8 4 
[00055317] 3 | 3 0 6 11 2 7 _ 1 9 _ 8 4 
[00055318] 3 | _ 0 6 11 2 7 5 1 9 _ 8 4 
[00055319] 5 | _ 0 6 11 2 _ 7 1 9 _ 8 _ 
[00055320] 4 | 4 0 6 11 2 _ 7 1 9 _ 8 _ 
[00055321] 3 | 4 0 6 11 2 5 7 1 9 _ 8 _ 
[00055322] 2 | 4 0 6 11 2 5 7 1 9 _ 8 10 
[00055323] 3 | 4 0 6 11 2 _ 7 1 9 _ 8 5 
[00055324] 4 | _ 0 6 11 2 _ 7 1 9 5 8 _ 
[00055325] 3 | 3 0 6 11 2 _ 7 1 9 5 8 _ 
[00055326] 2 | 3 0 6 11 2 4 7 1 9 5 8 _ 
[00055327] 2 | 3 0 6 11 2 _ 7 1 9 5 8 10 
[00055328] 4 | _ 0 6 11 2 _ 7 1 9 _ 8 4 
[00055329] 3 | 3 0 6 11 2 _ 7 1 9 _ 8 4 
[00055330] 3 | _ 0 6 11 2 5 7 1 9 _ 8 4 
[00055331] 5 | _ 0 6 11 2 _ _ 1 9 4 8 _ 
[00055332] 5 | _ 0 6 11 2 _ _ 1 9 _ 8 3 
[00055333] 4 | 4 0 6 11 2 _ _ 1 9 _ 8 3 
[00055334] 3 | 4 0 6 11 2 5 _ 1 9 _ 8 3 
[00055335] 2 | 4 0 6 11 2 5 _ 1 9 7 8 3 
[00055336] 3 | 4 0 6 11 2 _ 5 1 9 _ 8 3 
[00055337] 2 | 4 0 6 11 2 _ 5 1 9 7 8 3 
[00055338] 4 | _ 0 6 11 2 _ _ 1 9 5 8 3 
[00055339] 6 | _ 0 _ 11 2 8 _ 1 9 _ 8 _ 
[00055340] 5 | 5 0 _ 11 2 8 _ 1 9 _ 8 _ 
[00055341] 4 | 5 0 4 11 2 8 _ 1 9 _ 8 _ 
[00055342] 3 | 5 0 4 11 2 8 _ 1 9 6 8 _ 
[00055343] 4 | 5 0 _ 11 2 8 6 1 9 _ 8 _ 
[00055344] 3 | 5 0 3 11 2 8 6 1 9 _ 8 _ 
[00055345] 2 | 5 0 3 11 2 8 6 1 9 7 8 _ 
[00055346] 5 | _ 0 5 11 2 8 _ 1 9 _ 8 _ 
[00055347] 4 | 4 0 5 11 2 8 _ 1 9 _ 8 _ 
[00055348] 3 | 4 0 5 11 2 8 _ 1 9 6 8 _ 
[00055349] 4 | _ 0 5 11 2 8 6 1 9 _ 8 _ 
[00055350] 3 | 3 0 5 11 2 8 6 1 9 _ 8 _ 
[00055351] 2 | 3 0 5 11 2 8 6 1 9 7 8 _ 
[00055352] 5 | _ 0 _ 11 2 8 7 1 9 _ 8 _ 
[00055353] 4 | 4 0 _ 11 2 8 7 1 9 _ 8 _ 
[00055354] 3 | 4 0 3 11 2 8 7 1 9 _ 8 _ 
[00055355] 3 | 4 0 _ 11 2 8 7 1 9 6 8 _ 
[00055356] 4 | _ 0 4 11 2 8 7 1 9 _ 8 _ 
[00055357] 3 | 3 0 4 11 2 8 7 1 9 _ 8 _ 
[00055358] 3 | _ 0 4 11 2 8 7 1 9 6 8 _ 
[00055359] 4 | _ 0 _ 11 2 8 7 1 9 5 8 _ 
[00055360] 3 | 3 0 _ 11 2 8 7 1 9 5 8 _ 
[00055361] 3 | _ 0 3 11 2 8 7 1 9 5 8 _ 
[00055362] 5 | _ 0 _ 11 2 8 _ 1 9 4 8 _ 
[00055363] 4 | _ 0 _ 11 2 8 6 1 9 4 8 _ 
[00055364] 3 | 3 0 _ 11 2 8 6 1 9 4 8 _ 
[00055365] 3 | _ 0 3 11 2 8 6 1 9 4 8 _ 
[00055366] 6 | _ 0 _ 11 2 _ 8 1 9 _ 8 _ 
[00055367] 5 | 5 0 _ 11 2 _ 8 1 9 _ 8 _ 
[00055368] 4 | 5 0 4 11 2 _ 8 1 9 _ 8 _ 
[00055369] 3 | 5 0 4 11 2 _ 8 1 9 6 8 _ 
[00055370] 4 | 5 0 _ 11 2 6 8 1 9 _ 8 _ 
[00055371] 3 | 5 0 3 11 2 6 8 1 9 _ 8 _ 
[00055372] 2 | 5 0 3 11 2 6 8 1 9 7 8 _ 
[00055373] 5 | _ 0 5 11 2 _ 8 1 9 _ 8 _ 
[00055374] 4 | 4 0 5 11 2 _ 8 1 9 _ 8 _ 
[00055375] 3 | 4 0 5 11 2 _ 8 1 9 6 8 _ 
[00055376] 4 | _ 0 5 11 2 6 8 1 9 _ 8 _ 
[00055377] 3 | 3 0 5 11 2 6 8 1 9 _ 8 _ 
[00055378] 2 | 3 0 5 11 2 6 8 1 9 7 8 _ 
[00055379] 5 | _ 0 _ 11 2 7 8 1 9 _ 8 _ 
[00055380] 4 | 4 0 _ 11 2 7 8 1 9 _ 8 _ 
[00055381] 3 | 4 0 3 11 2 7 8 1 9 _ 8 _ 
[00055382] 3 | 4 0 _ 11 2 7 8 1 9 6 8 _ 
[00055383] 4 | _ 0 4 11 2 7 8 1 9 _ 8 _ 
[00055384] 3 | 3 0 4 11 2 7 8 1 9 _ 8 _ 
[00055385] 3 | _ 0 4 11 2 7 8 1 9 6 8 _ 
[00055386] 4 | _ 0 _ 11 2 7 8 1 9 5 8 _ 
[00055387] 3 | 3 0 _ 11 2 7 8 1 9 5 8 _ 
[00055388] 3 | _ 0 3 11 2 7 8 1 9 5 8 _ 
[00055389] 5 | _ 0 _ 11 2 _ 8 1 9 4 8 _ 
[00055390] 4 | _ 0 _ 11 2 6 8 1 9 4 8 _ 
[00055391] 3 | 3 0 _ 11 2 6 8 1 9 4 8 _ 
[00055392] 3 | _ 0 3 11 2 6 8 1 9 4 8 _ 
[00055393] 6 | _ 0 _ 11 2 _ _ 1 9 3 8 _ 
[00055394] 5 | 5 0 _ 11 2 _ _ 1 9 3 8 _ 
[00055395] 4 | 5 0 4 11 2 _ _ 1 9 3 8 _ 
[00055396] 4 | 5 0 _ 11 2 6 _ 1 9 3 8 _ 
[00055397] 4 | 5 0 _ 11 2 _ 6 1 9 3 8 _ 
[00055398] 4 | 5 0 _ 11 2 _ _ 1 9 3 8 4 
[00055399] 5 | _ 0 5 11 2 _ _ 1 9 3 8 _ 
[00055400] 4 | 4 0 5 11 2 _ _ 1 9 3 8 _ 
