[00129840] 5 | _ 9 2 0 11 3 _ 10 1 7 5 _ 
[00129841] 4 | 5 9 2 0 11 3 _ 10 1 7 5 _ 
[00129842] 3 | 5 9 2 0 11 3 8 10 1 7 5 _ 
[00129843] 4 | _ 9 2 0 11 3 _ 10 1 7 5 9 
[00129844] 3 | _ 9 2 0 11 3 8 10 1 7 5 9 
[00129845] 6 | _ 9 2 0 11 3 _ 10 7 1 _ _ 
[00129846] 5 | 4 9 2 0 11 3 _ 10 7 1 _ _ 
[00129847] 4 | 4 9 2 0 11 3 _ 10 7 1 6 _ 
[00129848] 3 | 4 9 2 0 11 3 8 10 7 1 6 _ 
[00129849] 5 | _ 9 2 0 11 3 6 10 7 1 _ _ 
[00129850] 4 | 5 9 2 0 11 3 6 10 7 1 _ _ 
[00129851] 4 | _ 9 2 0 11 3 6 10 7 1 4 8 
[00129852] 4 | _ 9 2 0 11 3 6 10 7 1 8 4 
[00129853] 5 | _ 9 2 0 11 3 _ 10 7 1 5 _ 
[00129854] 4 | 5 9 2 0 11 3 _ 10 7 1 5 _ 
[00129855] 3 | 5 9 2 0 11 3 8 10 7 1 5 _ 
[00129856] 4 | _ 9 2 0 11 3 _ 10 7 1 5 9 
[00129857] 3 | _ 9 2 0 11 3 8 10 7 1 5 9 
[00129858] 6 | _ 9 2 0 11 3 _ 10 _ _ 4 _ 
[00129859] 5 | 4 9 2 0 11 3 _ 10 _ _ 4 _ 
[00129860] 4 | 4 9 2 0 11 3 7 10 _ _ 4 _ 
[00129861] 3 | 4 9 2 0 11 3 7 10 5 8 4 _ 
[00129862] 3 | 4 9 2 0 11 3 7 10 8 5 4 _ 
[00129863] 4 | 4 9 2 0 11 3 _ 10 6 _ 4 _ 
[00129864] 3 | 4 9 2 0 11 3 8 10 6 _ 4 _ 
[00129865] 4 | 4 9 2 0 11 3 _ 10 1 5 4 _ 
[00129866] 3 | 4 9 2 0 11 3 8 10 1 5 4 _ 
[00129867] 4 | 4 9 2 0 11 3 _ 10 5 1 4 _ 
[00129868] 3 | 4 9 2 0 11 3 8 10 5 1 4 _ 
[00129869] 5 | _ 9 2 0 11 3 6 10 _ _ 4 _ 
[00129870] 4 | 5 9 2 0 11 3 6 10 _ _ 4 _ 
[00129871] 3 | 5 9 2 0 11 3 6 10 7 _ 4 _ 
[00129872] 3 | 5 9 2 0 11 3 6 10 _ _ 4 1 
[00129873] 2 | 5 9 2 0 11 3 6 10 8 _ 4 1 
[00129874] 1 | 5 9 2 0 11 3 6 10 8 7 4 1  *Graceful*
[00129874] 3 | 5 9 2 0 11 3 6 10 _ _ 4 7 
[00129875] 2 | 5 9 2 0 11 3 6 10 8 _ 4 7 
[00129876] 4 | _ 9 2 0 11 3 6 10 1 5 4 _ 
[00129877] 3 | _ 9 2 0 11 3 6 10 1 5 4 7 
[00129878] 4 | _ 9 2 0 11 3 6 10 5 1 4 _ 
[00129879] 3 | _ 9 2 0 11 3 6 10 5 1 4 7 
[00129880] 4 | _ 9 2 0 11 3 6 10 _ _ 4 8 
[00129881] 3 | _ 9 2 0 11 3 6 10 7 _ 4 8 
[00129882] 2 | 7 9 2 0 11 3 6 10 7 _ 4 8 
[00129883] 2 | _ 9 2 0 11 3 6 10 7 5 4 8 
[00129884] 2 | _ 9 2 0 11 3 6 10 7 9 4 8 
[00129885] 5 | _ 9 2 0 11 3 _ 10 5 _ 4 _ 
[00129886] 4 | 5 9 2 0 11 3 _ 10 5 _ 4 _ 
[00129887] 3 | 5 9 2 0 11 3 8 10 5 _ 4 _ 
[00129888] 2 | 5 9 2 0 11 3 8 10 5 _ 4 6 
[00129889] 3 | 5 9 2 0 11 3 _ 10 5 _ 4 1 
[00129890] 3 | 5 9 2 0 11 3 _ 10 5 _ 4 7 
[00129891] 4 | _ 9 2 0 11 3 7 10 5 _ 4 _ 
[00129892] 3 | 6 9 2 0 11 3 7 10 5 _ 4 _ 
[00129893] 3 | _ 9 2 0 11 3 7 10 5 8 4 _ 
[00129894] 2 | _ 9 2 0 11 3 7 10 5 8 4 6 
[00129895] 3 | _ 9 2 0 11 3 7 10 5 _ 4 1 
[00129896] 4 | _ 9 2 0 11 3 _ 10 5 1 4 _ 
[00129897] 3 | 6 9 2 0 11 3 _ 10 5 1 4 _ 
[00129898] 3 | _ 9 2 0 11 3 8 10 5 1 4 _ 
[00129899] 2 | 7 9 2 0 11 3 8 10 5 1 4 _ 
[00129900] 2 | _ 9 2 0 11 3 8 10 5 1 4 6 
[00129901] 3 | _ 9 2 0 11 3 _ 10 5 1 4 7 
[00129902] 2 | 11 9 2 0 11 3 _ 10 5 1 4 7 
[00129903] 2 | _ 9 2 0 11 3 9 10 5 1 4 7 
[00129904] 4 | _ 9 2 0 11 3 _ 10 5 9 4 _ 
[00129905] 3 | _ 9 2 0 11 3 8 10 5 9 4 _ 
[00129906] 2 | _ 9 2 0 11 3 8 10 5 9 4 6 
[00129907] 3 | _ 9 2 0 11 3 _ 10 5 9 4 1 
[00129908] 3 | _ 9 2 0 11 3 _ 10 5 9 4 7 
[00129909] 4 | _ 9 2 0 11 3 _ 10 5 _ 4 8 
[00129910] 3 | 6 9 2 0 11 3 _ 10 5 _ 4 8 
[00129911] 2 | 6 9 2 0 11 3 _ 10 5 7 4 8 
[00129912] 5 | _ 9 2 0 11 3 _ 10 1 6 4 _ 
[00129913] 4 | 5 9 2 0 11 3 _ 10 1 6 4 _ 
[00129914] 3 | 5 9 2 0 11 3 8 10 1 6 4 _ 
[00129915] 3 | 5 9 2 0 11 3 _ 10 1 6 4 7 
[00129916] 4 | _ 9 2 0 11 3 7 10 1 6 4 _ 
[00129917] 4 | _ 9 2 0 11 3 _ 10 1 6 4 8 
[00129918] 5 | _ 9 2 0 11 3 _ 10 6 1 4 _ 
[00129919] 4 | 5 9 2 0 11 3 _ 10 6 1 4 _ 
[00129920] 3 | 5 9 2 0 11 3 8 10 6 1 4 _ 
[00129921] 3 | 5 9 2 0 11 3 _ 10 6 1 4 7 
[00129922] 4 | _ 9 2 0 11 3 7 10 6 1 4 _ 
[00129923] 4 | _ 9 2 0 11 3 _ 10 6 1 4 8 
[00129924] 5 | _ 9 2 0 11 3 _ 10 _ _ 4 9 
[00129925] 4 | _ 9 2 0 11 3 7 10 _ _ 4 9 
[00129926] 3 | _ 9 2 0 11 3 7 10 5 8 4 9 
[00129927] 3 | _ 9 2 0 11 3 7 10 8 5 4 9 
[00129928] 4 | _ 9 2 0 11 3 _ 10 6 _ 4 9 
[00129929] 3 | _ 9 2 0 11 3 8 10 6 _ 4 9 
[00129930] 4 | _ 9 2 0 11 3 _ 10 1 5 4 9 
[00129931] 3 | _ 9 2 0 11 3 8 10 1 5 4 9 
[00129932] 4 | _ 9 2 0 11 3 _ 10 5 1 4 9 
[00129933] 3 | _ 9 2 0 11 3 8 10 5 1 4 9 
[00129934] 6 | _ 9 2 0 11 3 _ 10 _ _ 1 7 
[00129935] 5 | 4 9 2 0 11 3 _ 10 _ _ 1 7 
[00129936] 4 | 4 9 2 0 11 3 _ 10 6 _ 1 7 
[00129937] 3 | 4 9 2 0 11 3 8 10 6 _ 1 7 
[00129938] 5 | _ 9 2 0 11 3 6 10 _ _ 1 7 
[00129939] 4 | 5 9 2 0 11 3 6 10 _ _ 1 7 
[00129940] 4 | _ 9 2 0 11 3 6 10 4 8 1 7 
[00129941] 4 | _ 9 2 0 11 3 6 10 8 4 1 7 
[00129942] 5 | _ 9 2 0 11 3 _ 10 5 _ 1 7 
[00129943] 4 | 5 9 2 0 11 3 _ 10 5 _ 1 7 
[00129944] 3 | 5 9 2 0 11 3 8 10 5 _ 1 7 
[00129945] 4 | _ 9 2 0 11 3 _ 10 5 9 1 7 
[00129946] 3 | _ 9 2 0 11 3 8 10 5 9 1 7 
[00129947] 6 | _ 9 2 0 11 3 _ 10 _ _ 7 1 
[00129948] 5 | 4 9 2 0 11 3 _ 10 _ _ 7 1 
[00129949] 4 | 4 9 2 0 11 3 _ 10 6 _ 7 1 
[00129950] 3 | 4 9 2 0 11 3 8 10 6 _ 7 1 
[00129951] 5 | _ 9 2 0 11 3 6 10 _ _ 7 1 
[00129952] 4 | 5 9 2 0 11 3 6 10 _ _ 7 1 
[00129953] 4 | _ 9 2 0 11 3 6 10 4 8 7 1 
[00129954] 4 | _ 9 2 0 11 3 6 10 8 4 7 1 
[00129955] 5 | _ 9 2 0 11 3 _ 10 5 _ 7 1 
[00129956] 4 | 5 9 2 0 11 3 _ 10 5 _ 7 1 
[00129957] 3 | 5 9 2 0 11 3 8 10 5 _ 7 1 
[00129958] 4 | _ 9 2 0 11 3 _ 10 5 9 7 1 
[00129959] 3 | _ 9 2 0 11 3 8 10 5 9 7 1 
[00129960] 7 | _ 9 _ 0 11 3 4 10 _ _ _ _ 
[00129961] 6 | _ 9 _ 0 11 3 4 10 1 7 _ _ 
[00129962] 5 | _ 9 _ 0 11 3 4 10 1 7 5 _ 
[00129963] 4 | 5 9 _ 0 11 3 4 10 1 7 5 _ 
[00129964] 3 | 5 9 6 0 11 3 4 10 1 7 5 _ 
[00129965] 4 | _ 9 5 0 11 3 4 10 1 7 5 _ 
[00129966] 3 | 6 9 5 0 11 3 4 10 1 7 5 _ 
[00129967] 4 | _ 9 _ 0 11 3 4 10 1 7 5 9 
[00129968] 6 | _ 9 _ 0 11 3 4 10 2 8 _ _ 
[00129969] 5 | _ 9 _ 0 11 3 4 10 2 8 5 _ 
[00129970] 4 | 5 9 _ 0 11 3 4 10 2 8 5 _ 
[00129971] 3 | 5 9 6 0 11 3 4 10 2 8 5 _ 
[00129972] 4 | _ 9 5 0 11 3 4 10 2 8 5 _ 
[00129973] 3 | 6 9 5 0 11 3 4 10 2 8 5 _ 
[00129974] 4 | _ 9 _ 0 11 3 4 10 2 8 5 1 
[00129975] 3 | 6 9 _ 0 11 3 4 10 2 8 5 1 
[00129976] 2 | 6 9 7 0 11 3 4 10 2 8 5 1 
[00129977] 3 | _ 9 6 0 11 3 4 10 2 8 5 1 
[00129978] 2 | 7 9 6 0 11 3 4 10 2 8 5 1 
[00129979] 4 | _ 9 _ 0 11 3 4 10 2 8 5 9 
[00129980] 5 | _ 9 _ 0 11 3 4 10 2 8 1 6 
[00129981] 4 | 5 9 _ 0 11 3 4 10 2 8 1 6 
[00129982] 4 | _ 9 5 0 11 3 4 10 2 8 1 6 
[00129983] 5 | _ 9 _ 0 11 3 4 10 2 8 6 1 
[00129984] 4 | 5 9 _ 0 11 3 4 10 2 8 6 1 
[00129985] 4 | _ 9 5 0 11 3 4 10 2 8 6 1 
[00129986] 6 | _ 9 _ 0 11 3 4 10 7 1 _ _ 
[00129987] 5 | _ 9 _ 0 11 3 4 10 7 1 5 _ 
[00129988] 4 | 5 9 _ 0 11 3 4 10 7 1 5 _ 
[00129989] 3 | 5 9 6 0 11 3 4 10 7 1 5 _ 
[00129990] 4 | _ 9 5 0 11 3 4 10 7 1 5 _ 
[00129991] 3 | 6 9 5 0 11 3 4 10 7 1 5 _ 
[00129992] 4 | _ 9 _ 0 11 3 4 10 7 1 5 9 
[00129993] 6 | _ 9 _ 0 11 3 4 10 8 2 _ _ 
[00129994] 5 | _ 9 _ 0 11 3 4 10 8 2 5 _ 
[00129995] 4 | 5 9 _ 0 11 3 4 10 8 2 5 _ 
[00129996] 3 | 5 9 6 0 11 3 4 10 8 2 5 _ 
[00129997] 4 | _ 9 5 0 11 3 4 10 8 2 5 _ 
[00129998] 3 | 6 9 5 0 11 3 4 10 8 2 5 _ 
[00129999] 4 | _ 9 _ 0 11 3 4 10 8 2 5 1 
[00130000] 3 | 6 9 _ 0 11 3 4 10 8 2 5 1 
[00130001] 2 | 6 9 7 0 11 3 4 10 8 2 5 1 
[00130002] 3 | _ 9 6 0 11 3 4 10 8 2 5 1 
[00130003] 2 | 7 9 6 0 11 3 4 10 8 2 5 1 
[00130004] 4 | _ 9 _ 0 11 3 4 10 8 2 5 9 
[00130005] 5 | _ 9 _ 0 11 3 4 10 8 2 1 6 
[00130006] 4 | 5 9 _ 0 11 3 4 10 8 2 1 6 
[00130007] 4 | _ 9 5 0 11 3 4 10 8 2 1 6 
[00130008] 5 | _ 9 _ 0 11 3 4 10 8 2 6 1 
[00130009] 4 | 5 9 _ 0 11 3 4 10 8 2 6 1 
[00130010] 4 | _ 9 5 0 11 3 4 10 8 2 6 1 
[00130011] 6 | _ 9 _ 0 11 3 4 10 _ _ 1 7 
[00130012] 5 | _ 9 _ 0 11 3 4 10 5 _ 1 7 
[00130013] 4 | 5 9 _ 0 11 3 4 10 5 _ 1 7 
[00130014] 3 | 5 9 6 0 11 3 4 10 5 _ 1 7 
[00130015] 4 | _ 9 5 0 11 3 4 10 5 _ 1 7 
[00130016] 3 | 6 9 5 0 11 3 4 10 5 _ 1 7 
[00130017] 4 | _ 9 _ 0 11 3 4 10 5 9 1 7 
[00130018] 6 | _ 9 _ 0 11 3 4 10 _ _ 2 8 
[00130019] 5 | _ 9 _ 0 11 3 4 10 5 _ 2 8 
[00130020] 4 | 5 9 _ 0 11 3 4 10 5 _ 2 8 
[00130021] 3 | 5 9 6 0 11 3 4 10 5 _ 2 8 
[00130022] 4 | _ 9 5 0 11 3 4 10 5 _ 2 8 
[00130023] 3 | 6 9 5 0 11 3 4 10 5 _ 2 8 
[00130024] 4 | _ 9 _ 0 11 3 4 10 5 1 2 8 
[00130025] 3 | 6 9 _ 0 11 3 4 10 5 1 2 8 
[00130026] 2 | 6 9 7 0 11 3 4 10 5 1 2 8 
[00130027] 3 | _ 9 6 0 11 3 4 10 5 1 2 8 
[00130028] 2 | 7 9 6 0 11 3 4 10 5 1 2 8 
[00130029] 4 | _ 9 _ 0 11 3 4 10 5 9 2 8 
[00130030] 5 | _ 9 _ 0 11 3 4 10 1 6 2 8 
[00130031] 4 | 5 9 _ 0 11 3 4 10 1 6 2 8 
[00130032] 4 | _ 9 5 0 11 3 4 10 1 6 2 8 
[00130033] 5 | _ 9 _ 0 11 3 4 10 6 1 2 8 
[00130034] 4 | 5 9 _ 0 11 3 4 10 6 1 2 8 
[00130035] 4 | _ 9 5 0 11 3 4 10 6 1 2 8 
[00130036] 6 | _ 9 _ 0 11 3 4 10 _ _ 7 1 
[00130037] 5 | _ 9 _ 0 11 3 4 10 5 _ 7 1 
[00130038] 4 | 5 9 _ 0 11 3 4 10 5 _ 7 1 
[00130039] 3 | 5 9 6 0 11 3 4 10 5 _ 7 1 
[00130040] 4 | _ 9 5 0 11 3 4 10 5 _ 7 1 
[00130041] 3 | 6 9 5 0 11 3 4 10 5 _ 7 1 
[00130042] 4 | _ 9 _ 0 11 3 4 10 5 9 7 1 
[00130043] 6 | _ 9 _ 0 11 3 4 10 _ _ 8 2 
[00130044] 5 | _ 9 _ 0 11 3 4 10 5 _ 8 2 
[00130045] 4 | 5 9 _ 0 11 3 4 10 5 _ 8 2 
[00130046] 3 | 5 9 6 0 11 3 4 10 5 _ 8 2 
[00130047] 4 | _ 9 5 0 11 3 4 10 5 _ 8 2 
[00130048] 3 | 6 9 5 0 11 3 4 10 5 _ 8 2 
[00130049] 4 | _ 9 _ 0 11 3 4 10 5 1 8 2 
[00130050] 3 | 6 9 _ 0 11 3 4 10 5 1 8 2 
[00130051] 2 | 6 9 7 0 11 3 4 10 5 1 8 2 
[00130052] 3 | _ 9 6 0 11 3 4 10 5 1 8 2 
[00130053] 2 | 7 9 6 0 11 3 4 10 5 1 8 2 
[00130054] 4 | _ 9 _ 0 11 3 4 10 5 9 8 2 
[00130055] 5 | _ 9 _ 0 11 3 4 10 1 6 8 2 
[00130056] 4 | 5 9 _ 0 11 3 4 10 1 6 8 2 
[00130057] 4 | _ 9 5 0 11 3 4 10 1 6 8 2 
[00130058] 5 | _ 9 _ 0 11 3 4 10 6 1 8 2 
[00130059] 4 | 5 9 _ 0 11 3 4 10 6 1 8 2 
[00130060] 4 | _ 9 5 0 11 3 4 10 6 1 8 2 
[00130061] 7 | _ 9 _ 0 11 3 _ 10 1 8 _ _ 
[00130062] 6 | _ 9 _ 0 11 3 5 10 1 8 _ _ 
[00130063] 5 | 4 9 _ 0 11 3 5 10 1 8 _ _ 
[00130064] 4 | 4 9 _ 0 11 3 5 10 1 8 6 _ 
[00130065] 3 | 4 9 6 0 11 3 5 10 1 8 6 _ 
[00130066] 3 | 4 9 _ 0 11 3 5 10 1 8 6 9 
[00130067] 4 | 4 9 _ 0 11 3 5 10 1 8 2 6 
[00130068] 4 | 4 9 _ 0 11 3 5 10 1 8 6 2 
[00130069] 5 | _ 9 4 0 11 3 5 10 1 8 _ _ 
[00130070] 4 | _ 9 4 0 11 3 5 10 1 8 6 _ 
[00130071] 3 | 6 9 4 0 11 3 5 10 1 8 6 _ 
[00130072] 3 | _ 9 4 0 11 3 5 10 1 8 6 9 
[00130073] 4 | _ 9 4 0 11 3 5 10 1 8 2 6 
[00130074] 4 | _ 9 4 0 11 3 5 10 1 8 6 2 
[00130075] 5 | _ 9 _ 0 11 3 5 10 1 8 2 7 
[00130076] 5 | _ 9 _ 0 11 3 5 10 1 8 7 2 
[00130077] 6 | _ 9 _ 0 11 3 _ 10 1 8 4 _ 
[00130078] 5 | 4 9 _ 0 11 3 _ 10 1 8 4 _ 
[00130079] 4 | 4 9 5 0 11 3 _ 10 1 8 4 _ 
[00130080] 4 | 4 9 _ 0 11 3 7 10 1 8 4 _ 
[00130081] 3 | 4 9 6 0 11 3 7 10 1 8 4 _ 
[00130082] 5 | _ 9 4 0 11 3 _ 10 1 8 4 _ 
[00130083] 4 | 5 9 4 0 11 3 _ 10 1 8 4 _ 
[00130084] 4 | _ 9 4 0 11 3 7 10 1 8 4 _ 
[00130085] 3 | 6 9 4 0 11 3 7 10 1 8 4 _ 
[00130086] 5 | _ 9 _ 0 11 3 6 10 1 8 4 _ 
[00130087] 4 | 5 9 _ 0 11 3 6 10 1 8 4 _ 
[00130088] 3 | 5 9 _ 0 11 3 6 10 1 8 4 7 
[00130089] 4 | _ 9 5 0 11 3 6 10 1 8 4 _ 
[00130090] 3 | _ 9 5 0 11 3 6 10 1 8 4 7 
[00130091] 5 | _ 9 _ 0 11 3 _ 10 1 8 4 9 
[00130092] 4 | _ 9 _ 0 11 3 7 10 1 8 4 9 
[00130093] 7 | _ 9 _ 0 11 3 _ 10 8 1 _ _ 
[00130094] 6 | _ 9 _ 0 11 3 5 10 8 1 _ _ 
[00130095] 5 | 4 9 _ 0 11 3 5 10 8 1 _ _ 
[00130096] 4 | 4 9 _ 0 11 3 5 10 8 1 6 _ 
[00130097] 3 | 4 9 6 0 11 3 5 10 8 1 6 _ 
[00130098] 3 | 4 9 _ 0 11 3 5 10 8 1 6 9 
[00130099] 4 | 4 9 _ 0 11 3 5 10 8 1 2 6 
[00130100] 4 | 4 9 _ 0 11 3 5 10 8 1 6 2 
[00130101] 5 | _ 9 4 0 11 3 5 10 8 1 _ _ 
[00130102] 4 | _ 9 4 0 11 3 5 10 8 1 6 _ 
[00130103] 3 | 6 9 4 0 11 3 5 10 8 1 6 _ 
[00130104] 3 | _ 9 4 0 11 3 5 10 8 1 6 9 
[00130105] 4 | _ 9 4 0 11 3 5 10 8 1 2 6 
[00130106] 4 | _ 9 4 0 11 3 5 10 8 1 6 2 
[00130107] 5 | _ 9 _ 0 11 3 5 10 8 1 2 7 
[00130108] 5 | _ 9 _ 0 11 3 5 10 8 1 7 2 
[00130109] 6 | _ 9 _ 0 11 3 _ 10 8 1 4 _ 
[00130110] 5 | 4 9 _ 0 11 3 _ 10 8 1 4 _ 
[00130111] 4 | 4 9 5 0 11 3 _ 10 8 1 4 _ 
[00130112] 4 | 4 9 _ 0 11 3 7 10 8 1 4 _ 
[00130113] 3 | 4 9 6 0 11 3 7 10 8 1 4 _ 
[00130114] 5 | _ 9 4 0 11 3 _ 10 8 1 4 _ 
[00130115] 4 | 5 9 4 0 11 3 _ 10 8 1 4 _ 
[00130116] 4 | _ 9 4 0 11 3 7 10 8 1 4 _ 
[00130117] 3 | 6 9 4 0 11 3 7 10 8 1 4 _ 
[00130118] 5 | _ 9 _ 0 11 3 6 10 8 1 4 _ 
[00130119] 4 | 5 9 _ 0 11 3 6 10 8 1 4 _ 
[00130120] 3 | 5 9 _ 0 11 3 6 10 8 1 4 7 
[00130121] 4 | _ 9 5 0 11 3 6 10 8 1 4 _ 
[00130122] 3 | _ 9 5 0 11 3 6 10 8 1 4 7 
[00130123] 5 | _ 9 _ 0 11 3 _ 10 8 1 4 9 
[00130124] 4 | _ 9 _ 0 11 3 7 10 8 1 4 9 
[00130125] 7 | _ 9 _ 0 11 3 _ 10 _ _ 1 8 
[00130126] 6 | _ 9 _ 0 11 3 5 10 _ _ 1 8 
[00130127] 5 | 4 9 _ 0 11 3 5 10 _ _ 1 8 
[00130128] 4 | 4 9 _ 0 11 3 5 10 6 _ 1 8 
[00130129] 3 | 4 9 6 0 11 3 5 10 6 _ 1 8 
[00130130] 3 | 4 9 _ 0 11 3 5 10 6 9 1 8 
[00130131] 4 | 4 9 _ 0 11 3 5 10 2 6 1 8 
[00130132] 4 | 4 9 _ 0 11 3 5 10 6 2 1 8 
[00130133] 5 | _ 9 4 0 11 3 5 10 _ _ 1 8 
[00130134] 4 | _ 9 4 0 11 3 5 10 6 _ 1 8 
[00130135] 3 | 6 9 4 0 11 3 5 10 6 _ 1 8 
[00130136] 3 | _ 9 4 0 11 3 5 10 6 9 1 8 
[00130137] 4 | _ 9 4 0 11 3 5 10 2 6 1 8 
[00130138] 4 | _ 9 4 0 11 3 5 10 6 2 1 8 
[00130139] 5 | _ 9 _ 0 11 3 5 10 2 7 1 8 
[00130140] 5 | _ 9 _ 0 11 3 5 10 7 2 1 8 
[00130141] 6 | _ 9 _ 0 11 3 _ 10 4 _ 1 8 
[00130142] 5 | 4 9 _ 0 11 3 _ 10 4 _ 1 8 
[00130143] 4 | 4 9 5 0 11 3 _ 10 4 _ 1 8 
[00130144] 4 | 4 9 _ 0 11 3 7 10 4 _ 1 8 
[00130145] 3 | 4 9 6 0 11 3 7 10 4 _ 1 8 
[00130146] 5 | _ 9 4 0 11 3 _ 10 4 _ 1 8 
[00130147] 4 | 5 9 4 0 11 3 _ 10 4 _ 1 8 
[00130148] 4 | _ 9 4 0 11 3 7 10 4 _ 1 8 
[00130149] 3 | 6 9 4 0 11 3 7 10 4 _ 1 8 
[00130150] 5 | _ 9 _ 0 11 3 6 10 4 _ 1 8 
[00130151] 4 | 5 9 _ 0 11 3 6 10 4 _ 1 8 
[00130152] 3 | 5 9 _ 0 11 3 6 10 4 7 1 8 
[00130153] 4 | _ 9 5 0 11 3 6 10 4 _ 1 8 
[00130154] 3 | _ 9 5 0 11 3 6 10 4 7 1 8 
[00130155] 5 | _ 9 _ 0 11 3 _ 10 4 9 1 8 
[00130156] 4 | _ 9 _ 0 11 3 7 10 4 9 1 8 
[00130157] 7 | _ 9 _ 0 11 3 _ 10 _ _ 8 1 
[00130158] 6 | _ 9 _ 0 11 3 5 10 _ _ 8 1 
[00130159] 5 | 4 9 _ 0 11 3 5 10 _ _ 8 1 
[00130160] 4 | 4 9 _ 0 11 3 5 10 6 _ 8 1 
[00130161] 3 | 4 9 6 0 11 3 5 10 6 _ 8 1 
[00130162] 3 | 4 9 _ 0 11 3 5 10 6 9 8 1 
[00130163] 4 | 4 9 _ 0 11 3 5 10 2 6 8 1 
[00130164] 4 | 4 9 _ 0 11 3 5 10 6 2 8 1 
[00130165] 5 | _ 9 4 0 11 3 5 10 _ _ 8 1 
[00130166] 4 | _ 9 4 0 11 3 5 10 6 _ 8 1 
[00130167] 3 | 6 9 4 0 11 3 5 10 6 _ 8 1 
[00130168] 3 | _ 9 4 0 11 3 5 10 6 9 8 1 
[00130169] 4 | _ 9 4 0 11 3 5 10 2 6 8 1 
[00130170] 4 | _ 9 4 0 11 3 5 10 6 2 8 1 
[00130171] 5 | _ 9 _ 0 11 3 5 10 2 7 8 1 
[00130172] 5 | _ 9 _ 0 11 3 5 10 7 2 8 1 
[00130173] 6 | _ 9 _ 0 11 3 _ 10 4 _ 8 1 
[00130174] 5 | 4 9 _ 0 11 3 _ 10 4 _ 8 1 
[00130175] 4 | 4 9 5 0 11 3 _ 10 4 _ 8 1 
[00130176] 4 | 4 9 _ 0 11 3 7 10 4 _ 8 1 
[00130177] 3 | 4 9 6 0 11 3 7 10 4 _ 8 1 
[00130178] 5 | _ 9 4 0 11 3 _ 10 4 _ 8 1 
[00130179] 4 | 5 9 4 0 11 3 _ 10 4 _ 8 1 
[00130180] 4 | _ 9 4 0 11 3 7 10 4 _ 8 1 
[00130181] 3 | 6 9 4 0 11 3 7 10 4 _ 8 1 
[00130182] 5 | _ 9 _ 0 11 3 6 10 4 _ 8 1 
[00130183] 4 | 5 9 _ 0 11 3 6 10 4 _ 8 1 
[00130184] 3 | 5 9 _ 0 11 3 6 10 4 7 8 1 
[00130185] 4 | _ 9 5 0 11 3 6 10 4 _ 8 1 
[00130186] 3 | _ 9 5 0 11 3 6 10 4 7 8 1 
[00130187] 5 | _ 9 _ 0 11 3 _ 10 4 9 8 1 
[00130188] 4 | _ 9 _ 0 11 3 7 10 4 9 8 1 
[00130189] 8 | _ 9 _ 0 11 _ 3 10 _ _ _ _ 
[00130190] 7 | 2 9 _ 0 11 _ 3 10 _ _ _ _ 
[00130191] 6 | 2 9 _ 0 11 5 3 10 _ _ _ _ 
[00130192] 5 | 2 9 4 0 11 5 3 10 _ _ _ _ 
[00130193] 4 | 2 9 4 0 11 5 3 10 6 _ _ _ 
[00130194] 3 | 2 9 4 0 11 5 3 10 6 _ 7 _ 
[00130195] 2 | 2 9 4 0 11 5 3 10 6 8 7 _ 
[00130196] 4 | 2 9 4 0 11 5 3 10 _ _ 6 _ 
[00130197] 3 | 2 9 4 0 11 5 3 10 7 _ 6 _ 
[00130198] 2 | 2 9 4 0 11 5 3 10 7 _ 6 8 
[00130199] 5 | 2 9 _ 0 11 5 3 10 1 6 _ _ 
[00130200] 4 | 2 9 _ 0 11 5 3 10 1 6 4 8 
[00130201] 4 | 2 9 _ 0 11 5 3 10 1 6 8 4 
[00130202] 5 | 2 9 _ 0 11 5 3 10 6 1 _ _ 
[00130203] 4 | 2 9 _ 0 11 5 3 10 6 1 4 8 
[00130204] 4 | 2 9 _ 0 11 5 3 10 6 1 8 4 
[00130205] 5 | 2 9 _ 0 11 5 3 10 _ _ 1 6 
[00130206] 4 | 2 9 _ 0 11 5 3 10 4 8 1 6 
[00130207] 4 | 2 9 _ 0 11 5 3 10 8 4 1 6 
[00130208] 5 | 2 9 _ 0 11 5 3 10 _ _ 6 1 
[00130209] 4 | 2 9 _ 0 11 5 3 10 4 8 6 1 
[00130210] 4 | 2 9 _ 0 11 5 3 10 8 4 6 1 
[00130211] 6 | 2 9 _ 0 11 _ 3 10 4 _ _ _ 
[00130212] 5 | 2 9 4 0 11 _ 3 10 4 _ _ _ 
[00130213] 4 | 2 9 4 0 11 7 3 10 4 _ _ _ 
[00130214] 3 | 2 9 4 0 11 7 3 10 4 _ 5 8 
[00130215] 3 | 2 9 4 0 11 7 3 10 4 _ 8 5 
[00130216] 4 | 2 9 4 0 11 _ 3 10 4 _ 6 _ 
[00130217] 3 | 2 9 4 0 11 8 3 10 4 _ 6 _ 
[00130218] 4 | 2 9 4 0 11 _ 3 10 4 _ 1 5 
[00130219] 3 | 2 9 4 0 11 8 3 10 4 _ 1 5 
[00130220] 4 | 2 9 4 0 11 _ 3 10 4 _ 5 1 
[00130221] 3 | 2 9 4 0 11 8 3 10 4 _ 5 1 
[00130222] 5 | 2 9 _ 0 11 6 3 10 4 _ _ _ 
[00130223] 4 | 2 9 5 0 11 6 3 10 4 _ _ _ 
[00130224] 3 | 2 9 5 0 11 6 3 10 4 1 _ _ 
[00130225] 2 | 2 9 5 0 11 6 3 10 4 1 8 _ 
[00130226] 1 | 2 9 5 0 11 6 3 10 4 1 8 7  *Graceful*
[00130226] 3 | 2 9 5 0 11 6 3 10 4 7 _ _ 
[00130227] 2 | 2 9 5 0 11 6 3 10 4 7 8 _ 
[00130228] 3 | 2 9 5 0 11 6 3 10 4 _ 7 _ 
[00130229] 4 | 2 9 _ 0 11 6 3 10 4 8 _ _ 
[00130230] 3 | 2 9 _ 0 11 6 3 10 4 8 7 _ 
[00130231] 2 | 2 9 7 0 11 6 3 10 4 8 7 _ 
[00130232] 2 | 2 9 _ 0 11 6 3 10 4 8 7 5 
[00130233] 2 | 2 9 _ 0 11 6 3 10 4 8 7 9 
[00130234] 4 | 2 9 _ 0 11 6 3 10 4 _ 1 5 
[00130235] 3 | 2 9 _ 0 11 6 3 10 4 7 1 5 
[00130236] 4 | 2 9 _ 0 11 6 3 10 4 _ 5 1 
[00130237] 3 | 2 9 _ 0 11 6 3 10 4 7 5 1 
[00130238] 5 | 2 9 _ 0 11 _ 3 10 4 9 _ _ 
[00130239] 4 | 2 9 _ 0 11 7 3 10 4 9 _ _ 
[00130240] 3 | 2 9 _ 0 11 7 3 10 4 9 5 8 
[00130241] 3 | 2 9 _ 0 11 7 3 10 4 9 8 5 
[00130242] 4 | 2 9 _ 0 11 _ 3 10 4 9 6 _ 
[00130243] 3 | 2 9 _ 0 11 8 3 10 4 9 6 _ 
[00130244] 4 | 2 9 _ 0 11 _ 3 10 4 9 1 5 
[00130245] 3 | 2 9 _ 0 11 8 3 10 4 9 1 5 
[00130246] 4 | 2 9 _ 0 11 _ 3 10 4 9 5 1 
[00130247] 3 | 2 9 _ 0 11 8 3 10 4 9 5 1 
[00130248] 5 | 2 9 _ 0 11 _ 3 10 4 _ 5 _ 
[00130249] 4 | 2 9 5 0 11 _ 3 10 4 _ 5 _ 
[00130250] 3 | 2 9 5 0 11 8 3 10 4 _ 5 _ 
[00130251] 2 | 2 9 5 0 11 8 3 10 4 6 5 _ 
[00130252] 3 | 2 9 5 0 11 _ 3 10 4 1 5 _ 
[00130253] 3 | 2 9 5 0 11 _ 3 10 4 7 5 _ 
[00130254] 4 | 2 9 _ 0 11 7 3 10 4 _ 5 _ 
[00130255] 3 | 2 9 6 0 11 7 3 10 4 _ 5 _ 
[00130256] 3 | 2 9 _ 0 11 7 3 10 4 1 5 _ 
[00130257] 3 | 2 9 _ 0 11 7 3 10 4 _ 5 8 
[00130258] 2 | 2 9 _ 0 11 7 3 10 4 6 5 8 
[00130259] 4 | 2 9 _ 0 11 _ 3 10 4 8 5 _ 
[00130260] 3 | 2 9 6 0 11 _ 3 10 4 8 5 _ 
[00130261] 2 | 2 9 6 0 11 _ 3 10 4 8 5 7 
[00130262] 4 | 2 9 _ 0 11 _ 3 10 4 _ 5 1 
[00130263] 3 | 2 9 6 0 11 _ 3 10 4 _ 5 1 
[00130264] 3 | 2 9 _ 0 11 8 3 10 4 _ 5 1 
[00130265] 2 | 2 9 7 0 11 8 3 10 4 _ 5 1 
[00130266] 2 | 2 9 _ 0 11 8 3 10 4 6 5 1 
[00130267] 3 | 2 9 _ 0 11 _ 3 10 4 7 5 1 
[00130268] 2 | 2 9 11 0 11 _ 3 10 4 7 5 1 
[00130269] 2 | 2 9 _ 0 11 9 3 10 4 7 5 1 
[00130270] 4 | 2 9 _ 0 11 _ 3 10 4 _ 5 9 
[00130271] 3 | 2 9 _ 0 11 8 3 10 4 _ 5 9 
[00130272] 2 | 2 9 _ 0 11 8 3 10 4 6 5 9 
[00130273] 3 | 2 9 _ 0 11 _ 3 10 4 1 5 9 
[00130274] 3 | 2 9 _ 0 11 _ 3 10 4 7 5 9 
[00130275] 5 | 2 9 _ 0 11 _ 3 10 4 _ 1 6 
[00130276] 4 | 2 9 5 0 11 _ 3 10 4 _ 1 6 
[00130277] 3 | 2 9 5 0 11 8 3 10 4 _ 1 6 
[00130278] 3 | 2 9 5 0 11 _ 3 10 4 7 1 6 
[00130279] 4 | 2 9 _ 0 11 7 3 10 4 _ 1 6 
[00130280] 4 | 2 9 _ 0 11 _ 3 10 4 8 1 6 
[00130281] 5 | 2 9 _ 0 11 _ 3 10 4 _ 6 1 
[00130282] 4 | 2 9 5 0 11 _ 3 10 4 _ 6 1 
[00130283] 3 | 2 9 5 0 11 8 3 10 4 _ 6 1 
[00130284] 3 | 2 9 5 0 11 _ 3 10 4 7 6 1 
[00130285] 4 | 2 9 _ 0 11 7 3 10 4 _ 6 1 
[00130286] 4 | 2 9 _ 0 11 _ 3 10 4 8 6 1 
[00130287] 6 | 2 9 _ 0 11 _ 3 10 1 7 _ _ 
[00130288] 5 | 2 9 4 0 11 _ 3 10 1 7 _ _ 
[00130289] 4 | 2 9 4 0 11 _ 3 10 1 7 6 _ 
[00130290] 3 | 2 9 4 0 11 8 3 10 1 7 6 _ 
[00130291] 5 | 2 9 _ 0 11 6 3 10 1 7 _ _ 
[00130292] 4 | 2 9 5 0 11 6 3 10 1 7 _ _ 
[00130293] 4 | 2 9 _ 0 11 6 3 10 1 7 4 8 
[00130294] 4 | 2 9 _ 0 11 6 3 10 1 7 8 4 
[00130295] 5 | 2 9 _ 0 11 _ 3 10 1 7 5 _ 
[00130296] 4 | 2 9 5 0 11 _ 3 10 1 7 5 _ 
[00130297] 3 | 2 9 5 0 11 8 3 10 1 7 5 _ 
[00130298] 4 | 2 9 _ 0 11 _ 3 10 1 7 5 9 
[00130299] 3 | 2 9 _ 0 11 8 3 10 1 7 5 9 
[00130300] 6 | 2 9 _ 0 11 _ 3 10 7 1 _ _ 
[00130301] 5 | 2 9 4 0 11 _ 3 10 7 1 _ _ 
[00130302] 4 | 2 9 4 0 11 _ 3 10 7 1 6 _ 
[00130303] 3 | 2 9 4 0 11 8 3 10 7 1 6 _ 
[00130304] 5 | 2 9 _ 0 11 6 3 10 7 1 _ _ 
[00130305] 4 | 2 9 5 0 11 6 3 10 7 1 _ _ 
[00130306] 4 | 2 9 _ 0 11 6 3 10 7 1 4 8 
[00130307] 4 | 2 9 _ 0 11 6 3 10 7 1 8 4 
[00130308] 5 | 2 9 _ 0 11 _ 3 10 7 1 5 _ 
[00130309] 4 | 2 9 5 0 11 _ 3 10 7 1 5 _ 
[00130310] 3 | 2 9 5 0 11 8 3 10 7 1 5 _ 
[00130311] 4 | 2 9 _ 0 11 _ 3 10 7 1 5 9 
[00130312] 3 | 2 9 _ 0 11 8 3 10 7 1 5 9 
[00130313] 6 | 2 9 _ 0 11 _ 3 10 _ _ 4 _ 
[00130314] 5 | 2 9 4 0 11 _ 3 10 _ _ 4 _ 
[00130315] 4 | 2 9 4 0 11 7 3 10 _ _ 4 _ 
[00130316] 3 | 2 9 4 0 11 7 3 10 5 8 4 _ 
[00130317] 3 | 2 9 4 0 11 7 3 10 8 5 4 _ 
[00130318] 4 | 2 9 4 0 11 _ 3 10 6 _ 4 _ 
[00130319] 3 | 2 9 4 0 11 8 3 10 6 _ 4 _ 
[00130320] 4 | 2 9 4 0 11 _ 3 10 1 5 4 _ 
[00130321] 3 | 2 9 4 0 11 8 3 10 1 5 4 _ 
[00130322] 4 | 2 9 4 0 11 _ 3 10 5 1 4 _ 
[00130323] 3 | 2 9 4 0 11 8 3 10 5 1 4 _ 
[00130324] 5 | 2 9 _ 0 11 6 3 10 _ _ 4 _ 
[00130325] 4 | 2 9 5 0 11 6 3 10 _ _ 4 _ 
[00130326] 3 | 2 9 5 0 11 6 3 10 7 _ 4 _ 
[00130327] 3 | 2 9 5 0 11 6 3 10 _ _ 4 1 
[00130328] 2 | 2 9 5 0 11 6 3 10 8 _ 4 1 
[00130329] 1 | 2 9 5 0 11 6 3 10 8 7 4 1  *Graceful*
[00130329] 3 | 2 9 5 0 11 6 3 10 _ _ 4 7 
[00130330] 2 | 2 9 5 0 11 6 3 10 8 _ 4 7 
[00130331] 4 | 2 9 _ 0 11 6 3 10 1 5 4 _ 
[00130332] 3 | 2 9 _ 0 11 6 3 10 1 5 4 7 
[00130333] 4 | 2 9 _ 0 11 6 3 10 5 1 4 _ 
[00130334] 3 | 2 9 _ 0 11 6 3 10 5 1 4 7 
[00130335] 4 | 2 9 _ 0 11 6 3 10 _ _ 4 8 
[00130336] 3 | 2 9 _ 0 11 6 3 10 7 _ 4 8 
