[00259942] 2 | 2 9 3 0 8 5 10 11 7 _ 1 6 
[00259943] 3 | 2 9 3 0 8 _ 5 11 7 _ 1 6 
[00259944] 2 | 2 9 3 0 8 10 5 11 7 _ 1 6 
[00259945] 3 | 2 9 3 0 8 _ _ 11 7 4 1 6 
[00259946] 2 | 2 9 3 0 8 10 _ 11 7 4 1 6 
[00259947] 2 | 2 9 3 0 8 _ 10 11 7 4 1 6 
[00259948] 3 | 2 9 3 0 8 _ _ 11 7 10 1 6 
[00259949] 6 | 2 9 _ 0 8 _ _ 11 5 _ 1 _ 
[00259950] 5 | 2 9 4 0 8 _ _ 11 5 _ 1 _ 
[00259951] 4 | 2 9 4 0 8 _ _ 11 5 1 1 _ 
[00259952] 4 | 2 9 4 0 8 _ _ 11 5 _ 1 5 
[00259953] 5 | 2 9 _ 0 8 3 _ 11 5 _ 1 _ 
[00259954] 4 | 2 9 5 0 8 3 _ 11 5 _ 1 _ 
[00259955] 3 | 2 9 5 0 8 3 _ 11 5 _ 1 4 
[00259956] 2 | 2 9 5 0 8 3 6 11 5 _ 1 4 
[00259957] 2 | 2 9 5 0 8 3 10 11 5 _ 1 4 
[00259958] 4 | 2 9 _ 0 8 3 4 11 5 _ 1 _ 
[00259959] 3 | 2 9 6 0 8 3 4 11 5 _ 1 _ 
[00259960] 2 | 2 9 6 0 8 3 4 11 5 7 1 _ 
[00259961] 4 | 2 9 _ 0 8 3 _ 11 5 1 1 _ 
[00259962] 3 | 2 9 6 0 8 3 _ 11 5 1 1 _ 
[00259963] 2 | 2 9 6 0 8 3 10 11 5 1 1 _ 
[00259964] 4 | 2 9 _ 0 8 3 _ 11 5 9 1 _ 
[00259965] 3 | 2 9 _ 0 8 3 _ 11 5 9 1 4 
[00259966] 2 | 2 9 _ 0 8 3 6 11 5 9 1 4 
[00259967] 2 | 2 9 _ 0 8 3 10 11 5 9 1 4 
[00259968] 4 | 2 9 _ 0 8 3 _ 11 5 _ 1 5 
[00259969] 3 | 2 9 6 0 8 3 _ 11 5 _ 1 5 
[00259970] 2 | 2 9 6 0 8 3 10 11 5 _ 1 5 
[00259971] 5 | 2 9 _ 0 8 _ 3 11 5 _ 1 _ 
[00259972] 4 | 2 9 5 0 8 _ 3 11 5 _ 1 _ 
[00259973] 3 | 2 9 5 0 8 _ 3 11 5 _ 1 4 
[00259974] 2 | 2 9 5 0 8 6 3 11 5 _ 1 4 
[00259975] 2 | 2 9 5 0 8 10 3 11 5 _ 1 4 
[00259976] 4 | 2 9 _ 0 8 4 3 11 5 _ 1 _ 
[00259977] 3 | 2 9 6 0 8 4 3 11 5 _ 1 _ 
[00259978] 2 | 2 9 6 0 8 4 3 11 5 7 1 _ 
[00259979] 4 | 2 9 _ 0 8 _ 3 11 5 1 1 _ 
[00259980] 3 | 2 9 6 0 8 _ 3 11 5 1 1 _ 
[00259981] 2 | 2 9 6 0 8 10 3 11 5 1 1 _ 
[00259982] 4 | 2 9 _ 0 8 _ 3 11 5 9 1 _ 
[00259983] 3 | 2 9 _ 0 8 _ 3 11 5 9 1 4 
[00259984] 2 | 2 9 _ 0 8 6 3 11 5 9 1 4 
[00259985] 2 | 2 9 _ 0 8 10 3 11 5 9 1 4 
[00259986] 4 | 2 9 _ 0 8 _ 3 11 5 _ 1 5 
[00259987] 3 | 2 9 6 0 8 _ 3 11 5 _ 1 5 
[00259988] 2 | 2 9 6 0 8 10 3 11 5 _ 1 5 
[00259989] 5 | 2 9 _ 0 8 _ _ 11 5 10 1 _ 
[00259990] 4 | 2 9 _ 0 8 4 _ 11 5 10 1 _ 
[00259991] 3 | 2 9 6 0 8 4 _ 11 5 10 1 _ 
[00259992] 2 | 2 9 6 0 8 4 _ 11 5 10 1 3 
[00259993] 1 | 2 9 6 0 8 4 7 11 5 10 1 3  *Graceful*
[00259993] 4 | 2 9 _ 0 8 _ 4 11 5 10 1 _ 
[00259994] 3 | 2 9 6 0 8 _ 4 11 5 10 1 _ 
[00259995] 2 | 2 9 6 0 8 _ 4 11 5 10 1 3 
[00259996] 1 | 2 9 6 0 8 7 4 11 5 10 1 3  *Graceful*
[00259996] 5 | 2 9 _ 0 8 _ _ 11 5 _ 1 6 
[00259997] 4 | 2 9 5 0 8 _ _ 11 5 _ 1 6 
[00259998] 4 | 2 9 _ 0 8 4 _ 11 5 _ 1 6 
[00259999] 3 | 2 9 _ 0 8 4 5 11 5 _ 1 6 
[00260000] 2 | 2 9 7 0 8 4 5 11 5 _ 1 6 
[00260001] 3 | 2 9 _ 0 8 4 _ 11 5 8 1 6 
[00260002] 2 | 2 9 7 0 8 4 _ 11 5 8 1 6 
[00260003] 4 | 2 9 _ 0 8 _ 4 11 5 _ 1 6 
[00260004] 3 | 2 9 _ 0 8 5 4 11 5 _ 1 6 
[00260005] 2 | 2 9 7 0 8 5 4 11 5 _ 1 6 
[00260006] 3 | 2 9 _ 0 8 _ 4 11 5 8 1 6 
[00260007] 2 | 2 9 7 0 8 _ 4 11 5 8 1 6 
[00260008] 4 | 2 9 _ 0 8 _ _ 11 5 9 1 6 
[00260009] 6 | 2 9 _ 0 8 _ _ 11 4 10 1 _ 
[00260010] 5 | 2 9 _ 0 8 3 _ 11 4 10 1 _ 
[00260011] 4 | 2 9 5 0 8 3 _ 11 4 10 1 _ 
[00260012] 4 | 2 9 _ 0 8 3 _ 11 4 10 1 5 
[00260013] 3 | 2 9 6 0 8 3 _ 11 4 10 1 5 
[00260014] 5 | 2 9 _ 0 8 _ 3 11 4 10 1 _ 
[00260015] 4 | 2 9 5 0 8 _ 3 11 4 10 1 _ 
[00260016] 4 | 2 9 _ 0 8 _ 3 11 4 10 1 5 
[00260017] 3 | 2 9 6 0 8 _ 3 11 4 10 1 5 
[00260018] 5 | 2 9 _ 0 8 _ _ 11 4 10 1 6 
[00260019] 4 | 2 9 5 0 8 _ _ 11 4 10 1 6 
[00260020] 6 | 2 9 _ 0 8 _ _ 11 10 4 1 _ 
[00260021] 5 | 2 9 _ 0 8 3 _ 11 10 4 1 _ 
[00260022] 4 | 2 9 5 0 8 3 _ 11 10 4 1 _ 
[00260023] 4 | 2 9 _ 0 8 3 _ 11 10 4 1 5 
[00260024] 3 | 2 9 6 0 8 3 _ 11 10 4 1 5 
[00260025] 5 | 2 9 _ 0 8 _ 3 11 10 4 1 _ 
[00260026] 4 | 2 9 5 0 8 _ 3 11 10 4 1 _ 
[00260027] 4 | 2 9 _ 0 8 _ 3 11 10 4 1 5 
[00260028] 3 | 2 9 6 0 8 _ 3 11 10 4 1 5 
[00260029] 5 | 2 9 _ 0 8 _ _ 11 10 4 1 6 
[00260030] 4 | 2 9 5 0 8 _ _ 11 10 4 1 6 
[00260031] 6 | 2 9 _ 0 8 _ _ 11 _ _ 1 7 
[00260032] 5 | 2 9 4 0 8 _ _ 11 _ _ 1 7 
[00260033] 4 | 2 9 4 0 8 _ _ 11 6 10 1 7 
[00260034] 3 | 2 9 4 0 8 5 _ 11 6 10 1 7 
[00260035] 3 | 2 9 4 0 8 _ 5 11 6 10 1 7 
[00260036] 4 | 2 9 4 0 8 _ _ 11 10 6 1 7 
[00260037] 3 | 2 9 4 0 8 5 _ 11 10 6 1 7 
[00260038] 3 | 2 9 4 0 8 _ 5 11 10 6 1 7 
[00260039] 5 | 2 9 _ 0 8 3 _ 11 _ _ 1 7 
[00260040] 4 | 2 9 5 0 8 3 _ 11 _ _ 1 7 
[00260041] 3 | 2 9 5 0 8 3 11 11 _ _ 1 7 
[00260042] 2 | 2 9 5 0 8 3 11 11 4 6 1 7 
[00260043] 2 | 2 9 5 0 8 3 11 11 6 4 1 7 
[00260044] 3 | 2 9 5 0 8 3 _ 11 8 _ 1 7 
[00260045] 2 | 2 9 5 0 8 3 6 11 8 _ 1 7 
[00260046] 2 | 2 9 5 0 8 3 10 11 8 _ 1 7 
[00260047] 2 | 2 9 5 0 8 3 _ 11 8 6 1 7 
[00260048] 2 | 2 9 5 0 8 3 _ 11 8 10 1 7 
[00260049] 4 | 2 9 _ 0 8 3 4 11 _ _ 1 7 
[00260050] 3 | 2 9 6 0 8 3 4 11 _ _ 1 7 
[00260051] 4 | 2 9 _ 0 8 3 _ 11 6 10 1 7 
[00260052] 3 | 2 9 _ 0 8 3 5 11 6 10 1 7 
[00260053] 4 | 2 9 _ 0 8 3 _ 11 10 6 1 7 
[00260054] 3 | 2 9 _ 0 8 3 5 11 10 6 1 7 
[00260055] 5 | 2 9 _ 0 8 _ 3 11 _ _ 1 7 
[00260056] 4 | 2 9 5 0 8 _ 3 11 _ _ 1 7 
[00260057] 3 | 2 9 5 0 8 11 3 11 _ _ 1 7 
[00260058] 2 | 2 9 5 0 8 11 3 11 4 6 1 7 
[00260059] 2 | 2 9 5 0 8 11 3 11 6 4 1 7 
[00260060] 3 | 2 9 5 0 8 _ 3 11 8 _ 1 7 
[00260061] 2 | 2 9 5 0 8 6 3 11 8 _ 1 7 
[00260062] 2 | 2 9 5 0 8 10 3 11 8 _ 1 7 
[00260063] 2 | 2 9 5 0 8 _ 3 11 8 6 1 7 
[00260064] 2 | 2 9 5 0 8 _ 3 11 8 10 1 7 
[00260065] 4 | 2 9 _ 0 8 4 3 11 _ _ 1 7 
[00260066] 3 | 2 9 6 0 8 4 3 11 _ _ 1 7 
[00260067] 4 | 2 9 _ 0 8 _ 3 11 6 10 1 7 
[00260068] 3 | 2 9 _ 0 8 5 3 11 6 10 1 7 
[00260069] 4 | 2 9 _ 0 8 _ 3 11 10 6 1 7 
[00260070] 3 | 2 9 _ 0 8 5 3 11 10 6 1 7 
[00260071] 5 | 2 9 _ 0 8 _ _ 11 6 _ 1 7 
[00260072] 4 | 2 9 5 0 8 _ _ 11 6 _ 1 7 
[00260073] 3 | 2 9 5 0 8 _ _ 11 6 3 1 7 
[00260074] 2 | 2 9 5 0 8 10 _ 11 6 3 1 7 
[00260075] 2 | 2 9 5 0 8 _ 10 11 6 3 1 7 
[00260076] 4 | 2 9 _ 0 8 4 _ 11 6 _ 1 7 
[00260077] 3 | 2 9 6 0 8 4 _ 11 6 _ 1 7 
[00260078] 2 | 2 9 6 0 8 4 10 11 6 _ 1 7 
[00260079] 3 | 2 9 _ 0 8 4 5 11 6 _ 1 7 
[00260080] 3 | 2 9 _ 0 8 4 _ 11 6 3 1 7 
[00260081] 2 | 2 9 _ 0 8 4 10 11 6 3 1 7 
[00260082] 3 | 2 9 _ 0 8 4 _ 11 6 9 1 7 
[00260083] 2 | 2 9 _ 0 8 4 10 11 6 9 1 7 
[00260084] 4 | 2 9 _ 0 8 _ 4 11 6 _ 1 7 
[00260085] 3 | 2 9 6 0 8 _ 4 11 6 _ 1 7 
[00260086] 2 | 2 9 6 0 8 10 4 11 6 _ 1 7 
[00260087] 3 | 2 9 _ 0 8 5 4 11 6 _ 1 7 
[00260088] 3 | 2 9 _ 0 8 _ 4 11 6 3 1 7 
[00260089] 2 | 2 9 _ 0 8 10 4 11 6 3 1 7 
[00260090] 3 | 2 9 _ 0 8 _ 4 11 6 9 1 7 
[00260091] 2 | 2 9 _ 0 8 10 4 11 6 9 1 7 
[00260092] 4 | 2 9 _ 0 8 _ _ 11 6 10 1 7 
[00260093] 3 | 2 9 _ 0 8 5 _ 11 6 10 1 7 
[00260094] 3 | 2 9 _ 0 8 _ 5 11 6 10 1 7 
[00260095] 5 | 2 9 _ 0 8 _ _ 11 5 10 1 7 
[00260096] 4 | 2 9 _ 0 8 4 _ 11 5 10 1 7 
[00260097] 3 | 2 9 6 0 8 4 _ 11 5 10 1 7 
[00260098] 4 | 2 9 _ 0 8 _ 4 11 5 10 1 7 
[00260099] 3 | 2 9 6 0 8 _ 4 11 5 10 1 7 
[00260100] 5 | 2 9 _ 0 8 _ _ 11 10 5 1 7 
[00260101] 4 | 2 9 _ 0 8 4 _ 11 10 5 1 7 
[00260102] 3 | 2 9 6 0 8 4 _ 11 10 5 1 7 
[00260103] 4 | 2 9 _ 0 8 _ 4 11 10 5 1 7 
[00260104] 3 | 2 9 6 0 8 _ 4 11 10 5 1 7 
[00260105] 7 | _ 9 2 0 8 _ _ 11 _ _ 1 _ 
[00260106] 6 | 3 9 2 0 8 _ _ 11 _ _ 1 _ 
[00260107] 5 | 3 9 2 0 8 _ _ 11 6 _ 1 _ 
[00260108] 4 | 3 9 2 0 8 4 _ 11 6 _ 1 _ 
[00260109] 3 | 3 9 2 0 8 4 5 11 6 _ 1 _ 
[00260110] 4 | 3 9 2 0 8 _ 4 11 6 _ 1 _ 
[00260111] 3 | 3 9 2 0 8 5 4 11 6 _ 1 _ 
[00260112] 4 | 3 9 2 0 8 _ _ 11 6 10 1 _ 
[00260113] 3 | 3 9 2 0 8 5 _ 11 6 10 1 _ 
[00260114] 3 | 3 9 2 0 8 _ 5 11 6 10 1 _ 
[00260115] 3 | 3 9 2 0 8 _ _ 11 6 10 1 4 
[00260116] 4 | 3 9 2 0 8 _ _ 11 6 _ 1 5 
[00260117] 5 | 3 9 2 0 8 _ _ 11 5 10 1 _ 
[00260118] 4 | 3 9 2 0 8 4 _ 11 5 10 1 _ 
[00260119] 4 | 3 9 2 0 8 _ 4 11 5 10 1 _ 
[00260120] 5 | 3 9 2 0 8 _ _ 11 10 5 1 _ 
[00260121] 4 | 3 9 2 0 8 4 _ 11 10 5 1 _ 
[00260122] 4 | 3 9 2 0 8 _ 4 11 10 5 1 _ 
[00260123] 5 | 3 9 2 0 8 _ _ 11 _ _ 1 6 
[00260124] 4 | 3 9 2 0 8 4 _ 11 _ _ 1 6 
[00260125] 3 | 3 9 2 0 8 4 5 11 _ _ 1 6 
[00260126] 3 | 3 9 2 0 8 4 11 11 _ _ 1 6 
[00260127] 2 | 3 9 2 0 8 4 11 11 5 7 1 6 
[00260128] 2 | 3 9 2 0 8 4 11 11 7 5 1 6 
[00260129] 3 | 3 9 2 0 8 4 _ 11 8 _ 1 6 
[00260130] 2 | 3 9 2 0 8 4 10 11 8 _ 1 6 
[00260131] 2 | 3 9 2 0 8 4 _ 11 8 10 1 6 
[00260132] 3 | 3 9 2 0 8 4 _ 11 7 10 1 6 
[00260133] 3 | 3 9 2 0 8 4 _ 11 10 7 1 6 
[00260134] 4 | 3 9 2 0 8 _ 4 11 _ _ 1 6 
[00260135] 3 | 3 9 2 0 8 5 4 11 _ _ 1 6 
[00260136] 3 | 3 9 2 0 8 11 4 11 _ _ 1 6 
[00260137] 2 | 3 9 2 0 8 11 4 11 5 7 1 6 
[00260138] 2 | 3 9 2 0 8 11 4 11 7 5 1 6 
[00260139] 3 | 3 9 2 0 8 _ 4 11 8 _ 1 6 
[00260140] 2 | 3 9 2 0 8 10 4 11 8 _ 1 6 
[00260141] 2 | 3 9 2 0 8 _ 4 11 8 10 1 6 
[00260142] 3 | 3 9 2 0 8 _ 4 11 7 10 1 6 
[00260143] 3 | 3 9 2 0 8 _ 4 11 10 7 1 6 
[00260144] 4 | 3 9 2 0 8 _ _ 11 7 _ 1 6 
[00260145] 3 | 3 9 2 0 8 5 _ 11 7 _ 1 6 
[00260146] 2 | 3 9 2 0 8 5 10 11 7 _ 1 6 
[00260147] 3 | 3 9 2 0 8 _ 5 11 7 _ 1 6 
[00260148] 2 | 3 9 2 0 8 10 5 11 7 _ 1 6 
[00260149] 3 | 3 9 2 0 8 _ _ 11 7 4 1 6 
[00260150] 2 | 3 9 2 0 8 10 _ 11 7 4 1 6 
[00260151] 2 | 3 9 2 0 8 _ 10 11 7 4 1 6 
[00260152] 3 | 3 9 2 0 8 _ _ 11 7 10 1 6 
[00260153] 6 | _ 9 2 0 8 _ _ 11 5 _ 1 _ 
[00260154] 5 | 4 9 2 0 8 _ _ 11 5 _ 1 _ 
[00260155] 4 | 4 9 2 0 8 _ _ 11 5 1 1 _ 
[00260156] 4 | 4 9 2 0 8 _ _ 11 5 _ 1 5 
[00260157] 5 | _ 9 2 0 8 3 _ 11 5 _ 1 _ 
[00260158] 4 | 5 9 2 0 8 3 _ 11 5 _ 1 _ 
[00260159] 3 | 5 9 2 0 8 3 _ 11 5 _ 1 4 
[00260160] 2 | 5 9 2 0 8 3 6 11 5 _ 1 4 
[00260161] 2 | 5 9 2 0 8 3 10 11 5 _ 1 4 
[00260162] 4 | _ 9 2 0 8 3 4 11 5 _ 1 _ 
[00260163] 3 | 6 9 2 0 8 3 4 11 5 _ 1 _ 
[00260164] 2 | 6 9 2 0 8 3 4 11 5 7 1 _ 
[00260165] 4 | _ 9 2 0 8 3 _ 11 5 1 1 _ 
[00260166] 3 | 6 9 2 0 8 3 _ 11 5 1 1 _ 
[00260167] 2 | 6 9 2 0 8 3 10 11 5 1 1 _ 
[00260168] 4 | _ 9 2 0 8 3 _ 11 5 9 1 _ 
[00260169] 3 | _ 9 2 0 8 3 _ 11 5 9 1 4 
[00260170] 2 | _ 9 2 0 8 3 6 11 5 9 1 4 
[00260171] 2 | _ 9 2 0 8 3 10 11 5 9 1 4 
[00260172] 4 | _ 9 2 0 8 3 _ 11 5 _ 1 5 
[00260173] 3 | 6 9 2 0 8 3 _ 11 5 _ 1 5 
[00260174] 2 | 6 9 2 0 8 3 10 11 5 _ 1 5 
[00260175] 5 | _ 9 2 0 8 _ 3 11 5 _ 1 _ 
[00260176] 4 | 5 9 2 0 8 _ 3 11 5 _ 1 _ 
[00260177] 3 | 5 9 2 0 8 _ 3 11 5 _ 1 4 
[00260178] 2 | 5 9 2 0 8 6 3 11 5 _ 1 4 
[00260179] 2 | 5 9 2 0 8 10 3 11 5 _ 1 4 
[00260180] 4 | _ 9 2 0 8 4 3 11 5 _ 1 _ 
[00260181] 3 | 6 9 2 0 8 4 3 11 5 _ 1 _ 
[00260182] 2 | 6 9 2 0 8 4 3 11 5 7 1 _ 
[00260183] 4 | _ 9 2 0 8 _ 3 11 5 1 1 _ 
[00260184] 3 | 6 9 2 0 8 _ 3 11 5 1 1 _ 
[00260185] 2 | 6 9 2 0 8 10 3 11 5 1 1 _ 
[00260186] 4 | _ 9 2 0 8 _ 3 11 5 9 1 _ 
[00260187] 3 | _ 9 2 0 8 _ 3 11 5 9 1 4 
[00260188] 2 | _ 9 2 0 8 6 3 11 5 9 1 4 
[00260189] 2 | _ 9 2 0 8 10 3 11 5 9 1 4 
[00260190] 4 | _ 9 2 0 8 _ 3 11 5 _ 1 5 
[00260191] 3 | 6 9 2 0 8 _ 3 11 5 _ 1 5 
[00260192] 2 | 6 9 2 0 8 10 3 11 5 _ 1 5 
[00260193] 5 | _ 9 2 0 8 _ _ 11 5 10 1 _ 
[00260194] 4 | _ 9 2 0 8 4 _ 11 5 10 1 _ 
[00260195] 3 | 6 9 2 0 8 4 _ 11 5 10 1 _ 
[00260196] 2 | 6 9 2 0 8 4 _ 11 5 10 1 3 
[00260197] 1 | 6 9 2 0 8 4 7 11 5 10 1 3  *Graceful*
[00260197] 4 | _ 9 2 0 8 _ 4 11 5 10 1 _ 
[00260198] 3 | 6 9 2 0 8 _ 4 11 5 10 1 _ 
[00260199] 2 | 6 9 2 0 8 _ 4 11 5 10 1 3 
[00260200] 1 | 6 9 2 0 8 7 4 11 5 10 1 3  *Graceful*
[00260200] 5 | _ 9 2 0 8 _ _ 11 5 _ 1 6 
[00260201] 4 | 5 9 2 0 8 _ _ 11 5 _ 1 6 
[00260202] 4 | _ 9 2 0 8 4 _ 11 5 _ 1 6 
[00260203] 3 | _ 9 2 0 8 4 5 11 5 _ 1 6 
[00260204] 2 | 7 9 2 0 8 4 5 11 5 _ 1 6 
[00260205] 3 | _ 9 2 0 8 4 _ 11 5 8 1 6 
[00260206] 2 | 7 9 2 0 8 4 _ 11 5 8 1 6 
[00260207] 4 | _ 9 2 0 8 _ 4 11 5 _ 1 6 
[00260208] 3 | _ 9 2 0 8 5 4 11 5 _ 1 6 
[00260209] 2 | 7 9 2 0 8 5 4 11 5 _ 1 6 
[00260210] 3 | _ 9 2 0 8 _ 4 11 5 8 1 6 
[00260211] 2 | 7 9 2 0 8 _ 4 11 5 8 1 6 
[00260212] 4 | _ 9 2 0 8 _ _ 11 5 9 1 6 
[00260213] 6 | _ 9 2 0 8 _ _ 11 4 10 1 _ 
[00260214] 5 | _ 9 2 0 8 3 _ 11 4 10 1 _ 
[00260215] 4 | 5 9 2 0 8 3 _ 11 4 10 1 _ 
[00260216] 4 | _ 9 2 0 8 3 _ 11 4 10 1 5 
[00260217] 3 | 6 9 2 0 8 3 _ 11 4 10 1 5 
[00260218] 5 | _ 9 2 0 8 _ 3 11 4 10 1 _ 
[00260219] 4 | 5 9 2 0 8 _ 3 11 4 10 1 _ 
[00260220] 4 | _ 9 2 0 8 _ 3 11 4 10 1 5 
[00260221] 3 | 6 9 2 0 8 _ 3 11 4 10 1 5 
[00260222] 5 | _ 9 2 0 8 _ _ 11 4 10 1 6 
[00260223] 4 | 5 9 2 0 8 _ _ 11 4 10 1 6 
[00260224] 6 | _ 9 2 0 8 _ _ 11 10 4 1 _ 
[00260225] 5 | _ 9 2 0 8 3 _ 11 10 4 1 _ 
[00260226] 4 | 5 9 2 0 8 3 _ 11 10 4 1 _ 
[00260227] 4 | _ 9 2 0 8 3 _ 11 10 4 1 5 
[00260228] 3 | 6 9 2 0 8 3 _ 11 10 4 1 5 
[00260229] 5 | _ 9 2 0 8 _ 3 11 10 4 1 _ 
[00260230] 4 | 5 9 2 0 8 _ 3 11 10 4 1 _ 
[00260231] 4 | _ 9 2 0 8 _ 3 11 10 4 1 5 
[00260232] 3 | 6 9 2 0 8 _ 3 11 10 4 1 5 
[00260233] 5 | _ 9 2 0 8 _ _ 11 10 4 1 6 
[00260234] 4 | 5 9 2 0 8 _ _ 11 10 4 1 6 
[00260235] 6 | _ 9 2 0 8 _ _ 11 _ _ 1 7 
[00260236] 5 | 4 9 2 0 8 _ _ 11 _ _ 1 7 
[00260237] 4 | 4 9 2 0 8 _ _ 11 6 10 1 7 
[00260238] 3 | 4 9 2 0 8 5 _ 11 6 10 1 7 
[00260239] 3 | 4 9 2 0 8 _ 5 11 6 10 1 7 
[00260240] 4 | 4 9 2 0 8 _ _ 11 10 6 1 7 
[00260241] 3 | 4 9 2 0 8 5 _ 11 10 6 1 7 
[00260242] 3 | 4 9 2 0 8 _ 5 11 10 6 1 7 
[00260243] 5 | _ 9 2 0 8 3 _ 11 _ _ 1 7 
[00260244] 4 | 5 9 2 0 8 3 _ 11 _ _ 1 7 
[00260245] 3 | 5 9 2 0 8 3 11 11 _ _ 1 7 
[00260246] 2 | 5 9 2 0 8 3 11 11 4 6 1 7 
[00260247] 2 | 5 9 2 0 8 3 11 11 6 4 1 7 
[00260248] 3 | 5 9 2 0 8 3 _ 11 8 _ 1 7 
[00260249] 2 | 5 9 2 0 8 3 6 11 8 _ 1 7 
[00260250] 2 | 5 9 2 0 8 3 10 11 8 _ 1 7 
[00260251] 2 | 5 9 2 0 8 3 _ 11 8 6 1 7 
[00260252] 2 | 5 9 2 0 8 3 _ 11 8 10 1 7 
[00260253] 4 | _ 9 2 0 8 3 4 11 _ _ 1 7 
[00260254] 3 | 6 9 2 0 8 3 4 11 _ _ 1 7 
[00260255] 4 | _ 9 2 0 8 3 _ 11 6 10 1 7 
[00260256] 3 | _ 9 2 0 8 3 5 11 6 10 1 7 
[00260257] 4 | _ 9 2 0 8 3 _ 11 10 6 1 7 
[00260258] 3 | _ 9 2 0 8 3 5 11 10 6 1 7 
[00260259] 5 | _ 9 2 0 8 _ 3 11 _ _ 1 7 
[00260260] 4 | 5 9 2 0 8 _ 3 11 _ _ 1 7 
[00260261] 3 | 5 9 2 0 8 11 3 11 _ _ 1 7 
[00260262] 2 | 5 9 2 0 8 11 3 11 4 6 1 7 
[00260263] 2 | 5 9 2 0 8 11 3 11 6 4 1 7 
[00260264] 3 | 5 9 2 0 8 _ 3 11 8 _ 1 7 
[00260265] 2 | 5 9 2 0 8 6 3 11 8 _ 1 7 
[00260266] 2 | 5 9 2 0 8 10 3 11 8 _ 1 7 
[00260267] 2 | 5 9 2 0 8 _ 3 11 8 6 1 7 
[00260268] 2 | 5 9 2 0 8 _ 3 11 8 10 1 7 
[00260269] 4 | _ 9 2 0 8 4 3 11 _ _ 1 7 
[00260270] 3 | 6 9 2 0 8 4 3 11 _ _ 1 7 
[00260271] 4 | _ 9 2 0 8 _ 3 11 6 10 1 7 
[00260272] 3 | _ 9 2 0 8 5 3 11 6 10 1 7 
[00260273] 4 | _ 9 2 0 8 _ 3 11 10 6 1 7 
[00260274] 3 | _ 9 2 0 8 5 3 11 10 6 1 7 
[00260275] 5 | _ 9 2 0 8 _ _ 11 6 _ 1 7 
[00260276] 4 | 5 9 2 0 8 _ _ 11 6 _ 1 7 
[00260277] 3 | 5 9 2 0 8 _ _ 11 6 3 1 7 
[00260278] 2 | 5 9 2 0 8 10 _ 11 6 3 1 7 
[00260279] 2 | 5 9 2 0 8 _ 10 11 6 3 1 7 
[00260280] 4 | _ 9 2 0 8 4 _ 11 6 _ 1 7 
[00260281] 3 | 6 9 2 0 8 4 _ 11 6 _ 1 7 
[00260282] 2 | 6 9 2 0 8 4 10 11 6 _ 1 7 
[00260283] 3 | _ 9 2 0 8 4 5 11 6 _ 1 7 
[00260284] 3 | _ 9 2 0 8 4 _ 11 6 3 1 7 
[00260285] 2 | _ 9 2 0 8 4 10 11 6 3 1 7 
[00260286] 3 | _ 9 2 0 8 4 _ 11 6 9 1 7 
[00260287] 2 | _ 9 2 0 8 4 10 11 6 9 1 7 
[00260288] 4 | _ 9 2 0 8 _ 4 11 6 _ 1 7 
[00260289] 3 | 6 9 2 0 8 _ 4 11 6 _ 1 7 
[00260290] 2 | 6 9 2 0 8 10 4 11 6 _ 1 7 
[00260291] 3 | _ 9 2 0 8 5 4 11 6 _ 1 7 
[00260292] 3 | _ 9 2 0 8 _ 4 11 6 3 1 7 
[00260293] 2 | _ 9 2 0 8 10 4 11 6 3 1 7 
[00260294] 3 | _ 9 2 0 8 _ 4 11 6 9 1 7 
[00260295] 2 | _ 9 2 0 8 10 4 11 6 9 1 7 
[00260296] 4 | _ 9 2 0 8 _ _ 11 6 10 1 7 
[00260297] 3 | _ 9 2 0 8 5 _ 11 6 10 1 7 
[00260298] 3 | _ 9 2 0 8 _ 5 11 6 10 1 7 
[00260299] 5 | _ 9 2 0 8 _ _ 11 5 10 1 7 
[00260300] 4 | _ 9 2 0 8 4 _ 11 5 10 1 7 
[00260301] 3 | 6 9 2 0 8 4 _ 11 5 10 1 7 
[00260302] 4 | _ 9 2 0 8 _ 4 11 5 10 1 7 
[00260303] 3 | 6 9 2 0 8 _ 4 11 5 10 1 7 
[00260304] 5 | _ 9 2 0 8 _ _ 11 10 5 1 7 
[00260305] 4 | _ 9 2 0 8 4 _ 11 10 5 1 7 
[00260306] 3 | 6 9 2 0 8 4 _ 11 10 5 1 7 
[00260307] 4 | _ 9 2 0 8 _ 4 11 10 5 1 7 
[00260308] 3 | 6 9 2 0 8 _ 4 11 10 5 1 7 
[00260309] 7 | _ 9 _ 0 8 1 _ 11 _ _ 1 _ 
[00260310] 6 | 3 9 _ 0 8 1 _ 11 _ _ 1 _ 
[00260311] 5 | 3 9 4 0 8 1 _ 11 _ _ 1 _ 
[00260312] 4 | 3 9 4 0 8 1 _ 11 7 _ 1 _ 
[00260313] 3 | 3 9 4 0 8 1 5 11 7 _ 1 _ 
[00260314] 3 | 3 9 4 0 8 1 _ 11 7 10 1 _ 
[00260315] 2 | 3 9 4 0 8 1 6 11 7 10 1 _ 
[00260316] 4 | 3 9 4 0 8 1 _ 11 2 6 1 _ 
[00260317] 3 | 3 9 4 0 8 1 5 11 2 6 1 _ 
[00260318] 4 | 3 9 4 0 8 1 _ 11 6 10 1 _ 
[00260319] 3 | 3 9 4 0 8 1 5 11 6 10 1 _ 
[00260320] 4 | 3 9 4 0 8 1 _ 11 6 2 1 _ 
[00260321] 3 | 3 9 4 0 8 1 5 11 6 2 1 _ 
[00260322] 4 | 3 9 4 0 8 1 _ 11 10 6 1 _ 
[00260323] 3 | 3 9 4 0 8 1 5 11 10 6 1 _ 
[00260324] 5 | 3 9 _ 0 8 1 _ 11 6 _ 1 _ 
[00260325] 4 | 3 9 5 0 8 1 _ 11 6 _ 1 _ 
[00260326] 4 | 3 9 _ 0 8 1 4 11 6 _ 1 _ 
[00260327] 3 | 3 9 6 0 8 1 4 11 6 _ 1 _ 
[00260328] 3 | 3 9 _ 0 8 1 4 11 6 9 1 _ 
[00260329] 4 | 3 9 _ 0 8 1 _ 11 6 2 1 _ 
[00260330] 3 | 3 9 _ 0 8 1 5 11 6 2 1 _ 
[00260331] 2 | 3 9 7 0 8 1 5 11 6 2 1 _ 
[00260332] 4 | 3 9 _ 0 8 1 _ 11 6 10 1 _ 
[00260333] 3 | 3 9 _ 0 8 1 5 11 6 10 1 _ 
[00260334] 2 | 3 9 7 0 8 1 5 11 6 10 1 _ 
[00260335] 5 | 3 9 _ 0 8 1 _ 11 2 7 1 _ 
[00260336] 4 | 3 9 5 0 8 1 _ 11 2 7 1 _ 
[00260337] 4 | 3 9 _ 0 8 1 4 11 2 7 1 _ 
[00260338] 3 | 3 9 6 0 8 1 4 11 2 7 1 _ 
[00260339] 5 | 3 9 _ 0 8 1 _ 11 5 10 1 _ 
[00260340] 4 | 3 9 _ 0 8 1 4 11 5 10 1 _ 
[00260341] 3 | 3 9 6 0 8 1 4 11 5 10 1 _ 
[00260342] 5 | 3 9 _ 0 8 1 _ 11 7 2 1 _ 
[00260343] 4 | 3 9 5 0 8 1 _ 11 7 2 1 _ 
[00260344] 4 | 3 9 _ 0 8 1 4 11 7 2 1 _ 
[00260345] 3 | 3 9 6 0 8 1 4 11 7 2 1 _ 
[00260346] 5 | 3 9 _ 0 8 1 _ 11 10 5 1 _ 
[00260347] 4 | 3 9 _ 0 8 1 4 11 10 5 1 _ 
[00260348] 3 | 3 9 6 0 8 1 4 11 10 5 1 _ 
[00260349] 6 | _ 9 3 0 8 1 _ 11 _ _ 1 _ 
[00260350] 5 | 4 9 3 0 8 1 _ 11 _ _ 1 _ 
[00260351] 4 | 4 9 3 0 8 1 _ 11 7 _ 1 _ 
[00260352] 3 | 4 9 3 0 8 1 5 11 7 _ 1 _ 
[00260353] 3 | 4 9 3 0 8 1 _ 11 7 10 1 _ 
[00260354] 2 | 4 9 3 0 8 1 6 11 7 10 1 _ 
[00260355] 4 | 4 9 3 0 8 1 _ 11 2 6 1 _ 
[00260356] 3 | 4 9 3 0 8 1 5 11 2 6 1 _ 
[00260357] 4 | 4 9 3 0 8 1 _ 11 6 10 1 _ 
[00260358] 3 | 4 9 3 0 8 1 5 11 6 10 1 _ 
[00260359] 4 | 4 9 3 0 8 1 _ 11 6 2 1 _ 
[00260360] 3 | 4 9 3 0 8 1 5 11 6 2 1 _ 
[00260361] 4 | 4 9 3 0 8 1 _ 11 10 6 1 _ 
[00260362] 3 | 4 9 3 0 8 1 5 11 10 6 1 _ 
[00260363] 5 | _ 9 3 0 8 1 _ 11 6 _ 1 _ 
[00260364] 4 | 5 9 3 0 8 1 _ 11 6 _ 1 _ 
[00260365] 4 | _ 9 3 0 8 1 4 11 6 _ 1 _ 
[00260366] 3 | 6 9 3 0 8 1 4 11 6 _ 1 _ 
[00260367] 3 | _ 9 3 0 8 1 4 11 6 9 1 _ 
[00260368] 4 | _ 9 3 0 8 1 _ 11 6 2 1 _ 
[00260369] 3 | _ 9 3 0 8 1 5 11 6 2 1 _ 
[00260370] 2 | 7 9 3 0 8 1 5 11 6 2 1 _ 
[00260371] 4 | _ 9 3 0 8 1 _ 11 6 10 1 _ 
[00260372] 3 | _ 9 3 0 8 1 5 11 6 10 1 _ 
[00260373] 2 | 7 9 3 0 8 1 5 11 6 10 1 _ 
[00260374] 5 | _ 9 3 0 8 1 _ 11 2 7 1 _ 
[00260375] 4 | 5 9 3 0 8 1 _ 11 2 7 1 _ 
[00260376] 4 | _ 9 3 0 8 1 4 11 2 7 1 _ 
[00260377] 3 | 6 9 3 0 8 1 4 11 2 7 1 _ 
[00260378] 5 | _ 9 3 0 8 1 _ 11 5 10 1 _ 
[00260379] 4 | _ 9 3 0 8 1 4 11 5 10 1 _ 
[00260380] 3 | 6 9 3 0 8 1 4 11 5 10 1 _ 
[00260381] 5 | _ 9 3 0 8 1 _ 11 7 2 1 _ 
[00260382] 4 | 5 9 3 0 8 1 _ 11 7 2 1 _ 
[00260383] 4 | _ 9 3 0 8 1 4 11 7 2 1 _ 
[00260384] 3 | 6 9 3 0 8 1 4 11 7 2 1 _ 
[00260385] 5 | _ 9 3 0 8 1 _ 11 10 5 1 _ 
[00260386] 4 | _ 9 3 0 8 1 4 11 10 5 1 _ 
[00260387] 3 | 6 9 3 0 8 1 4 11 10 5 1 _ 
[00260388] 6 | _ 9 _ 0 8 1 2 11 _ _ 1 _ 
[00260389] 5 | 4 9 _ 0 8 1 2 11 _ _ 1 _ 
[00260390] 4 | 4 9 5 0 8 1 2 11 _ _ 1 _ 
[00260391] 3 | 4 9 5 0 8 1 2 11 3 6 1 _ 
[00260392] 3 | 4 9 5 0 8 1 2 11 7 10 1 _ 
[00260393] 3 | 4 9 5 0 8 1 2 11 6 3 1 _ 
[00260394] 3 | 4 9 5 0 8 1 2 11 10 7 1 _ 
[00260395] 4 | 4 9 _ 0 8 1 2 11 7 _ 1 _ 
[00260396] 3 | 4 9 6 0 8 1 2 11 7 _ 1 _ 
[00260397] 2 | 4 9 6 0 8 1 2 11 7 5 1 _ 
[00260398] 3 | 4 9 _ 0 8 1 2 11 7 10 1 _ 
[00260399] 4 | 4 9 _ 0 8 1 2 11 3 7 1 _ 
[00260400] 3 | 4 9 6 0 8 1 2 11 3 7 1 _ 
[00260401] 4 | 4 9 _ 0 8 1 2 11 6 10 1 _ 
[00260402] 4 | 4 9 _ 0 8 1 2 11 7 3 1 _ 
[00260403] 3 | 4 9 6 0 8 1 2 11 7 3 1 _ 
[00260404] 4 | 4 9 _ 0 8 1 2 11 10 6 1 _ 
[00260405] 5 | _ 9 4 0 8 1 2 11 _ _ 1 _ 
[00260406] 4 | 5 9 4 0 8 1 2 11 _ _ 1 _ 
[00260407] 3 | 5 9 4 0 8 1 2 11 3 6 1 _ 
[00260408] 3 | 5 9 4 0 8 1 2 11 7 10 1 _ 
[00260409] 3 | 5 9 4 0 8 1 2 11 6 3 1 _ 
[00260410] 3 | 5 9 4 0 8 1 2 11 10 7 1 _ 
[00260411] 4 | _ 9 4 0 8 1 2 11 7 _ 1 _ 
[00260412] 3 | 6 9 4 0 8 1 2 11 7 _ 1 _ 
[00260413] 2 | 6 9 4 0 8 1 2 11 7 5 1 _ 
[00260414] 3 | _ 9 4 0 8 1 2 11 7 10 1 _ 
[00260415] 4 | _ 9 4 0 8 1 2 11 3 7 1 _ 
[00260416] 3 | 6 9 4 0 8 1 2 11 3 7 1 _ 
[00260417] 4 | _ 9 4 0 8 1 2 11 6 10 1 _ 
[00260418] 4 | _ 9 4 0 8 1 2 11 7 3 1 _ 
[00260419] 3 | 6 9 4 0 8 1 2 11 7 3 1 _ 
[00260420] 4 | _ 9 4 0 8 1 2 11 10 6 1 _ 
[00260421] 5 | _ 9 _ 0 8 1 2 11 6 _ 1 _ 
[00260422] 4 | 5 9 _ 0 8 1 2 11 6 _ 1 _ 
[00260423] 3 | 5 9 6 0 8 1 2 11 6 _ 1 _ 
[00260424] 3 | 5 9 _ 0 8 1 2 11 6 3 1 _ 
[00260425] 2 | 5 9 7 0 8 1 2 11 6 3 1 _ 
[00260426] 3 | 5 9 _ 0 8 1 2 11 6 9 1 _ 
[00260427] 4 | _ 9 5 0 8 1 2 11 6 _ 1 _ 
[00260428] 3 | 6 9 5 0 8 1 2 11 6 _ 1 _ 
[00260429] 3 | _ 9 5 0 8 1 2 11 6 3 1 _ 
[00260430] 2 | 7 9 5 0 8 1 2 11 6 3 1 _ 
[00260431] 3 | _ 9 5 0 8 1 2 11 6 9 1 _ 
[00260432] 4 | _ 9 _ 0 8 1 2 11 6 10 1 _ 
[00260433] 5 | _ 9 _ 0 8 1 2 11 5 10 1 _ 
[00260434] 5 | _ 9 _ 0 8 1 2 11 10 5 1 _ 
[00260435] 6 | _ 9 _ 0 8 1 _ 11 5 _ 1 _ 
[00260436] 5 | 4 9 _ 0 8 1 _ 11 5 _ 1 _ 
[00260437] 4 | 4 9 5 0 8 1 _ 11 5 _ 1 _ 
