[00124363] 4 | 3 9 _ 0 11 4 1 8 6 10 7 2 
[00124364] 4 | 3 9 _ 0 11 4 1 8 10 6 7 2 
[00124365] 5 | 3 9 _ 0 11 4 1 8 _ _ 10 5 
[00124366] 4 | 3 9 _ 0 11 4 1 8 2 6 10 5 
[00124367] 4 | 3 9 _ 0 11 4 1 8 6 2 10 5 
[00124368] 6 | _ 9 3 0 11 4 1 8 _ _ _ _ 
[00124369] 5 | _ 9 3 0 11 4 1 8 2 7 _ _ 
[00124370] 4 | 5 9 3 0 11 4 1 8 2 7 _ _ 
[00124371] 4 | _ 9 3 0 11 4 1 8 2 7 6 10 
[00124372] 4 | _ 9 3 0 11 4 1 8 2 7 10 6 
[00124373] 5 | _ 9 3 0 11 4 1 8 5 10 _ _ 
[00124374] 4 | _ 9 3 0 11 4 1 8 5 10 2 6 
[00124375] 4 | _ 9 3 0 11 4 1 8 5 10 6 2 
[00124376] 5 | _ 9 3 0 11 4 1 8 7 2 _ _ 
[00124377] 4 | 5 9 3 0 11 4 1 8 7 2 _ _ 
[00124378] 4 | _ 9 3 0 11 4 1 8 7 2 6 10 
[00124379] 4 | _ 9 3 0 11 4 1 8 7 2 10 6 
[00124380] 5 | _ 9 3 0 11 4 1 8 10 5 _ _ 
[00124381] 4 | _ 9 3 0 11 4 1 8 10 5 2 6 
[00124382] 4 | _ 9 3 0 11 4 1 8 10 5 6 2 
[00124383] 5 | _ 9 3 0 11 4 1 8 _ _ 2 7 
[00124384] 4 | 5 9 3 0 11 4 1 8 _ _ 2 7 
[00124385] 4 | _ 9 3 0 11 4 1 8 6 10 2 7 
[00124386] 4 | _ 9 3 0 11 4 1 8 10 6 2 7 
[00124387] 5 | _ 9 3 0 11 4 1 8 _ _ 5 10 
[00124388] 4 | _ 9 3 0 11 4 1 8 2 6 5 10 
[00124389] 4 | _ 9 3 0 11 4 1 8 6 2 5 10 
[00124390] 5 | _ 9 3 0 11 4 1 8 _ _ 7 2 
[00124391] 4 | 5 9 3 0 11 4 1 8 _ _ 7 2 
[00124392] 4 | _ 9 3 0 11 4 1 8 6 10 7 2 
[00124393] 4 | _ 9 3 0 11 4 1 8 10 6 7 2 
[00124394] 5 | _ 9 3 0 11 4 1 8 _ _ 10 5 
[00124395] 4 | _ 9 3 0 11 4 1 8 2 6 10 5 
[00124396] 4 | _ 9 3 0 11 4 1 8 6 2 10 5 
[00124397] 6 | _ 9 _ 0 11 4 1 8 2 _ _ _ 
[00124398] 5 | _ 9 _ 0 11 4 1 8 2 7 _ _ 
[00124399] 4 | 5 9 _ 0 11 4 1 8 2 7 _ _ 
[00124400] 3 | 5 9 6 0 11 4 1 8 2 7 _ _ 
[00124401] 2 | 5 9 6 0 11 4 1 8 2 7 10 _ 
[00124402] 3 | 5 9 _ 0 11 4 1 8 2 7 3 6 
[00124403] 3 | 5 9 _ 0 11 4 1 8 2 7 6 3 
[00124404] 4 | _ 9 5 0 11 4 1 8 2 7 _ _ 
[00124405] 3 | 6 9 5 0 11 4 1 8 2 7 _ _ 
[00124406] 2 | 6 9 5 0 11 4 1 8 2 7 10 _ 
[00124407] 3 | _ 9 5 0 11 4 1 8 2 7 3 6 
[00124408] 3 | _ 9 5 0 11 4 1 8 2 7 6 3 
[00124409] 4 | _ 9 _ 0 11 4 1 8 2 7 6 10 
[00124410] 4 | _ 9 _ 0 11 4 1 8 2 7 10 6 
[00124411] 5 | _ 9 _ 0 11 4 1 8 2 _ 3 _ 
[00124412] 4 | 5 9 _ 0 11 4 1 8 2 _ 3 _ 
[00124413] 3 | 5 9 6 0 11 4 1 8 2 _ 3 _ 
[00124414] 3 | 5 9 _ 0 11 4 1 8 2 _ 3 6 
[00124415] 2 | 5 9 7 0 11 4 1 8 2 _ 3 6 
[00124416] 4 | _ 9 5 0 11 4 1 8 2 _ 3 _ 
[00124417] 3 | 6 9 5 0 11 4 1 8 2 _ 3 _ 
[00124418] 3 | _ 9 5 0 11 4 1 8 2 _ 3 6 
[00124419] 2 | 7 9 5 0 11 4 1 8 2 _ 3 6 
[00124420] 4 | _ 9 _ 0 11 4 1 8 2 6 3 _ 
[00124421] 4 | _ 9 _ 0 11 4 1 8 2 _ 3 7 
[00124422] 3 | 6 9 _ 0 11 4 1 8 2 _ 3 7 
[00124423] 3 | _ 9 6 0 11 4 1 8 2 _ 3 7 
[00124424] 3 | _ 9 _ 0 11 4 1 8 2 5 3 7 
[00124425] 5 | _ 9 _ 0 11 4 1 8 2 _ 5 10 
[00124426] 4 | _ 9 _ 0 11 4 1 8 2 6 5 10 
[00124427] 5 | _ 9 _ 0 11 4 1 8 2 _ 10 5 
[00124428] 4 | _ 9 _ 0 11 4 1 8 2 6 10 5 
[00124429] 6 | _ 9 _ 0 11 4 1 8 _ _ 2 _ 
[00124430] 5 | _ 9 _ 0 11 4 1 8 3 _ 2 _ 
[00124431] 4 | 5 9 _ 0 11 4 1 8 3 _ 2 _ 
[00124432] 3 | 5 9 6 0 11 4 1 8 3 _ 2 _ 
[00124433] 3 | 5 9 _ 0 11 4 1 8 3 6 2 _ 
[00124434] 2 | 5 9 7 0 11 4 1 8 3 6 2 _ 
[00124435] 4 | _ 9 5 0 11 4 1 8 3 _ 2 _ 
[00124436] 3 | 6 9 5 0 11 4 1 8 3 _ 2 _ 
[00124437] 3 | _ 9 5 0 11 4 1 8 3 6 2 _ 
[00124438] 2 | 7 9 5 0 11 4 1 8 3 6 2 _ 
[00124439] 4 | _ 9 _ 0 11 4 1 8 3 7 2 _ 
[00124440] 3 | 6 9 _ 0 11 4 1 8 3 7 2 _ 
[00124441] 3 | _ 9 6 0 11 4 1 8 3 7 2 _ 
[00124442] 3 | _ 9 _ 0 11 4 1 8 3 7 2 5 
[00124443] 4 | _ 9 _ 0 11 4 1 8 3 _ 2 6 
[00124444] 5 | _ 9 _ 0 11 4 1 8 5 10 2 _ 
[00124445] 4 | _ 9 _ 0 11 4 1 8 5 10 2 6 
[00124446] 5 | _ 9 _ 0 11 4 1 8 10 5 2 _ 
[00124447] 4 | _ 9 _ 0 11 4 1 8 10 5 2 6 
[00124448] 5 | _ 9 _ 0 11 4 1 8 _ _ 2 7 
[00124449] 4 | 5 9 _ 0 11 4 1 8 _ _ 2 7 
[00124450] 3 | 5 9 6 0 11 4 1 8 _ _ 2 7 
[00124451] 2 | 5 9 6 0 11 4 1 8 10 _ 2 7 
[00124452] 3 | 5 9 _ 0 11 4 1 8 3 6 2 7 
[00124453] 3 | 5 9 _ 0 11 4 1 8 6 3 2 7 
[00124454] 4 | _ 9 5 0 11 4 1 8 _ _ 2 7 
[00124455] 3 | 6 9 5 0 11 4 1 8 _ _ 2 7 
[00124456] 2 | 6 9 5 0 11 4 1 8 10 _ 2 7 
[00124457] 3 | _ 9 5 0 11 4 1 8 3 6 2 7 
[00124458] 3 | _ 9 5 0 11 4 1 8 6 3 2 7 
[00124459] 4 | _ 9 _ 0 11 4 1 8 6 10 2 7 
[00124460] 4 | _ 9 _ 0 11 4 1 8 10 6 2 7 
[00124461] 7 | _ 9 _ 0 11 _ 1 8 3 10 _ _ 
[00124462] 6 | _ 9 _ 0 11 5 1 8 3 10 _ _ 
[00124463] 5 | 4 9 _ 0 11 5 1 8 3 10 _ _ 
[00124464] 4 | 4 9 _ 0 11 5 1 8 3 10 2 6 
[00124465] 4 | 4 9 _ 0 11 5 1 8 3 10 6 2 
[00124466] 5 | _ 9 4 0 11 5 1 8 3 10 _ _ 
[00124467] 4 | _ 9 4 0 11 5 1 8 3 10 2 6 
[00124468] 4 | _ 9 4 0 11 5 1 8 3 10 6 2 
[00124469] 5 | _ 9 _ 0 11 5 1 8 3 10 2 7 
[00124470] 5 | _ 9 _ 0 11 5 1 8 3 10 7 2 
[00124471] 6 | _ 9 _ 0 11 _ 1 8 3 10 2 _ 
[00124472] 5 | 4 9 _ 0 11 _ 1 8 3 10 2 _ 
[00124473] 4 | 4 9 5 0 11 _ 1 8 3 10 2 _ 
[00124474] 4 | 4 9 _ 0 11 7 1 8 3 10 2 _ 
[00124475] 3 | 4 9 6 0 11 7 1 8 3 10 2 _ 
[00124476] 3 | 4 9 _ 0 11 7 1 8 3 10 2 5 
[00124477] 4 | 4 9 _ 0 11 _ 1 8 3 10 2 6 
[00124478] 5 | _ 9 4 0 11 _ 1 8 3 10 2 _ 
[00124479] 4 | 5 9 4 0 11 _ 1 8 3 10 2 _ 
[00124480] 4 | _ 9 4 0 11 7 1 8 3 10 2 _ 
[00124481] 3 | 6 9 4 0 11 7 1 8 3 10 2 _ 
[00124482] 3 | _ 9 4 0 11 7 1 8 3 10 2 5 
[00124483] 4 | _ 9 4 0 11 _ 1 8 3 10 2 6 
[00124484] 5 | _ 9 _ 0 11 6 1 8 3 10 2 _ 
[00124485] 4 | 5 9 _ 0 11 6 1 8 3 10 2 _ 
[00124486] 4 | _ 9 5 0 11 6 1 8 3 10 2 _ 
[00124487] 5 | _ 9 _ 0 11 _ 1 8 3 10 2 7 
[00124488] 4 | 5 9 _ 0 11 _ 1 8 3 10 2 7 
[00124489] 3 | 5 9 6 0 11 _ 1 8 3 10 2 7 
[00124490] 4 | _ 9 5 0 11 _ 1 8 3 10 2 7 
[00124491] 3 | 6 9 5 0 11 _ 1 8 3 10 2 7 
[00124492] 7 | _ 9 _ 0 11 _ 1 8 10 3 _ _ 
[00124493] 6 | _ 9 _ 0 11 5 1 8 10 3 _ _ 
[00124494] 5 | 4 9 _ 0 11 5 1 8 10 3 _ _ 
[00124495] 4 | 4 9 _ 0 11 5 1 8 10 3 2 6 
[00124496] 4 | 4 9 _ 0 11 5 1 8 10 3 6 2 
[00124497] 5 | _ 9 4 0 11 5 1 8 10 3 _ _ 
[00124498] 4 | _ 9 4 0 11 5 1 8 10 3 2 6 
[00124499] 4 | _ 9 4 0 11 5 1 8 10 3 6 2 
[00124500] 5 | _ 9 _ 0 11 5 1 8 10 3 2 7 
[00124501] 5 | _ 9 _ 0 11 5 1 8 10 3 7 2 
[00124502] 6 | _ 9 _ 0 11 _ 1 8 10 3 2 _ 
[00124503] 5 | 4 9 _ 0 11 _ 1 8 10 3 2 _ 
[00124504] 4 | 4 9 5 0 11 _ 1 8 10 3 2 _ 
[00124505] 4 | 4 9 _ 0 11 7 1 8 10 3 2 _ 
[00124506] 3 | 4 9 6 0 11 7 1 8 10 3 2 _ 
[00124507] 3 | 4 9 _ 0 11 7 1 8 10 3 2 5 
[00124508] 4 | 4 9 _ 0 11 _ 1 8 10 3 2 6 
[00124509] 5 | _ 9 4 0 11 _ 1 8 10 3 2 _ 
[00124510] 4 | 5 9 4 0 11 _ 1 8 10 3 2 _ 
[00124511] 4 | _ 9 4 0 11 7 1 8 10 3 2 _ 
[00124512] 3 | 6 9 4 0 11 7 1 8 10 3 2 _ 
[00124513] 3 | _ 9 4 0 11 7 1 8 10 3 2 5 
[00124514] 4 | _ 9 4 0 11 _ 1 8 10 3 2 6 
[00124515] 5 | _ 9 _ 0 11 6 1 8 10 3 2 _ 
[00124516] 4 | 5 9 _ 0 11 6 1 8 10 3 2 _ 
[00124517] 4 | _ 9 5 0 11 6 1 8 10 3 2 _ 
[00124518] 5 | _ 9 _ 0 11 _ 1 8 10 3 2 7 
[00124519] 4 | 5 9 _ 0 11 _ 1 8 10 3 2 7 
[00124520] 3 | 5 9 6 0 11 _ 1 8 10 3 2 7 
[00124521] 4 | _ 9 5 0 11 _ 1 8 10 3 2 7 
[00124522] 3 | 6 9 5 0 11 _ 1 8 10 3 2 7 
[00124523] 7 | _ 9 _ 0 11 _ 1 8 _ _ 3 10 
[00124524] 6 | _ 9 _ 0 11 5 1 8 _ _ 3 10 
[00124525] 5 | 4 9 _ 0 11 5 1 8 _ _ 3 10 
[00124526] 4 | 4 9 _ 0 11 5 1 8 2 6 3 10 
[00124527] 4 | 4 9 _ 0 11 5 1 8 6 2 3 10 
[00124528] 5 | _ 9 4 0 11 5 1 8 _ _ 3 10 
[00124529] 4 | _ 9 4 0 11 5 1 8 2 6 3 10 
[00124530] 4 | _ 9 4 0 11 5 1 8 6 2 3 10 
[00124531] 5 | _ 9 _ 0 11 5 1 8 2 7 3 10 
[00124532] 5 | _ 9 _ 0 11 5 1 8 7 2 3 10 
[00124533] 6 | _ 9 _ 0 11 _ 1 8 2 _ 3 10 
[00124534] 5 | 4 9 _ 0 11 _ 1 8 2 _ 3 10 
[00124535] 4 | 4 9 5 0 11 _ 1 8 2 _ 3 10 
[00124536] 4 | 4 9 _ 0 11 7 1 8 2 _ 3 10 
[00124537] 3 | 4 9 6 0 11 7 1 8 2 _ 3 10 
[00124538] 3 | 4 9 _ 0 11 7 1 8 2 5 3 10 
[00124539] 4 | 4 9 _ 0 11 _ 1 8 2 6 3 10 
[00124540] 5 | _ 9 4 0 11 _ 1 8 2 _ 3 10 
[00124541] 4 | 5 9 4 0 11 _ 1 8 2 _ 3 10 
[00124542] 4 | _ 9 4 0 11 7 1 8 2 _ 3 10 
[00124543] 3 | 6 9 4 0 11 7 1 8 2 _ 3 10 
[00124544] 3 | _ 9 4 0 11 7 1 8 2 5 3 10 
[00124545] 4 | _ 9 4 0 11 _ 1 8 2 6 3 10 
[00124546] 5 | _ 9 _ 0 11 6 1 8 2 _ 3 10 
[00124547] 4 | 5 9 _ 0 11 6 1 8 2 _ 3 10 
[00124548] 4 | _ 9 5 0 11 6 1 8 2 _ 3 10 
[00124549] 5 | _ 9 _ 0 11 _ 1 8 2 7 3 10 
[00124550] 4 | 5 9 _ 0 11 _ 1 8 2 7 3 10 
[00124551] 3 | 5 9 6 0 11 _ 1 8 2 7 3 10 
[00124552] 4 | _ 9 5 0 11 _ 1 8 2 7 3 10 
[00124553] 3 | 6 9 5 0 11 _ 1 8 2 7 3 10 
[00124554] 7 | _ 9 _ 0 11 _ 1 8 _ _ 10 3 
[00124555] 6 | _ 9 _ 0 11 5 1 8 _ _ 10 3 
[00124556] 5 | 4 9 _ 0 11 5 1 8 _ _ 10 3 
[00124557] 4 | 4 9 _ 0 11 5 1 8 2 6 10 3 
[00124558] 4 | 4 9 _ 0 11 5 1 8 6 2 10 3 
[00124559] 5 | _ 9 4 0 11 5 1 8 _ _ 10 3 
[00124560] 4 | _ 9 4 0 11 5 1 8 2 6 10 3 
[00124561] 4 | _ 9 4 0 11 5 1 8 6 2 10 3 
[00124562] 5 | _ 9 _ 0 11 5 1 8 2 7 10 3 
[00124563] 5 | _ 9 _ 0 11 5 1 8 7 2 10 3 
[00124564] 6 | _ 9 _ 0 11 _ 1 8 2 _ 10 3 
[00124565] 5 | 4 9 _ 0 11 _ 1 8 2 _ 10 3 
[00124566] 4 | 4 9 5 0 11 _ 1 8 2 _ 10 3 
[00124567] 4 | 4 9 _ 0 11 7 1 8 2 _ 10 3 
[00124568] 3 | 4 9 6 0 11 7 1 8 2 _ 10 3 
[00124569] 3 | 4 9 _ 0 11 7 1 8 2 5 10 3 
[00124570] 4 | 4 9 _ 0 11 _ 1 8 2 6 10 3 
[00124571] 5 | _ 9 4 0 11 _ 1 8 2 _ 10 3 
[00124572] 4 | 5 9 4 0 11 _ 1 8 2 _ 10 3 
[00124573] 4 | _ 9 4 0 11 7 1 8 2 _ 10 3 
[00124574] 3 | 6 9 4 0 11 7 1 8 2 _ 10 3 
[00124575] 3 | _ 9 4 0 11 7 1 8 2 5 10 3 
[00124576] 4 | _ 9 4 0 11 _ 1 8 2 6 10 3 
[00124577] 5 | _ 9 _ 0 11 6 1 8 2 _ 10 3 
[00124578] 4 | 5 9 _ 0 11 6 1 8 2 _ 10 3 
[00124579] 4 | _ 9 5 0 11 6 1 8 2 _ 10 3 
[00124580] 5 | _ 9 _ 0 11 _ 1 8 2 7 10 3 
[00124581] 4 | 5 9 _ 0 11 _ 1 8 2 7 10 3 
[00124582] 3 | 5 9 6 0 11 _ 1 8 2 7 10 3 
[00124583] 4 | _ 9 5 0 11 _ 1 8 2 7 10 3 
[00124584] 3 | 6 9 5 0 11 _ 1 8 2 7 10 3 
[00124585] 8 | _ 9 _ 0 11 _ 1 2 10 _ _ _ 
[00124586] 7 | 2 9 _ 0 11 _ 1 2 10 _ _ _ 
[00124587] 6 | 2 9 3 0 11 _ 1 2 10 _ _ _ 
[00124588] 5 | 2 9 3 0 11 6 1 2 10 _ _ _ 
[00124589] 4 | 2 9 3 0 11 6 1 2 10 _ 4 8 
[00124590] 3 | 2 9 3 0 11 6 1 2 10 7 4 8 
[00124591] 4 | 2 9 3 0 11 6 1 2 10 _ 8 4 
[00124592] 3 | 2 9 3 0 11 6 1 2 10 7 8 4 
[00124593] 5 | 2 9 3 0 11 _ 1 2 10 5 _ _ 
[00124594] 4 | 2 9 3 0 11 7 1 2 10 5 _ _ 
[00124595] 4 | 2 9 3 0 11 _ 1 2 10 5 4 8 
[00124596] 4 | 2 9 3 0 11 _ 1 2 10 5 8 4 
[00124597] 6 | 2 9 _ 0 11 5 1 2 10 _ _ _ 
[00124598] 5 | 2 9 4 0 11 5 1 2 10 _ _ _ 
[00124599] 4 | 2 9 4 0 11 5 1 2 10 6 _ _ 
[00124600] 4 | 2 9 4 0 11 5 1 2 10 _ 3 7 
[00124601] 4 | 2 9 4 0 11 5 1 2 10 _ 7 3 
[00124602] 5 | 2 9 _ 0 11 5 1 2 10 _ 3 8 
[00124603] 4 | 2 9 _ 0 11 5 1 2 10 6 3 8 
[00124604] 5 | 2 9 _ 0 11 5 1 2 10 _ 8 3 
[00124605] 4 | 2 9 _ 0 11 5 1 2 10 6 8 3 
[00124606] 6 | 2 9 _ 0 11 _ 1 2 10 4 _ _ 
[00124607] 5 | 2 9 _ 0 11 6 1 2 10 4 _ _ 
[00124608] 4 | 2 9 5 0 11 6 1 2 10 4 _ _ 
[00124609] 4 | 2 9 _ 0 11 6 1 2 10 4 3 7 
[00124610] 4 | 2 9 _ 0 11 6 1 2 10 4 7 3 
[00124611] 5 | 2 9 _ 0 11 _ 1 2 10 4 3 8 
[00124612] 4 | 2 9 5 0 11 _ 1 2 10 4 3 8 
[00124613] 4 | 2 9 _ 0 11 7 1 2 10 4 3 8 
[00124614] 3 | 2 9 6 0 11 7 1 2 10 4 3 8 
[00124615] 5 | 2 9 _ 0 11 _ 1 2 10 4 8 3 
[00124616] 4 | 2 9 5 0 11 _ 1 2 10 4 8 3 
[00124617] 4 | 2 9 _ 0 11 7 1 2 10 4 8 3 
[00124618] 3 | 2 9 6 0 11 7 1 2 10 4 8 3 
[00124619] 7 | _ 9 2 0 11 _ 1 2 10 _ _ _ 
[00124620] 6 | 3 9 2 0 11 _ 1 2 10 _ _ _ 
[00124621] 5 | 3 9 2 0 11 6 1 2 10 _ _ _ 
[00124622] 4 | 3 9 2 0 11 6 1 2 10 _ 4 8 
[00124623] 3 | 3 9 2 0 11 6 1 2 10 7 4 8 
[00124624] 4 | 3 9 2 0 11 6 1 2 10 _ 8 4 
[00124625] 3 | 3 9 2 0 11 6 1 2 10 7 8 4 
[00124626] 5 | 3 9 2 0 11 _ 1 2 10 5 _ _ 
[00124627] 4 | 3 9 2 0 11 7 1 2 10 5 _ _ 
[00124628] 4 | 3 9 2 0 11 _ 1 2 10 5 4 8 
[00124629] 4 | 3 9 2 0 11 _ 1 2 10 5 8 4 
[00124630] 6 | _ 9 2 0 11 5 1 2 10 _ _ _ 
[00124631] 5 | 4 9 2 0 11 5 1 2 10 _ _ _ 
[00124632] 4 | 4 9 2 0 11 5 1 2 10 6 _ _ 
[00124633] 4 | 4 9 2 0 11 5 1 2 10 _ 3 7 
[00124634] 4 | 4 9 2 0 11 5 1 2 10 _ 7 3 
[00124635] 5 | _ 9 2 0 11 5 1 2 10 _ 3 8 
[00124636] 4 | _ 9 2 0 11 5 1 2 10 6 3 8 
[00124637] 5 | _ 9 2 0 11 5 1 2 10 _ 8 3 
[00124638] 4 | _ 9 2 0 11 5 1 2 10 6 8 3 
[00124639] 6 | _ 9 2 0 11 _ 1 2 10 4 _ _ 
[00124640] 5 | _ 9 2 0 11 6 1 2 10 4 _ _ 
[00124641] 4 | 5 9 2 0 11 6 1 2 10 4 _ _ 
[00124642] 4 | _ 9 2 0 11 6 1 2 10 4 3 7 
[00124643] 4 | _ 9 2 0 11 6 1 2 10 4 7 3 
[00124644] 5 | _ 9 2 0 11 _ 1 2 10 4 3 8 
[00124645] 4 | 5 9 2 0 11 _ 1 2 10 4 3 8 
[00124646] 4 | _ 9 2 0 11 7 1 2 10 4 3 8 
[00124647] 3 | 6 9 2 0 11 7 1 2 10 4 3 8 
[00124648] 5 | _ 9 2 0 11 _ 1 2 10 4 8 3 
[00124649] 4 | 5 9 2 0 11 _ 1 2 10 4 8 3 
[00124650] 4 | _ 9 2 0 11 7 1 2 10 4 8 3 
[00124651] 3 | 6 9 2 0 11 7 1 2 10 4 8 3 
[00124652] 7 | _ 9 _ 0 11 4 1 2 10 _ _ _ 
[00124653] 6 | 3 9 _ 0 11 4 1 2 10 _ _ _ 
[00124654] 5 | 3 9 _ 0 11 4 1 2 10 5 _ _ 
[00124655] 4 | 3 9 _ 0 11 4 1 2 10 5 6 _ 
[00124656] 3 | 3 9 6 0 11 4 1 2 10 5 6 _ 
[00124657] 3 | 3 9 _ 0 11 4 1 2 10 5 6 9 
[00124658] 5 | 3 9 _ 0 11 4 1 2 10 _ 7 _ 
[00124659] 4 | 3 9 5 0 11 4 1 2 10 _ 7 _ 
[00124660] 3 | 3 9 5 0 11 4 1 2 10 7 7 _ 
[00124661] 3 | 3 9 5 0 11 4 1 2 10 _ 7 10 
[00124662] 4 | 3 9 _ 0 11 4 1 2 10 6 7 _ 
[00124663] 6 | _ 9 3 0 11 4 1 2 10 _ _ _ 
[00124664] 5 | _ 9 3 0 11 4 1 2 10 5 _ _ 
[00124665] 4 | _ 9 3 0 11 4 1 2 10 5 6 _ 
[00124666] 3 | 6 9 3 0 11 4 1 2 10 5 6 _ 
[00124667] 3 | _ 9 3 0 11 4 1 2 10 5 6 9 
[00124668] 5 | _ 9 3 0 11 4 1 2 10 _ 7 _ 
[00124669] 4 | 5 9 3 0 11 4 1 2 10 _ 7 _ 
[00124670] 3 | 5 9 3 0 11 4 1 2 10 7 7 _ 
[00124671] 3 | 5 9 3 0 11 4 1 2 10 _ 7 10 
[00124672] 4 | _ 9 3 0 11 4 1 2 10 6 7 _ 
[00124673] 6 | _ 9 _ 0 11 4 1 2 10 _ 8 _ 
[00124674] 5 | _ 9 _ 0 11 4 1 2 10 5 8 _ 
[00124675] 5 | _ 9 _ 0 11 4 1 2 10 _ 8 3 
[00124676] 4 | 5 9 _ 0 11 4 1 2 10 _ 8 3 
[00124677] 3 | 5 9 6 0 11 4 1 2 10 _ 8 3 
[00124678] 3 | 5 9 _ 0 11 4 1 2 10 7 8 3 
[00124679] 4 | _ 9 5 0 11 4 1 2 10 _ 8 3 
[00124680] 3 | 6 9 5 0 11 4 1 2 10 _ 8 3 
[00124681] 3 | _ 9 5 0 11 4 1 2 10 7 8 3 
[00124682] 4 | _ 9 _ 0 11 4 1 2 10 6 8 3 
[00124683] 7 | _ 9 _ 0 11 _ 1 2 10 3 _ _ 
[00124684] 6 | _ 9 _ 0 11 5 1 2 10 3 _ _ 
[00124685] 5 | 4 9 _ 0 11 5 1 2 10 3 _ _ 
[00124686] 4 | 4 9 _ 0 11 5 1 2 10 3 6 _ 
[00124687] 3 | 4 9 6 0 11 5 1 2 10 3 6 _ 
[00124688] 3 | 4 9 _ 0 11 5 1 2 10 3 6 9 
[00124689] 5 | _ 9 4 0 11 5 1 2 10 3 _ _ 
[00124690] 4 | _ 9 4 0 11 5 1 2 10 3 6 _ 
[00124691] 3 | 6 9 4 0 11 5 1 2 10 3 6 _ 
[00124692] 3 | _ 9 4 0 11 5 1 2 10 3 6 9 
[00124693] 5 | _ 9 _ 0 11 5 1 2 10 3 7 _ 
[00124694] 6 | _ 9 _ 0 11 _ 1 2 10 3 8 _ 
[00124695] 5 | 4 9 _ 0 11 _ 1 2 10 3 8 _ 
[00124696] 4 | 4 9 5 0 11 _ 1 2 10 3 8 _ 
[00124697] 3 | 4 9 5 0 11 8 1 2 10 3 8 _ 
[00124698] 3 | 4 9 5 0 11 _ 1 2 10 3 8 11 
[00124699] 4 | 4 9 _ 0 11 7 1 2 10 3 8 _ 
[00124700] 3 | 4 9 6 0 11 7 1 2 10 3 8 _ 
[00124701] 3 | 4 9 _ 0 11 7 1 2 10 3 8 5 
[00124702] 5 | _ 9 4 0 11 _ 1 2 10 3 8 _ 
[00124703] 4 | 5 9 4 0 11 _ 1 2 10 3 8 _ 
[00124704] 3 | 5 9 4 0 11 8 1 2 10 3 8 _ 
[00124705] 3 | 5 9 4 0 11 _ 1 2 10 3 8 11 
[00124706] 4 | _ 9 4 0 11 7 1 2 10 3 8 _ 
[00124707] 3 | 6 9 4 0 11 7 1 2 10 3 8 _ 
[00124708] 3 | _ 9 4 0 11 7 1 2 10 3 8 5 
[00124709] 5 | _ 9 _ 0 11 6 1 2 10 3 8 _ 
[00124710] 4 | 5 9 _ 0 11 6 1 2 10 3 8 _ 
[00124711] 4 | _ 9 5 0 11 6 1 2 10 3 8 _ 
[00124712] 4 | _ 9 _ 0 11 6 1 2 10 3 8 4 
[00124713] 7 | _ 9 _ 0 11 _ 1 2 10 _ 9 _ 
[00124714] 6 | 3 9 _ 0 11 _ 1 2 10 _ 9 _ 
[00124715] 5 | 3 9 4 0 11 _ 1 2 10 _ 9 _ 
[00124716] 4 | 3 9 4 0 11 7 1 2 10 _ 9 _ 
[00124717] 4 | 3 9 4 0 11 _ 1 2 10 6 9 _ 
[00124718] 3 | 3 9 4 0 11 8 1 2 10 6 9 _ 
[00124719] 5 | 3 9 _ 0 11 6 1 2 10 _ 9 _ 
[00124720] 4 | 3 9 5 0 11 6 1 2 10 _ 9 _ 
[00124721] 3 | 3 9 5 0 11 6 1 2 10 7 9 _ 
[00124722] 4 | 3 9 _ 0 11 6 1 2 10 _ 9 5 
[00124723] 3 | 3 9 _ 0 11 6 1 2 10 7 9 5 
[00124724] 5 | 3 9 _ 0 11 _ 1 2 10 5 9 _ 
[00124725] 4 | 3 9 _ 0 11 7 1 2 10 5 9 _ 
[00124726] 3 | 3 9 6 0 11 7 1 2 10 5 9 _ 
[00124727] 3 | 3 9 _ 0 11 7 1 2 10 5 9 6 
[00124728] 5 | 3 9 _ 0 11 _ 1 2 10 _ 9 4 
[00124729] 4 | 3 9 _ 0 11 7 1 2 10 _ 9 4 
[00124730] 4 | 3 9 _ 0 11 _ 1 2 10 6 9 4 
[00124731] 3 | 3 9 _ 0 11 8 1 2 10 6 9 4 
[00124732] 6 | _ 9 3 0 11 _ 1 2 10 _ 9 _ 
[00124733] 5 | 4 9 3 0 11 _ 1 2 10 _ 9 _ 
[00124734] 4 | 4 9 3 0 11 7 1 2 10 _ 9 _ 
[00124735] 4 | 4 9 3 0 11 _ 1 2 10 6 9 _ 
[00124736] 3 | 4 9 3 0 11 8 1 2 10 6 9 _ 
[00124737] 5 | _ 9 3 0 11 6 1 2 10 _ 9 _ 
[00124738] 4 | 5 9 3 0 11 6 1 2 10 _ 9 _ 
[00124739] 3 | 5 9 3 0 11 6 1 2 10 7 9 _ 
[00124740] 4 | _ 9 3 0 11 6 1 2 10 _ 9 5 
[00124741] 3 | _ 9 3 0 11 6 1 2 10 7 9 5 
[00124742] 5 | _ 9 3 0 11 _ 1 2 10 5 9 _ 
[00124743] 4 | _ 9 3 0 11 7 1 2 10 5 9 _ 
[00124744] 3 | 6 9 3 0 11 7 1 2 10 5 9 _ 
[00124745] 3 | _ 9 3 0 11 7 1 2 10 5 9 6 
[00124746] 5 | _ 9 3 0 11 _ 1 2 10 _ 9 4 
[00124747] 4 | _ 9 3 0 11 7 1 2 10 _ 9 4 
[00124748] 4 | _ 9 3 0 11 _ 1 2 10 6 9 4 
[00124749] 3 | _ 9 3 0 11 8 1 2 10 6 9 4 
[00124750] 6 | _ 9 _ 0 11 5 1 2 10 _ 9 _ 
[00124751] 5 | 4 9 _ 0 11 5 1 2 10 _ 9 _ 
[00124752] 4 | 4 9 _ 0 11 5 1 2 10 6 9 _ 
[00124753] 5 | _ 9 4 0 11 5 1 2 10 _ 9 _ 
[00124754] 4 | _ 9 4 0 11 5 1 2 10 6 9 _ 
[00124755] 5 | _ 9 _ 0 11 5 1 2 10 _ 9 4 
[00124756] 4 | _ 9 _ 0 11 5 1 2 10 6 9 4 
[00124757] 6 | _ 9 _ 0 11 _ 1 2 10 4 9 _ 
[00124758] 5 | _ 9 _ 0 11 6 1 2 10 4 9 _ 
[00124759] 4 | 5 9 _ 0 11 6 1 2 10 4 9 _ 
[00124760] 4 | _ 9 5 0 11 6 1 2 10 4 9 _ 
[00124761] 4 | _ 9 _ 0 11 6 1 2 10 4 9 5 
[00124762] 6 | _ 9 _ 0 11 _ 1 2 10 _ 9 3 
[00124763] 5 | _ 9 _ 0 11 6 1 2 10 _ 9 3 
[00124764] 5 | _ 9 _ 0 11 _ 1 2 10 5 9 3 
[00124765] 4 | _ 9 _ 0 11 7 1 2 10 5 9 3 
[00124766] 8 | _ 9 _ 0 11 _ 1 10 2 _ _ _ 
[00124767] 7 | 2 9 _ 0 11 _ 1 10 2 _ _ _ 
[00124768] 6 | 2 9 3 0 11 _ 1 10 2 _ _ _ 
[00124769] 5 | 2 9 3 0 11 6 1 10 2 _ _ _ 
[00124770] 4 | 2 9 3 0 11 6 1 10 2 _ 4 8 
[00124771] 4 | 2 9 3 0 11 6 1 10 2 _ 8 4 
[00124772] 5 | 2 9 3 0 11 _ 1 10 2 _ 5 _ 
[00124773] 4 | 2 9 3 0 11 7 1 10 2 _ 5 _ 
[00124774] 3 | 2 9 3 0 11 7 1 10 2 _ 5 8 
[00124775] 6 | 2 9 _ 0 11 5 1 10 2 _ _ _ 
[00124776] 5 | 2 9 4 0 11 5 1 10 2 _ _ _ 
[00124777] 4 | 2 9 4 0 11 5 1 10 2 _ 6 _ 
[00124778] 3 | 2 9 4 0 11 5 1 10 2 _ 6 3 
[00124779] 4 | 2 9 4 0 11 5 1 10 2 _ 3 7 
[00124780] 4 | 2 9 4 0 11 5 1 10 2 _ 7 3 
[00124781] 5 | 2 9 _ 0 11 5 1 10 2 _ 3 8 
[00124782] 5 | 2 9 _ 0 11 5 1 10 2 _ 8 3 
[00124783] 6 | 2 9 _ 0 11 _ 1 10 2 _ 4 _ 
[00124784] 5 | 2 9 4 0 11 _ 1 10 2 _ 4 _ 
[00124785] 4 | 2 9 4 0 11 7 1 10 2 _ 4 _ 
[00124786] 5 | 2 9 _ 0 11 6 1 10 2 _ 4 _ 
[00124787] 4 | 2 9 5 0 11 6 1 10 2 _ 4 _ 
[00124788] 3 | 2 9 5 0 11 6 1 10 2 _ 4 7 
[00124789] 4 | 2 9 _ 0 11 6 1 10 2 _ 4 8 
[00124790] 5 | 2 9 _ 0 11 _ 1 10 2 _ 4 9 
[00124791] 4 | 2 9 _ 0 11 7 1 10 2 _ 4 9 
[00124792] 7 | _ 9 2 0 11 _ 1 10 2 _ _ _ 
[00124793] 6 | 3 9 2 0 11 _ 1 10 2 _ _ _ 
[00124794] 5 | 3 9 2 0 11 6 1 10 2 _ _ _ 
[00124795] 4 | 3 9 2 0 11 6 1 10 2 _ 4 8 
[00124796] 4 | 3 9 2 0 11 6 1 10 2 _ 8 4 
[00124797] 5 | 3 9 2 0 11 _ 1 10 2 _ 5 _ 
[00124798] 4 | 3 9 2 0 11 7 1 10 2 _ 5 _ 
[00124799] 3 | 3 9 2 0 11 7 1 10 2 _ 5 8 
[00124800] 6 | _ 9 2 0 11 5 1 10 2 _ _ _ 
[00124801] 5 | 4 9 2 0 11 5 1 10 2 _ _ _ 
[00124802] 4 | 4 9 2 0 11 5 1 10 2 _ 6 _ 
[00124803] 3 | 4 9 2 0 11 5 1 10 2 _ 6 3 
[00124804] 4 | 4 9 2 0 11 5 1 10 2 _ 3 7 
[00124805] 4 | 4 9 2 0 11 5 1 10 2 _ 7 3 
[00124806] 5 | _ 9 2 0 11 5 1 10 2 _ 3 8 
[00124807] 5 | _ 9 2 0 11 5 1 10 2 _ 8 3 
[00124808] 6 | _ 9 2 0 11 _ 1 10 2 _ 4 _ 
[00124809] 5 | 4 9 2 0 11 _ 1 10 2 _ 4 _ 
[00124810] 4 | 4 9 2 0 11 7 1 10 2 _ 4 _ 
[00124811] 5 | _ 9 2 0 11 6 1 10 2 _ 4 _ 
[00124812] 4 | 5 9 2 0 11 6 1 10 2 _ 4 _ 
[00124813] 3 | 5 9 2 0 11 6 1 10 2 _ 4 7 
[00124814] 4 | _ 9 2 0 11 6 1 10 2 _ 4 8 
[00124815] 5 | _ 9 2 0 11 _ 1 10 2 _ 4 9 
[00124816] 4 | _ 9 2 0 11 7 1 10 2 _ 4 9 
[00124817] 7 | _ 9 _ 0 11 4 1 10 2 _ _ _ 
[00124818] 6 | 3 9 _ 0 11 4 1 10 2 _ _ _ 
[00124819] 5 | 3 9 _ 0 11 4 1 10 2 7 _ _ 
[00124820] 4 | 3 9 5 0 11 4 1 10 2 7 _ _ 
[00124821] 4 | 3 9 _ 0 11 4 1 10 2 7 6 _ 
[00124822] 3 | 3 9 6 0 11 4 1 10 2 7 6 _ 
[00124823] 3 | 3 9 _ 0 11 4 1 10 2 7 6 9 
[00124824] 5 | 3 9 _ 0 11 4 1 10 2 _ 5 _ 
[00124825] 4 | 3 9 5 0 11 4 1 10 2 _ 5 _ 
[00124826] 4 | 3 9 _ 0 11 4 1 10 2 6 5 _ 
[00124827] 3 | 3 9 _ 0 11 4 1 10 2 6 5 8 
[00124828] 2 | 3 9 7 0 11 4 1 10 2 6 5 8 
[00124829] 4 | 3 9 _ 0 11 4 1 10 2 _ 5 9 
[00124830] 6 | _ 9 3 0 11 4 1 10 2 _ _ _ 
[00124831] 5 | _ 9 3 0 11 4 1 10 2 7 _ _ 
[00124832] 4 | 5 9 3 0 11 4 1 10 2 7 _ _ 
[00124833] 4 | _ 9 3 0 11 4 1 10 2 7 6 _ 
[00124834] 3 | 6 9 3 0 11 4 1 10 2 7 6 _ 
[00124835] 3 | _ 9 3 0 11 4 1 10 2 7 6 9 
[00124836] 5 | _ 9 3 0 11 4 1 10 2 _ 5 _ 
[00124837] 4 | 5 9 3 0 11 4 1 10 2 _ 5 _ 
[00124838] 4 | _ 9 3 0 11 4 1 10 2 6 5 _ 
[00124839] 3 | _ 9 3 0 11 4 1 10 2 6 5 8 
[00124840] 2 | 7 9 3 0 11 4 1 10 2 6 5 8 
[00124841] 4 | _ 9 3 0 11 4 1 10 2 _ 5 9 
[00124842] 6 | _ 9 _ 0 11 4 1 10 2 8 _ _ 
[00124843] 5 | _ 9 _ 0 11 4 1 10 2 8 5 _ 
[00124844] 4 | 5 9 _ 0 11 4 1 10 2 8 5 _ 
[00124845] 3 | 5 9 6 0 11 4 1 10 2 8 5 _ 
[00124846] 4 | _ 9 5 0 11 4 1 10 2 8 5 _ 
[00124847] 3 | 6 9 5 0 11 4 1 10 2 8 5 _ 
[00124848] 4 | _ 9 _ 0 11 4 1 10 2 8 5 9 
[00124849] 7 | _ 9 _ 0 11 _ 1 10 2 9 _ _ 
[00124850] 6 | _ 9 _ 0 11 5 1 10 2 9 _ _ 
[00124851] 5 | _ 9 _ 0 11 5 1 10 2 9 3 8 
[00124852] 5 | _ 9 _ 0 11 5 1 10 2 9 8 3 
[00124853] 6 | _ 9 _ 0 11 _ 1 10 2 9 4 _ 
[00124854] 5 | _ 9 _ 0 11 6 1 10 2 9 4 _ 
[00124855] 4 | _ 9 _ 0 11 6 1 10 2 9 4 8 
[00124856] 7 | _ 9 _ 0 11 _ 1 10 2 _ 3 _ 
[00124857] 6 | 3 9 _ 0 11 _ 1 10 2 _ 3 _ 
[00124858] 5 | 3 9 4 0 11 _ 1 10 2 _ 3 _ 
[00124859] 4 | 3 9 4 0 11 7 1 10 2 _ 3 _ 
[00124860] 3 | 3 9 4 0 11 7 1 10 2 5 3 _ 
[00124861] 4 | 3 9 4 0 11 _ 1 10 2 6 3 _ 
[00124862] 3 | 3 9 4 0 11 8 1 10 2 6 3 _ 
