[00273406] 3 | 8 1 10 11 3 6 9 0 4 _ 7 2 
[00273407] 6 | 8 1 10 11 3 _ _ 0 6 _ _ _ 
[00273408] 5 | 8 1 10 11 3 _ _ 0 6 _ 5 _ 
[00273409] 4 | 8 1 10 11 3 7 _ 0 6 _ 5 _ 
[00273410] 3 | 8 1 10 11 3 7 6 0 6 _ 5 _ 
[00273411] 3 | 8 1 10 11 3 7 _ 0 6 3 5 _ 
[00273412] 3 | 8 1 10 11 3 7 _ 0 6 9 5 _ 
[00273413] 2 | 8 1 10 11 3 7 5 0 6 9 5 _ 
[00273414] 2 | 8 1 10 11 3 7 _ 0 6 9 5 3 
[00273415] 3 | 8 1 10 11 3 7 _ 0 6 _ 5 2 
[00273416] 2 | 8 1 10 11 3 7 _ 0 6 4 5 2 
[00273417] 4 | 8 1 10 11 3 _ 7 0 6 _ 5 _ 
[00273418] 3 | 8 1 10 11 3 6 7 0 6 _ 5 _ 
[00273419] 3 | 8 1 10 11 3 _ 7 0 6 3 5 _ 
[00273420] 3 | 8 1 10 11 3 _ 7 0 6 9 5 _ 
[00273421] 2 | 8 1 10 11 3 5 7 0 6 9 5 _ 
[00273422] 2 | 8 1 10 11 3 _ 7 0 6 9 5 3 
[00273423] 3 | 8 1 10 11 3 _ 7 0 6 _ 5 2 
[00273424] 2 | 8 1 10 11 3 _ 7 0 6 4 5 2 
[00273425] 4 | 8 1 10 11 3 _ _ 0 6 2 5 _ 
[00273426] 4 | 8 1 10 11 3 _ _ 0 6 _ 5 9 
[00273427] 3 | 8 1 10 11 3 6 _ 0 6 _ 5 9 
[00273428] 3 | 8 1 10 11 3 _ 6 0 6 _ 5 9 
[00273429] 3 | 8 1 10 11 3 _ _ 0 6 3 5 9 
[00273430] 5 | 8 1 10 11 3 _ _ 0 6 _ 2 7 
[00273431] 5 | 8 1 10 11 3 _ _ 0 6 _ 4 9 
[00273432] 4 | 8 1 10 11 3 7 _ 0 6 _ 4 9 
[00273433] 3 | 8 1 10 11 3 7 6 0 6 _ 4 9 
[00273434] 3 | 8 1 10 11 3 7 _ 0 6 3 4 9 
[00273435] 4 | 8 1 10 11 3 _ 7 0 6 _ 4 9 
[00273436] 3 | 8 1 10 11 3 6 7 0 6 _ 4 9 
[00273437] 3 | 8 1 10 11 3 _ 7 0 6 3 4 9 
[00273438] 4 | 8 1 10 11 3 _ _ 0 6 2 4 9 
[00273439] 5 | 8 1 10 11 3 _ _ 0 6 _ 7 2 
[00273440] 5 | 8 1 10 11 3 _ _ 0 6 _ 9 4 
[00273441] 4 | 8 1 10 11 3 7 _ 0 6 _ 9 4 
[00273442] 3 | 8 1 10 11 3 7 6 0 6 _ 9 4 
[00273443] 3 | 8 1 10 11 3 7 _ 0 6 3 9 4 
[00273444] 4 | 8 1 10 11 3 _ 7 0 6 _ 9 4 
[00273445] 3 | 8 1 10 11 3 6 7 0 6 _ 9 4 
[00273446] 3 | 8 1 10 11 3 _ 7 0 6 3 9 4 
[00273447] 4 | 8 1 10 11 3 _ _ 0 6 2 9 4 
[00273448] 6 | 8 1 10 11 3 _ _ 0 _ _ 6 _ 
[00273449] 5 | 8 1 10 11 3 _ _ 0 5 _ 6 _ 
[00273450] 4 | 8 1 10 11 3 7 _ 0 5 _ 6 _ 
[00273451] 3 | 8 1 10 11 3 7 6 0 5 _ 6 _ 
[00273452] 3 | 8 1 10 11 3 7 _ 0 5 2 6 _ 
[00273453] 2 | 8 1 10 11 3 7 _ 0 5 2 6 4 
[00273454] 3 | 8 1 10 11 3 7 _ 0 5 _ 6 3 
[00273455] 3 | 8 1 10 11 3 7 _ 0 5 _ 6 9 
[00273456] 2 | 8 1 10 11 3 7 5 0 5 _ 6 9 
[00273457] 2 | 8 1 10 11 3 7 _ 0 5 3 6 9 
[00273458] 4 | 8 1 10 11 3 _ 7 0 5 _ 6 _ 
[00273459] 3 | 8 1 10 11 3 6 7 0 5 _ 6 _ 
[00273460] 3 | 8 1 10 11 3 _ 7 0 5 2 6 _ 
[00273461] 2 | 8 1 10 11 3 _ 7 0 5 2 6 4 
[00273462] 3 | 8 1 10 11 3 _ 7 0 5 _ 6 3 
[00273463] 3 | 8 1 10 11 3 _ 7 0 5 _ 6 9 
[00273464] 2 | 8 1 10 11 3 5 7 0 5 _ 6 9 
[00273465] 2 | 8 1 10 11 3 _ 7 0 5 3 6 9 
[00273466] 4 | 8 1 10 11 3 _ _ 0 5 9 6 _ 
[00273467] 3 | 8 1 10 11 3 6 _ 0 5 9 6 _ 
[00273468] 3 | 8 1 10 11 3 _ 6 0 5 9 6 _ 
[00273469] 3 | 8 1 10 11 3 _ _ 0 5 9 6 3 
[00273470] 4 | 8 1 10 11 3 _ _ 0 5 _ 6 2 
[00273471] 5 | 8 1 10 11 3 _ _ 0 2 7 6 _ 
[00273472] 5 | 8 1 10 11 3 _ _ 0 4 9 6 _ 
[00273473] 4 | 8 1 10 11 3 7 _ 0 4 9 6 _ 
[00273474] 3 | 8 1 10 11 3 7 6 0 4 9 6 _ 
[00273475] 3 | 8 1 10 11 3 7 _ 0 4 9 6 3 
[00273476] 4 | 8 1 10 11 3 _ 7 0 4 9 6 _ 
[00273477] 3 | 8 1 10 11 3 6 7 0 4 9 6 _ 
[00273478] 3 | 8 1 10 11 3 _ 7 0 4 9 6 3 
[00273479] 4 | 8 1 10 11 3 _ _ 0 4 9 6 2 
[00273480] 5 | 8 1 10 11 3 _ _ 0 7 2 6 _ 
[00273481] 5 | 8 1 10 11 3 _ _ 0 9 4 6 _ 
[00273482] 4 | 8 1 10 11 3 7 _ 0 9 4 6 _ 
[00273483] 3 | 8 1 10 11 3 7 6 0 9 4 6 _ 
[00273484] 3 | 8 1 10 11 3 7 _ 0 9 4 6 3 
[00273485] 4 | 8 1 10 11 3 _ 7 0 9 4 6 _ 
[00273486] 3 | 8 1 10 11 3 6 7 0 9 4 6 _ 
[00273487] 3 | 8 1 10 11 3 _ 7 0 9 4 6 3 
[00273488] 4 | 8 1 10 11 3 _ _ 0 9 4 6 2 
[00273489] 7 | _ 1 10 11 3 _ _ 0 7 _ _ _ 
[00273490] 6 | 7 1 10 11 3 _ _ 0 7 _ _ _ 
[00273491] 5 | 7 1 10 11 3 8 _ 0 7 _ _ _ 
[00273492] 4 | 7 1 10 11 3 8 _ 0 7 _ 4 _ 
[00273493] 3 | 7 1 10 11 3 8 6 0 7 _ 4 _ 
[00273494] 2 | 7 1 10 11 3 8 6 0 7 _ 4 2 
[00273495] 4 | 7 1 10 11 3 8 _ 0 7 _ 2 6 
[00273496] 4 | 7 1 10 11 3 8 _ 0 7 _ 5 9 
[00273497] 3 | 7 1 10 11 3 8 6 0 7 _ 5 9 
[00273498] 4 | 7 1 10 11 3 8 _ 0 7 _ 6 2 
[00273499] 4 | 7 1 10 11 3 8 _ 0 7 _ 9 5 
[00273500] 3 | 7 1 10 11 3 8 6 0 7 _ 9 5 
[00273501] 5 | 7 1 10 11 3 _ 8 0 7 _ _ _ 
[00273502] 4 | 7 1 10 11 3 _ 8 0 7 _ 4 _ 
[00273503] 3 | 7 1 10 11 3 6 8 0 7 _ 4 _ 
[00273504] 2 | 7 1 10 11 3 6 8 0 7 _ 4 2 
[00273505] 4 | 7 1 10 11 3 _ 8 0 7 _ 2 6 
[00273506] 4 | 7 1 10 11 3 _ 8 0 7 _ 5 9 
[00273507] 3 | 7 1 10 11 3 6 8 0 7 _ 5 9 
[00273508] 4 | 7 1 10 11 3 _ 8 0 7 _ 6 2 
[00273509] 4 | 7 1 10 11 3 _ 8 0 7 _ 9 5 
[00273510] 3 | 7 1 10 11 3 6 8 0 7 _ 9 5 
[00273511] 5 | 7 1 10 11 3 _ _ 0 7 _ 5 _ 
[00273512] 4 | 7 1 10 11 3 _ _ 0 7 _ 5 9 
[00273513] 3 | 7 1 10 11 3 6 _ 0 7 _ 5 9 
[00273514] 3 | 7 1 10 11 3 _ 6 0 7 _ 5 9 
[00273515] 5 | 7 1 10 11 3 _ _ 0 7 _ 4 9 
[00273516] 5 | 7 1 10 11 3 _ _ 0 7 _ 9 4 
[00273517] 6 | _ 1 10 11 3 9 _ 0 7 _ _ _ 
[00273518] 5 | 6 1 10 11 3 9 _ 0 7 _ _ _ 
[00273519] 4 | 6 1 10 11 3 9 7 0 7 _ _ _ 
[00273520] 3 | 6 1 10 11 3 9 7 0 7 _ 2 5 
[00273521] 3 | 6 1 10 11 3 9 7 0 7 _ 5 8 
[00273522] 3 | 6 1 10 11 3 9 7 0 7 _ 5 2 
[00273523] 3 | 6 1 10 11 3 9 7 0 7 _ 8 5 
[00273524] 4 | 6 1 10 11 3 9 _ 0 7 3 _ _ 
[00273525] 3 | 6 1 10 11 3 9 _ 0 7 3 2 5 
[00273526] 3 | 6 1 10 11 3 9 _ 0 7 3 5 8 
[00273527] 3 | 6 1 10 11 3 9 _ 0 7 3 5 2 
[00273528] 3 | 6 1 10 11 3 9 _ 0 7 3 8 5 
[00273529] 4 | 6 1 10 11 3 9 _ 0 7 _ 4 _ 
[00273530] 3 | 6 1 10 11 3 9 _ 0 7 4 4 _ 
[00273531] 2 | 6 1 10 11 3 9 5 0 7 4 4 _ 
[00273532] 3 | 6 1 10 11 3 9 _ 0 7 _ 4 7 
[00273533] 2 | 6 1 10 11 3 9 5 0 7 _ 4 7 
[00273534] 4 | 6 1 10 11 3 9 _ 0 7 _ 4 8 
[00273535] 4 | 6 1 10 11 3 9 _ 0 7 _ 8 4 
[00273536] 5 | _ 1 10 11 3 9 8 0 7 _ _ _ 
[00273537] 4 | 5 1 10 11 3 9 8 0 7 _ _ _ 
[00273538] 3 | 5 1 10 11 3 9 8 0 7 4 _ _ 
[00273539] 2 | 5 1 10 11 3 9 8 0 7 4 2 _ 
[00273540] 4 | _ 1 10 11 3 9 8 0 7 _ 4 _ 
[00273541] 3 | 4 1 10 11 3 9 8 0 7 _ 4 _ 
[00273542] 2 | 4 1 10 11 3 9 8 0 7 5 4 _ 
[00273543] 3 | _ 1 10 11 3 9 8 0 7 4 4 _ 
[00273544] 3 | _ 1 10 11 3 9 8 0 7 _ 4 1 
[00273545] 2 | _ 1 10 11 3 9 8 0 7 5 4 1 
[00273546] 3 | _ 1 10 11 3 9 8 0 7 _ 4 7 
[00273547] 4 | _ 1 10 11 3 9 8 0 7 _ 2 6 
[00273548] 3 | 4 1 10 11 3 9 8 0 7 _ 2 6 
[00273549] 2 | 4 1 10 11 3 9 8 0 7 5 2 6 
[00273550] 3 | _ 1 10 11 3 9 8 0 7 4 2 6 
[00273551] 4 | _ 1 10 11 3 9 8 0 7 _ 6 2 
[00273552] 3 | 4 1 10 11 3 9 8 0 7 _ 6 2 
[00273553] 2 | 4 1 10 11 3 9 8 0 7 5 6 2 
[00273554] 3 | _ 1 10 11 3 9 8 0 7 4 6 2 
[00273555] 5 | _ 1 10 11 3 9 _ 0 7 2 _ _ 
[00273556] 4 | 5 1 10 11 3 9 _ 0 7 2 _ _ 
[00273557] 3 | 5 1 10 11 3 9 0 0 7 2 _ _ 
[00273558] 2 | 5 1 10 11 3 9 0 0 7 2 4 6 
[00273559] 2 | 5 1 10 11 3 9 0 0 7 2 6 8 
[00273560] 2 | 5 1 10 11 3 9 0 0 7 2 6 4 
[00273561] 2 | 5 1 10 11 3 9 0 0 7 2 8 6 
[00273562] 3 | 5 1 10 11 3 9 6 0 7 2 _ _ 
[00273563] 3 | 5 1 10 11 3 9 _ 0 7 2 3 _ 
[00273564] 4 | _ 1 10 11 3 9 _ 0 7 2 4 _ 
[00273565] 3 | 4 1 10 11 3 9 _ 0 7 2 4 _ 
[00273566] 2 | 4 1 10 11 3 9 5 0 7 2 4 _ 
[00273567] 3 | _ 1 10 11 3 9 6 0 7 2 4 _ 
[00273568] 3 | _ 1 10 11 3 9 _ 0 7 2 4 1 
[00273569] 2 | _ 1 10 11 3 9 5 0 7 2 4 1 
[00273570] 4 | _ 1 10 11 3 9 _ 0 7 2 4 8 
[00273571] 3 | _ 1 10 11 3 9 6 0 7 2 4 8 
[00273572] 4 | _ 1 10 11 3 9 _ 0 7 2 8 4 
[00273573] 3 | _ 1 10 11 3 9 6 0 7 2 8 4 
[00273574] 5 | _ 1 10 11 3 9 _ 0 7 _ 5 _ 
[00273575] 4 | 5 1 10 11 3 9 _ 0 7 _ 5 _ 
[00273576] 3 | 5 1 10 11 3 9 6 0 7 _ 5 _ 
[00273577] 3 | 5 1 10 11 3 9 _ 0 7 4 5 _ 
[00273578] 4 | _ 1 10 11 3 9 7 0 7 _ 5 _ 
[00273579] 3 | 4 1 10 11 3 9 7 0 7 _ 5 _ 
[00273580] 3 | _ 1 10 11 3 9 7 0 7 _ 5 2 
[00273581] 3 | _ 1 10 11 3 9 7 0 7 _ 5 8 
[00273582] 4 | _ 1 10 11 3 9 _ 0 7 3 5 _ 
[00273583] 3 | 4 1 10 11 3 9 _ 0 7 3 5 _ 
[00273584] 3 | _ 1 10 11 3 9 _ 0 7 3 5 2 
[00273585] 3 | _ 1 10 11 3 9 _ 0 7 3 5 8 
[00273586] 4 | _ 1 10 11 3 9 _ 0 7 _ 5 1 
[00273587] 3 | _ 1 10 11 3 9 6 0 7 _ 5 1 
[00273588] 3 | _ 1 10 11 3 9 _ 0 7 4 5 1 
[00273589] 6 | _ 1 10 11 3 _ 9 0 7 _ _ _ 
[00273590] 5 | 6 1 10 11 3 _ 9 0 7 _ _ _ 
[00273591] 4 | 6 1 10 11 3 7 9 0 7 _ _ _ 
[00273592] 3 | 6 1 10 11 3 7 9 0 7 _ 2 5 
[00273593] 3 | 6 1 10 11 3 7 9 0 7 _ 5 8 
[00273594] 3 | 6 1 10 11 3 7 9 0 7 _ 5 2 
[00273595] 3 | 6 1 10 11 3 7 9 0 7 _ 8 5 
[00273596] 4 | 6 1 10 11 3 _ 9 0 7 3 _ _ 
[00273597] 3 | 6 1 10 11 3 _ 9 0 7 3 2 5 
[00273598] 3 | 6 1 10 11 3 _ 9 0 7 3 5 8 
[00273599] 3 | 6 1 10 11 3 _ 9 0 7 3 5 2 
[00273600] 3 | 6 1 10 11 3 _ 9 0 7 3 8 5 
[00273601] 4 | 6 1 10 11 3 _ 9 0 7 _ 4 _ 
[00273602] 3 | 6 1 10 11 3 _ 9 0 7 4 4 _ 
[00273603] 2 | 6 1 10 11 3 5 9 0 7 4 4 _ 
[00273604] 3 | 6 1 10 11 3 _ 9 0 7 _ 4 7 
[00273605] 2 | 6 1 10 11 3 5 9 0 7 _ 4 7 
[00273606] 4 | 6 1 10 11 3 _ 9 0 7 _ 4 8 
[00273607] 4 | 6 1 10 11 3 _ 9 0 7 _ 8 4 
[00273608] 5 | _ 1 10 11 3 8 9 0 7 _ _ _ 
[00273609] 4 | 5 1 10 11 3 8 9 0 7 _ _ _ 
[00273610] 3 | 5 1 10 11 3 8 9 0 7 4 _ _ 
[00273611] 2 | 5 1 10 11 3 8 9 0 7 4 2 _ 
[00273612] 4 | _ 1 10 11 3 8 9 0 7 _ 4 _ 
[00273613] 3 | 4 1 10 11 3 8 9 0 7 _ 4 _ 
[00273614] 2 | 4 1 10 11 3 8 9 0 7 5 4 _ 
[00273615] 3 | _ 1 10 11 3 8 9 0 7 4 4 _ 
[00273616] 3 | _ 1 10 11 3 8 9 0 7 _ 4 1 
[00273617] 2 | _ 1 10 11 3 8 9 0 7 5 4 1 
[00273618] 3 | _ 1 10 11 3 8 9 0 7 _ 4 7 
[00273619] 4 | _ 1 10 11 3 8 9 0 7 _ 2 6 
[00273620] 3 | 4 1 10 11 3 8 9 0 7 _ 2 6 
[00273621] 2 | 4 1 10 11 3 8 9 0 7 5 2 6 
[00273622] 3 | _ 1 10 11 3 8 9 0 7 4 2 6 
[00273623] 4 | _ 1 10 11 3 8 9 0 7 _ 6 2 
[00273624] 3 | 4 1 10 11 3 8 9 0 7 _ 6 2 
[00273625] 2 | 4 1 10 11 3 8 9 0 7 5 6 2 
[00273626] 3 | _ 1 10 11 3 8 9 0 7 4 6 2 
[00273627] 5 | _ 1 10 11 3 _ 9 0 7 2 _ _ 
[00273628] 4 | 5 1 10 11 3 _ 9 0 7 2 _ _ 
[00273629] 3 | 5 1 10 11 3 0 9 0 7 2 _ _ 
[00273630] 2 | 5 1 10 11 3 0 9 0 7 2 4 6 
[00273631] 2 | 5 1 10 11 3 0 9 0 7 2 6 8 
[00273632] 2 | 5 1 10 11 3 0 9 0 7 2 6 4 
[00273633] 2 | 5 1 10 11 3 0 9 0 7 2 8 6 
[00273634] 3 | 5 1 10 11 3 6 9 0 7 2 _ _ 
[00273635] 3 | 5 1 10 11 3 _ 9 0 7 2 3 _ 
[00273636] 4 | _ 1 10 11 3 _ 9 0 7 2 4 _ 
[00273637] 3 | 4 1 10 11 3 _ 9 0 7 2 4 _ 
[00273638] 2 | 4 1 10 11 3 5 9 0 7 2 4 _ 
[00273639] 3 | _ 1 10 11 3 6 9 0 7 2 4 _ 
[00273640] 3 | _ 1 10 11 3 _ 9 0 7 2 4 1 
[00273641] 2 | _ 1 10 11 3 5 9 0 7 2 4 1 
[00273642] 4 | _ 1 10 11 3 _ 9 0 7 2 4 8 
[00273643] 3 | _ 1 10 11 3 6 9 0 7 2 4 8 
[00273644] 4 | _ 1 10 11 3 _ 9 0 7 2 8 4 
[00273645] 3 | _ 1 10 11 3 6 9 0 7 2 8 4 
[00273646] 5 | _ 1 10 11 3 _ 9 0 7 _ 5 _ 
[00273647] 4 | 5 1 10 11 3 _ 9 0 7 _ 5 _ 
[00273648] 3 | 5 1 10 11 3 6 9 0 7 _ 5 _ 
[00273649] 3 | 5 1 10 11 3 _ 9 0 7 4 5 _ 
[00273650] 4 | _ 1 10 11 3 7 9 0 7 _ 5 _ 
[00273651] 3 | 4 1 10 11 3 7 9 0 7 _ 5 _ 
[00273652] 3 | _ 1 10 11 3 7 9 0 7 _ 5 2 
[00273653] 3 | _ 1 10 11 3 7 9 0 7 _ 5 8 
[00273654] 4 | _ 1 10 11 3 _ 9 0 7 3 5 _ 
[00273655] 3 | 4 1 10 11 3 _ 9 0 7 3 5 _ 
[00273656] 3 | _ 1 10 11 3 _ 9 0 7 3 5 2 
[00273657] 3 | _ 1 10 11 3 _ 9 0 7 3 5 8 
[00273658] 4 | _ 1 10 11 3 _ 9 0 7 _ 5 1 
[00273659] 3 | _ 1 10 11 3 6 9 0 7 _ 5 1 
[00273660] 3 | _ 1 10 11 3 _ 9 0 7 4 5 1 
[00273661] 6 | _ 1 10 11 3 _ _ 0 7 1 _ _ 
[00273662] 5 | _ 1 10 11 3 8 _ 0 7 1 _ _ 
[00273663] 4 | _ 1 10 11 3 8 _ 0 7 1 4 _ 
[00273664] 3 | _ 1 10 11 3 8 6 0 7 1 4 _ 
[00273665] 2 | _ 1 10 11 3 8 6 0 7 1 4 2 
[00273666] 4 | _ 1 10 11 3 8 _ 0 7 1 2 6 
[00273667] 4 | _ 1 10 11 3 8 _ 0 7 1 5 9 
[00273668] 3 | _ 1 10 11 3 8 6 0 7 1 5 9 
[00273669] 4 | _ 1 10 11 3 8 _ 0 7 1 6 2 
[00273670] 4 | _ 1 10 11 3 8 _ 0 7 1 9 5 
[00273671] 3 | _ 1 10 11 3 8 6 0 7 1 9 5 
[00273672] 5 | _ 1 10 11 3 _ 8 0 7 1 _ _ 
[00273673] 4 | _ 1 10 11 3 _ 8 0 7 1 4 _ 
[00273674] 3 | _ 1 10 11 3 6 8 0 7 1 4 _ 
[00273675] 2 | _ 1 10 11 3 6 8 0 7 1 4 2 
[00273676] 4 | _ 1 10 11 3 _ 8 0 7 1 2 6 
[00273677] 4 | _ 1 10 11 3 _ 8 0 7 1 5 9 
[00273678] 3 | _ 1 10 11 3 6 8 0 7 1 5 9 
[00273679] 4 | _ 1 10 11 3 _ 8 0 7 1 6 2 
[00273680] 4 | _ 1 10 11 3 _ 8 0 7 1 9 5 
[00273681] 3 | _ 1 10 11 3 6 8 0 7 1 9 5 
[00273682] 5 | _ 1 10 11 3 _ _ 0 7 1 5 _ 
[00273683] 4 | _ 1 10 11 3 _ _ 0 7 1 5 9 
[00273684] 3 | _ 1 10 11 3 6 _ 0 7 1 5 9 
[00273685] 3 | _ 1 10 11 3 _ 6 0 7 1 5 9 
[00273686] 5 | _ 1 10 11 3 _ _ 0 7 1 4 9 
[00273687] 5 | _ 1 10 11 3 _ _ 0 7 1 9 4 
[00273688] 6 | _ 1 10 11 3 _ _ 0 7 _ 6 _ 
[00273689] 5 | 6 1 10 11 3 _ _ 0 7 _ 6 _ 
[00273690] 4 | 6 1 10 11 3 7 _ 0 7 _ 6 _ 
[00273691] 4 | 6 1 10 11 3 _ 7 0 7 _ 6 _ 
[00273692] 4 | 6 1 10 11 3 _ _ 0 7 3 6 _ 
[00273693] 5 | _ 1 10 11 3 8 _ 0 7 _ 6 _ 
[00273694] 4 | 5 1 10 11 3 8 _ 0 7 _ 6 _ 
[00273695] 3 | 5 1 10 11 3 8 6 0 7 _ 6 _ 
[00273696] 2 | 5 1 10 11 3 8 6 0 7 9 6 _ 
[00273697] 3 | 5 1 10 11 3 8 _ 0 7 4 6 _ 
[00273698] 3 | 5 1 10 11 3 8 _ 0 7 _ 6 3 
[00273699] 2 | 5 1 10 11 3 8 _ 0 7 9 6 3 
[00273700] 3 | 5 1 10 11 3 8 _ 0 7 _ 6 9 
[00273701] 4 | _ 1 10 11 3 8 7 0 7 _ 6 _ 
[00273702] 3 | 4 1 10 11 3 8 7 0 7 _ 6 _ 
[00273703] 3 | _ 1 10 11 3 8 7 0 7 _ 6 9 
[00273704] 4 | _ 1 10 11 3 8 _ 0 7 3 6 _ 
[00273705] 3 | 4 1 10 11 3 8 _ 0 7 3 6 _ 
[00273706] 3 | _ 1 10 11 3 8 _ 0 7 3 6 9 
[00273707] 4 | _ 1 10 11 3 8 _ 0 7 _ 6 2 
[00273708] 3 | 4 1 10 11 3 8 _ 0 7 _ 6 2 
[00273709] 2 | 4 1 10 11 3 8 5 0 7 _ 6 2 
[00273710] 2 | 4 1 10 11 3 8 _ 0 7 5 6 2 
[00273711] 2 | 4 1 10 11 3 8 _ 0 7 9 6 2 
[00273712] 3 | _ 1 10 11 3 8 _ 0 7 4 6 2 
[00273713] 2 | 3 1 10 11 3 8 _ 0 7 4 6 2 
[00273714] 2 | _ 1 10 11 3 8 1 0 7 4 6 2 
[00273715] 2 | _ 1 10 11 3 8 5 0 7 4 6 2 
[00273716] 5 | _ 1 10 11 3 _ 8 0 7 _ 6 _ 
[00273717] 4 | 5 1 10 11 3 _ 8 0 7 _ 6 _ 
[00273718] 3 | 5 1 10 11 3 6 8 0 7 _ 6 _ 
[00273719] 2 | 5 1 10 11 3 6 8 0 7 9 6 _ 
[00273720] 3 | 5 1 10 11 3 _ 8 0 7 4 6 _ 
[00273721] 3 | 5 1 10 11 3 _ 8 0 7 _ 6 3 
[00273722] 2 | 5 1 10 11 3 _ 8 0 7 9 6 3 
[00273723] 3 | 5 1 10 11 3 _ 8 0 7 _ 6 9 
[00273724] 4 | _ 1 10 11 3 7 8 0 7 _ 6 _ 
[00273725] 3 | 4 1 10 11 3 7 8 0 7 _ 6 _ 
[00273726] 3 | _ 1 10 11 3 7 8 0 7 _ 6 9 
[00273727] 4 | _ 1 10 11 3 _ 8 0 7 3 6 _ 
[00273728] 3 | 4 1 10 11 3 _ 8 0 7 3 6 _ 
[00273729] 3 | _ 1 10 11 3 _ 8 0 7 3 6 9 
[00273730] 4 | _ 1 10 11 3 _ 8 0 7 _ 6 2 
[00273731] 3 | 4 1 10 11 3 _ 8 0 7 _ 6 2 
[00273732] 2 | 4 1 10 11 3 5 8 0 7 _ 6 2 
[00273733] 2 | 4 1 10 11 3 _ 8 0 7 5 6 2 
[00273734] 2 | 4 1 10 11 3 _ 8 0 7 9 6 2 
[00273735] 3 | _ 1 10 11 3 _ 8 0 7 4 6 2 
[00273736] 2 | 3 1 10 11 3 _ 8 0 7 4 6 2 
[00273737] 2 | _ 1 10 11 3 1 8 0 7 4 6 2 
[00273738] 2 | _ 1 10 11 3 5 8 0 7 4 6 2 
[00273739] 5 | _ 1 10 11 3 _ _ 0 7 2 6 _ 
[00273740] 4 | 5 1 10 11 3 _ _ 0 7 2 6 _ 
[00273741] 3 | 5 1 10 11 3 6 _ 0 7 2 6 _ 
[00273742] 3 | 5 1 10 11 3 _ 6 0 7 2 6 _ 
[00273743] 3 | 5 1 10 11 3 _ _ 0 7 2 6 3 
[00273744] 3 | 5 1 10 11 3 _ _ 0 7 2 6 9 
[00273745] 5 | _ 1 10 11 3 _ _ 0 7 _ 6 1 
[00273746] 4 | _ 1 10 11 3 7 _ 0 7 _ 6 1 
[00273747] 4 | _ 1 10 11 3 _ 7 0 7 _ 6 1 
[00273748] 4 | _ 1 10 11 3 _ _ 0 7 3 6 1 
[00273749] 6 | _ 1 10 11 3 _ _ 0 7 _ 2 8 
[00273750] 5 | 6 1 10 11 3 _ _ 0 7 _ 2 8 
[00273751] 4 | 6 1 10 11 3 7 _ 0 7 _ 2 8 
[00273752] 4 | 6 1 10 11 3 _ 7 0 7 _ 2 8 
[00273753] 4 | 6 1 10 11 3 _ _ 0 7 3 2 8 
[00273754] 6 | _ 1 10 11 3 _ _ 0 7 _ 8 2 
[00273755] 5 | 6 1 10 11 3 _ _ 0 7 _ 8 2 
[00273756] 4 | 6 1 10 11 3 7 _ 0 7 _ 8 2 
[00273757] 4 | 6 1 10 11 3 _ 7 0 7 _ 8 2 
[00273758] 4 | 6 1 10 11 3 _ _ 0 7 3 8 2 
[00273759] 7 | _ 1 10 11 3 _ _ 0 2 9 _ _ 
[00273760] 6 | 7 1 10 11 3 _ _ 0 2 9 _ _ 
[00273761] 5 | 7 1 10 11 3 8 _ 0 2 9 _ _ 
[00273762] 4 | 7 1 10 11 3 8 _ 0 2 9 4 _ 
[00273763] 3 | 7 1 10 11 3 8 6 0 2 9 4 _ 
[00273764] 5 | 7 1 10 11 3 _ 8 0 2 9 _ _ 
[00273765] 4 | 7 1 10 11 3 _ 8 0 2 9 4 _ 
[00273766] 3 | 7 1 10 11 3 6 8 0 2 9 4 _ 
[00273767] 5 | 7 1 10 11 3 _ _ 0 2 9 5 _ 
[00273768] 6 | _ 1 10 11 3 _ _ 0 2 9 6 _ 
[00273769] 5 | 6 1 10 11 3 _ _ 0 2 9 6 _ 
[00273770] 4 | 6 1 10 11 3 7 _ 0 2 9 6 _ 
[00273771] 4 | 6 1 10 11 3 _ 7 0 2 9 6 _ 
[00273772] 5 | _ 1 10 11 3 8 _ 0 2 9 6 _ 
[00273773] 4 | 5 1 10 11 3 8 _ 0 2 9 6 _ 
[00273774] 3 | 5 1 10 11 3 8 6 0 2 9 6 _ 
[00273775] 3 | 5 1 10 11 3 8 _ 0 2 9 6 3 
[00273776] 4 | _ 1 10 11 3 8 7 0 2 9 6 _ 
[00273777] 3 | 4 1 10 11 3 8 7 0 2 9 6 _ 
[00273778] 5 | _ 1 10 11 3 _ 8 0 2 9 6 _ 
[00273779] 4 | 5 1 10 11 3 _ 8 0 2 9 6 _ 
[00273780] 3 | 5 1 10 11 3 6 8 0 2 9 6 _ 
[00273781] 3 | 5 1 10 11 3 _ 8 0 2 9 6 3 
[00273782] 4 | _ 1 10 11 3 7 8 0 2 9 6 _ 
[00273783] 3 | 4 1 10 11 3 7 8 0 2 9 6 _ 
[00273784] 5 | _ 1 10 11 3 _ _ 0 2 9 6 1 
[00273785] 4 | _ 1 10 11 3 7 _ 0 2 9 6 1 
[00273786] 4 | _ 1 10 11 3 _ 7 0 2 9 6 1 
[00273787] 7 | _ 1 10 11 3 _ _ 0 9 2 _ _ 
[00273788] 6 | 7 1 10 11 3 _ _ 0 9 2 _ _ 
[00273789] 5 | 7 1 10 11 3 8 _ 0 9 2 _ _ 
[00273790] 4 | 7 1 10 11 3 8 _ 0 9 2 4 _ 
[00273791] 3 | 7 1 10 11 3 8 6 0 9 2 4 _ 
[00273792] 5 | 7 1 10 11 3 _ 8 0 9 2 _ _ 
[00273793] 4 | 7 1 10 11 3 _ 8 0 9 2 4 _ 
[00273794] 3 | 7 1 10 11 3 6 8 0 9 2 4 _ 
[00273795] 5 | 7 1 10 11 3 _ _ 0 9 2 5 _ 
[00273796] 6 | _ 1 10 11 3 _ _ 0 9 2 6 _ 
[00273797] 5 | 6 1 10 11 3 _ _ 0 9 2 6 _ 
[00273798] 4 | 6 1 10 11 3 7 _ 0 9 2 6 _ 
[00273799] 4 | 6 1 10 11 3 _ 7 0 9 2 6 _ 
[00273800] 5 | _ 1 10 11 3 8 _ 0 9 2 6 _ 
[00273801] 4 | 5 1 10 11 3 8 _ 0 9 2 6 _ 
[00273802] 3 | 5 1 10 11 3 8 6 0 9 2 6 _ 
[00273803] 3 | 5 1 10 11 3 8 _ 0 9 2 6 3 
[00273804] 4 | _ 1 10 11 3 8 7 0 9 2 6 _ 
[00273805] 3 | 4 1 10 11 3 8 7 0 9 2 6 _ 
[00273806] 5 | _ 1 10 11 3 _ 8 0 9 2 6 _ 
[00273807] 4 | 5 1 10 11 3 _ 8 0 9 2 6 _ 
[00273808] 3 | 5 1 10 11 3 6 8 0 9 2 6 _ 
[00273809] 3 | 5 1 10 11 3 _ 8 0 9 2 6 3 
[00273810] 4 | _ 1 10 11 3 7 8 0 9 2 6 _ 
[00273811] 3 | 4 1 10 11 3 7 8 0 9 2 6 _ 
[00273812] 5 | _ 1 10 11 3 _ _ 0 9 2 6 1 
[00273813] 4 | _ 1 10 11 3 7 _ 0 9 2 6 1 
[00273814] 4 | _ 1 10 11 3 _ 7 0 9 2 6 1 
[00273815] 7 | _ 1 10 11 3 _ _ 0 _ _ 7 _ 
[00273816] 6 | 7 1 10 11 3 _ _ 0 _ _ 7 _ 
[00273817] 5 | 7 1 10 11 3 8 _ 0 _ _ 7 _ 
[00273818] 4 | 7 1 10 11 3 8 _ 0 4 _ 7 _ 
[00273819] 3 | 7 1 10 11 3 8 6 0 4 _ 7 _ 
[00273820] 2 | 7 1 10 11 3 8 6 0 4 2 7 _ 
[00273821] 4 | 7 1 10 11 3 8 _ 0 2 6 7 _ 
[00273822] 4 | 7 1 10 11 3 8 _ 0 5 9 7 _ 
[00273823] 3 | 7 1 10 11 3 8 6 0 5 9 7 _ 
[00273824] 4 | 7 1 10 11 3 8 _ 0 6 2 7 _ 
[00273825] 4 | 7 1 10 11 3 8 _ 0 9 5 7 _ 
[00273826] 3 | 7 1 10 11 3 8 6 0 9 5 7 _ 
[00273827] 5 | 7 1 10 11 3 _ 8 0 _ _ 7 _ 
[00273828] 4 | 7 1 10 11 3 _ 8 0 4 _ 7 _ 
[00273829] 3 | 7 1 10 11 3 6 8 0 4 _ 7 _ 
[00273830] 2 | 7 1 10 11 3 6 8 0 4 2 7 _ 
[00273831] 4 | 7 1 10 11 3 _ 8 0 2 6 7 _ 
[00273832] 4 | 7 1 10 11 3 _ 8 0 5 9 7 _ 
[00273833] 3 | 7 1 10 11 3 6 8 0 5 9 7 _ 
[00273834] 4 | 7 1 10 11 3 _ 8 0 6 2 7 _ 
[00273835] 4 | 7 1 10 11 3 _ 8 0 9 5 7 _ 
[00273836] 3 | 7 1 10 11 3 6 8 0 9 5 7 _ 
[00273837] 5 | 7 1 10 11 3 _ _ 0 5 _ 7 _ 
[00273838] 4 | 7 1 10 11 3 _ _ 0 5 9 7 _ 
[00273839] 3 | 7 1 10 11 3 6 _ 0 5 9 7 _ 
[00273840] 3 | 7 1 10 11 3 _ 6 0 5 9 7 _ 
[00273841] 5 | 7 1 10 11 3 _ _ 0 4 9 7 _ 
[00273842] 5 | 7 1 10 11 3 _ _ 0 9 4 7 _ 
[00273843] 6 | _ 1 10 11 3 9 _ 0 _ _ 7 _ 
[00273844] 5 | 6 1 10 11 3 9 _ 0 _ _ 7 _ 
[00273845] 4 | 6 1 10 11 3 9 7 0 _ _ 7 _ 
[00273846] 3 | 6 1 10 11 3 9 7 0 2 5 7 _ 
[00273847] 3 | 6 1 10 11 3 9 7 0 5 8 7 _ 
[00273848] 3 | 6 1 10 11 3 9 7 0 5 2 7 _ 
[00273849] 3 | 6 1 10 11 3 9 7 0 8 5 7 _ 
[00273850] 4 | 6 1 10 11 3 9 _ 0 4 _ 7 _ 
[00273851] 3 | 6 1 10 11 3 9 _ 0 4 7 7 _ 
[00273852] 2 | 6 1 10 11 3 9 5 0 4 7 7 _ 
[00273853] 3 | 6 1 10 11 3 9 _ 0 4 _ 7 4 
[00273854] 2 | 6 1 10 11 3 9 5 0 4 _ 7 4 
[00273855] 4 | 6 1 10 11 3 9 _ 0 4 8 7 _ 
[00273856] 4 | 6 1 10 11 3 9 _ 0 8 4 7 _ 
[00273857] 4 | 6 1 10 11 3 9 _ 0 _ _ 7 3 
[00273858] 3 | 6 1 10 11 3 9 _ 0 2 5 7 3 
[00273859] 3 | 6 1 10 11 3 9 _ 0 5 8 7 3 
[00273860] 3 | 6 1 10 11 3 9 _ 0 5 2 7 3 
[00273861] 3 | 6 1 10 11 3 9 _ 0 8 5 7 3 
[00273862] 5 | _ 1 10 11 3 9 8 0 _ _ 7 _ 
[00273863] 4 | 5 1 10 11 3 9 8 0 _ _ 7 _ 
[00273864] 3 | 5 1 10 11 3 9 8 0 _ _ 7 4 
[00273865] 2 | 5 1 10 11 3 9 8 0 2 _ 7 4 
[00273866] 4 | _ 1 10 11 3 9 8 0 4 _ 7 _ 
[00273867] 3 | 4 1 10 11 3 9 8 0 4 _ 7 _ 
[00273868] 2 | 4 1 10 11 3 9 8 0 4 _ 7 5 
[00273869] 3 | _ 1 10 11 3 9 8 0 4 1 7 _ 
[00273870] 2 | _ 1 10 11 3 9 8 0 4 1 7 5 
[00273871] 3 | _ 1 10 11 3 9 8 0 4 7 7 _ 
[00273872] 3 | _ 1 10 11 3 9 8 0 4 _ 7 4 
[00273873] 4 | _ 1 10 11 3 9 8 0 2 6 7 _ 
[00273874] 3 | 4 1 10 11 3 9 8 0 2 6 7 _ 
[00273875] 2 | 4 1 10 11 3 9 8 0 2 6 7 5 
[00273876] 3 | _ 1 10 11 3 9 8 0 2 6 7 4 
[00273877] 4 | _ 1 10 11 3 9 8 0 6 2 7 _ 
[00273878] 3 | 4 1 10 11 3 9 8 0 6 2 7 _ 
[00273879] 2 | 4 1 10 11 3 9 8 0 6 2 7 5 
[00273880] 3 | _ 1 10 11 3 9 8 0 6 2 7 4 
[00273881] 5 | _ 1 10 11 3 9 _ 0 5 _ 7 _ 
[00273882] 4 | 5 1 10 11 3 9 _ 0 5 _ 7 _ 
[00273883] 3 | 5 1 10 11 3 9 6 0 5 _ 7 _ 
[00273884] 3 | 5 1 10 11 3 9 _ 0 5 _ 7 4 
[00273885] 4 | _ 1 10 11 3 9 7 0 5 _ 7 _ 
[00273886] 3 | 4 1 10 11 3 9 7 0 5 _ 7 _ 
[00273887] 3 | _ 1 10 11 3 9 7 0 5 2 7 _ 
[00273888] 3 | _ 1 10 11 3 9 7 0 5 8 7 _ 
[00273889] 4 | _ 1 10 11 3 9 _ 0 5 1 7 _ 
[00273890] 3 | _ 1 10 11 3 9 6 0 5 1 7 _ 
[00273891] 3 | _ 1 10 11 3 9 _ 0 5 1 7 4 
[00273892] 4 | _ 1 10 11 3 9 _ 0 5 _ 7 3 
[00273893] 3 | 4 1 10 11 3 9 _ 0 5 _ 7 3 
[00273894] 3 | _ 1 10 11 3 9 _ 0 5 2 7 3 
[00273895] 3 | _ 1 10 11 3 9 _ 0 5 8 7 3 
[00273896] 5 | _ 1 10 11 3 9 _ 0 _ _ 7 2 
[00273897] 4 | 5 1 10 11 3 9 _ 0 _ _ 7 2 
[00273898] 3 | 5 1 10 11 3 9 0 0 _ _ 7 2 
[00273899] 2 | 5 1 10 11 3 9 0 0 4 6 7 2 
[00273900] 2 | 5 1 10 11 3 9 0 0 6 8 7 2 
[00273901] 2 | 5 1 10 11 3 9 0 0 6 4 7 2 
[00273902] 2 | 5 1 10 11 3 9 0 0 8 6 7 2 
[00273903] 3 | 5 1 10 11 3 9 6 0 _ _ 7 2 
[00273904] 3 | 5 1 10 11 3 9 _ 0 3 _ 7 2 
[00273905] 4 | _ 1 10 11 3 9 _ 0 4 _ 7 2 
