[00141767] 5 | 1 7 _ 0 11 _ 3 10 9 4 1 _ 
[00141768] 4 | 1 7 11 0 11 _ 3 10 9 4 1 _ 
[00141769] 4 | 1 7 _ 0 11 7 3 10 9 4 1 _ 
[00141770] 6 | _ 7 1 0 11 _ 3 10 _ _ 1 _ 
[00141771] 5 | 2 7 1 0 11 _ 3 10 _ _ 1 _ 
[00141772] 4 | 2 7 1 0 11 _ 3 10 6 _ 1 _ 
[00141773] 3 | 2 7 1 0 11 8 3 10 6 _ 1 _ 
[00141774] 2 | 2 7 1 0 11 8 3 10 6 4 1 _ 
[00141775] 3 | 2 7 1 0 11 _ 3 10 6 9 1 _ 
[00141776] 4 | 2 7 1 0 11 _ 3 10 4 8 1 _ 
[00141777] 4 | 2 7 1 0 11 _ 3 10 5 9 1 _ 
[00141778] 3 | 2 7 1 0 11 8 3 10 5 9 1 _ 
[00141779] 4 | 2 7 1 0 11 _ 3 10 8 4 1 _ 
[00141780] 4 | 2 7 1 0 11 _ 3 10 9 5 1 _ 
[00141781] 3 | 2 7 1 0 11 8 3 10 9 5 1 _ 
[00141782] 5 | _ 7 1 0 11 6 3 10 _ _ 1 _ 
[00141783] 4 | _ 7 1 0 11 6 3 10 4 8 1 _ 
[00141784] 4 | _ 7 1 0 11 6 3 10 5 9 1 _ 
[00141785] 3 | 4 7 1 0 11 6 3 10 5 9 1 _ 
[00141786] 4 | _ 7 1 0 11 6 3 10 8 4 1 _ 
[00141787] 4 | _ 7 1 0 11 6 3 10 9 5 1 _ 
[00141788] 3 | 4 7 1 0 11 6 3 10 9 5 1 _ 
[00141789] 5 | _ 7 1 0 11 _ 3 10 5 _ 1 _ 
[00141790] 4 | 11 7 1 0 11 _ 3 10 5 _ 1 _ 
[00141791] 3 | 11 7 1 0 11 _ 3 10 5 2 1 _ 
[00141792] 3 | 11 7 1 0 11 _ 3 10 5 8 1 _ 
[00141793] 4 | _ 7 1 0 11 7 3 10 5 _ 1 _ 
[00141794] 3 | _ 7 1 0 11 7 3 10 5 2 1 _ 
[00141795] 3 | _ 7 1 0 11 7 3 10 5 8 1 _ 
[00141796] 4 | _ 7 1 0 11 _ 3 10 5 9 1 _ 
[00141797] 3 | 4 7 1 0 11 _ 3 10 5 9 1 _ 
[00141798] 3 | _ 7 1 0 11 8 3 10 5 9 1 _ 
[00141799] 5 | _ 7 1 0 11 _ 3 10 4 9 1 _ 
[00141800] 4 | 11 7 1 0 11 _ 3 10 4 9 1 _ 
[00141801] 4 | _ 7 1 0 11 7 3 10 4 9 1 _ 
[00141802] 5 | _ 7 1 0 11 _ 3 10 9 4 1 _ 
[00141803] 4 | 11 7 1 0 11 _ 3 10 9 4 1 _ 
[00141804] 4 | _ 7 1 0 11 7 3 10 9 4 1 _ 
[00141805] 6 | _ 7 _ 0 11 5 3 10 _ _ 1 _ 
[00141806] 5 | 2 7 _ 0 11 5 3 10 _ _ 1 _ 
[00141807] 4 | 2 7 _ 0 11 5 3 10 6 _ 1 _ 
[00141808] 3 | 2 7 4 0 11 5 3 10 6 _ 1 _ 
[00141809] 2 | 2 7 4 0 11 5 3 10 6 8 1 _ 
[00141810] 3 | 2 7 _ 0 11 5 3 10 6 9 1 _ 
[00141811] 3 | 2 7 _ 0 11 5 3 10 6 _ 1 4 
[00141812] 2 | 2 7 9 0 11 5 3 10 6 _ 1 4 
[00141813] 2 | 2 7 _ 0 11 5 3 10 6 8 1 4 
[00141814] 4 | 2 7 _ 0 11 5 3 10 4 8 1 _ 
[00141815] 4 | 2 7 _ 0 11 5 3 10 8 4 1 _ 
[00141816] 5 | _ 7 2 0 11 5 3 10 _ _ 1 _ 
[00141817] 4 | _ 7 2 0 11 5 3 10 6 _ 1 _ 
[00141818] 3 | 4 7 2 0 11 5 3 10 6 _ 1 _ 
[00141819] 2 | 4 7 2 0 11 5 3 10 6 8 1 _ 
[00141820] 3 | _ 7 2 0 11 5 3 10 6 9 1 _ 
[00141821] 3 | _ 7 2 0 11 5 3 10 6 _ 1 4 
[00141822] 2 | 9 7 2 0 11 5 3 10 6 _ 1 4 
[00141823] 2 | _ 7 2 0 11 5 3 10 6 8 1 4 
[00141824] 4 | _ 7 2 0 11 5 3 10 4 8 1 _ 
[00141825] 4 | _ 7 2 0 11 5 3 10 8 4 1 _ 
[00141826] 5 | _ 7 _ 0 11 5 3 10 4 9 1 _ 
[00141827] 5 | _ 7 _ 0 11 5 3 10 9 4 1 _ 
[00141828] 5 | _ 7 _ 0 11 5 3 10 _ _ 1 6 
[00141829] 4 | _ 7 _ 0 11 5 3 10 4 8 1 6 
[00141830] 4 | _ 7 _ 0 11 5 3 10 8 4 1 6 
[00141831] 6 | _ 7 _ 0 11 _ 3 10 4 _ 1 _ 
[00141832] 5 | 2 7 _ 0 11 _ 3 10 4 _ 1 _ 
[00141833] 4 | 2 7 11 0 11 _ 3 10 4 _ 1 _ 
[00141834] 3 | 2 7 11 0 11 _ 3 10 4 1 1 _ 
[00141835] 3 | 2 7 11 0 11 _ 3 10 4 _ 1 4 
[00141836] 4 | 2 7 _ 0 11 7 3 10 4 _ 1 _ 
[00141837] 3 | 2 7 _ 0 11 7 3 10 4 1 1 _ 
[00141838] 3 | 2 7 _ 0 11 7 3 10 4 _ 1 4 
[00141839] 4 | 2 7 _ 0 11 _ 3 10 4 8 1 _ 
[00141840] 4 | 2 7 _ 0 11 _ 3 10 4 _ 1 5 
[00141841] 3 | 2 7 4 0 11 _ 3 10 4 _ 1 5 
[00141842] 2 | 2 7 4 0 11 9 3 10 4 _ 1 5 
[00141843] 3 | 2 7 _ 0 11 8 3 10 4 _ 1 5 
[00141844] 2 | 2 7 9 0 11 8 3 10 4 _ 1 5 
[00141845] 2 | 2 7 _ 0 11 8 3 10 4 6 1 5 
[00141846] 3 | 2 7 _ 0 11 _ 3 10 4 7 1 5 
[00141847] 2 | 2 7 _ 0 11 9 3 10 4 7 1 5 
[00141848] 5 | _ 7 2 0 11 _ 3 10 4 _ 1 _ 
[00141849] 4 | 11 7 2 0 11 _ 3 10 4 _ 1 _ 
[00141850] 3 | 11 7 2 0 11 _ 3 10 4 1 1 _ 
[00141851] 3 | 11 7 2 0 11 _ 3 10 4 _ 1 4 
[00141852] 4 | _ 7 2 0 11 7 3 10 4 _ 1 _ 
[00141853] 3 | _ 7 2 0 11 7 3 10 4 1 1 _ 
[00141854] 3 | _ 7 2 0 11 7 3 10 4 _ 1 4 
[00141855] 4 | _ 7 2 0 11 _ 3 10 4 8 1 _ 
[00141856] 4 | _ 7 2 0 11 _ 3 10 4 _ 1 5 
[00141857] 3 | 4 7 2 0 11 _ 3 10 4 _ 1 5 
[00141858] 2 | 4 7 2 0 11 9 3 10 4 _ 1 5 
[00141859] 3 | _ 7 2 0 11 8 3 10 4 _ 1 5 
[00141860] 2 | 9 7 2 0 11 8 3 10 4 _ 1 5 
[00141861] 2 | _ 7 2 0 11 8 3 10 4 6 1 5 
[00141862] 3 | _ 7 2 0 11 _ 3 10 4 7 1 5 
[00141863] 2 | _ 7 2 0 11 9 3 10 4 7 1 5 
[00141864] 5 | _ 7 _ 0 11 6 3 10 4 _ 1 _ 
[00141865] 4 | _ 7 _ 0 11 6 3 10 4 8 1 _ 
[00141866] 4 | _ 7 _ 0 11 6 3 10 4 _ 1 5 
[00141867] 3 | 4 7 _ 0 11 6 3 10 4 _ 1 5 
[00141868] 2 | 4 7 9 0 11 6 3 10 4 _ 1 5 
[00141869] 3 | _ 7 4 0 11 6 3 10 4 _ 1 5 
[00141870] 2 | 9 7 4 0 11 6 3 10 4 _ 1 5 
[00141871] 3 | _ 7 _ 0 11 6 3 10 4 7 1 5 
[00141872] 5 | _ 7 _ 0 11 _ 3 10 4 9 1 _ 
[00141873] 4 | 11 7 _ 0 11 _ 3 10 4 9 1 _ 
[00141874] 4 | _ 7 11 0 11 _ 3 10 4 9 1 _ 
[00141875] 4 | _ 7 _ 0 11 7 3 10 4 9 1 _ 
[00141876] 4 | _ 7 _ 0 11 _ 3 10 4 9 1 5 
[00141877] 3 | _ 7 _ 0 11 8 3 10 4 9 1 5 
[00141878] 5 | _ 7 _ 0 11 _ 3 10 4 _ 1 6 
[00141879] 4 | 11 7 _ 0 11 _ 3 10 4 _ 1 6 
[00141880] 3 | 11 7 4 0 11 _ 3 10 4 _ 1 6 
[00141881] 3 | 11 7 _ 0 11 _ 3 10 4 7 1 6 
[00141882] 4 | _ 7 11 0 11 _ 3 10 4 _ 1 6 
[00141883] 3 | 4 7 11 0 11 _ 3 10 4 _ 1 6 
[00141884] 3 | _ 7 11 0 11 _ 3 10 4 7 1 6 
[00141885] 4 | _ 7 _ 0 11 7 3 10 4 _ 1 6 
[00141886] 4 | _ 7 _ 0 11 _ 3 10 4 8 1 6 
[00141887] 6 | _ 7 _ 0 11 _ 3 10 2 8 1 _ 
[00141888] 5 | _ 7 _ 0 11 6 3 10 2 8 1 _ 
[00141889] 4 | _ 7 _ 0 11 6 3 10 2 8 1 5 
[00141890] 3 | 4 7 _ 0 11 6 3 10 2 8 1 5 
[00141891] 2 | 4 7 9 0 11 6 3 10 2 8 1 5 
[00141892] 3 | _ 7 4 0 11 6 3 10 2 8 1 5 
[00141893] 2 | 9 7 4 0 11 6 3 10 2 8 1 5 
[00141894] 5 | _ 7 _ 0 11 _ 3 10 2 8 1 6 
[00141895] 4 | 11 7 _ 0 11 _ 3 10 2 8 1 6 
[00141896] 3 | 11 7 4 0 11 _ 3 10 2 8 1 6 
[00141897] 4 | _ 7 11 0 11 _ 3 10 2 8 1 6 
[00141898] 3 | 4 7 11 0 11 _ 3 10 2 8 1 6 
[00141899] 4 | _ 7 _ 0 11 7 3 10 2 8 1 6 
[00141900] 6 | _ 7 _ 0 11 _ 3 10 8 2 1 _ 
[00141901] 5 | _ 7 _ 0 11 6 3 10 8 2 1 _ 
[00141902] 4 | _ 7 _ 0 11 6 3 10 8 2 1 5 
[00141903] 3 | 4 7 _ 0 11 6 3 10 8 2 1 5 
[00141904] 2 | 4 7 9 0 11 6 3 10 8 2 1 5 
[00141905] 3 | _ 7 4 0 11 6 3 10 8 2 1 5 
[00141906] 2 | 9 7 4 0 11 6 3 10 8 2 1 5 
[00141907] 5 | _ 7 _ 0 11 _ 3 10 8 2 1 6 
[00141908] 4 | 11 7 _ 0 11 _ 3 10 8 2 1 6 
[00141909] 3 | 11 7 4 0 11 _ 3 10 8 2 1 6 
[00141910] 4 | _ 7 11 0 11 _ 3 10 8 2 1 6 
[00141911] 3 | 4 7 11 0 11 _ 3 10 8 2 1 6 
[00141912] 4 | _ 7 _ 0 11 7 3 10 8 2 1 6 
[00141913] 6 | _ 7 _ 0 11 _ 3 10 _ _ 1 7 
[00141914] 5 | _ 7 _ 0 11 6 3 10 _ _ 1 7 
[00141915] 4 | _ 7 _ 0 11 6 3 10 4 8 1 7 
[00141916] 4 | _ 7 _ 0 11 6 3 10 5 9 1 7 
[00141917] 4 | _ 7 _ 0 11 6 3 10 8 4 1 7 
[00141918] 4 | _ 7 _ 0 11 6 3 10 9 5 1 7 
[00141919] 5 | _ 7 _ 0 11 _ 3 10 5 _ 1 7 
[00141920] 4 | _ 7 _ 0 11 _ 3 10 5 9 1 7 
[00141921] 3 | _ 7 _ 0 11 8 3 10 5 9 1 7 
[00141922] 5 | _ 7 _ 0 11 _ 3 10 4 9 1 7 
[00141923] 5 | _ 7 _ 0 11 _ 3 10 9 4 1 7 
[00141924] 7 | _ _ _ 0 11 4 3 10 _ _ 1 _ 
[00141925] 6 | 2 8 _ 0 11 4 3 10 _ _ 1 _ 
[00141926] 6 | 8 2 _ 0 11 4 3 10 _ _ 1 _ 
[00141927] 5 | 8 2 7 0 11 4 3 10 _ _ 1 _ 
[00141928] 4 | 8 2 7 0 11 4 3 10 6 _ 1 _ 
[00141929] 3 | 8 2 7 0 11 4 3 10 6 9 1 _ 
[00141930] 4 | 8 2 7 0 11 4 3 10 5 9 1 _ 
[00141931] 4 | 8 2 7 0 11 4 3 10 9 5 1 _ 
[00141932] 4 | 8 2 7 0 11 4 3 10 _ _ 1 5 
[00141933] 3 | 8 2 7 0 11 4 3 10 6 9 1 5 
[00141934] 3 | 8 2 7 0 11 4 3 10 9 6 1 5 
[00141935] 5 | 8 2 _ 0 11 4 3 10 5 _ 1 _ 
[00141936] 4 | 8 2 6 0 11 4 3 10 5 _ 1 _ 
[00141937] 4 | 8 2 _ 0 11 4 3 10 5 1 1 _ 
[00141938] 4 | 8 2 _ 0 11 4 3 10 5 9 1 _ 
[00141939] 4 | 8 2 _ 0 11 4 3 10 5 _ 1 5 
[00141940] 5 | 8 2 _ 0 11 4 3 10 _ _ 1 6 
[00141941] 4 | 8 2 _ 0 11 4 3 10 5 9 1 6 
[00141942] 4 | 8 2 _ 0 11 4 3 10 9 5 1 6 
[00141943] 6 | _ 2 8 0 11 4 3 10 _ _ 1 _ 
[00141944] 5 | 7 2 8 0 11 4 3 10 _ _ 1 _ 
[00141945] 4 | 7 2 8 0 11 4 3 10 6 _ 1 _ 
[00141946] 3 | 7 2 8 0 11 4 3 10 6 9 1 _ 
[00141947] 4 | 7 2 8 0 11 4 3 10 5 9 1 _ 
[00141948] 4 | 7 2 8 0 11 4 3 10 9 5 1 _ 
[00141949] 4 | 7 2 8 0 11 4 3 10 _ _ 1 5 
[00141950] 3 | 7 2 8 0 11 4 3 10 6 9 1 5 
[00141951] 3 | 7 2 8 0 11 4 3 10 9 6 1 5 
[00141952] 5 | _ 2 8 0 11 4 3 10 5 _ 1 _ 
[00141953] 4 | 6 2 8 0 11 4 3 10 5 _ 1 _ 
[00141954] 4 | _ 2 8 0 11 4 3 10 5 1 1 _ 
[00141955] 4 | _ 2 8 0 11 4 3 10 5 9 1 _ 
[00141956] 4 | _ 2 8 0 11 4 3 10 5 _ 1 5 
[00141957] 5 | _ 2 8 0 11 4 3 10 _ _ 1 6 
[00141958] 4 | _ 2 8 0 11 4 3 10 5 9 1 6 
[00141959] 4 | _ 2 8 0 11 4 3 10 9 5 1 6 
[00141960] 6 | _ 8 2 0 11 4 3 10 _ _ 1 _ 
[00141961] 6 | _ 6 _ 0 11 4 3 10 _ _ 1 _ 
[00141962] 5 | 1 6 _ 0 11 4 3 10 _ _ 1 _ 
[00141963] 4 | 1 6 2 0 11 4 3 10 _ _ 1 _ 
[00141964] 3 | 1 6 2 0 11 4 3 10 7 _ 1 _ 
[00141965] 2 | 1 6 2 0 11 4 3 10 7 5 1 _ 
[00141966] 2 | 1 6 2 0 11 4 3 10 7 9 1 _ 
[00141967] 3 | 1 6 2 0 11 4 3 10 5 8 1 _ 
[00141968] 3 | 1 6 2 0 11 4 3 10 8 5 1 _ 
[00141969] 4 | 1 6 10 0 11 4 3 10 _ _ 1 _ 
[00141970] 3 | 1 6 10 0 11 4 3 10 2 5 1 _ 
[00141971] 3 | 1 6 10 0 11 4 3 10 5 8 1 _ 
[00141972] 3 | 1 6 10 0 11 4 3 10 5 2 1 _ 
[00141973] 3 | 1 6 10 0 11 4 3 10 8 5 1 _ 
[00141974] 4 | 1 6 _ 0 11 4 3 10 6 _ 1 _ 
[00141975] 3 | 1 6 9 0 11 4 3 10 6 _ 1 _ 
[00141976] 3 | 1 6 _ 0 11 4 3 10 6 9 1 _ 
[00141977] 4 | 1 6 _ 0 11 4 3 10 5 9 1 _ 
[00141978] 4 | 1 6 _ 0 11 4 3 10 9 5 1 _ 
[00141979] 5 | _ 6 1 0 11 4 3 10 _ _ 1 _ 
[00141980] 4 | 2 6 1 0 11 4 3 10 _ _ 1 _ 
[00141981] 3 | 2 6 1 0 11 4 3 10 7 _ 1 _ 
[00141982] 2 | 2 6 1 0 11 4 3 10 7 5 1 _ 
[00141983] 2 | 2 6 1 0 11 4 3 10 7 9 1 _ 
[00141984] 3 | 2 6 1 0 11 4 3 10 5 8 1 _ 
[00141985] 3 | 2 6 1 0 11 4 3 10 8 5 1 _ 
[00141986] 4 | 10 6 1 0 11 4 3 10 _ _ 1 _ 
[00141987] 3 | 10 6 1 0 11 4 3 10 2 5 1 _ 
[00141988] 3 | 10 6 1 0 11 4 3 10 5 8 1 _ 
[00141989] 3 | 10 6 1 0 11 4 3 10 5 2 1 _ 
[00141990] 3 | 10 6 1 0 11 4 3 10 8 5 1 _ 
[00141991] 4 | _ 6 1 0 11 4 3 10 6 _ 1 _ 
[00141992] 3 | 9 6 1 0 11 4 3 10 6 _ 1 _ 
[00141993] 3 | _ 6 1 0 11 4 3 10 6 9 1 _ 
[00141994] 4 | _ 6 1 0 11 4 3 10 5 9 1 _ 
[00141995] 4 | _ 6 1 0 11 4 3 10 9 5 1 _ 
[00141996] 5 | _ 6 _ 0 11 4 3 10 5 _ 1 _ 
[00141997] 4 | 2 6 _ 0 11 4 3 10 5 _ 1 _ 
[00141998] 3 | 2 6 9 0 11 4 3 10 5 _ 1 _ 
[00141999] 2 | 2 6 9 0 11 4 3 10 5 7 1 _ 
[00142000] 3 | 2 6 _ 0 11 4 3 10 5 8 1 _ 
[00142001] 4 | _ 6 2 0 11 4 3 10 5 _ 1 _ 
[00142002] 3 | 9 6 2 0 11 4 3 10 5 _ 1 _ 
[00142003] 2 | 9 6 2 0 11 4 3 10 5 7 1 _ 
[00142004] 3 | _ 6 2 0 11 4 3 10 5 8 1 _ 
[00142005] 4 | _ 6 _ 0 11 4 3 10 5 1 1 _ 
[00142006] 3 | 9 6 _ 0 11 4 3 10 5 1 1 _ 
[00142007] 2 | 9 6 8 0 11 4 3 10 5 1 1 _ 
[00142008] 3 | _ 6 9 0 11 4 3 10 5 1 1 _ 
[00142009] 2 | 8 6 9 0 11 4 3 10 5 1 1 _ 
[00142010] 4 | _ 6 _ 0 11 4 3 10 5 9 1 _ 
[00142011] 4 | _ 6 _ 0 11 4 3 10 5 _ 1 5 
[00142012] 3 | 9 6 _ 0 11 4 3 10 5 _ 1 5 
[00142013] 2 | 9 6 8 0 11 4 3 10 5 _ 1 5 
[00142014] 3 | _ 6 9 0 11 4 3 10 5 _ 1 5 
[00142015] 2 | 8 6 9 0 11 4 3 10 5 _ 1 5 
[00142016] 5 | _ 6 _ 0 11 4 3 10 2 7 1 _ 
[00142017] 4 | _ 6 _ 0 11 4 3 10 2 7 1 5 
[00142018] 3 | 9 6 _ 0 11 4 3 10 2 7 1 5 
[00142019] 2 | 9 6 8 0 11 4 3 10 2 7 1 5 
[00142020] 3 | _ 6 9 0 11 4 3 10 2 7 1 5 
[00142021] 2 | 8 6 9 0 11 4 3 10 2 7 1 5 
[00142022] 5 | _ 6 _ 0 11 4 3 10 7 2 1 _ 
[00142023] 4 | _ 6 _ 0 11 4 3 10 7 2 1 5 
[00142024] 3 | 9 6 _ 0 11 4 3 10 7 2 1 5 
[00142025] 2 | 9 6 8 0 11 4 3 10 7 2 1 5 
[00142026] 3 | _ 6 9 0 11 4 3 10 7 2 1 5 
[00142027] 2 | 8 6 9 0 11 4 3 10 7 2 1 5 
[00142028] 5 | _ 6 _ 0 11 4 3 10 _ _ 1 6 
[00142029] 4 | _ 6 _ 0 11 4 3 10 5 9 1 6 
[00142030] 4 | _ 6 _ 0 11 4 3 10 9 5 1 6 
[00142031] 6 | _ _ _ 0 11 4 3 10 2 8 1 _ 
[00142032] 5 | _ 5 _ 0 11 4 3 10 2 8 1 _ 
[00142033] 4 | 1 5 _ 0 11 4 3 10 2 8 1 _ 
[00142034] 4 | 9 5 _ 0 11 4 3 10 2 8 1 _ 
[00142035] 4 | _ 5 1 0 11 4 3 10 2 8 1 _ 
[00142036] 4 | _ 5 9 0 11 4 3 10 2 8 1 _ 
[00142037] 4 | _ 5 _ 0 11 4 3 10 2 8 1 5 
[00142038] 5 | _ _ _ 0 11 4 3 10 2 8 1 6 
[00142039] 4 | 5 9 _ 0 11 4 3 10 2 8 1 6 
[00142040] 4 | 9 5 _ 0 11 4 3 10 2 8 1 6 
[00142041] 4 | _ 5 9 0 11 4 3 10 2 8 1 6 
[00142042] 4 | _ 9 5 0 11 4 3 10 2 8 1 6 
[00142043] 6 | _ _ _ 0 11 4 3 10 8 2 1 _ 
[00142044] 5 | _ 5 _ 0 11 4 3 10 8 2 1 _ 
[00142045] 4 | 1 5 _ 0 11 4 3 10 8 2 1 _ 
[00142046] 4 | 9 5 _ 0 11 4 3 10 8 2 1 _ 
[00142047] 4 | _ 5 1 0 11 4 3 10 8 2 1 _ 
[00142048] 4 | _ 5 9 0 11 4 3 10 8 2 1 _ 
[00142049] 4 | _ 5 _ 0 11 4 3 10 8 2 1 5 
[00142050] 5 | _ _ _ 0 11 4 3 10 8 2 1 6 
[00142051] 4 | 5 9 _ 0 11 4 3 10 8 2 1 6 
[00142052] 4 | 9 5 _ 0 11 4 3 10 8 2 1 6 
[00142053] 4 | _ 5 9 0 11 4 3 10 8 2 1 6 
[00142054] 4 | _ 9 5 0 11 4 3 10 8 2 1 6 
[00142055] 6 | _ _ _ 0 11 4 3 10 _ _ 1 7 
[00142056] 5 | _ 5 _ 0 11 4 3 10 _ _ 1 7 
[00142057] 4 | 9 5 _ 0 11 4 3 10 _ _ 1 7 
[00142058] 3 | 9 5 2 0 11 4 3 10 _ _ 1 7 
[00142059] 2 | 9 5 2 0 11 4 3 10 8 _ 1 7 
[00142060] 2 | 9 5 2 0 11 4 3 10 6 8 1 7 
[00142061] 2 | 9 5 2 0 11 4 3 10 8 6 1 7 
[00142062] 3 | 9 5 8 0 11 4 3 10 _ _ 1 7 
[00142063] 4 | _ 5 9 0 11 4 3 10 _ _ 1 7 
[00142064] 3 | 2 5 9 0 11 4 3 10 _ _ 1 7 
[00142065] 2 | 2 5 9 0 11 4 3 10 8 _ 1 7 
[00142066] 2 | 2 5 9 0 11 4 3 10 6 8 1 7 
[00142067] 2 | 2 5 9 0 11 4 3 10 8 6 1 7 
[00142068] 3 | 8 5 9 0 11 4 3 10 _ _ 1 7 
[00142069] 4 | _ 5 _ 0 11 4 3 10 6 _ 1 7 
[00142070] 3 | 2 5 _ 0 11 4 3 10 6 _ 1 7 
[00142071] 2 | 2 5 _ 0 11 4 3 10 6 8 1 7 
[00142072] 3 | 8 5 _ 0 11 4 3 10 6 _ 1 7 
[00142073] 3 | _ 5 2 0 11 4 3 10 6 _ 1 7 
[00142074] 2 | _ 5 2 0 11 4 3 10 6 8 1 7 
[00142075] 3 | _ 5 8 0 11 4 3 10 6 _ 1 7 
[00142076] 3 | _ 5 _ 0 11 4 3 10 6 9 1 7 
[00142077] 4 | _ 5 _ 0 11 4 3 10 2 6 1 7 
[00142078] 3 | 8 5 _ 0 11 4 3 10 2 6 1 7 
[00142079] 3 | _ 5 8 0 11 4 3 10 2 6 1 7 
[00142080] 4 | _ 5 _ 0 11 4 3 10 6 2 1 7 
[00142081] 3 | 8 5 _ 0 11 4 3 10 6 2 1 7 
[00142082] 3 | _ 5 8 0 11 4 3 10 6 2 1 7 
[00142083] 5 | _ _ _ 0 11 4 3 10 5 _ 1 7 
[00142084] 4 | 2 6 _ 0 11 4 3 10 5 _ 1 7 
[00142085] 4 | 6 2 _ 0 11 4 3 10 5 _ 1 7 
[00142086] 3 | 6 2 5 0 11 4 3 10 5 _ 1 7 
[00142087] 3 | 6 2 _ 0 11 4 3 10 5 2 1 7 
[00142088] 3 | 6 2 _ 0 11 4 3 10 5 8 1 7 
[00142089] 4 | _ 2 6 0 11 4 3 10 5 _ 1 7 
[00142090] 3 | 5 2 6 0 11 4 3 10 5 _ 1 7 
[00142091] 3 | _ 2 6 0 11 4 3 10 5 2 1 7 
[00142092] 3 | _ 2 6 0 11 4 3 10 5 8 1 7 
[00142093] 4 | _ 6 2 0 11 4 3 10 5 _ 1 7 
[00142094] 4 | _ _ _ 0 11 4 3 10 5 9 1 7 
[00142095] 7 | _ _ _ 0 11 _ 3 10 2 9 1 _ 
[00142096] 6 | _ 6 _ 0 11 _ 3 10 2 9 1 _ 
[00142097] 5 | 1 6 _ 0 11 _ 3 10 2 9 1 _ 
[00142098] 4 | 1 6 _ 0 11 7 3 10 2 9 1 _ 
[00142099] 5 | 11 6 _ 0 11 _ 3 10 2 9 1 _ 
[00142100] 4 | 11 6 _ 0 11 _ 3 10 2 9 1 5 
[00142101] 5 | _ 6 1 0 11 _ 3 10 2 9 1 _ 
[00142102] 4 | _ 6 1 0 11 7 3 10 2 9 1 _ 
[00142103] 5 | _ 6 11 0 11 _ 3 10 2 9 1 _ 
[00142104] 4 | _ 6 11 0 11 _ 3 10 2 9 1 5 
[00142105] 5 | _ 6 _ 0 11 6 3 10 2 9 1 _ 
[00142106] 4 | _ 6 _ 0 11 6 3 10 2 9 1 5 
[00142107] 5 | _ 6 _ 0 11 _ 3 10 2 9 1 6 
[00142108] 4 | _ 6 _ 0 11 7 3 10 2 9 1 6 
[00142109] 6 | _ _ _ 0 11 5 3 10 2 9 1 _ 
[00142110] 5 | _ _ _ 0 11 5 3 10 2 9 1 6 
[00142111] 4 | 4 8 _ 0 11 5 3 10 2 9 1 6 
[00142112] 4 | 8 4 _ 0 11 5 3 10 2 9 1 6 
[00142113] 4 | _ 4 8 0 11 5 3 10 2 9 1 6 
[00142114] 4 | _ 8 4 0 11 5 3 10 2 9 1 6 
[00142115] 4 | _ 4 _ 0 11 5 3 10 2 9 1 6 
[00142116] 3 | 7 4 _ 0 11 5 3 10 2 9 1 6 
[00142117] 3 | _ 4 7 0 11 5 3 10 2 9 1 6 
[00142118] 6 | _ _ _ 0 11 _ 3 10 2 9 1 7 
[00142119] 5 | _ 5 _ 0 11 _ 3 10 2 9 1 7 
[00142120] 5 | _ _ _ 0 11 6 3 10 2 9 1 7 
[00142121] 4 | 4 8 _ 0 11 6 3 10 2 9 1 7 
[00142122] 4 | 8 4 _ 0 11 6 3 10 2 9 1 7 
[00142123] 4 | _ 4 8 0 11 6 3 10 2 9 1 7 
[00142124] 4 | _ 8 4 0 11 6 3 10 2 9 1 7 
[00142125] 4 | _ 4 _ 0 11 6 3 10 2 9 1 7 
[00142126] 7 | _ _ _ 0 11 _ 3 10 9 2 1 _ 
[00142127] 6 | _ 6 _ 0 11 _ 3 10 9 2 1 _ 
[00142128] 5 | 1 6 _ 0 11 _ 3 10 9 2 1 _ 
[00142129] 4 | 1 6 _ 0 11 7 3 10 9 2 1 _ 
[00142130] 5 | 11 6 _ 0 11 _ 3 10 9 2 1 _ 
[00142131] 4 | 11 6 _ 0 11 _ 3 10 9 2 1 5 
[00142132] 5 | _ 6 1 0 11 _ 3 10 9 2 1 _ 
[00142133] 4 | _ 6 1 0 11 7 3 10 9 2 1 _ 
[00142134] 5 | _ 6 11 0 11 _ 3 10 9 2 1 _ 
[00142135] 4 | _ 6 11 0 11 _ 3 10 9 2 1 5 
[00142136] 5 | _ 6 _ 0 11 6 3 10 9 2 1 _ 
[00142137] 4 | _ 6 _ 0 11 6 3 10 9 2 1 5 
[00142138] 5 | _ 6 _ 0 11 _ 3 10 9 2 1 6 
[00142139] 4 | _ 6 _ 0 11 7 3 10 9 2 1 6 
[00142140] 6 | _ _ _ 0 11 5 3 10 9 2 1 _ 
[00142141] 5 | _ _ _ 0 11 5 3 10 9 2 1 6 
[00142142] 4 | 4 8 _ 0 11 5 3 10 9 2 1 6 
[00142143] 4 | 8 4 _ 0 11 5 3 10 9 2 1 6 
[00142144] 4 | _ 4 8 0 11 5 3 10 9 2 1 6 
[00142145] 4 | _ 8 4 0 11 5 3 10 9 2 1 6 
[00142146] 4 | _ 4 _ 0 11 5 3 10 9 2 1 6 
[00142147] 3 | 7 4 _ 0 11 5 3 10 9 2 1 6 
[00142148] 3 | _ 4 7 0 11 5 3 10 9 2 1 6 
[00142149] 6 | _ _ _ 0 11 _ 3 10 9 2 1 7 
[00142150] 5 | _ 5 _ 0 11 _ 3 10 9 2 1 7 
[00142151] 5 | _ _ _ 0 11 6 3 10 9 2 1 7 
[00142152] 4 | 4 8 _ 0 11 6 3 10 9 2 1 7 
[00142153] 4 | 8 4 _ 0 11 6 3 10 9 2 1 7 
[00142154] 4 | _ 4 8 0 11 6 3 10 9 2 1 7 
[00142155] 4 | _ 8 4 0 11 6 3 10 9 2 1 7 
[00142156] 4 | _ 4 _ 0 11 6 3 10 9 2 1 7 
[00142157] 7 | _ _ _ 0 11 _ 3 10 _ _ 1 8 
[00142158] 6 | _ 6 _ 0 11 _ 3 10 _ _ 1 8 
[00142159] 5 | 11 6 _ 0 11 _ 3 10 _ _ 1 8 
[00142160] 4 | 11 6 2 0 11 _ 3 10 _ _ 1 8 
[00142161] 3 | 11 6 2 0 11 _ 3 10 7 _ 1 8 
[00142162] 2 | 11 6 2 0 11 _ 3 10 7 5 1 8 
[00142163] 2 | 11 6 2 0 11 _ 3 10 7 9 1 8 
[00142164] 3 | 11 6 2 0 11 _ 3 10 4 7 1 8 
[00142165] 3 | 11 6 2 0 11 _ 3 10 7 4 1 8 
[00142166] 4 | 11 6 10 0 11 _ 3 10 _ _ 1 8 
[00142167] 3 | 11 6 10 0 11 _ 3 10 2 5 1 8 
[00142168] 3 | 11 6 10 0 11 _ 3 10 4 7 1 8 
[00142169] 3 | 11 6 10 0 11 _ 3 10 5 2 1 8 
[00142170] 3 | 11 6 10 0 11 _ 3 10 7 4 1 8 
[00142171] 4 | 11 6 _ 0 11 _ 3 10 6 _ 1 8 
[00142172] 3 | 11 6 9 0 11 _ 3 10 6 _ 1 8 
[00142173] 3 | 11 6 _ 0 11 _ 3 10 6 9 1 8 
[00142174] 4 | 11 6 _ 0 11 _ 3 10 5 9 1 8 
[00142175] 4 | 11 6 _ 0 11 _ 3 10 9 5 1 8 
[00142176] 5 | _ 6 11 0 11 _ 3 10 _ _ 1 8 
[00142177] 4 | 2 6 11 0 11 _ 3 10 _ _ 1 8 
[00142178] 3 | 2 6 11 0 11 _ 3 10 7 _ 1 8 
[00142179] 2 | 2 6 11 0 11 _ 3 10 7 5 1 8 
[00142180] 2 | 2 6 11 0 11 _ 3 10 7 9 1 8 
[00142181] 3 | 2 6 11 0 11 _ 3 10 4 7 1 8 
[00142182] 3 | 2 6 11 0 11 _ 3 10 7 4 1 8 
[00142183] 4 | 10 6 11 0 11 _ 3 10 _ _ 1 8 
[00142184] 3 | 10 6 11 0 11 _ 3 10 2 5 1 8 
[00142185] 3 | 10 6 11 0 11 _ 3 10 4 7 1 8 
[00142186] 3 | 10 6 11 0 11 _ 3 10 5 2 1 8 
[00142187] 3 | 10 6 11 0 11 _ 3 10 7 4 1 8 
[00142188] 4 | _ 6 11 0 11 _ 3 10 6 _ 1 8 
[00142189] 3 | 9 6 11 0 11 _ 3 10 6 _ 1 8 
[00142190] 3 | _ 6 11 0 11 _ 3 10 6 9 1 8 
[00142191] 4 | _ 6 11 0 11 _ 3 10 5 9 1 8 
[00142192] 4 | _ 6 11 0 11 _ 3 10 9 5 1 8 
[00142193] 5 | _ 6 _ 0 11 6 3 10 _ _ 1 8 
[00142194] 4 | _ 6 _ 0 11 6 3 10 5 9 1 8 
[00142195] 4 | _ 6 _ 0 11 6 3 10 9 5 1 8 
[00142196] 5 | _ 6 _ 0 11 _ 3 10 5 _ 1 8 
[00142197] 4 | 2 6 _ 0 11 _ 3 10 5 _ 1 8 
[00142198] 3 | 2 6 9 0 11 _ 3 10 5 _ 1 8 
[00142199] 2 | 2 6 9 0 11 _ 3 10 5 7 1 8 
[00142200] 4 | _ 6 2 0 11 _ 3 10 5 _ 1 8 
[00142201] 3 | 9 6 2 0 11 _ 3 10 5 _ 1 8 
[00142202] 2 | 9 6 2 0 11 _ 3 10 5 7 1 8 
[00142203] 4 | _ 6 _ 0 11 7 3 10 5 _ 1 8 
[00142204] 3 | 9 6 _ 0 11 7 3 10 5 _ 1 8 
[00142205] 2 | 9 6 4 0 11 7 3 10 5 _ 1 8 
[00142206] 3 | _ 6 9 0 11 7 3 10 5 _ 1 8 
[00142207] 2 | 4 6 9 0 11 7 3 10 5 _ 1 8 
[00142208] 3 | _ 6 _ 0 11 7 3 10 5 2 1 8 
[00142209] 2 | 4 6 _ 0 11 7 3 10 5 2 1 8 
[00142210] 2 | _ 6 4 0 11 7 3 10 5 2 1 8 
[00142211] 4 | _ 6 _ 0 11 _ 3 10 5 9 1 8 
[00142212] 5 | _ 6 _ 0 11 _ 3 10 2 7 1 8 
[00142213] 5 | _ 6 _ 0 11 _ 3 10 4 9 1 8 
[00142214] 4 | 2 6 _ 0 11 _ 3 10 4 9 1 8 
[00142215] 4 | _ 6 2 0 11 _ 3 10 4 9 1 8 
[00142216] 4 | _ 6 _ 0 11 7 3 10 4 9 1 8 
[00142217] 5 | _ 6 _ 0 11 _ 3 10 7 2 1 8 
[00142218] 5 | _ 6 _ 0 11 _ 3 10 9 4 1 8 
[00142219] 4 | 2 6 _ 0 11 _ 3 10 9 4 1 8 
[00142220] 4 | _ 6 2 0 11 _ 3 10 9 4 1 8 
[00142221] 4 | _ 6 _ 0 11 7 3 10 9 4 1 8 
[00142222] 6 | _ _ _ 0 11 5 3 10 _ _ 1 8 
[00142223] 5 | 2 7 _ 0 11 5 3 10 _ _ 1 8 
[00142224] 5 | 4 9 _ 0 11 5 3 10 _ _ 1 8 
[00142225] 5 | 7 2 _ 0 11 5 3 10 _ _ 1 8 
[00142226] 4 | 7 2 6 0 11 5 3 10 _ _ 1 8 
[00142227] 4 | 7 2 _ 0 11 5 3 10 6 _ 1 8 
[00142228] 3 | 7 2 _ 0 11 5 3 10 6 9 1 8 
[00142229] 2 | 7 2 4 0 11 5 3 10 6 9 1 8 
[00142230] 5 | 9 4 _ 0 11 5 3 10 _ _ 1 8 
[00142231] 4 | 9 4 _ 0 11 5 3 10 6 _ 1 8 
[00142232] 3 | 9 4 7 0 11 5 3 10 6 _ 1 8 
[00142233] 4 | 9 4 _ 0 11 5 3 10 2 6 1 8 
[00142234] 3 | 9 4 7 0 11 5 3 10 2 6 1 8 
[00142235] 4 | 9 4 _ 0 11 5 3 10 6 2 1 8 
[00142236] 3 | 9 4 7 0 11 5 3 10 6 2 1 8 
[00142237] 5 | _ 2 7 0 11 5 3 10 _ _ 1 8 
[00142238] 4 | 6 2 7 0 11 5 3 10 _ _ 1 8 
[00142239] 4 | _ 2 7 0 11 5 3 10 6 _ 1 8 
[00142240] 3 | _ 2 7 0 11 5 3 10 6 9 1 8 
[00142241] 2 | 4 2 7 0 11 5 3 10 6 9 1 8 
[00142242] 5 | _ 4 9 0 11 5 3 10 _ _ 1 8 
[00142243] 4 | _ 4 9 0 11 5 3 10 6 _ 1 8 
[00142244] 3 | 7 4 9 0 11 5 3 10 6 _ 1 8 
[00142245] 4 | _ 4 9 0 11 5 3 10 2 6 1 8 
[00142246] 3 | 7 4 9 0 11 5 3 10 2 6 1 8 
[00142247] 4 | _ 4 9 0 11 5 3 10 6 2 1 8 
[00142248] 3 | 7 4 9 0 11 5 3 10 6 2 1 8 
[00142249] 5 | _ 7 2 0 11 5 3 10 _ _ 1 8 
[00142250] 5 | _ 9 4 0 11 5 3 10 _ _ 1 8 
[00142251] 5 | _ _ _ 0 11 5 3 10 2 7 1 8 
[00142252] 4 | _ 4 _ 0 11 5 3 10 2 7 1 8 
[00142253] 5 | _ _ _ 0 11 5 3 10 4 9 1 8 
[00142254] 4 | 2 6 _ 0 11 5 3 10 4 9 1 8 
[00142255] 4 | 6 2 _ 0 11 5 3 10 4 9 1 8 
[00142256] 4 | _ 2 6 0 11 5 3 10 4 9 1 8 
[00142257] 4 | _ 6 2 0 11 5 3 10 4 9 1 8 
[00142258] 5 | _ _ _ 0 11 5 3 10 7 2 1 8 
[00142259] 4 | _ 4 _ 0 11 5 3 10 7 2 1 8 
[00142260] 5 | _ _ _ 0 11 5 3 10 9 4 1 8 
[00142261] 4 | 2 6 _ 0 11 5 3 10 9 4 1 8 
[00142262] 4 | 6 2 _ 0 11 5 3 10 9 4 1 8 
[00142263] 4 | _ 2 6 0 11 5 3 10 9 4 1 8 
[00142264] 4 | _ 6 2 0 11 5 3 10 9 4 1 8 
[00142265] 6 | _ _ _ 0 11 _ 3 10 4 _ 1 8 
[00142266] 5 | 2 7 _ 0 11 _ 3 10 4 _ 1 8 
