[00224057] 3 | 4 10 _ 0 5 8 _ 11 2 9 3 7 
[00224058] 3 | 4 10 _ 0 5 _ 8 11 2 9 3 7 
[00224059] 5 | 4 10 _ 0 1 6 _ 11 2 9 3 _ 
[00224060] 4 | 4 10 _ 0 1 6 5 11 2 9 3 _ 
[00224061] 3 | 4 10 7 0 1 6 5 11 2 9 3 _ 
[00224062] 4 | 4 10 _ 0 1 6 _ 11 2 9 3 7 
[00224063] 5 | 4 10 _ 0 6 1 _ 11 2 9 3 _ 
[00224064] 4 | 4 10 6 0 6 1 _ 11 2 9 3 _ 
[00224065] 4 | 4 10 _ 0 6 1 10 11 2 9 3 _ 
[00224066] 4 | 4 10 _ 0 6 1 _ 11 2 9 3 7 
[00224067] 5 | 4 10 _ 0 1 _ 6 11 2 9 3 _ 
[00224068] 4 | 4 10 _ 0 1 5 6 11 2 9 3 _ 
[00224069] 3 | 4 10 7 0 1 5 6 11 2 9 3 _ 
[00224070] 4 | 4 10 _ 0 1 _ 6 11 2 9 3 7 
[00224071] 5 | 4 10 _ 0 6 _ 1 11 2 9 3 _ 
[00224072] 4 | 4 10 6 0 6 _ 1 11 2 9 3 _ 
[00224073] 4 | 4 10 _ 0 6 10 1 11 2 9 3 _ 
[00224074] 4 | 4 10 _ 0 6 _ 1 11 2 9 3 7 
[00224075] 5 | 4 10 _ 0 _ _ _ 11 2 9 3 8 
[00224076] 4 | 4 10 6 0 _ _ _ 11 2 9 3 8 
[00224077] 4 | 4 10 _ 0 1 5 _ 11 2 9 3 8 
[00224078] 3 | 4 10 7 0 1 5 _ 11 2 9 3 8 
[00224079] 4 | 4 10 _ 0 5 1 _ 11 2 9 3 8 
[00224080] 3 | 4 10 7 0 5 1 _ 11 2 9 3 8 
[00224081] 4 | 4 10 _ 0 1 _ 5 11 2 9 3 8 
[00224082] 3 | 4 10 7 0 1 _ 5 11 2 9 3 8 
[00224083] 4 | 4 10 _ 0 5 _ 1 11 2 9 3 8 
[00224084] 3 | 4 10 7 0 5 _ 1 11 2 9 3 8 
[00224085] 6 | _ 10 4 0 _ _ _ 11 2 9 3 _ 
[00224086] 5 | 5 10 4 0 _ _ _ 11 2 9 3 _ 
[00224087] 4 | 5 10 4 0 _ _ _ 11 2 9 3 7 
[00224088] 5 | _ 10 4 0 5 _ _ 11 2 9 3 _ 
[00224089] 4 | 6 10 4 0 5 _ _ 11 2 9 3 _ 
[00224090] 3 | 6 10 4 0 5 8 _ 11 2 9 3 _ 
[00224091] 2 | 6 10 4 0 5 8 3 11 2 9 3 _ 
[00224092] 2 | 6 10 4 0 5 8 7 11 2 9 3 _ 
[00224093] 2 | 6 10 4 0 5 8 _ 11 2 9 3 1 
[00224094] 2 | 6 10 4 0 5 8 _ 11 2 9 3 5 
[00224095] 3 | 6 10 4 0 5 _ 8 11 2 9 3 _ 
[00224096] 2 | 6 10 4 0 5 3 8 11 2 9 3 _ 
[00224097] 2 | 6 10 4 0 5 7 8 11 2 9 3 _ 
[00224098] 2 | 6 10 4 0 5 _ 8 11 2 9 3 1 
[00224099] 2 | 6 10 4 0 5 _ 8 11 2 9 3 5 
[00224100] 4 | _ 10 4 0 5 1 _ 11 2 9 3 _ 
[00224101] 3 | 7 10 4 0 5 1 _ 11 2 9 3 _ 
[00224102] 2 | 7 10 4 0 5 1 3 11 2 9 3 _ 
[00224103] 2 | 7 10 4 0 5 1 _ 11 2 9 3 5 
[00224104] 3 | _ 10 4 0 5 1 8 11 2 9 3 _ 
[00224105] 3 | _ 10 4 0 5 1 _ 11 2 9 3 6 
[00224106] 2 | 8 10 4 0 5 1 _ 11 2 9 3 6 
[00224107] 2 | _ 10 4 0 5 1 7 11 2 9 3 6 
[00224108] 4 | _ 10 4 0 5 _ 1 11 2 9 3 _ 
[00224109] 3 | 7 10 4 0 5 _ 1 11 2 9 3 _ 
[00224110] 2 | 7 10 4 0 5 3 1 11 2 9 3 _ 
[00224111] 2 | 7 10 4 0 5 _ 1 11 2 9 3 5 
[00224112] 3 | _ 10 4 0 5 8 1 11 2 9 3 _ 
[00224113] 3 | _ 10 4 0 5 _ 1 11 2 9 3 6 
[00224114] 2 | 8 10 4 0 5 _ 1 11 2 9 3 6 
[00224115] 2 | _ 10 4 0 5 7 1 11 2 9 3 6 
[00224116] 4 | _ 10 4 0 5 _ _ 11 2 9 3 7 
[00224117] 3 | _ 10 4 0 5 8 _ 11 2 9 3 7 
[00224118] 3 | _ 10 4 0 5 _ 8 11 2 9 3 7 
[00224119] 5 | _ 10 4 0 1 6 _ 11 2 9 3 _ 
[00224120] 4 | _ 10 4 0 1 6 5 11 2 9 3 _ 
[00224121] 3 | 7 10 4 0 1 6 5 11 2 9 3 _ 
[00224122] 4 | _ 10 4 0 1 6 _ 11 2 9 3 7 
[00224123] 5 | _ 10 4 0 6 1 _ 11 2 9 3 _ 
[00224124] 4 | 6 10 4 0 6 1 _ 11 2 9 3 _ 
[00224125] 4 | _ 10 4 0 6 1 10 11 2 9 3 _ 
[00224126] 4 | _ 10 4 0 6 1 _ 11 2 9 3 7 
[00224127] 5 | _ 10 4 0 1 _ 6 11 2 9 3 _ 
[00224128] 4 | _ 10 4 0 1 5 6 11 2 9 3 _ 
[00224129] 3 | 7 10 4 0 1 5 6 11 2 9 3 _ 
[00224130] 4 | _ 10 4 0 1 _ 6 11 2 9 3 7 
[00224131] 5 | _ 10 4 0 6 _ 1 11 2 9 3 _ 
[00224132] 4 | 6 10 4 0 6 _ 1 11 2 9 3 _ 
[00224133] 4 | _ 10 4 0 6 10 1 11 2 9 3 _ 
[00224134] 4 | _ 10 4 0 6 _ 1 11 2 9 3 7 
[00224135] 5 | _ 10 4 0 _ _ _ 11 2 9 3 8 
[00224136] 4 | 6 10 4 0 _ _ _ 11 2 9 3 8 
[00224137] 4 | _ 10 4 0 1 5 _ 11 2 9 3 8 
[00224138] 3 | 7 10 4 0 1 5 _ 11 2 9 3 8 
[00224139] 4 | _ 10 4 0 5 1 _ 11 2 9 3 8 
[00224140] 3 | 7 10 4 0 5 1 _ 11 2 9 3 8 
[00224141] 4 | _ 10 4 0 1 _ 5 11 2 9 3 8 
[00224142] 3 | 7 10 4 0 1 _ 5 11 2 9 3 8 
[00224143] 4 | _ 10 4 0 5 _ 1 11 2 9 3 8 
[00224144] 3 | 7 10 4 0 5 _ 1 11 2 9 3 8 
[00224145] 6 | _ 10 _ 0 6 _ _ 11 2 9 3 _ 
[00224146] 5 | 5 10 _ 0 6 _ _ 11 2 9 3 _ 
[00224147] 4 | 5 10 6 0 6 _ _ 11 2 9 3 _ 
[00224148] 4 | 5 10 _ 0 6 10 _ 11 2 9 3 _ 
[00224149] 3 | 5 10 _ 0 6 10 3 11 2 9 3 _ 
[00224150] 3 | 5 10 _ 0 6 10 _ 11 2 9 3 6 
[00224151] 4 | 5 10 _ 0 6 _ 10 11 2 9 3 _ 
[00224152] 3 | 5 10 _ 0 6 3 10 11 2 9 3 _ 
[00224153] 3 | 5 10 _ 0 6 _ 10 11 2 9 3 6 
[00224154] 4 | 5 10 _ 0 6 _ _ 11 2 9 3 7 
[00224155] 5 | _ 10 5 0 6 _ _ 11 2 9 3 _ 
[00224156] 4 | 6 10 5 0 6 _ _ 11 2 9 3 _ 
[00224157] 4 | _ 10 5 0 6 10 _ 11 2 9 3 _ 
[00224158] 3 | _ 10 5 0 6 10 3 11 2 9 3 _ 
[00224159] 3 | _ 10 5 0 6 10 _ 11 2 9 3 6 
[00224160] 4 | _ 10 5 0 6 _ 10 11 2 9 3 _ 
[00224161] 3 | _ 10 5 0 6 3 10 11 2 9 3 _ 
[00224162] 3 | _ 10 5 0 6 _ 10 11 2 9 3 6 
[00224163] 4 | _ 10 5 0 6 _ _ 11 2 9 3 7 
[00224164] 5 | _ 10 _ 0 6 1 _ 11 2 9 3 _ 
[00224165] 4 | 6 10 _ 0 6 1 _ 11 2 9 3 _ 
[00224166] 3 | 6 10 7 0 6 1 _ 11 2 9 3 _ 
[00224167] 2 | 6 10 7 0 6 1 _ 11 2 9 3 5 
[00224168] 4 | _ 10 6 0 6 1 _ 11 2 9 3 _ 
[00224169] 3 | 7 10 6 0 6 1 _ 11 2 9 3 _ 
[00224170] 2 | 7 10 6 0 6 1 _ 11 2 9 3 5 
[00224171] 4 | _ 10 _ 0 6 1 10 11 2 9 3 _ 
[00224172] 4 | _ 10 _ 0 6 1 _ 11 2 9 3 7 
[00224173] 5 | _ 10 _ 0 6 _ 1 11 2 9 3 _ 
[00224174] 4 | 6 10 _ 0 6 _ 1 11 2 9 3 _ 
[00224175] 3 | 6 10 7 0 6 _ 1 11 2 9 3 _ 
[00224176] 2 | 6 10 7 0 6 _ 1 11 2 9 3 5 
[00224177] 4 | _ 10 6 0 6 _ 1 11 2 9 3 _ 
[00224178] 3 | 7 10 6 0 6 _ 1 11 2 9 3 _ 
[00224179] 2 | 7 10 6 0 6 _ 1 11 2 9 3 5 
[00224180] 4 | _ 10 _ 0 6 10 1 11 2 9 3 _ 
[00224181] 4 | _ 10 _ 0 6 _ 1 11 2 9 3 7 
[00224182] 5 | _ 10 _ 0 6 _ _ 11 2 9 3 8 
[00224183] 4 | 6 10 _ 0 6 _ _ 11 2 9 3 8 
[00224184] 3 | 6 10 7 0 6 _ _ 11 2 9 3 8 
[00224185] 4 | _ 10 6 0 6 _ _ 11 2 9 3 8 
[00224186] 3 | 7 10 6 0 6 _ _ 11 2 9 3 8 
[00224187] 4 | _ 10 _ 0 6 10 _ 11 2 9 3 8 
[00224188] 4 | _ 10 _ 0 6 _ 10 11 2 9 3 8 
[00224189] 6 | _ 10 _ 0 1 7 _ 11 2 9 3 _ 
[00224190] 5 | 5 10 _ 0 1 7 _ 11 2 9 3 _ 
[00224191] 4 | 5 10 6 0 1 7 _ 11 2 9 3 _ 
[00224192] 3 | 5 10 6 0 1 7 4 11 2 9 3 _ 
[00224193] 5 | _ 10 5 0 1 7 _ 11 2 9 3 _ 
[00224194] 4 | 6 10 5 0 1 7 _ 11 2 9 3 _ 
[00224195] 3 | 6 10 5 0 1 7 4 11 2 9 3 _ 
[00224196] 5 | _ 10 _ 0 1 7 6 11 2 9 3 _ 
[00224197] 5 | _ 10 _ 0 1 7 _ 11 2 9 3 8 
[00224198] 4 | 6 10 _ 0 1 7 _ 11 2 9 3 8 
[00224199] 3 | 6 10 _ 0 1 7 4 11 2 9 3 8 
[00224200] 4 | _ 10 6 0 1 7 _ 11 2 9 3 8 
[00224201] 3 | _ 10 6 0 1 7 4 11 2 9 3 8 
[00224202] 4 | _ 10 _ 0 1 7 5 11 2 9 3 8 
[00224203] 6 | _ 10 _ 0 7 1 _ 11 2 9 3 _ 
[00224204] 5 | 5 10 _ 0 7 1 _ 11 2 9 3 _ 
[00224205] 4 | 5 10 6 0 7 1 _ 11 2 9 3 _ 
[00224206] 3 | 5 10 6 0 7 1 4 11 2 9 3 _ 
[00224207] 4 | 5 10 _ 0 7 1 3 11 2 9 3 _ 
[00224208] 4 | 5 10 _ 0 7 1 _ 11 2 9 3 7 
[00224209] 5 | _ 10 5 0 7 1 _ 11 2 9 3 _ 
[00224210] 4 | 6 10 5 0 7 1 _ 11 2 9 3 _ 
[00224211] 3 | 6 10 5 0 7 1 4 11 2 9 3 _ 
[00224212] 4 | _ 10 5 0 7 1 3 11 2 9 3 _ 
[00224213] 4 | _ 10 5 0 7 1 _ 11 2 9 3 7 
[00224214] 5 | _ 10 _ 0 7 1 _ 11 2 9 3 8 
[00224215] 4 | 6 10 _ 0 7 1 _ 11 2 9 3 8 
[00224216] 3 | 6 10 7 0 7 1 _ 11 2 9 3 8 
[00224217] 3 | 6 10 _ 0 7 1 4 11 2 9 3 8 
[00224218] 3 | 6 10 _ 0 7 1 10 11 2 9 3 8 
[00224219] 4 | _ 10 6 0 7 1 _ 11 2 9 3 8 
[00224220] 3 | 7 10 6 0 7 1 _ 11 2 9 3 8 
[00224221] 3 | _ 10 6 0 7 1 4 11 2 9 3 8 
[00224222] 3 | _ 10 6 0 7 1 10 11 2 9 3 8 
[00224223] 6 | _ 10 _ 0 1 _ 7 11 2 9 3 _ 
[00224224] 5 | 5 10 _ 0 1 _ 7 11 2 9 3 _ 
[00224225] 4 | 5 10 6 0 1 _ 7 11 2 9 3 _ 
[00224226] 3 | 5 10 6 0 1 4 7 11 2 9 3 _ 
[00224227] 5 | _ 10 5 0 1 _ 7 11 2 9 3 _ 
[00224228] 4 | 6 10 5 0 1 _ 7 11 2 9 3 _ 
[00224229] 3 | 6 10 5 0 1 4 7 11 2 9 3 _ 
[00224230] 5 | _ 10 _ 0 1 6 7 11 2 9 3 _ 
[00224231] 5 | _ 10 _ 0 1 _ 7 11 2 9 3 8 
[00224232] 4 | 6 10 _ 0 1 _ 7 11 2 9 3 8 
[00224233] 3 | 6 10 _ 0 1 4 7 11 2 9 3 8 
[00224234] 4 | _ 10 6 0 1 _ 7 11 2 9 3 8 
[00224235] 3 | _ 10 6 0 1 4 7 11 2 9 3 8 
[00224236] 4 | _ 10 _ 0 1 5 7 11 2 9 3 8 
[00224237] 6 | _ 10 _ 0 7 _ 1 11 2 9 3 _ 
[00224238] 5 | 5 10 _ 0 7 _ 1 11 2 9 3 _ 
[00224239] 4 | 5 10 6 0 7 _ 1 11 2 9 3 _ 
[00224240] 3 | 5 10 6 0 7 4 1 11 2 9 3 _ 
[00224241] 4 | 5 10 _ 0 7 3 1 11 2 9 3 _ 
[00224242] 4 | 5 10 _ 0 7 _ 1 11 2 9 3 7 
[00224243] 5 | _ 10 5 0 7 _ 1 11 2 9 3 _ 
[00224244] 4 | 6 10 5 0 7 _ 1 11 2 9 3 _ 
[00224245] 3 | 6 10 5 0 7 4 1 11 2 9 3 _ 
[00224246] 4 | _ 10 5 0 7 3 1 11 2 9 3 _ 
[00224247] 4 | _ 10 5 0 7 _ 1 11 2 9 3 7 
[00224248] 5 | _ 10 _ 0 7 _ 1 11 2 9 3 8 
[00224249] 4 | 6 10 _ 0 7 _ 1 11 2 9 3 8 
[00224250] 3 | 6 10 7 0 7 _ 1 11 2 9 3 8 
[00224251] 3 | 6 10 _ 0 7 4 1 11 2 9 3 8 
[00224252] 3 | 6 10 _ 0 7 10 1 11 2 9 3 8 
[00224253] 4 | _ 10 6 0 7 _ 1 11 2 9 3 8 
[00224254] 3 | 7 10 6 0 7 _ 1 11 2 9 3 8 
[00224255] 3 | _ 10 6 0 7 4 1 11 2 9 3 8 
[00224256] 3 | _ 10 6 0 7 10 1 11 2 9 3 8 
[00224257] 7 | _ 10 _ 0 _ _ _ 11 2 _ 3 10 
[00224258] 6 | _ 10 _ 0 6 _ _ 11 2 _ 3 10 
[00224259] 5 | _ 10 _ 0 6 1 _ 11 2 _ 3 10 
[00224260] 4 | _ 10 _ 0 6 1 2 11 2 _ 3 10 
[00224261] 4 | _ 10 _ 0 6 1 _ 11 2 6 3 10 
[00224262] 5 | _ 10 _ 0 6 _ 1 11 2 _ 3 10 
[00224263] 4 | _ 10 _ 0 6 2 1 11 2 _ 3 10 
[00224264] 4 | _ 10 _ 0 6 _ 1 11 2 6 3 10 
[00224265] 5 | _ 10 _ 0 6 _ _ 11 2 7 3 10 
[00224266] 6 | _ 10 _ 0 1 7 _ 11 2 _ 3 10 
[00224267] 5 | _ 10 _ 0 1 7 6 11 2 _ 3 10 
[00224268] 6 | _ 10 _ 0 7 1 _ 11 2 _ 3 10 
[00224269] 5 | _ 10 _ 0 7 1 2 11 2 _ 3 10 
[00224270] 5 | _ 10 _ 0 7 1 _ 11 2 7 3 10 
[00224271] 6 | _ 10 _ 0 1 _ 7 11 2 _ 3 10 
[00224272] 5 | _ 10 _ 0 1 6 7 11 2 _ 3 10 
[00224273] 6 | _ 10 _ 0 7 _ 1 11 2 _ 3 10 
[00224274] 5 | _ 10 _ 0 7 2 1 11 2 _ 3 10 
[00224275] 5 | _ 10 _ 0 7 _ 1 11 2 7 3 10 
[00224276] 6 | _ 10 _ 0 _ _ _ 11 2 8 3 10 
[00224277] 5 | _ 10 _ 0 5 _ _ 11 2 8 3 10 
[00224278] 4 | _ 10 _ 0 5 1 _ 11 2 8 3 10 
[00224279] 4 | _ 10 _ 0 5 9 _ 11 2 8 3 10 
[00224280] 4 | _ 10 _ 0 5 _ 1 11 2 8 3 10 
[00224281] 4 | _ 10 _ 0 5 _ 9 11 2 8 3 10 
[00224282] 5 | _ 10 _ 0 1 6 _ 11 2 8 3 10 
[00224283] 4 | _ 10 _ 0 1 6 5 11 2 8 3 10 
[00224284] 5 | _ 10 _ 0 4 9 _ 11 2 8 3 10 
[00224285] 5 | _ 10 _ 0 6 1 _ 11 2 8 3 10 
[00224286] 5 | _ 10 _ 0 9 4 _ 11 2 8 3 10 
[00224287] 4 | _ 10 _ 0 9 4 5 11 2 8 3 10 
[00224288] 5 | _ 10 _ 0 1 _ 6 11 2 8 3 10 
[00224289] 4 | _ 10 _ 0 1 5 6 11 2 8 3 10 
[00224290] 5 | _ 10 _ 0 4 _ 9 11 2 8 3 10 
[00224291] 5 | _ 10 _ 0 6 _ 1 11 2 8 3 10 
[00224292] 5 | _ 10 _ 0 9 _ 4 11 2 8 3 10 
[00224293] 4 | _ 10 _ 0 9 5 4 11 2 8 3 10 
[00224294] 8 | _ 10 _ 0 _ _ _ 11 2 _ 1 9 
[00224295] 7 | 3 10 _ 0 _ _ _ 11 2 _ 1 9 
[00224296] 6 | 3 10 4 0 _ _ _ 11 2 _ 1 9 
[00224297] 5 | 3 10 4 0 5 _ _ 11 2 _ 1 9 
[00224298] 4 | 3 10 4 0 5 _ _ 11 2 6 1 9 
[00224299] 3 | 3 10 4 0 5 8 _ 11 2 6 1 9 
[00224300] 2 | 3 10 4 0 5 8 7 11 2 6 1 9 
[00224301] 3 | 3 10 4 0 5 _ 8 11 2 6 1 9 
[00224302] 2 | 3 10 4 0 5 7 8 11 2 6 1 9 
[00224303] 5 | 3 10 4 0 _ _ _ 11 2 7 1 9 
[00224304] 6 | 3 10 _ 0 6 _ _ 11 2 _ 1 9 
[00224305] 5 | 3 10 5 0 6 _ _ 11 2 _ 1 9 
[00224306] 4 | 3 10 5 0 6 2 _ 11 2 _ 1 9 
[00224307] 4 | 3 10 5 0 6 _ 2 11 2 _ 1 9 
[00224308] 4 | 3 10 5 0 6 _ _ 11 2 6 1 9 
[00224309] 5 | 3 10 _ 0 6 _ _ 11 2 7 1 9 
[00224310] 4 | 3 10 6 0 6 _ _ 11 2 7 1 9 
[00224311] 4 | 3 10 _ 0 6 10 _ 11 2 7 1 9 
[00224312] 4 | 3 10 _ 0 6 _ 10 11 2 7 1 9 
[00224313] 6 | 3 10 _ 0 _ _ _ 11 2 8 1 9 
[00224314] 5 | 3 10 5 0 _ _ _ 11 2 8 1 9 
[00224315] 4 | 3 10 5 0 4 _ _ 11 2 8 1 9 
[00224316] 3 | 3 10 5 0 4 7 _ 11 2 8 1 9 
[00224317] 2 | 3 10 5 0 4 7 6 11 2 8 1 9 
[00224318] 3 | 3 10 5 0 4 _ 7 11 2 8 1 9 
[00224319] 2 | 3 10 5 0 4 6 7 11 2 8 1 9 
[00224320] 5 | 3 10 _ 0 5 _ _ 11 2 8 1 9 
[00224321] 4 | 3 10 6 0 5 _ _ 11 2 8 1 9 
[00224322] 7 | _ 10 3 0 _ _ _ 11 2 _ 1 9 
[00224323] 6 | 4 10 3 0 _ _ _ 11 2 _ 1 9 
[00224324] 5 | 4 10 3 0 5 _ _ 11 2 _ 1 9 
[00224325] 4 | 4 10 3 0 5 _ _ 11 2 6 1 9 
[00224326] 3 | 4 10 3 0 5 8 _ 11 2 6 1 9 
[00224327] 2 | 4 10 3 0 5 8 7 11 2 6 1 9 
[00224328] 3 | 4 10 3 0 5 _ 8 11 2 6 1 9 
[00224329] 2 | 4 10 3 0 5 7 8 11 2 6 1 9 
[00224330] 5 | 4 10 3 0 _ _ _ 11 2 7 1 9 
[00224331] 6 | _ 10 3 0 6 _ _ 11 2 _ 1 9 
[00224332] 5 | 5 10 3 0 6 _ _ 11 2 _ 1 9 
[00224333] 4 | 5 10 3 0 6 2 _ 11 2 _ 1 9 
[00224334] 4 | 5 10 3 0 6 _ 2 11 2 _ 1 9 
[00224335] 4 | 5 10 3 0 6 _ _ 11 2 6 1 9 
[00224336] 5 | _ 10 3 0 6 _ _ 11 2 7 1 9 
[00224337] 4 | 6 10 3 0 6 _ _ 11 2 7 1 9 
[00224338] 4 | _ 10 3 0 6 10 _ 11 2 7 1 9 
[00224339] 4 | _ 10 3 0 6 _ 10 11 2 7 1 9 
[00224340] 6 | _ 10 3 0 _ _ _ 11 2 8 1 9 
[00224341] 5 | 5 10 3 0 _ _ _ 11 2 8 1 9 
[00224342] 4 | 5 10 3 0 4 _ _ 11 2 8 1 9 
[00224343] 3 | 5 10 3 0 4 7 _ 11 2 8 1 9 
[00224344] 2 | 5 10 3 0 4 7 6 11 2 8 1 9 
[00224345] 3 | 5 10 3 0 4 _ 7 11 2 8 1 9 
[00224346] 2 | 5 10 3 0 4 6 7 11 2 8 1 9 
[00224347] 5 | _ 10 3 0 5 _ _ 11 2 8 1 9 
[00224348] 4 | 6 10 3 0 5 _ _ 11 2 8 1 9 
[00224349] 7 | _ 10 _ 0 7 _ _ 11 2 _ 1 9 
[00224350] 6 | 4 10 _ 0 7 _ _ 11 2 _ 1 9 
[00224351] 5 | 4 10 5 0 7 _ _ 11 2 _ 1 9 
[00224352] 4 | 4 10 5 0 7 3 _ 11 2 _ 1 9 
[00224353] 4 | 4 10 5 0 7 _ 3 11 2 _ 1 9 
[00224354] 4 | 4 10 5 0 7 _ _ 11 2 6 1 9 
[00224355] 5 | 4 10 _ 0 7 2 _ 11 2 _ 1 9 
[00224356] 4 | 4 10 6 0 7 2 _ 11 2 _ 1 9 
[00224357] 4 | 4 10 _ 0 7 2 3 11 2 _ 1 9 
[00224358] 5 | 4 10 _ 0 7 _ 2 11 2 _ 1 9 
[00224359] 4 | 4 10 6 0 7 _ 2 11 2 _ 1 9 
[00224360] 4 | 4 10 _ 0 7 3 2 11 2 _ 1 9 
[00224361] 5 | 4 10 _ 0 7 _ _ 11 2 7 1 9 
[00224362] 4 | 4 10 6 0 7 _ _ 11 2 7 1 9 
[00224363] 6 | _ 10 4 0 7 _ _ 11 2 _ 1 9 
[00224364] 5 | 5 10 4 0 7 _ _ 11 2 _ 1 9 
[00224365] 4 | 5 10 4 0 7 3 _ 11 2 _ 1 9 
[00224366] 4 | 5 10 4 0 7 _ 3 11 2 _ 1 9 
[00224367] 4 | 5 10 4 0 7 _ _ 11 2 6 1 9 
[00224368] 5 | _ 10 4 0 7 2 _ 11 2 _ 1 9 
[00224369] 4 | 6 10 4 0 7 2 _ 11 2 _ 1 9 
[00224370] 4 | _ 10 4 0 7 2 3 11 2 _ 1 9 
[00224371] 5 | _ 10 4 0 7 _ 2 11 2 _ 1 9 
[00224372] 4 | 6 10 4 0 7 _ 2 11 2 _ 1 9 
[00224373] 4 | _ 10 4 0 7 3 2 11 2 _ 1 9 
[00224374] 5 | _ 10 4 0 7 _ _ 11 2 7 1 9 
[00224375] 4 | 6 10 4 0 7 _ _ 11 2 7 1 9 
[00224376] 6 | _ 10 _ 0 7 _ _ 11 2 8 1 9 
[00224377] 5 | 5 10 _ 0 7 _ _ 11 2 8 1 9 
[00224378] 4 | 5 10 6 0 7 _ _ 11 2 8 1 9 
[00224379] 3 | 5 10 6 0 7 4 _ 11 2 8 1 9 
[00224380] 3 | 5 10 6 0 7 _ 4 11 2 8 1 9 
[00224381] 4 | 5 10 _ 0 7 3 _ 11 2 8 1 9 
[00224382] 3 | 5 10 7 0 7 3 _ 11 2 8 1 9 
[00224383] 3 | 5 10 _ 0 7 3 4 11 2 8 1 9 
[00224384] 3 | 5 10 _ 0 7 3 10 11 2 8 1 9 
[00224385] 4 | 5 10 _ 0 7 _ 3 11 2 8 1 9 
[00224386] 3 | 5 10 7 0 7 _ 3 11 2 8 1 9 
[00224387] 3 | 5 10 _ 0 7 4 3 11 2 8 1 9 
[00224388] 3 | 5 10 _ 0 7 10 3 11 2 8 1 9 
[00224389] 5 | _ 10 5 0 7 _ _ 11 2 8 1 9 
[00224390] 4 | 6 10 5 0 7 _ _ 11 2 8 1 9 
[00224391] 3 | 6 10 5 0 7 4 _ 11 2 8 1 9 
[00224392] 3 | 6 10 5 0 7 _ 4 11 2 8 1 9 
[00224393] 4 | _ 10 5 0 7 3 _ 11 2 8 1 9 
[00224394] 3 | 7 10 5 0 7 3 _ 11 2 8 1 9 
[00224395] 3 | _ 10 5 0 7 3 4 11 2 8 1 9 
[00224396] 3 | _ 10 5 0 7 3 10 11 2 8 1 9 
[00224397] 4 | _ 10 5 0 7 _ 3 11 2 8 1 9 
[00224398] 3 | 7 10 5 0 7 _ 3 11 2 8 1 9 
[00224399] 3 | _ 10 5 0 7 4 3 11 2 8 1 9 
[00224400] 3 | _ 10 5 0 7 10 3 11 2 8 1 9 
[00224401] 8 | _ 10 _ 0 _ _ _ 11 2 _ 9 1 
[00224402] 7 | 3 10 _ 0 _ _ _ 11 2 _ 9 1 
[00224403] 6 | 3 10 4 0 _ _ _ 11 2 _ 9 1 
[00224404] 5 | 3 10 4 0 5 _ _ 11 2 _ 9 1 
[00224405] 4 | 3 10 4 0 5 _ _ 11 2 6 9 1 
[00224406] 3 | 3 10 4 0 5 8 _ 11 2 6 9 1 
[00224407] 2 | 3 10 4 0 5 8 7 11 2 6 9 1 
[00224408] 3 | 3 10 4 0 5 _ 8 11 2 6 9 1 
[00224409] 2 | 3 10 4 0 5 7 8 11 2 6 9 1 
[00224410] 5 | 3 10 4 0 _ _ _ 11 2 7 9 1 
[00224411] 6 | 3 10 _ 0 6 _ _ 11 2 _ 9 1 
[00224412] 5 | 3 10 5 0 6 _ _ 11 2 _ 9 1 
[00224413] 4 | 3 10 5 0 6 2 _ 11 2 _ 9 1 
[00224414] 4 | 3 10 5 0 6 _ 2 11 2 _ 9 1 
[00224415] 4 | 3 10 5 0 6 _ _ 11 2 6 9 1 
[00224416] 5 | 3 10 _ 0 6 _ _ 11 2 7 9 1 
[00224417] 4 | 3 10 6 0 6 _ _ 11 2 7 9 1 
[00224418] 4 | 3 10 _ 0 6 10 _ 11 2 7 9 1 
[00224419] 4 | 3 10 _ 0 6 _ 10 11 2 7 9 1 
[00224420] 6 | 3 10 _ 0 _ _ _ 11 2 8 9 1 
[00224421] 5 | 3 10 5 0 _ _ _ 11 2 8 9 1 
[00224422] 4 | 3 10 5 0 4 _ _ 11 2 8 9 1 
[00224423] 3 | 3 10 5 0 4 7 _ 11 2 8 9 1 
[00224424] 2 | 3 10 5 0 4 7 6 11 2 8 9 1 
[00224425] 3 | 3 10 5 0 4 _ 7 11 2 8 9 1 
[00224426] 2 | 3 10 5 0 4 6 7 11 2 8 9 1 
[00224427] 5 | 3 10 _ 0 5 _ _ 11 2 8 9 1 
[00224428] 4 | 3 10 6 0 5 _ _ 11 2 8 9 1 
[00224429] 7 | _ 10 3 0 _ _ _ 11 2 _ 9 1 
[00224430] 6 | 4 10 3 0 _ _ _ 11 2 _ 9 1 
[00224431] 5 | 4 10 3 0 5 _ _ 11 2 _ 9 1 
[00224432] 4 | 4 10 3 0 5 _ _ 11 2 6 9 1 
[00224433] 3 | 4 10 3 0 5 8 _ 11 2 6 9 1 
[00224434] 2 | 4 10 3 0 5 8 7 11 2 6 9 1 
[00224435] 3 | 4 10 3 0 5 _ 8 11 2 6 9 1 
[00224436] 2 | 4 10 3 0 5 7 8 11 2 6 9 1 
[00224437] 5 | 4 10 3 0 _ _ _ 11 2 7 9 1 
[00224438] 6 | _ 10 3 0 6 _ _ 11 2 _ 9 1 
[00224439] 5 | 5 10 3 0 6 _ _ 11 2 _ 9 1 
[00224440] 4 | 5 10 3 0 6 2 _ 11 2 _ 9 1 
[00224441] 4 | 5 10 3 0 6 _ 2 11 2 _ 9 1 
[00224442] 4 | 5 10 3 0 6 _ _ 11 2 6 9 1 
[00224443] 5 | _ 10 3 0 6 _ _ 11 2 7 9 1 
[00224444] 4 | 6 10 3 0 6 _ _ 11 2 7 9 1 
[00224445] 4 | _ 10 3 0 6 10 _ 11 2 7 9 1 
[00224446] 4 | _ 10 3 0 6 _ 10 11 2 7 9 1 
[00224447] 6 | _ 10 3 0 _ _ _ 11 2 8 9 1 
[00224448] 5 | 5 10 3 0 _ _ _ 11 2 8 9 1 
[00224449] 4 | 5 10 3 0 4 _ _ 11 2 8 9 1 
[00224450] 3 | 5 10 3 0 4 7 _ 11 2 8 9 1 
[00224451] 2 | 5 10 3 0 4 7 6 11 2 8 9 1 
[00224452] 3 | 5 10 3 0 4 _ 7 11 2 8 9 1 
[00224453] 2 | 5 10 3 0 4 6 7 11 2 8 9 1 
[00224454] 5 | _ 10 3 0 5 _ _ 11 2 8 9 1 
[00224455] 4 | 6 10 3 0 5 _ _ 11 2 8 9 1 
[00224456] 7 | _ 10 _ 0 7 _ _ 11 2 _ 9 1 
[00224457] 6 | 4 10 _ 0 7 _ _ 11 2 _ 9 1 
[00224458] 5 | 4 10 5 0 7 _ _ 11 2 _ 9 1 
[00224459] 4 | 4 10 5 0 7 3 _ 11 2 _ 9 1 
[00224460] 4 | 4 10 5 0 7 _ 3 11 2 _ 9 1 
[00224461] 4 | 4 10 5 0 7 _ _ 11 2 6 9 1 
[00224462] 5 | 4 10 _ 0 7 2 _ 11 2 _ 9 1 
[00224463] 4 | 4 10 6 0 7 2 _ 11 2 _ 9 1 
[00224464] 4 | 4 10 _ 0 7 2 3 11 2 _ 9 1 
[00224465] 5 | 4 10 _ 0 7 _ 2 11 2 _ 9 1 
[00224466] 4 | 4 10 6 0 7 _ 2 11 2 _ 9 1 
[00224467] 4 | 4 10 _ 0 7 3 2 11 2 _ 9 1 
[00224468] 5 | 4 10 _ 0 7 _ _ 11 2 7 9 1 
[00224469] 4 | 4 10 6 0 7 _ _ 11 2 7 9 1 
[00224470] 6 | _ 10 4 0 7 _ _ 11 2 _ 9 1 
[00224471] 5 | 5 10 4 0 7 _ _ 11 2 _ 9 1 
[00224472] 4 | 5 10 4 0 7 3 _ 11 2 _ 9 1 
[00224473] 4 | 5 10 4 0 7 _ 3 11 2 _ 9 1 
[00224474] 4 | 5 10 4 0 7 _ _ 11 2 6 9 1 
[00224475] 5 | _ 10 4 0 7 2 _ 11 2 _ 9 1 
[00224476] 4 | 6 10 4 0 7 2 _ 11 2 _ 9 1 
[00224477] 4 | _ 10 4 0 7 2 3 11 2 _ 9 1 
[00224478] 5 | _ 10 4 0 7 _ 2 11 2 _ 9 1 
[00224479] 4 | 6 10 4 0 7 _ 2 11 2 _ 9 1 
[00224480] 4 | _ 10 4 0 7 3 2 11 2 _ 9 1 
[00224481] 5 | _ 10 4 0 7 _ _ 11 2 7 9 1 
[00224482] 4 | 6 10 4 0 7 _ _ 11 2 7 9 1 
[00224483] 6 | _ 10 _ 0 7 _ _ 11 2 8 9 1 
[00224484] 5 | 5 10 _ 0 7 _ _ 11 2 8 9 1 
[00224485] 4 | 5 10 6 0 7 _ _ 11 2 8 9 1 
[00224486] 3 | 5 10 6 0 7 4 _ 11 2 8 9 1 
[00224487] 3 | 5 10 6 0 7 _ 4 11 2 8 9 1 
[00224488] 4 | 5 10 _ 0 7 3 _ 11 2 8 9 1 
[00224489] 3 | 5 10 7 0 7 3 _ 11 2 8 9 1 
[00224490] 3 | 5 10 _ 0 7 3 4 11 2 8 9 1 
[00224491] 3 | 5 10 _ 0 7 3 10 11 2 8 9 1 
[00224492] 4 | 5 10 _ 0 7 _ 3 11 2 8 9 1 
[00224493] 3 | 5 10 7 0 7 _ 3 11 2 8 9 1 
[00224494] 3 | 5 10 _ 0 7 4 3 11 2 8 9 1 
[00224495] 3 | 5 10 _ 0 7 10 3 11 2 8 9 1 
[00224496] 5 | _ 10 5 0 7 _ _ 11 2 8 9 1 
[00224497] 4 | 6 10 5 0 7 _ _ 11 2 8 9 1 
[00224498] 3 | 6 10 5 0 7 4 _ 11 2 8 9 1 
[00224499] 3 | 6 10 5 0 7 _ 4 11 2 8 9 1 
[00224500] 4 | _ 10 5 0 7 3 _ 11 2 8 9 1 
[00224501] 3 | 7 10 5 0 7 3 _ 11 2 8 9 1 
[00224502] 3 | _ 10 5 0 7 3 4 11 2 8 9 1 
[00224503] 3 | _ 10 5 0 7 3 10 11 2 8 9 1 
[00224504] 4 | _ 10 5 0 7 _ 3 11 2 8 9 1 
[00224505] 3 | 7 10 5 0 7 _ 3 11 2 8 9 1 
[00224506] 3 | _ 10 5 0 7 4 3 11 2 8 9 1 
[00224507] 3 | _ 10 5 0 7 10 3 11 2 8 9 1 
[00224508] 9 | _ 10 _ 0 _ _ _ 11 _ _ 2 _ 
[00224509] 8 | 2 10 _ 0 _ _ _ 11 _ _ 2 _ 
[00224510] 7 | 2 10 3 0 _ _ _ 11 _ _ 2 _ 
[00224511] 6 | 2 10 3 0 6 _ _ 11 _ _ 2 _ 
[00224512] 5 | 2 10 3 0 6 1 _ 11 _ _ 2 _ 
[00224513] 4 | 2 10 3 0 6 1 _ 11 7 _ 2 _ 
[00224514] 3 | 2 10 3 0 6 1 9 11 7 _ 2 _ 
[00224515] 2 | 2 10 3 0 6 1 9 11 7 5 2 _ 
[00224516] 3 | 2 10 3 0 6 1 _ 11 7 4 2 _ 
[00224517] 2 | 2 10 3 0 6 1 8 11 7 4 2 _ 
[00224518] 4 | 2 10 3 0 6 1 _ 11 4 8 2 _ 
[00224519] 3 | 2 10 3 0 6 1 9 11 4 8 2 _ 
[00224520] 4 | 2 10 3 0 6 1 _ 11 5 9 2 _ 
[00224521] 4 | 2 10 3 0 6 1 _ 11 8 4 2 _ 
[00224522] 3 | 2 10 3 0 6 1 9 11 8 4 2 _ 
[00224523] 4 | 2 10 3 0 6 1 _ 11 9 5 2 _ 
[00224524] 5 | 2 10 3 0 6 11 _ 11 _ _ 2 _ 
[00224525] 4 | 2 10 3 0 6 11 _ 11 1 5 2 _ 
[00224526] 3 | 2 10 3 0 6 11 9 11 1 5 2 _ 
[00224527] 4 | 2 10 3 0 6 11 _ 11 4 8 2 _ 
[00224528] 3 | 2 10 3 0 6 11 9 11 4 8 2 _ 
[00224529] 4 | 2 10 3 0 6 11 _ 11 5 9 2 _ 
[00224530] 4 | 2 10 3 0 6 11 _ 11 5 1 2 _ 
[00224531] 3 | 2 10 3 0 6 11 9 11 5 1 2 _ 
[00224532] 4 | 2 10 3 0 6 11 _ 11 8 4 2 _ 
[00224533] 3 | 2 10 3 0 6 11 9 11 8 4 2 _ 
[00224534] 4 | 2 10 3 0 6 11 _ 11 9 5 2 _ 
[00224535] 5 | 2 10 3 0 6 _ 1 11 _ _ 2 _ 
[00224536] 4 | 2 10 3 0 6 _ 1 11 7 _ 2 _ 
[00224537] 3 | 2 10 3 0 6 9 1 11 7 _ 2 _ 
[00224538] 2 | 2 10 3 0 6 9 1 11 7 5 2 _ 
[00224539] 3 | 2 10 3 0 6 _ 1 11 7 4 2 _ 
[00224540] 2 | 2 10 3 0 6 8 1 11 7 4 2 _ 
[00224541] 4 | 2 10 3 0 6 _ 1 11 4 8 2 _ 
[00224542] 3 | 2 10 3 0 6 9 1 11 4 8 2 _ 
[00224543] 4 | 2 10 3 0 6 _ 1 11 5 9 2 _ 
[00224544] 4 | 2 10 3 0 6 _ 1 11 8 4 2 _ 
[00224545] 3 | 2 10 3 0 6 9 1 11 8 4 2 _ 
[00224546] 4 | 2 10 3 0 6 _ 1 11 9 5 2 _ 
[00224547] 5 | 2 10 3 0 6 _ 11 11 _ _ 2 _ 
[00224548] 4 | 2 10 3 0 6 _ 11 11 1 5 2 _ 
[00224549] 3 | 2 10 3 0 6 9 11 11 1 5 2 _ 
[00224550] 4 | 2 10 3 0 6 _ 11 11 4 8 2 _ 
[00224551] 3 | 2 10 3 0 6 9 11 11 4 8 2 _ 
[00224552] 4 | 2 10 3 0 6 _ 11 11 5 9 2 _ 
[00224553] 4 | 2 10 3 0 6 _ 11 11 5 1 2 _ 
[00224554] 3 | 2 10 3 0 6 9 11 11 5 1 2 _ 
[00224555] 4 | 2 10 3 0 6 _ 11 11 8 4 2 _ 
[00224556] 3 | 2 10 3 0 6 9 11 11 8 4 2 _ 
