[00331710] 5 | 9 4 _ 11 5 _ _ 0 8 _ 10 1 
[00331711] 4 | 9 4 8 11 5 _ _ 0 8 _ 10 1 
[00331712] 3 | 9 4 8 11 5 2 _ 0 8 _ 10 1 
[00331713] 2 | 9 4 8 11 5 2 3 0 8 _ 10 1 
[00331714] 2 | 9 4 8 11 5 2 7 0 8 _ 10 1 
[00331715] 3 | 9 4 8 11 5 _ 2 0 8 _ 10 1 
[00331716] 2 | 9 4 8 11 5 3 2 0 8 _ 10 1 
[00331717] 2 | 9 4 8 11 5 7 2 0 8 _ 10 1 
[00331718] 4 | 9 4 _ 11 5 _ _ 0 8 4 10 1 
[00331719] 3 | 9 4 _ 11 5 2 _ 0 8 4 10 1 
[00331720] 2 | 9 4 _ 11 5 2 3 0 8 4 10 1 
[00331721] 2 | 9 4 _ 11 5 2 7 0 8 4 10 1 
[00331722] 3 | 9 4 _ 11 5 _ 2 0 8 4 10 1 
[00331723] 2 | 9 4 _ 11 5 3 2 0 8 4 10 1 
[00331724] 2 | 9 4 _ 11 5 7 2 0 8 4 10 1 
[00331725] 5 | _ 4 9 11 5 _ _ 0 8 _ 10 1 
[00331726] 4 | 8 4 9 11 5 _ _ 0 8 _ 10 1 
[00331727] 3 | 8 4 9 11 5 2 _ 0 8 _ 10 1 
[00331728] 2 | 8 4 9 11 5 2 3 0 8 _ 10 1 
[00331729] 2 | 8 4 9 11 5 2 7 0 8 _ 10 1 
[00331730] 3 | 8 4 9 11 5 _ 2 0 8 _ 10 1 
[00331731] 2 | 8 4 9 11 5 3 2 0 8 _ 10 1 
[00331732] 2 | 8 4 9 11 5 7 2 0 8 _ 10 1 
[00331733] 4 | _ 4 9 11 5 _ _ 0 8 4 10 1 
[00331734] 3 | _ 4 9 11 5 2 _ 0 8 4 10 1 
[00331735] 2 | _ 4 9 11 5 2 3 0 8 4 10 1 
[00331736] 2 | _ 4 9 11 5 2 7 0 8 4 10 1 
[00331737] 3 | _ 4 9 11 5 _ 2 0 8 4 10 1 
[00331738] 2 | _ 4 9 11 5 3 2 0 8 4 10 1 
[00331739] 2 | _ 4 9 11 5 7 2 0 8 4 10 1 
[00331740] 5 | _ 4 _ 11 5 _ _ 0 8 3 10 1 
[00331741] 4 | _ 4 _ 11 5 9 _ 0 8 3 10 1 
[00331742] 3 | 7 4 _ 11 5 9 _ 0 8 3 10 1 
[00331743] 2 | 7 4 2 11 5 9 _ 0 8 3 10 1 
[00331744] 1 | 7 4 2 11 5 9 6 0 8 3 10 1  *Graceful*
[00331744] 2 | 7 4 6 11 5 9 _ 0 8 3 10 1 
[00331745] 3 | _ 4 7 11 5 9 _ 0 8 3 10 1 
[00331746] 2 | 2 4 7 11 5 9 _ 0 8 3 10 1 
[00331747] 1 | 2 4 7 11 5 9 6 0 8 3 10 1  *Graceful*
[00331747] 2 | 6 4 7 11 5 9 _ 0 8 3 10 1 
[00331748] 3 | _ 4 _ 11 5 9 2 0 8 3 10 1 
[00331749] 2 | 6 4 _ 11 5 9 2 0 8 3 10 1 
[00331750] 2 | _ 4 6 11 5 9 2 0 8 3 10 1 
[00331751] 4 | _ 4 _ 11 5 _ 9 0 8 3 10 1 
[00331752] 3 | 7 4 _ 11 5 _ 9 0 8 3 10 1 
[00331753] 2 | 7 4 2 11 5 _ 9 0 8 3 10 1 
[00331754] 1 | 7 4 2 11 5 6 9 0 8 3 10 1  *Graceful*
[00331754] 2 | 7 4 6 11 5 _ 9 0 8 3 10 1 
[00331755] 3 | _ 4 7 11 5 _ 9 0 8 3 10 1 
[00331756] 2 | 2 4 7 11 5 _ 9 0 8 3 10 1 
[00331757] 1 | 2 4 7 11 5 6 9 0 8 3 10 1  *Graceful*
[00331757] 2 | 6 4 7 11 5 _ 9 0 8 3 10 1 
[00331758] 3 | _ 4 _ 11 5 2 9 0 8 3 10 1 
[00331759] 2 | 6 4 _ 11 5 2 9 0 8 3 10 1 
[00331760] 2 | _ 4 6 11 5 2 9 0 8 3 10 1 
[00331761] 6 | _ 4 _ 11 3 9 _ 0 8 _ 10 1 
[00331762] 5 | _ 4 _ 11 3 9 8 0 8 _ 10 1 
[00331763] 5 | _ 4 _ 11 3 9 _ 0 8 3 10 1 
[00331764] 6 | _ 4 _ 11 9 3 _ 0 8 _ 10 1 
[00331765] 5 | 9 4 _ 11 9 3 _ 0 8 _ 10 1 
[00331766] 4 | 9 4 8 11 9 3 _ 0 8 _ 10 1 
[00331767] 4 | 9 4 _ 11 9 3 _ 0 8 4 10 1 
[00331768] 5 | _ 4 9 11 9 3 _ 0 8 _ 10 1 
[00331769] 4 | 8 4 9 11 9 3 _ 0 8 _ 10 1 
[00331770] 4 | _ 4 9 11 9 3 _ 0 8 4 10 1 
[00331771] 5 | _ 4 _ 11 9 3 4 0 8 _ 10 1 
[00331772] 6 | _ 4 _ 11 3 _ 9 0 8 _ 10 1 
[00331773] 5 | _ 4 _ 11 3 8 9 0 8 _ 10 1 
[00331774] 5 | _ 4 _ 11 3 _ 9 0 8 3 10 1 
[00331775] 6 | _ 4 _ 11 9 _ 3 0 8 _ 10 1 
[00331776] 5 | 9 4 _ 11 9 _ 3 0 8 _ 10 1 
[00331777] 4 | 9 4 8 11 9 _ 3 0 8 _ 10 1 
[00331778] 4 | 9 4 _ 11 9 _ 3 0 8 4 10 1 
[00331779] 5 | _ 4 9 11 9 _ 3 0 8 _ 10 1 
[00331780] 4 | 8 4 9 11 9 _ 3 0 8 _ 10 1 
[00331781] 4 | _ 4 9 11 9 _ 3 0 8 4 10 1 
[00331782] 5 | _ 4 _ 11 9 4 3 0 8 _ 10 1 
[00331783] 6 | _ 4 _ 11 _ _ _ 0 8 2 10 1 
[00331784] 5 | 9 4 _ 11 _ _ _ 0 8 2 10 1 
[00331785] 4 | 9 4 _ 11 7 _ _ 0 8 2 10 1 
[00331786] 3 | 9 4 7 11 7 _ _ 0 8 2 10 1 
[00331787] 3 | 9 4 _ 11 7 4 _ 0 8 2 10 1 
[00331788] 2 | 9 4 _ 11 7 4 5 0 8 2 10 1 
[00331789] 3 | 9 4 _ 11 7 _ 4 0 8 2 10 1 
[00331790] 2 | 9 4 _ 11 7 5 4 0 8 2 10 1 
[00331791] 4 | 9 4 _ 11 3 7 _ 0 8 2 10 1 
[00331792] 3 | 9 4 _ 11 3 7 6 0 8 2 10 1 
[00331793] 4 | 9 4 _ 11 7 3 _ 0 8 2 10 1 
[00331794] 3 | 9 4 7 11 7 3 _ 0 8 2 10 1 
[00331795] 3 | 9 4 _ 11 7 3 4 0 8 2 10 1 
[00331796] 4 | 9 4 _ 11 3 _ 7 0 8 2 10 1 
[00331797] 3 | 9 4 _ 11 3 6 7 0 8 2 10 1 
[00331798] 4 | 9 4 _ 11 7 _ 3 0 8 2 10 1 
[00331799] 3 | 9 4 7 11 7 _ 3 0 8 2 10 1 
[00331800] 3 | 9 4 _ 11 7 4 3 0 8 2 10 1 
[00331801] 5 | _ 4 9 11 _ _ _ 0 8 2 10 1 
[00331802] 4 | _ 4 9 11 7 _ _ 0 8 2 10 1 
[00331803] 3 | 7 4 9 11 7 _ _ 0 8 2 10 1 
[00331804] 3 | _ 4 9 11 7 4 _ 0 8 2 10 1 
[00331805] 2 | _ 4 9 11 7 4 5 0 8 2 10 1 
[00331806] 3 | _ 4 9 11 7 _ 4 0 8 2 10 1 
[00331807] 2 | _ 4 9 11 7 5 4 0 8 2 10 1 
[00331808] 4 | _ 4 9 11 3 7 _ 0 8 2 10 1 
[00331809] 3 | _ 4 9 11 3 7 6 0 8 2 10 1 
[00331810] 4 | _ 4 9 11 7 3 _ 0 8 2 10 1 
[00331811] 3 | 7 4 9 11 7 3 _ 0 8 2 10 1 
[00331812] 3 | _ 4 9 11 7 3 4 0 8 2 10 1 
[00331813] 4 | _ 4 9 11 3 _ 7 0 8 2 10 1 
[00331814] 3 | _ 4 9 11 3 6 7 0 8 2 10 1 
[00331815] 4 | _ 4 9 11 7 _ 3 0 8 2 10 1 
[00331816] 3 | 7 4 9 11 7 _ 3 0 8 2 10 1 
[00331817] 3 | _ 4 9 11 7 4 3 0 8 2 10 1 
[00331818] 5 | _ 4 _ 11 6 _ _ 0 8 2 10 1 
[00331819] 7 | _ _ _ 11 4 _ _ 0 8 _ 10 1 
[00331820] 6 | 3 9 _ 11 4 _ _ 0 8 _ 10 1 
[00331821] 5 | 3 9 4 11 4 _ _ 0 8 _ 10 1 
[00331822] 5 | 3 9 _ 11 4 9 _ 0 8 _ 10 1 
[00331823] 4 | 3 9 _ 11 4 9 8 0 8 _ 10 1 
[00331824] 4 | 3 9 _ 11 4 9 _ 0 8 4 10 1 
[00331825] 5 | 3 9 _ 11 4 _ 9 0 8 _ 10 1 
[00331826] 4 | 3 9 _ 11 4 8 9 0 8 _ 10 1 
[00331827] 4 | 3 9 _ 11 4 _ 9 0 8 4 10 1 
[00331828] 6 | 9 3 _ 11 4 _ _ 0 8 _ 10 1 
[00331829] 6 | _ 3 9 11 4 _ _ 0 8 _ 10 1 
[00331830] 6 | _ 9 3 11 4 _ _ 0 8 _ 10 1 
[00331831] 5 | 4 9 3 11 4 _ _ 0 8 _ 10 1 
[00331832] 5 | _ 9 3 11 4 9 _ 0 8 _ 10 1 
[00331833] 4 | _ 9 3 11 4 9 8 0 8 _ 10 1 
[00331834] 4 | _ 9 3 11 4 9 _ 0 8 4 10 1 
[00331835] 5 | _ 9 3 11 4 _ 9 0 8 _ 10 1 
[00331836] 4 | _ 9 3 11 4 8 9 0 8 _ 10 1 
[00331837] 4 | _ 9 3 11 4 _ 9 0 8 4 10 1 
[00331838] 6 | _ 5 _ 11 4 _ _ 0 8 _ 10 1 
[00331839] 5 | _ 5 _ 11 4 9 _ 0 8 _ 10 1 
[00331840] 4 | _ 5 _ 11 4 9 8 0 8 _ 10 1 
[00331841] 3 | 2 5 _ 11 4 9 8 0 8 _ 10 1 
[00331842] 2 | 2 5 3 11 4 9 8 0 8 _ 10 1 
[00331843] 2 | 2 5 7 11 4 9 8 0 8 _ 10 1 
[00331844] 3 | _ 5 2 11 4 9 8 0 8 _ 10 1 
[00331845] 2 | 3 5 2 11 4 9 8 0 8 _ 10 1 
[00331846] 2 | 7 5 2 11 4 9 8 0 8 _ 10 1 
[00331847] 4 | _ 5 _ 11 4 9 _ 0 8 4 10 1 
[00331848] 3 | 2 5 _ 11 4 9 _ 0 8 4 10 1 
[00331849] 2 | 2 5 3 11 4 9 _ 0 8 4 10 1 
[00331850] 2 | 2 5 7 11 4 9 _ 0 8 4 10 1 
[00331851] 3 | _ 5 2 11 4 9 _ 0 8 4 10 1 
[00331852] 2 | 3 5 2 11 4 9 _ 0 8 4 10 1 
[00331853] 2 | 7 5 2 11 4 9 _ 0 8 4 10 1 
[00331854] 5 | _ 5 _ 11 4 _ 9 0 8 _ 10 1 
[00331855] 4 | _ 5 _ 11 4 8 9 0 8 _ 10 1 
[00331856] 3 | 2 5 _ 11 4 8 9 0 8 _ 10 1 
[00331857] 2 | 2 5 3 11 4 8 9 0 8 _ 10 1 
[00331858] 2 | 2 5 7 11 4 8 9 0 8 _ 10 1 
[00331859] 3 | _ 5 2 11 4 8 9 0 8 _ 10 1 
[00331860] 2 | 3 5 2 11 4 8 9 0 8 _ 10 1 
[00331861] 2 | 7 5 2 11 4 8 9 0 8 _ 10 1 
[00331862] 4 | _ 5 _ 11 4 _ 9 0 8 4 10 1 
[00331863] 3 | 2 5 _ 11 4 _ 9 0 8 4 10 1 
[00331864] 2 | 2 5 3 11 4 _ 9 0 8 4 10 1 
[00331865] 2 | 2 5 7 11 4 _ 9 0 8 4 10 1 
[00331866] 3 | _ 5 2 11 4 _ 9 0 8 4 10 1 
[00331867] 2 | 3 5 2 11 4 _ 9 0 8 4 10 1 
[00331868] 2 | 7 5 2 11 4 _ 9 0 8 4 10 1 
[00331869] 5 | _ 5 _ 11 4 _ _ 0 8 3 10 1 
[00331870] 4 | 9 5 _ 11 4 _ _ 0 8 3 10 1 
[00331871] 3 | 9 5 2 11 4 _ _ 0 8 3 10 1 
[00331872] 2 | 9 5 2 11 4 6 _ 0 8 3 10 1 
[00331873] 2 | 9 5 2 11 4 _ 6 0 8 3 10 1 
[00331874] 3 | 9 5 _ 11 4 7 _ 0 8 3 10 1 
[00331875] 2 | 9 5 _ 11 4 7 2 0 8 3 10 1 
[00331876] 1 | 9 5 6 11 4 7 2 0 8 3 10 1  *Graceful*
[00331876] 2 | 9 5 _ 11 4 7 6 0 8 3 10 1 
[00331877] 3 | 9 5 _ 11 4 _ 7 0 8 3 10 1 
[00331878] 2 | 9 5 _ 11 4 2 7 0 8 3 10 1 
[00331879] 1 | 9 5 6 11 4 2 7 0 8 3 10 1  *Graceful*
[00331879] 2 | 9 5 _ 11 4 6 7 0 8 3 10 1 
[00331880] 4 | _ 5 9 11 4 _ _ 0 8 3 10 1 
[00331881] 3 | 2 5 9 11 4 _ _ 0 8 3 10 1 
[00331882] 2 | 2 5 9 11 4 6 _ 0 8 3 10 1 
[00331883] 2 | 2 5 9 11 4 _ 6 0 8 3 10 1 
[00331884] 3 | _ 5 9 11 4 7 _ 0 8 3 10 1 
[00331885] 2 | _ 5 9 11 4 7 2 0 8 3 10 1 
[00331886] 1 | 6 5 9 11 4 7 2 0 8 3 10 1  *Graceful*
[00331886] 2 | _ 5 9 11 4 7 6 0 8 3 10 1 
[00331887] 3 | _ 5 9 11 4 _ 7 0 8 3 10 1 
[00331888] 2 | _ 5 9 11 4 2 7 0 8 3 10 1 
[00331889] 1 | 6 5 9 11 4 2 7 0 8 3 10 1  *Graceful*
[00331889] 2 | _ 5 9 11 4 6 7 0 8 3 10 1 
[00331890] 6 | _ _ _ 11 4 _ _ 0 8 2 10 1 
[00331891] 5 | _ 6 _ 11 4 _ _ 0 8 2 10 1 
[00331892] 5 | _ _ _ 11 4 9 _ 0 8 2 10 1 
[00331893] 4 | 3 7 _ 11 4 9 _ 0 8 2 10 1 
[00331894] 4 | 7 3 _ 11 4 9 _ 0 8 2 10 1 
[00331895] 4 | _ 3 7 11 4 9 _ 0 8 2 10 1 
[00331896] 4 | _ 7 3 11 4 9 _ 0 8 2 10 1 
[00331897] 4 | _ 7 _ 11 4 9 _ 0 8 2 10 1 
[00331898] 3 | 4 7 _ 11 4 9 _ 0 8 2 10 1 
[00331899] 2 | 4 7 5 11 4 9 _ 0 8 2 10 1 
[00331900] 3 | _ 7 4 11 4 9 _ 0 8 2 10 1 
[00331901] 2 | 5 7 4 11 4 9 _ 0 8 2 10 1 
[00331902] 3 | _ 7 _ 11 4 9 7 0 8 2 10 1 
[00331903] 5 | _ _ _ 11 4 _ 9 0 8 2 10 1 
[00331904] 4 | 3 7 _ 11 4 _ 9 0 8 2 10 1 
[00331905] 4 | 7 3 _ 11 4 _ 9 0 8 2 10 1 
[00331906] 4 | _ 3 7 11 4 _ 9 0 8 2 10 1 
[00331907] 4 | _ 7 3 11 4 _ 9 0 8 2 10 1 
[00331908] 4 | _ 7 _ 11 4 _ 9 0 8 2 10 1 
[00331909] 3 | 4 7 _ 11 4 _ 9 0 8 2 10 1 
[00331910] 2 | 4 7 5 11 4 _ 9 0 8 2 10 1 
[00331911] 3 | _ 7 4 11 4 _ 9 0 8 2 10 1 
[00331912] 2 | 5 7 4 11 4 _ 9 0 8 2 10 1 
[00331913] 3 | _ 7 _ 11 4 7 9 0 8 2 10 1 
[00331914] 7 | _ _ _ 11 2 9 _ 0 8 _ 10 1 
[00331915] 6 | _ 5 _ 11 2 9 _ 0 8 _ 10 1 
[00331916] 5 | _ 5 _ 11 2 9 7 0 8 _ 10 1 
[00331917] 4 | _ 5 _ 11 2 9 7 0 8 4 10 1 
[00331918] 5 | _ 5 _ 11 2 9 _ 0 8 3 10 1 
[00331919] 4 | _ 5 _ 11 2 9 6 0 8 3 10 1 
[00331920] 6 | _ _ _ 11 2 9 8 0 8 _ 10 1 
[00331921] 5 | _ 6 _ 11 2 9 8 0 8 _ 10 1 
[00331922] 6 | _ _ _ 11 2 9 _ 0 8 2 10 1 
[00331923] 5 | _ 6 _ 11 2 9 _ 0 8 2 10 1 
[00331924] 7 | _ _ _ 11 9 2 _ 0 8 _ 10 1 
[00331925] 6 | _ 5 _ 11 9 2 _ 0 8 _ 10 1 
[00331926] 5 | _ 5 _ 11 9 2 4 0 8 _ 10 1 
[00331927] 5 | _ 5 _ 11 9 2 _ 0 8 3 10 1 
[00331928] 4 | 9 5 _ 11 9 2 _ 0 8 3 10 1 
[00331929] 4 | _ 5 9 11 9 2 _ 0 8 3 10 1 
[00331930] 4 | _ 5 _ 11 9 2 5 0 8 3 10 1 
[00331931] 6 | _ _ _ 11 9 2 3 0 8 _ 10 1 
[00331932] 5 | _ 6 _ 11 9 2 3 0 8 _ 10 1 
[00331933] 4 | _ 6 _ 11 9 2 3 0 8 4 10 1 
[00331934] 7 | _ _ _ 11 2 _ 9 0 8 _ 10 1 
[00331935] 6 | _ 5 _ 11 2 _ 9 0 8 _ 10 1 
[00331936] 5 | _ 5 _ 11 2 7 9 0 8 _ 10 1 
[00331937] 4 | _ 5 _ 11 2 7 9 0 8 4 10 1 
[00331938] 5 | _ 5 _ 11 2 _ 9 0 8 3 10 1 
[00331939] 4 | _ 5 _ 11 2 6 9 0 8 3 10 1 
[00331940] 6 | _ _ _ 11 2 8 9 0 8 _ 10 1 
[00331941] 5 | _ 6 _ 11 2 8 9 0 8 _ 10 1 
[00331942] 6 | _ _ _ 11 2 _ 9 0 8 2 10 1 
[00331943] 5 | _ 6 _ 11 2 _ 9 0 8 2 10 1 
[00331944] 7 | _ _ _ 11 9 _ 2 0 8 _ 10 1 
[00331945] 6 | _ 5 _ 11 9 _ 2 0 8 _ 10 1 
[00331946] 5 | _ 5 _ 11 9 4 2 0 8 _ 10 1 
[00331947] 5 | _ 5 _ 11 9 _ 2 0 8 3 10 1 
[00331948] 4 | 9 5 _ 11 9 _ 2 0 8 3 10 1 
[00331949] 4 | _ 5 9 11 9 _ 2 0 8 3 10 1 
[00331950] 4 | _ 5 _ 11 9 5 2 0 8 3 10 1 
[00331951] 6 | _ _ _ 11 9 3 2 0 8 _ 10 1 
[00331952] 5 | _ 6 _ 11 9 3 2 0 8 _ 10 1 
[00331953] 4 | _ 6 _ 11 9 3 2 0 8 4 10 1 
[00331954] 11 | _ _ _ _ _ _ _ 0 11 _ _ _ 
[00331955] 10 | _ _ _ 10 _ _ _ 0 11 _ _ _ 
[00331956] 9 | _ 1 _ 10 _ _ _ 0 11 _ _ _ 
[00331957] 8 | 9 1 _ 10 _ _ _ 0 11 _ _ _ 
[00331958] 7 | 9 1 8 10 _ _ _ 0 11 _ _ _ 
[00331959] 6 | 9 1 8 10 4 _ _ 0 11 _ _ _ 
[00331960] 5 | 9 1 8 10 4 _ _ 0 11 6 _ _ 
[00331961] 4 | 9 1 8 10 4 0 _ 0 11 6 _ _ 
[00331962] 3 | 9 1 8 10 4 0 7 0 11 6 _ _ 
[00331963] 2 | 9 1 8 10 4 0 7 0 11 6 3 5 
[00331964] 2 | 9 1 8 10 4 0 7 0 11 6 5 3 
[00331965] 3 | 9 1 8 10 4 0 _ 0 11 6 2 5 
[00331966] 3 | 9 1 8 10 4 0 _ 0 11 6 5 2 
[00331967] 4 | 9 1 8 10 4 _ 0 0 11 6 _ _ 
[00331968] 3 | 9 1 8 10 4 7 0 0 11 6 _ _ 
[00331969] 2 | 9 1 8 10 4 7 0 0 11 6 3 5 
[00331970] 2 | 9 1 8 10 4 7 0 0 11 6 5 3 
[00331971] 3 | 9 1 8 10 4 _ 0 0 11 6 2 5 
[00331972] 3 | 9 1 8 10 4 _ 0 0 11 6 5 2 
[00331973] 4 | 9 1 8 10 4 _ _ 0 11 6 4 _ 
[00331974] 3 | 9 1 8 10 4 7 _ 0 11 6 4 _ 
[00331975] 2 | 9 1 8 10 4 7 2 0 11 6 4 _ 
[00331976] 2 | 9 1 8 10 4 7 _ 0 11 6 4 2 
[00331977] 3 | 9 1 8 10 4 _ 7 0 11 6 4 _ 
[00331978] 2 | 9 1 8 10 4 2 7 0 11 6 4 _ 
[00331979] 2 | 9 1 8 10 4 _ 7 0 11 6 4 2 
[00331980] 3 | 9 1 8 10 4 _ _ 0 11 6 4 7 
[00331981] 4 | 9 1 8 10 4 _ _ 0 11 6 3 7 
[00331982] 4 | 9 1 8 10 4 _ _ 0 11 6 7 3 
[00331983] 5 | 9 1 8 10 4 _ _ 0 11 _ 5 _ 
[00331984] 4 | 9 1 8 10 4 _ _ 0 11 7 5 _ 
[00331985] 3 | 9 1 8 10 4 _ _ 0 11 7 5 2 
[00331986] 2 | 9 1 8 10 4 6 _ 0 11 7 5 2 
[00331987] 1 | 9 1 8 10 4 6 3 0 11 7 5 2  *Graceful*
[00331987] 2 | 9 1 8 10 4 _ 6 0 11 7 5 2 
[00331988] 1 | 9 1 8 10 4 3 6 0 11 7 5 2  *Graceful*
[00331988] 5 | 9 1 8 10 4 _ _ 0 11 _ 2 7 
[00331989] 5 | 9 1 8 10 4 _ _ 0 11 _ 7 2 
[00331990] 6 | 9 1 8 10 _ _ _ 0 11 5 _ _ 
[00331991] 5 | 9 1 8 10 2 7 _ 0 11 5 _ _ 
[00331992] 4 | 9 1 8 10 2 7 6 0 11 5 _ _ 
[00331993] 3 | 9 1 8 10 2 7 6 0 11 5 3 _ 
[00331994] 4 | 9 1 8 10 2 7 _ 0 11 5 4 _ 
[00331995] 5 | 9 1 8 10 7 2 _ 0 11 5 _ _ 
[00331996] 4 | 9 1 8 10 7 2 3 0 11 5 _ _ 
[00331997] 4 | 9 1 8 10 7 2 _ 0 11 5 4 _ 
[00331998] 3 | 9 1 8 10 7 2 4 0 11 5 4 _ 
[00331999] 3 | 9 1 8 10 7 2 _ 0 11 5 4 7 
[00332000] 5 | 9 1 8 10 2 _ 7 0 11 5 _ _ 
[00332001] 4 | 9 1 8 10 2 6 7 0 11 5 _ _ 
[00332002] 3 | 9 1 8 10 2 6 7 0 11 5 3 _ 
[00332003] 4 | 9 1 8 10 2 _ 7 0 11 5 4 _ 
[00332004] 5 | 9 1 8 10 7 _ 2 0 11 5 _ _ 
[00332005] 4 | 9 1 8 10 7 3 2 0 11 5 _ _ 
[00332006] 4 | 9 1 8 10 7 _ 2 0 11 5 4 _ 
[00332007] 3 | 9 1 8 10 7 4 2 0 11 5 4 _ 
[00332008] 3 | 9 1 8 10 7 _ 2 0 11 5 4 7 
[00332009] 5 | 9 1 8 10 _ _ _ 0 11 5 2 7 
[00332010] 4 | 9 1 8 10 6 _ _ 0 11 5 2 7 
[00332011] 3 | 9 1 8 10 6 3 _ 0 11 5 2 7 
[00332012] 2 | 9 1 8 10 6 3 4 0 11 5 2 7 
[00332013] 3 | 9 1 8 10 6 _ 3 0 11 5 2 7 
[00332014] 2 | 9 1 8 10 6 4 3 0 11 5 2 7 
[00332015] 5 | 9 1 8 10 _ _ _ 0 11 5 7 2 
[00332016] 4 | 9 1 8 10 6 _ _ 0 11 5 7 2 
[00332017] 3 | 9 1 8 10 6 3 _ 0 11 5 7 2 
[00332018] 2 | 9 1 8 10 6 3 4 0 11 5 7 2 
[00332019] 3 | 9 1 8 10 6 _ 3 0 11 5 7 2 
[00332020] 2 | 9 1 8 10 6 4 3 0 11 5 7 2 
[00332021] 6 | 9 1 8 10 _ _ _ 0 11 _ 6 _ 
[00332022] 5 | 9 1 8 10 5 _ _ 0 11 _ 6 _ 
[00332023] 4 | 9 1 8 10 5 _ _ 0 11 7 6 _ 
[00332024] 3 | 9 1 8 10 5 2 _ 0 11 7 6 _ 
[00332025] 2 | 9 1 8 10 5 2 3 0 11 7 6 _ 
[00332026] 2 | 9 1 8 10 5 2 _ 0 11 7 6 4 
[00332027] 3 | 9 1 8 10 5 _ 2 0 11 7 6 _ 
[00332028] 2 | 9 1 8 10 5 3 2 0 11 7 6 _ 
[00332029] 2 | 9 1 8 10 5 _ 2 0 11 7 6 4 
[00332030] 3 | 9 1 8 10 5 _ _ 0 11 7 6 3 
[00332031] 4 | 9 1 8 10 5 _ _ 0 11 _ 6 2 
[00332032] 5 | 9 1 8 10 2 7 _ 0 11 _ 6 _ 
[00332033] 4 | 9 1 8 10 2 7 6 0 11 _ 6 _ 
[00332034] 4 | 9 1 8 10 2 7 _ 0 11 _ 6 2 
[00332035] 5 | 9 1 8 10 7 2 _ 0 11 _ 6 _ 
[00332036] 4 | 9 1 8 10 7 2 3 0 11 _ 6 _ 
[00332037] 4 | 9 1 8 10 7 2 11 0 11 _ 6 _ 
[00332038] 3 | 9 1 8 10 7 2 11 0 11 _ 6 3 
[00332039] 4 | 9 1 8 10 7 2 _ 0 11 7 6 _ 
[00332040] 3 | 9 1 8 10 7 2 _ 0 11 7 6 3 
[00332041] 5 | 9 1 8 10 2 _ 7 0 11 _ 6 _ 
[00332042] 4 | 9 1 8 10 2 6 7 0 11 _ 6 _ 
[00332043] 4 | 9 1 8 10 2 _ 7 0 11 _ 6 2 
[00332044] 5 | 9 1 8 10 7 _ 2 0 11 _ 6 _ 
[00332045] 4 | 9 1 8 10 7 3 2 0 11 _ 6 _ 
[00332046] 4 | 9 1 8 10 7 11 2 0 11 _ 6 _ 
[00332047] 3 | 9 1 8 10 7 11 2 0 11 _ 6 3 
[00332048] 4 | 9 1 8 10 7 _ 2 0 11 7 6 _ 
[00332049] 3 | 9 1 8 10 7 _ 2 0 11 7 6 3 
[00332050] 5 | 9 1 8 10 _ _ _ 0 11 6 6 _ 
[00332051] 4 | 9 1 8 10 3 7 _ 0 11 6 6 _ 
[00332052] 4 | 9 1 8 10 7 3 _ 0 11 6 6 _ 
[00332053] 3 | 9 1 8 10 7 3 4 0 11 6 6 _ 
[00332054] 4 | 9 1 8 10 3 _ 7 0 11 6 6 _ 
[00332055] 4 | 9 1 8 10 7 _ 3 0 11 6 6 _ 
[00332056] 3 | 9 1 8 10 7 4 3 0 11 6 6 _ 
[00332057] 5 | 9 1 8 10 _ _ _ 0 11 _ 6 11 
[00332058] 4 | 9 1 8 10 3 7 _ 0 11 _ 6 11 
[00332059] 4 | 9 1 8 10 7 3 _ 0 11 _ 6 11 
[00332060] 3 | 9 1 8 10 7 3 4 0 11 _ 6 11 
[00332061] 4 | 9 1 8 10 3 _ 7 0 11 _ 6 11 
[00332062] 4 | 9 1 8 10 7 _ 3 0 11 _ 6 11 
[00332063] 3 | 9 1 8 10 7 4 3 0 11 _ 6 11 
[00332064] 7 | 9 1 _ 10 3 _ _ 0 11 _ _ _ 
[00332065] 6 | 9 1 7 10 3 _ _ 0 11 _ _ _ 
[00332066] 5 | 9 1 7 10 3 8 _ 0 11 _ _ _ 
[00332067] 4 | 9 1 7 10 3 8 _ 0 11 _ 4 _ 
[00332068] 3 | 9 1 7 10 3 8 6 0 11 _ 4 _ 
[00332069] 2 | 9 1 7 10 3 8 6 0 11 _ 4 2 
[00332070] 4 | 9 1 7 10 3 8 _ 0 11 _ 2 6 
[00332071] 4 | 9 1 7 10 3 8 _ 0 11 _ 6 2 
[00332072] 5 | 9 1 7 10 3 _ 8 0 11 _ _ _ 
[00332073] 4 | 9 1 7 10 3 _ 8 0 11 _ 4 _ 
[00332074] 3 | 9 1 7 10 3 6 8 0 11 _ 4 _ 
[00332075] 2 | 9 1 7 10 3 6 8 0 11 _ 4 2 
[00332076] 4 | 9 1 7 10 3 _ 8 0 11 _ 2 6 
[00332077] 4 | 9 1 7 10 3 _ 8 0 11 _ 6 2 
[00332078] 5 | 9 1 7 10 3 _ _ 0 11 6 _ _ 
[00332079] 4 | 9 1 7 10 3 _ _ 0 11 6 4 _ 
[00332080] 4 | 9 1 7 10 3 _ _ 0 11 6 4 8 
[00332081] 4 | 9 1 7 10 3 _ _ 0 11 6 8 4 
[00332082] 5 | 9 1 7 10 3 _ _ 0 11 _ 5 _ 
[00332083] 6 | 9 1 _ 10 3 _ _ 0 11 5 _ _ 
[00332084] 5 | 9 1 6 10 3 _ _ 0 11 5 _ _ 
[00332085] 4 | 9 1 6 10 3 7 _ 0 11 5 _ _ 
[00332086] 3 | 9 1 6 10 3 7 0 0 11 5 _ _ 
[00332087] 2 | 9 1 6 10 3 7 0 0 11 5 2 4 
[00332088] 2 | 9 1 6 10 3 7 0 0 11 5 4 2 
[00332089] 3 | 9 1 6 10 3 7 _ 0 11 5 3 _ 
[00332090] 4 | 9 1 6 10 3 _ 7 0 11 5 _ _ 
[00332091] 3 | 9 1 6 10 3 0 7 0 11 5 _ _ 
[00332092] 2 | 9 1 6 10 3 0 7 0 11 5 2 4 
[00332093] 2 | 9 1 6 10 3 0 7 0 11 5 4 2 
[00332094] 3 | 9 1 6 10 3 _ 7 0 11 5 3 _ 
[00332095] 4 | 9 1 6 10 3 _ _ 0 11 5 4 _ 
[00332096] 3 | 9 1 6 10 3 _ _ 0 11 5 4 7 
[00332097] 4 | 9 1 6 10 3 _ _ 0 11 5 4 8 
[00332098] 4 | 9 1 6 10 3 _ _ 0 11 5 8 4 
[00332099] 5 | 9 1 _ 10 3 8 _ 0 11 5 _ _ 
[00332100] 4 | 9 1 _ 10 3 8 7 0 11 5 _ _ 
[00332101] 3 | 9 1 4 10 3 8 7 0 11 5 _ _ 
[00332102] 2 | 9 1 4 10 3 8 7 0 11 5 2 _ 
[00332103] 4 | 9 1 _ 10 3 8 _ 0 11 5 4 _ 
[00332104] 3 | 9 1 4 10 3 8 _ 0 11 5 4 _ 
[00332105] 3 | 9 1 _ 10 3 8 6 0 11 5 4 _ 
[00332106] 2 | 9 1 _ 10 3 8 6 0 11 5 4 2 
[00332107] 3 | 9 1 _ 10 3 8 _ 0 11 5 4 1 
[00332108] 3 | 9 1 _ 10 3 8 _ 0 11 5 4 7 
[00332109] 2 | 9 1 3 10 3 8 _ 0 11 5 4 7 
[00332110] 2 | 9 1 _ 10 3 8 1 0 11 5 4 7 
[00332111] 4 | 9 1 _ 10 3 8 _ 0 11 5 2 6 
[00332112] 3 | 9 1 4 10 3 8 _ 0 11 5 2 6 
[00332113] 4 | 9 1 _ 10 3 8 _ 0 11 5 6 2 
[00332114] 3 | 9 1 4 10 3 8 _ 0 11 5 6 2 
[00332115] 5 | 9 1 _ 10 3 _ 8 0 11 5 _ _ 
[00332116] 4 | 9 1 _ 10 3 7 8 0 11 5 _ _ 
[00332117] 3 | 9 1 4 10 3 7 8 0 11 5 _ _ 
[00332118] 2 | 9 1 4 10 3 7 8 0 11 5 2 _ 
[00332119] 4 | 9 1 _ 10 3 _ 8 0 11 5 4 _ 
[00332120] 3 | 9 1 4 10 3 _ 8 0 11 5 4 _ 
[00332121] 3 | 9 1 _ 10 3 6 8 0 11 5 4 _ 
[00332122] 2 | 9 1 _ 10 3 6 8 0 11 5 4 2 
[00332123] 3 | 9 1 _ 10 3 _ 8 0 11 5 4 1 
[00332124] 3 | 9 1 _ 10 3 _ 8 0 11 5 4 7 
[00332125] 2 | 9 1 3 10 3 _ 8 0 11 5 4 7 
[00332126] 2 | 9 1 _ 10 3 1 8 0 11 5 4 7 
[00332127] 4 | 9 1 _ 10 3 _ 8 0 11 5 2 6 
[00332128] 3 | 9 1 4 10 3 _ 8 0 11 5 2 6 
[00332129] 4 | 9 1 _ 10 3 _ 8 0 11 5 6 2 
[00332130] 3 | 9 1 4 10 3 _ 8 0 11 5 6 2 
[00332131] 5 | 9 1 _ 10 3 _ _ 0 11 5 2 7 
[00332132] 5 | 9 1 _ 10 3 _ _ 0 11 5 7 2 
[00332133] 6 | 9 1 _ 10 3 _ _ 0 11 _ 6 _ 
[00332134] 5 | 9 1 6 10 3 _ _ 0 11 _ 6 _ 
[00332135] 4 | 9 1 6 10 3 7 _ 0 11 _ 6 _ 
[00332136] 3 | 9 1 6 10 3 7 _ 0 11 8 6 _ 
[00332137] 2 | 9 1 6 10 3 7 5 0 11 8 6 _ 
[00332138] 4 | 9 1 6 10 3 _ 7 0 11 _ 6 _ 
[00332139] 3 | 9 1 6 10 3 _ 7 0 11 8 6 _ 
[00332140] 2 | 9 1 6 10 3 5 7 0 11 8 6 _ 
[00332141] 4 | 9 1 6 10 3 _ _ 0 11 7 6 _ 
[00332142] 5 | 9 1 _ 10 3 8 _ 0 11 _ 6 _ 
[00332143] 4 | 9 1 5 10 3 8 _ 0 11 _ 6 _ 
[00332144] 3 | 9 1 5 10 3 8 6 0 11 _ 6 _ 
[00332145] 3 | 9 1 5 10 3 8 _ 0 11 _ 6 3 
[00332146] 4 | 9 1 _ 10 3 8 7 0 11 _ 6 _ 
[00332147] 3 | 9 1 4 10 3 8 7 0 11 _ 6 _ 
[00332148] 4 | 9 1 _ 10 3 8 _ 0 11 7 6 _ 
[00332149] 3 | 9 1 4 10 3 8 _ 0 11 7 6 _ 
[00332150] 2 | 9 1 4 10 3 8 5 0 11 7 6 _ 
[00332151] 3 | 9 1 _ 10 3 8 6 0 11 7 6 _ 
[00332152] 3 | 9 1 _ 10 3 8 _ 0 11 7 6 3 
[00332153] 4 | 9 1 _ 10 3 8 _ 0 11 _ 6 2 
[00332154] 3 | 9 1 4 10 3 8 _ 0 11 _ 6 2 
[00332155] 2 | 9 1 4 10 3 8 5 0 11 _ 6 2 
[00332156] 5 | 9 1 _ 10 3 _ 8 0 11 _ 6 _ 
[00332157] 4 | 9 1 5 10 3 _ 8 0 11 _ 6 _ 
[00332158] 3 | 9 1 5 10 3 6 8 0 11 _ 6 _ 
[00332159] 3 | 9 1 5 10 3 _ 8 0 11 _ 6 3 
[00332160] 4 | 9 1 _ 10 3 7 8 0 11 _ 6 _ 
[00332161] 3 | 9 1 4 10 3 7 8 0 11 _ 6 _ 
[00332162] 4 | 9 1 _ 10 3 _ 8 0 11 7 6 _ 
[00332163] 3 | 9 1 4 10 3 _ 8 0 11 7 6 _ 
[00332164] 2 | 9 1 4 10 3 5 8 0 11 7 6 _ 
[00332165] 3 | 9 1 _ 10 3 6 8 0 11 7 6 _ 
[00332166] 3 | 9 1 _ 10 3 _ 8 0 11 7 6 3 
[00332167] 4 | 9 1 _ 10 3 _ 8 0 11 _ 6 2 
[00332168] 3 | 9 1 4 10 3 _ 8 0 11 _ 6 2 
[00332169] 2 | 9 1 4 10 3 5 8 0 11 _ 6 2 
[00332170] 5 | 9 1 _ 10 3 _ _ 0 11 6 6 _ 
[00332171] 4 | 9 1 5 10 3 _ _ 0 11 6 6 _ 
[00332172] 4 | 9 1 _ 10 3 7 _ 0 11 6 6 _ 
[00332173] 3 | 9 1 4 10 3 7 _ 0 11 6 6 _ 
[00332174] 2 | 9 1 4 10 3 7 5 0 11 6 6 _ 
[00332175] 4 | 9 1 _ 10 3 _ 7 0 11 6 6 _ 
[00332176] 3 | 9 1 4 10 3 _ 7 0 11 6 6 _ 
[00332177] 2 | 9 1 4 10 3 5 7 0 11 6 6 _ 
[00332178] 5 | 9 1 _ 10 3 _ _ 0 11 _ 6 1 
[00332179] 4 | 9 1 _ 10 3 7 _ 0 11 _ 6 1 
[00332180] 3 | 9 1 _ 10 3 7 _ 0 11 8 6 1 
[00332181] 2 | 9 1 _ 10 3 7 5 0 11 8 6 1 
[00332182] 4 | 9 1 _ 10 3 _ 7 0 11 _ 6 1 
[00332183] 3 | 9 1 _ 10 3 _ 7 0 11 8 6 1 
[00332184] 2 | 9 1 _ 10 3 5 7 0 11 8 6 1 
[00332185] 4 | 9 1 _ 10 3 _ _ 0 11 7 6 1 
[00332186] 5 | 9 1 _ 10 3 _ _ 0 11 _ 6 11 
[00332187] 4 | 9 1 5 10 3 _ _ 0 11 _ 6 11 
[00332188] 4 | 9 1 _ 10 3 7 _ 0 11 _ 6 11 
[00332189] 3 | 9 1 4 10 3 7 _ 0 11 _ 6 11 
[00332190] 2 | 9 1 4 10 3 7 5 0 11 _ 6 11 
[00332191] 4 | 9 1 _ 10 3 _ 7 0 11 _ 6 11 
[00332192] 3 | 9 1 4 10 3 _ 7 0 11 _ 6 11 
[00332193] 2 | 9 1 4 10 3 5 7 0 11 _ 6 11 
[00332194] 6 | 9 1 _ 10 3 _ _ 0 11 _ 2 8 
[00332195] 5 | 9 1 6 10 3 _ _ 0 11 _ 2 8 
[00332196] 4 | 9 1 6 10 3 7 _ 0 11 _ 2 8 
[00332197] 4 | 9 1 6 10 3 _ 7 0 11 _ 2 8 
[00332198] 4 | 9 1 6 10 3 _ _ 0 11 7 2 8 
[00332199] 5 | 9 1 _ 10 3 _ _ 0 11 6 2 8 
