[00316254] 4 | _ 3 9 11 2 6 7 0 10 _ 8 1 
[00316255] 4 | _ 3 9 11 2 _ 7 0 10 6 8 1 
[00316256] 3 | _ 3 9 11 2 5 7 0 10 6 8 1 
[00316257] 5 | _ 3 9 11 2 _ _ 0 10 5 8 1 
[00316258] 4 | 7 3 9 11 2 _ _ 0 10 5 8 1 
[00316259] 4 | _ 3 9 11 2 6 _ 0 10 5 8 1 
[00316260] 4 | _ 3 9 11 2 _ 6 0 10 5 8 1 
[00316261] 6 | _ 3 _ 11 2 _ _ 0 10 4 8 1 
[00316262] 5 | _ 3 _ 11 2 7 _ 0 10 4 8 1 
[00316263] 4 | _ 3 _ 11 2 7 6 0 10 4 8 1 
[00316264] 5 | _ 3 _ 11 2 _ 7 0 10 4 8 1 
[00316265] 4 | _ 3 _ 11 2 6 7 0 10 4 8 1 
[00316266] 8 | _ _ _ 11 2 10 _ 0 10 _ _ _ 
[00316267] 7 | 1 8 _ 11 2 10 _ 0 10 _ _ _ 
[00316268] 6 | 1 8 2 11 2 10 _ 0 10 _ _ _ 
[00316269] 5 | 1 8 2 11 2 10 _ 0 10 _ 5 _ 
[00316270] 4 | 1 8 2 11 2 10 _ 0 10 _ 5 9 
[00316271] 5 | 1 8 2 11 2 10 _ 0 10 _ 4 9 
[00316272] 5 | 1 8 2 11 2 10 _ 0 10 _ 9 4 
[00316273] 6 | 1 8 _ 11 2 10 8 0 10 _ _ _ 
[00316274] 5 | 1 8 _ 11 2 10 8 0 10 _ 5 _ 
[00316275] 4 | 1 8 _ 11 2 10 8 0 10 _ 5 9 
[00316276] 5 | 1 8 _ 11 2 10 8 0 10 _ 4 9 
[00316277] 5 | 1 8 _ 11 2 10 8 0 10 _ 9 4 
[00316278] 6 | 1 8 _ 11 2 10 _ 0 10 _ 6 _ 
[00316279] 5 | 1 8 3 11 2 10 _ 0 10 _ 6 _ 
[00316280] 4 | 1 8 3 11 2 10 6 0 10 _ 6 _ 
[00316281] 4 | 1 8 3 11 2 10 _ 0 10 _ 6 2 
[00316282] 5 | 1 8 _ 11 2 10 7 0 10 _ 6 _ 
[00316283] 4 | 1 8 4 11 2 10 7 0 10 _ 6 _ 
[00316284] 3 | 1 8 4 11 2 10 7 0 10 _ 6 3 
[00316285] 3 | 1 8 4 11 2 10 7 0 10 _ 6 9 
[00316286] 6 | 1 8 _ 11 2 10 _ 0 10 _ 3 9 
[00316287] 5 | 1 8 _ 11 2 10 7 0 10 _ 3 9 
[00316288] 4 | 1 8 4 11 2 10 7 0 10 _ 3 9 
[00316289] 6 | 1 8 _ 11 2 10 _ 0 10 _ 9 3 
[00316290] 5 | 1 8 _ 11 2 10 7 0 10 _ 9 3 
[00316291] 4 | 1 8 4 11 2 10 7 0 10 _ 9 3 
[00316292] 7 | 8 1 _ 11 2 10 _ 0 10 _ _ _ 
[00316293] 7 | _ 1 8 11 2 10 _ 0 10 _ _ _ 
[00316294] 7 | _ 8 1 11 2 10 _ 0 10 _ _ _ 
[00316295] 6 | 2 8 1 11 2 10 _ 0 10 _ _ _ 
[00316296] 5 | 2 8 1 11 2 10 _ 0 10 _ 5 _ 
[00316297] 4 | 2 8 1 11 2 10 _ 0 10 _ 5 9 
[00316298] 5 | 2 8 1 11 2 10 _ 0 10 _ 4 9 
[00316299] 5 | 2 8 1 11 2 10 _ 0 10 _ 9 4 
[00316300] 6 | _ 8 1 11 2 10 8 0 10 _ _ _ 
[00316301] 5 | _ 8 1 11 2 10 8 0 10 _ 5 _ 
[00316302] 4 | _ 8 1 11 2 10 8 0 10 _ 5 9 
[00316303] 5 | _ 8 1 11 2 10 8 0 10 _ 4 9 
[00316304] 5 | _ 8 1 11 2 10 8 0 10 _ 9 4 
[00316305] 6 | _ 8 1 11 2 10 _ 0 10 _ 6 _ 
[00316306] 5 | 3 8 1 11 2 10 _ 0 10 _ 6 _ 
[00316307] 4 | 3 8 1 11 2 10 6 0 10 _ 6 _ 
[00316308] 4 | 3 8 1 11 2 10 _ 0 10 _ 6 2 
[00316309] 5 | _ 8 1 11 2 10 7 0 10 _ 6 _ 
[00316310] 4 | 4 8 1 11 2 10 7 0 10 _ 6 _ 
[00316311] 3 | 4 8 1 11 2 10 7 0 10 _ 6 3 
[00316312] 3 | 4 8 1 11 2 10 7 0 10 _ 6 9 
[00316313] 6 | _ 8 1 11 2 10 _ 0 10 _ 3 9 
[00316314] 5 | _ 8 1 11 2 10 7 0 10 _ 3 9 
[00316315] 4 | 4 8 1 11 2 10 7 0 10 _ 3 9 
[00316316] 6 | _ 8 1 11 2 10 _ 0 10 _ 9 3 
[00316317] 5 | _ 8 1 11 2 10 7 0 10 _ 9 3 
[00316318] 4 | 4 8 1 11 2 10 7 0 10 _ 9 3 
[00316319] 7 | _ 4 _ 11 2 10 _ 0 10 _ _ _ 
[00316320] 6 | _ 4 _ 11 2 10 8 0 10 _ _ _ 
[00316321] 5 | 9 4 _ 11 2 10 8 0 10 _ _ _ 
[00316322] 4 | 9 4 0 11 2 10 8 0 10 _ _ _ 
[00316323] 3 | 9 4 0 11 2 10 8 0 10 _ 3 6 
[00316324] 3 | 9 4 0 11 2 10 8 0 10 _ 6 3 
[00316325] 4 | 9 4 _ 11 2 10 8 0 10 _ 4 _ 
[00316326] 3 | 9 4 1 11 2 10 8 0 10 _ 4 _ 
[00316327] 3 | 9 4 7 11 2 10 8 0 10 _ 4 _ 
[00316328] 3 | 9 4 _ 11 2 10 8 0 10 _ 4 1 
[00316329] 3 | 9 4 _ 11 2 10 8 0 10 _ 4 7 
[00316330] 4 | 9 4 _ 11 2 10 8 0 10 _ 1 5 
[00316331] 3 | 9 4 7 11 2 10 8 0 10 _ 1 5 
[00316332] 4 | 9 4 _ 11 2 10 8 0 10 _ 3 7 
[00316333] 3 | 9 4 1 11 2 10 8 0 10 _ 3 7 
[00316334] 4 | 9 4 _ 11 2 10 8 0 10 _ 5 1 
[00316335] 3 | 9 4 7 11 2 10 8 0 10 _ 5 1 
[00316336] 4 | 9 4 _ 11 2 10 8 0 10 _ 7 3 
[00316337] 3 | 9 4 1 11 2 10 8 0 10 _ 7 3 
[00316338] 5 | _ 4 9 11 2 10 8 0 10 _ _ _ 
[00316339] 4 | 0 4 9 11 2 10 8 0 10 _ _ _ 
[00316340] 3 | 0 4 9 11 2 10 8 0 10 _ 3 6 
[00316341] 3 | 0 4 9 11 2 10 8 0 10 _ 6 3 
[00316342] 4 | _ 4 9 11 2 10 8 0 10 _ 4 _ 
[00316343] 3 | 1 4 9 11 2 10 8 0 10 _ 4 _ 
[00316344] 3 | 7 4 9 11 2 10 8 0 10 _ 4 _ 
[00316345] 3 | _ 4 9 11 2 10 8 0 10 _ 4 1 
[00316346] 3 | _ 4 9 11 2 10 8 0 10 _ 4 7 
[00316347] 4 | _ 4 9 11 2 10 8 0 10 _ 1 5 
[00316348] 3 | 7 4 9 11 2 10 8 0 10 _ 1 5 
[00316349] 4 | _ 4 9 11 2 10 8 0 10 _ 3 7 
[00316350] 3 | 1 4 9 11 2 10 8 0 10 _ 3 7 
[00316351] 4 | _ 4 9 11 2 10 8 0 10 _ 5 1 
[00316352] 3 | 7 4 9 11 2 10 8 0 10 _ 5 1 
[00316353] 4 | _ 4 9 11 2 10 8 0 10 _ 7 3 
[00316354] 3 | 1 4 9 11 2 10 8 0 10 _ 7 3 
[00316355] 5 | _ 4 _ 11 2 10 8 0 10 _ 5 _ 
[00316356] 4 | _ 4 _ 11 2 10 8 0 10 _ 5 1 
[00316357] 3 | 7 4 _ 11 2 10 8 0 10 _ 5 1 
[00316358] 2 | 7 4 6 11 2 10 8 0 10 _ 5 1 
[00316359] 3 | _ 4 7 11 2 10 8 0 10 _ 5 1 
[00316360] 2 | 6 4 7 11 2 10 8 0 10 _ 5 1 
[00316361] 4 | _ 4 _ 11 2 10 8 0 10 _ 5 9 
[00316362] 3 | 1 4 _ 11 2 10 8 0 10 _ 5 9 
[00316363] 2 | 1 4 6 11 2 10 8 0 10 _ 5 9 
[00316364] 3 | 7 4 _ 11 2 10 8 0 10 _ 5 9 
[00316365] 2 | 7 4 6 11 2 10 8 0 10 _ 5 9 
[00316366] 3 | _ 4 1 11 2 10 8 0 10 _ 5 9 
[00316367] 2 | 6 4 1 11 2 10 8 0 10 _ 5 9 
[00316368] 3 | _ 4 7 11 2 10 8 0 10 _ 5 9 
[00316369] 2 | 6 4 7 11 2 10 8 0 10 _ 5 9 
[00316370] 5 | _ 4 _ 11 2 10 8 0 10 _ 1 6 
[00316371] 5 | _ 4 _ 11 2 10 8 0 10 _ 6 1 
[00316372] 6 | _ 4 _ 11 2 10 _ 0 10 _ 6 _ 
[00316373] 5 | 9 4 _ 11 2 10 _ 0 10 _ 6 _ 
[00316374] 4 | 9 4 8 11 2 10 _ 0 10 _ 6 _ 
[00316375] 3 | 9 4 8 11 2 10 5 0 10 _ 6 _ 
[00316376] 3 | 9 4 8 11 2 10 _ 0 10 _ 6 3 
[00316377] 4 | 9 4 _ 11 2 10 6 0 10 _ 6 _ 
[00316378] 3 | 9 4 1 11 2 10 6 0 10 _ 6 _ 
[00316379] 3 | 9 4 7 11 2 10 6 0 10 _ 6 _ 
[00316380] 4 | 9 4 _ 11 2 10 _ 0 10 _ 6 2 
[00316381] 3 | 9 4 1 11 2 10 _ 0 10 _ 6 2 
[00316382] 3 | 9 4 7 11 2 10 _ 0 10 _ 6 2 
[00316383] 5 | _ 4 9 11 2 10 _ 0 10 _ 6 _ 
[00316384] 4 | 8 4 9 11 2 10 _ 0 10 _ 6 _ 
[00316385] 3 | 8 4 9 11 2 10 5 0 10 _ 6 _ 
[00316386] 3 | 8 4 9 11 2 10 _ 0 10 _ 6 3 
[00316387] 4 | _ 4 9 11 2 10 6 0 10 _ 6 _ 
[00316388] 3 | 1 4 9 11 2 10 6 0 10 _ 6 _ 
[00316389] 3 | 7 4 9 11 2 10 6 0 10 _ 6 _ 
[00316390] 4 | _ 4 9 11 2 10 _ 0 10 _ 6 2 
[00316391] 3 | 1 4 9 11 2 10 _ 0 10 _ 6 2 
[00316392] 3 | 7 4 9 11 2 10 _ 0 10 _ 6 2 
[00316393] 5 | _ 4 _ 11 2 10 7 0 10 _ 6 _ 
[00316394] 4 | 8 4 _ 11 2 10 7 0 10 _ 6 _ 
[00316395] 3 | 8 4 1 11 2 10 7 0 10 _ 6 _ 
[00316396] 3 | 8 4 _ 11 2 10 7 0 10 _ 6 3 
[00316397] 3 | 8 4 _ 11 2 10 7 0 10 _ 6 9 
[00316398] 4 | _ 4 8 11 2 10 7 0 10 _ 6 _ 
[00316399] 3 | 1 4 8 11 2 10 7 0 10 _ 6 _ 
[00316400] 3 | _ 4 8 11 2 10 7 0 10 _ 6 3 
[00316401] 3 | _ 4 8 11 2 10 7 0 10 _ 6 9 
[00316402] 5 | _ 4 _ 11 2 10 _ 0 10 _ 6 1 
[00316403] 4 | 8 4 _ 11 2 10 _ 0 10 _ 6 1 
[00316404] 3 | 8 4 7 11 2 10 _ 0 10 _ 6 1 
[00316405] 3 | 8 4 _ 11 2 10 5 0 10 _ 6 1 
[00316406] 4 | _ 4 8 11 2 10 _ 0 10 _ 6 1 
[00316407] 3 | 7 4 8 11 2 10 _ 0 10 _ 6 1 
[00316408] 3 | _ 4 8 11 2 10 5 0 10 _ 6 1 
[00316409] 6 | _ 4 _ 11 2 10 _ 0 10 _ 1 7 
[00316410] 5 | 9 4 _ 11 2 10 _ 0 10 _ 1 7 
[00316411] 4 | 9 4 8 11 2 10 _ 0 10 _ 1 7 
[00316412] 3 | 9 4 8 11 2 10 5 0 10 _ 1 7 
[00316413] 4 | 9 4 _ 11 2 10 6 0 10 _ 1 7 
[00316414] 5 | _ 4 9 11 2 10 _ 0 10 _ 1 7 
[00316415] 4 | 8 4 9 11 2 10 _ 0 10 _ 1 7 
[00316416] 3 | 8 4 9 11 2 10 5 0 10 _ 1 7 
[00316417] 4 | _ 4 9 11 2 10 6 0 10 _ 1 7 
[00316418] 6 | _ 4 _ 11 2 10 _ 0 10 _ 3 9 
[00316419] 5 | _ 4 _ 11 2 10 7 0 10 _ 3 9 
[00316420] 4 | 8 4 _ 11 2 10 7 0 10 _ 3 9 
[00316421] 3 | 8 4 1 11 2 10 7 0 10 _ 3 9 
[00316422] 4 | _ 4 8 11 2 10 7 0 10 _ 3 9 
[00316423] 3 | 1 4 8 11 2 10 7 0 10 _ 3 9 
[00316424] 6 | _ 4 _ 11 2 10 _ 0 10 _ 7 1 
[00316425] 5 | 9 4 _ 11 2 10 _ 0 10 _ 7 1 
[00316426] 4 | 9 4 8 11 2 10 _ 0 10 _ 7 1 
[00316427] 3 | 9 4 8 11 2 10 5 0 10 _ 7 1 
[00316428] 4 | 9 4 _ 11 2 10 6 0 10 _ 7 1 
[00316429] 5 | _ 4 9 11 2 10 _ 0 10 _ 7 1 
[00316430] 4 | 8 4 9 11 2 10 _ 0 10 _ 7 1 
[00316431] 3 | 8 4 9 11 2 10 5 0 10 _ 7 1 
[00316432] 4 | _ 4 9 11 2 10 6 0 10 _ 7 1 
[00316433] 6 | _ 4 _ 11 2 10 _ 0 10 _ 9 3 
[00316434] 5 | _ 4 _ 11 2 10 7 0 10 _ 9 3 
[00316435] 4 | 8 4 _ 11 2 10 7 0 10 _ 9 3 
[00316436] 3 | 8 4 1 11 2 10 7 0 10 _ 9 3 
[00316437] 4 | _ 4 8 11 2 10 7 0 10 _ 9 3 
[00316438] 3 | 1 4 8 11 2 10 7 0 10 _ 9 3 
[00316439] 7 | _ _ _ 11 2 10 9 0 10 _ _ _ 
[00316440] 6 | 1 7 _ 11 2 10 9 0 10 _ _ _ 
[00316441] 5 | 1 7 _ 11 2 10 9 0 10 _ 5 _ 
[00316442] 4 | 1 7 3 11 2 10 9 0 10 _ 5 _ 
[00316443] 3 | 1 7 3 11 2 10 9 0 10 _ 5 8 
[00316444] 5 | 1 7 _ 11 2 10 9 0 10 _ 3 8 
[00316445] 5 | 1 7 _ 11 2 10 9 0 10 _ 8 3 
[00316446] 6 | 7 1 _ 11 2 10 9 0 10 _ _ _ 
[00316447] 6 | _ 1 7 11 2 10 9 0 10 _ _ _ 
[00316448] 6 | _ 7 1 11 2 10 9 0 10 _ _ _ 
[00316449] 5 | _ 7 1 11 2 10 9 0 10 _ 5 _ 
[00316450] 4 | 3 7 1 11 2 10 9 0 10 _ 5 _ 
[00316451] 3 | 3 7 1 11 2 10 9 0 10 _ 5 8 
[00316452] 5 | _ 7 1 11 2 10 9 0 10 _ 3 8 
[00316453] 5 | _ 7 1 11 2 10 9 0 10 _ 8 3 
[00316454] 6 | _ 5 _ 11 2 10 9 0 10 _ _ _ 
[00316455] 5 | 0 5 _ 11 2 10 9 0 10 _ _ _ 
[00316456] 4 | 0 5 1 11 2 10 9 0 10 _ _ _ 
[00316457] 3 | 0 5 1 11 2 10 9 0 10 _ 3 6 
[00316458] 3 | 0 5 1 11 2 10 9 0 10 _ 4 7 
[00316459] 3 | 0 5 1 11 2 10 9 0 10 _ 6 3 
[00316460] 3 | 0 5 1 11 2 10 9 0 10 _ 7 4 
[00316461] 4 | 0 5 _ 11 2 10 9 0 10 _ 3 7 
[00316462] 3 | 0 5 8 11 2 10 9 0 10 _ 3 7 
[00316463] 4 | 0 5 _ 11 2 10 9 0 10 _ 4 8 
[00316464] 4 | 0 5 _ 11 2 10 9 0 10 _ 7 3 
[00316465] 3 | 0 5 8 11 2 10 9 0 10 _ 7 3 
[00316466] 4 | 0 5 _ 11 2 10 9 0 10 _ 8 4 
[00316467] 5 | _ 5 0 11 2 10 9 0 10 _ _ _ 
[00316468] 4 | 1 5 0 11 2 10 9 0 10 _ _ _ 
[00316469] 3 | 1 5 0 11 2 10 9 0 10 _ 3 6 
[00316470] 3 | 1 5 0 11 2 10 9 0 10 _ 4 7 
[00316471] 3 | 1 5 0 11 2 10 9 0 10 _ 6 3 
[00316472] 3 | 1 5 0 11 2 10 9 0 10 _ 7 4 
[00316473] 4 | _ 5 0 11 2 10 9 0 10 _ 3 7 
[00316474] 3 | 8 5 0 11 2 10 9 0 10 _ 3 7 
[00316475] 4 | _ 5 0 11 2 10 9 0 10 _ 4 8 
[00316476] 4 | _ 5 0 11 2 10 9 0 10 _ 7 3 
[00316477] 3 | 8 5 0 11 2 10 9 0 10 _ 7 3 
[00316478] 4 | _ 5 0 11 2 10 9 0 10 _ 8 4 
[00316479] 5 | _ 5 _ 11 2 10 9 0 10 _ 5 _ 
[00316480] 4 | 1 5 _ 11 2 10 9 0 10 _ 5 _ 
[00316481] 3 | 1 5 8 11 2 10 9 0 10 _ 5 _ 
[00316482] 3 | 1 5 _ 11 2 10 9 0 10 _ 5 8 
[00316483] 4 | _ 5 1 11 2 10 9 0 10 _ 5 _ 
[00316484] 3 | 8 5 1 11 2 10 9 0 10 _ 5 _ 
[00316485] 3 | _ 5 1 11 2 10 9 0 10 _ 5 8 
[00316486] 4 | _ 5 _ 11 2 10 9 0 10 _ 5 1 
[00316487] 5 | _ 5 _ 11 2 10 9 0 10 _ 1 6 
[00316488] 5 | _ 5 _ 11 2 10 9 0 10 _ 3 8 
[00316489] 4 | 1 5 _ 11 2 10 9 0 10 _ 3 8 
[00316490] 4 | _ 5 1 11 2 10 9 0 10 _ 3 8 
[00316491] 5 | _ 5 _ 11 2 10 9 0 10 _ 6 1 
[00316492] 5 | _ 5 _ 11 2 10 9 0 10 _ 8 3 
[00316493] 4 | 1 5 _ 11 2 10 9 0 10 _ 8 3 
[00316494] 4 | _ 5 1 11 2 10 9 0 10 _ 8 3 
[00316495] 6 | _ _ _ 11 2 10 9 0 10 _ 6 _ 
[00316496] 5 | 3 8 _ 11 2 10 9 0 10 _ 6 _ 
[00316497] 4 | 3 8 4 11 2 10 9 0 10 _ 6 _ 
[00316498] 5 | 8 3 _ 11 2 10 9 0 10 _ 6 _ 
[00316499] 5 | _ 3 8 11 2 10 9 0 10 _ 6 _ 
[00316500] 5 | _ 8 3 11 2 10 9 0 10 _ 6 _ 
[00316501] 4 | 4 8 3 11 2 10 9 0 10 _ 6 _ 
[00316502] 5 | _ 6 _ 11 2 10 9 0 10 _ 6 _ 
[00316503] 5 | _ _ _ 11 2 10 9 0 10 _ 6 1 
[00316504] 4 | 3 7 _ 11 2 10 9 0 10 _ 6 1 
[00316505] 4 | 4 8 _ 11 2 10 9 0 10 _ 6 1 
[00316506] 3 | 4 8 5 11 2 10 9 0 10 _ 6 1 
[00316507] 4 | 7 3 _ 11 2 10 9 0 10 _ 6 1 
[00316508] 4 | 8 4 _ 11 2 10 9 0 10 _ 6 1 
[00316509] 4 | _ 3 7 11 2 10 9 0 10 _ 6 1 
[00316510] 4 | _ 4 8 11 2 10 9 0 10 _ 6 1 
[00316511] 4 | _ 7 3 11 2 10 9 0 10 _ 6 1 
[00316512] 4 | _ 8 4 11 2 10 9 0 10 _ 6 1 
[00316513] 3 | 5 8 4 11 2 10 9 0 10 _ 6 1 
[00316514] 4 | _ 7 _ 11 2 10 9 0 10 _ 6 1 
[00316515] 3 | 4 7 _ 11 2 10 9 0 10 _ 6 1 
[00316516] 2 | 4 7 5 11 2 10 9 0 10 _ 6 1 
[00316517] 3 | _ 7 4 11 2 10 9 0 10 _ 6 1 
[00316518] 2 | 5 7 4 11 2 10 9 0 10 _ 6 1 
[00316519] 5 | _ _ _ 11 2 10 9 0 10 _ 6 11 
[00316520] 4 | 1 5 _ 11 2 10 9 0 10 _ 6 11 
[00316521] 4 | 3 7 _ 11 2 10 9 0 10 _ 6 11 
[00316522] 4 | 4 8 _ 11 2 10 9 0 10 _ 6 11 
[00316523] 3 | 4 8 5 11 2 10 9 0 10 _ 6 11 
[00316524] 4 | 5 1 _ 11 2 10 9 0 10 _ 6 11 
[00316525] 4 | 7 3 _ 11 2 10 9 0 10 _ 6 11 
[00316526] 4 | 8 4 _ 11 2 10 9 0 10 _ 6 11 
[00316527] 4 | _ 1 5 11 2 10 9 0 10 _ 6 11 
[00316528] 4 | _ 3 7 11 2 10 9 0 10 _ 6 11 
[00316529] 4 | _ 4 8 11 2 10 9 0 10 _ 6 11 
[00316530] 4 | _ 5 1 11 2 10 9 0 10 _ 6 11 
[00316531] 4 | _ 7 3 11 2 10 9 0 10 _ 6 11 
[00316532] 4 | _ 8 4 11 2 10 9 0 10 _ 6 11 
[00316533] 3 | 5 8 4 11 2 10 9 0 10 _ 6 11 
[00316534] 6 | _ _ _ 11 2 10 9 0 10 _ 1 7 
[00316535] 5 | 3 8 _ 11 2 10 9 0 10 _ 1 7 
[00316536] 4 | 3 8 4 11 2 10 9 0 10 _ 1 7 
[00316537] 5 | 8 3 _ 11 2 10 9 0 10 _ 1 7 
[00316538] 5 | _ 3 8 11 2 10 9 0 10 _ 1 7 
[00316539] 5 | _ 8 3 11 2 10 9 0 10 _ 1 7 
[00316540] 4 | 4 8 3 11 2 10 9 0 10 _ 1 7 
[00316541] 5 | _ 6 _ 11 2 10 9 0 10 _ 1 7 
[00316542] 6 | _ _ _ 11 2 10 9 0 10 _ 7 1 
[00316543] 5 | 3 8 _ 11 2 10 9 0 10 _ 7 1 
[00316544] 4 | 3 8 4 11 2 10 9 0 10 _ 7 1 
[00316545] 5 | 8 3 _ 11 2 10 9 0 10 _ 7 1 
[00316546] 5 | _ 3 8 11 2 10 9 0 10 _ 7 1 
[00316547] 5 | _ 8 3 11 2 10 9 0 10 _ 7 1 
[00316548] 4 | 4 8 3 11 2 10 9 0 10 _ 7 1 
[00316549] 5 | _ 6 _ 11 2 10 9 0 10 _ 7 1 
[00316550] 7 | _ _ _ 11 2 10 _ 0 10 _ 7 _ 
[00316551] 6 | 3 9 _ 11 2 10 _ 0 10 _ 7 _ 
[00316552] 5 | 3 9 4 11 2 10 _ 0 10 _ 7 _ 
[00316553] 4 | 3 9 4 11 2 10 6 0 10 _ 7 _ 
[00316554] 5 | 3 9 _ 11 2 10 7 0 10 _ 7 _ 
[00316555] 4 | 3 9 5 11 2 10 7 0 10 _ 7 _ 
[00316556] 5 | 3 9 _ 11 2 10 _ 0 10 _ 7 2 
[00316557] 4 | 3 9 5 11 2 10 _ 0 10 _ 7 2 
[00316558] 6 | 9 3 _ 11 2 10 _ 0 10 _ 7 _ 
[00316559] 6 | _ 3 9 11 2 10 _ 0 10 _ 7 _ 
[00316560] 6 | _ 9 3 11 2 10 _ 0 10 _ 7 _ 
[00316561] 5 | 4 9 3 11 2 10 _ 0 10 _ 7 _ 
[00316562] 4 | 4 9 3 11 2 10 6 0 10 _ 7 _ 
[00316563] 5 | _ 9 3 11 2 10 7 0 10 _ 7 _ 
[00316564] 4 | 5 9 3 11 2 10 7 0 10 _ 7 _ 
[00316565] 5 | _ 9 3 11 2 10 _ 0 10 _ 7 2 
[00316566] 4 | 5 9 3 11 2 10 _ 0 10 _ 7 2 
[00316567] 6 | _ 5 _ 11 2 10 _ 0 10 _ 7 _ 
[00316568] 5 | _ 5 _ 11 2 10 7 0 10 _ 7 _ 
[00316569] 4 | 1 5 _ 11 2 10 7 0 10 _ 7 _ 
[00316570] 3 | 1 5 8 11 2 10 7 0 10 _ 7 _ 
[00316571] 4 | 9 5 _ 11 2 10 7 0 10 _ 7 _ 
[00316572] 3 | 9 5 8 11 2 10 7 0 10 _ 7 _ 
[00316573] 4 | _ 5 1 11 2 10 7 0 10 _ 7 _ 
[00316574] 3 | 8 5 1 11 2 10 7 0 10 _ 7 _ 
[00316575] 4 | _ 5 9 11 2 10 7 0 10 _ 7 _ 
[00316576] 3 | 8 5 9 11 2 10 7 0 10 _ 7 _ 
[00316577] 5 | _ 5 _ 11 2 10 _ 0 10 _ 7 2 
[00316578] 4 | 1 5 _ 11 2 10 _ 0 10 _ 7 2 
[00316579] 3 | 1 5 8 11 2 10 _ 0 10 _ 7 2 
[00316580] 4 | 9 5 _ 11 2 10 _ 0 10 _ 7 2 
[00316581] 3 | 9 5 8 11 2 10 _ 0 10 _ 7 2 
[00316582] 4 | _ 5 1 11 2 10 _ 0 10 _ 7 2 
[00316583] 3 | 8 5 1 11 2 10 _ 0 10 _ 7 2 
[00316584] 4 | _ 5 9 11 2 10 _ 0 10 _ 7 2 
[00316585] 3 | 8 5 9 11 2 10 _ 0 10 _ 7 2 
[00316586] 6 | _ _ _ 11 2 10 8 0 10 _ 7 _ 
[00316587] 5 | 1 6 _ 11 2 10 8 0 10 _ 7 _ 
[00316588] 5 | 4 9 _ 11 2 10 8 0 10 _ 7 _ 
[00316589] 4 | 4 9 5 11 2 10 8 0 10 _ 7 _ 
[00316590] 4 | 4 9 _ 11 2 10 8 0 10 _ 7 3 
[00316591] 3 | 4 9 6 11 2 10 8 0 10 _ 7 3 
[00316592] 5 | 6 1 _ 11 2 10 8 0 10 _ 7 _ 
[00316593] 5 | 9 4 _ 11 2 10 8 0 10 _ 7 _ 
[00316594] 5 | _ 1 6 11 2 10 8 0 10 _ 7 _ 
[00316595] 5 | _ 4 9 11 2 10 8 0 10 _ 7 _ 
[00316596] 5 | _ 6 1 11 2 10 8 0 10 _ 7 _ 
[00316597] 5 | _ 9 4 11 2 10 8 0 10 _ 7 _ 
[00316598] 4 | 5 9 4 11 2 10 8 0 10 _ 7 _ 
[00316599] 4 | _ 9 4 11 2 10 8 0 10 _ 7 3 
[00316600] 3 | 6 9 4 11 2 10 8 0 10 _ 7 3 
[00316601] 5 | _ 6 _ 11 2 10 8 0 10 _ 7 _ 
[00316602] 4 | _ 6 _ 11 2 10 8 0 10 _ 7 3 
[00316603] 3 | 9 6 _ 11 2 10 8 0 10 _ 7 3 
[00316604] 2 | 9 6 4 11 2 10 8 0 10 _ 7 3 
[00316605] 3 | _ 6 9 11 2 10 8 0 10 _ 7 3 
[00316606] 2 | 4 6 9 11 2 10 8 0 10 _ 7 3 
[00316607] 6 | _ _ _ 11 2 10 _ 0 10 _ 7 1 
[00316608] 5 | 3 8 _ 11 2 10 _ 0 10 _ 7 1 
[00316609] 4 | 3 8 4 11 2 10 _ 0 10 _ 7 1 
[00316610] 3 | 3 8 4 11 2 10 5 0 10 _ 7 1 
[00316611] 4 | 3 8 _ 11 2 10 6 0 10 _ 7 1 
[00316612] 3 | 3 8 5 11 2 10 6 0 10 _ 7 1 
[00316613] 5 | 4 9 _ 11 2 10 _ 0 10 _ 7 1 
[00316614] 4 | 4 9 5 11 2 10 _ 0 10 _ 7 1 
[00316615] 4 | 4 9 _ 11 2 10 6 0 10 _ 7 1 
[00316616] 5 | 8 3 _ 11 2 10 _ 0 10 _ 7 1 
[00316617] 5 | 9 4 _ 11 2 10 _ 0 10 _ 7 1 
[00316618] 5 | _ 3 8 11 2 10 _ 0 10 _ 7 1 
[00316619] 5 | _ 4 9 11 2 10 _ 0 10 _ 7 1 
[00316620] 5 | _ 8 3 11 2 10 _ 0 10 _ 7 1 
[00316621] 4 | 4 8 3 11 2 10 _ 0 10 _ 7 1 
[00316622] 3 | 4 8 3 11 2 10 5 0 10 _ 7 1 
[00316623] 4 | _ 8 3 11 2 10 6 0 10 _ 7 1 
[00316624] 3 | 5 8 3 11 2 10 6 0 10 _ 7 1 
[00316625] 5 | _ 9 4 11 2 10 _ 0 10 _ 7 1 
[00316626] 4 | 5 9 4 11 2 10 _ 0 10 _ 7 1 
[00316627] 4 | _ 9 4 11 2 10 6 0 10 _ 7 1 
[00316628] 5 | _ 6 _ 11 2 10 _ 0 10 _ 7 1 
[00316629] 4 | 2 6 _ 11 2 10 _ 0 10 _ 7 1 
[00316630] 3 | 2 6 3 11 2 10 _ 0 10 _ 7 1 
[00316631] 3 | 2 6 9 11 2 10 _ 0 10 _ 7 1 
[00316632] 4 | _ 6 2 11 2 10 _ 0 10 _ 7 1 
[00316633] 3 | 3 6 2 11 2 10 _ 0 10 _ 7 1 
[00316634] 3 | 9 6 2 11 2 10 _ 0 10 _ 7 1 
[00316635] 4 | _ 6 _ 11 2 10 6 0 10 _ 7 1 
[00316636] 7 | _ _ _ 11 2 10 _ 0 10 _ 1 8 
[00316637] 6 | 3 9 _ 11 2 10 _ 0 10 _ 1 8 
[00316638] 5 | 3 9 4 11 2 10 _ 0 10 _ 1 8 
[00316639] 4 | 3 9 4 11 2 10 6 0 10 _ 1 8 
[00316640] 5 | 3 9 _ 11 2 10 7 0 10 _ 1 8 
[00316641] 4 | 3 9 5 11 2 10 7 0 10 _ 1 8 
[00316642] 6 | 9 3 _ 11 2 10 _ 0 10 _ 1 8 
[00316643] 6 | _ 3 9 11 2 10 _ 0 10 _ 1 8 
[00316644] 6 | _ 9 3 11 2 10 _ 0 10 _ 1 8 
[00316645] 5 | 4 9 3 11 2 10 _ 0 10 _ 1 8 
[00316646] 4 | 4 9 3 11 2 10 6 0 10 _ 1 8 
[00316647] 5 | _ 9 3 11 2 10 7 0 10 _ 1 8 
[00316648] 4 | 5 9 3 11 2 10 7 0 10 _ 1 8 
[00316649] 6 | _ 5 _ 11 2 10 _ 0 10 _ 1 8 
[00316650] 5 | _ 5 _ 11 2 10 7 0 10 _ 1 8 
[00316651] 4 | 9 5 _ 11 2 10 7 0 10 _ 1 8 
[00316652] 4 | _ 5 9 11 2 10 7 0 10 _ 1 8 
[00316653] 7 | _ _ _ 11 2 10 _ 0 10 _ 8 1 
[00316654] 6 | 3 9 _ 11 2 10 _ 0 10 _ 8 1 
[00316655] 5 | 3 9 4 11 2 10 _ 0 10 _ 8 1 
[00316656] 4 | 3 9 4 11 2 10 6 0 10 _ 8 1 
[00316657] 5 | 3 9 _ 11 2 10 7 0 10 _ 8 1 
[00316658] 4 | 3 9 5 11 2 10 7 0 10 _ 8 1 
[00316659] 6 | 9 3 _ 11 2 10 _ 0 10 _ 8 1 
[00316660] 6 | _ 3 9 11 2 10 _ 0 10 _ 8 1 
[00316661] 6 | _ 9 3 11 2 10 _ 0 10 _ 8 1 
[00316662] 5 | 4 9 3 11 2 10 _ 0 10 _ 8 1 
[00316663] 4 | 4 9 3 11 2 10 6 0 10 _ 8 1 
[00316664] 5 | _ 9 3 11 2 10 7 0 10 _ 8 1 
[00316665] 4 | 5 9 3 11 2 10 7 0 10 _ 8 1 
[00316666] 6 | _ 5 _ 11 2 10 _ 0 10 _ 8 1 
[00316667] 5 | _ 5 _ 11 2 10 7 0 10 _ 8 1 
[00316668] 4 | 9 5 _ 11 2 10 7 0 10 _ 8 1 
[00316669] 4 | _ 5 9 11 2 10 7 0 10 _ 8 1 
[00316670] 8 | _ _ _ 11 2 _ 10 0 10 _ _ _ 
[00316671] 7 | 1 8 _ 11 2 _ 10 0 10 _ _ _ 
[00316672] 6 | 1 8 2 11 2 _ 10 0 10 _ _ _ 
[00316673] 5 | 1 8 2 11 2 _ 10 0 10 _ 5 _ 
[00316674] 4 | 1 8 2 11 2 _ 10 0 10 _ 5 9 
[00316675] 5 | 1 8 2 11 2 _ 10 0 10 _ 4 9 
[00316676] 5 | 1 8 2 11 2 _ 10 0 10 _ 9 4 
[00316677] 6 | 1 8 _ 11 2 8 10 0 10 _ _ _ 
[00316678] 5 | 1 8 _ 11 2 8 10 0 10 _ 5 _ 
[00316679] 4 | 1 8 _ 11 2 8 10 0 10 _ 5 9 
[00316680] 5 | 1 8 _ 11 2 8 10 0 10 _ 4 9 
[00316681] 5 | 1 8 _ 11 2 8 10 0 10 _ 9 4 
[00316682] 6 | 1 8 _ 11 2 _ 10 0 10 _ 6 _ 
[00316683] 5 | 1 8 3 11 2 _ 10 0 10 _ 6 _ 
[00316684] 4 | 1 8 3 11 2 6 10 0 10 _ 6 _ 
[00316685] 4 | 1 8 3 11 2 _ 10 0 10 _ 6 2 
[00316686] 5 | 1 8 _ 11 2 7 10 0 10 _ 6 _ 
[00316687] 4 | 1 8 4 11 2 7 10 0 10 _ 6 _ 
[00316688] 3 | 1 8 4 11 2 7 10 0 10 _ 6 3 
[00316689] 3 | 1 8 4 11 2 7 10 0 10 _ 6 9 
[00316690] 6 | 1 8 _ 11 2 _ 10 0 10 _ 3 9 
[00316691] 5 | 1 8 _ 11 2 7 10 0 10 _ 3 9 
[00316692] 4 | 1 8 4 11 2 7 10 0 10 _ 3 9 
[00316693] 6 | 1 8 _ 11 2 _ 10 0 10 _ 9 3 
[00316694] 5 | 1 8 _ 11 2 7 10 0 10 _ 9 3 
[00316695] 4 | 1 8 4 11 2 7 10 0 10 _ 9 3 
[00316696] 7 | 8 1 _ 11 2 _ 10 0 10 _ _ _ 
[00316697] 7 | _ 1 8 11 2 _ 10 0 10 _ _ _ 
[00316698] 7 | _ 8 1 11 2 _ 10 0 10 _ _ _ 
[00316699] 6 | 2 8 1 11 2 _ 10 0 10 _ _ _ 
[00316700] 5 | 2 8 1 11 2 _ 10 0 10 _ 5 _ 
[00316701] 4 | 2 8 1 11 2 _ 10 0 10 _ 5 9 
[00316702] 5 | 2 8 1 11 2 _ 10 0 10 _ 4 9 
[00316703] 5 | 2 8 1 11 2 _ 10 0 10 _ 9 4 
[00316704] 6 | _ 8 1 11 2 8 10 0 10 _ _ _ 
[00316705] 5 | _ 8 1 11 2 8 10 0 10 _ 5 _ 
[00316706] 4 | _ 8 1 11 2 8 10 0 10 _ 5 9 
[00316707] 5 | _ 8 1 11 2 8 10 0 10 _ 4 9 
[00316708] 5 | _ 8 1 11 2 8 10 0 10 _ 9 4 
[00316709] 6 | _ 8 1 11 2 _ 10 0 10 _ 6 _ 
[00316710] 5 | 3 8 1 11 2 _ 10 0 10 _ 6 _ 
[00316711] 4 | 3 8 1 11 2 6 10 0 10 _ 6 _ 
[00316712] 4 | 3 8 1 11 2 _ 10 0 10 _ 6 2 
[00316713] 5 | _ 8 1 11 2 7 10 0 10 _ 6 _ 
[00316714] 4 | 4 8 1 11 2 7 10 0 10 _ 6 _ 
[00316715] 3 | 4 8 1 11 2 7 10 0 10 _ 6 3 
[00316716] 3 | 4 8 1 11 2 7 10 0 10 _ 6 9 
[00316717] 6 | _ 8 1 11 2 _ 10 0 10 _ 3 9 
[00316718] 5 | _ 8 1 11 2 7 10 0 10 _ 3 9 
[00316719] 4 | 4 8 1 11 2 7 10 0 10 _ 3 9 
[00316720] 6 | _ 8 1 11 2 _ 10 0 10 _ 9 3 
[00316721] 5 | _ 8 1 11 2 7 10 0 10 _ 9 3 
[00316722] 4 | 4 8 1 11 2 7 10 0 10 _ 9 3 
[00316723] 7 | _ 4 _ 11 2 _ 10 0 10 _ _ _ 
[00316724] 6 | _ 4 _ 11 2 8 10 0 10 _ _ _ 
[00316725] 5 | 9 4 _ 11 2 8 10 0 10 _ _ _ 
[00316726] 4 | 9 4 0 11 2 8 10 0 10 _ _ _ 
[00316727] 3 | 9 4 0 11 2 8 10 0 10 _ 3 6 
[00316728] 3 | 9 4 0 11 2 8 10 0 10 _ 6 3 
[00316729] 4 | 9 4 _ 11 2 8 10 0 10 _ 4 _ 
[00316730] 3 | 9 4 1 11 2 8 10 0 10 _ 4 _ 
[00316731] 3 | 9 4 7 11 2 8 10 0 10 _ 4 _ 
[00316732] 3 | 9 4 _ 11 2 8 10 0 10 _ 4 1 
[00316733] 3 | 9 4 _ 11 2 8 10 0 10 _ 4 7 
[00316734] 4 | 9 4 _ 11 2 8 10 0 10 _ 1 5 
[00316735] 3 | 9 4 7 11 2 8 10 0 10 _ 1 5 
[00316736] 4 | 9 4 _ 11 2 8 10 0 10 _ 3 7 
[00316737] 3 | 9 4 1 11 2 8 10 0 10 _ 3 7 
[00316738] 4 | 9 4 _ 11 2 8 10 0 10 _ 5 1 
[00316739] 3 | 9 4 7 11 2 8 10 0 10 _ 5 1 
[00316740] 4 | 9 4 _ 11 2 8 10 0 10 _ 7 3 
[00316741] 3 | 9 4 1 11 2 8 10 0 10 _ 7 3 
[00316742] 5 | _ 4 9 11 2 8 10 0 10 _ _ _ 
[00316743] 4 | 0 4 9 11 2 8 10 0 10 _ _ _ 
[00316744] 3 | 0 4 9 11 2 8 10 0 10 _ 3 6 
[00316745] 3 | 0 4 9 11 2 8 10 0 10 _ 6 3 
[00316746] 4 | _ 4 9 11 2 8 10 0 10 _ 4 _ 
[00316747] 3 | 1 4 9 11 2 8 10 0 10 _ 4 _ 
[00316748] 3 | 7 4 9 11 2 8 10 0 10 _ 4 _ 
[00316749] 3 | _ 4 9 11 2 8 10 0 10 _ 4 1 
[00316750] 3 | _ 4 9 11 2 8 10 0 10 _ 4 7 
[00316751] 4 | _ 4 9 11 2 8 10 0 10 _ 1 5 
[00316752] 3 | 7 4 9 11 2 8 10 0 10 _ 1 5 
[00316753] 4 | _ 4 9 11 2 8 10 0 10 _ 3 7 
