[00230533] 5 | 2 9 1 0 10 _ _ 11 8 3 5 _ 
[00230534] 4 | 2 9 1 0 10 6 _ 11 8 3 5 _ 
[00230535] 3 | 2 9 1 0 10 6 7 11 8 3 5 _ 
[00230536] 4 | 2 9 1 0 10 _ 6 11 8 3 5 _ 
[00230537] 3 | 2 9 1 0 10 7 6 11 8 3 5 _ 
[00230538] 5 | 2 9 1 0 10 _ _ 11 _ _ 5 10 
[00230539] 4 | 2 9 1 0 10 _ _ 11 7 _ 5 10 
[00230540] 3 | 2 9 1 0 10 _ _ 11 7 4 5 10 
[00230541] 4 | 2 9 1 0 10 _ _ 11 3 7 5 10 
[00230542] 4 | 2 9 1 0 10 _ _ 11 4 8 5 10 
[00230543] 4 | 2 9 1 0 10 _ _ 11 7 3 5 10 
[00230544] 4 | 2 9 1 0 10 _ _ 11 8 4 5 10 
[00230545] 7 | _ 9 1 0 10 3 _ 11 _ _ _ _ 
[00230546] 6 | _ 9 1 0 10 3 4 11 _ _ _ _ 
[00230547] 5 | _ 9 1 0 10 3 4 11 6 _ _ _ 
[00230548] 4 | 5 9 1 0 10 3 4 11 6 _ _ _ 
[00230549] 3 | 5 9 1 0 10 3 4 11 6 _ 8 _ 
[00230550] 2 | 5 9 1 0 10 3 4 11 6 8 8 _ 
[00230551] 2 | 5 9 1 0 10 3 4 11 6 _ 8 6 
[00230552] 4 | _ 9 1 0 10 3 4 11 6 2 _ _ 
[00230553] 3 | _ 9 1 0 10 3 4 11 6 2 8 _ 
[00230554] 2 | 7 9 1 0 10 3 4 11 6 2 8 _ 
[00230555] 3 | _ 9 1 0 10 3 4 11 6 2 5 8 
[00230556] 2 | 7 9 1 0 10 3 4 11 6 2 5 8 
[00230557] 3 | _ 9 1 0 10 3 4 11 6 2 8 5 
[00230558] 2 | 7 9 1 0 10 3 4 11 6 2 8 5 
[00230559] 4 | _ 9 1 0 10 3 4 11 6 _ 7 _ 
[00230560] 3 | 6 9 1 0 10 3 4 11 6 _ 7 _ 
[00230561] 2 | 6 9 1 0 10 3 4 11 6 _ 7 5 
[00230562] 3 | _ 9 1 0 10 3 4 11 6 9 7 _ 
[00230563] 2 | _ 9 1 0 10 3 4 11 6 9 7 5 
[00230564] 5 | _ 9 1 0 10 3 4 11 2 7 _ _ 
[00230565] 4 | 5 9 1 0 10 3 4 11 2 7 _ _ 
[00230566] 3 | 5 9 1 0 10 3 4 11 2 7 8 _ 
[00230567] 2 | 5 9 1 0 10 3 4 11 2 7 8 6 
[00230568] 5 | _ 9 1 0 10 3 4 11 7 2 _ _ 
[00230569] 4 | 5 9 1 0 10 3 4 11 7 2 _ _ 
[00230570] 3 | 5 9 1 0 10 3 4 11 7 2 8 _ 
[00230571] 2 | 5 9 1 0 10 3 4 11 7 2 8 6 
[00230572] 5 | _ 9 1 0 10 3 4 11 _ _ 6 _ 
[00230573] 4 | 5 9 1 0 10 3 4 11 _ _ 6 _ 
[00230574] 3 | 5 9 1 0 10 3 4 11 8 _ 6 _ 
[00230575] 2 | 5 9 1 0 10 3 4 11 8 6 6 _ 
[00230576] 2 | 5 9 1 0 10 3 4 11 8 _ 6 8 
[00230577] 4 | _ 9 1 0 10 3 4 11 7 _ 6 _ 
[00230578] 3 | 6 9 1 0 10 3 4 11 7 _ 6 _ 
[00230579] 2 | 6 9 1 0 10 3 4 11 7 5 6 _ 
[00230580] 3 | _ 9 1 0 10 3 4 11 7 _ 6 9 
[00230581] 2 | _ 9 1 0 10 3 4 11 7 5 6 9 
[00230582] 4 | _ 9 1 0 10 3 4 11 _ _ 6 2 
[00230583] 3 | _ 9 1 0 10 3 4 11 8 _ 6 2 
[00230584] 2 | 7 9 1 0 10 3 4 11 8 _ 6 2 
[00230585] 3 | _ 9 1 0 10 3 4 11 5 8 6 2 
[00230586] 2 | 7 9 1 0 10 3 4 11 5 8 6 2 
[00230587] 3 | _ 9 1 0 10 3 4 11 8 5 6 2 
[00230588] 2 | 7 9 1 0 10 3 4 11 8 5 6 2 
[00230589] 5 | _ 9 1 0 10 3 4 11 _ _ 2 7 
[00230590] 4 | 5 9 1 0 10 3 4 11 _ _ 2 7 
[00230591] 3 | 5 9 1 0 10 3 4 11 8 _ 2 7 
[00230592] 2 | 5 9 1 0 10 3 4 11 8 6 2 7 
[00230593] 5 | _ 9 1 0 10 3 4 11 _ _ 7 2 
[00230594] 4 | 5 9 1 0 10 3 4 11 _ _ 7 2 
[00230595] 3 | 5 9 1 0 10 3 4 11 8 _ 7 2 
[00230596] 2 | 5 9 1 0 10 3 4 11 8 6 7 2 
[00230597] 6 | _ 9 1 0 10 3 _ 11 5 _ _ _ 
[00230598] 5 | 4 9 1 0 10 3 _ 11 5 _ _ _ 
[00230599] 4 | 4 9 1 0 10 3 6 11 5 _ _ _ 
[00230600] 3 | 4 9 1 0 10 3 6 11 5 2 _ _ 
[00230601] 3 | 4 9 1 0 10 3 6 11 5 8 _ _ 
[00230602] 3 | 4 9 1 0 10 3 6 11 5 _ 8 _ 
[00230603] 2 | 4 9 1 0 10 3 6 11 5 7 8 _ 
[00230604] 4 | 4 9 1 0 10 3 _ 11 5 _ 7 _ 
[00230605] 3 | 4 9 1 0 10 3 7 11 5 _ 7 _ 
[00230606] 3 | 4 9 1 0 10 3 _ 11 5 2 7 _ 
[00230607] 2 | 4 9 1 0 10 3 8 11 5 2 7 _ 
[00230608] 1 | 4 9 1 0 10 3 8 11 5 2 7 6  *Graceful*
[00230608] 3 | 4 9 1 0 10 3 _ 11 5 8 7 _ 
[00230609] 3 | 4 9 1 0 10 3 _ 11 5 _ 7 10 
[00230610] 4 | 4 9 1 0 10 3 _ 11 5 _ 2 6 
[00230611] 3 | 4 9 1 0 10 3 7 11 5 _ 2 6 
[00230612] 3 | 4 9 1 0 10 3 _ 11 5 8 2 6 
[00230613] 4 | 4 9 1 0 10 3 _ 11 5 _ 6 2 
[00230614] 3 | 4 9 1 0 10 3 7 11 5 _ 6 2 
[00230615] 3 | 4 9 1 0 10 3 _ 11 5 8 6 2 
[00230616] 5 | _ 9 1 0 10 3 5 11 5 _ _ _ 
[00230617] 4 | _ 9 1 0 10 3 5 11 5 _ 7 _ 
[00230618] 3 | 6 9 1 0 10 3 5 11 5 _ 7 _ 
[00230619] 3 | _ 9 1 0 10 3 5 11 5 _ 7 4 
[00230620] 4 | _ 9 1 0 10 3 5 11 5 _ 2 6 
[00230621] 4 | _ 9 1 0 10 3 5 11 5 _ 4 8 
[00230622] 3 | 6 9 1 0 10 3 5 11 5 _ 4 8 
[00230623] 4 | _ 9 1 0 10 3 5 11 5 _ 6 2 
[00230624] 4 | _ 9 1 0 10 3 5 11 5 _ 8 4 
[00230625] 3 | 6 9 1 0 10 3 5 11 5 _ 8 4 
[00230626] 5 | _ 9 1 0 10 3 _ 11 5 10 _ _ 
[00230627] 4 | _ 9 1 0 10 3 _ 11 5 10 7 _ 
[00230628] 3 | 6 9 1 0 10 3 _ 11 5 10 7 _ 
[00230629] 3 | _ 9 1 0 10 3 _ 11 5 10 7 4 
[00230630] 4 | _ 9 1 0 10 3 _ 11 5 10 2 6 
[00230631] 4 | _ 9 1 0 10 3 _ 11 5 10 4 8 
[00230632] 3 | 6 9 1 0 10 3 _ 11 5 10 4 8 
[00230633] 4 | _ 9 1 0 10 3 _ 11 5 10 6 2 
[00230634] 4 | _ 9 1 0 10 3 _ 11 5 10 8 4 
[00230635] 3 | 6 9 1 0 10 3 _ 11 5 10 8 4 
[00230636] 5 | _ 9 1 0 10 3 _ 11 5 _ 6 _ 
[00230637] 4 | 5 9 1 0 10 3 _ 11 5 _ 6 _ 
[00230638] 3 | 5 9 1 0 10 3 7 11 5 _ 6 _ 
[00230639] 2 | 5 9 1 0 10 3 7 11 5 _ 6 4 
[00230640] 2 | 5 9 1 0 10 3 7 11 5 _ 6 8 
[00230641] 4 | _ 9 1 0 10 3 6 11 5 _ 6 _ 
[00230642] 3 | _ 9 1 0 10 3 6 11 5 2 6 _ 
[00230643] 2 | 7 9 1 0 10 3 6 11 5 2 6 _ 
[00230644] 3 | _ 9 1 0 10 3 6 11 5 8 6 _ 
[00230645] 2 | 7 9 1 0 10 3 6 11 5 8 6 _ 
[00230646] 4 | _ 9 1 0 10 3 _ 11 5 9 6 _ 
[00230647] 3 | _ 9 1 0 10 3 7 11 5 9 6 _ 
[00230648] 2 | _ 9 1 0 10 3 7 11 5 9 6 4 
[00230649] 2 | _ 9 1 0 10 3 7 11 5 9 6 8 
[00230650] 4 | _ 9 1 0 10 3 _ 11 5 _ 6 2 
[00230651] 3 | _ 9 1 0 10 3 7 11 5 _ 6 2 
[00230652] 3 | _ 9 1 0 10 3 _ 11 5 8 6 2 
[00230653] 2 | 7 9 1 0 10 3 _ 11 5 8 6 2 
[00230654] 4 | _ 9 1 0 10 3 _ 11 5 _ 6 10 
[00230655] 3 | _ 9 1 0 10 3 _ 11 5 2 6 10 
[00230656] 2 | 7 9 1 0 10 3 _ 11 5 2 6 10 
[00230657] 3 | _ 9 1 0 10 3 _ 11 5 8 6 10 
[00230658] 2 | 7 9 1 0 10 3 _ 11 5 8 6 10 
[00230659] 5 | _ 9 1 0 10 3 _ 11 5 _ 2 7 
[00230660] 4 | 5 9 1 0 10 3 _ 11 5 _ 2 7 
[00230661] 4 | _ 9 1 0 10 3 6 11 5 _ 2 7 
[00230662] 3 | _ 9 1 0 10 3 6 11 5 8 2 7 
[00230663] 4 | _ 9 1 0 10 3 _ 11 5 9 2 7 
[00230664] 5 | _ 9 1 0 10 3 _ 11 5 _ 7 2 
[00230665] 4 | 5 9 1 0 10 3 _ 11 5 _ 7 2 
[00230666] 4 | _ 9 1 0 10 3 6 11 5 _ 7 2 
[00230667] 3 | _ 9 1 0 10 3 6 11 5 8 7 2 
[00230668] 4 | _ 9 1 0 10 3 _ 11 5 9 7 2 
[00230669] 6 | _ 9 1 0 10 3 _ 11 2 8 _ _ 
[00230670] 5 | 4 9 1 0 10 3 _ 11 2 8 _ _ 
[00230671] 4 | 4 9 1 0 10 3 6 11 2 8 _ _ 
[00230672] 4 | 4 9 1 0 10 3 _ 11 2 8 7 _ 
[00230673] 3 | 4 9 1 0 10 3 7 11 2 8 7 _ 
[00230674] 3 | 4 9 1 0 10 3 _ 11 2 8 7 10 
[00230675] 5 | _ 9 1 0 10 3 5 11 2 8 _ _ 
[00230676] 4 | _ 9 1 0 10 3 5 11 2 8 7 _ 
[00230677] 3 | 6 9 1 0 10 3 5 11 2 8 7 _ 
[00230678] 3 | _ 9 1 0 10 3 5 11 2 8 7 4 
[00230679] 5 | _ 9 1 0 10 3 _ 11 2 8 6 _ 
[00230680] 4 | 5 9 1 0 10 3 _ 11 2 8 6 _ 
[00230681] 3 | 5 9 1 0 10 3 7 11 2 8 6 _ 
[00230682] 2 | 5 9 1 0 10 3 7 11 2 8 6 4 
[00230683] 4 | _ 9 1 0 10 3 6 11 2 8 6 _ 
[00230684] 4 | _ 9 1 0 10 3 _ 11 2 8 6 10 
[00230685] 6 | _ 9 1 0 10 3 _ 11 8 2 _ _ 
[00230686] 5 | 4 9 1 0 10 3 _ 11 8 2 _ _ 
[00230687] 4 | 4 9 1 0 10 3 6 11 8 2 _ _ 
[00230688] 4 | 4 9 1 0 10 3 _ 11 8 2 7 _ 
[00230689] 3 | 4 9 1 0 10 3 7 11 8 2 7 _ 
[00230690] 3 | 4 9 1 0 10 3 _ 11 8 2 7 10 
[00230691] 5 | _ 9 1 0 10 3 5 11 8 2 _ _ 
[00230692] 4 | _ 9 1 0 10 3 5 11 8 2 7 _ 
[00230693] 3 | 6 9 1 0 10 3 5 11 8 2 7 _ 
[00230694] 3 | _ 9 1 0 10 3 5 11 8 2 7 4 
[00230695] 5 | _ 9 1 0 10 3 _ 11 8 2 6 _ 
[00230696] 4 | 5 9 1 0 10 3 _ 11 8 2 6 _ 
[00230697] 3 | 5 9 1 0 10 3 7 11 8 2 6 _ 
[00230698] 2 | 5 9 1 0 10 3 7 11 8 2 6 4 
[00230699] 4 | _ 9 1 0 10 3 6 11 8 2 6 _ 
[00230700] 4 | _ 9 1 0 10 3 _ 11 8 2 6 10 
[00230701] 6 | _ 9 1 0 10 3 _ 11 _ _ 5 _ 
[00230702] 5 | 4 9 1 0 10 3 _ 11 _ _ 5 _ 
[00230703] 4 | 4 9 1 0 10 3 6 11 _ _ 5 _ 
[00230704] 3 | 4 9 1 0 10 3 6 11 8 _ 5 _ 
[00230705] 2 | 4 9 1 0 10 3 6 11 8 _ 5 7 
[00230706] 3 | 4 9 1 0 10 3 6 11 _ _ 5 2 
[00230707] 3 | 4 9 1 0 10 3 6 11 _ _ 5 8 
[00230708] 4 | 4 9 1 0 10 3 _ 11 7 _ 5 _ 
[00230709] 3 | 4 9 1 0 10 3 7 11 7 _ 5 _ 
[00230710] 3 | 4 9 1 0 10 3 _ 11 7 10 5 _ 
[00230711] 3 | 4 9 1 0 10 3 _ 11 7 _ 5 2 
[00230712] 2 | 4 9 1 0 10 3 8 11 7 _ 5 2 
[00230713] 1 | 4 9 1 0 10 3 8 11 7 6 5 2  *Graceful*
[00230713] 3 | 4 9 1 0 10 3 _ 11 7 _ 5 8 
[00230714] 4 | 4 9 1 0 10 3 _ 11 2 6 5 _ 
[00230715] 3 | 4 9 1 0 10 3 7 11 2 6 5 _ 
[00230716] 3 | 4 9 1 0 10 3 _ 11 2 6 5 8 
[00230717] 4 | 4 9 1 0 10 3 _ 11 6 2 5 _ 
[00230718] 3 | 4 9 1 0 10 3 7 11 6 2 5 _ 
[00230719] 3 | 4 9 1 0 10 3 _ 11 6 2 5 8 
[00230720] 5 | _ 9 1 0 10 3 5 11 _ _ 5 _ 
[00230721] 4 | _ 9 1 0 10 3 5 11 7 _ 5 _ 
[00230722] 3 | 6 9 1 0 10 3 5 11 7 _ 5 _ 
[00230723] 3 | _ 9 1 0 10 3 5 11 7 4 5 _ 
[00230724] 4 | _ 9 1 0 10 3 5 11 2 6 5 _ 
[00230725] 4 | _ 9 1 0 10 3 5 11 4 8 5 _ 
[00230726] 3 | 6 9 1 0 10 3 5 11 4 8 5 _ 
[00230727] 4 | _ 9 1 0 10 3 5 11 6 2 5 _ 
[00230728] 4 | _ 9 1 0 10 3 5 11 8 4 5 _ 
[00230729] 3 | 6 9 1 0 10 3 5 11 8 4 5 _ 
[00230730] 5 | _ 9 1 0 10 3 _ 11 6 _ 5 _ 
[00230731] 4 | 5 9 1 0 10 3 _ 11 6 _ 5 _ 
[00230732] 3 | 5 9 1 0 10 3 7 11 6 _ 5 _ 
[00230733] 2 | 5 9 1 0 10 3 7 11 6 4 5 _ 
[00230734] 2 | 5 9 1 0 10 3 7 11 6 8 5 _ 
[00230735] 4 | _ 9 1 0 10 3 6 11 6 _ 5 _ 
[00230736] 3 | _ 9 1 0 10 3 6 11 6 _ 5 2 
[00230737] 2 | 7 9 1 0 10 3 6 11 6 _ 5 2 
[00230738] 3 | _ 9 1 0 10 3 6 11 6 _ 5 8 
[00230739] 2 | 7 9 1 0 10 3 6 11 6 _ 5 8 
[00230740] 4 | _ 9 1 0 10 3 _ 11 6 2 5 _ 
[00230741] 3 | _ 9 1 0 10 3 7 11 6 2 5 _ 
[00230742] 3 | _ 9 1 0 10 3 _ 11 6 2 5 8 
[00230743] 2 | 7 9 1 0 10 3 _ 11 6 2 5 8 
[00230744] 4 | _ 9 1 0 10 3 _ 11 6 10 5 _ 
[00230745] 3 | _ 9 1 0 10 3 _ 11 6 10 5 2 
[00230746] 2 | 7 9 1 0 10 3 _ 11 6 10 5 2 
[00230747] 3 | _ 9 1 0 10 3 _ 11 6 10 5 8 
[00230748] 2 | 7 9 1 0 10 3 _ 11 6 10 5 8 
[00230749] 4 | _ 9 1 0 10 3 _ 11 6 _ 5 9 
[00230750] 3 | _ 9 1 0 10 3 7 11 6 _ 5 9 
[00230751] 2 | _ 9 1 0 10 3 7 11 6 4 5 9 
[00230752] 2 | _ 9 1 0 10 3 7 11 6 8 5 9 
[00230753] 5 | _ 9 1 0 10 3 _ 11 2 7 5 _ 
[00230754] 4 | 5 9 1 0 10 3 _ 11 2 7 5 _ 
[00230755] 4 | _ 9 1 0 10 3 6 11 2 7 5 _ 
[00230756] 3 | _ 9 1 0 10 3 6 11 2 7 5 8 
[00230757] 4 | _ 9 1 0 10 3 _ 11 2 7 5 9 
[00230758] 5 | _ 9 1 0 10 3 _ 11 7 2 5 _ 
[00230759] 4 | 5 9 1 0 10 3 _ 11 7 2 5 _ 
[00230760] 4 | _ 9 1 0 10 3 6 11 7 2 5 _ 
[00230761] 3 | _ 9 1 0 10 3 6 11 7 2 5 8 
[00230762] 4 | _ 9 1 0 10 3 _ 11 7 2 5 9 
[00230763] 5 | _ 9 1 0 10 3 _ 11 _ _ 5 10 
[00230764] 4 | _ 9 1 0 10 3 _ 11 7 _ 5 10 
[00230765] 3 | 6 9 1 0 10 3 _ 11 7 _ 5 10 
[00230766] 3 | _ 9 1 0 10 3 _ 11 7 4 5 10 
[00230767] 4 | _ 9 1 0 10 3 _ 11 2 6 5 10 
[00230768] 4 | _ 9 1 0 10 3 _ 11 4 8 5 10 
[00230769] 3 | 6 9 1 0 10 3 _ 11 4 8 5 10 
[00230770] 4 | _ 9 1 0 10 3 _ 11 6 2 5 10 
[00230771] 4 | _ 9 1 0 10 3 _ 11 8 4 5 10 
[00230772] 3 | 6 9 1 0 10 3 _ 11 8 4 5 10 
[00230773] 6 | _ 9 1 0 10 3 _ 11 _ _ 2 8 
[00230774] 5 | 4 9 1 0 10 3 _ 11 _ _ 2 8 
[00230775] 4 | 4 9 1 0 10 3 6 11 _ _ 2 8 
[00230776] 4 | 4 9 1 0 10 3 _ 11 7 _ 2 8 
[00230777] 3 | 4 9 1 0 10 3 7 11 7 _ 2 8 
[00230778] 3 | 4 9 1 0 10 3 _ 11 7 10 2 8 
[00230779] 5 | _ 9 1 0 10 3 5 11 _ _ 2 8 
[00230780] 4 | _ 9 1 0 10 3 5 11 7 _ 2 8 
[00230781] 3 | 6 9 1 0 10 3 5 11 7 _ 2 8 
[00230782] 3 | _ 9 1 0 10 3 5 11 7 4 2 8 
[00230783] 5 | _ 9 1 0 10 3 _ 11 6 _ 2 8 
[00230784] 4 | 5 9 1 0 10 3 _ 11 6 _ 2 8 
[00230785] 3 | 5 9 1 0 10 3 7 11 6 _ 2 8 
[00230786] 2 | 5 9 1 0 10 3 7 11 6 4 2 8 
[00230787] 4 | _ 9 1 0 10 3 6 11 6 _ 2 8 
[00230788] 4 | _ 9 1 0 10 3 _ 11 6 10 2 8 
[00230789] 6 | _ 9 1 0 10 3 _ 11 _ _ 8 2 
[00230790] 5 | 4 9 1 0 10 3 _ 11 _ _ 8 2 
[00230791] 4 | 4 9 1 0 10 3 6 11 _ _ 8 2 
[00230792] 4 | 4 9 1 0 10 3 _ 11 7 _ 8 2 
[00230793] 3 | 4 9 1 0 10 3 7 11 7 _ 8 2 
[00230794] 3 | 4 9 1 0 10 3 _ 11 7 10 8 2 
[00230795] 5 | _ 9 1 0 10 3 5 11 _ _ 8 2 
[00230796] 4 | _ 9 1 0 10 3 5 11 7 _ 8 2 
[00230797] 3 | 6 9 1 0 10 3 5 11 7 _ 8 2 
[00230798] 3 | _ 9 1 0 10 3 5 11 7 4 8 2 
[00230799] 5 | _ 9 1 0 10 3 _ 11 6 _ 8 2 
[00230800] 4 | 5 9 1 0 10 3 _ 11 6 _ 8 2 
[00230801] 3 | 5 9 1 0 10 3 7 11 6 _ 8 2 
[00230802] 2 | 5 9 1 0 10 3 7 11 6 4 8 2 
[00230803] 4 | _ 9 1 0 10 3 6 11 6 _ 8 2 
[00230804] 4 | _ 9 1 0 10 3 _ 11 6 10 8 2 
[00230805] 7 | _ 9 1 0 10 _ 3 11 _ _ _ _ 
[00230806] 6 | _ 9 1 0 10 4 3 11 _ _ _ _ 
[00230807] 5 | _ 9 1 0 10 4 3 11 6 _ _ _ 
[00230808] 4 | 5 9 1 0 10 4 3 11 6 _ _ _ 
[00230809] 3 | 5 9 1 0 10 4 3 11 6 _ 8 _ 
[00230810] 2 | 5 9 1 0 10 4 3 11 6 8 8 _ 
[00230811] 2 | 5 9 1 0 10 4 3 11 6 _ 8 6 
[00230812] 4 | _ 9 1 0 10 4 3 11 6 2 _ _ 
[00230813] 3 | _ 9 1 0 10 4 3 11 6 2 8 _ 
[00230814] 2 | 7 9 1 0 10 4 3 11 6 2 8 _ 
[00230815] 3 | _ 9 1 0 10 4 3 11 6 2 5 8 
[00230816] 2 | 7 9 1 0 10 4 3 11 6 2 5 8 
[00230817] 3 | _ 9 1 0 10 4 3 11 6 2 8 5 
[00230818] 2 | 7 9 1 0 10 4 3 11 6 2 8 5 
[00230819] 4 | _ 9 1 0 10 4 3 11 6 _ 7 _ 
[00230820] 3 | 6 9 1 0 10 4 3 11 6 _ 7 _ 
[00230821] 2 | 6 9 1 0 10 4 3 11 6 _ 7 5 
[00230822] 3 | _ 9 1 0 10 4 3 11 6 9 7 _ 
[00230823] 2 | _ 9 1 0 10 4 3 11 6 9 7 5 
[00230824] 5 | _ 9 1 0 10 4 3 11 2 7 _ _ 
[00230825] 4 | 5 9 1 0 10 4 3 11 2 7 _ _ 
[00230826] 3 | 5 9 1 0 10 4 3 11 2 7 8 _ 
[00230827] 2 | 5 9 1 0 10 4 3 11 2 7 8 6 
[00230828] 5 | _ 9 1 0 10 4 3 11 7 2 _ _ 
[00230829] 4 | 5 9 1 0 10 4 3 11 7 2 _ _ 
[00230830] 3 | 5 9 1 0 10 4 3 11 7 2 8 _ 
[00230831] 2 | 5 9 1 0 10 4 3 11 7 2 8 6 
[00230832] 5 | _ 9 1 0 10 4 3 11 _ _ 6 _ 
[00230833] 4 | 5 9 1 0 10 4 3 11 _ _ 6 _ 
[00230834] 3 | 5 9 1 0 10 4 3 11 8 _ 6 _ 
[00230835] 2 | 5 9 1 0 10 4 3 11 8 6 6 _ 
[00230836] 2 | 5 9 1 0 10 4 3 11 8 _ 6 8 
[00230837] 4 | _ 9 1 0 10 4 3 11 7 _ 6 _ 
[00230838] 3 | 6 9 1 0 10 4 3 11 7 _ 6 _ 
[00230839] 2 | 6 9 1 0 10 4 3 11 7 5 6 _ 
[00230840] 3 | _ 9 1 0 10 4 3 11 7 _ 6 9 
[00230841] 2 | _ 9 1 0 10 4 3 11 7 5 6 9 
[00230842] 4 | _ 9 1 0 10 4 3 11 _ _ 6 2 
[00230843] 3 | _ 9 1 0 10 4 3 11 8 _ 6 2 
[00230844] 2 | 7 9 1 0 10 4 3 11 8 _ 6 2 
[00230845] 3 | _ 9 1 0 10 4 3 11 5 8 6 2 
[00230846] 2 | 7 9 1 0 10 4 3 11 5 8 6 2 
[00230847] 3 | _ 9 1 0 10 4 3 11 8 5 6 2 
[00230848] 2 | 7 9 1 0 10 4 3 11 8 5 6 2 
[00230849] 5 | _ 9 1 0 10 4 3 11 _ _ 2 7 
[00230850] 4 | 5 9 1 0 10 4 3 11 _ _ 2 7 
[00230851] 3 | 5 9 1 0 10 4 3 11 8 _ 2 7 
[00230852] 2 | 5 9 1 0 10 4 3 11 8 6 2 7 
[00230853] 5 | _ 9 1 0 10 4 3 11 _ _ 7 2 
[00230854] 4 | 5 9 1 0 10 4 3 11 _ _ 7 2 
[00230855] 3 | 5 9 1 0 10 4 3 11 8 _ 7 2 
[00230856] 2 | 5 9 1 0 10 4 3 11 8 6 7 2 
[00230857] 6 | _ 9 1 0 10 _ 3 11 5 _ _ _ 
[00230858] 5 | 4 9 1 0 10 _ 3 11 5 _ _ _ 
[00230859] 4 | 4 9 1 0 10 6 3 11 5 _ _ _ 
[00230860] 3 | 4 9 1 0 10 6 3 11 5 2 _ _ 
[00230861] 3 | 4 9 1 0 10 6 3 11 5 8 _ _ 
[00230862] 3 | 4 9 1 0 10 6 3 11 5 _ 8 _ 
[00230863] 2 | 4 9 1 0 10 6 3 11 5 7 8 _ 
[00230864] 4 | 4 9 1 0 10 _ 3 11 5 _ 7 _ 
[00230865] 3 | 4 9 1 0 10 7 3 11 5 _ 7 _ 
[00230866] 3 | 4 9 1 0 10 _ 3 11 5 2 7 _ 
[00230867] 2 | 4 9 1 0 10 8 3 11 5 2 7 _ 
[00230868] 1 | 4 9 1 0 10 8 3 11 5 2 7 6  *Graceful*
[00230868] 3 | 4 9 1 0 10 _ 3 11 5 8 7 _ 
[00230869] 3 | 4 9 1 0 10 _ 3 11 5 _ 7 10 
[00230870] 4 | 4 9 1 0 10 _ 3 11 5 _ 2 6 
[00230871] 3 | 4 9 1 0 10 7 3 11 5 _ 2 6 
[00230872] 3 | 4 9 1 0 10 _ 3 11 5 8 2 6 
[00230873] 4 | 4 9 1 0 10 _ 3 11 5 _ 6 2 
[00230874] 3 | 4 9 1 0 10 7 3 11 5 _ 6 2 
[00230875] 3 | 4 9 1 0 10 _ 3 11 5 8 6 2 
[00230876] 5 | _ 9 1 0 10 5 3 11 5 _ _ _ 
[00230877] 4 | _ 9 1 0 10 5 3 11 5 _ 7 _ 
[00230878] 3 | 6 9 1 0 10 5 3 11 5 _ 7 _ 
[00230879] 3 | _ 9 1 0 10 5 3 11 5 _ 7 4 
[00230880] 4 | _ 9 1 0 10 5 3 11 5 _ 2 6 
[00230881] 4 | _ 9 1 0 10 5 3 11 5 _ 4 8 
[00230882] 3 | 6 9 1 0 10 5 3 11 5 _ 4 8 
[00230883] 4 | _ 9 1 0 10 5 3 11 5 _ 6 2 
[00230884] 4 | _ 9 1 0 10 5 3 11 5 _ 8 4 
[00230885] 3 | 6 9 1 0 10 5 3 11 5 _ 8 4 
[00230886] 5 | _ 9 1 0 10 _ 3 11 5 10 _ _ 
[00230887] 4 | _ 9 1 0 10 _ 3 11 5 10 7 _ 
[00230888] 3 | 6 9 1 0 10 _ 3 11 5 10 7 _ 
[00230889] 3 | _ 9 1 0 10 _ 3 11 5 10 7 4 
[00230890] 4 | _ 9 1 0 10 _ 3 11 5 10 2 6 
[00230891] 4 | _ 9 1 0 10 _ 3 11 5 10 4 8 
[00230892] 3 | 6 9 1 0 10 _ 3 11 5 10 4 8 
[00230893] 4 | _ 9 1 0 10 _ 3 11 5 10 6 2 
[00230894] 4 | _ 9 1 0 10 _ 3 11 5 10 8 4 
[00230895] 3 | 6 9 1 0 10 _ 3 11 5 10 8 4 
[00230896] 5 | _ 9 1 0 10 _ 3 11 5 _ 6 _ 
[00230897] 4 | 5 9 1 0 10 _ 3 11 5 _ 6 _ 
[00230898] 3 | 5 9 1 0 10 7 3 11 5 _ 6 _ 
[00230899] 2 | 5 9 1 0 10 7 3 11 5 _ 6 4 
[00230900] 2 | 5 9 1 0 10 7 3 11 5 _ 6 8 
[00230901] 4 | _ 9 1 0 10 6 3 11 5 _ 6 _ 
[00230902] 3 | _ 9 1 0 10 6 3 11 5 2 6 _ 
[00230903] 2 | 7 9 1 0 10 6 3 11 5 2 6 _ 
[00230904] 3 | _ 9 1 0 10 6 3 11 5 8 6 _ 
[00230905] 2 | 7 9 1 0 10 6 3 11 5 8 6 _ 
[00230906] 4 | _ 9 1 0 10 _ 3 11 5 9 6 _ 
[00230907] 3 | _ 9 1 0 10 7 3 11 5 9 6 _ 
[00230908] 2 | _ 9 1 0 10 7 3 11 5 9 6 4 
[00230909] 2 | _ 9 1 0 10 7 3 11 5 9 6 8 
[00230910] 4 | _ 9 1 0 10 _ 3 11 5 _ 6 2 
[00230911] 3 | _ 9 1 0 10 7 3 11 5 _ 6 2 
[00230912] 3 | _ 9 1 0 10 _ 3 11 5 8 6 2 
[00230913] 2 | 7 9 1 0 10 _ 3 11 5 8 6 2 
[00230914] 4 | _ 9 1 0 10 _ 3 11 5 _ 6 10 
[00230915] 3 | _ 9 1 0 10 _ 3 11 5 2 6 10 
[00230916] 2 | 7 9 1 0 10 _ 3 11 5 2 6 10 
[00230917] 3 | _ 9 1 0 10 _ 3 11 5 8 6 10 
[00230918] 2 | 7 9 1 0 10 _ 3 11 5 8 6 10 
[00230919] 5 | _ 9 1 0 10 _ 3 11 5 _ 2 7 
[00230920] 4 | 5 9 1 0 10 _ 3 11 5 _ 2 7 
[00230921] 4 | _ 9 1 0 10 6 3 11 5 _ 2 7 
[00230922] 3 | _ 9 1 0 10 6 3 11 5 8 2 7 
[00230923] 4 | _ 9 1 0 10 _ 3 11 5 9 2 7 
[00230924] 5 | _ 9 1 0 10 _ 3 11 5 _ 7 2 
[00230925] 4 | 5 9 1 0 10 _ 3 11 5 _ 7 2 
[00230926] 4 | _ 9 1 0 10 6 3 11 5 _ 7 2 
[00230927] 3 | _ 9 1 0 10 6 3 11 5 8 7 2 
[00230928] 4 | _ 9 1 0 10 _ 3 11 5 9 7 2 
[00230929] 6 | _ 9 1 0 10 _ 3 11 2 8 _ _ 
[00230930] 5 | 4 9 1 0 10 _ 3 11 2 8 _ _ 
[00230931] 4 | 4 9 1 0 10 6 3 11 2 8 _ _ 
[00230932] 4 | 4 9 1 0 10 _ 3 11 2 8 7 _ 
[00230933] 3 | 4 9 1 0 10 7 3 11 2 8 7 _ 
[00230934] 3 | 4 9 1 0 10 _ 3 11 2 8 7 10 
[00230935] 5 | _ 9 1 0 10 5 3 11 2 8 _ _ 
[00230936] 4 | _ 9 1 0 10 5 3 11 2 8 7 _ 
[00230937] 3 | 6 9 1 0 10 5 3 11 2 8 7 _ 
[00230938] 3 | _ 9 1 0 10 5 3 11 2 8 7 4 
[00230939] 5 | _ 9 1 0 10 _ 3 11 2 8 6 _ 
[00230940] 4 | 5 9 1 0 10 _ 3 11 2 8 6 _ 
[00230941] 3 | 5 9 1 0 10 7 3 11 2 8 6 _ 
[00230942] 2 | 5 9 1 0 10 7 3 11 2 8 6 4 
[00230943] 4 | _ 9 1 0 10 6 3 11 2 8 6 _ 
[00230944] 4 | _ 9 1 0 10 _ 3 11 2 8 6 10 
[00230945] 6 | _ 9 1 0 10 _ 3 11 8 2 _ _ 
[00230946] 5 | 4 9 1 0 10 _ 3 11 8 2 _ _ 
[00230947] 4 | 4 9 1 0 10 6 3 11 8 2 _ _ 
[00230948] 4 | 4 9 1 0 10 _ 3 11 8 2 7 _ 
[00230949] 3 | 4 9 1 0 10 7 3 11 8 2 7 _ 
[00230950] 3 | 4 9 1 0 10 _ 3 11 8 2 7 10 
[00230951] 5 | _ 9 1 0 10 5 3 11 8 2 _ _ 
[00230952] 4 | _ 9 1 0 10 5 3 11 8 2 7 _ 
[00230953] 3 | 6 9 1 0 10 5 3 11 8 2 7 _ 
[00230954] 3 | _ 9 1 0 10 5 3 11 8 2 7 4 
[00230955] 5 | _ 9 1 0 10 _ 3 11 8 2 6 _ 
[00230956] 4 | 5 9 1 0 10 _ 3 11 8 2 6 _ 
[00230957] 3 | 5 9 1 0 10 7 3 11 8 2 6 _ 
[00230958] 2 | 5 9 1 0 10 7 3 11 8 2 6 4 
[00230959] 4 | _ 9 1 0 10 6 3 11 8 2 6 _ 
[00230960] 4 | _ 9 1 0 10 _ 3 11 8 2 6 10 
[00230961] 6 | _ 9 1 0 10 _ 3 11 _ _ 5 _ 
[00230962] 5 | 4 9 1 0 10 _ 3 11 _ _ 5 _ 
[00230963] 4 | 4 9 1 0 10 6 3 11 _ _ 5 _ 
[00230964] 3 | 4 9 1 0 10 6 3 11 8 _ 5 _ 
[00230965] 2 | 4 9 1 0 10 6 3 11 8 _ 5 7 
[00230966] 3 | 4 9 1 0 10 6 3 11 _ _ 5 2 
[00230967] 3 | 4 9 1 0 10 6 3 11 _ _ 5 8 
[00230968] 4 | 4 9 1 0 10 _ 3 11 7 _ 5 _ 
[00230969] 3 | 4 9 1 0 10 7 3 11 7 _ 5 _ 
[00230970] 3 | 4 9 1 0 10 _ 3 11 7 10 5 _ 
[00230971] 3 | 4 9 1 0 10 _ 3 11 7 _ 5 2 
[00230972] 2 | 4 9 1 0 10 8 3 11 7 _ 5 2 
[00230973] 1 | 4 9 1 0 10 8 3 11 7 6 5 2  *Graceful*
[00230973] 3 | 4 9 1 0 10 _ 3 11 7 _ 5 8 
[00230974] 4 | 4 9 1 0 10 _ 3 11 2 6 5 _ 
[00230975] 3 | 4 9 1 0 10 7 3 11 2 6 5 _ 
[00230976] 3 | 4 9 1 0 10 _ 3 11 2 6 5 8 
[00230977] 4 | 4 9 1 0 10 _ 3 11 6 2 5 _ 
[00230978] 3 | 4 9 1 0 10 7 3 11 6 2 5 _ 
[00230979] 3 | 4 9 1 0 10 _ 3 11 6 2 5 8 
[00230980] 5 | _ 9 1 0 10 5 3 11 _ _ 5 _ 
[00230981] 4 | _ 9 1 0 10 5 3 11 7 _ 5 _ 
[00230982] 3 | 6 9 1 0 10 5 3 11 7 _ 5 _ 
[00230983] 3 | _ 9 1 0 10 5 3 11 7 4 5 _ 
[00230984] 4 | _ 9 1 0 10 5 3 11 2 6 5 _ 
[00230985] 4 | _ 9 1 0 10 5 3 11 4 8 5 _ 
[00230986] 3 | 6 9 1 0 10 5 3 11 4 8 5 _ 
[00230987] 4 | _ 9 1 0 10 5 3 11 6 2 5 _ 
[00230988] 4 | _ 9 1 0 10 5 3 11 8 4 5 _ 
[00230989] 3 | 6 9 1 0 10 5 3 11 8 4 5 _ 
[00230990] 5 | _ 9 1 0 10 _ 3 11 6 _ 5 _ 
[00230991] 4 | 5 9 1 0 10 _ 3 11 6 _ 5 _ 
[00230992] 3 | 5 9 1 0 10 7 3 11 6 _ 5 _ 
[00230993] 2 | 5 9 1 0 10 7 3 11 6 4 5 _ 
[00230994] 2 | 5 9 1 0 10 7 3 11 6 8 5 _ 
[00230995] 4 | _ 9 1 0 10 6 3 11 6 _ 5 _ 
[00230996] 3 | _ 9 1 0 10 6 3 11 6 _ 5 2 
[00230997] 2 | 7 9 1 0 10 6 3 11 6 _ 5 2 
[00230998] 3 | _ 9 1 0 10 6 3 11 6 _ 5 8 
[00230999] 2 | 7 9 1 0 10 6 3 11 6 _ 5 8 
[00231000] 4 | _ 9 1 0 10 _ 3 11 6 2 5 _ 
[00231001] 3 | _ 9 1 0 10 7 3 11 6 2 5 _ 
[00231002] 3 | _ 9 1 0 10 _ 3 11 6 2 5 8 
[00231003] 2 | 7 9 1 0 10 _ 3 11 6 2 5 8 
[00231004] 4 | _ 9 1 0 10 _ 3 11 6 10 5 _ 
[00231005] 3 | _ 9 1 0 10 _ 3 11 6 10 5 2 
[00231006] 2 | 7 9 1 0 10 _ 3 11 6 10 5 2 
[00231007] 3 | _ 9 1 0 10 _ 3 11 6 10 5 8 
[00231008] 2 | 7 9 1 0 10 _ 3 11 6 10 5 8 
[00231009] 4 | _ 9 1 0 10 _ 3 11 6 _ 5 9 
[00231010] 3 | _ 9 1 0 10 7 3 11 6 _ 5 9 
[00231011] 2 | _ 9 1 0 10 7 3 11 6 4 5 9 
[00231012] 2 | _ 9 1 0 10 7 3 11 6 8 5 9 
[00231013] 5 | _ 9 1 0 10 _ 3 11 2 7 5 _ 
[00231014] 4 | 5 9 1 0 10 _ 3 11 2 7 5 _ 
[00231015] 4 | _ 9 1 0 10 6 3 11 2 7 5 _ 
[00231016] 3 | _ 9 1 0 10 6 3 11 2 7 5 8 
[00231017] 4 | _ 9 1 0 10 _ 3 11 2 7 5 9 
[00231018] 5 | _ 9 1 0 10 _ 3 11 7 2 5 _ 
[00231019] 4 | 5 9 1 0 10 _ 3 11 7 2 5 _ 
[00231020] 4 | _ 9 1 0 10 6 3 11 7 2 5 _ 
[00231021] 3 | _ 9 1 0 10 6 3 11 7 2 5 8 
[00231022] 4 | _ 9 1 0 10 _ 3 11 7 2 5 9 
[00231023] 5 | _ 9 1 0 10 _ 3 11 _ _ 5 10 
[00231024] 4 | _ 9 1 0 10 _ 3 11 7 _ 5 10 
[00231025] 3 | 6 9 1 0 10 _ 3 11 7 _ 5 10 
[00231026] 3 | _ 9 1 0 10 _ 3 11 7 4 5 10 
[00231027] 4 | _ 9 1 0 10 _ 3 11 2 6 5 10 
[00231028] 4 | _ 9 1 0 10 _ 3 11 4 8 5 10 
