[00256942] 5 | 3 8 1 0 6 _ _ 11 1 _ 2 _ 
[00256943] 4 | 3 8 1 0 6 2 _ 11 1 _ 2 _ 
[00256944] 3 | 3 8 1 0 6 2 9 11 1 _ 2 _ 
[00256945] 4 | 3 8 1 0 6 10 _ 11 1 _ 2 _ 
[00256946] 3 | 3 8 1 0 6 10 9 11 1 _ 2 _ 
[00256947] 2 | 3 8 1 0 6 10 9 11 1 _ 2 4 
[00256948] 3 | 3 8 1 0 6 10 _ 11 1 _ 2 5 
[00256949] 2 | 3 8 1 0 6 10 4 11 1 _ 2 5 
[00256950] 4 | 3 8 1 0 6 _ 2 11 1 _ 2 _ 
[00256951] 3 | 3 8 1 0 6 9 2 11 1 _ 2 _ 
[00256952] 4 | 3 8 1 0 6 _ 10 11 1 _ 2 _ 
[00256953] 3 | 3 8 1 0 6 9 10 11 1 _ 2 _ 
[00256954] 2 | 3 8 1 0 6 9 10 11 1 _ 2 4 
[00256955] 3 | 3 8 1 0 6 _ 10 11 1 _ 2 5 
[00256956] 2 | 3 8 1 0 6 4 10 11 1 _ 2 5 
[00256957] 4 | 3 8 1 0 6 _ _ 11 1 _ 2 6 
[00256958] 5 | _ 8 1 0 6 _ _ 11 1 _ 2 7 
[00256959] 4 | 4 8 1 0 6 _ _ 11 1 _ 2 7 
[00256960] 3 | 4 8 1 0 6 3 _ 11 1 _ 2 7 
[00256961] 3 | 4 8 1 0 6 9 _ 11 1 _ 2 7 
[00256962] 3 | 4 8 1 0 6 _ 3 11 1 _ 2 7 
[00256963] 3 | 4 8 1 0 6 _ 9 11 1 _ 2 7 
[00256964] 4 | _ 8 1 0 6 10 _ 11 1 _ 2 7 
[00256965] 3 | 5 8 1 0 6 10 _ 11 1 _ 2 7 
[00256966] 2 | 5 8 1 0 6 10 4 11 1 _ 2 7 
[00256967] 3 | _ 8 1 0 6 10 3 11 1 _ 2 7 
[00256968] 3 | _ 8 1 0 6 10 9 11 1 _ 2 7 
[00256969] 4 | _ 8 1 0 6 _ 10 11 1 _ 2 7 
[00256970] 3 | 5 8 1 0 6 _ 10 11 1 _ 2 7 
[00256971] 2 | 5 8 1 0 6 4 10 11 1 _ 2 7 
[00256972] 3 | _ 8 1 0 6 3 10 11 1 _ 2 7 
[00256973] 3 | _ 8 1 0 6 9 10 11 1 _ 2 7 
[00256974] 6 | _ 8 1 0 3 9 _ 11 1 _ 2 _ 
[00256975] 5 | 3 8 1 0 3 9 _ 11 1 _ 2 _ 
[00256976] 4 | 3 8 1 0 3 9 _ 11 1 _ 2 6 
[00256977] 5 | _ 8 1 0 3 9 8 11 1 _ 2 _ 
[00256978] 4 | _ 8 1 0 3 9 8 11 1 _ 2 6 
[00256979] 5 | _ 8 1 0 3 9 _ 11 1 _ 2 7 
[00256980] 4 | 4 8 1 0 3 9 _ 11 1 _ 2 7 
[00256981] 3 | 4 8 1 0 3 9 6 11 1 _ 2 7 
[00256982] 6 | _ 8 1 0 4 10 _ 11 1 _ 2 _ 
[00256983] 5 | 3 8 1 0 4 10 _ 11 1 _ 2 _ 
[00256984] 4 | 3 8 1 0 4 10 _ 11 1 _ 2 6 
[00256985] 3 | 3 8 1 0 4 10 7 11 1 _ 2 6 
[00256986] 5 | _ 8 1 0 4 10 9 11 1 _ 2 _ 
[00256987] 4 | _ 8 1 0 4 10 9 11 1 _ 2 6 
[00256988] 3 | 5 8 1 0 4 10 9 11 1 _ 2 6 
[00256989] 5 | _ 8 1 0 4 10 _ 11 1 _ 2 7 
[00256990] 4 | 4 8 1 0 4 10 _ 11 1 _ 2 7 
[00256991] 4 | _ 8 1 0 4 10 8 11 1 _ 2 7 
[00256992] 6 | _ 8 1 0 9 3 _ 11 1 _ 2 _ 
[00256993] 5 | _ 8 1 0 9 3 4 11 1 _ 2 _ 
[00256994] 4 | _ 8 1 0 9 3 4 11 1 _ 2 6 
[00256995] 3 | 5 8 1 0 9 3 4 11 1 _ 2 6 
[00256996] 5 | _ 8 1 0 9 3 _ 11 1 _ 2 7 
[00256997] 4 | 4 8 1 0 9 3 _ 11 1 _ 2 7 
[00256998] 3 | 4 8 1 0 9 3 6 11 1 _ 2 7 
[00256999] 4 | _ 8 1 0 9 3 5 11 1 _ 2 7 
[00257000] 6 | _ 8 1 0 10 4 _ 11 1 _ 2 _ 
[00257001] 5 | 3 8 1 0 10 4 _ 11 1 _ 2 _ 
[00257002] 4 | 3 8 1 0 10 4 6 11 1 _ 2 _ 
[00257003] 3 | 3 8 1 0 10 4 6 11 1 _ 2 5 
[00257004] 4 | 3 8 1 0 10 4 _ 11 1 _ 2 6 
[00257005] 3 | 3 8 1 0 10 4 7 11 1 _ 2 6 
[00257006] 5 | _ 8 1 0 10 4 5 11 1 _ 2 _ 
[00257007] 4 | _ 8 1 0 10 4 5 11 1 _ 2 6 
[00257008] 5 | _ 8 1 0 10 4 _ 11 1 _ 2 7 
[00257009] 4 | _ 8 1 0 10 4 6 11 1 _ 2 7 
[00257010] 3 | 5 8 1 0 10 4 6 11 1 _ 2 7 
[00257011] 6 | _ 8 1 0 3 _ 9 11 1 _ 2 _ 
[00257012] 5 | 3 8 1 0 3 _ 9 11 1 _ 2 _ 
[00257013] 4 | 3 8 1 0 3 _ 9 11 1 _ 2 6 
[00257014] 5 | _ 8 1 0 3 8 9 11 1 _ 2 _ 
[00257015] 4 | _ 8 1 0 3 8 9 11 1 _ 2 6 
[00257016] 5 | _ 8 1 0 3 _ 9 11 1 _ 2 7 
[00257017] 4 | 4 8 1 0 3 _ 9 11 1 _ 2 7 
[00257018] 3 | 4 8 1 0 3 6 9 11 1 _ 2 7 
[00257019] 6 | _ 8 1 0 4 _ 10 11 1 _ 2 _ 
[00257020] 5 | 3 8 1 0 4 _ 10 11 1 _ 2 _ 
[00257021] 4 | 3 8 1 0 4 _ 10 11 1 _ 2 6 
[00257022] 3 | 3 8 1 0 4 7 10 11 1 _ 2 6 
[00257023] 5 | _ 8 1 0 4 9 10 11 1 _ 2 _ 
[00257024] 4 | _ 8 1 0 4 9 10 11 1 _ 2 6 
[00257025] 3 | 5 8 1 0 4 9 10 11 1 _ 2 6 
[00257026] 5 | _ 8 1 0 4 _ 10 11 1 _ 2 7 
[00257027] 4 | 4 8 1 0 4 _ 10 11 1 _ 2 7 
[00257028] 4 | _ 8 1 0 4 8 10 11 1 _ 2 7 
[00257029] 6 | _ 8 1 0 9 _ 3 11 1 _ 2 _ 
[00257030] 5 | _ 8 1 0 9 4 3 11 1 _ 2 _ 
[00257031] 4 | _ 8 1 0 9 4 3 11 1 _ 2 6 
[00257032] 3 | 5 8 1 0 9 4 3 11 1 _ 2 6 
[00257033] 5 | _ 8 1 0 9 _ 3 11 1 _ 2 7 
[00257034] 4 | 4 8 1 0 9 _ 3 11 1 _ 2 7 
[00257035] 3 | 4 8 1 0 9 6 3 11 1 _ 2 7 
[00257036] 4 | _ 8 1 0 9 5 3 11 1 _ 2 7 
[00257037] 6 | _ 8 1 0 10 _ 4 11 1 _ 2 _ 
[00257038] 5 | 3 8 1 0 10 _ 4 11 1 _ 2 _ 
[00257039] 4 | 3 8 1 0 10 6 4 11 1 _ 2 _ 
[00257040] 3 | 3 8 1 0 10 6 4 11 1 _ 2 5 
[00257041] 4 | 3 8 1 0 10 _ 4 11 1 _ 2 6 
[00257042] 3 | 3 8 1 0 10 7 4 11 1 _ 2 6 
[00257043] 5 | _ 8 1 0 10 5 4 11 1 _ 2 _ 
[00257044] 4 | _ 8 1 0 10 5 4 11 1 _ 2 6 
[00257045] 5 | _ 8 1 0 10 _ 4 11 1 _ 2 7 
[00257046] 4 | _ 8 1 0 10 6 4 11 1 _ 2 7 
[00257047] 3 | 5 8 1 0 10 6 4 11 1 _ 2 7 
[00257048] 6 | _ 8 1 0 _ _ _ 11 1 _ 2 8 
[00257049] 5 | _ 8 1 0 5 _ _ 11 1 _ 2 8 
[00257050] 4 | _ 8 1 0 5 9 _ 11 1 _ 2 8 
[00257051] 4 | _ 8 1 0 5 _ 9 11 1 _ 2 8 
[00257052] 5 | _ 8 1 0 4 9 _ 11 1 _ 2 8 
[00257053] 5 | _ 8 1 0 5 10 _ 11 1 _ 2 8 
[00257054] 4 | _ 8 1 0 5 10 9 11 1 _ 2 8 
[00257055] 5 | _ 8 1 0 9 4 _ 11 1 _ 2 8 
[00257056] 4 | _ 8 1 0 9 4 5 11 1 _ 2 8 
[00257057] 5 | _ 8 1 0 10 5 _ 11 1 _ 2 8 
[00257058] 4 | _ 8 1 0 10 5 6 11 1 _ 2 8 
[00257059] 5 | _ 8 1 0 4 _ 9 11 1 _ 2 8 
[00257060] 5 | _ 8 1 0 5 _ 10 11 1 _ 2 8 
[00257061] 4 | _ 8 1 0 5 9 10 11 1 _ 2 8 
[00257062] 5 | _ 8 1 0 9 _ 4 11 1 _ 2 8 
[00257063] 4 | _ 8 1 0 9 5 4 11 1 _ 2 8 
[00257064] 5 | _ 8 1 0 10 _ 5 11 1 _ 2 8 
[00257065] 4 | _ 8 1 0 10 6 5 11 1 _ 2 8 
[00257066] 7 | _ 8 _ 0 7 _ _ 11 1 _ 2 _ 
[00257067] 6 | 2 8 _ 0 7 _ _ 11 1 _ 2 _ 
[00257068] 5 | 2 8 3 0 7 _ _ 11 1 _ 2 _ 
[00257069] 4 | 2 8 3 0 7 _ _ 11 1 5 2 _ 
[00257070] 3 | 2 8 3 0 7 4 _ 11 1 5 2 _ 
[00257071] 2 | 2 8 3 0 7 4 9 11 1 5 2 _ 
[00257072] 3 | 2 8 3 0 7 10 _ 11 1 5 2 _ 
[00257073] 2 | 2 8 3 0 7 10 9 11 1 5 2 _ 
[00257074] 3 | 2 8 3 0 7 _ 4 11 1 5 2 _ 
[00257075] 2 | 2 8 3 0 7 9 4 11 1 5 2 _ 
[00257076] 3 | 2 8 3 0 7 _ 10 11 1 5 2 _ 
[00257077] 2 | 2 8 3 0 7 9 10 11 1 5 2 _ 
[00257078] 5 | 2 8 _ 0 7 _ _ 11 1 6 2 _ 
[00257079] 4 | 2 8 4 0 7 _ _ 11 1 6 2 _ 
[00257080] 3 | 2 8 4 0 7 10 _ 11 1 6 2 _ 
[00257081] 2 | 2 8 4 0 7 10 5 11 1 6 2 _ 
[00257082] 2 | 2 8 4 0 7 10 9 11 1 6 2 _ 
[00257083] 3 | 2 8 4 0 7 _ 10 11 1 6 2 _ 
[00257084] 2 | 2 8 4 0 7 5 10 11 1 6 2 _ 
[00257085] 2 | 2 8 4 0 7 9 10 11 1 6 2 _ 
[00257086] 4 | 2 8 _ 0 7 3 _ 11 1 6 2 _ 
[00257087] 3 | 2 8 5 0 7 3 _ 11 1 6 2 _ 
[00257088] 2 | 2 8 5 0 7 3 9 11 1 6 2 _ 
[00257089] 3 | 2 8 _ 0 7 3 4 11 1 6 2 _ 
[00257090] 2 | 2 8 10 0 7 3 4 11 1 6 2 _ 
[00257091] 3 | 2 8 _ 0 7 3 10 11 1 6 2 _ 
[00257092] 4 | 2 8 _ 0 7 _ 3 11 1 6 2 _ 
[00257093] 3 | 2 8 5 0 7 _ 3 11 1 6 2 _ 
[00257094] 2 | 2 8 5 0 7 9 3 11 1 6 2 _ 
[00257095] 3 | 2 8 _ 0 7 4 3 11 1 6 2 _ 
[00257096] 2 | 2 8 10 0 7 4 3 11 1 6 2 _ 
[00257097] 3 | 2 8 _ 0 7 10 3 11 1 6 2 _ 
[00257098] 6 | _ 8 2 0 7 _ _ 11 1 _ 2 _ 
[00257099] 5 | 3 8 2 0 7 _ _ 11 1 _ 2 _ 
[00257100] 4 | 3 8 2 0 7 _ _ 11 1 5 2 _ 
[00257101] 3 | 3 8 2 0 7 4 _ 11 1 5 2 _ 
[00257102] 2 | 3 8 2 0 7 4 9 11 1 5 2 _ 
[00257103] 3 | 3 8 2 0 7 10 _ 11 1 5 2 _ 
[00257104] 2 | 3 8 2 0 7 10 9 11 1 5 2 _ 
[00257105] 3 | 3 8 2 0 7 _ 4 11 1 5 2 _ 
[00257106] 2 | 3 8 2 0 7 9 4 11 1 5 2 _ 
[00257107] 3 | 3 8 2 0 7 _ 10 11 1 5 2 _ 
[00257108] 2 | 3 8 2 0 7 9 10 11 1 5 2 _ 
[00257109] 5 | _ 8 2 0 7 _ _ 11 1 6 2 _ 
[00257110] 4 | 4 8 2 0 7 _ _ 11 1 6 2 _ 
[00257111] 3 | 4 8 2 0 7 10 _ 11 1 6 2 _ 
[00257112] 2 | 4 8 2 0 7 10 5 11 1 6 2 _ 
[00257113] 2 | 4 8 2 0 7 10 9 11 1 6 2 _ 
[00257114] 3 | 4 8 2 0 7 _ 10 11 1 6 2 _ 
[00257115] 2 | 4 8 2 0 7 5 10 11 1 6 2 _ 
[00257116] 2 | 4 8 2 0 7 9 10 11 1 6 2 _ 
[00257117] 4 | _ 8 2 0 7 3 _ 11 1 6 2 _ 
[00257118] 3 | 5 8 2 0 7 3 _ 11 1 6 2 _ 
[00257119] 2 | 5 8 2 0 7 3 9 11 1 6 2 _ 
[00257120] 3 | _ 8 2 0 7 3 4 11 1 6 2 _ 
[00257121] 2 | 10 8 2 0 7 3 4 11 1 6 2 _ 
[00257122] 3 | _ 8 2 0 7 3 10 11 1 6 2 _ 
[00257123] 4 | _ 8 2 0 7 _ 3 11 1 6 2 _ 
[00257124] 3 | 5 8 2 0 7 _ 3 11 1 6 2 _ 
[00257125] 2 | 5 8 2 0 7 9 3 11 1 6 2 _ 
[00257126] 3 | _ 8 2 0 7 4 3 11 1 6 2 _ 
[00257127] 2 | 10 8 2 0 7 4 3 11 1 6 2 _ 
[00257128] 3 | _ 8 2 0 7 10 3 11 1 6 2 _ 
[00257129] 6 | _ 8 _ 0 7 1 _ 11 1 _ 2 _ 
[00257130] 5 | 3 8 _ 0 7 1 _ 11 1 _ 2 _ 
[00257131] 4 | 3 8 4 0 7 1 _ 11 1 _ 2 _ 
[00257132] 3 | 3 8 4 0 7 1 10 11 1 _ 2 _ 
[00257133] 3 | 3 8 4 0 7 1 _ 11 1 _ 2 5 
[00257134] 2 | 3 8 4 0 7 1 9 11 1 _ 2 5 
[00257135] 4 | 3 8 _ 0 7 1 _ 11 1 _ 2 6 
[00257136] 3 | 3 8 5 0 7 1 _ 11 1 _ 2 6 
[00257137] 2 | 3 8 5 0 7 1 9 11 1 _ 2 6 
[00257138] 3 | 3 8 _ 0 7 1 4 11 1 _ 2 6 
[00257139] 2 | 3 8 10 0 7 1 4 11 1 _ 2 6 
[00257140] 3 | 3 8 _ 0 7 1 10 11 1 _ 2 6 
[00257141] 5 | _ 8 3 0 7 1 _ 11 1 _ 2 _ 
[00257142] 4 | 4 8 3 0 7 1 _ 11 1 _ 2 _ 
[00257143] 3 | 4 8 3 0 7 1 10 11 1 _ 2 _ 
[00257144] 3 | 4 8 3 0 7 1 _ 11 1 _ 2 5 
[00257145] 2 | 4 8 3 0 7 1 9 11 1 _ 2 5 
[00257146] 4 | _ 8 3 0 7 1 _ 11 1 _ 2 6 
[00257147] 3 | 5 8 3 0 7 1 _ 11 1 _ 2 6 
[00257148] 2 | 5 8 3 0 7 1 9 11 1 _ 2 6 
[00257149] 3 | _ 8 3 0 7 1 4 11 1 _ 2 6 
[00257150] 2 | 10 8 3 0 7 1 4 11 1 _ 2 6 
[00257151] 3 | _ 8 3 0 7 1 10 11 1 _ 2 6 
[00257152] 5 | _ 8 _ 0 7 1 2 11 1 _ 2 _ 
[00257153] 4 | 4 8 _ 0 7 1 2 11 1 _ 2 _ 
[00257154] 3 | 4 8 5 0 7 1 2 11 1 _ 2 _ 
[00257155] 4 | _ 8 4 0 7 1 2 11 1 _ 2 _ 
[00257156] 3 | 5 8 4 0 7 1 2 11 1 _ 2 _ 
[00257157] 5 | _ 8 _ 0 7 1 _ 11 1 _ 2 7 
[00257158] 4 | 4 8 _ 0 7 1 _ 11 1 _ 2 7 
[00257159] 3 | 4 8 5 0 7 1 _ 11 1 _ 2 7 
[00257160] 4 | _ 8 4 0 7 1 _ 11 1 _ 2 7 
[00257161] 3 | 5 8 4 0 7 1 _ 11 1 _ 2 7 
[00257162] 6 | _ 8 _ 0 7 _ 1 11 1 _ 2 _ 
[00257163] 5 | 3 8 _ 0 7 _ 1 11 1 _ 2 _ 
[00257164] 4 | 3 8 4 0 7 _ 1 11 1 _ 2 _ 
[00257165] 3 | 3 8 4 0 7 10 1 11 1 _ 2 _ 
[00257166] 3 | 3 8 4 0 7 _ 1 11 1 _ 2 5 
[00257167] 2 | 3 8 4 0 7 9 1 11 1 _ 2 5 
[00257168] 4 | 3 8 _ 0 7 _ 1 11 1 _ 2 6 
[00257169] 3 | 3 8 5 0 7 _ 1 11 1 _ 2 6 
[00257170] 2 | 3 8 5 0 7 9 1 11 1 _ 2 6 
[00257171] 3 | 3 8 _ 0 7 4 1 11 1 _ 2 6 
[00257172] 2 | 3 8 10 0 7 4 1 11 1 _ 2 6 
[00257173] 3 | 3 8 _ 0 7 10 1 11 1 _ 2 6 
[00257174] 5 | _ 8 3 0 7 _ 1 11 1 _ 2 _ 
[00257175] 4 | 4 8 3 0 7 _ 1 11 1 _ 2 _ 
[00257176] 3 | 4 8 3 0 7 10 1 11 1 _ 2 _ 
[00257177] 3 | 4 8 3 0 7 _ 1 11 1 _ 2 5 
[00257178] 2 | 4 8 3 0 7 9 1 11 1 _ 2 5 
[00257179] 4 | _ 8 3 0 7 _ 1 11 1 _ 2 6 
[00257180] 3 | 5 8 3 0 7 _ 1 11 1 _ 2 6 
[00257181] 2 | 5 8 3 0 7 9 1 11 1 _ 2 6 
[00257182] 3 | _ 8 3 0 7 4 1 11 1 _ 2 6 
[00257183] 2 | 10 8 3 0 7 4 1 11 1 _ 2 6 
[00257184] 3 | _ 8 3 0 7 10 1 11 1 _ 2 6 
[00257185] 5 | _ 8 _ 0 7 2 1 11 1 _ 2 _ 
[00257186] 4 | 4 8 _ 0 7 2 1 11 1 _ 2 _ 
[00257187] 3 | 4 8 5 0 7 2 1 11 1 _ 2 _ 
[00257188] 4 | _ 8 4 0 7 2 1 11 1 _ 2 _ 
[00257189] 3 | 5 8 4 0 7 2 1 11 1 _ 2 _ 
[00257190] 5 | _ 8 _ 0 7 _ 1 11 1 _ 2 7 
[00257191] 4 | 4 8 _ 0 7 _ 1 11 1 _ 2 7 
[00257192] 3 | 4 8 5 0 7 _ 1 11 1 _ 2 7 
[00257193] 4 | _ 8 4 0 7 _ 1 11 1 _ 2 7 
[00257194] 3 | 5 8 4 0 7 _ 1 11 1 _ 2 7 
[00257195] 6 | _ 8 _ 0 7 _ _ 11 1 7 2 _ 
[00257196] 5 | 3 8 _ 0 7 _ _ 11 1 7 2 _ 
[00257197] 4 | 3 8 4 0 7 _ _ 11 1 7 2 _ 
[00257198] 3 | 3 8 4 0 7 _ _ 11 1 7 2 5 
[00257199] 4 | 3 8 _ 0 7 _ _ 11 1 7 2 6 
[00257200] 3 | 3 8 5 0 7 _ _ 11 1 7 2 6 
[00257201] 5 | _ 8 3 0 7 _ _ 11 1 7 2 _ 
[00257202] 4 | 4 8 3 0 7 _ _ 11 1 7 2 _ 
[00257203] 3 | 4 8 3 0 7 _ _ 11 1 7 2 5 
[00257204] 4 | _ 8 3 0 7 _ _ 11 1 7 2 6 
[00257205] 3 | 5 8 3 0 7 _ _ 11 1 7 2 6 
[00257206] 6 | _ 8 _ 0 7 _ _ 11 1 _ 2 8 
[00257207] 5 | _ 8 _ 0 7 _ _ 11 1 6 2 8 
[00257208] 4 | _ 8 _ 0 7 3 _ 11 1 6 2 8 
[00257209] 3 | _ 8 _ 0 7 3 4 11 1 6 2 8 
[00257210] 3 | _ 8 _ 0 7 3 10 11 1 6 2 8 
[00257211] 4 | _ 8 _ 0 7 _ 3 11 1 6 2 8 
[00257212] 3 | _ 8 _ 0 7 4 3 11 1 6 2 8 
[00257213] 3 | _ 8 _ 0 7 10 3 11 1 6 2 8 
[00257214] 7 | _ 8 _ 0 3 10 _ 11 1 _ 2 _ 
[00257215] 6 | 2 8 _ 0 3 10 _ 11 1 _ 2 _ 
[00257216] 5 | 2 8 3 0 3 10 _ 11 1 _ 2 _ 
[00257217] 4 | 2 8 3 0 3 10 _ 11 1 5 2 _ 
[00257218] 5 | 2 8 _ 0 3 10 8 11 1 _ 2 _ 
[00257219] 4 | 2 8 _ 0 3 10 8 11 1 5 2 _ 
[00257220] 5 | 2 8 _ 0 3 10 _ 11 1 6 2 _ 
[00257221] 4 | 2 8 4 0 3 10 _ 11 1 6 2 _ 
[00257222] 4 | 2 8 _ 0 3 10 7 11 1 6 2 _ 
[00257223] 3 | 2 8 5 0 3 10 7 11 1 6 2 _ 
[00257224] 6 | _ 8 2 0 3 10 _ 11 1 _ 2 _ 
[00257225] 5 | 3 8 2 0 3 10 _ 11 1 _ 2 _ 
[00257226] 4 | 3 8 2 0 3 10 _ 11 1 5 2 _ 
[00257227] 5 | _ 8 2 0 3 10 8 11 1 _ 2 _ 
[00257228] 4 | _ 8 2 0 3 10 8 11 1 5 2 _ 
[00257229] 5 | _ 8 2 0 3 10 _ 11 1 6 2 _ 
[00257230] 4 | 4 8 2 0 3 10 _ 11 1 6 2 _ 
[00257231] 4 | _ 8 2 0 3 10 7 11 1 6 2 _ 
[00257232] 3 | 5 8 2 0 3 10 7 11 1 6 2 _ 
[00257233] 6 | _ 8 _ 0 3 10 9 11 1 _ 2 _ 
[00257234] 5 | _ 8 _ 0 3 10 9 11 1 6 2 _ 
[00257235] 4 | 4 8 _ 0 3 10 9 11 1 6 2 _ 
[00257236] 3 | 4 8 5 0 3 10 9 11 1 6 2 _ 
[00257237] 3 | 4 8 _ 0 3 10 9 11 1 6 2 5 
[00257238] 4 | _ 8 4 0 3 10 9 11 1 6 2 _ 
[00257239] 3 | 5 8 4 0 3 10 9 11 1 6 2 _ 
[00257240] 3 | _ 8 4 0 3 10 9 11 1 6 2 5 
[00257241] 5 | _ 8 _ 0 3 10 9 11 1 _ 2 7 
[00257242] 4 | 4 8 _ 0 3 10 9 11 1 _ 2 7 
[00257243] 3 | 4 8 5 0 3 10 9 11 1 _ 2 7 
[00257244] 4 | _ 8 4 0 3 10 9 11 1 _ 2 7 
[00257245] 3 | 5 8 4 0 3 10 9 11 1 _ 2 7 
[00257246] 4 | _ 8 _ 0 3 10 9 11 1 5 2 7 
[00257247] 6 | _ 8 _ 0 3 10 _ 11 1 7 2 _ 
[00257248] 5 | 3 8 _ 0 3 10 _ 11 1 7 2 _ 
[00257249] 4 | 3 8 4 0 3 10 _ 11 1 7 2 _ 
[00257250] 3 | 3 8 4 0 3 10 _ 11 1 7 2 5 
[00257251] 4 | 3 8 _ 0 3 10 _ 11 1 7 2 6 
[00257252] 3 | 3 8 5 0 3 10 _ 11 1 7 2 6 
[00257253] 5 | _ 8 3 0 3 10 _ 11 1 7 2 _ 
[00257254] 4 | 4 8 3 0 3 10 _ 11 1 7 2 _ 
[00257255] 3 | 4 8 3 0 3 10 _ 11 1 7 2 5 
[00257256] 4 | _ 8 3 0 3 10 _ 11 1 7 2 6 
[00257257] 3 | 5 8 3 0 3 10 _ 11 1 7 2 6 
[00257258] 5 | _ 8 _ 0 3 10 8 11 1 7 2 _ 
[00257259] 4 | _ 8 _ 0 3 10 8 11 1 7 2 6 
[00257260] 6 | _ 8 _ 0 3 10 _ 11 1 _ 2 8 
[00257261] 5 | _ 8 _ 0 3 10 _ 11 1 6 2 8 
[00257262] 4 | _ 8 _ 0 3 10 7 11 1 6 2 8 
[00257263] 7 | _ 8 _ 0 10 3 _ 11 1 _ 2 _ 
[00257264] 6 | 2 8 _ 0 10 3 _ 11 1 _ 2 _ 
[00257265] 5 | 2 8 _ 0 10 3 5 11 1 _ 2 _ 
[00257266] 4 | 2 8 4 0 10 3 5 11 1 _ 2 _ 
[00257267] 5 | 2 8 _ 0 10 3 _ 11 1 6 2 _ 
[00257268] 4 | 2 8 4 0 10 3 _ 11 1 6 2 _ 
[00257269] 3 | 2 8 4 0 10 3 7 11 1 6 2 _ 
[00257270] 6 | _ 8 2 0 10 3 _ 11 1 _ 2 _ 
[00257271] 5 | _ 8 2 0 10 3 5 11 1 _ 2 _ 
[00257272] 4 | 4 8 2 0 10 3 5 11 1 _ 2 _ 
[00257273] 5 | _ 8 2 0 10 3 _ 11 1 6 2 _ 
[00257274] 4 | 4 8 2 0 10 3 _ 11 1 6 2 _ 
[00257275] 3 | 4 8 2 0 10 3 7 11 1 6 2 _ 
[00257276] 6 | _ 8 _ 0 10 3 4 11 1 _ 2 _ 
[00257277] 5 | _ 8 _ 0 10 3 4 11 1 6 2 _ 
[00257278] 5 | _ 8 _ 0 10 3 4 11 1 _ 2 7 
[00257279] 4 | _ 8 _ 0 10 3 4 11 1 5 2 7 
[00257280] 6 | _ 8 _ 0 10 3 _ 11 1 7 2 _ 
[00257281] 5 | _ 8 _ 0 10 3 5 11 1 7 2 _ 
[00257282] 4 | 4 8 _ 0 10 3 5 11 1 7 2 _ 
[00257283] 4 | _ 8 4 0 10 3 5 11 1 7 2 _ 
[00257284] 4 | _ 8 _ 0 10 3 5 11 1 7 2 6 
[00257285] 6 | _ 8 _ 0 10 3 _ 11 1 _ 2 8 
[00257286] 5 | _ 8 _ 0 10 3 5 11 1 _ 2 8 
[00257287] 5 | _ 8 _ 0 10 3 _ 11 1 6 2 8 
[00257288] 7 | _ 8 _ 0 3 _ 10 11 1 _ 2 _ 
[00257289] 6 | 2 8 _ 0 3 _ 10 11 1 _ 2 _ 
[00257290] 5 | 2 8 3 0 3 _ 10 11 1 _ 2 _ 
[00257291] 4 | 2 8 3 0 3 _ 10 11 1 5 2 _ 
[00257292] 5 | 2 8 _ 0 3 8 10 11 1 _ 2 _ 
[00257293] 4 | 2 8 _ 0 3 8 10 11 1 5 2 _ 
[00257294] 5 | 2 8 _ 0 3 _ 10 11 1 6 2 _ 
[00257295] 4 | 2 8 4 0 3 _ 10 11 1 6 2 _ 
[00257296] 4 | 2 8 _ 0 3 7 10 11 1 6 2 _ 
[00257297] 3 | 2 8 5 0 3 7 10 11 1 6 2 _ 
[00257298] 6 | _ 8 2 0 3 _ 10 11 1 _ 2 _ 
[00257299] 5 | 3 8 2 0 3 _ 10 11 1 _ 2 _ 
[00257300] 4 | 3 8 2 0 3 _ 10 11 1 5 2 _ 
[00257301] 5 | _ 8 2 0 3 8 10 11 1 _ 2 _ 
[00257302] 4 | _ 8 2 0 3 8 10 11 1 5 2 _ 
[00257303] 5 | _ 8 2 0 3 _ 10 11 1 6 2 _ 
[00257304] 4 | 4 8 2 0 3 _ 10 11 1 6 2 _ 
[00257305] 4 | _ 8 2 0 3 7 10 11 1 6 2 _ 
[00257306] 3 | 5 8 2 0 3 7 10 11 1 6 2 _ 
[00257307] 6 | _ 8 _ 0 3 9 10 11 1 _ 2 _ 
[00257308] 5 | _ 8 _ 0 3 9 10 11 1 6 2 _ 
[00257309] 4 | 4 8 _ 0 3 9 10 11 1 6 2 _ 
[00257310] 3 | 4 8 5 0 3 9 10 11 1 6 2 _ 
[00257311] 3 | 4 8 _ 0 3 9 10 11 1 6 2 5 
[00257312] 4 | _ 8 4 0 3 9 10 11 1 6 2 _ 
[00257313] 3 | 5 8 4 0 3 9 10 11 1 6 2 _ 
[00257314] 3 | _ 8 4 0 3 9 10 11 1 6 2 5 
[00257315] 5 | _ 8 _ 0 3 9 10 11 1 _ 2 7 
[00257316] 4 | 4 8 _ 0 3 9 10 11 1 _ 2 7 
[00257317] 3 | 4 8 5 0 3 9 10 11 1 _ 2 7 
[00257318] 4 | _ 8 4 0 3 9 10 11 1 _ 2 7 
[00257319] 3 | 5 8 4 0 3 9 10 11 1 _ 2 7 
[00257320] 4 | _ 8 _ 0 3 9 10 11 1 5 2 7 
[00257321] 6 | _ 8 _ 0 3 _ 10 11 1 7 2 _ 
[00257322] 5 | 3 8 _ 0 3 _ 10 11 1 7 2 _ 
[00257323] 4 | 3 8 4 0 3 _ 10 11 1 7 2 _ 
[00257324] 3 | 3 8 4 0 3 _ 10 11 1 7 2 5 
[00257325] 4 | 3 8 _ 0 3 _ 10 11 1 7 2 6 
[00257326] 3 | 3 8 5 0 3 _ 10 11 1 7 2 6 
[00257327] 5 | _ 8 3 0 3 _ 10 11 1 7 2 _ 
[00257328] 4 | 4 8 3 0 3 _ 10 11 1 7 2 _ 
[00257329] 3 | 4 8 3 0 3 _ 10 11 1 7 2 5 
[00257330] 4 | _ 8 3 0 3 _ 10 11 1 7 2 6 
[00257331] 3 | 5 8 3 0 3 _ 10 11 1 7 2 6 
[00257332] 5 | _ 8 _ 0 3 8 10 11 1 7 2 _ 
[00257333] 4 | _ 8 _ 0 3 8 10 11 1 7 2 6 
[00257334] 6 | _ 8 _ 0 3 _ 10 11 1 _ 2 8 
[00257335] 5 | _ 8 _ 0 3 _ 10 11 1 6 2 8 
[00257336] 4 | _ 8 _ 0 3 7 10 11 1 6 2 8 
[00257337] 7 | _ 8 _ 0 10 _ 3 11 1 _ 2 _ 
[00257338] 6 | 2 8 _ 0 10 _ 3 11 1 _ 2 _ 
[00257339] 5 | 2 8 _ 0 10 5 3 11 1 _ 2 _ 
[00257340] 4 | 2 8 4 0 10 5 3 11 1 _ 2 _ 
[00257341] 5 | 2 8 _ 0 10 _ 3 11 1 6 2 _ 
[00257342] 4 | 2 8 4 0 10 _ 3 11 1 6 2 _ 
[00257343] 3 | 2 8 4 0 10 7 3 11 1 6 2 _ 
[00257344] 6 | _ 8 2 0 10 _ 3 11 1 _ 2 _ 
[00257345] 5 | _ 8 2 0 10 5 3 11 1 _ 2 _ 
[00257346] 4 | 4 8 2 0 10 5 3 11 1 _ 2 _ 
[00257347] 5 | _ 8 2 0 10 _ 3 11 1 6 2 _ 
[00257348] 4 | 4 8 2 0 10 _ 3 11 1 6 2 _ 
[00257349] 3 | 4 8 2 0 10 7 3 11 1 6 2 _ 
[00257350] 6 | _ 8 _ 0 10 4 3 11 1 _ 2 _ 
[00257351] 5 | _ 8 _ 0 10 4 3 11 1 6 2 _ 
[00257352] 5 | _ 8 _ 0 10 4 3 11 1 _ 2 7 
[00257353] 4 | _ 8 _ 0 10 4 3 11 1 5 2 7 
[00257354] 6 | _ 8 _ 0 10 _ 3 11 1 7 2 _ 
[00257355] 5 | _ 8 _ 0 10 5 3 11 1 7 2 _ 
[00257356] 4 | 4 8 _ 0 10 5 3 11 1 7 2 _ 
[00257357] 4 | _ 8 4 0 10 5 3 11 1 7 2 _ 
[00257358] 4 | _ 8 _ 0 10 5 3 11 1 7 2 6 
[00257359] 6 | _ 8 _ 0 10 _ 3 11 1 _ 2 8 
[00257360] 5 | _ 8 _ 0 10 5 3 11 1 _ 2 8 
[00257361] 5 | _ 8 _ 0 10 _ 3 11 1 6 2 8 
[00257362] 7 | _ 8 _ 0 _ _ _ 11 1 8 2 _ 
[00257363] 6 | _ 8 _ 0 6 _ _ 11 1 8 2 _ 
[00257364] 5 | _ 8 _ 0 6 _ _ 11 1 8 2 7 
[00257365] 4 | _ 8 _ 0 6 10 _ 11 1 8 2 7 
[00257366] 3 | _ 8 _ 0 6 10 3 11 1 8 2 7 
[00257367] 3 | _ 8 _ 0 6 10 9 11 1 8 2 7 
[00257368] 4 | _ 8 _ 0 6 _ 10 11 1 8 2 7 
[00257369] 3 | _ 8 _ 0 6 3 10 11 1 8 2 7 
[00257370] 3 | _ 8 _ 0 6 9 10 11 1 8 2 7 
[00257371] 6 | _ 8 _ 0 3 9 _ 11 1 8 2 _ 
[00257372] 5 | _ 8 _ 0 3 9 _ 11 1 8 2 7 
[00257373] 6 | _ 8 _ 0 4 10 _ 11 1 8 2 _ 
[00257374] 5 | _ 8 _ 0 4 10 9 11 1 8 2 _ 
[00257375] 4 | _ 8 _ 0 4 10 9 11 1 8 2 6 
[00257376] 5 | _ 8 _ 0 4 10 _ 11 1 8 2 7 
[00257377] 6 | _ 8 _ 0 9 3 _ 11 1 8 2 _ 
[00257378] 5 | _ 8 _ 0 9 3 4 11 1 8 2 _ 
[00257379] 4 | _ 8 _ 0 9 3 4 11 1 8 2 6 
[00257380] 5 | _ 8 _ 0 9 3 _ 11 1 8 2 7 
[00257381] 4 | _ 8 _ 0 9 3 5 11 1 8 2 7 
[00257382] 6 | _ 8 _ 0 10 4 _ 11 1 8 2 _ 
[00257383] 5 | _ 8 _ 0 10 4 5 11 1 8 2 _ 
[00257384] 4 | _ 8 _ 0 10 4 5 11 1 8 2 6 
[00257385] 5 | _ 8 _ 0 10 4 _ 11 1 8 2 7 
[00257386] 4 | _ 8 _ 0 10 4 6 11 1 8 2 7 
[00257387] 6 | _ 8 _ 0 3 _ 9 11 1 8 2 _ 
[00257388] 5 | _ 8 _ 0 3 _ 9 11 1 8 2 7 
[00257389] 6 | _ 8 _ 0 4 _ 10 11 1 8 2 _ 
[00257390] 5 | _ 8 _ 0 4 9 10 11 1 8 2 _ 
[00257391] 4 | _ 8 _ 0 4 9 10 11 1 8 2 6 
[00257392] 5 | _ 8 _ 0 4 _ 10 11 1 8 2 7 
[00257393] 6 | _ 8 _ 0 9 _ 3 11 1 8 2 _ 
[00257394] 5 | _ 8 _ 0 9 4 3 11 1 8 2 _ 
[00257395] 4 | _ 8 _ 0 9 4 3 11 1 8 2 6 
[00257396] 5 | _ 8 _ 0 9 _ 3 11 1 8 2 7 
[00257397] 4 | _ 8 _ 0 9 5 3 11 1 8 2 7 
[00257398] 6 | _ 8 _ 0 10 _ 4 11 1 8 2 _ 
[00257399] 5 | _ 8 _ 0 10 5 4 11 1 8 2 _ 
[00257400] 4 | _ 8 _ 0 10 5 4 11 1 8 2 6 
[00257401] 5 | _ 8 _ 0 10 _ 4 11 1 8 2 7 
[00257402] 4 | _ 8 _ 0 10 6 4 11 1 8 2 7 
[00257403] 7 | _ 8 _ 0 _ _ _ 11 1 _ 2 9 
[00257404] 6 | _ 8 _ 0 6 _ _ 11 1 _ 2 9 
[00257405] 5 | 3 8 _ 0 6 _ _ 11 1 _ 2 9 
[00257406] 4 | 3 8 4 0 6 _ _ 11 1 _ 2 9 
[00257407] 4 | 3 8 _ 0 6 10 _ 11 1 _ 2 9 
[00257408] 3 | 3 8 5 0 6 10 _ 11 1 _ 2 9 
[00257409] 2 | 3 8 5 0 6 10 4 11 1 _ 2 9 
[00257410] 3 | 3 8 _ 0 6 10 _ 11 1 4 2 9 
[00257411] 2 | 3 8 6 0 6 10 _ 11 1 4 2 9 
[00257412] 2 | 3 8 _ 0 6 10 8 11 1 4 2 9 
[00257413] 4 | 3 8 _ 0 6 _ 10 11 1 _ 2 9 
[00257414] 3 | 3 8 5 0 6 _ 10 11 1 _ 2 9 
[00257415] 2 | 3 8 5 0 6 4 10 11 1 _ 2 9 
[00257416] 3 | 3 8 _ 0 6 _ 10 11 1 4 2 9 
[00257417] 2 | 3 8 6 0 6 _ 10 11 1 4 2 9 
[00257418] 2 | 3 8 _ 0 6 8 10 11 1 4 2 9 
[00257419] 4 | 3 8 _ 0 6 _ _ 11 1 5 2 9 
[00257420] 5 | _ 8 3 0 6 _ _ 11 1 _ 2 9 
[00257421] 4 | 4 8 3 0 6 _ _ 11 1 _ 2 9 
[00257422] 4 | _ 8 3 0 6 10 _ 11 1 _ 2 9 
[00257423] 3 | 5 8 3 0 6 10 _ 11 1 _ 2 9 
[00257424] 2 | 5 8 3 0 6 10 4 11 1 _ 2 9 
[00257425] 3 | _ 8 3 0 6 10 _ 11 1 4 2 9 
[00257426] 2 | 6 8 3 0 6 10 _ 11 1 4 2 9 
[00257427] 2 | _ 8 3 0 6 10 8 11 1 4 2 9 
[00257428] 4 | _ 8 3 0 6 _ 10 11 1 _ 2 9 
[00257429] 3 | 5 8 3 0 6 _ 10 11 1 _ 2 9 
[00257430] 2 | 5 8 3 0 6 4 10 11 1 _ 2 9 
[00257431] 3 | _ 8 3 0 6 _ 10 11 1 4 2 9 
[00257432] 2 | 6 8 3 0 6 _ 10 11 1 4 2 9 
[00257433] 2 | _ 8 3 0 6 8 10 11 1 4 2 9 
[00257434] 4 | _ 8 3 0 6 _ _ 11 1 5 2 9 
[00257435] 5 | _ 8 _ 0 6 1 _ 11 1 _ 2 9 
[00257436] 4 | 4 8 _ 0 6 1 _ 11 1 _ 2 9 
[00257437] 3 | 4 8 5 0 6 1 _ 11 1 _ 2 9 
[00257438] 3 | 4 8 _ 0 6 1 3 11 1 _ 2 9 
[00257439] 2 | 4 8 10 0 6 1 3 11 1 _ 2 9 
[00257440] 4 | _ 8 4 0 6 1 _ 11 1 _ 2 9 
[00257441] 3 | 5 8 4 0 6 1 _ 11 1 _ 2 9 
