[00191835] 5 | _ 8 2 1 11 0 3 10 9 4 _ _ 
[00191836] 4 | _ 8 2 1 11 0 3 10 9 4 6 _ 
[00191837] 3 | 5 8 2 1 11 0 3 10 9 4 6 _ 
[00191838] 5 | _ 8 2 1 11 0 3 10 _ _ 5 _ 
[00191839] 4 | 4 8 2 1 11 0 3 10 _ _ 5 _ 
[00191840] 3 | 4 8 2 1 11 0 3 10 7 _ 5 _ 
[00191841] 2 | 4 8 2 1 11 0 3 10 7 5 5 _ 
[00191842] 2 | 4 8 2 1 11 0 3 10 7 9 5 _ 
[00191843] 1 | 4 8 2 1 11 0 3 10 7 9 5 6  *Graceful*
[00191843] 2 | 4 8 2 1 11 0 3 10 7 _ 5 7 
[00191844] 3 | 4 8 2 1 11 0 3 10 6 9 5 _ 
[00191845] 2 | 4 8 2 1 11 0 3 10 6 9 5 7 
[00191846] 3 | 4 8 2 1 11 0 3 10 9 6 5 _ 
[00191847] 2 | 4 8 2 1 11 0 3 10 9 6 5 7 
[00191848] 1 | 4 8 2 1 11 0 3 10 9 6 5 7  *Graceful*
[00191848] 4 | _ 8 2 1 11 0 3 10 6 _ 5 _ 
[00191849] 3 | 5 8 2 1 11 0 3 10 6 _ 5 _ 
[00191850] 2 | 5 8 2 1 11 0 3 10 6 4 5 _ 
[00191851] 3 | _ 8 2 1 11 0 3 10 6 9 5 _ 
[00191852] 2 | _ 8 2 1 11 0 3 10 6 9 5 7 
[00191853] 3 | _ 8 2 1 11 0 3 10 6 _ 5 8 
[00191854] 2 | _ 8 2 1 11 0 3 10 6 4 5 8 
[00191855] 4 | _ 8 2 1 11 0 3 10 _ _ 5 9 
[00191856] 3 | _ 8 2 1 11 0 3 10 7 _ 5 9 
[00191857] 2 | 6 8 2 1 11 0 3 10 7 _ 5 9 
[00191858] 3 | _ 8 2 1 11 0 3 10 4 7 5 9 
[00191859] 2 | 6 8 2 1 11 0 3 10 4 7 5 9 
[00191860] 3 | _ 8 2 1 11 0 3 10 7 4 5 9 
[00191861] 2 | 6 8 2 1 11 0 3 10 7 4 5 9 
[00191862] 5 | _ 8 2 1 11 0 3 10 _ _ 4 9 
[00191863] 4 | _ 8 2 1 11 0 3 10 6 _ 4 9 
[00191864] 3 | 5 8 2 1 11 0 3 10 6 _ 4 9 
[00191865] 5 | _ 8 2 1 11 0 3 10 _ _ 9 4 
[00191866] 4 | _ 8 2 1 11 0 3 10 6 _ 9 4 
[00191867] 3 | 5 8 2 1 11 0 3 10 6 _ 9 4 
[00191868] 6 | _ 8 _ 1 11 0 3 10 4 _ _ _ 
[00191869] 5 | _ 8 _ 1 11 0 3 10 4 9 _ _ 
[00191870] 4 | _ 8 _ 1 11 0 3 10 4 9 6 _ 
[00191871] 3 | 5 8 _ 1 11 0 3 10 4 9 6 _ 
[00191872] 2 | 5 8 6 1 11 0 3 10 4 9 6 _ 
[00191873] 2 | 5 8 _ 1 11 0 3 10 4 9 6 8 
[00191874] 3 | _ 8 5 1 11 0 3 10 4 9 6 _ 
[00191875] 2 | 6 8 5 1 11 0 3 10 4 9 6 _ 
[00191876] 2 | _ 8 5 1 11 0 3 10 4 9 6 8 
[00191877] 4 | _ 8 _ 1 11 0 3 10 4 9 2 6 
[00191878] 3 | 5 8 _ 1 11 0 3 10 4 9 2 6 
[00191879] 3 | _ 8 5 1 11 0 3 10 4 9 2 6 
[00191880] 4 | _ 8 _ 1 11 0 3 10 4 9 6 2 
[00191881] 3 | 5 8 _ 1 11 0 3 10 4 9 6 2 
[00191882] 3 | _ 8 5 1 11 0 3 10 4 9 6 2 
[00191883] 5 | _ 8 _ 1 11 0 3 10 4 _ 5 _ 
[00191884] 4 | 4 8 _ 1 11 0 3 10 4 _ 5 _ 
[00191885] 3 | 4 8 5 1 11 0 3 10 4 _ 5 _ 
[00191886] 3 | 4 8 _ 1 11 0 3 10 4 _ 5 2 
[00191887] 2 | 4 8 6 1 11 0 3 10 4 _ 5 2 
[00191888] 3 | 4 8 _ 1 11 0 3 10 4 _ 5 8 
[00191889] 4 | _ 8 4 1 11 0 3 10 4 _ 5 _ 
[00191890] 3 | 5 8 4 1 11 0 3 10 4 _ 5 _ 
[00191891] 3 | _ 8 4 1 11 0 3 10 4 _ 5 2 
[00191892] 2 | 6 8 4 1 11 0 3 10 4 _ 5 2 
[00191893] 3 | _ 8 4 1 11 0 3 10 4 _ 5 8 
[00191894] 4 | _ 8 _ 1 11 0 3 10 4 8 5 _ 
[00191895] 3 | _ 8 _ 1 11 0 3 10 4 8 5 2 
[00191896] 4 | _ 8 _ 1 11 0 3 10 4 _ 5 9 
[00191897] 3 | _ 8 _ 1 11 0 3 10 4 7 5 9 
[00191898] 2 | 6 8 _ 1 11 0 3 10 4 7 5 9 
[00191899] 2 | _ 8 6 1 11 0 3 10 4 7 5 9 
[00191900] 5 | _ 8 _ 1 11 0 3 10 4 _ 2 7 
[00191901] 4 | 4 8 _ 1 11 0 3 10 4 _ 2 7 
[00191902] 3 | 4 8 5 1 11 0 3 10 4 _ 2 7 
[00191903] 4 | _ 8 4 1 11 0 3 10 4 _ 2 7 
[00191904] 3 | 5 8 4 1 11 0 3 10 4 _ 2 7 
[00191905] 4 | _ 8 _ 1 11 0 3 10 4 8 2 7 
[00191906] 5 | _ 8 _ 1 11 0 3 10 4 _ 7 2 
[00191907] 4 | 4 8 _ 1 11 0 3 10 4 _ 7 2 
[00191908] 3 | 4 8 5 1 11 0 3 10 4 _ 7 2 
[00191909] 4 | _ 8 4 1 11 0 3 10 4 _ 7 2 
[00191910] 3 | 5 8 4 1 11 0 3 10 4 _ 7 2 
[00191911] 4 | _ 8 _ 1 11 0 3 10 4 8 7 2 
[00191912] 6 | _ 8 _ 1 11 0 3 10 _ _ 4 _ 
[00191913] 5 | _ 8 _ 1 11 0 3 10 5 _ 4 _ 
[00191914] 4 | 4 8 _ 1 11 0 3 10 5 _ 4 _ 
[00191915] 3 | 4 8 5 1 11 0 3 10 5 _ 4 _ 
[00191916] 3 | 4 8 _ 1 11 0 3 10 5 2 4 _ 
[00191917] 2 | 4 8 6 1 11 0 3 10 5 2 4 _ 
[00191918] 3 | 4 8 _ 1 11 0 3 10 5 8 4 _ 
[00191919] 4 | _ 8 4 1 11 0 3 10 5 _ 4 _ 
[00191920] 3 | 5 8 4 1 11 0 3 10 5 _ 4 _ 
[00191921] 3 | _ 8 4 1 11 0 3 10 5 2 4 _ 
[00191922] 2 | 6 8 4 1 11 0 3 10 5 2 4 _ 
[00191923] 3 | _ 8 4 1 11 0 3 10 5 8 4 _ 
[00191924] 4 | _ 8 _ 1 11 0 3 10 5 9 4 _ 
[00191925] 3 | _ 8 _ 1 11 0 3 10 5 9 4 7 
[00191926] 2 | 6 8 _ 1 11 0 3 10 5 9 4 7 
[00191927] 2 | _ 8 6 1 11 0 3 10 5 9 4 7 
[00191928] 4 | _ 8 _ 1 11 0 3 10 5 _ 4 8 
[00191929] 3 | _ 8 _ 1 11 0 3 10 5 2 4 8 
[00191930] 5 | _ 8 _ 1 11 0 3 10 2 7 4 _ 
[00191931] 4 | 4 8 _ 1 11 0 3 10 2 7 4 _ 
[00191932] 3 | 4 8 5 1 11 0 3 10 2 7 4 _ 
[00191933] 4 | _ 8 4 1 11 0 3 10 2 7 4 _ 
[00191934] 3 | 5 8 4 1 11 0 3 10 2 7 4 _ 
[00191935] 4 | _ 8 _ 1 11 0 3 10 2 7 4 8 
[00191936] 5 | _ 8 _ 1 11 0 3 10 7 2 4 _ 
[00191937] 4 | 4 8 _ 1 11 0 3 10 7 2 4 _ 
[00191938] 3 | 4 8 5 1 11 0 3 10 7 2 4 _ 
[00191939] 4 | _ 8 4 1 11 0 3 10 7 2 4 _ 
[00191940] 3 | 5 8 4 1 11 0 3 10 7 2 4 _ 
[00191941] 4 | _ 8 _ 1 11 0 3 10 7 2 4 8 
[00191942] 5 | _ 8 _ 1 11 0 3 10 _ _ 4 9 
[00191943] 4 | _ 8 _ 1 11 0 3 10 6 _ 4 9 
[00191944] 3 | 5 8 _ 1 11 0 3 10 6 _ 4 9 
[00191945] 2 | 5 8 6 1 11 0 3 10 6 _ 4 9 
[00191946] 2 | 5 8 _ 1 11 0 3 10 6 8 4 9 
[00191947] 3 | _ 8 5 1 11 0 3 10 6 _ 4 9 
[00191948] 2 | 6 8 5 1 11 0 3 10 6 _ 4 9 
[00191949] 2 | _ 8 5 1 11 0 3 10 6 8 4 9 
[00191950] 4 | _ 8 _ 1 11 0 3 10 2 6 4 9 
[00191951] 3 | 5 8 _ 1 11 0 3 10 2 6 4 9 
[00191952] 3 | _ 8 5 1 11 0 3 10 2 6 4 9 
[00191953] 4 | _ 8 _ 1 11 0 3 10 6 2 4 9 
[00191954] 3 | 5 8 _ 1 11 0 3 10 6 2 4 9 
[00191955] 3 | _ 8 5 1 11 0 3 10 6 2 4 9 
[00191956] 7 | _ _ _ 1 11 0 3 10 2 9 _ _ 
[00191957] 6 | _ 7 _ 1 11 0 3 10 2 9 _ _ 
[00191958] 5 | _ 7 _ 1 11 0 3 10 2 9 5 _ 
[00191959] 6 | _ _ _ 1 11 0 3 10 2 9 4 _ 
[00191960] 5 | _ 6 _ 1 11 0 3 10 2 9 4 _ 
[00191961] 4 | _ 6 _ 1 11 0 3 10 2 9 4 8 
[00191962] 7 | _ _ _ 1 11 0 3 10 9 2 _ _ 
[00191963] 6 | _ 7 _ 1 11 0 3 10 9 2 _ _ 
[00191964] 5 | _ 7 _ 1 11 0 3 10 9 2 5 _ 
[00191965] 6 | _ _ _ 1 11 0 3 10 9 2 4 _ 
[00191966] 5 | _ 6 _ 1 11 0 3 10 9 2 4 _ 
[00191967] 4 | _ 6 _ 1 11 0 3 10 9 2 4 8 
[00191968] 7 | _ _ _ 1 11 0 3 10 _ _ 2 9 
[00191969] 6 | _ 7 _ 1 11 0 3 10 _ _ 2 9 
[00191970] 5 | _ 7 _ 1 11 0 3 10 5 _ 2 9 
[00191971] 6 | _ _ _ 1 11 0 3 10 4 _ 2 9 
[00191972] 5 | _ 6 _ 1 11 0 3 10 4 _ 2 9 
[00191973] 4 | _ 6 _ 1 11 0 3 10 4 8 2 9 
[00191974] 7 | _ _ _ 1 11 0 3 10 _ _ 9 2 
[00191975] 6 | _ 7 _ 1 11 0 3 10 _ _ 9 2 
[00191976] 5 | _ 7 _ 1 11 0 3 10 5 _ 9 2 
[00191977] 6 | _ _ _ 1 11 0 3 10 4 _ 9 2 
[00191978] 5 | _ 6 _ 1 11 0 3 10 4 _ 9 2 
[00191979] 4 | _ 6 _ 1 11 0 3 10 4 8 9 2 
[00191980] 8 | _ _ _ 1 11 0 _ 10 2 _ _ _ 
[00191981] 7 | _ 8 _ 1 11 0 _ 10 2 _ _ _ 
[00191982] 6 | 2 8 _ 1 11 0 _ 10 2 _ _ _ 
[00191983] 5 | 2 8 3 1 11 0 _ 10 2 _ _ _ 
[00191984] 4 | 2 8 3 1 11 0 7 10 2 _ _ _ 
[00191985] 3 | 2 8 3 1 11 0 7 10 2 _ 6 9 
[00191986] 3 | 2 8 3 1 11 0 7 10 2 _ 9 6 
[00191987] 4 | 2 8 3 1 11 0 _ 10 2 _ 6 _ 
[00191988] 3 | 2 8 3 1 11 0 _ 10 2 _ 6 9 
[00191989] 4 | 2 8 3 1 11 0 _ 10 2 _ 5 9 
[00191990] 4 | 2 8 3 1 11 0 _ 10 2 _ 9 5 
[00191991] 5 | 2 8 _ 1 11 0 6 10 2 _ _ _ 
[00191992] 4 | 2 8 4 1 11 0 6 10 2 _ _ _ 
[00191993] 3 | 2 8 4 1 11 0 6 10 2 _ 7 _ 
[00191994] 2 | 2 8 4 1 11 0 6 10 2 _ 7 5 
[00191995] 2 | 2 8 4 1 11 0 6 10 2 _ 7 9 
[00191996] 4 | 2 8 _ 1 11 0 6 10 2 _ 3 7 
[00191997] 3 | 2 8 5 1 11 0 6 10 2 _ 3 7 
[00191998] 4 | 2 8 _ 1 11 0 6 10 2 _ 5 9 
[00191999] 4 | 2 8 _ 1 11 0 6 10 2 _ 7 3 
[00192000] 3 | 2 8 5 1 11 0 6 10 2 _ 7 3 
[00192001] 4 | 2 8 _ 1 11 0 6 10 2 _ 9 5 
[00192002] 5 | 2 8 _ 1 11 0 _ 10 2 _ 5 _ 
[00192003] 4 | 2 8 4 1 11 0 _ 10 2 _ 5 _ 
[00192004] 4 | 2 8 _ 1 11 0 7 10 2 _ 5 _ 
[00192005] 3 | 2 8 5 1 11 0 7 10 2 _ 5 _ 
[00192006] 3 | 2 8 _ 1 11 0 7 10 2 _ 5 8 
[00192007] 4 | 2 8 _ 1 11 0 _ 10 2 _ 5 9 
[00192008] 3 | 2 8 11 1 11 0 _ 10 2 _ 5 9 
[00192009] 3 | 2 8 _ 1 11 0 8 10 2 _ 5 9 
[00192010] 5 | 2 8 _ 1 11 0 _ 10 2 _ 4 9 
[00192011] 4 | 2 8 _ 1 11 0 7 10 2 _ 4 9 
[00192012] 3 | 2 8 5 1 11 0 7 10 2 _ 4 9 
[00192013] 5 | 2 8 _ 1 11 0 _ 10 2 _ 9 4 
[00192014] 4 | 2 8 _ 1 11 0 7 10 2 _ 9 4 
[00192015] 3 | 2 8 5 1 11 0 7 10 2 _ 9 4 
[00192016] 6 | _ 8 2 1 11 0 _ 10 2 _ _ _ 
[00192017] 5 | 3 8 2 1 11 0 _ 10 2 _ _ _ 
[00192018] 4 | 3 8 2 1 11 0 7 10 2 _ _ _ 
[00192019] 3 | 3 8 2 1 11 0 7 10 2 _ 6 9 
[00192020] 3 | 3 8 2 1 11 0 7 10 2 _ 9 6 
[00192021] 4 | 3 8 2 1 11 0 _ 10 2 _ 6 _ 
[00192022] 3 | 3 8 2 1 11 0 _ 10 2 _ 6 9 
[00192023] 4 | 3 8 2 1 11 0 _ 10 2 _ 5 9 
[00192024] 4 | 3 8 2 1 11 0 _ 10 2 _ 9 5 
[00192025] 5 | _ 8 2 1 11 0 6 10 2 _ _ _ 
[00192026] 4 | 4 8 2 1 11 0 6 10 2 _ _ _ 
[00192027] 3 | 4 8 2 1 11 0 6 10 2 _ 7 _ 
[00192028] 2 | 4 8 2 1 11 0 6 10 2 _ 7 5 
[00192029] 2 | 4 8 2 1 11 0 6 10 2 _ 7 9 
[00192030] 4 | _ 8 2 1 11 0 6 10 2 _ 3 7 
[00192031] 3 | 5 8 2 1 11 0 6 10 2 _ 3 7 
[00192032] 4 | _ 8 2 1 11 0 6 10 2 _ 5 9 
[00192033] 4 | _ 8 2 1 11 0 6 10 2 _ 7 3 
[00192034] 3 | 5 8 2 1 11 0 6 10 2 _ 7 3 
[00192035] 4 | _ 8 2 1 11 0 6 10 2 _ 9 5 
[00192036] 5 | _ 8 2 1 11 0 _ 10 2 _ 5 _ 
[00192037] 4 | 4 8 2 1 11 0 _ 10 2 _ 5 _ 
[00192038] 4 | _ 8 2 1 11 0 7 10 2 _ 5 _ 
[00192039] 3 | 5 8 2 1 11 0 7 10 2 _ 5 _ 
[00192040] 3 | _ 8 2 1 11 0 7 10 2 _ 5 8 
[00192041] 4 | _ 8 2 1 11 0 _ 10 2 _ 5 9 
[00192042] 3 | 11 8 2 1 11 0 _ 10 2 _ 5 9 
[00192043] 3 | _ 8 2 1 11 0 8 10 2 _ 5 9 
[00192044] 5 | _ 8 2 1 11 0 _ 10 2 _ 4 9 
[00192045] 4 | _ 8 2 1 11 0 7 10 2 _ 4 9 
[00192046] 3 | 5 8 2 1 11 0 7 10 2 _ 4 9 
[00192047] 5 | _ 8 2 1 11 0 _ 10 2 _ 9 4 
[00192048] 4 | _ 8 2 1 11 0 7 10 2 _ 9 4 
[00192049] 3 | 5 8 2 1 11 0 7 10 2 _ 9 4 
[00192050] 6 | _ 8 _ 1 11 0 5 10 2 _ _ _ 
[00192051] 5 | 3 8 _ 1 11 0 5 10 2 _ _ _ 
[00192052] 4 | 3 8 4 1 11 0 5 10 2 _ _ _ 
[00192053] 3 | 3 8 4 1 11 0 5 10 2 _ 7 _ 
[00192054] 2 | 3 8 4 1 11 0 5 10 2 _ 7 9 
[00192055] 3 | 3 8 4 1 11 0 5 10 2 _ 6 9 
[00192056] 3 | 3 8 4 1 11 0 5 10 2 _ 9 6 
[00192057] 4 | 3 8 _ 1 11 0 5 10 2 6 _ _ 
[00192058] 3 | 3 8 _ 1 11 0 5 10 2 6 7 _ 
[00192059] 2 | 3 8 _ 1 11 0 5 10 2 6 7 9 
[00192060] 3 | 3 8 _ 1 11 0 5 10 2 6 4 7 
[00192061] 3 | 3 8 _ 1 11 0 5 10 2 6 7 4 
[00192062] 4 | 3 8 _ 1 11 0 5 10 2 _ 6 _ 
[00192063] 3 | 3 8 _ 1 11 0 5 10 2 _ 6 9 
[00192064] 2 | 3 8 _ 1 11 0 5 10 2 4 6 9 
[00192065] 1 | 3 8 7 1 11 0 5 10 2 4 6 9  *Graceful*
[00192065] 5 | _ 8 3 1 11 0 5 10 2 _ _ _ 
[00192066] 4 | 4 8 3 1 11 0 5 10 2 _ _ _ 
[00192067] 3 | 4 8 3 1 11 0 5 10 2 _ 7 _ 
[00192068] 2 | 4 8 3 1 11 0 5 10 2 _ 7 9 
[00192069] 3 | 4 8 3 1 11 0 5 10 2 _ 6 9 
[00192070] 3 | 4 8 3 1 11 0 5 10 2 _ 9 6 
[00192071] 4 | _ 8 3 1 11 0 5 10 2 6 _ _ 
[00192072] 3 | _ 8 3 1 11 0 5 10 2 6 7 _ 
[00192073] 2 | _ 8 3 1 11 0 5 10 2 6 7 9 
[00192074] 3 | _ 8 3 1 11 0 5 10 2 6 4 7 
[00192075] 3 | _ 8 3 1 11 0 5 10 2 6 7 4 
[00192076] 4 | _ 8 3 1 11 0 5 10 2 _ 6 _ 
[00192077] 3 | _ 8 3 1 11 0 5 10 2 _ 6 9 
[00192078] 2 | _ 8 3 1 11 0 5 10 2 4 6 9 
[00192079] 1 | 7 8 3 1 11 0 5 10 2 4 6 9  *Graceful*
[00192079] 5 | _ 8 _ 1 11 0 5 10 2 7 _ _ 
[00192080] 4 | 4 8 _ 1 11 0 5 10 2 7 _ _ 
[00192081] 3 | 4 8 _ 1 11 0 5 10 2 7 3 6 
[00192082] 3 | 4 8 _ 1 11 0 5 10 2 7 6 9 
[00192083] 3 | 4 8 _ 1 11 0 5 10 2 7 6 3 
[00192084] 3 | 4 8 _ 1 11 0 5 10 2 7 9 6 
[00192085] 4 | _ 8 4 1 11 0 5 10 2 7 _ _ 
[00192086] 3 | _ 8 4 1 11 0 5 10 2 7 3 6 
[00192087] 3 | _ 8 4 1 11 0 5 10 2 7 6 9 
[00192088] 3 | _ 8 4 1 11 0 5 10 2 7 6 3 
[00192089] 3 | _ 8 4 1 11 0 5 10 2 7 9 6 
[00192090] 4 | _ 8 _ 1 11 0 5 10 2 7 6 _ 
[00192091] 3 | _ 8 _ 1 11 0 5 10 2 7 6 3 
[00192092] 3 | _ 8 _ 1 11 0 5 10 2 7 6 9 
[00192093] 5 | _ 8 _ 1 11 0 5 10 2 _ 4 9 
[00192094] 4 | _ 8 _ 1 11 0 5 10 2 6 4 9 
[00192095] 5 | _ 8 _ 1 11 0 5 10 2 _ 9 4 
[00192096] 4 | _ 8 _ 1 11 0 5 10 2 6 9 4 
[00192097] 6 | _ 8 _ 1 11 0 _ 10 2 8 _ _ 
[00192098] 5 | _ 8 _ 1 11 0 6 10 2 8 _ _ 
[00192099] 4 | _ 8 _ 1 11 0 6 10 2 8 3 7 
[00192100] 4 | _ 8 _ 1 11 0 6 10 2 8 5 9 
[00192101] 4 | _ 8 _ 1 11 0 6 10 2 8 7 3 
[00192102] 4 | _ 8 _ 1 11 0 6 10 2 8 9 5 
[00192103] 5 | _ 8 _ 1 11 0 _ 10 2 8 5 _ 
[00192104] 4 | _ 8 _ 1 11 0 7 10 2 8 5 _ 
[00192105] 4 | _ 8 _ 1 11 0 _ 10 2 8 5 9 
[00192106] 5 | _ 8 _ 1 11 0 _ 10 2 8 4 9 
[00192107] 4 | _ 8 _ 1 11 0 7 10 2 8 4 9 
[00192108] 5 | _ 8 _ 1 11 0 _ 10 2 8 9 4 
[00192109] 4 | _ 8 _ 1 11 0 7 10 2 8 9 4 
[00192110] 6 | _ 8 _ 1 11 0 _ 10 2 _ 4 _ 
[00192111] 5 | 3 8 _ 1 11 0 _ 10 2 _ 4 _ 
[00192112] 4 | 3 8 4 1 11 0 _ 10 2 _ 4 _ 
[00192113] 3 | 3 8 4 1 11 0 _ 10 2 5 4 _ 
[00192114] 2 | 3 8 4 1 11 0 9 10 2 5 4 _ 
[00192115] 4 | 3 8 _ 1 11 0 7 10 2 _ 4 _ 
[00192116] 3 | 3 8 5 1 11 0 7 10 2 _ 4 _ 
[00192117] 2 | 3 8 5 1 11 0 7 10 2 4 4 _ 
[00192118] 2 | 3 8 5 1 11 0 7 10 2 _ 4 2 
[00192119] 2 | 3 8 5 1 11 0 7 10 2 _ 4 6 
[00192120] 3 | 3 8 _ 1 11 0 7 10 2 5 4 _ 
[00192121] 2 | 3 8 6 1 11 0 7 10 2 5 4 _ 
[00192122] 2 | 3 8 _ 1 11 0 7 10 2 5 4 6 
[00192123] 1 | 3 8 9 1 11 0 7 10 2 5 4 6  *Graceful*
[00192123] 4 | 3 8 _ 1 11 0 _ 10 2 6 4 _ 
[00192124] 3 | 3 8 5 1 11 0 _ 10 2 6 4 _ 
[00192125] 2 | 3 8 5 1 11 0 9 10 2 6 4 _ 
[00192126] 3 | 3 8 11 1 11 0 _ 10 2 6 4 _ 
[00192127] 3 | 3 8 _ 1 11 0 8 10 2 6 4 _ 
[00192128] 3 | 3 8 _ 1 11 0 _ 10 2 6 4 7 
[00192129] 2 | 3 8 _ 1 11 0 9 10 2 6 4 7 
[00192130] 4 | 3 8 _ 1 11 0 _ 10 2 _ 4 8 
[00192131] 3 | 3 8 _ 1 11 0 _ 10 2 5 4 8 
[00192132] 2 | 3 8 _ 1 11 0 9 10 2 5 4 8 
[00192133] 5 | _ 8 3 1 11 0 _ 10 2 _ 4 _ 
[00192134] 4 | 4 8 3 1 11 0 _ 10 2 _ 4 _ 
[00192135] 3 | 4 8 3 1 11 0 _ 10 2 5 4 _ 
[00192136] 2 | 4 8 3 1 11 0 9 10 2 5 4 _ 
[00192137] 4 | _ 8 3 1 11 0 7 10 2 _ 4 _ 
[00192138] 3 | 5 8 3 1 11 0 7 10 2 _ 4 _ 
[00192139] 2 | 5 8 3 1 11 0 7 10 2 4 4 _ 
[00192140] 2 | 5 8 3 1 11 0 7 10 2 _ 4 2 
[00192141] 2 | 5 8 3 1 11 0 7 10 2 _ 4 6 
[00192142] 3 | _ 8 3 1 11 0 7 10 2 5 4 _ 
[00192143] 2 | 6 8 3 1 11 0 7 10 2 5 4 _ 
[00192144] 2 | _ 8 3 1 11 0 7 10 2 5 4 6 
[00192145] 1 | 9 8 3 1 11 0 7 10 2 5 4 6  *Graceful*
[00192145] 4 | _ 8 3 1 11 0 _ 10 2 6 4 _ 
[00192146] 3 | 5 8 3 1 11 0 _ 10 2 6 4 _ 
[00192147] 2 | 5 8 3 1 11 0 9 10 2 6 4 _ 
[00192148] 3 | 11 8 3 1 11 0 _ 10 2 6 4 _ 
[00192149] 3 | _ 8 3 1 11 0 8 10 2 6 4 _ 
[00192150] 3 | _ 8 3 1 11 0 _ 10 2 6 4 7 
[00192151] 2 | _ 8 3 1 11 0 9 10 2 6 4 7 
[00192152] 4 | _ 8 3 1 11 0 _ 10 2 _ 4 8 
[00192153] 3 | _ 8 3 1 11 0 _ 10 2 5 4 8 
[00192154] 2 | _ 8 3 1 11 0 9 10 2 5 4 8 
[00192155] 5 | _ 8 _ 1 11 0 6 10 2 _ 4 _ 
[00192156] 4 | 4 8 _ 1 11 0 6 10 2 _ 4 _ 
[00192157] 3 | 4 8 5 1 11 0 6 10 2 _ 4 _ 
[00192158] 3 | 4 8 _ 1 11 0 6 10 2 5 4 _ 
[00192159] 4 | _ 8 4 1 11 0 6 10 2 _ 4 _ 
[00192160] 3 | 5 8 4 1 11 0 6 10 2 _ 4 _ 
[00192161] 3 | _ 8 4 1 11 0 6 10 2 5 4 _ 
[00192162] 4 | _ 8 _ 1 11 0 6 10 2 _ 4 8 
[00192163] 3 | _ 8 _ 1 11 0 6 10 2 5 4 8 
[00192164] 5 | _ 8 _ 1 11 0 _ 10 2 7 4 _ 
[00192165] 4 | 4 8 _ 1 11 0 _ 10 2 7 4 _ 
[00192166] 3 | 4 8 5 1 11 0 _ 10 2 7 4 _ 
[00192167] 2 | 4 8 5 1 11 0 9 10 2 7 4 _ 
[00192168] 3 | 4 8 11 1 11 0 _ 10 2 7 4 _ 
[00192169] 3 | 4 8 _ 1 11 0 8 10 2 7 4 _ 
[00192170] 4 | _ 8 4 1 11 0 _ 10 2 7 4 _ 
[00192171] 3 | 5 8 4 1 11 0 _ 10 2 7 4 _ 
[00192172] 2 | 5 8 4 1 11 0 9 10 2 7 4 _ 
[00192173] 3 | 11 8 4 1 11 0 _ 10 2 7 4 _ 
[00192174] 3 | _ 8 4 1 11 0 8 10 2 7 4 _ 
[00192175] 4 | _ 8 _ 1 11 0 _ 10 2 7 4 8 
[00192176] 5 | _ 8 _ 1 11 0 _ 10 2 _ 4 9 
[00192177] 4 | _ 8 _ 1 11 0 7 10 2 _ 4 9 
[00192178] 3 | 5 8 _ 1 11 0 7 10 2 _ 4 9 
[00192179] 2 | 5 8 6 1 11 0 7 10 2 _ 4 9 
[00192180] 1 | 5 8 6 1 11 0 7 10 2 3 4 9  *Graceful*
[00192180] 3 | _ 8 5 1 11 0 7 10 2 _ 4 9 
[00192181] 2 | 6 8 5 1 11 0 7 10 2 _ 4 9 
[00192182] 1 | 6 8 5 1 11 0 7 10 2 3 4 9  *Graceful*
[00192182] 3 | _ 8 _ 1 11 0 7 10 2 5 4 9 
[00192183] 2 | 6 8 _ 1 11 0 7 10 2 5 4 9 
[00192184] 2 | _ 8 6 1 11 0 7 10 2 5 4 9 
[00192185] 4 | _ 8 _ 1 11 0 _ 10 2 6 4 9 
[00192186] 3 | 5 8 _ 1 11 0 _ 10 2 6 4 9 
[00192187] 3 | 11 8 _ 1 11 0 _ 10 2 6 4 9 
[00192188] 3 | _ 8 5 1 11 0 _ 10 2 6 4 9 
[00192189] 3 | _ 8 11 1 11 0 _ 10 2 6 4 9 
[00192190] 3 | _ 8 _ 1 11 0 8 10 2 6 4 9 
[00192191] 6 | _ 8 _ 1 11 0 _ 10 2 _ 3 9 
[00192192] 5 | _ 8 _ 1 11 0 6 10 2 _ 3 9 
[00192193] 4 | 4 8 _ 1 11 0 6 10 2 _ 3 9 
[00192194] 3 | 4 8 5 1 11 0 6 10 2 _ 3 9 
[00192195] 3 | 4 8 _ 1 11 0 6 10 2 5 3 9 
[00192196] 4 | _ 8 4 1 11 0 6 10 2 _ 3 9 
[00192197] 3 | 5 8 4 1 11 0 6 10 2 _ 3 9 
[00192198] 3 | _ 8 4 1 11 0 6 10 2 5 3 9 
[00192199] 5 | _ 8 _ 1 11 0 _ 10 2 7 3 9 
[00192200] 4 | 4 8 _ 1 11 0 _ 10 2 7 3 9 
[00192201] 3 | 4 8 5 1 11 0 _ 10 2 7 3 9 
[00192202] 3 | 4 8 11 1 11 0 _ 10 2 7 3 9 
[00192203] 3 | 4 8 _ 1 11 0 8 10 2 7 3 9 
[00192204] 4 | _ 8 4 1 11 0 _ 10 2 7 3 9 
[00192205] 3 | 5 8 4 1 11 0 _ 10 2 7 3 9 
[00192206] 3 | 11 8 4 1 11 0 _ 10 2 7 3 9 
[00192207] 3 | _ 8 4 1 11 0 8 10 2 7 3 9 
[00192208] 6 | _ 8 _ 1 11 0 _ 10 2 _ 9 3 
[00192209] 5 | _ 8 _ 1 11 0 6 10 2 _ 9 3 
[00192210] 4 | 4 8 _ 1 11 0 6 10 2 _ 9 3 
[00192211] 3 | 4 8 5 1 11 0 6 10 2 _ 9 3 
[00192212] 3 | 4 8 _ 1 11 0 6 10 2 5 9 3 
[00192213] 4 | _ 8 4 1 11 0 6 10 2 _ 9 3 
[00192214] 3 | 5 8 4 1 11 0 6 10 2 _ 9 3 
[00192215] 3 | _ 8 4 1 11 0 6 10 2 5 9 3 
[00192216] 5 | _ 8 _ 1 11 0 _ 10 2 7 9 3 
[00192217] 4 | 4 8 _ 1 11 0 _ 10 2 7 9 3 
[00192218] 3 | 4 8 5 1 11 0 _ 10 2 7 9 3 
[00192219] 3 | 4 8 11 1 11 0 _ 10 2 7 9 3 
[00192220] 3 | 4 8 _ 1 11 0 8 10 2 7 9 3 
[00192221] 4 | _ 8 4 1 11 0 _ 10 2 7 9 3 
[00192222] 3 | 5 8 4 1 11 0 _ 10 2 7 9 3 
[00192223] 3 | 11 8 4 1 11 0 _ 10 2 7 9 3 
[00192224] 3 | _ 8 4 1 11 0 8 10 2 7 9 3 
[00192225] 7 | _ _ _ 1 11 0 4 10 2 _ _ _ 
[00192226] 6 | 3 9 _ 1 11 0 4 10 2 _ _ _ 
[00192227] 6 | 9 3 _ 1 11 0 4 10 2 _ _ _ 
[00192228] 5 | 9 3 8 1 11 0 4 10 2 _ _ _ 
[00192229] 4 | 9 3 8 1 11 0 4 10 2 6 _ _ 
[00192230] 3 | 9 3 8 1 11 0 4 10 2 6 7 _ 
[00192231] 2 | 9 3 8 1 11 0 4 10 2 6 7 5 
[00192232] 4 | 9 3 8 1 11 0 4 10 2 _ 6 _ 
[00192233] 3 | 9 3 8 1 11 0 4 10 2 5 6 _ 
[00192234] 5 | 9 3 _ 1 11 0 4 10 2 7 _ _ 
[00192235] 4 | 9 3 _ 1 11 0 4 10 2 7 6 _ 
[00192236] 3 | 9 3 6 1 11 0 4 10 2 7 6 _ 
[00192237] 3 | 9 3 _ 1 11 0 4 10 2 7 6 3 
[00192238] 5 | 9 3 _ 1 11 0 4 10 2 _ 5 _ 
[00192239] 4 | 9 3 7 1 11 0 4 10 2 _ 5 _ 
[00192240] 3 | 9 3 7 1 11 0 4 10 2 5 5 _ 
[00192241] 3 | 9 3 7 1 11 0 4 10 2 _ 5 2 
[00192242] 3 | 9 3 7 1 11 0 4 10 2 _ 5 8 
[00192243] 4 | 9 3 _ 1 11 0 4 10 2 6 5 _ 
[00192244] 3 | 9 3 _ 1 11 0 4 10 2 6 5 8 
[00192245] 6 | _ 3 9 1 11 0 4 10 2 _ _ _ 
[00192246] 5 | 8 3 9 1 11 0 4 10 2 _ _ _ 
[00192247] 4 | 8 3 9 1 11 0 4 10 2 6 _ _ 
[00192248] 3 | 8 3 9 1 11 0 4 10 2 6 7 _ 
[00192249] 2 | 8 3 9 1 11 0 4 10 2 6 7 5 
[00192250] 4 | 8 3 9 1 11 0 4 10 2 _ 6 _ 
[00192251] 3 | 8 3 9 1 11 0 4 10 2 5 6 _ 
[00192252] 5 | _ 3 9 1 11 0 4 10 2 7 _ _ 
[00192253] 4 | _ 3 9 1 11 0 4 10 2 7 6 _ 
[00192254] 3 | 6 3 9 1 11 0 4 10 2 7 6 _ 
[00192255] 3 | _ 3 9 1 11 0 4 10 2 7 6 3 
[00192256] 5 | _ 3 9 1 11 0 4 10 2 _ 5 _ 
[00192257] 4 | 7 3 9 1 11 0 4 10 2 _ 5 _ 
[00192258] 3 | 7 3 9 1 11 0 4 10 2 5 5 _ 
[00192259] 3 | 7 3 9 1 11 0 4 10 2 _ 5 2 
[00192260] 3 | 7 3 9 1 11 0 4 10 2 _ 5 8 
[00192261] 4 | _ 3 9 1 11 0 4 10 2 6 5 _ 
[00192262] 3 | _ 3 9 1 11 0 4 10 2 6 5 8 
[00192263] 6 | _ 9 3 1 11 0 4 10 2 _ _ _ 
[00192264] 6 | _ 7 _ 1 11 0 4 10 2 _ _ _ 
[00192265] 5 | 2 7 _ 1 11 0 4 10 2 _ _ _ 
[00192266] 4 | 2 7 3 1 11 0 4 10 2 _ _ _ 
[00192267] 3 | 2 7 3 1 11 0 4 10 2 _ 5 8 
[00192268] 3 | 2 7 3 1 11 0 4 10 2 _ 6 9 
[00192269] 3 | 2 7 3 1 11 0 4 10 2 _ 8 5 
[00192270] 3 | 2 7 3 1 11 0 4 10 2 _ 9 6 
[00192271] 4 | 2 7 _ 1 11 0 4 10 2 _ 6 _ 
[00192272] 3 | 2 7 _ 1 11 0 4 10 2 _ 6 3 
[00192273] 2 | 2 7 5 1 11 0 4 10 2 _ 6 3 
[00192274] 2 | 2 7 9 1 11 0 4 10 2 _ 6 3 
[00192275] 3 | 2 7 _ 1 11 0 4 10 2 _ 6 9 
[00192276] 2 | 2 7 5 1 11 0 4 10 2 _ 6 9 
[00192277] 4 | 2 7 _ 1 11 0 4 10 2 _ 5 9 
[00192278] 4 | 2 7 _ 1 11 0 4 10 2 _ 9 5 
[00192279] 5 | _ 7 2 1 11 0 4 10 2 _ _ _ 
[00192280] 4 | 3 7 2 1 11 0 4 10 2 _ _ _ 
[00192281] 3 | 3 7 2 1 11 0 4 10 2 _ 5 8 
[00192282] 3 | 3 7 2 1 11 0 4 10 2 _ 6 9 
[00192283] 3 | 3 7 2 1 11 0 4 10 2 _ 8 5 
[00192284] 3 | 3 7 2 1 11 0 4 10 2 _ 9 6 
[00192285] 4 | _ 7 2 1 11 0 4 10 2 _ 6 _ 
[00192286] 3 | _ 7 2 1 11 0 4 10 2 _ 6 3 
[00192287] 2 | 5 7 2 1 11 0 4 10 2 _ 6 3 
[00192288] 2 | 9 7 2 1 11 0 4 10 2 _ 6 3 
[00192289] 3 | _ 7 2 1 11 0 4 10 2 _ 6 9 
[00192290] 2 | 5 7 2 1 11 0 4 10 2 _ 6 9 
[00192291] 4 | _ 7 2 1 11 0 4 10 2 _ 5 9 
[00192292] 4 | _ 7 2 1 11 0 4 10 2 _ 9 5 
[00192293] 5 | _ 7 _ 1 11 0 4 10 2 7 _ _ 
[00192294] 4 | _ 7 _ 1 11 0 4 10 2 7 6 _ 
[00192295] 3 | _ 7 _ 1 11 0 4 10 2 7 6 3 
[00192296] 3 | _ 7 _ 1 11 0 4 10 2 7 6 9 
[00192297] 4 | _ 7 _ 1 11 0 4 10 2 7 5 9 
[00192298] 4 | _ 7 _ 1 11 0 4 10 2 7 9 5 
[00192299] 5 | _ 7 _ 1 11 0 4 10 2 _ 5 _ 
[00192300] 4 | 3 7 _ 1 11 0 4 10 2 _ 5 _ 
[00192301] 3 | 3 7 _ 1 11 0 4 10 2 5 5 _ 
[00192302] 2 | 3 7 9 1 11 0 4 10 2 5 5 _ 
[00192303] 3 | 3 7 _ 1 11 0 4 10 2 _ 5 2 
[00192304] 2 | 3 7 9 1 11 0 4 10 2 _ 5 2 
[00192305] 3 | 3 7 _ 1 11 0 4 10 2 _ 5 8 
[00192306] 2 | 3 7 9 1 11 0 4 10 2 _ 5 8 
[00192307] 4 | _ 7 3 1 11 0 4 10 2 _ 5 _ 
[00192308] 3 | _ 7 3 1 11 0 4 10 2 5 5 _ 
[00192309] 2 | 9 7 3 1 11 0 4 10 2 5 5 _ 
[00192310] 3 | _ 7 3 1 11 0 4 10 2 _ 5 2 
[00192311] 2 | 9 7 3 1 11 0 4 10 2 _ 5 2 
[00192312] 3 | _ 7 3 1 11 0 4 10 2 _ 5 8 
[00192313] 2 | 9 7 3 1 11 0 4 10 2 _ 5 8 
[00192314] 4 | _ 7 _ 1 11 0 4 10 2 6 5 _ 
[00192315] 3 | _ 7 _ 1 11 0 4 10 2 6 5 8 
[00192316] 2 | 9 7 _ 1 11 0 4 10 2 6 5 8 
[00192317] 2 | _ 7 9 1 11 0 4 10 2 6 5 8 
[00192318] 4 | _ 7 _ 1 11 0 4 10 2 _ 5 9 
[00192319] 5 | _ 7 _ 1 11 0 4 10 2 _ 3 8 
[00192320] 4 | _ 7 _ 1 11 0 4 10 2 6 3 8 
[00192321] 5 | _ 7 _ 1 11 0 4 10 2 _ 8 3 
[00192322] 4 | _ 7 _ 1 11 0 4 10 2 6 8 3 
[00192323] 6 | _ _ _ 1 11 0 4 10 2 8 _ _ 
[00192324] 5 | _ 6 _ 1 11 0 4 10 2 8 _ _ 
[00192325] 4 | 10 6 _ 1 11 0 4 10 2 8 _ _ 
[00192326] 3 | 10 6 3 1 11 0 4 10 2 8 _ _ 
