[00048433] 8 | 9 0 _ 11 3 _ _ 1 _ _ _ _ 
[00048434] 7 | 9 0 7 11 3 _ _ 1 _ _ _ _ 
[00048435] 6 | 9 0 7 11 3 _ _ 1 2 8 _ _ 
[00048436] 5 | 9 0 7 11 3 _ _ 1 2 8 6 _ 
[00048437] 4 | 9 0 7 11 3 _ _ 1 2 8 6 10 
[00048438] 5 | 9 0 7 11 3 _ _ 1 2 8 5 10 
[00048439] 5 | 9 0 7 11 3 _ _ 1 2 8 10 5 
[00048440] 6 | 9 0 7 11 3 _ _ 1 4 10 _ _ 
[00048441] 5 | 9 0 7 11 3 8 _ 1 4 10 _ _ 
[00048442] 4 | 9 0 7 11 3 8 _ 1 4 10 5 _ 
[00048443] 3 | 9 0 7 11 3 8 6 1 4 10 5 _ 
[00048444] 3 | 9 0 7 11 3 8 _ 1 4 10 5 2 
[00048445] 4 | 9 0 7 11 3 8 _ 1 4 10 2 6 
[00048446] 4 | 9 0 7 11 3 8 _ 1 4 10 6 2 
[00048447] 5 | 9 0 7 11 3 _ 8 1 4 10 _ _ 
[00048448] 4 | 9 0 7 11 3 _ 8 1 4 10 5 _ 
[00048449] 3 | 9 0 7 11 3 6 8 1 4 10 5 _ 
[00048450] 3 | 9 0 7 11 3 _ 8 1 4 10 5 2 
[00048451] 4 | 9 0 7 11 3 _ 8 1 4 10 2 6 
[00048452] 4 | 9 0 7 11 3 _ 8 1 4 10 6 2 
[00048453] 5 | 9 0 7 11 3 _ _ 1 4 10 6 _ 
[00048454] 4 | 9 0 7 11 3 _ _ 1 4 10 6 2 
[00048455] 6 | 9 0 7 11 3 _ _ 1 8 2 _ _ 
[00048456] 5 | 9 0 7 11 3 _ _ 1 8 2 6 _ 
[00048457] 4 | 9 0 7 11 3 _ _ 1 8 2 6 10 
[00048458] 5 | 9 0 7 11 3 _ _ 1 8 2 5 10 
[00048459] 5 | 9 0 7 11 3 _ _ 1 8 2 10 5 
[00048460] 6 | 9 0 7 11 3 _ _ 1 10 4 _ _ 
[00048461] 5 | 9 0 7 11 3 8 _ 1 10 4 _ _ 
[00048462] 4 | 9 0 7 11 3 8 _ 1 10 4 5 _ 
[00048463] 3 | 9 0 7 11 3 8 6 1 10 4 5 _ 
[00048464] 3 | 9 0 7 11 3 8 _ 1 10 4 5 2 
[00048465] 4 | 9 0 7 11 3 8 _ 1 10 4 2 6 
[00048466] 4 | 9 0 7 11 3 8 _ 1 10 4 6 2 
[00048467] 5 | 9 0 7 11 3 _ 8 1 10 4 _ _ 
[00048468] 4 | 9 0 7 11 3 _ 8 1 10 4 5 _ 
[00048469] 3 | 9 0 7 11 3 6 8 1 10 4 5 _ 
[00048470] 3 | 9 0 7 11 3 _ 8 1 10 4 5 2 
[00048471] 4 | 9 0 7 11 3 _ 8 1 10 4 2 6 
[00048472] 4 | 9 0 7 11 3 _ 8 1 10 4 6 2 
[00048473] 5 | 9 0 7 11 3 _ _ 1 10 4 6 _ 
[00048474] 4 | 9 0 7 11 3 _ _ 1 10 4 6 2 
[00048475] 6 | 9 0 7 11 3 _ _ 1 _ _ 2 8 
[00048476] 5 | 9 0 7 11 3 _ _ 1 6 _ 2 8 
[00048477] 4 | 9 0 7 11 3 _ _ 1 6 10 2 8 
[00048478] 5 | 9 0 7 11 3 _ _ 1 5 10 2 8 
[00048479] 5 | 9 0 7 11 3 _ _ 1 10 5 2 8 
[00048480] 6 | 9 0 7 11 3 _ _ 1 _ _ 4 10 
[00048481] 5 | 9 0 7 11 3 8 _ 1 _ _ 4 10 
[00048482] 4 | 9 0 7 11 3 8 _ 1 5 _ 4 10 
[00048483] 3 | 9 0 7 11 3 8 6 1 5 _ 4 10 
[00048484] 3 | 9 0 7 11 3 8 _ 1 5 2 4 10 
[00048485] 4 | 9 0 7 11 3 8 _ 1 2 6 4 10 
[00048486] 4 | 9 0 7 11 3 8 _ 1 6 2 4 10 
[00048487] 5 | 9 0 7 11 3 _ 8 1 _ _ 4 10 
[00048488] 4 | 9 0 7 11 3 _ 8 1 5 _ 4 10 
[00048489] 3 | 9 0 7 11 3 6 8 1 5 _ 4 10 
[00048490] 3 | 9 0 7 11 3 _ 8 1 5 2 4 10 
[00048491] 4 | 9 0 7 11 3 _ 8 1 2 6 4 10 
[00048492] 4 | 9 0 7 11 3 _ 8 1 6 2 4 10 
[00048493] 5 | 9 0 7 11 3 _ _ 1 6 _ 4 10 
[00048494] 4 | 9 0 7 11 3 _ _ 1 6 2 4 10 
[00048495] 6 | 9 0 7 11 3 _ _ 1 _ _ 8 2 
[00048496] 5 | 9 0 7 11 3 _ _ 1 6 _ 8 2 
[00048497] 4 | 9 0 7 11 3 _ _ 1 6 10 8 2 
[00048498] 5 | 9 0 7 11 3 _ _ 1 5 10 8 2 
[00048499] 5 | 9 0 7 11 3 _ _ 1 10 5 8 2 
[00048500] 6 | 9 0 7 11 3 _ _ 1 _ _ 10 4 
[00048501] 5 | 9 0 7 11 3 8 _ 1 _ _ 10 4 
[00048502] 4 | 9 0 7 11 3 8 _ 1 5 _ 10 4 
[00048503] 3 | 9 0 7 11 3 8 6 1 5 _ 10 4 
[00048504] 3 | 9 0 7 11 3 8 _ 1 5 2 10 4 
[00048505] 4 | 9 0 7 11 3 8 _ 1 2 6 10 4 
[00048506] 4 | 9 0 7 11 3 8 _ 1 6 2 10 4 
[00048507] 5 | 9 0 7 11 3 _ 8 1 _ _ 10 4 
[00048508] 4 | 9 0 7 11 3 _ 8 1 5 _ 10 4 
[00048509] 3 | 9 0 7 11 3 6 8 1 5 _ 10 4 
[00048510] 3 | 9 0 7 11 3 _ 8 1 5 2 10 4 
[00048511] 4 | 9 0 7 11 3 _ 8 1 2 6 10 4 
[00048512] 4 | 9 0 7 11 3 _ 8 1 6 2 10 4 
[00048513] 5 | 9 0 7 11 3 _ _ 1 6 _ 10 4 
[00048514] 4 | 9 0 7 11 3 _ _ 1 6 2 10 4 
[00048515] 7 | 9 0 _ 11 3 10 _ 1 _ _ _ _ 
[00048516] 6 | 9 0 6 11 3 10 _ 1 _ _ _ _ 
[00048517] 5 | 9 0 6 11 3 10 8 1 _ _ _ _ 
[00048518] 4 | 9 0 6 11 3 10 8 1 5 _ _ _ 
[00048519] 3 | 9 0 6 11 3 10 8 1 5 2 _ _ 
[00048520] 3 | 9 0 6 11 3 10 8 1 5 _ 4 _ 
[00048521] 2 | 9 0 6 11 3 10 8 1 5 7 4 _ 
[00048522] 2 | 9 0 6 11 3 10 8 1 5 _ 4 2 
[00048523] 3 | 9 0 6 11 3 10 8 1 5 _ 4 7 
[00048524] 3 | 9 0 6 11 3 10 8 1 5 _ 7 4 
[00048525] 4 | 9 0 6 11 3 10 8 1 _ _ 5 _ 
[00048526] 3 | 9 0 6 11 3 10 8 1 4 _ 5 _ 
[00048527] 2 | 9 0 6 11 3 10 8 1 4 2 5 _ 
[00048528] 2 | 9 0 6 11 3 10 8 1 4 _ 5 7 
[00048529] 3 | 9 0 6 11 3 10 8 1 4 7 5 _ 
[00048530] 3 | 9 0 6 11 3 10 8 1 7 4 5 _ 
[00048531] 3 | 9 0 6 11 3 10 8 1 _ _ 5 2 
[00048532] 5 | 9 0 6 11 3 10 _ 1 2 7 _ _ 
[00048533] 4 | 9 0 6 11 3 10 _ 1 2 7 5 _ 
[00048534] 3 | 9 0 6 11 3 10 _ 1 2 7 5 8 
[00048535] 4 | 9 0 6 11 3 10 _ 1 2 7 4 8 
[00048536] 4 | 9 0 6 11 3 10 _ 1 2 7 8 4 
[00048537] 5 | 9 0 6 11 3 10 _ 1 7 2 _ _ 
[00048538] 4 | 9 0 6 11 3 10 _ 1 7 2 5 _ 
[00048539] 3 | 9 0 6 11 3 10 _ 1 7 2 5 8 
[00048540] 4 | 9 0 6 11 3 10 _ 1 7 2 4 8 
[00048541] 4 | 9 0 6 11 3 10 _ 1 7 2 8 4 
[00048542] 5 | 9 0 6 11 3 10 _ 1 _ _ 2 7 
[00048543] 4 | 9 0 6 11 3 10 _ 1 5 _ 2 7 
[00048544] 3 | 9 0 6 11 3 10 _ 1 5 8 2 7 
[00048545] 4 | 9 0 6 11 3 10 _ 1 4 8 2 7 
[00048546] 4 | 9 0 6 11 3 10 _ 1 8 4 2 7 
[00048547] 5 | 9 0 6 11 3 10 _ 1 _ _ 7 2 
[00048548] 4 | 9 0 6 11 3 10 _ 1 5 _ 7 2 
[00048549] 3 | 9 0 6 11 3 10 _ 1 5 8 7 2 
[00048550] 4 | 9 0 6 11 3 10 _ 1 4 8 7 2 
[00048551] 4 | 9 0 6 11 3 10 _ 1 8 4 7 2 
[00048552] 6 | 9 0 _ 11 3 10 _ 1 7 _ _ _ 
[00048553] 5 | 9 0 5 11 3 10 _ 1 7 _ _ _ 
[00048554] 4 | 9 0 5 11 3 10 7 1 7 _ _ _ 
[00048555] 3 | 9 0 5 11 3 10 7 1 7 _ 4 _ 
[00048556] 2 | 9 0 5 11 3 10 7 1 7 _ 4 2 
[00048557] 2 | 9 0 5 11 3 10 7 1 7 _ 4 6 
[00048558] 4 | 9 0 5 11 3 10 _ 1 7 3 _ _ 
[00048559] 3 | 9 0 5 11 3 10 _ 1 7 3 4 _ 
[00048560] 2 | 9 0 5 11 3 10 _ 1 7 3 4 2 
[00048561] 2 | 9 0 5 11 3 10 _ 1 7 3 4 6 
[00048562] 4 | 9 0 5 11 3 10 _ 1 7 _ 2 6 
[00048563] 3 | 9 0 5 11 3 10 _ 1 7 4 2 6 
[00048564] 4 | 9 0 5 11 3 10 _ 1 7 _ 4 8 
[00048565] 3 | 9 0 5 11 3 10 6 1 7 _ 4 8 
[00048566] 4 | 9 0 5 11 3 10 _ 1 7 _ 6 2 
[00048567] 3 | 9 0 5 11 3 10 _ 1 7 4 6 2 
[00048568] 4 | 9 0 5 11 3 10 _ 1 7 _ 8 4 
[00048569] 3 | 9 0 5 11 3 10 6 1 7 _ 8 4 
[00048570] 5 | 9 0 _ 11 3 10 8 1 7 _ _ _ 
[00048571] 4 | 9 0 4 11 3 10 8 1 7 _ _ _ 
[00048572] 3 | 9 0 4 11 3 10 8 1 7 _ 2 5 
[00048573] 3 | 9 0 4 11 3 10 8 1 7 _ 5 2 
[00048574] 4 | 9 0 _ 11 3 10 8 1 7 _ 5 _ 
[00048575] 3 | 9 0 _ 11 3 10 8 1 7 4 5 _ 
[00048576] 2 | 9 0 2 11 3 10 8 1 7 4 5 _ 
[00048577] 1 | 9 0 2 11 3 10 8 1 7 4 5 6  *Graceful*
[00048577] 3 | 9 0 _ 11 3 10 8 1 7 _ 5 2 
[00048578] 4 | 9 0 _ 11 3 10 8 1 7 _ 2 6 
[00048579] 3 | 9 0 _ 11 3 10 8 1 7 4 2 6 
[00048580] 4 | 9 0 _ 11 3 10 8 1 7 _ 6 2 
[00048581] 3 | 9 0 _ 11 3 10 8 1 7 4 6 2 
[00048582] 5 | 9 0 _ 11 3 10 _ 1 7 2 _ _ 
[00048583] 4 | 9 0 4 11 3 10 _ 1 7 2 _ _ 
[00048584] 3 | 9 0 4 11 3 10 6 1 7 2 _ _ 
[00048585] 3 | 9 0 4 11 3 10 _ 1 7 2 5 8 
[00048586] 3 | 9 0 4 11 3 10 _ 1 7 2 8 5 
[00048587] 4 | 9 0 _ 11 3 10 _ 1 7 2 5 _ 
[00048588] 3 | 9 0 3 11 3 10 _ 1 7 2 5 _ 
[00048589] 3 | 9 0 _ 11 3 10 0 1 7 2 5 _ 
[00048590] 3 | 9 0 _ 11 3 10 6 1 7 2 5 _ 
[00048591] 3 | 9 0 _ 11 3 10 _ 1 7 2 5 8 
[00048592] 4 | 9 0 _ 11 3 10 _ 1 7 2 4 8 
[00048593] 3 | 9 0 3 11 3 10 _ 1 7 2 4 8 
[00048594] 3 | 9 0 _ 11 3 10 0 1 7 2 4 8 
[00048595] 3 | 9 0 _ 11 3 10 6 1 7 2 4 8 
[00048596] 4 | 9 0 _ 11 3 10 _ 1 7 2 8 4 
[00048597] 3 | 9 0 3 11 3 10 _ 1 7 2 8 4 
[00048598] 3 | 9 0 _ 11 3 10 0 1 7 2 8 4 
[00048599] 3 | 9 0 _ 11 3 10 6 1 7 2 8 4 
[00048600] 5 | 9 0 _ 11 3 10 _ 1 7 _ 6 _ 
[00048601] 4 | 9 0 4 11 3 10 _ 1 7 _ 6 _ 
[00048602] 3 | 9 0 4 11 3 10 6 1 7 _ 6 _ 
[00048603] 2 | 9 0 4 11 3 10 6 1 7 5 6 _ 
[00048604] 3 | 9 0 4 11 3 10 _ 1 7 _ 6 3 
[00048605] 2 | 9 0 4 11 3 10 _ 1 7 5 6 3 
[00048606] 4 | 9 0 _ 11 3 10 7 1 7 _ 6 _ 
[00048607] 4 | 9 0 _ 11 3 10 _ 1 7 3 6 _ 
[00048608] 4 | 9 0 _ 11 3 10 _ 1 7 _ 6 2 
[00048609] 3 | 9 0 3 11 3 10 _ 1 7 _ 6 2 
[00048610] 2 | 9 0 3 11 3 10 _ 1 7 5 6 2 
[00048611] 3 | 9 0 _ 11 3 10 0 1 7 _ 6 2 
[00048612] 2 | 9 0 _ 11 3 10 0 1 7 5 6 2 
[00048613] 3 | 9 0 _ 11 3 10 _ 1 7 4 6 2 
[00048614] 2 | 9 0 _ 11 3 10 5 1 7 4 6 2 
[00048615] 6 | 9 0 _ 11 3 10 _ 1 2 8 _ _ 
[00048616] 5 | 9 0 5 11 3 10 _ 1 2 8 _ _ 
[00048617] 4 | 9 0 5 11 3 10 7 1 2 8 _ _ 
[00048618] 3 | 9 0 5 11 3 10 7 1 2 8 4 _ 
[00048619] 2 | 9 0 5 11 3 10 7 1 2 8 4 6 
[00048620] 1 | 9 0 5 11 3 10 7 1 2 8 4 6  *Graceful*
[00048620] 5 | 9 0 _ 11 3 10 _ 1 2 8 6 _ 
[00048621] 4 | 9 0 4 11 3 10 _ 1 2 8 6 _ 
[00048622] 3 | 9 0 4 11 3 10 6 1 2 8 6 _ 
[00048623] 3 | 9 0 4 11 3 10 _ 1 2 8 6 3 
[00048624] 4 | 9 0 _ 11 3 10 7 1 2 8 6 _ 
[00048625] 6 | 9 0 _ 11 3 10 _ 1 8 2 _ _ 
[00048626] 5 | 9 0 5 11 3 10 _ 1 8 2 _ _ 
[00048627] 4 | 9 0 5 11 3 10 7 1 8 2 _ _ 
[00048628] 3 | 9 0 5 11 3 10 7 1 8 2 4 _ 
[00048629] 2 | 9 0 5 11 3 10 7 1 8 2 4 6 
[00048630] 5 | 9 0 _ 11 3 10 _ 1 8 2 6 _ 
[00048631] 4 | 9 0 4 11 3 10 _ 1 8 2 6 _ 
[00048632] 3 | 9 0 4 11 3 10 6 1 8 2 6 _ 
[00048633] 3 | 9 0 4 11 3 10 _ 1 8 2 6 3 
[00048634] 4 | 9 0 _ 11 3 10 7 1 8 2 6 _ 
[00048635] 6 | 9 0 _ 11 3 10 _ 1 _ _ 7 _ 
[00048636] 5 | 9 0 5 11 3 10 _ 1 _ _ 7 _ 
[00048637] 4 | 9 0 5 11 3 10 7 1 _ _ 7 _ 
[00048638] 3 | 9 0 5 11 3 10 7 1 4 _ 7 _ 
[00048639] 2 | 9 0 5 11 3 10 7 1 4 2 7 _ 
[00048640] 2 | 9 0 5 11 3 10 7 1 4 6 7 _ 
[00048641] 4 | 9 0 5 11 3 10 _ 1 2 6 7 _ 
[00048642] 3 | 9 0 5 11 3 10 _ 1 2 6 7 4 
[00048643] 4 | 9 0 5 11 3 10 _ 1 4 8 7 _ 
[00048644] 3 | 9 0 5 11 3 10 6 1 4 8 7 _ 
[00048645] 4 | 9 0 5 11 3 10 _ 1 6 2 7 _ 
[00048646] 3 | 9 0 5 11 3 10 _ 1 6 2 7 4 
[00048647] 4 | 9 0 5 11 3 10 _ 1 8 4 7 _ 
[00048648] 3 | 9 0 5 11 3 10 6 1 8 4 7 _ 
[00048649] 4 | 9 0 5 11 3 10 _ 1 _ _ 7 3 
[00048650] 3 | 9 0 5 11 3 10 _ 1 4 _ 7 3 
[00048651] 2 | 9 0 5 11 3 10 _ 1 4 2 7 3 
[00048652] 2 | 9 0 5 11 3 10 _ 1 4 6 7 3 
[00048653] 5 | 9 0 _ 11 3 10 8 1 _ _ 7 _ 
[00048654] 4 | 9 0 4 11 3 10 8 1 _ _ 7 _ 
[00048655] 3 | 9 0 4 11 3 10 8 1 2 5 7 _ 
[00048656] 3 | 9 0 4 11 3 10 8 1 5 2 7 _ 
[00048657] 4 | 9 0 _ 11 3 10 8 1 5 _ 7 _ 
[00048658] 3 | 9 0 _ 11 3 10 8 1 5 2 7 _ 
[00048659] 3 | 9 0 _ 11 3 10 8 1 5 _ 7 4 
[00048660] 2 | 9 0 2 11 3 10 8 1 5 _ 7 4 
[00048661] 1 | 9 0 2 11 3 10 8 1 5 6 7 4  *Graceful*
[00048661] 4 | 9 0 _ 11 3 10 8 1 2 6 7 _ 
[00048662] 3 | 9 0 _ 11 3 10 8 1 2 6 7 4 
[00048663] 4 | 9 0 _ 11 3 10 8 1 6 2 7 _ 
[00048664] 3 | 9 0 _ 11 3 10 8 1 6 2 7 4 
[00048665] 5 | 9 0 _ 11 3 10 _ 1 6 _ 7 _ 
[00048666] 4 | 9 0 4 11 3 10 _ 1 6 _ 7 _ 
[00048667] 3 | 9 0 4 11 3 10 6 1 6 _ 7 _ 
[00048668] 2 | 9 0 4 11 3 10 6 1 6 _ 7 5 
[00048669] 3 | 9 0 4 11 3 10 _ 1 6 3 7 _ 
[00048670] 2 | 9 0 4 11 3 10 _ 1 6 3 7 5 
[00048671] 4 | 9 0 _ 11 3 10 7 1 6 _ 7 _ 
[00048672] 4 | 9 0 _ 11 3 10 _ 1 6 2 7 _ 
[00048673] 3 | 9 0 3 11 3 10 _ 1 6 2 7 _ 
[00048674] 2 | 9 0 3 11 3 10 _ 1 6 2 7 5 
[00048675] 3 | 9 0 _ 11 3 10 0 1 6 2 7 _ 
[00048676] 2 | 9 0 _ 11 3 10 0 1 6 2 7 5 
[00048677] 3 | 9 0 _ 11 3 10 _ 1 6 2 7 4 
[00048678] 2 | 9 0 _ 11 3 10 5 1 6 2 7 4 
[00048679] 4 | 9 0 _ 11 3 10 _ 1 6 _ 7 3 
[00048680] 5 | 9 0 _ 11 3 10 _ 1 _ _ 7 2 
[00048681] 4 | 9 0 4 11 3 10 _ 1 _ _ 7 2 
[00048682] 3 | 9 0 4 11 3 10 6 1 _ _ 7 2 
[00048683] 3 | 9 0 4 11 3 10 _ 1 5 8 7 2 
[00048684] 3 | 9 0 4 11 3 10 _ 1 8 5 7 2 
[00048685] 4 | 9 0 _ 11 3 10 _ 1 5 _ 7 2 
[00048686] 3 | 9 0 3 11 3 10 _ 1 5 _ 7 2 
[00048687] 3 | 9 0 _ 11 3 10 0 1 5 _ 7 2 
[00048688] 3 | 9 0 _ 11 3 10 6 1 5 _ 7 2 
[00048689] 3 | 9 0 _ 11 3 10 _ 1 5 8 7 2 
[00048690] 4 | 9 0 _ 11 3 10 _ 1 4 8 7 2 
[00048691] 3 | 9 0 3 11 3 10 _ 1 4 8 7 2 
[00048692] 3 | 9 0 _ 11 3 10 0 1 4 8 7 2 
[00048693] 3 | 9 0 _ 11 3 10 6 1 4 8 7 2 
[00048694] 4 | 9 0 _ 11 3 10 _ 1 8 4 7 2 
[00048695] 3 | 9 0 3 11 3 10 _ 1 8 4 7 2 
[00048696] 3 | 9 0 _ 11 3 10 0 1 8 4 7 2 
[00048697] 3 | 9 0 _ 11 3 10 6 1 8 4 7 2 
[00048698] 6 | 9 0 _ 11 3 10 _ 1 _ _ 2 8 
[00048699] 5 | 9 0 5 11 3 10 _ 1 _ _ 2 8 
[00048700] 4 | 9 0 5 11 3 10 7 1 _ _ 2 8 
[00048701] 3 | 9 0 5 11 3 10 7 1 4 _ 2 8 
[00048702] 2 | 9 0 5 11 3 10 7 1 4 6 2 8 
[00048703] 1 | 9 0 5 11 3 10 7 1 4 6 2 8  *Graceful*
[00048703] 5 | 9 0 _ 11 3 10 _ 1 6 _ 2 8 
[00048704] 4 | 9 0 4 11 3 10 _ 1 6 _ 2 8 
[00048705] 3 | 9 0 4 11 3 10 6 1 6 _ 2 8 
[00048706] 3 | 9 0 4 11 3 10 _ 1 6 3 2 8 
[00048707] 4 | 9 0 _ 11 3 10 7 1 6 _ 2 8 
[00048708] 6 | 9 0 _ 11 3 10 _ 1 _ _ 8 2 
[00048709] 5 | 9 0 5 11 3 10 _ 1 _ _ 8 2 
[00048710] 4 | 9 0 5 11 3 10 7 1 _ _ 8 2 
[00048711] 3 | 9 0 5 11 3 10 7 1 4 _ 8 2 
[00048712] 2 | 9 0 5 11 3 10 7 1 4 6 8 2 
[00048713] 5 | 9 0 _ 11 3 10 _ 1 6 _ 8 2 
[00048714] 4 | 9 0 4 11 3 10 _ 1 6 _ 8 2 
[00048715] 3 | 9 0 4 11 3 10 6 1 6 _ 8 2 
[00048716] 3 | 9 0 4 11 3 10 _ 1 6 3 8 2 
[00048717] 4 | 9 0 _ 11 3 10 7 1 6 _ 8 2 
[00048718] 7 | 9 0 _ 11 3 _ 10 1 _ _ _ _ 
[00048719] 6 | 9 0 6 11 3 _ 10 1 _ _ _ _ 
[00048720] 5 | 9 0 6 11 3 8 10 1 _ _ _ _ 
[00048721] 4 | 9 0 6 11 3 8 10 1 5 _ _ _ 
[00048722] 3 | 9 0 6 11 3 8 10 1 5 2 _ _ 
[00048723] 3 | 9 0 6 11 3 8 10 1 5 _ 4 _ 
[00048724] 2 | 9 0 6 11 3 8 10 1 5 7 4 _ 
[00048725] 2 | 9 0 6 11 3 8 10 1 5 _ 4 2 
[00048726] 3 | 9 0 6 11 3 8 10 1 5 _ 4 7 
[00048727] 3 | 9 0 6 11 3 8 10 1 5 _ 7 4 
[00048728] 4 | 9 0 6 11 3 8 10 1 _ _ 5 _ 
[00048729] 3 | 9 0 6 11 3 8 10 1 4 _ 5 _ 
[00048730] 2 | 9 0 6 11 3 8 10 1 4 2 5 _ 
[00048731] 2 | 9 0 6 11 3 8 10 1 4 _ 5 7 
[00048732] 3 | 9 0 6 11 3 8 10 1 4 7 5 _ 
[00048733] 3 | 9 0 6 11 3 8 10 1 7 4 5 _ 
[00048734] 3 | 9 0 6 11 3 8 10 1 _ _ 5 2 
[00048735] 5 | 9 0 6 11 3 _ 10 1 2 7 _ _ 
[00048736] 4 | 9 0 6 11 3 _ 10 1 2 7 5 _ 
[00048737] 3 | 9 0 6 11 3 _ 10 1 2 7 5 8 
[00048738] 4 | 9 0 6 11 3 _ 10 1 2 7 4 8 
[00048739] 4 | 9 0 6 11 3 _ 10 1 2 7 8 4 
[00048740] 5 | 9 0 6 11 3 _ 10 1 7 2 _ _ 
[00048741] 4 | 9 0 6 11 3 _ 10 1 7 2 5 _ 
[00048742] 3 | 9 0 6 11 3 _ 10 1 7 2 5 8 
[00048743] 4 | 9 0 6 11 3 _ 10 1 7 2 4 8 
[00048744] 4 | 9 0 6 11 3 _ 10 1 7 2 8 4 
[00048745] 5 | 9 0 6 11 3 _ 10 1 _ _ 2 7 
[00048746] 4 | 9 0 6 11 3 _ 10 1 5 _ 2 7 
[00048747] 3 | 9 0 6 11 3 _ 10 1 5 8 2 7 
[00048748] 4 | 9 0 6 11 3 _ 10 1 4 8 2 7 
[00048749] 4 | 9 0 6 11 3 _ 10 1 8 4 2 7 
[00048750] 5 | 9 0 6 11 3 _ 10 1 _ _ 7 2 
[00048751] 4 | 9 0 6 11 3 _ 10 1 5 _ 7 2 
[00048752] 3 | 9 0 6 11 3 _ 10 1 5 8 7 2 
[00048753] 4 | 9 0 6 11 3 _ 10 1 4 8 7 2 
[00048754] 4 | 9 0 6 11 3 _ 10 1 8 4 7 2 
[00048755] 6 | 9 0 _ 11 3 _ 10 1 7 _ _ _ 
[00048756] 5 | 9 0 5 11 3 _ 10 1 7 _ _ _ 
[00048757] 4 | 9 0 5 11 3 7 10 1 7 _ _ _ 
[00048758] 3 | 9 0 5 11 3 7 10 1 7 _ 4 _ 
[00048759] 2 | 9 0 5 11 3 7 10 1 7 _ 4 2 
[00048760] 2 | 9 0 5 11 3 7 10 1 7 _ 4 6 
[00048761] 4 | 9 0 5 11 3 _ 10 1 7 3 _ _ 
[00048762] 3 | 9 0 5 11 3 _ 10 1 7 3 4 _ 
[00048763] 2 | 9 0 5 11 3 _ 10 1 7 3 4 2 
[00048764] 2 | 9 0 5 11 3 _ 10 1 7 3 4 6 
[00048765] 4 | 9 0 5 11 3 _ 10 1 7 _ 2 6 
[00048766] 3 | 9 0 5 11 3 _ 10 1 7 4 2 6 
[00048767] 4 | 9 0 5 11 3 _ 10 1 7 _ 4 8 
[00048768] 3 | 9 0 5 11 3 6 10 1 7 _ 4 8 
[00048769] 4 | 9 0 5 11 3 _ 10 1 7 _ 6 2 
[00048770] 3 | 9 0 5 11 3 _ 10 1 7 4 6 2 
[00048771] 4 | 9 0 5 11 3 _ 10 1 7 _ 8 4 
[00048772] 3 | 9 0 5 11 3 6 10 1 7 _ 8 4 
[00048773] 5 | 9 0 _ 11 3 8 10 1 7 _ _ _ 
[00048774] 4 | 9 0 4 11 3 8 10 1 7 _ _ _ 
[00048775] 3 | 9 0 4 11 3 8 10 1 7 _ 2 5 
[00048776] 3 | 9 0 4 11 3 8 10 1 7 _ 5 2 
[00048777] 4 | 9 0 _ 11 3 8 10 1 7 _ 5 _ 
[00048778] 3 | 9 0 _ 11 3 8 10 1 7 4 5 _ 
[00048779] 2 | 9 0 2 11 3 8 10 1 7 4 5 _ 
[00048780] 1 | 9 0 2 11 3 8 10 1 7 4 5 6  *Graceful*
[00048780] 3 | 9 0 _ 11 3 8 10 1 7 _ 5 2 
[00048781] 4 | 9 0 _ 11 3 8 10 1 7 _ 2 6 
[00048782] 3 | 9 0 _ 11 3 8 10 1 7 4 2 6 
[00048783] 4 | 9 0 _ 11 3 8 10 1 7 _ 6 2 
[00048784] 3 | 9 0 _ 11 3 8 10 1 7 4 6 2 
[00048785] 5 | 9 0 _ 11 3 _ 10 1 7 2 _ _ 
[00048786] 4 | 9 0 4 11 3 _ 10 1 7 2 _ _ 
[00048787] 3 | 9 0 4 11 3 6 10 1 7 2 _ _ 
[00048788] 3 | 9 0 4 11 3 _ 10 1 7 2 5 8 
[00048789] 3 | 9 0 4 11 3 _ 10 1 7 2 8 5 
[00048790] 4 | 9 0 _ 11 3 _ 10 1 7 2 5 _ 
[00048791] 3 | 9 0 3 11 3 _ 10 1 7 2 5 _ 
[00048792] 3 | 9 0 _ 11 3 0 10 1 7 2 5 _ 
[00048793] 3 | 9 0 _ 11 3 6 10 1 7 2 5 _ 
[00048794] 3 | 9 0 _ 11 3 _ 10 1 7 2 5 8 
[00048795] 4 | 9 0 _ 11 3 _ 10 1 7 2 4 8 
[00048796] 3 | 9 0 3 11 3 _ 10 1 7 2 4 8 
[00048797] 3 | 9 0 _ 11 3 0 10 1 7 2 4 8 
[00048798] 3 | 9 0 _ 11 3 6 10 1 7 2 4 8 
[00048799] 4 | 9 0 _ 11 3 _ 10 1 7 2 8 4 
[00048800] 3 | 9 0 3 11 3 _ 10 1 7 2 8 4 
[00048801] 3 | 9 0 _ 11 3 0 10 1 7 2 8 4 
[00048802] 3 | 9 0 _ 11 3 6 10 1 7 2 8 4 
[00048803] 5 | 9 0 _ 11 3 _ 10 1 7 _ 6 _ 
[00048804] 4 | 9 0 4 11 3 _ 10 1 7 _ 6 _ 
[00048805] 3 | 9 0 4 11 3 6 10 1 7 _ 6 _ 
[00048806] 2 | 9 0 4 11 3 6 10 1 7 5 6 _ 
[00048807] 3 | 9 0 4 11 3 _ 10 1 7 _ 6 3 
[00048808] 2 | 9 0 4 11 3 _ 10 1 7 5 6 3 
[00048809] 4 | 9 0 _ 11 3 7 10 1 7 _ 6 _ 
[00048810] 4 | 9 0 _ 11 3 _ 10 1 7 3 6 _ 
[00048811] 4 | 9 0 _ 11 3 _ 10 1 7 _ 6 2 
[00048812] 3 | 9 0 3 11 3 _ 10 1 7 _ 6 2 
[00048813] 2 | 9 0 3 11 3 _ 10 1 7 5 6 2 
[00048814] 3 | 9 0 _ 11 3 0 10 1 7 _ 6 2 
[00048815] 2 | 9 0 _ 11 3 0 10 1 7 5 6 2 
[00048816] 3 | 9 0 _ 11 3 _ 10 1 7 4 6 2 
[00048817] 2 | 9 0 _ 11 3 5 10 1 7 4 6 2 
[00048818] 6 | 9 0 _ 11 3 _ 10 1 2 8 _ _ 
[00048819] 5 | 9 0 5 11 3 _ 10 1 2 8 _ _ 
[00048820] 4 | 9 0 5 11 3 7 10 1 2 8 _ _ 
[00048821] 3 | 9 0 5 11 3 7 10 1 2 8 4 _ 
[00048822] 2 | 9 0 5 11 3 7 10 1 2 8 4 6 
[00048823] 1 | 9 0 5 11 3 7 10 1 2 8 4 6  *Graceful*
[00048823] 5 | 9 0 _ 11 3 _ 10 1 2 8 6 _ 
[00048824] 4 | 9 0 4 11 3 _ 10 1 2 8 6 _ 
[00048825] 3 | 9 0 4 11 3 6 10 1 2 8 6 _ 
[00048826] 3 | 9 0 4 11 3 _ 10 1 2 8 6 3 
[00048827] 4 | 9 0 _ 11 3 7 10 1 2 8 6 _ 
[00048828] 6 | 9 0 _ 11 3 _ 10 1 8 2 _ _ 
[00048829] 5 | 9 0 5 11 3 _ 10 1 8 2 _ _ 
[00048830] 4 | 9 0 5 11 3 7 10 1 8 2 _ _ 
[00048831] 3 | 9 0 5 11 3 7 10 1 8 2 4 _ 
[00048832] 2 | 9 0 5 11 3 7 10 1 8 2 4 6 
[00048833] 5 | 9 0 _ 11 3 _ 10 1 8 2 6 _ 
[00048834] 4 | 9 0 4 11 3 _ 10 1 8 2 6 _ 
[00048835] 3 | 9 0 4 11 3 6 10 1 8 2 6 _ 
[00048836] 3 | 9 0 4 11 3 _ 10 1 8 2 6 3 
[00048837] 4 | 9 0 _ 11 3 7 10 1 8 2 6 _ 
[00048838] 6 | 9 0 _ 11 3 _ 10 1 _ _ 7 _ 
[00048839] 5 | 9 0 5 11 3 _ 10 1 _ _ 7 _ 
[00048840] 4 | 9 0 5 11 3 7 10 1 _ _ 7 _ 
[00048841] 3 | 9 0 5 11 3 7 10 1 4 _ 7 _ 
[00048842] 2 | 9 0 5 11 3 7 10 1 4 2 7 _ 
[00048843] 2 | 9 0 5 11 3 7 10 1 4 6 7 _ 
[00048844] 4 | 9 0 5 11 3 _ 10 1 2 6 7 _ 
[00048845] 3 | 9 0 5 11 3 _ 10 1 2 6 7 4 
[00048846] 4 | 9 0 5 11 3 _ 10 1 4 8 7 _ 
[00048847] 3 | 9 0 5 11 3 6 10 1 4 8 7 _ 
[00048848] 4 | 9 0 5 11 3 _ 10 1 6 2 7 _ 
[00048849] 3 | 9 0 5 11 3 _ 10 1 6 2 7 4 
[00048850] 4 | 9 0 5 11 3 _ 10 1 8 4 7 _ 
[00048851] 3 | 9 0 5 11 3 6 10 1 8 4 7 _ 
[00048852] 4 | 9 0 5 11 3 _ 10 1 _ _ 7 3 
[00048853] 3 | 9 0 5 11 3 _ 10 1 4 _ 7 3 
[00048854] 2 | 9 0 5 11 3 _ 10 1 4 2 7 3 
[00048855] 2 | 9 0 5 11 3 _ 10 1 4 6 7 3 
[00048856] 5 | 9 0 _ 11 3 8 10 1 _ _ 7 _ 
[00048857] 4 | 9 0 4 11 3 8 10 1 _ _ 7 _ 
[00048858] 3 | 9 0 4 11 3 8 10 1 2 5 7 _ 
[00048859] 3 | 9 0 4 11 3 8 10 1 5 2 7 _ 
[00048860] 4 | 9 0 _ 11 3 8 10 1 5 _ 7 _ 
[00048861] 3 | 9 0 _ 11 3 8 10 1 5 2 7 _ 
[00048862] 3 | 9 0 _ 11 3 8 10 1 5 _ 7 4 
[00048863] 2 | 9 0 2 11 3 8 10 1 5 _ 7 4 
[00048864] 1 | 9 0 2 11 3 8 10 1 5 6 7 4  *Graceful*
[00048864] 4 | 9 0 _ 11 3 8 10 1 2 6 7 _ 
[00048865] 3 | 9 0 _ 11 3 8 10 1 2 6 7 4 
[00048866] 4 | 9 0 _ 11 3 8 10 1 6 2 7 _ 
[00048867] 3 | 9 0 _ 11 3 8 10 1 6 2 7 4 
[00048868] 5 | 9 0 _ 11 3 _ 10 1 6 _ 7 _ 
[00048869] 4 | 9 0 4 11 3 _ 10 1 6 _ 7 _ 
[00048870] 3 | 9 0 4 11 3 6 10 1 6 _ 7 _ 
[00048871] 2 | 9 0 4 11 3 6 10 1 6 _ 7 5 
[00048872] 3 | 9 0 4 11 3 _ 10 1 6 3 7 _ 
[00048873] 2 | 9 0 4 11 3 _ 10 1 6 3 7 5 
[00048874] 4 | 9 0 _ 11 3 7 10 1 6 _ 7 _ 
[00048875] 4 | 9 0 _ 11 3 _ 10 1 6 2 7 _ 
[00048876] 3 | 9 0 3 11 3 _ 10 1 6 2 7 _ 
[00048877] 2 | 9 0 3 11 3 _ 10 1 6 2 7 5 
[00048878] 3 | 9 0 _ 11 3 0 10 1 6 2 7 _ 
[00048879] 2 | 9 0 _ 11 3 0 10 1 6 2 7 5 
[00048880] 3 | 9 0 _ 11 3 _ 10 1 6 2 7 4 
[00048881] 2 | 9 0 _ 11 3 5 10 1 6 2 7 4 
[00048882] 4 | 9 0 _ 11 3 _ 10 1 6 _ 7 3 
[00048883] 5 | 9 0 _ 11 3 _ 10 1 _ _ 7 2 
[00048884] 4 | 9 0 4 11 3 _ 10 1 _ _ 7 2 
[00048885] 3 | 9 0 4 11 3 6 10 1 _ _ 7 2 
[00048886] 3 | 9 0 4 11 3 _ 10 1 5 8 7 2 
[00048887] 3 | 9 0 4 11 3 _ 10 1 8 5 7 2 
[00048888] 4 | 9 0 _ 11 3 _ 10 1 5 _ 7 2 
[00048889] 3 | 9 0 3 11 3 _ 10 1 5 _ 7 2 
[00048890] 3 | 9 0 _ 11 3 0 10 1 5 _ 7 2 
[00048891] 3 | 9 0 _ 11 3 6 10 1 5 _ 7 2 
[00048892] 3 | 9 0 _ 11 3 _ 10 1 5 8 7 2 
[00048893] 4 | 9 0 _ 11 3 _ 10 1 4 8 7 2 
[00048894] 3 | 9 0 3 11 3 _ 10 1 4 8 7 2 
[00048895] 3 | 9 0 _ 11 3 0 10 1 4 8 7 2 
[00048896] 3 | 9 0 _ 11 3 6 10 1 4 8 7 2 
[00048897] 4 | 9 0 _ 11 3 _ 10 1 8 4 7 2 
[00048898] 3 | 9 0 3 11 3 _ 10 1 8 4 7 2 
[00048899] 3 | 9 0 _ 11 3 0 10 1 8 4 7 2 
[00048900] 3 | 9 0 _ 11 3 6 10 1 8 4 7 2 
[00048901] 6 | 9 0 _ 11 3 _ 10 1 _ _ 2 8 
[00048902] 5 | 9 0 5 11 3 _ 10 1 _ _ 2 8 
[00048903] 4 | 9 0 5 11 3 7 10 1 _ _ 2 8 
[00048904] 3 | 9 0 5 11 3 7 10 1 4 _ 2 8 
[00048905] 2 | 9 0 5 11 3 7 10 1 4 6 2 8 
[00048906] 1 | 9 0 5 11 3 7 10 1 4 6 2 8  *Graceful*
[00048906] 5 | 9 0 _ 11 3 _ 10 1 6 _ 2 8 
[00048907] 4 | 9 0 4 11 3 _ 10 1 6 _ 2 8 
[00048908] 3 | 9 0 4 11 3 6 10 1 6 _ 2 8 
[00048909] 3 | 9 0 4 11 3 _ 10 1 6 3 2 8 
[00048910] 4 | 9 0 _ 11 3 7 10 1 6 _ 2 8 
[00048911] 6 | 9 0 _ 11 3 _ 10 1 _ _ 8 2 
[00048912] 5 | 9 0 5 11 3 _ 10 1 _ _ 8 2 
[00048913] 4 | 9 0 5 11 3 7 10 1 _ _ 8 2 
[00048914] 3 | 9 0 5 11 3 7 10 1 4 _ 8 2 
[00048915] 2 | 9 0 5 11 3 7 10 1 4 6 8 2 
[00048916] 5 | 9 0 _ 11 3 _ 10 1 6 _ 8 2 
[00048917] 4 | 9 0 4 11 3 _ 10 1 6 _ 8 2 
[00048918] 3 | 9 0 4 11 3 6 10 1 6 _ 8 2 
[00048919] 3 | 9 0 4 11 3 _ 10 1 6 3 8 2 
[00048920] 4 | 9 0 _ 11 3 7 10 1 6 _ 8 2 
[00048921] 7 | 9 0 _ 11 3 _ _ 1 8 _ _ _ 
[00048922] 6 | 9 0 6 11 3 _ _ 1 8 _ _ _ 
[00048923] 5 | 9 0 6 11 3 8 _ 1 8 _ _ _ 
[00048924] 4 | 9 0 6 11 3 8 7 1 8 _ _ _ 
