[00098602] 4 | 5 11 6 0 8 1 _ 10 1 _ 3 7 
[00098603] 4 | 5 11 6 0 8 1 _ 10 1 _ 7 3 
[00098604] 5 | 5 11 _ 0 8 1 3 10 1 _ _ _ 
[00098605] 4 | 5 11 7 0 8 1 3 10 1 _ _ _ 
[00098606] 3 | 5 11 7 0 8 1 3 10 1 _ 6 9 
[00098607] 3 | 5 11 7 0 8 1 3 10 1 _ 9 6 
[00098608] 4 | 5 11 _ 0 8 1 3 10 1 _ 6 _ 
[00098609] 3 | 5 11 _ 0 8 1 3 10 1 _ 6 9 
[00098610] 4 | 5 11 _ 0 8 1 3 10 1 _ 2 6 
[00098611] 4 | 5 11 _ 0 8 1 3 10 1 _ 6 2 
[00098612] 5 | 5 11 _ 0 8 1 _ 10 1 _ 2 7 
[00098613] 4 | 5 11 _ 0 8 1 4 10 1 _ 2 7 
[00098614] 5 | 5 11 _ 0 8 1 _ 10 1 _ 4 9 
[00098615] 4 | 5 11 7 0 8 1 _ 10 1 _ 4 9 
[00098616] 5 | 5 11 _ 0 8 1 _ 10 1 _ 7 2 
[00098617] 4 | 5 11 _ 0 8 1 4 10 1 _ 7 2 
[00098618] 5 | 5 11 _ 0 8 1 _ 10 1 _ 9 4 
[00098619] 4 | 5 11 7 0 8 1 _ 10 1 _ 9 4 
[00098620] 6 | _ 11 5 0 8 1 _ 10 1 _ _ _ 
[00098621] 5 | 6 11 5 0 8 1 _ 10 1 _ _ _ 
[00098622] 4 | 6 11 5 0 8 1 4 10 1 _ _ _ 
[00098623] 3 | 6 11 5 0 8 1 4 10 1 _ 7 _ 
[00098624] 2 | 6 11 5 0 8 1 4 10 1 _ 7 9 
[00098625] 4 | 6 11 5 0 8 1 _ 10 1 _ 3 7 
[00098626] 4 | 6 11 5 0 8 1 _ 10 1 _ 7 3 
[00098627] 5 | _ 11 5 0 8 1 3 10 1 _ _ _ 
[00098628] 4 | 7 11 5 0 8 1 3 10 1 _ _ _ 
[00098629] 3 | 7 11 5 0 8 1 3 10 1 _ 6 9 
[00098630] 3 | 7 11 5 0 8 1 3 10 1 _ 9 6 
[00098631] 4 | _ 11 5 0 8 1 3 10 1 _ 6 _ 
[00098632] 3 | _ 11 5 0 8 1 3 10 1 _ 6 9 
[00098633] 4 | _ 11 5 0 8 1 3 10 1 _ 2 6 
[00098634] 4 | _ 11 5 0 8 1 3 10 1 _ 6 2 
[00098635] 5 | _ 11 5 0 8 1 _ 10 1 _ 2 7 
[00098636] 4 | _ 11 5 0 8 1 4 10 1 _ 2 7 
[00098637] 5 | _ 11 5 0 8 1 _ 10 1 _ 4 9 
[00098638] 4 | 7 11 5 0 8 1 _ 10 1 _ 4 9 
[00098639] 5 | _ 11 5 0 8 1 _ 10 1 _ 7 2 
[00098640] 4 | _ 11 5 0 8 1 4 10 1 _ 7 2 
[00098641] 5 | _ 11 5 0 8 1 _ 10 1 _ 9 4 
[00098642] 4 | 7 11 5 0 8 1 _ 10 1 _ 9 4 
[00098643] 6 | _ 11 _ 0 8 1 2 10 1 _ _ _ 
[00098644] 5 | 6 11 _ 0 8 1 2 10 1 _ _ _ 
[00098645] 4 | 6 11 7 0 8 1 2 10 1 _ _ _ 
[00098646] 4 | 6 11 _ 0 8 1 2 10 1 _ 3 7 
[00098647] 4 | 6 11 _ 0 8 1 2 10 1 _ 5 9 
[00098648] 4 | 6 11 _ 0 8 1 2 10 1 _ 7 3 
[00098649] 4 | 6 11 _ 0 8 1 2 10 1 _ 9 5 
[00098650] 5 | _ 11 6 0 8 1 2 10 1 _ _ _ 
[00098651] 4 | 7 11 6 0 8 1 2 10 1 _ _ _ 
[00098652] 4 | _ 11 6 0 8 1 2 10 1 _ 3 7 
[00098653] 4 | _ 11 6 0 8 1 2 10 1 _ 5 9 
[00098654] 4 | _ 11 6 0 8 1 2 10 1 _ 7 3 
[00098655] 4 | _ 11 6 0 8 1 2 10 1 _ 9 5 
[00098656] 5 | _ 11 _ 0 8 1 2 10 1 _ 5 _ 
[00098657] 4 | 7 11 _ 0 8 1 2 10 1 _ 5 _ 
[00098658] 4 | _ 11 7 0 8 1 2 10 1 _ 5 _ 
[00098659] 4 | _ 11 _ 0 8 1 2 10 1 _ 5 9 
[00098660] 5 | _ 11 _ 0 8 1 2 10 1 _ 4 9 
[00098661] 4 | 7 11 _ 0 8 1 2 10 1 _ 4 9 
[00098662] 4 | _ 11 7 0 8 1 2 10 1 _ 4 9 
[00098663] 5 | _ 11 _ 0 8 1 2 10 1 _ 9 4 
[00098664] 4 | 7 11 _ 0 8 1 2 10 1 _ 9 4 
[00098665] 4 | _ 11 7 0 8 1 2 10 1 _ 9 4 
[00098666] 6 | _ 11 _ 0 8 1 _ 10 1 _ 4 _ 
[00098667] 5 | 6 11 _ 0 8 1 _ 10 1 _ 4 _ 
[00098668] 4 | 6 11 7 0 8 1 _ 10 1 _ 4 _ 
[00098669] 3 | 6 11 7 0 8 1 5 10 1 _ 4 _ 
[00098670] 2 | 6 11 7 0 8 1 5 10 1 _ 4 2 
[00098671] 4 | 6 11 _ 0 8 1 4 10 1 _ 4 _ 
[00098672] 4 | 6 11 _ 0 8 1 _ 10 1 _ 4 8 
[00098673] 5 | _ 11 6 0 8 1 _ 10 1 _ 4 _ 
[00098674] 4 | 7 11 6 0 8 1 _ 10 1 _ 4 _ 
[00098675] 3 | 7 11 6 0 8 1 5 10 1 _ 4 _ 
[00098676] 2 | 7 11 6 0 8 1 5 10 1 _ 4 2 
[00098677] 4 | _ 11 6 0 8 1 4 10 1 _ 4 _ 
[00098678] 4 | _ 11 6 0 8 1 _ 10 1 _ 4 8 
[00098679] 5 | _ 11 _ 0 8 1 3 10 1 _ 4 _ 
[00098680] 4 | 7 11 _ 0 8 1 3 10 1 _ 4 _ 
[00098681] 4 | _ 11 7 0 8 1 3 10 1 _ 4 _ 
[00098682] 5 | _ 11 _ 0 8 1 _ 10 1 _ 4 9 
[00098683] 4 | 7 11 _ 0 8 1 _ 10 1 _ 4 9 
[00098684] 3 | 7 11 8 0 8 1 _ 10 1 _ 4 9 
[00098685] 3 | 7 11 _ 0 8 1 5 10 1 _ 4 9 
[00098686] 3 | 7 11 _ 0 8 1 11 10 1 _ 4 9 
[00098687] 4 | _ 11 7 0 8 1 _ 10 1 _ 4 9 
[00098688] 3 | 8 11 7 0 8 1 _ 10 1 _ 4 9 
[00098689] 3 | _ 11 7 0 8 1 5 10 1 _ 4 9 
[00098690] 3 | _ 11 7 0 8 1 11 10 1 _ 4 9 
[00098691] 6 | _ 11 _ 0 8 1 _ 10 1 _ 3 9 
[00098692] 5 | 6 11 _ 0 8 1 _ 10 1 _ 3 9 
[00098693] 4 | 6 11 7 0 8 1 _ 10 1 _ 3 9 
[00098694] 3 | 6 11 7 0 8 1 5 10 1 _ 3 9 
[00098695] 4 | 6 11 _ 0 8 1 4 10 1 _ 3 9 
[00098696] 5 | _ 11 6 0 8 1 _ 10 1 _ 3 9 
[00098697] 4 | 7 11 6 0 8 1 _ 10 1 _ 3 9 
[00098698] 3 | 7 11 6 0 8 1 5 10 1 _ 3 9 
[00098699] 4 | _ 11 6 0 8 1 4 10 1 _ 3 9 
[00098700] 6 | _ 11 _ 0 8 1 _ 10 1 _ 9 3 
[00098701] 5 | 6 11 _ 0 8 1 _ 10 1 _ 9 3 
[00098702] 4 | 6 11 7 0 8 1 _ 10 1 _ 9 3 
[00098703] 3 | 6 11 7 0 8 1 5 10 1 _ 9 3 
[00098704] 4 | 6 11 _ 0 8 1 4 10 1 _ 9 3 
[00098705] 5 | _ 11 6 0 8 1 _ 10 1 _ 9 3 
[00098706] 4 | 7 11 6 0 8 1 _ 10 1 _ 9 3 
[00098707] 3 | 7 11 6 0 8 1 5 10 1 _ 9 3 
[00098708] 4 | _ 11 6 0 8 1 4 10 1 _ 9 3 
[00098709] 7 | _ 11 _ 0 8 _ 1 10 1 _ _ _ 
[00098710] 6 | 5 11 _ 0 8 _ 1 10 1 _ _ _ 
[00098711] 5 | 5 11 6 0 8 _ 1 10 1 _ _ _ 
[00098712] 4 | 5 11 6 0 8 4 1 10 1 _ _ _ 
[00098713] 3 | 5 11 6 0 8 4 1 10 1 _ 7 _ 
[00098714] 2 | 5 11 6 0 8 4 1 10 1 _ 7 9 
[00098715] 4 | 5 11 6 0 8 _ 1 10 1 _ 3 7 
[00098716] 4 | 5 11 6 0 8 _ 1 10 1 _ 7 3 
[00098717] 5 | 5 11 _ 0 8 3 1 10 1 _ _ _ 
[00098718] 4 | 5 11 7 0 8 3 1 10 1 _ _ _ 
[00098719] 3 | 5 11 7 0 8 3 1 10 1 _ 6 9 
[00098720] 3 | 5 11 7 0 8 3 1 10 1 _ 9 6 
[00098721] 4 | 5 11 _ 0 8 3 1 10 1 _ 6 _ 
[00098722] 3 | 5 11 _ 0 8 3 1 10 1 _ 6 9 
[00098723] 4 | 5 11 _ 0 8 3 1 10 1 _ 2 6 
[00098724] 4 | 5 11 _ 0 8 3 1 10 1 _ 6 2 
[00098725] 5 | 5 11 _ 0 8 _ 1 10 1 _ 2 7 
[00098726] 4 | 5 11 _ 0 8 4 1 10 1 _ 2 7 
[00098727] 5 | 5 11 _ 0 8 _ 1 10 1 _ 4 9 
[00098728] 4 | 5 11 7 0 8 _ 1 10 1 _ 4 9 
[00098729] 5 | 5 11 _ 0 8 _ 1 10 1 _ 7 2 
[00098730] 4 | 5 11 _ 0 8 4 1 10 1 _ 7 2 
[00098731] 5 | 5 11 _ 0 8 _ 1 10 1 _ 9 4 
[00098732] 4 | 5 11 7 0 8 _ 1 10 1 _ 9 4 
[00098733] 6 | _ 11 5 0 8 _ 1 10 1 _ _ _ 
[00098734] 5 | 6 11 5 0 8 _ 1 10 1 _ _ _ 
[00098735] 4 | 6 11 5 0 8 4 1 10 1 _ _ _ 
[00098736] 3 | 6 11 5 0 8 4 1 10 1 _ 7 _ 
[00098737] 2 | 6 11 5 0 8 4 1 10 1 _ 7 9 
[00098738] 4 | 6 11 5 0 8 _ 1 10 1 _ 3 7 
[00098739] 4 | 6 11 5 0 8 _ 1 10 1 _ 7 3 
[00098740] 5 | _ 11 5 0 8 3 1 10 1 _ _ _ 
[00098741] 4 | 7 11 5 0 8 3 1 10 1 _ _ _ 
[00098742] 3 | 7 11 5 0 8 3 1 10 1 _ 6 9 
[00098743] 3 | 7 11 5 0 8 3 1 10 1 _ 9 6 
[00098744] 4 | _ 11 5 0 8 3 1 10 1 _ 6 _ 
[00098745] 3 | _ 11 5 0 8 3 1 10 1 _ 6 9 
[00098746] 4 | _ 11 5 0 8 3 1 10 1 _ 2 6 
[00098747] 4 | _ 11 5 0 8 3 1 10 1 _ 6 2 
[00098748] 5 | _ 11 5 0 8 _ 1 10 1 _ 2 7 
[00098749] 4 | _ 11 5 0 8 4 1 10 1 _ 2 7 
[00098750] 5 | _ 11 5 0 8 _ 1 10 1 _ 4 9 
[00098751] 4 | 7 11 5 0 8 _ 1 10 1 _ 4 9 
[00098752] 5 | _ 11 5 0 8 _ 1 10 1 _ 7 2 
[00098753] 4 | _ 11 5 0 8 4 1 10 1 _ 7 2 
[00098754] 5 | _ 11 5 0 8 _ 1 10 1 _ 9 4 
[00098755] 4 | 7 11 5 0 8 _ 1 10 1 _ 9 4 
[00098756] 6 | _ 11 _ 0 8 2 1 10 1 _ _ _ 
[00098757] 5 | 6 11 _ 0 8 2 1 10 1 _ _ _ 
[00098758] 4 | 6 11 7 0 8 2 1 10 1 _ _ _ 
[00098759] 4 | 6 11 _ 0 8 2 1 10 1 _ 3 7 
[00098760] 4 | 6 11 _ 0 8 2 1 10 1 _ 5 9 
[00098761] 4 | 6 11 _ 0 8 2 1 10 1 _ 7 3 
[00098762] 4 | 6 11 _ 0 8 2 1 10 1 _ 9 5 
[00098763] 5 | _ 11 6 0 8 2 1 10 1 _ _ _ 
[00098764] 4 | 7 11 6 0 8 2 1 10 1 _ _ _ 
[00098765] 4 | _ 11 6 0 8 2 1 10 1 _ 3 7 
[00098766] 4 | _ 11 6 0 8 2 1 10 1 _ 5 9 
[00098767] 4 | _ 11 6 0 8 2 1 10 1 _ 7 3 
[00098768] 4 | _ 11 6 0 8 2 1 10 1 _ 9 5 
[00098769] 5 | _ 11 _ 0 8 2 1 10 1 _ 5 _ 
[00098770] 4 | 7 11 _ 0 8 2 1 10 1 _ 5 _ 
[00098771] 4 | _ 11 7 0 8 2 1 10 1 _ 5 _ 
[00098772] 4 | _ 11 _ 0 8 2 1 10 1 _ 5 9 
[00098773] 5 | _ 11 _ 0 8 2 1 10 1 _ 4 9 
[00098774] 4 | 7 11 _ 0 8 2 1 10 1 _ 4 9 
[00098775] 4 | _ 11 7 0 8 2 1 10 1 _ 4 9 
[00098776] 5 | _ 11 _ 0 8 2 1 10 1 _ 9 4 
[00098777] 4 | 7 11 _ 0 8 2 1 10 1 _ 9 4 
[00098778] 4 | _ 11 7 0 8 2 1 10 1 _ 9 4 
[00098779] 6 | _ 11 _ 0 8 _ 1 10 1 _ 4 _ 
[00098780] 5 | 6 11 _ 0 8 _ 1 10 1 _ 4 _ 
[00098781] 4 | 6 11 7 0 8 _ 1 10 1 _ 4 _ 
[00098782] 3 | 6 11 7 0 8 5 1 10 1 _ 4 _ 
[00098783] 2 | 6 11 7 0 8 5 1 10 1 _ 4 2 
[00098784] 4 | 6 11 _ 0 8 4 1 10 1 _ 4 _ 
[00098785] 4 | 6 11 _ 0 8 _ 1 10 1 _ 4 8 
[00098786] 5 | _ 11 6 0 8 _ 1 10 1 _ 4 _ 
[00098787] 4 | 7 11 6 0 8 _ 1 10 1 _ 4 _ 
[00098788] 3 | 7 11 6 0 8 5 1 10 1 _ 4 _ 
[00098789] 2 | 7 11 6 0 8 5 1 10 1 _ 4 2 
[00098790] 4 | _ 11 6 0 8 4 1 10 1 _ 4 _ 
[00098791] 4 | _ 11 6 0 8 _ 1 10 1 _ 4 8 
[00098792] 5 | _ 11 _ 0 8 3 1 10 1 _ 4 _ 
[00098793] 4 | 7 11 _ 0 8 3 1 10 1 _ 4 _ 
[00098794] 4 | _ 11 7 0 8 3 1 10 1 _ 4 _ 
[00098795] 5 | _ 11 _ 0 8 _ 1 10 1 _ 4 9 
[00098796] 4 | 7 11 _ 0 8 _ 1 10 1 _ 4 9 
[00098797] 3 | 7 11 8 0 8 _ 1 10 1 _ 4 9 
[00098798] 3 | 7 11 _ 0 8 5 1 10 1 _ 4 9 
[00098799] 3 | 7 11 _ 0 8 11 1 10 1 _ 4 9 
[00098800] 4 | _ 11 7 0 8 _ 1 10 1 _ 4 9 
[00098801] 3 | 8 11 7 0 8 _ 1 10 1 _ 4 9 
[00098802] 3 | _ 11 7 0 8 5 1 10 1 _ 4 9 
[00098803] 3 | _ 11 7 0 8 11 1 10 1 _ 4 9 
[00098804] 6 | _ 11 _ 0 8 _ 1 10 1 _ 3 9 
[00098805] 5 | 6 11 _ 0 8 _ 1 10 1 _ 3 9 
[00098806] 4 | 6 11 7 0 8 _ 1 10 1 _ 3 9 
[00098807] 3 | 6 11 7 0 8 5 1 10 1 _ 3 9 
[00098808] 4 | 6 11 _ 0 8 4 1 10 1 _ 3 9 
[00098809] 5 | _ 11 6 0 8 _ 1 10 1 _ 3 9 
[00098810] 4 | 7 11 6 0 8 _ 1 10 1 _ 3 9 
[00098811] 3 | 7 11 6 0 8 5 1 10 1 _ 3 9 
[00098812] 4 | _ 11 6 0 8 4 1 10 1 _ 3 9 
[00098813] 6 | _ 11 _ 0 8 _ 1 10 1 _ 9 3 
[00098814] 5 | 6 11 _ 0 8 _ 1 10 1 _ 9 3 
[00098815] 4 | 6 11 7 0 8 _ 1 10 1 _ 9 3 
[00098816] 3 | 6 11 7 0 8 5 1 10 1 _ 9 3 
[00098817] 4 | 6 11 _ 0 8 4 1 10 1 _ 9 3 
[00098818] 5 | _ 11 6 0 8 _ 1 10 1 _ 9 3 
[00098819] 4 | 7 11 6 0 8 _ 1 10 1 _ 9 3 
[00098820] 3 | 7 11 6 0 8 5 1 10 1 _ 9 3 
[00098821] 4 | _ 11 6 0 8 4 1 10 1 _ 9 3 
[00098822] 7 | _ 11 _ 0 8 _ _ 10 1 8 _ _ 
[00098823] 6 | 5 11 _ 0 8 _ _ 10 1 8 _ _ 
[00098824] 5 | 5 11 6 0 8 _ _ 10 1 8 _ _ 
[00098825] 4 | 5 11 6 0 8 _ _ 10 1 8 3 7 
[00098826] 4 | 5 11 6 0 8 _ _ 10 1 8 7 3 
[00098827] 5 | 5 11 _ 0 8 _ _ 10 1 8 2 7 
[00098828] 5 | 5 11 _ 0 8 _ _ 10 1 8 4 9 
[00098829] 4 | 5 11 7 0 8 _ _ 10 1 8 4 9 
[00098830] 5 | 5 11 _ 0 8 _ _ 10 1 8 7 2 
[00098831] 5 | 5 11 _ 0 8 _ _ 10 1 8 9 4 
[00098832] 4 | 5 11 7 0 8 _ _ 10 1 8 9 4 
[00098833] 6 | _ 11 5 0 8 _ _ 10 1 8 _ _ 
[00098834] 5 | 6 11 5 0 8 _ _ 10 1 8 _ _ 
[00098835] 4 | 6 11 5 0 8 _ _ 10 1 8 3 7 
[00098836] 4 | 6 11 5 0 8 _ _ 10 1 8 7 3 
[00098837] 5 | _ 11 5 0 8 _ _ 10 1 8 2 7 
[00098838] 5 | _ 11 5 0 8 _ _ 10 1 8 4 9 
[00098839] 4 | 7 11 5 0 8 _ _ 10 1 8 4 9 
[00098840] 5 | _ 11 5 0 8 _ _ 10 1 8 7 2 
[00098841] 5 | _ 11 5 0 8 _ _ 10 1 8 9 4 
[00098842] 4 | 7 11 5 0 8 _ _ 10 1 8 9 4 
[00098843] 6 | _ 11 _ 0 8 _ _ 10 1 8 4 _ 
[00098844] 5 | 6 11 _ 0 8 _ _ 10 1 8 4 _ 
[00098845] 4 | 6 11 7 0 8 _ _ 10 1 8 4 _ 
[00098846] 5 | _ 11 6 0 8 _ _ 10 1 8 4 _ 
[00098847] 4 | 7 11 6 0 8 _ _ 10 1 8 4 _ 
[00098848] 5 | _ 11 _ 0 8 _ _ 10 1 8 4 9 
[00098849] 4 | 7 11 _ 0 8 _ _ 10 1 8 4 9 
[00098850] 4 | _ 11 7 0 8 _ _ 10 1 8 4 9 
[00098851] 6 | _ 11 _ 0 8 _ _ 10 1 8 3 9 
[00098852] 5 | 6 11 _ 0 8 _ _ 10 1 8 3 9 
[00098853] 4 | 6 11 7 0 8 _ _ 10 1 8 3 9 
[00098854] 5 | _ 11 6 0 8 _ _ 10 1 8 3 9 
[00098855] 4 | 7 11 6 0 8 _ _ 10 1 8 3 9 
[00098856] 6 | _ 11 _ 0 8 _ _ 10 1 8 9 3 
[00098857] 5 | 6 11 _ 0 8 _ _ 10 1 8 9 3 
[00098858] 4 | 6 11 7 0 8 _ _ 10 1 8 9 3 
[00098859] 5 | _ 11 6 0 8 _ _ 10 1 8 9 3 
[00098860] 4 | 7 11 6 0 8 _ _ 10 1 8 9 3 
[00098861] 7 | _ 11 _ 0 8 _ _ 10 1 _ 3 _ 
[00098862] 6 | 5 11 _ 0 8 _ _ 10 1 _ 3 _ 
[00098863] 5 | 5 11 6 0 8 _ _ 10 1 _ 3 _ 
[00098864] 4 | 5 11 6 0 8 4 _ 10 1 _ 3 _ 
[00098865] 4 | 5 11 6 0 8 _ 4 10 1 _ 3 _ 
[00098866] 4 | 5 11 6 0 8 _ _ 10 1 _ 3 7 
[00098867] 3 | 5 11 6 0 8 _ _ 10 1 4 3 7 
[00098868] 5 | 5 11 _ 0 8 3 _ 10 1 _ 3 _ 
[00098869] 4 | 5 11 7 0 8 3 _ 10 1 _ 3 _ 
[00098870] 3 | 5 11 7 0 8 3 _ 10 1 4 3 _ 
[00098871] 2 | 5 11 7 0 8 3 6 10 1 4 3 _ 
[00098872] 4 | 5 11 _ 0 8 3 4 10 1 _ 3 _ 
[00098873] 5 | 5 11 _ 0 8 _ 3 10 1 _ 3 _ 
[00098874] 4 | 5 11 7 0 8 _ 3 10 1 _ 3 _ 
[00098875] 3 | 5 11 7 0 8 _ 3 10 1 4 3 _ 
[00098876] 2 | 5 11 7 0 8 6 3 10 1 4 3 _ 
[00098877] 4 | 5 11 _ 0 8 4 3 10 1 _ 3 _ 
[00098878] 5 | 5 11 _ 0 8 _ _ 10 1 6 3 _ 
[00098879] 4 | 5 11 7 0 8 _ _ 10 1 6 3 _ 
[00098880] 4 | 5 11 _ 0 8 4 _ 10 1 6 3 _ 
[00098881] 3 | 5 11 8 0 8 4 _ 10 1 6 3 _ 
[00098882] 3 | 5 11 _ 0 8 4 11 10 1 6 3 _ 
[00098883] 4 | 5 11 _ 0 8 _ 4 10 1 6 3 _ 
[00098884] 3 | 5 11 8 0 8 _ 4 10 1 6 3 _ 
[00098885] 3 | 5 11 _ 0 8 11 4 10 1 6 3 _ 
[00098886] 4 | 5 11 _ 0 8 _ _ 10 1 6 3 7 
[00098887] 3 | 5 11 8 0 8 _ _ 10 1 6 3 7 
[00098888] 3 | 5 11 _ 0 8 11 _ 10 1 6 3 7 
[00098889] 3 | 5 11 _ 0 8 _ 11 10 1 6 3 7 
[00098890] 5 | 5 11 _ 0 8 _ _ 10 1 _ 3 8 
[00098891] 4 | 5 11 7 0 8 _ _ 10 1 _ 3 8 
[00098892] 3 | 5 11 7 0 8 _ _ 10 1 4 3 8 
[00098893] 6 | _ 11 5 0 8 _ _ 10 1 _ 3 _ 
[00098894] 5 | 6 11 5 0 8 _ _ 10 1 _ 3 _ 
[00098895] 4 | 6 11 5 0 8 4 _ 10 1 _ 3 _ 
[00098896] 4 | 6 11 5 0 8 _ 4 10 1 _ 3 _ 
[00098897] 4 | 6 11 5 0 8 _ _ 10 1 _ 3 7 
[00098898] 3 | 6 11 5 0 8 _ _ 10 1 4 3 7 
[00098899] 5 | _ 11 5 0 8 3 _ 10 1 _ 3 _ 
[00098900] 4 | 7 11 5 0 8 3 _ 10 1 _ 3 _ 
[00098901] 3 | 7 11 5 0 8 3 _ 10 1 4 3 _ 
[00098902] 2 | 7 11 5 0 8 3 6 10 1 4 3 _ 
[00098903] 4 | _ 11 5 0 8 3 4 10 1 _ 3 _ 
[00098904] 5 | _ 11 5 0 8 _ 3 10 1 _ 3 _ 
[00098905] 4 | 7 11 5 0 8 _ 3 10 1 _ 3 _ 
[00098906] 3 | 7 11 5 0 8 _ 3 10 1 4 3 _ 
[00098907] 2 | 7 11 5 0 8 6 3 10 1 4 3 _ 
[00098908] 4 | _ 11 5 0 8 4 3 10 1 _ 3 _ 
[00098909] 5 | _ 11 5 0 8 _ _ 10 1 6 3 _ 
[00098910] 4 | 7 11 5 0 8 _ _ 10 1 6 3 _ 
[00098911] 4 | _ 11 5 0 8 4 _ 10 1 6 3 _ 
[00098912] 3 | 8 11 5 0 8 4 _ 10 1 6 3 _ 
[00098913] 3 | _ 11 5 0 8 4 11 10 1 6 3 _ 
[00098914] 4 | _ 11 5 0 8 _ 4 10 1 6 3 _ 
[00098915] 3 | 8 11 5 0 8 _ 4 10 1 6 3 _ 
[00098916] 3 | _ 11 5 0 8 11 4 10 1 6 3 _ 
[00098917] 4 | _ 11 5 0 8 _ _ 10 1 6 3 7 
[00098918] 3 | 8 11 5 0 8 _ _ 10 1 6 3 7 
[00098919] 3 | _ 11 5 0 8 11 _ 10 1 6 3 7 
[00098920] 3 | _ 11 5 0 8 _ 11 10 1 6 3 7 
[00098921] 5 | _ 11 5 0 8 _ _ 10 1 _ 3 8 
[00098922] 4 | 7 11 5 0 8 _ _ 10 1 _ 3 8 
[00098923] 3 | 7 11 5 0 8 _ _ 10 1 4 3 8 
[00098924] 6 | _ 11 _ 0 8 2 _ 10 1 _ 3 _ 
[00098925] 5 | 6 11 _ 0 8 2 _ 10 1 _ 3 _ 
[00098926] 4 | 6 11 7 0 8 2 _ 10 1 _ 3 _ 
[00098927] 3 | 6 11 7 0 8 2 5 10 1 _ 3 _ 
[00098928] 2 | 6 11 7 0 8 2 5 10 1 3 3 _ 
[00098929] 2 | 6 11 7 0 8 2 5 10 1 _ 3 1 
[00098930] 3 | 6 11 7 0 8 2 _ 10 1 4 3 _ 
[00098931] 2 | 6 11 7 0 8 2 _ 10 1 4 3 5 
[00098932] 1 | 6 11 7 0 8 2 9 10 1 4 3 5  *Graceful*
[00098932] 4 | 6 11 _ 0 8 2 4 10 1 _ 3 _ 
[00098933] 4 | 6 11 _ 0 8 2 _ 10 1 5 3 _ 
[00098934] 3 | 6 11 8 0 8 2 _ 10 1 5 3 _ 
[00098935] 3 | 6 11 _ 0 8 2 11 10 1 5 3 _ 
[00098936] 4 | 6 11 _ 0 8 2 _ 10 1 _ 3 7 
[00098937] 3 | 6 11 8 0 8 2 _ 10 1 _ 3 7 
[00098938] 3 | 6 11 _ 0 8 2 5 10 1 _ 3 7 
[00098939] 2 | 6 11 9 0 8 2 5 10 1 _ 3 7 
[00098940] 3 | 6 11 _ 0 8 2 11 10 1 _ 3 7 
[00098941] 3 | 6 11 _ 0 8 2 _ 10 1 4 3 7 
[00098942] 2 | 6 11 9 0 8 2 _ 10 1 4 3 7 
[00098943] 5 | _ 11 6 0 8 2 _ 10 1 _ 3 _ 
[00098944] 4 | 7 11 6 0 8 2 _ 10 1 _ 3 _ 
[00098945] 3 | 7 11 6 0 8 2 5 10 1 _ 3 _ 
[00098946] 2 | 7 11 6 0 8 2 5 10 1 3 3 _ 
[00098947] 2 | 7 11 6 0 8 2 5 10 1 _ 3 1 
[00098948] 3 | 7 11 6 0 8 2 _ 10 1 4 3 _ 
[00098949] 2 | 7 11 6 0 8 2 _ 10 1 4 3 5 
[00098950] 1 | 7 11 6 0 8 2 9 10 1 4 3 5  *Graceful*
[00098950] 4 | _ 11 6 0 8 2 4 10 1 _ 3 _ 
[00098951] 4 | _ 11 6 0 8 2 _ 10 1 5 3 _ 
[00098952] 3 | 8 11 6 0 8 2 _ 10 1 5 3 _ 
[00098953] 3 | _ 11 6 0 8 2 11 10 1 5 3 _ 
[00098954] 4 | _ 11 6 0 8 2 _ 10 1 _ 3 7 
[00098955] 3 | 8 11 6 0 8 2 _ 10 1 _ 3 7 
[00098956] 3 | _ 11 6 0 8 2 5 10 1 _ 3 7 
[00098957] 2 | 9 11 6 0 8 2 5 10 1 _ 3 7 
[00098958] 3 | _ 11 6 0 8 2 11 10 1 _ 3 7 
[00098959] 3 | _ 11 6 0 8 2 _ 10 1 4 3 7 
[00098960] 2 | 9 11 6 0 8 2 _ 10 1 4 3 7 
[00098961] 5 | _ 11 _ 0 8 2 3 10 1 _ 3 _ 
[00098962] 4 | 7 11 _ 0 8 2 3 10 1 _ 3 _ 
[00098963] 3 | 7 11 _ 0 8 2 3 10 1 4 3 _ 
[00098964] 2 | 7 11 9 0 8 2 3 10 1 4 3 _ 
[00098965] 4 | _ 11 7 0 8 2 3 10 1 _ 3 _ 
[00098966] 3 | _ 11 7 0 8 2 3 10 1 4 3 _ 
[00098967] 2 | 9 11 7 0 8 2 3 10 1 4 3 _ 
[00098968] 4 | _ 11 _ 0 8 2 3 10 1 5 3 _ 
[00098969] 5 | _ 11 _ 0 8 2 _ 10 1 6 3 _ 
[00098970] 4 | 7 11 _ 0 8 2 _ 10 1 6 3 _ 
[00098971] 3 | 7 11 8 0 8 2 _ 10 1 6 3 _ 
[00098972] 2 | 7 11 8 0 8 2 _ 10 1 6 3 5 
[00098973] 3 | 7 11 _ 0 8 2 5 10 1 6 3 _ 
[00098974] 2 | 7 11 9 0 8 2 5 10 1 6 3 _ 
[00098975] 1 | 7 11 9 0 8 2 5 10 1 6 3 4  *Graceful*
[00098975] 3 | 7 11 _ 0 8 2 11 10 1 6 3 _ 
[00098976] 2 | 7 11 _ 0 8 2 11 10 1 6 3 5 
[00098977] 4 | _ 11 7 0 8 2 _ 10 1 6 3 _ 
[00098978] 3 | 8 11 7 0 8 2 _ 10 1 6 3 _ 
[00098979] 2 | 8 11 7 0 8 2 _ 10 1 6 3 5 
[00098980] 3 | _ 11 7 0 8 2 5 10 1 6 3 _ 
[00098981] 2 | 9 11 7 0 8 2 5 10 1 6 3 _ 
[00098982] 1 | 9 11 7 0 8 2 5 10 1 6 3 4  *Graceful*
[00098982] 3 | _ 11 7 0 8 2 11 10 1 6 3 _ 
[00098983] 2 | _ 11 7 0 8 2 11 10 1 6 3 5 
[00098984] 4 | _ 11 _ 0 8 2 4 10 1 6 3 _ 
[00098985] 4 | _ 11 _ 0 8 2 _ 10 1 6 3 7 
[00098986] 3 | 8 11 _ 0 8 2 _ 10 1 6 3 7 
[00098987] 2 | 8 11 9 0 8 2 _ 10 1 6 3 7 
[00098988] 3 | _ 11 8 0 8 2 _ 10 1 6 3 7 
[00098989] 2 | 9 11 8 0 8 2 _ 10 1 6 3 7 
[00098990] 3 | _ 11 _ 0 8 2 5 10 1 6 3 7 
[00098991] 2 | 9 11 _ 0 8 2 5 10 1 6 3 7 
[00098992] 2 | _ 11 9 0 8 2 5 10 1 6 3 7 
[00098993] 3 | _ 11 _ 0 8 2 11 10 1 6 3 7 
[00098994] 5 | _ 11 _ 0 8 2 _ 10 1 _ 3 8 
[00098995] 4 | 7 11 _ 0 8 2 _ 10 1 _ 3 8 
[00098996] 3 | 7 11 _ 0 8 2 _ 10 1 4 3 8 
[00098997] 2 | 7 11 9 0 8 2 _ 10 1 4 3 8 
[00098998] 4 | _ 11 7 0 8 2 _ 10 1 _ 3 8 
[00098999] 3 | _ 11 7 0 8 2 _ 10 1 4 3 8 
[00099000] 2 | 9 11 7 0 8 2 _ 10 1 4 3 8 
[00099001] 4 | _ 11 _ 0 8 2 _ 10 1 5 3 8 
[00099002] 6 | _ 11 _ 0 8 _ 2 10 1 _ 3 _ 
[00099003] 5 | 6 11 _ 0 8 _ 2 10 1 _ 3 _ 
[00099004] 4 | 6 11 7 0 8 _ 2 10 1 _ 3 _ 
[00099005] 3 | 6 11 7 0 8 5 2 10 1 _ 3 _ 
[00099006] 2 | 6 11 7 0 8 5 2 10 1 3 3 _ 
[00099007] 2 | 6 11 7 0 8 5 2 10 1 _ 3 1 
[00099008] 3 | 6 11 7 0 8 _ 2 10 1 4 3 _ 
[00099009] 2 | 6 11 7 0 8 _ 2 10 1 4 3 5 
[00099010] 1 | 6 11 7 0 8 9 2 10 1 4 3 5  *Graceful*
[00099010] 4 | 6 11 _ 0 8 4 2 10 1 _ 3 _ 
[00099011] 4 | 6 11 _ 0 8 _ 2 10 1 5 3 _ 
[00099012] 3 | 6 11 8 0 8 _ 2 10 1 5 3 _ 
[00099013] 3 | 6 11 _ 0 8 11 2 10 1 5 3 _ 
[00099014] 4 | 6 11 _ 0 8 _ 2 10 1 _ 3 7 
[00099015] 3 | 6 11 8 0 8 _ 2 10 1 _ 3 7 
[00099016] 3 | 6 11 _ 0 8 5 2 10 1 _ 3 7 
[00099017] 2 | 6 11 9 0 8 5 2 10 1 _ 3 7 
[00099018] 3 | 6 11 _ 0 8 11 2 10 1 _ 3 7 
[00099019] 3 | 6 11 _ 0 8 _ 2 10 1 4 3 7 
[00099020] 2 | 6 11 9 0 8 _ 2 10 1 4 3 7 
[00099021] 5 | _ 11 6 0 8 _ 2 10 1 _ 3 _ 
[00099022] 4 | 7 11 6 0 8 _ 2 10 1 _ 3 _ 
[00099023] 3 | 7 11 6 0 8 5 2 10 1 _ 3 _ 
[00099024] 2 | 7 11 6 0 8 5 2 10 1 3 3 _ 
[00099025] 2 | 7 11 6 0 8 5 2 10 1 _ 3 1 
[00099026] 3 | 7 11 6 0 8 _ 2 10 1 4 3 _ 
[00099027] 2 | 7 11 6 0 8 _ 2 10 1 4 3 5 
[00099028] 1 | 7 11 6 0 8 9 2 10 1 4 3 5  *Graceful*
[00099028] 4 | _ 11 6 0 8 4 2 10 1 _ 3 _ 
[00099029] 4 | _ 11 6 0 8 _ 2 10 1 5 3 _ 
[00099030] 3 | 8 11 6 0 8 _ 2 10 1 5 3 _ 
[00099031] 3 | _ 11 6 0 8 11 2 10 1 5 3 _ 
[00099032] 4 | _ 11 6 0 8 _ 2 10 1 _ 3 7 
[00099033] 3 | 8 11 6 0 8 _ 2 10 1 _ 3 7 
[00099034] 3 | _ 11 6 0 8 5 2 10 1 _ 3 7 
[00099035] 2 | 9 11 6 0 8 5 2 10 1 _ 3 7 
[00099036] 3 | _ 11 6 0 8 11 2 10 1 _ 3 7 
[00099037] 3 | _ 11 6 0 8 _ 2 10 1 4 3 7 
[00099038] 2 | 9 11 6 0 8 _ 2 10 1 4 3 7 
[00099039] 5 | _ 11 _ 0 8 3 2 10 1 _ 3 _ 
[00099040] 4 | 7 11 _ 0 8 3 2 10 1 _ 3 _ 
[00099041] 3 | 7 11 _ 0 8 3 2 10 1 4 3 _ 
[00099042] 2 | 7 11 9 0 8 3 2 10 1 4 3 _ 
[00099043] 4 | _ 11 7 0 8 3 2 10 1 _ 3 _ 
[00099044] 3 | _ 11 7 0 8 3 2 10 1 4 3 _ 
[00099045] 2 | 9 11 7 0 8 3 2 10 1 4 3 _ 
[00099046] 4 | _ 11 _ 0 8 3 2 10 1 5 3 _ 
[00099047] 5 | _ 11 _ 0 8 _ 2 10 1 6 3 _ 
[00099048] 4 | 7 11 _ 0 8 _ 2 10 1 6 3 _ 
[00099049] 3 | 7 11 8 0 8 _ 2 10 1 6 3 _ 
[00099050] 2 | 7 11 8 0 8 _ 2 10 1 6 3 5 
[00099051] 3 | 7 11 _ 0 8 5 2 10 1 6 3 _ 
[00099052] 2 | 7 11 9 0 8 5 2 10 1 6 3 _ 
[00099053] 1 | 7 11 9 0 8 5 2 10 1 6 3 4  *Graceful*
[00099053] 3 | 7 11 _ 0 8 11 2 10 1 6 3 _ 
[00099054] 2 | 7 11 _ 0 8 11 2 10 1 6 3 5 
[00099055] 4 | _ 11 7 0 8 _ 2 10 1 6 3 _ 
[00099056] 3 | 8 11 7 0 8 _ 2 10 1 6 3 _ 
[00099057] 2 | 8 11 7 0 8 _ 2 10 1 6 3 5 
[00099058] 3 | _ 11 7 0 8 5 2 10 1 6 3 _ 
[00099059] 2 | 9 11 7 0 8 5 2 10 1 6 3 _ 
[00099060] 1 | 9 11 7 0 8 5 2 10 1 6 3 4  *Graceful*
[00099060] 3 | _ 11 7 0 8 11 2 10 1 6 3 _ 
[00099061] 2 | _ 11 7 0 8 11 2 10 1 6 3 5 
[00099062] 4 | _ 11 _ 0 8 4 2 10 1 6 3 _ 
[00099063] 4 | _ 11 _ 0 8 _ 2 10 1 6 3 7 
[00099064] 3 | 8 11 _ 0 8 _ 2 10 1 6 3 7 
[00099065] 2 | 8 11 9 0 8 _ 2 10 1 6 3 7 
[00099066] 3 | _ 11 8 0 8 _ 2 10 1 6 3 7 
[00099067] 2 | 9 11 8 0 8 _ 2 10 1 6 3 7 
[00099068] 3 | _ 11 _ 0 8 5 2 10 1 6 3 7 
[00099069] 2 | 9 11 _ 0 8 5 2 10 1 6 3 7 
[00099070] 2 | _ 11 9 0 8 5 2 10 1 6 3 7 
[00099071] 3 | _ 11 _ 0 8 11 2 10 1 6 3 7 
[00099072] 5 | _ 11 _ 0 8 _ 2 10 1 _ 3 8 
[00099073] 4 | 7 11 _ 0 8 _ 2 10 1 _ 3 8 
[00099074] 3 | 7 11 _ 0 8 _ 2 10 1 4 3 8 
[00099075] 2 | 7 11 9 0 8 _ 2 10 1 4 3 8 
[00099076] 4 | _ 11 7 0 8 _ 2 10 1 _ 3 8 
[00099077] 3 | _ 11 7 0 8 _ 2 10 1 4 3 8 
[00099078] 2 | 9 11 7 0 8 _ 2 10 1 4 3 8 
[00099079] 4 | _ 11 _ 0 8 _ 2 10 1 5 3 8 
[00099080] 6 | _ 11 _ 0 8 _ _ 10 1 7 3 _ 
[00099081] 5 | 6 11 _ 0 8 _ _ 10 1 7 3 _ 
[00099082] 4 | 6 11 _ 0 8 4 _ 10 1 7 3 _ 
[00099083] 3 | 6 11 8 0 8 4 _ 10 1 7 3 _ 
[00099084] 2 | 6 11 8 0 8 4 _ 10 1 7 3 5 
[00099085] 3 | 6 11 _ 0 8 4 5 10 1 7 3 _ 
[00099086] 2 | 6 11 9 0 8 4 5 10 1 7 3 _ 
[00099087] 1 | 6 11 9 0 8 4 5 10 1 7 3 2  *Graceful*
[00099087] 3 | 6 11 _ 0 8 4 11 10 1 7 3 _ 
[00099088] 2 | 6 11 _ 0 8 4 11 10 1 7 3 5 
[00099089] 4 | 6 11 _ 0 8 _ 4 10 1 7 3 _ 
[00099090] 3 | 6 11 8 0 8 _ 4 10 1 7 3 _ 
[00099091] 2 | 6 11 8 0 8 _ 4 10 1 7 3 5 
[00099092] 3 | 6 11 _ 0 8 5 4 10 1 7 3 _ 
