[00356518] 4 | 8 4 _ 1 10 5 2 11 0 7 3 9 
[00356519] 4 | _ 4 8 1 10 5 2 11 0 7 3 9 
[00356520] 4 | _ 8 4 1 10 5 2 11 0 7 3 9 
[00356521] 6 | _ _ _ 1 10 _ 2 11 0 7 9 3 
[00356522] 5 | _ 6 _ 1 10 _ 2 11 0 7 9 3 
[00356523] 4 | 10 6 _ 1 10 _ 2 11 0 7 9 3 
[00356524] 4 | _ 6 10 1 10 _ 2 11 0 7 9 3 
[00356525] 4 | _ 6 _ 1 10 6 2 11 0 7 9 3 
[00356526] 5 | _ _ _ 1 10 5 2 11 0 7 9 3 
[00356527] 4 | 4 8 _ 1 10 5 2 11 0 7 9 3 
[00356528] 4 | 8 4 _ 1 10 5 2 11 0 7 9 3 
[00356529] 4 | _ 4 8 1 10 5 2 11 0 7 9 3 
[00356530] 4 | _ 8 4 1 10 5 2 11 0 7 9 3 
[00356531] 7 | _ _ _ 1 10 _ 2 11 0 _ 4 _ 
[00356532] 6 | 3 9 _ 1 10 _ 2 11 0 _ 4 _ 
[00356533] 6 | 9 3 _ 1 10 _ 2 11 0 _ 4 _ 
[00356534] 5 | 9 3 8 1 10 _ 2 11 0 _ 4 _ 
[00356535] 4 | 9 3 8 1 10 6 2 11 0 _ 4 _ 
[00356536] 3 | 9 3 8 1 10 6 2 11 0 _ 4 7 
[00356537] 4 | 9 3 8 1 10 _ 2 11 0 4 4 _ 
[00356538] 3 | 9 3 8 1 10 7 2 11 0 4 4 _ 
[00356539] 4 | 9 3 8 1 10 _ 2 11 0 _ 4 0 
[00356540] 3 | 9 3 8 1 10 7 2 11 0 _ 4 0 
[00356541] 5 | 9 3 _ 1 10 5 2 11 0 _ 4 _ 
[00356542] 4 | 9 3 7 1 10 5 2 11 0 _ 4 _ 
[00356543] 4 | 9 3 _ 1 10 5 2 11 0 4 4 _ 
[00356544] 3 | 9 3 6 1 10 5 2 11 0 4 4 _ 
[00356545] 4 | 9 3 _ 1 10 5 2 11 0 _ 4 0 
[00356546] 3 | 9 3 6 1 10 5 2 11 0 _ 4 0 
[00356547] 4 | 9 3 _ 1 10 5 2 11 0 _ 4 8 
[00356548] 3 | 9 3 0 1 10 5 2 11 0 _ 4 8 
[00356549] 3 | 9 3 6 1 10 5 2 11 0 _ 4 8 
[00356550] 3 | 9 3 _ 1 10 5 2 11 0 3 4 8 
[00356551] 5 | 9 3 _ 1 10 _ 2 11 0 5 4 _ 
[00356552] 4 | 9 3 7 1 10 _ 2 11 0 5 4 _ 
[00356553] 4 | 9 3 _ 1 10 6 2 11 0 5 4 _ 
[00356554] 3 | 9 3 _ 1 10 6 2 11 0 5 4 7 
[00356555] 4 | 9 3 _ 1 10 _ 2 11 0 5 4 8 
[00356556] 3 | 9 3 6 1 10 _ 2 11 0 5 4 8 
[00356557] 3 | 9 3 _ 1 10 7 2 11 0 5 4 8 
[00356558] 6 | _ 3 9 1 10 _ 2 11 0 _ 4 _ 
[00356559] 5 | 8 3 9 1 10 _ 2 11 0 _ 4 _ 
[00356560] 4 | 8 3 9 1 10 6 2 11 0 _ 4 _ 
[00356561] 3 | 8 3 9 1 10 6 2 11 0 _ 4 7 
[00356562] 4 | 8 3 9 1 10 _ 2 11 0 4 4 _ 
[00356563] 3 | 8 3 9 1 10 7 2 11 0 4 4 _ 
[00356564] 4 | 8 3 9 1 10 _ 2 11 0 _ 4 0 
[00356565] 3 | 8 3 9 1 10 7 2 11 0 _ 4 0 
[00356566] 5 | _ 3 9 1 10 5 2 11 0 _ 4 _ 
[00356567] 4 | 7 3 9 1 10 5 2 11 0 _ 4 _ 
[00356568] 4 | _ 3 9 1 10 5 2 11 0 4 4 _ 
[00356569] 3 | 6 3 9 1 10 5 2 11 0 4 4 _ 
[00356570] 4 | _ 3 9 1 10 5 2 11 0 _ 4 0 
[00356571] 3 | 6 3 9 1 10 5 2 11 0 _ 4 0 
[00356572] 4 | _ 3 9 1 10 5 2 11 0 _ 4 8 
[00356573] 3 | 0 3 9 1 10 5 2 11 0 _ 4 8 
[00356574] 3 | 6 3 9 1 10 5 2 11 0 _ 4 8 
[00356575] 3 | _ 3 9 1 10 5 2 11 0 3 4 8 
[00356576] 5 | _ 3 9 1 10 _ 2 11 0 5 4 _ 
[00356577] 4 | 7 3 9 1 10 _ 2 11 0 5 4 _ 
[00356578] 4 | _ 3 9 1 10 6 2 11 0 5 4 _ 
[00356579] 3 | _ 3 9 1 10 6 2 11 0 5 4 7 
[00356580] 4 | _ 3 9 1 10 _ 2 11 0 5 4 8 
[00356581] 3 | 6 3 9 1 10 _ 2 11 0 5 4 8 
[00356582] 3 | _ 3 9 1 10 7 2 11 0 5 4 8 
[00356583] 6 | _ 9 3 1 10 _ 2 11 0 _ 4 _ 
[00356584] 6 | _ 7 _ 1 10 _ 2 11 0 _ 4 _ 
[00356585] 5 | _ 7 _ 1 10 5 2 11 0 _ 4 _ 
[00356586] 4 | 3 7 _ 1 10 5 2 11 0 _ 4 _ 
[00356587] 3 | 3 7 4 1 10 5 2 11 0 _ 4 _ 
[00356588] 3 | 3 7 _ 1 10 5 2 11 0 _ 4 7 
[00356589] 4 | _ 7 3 1 10 5 2 11 0 _ 4 _ 
[00356590] 3 | 4 7 3 1 10 5 2 11 0 _ 4 _ 
[00356591] 3 | _ 7 3 1 10 5 2 11 0 _ 4 7 
[00356592] 4 | _ 7 _ 1 10 5 2 11 0 4 4 _ 
[00356593] 4 | _ 7 _ 1 10 5 2 11 0 _ 4 0 
[00356594] 4 | _ 7 _ 1 10 5 2 11 0 _ 4 8 
[00356595] 3 | _ 7 _ 1 10 5 2 11 0 3 4 8 
[00356596] 2 | 9 7 _ 1 10 5 2 11 0 3 4 8 
[00356597] 1 | 9 7 6 1 10 5 2 11 0 3 4 8  *Graceful*
[00356597] 2 | _ 7 9 1 10 5 2 11 0 3 4 8 
[00356598] 1 | 6 7 9 1 10 5 2 11 0 3 4 8  *Graceful*
[00356598] 5 | _ 7 _ 1 10 _ 2 11 0 5 4 _ 
[00356599] 4 | 3 7 _ 1 10 _ 2 11 0 5 4 _ 
[00356600] 3 | 3 7 4 1 10 _ 2 11 0 5 4 _ 
[00356601] 2 | 3 7 4 1 10 8 2 11 0 5 4 _ 
[00356602] 3 | 3 7 10 1 10 _ 2 11 0 5 4 _ 
[00356603] 2 | 3 7 10 1 10 _ 2 11 0 5 4 6 
[00356604] 3 | 3 7 _ 1 10 7 2 11 0 5 4 _ 
[00356605] 2 | 3 7 _ 1 10 7 2 11 0 5 4 6 
[00356606] 3 | 3 7 _ 1 10 _ 2 11 0 5 4 7 
[00356607] 2 | 3 7 _ 1 10 8 2 11 0 5 4 7 
[00356608] 4 | _ 7 3 1 10 _ 2 11 0 5 4 _ 
[00356609] 3 | 4 7 3 1 10 _ 2 11 0 5 4 _ 
[00356610] 2 | 4 7 3 1 10 8 2 11 0 5 4 _ 
[00356611] 3 | 10 7 3 1 10 _ 2 11 0 5 4 _ 
[00356612] 2 | 10 7 3 1 10 _ 2 11 0 5 4 6 
[00356613] 3 | _ 7 3 1 10 7 2 11 0 5 4 _ 
[00356614] 2 | _ 7 3 1 10 7 2 11 0 5 4 6 
[00356615] 3 | _ 7 3 1 10 _ 2 11 0 5 4 7 
[00356616] 2 | _ 7 3 1 10 8 2 11 0 5 4 7 
[00356617] 4 | _ 7 _ 1 10 6 2 11 0 5 4 _ 
[00356618] 3 | 4 7 _ 1 10 6 2 11 0 5 4 _ 
[00356619] 2 | 4 7 9 1 10 6 2 11 0 5 4 _ 
[00356620] 3 | _ 7 4 1 10 6 2 11 0 5 4 _ 
[00356621] 2 | 9 7 4 1 10 6 2 11 0 5 4 _ 
[00356622] 3 | _ 7 _ 1 10 6 2 11 0 5 4 7 
[00356623] 4 | _ 7 _ 1 10 _ 2 11 0 5 4 8 
[00356624] 3 | 10 7 _ 1 10 _ 2 11 0 5 4 8 
[00356625] 2 | 10 7 9 1 10 _ 2 11 0 5 4 8 
[00356626] 3 | _ 7 10 1 10 _ 2 11 0 5 4 8 
[00356627] 2 | 9 7 10 1 10 _ 2 11 0 5 4 8 
[00356628] 3 | _ 7 _ 1 10 7 2 11 0 5 4 8 
[00356629] 5 | _ 7 _ 1 10 _ 2 11 0 _ 4 9 
[00356630] 4 | 3 7 _ 1 10 _ 2 11 0 _ 4 9 
[00356631] 3 | 3 7 10 1 10 _ 2 11 0 _ 4 9 
[00356632] 3 | 3 7 _ 1 10 7 2 11 0 _ 4 9 
[00356633] 4 | _ 7 3 1 10 _ 2 11 0 _ 4 9 
[00356634] 3 | 10 7 3 1 10 _ 2 11 0 _ 4 9 
[00356635] 3 | _ 7 3 1 10 7 2 11 0 _ 4 9 
[00356636] 4 | _ 7 _ 1 10 6 2 11 0 _ 4 9 
[00356637] 3 | _ 7 _ 1 10 6 2 11 0 3 4 9 
[00356638] 2 | 5 7 _ 1 10 6 2 11 0 3 4 9 
[00356639] 1 | 5 7 8 1 10 6 2 11 0 3 4 9  *Graceful*
[00356639] 2 | _ 7 5 1 10 6 2 11 0 3 4 9 
[00356640] 1 | 8 7 5 1 10 6 2 11 0 3 4 9  *Graceful*
[00356640] 6 | _ _ _ 1 10 4 2 11 0 _ 4 _ 
[00356641] 5 | 3 8 _ 1 10 4 2 11 0 _ 4 _ 
[00356642] 5 | 8 3 _ 1 10 4 2 11 0 _ 4 _ 
[00356643] 4 | 8 3 7 1 10 4 2 11 0 _ 4 _ 
[00356644] 5 | _ 3 8 1 10 4 2 11 0 _ 4 _ 
[00356645] 4 | 7 3 8 1 10 4 2 11 0 _ 4 _ 
[00356646] 5 | _ 8 3 1 10 4 2 11 0 _ 4 _ 
[00356647] 5 | _ 6 _ 1 10 4 2 11 0 _ 4 _ 
[00356648] 5 | _ _ _ 1 10 4 2 11 0 5 4 _ 
[00356649] 4 | 3 7 _ 1 10 4 2 11 0 5 4 _ 
[00356650] 4 | 7 3 _ 1 10 4 2 11 0 5 4 _ 
[00356651] 3 | 7 3 6 1 10 4 2 11 0 5 4 _ 
[00356652] 4 | _ 3 7 1 10 4 2 11 0 5 4 _ 
[00356653] 3 | 6 3 7 1 10 4 2 11 0 5 4 _ 
[00356654] 4 | _ 7 3 1 10 4 2 11 0 5 4 _ 
[00356655] 6 | _ _ _ 1 10 _ 2 11 0 6 4 _ 
[00356656] 5 | 3 8 _ 1 10 _ 2 11 0 6 4 _ 
[00356657] 5 | 8 3 _ 1 10 _ 2 11 0 6 4 _ 
[00356658] 4 | 8 3 7 1 10 _ 2 11 0 6 4 _ 
[00356659] 5 | _ 3 8 1 10 _ 2 11 0 6 4 _ 
[00356660] 4 | 7 3 8 1 10 _ 2 11 0 6 4 _ 
[00356661] 5 | _ 8 3 1 10 _ 2 11 0 6 4 _ 
[00356662] 5 | _ _ _ 1 10 5 2 11 0 6 4 _ 
[00356663] 4 | 3 7 _ 1 10 5 2 11 0 6 4 _ 
[00356664] 4 | 7 3 _ 1 10 5 2 11 0 6 4 _ 
[00356665] 4 | _ 3 7 1 10 5 2 11 0 6 4 _ 
[00356666] 4 | _ 7 3 1 10 5 2 11 0 6 4 _ 
[00356667] 4 | _ _ _ 1 10 5 2 11 0 6 4 8 
[00356668] 5 | _ _ _ 1 10 _ 2 11 0 6 4 9 
[00356669] 4 | 3 7 _ 1 10 _ 2 11 0 6 4 9 
[00356670] 4 | 7 3 _ 1 10 _ 2 11 0 6 4 9 
[00356671] 4 | _ 3 7 1 10 _ 2 11 0 6 4 9 
[00356672] 4 | _ 7 3 1 10 _ 2 11 0 6 4 9 
[00356673] 4 | _ 5 _ 1 10 _ 2 11 0 6 4 9 
[00356674] 3 | 8 5 _ 1 10 _ 2 11 0 6 4 9 
[00356675] 2 | 8 5 3 1 10 _ 2 11 0 6 4 9 
[00356676] 2 | 8 5 7 1 10 _ 2 11 0 6 4 9 
[00356677] 3 | _ 5 8 1 10 _ 2 11 0 6 4 9 
[00356678] 2 | 3 5 8 1 10 _ 2 11 0 6 4 9 
[00356679] 2 | 7 5 8 1 10 _ 2 11 0 6 4 9 
[00356680] 3 | _ 5 _ 1 10 7 2 11 0 6 4 9 
[00356681] 2 | 3 5 _ 1 10 7 2 11 0 6 4 9 
[00356682] 2 | _ 5 3 1 10 7 2 11 0 6 4 9 
[00356683] 6 | _ _ _ 1 10 _ 2 11 0 _ 4 10 
[00356684] 5 | 3 8 _ 1 10 _ 2 11 0 _ 4 10 
[00356685] 5 | 8 3 _ 1 10 _ 2 11 0 _ 4 10 
[00356686] 4 | 8 3 7 1 10 _ 2 11 0 _ 4 10 
[00356687] 5 | _ 3 8 1 10 _ 2 11 0 _ 4 10 
[00356688] 4 | 7 3 8 1 10 _ 2 11 0 _ 4 10 
[00356689] 5 | _ 8 3 1 10 _ 2 11 0 _ 4 10 
[00356690] 5 | _ 6 _ 1 10 _ 2 11 0 _ 4 10 
[00356691] 5 | _ _ _ 1 10 _ 2 11 0 5 4 10 
[00356692] 4 | 3 7 _ 1 10 _ 2 11 0 5 4 10 
[00356693] 4 | 7 3 _ 1 10 _ 2 11 0 5 4 10 
[00356694] 3 | 7 3 6 1 10 _ 2 11 0 5 4 10 
[00356695] 4 | _ 3 7 1 10 _ 2 11 0 5 4 10 
[00356696] 3 | 6 3 7 1 10 _ 2 11 0 5 4 10 
[00356697] 4 | _ 7 3 1 10 _ 2 11 0 5 4 10 
[00356698] 8 | _ _ _ 1 10 _ _ 11 0 8 _ _ 
[00356699] 7 | 2 9 _ 1 10 _ _ 11 0 8 _ _ 
[00356700] 7 | 9 2 _ 1 10 _ _ 11 0 8 _ _ 
[00356701] 6 | 9 2 _ 1 10 4 _ 11 0 8 _ _ 
[00356702] 5 | 9 2 7 1 10 4 _ 11 0 8 _ _ 
[00356703] 4 | 9 2 7 1 10 4 6 11 0 8 _ _ 
[00356704] 5 | 9 2 _ 1 10 4 5 11 0 8 _ _ 
[00356705] 4 | 9 2 6 1 10 4 5 11 0 8 _ _ 
[00356706] 4 | 9 2 _ 1 10 4 5 11 0 8 7 _ 
[00356707] 4 | 9 2 _ 1 10 4 5 11 0 8 3 7 
[00356708] 4 | 9 2 _ 1 10 4 5 11 0 8 7 3 
[00356709] 5 | 9 2 _ 1 10 4 _ 11 0 8 6 _ 
[00356710] 4 | 9 2 6 1 10 4 _ 11 0 8 6 _ 
[00356711] 3 | 9 2 6 1 10 4 7 11 0 8 6 _ 
[00356712] 4 | 9 2 _ 1 10 4 6 11 0 8 6 _ 
[00356713] 3 | 9 2 5 1 10 4 6 11 0 8 6 _ 
[00356714] 4 | 9 2 _ 1 10 4 _ 11 0 8 6 2 
[00356715] 3 | 9 2 _ 1 10 4 7 11 0 8 6 2 
[00356716] 4 | 9 2 _ 1 10 4 _ 11 0 8 6 10 
[00356717] 3 | 9 2 5 1 10 4 _ 11 0 8 6 10 
[00356718] 6 | 9 2 _ 1 10 _ 4 11 0 8 _ _ 
[00356719] 5 | 9 2 7 1 10 _ 4 11 0 8 _ _ 
[00356720] 4 | 9 2 7 1 10 6 4 11 0 8 _ _ 
[00356721] 5 | 9 2 _ 1 10 5 4 11 0 8 _ _ 
[00356722] 4 | 9 2 6 1 10 5 4 11 0 8 _ _ 
[00356723] 4 | 9 2 _ 1 10 5 4 11 0 8 7 _ 
[00356724] 4 | 9 2 _ 1 10 5 4 11 0 8 3 7 
[00356725] 4 | 9 2 _ 1 10 5 4 11 0 8 7 3 
[00356726] 5 | 9 2 _ 1 10 _ 4 11 0 8 6 _ 
[00356727] 4 | 9 2 6 1 10 _ 4 11 0 8 6 _ 
[00356728] 3 | 9 2 6 1 10 7 4 11 0 8 6 _ 
[00356729] 4 | 9 2 _ 1 10 6 4 11 0 8 6 _ 
[00356730] 3 | 9 2 5 1 10 6 4 11 0 8 6 _ 
[00356731] 4 | 9 2 _ 1 10 _ 4 11 0 8 6 2 
[00356732] 3 | 9 2 _ 1 10 7 4 11 0 8 6 2 
[00356733] 4 | 9 2 _ 1 10 _ 4 11 0 8 6 10 
[00356734] 3 | 9 2 5 1 10 _ 4 11 0 8 6 10 
[00356735] 6 | 9 2 _ 1 10 _ _ 11 0 8 5 _ 
[00356736] 5 | 9 2 7 1 10 _ _ 11 0 8 5 _ 
[00356737] 4 | 9 2 7 1 10 6 _ 11 0 8 5 _ 
[00356738] 4 | 9 2 7 1 10 _ 6 11 0 8 5 _ 
[00356739] 5 | 9 2 _ 1 10 5 _ 11 0 8 5 _ 
[00356740] 4 | 9 2 6 1 10 5 _ 11 0 8 5 _ 
[00356741] 3 | 9 2 6 1 10 5 7 11 0 8 5 _ 
[00356742] 4 | 9 2 _ 1 10 5 6 11 0 8 5 _ 
[00356743] 5 | 9 2 _ 1 10 _ 5 11 0 8 5 _ 
[00356744] 4 | 9 2 6 1 10 _ 5 11 0 8 5 _ 
[00356745] 3 | 9 2 6 1 10 7 5 11 0 8 5 _ 
[00356746] 4 | 9 2 _ 1 10 6 5 11 0 8 5 _ 
[00356747] 5 | 9 2 _ 1 10 _ _ 11 0 8 5 10 
[00356748] 4 | 9 2 6 1 10 _ _ 11 0 8 5 10 
[00356749] 7 | _ 2 9 1 10 _ _ 11 0 8 _ _ 
[00356750] 6 | _ 2 9 1 10 4 _ 11 0 8 _ _ 
[00356751] 5 | 7 2 9 1 10 4 _ 11 0 8 _ _ 
[00356752] 4 | 7 2 9 1 10 4 6 11 0 8 _ _ 
[00356753] 5 | _ 2 9 1 10 4 5 11 0 8 _ _ 
[00356754] 4 | 6 2 9 1 10 4 5 11 0 8 _ _ 
[00356755] 4 | _ 2 9 1 10 4 5 11 0 8 7 _ 
[00356756] 4 | _ 2 9 1 10 4 5 11 0 8 3 7 
[00356757] 4 | _ 2 9 1 10 4 5 11 0 8 7 3 
[00356758] 5 | _ 2 9 1 10 4 _ 11 0 8 6 _ 
[00356759] 4 | 6 2 9 1 10 4 _ 11 0 8 6 _ 
[00356760] 3 | 6 2 9 1 10 4 7 11 0 8 6 _ 
[00356761] 4 | _ 2 9 1 10 4 6 11 0 8 6 _ 
[00356762] 3 | 5 2 9 1 10 4 6 11 0 8 6 _ 
[00356763] 4 | _ 2 9 1 10 4 _ 11 0 8 6 2 
[00356764] 3 | _ 2 9 1 10 4 7 11 0 8 6 2 
[00356765] 4 | _ 2 9 1 10 4 _ 11 0 8 6 10 
[00356766] 3 | 5 2 9 1 10 4 _ 11 0 8 6 10 
[00356767] 6 | _ 2 9 1 10 _ 4 11 0 8 _ _ 
[00356768] 5 | 7 2 9 1 10 _ 4 11 0 8 _ _ 
[00356769] 4 | 7 2 9 1 10 6 4 11 0 8 _ _ 
[00356770] 5 | _ 2 9 1 10 5 4 11 0 8 _ _ 
[00356771] 4 | 6 2 9 1 10 5 4 11 0 8 _ _ 
[00356772] 4 | _ 2 9 1 10 5 4 11 0 8 7 _ 
[00356773] 4 | _ 2 9 1 10 5 4 11 0 8 3 7 
[00356774] 4 | _ 2 9 1 10 5 4 11 0 8 7 3 
[00356775] 5 | _ 2 9 1 10 _ 4 11 0 8 6 _ 
[00356776] 4 | 6 2 9 1 10 _ 4 11 0 8 6 _ 
[00356777] 3 | 6 2 9 1 10 7 4 11 0 8 6 _ 
[00356778] 4 | _ 2 9 1 10 6 4 11 0 8 6 _ 
[00356779] 3 | 5 2 9 1 10 6 4 11 0 8 6 _ 
[00356780] 4 | _ 2 9 1 10 _ 4 11 0 8 6 2 
[00356781] 3 | _ 2 9 1 10 7 4 11 0 8 6 2 
[00356782] 4 | _ 2 9 1 10 _ 4 11 0 8 6 10 
[00356783] 3 | 5 2 9 1 10 _ 4 11 0 8 6 10 
[00356784] 6 | _ 2 9 1 10 _ _ 11 0 8 5 _ 
[00356785] 5 | 7 2 9 1 10 _ _ 11 0 8 5 _ 
[00356786] 4 | 7 2 9 1 10 6 _ 11 0 8 5 _ 
[00356787] 4 | 7 2 9 1 10 _ 6 11 0 8 5 _ 
[00356788] 5 | _ 2 9 1 10 5 _ 11 0 8 5 _ 
[00356789] 4 | 6 2 9 1 10 5 _ 11 0 8 5 _ 
[00356790] 3 | 6 2 9 1 10 5 7 11 0 8 5 _ 
[00356791] 4 | _ 2 9 1 10 5 6 11 0 8 5 _ 
[00356792] 5 | _ 2 9 1 10 _ 5 11 0 8 5 _ 
[00356793] 4 | 6 2 9 1 10 _ 5 11 0 8 5 _ 
[00356794] 3 | 6 2 9 1 10 7 5 11 0 8 5 _ 
[00356795] 4 | _ 2 9 1 10 6 5 11 0 8 5 _ 
[00356796] 5 | _ 2 9 1 10 _ _ 11 0 8 5 10 
[00356797] 4 | 6 2 9 1 10 _ _ 11 0 8 5 10 
[00356798] 7 | _ 9 2 1 10 _ _ 11 0 8 _ _ 
[00356799] 7 | _ _ _ 1 10 3 _ 11 0 8 _ _ 
[00356800] 6 | _ 7 _ 1 10 3 _ 11 0 8 _ _ 
[00356801] 5 | 2 7 _ 1 10 3 _ 11 0 8 _ _ 
[00356802] 4 | 2 7 11 1 10 3 _ 11 0 8 _ _ 
[00356803] 3 | 2 7 11 1 10 3 _ 11 0 8 6 9 
[00356804] 3 | 2 7 11 1 10 3 _ 11 0 8 9 6 
[00356805] 4 | 2 7 _ 1 10 3 6 11 0 8 _ _ 
[00356806] 3 | 2 7 4 1 10 3 6 11 0 8 _ _ 
[00356807] 2 | 2 7 4 1 10 3 6 11 0 8 9 _ 
[00356808] 4 | 2 7 _ 1 10 3 _ 11 0 8 7 _ 
[00356809] 3 | 2 7 4 1 10 3 _ 11 0 8 7 _ 
[00356810] 3 | 2 7 10 1 10 3 _ 11 0 8 7 _ 
[00356811] 3 | 2 7 _ 1 10 3 7 11 0 8 7 _ 
[00356812] 3 | 2 7 _ 1 10 3 _ 11 0 8 7 4 
[00356813] 3 | 2 7 _ 1 10 3 _ 11 0 8 7 10 
[00356814] 4 | 2 7 _ 1 10 3 _ 11 0 8 5 9 
[00356815] 3 | 2 7 4 1 10 3 _ 11 0 8 5 9 
[00356816] 3 | 2 7 10 1 10 3 _ 11 0 8 5 9 
[00356817] 3 | 2 7 _ 1 10 3 7 11 0 8 5 9 
[00356818] 4 | 2 7 _ 1 10 3 _ 11 0 8 9 5 
[00356819] 3 | 2 7 4 1 10 3 _ 11 0 8 9 5 
[00356820] 3 | 2 7 10 1 10 3 _ 11 0 8 9 5 
[00356821] 3 | 2 7 _ 1 10 3 7 11 0 8 9 5 
[00356822] 5 | _ 7 2 1 10 3 _ 11 0 8 _ _ 
[00356823] 4 | 11 7 2 1 10 3 _ 11 0 8 _ _ 
[00356824] 3 | 11 7 2 1 10 3 _ 11 0 8 6 9 
[00356825] 3 | 11 7 2 1 10 3 _ 11 0 8 9 6 
[00356826] 4 | _ 7 2 1 10 3 6 11 0 8 _ _ 
[00356827] 3 | 4 7 2 1 10 3 6 11 0 8 _ _ 
[00356828] 2 | 4 7 2 1 10 3 6 11 0 8 9 _ 
[00356829] 4 | _ 7 2 1 10 3 _ 11 0 8 7 _ 
[00356830] 3 | 4 7 2 1 10 3 _ 11 0 8 7 _ 
[00356831] 3 | 10 7 2 1 10 3 _ 11 0 8 7 _ 
[00356832] 3 | _ 7 2 1 10 3 7 11 0 8 7 _ 
[00356833] 3 | _ 7 2 1 10 3 _ 11 0 8 7 4 
[00356834] 3 | _ 7 2 1 10 3 _ 11 0 8 7 10 
[00356835] 4 | _ 7 2 1 10 3 _ 11 0 8 5 9 
[00356836] 3 | 4 7 2 1 10 3 _ 11 0 8 5 9 
[00356837] 3 | 10 7 2 1 10 3 _ 11 0 8 5 9 
[00356838] 3 | _ 7 2 1 10 3 7 11 0 8 5 9 
[00356839] 4 | _ 7 2 1 10 3 _ 11 0 8 9 5 
[00356840] 3 | 4 7 2 1 10 3 _ 11 0 8 9 5 
[00356841] 3 | 10 7 2 1 10 3 _ 11 0 8 9 5 
[00356842] 3 | _ 7 2 1 10 3 7 11 0 8 9 5 
[00356843] 5 | _ 7 _ 1 10 3 5 11 0 8 _ _ 
[00356844] 4 | 11 7 _ 1 10 3 5 11 0 8 _ _ 
[00356845] 3 | 11 7 4 1 10 3 5 11 0 8 _ _ 
[00356846] 3 | 11 7 _ 1 10 3 5 11 0 8 6 9 
[00356847] 3 | 11 7 _ 1 10 3 5 11 0 8 9 6 
[00356848] 4 | _ 7 11 1 10 3 5 11 0 8 _ _ 
[00356849] 3 | 4 7 11 1 10 3 5 11 0 8 _ _ 
[00356850] 3 | _ 7 11 1 10 3 5 11 0 8 6 9 
[00356851] 3 | _ 7 11 1 10 3 5 11 0 8 9 6 
[00356852] 4 | _ 7 _ 1 10 3 5 11 0 8 7 _ 
[00356853] 3 | 4 7 _ 1 10 3 5 11 0 8 7 _ 
[00356854] 2 | 4 7 9 1 10 3 5 11 0 8 7 _ 
[00356855] 2 | 4 7 _ 1 10 3 5 11 0 8 7 9 
[00356856] 3 | _ 7 4 1 10 3 5 11 0 8 7 _ 
[00356857] 2 | 9 7 4 1 10 3 5 11 0 8 7 _ 
[00356858] 2 | _ 7 4 1 10 3 5 11 0 8 7 9 
[00356859] 3 | _ 7 _ 1 10 3 5 11 0 8 7 4 
[00356860] 4 | _ 7 _ 1 10 3 5 11 0 8 2 6 
[00356861] 3 | 4 7 _ 1 10 3 5 11 0 8 2 6 
[00356862] 2 | 4 7 9 1 10 3 5 11 0 8 2 6 
[00356863] 3 | _ 7 4 1 10 3 5 11 0 8 2 6 
[00356864] 2 | 9 7 4 1 10 3 5 11 0 8 2 6 
[00356865] 4 | _ 7 _ 1 10 3 5 11 0 8 6 2 
[00356866] 3 | 4 7 _ 1 10 3 5 11 0 8 6 2 
[00356867] 2 | 4 7 9 1 10 3 5 11 0 8 6 2 
[00356868] 3 | _ 7 4 1 10 3 5 11 0 8 6 2 
[00356869] 2 | 9 7 4 1 10 3 5 11 0 8 6 2 
[00356870] 5 | _ 7 _ 1 10 3 _ 11 0 8 6 _ 
[00356871] 4 | _ 7 _ 1 10 3 6 11 0 8 6 _ 
[00356872] 3 | 4 7 _ 1 10 3 6 11 0 8 6 _ 
[00356873] 2 | 4 7 5 1 10 3 6 11 0 8 6 _ 
[00356874] 2 | 4 7 9 1 10 3 6 11 0 8 6 _ 
[00356875] 3 | _ 7 4 1 10 3 6 11 0 8 6 _ 
[00356876] 2 | 5 7 4 1 10 3 6 11 0 8 6 _ 
[00356877] 2 | 9 7 4 1 10 3 6 11 0 8 6 _ 
[00356878] 4 | _ 7 _ 1 10 3 _ 11 0 8 6 2 
[00356879] 3 | 4 7 _ 1 10 3 _ 11 0 8 6 2 
[00356880] 2 | 4 7 5 1 10 3 _ 11 0 8 6 2 
[00356881] 1 | 4 7 5 1 10 3 9 11 0 8 6 2  *Graceful*
[00356881] 2 | 4 7 9 1 10 3 _ 11 0 8 6 2 
[00356882] 3 | 10 7 _ 1 10 3 _ 11 0 8 6 2 
[00356883] 2 | 10 7 5 1 10 3 _ 11 0 8 6 2 
[00356884] 2 | 10 7 9 1 10 3 _ 11 0 8 6 2 
[00356885] 3 | _ 7 4 1 10 3 _ 11 0 8 6 2 
[00356886] 2 | 5 7 4 1 10 3 _ 11 0 8 6 2 
[00356887] 1 | 5 7 4 1 10 3 9 11 0 8 6 2  *Graceful*
[00356887] 2 | 9 7 4 1 10 3 _ 11 0 8 6 2 
[00356888] 3 | _ 7 10 1 10 3 _ 11 0 8 6 2 
[00356889] 2 | 5 7 10 1 10 3 _ 11 0 8 6 2 
[00356890] 2 | 9 7 10 1 10 3 _ 11 0 8 6 2 
[00356891] 3 | _ 7 _ 1 10 3 7 11 0 8 6 2 
[00356892] 4 | _ 7 _ 1 10 3 _ 11 0 8 6 10 
[00356893] 3 | 4 7 _ 1 10 3 _ 11 0 8 6 10 
[00356894] 2 | 4 7 5 1 10 3 _ 11 0 8 6 10 
[00356895] 2 | 4 7 9 1 10 3 _ 11 0 8 6 10 
[00356896] 3 | _ 7 4 1 10 3 _ 11 0 8 6 10 
[00356897] 2 | 5 7 4 1 10 3 _ 11 0 8 6 10 
[00356898] 2 | 9 7 4 1 10 3 _ 11 0 8 6 10 
[00356899] 5 | _ 7 _ 1 10 3 _ 11 0 8 4 9 
[00356900] 4 | _ 7 _ 1 10 3 6 11 0 8 4 9 
[00356901] 5 | _ 7 _ 1 10 3 _ 11 0 8 9 4 
[00356902] 4 | _ 7 _ 1 10 3 6 11 0 8 9 4 
[00356903] 6 | _ _ _ 1 10 3 4 11 0 8 _ _ 
[00356904] 5 | 2 7 _ 1 10 3 4 11 0 8 _ _ 
[00356905] 5 | 7 2 _ 1 10 3 4 11 0 8 _ _ 
[00356906] 4 | 7 2 6 1 10 3 4 11 0 8 _ _ 
[00356907] 4 | 7 2 _ 1 10 3 4 11 0 8 5 9 
[00356908] 4 | 7 2 _ 1 10 3 4 11 0 8 9 5 
[00356909] 5 | _ 2 7 1 10 3 4 11 0 8 _ _ 
[00356910] 4 | 6 2 7 1 10 3 4 11 0 8 _ _ 
[00356911] 4 | _ 2 7 1 10 3 4 11 0 8 5 9 
[00356912] 4 | _ 2 7 1 10 3 4 11 0 8 9 5 
[00356913] 5 | _ 7 2 1 10 3 4 11 0 8 _ _ 
[00356914] 5 | _ 6 _ 1 10 3 4 11 0 8 _ _ 
[00356915] 4 | 2 6 _ 1 10 3 4 11 0 8 _ _ 
[00356916] 3 | 2 6 9 1 10 3 4 11 0 8 _ _ 
[00356917] 2 | 2 6 9 1 10 3 4 11 0 8 5 7 
[00356918] 2 | 2 6 9 1 10 3 4 11 0 8 7 5 
[00356919] 4 | _ 6 2 1 10 3 4 11 0 8 _ _ 
[00356920] 3 | 9 6 2 1 10 3 4 11 0 8 _ _ 
[00356921] 2 | 9 6 2 1 10 3 4 11 0 8 5 7 
[00356922] 2 | 9 6 2 1 10 3 4 11 0 8 7 5 
[00356923] 4 | _ 6 _ 1 10 3 4 11 0 8 7 _ 
[00356924] 3 | 9 6 _ 1 10 3 4 11 0 8 7 _ 
[00356925] 2 | 9 6 _ 1 10 3 4 11 0 8 7 5 
[00356926] 3 | _ 6 9 1 10 3 4 11 0 8 7 _ 
[00356927] 2 | _ 6 9 1 10 3 4 11 0 8 7 5 
[00356928] 4 | _ 6 _ 1 10 3 4 11 0 8 5 9 
[00356929] 4 | _ 6 _ 1 10 3 4 11 0 8 9 5 
[00356930] 5 | _ _ _ 1 10 3 4 11 0 8 6 _ 
[00356931] 4 | 5 9 _ 1 10 3 4 11 0 8 6 _ 
[00356932] 4 | 9 5 _ 1 10 3 4 11 0 8 6 _ 
[00356933] 4 | _ 5 9 1 10 3 4 11 0 8 6 _ 
[00356934] 4 | _ 9 5 1 10 3 4 11 0 8 6 _ 
[00356935] 4 | _ 5 _ 1 10 3 4 11 0 8 6 _ 
[00356936] 3 | 2 5 _ 1 10 3 4 11 0 8 6 _ 
[00356937] 2 | 2 5 7 1 10 3 4 11 0 8 6 _ 
[00356938] 3 | _ 5 2 1 10 3 4 11 0 8 6 _ 
[00356939] 2 | 7 5 2 1 10 3 4 11 0 8 6 _ 
[00356940] 3 | _ 5 _ 1 10 3 4 11 0 8 6 9 
[00356941] 2 | 7 5 _ 1 10 3 4 11 0 8 6 9 
[00356942] 2 | _ 5 7 1 10 3 4 11 0 8 6 9 
[00356943] 4 | _ _ _ 1 10 3 4 11 0 8 6 2 
[00356944] 5 | _ _ _ 1 10 3 4 11 0 8 2 7 
[00356945] 4 | 5 9 _ 1 10 3 4 11 0 8 2 7 
[00356946] 4 | 9 5 _ 1 10 3 4 11 0 8 2 7 
[00356947] 4 | _ 5 9 1 10 3 4 11 0 8 2 7 
[00356948] 4 | _ 9 5 1 10 3 4 11 0 8 2 7 
[00356949] 4 | _ 5 _ 1 10 3 4 11 0 8 2 7 
[00356950] 5 | _ _ _ 1 10 3 4 11 0 8 7 2 
[00356951] 4 | 5 9 _ 1 10 3 4 11 0 8 7 2 
[00356952] 4 | 9 5 _ 1 10 3 4 11 0 8 7 2 
[00356953] 4 | _ 5 9 1 10 3 4 11 0 8 7 2 
[00356954] 4 | _ 9 5 1 10 3 4 11 0 8 7 2 
[00356955] 4 | _ 5 _ 1 10 3 4 11 0 8 7 2 
[00356956] 6 | _ _ _ 1 10 3 _ 11 0 8 5 _ 
[00356957] 5 | 2 7 _ 1 10 3 _ 11 0 8 5 _ 
[00356958] 5 | 4 9 _ 1 10 3 _ 11 0 8 5 _ 
[00356959] 5 | 7 2 _ 1 10 3 _ 11 0 8 5 _ 
[00356960] 4 | 7 2 6 1 10 3 _ 11 0 8 5 _ 
[00356961] 4 | 7 2 _ 1 10 3 6 11 0 8 5 _ 
[00356962] 3 | 7 2 5 1 10 3 6 11 0 8 5 _ 
[00356963] 3 | 7 2 _ 1 10 3 6 11 0 8 5 2 
[00356964] 4 | 7 2 _ 1 10 3 _ 11 0 8 5 9 
[00356965] 5 | 9 4 _ 1 10 3 _ 11 0 8 5 _ 
[00356966] 4 | 9 4 _ 1 10 3 6 11 0 8 5 _ 
[00356967] 3 | 9 4 7 1 10 3 6 11 0 8 5 _ 
[00356968] 3 | 9 4 _ 1 10 3 6 11 0 8 5 2 
[00356969] 5 | _ 2 7 1 10 3 _ 11 0 8 5 _ 
[00356970] 4 | 6 2 7 1 10 3 _ 11 0 8 5 _ 
[00356971] 4 | _ 2 7 1 10 3 6 11 0 8 5 _ 
[00356972] 3 | 5 2 7 1 10 3 6 11 0 8 5 _ 
[00356973] 3 | _ 2 7 1 10 3 6 11 0 8 5 2 
[00356974] 4 | _ 2 7 1 10 3 _ 11 0 8 5 9 
[00356975] 5 | _ 4 9 1 10 3 _ 11 0 8 5 _ 
[00356976] 4 | _ 4 9 1 10 3 6 11 0 8 5 _ 
[00356977] 3 | 7 4 9 1 10 3 6 11 0 8 5 _ 
[00356978] 3 | _ 4 9 1 10 3 6 11 0 8 5 2 
[00356979] 5 | _ 7 2 1 10 3 _ 11 0 8 5 _ 
[00356980] 5 | _ 9 4 1 10 3 _ 11 0 8 5 _ 
[00356981] 5 | _ 6 _ 1 10 3 _ 11 0 8 5 _ 
[00356982] 4 | 2 6 _ 1 10 3 _ 11 0 8 5 _ 
[00356983] 3 | 2 6 9 1 10 3 _ 11 0 8 5 _ 
[00356984] 2 | 2 6 9 1 10 3 _ 11 0 8 5 7 
[00356985] 3 | 2 6 _ 1 10 3 7 11 0 8 5 _ 
[00356986] 2 | 2 6 4 1 10 3 7 11 0 8 5 _ 
[00356987] 4 | 10 6 _ 1 10 3 _ 11 0 8 5 _ 
[00356988] 3 | 10 6 9 1 10 3 _ 11 0 8 5 _ 
[00356989] 2 | 10 6 9 1 10 3 _ 11 0 8 5 7 
[00356990] 3 | 10 6 _ 1 10 3 _ 11 0 8 5 2 
[00356991] 2 | 10 6 4 1 10 3 _ 11 0 8 5 2 
[00356992] 4 | _ 6 2 1 10 3 _ 11 0 8 5 _ 
[00356993] 3 | 9 6 2 1 10 3 _ 11 0 8 5 _ 
[00356994] 2 | 9 6 2 1 10 3 _ 11 0 8 5 7 
[00356995] 3 | _ 6 2 1 10 3 7 11 0 8 5 _ 
[00356996] 2 | 4 6 2 1 10 3 7 11 0 8 5 _ 
[00356997] 4 | _ 6 10 1 10 3 _ 11 0 8 5 _ 
[00356998] 3 | 9 6 10 1 10 3 _ 11 0 8 5 _ 
[00356999] 2 | 9 6 10 1 10 3 _ 11 0 8 5 7 
[00357000] 3 | _ 6 10 1 10 3 _ 11 0 8 5 2 
[00357001] 2 | 4 6 10 1 10 3 _ 11 0 8 5 2 
[00357002] 4 | _ 6 _ 1 10 3 6 11 0 8 5 _ 
[00357003] 3 | _ 6 _ 1 10 3 6 11 0 8 5 2 
[00357004] 4 | _ 6 _ 1 10 3 _ 11 0 8 5 9 
[00357005] 3 | _ 6 _ 1 10 3 7 11 0 8 5 9 
[00357006] 2 | 4 6 _ 1 10 3 7 11 0 8 5 9 
[00357007] 2 | _ 6 4 1 10 3 7 11 0 8 5 9 
[00357008] 5 | _ _ _ 1 10 3 5 11 0 8 5 _ 
[00357009] 4 | 2 6 _ 1 10 3 5 11 0 8 5 _ 
[00357010] 4 | 6 2 _ 1 10 3 5 11 0 8 5 _ 
[00357011] 4 | _ 2 6 1 10 3 5 11 0 8 5 _ 
