[00336670] 2 | 9 2 8 10 1 6 3 0 11 _ 4 7 
[00336671] 4 | 9 2 8 10 1 6 _ 0 11 _ 3 7 
[00336672] 3 | 9 2 8 10 1 6 4 0 11 _ 3 7 
[00336673] 4 | 9 2 8 10 1 6 _ 0 11 _ 7 3 
[00336674] 3 | 9 2 8 10 1 6 4 0 11 _ 7 3 
[00336675] 5 | 9 2 8 10 1 _ 6 0 11 _ _ _ 
[00336676] 4 | 9 2 8 10 1 5 6 0 11 _ _ _ 
[00336677] 3 | 9 2 8 10 1 5 6 0 11 _ 3 _ 
[00336678] 3 | 9 2 8 10 1 5 6 0 11 _ 4 7 
[00336679] 3 | 9 2 8 10 1 5 6 0 11 _ 7 4 
[00336680] 4 | 9 2 8 10 1 _ 6 0 11 7 _ _ 
[00336681] 3 | 9 2 8 10 1 4 6 0 11 7 _ _ 
[00336682] 2 | 9 2 8 10 1 4 6 0 11 7 3 5 
[00336683] 2 | 9 2 8 10 1 4 6 0 11 7 5 3 
[00336684] 3 | 9 2 8 10 1 _ 6 0 11 7 3 _ 
[00336685] 2 | 9 2 8 10 1 3 6 0 11 7 3 _ 
[00336686] 2 | 9 2 8 10 1 _ 6 0 11 7 3 1 
[00336687] 2 | 9 2 8 10 1 _ 6 0 11 7 3 5 
[00336688] 4 | 9 2 8 10 1 _ 6 0 11 _ 4 _ 
[00336689] 3 | 9 2 8 10 1 4 6 0 11 _ 4 _ 
[00336690] 3 | 9 2 8 10 1 _ 6 0 11 _ 4 1 
[00336691] 3 | 9 2 8 10 1 _ 6 0 11 _ 4 7 
[00336692] 2 | 9 2 8 10 1 3 6 0 11 _ 4 7 
[00336693] 4 | 9 2 8 10 1 _ 6 0 11 _ 3 7 
[00336694] 3 | 9 2 8 10 1 4 6 0 11 _ 3 7 
[00336695] 4 | 9 2 8 10 1 _ 6 0 11 _ 7 3 
[00336696] 3 | 9 2 8 10 1 4 6 0 11 _ 7 3 
[00336697] 5 | 9 2 8 10 1 _ _ 0 11 6 _ _ 
[00336698] 4 | 9 2 8 10 1 5 _ 0 11 6 _ _ 
[00336699] 3 | 9 2 8 10 1 5 4 0 11 6 _ _ 
[00336700] 3 | 9 2 8 10 1 5 _ 0 11 6 3 _ 
[00336701] 2 | 9 2 8 10 1 5 3 0 11 6 3 _ 
[00336702] 2 | 9 2 8 10 1 5 _ 0 11 6 3 1 
[00336703] 3 | 9 2 8 10 1 5 _ 0 11 6 4 7 
[00336704] 2 | 9 2 8 10 1 5 3 0 11 6 4 7 
[00336705] 3 | 9 2 8 10 1 5 _ 0 11 6 7 4 
[00336706] 2 | 9 2 8 10 1 5 3 0 11 6 7 4 
[00336707] 4 | 9 2 8 10 1 _ 5 0 11 6 _ _ 
[00336708] 3 | 9 2 8 10 1 4 5 0 11 6 _ _ 
[00336709] 3 | 9 2 8 10 1 _ 5 0 11 6 3 _ 
[00336710] 2 | 9 2 8 10 1 3 5 0 11 6 3 _ 
[00336711] 2 | 9 2 8 10 1 _ 5 0 11 6 3 1 
[00336712] 3 | 9 2 8 10 1 _ 5 0 11 6 4 7 
[00336713] 2 | 9 2 8 10 1 3 5 0 11 6 4 7 
[00336714] 3 | 9 2 8 10 1 _ 5 0 11 6 7 4 
[00336715] 2 | 9 2 8 10 1 3 5 0 11 6 7 4 
[00336716] 4 | 9 2 8 10 1 _ _ 0 11 6 4 _ 
[00336717] 3 | 9 2 8 10 1 4 _ 0 11 6 4 _ 
[00336718] 2 | 9 2 8 10 1 4 3 0 11 6 4 _ 
[00336719] 3 | 9 2 8 10 1 _ 4 0 11 6 4 _ 
[00336720] 2 | 9 2 8 10 1 3 4 0 11 6 4 _ 
[00336721] 3 | 9 2 8 10 1 _ _ 0 11 6 4 1 
[00336722] 3 | 9 2 8 10 1 _ _ 0 11 6 4 7 
[00336723] 2 | 9 2 8 10 1 3 _ 0 11 6 4 7 
[00336724] 2 | 9 2 8 10 1 _ 3 0 11 6 4 7 
[00336725] 4 | 9 2 8 10 1 _ _ 0 11 6 3 7 
[00336726] 3 | 9 2 8 10 1 4 _ 0 11 6 3 7 
[00336727] 3 | 9 2 8 10 1 _ 4 0 11 6 3 7 
[00336728] 4 | 9 2 8 10 1 _ _ 0 11 6 7 3 
[00336729] 3 | 9 2 8 10 1 4 _ 0 11 6 7 3 
[00336730] 3 | 9 2 8 10 1 _ 4 0 11 6 7 3 
[00336731] 5 | 9 2 8 10 1 _ _ 0 11 _ 5 _ 
[00336732] 4 | 9 2 8 10 1 5 _ 0 11 _ 5 _ 
[00336733] 3 | 9 2 8 10 1 5 4 0 11 _ 5 _ 
[00336734] 4 | 9 2 8 10 1 _ 5 0 11 _ 5 _ 
[00336735] 3 | 9 2 8 10 1 4 5 0 11 _ 5 _ 
[00336736] 4 | 9 2 8 10 1 _ _ 0 11 7 5 _ 
[00336737] 3 | 9 2 8 10 1 4 _ 0 11 7 5 _ 
[00336738] 2 | 9 2 8 10 1 4 3 0 11 7 5 _ 
[00336739] 1 | 9 2 8 10 1 4 3 0 11 7 5 6  *Graceful*
[00336739] 2 | 9 2 8 10 1 4 _ 0 11 7 5 3 
[00336740] 3 | 9 2 8 10 1 _ 4 0 11 7 5 _ 
[00336741] 2 | 9 2 8 10 1 3 4 0 11 7 5 _ 
[00336742] 1 | 9 2 8 10 1 3 4 0 11 7 5 6  *Graceful*
[00336742] 2 | 9 2 8 10 1 _ 4 0 11 7 5 3 
[00336743] 4 | 9 2 8 10 1 _ _ 0 11 _ 5 1 
[00336744] 6 | 9 2 _ 10 1 7 _ 0 11 _ _ _ 
[00336745] 5 | 9 2 _ 10 1 7 6 0 11 _ _ _ 
[00336746] 4 | 9 2 _ 10 1 7 6 0 11 _ 4 _ 
[00336747] 3 | 9 2 5 10 1 7 6 0 11 _ 4 _ 
[00336748] 3 | 9 2 _ 10 1 7 6 0 11 8 4 _ 
[00336749] 2 | 9 2 4 10 1 7 6 0 11 8 4 _ 
[00336750] 2 | 9 2 _ 10 1 7 6 0 11 8 4 2 
[00336751] 4 | 9 2 _ 10 1 7 6 0 11 _ 4 8 
[00336752] 3 | 9 2 5 10 1 7 6 0 11 _ 4 8 
[00336753] 4 | 9 2 _ 10 1 7 6 0 11 _ 8 4 
[00336754] 3 | 9 2 5 10 1 7 6 0 11 _ 8 4 
[00336755] 5 | 9 2 _ 10 1 7 _ 0 11 6 _ _ 
[00336756] 4 | 9 2 _ 10 1 7 5 0 11 6 _ _ 
[00336757] 3 | 9 2 _ 10 1 7 5 0 11 6 3 _ 
[00336758] 2 | 9 2 4 10 1 7 5 0 11 6 3 _ 
[00336759] 4 | 9 2 _ 10 1 7 _ 0 11 6 4 _ 
[00336760] 3 | 9 2 5 10 1 7 _ 0 11 6 4 _ 
[00336761] 2 | 9 2 5 10 1 7 3 0 11 6 4 _ 
[00336762] 3 | 9 2 _ 10 1 7 4 0 11 6 4 _ 
[00336763] 3 | 9 2 _ 10 1 7 _ 0 11 6 4 1 
[00336764] 4 | 9 2 _ 10 1 7 _ 0 11 6 4 8 
[00336765] 3 | 9 2 5 10 1 7 _ 0 11 6 4 8 
[00336766] 2 | 9 2 5 10 1 7 3 0 11 6 4 8 
[00336767] 4 | 9 2 _ 10 1 7 _ 0 11 6 8 4 
[00336768] 3 | 9 2 5 10 1 7 _ 0 11 6 8 4 
[00336769] 2 | 9 2 5 10 1 7 3 0 11 6 8 4 
[00336770] 5 | 9 2 _ 10 1 7 _ 0 11 _ 5 _ 
[00336771] 4 | 9 2 6 10 1 7 _ 0 11 _ 5 _ 
[00336772] 3 | 9 2 6 10 1 7 4 0 11 _ 5 _ 
[00336773] 2 | 9 2 6 10 1 7 4 0 11 _ 5 3 
[00336774] 3 | 9 2 6 10 1 7 _ 0 11 8 5 _ 
[00336775] 2 | 9 2 6 10 1 7 3 0 11 8 5 _ 
[00336776] 1 | 9 2 6 10 1 7 3 0 11 8 5 4  *Graceful*
[00336776] 2 | 9 2 6 10 1 7 _ 0 11 8 5 3 
[00336777] 3 | 9 2 6 10 1 7 _ 0 11 _ 5 8 
[00336778] 2 | 9 2 6 10 1 7 3 0 11 _ 5 8 
[00336779] 4 | 9 2 _ 10 1 7 5 0 11 _ 5 _ 
[00336780] 3 | 9 2 _ 10 1 7 5 0 11 8 5 _ 
[00336781] 2 | 9 2 4 10 1 7 5 0 11 8 5 _ 
[00336782] 4 | 9 2 _ 10 1 7 _ 0 11 _ 5 1 
[00336783] 3 | 9 2 _ 10 1 7 _ 0 11 8 5 1 
[00336784] 2 | 9 2 4 10 1 7 _ 0 11 8 5 1 
[00336785] 5 | 9 2 _ 10 1 7 _ 0 11 _ 3 8 
[00336786] 4 | 9 2 6 10 1 7 _ 0 11 _ 3 8 
[00336787] 3 | 9 2 6 10 1 7 4 0 11 _ 3 8 
[00336788] 4 | 9 2 _ 10 1 7 5 0 11 _ 3 8 
[00336789] 5 | 9 2 _ 10 1 7 _ 0 11 _ 8 3 
[00336790] 4 | 9 2 6 10 1 7 _ 0 11 _ 8 3 
[00336791] 3 | 9 2 6 10 1 7 4 0 11 _ 8 3 
[00336792] 4 | 9 2 _ 10 1 7 5 0 11 _ 8 3 
[00336793] 6 | 9 2 _ 10 1 _ 7 0 11 _ _ _ 
[00336794] 5 | 9 2 _ 10 1 6 7 0 11 _ _ _ 
[00336795] 4 | 9 2 _ 10 1 6 7 0 11 _ 4 _ 
[00336796] 3 | 9 2 5 10 1 6 7 0 11 _ 4 _ 
[00336797] 3 | 9 2 _ 10 1 6 7 0 11 8 4 _ 
[00336798] 2 | 9 2 4 10 1 6 7 0 11 8 4 _ 
[00336799] 2 | 9 2 _ 10 1 6 7 0 11 8 4 2 
[00336800] 4 | 9 2 _ 10 1 6 7 0 11 _ 4 8 
[00336801] 3 | 9 2 5 10 1 6 7 0 11 _ 4 8 
[00336802] 4 | 9 2 _ 10 1 6 7 0 11 _ 8 4 
[00336803] 3 | 9 2 5 10 1 6 7 0 11 _ 8 4 
[00336804] 5 | 9 2 _ 10 1 _ 7 0 11 6 _ _ 
[00336805] 4 | 9 2 _ 10 1 5 7 0 11 6 _ _ 
[00336806] 3 | 9 2 _ 10 1 5 7 0 11 6 3 _ 
[00336807] 2 | 9 2 4 10 1 5 7 0 11 6 3 _ 
[00336808] 4 | 9 2 _ 10 1 _ 7 0 11 6 4 _ 
[00336809] 3 | 9 2 5 10 1 _ 7 0 11 6 4 _ 
[00336810] 2 | 9 2 5 10 1 3 7 0 11 6 4 _ 
[00336811] 3 | 9 2 _ 10 1 4 7 0 11 6 4 _ 
[00336812] 3 | 9 2 _ 10 1 _ 7 0 11 6 4 1 
[00336813] 4 | 9 2 _ 10 1 _ 7 0 11 6 4 8 
[00336814] 3 | 9 2 5 10 1 _ 7 0 11 6 4 8 
[00336815] 2 | 9 2 5 10 1 3 7 0 11 6 4 8 
[00336816] 4 | 9 2 _ 10 1 _ 7 0 11 6 8 4 
[00336817] 3 | 9 2 5 10 1 _ 7 0 11 6 8 4 
[00336818] 2 | 9 2 5 10 1 3 7 0 11 6 8 4 
[00336819] 5 | 9 2 _ 10 1 _ 7 0 11 _ 5 _ 
[00336820] 4 | 9 2 6 10 1 _ 7 0 11 _ 5 _ 
[00336821] 3 | 9 2 6 10 1 4 7 0 11 _ 5 _ 
[00336822] 2 | 9 2 6 10 1 4 7 0 11 _ 5 3 
[00336823] 3 | 9 2 6 10 1 _ 7 0 11 8 5 _ 
[00336824] 2 | 9 2 6 10 1 3 7 0 11 8 5 _ 
[00336825] 1 | 9 2 6 10 1 3 7 0 11 8 5 4  *Graceful*
[00336825] 2 | 9 2 6 10 1 _ 7 0 11 8 5 3 
[00336826] 3 | 9 2 6 10 1 _ 7 0 11 _ 5 8 
[00336827] 2 | 9 2 6 10 1 3 7 0 11 _ 5 8 
[00336828] 4 | 9 2 _ 10 1 5 7 0 11 _ 5 _ 
[00336829] 3 | 9 2 _ 10 1 5 7 0 11 8 5 _ 
[00336830] 2 | 9 2 4 10 1 5 7 0 11 8 5 _ 
[00336831] 4 | 9 2 _ 10 1 _ 7 0 11 _ 5 1 
[00336832] 3 | 9 2 _ 10 1 _ 7 0 11 8 5 1 
[00336833] 2 | 9 2 4 10 1 _ 7 0 11 8 5 1 
[00336834] 5 | 9 2 _ 10 1 _ 7 0 11 _ 3 8 
[00336835] 4 | 9 2 6 10 1 _ 7 0 11 _ 3 8 
[00336836] 3 | 9 2 6 10 1 4 7 0 11 _ 3 8 
[00336837] 4 | 9 2 _ 10 1 5 7 0 11 _ 3 8 
[00336838] 5 | 9 2 _ 10 1 _ 7 0 11 _ 8 3 
[00336839] 4 | 9 2 6 10 1 _ 7 0 11 _ 8 3 
[00336840] 3 | 9 2 6 10 1 4 7 0 11 _ 8 3 
[00336841] 4 | 9 2 _ 10 1 5 7 0 11 _ 8 3 
[00336842] 6 | 9 2 _ 10 1 _ _ 0 11 5 _ _ 
[00336843] 5 | 9 2 7 10 1 _ _ 0 11 5 _ _ 
[00336844] 4 | 9 2 7 10 1 _ _ 0 11 5 4 _ 
[00336845] 3 | 9 2 7 10 1 4 _ 0 11 5 4 _ 
[00336846] 2 | 9 2 7 10 1 4 3 0 11 5 4 _ 
[00336847] 3 | 9 2 7 10 1 _ 4 0 11 5 4 _ 
[00336848] 2 | 9 2 7 10 1 3 4 0 11 5 4 _ 
[00336849] 3 | 9 2 7 10 1 _ _ 0 11 5 4 1 
[00336850] 4 | 9 2 7 10 1 _ _ 0 11 5 4 8 
[00336851] 4 | 9 2 7 10 1 _ _ 0 11 5 8 4 
[00336852] 5 | 9 2 _ 10 1 6 _ 0 11 5 _ _ 
[00336853] 4 | 9 2 _ 10 1 6 _ 0 11 5 4 _ 
[00336854] 3 | 9 2 _ 10 1 6 4 0 11 5 4 _ 
[00336855] 3 | 9 2 _ 10 1 6 _ 0 11 5 4 1 
[00336856] 3 | 9 2 _ 10 1 6 _ 0 11 5 4 7 
[00336857] 2 | 9 2 _ 10 1 6 3 0 11 5 4 7 
[00336858] 4 | 9 2 _ 10 1 6 _ 0 11 5 3 7 
[00336859] 3 | 9 2 _ 10 1 6 4 0 11 5 3 7 
[00336860] 4 | 9 2 _ 10 1 6 _ 0 11 5 4 8 
[00336861] 4 | 9 2 _ 10 1 6 _ 0 11 5 7 3 
[00336862] 3 | 9 2 _ 10 1 6 4 0 11 5 7 3 
[00336863] 4 | 9 2 _ 10 1 6 _ 0 11 5 8 4 
[00336864] 5 | 9 2 _ 10 1 _ 6 0 11 5 _ _ 
[00336865] 4 | 9 2 _ 10 1 _ 6 0 11 5 4 _ 
[00336866] 3 | 9 2 _ 10 1 4 6 0 11 5 4 _ 
[00336867] 3 | 9 2 _ 10 1 _ 6 0 11 5 4 1 
[00336868] 3 | 9 2 _ 10 1 _ 6 0 11 5 4 7 
[00336869] 2 | 9 2 _ 10 1 3 6 0 11 5 4 7 
[00336870] 4 | 9 2 _ 10 1 _ 6 0 11 5 3 7 
[00336871] 3 | 9 2 _ 10 1 4 6 0 11 5 3 7 
[00336872] 4 | 9 2 _ 10 1 _ 6 0 11 5 4 8 
[00336873] 4 | 9 2 _ 10 1 _ 6 0 11 5 7 3 
[00336874] 3 | 9 2 _ 10 1 4 6 0 11 5 7 3 
[00336875] 4 | 9 2 _ 10 1 _ 6 0 11 5 8 4 
[00336876] 5 | 9 2 _ 10 1 _ _ 0 11 5 3 8 
[00336877] 4 | 9 2 6 10 1 _ _ 0 11 5 3 8 
[00336878] 3 | 9 2 6 10 1 4 _ 0 11 5 3 8 
[00336879] 3 | 9 2 6 10 1 _ 4 0 11 5 3 8 
[00336880] 5 | 9 2 _ 10 1 _ _ 0 11 5 8 3 
[00336881] 4 | 9 2 6 10 1 _ _ 0 11 5 8 3 
[00336882] 3 | 9 2 6 10 1 4 _ 0 11 5 8 3 
[00336883] 3 | 9 2 6 10 1 _ 4 0 11 5 8 3 
[00336884] 6 | 9 2 _ 10 1 _ _ 0 11 _ 6 _ 
[00336885] 5 | 9 2 7 10 1 _ _ 0 11 _ 6 _ 
[00336886] 4 | 9 2 7 10 1 5 _ 0 11 _ 6 _ 
[00336887] 3 | 9 2 7 10 1 5 4 0 11 _ 6 _ 
[00336888] 2 | 9 2 7 10 1 5 4 0 11 _ 6 8 
[00336889] 3 | 9 2 7 10 1 5 _ 0 11 8 6 _ 
[00336890] 2 | 9 2 7 10 1 5 3 0 11 8 6 _ 
[00336891] 2 | 9 2 7 10 1 5 _ 0 11 8 6 4 
[00336892] 3 | 9 2 7 10 1 5 _ 0 11 _ 6 3 
[00336893] 4 | 9 2 7 10 1 _ 5 0 11 _ 6 _ 
[00336894] 3 | 9 2 7 10 1 4 5 0 11 _ 6 _ 
[00336895] 2 | 9 2 7 10 1 4 5 0 11 _ 6 8 
[00336896] 3 | 9 2 7 10 1 _ 5 0 11 8 6 _ 
[00336897] 2 | 9 2 7 10 1 3 5 0 11 8 6 _ 
[00336898] 2 | 9 2 7 10 1 _ 5 0 11 8 6 4 
[00336899] 3 | 9 2 7 10 1 _ 5 0 11 _ 6 3 
[00336900] 5 | 9 2 _ 10 1 6 _ 0 11 _ 6 _ 
[00336901] 4 | 9 2 _ 10 1 6 5 0 11 _ 6 _ 
[00336902] 3 | 9 2 _ 10 1 6 5 0 11 8 6 _ 
[00336903] 2 | 9 2 4 10 1 6 5 0 11 8 6 _ 
[00336904] 4 | 9 2 _ 10 1 6 _ 0 11 7 6 _ 
[00336905] 3 | 9 2 5 10 1 6 _ 0 11 7 6 _ 
[00336906] 2 | 9 2 5 10 1 6 3 0 11 7 6 _ 
[00336907] 3 | 9 2 _ 10 1 6 4 0 11 7 6 _ 
[00336908] 5 | 9 2 _ 10 1 _ 6 0 11 _ 6 _ 
[00336909] 4 | 9 2 _ 10 1 5 6 0 11 _ 6 _ 
[00336910] 3 | 9 2 _ 10 1 5 6 0 11 8 6 _ 
[00336911] 2 | 9 2 4 10 1 5 6 0 11 8 6 _ 
[00336912] 4 | 9 2 _ 10 1 _ 6 0 11 7 6 _ 
[00336913] 3 | 9 2 5 10 1 _ 6 0 11 7 6 _ 
[00336914] 2 | 9 2 5 10 1 3 6 0 11 7 6 _ 
[00336915] 3 | 9 2 _ 10 1 4 6 0 11 7 6 _ 
[00336916] 5 | 9 2 _ 10 1 _ _ 0 11 6 6 _ 
[00336917] 4 | 9 2 _ 10 1 5 _ 0 11 6 6 _ 
[00336918] 3 | 9 2 _ 10 1 5 4 0 11 6 6 _ 
[00336919] 4 | 9 2 _ 10 1 _ 5 0 11 6 6 _ 
[00336920] 3 | 9 2 _ 10 1 4 5 0 11 6 6 _ 
[00336921] 5 | 9 2 _ 10 1 _ _ 0 11 _ 6 1 
[00336922] 4 | 9 2 _ 10 1 _ _ 0 11 7 6 1 
[00336923] 3 | 9 2 5 10 1 _ _ 0 11 7 6 1 
[00336924] 5 | 9 2 _ 10 1 _ _ 0 11 _ 6 11 
[00336925] 4 | 9 2 _ 10 1 5 _ 0 11 _ 6 11 
[00336926] 3 | 9 2 _ 10 1 5 4 0 11 _ 6 11 
[00336927] 4 | 9 2 _ 10 1 _ 5 0 11 _ 6 11 
[00336928] 3 | 9 2 _ 10 1 4 5 0 11 _ 6 11 
[00336929] 7 | _ 2 9 10 1 _ _ 0 11 _ _ _ 
[00336930] 6 | 8 2 9 10 1 _ _ 0 11 _ _ _ 
[00336931] 5 | 8 2 9 10 1 6 _ 0 11 _ _ _ 
[00336932] 4 | 8 2 9 10 1 6 5 0 11 _ _ _ 
[00336933] 3 | 8 2 9 10 1 6 5 0 11 _ 3 _ 
[00336934] 3 | 8 2 9 10 1 6 5 0 11 _ 4 7 
[00336935] 3 | 8 2 9 10 1 6 5 0 11 _ 7 4 
[00336936] 4 | 8 2 9 10 1 6 _ 0 11 7 _ _ 
[00336937] 3 | 8 2 9 10 1 6 4 0 11 7 _ _ 
[00336938] 2 | 8 2 9 10 1 6 4 0 11 7 3 5 
[00336939] 2 | 8 2 9 10 1 6 4 0 11 7 5 3 
[00336940] 3 | 8 2 9 10 1 6 _ 0 11 7 3 _ 
[00336941] 2 | 8 2 9 10 1 6 3 0 11 7 3 _ 
[00336942] 2 | 8 2 9 10 1 6 _ 0 11 7 3 1 
[00336943] 2 | 8 2 9 10 1 6 _ 0 11 7 3 5 
[00336944] 4 | 8 2 9 10 1 6 _ 0 11 _ 4 _ 
[00336945] 3 | 8 2 9 10 1 6 4 0 11 _ 4 _ 
[00336946] 3 | 8 2 9 10 1 6 _ 0 11 _ 4 1 
[00336947] 3 | 8 2 9 10 1 6 _ 0 11 _ 4 7 
[00336948] 2 | 8 2 9 10 1 6 3 0 11 _ 4 7 
[00336949] 4 | 8 2 9 10 1 6 _ 0 11 _ 3 7 
[00336950] 3 | 8 2 9 10 1 6 4 0 11 _ 3 7 
[00336951] 4 | 8 2 9 10 1 6 _ 0 11 _ 7 3 
[00336952] 3 | 8 2 9 10 1 6 4 0 11 _ 7 3 
[00336953] 5 | 8 2 9 10 1 _ 6 0 11 _ _ _ 
[00336954] 4 | 8 2 9 10 1 5 6 0 11 _ _ _ 
[00336955] 3 | 8 2 9 10 1 5 6 0 11 _ 3 _ 
[00336956] 3 | 8 2 9 10 1 5 6 0 11 _ 4 7 
[00336957] 3 | 8 2 9 10 1 5 6 0 11 _ 7 4 
[00336958] 4 | 8 2 9 10 1 _ 6 0 11 7 _ _ 
[00336959] 3 | 8 2 9 10 1 4 6 0 11 7 _ _ 
[00336960] 2 | 8 2 9 10 1 4 6 0 11 7 3 5 
[00336961] 2 | 8 2 9 10 1 4 6 0 11 7 5 3 
[00336962] 3 | 8 2 9 10 1 _ 6 0 11 7 3 _ 
[00336963] 2 | 8 2 9 10 1 3 6 0 11 7 3 _ 
[00336964] 2 | 8 2 9 10 1 _ 6 0 11 7 3 1 
[00336965] 2 | 8 2 9 10 1 _ 6 0 11 7 3 5 
[00336966] 4 | 8 2 9 10 1 _ 6 0 11 _ 4 _ 
[00336967] 3 | 8 2 9 10 1 4 6 0 11 _ 4 _ 
[00336968] 3 | 8 2 9 10 1 _ 6 0 11 _ 4 1 
[00336969] 3 | 8 2 9 10 1 _ 6 0 11 _ 4 7 
[00336970] 2 | 8 2 9 10 1 3 6 0 11 _ 4 7 
[00336971] 4 | 8 2 9 10 1 _ 6 0 11 _ 3 7 
[00336972] 3 | 8 2 9 10 1 4 6 0 11 _ 3 7 
[00336973] 4 | 8 2 9 10 1 _ 6 0 11 _ 7 3 
[00336974] 3 | 8 2 9 10 1 4 6 0 11 _ 7 3 
[00336975] 5 | 8 2 9 10 1 _ _ 0 11 6 _ _ 
[00336976] 4 | 8 2 9 10 1 5 _ 0 11 6 _ _ 
[00336977] 3 | 8 2 9 10 1 5 4 0 11 6 _ _ 
[00336978] 3 | 8 2 9 10 1 5 _ 0 11 6 3 _ 
[00336979] 2 | 8 2 9 10 1 5 3 0 11 6 3 _ 
[00336980] 2 | 8 2 9 10 1 5 _ 0 11 6 3 1 
[00336981] 3 | 8 2 9 10 1 5 _ 0 11 6 4 7 
[00336982] 2 | 8 2 9 10 1 5 3 0 11 6 4 7 
[00336983] 3 | 8 2 9 10 1 5 _ 0 11 6 7 4 
[00336984] 2 | 8 2 9 10 1 5 3 0 11 6 7 4 
[00336985] 4 | 8 2 9 10 1 _ 5 0 11 6 _ _ 
[00336986] 3 | 8 2 9 10 1 4 5 0 11 6 _ _ 
[00336987] 3 | 8 2 9 10 1 _ 5 0 11 6 3 _ 
[00336988] 2 | 8 2 9 10 1 3 5 0 11 6 3 _ 
[00336989] 2 | 8 2 9 10 1 _ 5 0 11 6 3 1 
[00336990] 3 | 8 2 9 10 1 _ 5 0 11 6 4 7 
[00336991] 2 | 8 2 9 10 1 3 5 0 11 6 4 7 
[00336992] 3 | 8 2 9 10 1 _ 5 0 11 6 7 4 
[00336993] 2 | 8 2 9 10 1 3 5 0 11 6 7 4 
[00336994] 4 | 8 2 9 10 1 _ _ 0 11 6 4 _ 
[00336995] 3 | 8 2 9 10 1 4 _ 0 11 6 4 _ 
[00336996] 2 | 8 2 9 10 1 4 3 0 11 6 4 _ 
[00336997] 3 | 8 2 9 10 1 _ 4 0 11 6 4 _ 
[00336998] 2 | 8 2 9 10 1 3 4 0 11 6 4 _ 
[00336999] 3 | 8 2 9 10 1 _ _ 0 11 6 4 1 
[00337000] 3 | 8 2 9 10 1 _ _ 0 11 6 4 7 
[00337001] 2 | 8 2 9 10 1 3 _ 0 11 6 4 7 
[00337002] 2 | 8 2 9 10 1 _ 3 0 11 6 4 7 
[00337003] 4 | 8 2 9 10 1 _ _ 0 11 6 3 7 
[00337004] 3 | 8 2 9 10 1 4 _ 0 11 6 3 7 
[00337005] 3 | 8 2 9 10 1 _ 4 0 11 6 3 7 
[00337006] 4 | 8 2 9 10 1 _ _ 0 11 6 7 3 
[00337007] 3 | 8 2 9 10 1 4 _ 0 11 6 7 3 
[00337008] 3 | 8 2 9 10 1 _ 4 0 11 6 7 3 
[00337009] 5 | 8 2 9 10 1 _ _ 0 11 _ 5 _ 
[00337010] 4 | 8 2 9 10 1 5 _ 0 11 _ 5 _ 
[00337011] 3 | 8 2 9 10 1 5 4 0 11 _ 5 _ 
[00337012] 4 | 8 2 9 10 1 _ 5 0 11 _ 5 _ 
[00337013] 3 | 8 2 9 10 1 4 5 0 11 _ 5 _ 
[00337014] 4 | 8 2 9 10 1 _ _ 0 11 7 5 _ 
[00337015] 3 | 8 2 9 10 1 4 _ 0 11 7 5 _ 
[00337016] 2 | 8 2 9 10 1 4 3 0 11 7 5 _ 
[00337017] 1 | 8 2 9 10 1 4 3 0 11 7 5 6  *Graceful*
[00337017] 2 | 8 2 9 10 1 4 _ 0 11 7 5 3 
[00337018] 3 | 8 2 9 10 1 _ 4 0 11 7 5 _ 
[00337019] 2 | 8 2 9 10 1 3 4 0 11 7 5 _ 
[00337020] 1 | 8 2 9 10 1 3 4 0 11 7 5 6  *Graceful*
[00337020] 2 | 8 2 9 10 1 _ 4 0 11 7 5 3 
[00337021] 4 | 8 2 9 10 1 _ _ 0 11 _ 5 1 
[00337022] 6 | _ 2 9 10 1 7 _ 0 11 _ _ _ 
[00337023] 5 | _ 2 9 10 1 7 6 0 11 _ _ _ 
[00337024] 4 | _ 2 9 10 1 7 6 0 11 _ 4 _ 
[00337025] 3 | 5 2 9 10 1 7 6 0 11 _ 4 _ 
[00337026] 3 | _ 2 9 10 1 7 6 0 11 8 4 _ 
[00337027] 2 | 4 2 9 10 1 7 6 0 11 8 4 _ 
[00337028] 2 | _ 2 9 10 1 7 6 0 11 8 4 2 
[00337029] 4 | _ 2 9 10 1 7 6 0 11 _ 4 8 
[00337030] 3 | 5 2 9 10 1 7 6 0 11 _ 4 8 
[00337031] 4 | _ 2 9 10 1 7 6 0 11 _ 8 4 
[00337032] 3 | 5 2 9 10 1 7 6 0 11 _ 8 4 
[00337033] 5 | _ 2 9 10 1 7 _ 0 11 6 _ _ 
[00337034] 4 | _ 2 9 10 1 7 5 0 11 6 _ _ 
[00337035] 3 | _ 2 9 10 1 7 5 0 11 6 3 _ 
[00337036] 2 | 4 2 9 10 1 7 5 0 11 6 3 _ 
[00337037] 4 | _ 2 9 10 1 7 _ 0 11 6 4 _ 
[00337038] 3 | 5 2 9 10 1 7 _ 0 11 6 4 _ 
[00337039] 2 | 5 2 9 10 1 7 3 0 11 6 4 _ 
[00337040] 3 | _ 2 9 10 1 7 4 0 11 6 4 _ 
[00337041] 3 | _ 2 9 10 1 7 _ 0 11 6 4 1 
[00337042] 4 | _ 2 9 10 1 7 _ 0 11 6 4 8 
[00337043] 3 | 5 2 9 10 1 7 _ 0 11 6 4 8 
[00337044] 2 | 5 2 9 10 1 7 3 0 11 6 4 8 
[00337045] 4 | _ 2 9 10 1 7 _ 0 11 6 8 4 
[00337046] 3 | 5 2 9 10 1 7 _ 0 11 6 8 4 
[00337047] 2 | 5 2 9 10 1 7 3 0 11 6 8 4 
[00337048] 5 | _ 2 9 10 1 7 _ 0 11 _ 5 _ 
[00337049] 4 | 6 2 9 10 1 7 _ 0 11 _ 5 _ 
[00337050] 3 | 6 2 9 10 1 7 4 0 11 _ 5 _ 
[00337051] 2 | 6 2 9 10 1 7 4 0 11 _ 5 3 
[00337052] 3 | 6 2 9 10 1 7 _ 0 11 8 5 _ 
[00337053] 2 | 6 2 9 10 1 7 3 0 11 8 5 _ 
[00337054] 1 | 6 2 9 10 1 7 3 0 11 8 5 4  *Graceful*
[00337054] 2 | 6 2 9 10 1 7 _ 0 11 8 5 3 
[00337055] 3 | 6 2 9 10 1 7 _ 0 11 _ 5 8 
[00337056] 2 | 6 2 9 10 1 7 3 0 11 _ 5 8 
[00337057] 4 | _ 2 9 10 1 7 5 0 11 _ 5 _ 
[00337058] 3 | _ 2 9 10 1 7 5 0 11 8 5 _ 
[00337059] 2 | 4 2 9 10 1 7 5 0 11 8 5 _ 
[00337060] 4 | _ 2 9 10 1 7 _ 0 11 _ 5 1 
[00337061] 3 | _ 2 9 10 1 7 _ 0 11 8 5 1 
[00337062] 2 | 4 2 9 10 1 7 _ 0 11 8 5 1 
[00337063] 5 | _ 2 9 10 1 7 _ 0 11 _ 3 8 
[00337064] 4 | 6 2 9 10 1 7 _ 0 11 _ 3 8 
[00337065] 3 | 6 2 9 10 1 7 4 0 11 _ 3 8 
[00337066] 4 | _ 2 9 10 1 7 5 0 11 _ 3 8 
[00337067] 5 | _ 2 9 10 1 7 _ 0 11 _ 8 3 
[00337068] 4 | 6 2 9 10 1 7 _ 0 11 _ 8 3 
[00337069] 3 | 6 2 9 10 1 7 4 0 11 _ 8 3 
[00337070] 4 | _ 2 9 10 1 7 5 0 11 _ 8 3 
[00337071] 6 | _ 2 9 10 1 _ 7 0 11 _ _ _ 
[00337072] 5 | _ 2 9 10 1 6 7 0 11 _ _ _ 
[00337073] 4 | _ 2 9 10 1 6 7 0 11 _ 4 _ 
[00337074] 3 | 5 2 9 10 1 6 7 0 11 _ 4 _ 
[00337075] 3 | _ 2 9 10 1 6 7 0 11 8 4 _ 
[00337076] 2 | 4 2 9 10 1 6 7 0 11 8 4 _ 
[00337077] 2 | _ 2 9 10 1 6 7 0 11 8 4 2 
[00337078] 4 | _ 2 9 10 1 6 7 0 11 _ 4 8 
[00337079] 3 | 5 2 9 10 1 6 7 0 11 _ 4 8 
[00337080] 4 | _ 2 9 10 1 6 7 0 11 _ 8 4 
[00337081] 3 | 5 2 9 10 1 6 7 0 11 _ 8 4 
[00337082] 5 | _ 2 9 10 1 _ 7 0 11 6 _ _ 
[00337083] 4 | _ 2 9 10 1 5 7 0 11 6 _ _ 
[00337084] 3 | _ 2 9 10 1 5 7 0 11 6 3 _ 
[00337085] 2 | 4 2 9 10 1 5 7 0 11 6 3 _ 
[00337086] 4 | _ 2 9 10 1 _ 7 0 11 6 4 _ 
[00337087] 3 | 5 2 9 10 1 _ 7 0 11 6 4 _ 
[00337088] 2 | 5 2 9 10 1 3 7 0 11 6 4 _ 
[00337089] 3 | _ 2 9 10 1 4 7 0 11 6 4 _ 
[00337090] 3 | _ 2 9 10 1 _ 7 0 11 6 4 1 
[00337091] 4 | _ 2 9 10 1 _ 7 0 11 6 4 8 
[00337092] 3 | 5 2 9 10 1 _ 7 0 11 6 4 8 
[00337093] 2 | 5 2 9 10 1 3 7 0 11 6 4 8 
[00337094] 4 | _ 2 9 10 1 _ 7 0 11 6 8 4 
[00337095] 3 | 5 2 9 10 1 _ 7 0 11 6 8 4 
[00337096] 2 | 5 2 9 10 1 3 7 0 11 6 8 4 
[00337097] 5 | _ 2 9 10 1 _ 7 0 11 _ 5 _ 
[00337098] 4 | 6 2 9 10 1 _ 7 0 11 _ 5 _ 
[00337099] 3 | 6 2 9 10 1 4 7 0 11 _ 5 _ 
[00337100] 2 | 6 2 9 10 1 4 7 0 11 _ 5 3 
[00337101] 3 | 6 2 9 10 1 _ 7 0 11 8 5 _ 
[00337102] 2 | 6 2 9 10 1 3 7 0 11 8 5 _ 
[00337103] 1 | 6 2 9 10 1 3 7 0 11 8 5 4  *Graceful*
[00337103] 2 | 6 2 9 10 1 _ 7 0 11 8 5 3 
[00337104] 3 | 6 2 9 10 1 _ 7 0 11 _ 5 8 
[00337105] 2 | 6 2 9 10 1 3 7 0 11 _ 5 8 
[00337106] 4 | _ 2 9 10 1 5 7 0 11 _ 5 _ 
[00337107] 3 | _ 2 9 10 1 5 7 0 11 8 5 _ 
[00337108] 2 | 4 2 9 10 1 5 7 0 11 8 5 _ 
[00337109] 4 | _ 2 9 10 1 _ 7 0 11 _ 5 1 
[00337110] 3 | _ 2 9 10 1 _ 7 0 11 8 5 1 
[00337111] 2 | 4 2 9 10 1 _ 7 0 11 8 5 1 
[00337112] 5 | _ 2 9 10 1 _ 7 0 11 _ 3 8 
[00337113] 4 | 6 2 9 10 1 _ 7 0 11 _ 3 8 
[00337114] 3 | 6 2 9 10 1 4 7 0 11 _ 3 8 
[00337115] 4 | _ 2 9 10 1 5 7 0 11 _ 3 8 
[00337116] 5 | _ 2 9 10 1 _ 7 0 11 _ 8 3 
[00337117] 4 | 6 2 9 10 1 _ 7 0 11 _ 8 3 
[00337118] 3 | 6 2 9 10 1 4 7 0 11 _ 8 3 
[00337119] 4 | _ 2 9 10 1 5 7 0 11 _ 8 3 
[00337120] 6 | _ 2 9 10 1 _ _ 0 11 5 _ _ 
[00337121] 5 | 7 2 9 10 1 _ _ 0 11 5 _ _ 
[00337122] 4 | 7 2 9 10 1 _ _ 0 11 5 4 _ 
[00337123] 3 | 7 2 9 10 1 4 _ 0 11 5 4 _ 
[00337124] 2 | 7 2 9 10 1 4 3 0 11 5 4 _ 
[00337125] 3 | 7 2 9 10 1 _ 4 0 11 5 4 _ 
[00337126] 2 | 7 2 9 10 1 3 4 0 11 5 4 _ 
[00337127] 3 | 7 2 9 10 1 _ _ 0 11 5 4 1 
[00337128] 4 | 7 2 9 10 1 _ _ 0 11 5 4 8 
[00337129] 4 | 7 2 9 10 1 _ _ 0 11 5 8 4 
[00337130] 5 | _ 2 9 10 1 6 _ 0 11 5 _ _ 
[00337131] 4 | _ 2 9 10 1 6 _ 0 11 5 4 _ 
[00337132] 3 | _ 2 9 10 1 6 4 0 11 5 4 _ 
[00337133] 3 | _ 2 9 10 1 6 _ 0 11 5 4 1 
[00337134] 3 | _ 2 9 10 1 6 _ 0 11 5 4 7 
[00337135] 2 | _ 2 9 10 1 6 3 0 11 5 4 7 
[00337136] 4 | _ 2 9 10 1 6 _ 0 11 5 3 7 
[00337137] 3 | _ 2 9 10 1 6 4 0 11 5 3 7 
[00337138] 4 | _ 2 9 10 1 6 _ 0 11 5 4 8 
[00337139] 4 | _ 2 9 10 1 6 _ 0 11 5 7 3 
[00337140] 3 | _ 2 9 10 1 6 4 0 11 5 7 3 
[00337141] 4 | _ 2 9 10 1 6 _ 0 11 5 8 4 
[00337142] 5 | _ 2 9 10 1 _ 6 0 11 5 _ _ 
[00337143] 4 | _ 2 9 10 1 _ 6 0 11 5 4 _ 
[00337144] 3 | _ 2 9 10 1 4 6 0 11 5 4 _ 
[00337145] 3 | _ 2 9 10 1 _ 6 0 11 5 4 1 
[00337146] 3 | _ 2 9 10 1 _ 6 0 11 5 4 7 
[00337147] 2 | _ 2 9 10 1 3 6 0 11 5 4 7 
[00337148] 4 | _ 2 9 10 1 _ 6 0 11 5 3 7 
[00337149] 3 | _ 2 9 10 1 4 6 0 11 5 3 7 
[00337150] 4 | _ 2 9 10 1 _ 6 0 11 5 4 8 
[00337151] 4 | _ 2 9 10 1 _ 6 0 11 5 7 3 
[00337152] 3 | _ 2 9 10 1 4 6 0 11 5 7 3 
[00337153] 4 | _ 2 9 10 1 _ 6 0 11 5 8 4 
[00337154] 5 | _ 2 9 10 1 _ _ 0 11 5 3 8 
[00337155] 4 | 6 2 9 10 1 _ _ 0 11 5 3 8 
[00337156] 3 | 6 2 9 10 1 4 _ 0 11 5 3 8 
[00337157] 3 | 6 2 9 10 1 _ 4 0 11 5 3 8 
[00337158] 5 | _ 2 9 10 1 _ _ 0 11 5 8 3 
[00337159] 4 | 6 2 9 10 1 _ _ 0 11 5 8 3 
[00337160] 3 | 6 2 9 10 1 4 _ 0 11 5 8 3 
[00337161] 3 | 6 2 9 10 1 _ 4 0 11 5 8 3 
