[00214107] 4 | 2 10 _ 0 9 5 4 11 4 _ 5 _ 
[00214108] 3 | 2 10 7 0 9 5 4 11 4 _ 5 _ 
[00214109] 4 | 2 10 _ 0 9 _ 4 11 4 _ 5 1 
[00214110] 3 | 2 10 7 0 9 _ 4 11 4 _ 5 1 
[00214111] 3 | 2 10 _ 0 9 6 4 11 4 _ 5 1 
[00214112] 2 | 2 10 8 0 9 6 4 11 4 _ 5 1 
[00214113] 4 | 2 10 _ 0 9 _ 4 11 4 _ 5 9 
[00214114] 3 | 2 10 7 0 9 _ 4 11 4 _ 5 9 
[00214115] 5 | 2 10 _ 0 9 _ _ 11 4 9 5 _ 
[00214116] 4 | 2 10 6 0 9 _ _ 11 4 9 5 _ 
[00214117] 3 | 2 10 6 0 9 _ _ 11 4 9 5 8 
[00214118] 4 | 2 10 _ 0 9 _ _ 11 4 9 5 1 
[00214119] 3 | 2 10 7 0 9 _ _ 11 4 9 5 1 
[00214120] 5 | 2 10 _ 0 9 _ _ 11 4 _ 5 10 
[00214121] 4 | 2 10 _ 0 9 _ _ 11 4 8 5 10 
[00214122] 3 | 2 10 _ 0 9 6 _ 11 4 8 5 10 
[00214123] 2 | 2 10 _ 0 9 6 7 11 4 8 5 10 
[00214124] 3 | 2 10 _ 0 9 _ 6 11 4 8 5 10 
[00214125] 2 | 2 10 _ 0 9 7 6 11 4 8 5 10 
[00214126] 6 | 2 10 _ 0 9 _ _ 11 4 _ 1 7 
[00214127] 5 | 2 10 5 0 9 _ _ 11 4 _ 1 7 
[00214128] 4 | 2 10 5 0 9 _ _ 11 4 8 1 7 
[00214129] 3 | 2 10 5 0 9 6 _ 11 4 8 1 7 
[00214130] 3 | 2 10 5 0 9 _ 6 11 4 8 1 7 
[00214131] 5 | 2 10 _ 0 9 4 _ 11 4 _ 1 7 
[00214132] 4 | 2 10 6 0 9 4 _ 11 4 _ 1 7 
[00214133] 4 | 2 10 _ 0 9 4 5 11 4 _ 1 7 
[00214134] 5 | 2 10 _ 0 9 _ 4 11 4 _ 1 7 
[00214135] 4 | 2 10 6 0 9 _ 4 11 4 _ 1 7 
[00214136] 4 | 2 10 _ 0 9 5 4 11 4 _ 1 7 
[00214137] 5 | 2 10 _ 0 9 _ _ 11 4 9 1 7 
[00214138] 4 | 2 10 6 0 9 _ _ 11 4 9 1 7 
[00214139] 6 | 2 10 _ 0 9 _ _ 11 4 _ 7 1 
[00214140] 5 | 2 10 5 0 9 _ _ 11 4 _ 7 1 
[00214141] 4 | 2 10 5 0 9 _ _ 11 4 8 7 1 
[00214142] 3 | 2 10 5 0 9 6 _ 11 4 8 7 1 
[00214143] 3 | 2 10 5 0 9 _ 6 11 4 8 7 1 
[00214144] 5 | 2 10 _ 0 9 4 _ 11 4 _ 7 1 
[00214145] 4 | 2 10 6 0 9 4 _ 11 4 _ 7 1 
[00214146] 4 | 2 10 _ 0 9 4 5 11 4 _ 7 1 
[00214147] 5 | 2 10 _ 0 9 _ 4 11 4 _ 7 1 
[00214148] 4 | 2 10 6 0 9 _ 4 11 4 _ 7 1 
[00214149] 4 | 2 10 _ 0 9 5 4 11 4 _ 7 1 
[00214150] 5 | 2 10 _ 0 9 _ _ 11 4 9 7 1 
[00214151] 4 | 2 10 6 0 9 _ _ 11 4 9 7 1 
[00214152] 7 | 2 10 _ 0 9 _ _ 11 1 8 _ _ 
[00214153] 6 | 2 10 4 0 9 _ _ 11 1 8 _ _ 
[00214154] 5 | 2 10 4 0 9 _ _ 11 1 8 6 _ 
[00214155] 4 | 2 10 4 0 9 5 _ 11 1 8 6 _ 
[00214156] 3 | 2 10 4 0 9 5 6 11 1 8 6 _ 
[00214157] 3 | 2 10 4 0 9 5 _ 11 1 8 6 3 
[00214158] 2 | 2 10 4 0 9 5 7 11 1 8 6 3 
[00214159] 3 | 2 10 4 0 9 5 _ 11 1 8 6 9 
[00214160] 4 | 2 10 4 0 9 _ 5 11 1 8 6 _ 
[00214161] 3 | 2 10 4 0 9 6 5 11 1 8 6 _ 
[00214162] 3 | 2 10 4 0 9 _ 5 11 1 8 6 3 
[00214163] 2 | 2 10 4 0 9 7 5 11 1 8 6 3 
[00214164] 3 | 2 10 4 0 9 _ 5 11 1 8 6 9 
[00214165] 6 | 2 10 _ 0 9 3 _ 11 1 8 _ _ 
[00214166] 5 | 2 10 5 0 9 3 _ 11 1 8 _ _ 
[00214167] 4 | 2 10 5 0 9 3 _ 11 1 8 7 _ 
[00214168] 3 | 2 10 5 0 9 3 6 11 1 8 7 _ 
[00214169] 3 | 2 10 5 0 9 3 _ 11 1 8 7 4 
[00214170] 5 | 2 10 _ 0 9 3 4 11 1 8 _ _ 
[00214171] 4 | 2 10 6 0 9 3 4 11 1 8 _ _ 
[00214172] 4 | 2 10 _ 0 9 3 4 11 1 8 7 _ 
[00214173] 3 | 2 10 7 0 9 3 4 11 1 8 7 _ 
[00214174] 3 | 2 10 _ 0 9 3 4 11 1 8 7 10 
[00214175] 5 | 2 10 _ 0 9 3 _ 11 1 8 6 _ 
[00214176] 4 | 2 10 6 0 9 3 _ 11 1 8 6 _ 
[00214177] 4 | 2 10 _ 0 9 3 5 11 1 8 6 _ 
[00214178] 3 | 2 10 7 0 9 3 5 11 1 8 6 _ 
[00214179] 2 | 2 10 7 0 9 3 5 11 1 8 6 4 
[00214180] 4 | 2 10 _ 0 9 3 _ 11 1 8 6 10 
[00214181] 6 | 2 10 _ 0 9 _ 3 11 1 8 _ _ 
[00214182] 5 | 2 10 5 0 9 _ 3 11 1 8 _ _ 
[00214183] 4 | 2 10 5 0 9 _ 3 11 1 8 7 _ 
[00214184] 3 | 2 10 5 0 9 6 3 11 1 8 7 _ 
[00214185] 3 | 2 10 5 0 9 _ 3 11 1 8 7 4 
[00214186] 5 | 2 10 _ 0 9 4 3 11 1 8 _ _ 
[00214187] 4 | 2 10 6 0 9 4 3 11 1 8 _ _ 
[00214188] 4 | 2 10 _ 0 9 4 3 11 1 8 7 _ 
[00214189] 3 | 2 10 7 0 9 4 3 11 1 8 7 _ 
[00214190] 3 | 2 10 _ 0 9 4 3 11 1 8 7 10 
[00214191] 5 | 2 10 _ 0 9 _ 3 11 1 8 6 _ 
[00214192] 4 | 2 10 6 0 9 _ 3 11 1 8 6 _ 
[00214193] 4 | 2 10 _ 0 9 5 3 11 1 8 6 _ 
[00214194] 3 | 2 10 7 0 9 5 3 11 1 8 6 _ 
[00214195] 2 | 2 10 7 0 9 5 3 11 1 8 6 4 
[00214196] 4 | 2 10 _ 0 9 _ 3 11 1 8 6 10 
[00214197] 6 | 2 10 _ 0 9 _ _ 11 1 8 5 _ 
[00214198] 5 | 2 10 5 0 9 _ _ 11 1 8 5 _ 
[00214199] 5 | 2 10 _ 0 9 4 _ 11 1 8 5 _ 
[00214200] 4 | 2 10 6 0 9 4 _ 11 1 8 5 _ 
[00214201] 4 | 2 10 _ 0 9 4 5 11 1 8 5 _ 
[00214202] 3 | 2 10 7 0 9 4 5 11 1 8 5 _ 
[00214203] 4 | 2 10 _ 0 9 4 _ 11 1 8 5 9 
[00214204] 3 | 2 10 7 0 9 4 _ 11 1 8 5 9 
[00214205] 5 | 2 10 _ 0 9 _ 4 11 1 8 5 _ 
[00214206] 4 | 2 10 6 0 9 _ 4 11 1 8 5 _ 
[00214207] 4 | 2 10 _ 0 9 5 4 11 1 8 5 _ 
[00214208] 3 | 2 10 7 0 9 5 4 11 1 8 5 _ 
[00214209] 4 | 2 10 _ 0 9 _ 4 11 1 8 5 9 
[00214210] 3 | 2 10 7 0 9 _ 4 11 1 8 5 9 
[00214211] 5 | 2 10 _ 0 9 _ _ 11 1 8 5 10 
[00214212] 7 | 2 10 _ 0 9 _ _ 11 8 1 _ _ 
[00214213] 6 | 2 10 4 0 9 _ _ 11 8 1 _ _ 
[00214214] 5 | 2 10 4 0 9 _ _ 11 8 1 6 _ 
[00214215] 4 | 2 10 4 0 9 5 _ 11 8 1 6 _ 
[00214216] 3 | 2 10 4 0 9 5 6 11 8 1 6 _ 
[00214217] 3 | 2 10 4 0 9 5 _ 11 8 1 6 3 
[00214218] 2 | 2 10 4 0 9 5 7 11 8 1 6 3 
[00214219] 3 | 2 10 4 0 9 5 _ 11 8 1 6 9 
[00214220] 4 | 2 10 4 0 9 _ 5 11 8 1 6 _ 
[00214221] 3 | 2 10 4 0 9 6 5 11 8 1 6 _ 
[00214222] 3 | 2 10 4 0 9 _ 5 11 8 1 6 3 
[00214223] 2 | 2 10 4 0 9 7 5 11 8 1 6 3 
[00214224] 3 | 2 10 4 0 9 _ 5 11 8 1 6 9 
[00214225] 6 | 2 10 _ 0 9 3 _ 11 8 1 _ _ 
[00214226] 5 | 2 10 5 0 9 3 _ 11 8 1 _ _ 
[00214227] 4 | 2 10 5 0 9 3 _ 11 8 1 7 _ 
[00214228] 3 | 2 10 5 0 9 3 6 11 8 1 7 _ 
[00214229] 3 | 2 10 5 0 9 3 _ 11 8 1 7 4 
[00214230] 5 | 2 10 _ 0 9 3 4 11 8 1 _ _ 
[00214231] 4 | 2 10 6 0 9 3 4 11 8 1 _ _ 
[00214232] 4 | 2 10 _ 0 9 3 4 11 8 1 7 _ 
[00214233] 3 | 2 10 7 0 9 3 4 11 8 1 7 _ 
[00214234] 3 | 2 10 _ 0 9 3 4 11 8 1 7 10 
[00214235] 5 | 2 10 _ 0 9 3 _ 11 8 1 6 _ 
[00214236] 4 | 2 10 6 0 9 3 _ 11 8 1 6 _ 
[00214237] 4 | 2 10 _ 0 9 3 5 11 8 1 6 _ 
[00214238] 3 | 2 10 7 0 9 3 5 11 8 1 6 _ 
[00214239] 2 | 2 10 7 0 9 3 5 11 8 1 6 4 
[00214240] 4 | 2 10 _ 0 9 3 _ 11 8 1 6 10 
[00214241] 6 | 2 10 _ 0 9 _ 3 11 8 1 _ _ 
[00214242] 5 | 2 10 5 0 9 _ 3 11 8 1 _ _ 
[00214243] 4 | 2 10 5 0 9 _ 3 11 8 1 7 _ 
[00214244] 3 | 2 10 5 0 9 6 3 11 8 1 7 _ 
[00214245] 3 | 2 10 5 0 9 _ 3 11 8 1 7 4 
[00214246] 5 | 2 10 _ 0 9 4 3 11 8 1 _ _ 
[00214247] 4 | 2 10 6 0 9 4 3 11 8 1 _ _ 
[00214248] 4 | 2 10 _ 0 9 4 3 11 8 1 7 _ 
[00214249] 3 | 2 10 7 0 9 4 3 11 8 1 7 _ 
[00214250] 3 | 2 10 _ 0 9 4 3 11 8 1 7 10 
[00214251] 5 | 2 10 _ 0 9 _ 3 11 8 1 6 _ 
[00214252] 4 | 2 10 6 0 9 _ 3 11 8 1 6 _ 
[00214253] 4 | 2 10 _ 0 9 5 3 11 8 1 6 _ 
[00214254] 3 | 2 10 7 0 9 5 3 11 8 1 6 _ 
[00214255] 2 | 2 10 7 0 9 5 3 11 8 1 6 4 
[00214256] 4 | 2 10 _ 0 9 _ 3 11 8 1 6 10 
[00214257] 6 | 2 10 _ 0 9 _ _ 11 8 1 5 _ 
[00214258] 5 | 2 10 5 0 9 _ _ 11 8 1 5 _ 
[00214259] 5 | 2 10 _ 0 9 4 _ 11 8 1 5 _ 
[00214260] 4 | 2 10 6 0 9 4 _ 11 8 1 5 _ 
[00214261] 4 | 2 10 _ 0 9 4 5 11 8 1 5 _ 
[00214262] 3 | 2 10 7 0 9 4 5 11 8 1 5 _ 
[00214263] 4 | 2 10 _ 0 9 4 _ 11 8 1 5 9 
[00214264] 3 | 2 10 7 0 9 4 _ 11 8 1 5 9 
[00214265] 5 | 2 10 _ 0 9 _ 4 11 8 1 5 _ 
[00214266] 4 | 2 10 6 0 9 _ 4 11 8 1 5 _ 
[00214267] 4 | 2 10 _ 0 9 5 4 11 8 1 5 _ 
[00214268] 3 | 2 10 7 0 9 5 4 11 8 1 5 _ 
[00214269] 4 | 2 10 _ 0 9 _ 4 11 8 1 5 9 
[00214270] 3 | 2 10 7 0 9 _ 4 11 8 1 5 9 
[00214271] 5 | 2 10 _ 0 9 _ _ 11 8 1 5 10 
[00214272] 7 | 2 10 _ 0 9 _ _ 11 _ _ 4 _ 
[00214273] 6 | 2 10 4 0 9 _ _ 11 _ _ 4 _ 
[00214274] 5 | 2 10 4 0 9 _ _ 11 6 _ 4 _ 
[00214275] 4 | 2 10 4 0 9 5 _ 11 6 _ 4 _ 
[00214276] 3 | 2 10 4 0 9 5 6 11 6 _ 4 _ 
[00214277] 3 | 2 10 4 0 9 5 _ 11 6 3 4 _ 
[00214278] 2 | 2 10 4 0 9 5 7 11 6 3 4 _ 
[00214279] 3 | 2 10 4 0 9 5 _ 11 6 9 4 _ 
[00214280] 4 | 2 10 4 0 9 _ 5 11 6 _ 4 _ 
[00214281] 3 | 2 10 4 0 9 6 5 11 6 _ 4 _ 
[00214282] 3 | 2 10 4 0 9 _ 5 11 6 3 4 _ 
[00214283] 2 | 2 10 4 0 9 7 5 11 6 3 4 _ 
[00214284] 3 | 2 10 4 0 9 _ 5 11 6 9 4 _ 
[00214285] 5 | 2 10 4 0 9 _ _ 11 1 6 4 _ 
[00214286] 4 | 2 10 4 0 9 5 _ 11 1 6 4 _ 
[00214287] 4 | 2 10 4 0 9 _ 5 11 1 6 4 _ 
[00214288] 5 | 2 10 4 0 9 _ _ 11 3 8 4 _ 
[00214289] 4 | 2 10 4 0 9 5 _ 11 3 8 4 _ 
[00214290] 3 | 2 10 4 0 9 5 6 11 3 8 4 _ 
[00214291] 4 | 2 10 4 0 9 _ 5 11 3 8 4 _ 
[00214292] 3 | 2 10 4 0 9 6 5 11 3 8 4 _ 
[00214293] 5 | 2 10 4 0 9 _ _ 11 6 1 4 _ 
[00214294] 4 | 2 10 4 0 9 5 _ 11 6 1 4 _ 
[00214295] 4 | 2 10 4 0 9 _ 5 11 6 1 4 _ 
[00214296] 5 | 2 10 4 0 9 _ _ 11 8 3 4 _ 
[00214297] 4 | 2 10 4 0 9 5 _ 11 8 3 4 _ 
[00214298] 3 | 2 10 4 0 9 5 6 11 8 3 4 _ 
[00214299] 4 | 2 10 4 0 9 _ 5 11 8 3 4 _ 
[00214300] 3 | 2 10 4 0 9 6 5 11 8 3 4 _ 
[00214301] 6 | 2 10 _ 0 9 3 _ 11 _ _ 4 _ 
[00214302] 5 | 2 10 5 0 9 3 _ 11 _ _ 4 _ 
[00214303] 4 | 2 10 5 0 9 3 _ 11 7 _ 4 _ 
[00214304] 3 | 2 10 5 0 9 3 6 11 7 _ 4 _ 
[00214305] 3 | 2 10 5 0 9 3 _ 11 7 4 4 _ 
[00214306] 3 | 2 10 5 0 9 3 _ 11 7 _ 4 1 
[00214307] 2 | 2 10 5 0 9 3 7 11 7 _ 4 1 
[00214308] 2 | 2 10 5 0 9 3 _ 11 7 9 4 1 
[00214309] 3 | 2 10 5 0 9 3 _ 11 7 _ 4 7 
[00214310] 4 | 2 10 5 0 9 3 _ 11 _ _ 4 8 
[00214311] 3 | 2 10 5 0 9 3 6 11 _ _ 4 8 
[00214312] 5 | 2 10 _ 0 9 3 4 11 _ _ 4 _ 
[00214313] 4 | 2 10 6 0 9 3 4 11 _ _ 4 _ 
[00214314] 3 | 2 10 6 0 9 3 4 11 8 _ 4 _ 
[00214315] 3 | 2 10 6 0 9 3 4 11 5 8 4 _ 
[00214316] 3 | 2 10 6 0 9 3 4 11 8 5 4 _ 
[00214317] 4 | 2 10 _ 0 9 3 4 11 7 _ 4 _ 
[00214318] 3 | 2 10 7 0 9 3 4 11 7 _ 4 _ 
[00214319] 3 | 2 10 _ 0 9 3 4 11 7 10 4 _ 
[00214320] 4 | 2 10 _ 0 9 3 4 11 1 5 4 _ 
[00214321] 3 | 2 10 7 0 9 3 4 11 1 5 4 _ 
[00214322] 4 | 2 10 _ 0 9 3 4 11 5 1 4 _ 
[00214323] 3 | 2 10 7 0 9 3 4 11 5 1 4 _ 
[00214324] 5 | 2 10 _ 0 9 3 _ 11 6 _ 4 _ 
[00214325] 4 | 2 10 6 0 9 3 _ 11 6 _ 4 _ 
[00214326] 3 | 2 10 6 0 9 3 _ 11 6 _ 4 1 
[00214327] 2 | 2 10 6 0 9 3 7 11 6 _ 4 1 
[00214328] 3 | 2 10 6 0 9 3 _ 11 6 _ 4 7 
[00214329] 4 | 2 10 _ 0 9 3 5 11 6 _ 4 _ 
[00214330] 3 | 2 10 7 0 9 3 5 11 6 _ 4 _ 
[00214331] 2 | 2 10 7 0 9 3 5 11 6 4 4 _ 
[00214332] 2 | 2 10 7 0 9 3 5 11 6 8 4 _ 
[00214333] 2 | 2 10 7 0 9 3 5 11 6 _ 4 6 
[00214334] 3 | 2 10 _ 0 9 3 5 11 6 _ 4 1 
[00214335] 2 | 2 10 8 0 9 3 5 11 6 _ 4 1 
[00214336] 1 | 2 10 8 0 9 3 5 11 6 7 4 1  *Graceful*
[00214336] 2 | 2 10 _ 0 9 3 5 11 6 8 4 1 
[00214337] 3 | 2 10 _ 0 9 3 5 11 6 _ 4 7 
[00214338] 2 | 2 10 8 0 9 3 5 11 6 _ 4 7 
[00214339] 2 | 2 10 _ 0 9 3 5 11 6 8 4 7 
[00214340] 4 | 2 10 _ 0 9 3 _ 11 6 10 4 _ 
[00214341] 3 | 2 10 _ 0 9 3 _ 11 6 10 4 1 
[00214342] 2 | 2 10 _ 0 9 3 7 11 6 10 4 1 
[00214343] 3 | 2 10 _ 0 9 3 _ 11 6 10 4 7 
[00214344] 4 | 2 10 _ 0 9 3 _ 11 6 _ 4 8 
[00214345] 3 | 2 10 7 0 9 3 _ 11 6 _ 4 8 
[00214346] 3 | 2 10 _ 0 9 3 6 11 6 _ 4 8 
[00214347] 3 | 2 10 _ 0 9 3 _ 11 6 9 4 8 
[00214348] 5 | 2 10 _ 0 9 3 _ 11 1 6 4 _ 
[00214349] 4 | 2 10 _ 0 9 3 5 11 1 6 4 _ 
[00214350] 3 | 2 10 7 0 9 3 5 11 1 6 4 _ 
[00214351] 3 | 2 10 _ 0 9 3 5 11 1 6 4 7 
[00214352] 2 | 2 10 8 0 9 3 5 11 1 6 4 7 
[00214353] 4 | 2 10 _ 0 9 3 _ 11 1 6 4 8 
[00214354] 3 | 2 10 7 0 9 3 _ 11 1 6 4 8 
[00214355] 5 | 2 10 _ 0 9 3 _ 11 6 1 4 _ 
[00214356] 4 | 2 10 _ 0 9 3 5 11 6 1 4 _ 
[00214357] 3 | 2 10 7 0 9 3 5 11 6 1 4 _ 
[00214358] 3 | 2 10 _ 0 9 3 5 11 6 1 4 7 
[00214359] 2 | 2 10 8 0 9 3 5 11 6 1 4 7 
[00214360] 4 | 2 10 _ 0 9 3 _ 11 6 1 4 8 
[00214361] 3 | 2 10 7 0 9 3 _ 11 6 1 4 8 
[00214362] 5 | 2 10 _ 0 9 3 _ 11 _ _ 4 9 
[00214363] 4 | 2 10 6 0 9 3 _ 11 _ _ 4 9 
[00214364] 3 | 2 10 6 0 9 3 _ 11 8 _ 4 9 
[00214365] 3 | 2 10 6 0 9 3 _ 11 5 8 4 9 
[00214366] 3 | 2 10 6 0 9 3 _ 11 8 5 4 9 
[00214367] 4 | 2 10 _ 0 9 3 _ 11 7 _ 4 9 
[00214368] 3 | 2 10 7 0 9 3 _ 11 7 _ 4 9 
[00214369] 3 | 2 10 _ 0 9 3 _ 11 7 10 4 9 
[00214370] 4 | 2 10 _ 0 9 3 _ 11 1 5 4 9 
[00214371] 3 | 2 10 7 0 9 3 _ 11 1 5 4 9 
[00214372] 4 | 2 10 _ 0 9 3 _ 11 5 1 4 9 
[00214373] 3 | 2 10 7 0 9 3 _ 11 5 1 4 9 
[00214374] 6 | 2 10 _ 0 9 _ 3 11 _ _ 4 _ 
[00214375] 5 | 2 10 5 0 9 _ 3 11 _ _ 4 _ 
[00214376] 4 | 2 10 5 0 9 _ 3 11 7 _ 4 _ 
[00214377] 3 | 2 10 5 0 9 6 3 11 7 _ 4 _ 
[00214378] 3 | 2 10 5 0 9 _ 3 11 7 4 4 _ 
[00214379] 3 | 2 10 5 0 9 _ 3 11 7 _ 4 1 
[00214380] 2 | 2 10 5 0 9 7 3 11 7 _ 4 1 
[00214381] 2 | 2 10 5 0 9 _ 3 11 7 9 4 1 
[00214382] 3 | 2 10 5 0 9 _ 3 11 7 _ 4 7 
[00214383] 4 | 2 10 5 0 9 _ 3 11 _ _ 4 8 
[00214384] 3 | 2 10 5 0 9 6 3 11 _ _ 4 8 
[00214385] 5 | 2 10 _ 0 9 4 3 11 _ _ 4 _ 
[00214386] 4 | 2 10 6 0 9 4 3 11 _ _ 4 _ 
[00214387] 3 | 2 10 6 0 9 4 3 11 8 _ 4 _ 
[00214388] 3 | 2 10 6 0 9 4 3 11 5 8 4 _ 
[00214389] 3 | 2 10 6 0 9 4 3 11 8 5 4 _ 
[00214390] 4 | 2 10 _ 0 9 4 3 11 7 _ 4 _ 
[00214391] 3 | 2 10 7 0 9 4 3 11 7 _ 4 _ 
[00214392] 3 | 2 10 _ 0 9 4 3 11 7 10 4 _ 
[00214393] 4 | 2 10 _ 0 9 4 3 11 1 5 4 _ 
[00214394] 3 | 2 10 7 0 9 4 3 11 1 5 4 _ 
[00214395] 4 | 2 10 _ 0 9 4 3 11 5 1 4 _ 
[00214396] 3 | 2 10 7 0 9 4 3 11 5 1 4 _ 
[00214397] 5 | 2 10 _ 0 9 _ 3 11 6 _ 4 _ 
[00214398] 4 | 2 10 6 0 9 _ 3 11 6 _ 4 _ 
[00214399] 3 | 2 10 6 0 9 _ 3 11 6 _ 4 1 
[00214400] 2 | 2 10 6 0 9 7 3 11 6 _ 4 1 
[00214401] 3 | 2 10 6 0 9 _ 3 11 6 _ 4 7 
[00214402] 4 | 2 10 _ 0 9 5 3 11 6 _ 4 _ 
[00214403] 3 | 2 10 7 0 9 5 3 11 6 _ 4 _ 
[00214404] 2 | 2 10 7 0 9 5 3 11 6 4 4 _ 
[00214405] 2 | 2 10 7 0 9 5 3 11 6 8 4 _ 
[00214406] 2 | 2 10 7 0 9 5 3 11 6 _ 4 6 
[00214407] 3 | 2 10 _ 0 9 5 3 11 6 _ 4 1 
[00214408] 2 | 2 10 8 0 9 5 3 11 6 _ 4 1 
[00214409] 1 | 2 10 8 0 9 5 3 11 6 7 4 1  *Graceful*
[00214409] 2 | 2 10 _ 0 9 5 3 11 6 8 4 1 
[00214410] 3 | 2 10 _ 0 9 5 3 11 6 _ 4 7 
[00214411] 2 | 2 10 8 0 9 5 3 11 6 _ 4 7 
[00214412] 2 | 2 10 _ 0 9 5 3 11 6 8 4 7 
[00214413] 4 | 2 10 _ 0 9 _ 3 11 6 10 4 _ 
[00214414] 3 | 2 10 _ 0 9 _ 3 11 6 10 4 1 
[00214415] 2 | 2 10 _ 0 9 7 3 11 6 10 4 1 
[00214416] 3 | 2 10 _ 0 9 _ 3 11 6 10 4 7 
[00214417] 4 | 2 10 _ 0 9 _ 3 11 6 _ 4 8 
[00214418] 3 | 2 10 7 0 9 _ 3 11 6 _ 4 8 
[00214419] 3 | 2 10 _ 0 9 6 3 11 6 _ 4 8 
[00214420] 3 | 2 10 _ 0 9 _ 3 11 6 9 4 8 
[00214421] 5 | 2 10 _ 0 9 _ 3 11 1 6 4 _ 
[00214422] 4 | 2 10 _ 0 9 5 3 11 1 6 4 _ 
[00214423] 3 | 2 10 7 0 9 5 3 11 1 6 4 _ 
[00214424] 3 | 2 10 _ 0 9 5 3 11 1 6 4 7 
[00214425] 2 | 2 10 8 0 9 5 3 11 1 6 4 7 
[00214426] 4 | 2 10 _ 0 9 _ 3 11 1 6 4 8 
[00214427] 3 | 2 10 7 0 9 _ 3 11 1 6 4 8 
[00214428] 5 | 2 10 _ 0 9 _ 3 11 6 1 4 _ 
[00214429] 4 | 2 10 _ 0 9 5 3 11 6 1 4 _ 
[00214430] 3 | 2 10 7 0 9 5 3 11 6 1 4 _ 
[00214431] 3 | 2 10 _ 0 9 5 3 11 6 1 4 7 
[00214432] 2 | 2 10 8 0 9 5 3 11 6 1 4 7 
[00214433] 4 | 2 10 _ 0 9 _ 3 11 6 1 4 8 
[00214434] 3 | 2 10 7 0 9 _ 3 11 6 1 4 8 
[00214435] 5 | 2 10 _ 0 9 _ 3 11 _ _ 4 9 
[00214436] 4 | 2 10 6 0 9 _ 3 11 _ _ 4 9 
[00214437] 3 | 2 10 6 0 9 _ 3 11 8 _ 4 9 
[00214438] 3 | 2 10 6 0 9 _ 3 11 5 8 4 9 
[00214439] 3 | 2 10 6 0 9 _ 3 11 8 5 4 9 
[00214440] 4 | 2 10 _ 0 9 _ 3 11 7 _ 4 9 
[00214441] 3 | 2 10 7 0 9 _ 3 11 7 _ 4 9 
[00214442] 3 | 2 10 _ 0 9 _ 3 11 7 10 4 9 
[00214443] 4 | 2 10 _ 0 9 _ 3 11 1 5 4 9 
[00214444] 3 | 2 10 7 0 9 _ 3 11 1 5 4 9 
[00214445] 4 | 2 10 _ 0 9 _ 3 11 5 1 4 9 
[00214446] 3 | 2 10 7 0 9 _ 3 11 5 1 4 9 
[00214447] 6 | 2 10 _ 0 9 _ _ 11 5 _ 4 _ 
[00214448] 5 | 2 10 5 0 9 _ _ 11 5 _ 4 _ 
[00214449] 4 | 2 10 5 0 9 _ _ 11 5 _ 4 8 
[00214450] 3 | 2 10 5 0 9 6 _ 11 5 _ 4 8 
[00214451] 2 | 2 10 5 0 9 6 7 11 5 _ 4 8 
[00214452] 3 | 2 10 5 0 9 _ 6 11 5 _ 4 8 
[00214453] 2 | 2 10 5 0 9 7 6 11 5 _ 4 8 
[00214454] 5 | 2 10 _ 0 9 4 _ 11 5 _ 4 _ 
[00214455] 4 | 2 10 6 0 9 4 _ 11 5 _ 4 _ 
[00214456] 3 | 2 10 6 0 9 4 _ 11 5 8 4 _ 
[00214457] 2 | 2 10 6 0 9 4 7 11 5 8 4 _ 
[00214458] 4 | 2 10 _ 0 9 4 5 11 5 _ 4 _ 
[00214459] 3 | 2 10 7 0 9 4 5 11 5 _ 4 _ 
[00214460] 4 | 2 10 _ 0 9 4 _ 11 5 1 4 _ 
[00214461] 3 | 2 10 7 0 9 4 _ 11 5 1 4 _ 
[00214462] 3 | 2 10 _ 0 9 4 6 11 5 1 4 _ 
[00214463] 2 | 2 10 8 0 9 4 6 11 5 1 4 _ 
[00214464] 4 | 2 10 _ 0 9 4 _ 11 5 9 4 _ 
[00214465] 3 | 2 10 7 0 9 4 _ 11 5 9 4 _ 
[00214466] 5 | 2 10 _ 0 9 _ 4 11 5 _ 4 _ 
[00214467] 4 | 2 10 6 0 9 _ 4 11 5 _ 4 _ 
[00214468] 3 | 2 10 6 0 9 _ 4 11 5 8 4 _ 
[00214469] 2 | 2 10 6 0 9 7 4 11 5 8 4 _ 
[00214470] 4 | 2 10 _ 0 9 5 4 11 5 _ 4 _ 
[00214471] 3 | 2 10 7 0 9 5 4 11 5 _ 4 _ 
[00214472] 4 | 2 10 _ 0 9 _ 4 11 5 1 4 _ 
[00214473] 3 | 2 10 7 0 9 _ 4 11 5 1 4 _ 
[00214474] 3 | 2 10 _ 0 9 6 4 11 5 1 4 _ 
[00214475] 2 | 2 10 8 0 9 6 4 11 5 1 4 _ 
[00214476] 4 | 2 10 _ 0 9 _ 4 11 5 9 4 _ 
[00214477] 3 | 2 10 7 0 9 _ 4 11 5 9 4 _ 
[00214478] 5 | 2 10 _ 0 9 _ _ 11 5 10 4 _ 
[00214479] 4 | 2 10 _ 0 9 _ _ 11 5 10 4 8 
[00214480] 3 | 2 10 _ 0 9 6 _ 11 5 10 4 8 
[00214481] 2 | 2 10 _ 0 9 6 7 11 5 10 4 8 
[00214482] 3 | 2 10 _ 0 9 _ 6 11 5 10 4 8 
[00214483] 2 | 2 10 _ 0 9 7 6 11 5 10 4 8 
[00214484] 5 | 2 10 _ 0 9 _ _ 11 5 _ 4 9 
[00214485] 4 | 2 10 6 0 9 _ _ 11 5 _ 4 9 
[00214486] 3 | 2 10 6 0 9 _ _ 11 5 8 4 9 
[00214487] 4 | 2 10 _ 0 9 _ _ 11 5 1 4 9 
[00214488] 3 | 2 10 7 0 9 _ _ 11 5 1 4 9 
[00214489] 6 | 2 10 _ 0 9 _ _ 11 1 7 4 _ 
[00214490] 5 | 2 10 5 0 9 _ _ 11 1 7 4 _ 
[00214491] 4 | 2 10 5 0 9 _ _ 11 1 7 4 8 
[00214492] 3 | 2 10 5 0 9 6 _ 11 1 7 4 8 
[00214493] 3 | 2 10 5 0 9 _ 6 11 1 7 4 8 
[00214494] 5 | 2 10 _ 0 9 4 _ 11 1 7 4 _ 
[00214495] 4 | 2 10 6 0 9 4 _ 11 1 7 4 _ 
[00214496] 4 | 2 10 _ 0 9 4 5 11 1 7 4 _ 
[00214497] 5 | 2 10 _ 0 9 _ 4 11 1 7 4 _ 
[00214498] 4 | 2 10 6 0 9 _ 4 11 1 7 4 _ 
[00214499] 4 | 2 10 _ 0 9 5 4 11 1 7 4 _ 
[00214500] 5 | 2 10 _ 0 9 _ _ 11 1 7 4 9 
[00214501] 4 | 2 10 6 0 9 _ _ 11 1 7 4 9 
[00214502] 6 | 2 10 _ 0 9 _ _ 11 7 1 4 _ 
[00214503] 5 | 2 10 5 0 9 _ _ 11 7 1 4 _ 
[00214504] 4 | 2 10 5 0 9 _ _ 11 7 1 4 8 
[00214505] 3 | 2 10 5 0 9 6 _ 11 7 1 4 8 
[00214506] 3 | 2 10 5 0 9 _ 6 11 7 1 4 8 
[00214507] 5 | 2 10 _ 0 9 4 _ 11 7 1 4 _ 
[00214508] 4 | 2 10 6 0 9 4 _ 11 7 1 4 _ 
[00214509] 4 | 2 10 _ 0 9 4 5 11 7 1 4 _ 
[00214510] 5 | 2 10 _ 0 9 _ 4 11 7 1 4 _ 
[00214511] 4 | 2 10 6 0 9 _ 4 11 7 1 4 _ 
[00214512] 4 | 2 10 _ 0 9 5 4 11 7 1 4 _ 
[00214513] 5 | 2 10 _ 0 9 _ _ 11 7 1 4 9 
[00214514] 4 | 2 10 6 0 9 _ _ 11 7 1 4 9 
[00214515] 6 | 2 10 _ 0 9 _ _ 11 _ _ 4 10 
[00214516] 5 | 2 10 _ 0 9 _ _ 11 6 _ 4 10 
[00214517] 4 | 2 10 _ 0 9 5 _ 11 6 _ 4 10 
[00214518] 3 | 2 10 _ 0 9 5 6 11 6 _ 4 10 
[00214519] 3 | 2 10 _ 0 9 5 _ 11 6 3 4 10 
[00214520] 2 | 2 10 _ 0 9 5 7 11 6 3 4 10 
[00214521] 3 | 2 10 _ 0 9 5 _ 11 6 9 4 10 
[00214522] 4 | 2 10 _ 0 9 _ 5 11 6 _ 4 10 
[00214523] 3 | 2 10 _ 0 9 6 5 11 6 _ 4 10 
[00214524] 3 | 2 10 _ 0 9 _ 5 11 6 3 4 10 
[00214525] 2 | 2 10 _ 0 9 7 5 11 6 3 4 10 
[00214526] 3 | 2 10 _ 0 9 _ 5 11 6 9 4 10 
[00214527] 5 | 2 10 _ 0 9 _ _ 11 1 6 4 10 
[00214528] 4 | 2 10 _ 0 9 5 _ 11 1 6 4 10 
[00214529] 4 | 2 10 _ 0 9 _ 5 11 1 6 4 10 
[00214530] 5 | 2 10 _ 0 9 _ _ 11 3 8 4 10 
[00214531] 4 | 2 10 _ 0 9 5 _ 11 3 8 4 10 
[00214532] 3 | 2 10 _ 0 9 5 6 11 3 8 4 10 
[00214533] 4 | 2 10 _ 0 9 _ 5 11 3 8 4 10 
[00214534] 3 | 2 10 _ 0 9 6 5 11 3 8 4 10 
[00214535] 5 | 2 10 _ 0 9 _ _ 11 6 1 4 10 
[00214536] 4 | 2 10 _ 0 9 5 _ 11 6 1 4 10 
[00214537] 4 | 2 10 _ 0 9 _ 5 11 6 1 4 10 
[00214538] 5 | 2 10 _ 0 9 _ _ 11 8 3 4 10 
[00214539] 4 | 2 10 _ 0 9 5 _ 11 8 3 4 10 
[00214540] 3 | 2 10 _ 0 9 5 6 11 8 3 4 10 
[00214541] 4 | 2 10 _ 0 9 _ 5 11 8 3 4 10 
[00214542] 3 | 2 10 _ 0 9 6 5 11 8 3 4 10 
[00214543] 7 | 2 10 _ 0 9 _ _ 11 _ _ 1 8 
[00214544] 6 | 2 10 4 0 9 _ _ 11 _ _ 1 8 
[00214545] 5 | 2 10 4 0 9 _ _ 11 6 _ 1 8 
[00214546] 4 | 2 10 4 0 9 5 _ 11 6 _ 1 8 
[00214547] 3 | 2 10 4 0 9 5 6 11 6 _ 1 8 
[00214548] 3 | 2 10 4 0 9 5 _ 11 6 3 1 8 
[00214549] 2 | 2 10 4 0 9 5 7 11 6 3 1 8 
[00214550] 3 | 2 10 4 0 9 5 _ 11 6 9 1 8 
[00214551] 4 | 2 10 4 0 9 _ 5 11 6 _ 1 8 
[00214552] 3 | 2 10 4 0 9 6 5 11 6 _ 1 8 
[00214553] 3 | 2 10 4 0 9 _ 5 11 6 3 1 8 
[00214554] 2 | 2 10 4 0 9 7 5 11 6 3 1 8 
[00214555] 3 | 2 10 4 0 9 _ 5 11 6 9 1 8 
[00214556] 6 | 2 10 _ 0 9 3 _ 11 _ _ 1 8 
[00214557] 5 | 2 10 5 0 9 3 _ 11 _ _ 1 8 
[00214558] 4 | 2 10 5 0 9 3 _ 11 7 _ 1 8 
[00214559] 3 | 2 10 5 0 9 3 6 11 7 _ 1 8 
[00214560] 3 | 2 10 5 0 9 3 _ 11 7 4 1 8 
[00214561] 5 | 2 10 _ 0 9 3 4 11 _ _ 1 8 
[00214562] 4 | 2 10 6 0 9 3 4 11 _ _ 1 8 
[00214563] 4 | 2 10 _ 0 9 3 4 11 7 _ 1 8 
[00214564] 3 | 2 10 7 0 9 3 4 11 7 _ 1 8 
[00214565] 3 | 2 10 _ 0 9 3 4 11 7 10 1 8 
[00214566] 5 | 2 10 _ 0 9 3 _ 11 6 _ 1 8 
[00214567] 4 | 2 10 6 0 9 3 _ 11 6 _ 1 8 
[00214568] 4 | 2 10 _ 0 9 3 5 11 6 _ 1 8 
[00214569] 3 | 2 10 7 0 9 3 5 11 6 _ 1 8 
[00214570] 2 | 2 10 7 0 9 3 5 11 6 4 1 8 
[00214571] 4 | 2 10 _ 0 9 3 _ 11 6 10 1 8 
[00214572] 6 | 2 10 _ 0 9 _ 3 11 _ _ 1 8 
[00214573] 5 | 2 10 5 0 9 _ 3 11 _ _ 1 8 
[00214574] 4 | 2 10 5 0 9 _ 3 11 7 _ 1 8 
[00214575] 3 | 2 10 5 0 9 6 3 11 7 _ 1 8 
[00214576] 3 | 2 10 5 0 9 _ 3 11 7 4 1 8 
[00214577] 5 | 2 10 _ 0 9 4 3 11 _ _ 1 8 
[00214578] 4 | 2 10 6 0 9 4 3 11 _ _ 1 8 
[00214579] 4 | 2 10 _ 0 9 4 3 11 7 _ 1 8 
[00214580] 3 | 2 10 7 0 9 4 3 11 7 _ 1 8 
[00214581] 3 | 2 10 _ 0 9 4 3 11 7 10 1 8 
[00214582] 5 | 2 10 _ 0 9 _ 3 11 6 _ 1 8 
[00214583] 4 | 2 10 6 0 9 _ 3 11 6 _ 1 8 
[00214584] 4 | 2 10 _ 0 9 5 3 11 6 _ 1 8 
[00214585] 3 | 2 10 7 0 9 5 3 11 6 _ 1 8 
[00214586] 2 | 2 10 7 0 9 5 3 11 6 4 1 8 
[00214587] 4 | 2 10 _ 0 9 _ 3 11 6 10 1 8 
[00214588] 6 | 2 10 _ 0 9 _ _ 11 5 _ 1 8 
[00214589] 5 | 2 10 5 0 9 _ _ 11 5 _ 1 8 
[00214590] 5 | 2 10 _ 0 9 4 _ 11 5 _ 1 8 
[00214591] 4 | 2 10 6 0 9 4 _ 11 5 _ 1 8 
[00214592] 4 | 2 10 _ 0 9 4 5 11 5 _ 1 8 
[00214593] 3 | 2 10 7 0 9 4 5 11 5 _ 1 8 
[00214594] 4 | 2 10 _ 0 9 4 _ 11 5 9 1 8 
[00214595] 3 | 2 10 7 0 9 4 _ 11 5 9 1 8 
[00214596] 5 | 2 10 _ 0 9 _ 4 11 5 _ 1 8 
[00214597] 4 | 2 10 6 0 9 _ 4 11 5 _ 1 8 
[00214598] 4 | 2 10 _ 0 9 5 4 11 5 _ 1 8 
[00214599] 3 | 2 10 7 0 9 5 4 11 5 _ 1 8 
[00214600] 4 | 2 10 _ 0 9 _ 4 11 5 9 1 8 
[00214601] 3 | 2 10 7 0 9 _ 4 11 5 9 1 8 
[00214602] 5 | 2 10 _ 0 9 _ _ 11 5 10 1 8 
[00214603] 7 | 2 10 _ 0 9 _ _ 11 _ _ 8 1 
[00214604] 6 | 2 10 4 0 9 _ _ 11 _ _ 8 1 
