[00229045] 3 | 1 9 2 0 10 4 7 11 7 _ 8 3 
[00229046] 3 | 1 9 2 0 10 4 _ 11 7 10 8 3 
[00229047] 6 | 1 9 2 0 10 _ 4 11 _ _ _ _ 
[00229048] 5 | 1 9 2 0 10 5 4 11 _ _ _ _ 
[00229049] 4 | 1 9 2 0 10 5 4 11 7 _ _ _ 
[00229050] 3 | 1 9 2 0 10 5 4 11 7 _ 8 _ 
[00229051] 2 | 1 9 2 0 10 5 4 11 7 _ 8 6 
[00229052] 3 | 1 9 2 0 10 5 4 11 7 _ 3 6 
[00229053] 3 | 1 9 2 0 10 5 4 11 7 _ 6 3 
[00229054] 4 | 1 9 2 0 10 5 4 11 3 7 _ _ 
[00229055] 3 | 1 9 2 0 10 5 4 11 3 7 8 _ 
[00229056] 2 | 1 9 2 0 10 5 4 11 3 7 8 6 
[00229057] 4 | 1 9 2 0 10 5 4 11 7 3 _ _ 
[00229058] 3 | 1 9 2 0 10 5 4 11 7 3 8 _ 
[00229059] 2 | 1 9 2 0 10 5 4 11 7 3 8 6 
[00229060] 4 | 1 9 2 0 10 5 4 11 _ _ 7 _ 
[00229061] 3 | 1 9 2 0 10 5 4 11 8 _ 7 _ 
[00229062] 2 | 1 9 2 0 10 5 4 11 8 6 7 _ 
[00229063] 3 | 1 9 2 0 10 5 4 11 3 6 7 _ 
[00229064] 3 | 1 9 2 0 10 5 4 11 6 3 7 _ 
[00229065] 4 | 1 9 2 0 10 5 4 11 _ _ 3 7 
[00229066] 3 | 1 9 2 0 10 5 4 11 8 _ 3 7 
[00229067] 2 | 1 9 2 0 10 5 4 11 8 6 3 7 
[00229068] 4 | 1 9 2 0 10 5 4 11 _ _ 7 3 
[00229069] 3 | 1 9 2 0 10 5 4 11 8 _ 7 3 
[00229070] 2 | 1 9 2 0 10 5 4 11 8 6 7 3 
[00229071] 5 | 1 9 2 0 10 _ 4 11 6 _ _ _ 
[00229072] 4 | 1 9 2 0 10 6 4 11 6 _ _ _ 
[00229073] 3 | 1 9 2 0 10 6 4 11 6 _ 8 _ 
[00229074] 3 | 1 9 2 0 10 6 4 11 6 _ 5 8 
[00229075] 3 | 1 9 2 0 10 6 4 11 6 _ 8 5 
[00229076] 4 | 1 9 2 0 10 _ 4 11 6 10 _ _ 
[00229077] 3 | 1 9 2 0 10 _ 4 11 6 10 8 _ 
[00229078] 3 | 1 9 2 0 10 _ 4 11 6 10 5 8 
[00229079] 3 | 1 9 2 0 10 _ 4 11 6 10 8 5 
[00229080] 4 | 1 9 2 0 10 _ 4 11 6 _ 7 _ 
[00229081] 3 | 1 9 2 0 10 7 4 11 6 _ 7 _ 
[00229082] 2 | 1 9 2 0 10 7 4 11 6 8 7 _ 
[00229083] 3 | 1 9 2 0 10 _ 4 11 6 3 7 _ 
[00229084] 2 | 1 9 2 0 10 8 4 11 6 3 7 _ 
[00229085] 2 | 1 9 2 0 10 _ 4 11 6 3 7 5 
[00229086] 3 | 1 9 2 0 10 _ 4 11 6 _ 7 10 
[00229087] 2 | 1 9 2 0 10 _ 4 11 6 8 7 10 
[00229088] 4 | 1 9 2 0 10 _ 4 11 6 _ 3 7 
[00229089] 4 | 1 9 2 0 10 _ 4 11 6 _ 7 3 
[00229090] 5 | 1 9 2 0 10 _ 4 11 3 8 _ _ 
[00229091] 4 | 1 9 2 0 10 6 4 11 3 8 _ _ 
[00229092] 4 | 1 9 2 0 10 _ 4 11 3 8 7 _ 
[00229093] 3 | 1 9 2 0 10 7 4 11 3 8 7 _ 
[00229094] 3 | 1 9 2 0 10 _ 4 11 3 8 7 10 
[00229095] 5 | 1 9 2 0 10 _ 4 11 8 3 _ _ 
[00229096] 4 | 1 9 2 0 10 6 4 11 8 3 _ _ 
[00229097] 4 | 1 9 2 0 10 _ 4 11 8 3 7 _ 
[00229098] 3 | 1 9 2 0 10 7 4 11 8 3 7 _ 
[00229099] 3 | 1 9 2 0 10 _ 4 11 8 3 7 10 
[00229100] 5 | 1 9 2 0 10 _ 4 11 _ _ 6 _ 
[00229101] 4 | 1 9 2 0 10 6 4 11 _ _ 6 _ 
[00229102] 3 | 1 9 2 0 10 6 4 11 8 _ 6 _ 
[00229103] 3 | 1 9 2 0 10 6 4 11 5 8 6 _ 
[00229104] 3 | 1 9 2 0 10 6 4 11 8 5 6 _ 
[00229105] 4 | 1 9 2 0 10 _ 4 11 7 _ 6 _ 
[00229106] 3 | 1 9 2 0 10 7 4 11 7 _ 6 _ 
[00229107] 2 | 1 9 2 0 10 7 4 11 7 _ 6 8 
[00229108] 3 | 1 9 2 0 10 _ 4 11 7 10 6 _ 
[00229109] 2 | 1 9 2 0 10 _ 4 11 7 10 6 8 
[00229110] 3 | 1 9 2 0 10 _ 4 11 7 _ 6 3 
[00229111] 2 | 1 9 2 0 10 8 4 11 7 _ 6 3 
[00229112] 2 | 1 9 2 0 10 _ 4 11 7 5 6 3 
[00229113] 4 | 1 9 2 0 10 _ 4 11 3 7 6 _ 
[00229114] 4 | 1 9 2 0 10 _ 4 11 7 3 6 _ 
[00229115] 4 | 1 9 2 0 10 _ 4 11 _ _ 6 10 
[00229116] 3 | 1 9 2 0 10 _ 4 11 8 _ 6 10 
[00229117] 3 | 1 9 2 0 10 _ 4 11 5 8 6 10 
[00229118] 3 | 1 9 2 0 10 _ 4 11 8 5 6 10 
[00229119] 5 | 1 9 2 0 10 _ 4 11 _ _ 3 8 
[00229120] 4 | 1 9 2 0 10 6 4 11 _ _ 3 8 
[00229121] 4 | 1 9 2 0 10 _ 4 11 7 _ 3 8 
[00229122] 3 | 1 9 2 0 10 7 4 11 7 _ 3 8 
[00229123] 3 | 1 9 2 0 10 _ 4 11 7 10 3 8 
[00229124] 5 | 1 9 2 0 10 _ 4 11 _ _ 8 3 
[00229125] 4 | 1 9 2 0 10 6 4 11 _ _ 8 3 
[00229126] 4 | 1 9 2 0 10 _ 4 11 7 _ 8 3 
[00229127] 3 | 1 9 2 0 10 7 4 11 7 _ 8 3 
[00229128] 3 | 1 9 2 0 10 _ 4 11 7 10 8 3 
[00229129] 6 | 1 9 2 0 10 _ _ 11 5 _ _ _ 
[00229130] 5 | 1 9 2 0 10 5 _ 11 5 _ _ _ 
[00229131] 4 | 1 9 2 0 10 5 6 11 5 _ _ _ 
[00229132] 3 | 1 9 2 0 10 5 6 11 5 _ 8 _ 
[00229133] 3 | 1 9 2 0 10 5 6 11 5 _ 4 7 
[00229134] 3 | 1 9 2 0 10 5 6 11 5 _ 7 4 
[00229135] 4 | 1 9 2 0 10 5 _ 11 5 _ 7 _ 
[00229136] 3 | 1 9 2 0 10 5 7 11 5 _ 7 _ 
[00229137] 3 | 1 9 2 0 10 5 _ 11 5 _ 7 4 
[00229138] 2 | 1 9 2 0 10 5 8 11 5 _ 7 4 
[00229139] 3 | 1 9 2 0 10 5 _ 11 5 _ 7 10 
[00229140] 4 | 1 9 2 0 10 5 _ 11 5 _ 3 7 
[00229141] 4 | 1 9 2 0 10 5 _ 11 5 _ 4 8 
[00229142] 3 | 1 9 2 0 10 5 7 11 5 _ 4 8 
[00229143] 4 | 1 9 2 0 10 5 _ 11 5 _ 7 3 
[00229144] 4 | 1 9 2 0 10 5 _ 11 5 _ 8 4 
[00229145] 3 | 1 9 2 0 10 5 7 11 5 _ 8 4 
[00229146] 5 | 1 9 2 0 10 _ 5 11 5 _ _ _ 
[00229147] 4 | 1 9 2 0 10 6 5 11 5 _ _ _ 
[00229148] 3 | 1 9 2 0 10 6 5 11 5 _ 8 _ 
[00229149] 3 | 1 9 2 0 10 6 5 11 5 _ 4 7 
[00229150] 3 | 1 9 2 0 10 6 5 11 5 _ 7 4 
[00229151] 4 | 1 9 2 0 10 _ 5 11 5 _ 7 _ 
[00229152] 3 | 1 9 2 0 10 7 5 11 5 _ 7 _ 
[00229153] 3 | 1 9 2 0 10 _ 5 11 5 _ 7 4 
[00229154] 2 | 1 9 2 0 10 8 5 11 5 _ 7 4 
[00229155] 3 | 1 9 2 0 10 _ 5 11 5 _ 7 10 
[00229156] 4 | 1 9 2 0 10 _ 5 11 5 _ 3 7 
[00229157] 4 | 1 9 2 0 10 _ 5 11 5 _ 4 8 
[00229158] 3 | 1 9 2 0 10 7 5 11 5 _ 4 8 
[00229159] 4 | 1 9 2 0 10 _ 5 11 5 _ 7 3 
[00229160] 4 | 1 9 2 0 10 _ 5 11 5 _ 8 4 
[00229161] 3 | 1 9 2 0 10 7 5 11 5 _ 8 4 
[00229162] 5 | 1 9 2 0 10 _ _ 11 5 10 _ _ 
[00229163] 4 | 1 9 2 0 10 _ _ 11 5 10 7 _ 
[00229164] 3 | 1 9 2 0 10 _ _ 11 5 10 7 4 
[00229165] 4 | 1 9 2 0 10 _ _ 11 5 10 3 7 
[00229166] 4 | 1 9 2 0 10 _ _ 11 5 10 4 8 
[00229167] 4 | 1 9 2 0 10 _ _ 11 5 10 7 3 
[00229168] 4 | 1 9 2 0 10 _ _ 11 5 10 8 4 
[00229169] 5 | 1 9 2 0 10 _ _ 11 5 _ 6 _ 
[00229170] 4 | 1 9 2 0 10 6 _ 11 5 _ 6 _ 
[00229171] 3 | 1 9 2 0 10 6 7 11 5 _ 6 _ 
[00229172] 2 | 1 9 2 0 10 6 7 11 5 3 6 _ 
[00229173] 3 | 1 9 2 0 10 6 _ 11 5 8 6 _ 
[00229174] 4 | 1 9 2 0 10 _ 6 11 5 _ 6 _ 
[00229175] 3 | 1 9 2 0 10 7 6 11 5 _ 6 _ 
[00229176] 2 | 1 9 2 0 10 7 6 11 5 3 6 _ 
[00229177] 3 | 1 9 2 0 10 _ 6 11 5 8 6 _ 
[00229178] 4 | 1 9 2 0 10 _ _ 11 5 _ 6 10 
[00229179] 3 | 1 9 2 0 10 _ _ 11 5 8 6 10 
[00229180] 5 | 1 9 2 0 10 _ _ 11 5 _ 3 8 
[00229181] 4 | 1 9 2 0 10 6 _ 11 5 _ 3 8 
[00229182] 3 | 1 9 2 0 10 6 7 11 5 _ 3 8 
[00229183] 4 | 1 9 2 0 10 _ 6 11 5 _ 3 8 
[00229184] 3 | 1 9 2 0 10 7 6 11 5 _ 3 8 
[00229185] 5 | 1 9 2 0 10 _ _ 11 5 _ 8 3 
[00229186] 4 | 1 9 2 0 10 6 _ 11 5 _ 8 3 
[00229187] 3 | 1 9 2 0 10 6 7 11 5 _ 8 3 
[00229188] 4 | 1 9 2 0 10 _ 6 11 5 _ 8 3 
[00229189] 3 | 1 9 2 0 10 7 6 11 5 _ 8 3 
[00229190] 6 | 1 9 2 0 10 _ _ 11 _ _ 5 _ 
[00229191] 5 | 1 9 2 0 10 5 _ 11 _ _ 5 _ 
[00229192] 4 | 1 9 2 0 10 5 6 11 _ _ 5 _ 
[00229193] 3 | 1 9 2 0 10 5 6 11 8 _ 5 _ 
[00229194] 3 | 1 9 2 0 10 5 6 11 4 7 5 _ 
[00229195] 3 | 1 9 2 0 10 5 6 11 7 4 5 _ 
[00229196] 4 | 1 9 2 0 10 5 _ 11 7 _ 5 _ 
[00229197] 3 | 1 9 2 0 10 5 7 11 7 _ 5 _ 
[00229198] 3 | 1 9 2 0 10 5 _ 11 7 4 5 _ 
[00229199] 2 | 1 9 2 0 10 5 8 11 7 4 5 _ 
[00229200] 3 | 1 9 2 0 10 5 _ 11 7 10 5 _ 
[00229201] 4 | 1 9 2 0 10 5 _ 11 3 7 5 _ 
[00229202] 4 | 1 9 2 0 10 5 _ 11 4 8 5 _ 
[00229203] 3 | 1 9 2 0 10 5 7 11 4 8 5 _ 
[00229204] 4 | 1 9 2 0 10 5 _ 11 7 3 5 _ 
[00229205] 4 | 1 9 2 0 10 5 _ 11 8 4 5 _ 
[00229206] 3 | 1 9 2 0 10 5 7 11 8 4 5 _ 
[00229207] 5 | 1 9 2 0 10 _ 5 11 _ _ 5 _ 
[00229208] 4 | 1 9 2 0 10 6 5 11 _ _ 5 _ 
[00229209] 3 | 1 9 2 0 10 6 5 11 8 _ 5 _ 
[00229210] 3 | 1 9 2 0 10 6 5 11 4 7 5 _ 
[00229211] 3 | 1 9 2 0 10 6 5 11 7 4 5 _ 
[00229212] 4 | 1 9 2 0 10 _ 5 11 7 _ 5 _ 
[00229213] 3 | 1 9 2 0 10 7 5 11 7 _ 5 _ 
[00229214] 3 | 1 9 2 0 10 _ 5 11 7 4 5 _ 
[00229215] 2 | 1 9 2 0 10 8 5 11 7 4 5 _ 
[00229216] 3 | 1 9 2 0 10 _ 5 11 7 10 5 _ 
[00229217] 4 | 1 9 2 0 10 _ 5 11 3 7 5 _ 
[00229218] 4 | 1 9 2 0 10 _ 5 11 4 8 5 _ 
[00229219] 3 | 1 9 2 0 10 7 5 11 4 8 5 _ 
[00229220] 4 | 1 9 2 0 10 _ 5 11 7 3 5 _ 
[00229221] 4 | 1 9 2 0 10 _ 5 11 8 4 5 _ 
[00229222] 3 | 1 9 2 0 10 7 5 11 8 4 5 _ 
[00229223] 5 | 1 9 2 0 10 _ _ 11 6 _ 5 _ 
[00229224] 4 | 1 9 2 0 10 6 _ 11 6 _ 5 _ 
[00229225] 3 | 1 9 2 0 10 6 7 11 6 _ 5 _ 
[00229226] 2 | 1 9 2 0 10 6 7 11 6 _ 5 3 
[00229227] 3 | 1 9 2 0 10 6 _ 11 6 _ 5 8 
[00229228] 4 | 1 9 2 0 10 _ 6 11 6 _ 5 _ 
[00229229] 3 | 1 9 2 0 10 7 6 11 6 _ 5 _ 
[00229230] 2 | 1 9 2 0 10 7 6 11 6 _ 5 3 
[00229231] 3 | 1 9 2 0 10 _ 6 11 6 _ 5 8 
[00229232] 4 | 1 9 2 0 10 _ _ 11 6 10 5 _ 
[00229233] 3 | 1 9 2 0 10 _ _ 11 6 10 5 8 
[00229234] 5 | 1 9 2 0 10 _ _ 11 3 8 5 _ 
[00229235] 4 | 1 9 2 0 10 6 _ 11 3 8 5 _ 
[00229236] 3 | 1 9 2 0 10 6 7 11 3 8 5 _ 
[00229237] 4 | 1 9 2 0 10 _ 6 11 3 8 5 _ 
[00229238] 3 | 1 9 2 0 10 7 6 11 3 8 5 _ 
[00229239] 5 | 1 9 2 0 10 _ _ 11 8 3 5 _ 
[00229240] 4 | 1 9 2 0 10 6 _ 11 8 3 5 _ 
[00229241] 3 | 1 9 2 0 10 6 7 11 8 3 5 _ 
[00229242] 4 | 1 9 2 0 10 _ 6 11 8 3 5 _ 
[00229243] 3 | 1 9 2 0 10 7 6 11 8 3 5 _ 
[00229244] 5 | 1 9 2 0 10 _ _ 11 _ _ 5 10 
[00229245] 4 | 1 9 2 0 10 _ _ 11 7 _ 5 10 
[00229246] 3 | 1 9 2 0 10 _ _ 11 7 4 5 10 
[00229247] 4 | 1 9 2 0 10 _ _ 11 3 7 5 10 
[00229248] 4 | 1 9 2 0 10 _ _ 11 4 8 5 10 
[00229249] 4 | 1 9 2 0 10 _ _ 11 7 3 5 10 
[00229250] 4 | 1 9 2 0 10 _ _ 11 8 4 5 10 
[00229251] 7 | 1 9 _ 0 10 3 _ 11 _ _ _ _ 
[00229252] 6 | 1 9 _ 0 10 3 4 11 _ _ _ _ 
[00229253] 5 | 1 9 _ 0 10 3 4 11 6 _ _ _ 
[00229254] 4 | 1 9 5 0 10 3 4 11 6 _ _ _ 
[00229255] 3 | 1 9 5 0 10 3 4 11 6 _ 8 _ 
[00229256] 2 | 1 9 5 0 10 3 4 11 6 8 8 _ 
[00229257] 2 | 1 9 5 0 10 3 4 11 6 _ 8 6 
[00229258] 4 | 1 9 _ 0 10 3 4 11 6 2 _ _ 
[00229259] 3 | 1 9 _ 0 10 3 4 11 6 2 8 _ 
[00229260] 2 | 1 9 7 0 10 3 4 11 6 2 8 _ 
[00229261] 3 | 1 9 _ 0 10 3 4 11 6 2 5 8 
[00229262] 2 | 1 9 7 0 10 3 4 11 6 2 5 8 
[00229263] 3 | 1 9 _ 0 10 3 4 11 6 2 8 5 
[00229264] 2 | 1 9 7 0 10 3 4 11 6 2 8 5 
[00229265] 4 | 1 9 _ 0 10 3 4 11 6 _ 7 _ 
[00229266] 3 | 1 9 6 0 10 3 4 11 6 _ 7 _ 
[00229267] 2 | 1 9 6 0 10 3 4 11 6 _ 7 5 
[00229268] 3 | 1 9 _ 0 10 3 4 11 6 9 7 _ 
[00229269] 2 | 1 9 _ 0 10 3 4 11 6 9 7 5 
[00229270] 5 | 1 9 _ 0 10 3 4 11 2 7 _ _ 
[00229271] 4 | 1 9 5 0 10 3 4 11 2 7 _ _ 
[00229272] 3 | 1 9 5 0 10 3 4 11 2 7 8 _ 
[00229273] 2 | 1 9 5 0 10 3 4 11 2 7 8 6 
[00229274] 5 | 1 9 _ 0 10 3 4 11 7 2 _ _ 
[00229275] 4 | 1 9 5 0 10 3 4 11 7 2 _ _ 
[00229276] 3 | 1 9 5 0 10 3 4 11 7 2 8 _ 
[00229277] 2 | 1 9 5 0 10 3 4 11 7 2 8 6 
[00229278] 5 | 1 9 _ 0 10 3 4 11 _ _ 6 _ 
[00229279] 4 | 1 9 5 0 10 3 4 11 _ _ 6 _ 
[00229280] 3 | 1 9 5 0 10 3 4 11 8 _ 6 _ 
[00229281] 2 | 1 9 5 0 10 3 4 11 8 6 6 _ 
[00229282] 2 | 1 9 5 0 10 3 4 11 8 _ 6 8 
[00229283] 4 | 1 9 _ 0 10 3 4 11 7 _ 6 _ 
[00229284] 3 | 1 9 6 0 10 3 4 11 7 _ 6 _ 
[00229285] 2 | 1 9 6 0 10 3 4 11 7 5 6 _ 
[00229286] 3 | 1 9 _ 0 10 3 4 11 7 _ 6 9 
[00229287] 2 | 1 9 _ 0 10 3 4 11 7 5 6 9 
[00229288] 4 | 1 9 _ 0 10 3 4 11 _ _ 6 2 
[00229289] 3 | 1 9 _ 0 10 3 4 11 8 _ 6 2 
[00229290] 2 | 1 9 7 0 10 3 4 11 8 _ 6 2 
[00229291] 3 | 1 9 _ 0 10 3 4 11 5 8 6 2 
[00229292] 2 | 1 9 7 0 10 3 4 11 5 8 6 2 
[00229293] 3 | 1 9 _ 0 10 3 4 11 8 5 6 2 
[00229294] 2 | 1 9 7 0 10 3 4 11 8 5 6 2 
[00229295] 5 | 1 9 _ 0 10 3 4 11 _ _ 2 7 
[00229296] 4 | 1 9 5 0 10 3 4 11 _ _ 2 7 
[00229297] 3 | 1 9 5 0 10 3 4 11 8 _ 2 7 
[00229298] 2 | 1 9 5 0 10 3 4 11 8 6 2 7 
[00229299] 5 | 1 9 _ 0 10 3 4 11 _ _ 7 2 
[00229300] 4 | 1 9 5 0 10 3 4 11 _ _ 7 2 
[00229301] 3 | 1 9 5 0 10 3 4 11 8 _ 7 2 
[00229302] 2 | 1 9 5 0 10 3 4 11 8 6 7 2 
[00229303] 6 | 1 9 _ 0 10 3 _ 11 5 _ _ _ 
[00229304] 5 | 1 9 4 0 10 3 _ 11 5 _ _ _ 
[00229305] 4 | 1 9 4 0 10 3 6 11 5 _ _ _ 
[00229306] 3 | 1 9 4 0 10 3 6 11 5 2 _ _ 
[00229307] 3 | 1 9 4 0 10 3 6 11 5 8 _ _ 
[00229308] 3 | 1 9 4 0 10 3 6 11 5 _ 8 _ 
[00229309] 2 | 1 9 4 0 10 3 6 11 5 7 8 _ 
[00229310] 4 | 1 9 4 0 10 3 _ 11 5 _ 7 _ 
[00229311] 3 | 1 9 4 0 10 3 7 11 5 _ 7 _ 
[00229312] 3 | 1 9 4 0 10 3 _ 11 5 2 7 _ 
[00229313] 2 | 1 9 4 0 10 3 8 11 5 2 7 _ 
[00229314] 1 | 1 9 4 0 10 3 8 11 5 2 7 6  *Graceful*
[00229314] 3 | 1 9 4 0 10 3 _ 11 5 8 7 _ 
[00229315] 3 | 1 9 4 0 10 3 _ 11 5 _ 7 10 
[00229316] 4 | 1 9 4 0 10 3 _ 11 5 _ 2 6 
[00229317] 3 | 1 9 4 0 10 3 7 11 5 _ 2 6 
[00229318] 3 | 1 9 4 0 10 3 _ 11 5 8 2 6 
[00229319] 4 | 1 9 4 0 10 3 _ 11 5 _ 6 2 
[00229320] 3 | 1 9 4 0 10 3 7 11 5 _ 6 2 
[00229321] 3 | 1 9 4 0 10 3 _ 11 5 8 6 2 
[00229322] 5 | 1 9 _ 0 10 3 5 11 5 _ _ _ 
[00229323] 4 | 1 9 _ 0 10 3 5 11 5 _ 7 _ 
[00229324] 3 | 1 9 6 0 10 3 5 11 5 _ 7 _ 
[00229325] 3 | 1 9 _ 0 10 3 5 11 5 _ 7 4 
[00229326] 4 | 1 9 _ 0 10 3 5 11 5 _ 2 6 
[00229327] 4 | 1 9 _ 0 10 3 5 11 5 _ 4 8 
[00229328] 3 | 1 9 6 0 10 3 5 11 5 _ 4 8 
[00229329] 4 | 1 9 _ 0 10 3 5 11 5 _ 6 2 
[00229330] 4 | 1 9 _ 0 10 3 5 11 5 _ 8 4 
[00229331] 3 | 1 9 6 0 10 3 5 11 5 _ 8 4 
[00229332] 5 | 1 9 _ 0 10 3 _ 11 5 10 _ _ 
[00229333] 4 | 1 9 _ 0 10 3 _ 11 5 10 7 _ 
[00229334] 3 | 1 9 6 0 10 3 _ 11 5 10 7 _ 
[00229335] 3 | 1 9 _ 0 10 3 _ 11 5 10 7 4 
[00229336] 4 | 1 9 _ 0 10 3 _ 11 5 10 2 6 
[00229337] 4 | 1 9 _ 0 10 3 _ 11 5 10 4 8 
[00229338] 3 | 1 9 6 0 10 3 _ 11 5 10 4 8 
[00229339] 4 | 1 9 _ 0 10 3 _ 11 5 10 6 2 
[00229340] 4 | 1 9 _ 0 10 3 _ 11 5 10 8 4 
[00229341] 3 | 1 9 6 0 10 3 _ 11 5 10 8 4 
[00229342] 5 | 1 9 _ 0 10 3 _ 11 5 _ 6 _ 
[00229343] 4 | 1 9 5 0 10 3 _ 11 5 _ 6 _ 
[00229344] 3 | 1 9 5 0 10 3 7 11 5 _ 6 _ 
[00229345] 2 | 1 9 5 0 10 3 7 11 5 _ 6 4 
[00229346] 2 | 1 9 5 0 10 3 7 11 5 _ 6 8 
[00229347] 4 | 1 9 _ 0 10 3 6 11 5 _ 6 _ 
[00229348] 3 | 1 9 _ 0 10 3 6 11 5 2 6 _ 
[00229349] 2 | 1 9 7 0 10 3 6 11 5 2 6 _ 
[00229350] 3 | 1 9 _ 0 10 3 6 11 5 8 6 _ 
[00229351] 2 | 1 9 7 0 10 3 6 11 5 8 6 _ 
[00229352] 4 | 1 9 _ 0 10 3 _ 11 5 9 6 _ 
[00229353] 3 | 1 9 _ 0 10 3 7 11 5 9 6 _ 
[00229354] 2 | 1 9 _ 0 10 3 7 11 5 9 6 4 
[00229355] 2 | 1 9 _ 0 10 3 7 11 5 9 6 8 
[00229356] 4 | 1 9 _ 0 10 3 _ 11 5 _ 6 2 
[00229357] 3 | 1 9 _ 0 10 3 7 11 5 _ 6 2 
[00229358] 3 | 1 9 _ 0 10 3 _ 11 5 8 6 2 
[00229359] 2 | 1 9 7 0 10 3 _ 11 5 8 6 2 
[00229360] 4 | 1 9 _ 0 10 3 _ 11 5 _ 6 10 
[00229361] 3 | 1 9 _ 0 10 3 _ 11 5 2 6 10 
[00229362] 2 | 1 9 7 0 10 3 _ 11 5 2 6 10 
[00229363] 3 | 1 9 _ 0 10 3 _ 11 5 8 6 10 
[00229364] 2 | 1 9 7 0 10 3 _ 11 5 8 6 10 
[00229365] 5 | 1 9 _ 0 10 3 _ 11 5 _ 2 7 
[00229366] 4 | 1 9 5 0 10 3 _ 11 5 _ 2 7 
[00229367] 4 | 1 9 _ 0 10 3 6 11 5 _ 2 7 
[00229368] 3 | 1 9 _ 0 10 3 6 11 5 8 2 7 
[00229369] 4 | 1 9 _ 0 10 3 _ 11 5 9 2 7 
[00229370] 5 | 1 9 _ 0 10 3 _ 11 5 _ 7 2 
[00229371] 4 | 1 9 5 0 10 3 _ 11 5 _ 7 2 
[00229372] 4 | 1 9 _ 0 10 3 6 11 5 _ 7 2 
[00229373] 3 | 1 9 _ 0 10 3 6 11 5 8 7 2 
[00229374] 4 | 1 9 _ 0 10 3 _ 11 5 9 7 2 
[00229375] 6 | 1 9 _ 0 10 3 _ 11 2 8 _ _ 
[00229376] 5 | 1 9 4 0 10 3 _ 11 2 8 _ _ 
[00229377] 4 | 1 9 4 0 10 3 6 11 2 8 _ _ 
[00229378] 4 | 1 9 4 0 10 3 _ 11 2 8 7 _ 
[00229379] 3 | 1 9 4 0 10 3 7 11 2 8 7 _ 
[00229380] 3 | 1 9 4 0 10 3 _ 11 2 8 7 10 
[00229381] 5 | 1 9 _ 0 10 3 5 11 2 8 _ _ 
[00229382] 4 | 1 9 _ 0 10 3 5 11 2 8 7 _ 
[00229383] 3 | 1 9 6 0 10 3 5 11 2 8 7 _ 
[00229384] 3 | 1 9 _ 0 10 3 5 11 2 8 7 4 
[00229385] 5 | 1 9 _ 0 10 3 _ 11 2 8 6 _ 
[00229386] 4 | 1 9 5 0 10 3 _ 11 2 8 6 _ 
[00229387] 3 | 1 9 5 0 10 3 7 11 2 8 6 _ 
[00229388] 2 | 1 9 5 0 10 3 7 11 2 8 6 4 
[00229389] 4 | 1 9 _ 0 10 3 6 11 2 8 6 _ 
[00229390] 4 | 1 9 _ 0 10 3 _ 11 2 8 6 10 
[00229391] 6 | 1 9 _ 0 10 3 _ 11 8 2 _ _ 
[00229392] 5 | 1 9 4 0 10 3 _ 11 8 2 _ _ 
[00229393] 4 | 1 9 4 0 10 3 6 11 8 2 _ _ 
[00229394] 4 | 1 9 4 0 10 3 _ 11 8 2 7 _ 
[00229395] 3 | 1 9 4 0 10 3 7 11 8 2 7 _ 
[00229396] 3 | 1 9 4 0 10 3 _ 11 8 2 7 10 
[00229397] 5 | 1 9 _ 0 10 3 5 11 8 2 _ _ 
[00229398] 4 | 1 9 _ 0 10 3 5 11 8 2 7 _ 
[00229399] 3 | 1 9 6 0 10 3 5 11 8 2 7 _ 
[00229400] 3 | 1 9 _ 0 10 3 5 11 8 2 7 4 
[00229401] 5 | 1 9 _ 0 10 3 _ 11 8 2 6 _ 
[00229402] 4 | 1 9 5 0 10 3 _ 11 8 2 6 _ 
[00229403] 3 | 1 9 5 0 10 3 7 11 8 2 6 _ 
[00229404] 2 | 1 9 5 0 10 3 7 11 8 2 6 4 
[00229405] 4 | 1 9 _ 0 10 3 6 11 8 2 6 _ 
[00229406] 4 | 1 9 _ 0 10 3 _ 11 8 2 6 10 
[00229407] 6 | 1 9 _ 0 10 3 _ 11 _ _ 5 _ 
[00229408] 5 | 1 9 4 0 10 3 _ 11 _ _ 5 _ 
[00229409] 4 | 1 9 4 0 10 3 6 11 _ _ 5 _ 
[00229410] 3 | 1 9 4 0 10 3 6 11 8 _ 5 _ 
[00229411] 2 | 1 9 4 0 10 3 6 11 8 _ 5 7 
[00229412] 3 | 1 9 4 0 10 3 6 11 _ _ 5 2 
[00229413] 3 | 1 9 4 0 10 3 6 11 _ _ 5 8 
[00229414] 4 | 1 9 4 0 10 3 _ 11 7 _ 5 _ 
[00229415] 3 | 1 9 4 0 10 3 7 11 7 _ 5 _ 
[00229416] 3 | 1 9 4 0 10 3 _ 11 7 10 5 _ 
[00229417] 3 | 1 9 4 0 10 3 _ 11 7 _ 5 2 
[00229418] 2 | 1 9 4 0 10 3 8 11 7 _ 5 2 
[00229419] 1 | 1 9 4 0 10 3 8 11 7 6 5 2  *Graceful*
[00229419] 3 | 1 9 4 0 10 3 _ 11 7 _ 5 8 
[00229420] 4 | 1 9 4 0 10 3 _ 11 2 6 5 _ 
[00229421] 3 | 1 9 4 0 10 3 7 11 2 6 5 _ 
[00229422] 3 | 1 9 4 0 10 3 _ 11 2 6 5 8 
[00229423] 4 | 1 9 4 0 10 3 _ 11 6 2 5 _ 
[00229424] 3 | 1 9 4 0 10 3 7 11 6 2 5 _ 
[00229425] 3 | 1 9 4 0 10 3 _ 11 6 2 5 8 
[00229426] 5 | 1 9 _ 0 10 3 5 11 _ _ 5 _ 
[00229427] 4 | 1 9 _ 0 10 3 5 11 7 _ 5 _ 
[00229428] 3 | 1 9 6 0 10 3 5 11 7 _ 5 _ 
[00229429] 3 | 1 9 _ 0 10 3 5 11 7 4 5 _ 
[00229430] 4 | 1 9 _ 0 10 3 5 11 2 6 5 _ 
[00229431] 4 | 1 9 _ 0 10 3 5 11 4 8 5 _ 
[00229432] 3 | 1 9 6 0 10 3 5 11 4 8 5 _ 
[00229433] 4 | 1 9 _ 0 10 3 5 11 6 2 5 _ 
[00229434] 4 | 1 9 _ 0 10 3 5 11 8 4 5 _ 
[00229435] 3 | 1 9 6 0 10 3 5 11 8 4 5 _ 
[00229436] 5 | 1 9 _ 0 10 3 _ 11 6 _ 5 _ 
[00229437] 4 | 1 9 5 0 10 3 _ 11 6 _ 5 _ 
[00229438] 3 | 1 9 5 0 10 3 7 11 6 _ 5 _ 
[00229439] 2 | 1 9 5 0 10 3 7 11 6 4 5 _ 
[00229440] 2 | 1 9 5 0 10 3 7 11 6 8 5 _ 
[00229441] 4 | 1 9 _ 0 10 3 6 11 6 _ 5 _ 
[00229442] 3 | 1 9 _ 0 10 3 6 11 6 _ 5 2 
[00229443] 2 | 1 9 7 0 10 3 6 11 6 _ 5 2 
[00229444] 3 | 1 9 _ 0 10 3 6 11 6 _ 5 8 
[00229445] 2 | 1 9 7 0 10 3 6 11 6 _ 5 8 
[00229446] 4 | 1 9 _ 0 10 3 _ 11 6 2 5 _ 
[00229447] 3 | 1 9 _ 0 10 3 7 11 6 2 5 _ 
[00229448] 3 | 1 9 _ 0 10 3 _ 11 6 2 5 8 
[00229449] 2 | 1 9 7 0 10 3 _ 11 6 2 5 8 
[00229450] 4 | 1 9 _ 0 10 3 _ 11 6 10 5 _ 
[00229451] 3 | 1 9 _ 0 10 3 _ 11 6 10 5 2 
[00229452] 2 | 1 9 7 0 10 3 _ 11 6 10 5 2 
[00229453] 3 | 1 9 _ 0 10 3 _ 11 6 10 5 8 
[00229454] 2 | 1 9 7 0 10 3 _ 11 6 10 5 8 
[00229455] 4 | 1 9 _ 0 10 3 _ 11 6 _ 5 9 
[00229456] 3 | 1 9 _ 0 10 3 7 11 6 _ 5 9 
[00229457] 2 | 1 9 _ 0 10 3 7 11 6 4 5 9 
[00229458] 2 | 1 9 _ 0 10 3 7 11 6 8 5 9 
[00229459] 5 | 1 9 _ 0 10 3 _ 11 2 7 5 _ 
[00229460] 4 | 1 9 5 0 10 3 _ 11 2 7 5 _ 
[00229461] 4 | 1 9 _ 0 10 3 6 11 2 7 5 _ 
[00229462] 3 | 1 9 _ 0 10 3 6 11 2 7 5 8 
[00229463] 4 | 1 9 _ 0 10 3 _ 11 2 7 5 9 
[00229464] 5 | 1 9 _ 0 10 3 _ 11 7 2 5 _ 
[00229465] 4 | 1 9 5 0 10 3 _ 11 7 2 5 _ 
[00229466] 4 | 1 9 _ 0 10 3 6 11 7 2 5 _ 
[00229467] 3 | 1 9 _ 0 10 3 6 11 7 2 5 8 
[00229468] 4 | 1 9 _ 0 10 3 _ 11 7 2 5 9 
[00229469] 5 | 1 9 _ 0 10 3 _ 11 _ _ 5 10 
[00229470] 4 | 1 9 _ 0 10 3 _ 11 7 _ 5 10 
[00229471] 3 | 1 9 6 0 10 3 _ 11 7 _ 5 10 
[00229472] 3 | 1 9 _ 0 10 3 _ 11 7 4 5 10 
[00229473] 4 | 1 9 _ 0 10 3 _ 11 2 6 5 10 
[00229474] 4 | 1 9 _ 0 10 3 _ 11 4 8 5 10 
[00229475] 3 | 1 9 6 0 10 3 _ 11 4 8 5 10 
[00229476] 4 | 1 9 _ 0 10 3 _ 11 6 2 5 10 
[00229477] 4 | 1 9 _ 0 10 3 _ 11 8 4 5 10 
[00229478] 3 | 1 9 6 0 10 3 _ 11 8 4 5 10 
[00229479] 6 | 1 9 _ 0 10 3 _ 11 _ _ 2 8 
[00229480] 5 | 1 9 4 0 10 3 _ 11 _ _ 2 8 
[00229481] 4 | 1 9 4 0 10 3 6 11 _ _ 2 8 
[00229482] 4 | 1 9 4 0 10 3 _ 11 7 _ 2 8 
[00229483] 3 | 1 9 4 0 10 3 7 11 7 _ 2 8 
[00229484] 3 | 1 9 4 0 10 3 _ 11 7 10 2 8 
[00229485] 5 | 1 9 _ 0 10 3 5 11 _ _ 2 8 
[00229486] 4 | 1 9 _ 0 10 3 5 11 7 _ 2 8 
[00229487] 3 | 1 9 6 0 10 3 5 11 7 _ 2 8 
[00229488] 3 | 1 9 _ 0 10 3 5 11 7 4 2 8 
[00229489] 5 | 1 9 _ 0 10 3 _ 11 6 _ 2 8 
[00229490] 4 | 1 9 5 0 10 3 _ 11 6 _ 2 8 
[00229491] 3 | 1 9 5 0 10 3 7 11 6 _ 2 8 
[00229492] 2 | 1 9 5 0 10 3 7 11 6 4 2 8 
[00229493] 4 | 1 9 _ 0 10 3 6 11 6 _ 2 8 
[00229494] 4 | 1 9 _ 0 10 3 _ 11 6 10 2 8 
[00229495] 6 | 1 9 _ 0 10 3 _ 11 _ _ 8 2 
[00229496] 5 | 1 9 4 0 10 3 _ 11 _ _ 8 2 
[00229497] 4 | 1 9 4 0 10 3 6 11 _ _ 8 2 
[00229498] 4 | 1 9 4 0 10 3 _ 11 7 _ 8 2 
[00229499] 3 | 1 9 4 0 10 3 7 11 7 _ 8 2 
[00229500] 3 | 1 9 4 0 10 3 _ 11 7 10 8 2 
[00229501] 5 | 1 9 _ 0 10 3 5 11 _ _ 8 2 
[00229502] 4 | 1 9 _ 0 10 3 5 11 7 _ 8 2 
[00229503] 3 | 1 9 6 0 10 3 5 11 7 _ 8 2 
[00229504] 3 | 1 9 _ 0 10 3 5 11 7 4 8 2 
[00229505] 5 | 1 9 _ 0 10 3 _ 11 6 _ 8 2 
[00229506] 4 | 1 9 5 0 10 3 _ 11 6 _ 8 2 
[00229507] 3 | 1 9 5 0 10 3 7 11 6 _ 8 2 
[00229508] 2 | 1 9 5 0 10 3 7 11 6 4 8 2 
[00229509] 4 | 1 9 _ 0 10 3 6 11 6 _ 8 2 
[00229510] 4 | 1 9 _ 0 10 3 _ 11 6 10 8 2 
[00229511] 7 | 1 9 _ 0 10 _ 3 11 _ _ _ _ 
[00229512] 6 | 1 9 _ 0 10 4 3 11 _ _ _ _ 
[00229513] 5 | 1 9 _ 0 10 4 3 11 6 _ _ _ 
[00229514] 4 | 1 9 5 0 10 4 3 11 6 _ _ _ 
[00229515] 3 | 1 9 5 0 10 4 3 11 6 _ 8 _ 
[00229516] 2 | 1 9 5 0 10 4 3 11 6 8 8 _ 
[00229517] 2 | 1 9 5 0 10 4 3 11 6 _ 8 6 
[00229518] 4 | 1 9 _ 0 10 4 3 11 6 2 _ _ 
[00229519] 3 | 1 9 _ 0 10 4 3 11 6 2 8 _ 
[00229520] 2 | 1 9 7 0 10 4 3 11 6 2 8 _ 
[00229521] 3 | 1 9 _ 0 10 4 3 11 6 2 5 8 
[00229522] 2 | 1 9 7 0 10 4 3 11 6 2 5 8 
[00229523] 3 | 1 9 _ 0 10 4 3 11 6 2 8 5 
[00229524] 2 | 1 9 7 0 10 4 3 11 6 2 8 5 
[00229525] 4 | 1 9 _ 0 10 4 3 11 6 _ 7 _ 
[00229526] 3 | 1 9 6 0 10 4 3 11 6 _ 7 _ 
[00229527] 2 | 1 9 6 0 10 4 3 11 6 _ 7 5 
[00229528] 3 | 1 9 _ 0 10 4 3 11 6 9 7 _ 
[00229529] 2 | 1 9 _ 0 10 4 3 11 6 9 7 5 
[00229530] 5 | 1 9 _ 0 10 4 3 11 2 7 _ _ 
[00229531] 4 | 1 9 5 0 10 4 3 11 2 7 _ _ 
[00229532] 3 | 1 9 5 0 10 4 3 11 2 7 8 _ 
[00229533] 2 | 1 9 5 0 10 4 3 11 2 7 8 6 
[00229534] 5 | 1 9 _ 0 10 4 3 11 7 2 _ _ 
[00229535] 4 | 1 9 5 0 10 4 3 11 7 2 _ _ 
[00229536] 3 | 1 9 5 0 10 4 3 11 7 2 8 _ 
[00229537] 2 | 1 9 5 0 10 4 3 11 7 2 8 6 
[00229538] 5 | 1 9 _ 0 10 4 3 11 _ _ 6 _ 
[00229539] 4 | 1 9 5 0 10 4 3 11 _ _ 6 _ 
[00229540] 3 | 1 9 5 0 10 4 3 11 8 _ 6 _ 
[00229541] 2 | 1 9 5 0 10 4 3 11 8 6 6 _ 
[00229542] 2 | 1 9 5 0 10 4 3 11 8 _ 6 8 
