[00340638] 8 | _ 1 9 10 _ _ _ 0 11 2 _ _ 
[00340639] 8 | _ 9 1 10 _ _ _ 0 11 2 _ _ 
[00340640] 7 | _ 9 1 10 3 _ _ 0 11 2 _ _ 
[00340641] 6 | 3 9 1 10 3 _ _ 0 11 2 _ _ 
[00340642] 5 | 3 9 1 10 3 _ _ 0 11 2 5 _ 
[00340643] 6 | _ 9 1 10 3 9 _ 0 11 2 _ _ 
[00340644] 5 | _ 9 1 10 3 9 8 0 11 2 _ _ 
[00340645] 4 | _ 9 1 10 3 9 8 0 11 2 4 _ 
[00340646] 3 | _ 9 1 10 3 9 8 0 11 2 4 7 
[00340647] 5 | _ 9 1 10 3 9 _ 0 11 2 5 _ 
[00340648] 4 | _ 9 1 10 3 9 7 0 11 2 5 _ 
[00340649] 3 | _ 9 1 10 3 9 7 0 11 2 5 8 
[00340650] 6 | _ 9 1 10 3 _ 9 0 11 2 _ _ 
[00340651] 5 | _ 9 1 10 3 8 9 0 11 2 _ _ 
[00340652] 4 | _ 9 1 10 3 8 9 0 11 2 4 _ 
[00340653] 3 | _ 9 1 10 3 8 9 0 11 2 4 7 
[00340654] 5 | _ 9 1 10 3 _ 9 0 11 2 5 _ 
[00340655] 4 | _ 9 1 10 3 7 9 0 11 2 5 _ 
[00340656] 3 | _ 9 1 10 3 7 9 0 11 2 5 8 
[00340657] 6 | _ 9 1 10 3 _ _ 0 11 2 6 _ 
[00340658] 5 | 4 9 1 10 3 _ _ 0 11 2 6 _ 
[00340659] 4 | 4 9 1 10 3 7 _ 0 11 2 6 _ 
[00340660] 3 | 4 9 1 10 3 7 6 0 11 2 6 _ 
[00340661] 3 | 4 9 1 10 3 7 _ 0 11 2 6 3 
[00340662] 4 | 4 9 1 10 3 _ 7 0 11 2 6 _ 
[00340663] 3 | 4 9 1 10 3 6 7 0 11 2 6 _ 
[00340664] 3 | 4 9 1 10 3 _ 7 0 11 2 6 3 
[00340665] 5 | _ 9 1 10 3 8 _ 0 11 2 6 _ 
[00340666] 4 | 5 9 1 10 3 8 _ 0 11 2 6 _ 
[00340667] 3 | 5 9 1 10 3 8 6 0 11 2 6 _ 
[00340668] 3 | 5 9 1 10 3 8 _ 0 11 2 6 3 
[00340669] 4 | _ 9 1 10 3 8 7 0 11 2 6 _ 
[00340670] 3 | 6 9 1 10 3 8 7 0 11 2 6 _ 
[00340671] 3 | _ 9 1 10 3 8 7 0 11 2 6 9 
[00340672] 5 | _ 9 1 10 3 _ 8 0 11 2 6 _ 
[00340673] 4 | 5 9 1 10 3 _ 8 0 11 2 6 _ 
[00340674] 3 | 5 9 1 10 3 6 8 0 11 2 6 _ 
[00340675] 3 | 5 9 1 10 3 _ 8 0 11 2 6 3 
[00340676] 4 | _ 9 1 10 3 7 8 0 11 2 6 _ 
[00340677] 3 | 6 9 1 10 3 7 8 0 11 2 6 _ 
[00340678] 3 | _ 9 1 10 3 7 8 0 11 2 6 9 
[00340679] 7 | _ 9 1 10 _ _ _ 0 11 2 7 _ 
[00340680] 6 | 3 9 1 10 _ _ _ 0 11 2 7 _ 
[00340681] 5 | 3 9 1 10 5 _ _ 0 11 2 7 _ 
[00340682] 6 | _ 9 1 10 4 _ _ 0 11 2 7 _ 
[00340683] 5 | 4 9 1 10 4 _ _ 0 11 2 7 _ 
[00340684] 4 | 4 9 1 10 4 _ _ 0 11 2 7 3 
[00340685] 5 | _ 9 1 10 4 9 _ 0 11 2 7 _ 
[00340686] 4 | _ 9 1 10 4 9 8 0 11 2 7 _ 
[00340687] 4 | _ 9 1 10 4 9 _ 0 11 2 7 3 
[00340688] 5 | _ 9 1 10 4 _ 9 0 11 2 7 _ 
[00340689] 4 | _ 9 1 10 4 8 9 0 11 2 7 _ 
[00340690] 4 | _ 9 1 10 4 _ 9 0 11 2 7 3 
[00340691] 8 | _ _ _ 10 1 9 _ 0 11 2 _ _ 
[00340692] 7 | _ 3 _ 10 1 9 _ 0 11 2 _ _ 
[00340693] 6 | _ 3 _ 10 1 9 7 0 11 2 _ _ 
[00340694] 5 | 8 3 _ 10 1 9 7 0 11 2 _ _ 
[00340695] 4 | 8 3 _ 10 1 9 7 0 11 2 4 _ 
[00340696] 3 | 8 3 6 10 1 9 7 0 11 2 4 _ 
[00340697] 5 | _ 3 8 10 1 9 7 0 11 2 _ _ 
[00340698] 4 | _ 3 8 10 1 9 7 0 11 2 4 _ 
[00340699] 3 | 6 3 8 10 1 9 7 0 11 2 4 _ 
[00340700] 5 | _ 3 _ 10 1 9 7 0 11 2 5 _ 
[00340701] 6 | _ 3 _ 10 1 9 _ 0 11 2 6 _ 
[00340702] 5 | 8 3 _ 10 1 9 _ 0 11 2 6 _ 
[00340703] 4 | 8 3 7 10 1 9 _ 0 11 2 6 _ 
[00340704] 3 | 8 3 7 10 1 9 4 0 11 2 6 _ 
[00340705] 4 | 8 3 _ 10 1 9 5 0 11 2 6 _ 
[00340706] 3 | 8 3 6 10 1 9 5 0 11 2 6 _ 
[00340707] 3 | 8 3 _ 10 1 9 5 0 11 2 6 3 
[00340708] 5 | _ 3 8 10 1 9 _ 0 11 2 6 _ 
[00340709] 4 | 7 3 8 10 1 9 _ 0 11 2 6 _ 
[00340710] 3 | 7 3 8 10 1 9 4 0 11 2 6 _ 
[00340711] 4 | _ 3 8 10 1 9 5 0 11 2 6 _ 
[00340712] 3 | 6 3 8 10 1 9 5 0 11 2 6 _ 
[00340713] 3 | _ 3 8 10 1 9 5 0 11 2 6 3 
[00340714] 5 | _ 3 _ 10 1 9 6 0 11 2 6 _ 
[00340715] 4 | 7 3 _ 10 1 9 6 0 11 2 6 _ 
[00340716] 4 | _ 3 7 10 1 9 6 0 11 2 6 _ 
[00340717] 5 | _ 3 _ 10 1 9 _ 0 11 2 6 1 
[00340718] 4 | 7 3 _ 10 1 9 _ 0 11 2 6 1 
[00340719] 4 | _ 3 7 10 1 9 _ 0 11 2 6 1 
[00340720] 7 | _ _ _ 10 1 9 8 0 11 2 _ _ 
[00340721] 6 | _ 4 _ 10 1 9 8 0 11 2 _ _ 
[00340722] 5 | _ 4 _ 10 1 9 8 0 11 2 5 _ 
[00340723] 6 | _ _ _ 10 1 9 8 0 11 2 6 _ 
[00340724] 5 | _ 5 _ 10 1 9 8 0 11 2 6 _ 
[00340725] 7 | _ _ _ 10 1 9 _ 0 11 2 7 _ 
[00340726] 6 | _ 4 _ 10 1 9 _ 0 11 2 7 _ 
[00340727] 5 | _ 4 _ 10 1 9 6 0 11 2 7 _ 
[00340728] 4 | 8 4 _ 10 1 9 6 0 11 2 7 _ 
[00340729] 3 | 8 4 7 10 1 9 6 0 11 2 7 _ 
[00340730] 3 | 8 4 _ 10 1 9 6 0 11 2 7 4 
[00340731] 4 | _ 4 8 10 1 9 6 0 11 2 7 _ 
[00340732] 3 | 7 4 8 10 1 9 6 0 11 2 7 _ 
[00340733] 3 | _ 4 8 10 1 9 6 0 11 2 7 4 
[00340734] 4 | _ 4 _ 10 1 9 6 0 11 2 7 3 
[00340735] 6 | _ _ _ 10 1 9 7 0 11 2 7 _ 
[00340736] 5 | 3 8 _ 10 1 9 7 0 11 2 7 _ 
[00340737] 4 | 3 8 4 10 1 9 7 0 11 2 7 _ 
[00340738] 5 | 8 3 _ 10 1 9 7 0 11 2 7 _ 
[00340739] 5 | _ 3 8 10 1 9 7 0 11 2 7 _ 
[00340740] 5 | _ 8 3 10 1 9 7 0 11 2 7 _ 
[00340741] 4 | 4 8 3 10 1 9 7 0 11 2 7 _ 
[00340742] 5 | _ 5 _ 10 1 9 7 0 11 2 7 _ 
[00340743] 6 | _ _ _ 10 1 9 _ 0 11 2 7 1 
[00340744] 5 | 3 8 _ 10 1 9 _ 0 11 2 7 1 
[00340745] 4 | 3 8 4 10 1 9 _ 0 11 2 7 1 
[00340746] 5 | 8 3 _ 10 1 9 _ 0 11 2 7 1 
[00340747] 5 | _ 3 8 10 1 9 _ 0 11 2 7 1 
[00340748] 5 | _ 8 3 10 1 9 _ 0 11 2 7 1 
[00340749] 4 | 4 8 3 10 1 9 _ 0 11 2 7 1 
[00340750] 5 | _ 5 _ 10 1 9 _ 0 11 2 7 1 
[00340751] 8 | _ _ _ 10 9 1 _ 0 11 2 _ _ 
[00340752] 7 | _ 3 _ 10 9 1 _ 0 11 2 _ _ 
[00340753] 6 | 9 3 _ 10 9 1 _ 0 11 2 _ _ 
[00340754] 5 | 9 3 8 10 9 1 _ 0 11 2 _ _ 
[00340755] 4 | 9 3 8 10 9 1 _ 0 11 2 4 _ 
[00340756] 3 | 9 3 8 10 9 1 _ 0 11 2 4 7 
[00340757] 5 | 9 3 _ 10 9 1 _ 0 11 2 5 _ 
[00340758] 4 | 9 3 7 10 9 1 _ 0 11 2 5 _ 
[00340759] 3 | 9 3 7 10 9 1 _ 0 11 2 5 8 
[00340760] 6 | _ 3 9 10 9 1 _ 0 11 2 _ _ 
[00340761] 5 | 8 3 9 10 9 1 _ 0 11 2 _ _ 
[00340762] 4 | 8 3 9 10 9 1 _ 0 11 2 4 _ 
[00340763] 3 | 8 3 9 10 9 1 _ 0 11 2 4 7 
[00340764] 5 | _ 3 9 10 9 1 _ 0 11 2 5 _ 
[00340765] 4 | 7 3 9 10 9 1 _ 0 11 2 5 _ 
[00340766] 3 | 7 3 9 10 9 1 _ 0 11 2 5 8 
[00340767] 6 | _ 3 _ 10 9 1 3 0 11 2 _ _ 
[00340768] 5 | _ 3 _ 10 9 1 3 0 11 2 5 _ 
[00340769] 6 | _ 3 _ 10 9 1 _ 0 11 2 6 _ 
[00340770] 5 | 8 3 _ 10 9 1 _ 0 11 2 6 _ 
[00340771] 4 | 8 3 7 10 9 1 _ 0 11 2 6 _ 
[00340772] 3 | 8 3 7 10 9 1 6 0 11 2 6 _ 
[00340773] 3 | 8 3 7 10 9 1 _ 0 11 2 6 9 
[00340774] 4 | 8 3 _ 10 9 1 5 0 11 2 6 _ 
[00340775] 3 | 8 3 6 10 9 1 5 0 11 2 6 _ 
[00340776] 3 | 8 3 _ 10 9 1 5 0 11 2 6 3 
[00340777] 5 | _ 3 8 10 9 1 _ 0 11 2 6 _ 
[00340778] 4 | 7 3 8 10 9 1 _ 0 11 2 6 _ 
[00340779] 3 | 7 3 8 10 9 1 6 0 11 2 6 _ 
[00340780] 3 | 7 3 8 10 9 1 _ 0 11 2 6 9 
[00340781] 4 | _ 3 8 10 9 1 5 0 11 2 6 _ 
[00340782] 3 | 6 3 8 10 9 1 5 0 11 2 6 _ 
[00340783] 3 | _ 3 8 10 9 1 5 0 11 2 6 3 
[00340784] 5 | _ 3 _ 10 9 1 4 0 11 2 6 _ 
[00340785] 4 | 7 3 _ 10 9 1 4 0 11 2 6 _ 
[00340786] 3 | 7 3 6 10 9 1 4 0 11 2 6 _ 
[00340787] 3 | 7 3 _ 10 9 1 4 0 11 2 6 3 
[00340788] 4 | _ 3 7 10 9 1 4 0 11 2 6 _ 
[00340789] 3 | 6 3 7 10 9 1 4 0 11 2 6 _ 
[00340790] 3 | _ 3 7 10 9 1 4 0 11 2 6 3 
[00340791] 7 | _ _ _ 10 9 1 _ 0 11 2 7 _ 
[00340792] 6 | _ 4 _ 10 9 1 _ 0 11 2 7 _ 
[00340793] 5 | 9 4 _ 10 9 1 _ 0 11 2 7 _ 
[00340794] 4 | 9 4 8 10 9 1 _ 0 11 2 7 _ 
[00340795] 4 | 9 4 _ 10 9 1 _ 0 11 2 7 3 
[00340796] 5 | _ 4 9 10 9 1 _ 0 11 2 7 _ 
[00340797] 4 | 8 4 9 10 9 1 _ 0 11 2 7 _ 
[00340798] 4 | _ 4 9 10 9 1 _ 0 11 2 7 3 
[00340799] 5 | _ 4 _ 10 9 1 4 0 11 2 7 _ 
[00340800] 4 | _ 4 _ 10 9 1 4 0 11 2 7 3 
[00340801] 6 | _ _ _ 10 9 1 3 0 11 2 7 _ 
[00340802] 5 | _ 5 _ 10 9 1 3 0 11 2 7 _ 
[00340803] 8 | _ _ _ 10 1 _ 9 0 11 2 _ _ 
[00340804] 7 | _ 3 _ 10 1 _ 9 0 11 2 _ _ 
[00340805] 6 | _ 3 _ 10 1 7 9 0 11 2 _ _ 
[00340806] 5 | 8 3 _ 10 1 7 9 0 11 2 _ _ 
[00340807] 4 | 8 3 _ 10 1 7 9 0 11 2 4 _ 
[00340808] 3 | 8 3 6 10 1 7 9 0 11 2 4 _ 
[00340809] 5 | _ 3 8 10 1 7 9 0 11 2 _ _ 
[00340810] 4 | _ 3 8 10 1 7 9 0 11 2 4 _ 
[00340811] 3 | 6 3 8 10 1 7 9 0 11 2 4 _ 
[00340812] 5 | _ 3 _ 10 1 7 9 0 11 2 5 _ 
[00340813] 6 | _ 3 _ 10 1 _ 9 0 11 2 6 _ 
[00340814] 5 | 8 3 _ 10 1 _ 9 0 11 2 6 _ 
[00340815] 4 | 8 3 7 10 1 _ 9 0 11 2 6 _ 
[00340816] 3 | 8 3 7 10 1 4 9 0 11 2 6 _ 
[00340817] 4 | 8 3 _ 10 1 5 9 0 11 2 6 _ 
[00340818] 3 | 8 3 6 10 1 5 9 0 11 2 6 _ 
[00340819] 3 | 8 3 _ 10 1 5 9 0 11 2 6 3 
[00340820] 5 | _ 3 8 10 1 _ 9 0 11 2 6 _ 
[00340821] 4 | 7 3 8 10 1 _ 9 0 11 2 6 _ 
[00340822] 3 | 7 3 8 10 1 4 9 0 11 2 6 _ 
[00340823] 4 | _ 3 8 10 1 5 9 0 11 2 6 _ 
[00340824] 3 | 6 3 8 10 1 5 9 0 11 2 6 _ 
[00340825] 3 | _ 3 8 10 1 5 9 0 11 2 6 3 
[00340826] 5 | _ 3 _ 10 1 6 9 0 11 2 6 _ 
[00340827] 4 | 7 3 _ 10 1 6 9 0 11 2 6 _ 
[00340828] 4 | _ 3 7 10 1 6 9 0 11 2 6 _ 
[00340829] 5 | _ 3 _ 10 1 _ 9 0 11 2 6 1 
[00340830] 4 | 7 3 _ 10 1 _ 9 0 11 2 6 1 
[00340831] 4 | _ 3 7 10 1 _ 9 0 11 2 6 1 
[00340832] 7 | _ _ _ 10 1 8 9 0 11 2 _ _ 
[00340833] 6 | _ 4 _ 10 1 8 9 0 11 2 _ _ 
[00340834] 5 | _ 4 _ 10 1 8 9 0 11 2 5 _ 
[00340835] 6 | _ _ _ 10 1 8 9 0 11 2 6 _ 
[00340836] 5 | _ 5 _ 10 1 8 9 0 11 2 6 _ 
[00340837] 7 | _ _ _ 10 1 _ 9 0 11 2 7 _ 
[00340838] 6 | _ 4 _ 10 1 _ 9 0 11 2 7 _ 
[00340839] 5 | _ 4 _ 10 1 6 9 0 11 2 7 _ 
[00340840] 4 | 8 4 _ 10 1 6 9 0 11 2 7 _ 
[00340841] 3 | 8 4 7 10 1 6 9 0 11 2 7 _ 
[00340842] 3 | 8 4 _ 10 1 6 9 0 11 2 7 4 
[00340843] 4 | _ 4 8 10 1 6 9 0 11 2 7 _ 
[00340844] 3 | 7 4 8 10 1 6 9 0 11 2 7 _ 
[00340845] 3 | _ 4 8 10 1 6 9 0 11 2 7 4 
[00340846] 4 | _ 4 _ 10 1 6 9 0 11 2 7 3 
[00340847] 6 | _ _ _ 10 1 7 9 0 11 2 7 _ 
[00340848] 5 | 3 8 _ 10 1 7 9 0 11 2 7 _ 
[00340849] 4 | 3 8 4 10 1 7 9 0 11 2 7 _ 
[00340850] 5 | 8 3 _ 10 1 7 9 0 11 2 7 _ 
[00340851] 5 | _ 3 8 10 1 7 9 0 11 2 7 _ 
[00340852] 5 | _ 8 3 10 1 7 9 0 11 2 7 _ 
[00340853] 4 | 4 8 3 10 1 7 9 0 11 2 7 _ 
[00340854] 5 | _ 5 _ 10 1 7 9 0 11 2 7 _ 
[00340855] 6 | _ _ _ 10 1 _ 9 0 11 2 7 1 
[00340856] 5 | 3 8 _ 10 1 _ 9 0 11 2 7 1 
[00340857] 4 | 3 8 4 10 1 _ 9 0 11 2 7 1 
[00340858] 5 | 8 3 _ 10 1 _ 9 0 11 2 7 1 
[00340859] 5 | _ 3 8 10 1 _ 9 0 11 2 7 1 
[00340860] 5 | _ 8 3 10 1 _ 9 0 11 2 7 1 
[00340861] 4 | 4 8 3 10 1 _ 9 0 11 2 7 1 
[00340862] 5 | _ 5 _ 10 1 _ 9 0 11 2 7 1 
[00340863] 8 | _ _ _ 10 9 _ 1 0 11 2 _ _ 
[00340864] 7 | _ 3 _ 10 9 _ 1 0 11 2 _ _ 
[00340865] 6 | 9 3 _ 10 9 _ 1 0 11 2 _ _ 
[00340866] 5 | 9 3 8 10 9 _ 1 0 11 2 _ _ 
[00340867] 4 | 9 3 8 10 9 _ 1 0 11 2 4 _ 
[00340868] 3 | 9 3 8 10 9 _ 1 0 11 2 4 7 
[00340869] 5 | 9 3 _ 10 9 _ 1 0 11 2 5 _ 
[00340870] 4 | 9 3 7 10 9 _ 1 0 11 2 5 _ 
[00340871] 3 | 9 3 7 10 9 _ 1 0 11 2 5 8 
[00340872] 6 | _ 3 9 10 9 _ 1 0 11 2 _ _ 
[00340873] 5 | 8 3 9 10 9 _ 1 0 11 2 _ _ 
[00340874] 4 | 8 3 9 10 9 _ 1 0 11 2 4 _ 
[00340875] 3 | 8 3 9 10 9 _ 1 0 11 2 4 7 
[00340876] 5 | _ 3 9 10 9 _ 1 0 11 2 5 _ 
[00340877] 4 | 7 3 9 10 9 _ 1 0 11 2 5 _ 
[00340878] 3 | 7 3 9 10 9 _ 1 0 11 2 5 8 
[00340879] 6 | _ 3 _ 10 9 3 1 0 11 2 _ _ 
[00340880] 5 | _ 3 _ 10 9 3 1 0 11 2 5 _ 
[00340881] 6 | _ 3 _ 10 9 _ 1 0 11 2 6 _ 
[00340882] 5 | 8 3 _ 10 9 _ 1 0 11 2 6 _ 
[00340883] 4 | 8 3 7 10 9 _ 1 0 11 2 6 _ 
[00340884] 3 | 8 3 7 10 9 6 1 0 11 2 6 _ 
[00340885] 3 | 8 3 7 10 9 _ 1 0 11 2 6 9 
[00340886] 4 | 8 3 _ 10 9 5 1 0 11 2 6 _ 
[00340887] 3 | 8 3 6 10 9 5 1 0 11 2 6 _ 
[00340888] 3 | 8 3 _ 10 9 5 1 0 11 2 6 3 
[00340889] 5 | _ 3 8 10 9 _ 1 0 11 2 6 _ 
[00340890] 4 | 7 3 8 10 9 _ 1 0 11 2 6 _ 
[00340891] 3 | 7 3 8 10 9 6 1 0 11 2 6 _ 
[00340892] 3 | 7 3 8 10 9 _ 1 0 11 2 6 9 
[00340893] 4 | _ 3 8 10 9 5 1 0 11 2 6 _ 
[00340894] 3 | 6 3 8 10 9 5 1 0 11 2 6 _ 
[00340895] 3 | _ 3 8 10 9 5 1 0 11 2 6 3 
[00340896] 5 | _ 3 _ 10 9 4 1 0 11 2 6 _ 
[00340897] 4 | 7 3 _ 10 9 4 1 0 11 2 6 _ 
[00340898] 3 | 7 3 6 10 9 4 1 0 11 2 6 _ 
[00340899] 3 | 7 3 _ 10 9 4 1 0 11 2 6 3 
[00340900] 4 | _ 3 7 10 9 4 1 0 11 2 6 _ 
[00340901] 3 | 6 3 7 10 9 4 1 0 11 2 6 _ 
[00340902] 3 | _ 3 7 10 9 4 1 0 11 2 6 3 
[00340903] 7 | _ _ _ 10 9 _ 1 0 11 2 7 _ 
[00340904] 6 | _ 4 _ 10 9 _ 1 0 11 2 7 _ 
[00340905] 5 | 9 4 _ 10 9 _ 1 0 11 2 7 _ 
[00340906] 4 | 9 4 8 10 9 _ 1 0 11 2 7 _ 
[00340907] 4 | 9 4 _ 10 9 _ 1 0 11 2 7 3 
[00340908] 5 | _ 4 9 10 9 _ 1 0 11 2 7 _ 
[00340909] 4 | 8 4 9 10 9 _ 1 0 11 2 7 _ 
[00340910] 4 | _ 4 9 10 9 _ 1 0 11 2 7 3 
[00340911] 5 | _ 4 _ 10 9 4 1 0 11 2 7 _ 
[00340912] 4 | _ 4 _ 10 9 4 1 0 11 2 7 3 
[00340913] 6 | _ _ _ 10 9 3 1 0 11 2 7 _ 
[00340914] 5 | _ 5 _ 10 9 3 1 0 11 2 7 _ 
[00340915] 8 | _ _ _ 10 _ _ _ 0 11 2 8 _ 
[00340916] 7 | _ 3 _ 10 _ _ _ 0 11 2 8 _ 
[00340917] 6 | 9 3 _ 10 _ _ _ 0 11 2 8 _ 
[00340918] 5 | 9 3 8 10 _ _ _ 0 11 2 8 _ 
[00340919] 4 | 9 3 8 10 6 _ _ 0 11 2 8 _ 
[00340920] 4 | 9 3 8 10 1 5 _ 0 11 2 8 _ 
[00340921] 3 | 9 3 8 10 1 5 4 0 11 2 8 _ 
[00340922] 4 | 9 3 8 10 5 1 _ 0 11 2 8 _ 
[00340923] 4 | 9 3 8 10 1 _ 5 0 11 2 8 _ 
[00340924] 3 | 9 3 8 10 1 4 5 0 11 2 8 _ 
[00340925] 4 | 9 3 8 10 5 _ 1 0 11 2 8 _ 
[00340926] 5 | 9 3 _ 10 5 _ _ 0 11 2 8 _ 
[00340927] 4 | 9 3 7 10 5 _ _ 0 11 2 8 _ 
[00340928] 3 | 9 3 7 10 5 8 _ 0 11 2 8 _ 
[00340929] 3 | 9 3 7 10 5 _ 8 0 11 2 8 _ 
[00340930] 3 | 9 3 7 10 5 _ _ 0 11 2 8 5 
[00340931] 4 | 9 3 _ 10 5 1 _ 0 11 2 8 _ 
[00340932] 3 | 9 3 6 10 5 1 _ 0 11 2 8 _ 
[00340933] 2 | 9 3 6 10 5 1 7 0 11 2 8 _ 
[00340934] 3 | 9 3 _ 10 5 1 8 0 11 2 8 _ 
[00340935] 3 | 9 3 _ 10 5 1 _ 0 11 2 8 5 
[00340936] 4 | 9 3 _ 10 5 _ 1 0 11 2 8 _ 
[00340937] 3 | 9 3 6 10 5 _ 1 0 11 2 8 _ 
[00340938] 2 | 9 3 6 10 5 7 1 0 11 2 8 _ 
[00340939] 3 | 9 3 _ 10 5 8 1 0 11 2 8 _ 
[00340940] 3 | 9 3 _ 10 5 _ 1 0 11 2 8 5 
[00340941] 4 | 9 3 _ 10 5 _ _ 0 11 2 8 4 
[00340942] 3 | 9 3 6 10 5 _ _ 0 11 2 8 4 
[00340943] 2 | 9 3 6 10 5 7 _ 0 11 2 8 4 
[00340944] 2 | 9 3 6 10 5 _ 7 0 11 2 8 4 
[00340945] 5 | 9 3 _ 10 1 6 _ 0 11 2 8 _ 
[00340946] 4 | 9 3 7 10 1 6 _ 0 11 2 8 _ 
[00340947] 3 | 9 3 7 10 1 6 4 0 11 2 8 _ 
[00340948] 3 | 9 3 7 10 1 6 _ 0 11 2 8 5 
[00340949] 4 | 9 3 _ 10 1 6 5 0 11 2 8 _ 
[00340950] 4 | 9 3 _ 10 1 6 _ 0 11 2 8 4 
[00340951] 5 | 9 3 _ 10 6 1 _ 0 11 2 8 _ 
[00340952] 4 | 9 3 7 10 6 1 _ 0 11 2 8 _ 
[00340953] 3 | 9 3 7 10 6 1 _ 0 11 2 8 5 
[00340954] 2 | 9 3 7 10 6 1 4 0 11 2 8 5 
[00340955] 4 | 9 3 _ 10 6 1 _ 0 11 2 8 4 
[00340956] 3 | 9 3 6 10 6 1 _ 0 11 2 8 4 
[00340957] 3 | 9 3 _ 10 6 1 3 0 11 2 8 4 
[00340958] 5 | 9 3 _ 10 1 _ 6 0 11 2 8 _ 
[00340959] 4 | 9 3 7 10 1 _ 6 0 11 2 8 _ 
[00340960] 3 | 9 3 7 10 1 4 6 0 11 2 8 _ 
[00340961] 3 | 9 3 7 10 1 _ 6 0 11 2 8 5 
[00340962] 4 | 9 3 _ 10 1 5 6 0 11 2 8 _ 
[00340963] 4 | 9 3 _ 10 1 _ 6 0 11 2 8 4 
[00340964] 5 | 9 3 _ 10 6 _ 1 0 11 2 8 _ 
[00340965] 4 | 9 3 7 10 6 _ 1 0 11 2 8 _ 
[00340966] 3 | 9 3 7 10 6 _ 1 0 11 2 8 5 
[00340967] 2 | 9 3 7 10 6 4 1 0 11 2 8 5 
[00340968] 4 | 9 3 _ 10 6 _ 1 0 11 2 8 4 
[00340969] 3 | 9 3 6 10 6 _ 1 0 11 2 8 4 
[00340970] 3 | 9 3 _ 10 6 3 1 0 11 2 8 4 
[00340971] 5 | 9 3 _ 10 _ _ _ 0 11 2 8 3 
[00340972] 4 | 9 3 _ 10 6 _ _ 0 11 2 8 3 
[00340973] 4 | 9 3 _ 10 1 5 _ 0 11 2 8 3 
[00340974] 3 | 9 3 _ 10 1 5 4 0 11 2 8 3 
[00340975] 4 | 9 3 _ 10 5 1 _ 0 11 2 8 3 
[00340976] 4 | 9 3 _ 10 1 _ 5 0 11 2 8 3 
[00340977] 3 | 9 3 _ 10 1 4 5 0 11 2 8 3 
[00340978] 4 | 9 3 _ 10 5 _ 1 0 11 2 8 3 
[00340979] 6 | _ 3 9 10 _ _ _ 0 11 2 8 _ 
[00340980] 5 | 8 3 9 10 _ _ _ 0 11 2 8 _ 
[00340981] 4 | 8 3 9 10 6 _ _ 0 11 2 8 _ 
[00340982] 4 | 8 3 9 10 1 5 _ 0 11 2 8 _ 
[00340983] 3 | 8 3 9 10 1 5 4 0 11 2 8 _ 
[00340984] 4 | 8 3 9 10 5 1 _ 0 11 2 8 _ 
[00340985] 4 | 8 3 9 10 1 _ 5 0 11 2 8 _ 
[00340986] 3 | 8 3 9 10 1 4 5 0 11 2 8 _ 
[00340987] 4 | 8 3 9 10 5 _ 1 0 11 2 8 _ 
[00340988] 5 | _ 3 9 10 5 _ _ 0 11 2 8 _ 
[00340989] 4 | 7 3 9 10 5 _ _ 0 11 2 8 _ 
[00340990] 3 | 7 3 9 10 5 8 _ 0 11 2 8 _ 
[00340991] 3 | 7 3 9 10 5 _ 8 0 11 2 8 _ 
[00340992] 3 | 7 3 9 10 5 _ _ 0 11 2 8 5 
[00340993] 4 | _ 3 9 10 5 1 _ 0 11 2 8 _ 
[00340994] 3 | 6 3 9 10 5 1 _ 0 11 2 8 _ 
[00340995] 2 | 6 3 9 10 5 1 7 0 11 2 8 _ 
[00340996] 3 | _ 3 9 10 5 1 8 0 11 2 8 _ 
[00340997] 3 | _ 3 9 10 5 1 _ 0 11 2 8 5 
[00340998] 4 | _ 3 9 10 5 _ 1 0 11 2 8 _ 
[00340999] 3 | 6 3 9 10 5 _ 1 0 11 2 8 _ 
[00341000] 2 | 6 3 9 10 5 7 1 0 11 2 8 _ 
[00341001] 3 | _ 3 9 10 5 8 1 0 11 2 8 _ 
[00341002] 3 | _ 3 9 10 5 _ 1 0 11 2 8 5 
[00341003] 4 | _ 3 9 10 5 _ _ 0 11 2 8 4 
[00341004] 3 | 6 3 9 10 5 _ _ 0 11 2 8 4 
[00341005] 2 | 6 3 9 10 5 7 _ 0 11 2 8 4 
[00341006] 2 | 6 3 9 10 5 _ 7 0 11 2 8 4 
[00341007] 5 | _ 3 9 10 1 6 _ 0 11 2 8 _ 
[00341008] 4 | 7 3 9 10 1 6 _ 0 11 2 8 _ 
[00341009] 3 | 7 3 9 10 1 6 4 0 11 2 8 _ 
[00341010] 3 | 7 3 9 10 1 6 _ 0 11 2 8 5 
[00341011] 4 | _ 3 9 10 1 6 5 0 11 2 8 _ 
[00341012] 4 | _ 3 9 10 1 6 _ 0 11 2 8 4 
[00341013] 5 | _ 3 9 10 6 1 _ 0 11 2 8 _ 
[00341014] 4 | 7 3 9 10 6 1 _ 0 11 2 8 _ 
[00341015] 3 | 7 3 9 10 6 1 _ 0 11 2 8 5 
[00341016] 2 | 7 3 9 10 6 1 4 0 11 2 8 5 
[00341017] 4 | _ 3 9 10 6 1 _ 0 11 2 8 4 
[00341018] 3 | 6 3 9 10 6 1 _ 0 11 2 8 4 
[00341019] 3 | _ 3 9 10 6 1 3 0 11 2 8 4 
[00341020] 5 | _ 3 9 10 1 _ 6 0 11 2 8 _ 
[00341021] 4 | 7 3 9 10 1 _ 6 0 11 2 8 _ 
[00341022] 3 | 7 3 9 10 1 4 6 0 11 2 8 _ 
[00341023] 3 | 7 3 9 10 1 _ 6 0 11 2 8 5 
[00341024] 4 | _ 3 9 10 1 5 6 0 11 2 8 _ 
[00341025] 4 | _ 3 9 10 1 _ 6 0 11 2 8 4 
[00341026] 5 | _ 3 9 10 6 _ 1 0 11 2 8 _ 
[00341027] 4 | 7 3 9 10 6 _ 1 0 11 2 8 _ 
[00341028] 3 | 7 3 9 10 6 _ 1 0 11 2 8 5 
[00341029] 2 | 7 3 9 10 6 4 1 0 11 2 8 5 
[00341030] 4 | _ 3 9 10 6 _ 1 0 11 2 8 4 
[00341031] 3 | 6 3 9 10 6 _ 1 0 11 2 8 4 
[00341032] 3 | _ 3 9 10 6 3 1 0 11 2 8 4 
[00341033] 5 | _ 3 9 10 _ _ _ 0 11 2 8 3 
[00341034] 4 | _ 3 9 10 6 _ _ 0 11 2 8 3 
[00341035] 4 | _ 3 9 10 1 5 _ 0 11 2 8 3 
[00341036] 3 | _ 3 9 10 1 5 4 0 11 2 8 3 
[00341037] 4 | _ 3 9 10 5 1 _ 0 11 2 8 3 
[00341038] 4 | _ 3 9 10 1 _ 5 0 11 2 8 3 
[00341039] 3 | _ 3 9 10 1 4 5 0 11 2 8 3 
[00341040] 4 | _ 3 9 10 5 _ 1 0 11 2 8 3 
[00341041] 6 | _ 3 _ 10 4 _ _ 0 11 2 8 _ 
[00341042] 5 | 8 3 _ 10 4 _ _ 0 11 2 8 _ 
[00341043] 4 | 8 3 7 10 4 _ _ 0 11 2 8 _ 
[00341044] 3 | 8 3 7 10 4 1 _ 0 11 2 8 _ 
[00341045] 2 | 8 3 7 10 4 1 6 0 11 2 8 _ 
[00341046] 3 | 8 3 7 10 4 _ 1 0 11 2 8 _ 
[00341047] 2 | 8 3 7 10 4 6 1 0 11 2 8 _ 
[00341048] 5 | _ 3 8 10 4 _ _ 0 11 2 8 _ 
[00341049] 4 | 7 3 8 10 4 _ _ 0 11 2 8 _ 
[00341050] 3 | 7 3 8 10 4 1 _ 0 11 2 8 _ 
[00341051] 2 | 7 3 8 10 4 1 6 0 11 2 8 _ 
[00341052] 3 | 7 3 8 10 4 _ 1 0 11 2 8 _ 
[00341053] 2 | 7 3 8 10 4 6 1 0 11 2 8 _ 
[00341054] 5 | _ 3 _ 10 4 9 _ 0 11 2 8 _ 
[00341055] 4 | 7 3 _ 10 4 9 _ 0 11 2 8 _ 
[00341056] 3 | 7 3 6 10 4 9 _ 0 11 2 8 _ 
[00341057] 3 | 7 3 _ 10 4 9 1 0 11 2 8 _ 
[00341058] 2 | 7 3 5 10 4 9 1 0 11 2 8 _ 
[00341059] 2 | 7 3 _ 10 4 9 1 0 11 2 8 6 
[00341060] 3 | 7 3 _ 10 4 9 _ 0 11 2 8 5 
[00341061] 2 | 7 3 1 10 4 9 _ 0 11 2 8 5 
[00341062] 2 | 7 3 _ 10 4 9 6 0 11 2 8 5 
[00341063] 4 | _ 3 7 10 4 9 _ 0 11 2 8 _ 
[00341064] 3 | 6 3 7 10 4 9 _ 0 11 2 8 _ 
[00341065] 3 | _ 3 7 10 4 9 1 0 11 2 8 _ 
[00341066] 2 | 5 3 7 10 4 9 1 0 11 2 8 _ 
[00341067] 2 | _ 3 7 10 4 9 1 0 11 2 8 6 
[00341068] 3 | _ 3 7 10 4 9 _ 0 11 2 8 5 
[00341069] 2 | 1 3 7 10 4 9 _ 0 11 2 8 5 
[00341070] 2 | _ 3 7 10 4 9 6 0 11 2 8 5 
[00341071] 4 | _ 3 _ 10 4 9 8 0 11 2 8 _ 
[00341072] 3 | 6 3 _ 10 4 9 8 0 11 2 8 _ 
[00341073] 2 | 6 3 1 10 4 9 8 0 11 2 8 _ 
[00341074] 2 | 6 3 5 10 4 9 8 0 11 2 8 _ 
[00341075] 3 | _ 3 6 10 4 9 8 0 11 2 8 _ 
[00341076] 2 | 1 3 6 10 4 9 8 0 11 2 8 _ 
[00341077] 2 | 5 3 6 10 4 9 8 0 11 2 8 _ 
[00341078] 4 | _ 3 _ 10 4 9 _ 0 11 2 8 4 
[00341079] 3 | 6 3 _ 10 4 9 _ 0 11 2 8 4 
[00341080] 2 | 6 3 1 10 4 9 _ 0 11 2 8 4 
[00341081] 2 | 6 3 5 10 4 9 _ 0 11 2 8 4 
[00341082] 3 | _ 3 6 10 4 9 _ 0 11 2 8 4 
[00341083] 2 | 1 3 6 10 4 9 _ 0 11 2 8 4 
[00341084] 2 | 5 3 6 10 4 9 _ 0 11 2 8 4 
[00341085] 5 | _ 3 _ 10 4 _ 9 0 11 2 8 _ 
[00341086] 4 | 7 3 _ 10 4 _ 9 0 11 2 8 _ 
[00341087] 3 | 7 3 6 10 4 _ 9 0 11 2 8 _ 
[00341088] 3 | 7 3 _ 10 4 1 9 0 11 2 8 _ 
[00341089] 2 | 7 3 5 10 4 1 9 0 11 2 8 _ 
[00341090] 2 | 7 3 _ 10 4 1 9 0 11 2 8 6 
[00341091] 3 | 7 3 _ 10 4 _ 9 0 11 2 8 5 
[00341092] 2 | 7 3 1 10 4 _ 9 0 11 2 8 5 
[00341093] 2 | 7 3 _ 10 4 6 9 0 11 2 8 5 
[00341094] 4 | _ 3 7 10 4 _ 9 0 11 2 8 _ 
[00341095] 3 | 6 3 7 10 4 _ 9 0 11 2 8 _ 
[00341096] 3 | _ 3 7 10 4 1 9 0 11 2 8 _ 
[00341097] 2 | 5 3 7 10 4 1 9 0 11 2 8 _ 
[00341098] 2 | _ 3 7 10 4 1 9 0 11 2 8 6 
[00341099] 3 | _ 3 7 10 4 _ 9 0 11 2 8 5 
[00341100] 2 | 1 3 7 10 4 _ 9 0 11 2 8 5 
[00341101] 2 | _ 3 7 10 4 6 9 0 11 2 8 5 
[00341102] 4 | _ 3 _ 10 4 8 9 0 11 2 8 _ 
[00341103] 3 | 6 3 _ 10 4 8 9 0 11 2 8 _ 
[00341104] 2 | 6 3 1 10 4 8 9 0 11 2 8 _ 
[00341105] 2 | 6 3 5 10 4 8 9 0 11 2 8 _ 
[00341106] 3 | _ 3 6 10 4 8 9 0 11 2 8 _ 
[00341107] 2 | 1 3 6 10 4 8 9 0 11 2 8 _ 
[00341108] 2 | 5 3 6 10 4 8 9 0 11 2 8 _ 
[00341109] 4 | _ 3 _ 10 4 _ 9 0 11 2 8 4 
[00341110] 3 | 6 3 _ 10 4 _ 9 0 11 2 8 4 
[00341111] 2 | 6 3 1 10 4 _ 9 0 11 2 8 4 
[00341112] 2 | 6 3 5 10 4 _ 9 0 11 2 8 4 
[00341113] 3 | _ 3 6 10 4 _ 9 0 11 2 8 4 
[00341114] 2 | 1 3 6 10 4 _ 9 0 11 2 8 4 
[00341115] 2 | 5 3 6 10 4 _ 9 0 11 2 8 4 
[00341116] 5 | _ 3 _ 10 4 _ _ 0 11 2 8 3 
[00341117] 6 | _ 3 _ 10 1 7 _ 0 11 2 8 _ 
[00341118] 5 | 8 3 _ 10 1 7 _ 0 11 2 8 _ 
[00341119] 4 | 8 3 _ 10 1 7 5 0 11 2 8 _ 
[00341120] 3 | 8 3 6 10 1 7 5 0 11 2 8 _ 
[00341121] 5 | _ 3 8 10 1 7 _ 0 11 2 8 _ 
[00341122] 4 | _ 3 8 10 1 7 5 0 11 2 8 _ 
[00341123] 3 | 6 3 8 10 1 7 5 0 11 2 8 _ 
[00341124] 5 | _ 3 _ 10 1 7 6 0 11 2 8 _ 
[00341125] 4 | _ 3 _ 10 1 7 6 0 11 2 8 4 
[00341126] 5 | _ 3 _ 10 1 7 _ 0 11 2 8 3 
[00341127] 4 | _ 3 _ 10 1 7 5 0 11 2 8 3 
[00341128] 6 | _ 3 _ 10 7 1 _ 0 11 2 8 _ 
[00341129] 5 | 8 3 _ 10 7 1 _ 0 11 2 8 _ 
[00341130] 4 | 8 3 7 10 7 1 _ 0 11 2 8 _ 
[00341131] 4 | 8 3 _ 10 7 1 3 0 11 2 8 _ 
[00341132] 5 | _ 3 8 10 7 1 _ 0 11 2 8 _ 
[00341133] 4 | 7 3 8 10 7 1 _ 0 11 2 8 _ 
[00341134] 4 | _ 3 8 10 7 1 3 0 11 2 8 _ 
[00341135] 5 | _ 3 _ 10 7 1 _ 0 11 2 8 3 
[00341136] 6 | _ 3 _ 10 1 _ 7 0 11 2 8 _ 
[00341137] 5 | 8 3 _ 10 1 _ 7 0 11 2 8 _ 
