[00031129] 3 | 5 0 10 11 2 6 9 1 9 _ 7 4 
[00031130] 4 | 5 0 10 11 2 _ 9 1 9 _ 7 3 
[00031131] 5 | _ 0 10 11 2 7 9 1 9 _ 7 _ 
[00031132] 4 | 4 0 10 11 2 7 9 1 9 _ 7 _ 
[00031133] 5 | _ 0 10 11 2 _ 9 1 9 _ 7 2 
[00031134] 4 | 4 0 10 11 2 _ 9 1 9 _ 7 2 
[00031135] 7 | _ 0 10 11 2 _ _ 1 9 2 _ _ 
[00031136] 6 | 6 0 10 11 2 _ _ 1 9 2 _ _ 
[00031137] 5 | 6 0 10 11 2 _ _ 1 9 2 3 8 
[00031138] 5 | 6 0 10 11 2 _ _ 1 9 2 8 3 
[00031139] 6 | _ 0 10 11 2 _ _ 1 9 2 7 _ 
[00031140] 5 | 5 0 10 11 2 _ _ 1 9 2 7 _ 
[00031141] 4 | 5 0 10 11 2 _ _ 1 9 2 7 3 
[00031142] 7 | _ 0 10 11 2 _ _ 1 9 _ 8 _ 
[00031143] 6 | 6 0 10 11 2 _ _ 1 9 _ 8 _ 
[00031144] 5 | 6 0 10 11 2 7 _ 1 9 _ 8 _ 
[00031145] 4 | 6 0 10 11 2 7 _ 1 9 5 8 _ 
[00031146] 4 | 6 0 10 11 2 7 _ 1 9 _ 8 4 
[00031147] 3 | 6 0 10 11 2 7 5 1 9 _ 8 4 
[00031148] 5 | 6 0 10 11 2 _ 7 1 9 _ 8 _ 
[00031149] 4 | 6 0 10 11 2 _ 7 1 9 5 8 _ 
[00031150] 4 | 6 0 10 11 2 _ 7 1 9 _ 8 4 
[00031151] 3 | 6 0 10 11 2 5 7 1 9 _ 8 4 
[00031152] 5 | 6 0 10 11 2 _ _ 1 9 4 8 _ 
[00031153] 5 | 6 0 10 11 2 _ _ 1 9 _ 8 3 
[00031154] 4 | 6 0 10 11 2 _ _ 1 9 5 8 3 
[00031155] 6 | _ 0 10 11 2 8 _ 1 9 _ 8 _ 
[00031156] 5 | 5 0 10 11 2 8 _ 1 9 _ 8 _ 
[00031157] 4 | 5 0 10 11 2 8 6 1 9 _ 8 _ 
[00031158] 5 | _ 0 10 11 2 8 7 1 9 _ 8 _ 
[00031159] 4 | 4 0 10 11 2 8 7 1 9 _ 8 _ 
[00031160] 3 | 4 0 10 11 2 8 7 1 9 6 8 _ 
[00031161] 4 | _ 0 10 11 2 8 7 1 9 5 8 _ 
[00031162] 3 | 3 0 10 11 2 8 7 1 9 5 8 _ 
[00031163] 5 | _ 0 10 11 2 8 _ 1 9 4 8 _ 
[00031164] 4 | _ 0 10 11 2 8 6 1 9 4 8 _ 
[00031165] 3 | 3 0 10 11 2 8 6 1 9 4 8 _ 
[00031166] 6 | _ 0 10 11 2 _ 8 1 9 _ 8 _ 
[00031167] 5 | 5 0 10 11 2 _ 8 1 9 _ 8 _ 
[00031168] 4 | 5 0 10 11 2 6 8 1 9 _ 8 _ 
[00031169] 5 | _ 0 10 11 2 7 8 1 9 _ 8 _ 
[00031170] 4 | 4 0 10 11 2 7 8 1 9 _ 8 _ 
[00031171] 3 | 4 0 10 11 2 7 8 1 9 6 8 _ 
[00031172] 4 | _ 0 10 11 2 7 8 1 9 5 8 _ 
[00031173] 3 | 3 0 10 11 2 7 8 1 9 5 8 _ 
[00031174] 5 | _ 0 10 11 2 _ 8 1 9 4 8 _ 
[00031175] 4 | _ 0 10 11 2 6 8 1 9 4 8 _ 
[00031176] 3 | 3 0 10 11 2 6 8 1 9 4 8 _ 
[00031177] 6 | _ 0 10 11 2 _ _ 1 9 3 8 _ 
[00031178] 5 | 5 0 10 11 2 _ _ 1 9 3 8 _ 
[00031179] 4 | 5 0 10 11 2 6 _ 1 9 3 8 _ 
[00031180] 4 | 5 0 10 11 2 _ 6 1 9 3 8 _ 
[00031181] 4 | 5 0 10 11 2 _ _ 1 9 3 8 4 
[00031182] 5 | _ 0 10 11 2 7 _ 1 9 3 8 _ 
[00031183] 4 | 4 0 10 11 2 7 _ 1 9 3 8 _ 
[00031184] 3 | 4 0 10 11 2 7 5 1 9 3 8 _ 
[00031185] 2 | 4 0 10 11 2 7 5 1 9 3 8 6 
[00031186] 3 | 4 0 10 11 2 7 _ 1 9 3 8 5 
[00031187] 4 | _ 0 10 11 2 7 6 1 9 3 8 _ 
[00031188] 3 | _ 0 10 11 2 7 6 1 9 3 8 5 
[00031189] 4 | _ 0 10 11 2 7 _ 1 9 3 8 4 
[00031190] 3 | _ 0 10 11 2 7 5 1 9 3 8 4 
[00031191] 5 | _ 0 10 11 2 _ 7 1 9 3 8 _ 
[00031192] 4 | 4 0 10 11 2 _ 7 1 9 3 8 _ 
[00031193] 3 | 4 0 10 11 2 5 7 1 9 3 8 _ 
[00031194] 2 | 4 0 10 11 2 5 7 1 9 3 8 6 
[00031195] 3 | 4 0 10 11 2 _ 7 1 9 3 8 5 
[00031196] 4 | _ 0 10 11 2 6 7 1 9 3 8 _ 
[00031197] 3 | _ 0 10 11 2 6 7 1 9 3 8 5 
[00031198] 4 | _ 0 10 11 2 _ 7 1 9 3 8 4 
[00031199] 3 | _ 0 10 11 2 5 7 1 9 3 8 4 
[00031200] 6 | _ 0 10 11 2 _ _ 1 9 _ 8 2 
[00031201] 5 | 5 0 10 11 2 _ _ 1 9 _ 8 2 
[00031202] 5 | _ 0 10 11 2 _ _ 1 9 4 8 2 
[00031203] 8 | _ 0 10 11 2 _ _ 9 1 _ _ _ 
[00031204] 7 | 7 0 10 11 2 _ _ 9 1 _ _ _ 
[00031205] 6 | 7 0 10 11 2 8 _ 9 1 _ _ _ 
[00031206] 5 | 7 0 10 11 2 8 _ 9 1 6 _ _ 
[00031207] 4 | 7 0 10 11 2 8 _ 9 1 6 5 _ 
[00031208] 3 | 7 0 10 11 2 8 5 9 1 6 5 _ 
[00031209] 3 | 7 0 10 11 2 8 _ 9 1 6 5 2 
[00031210] 5 | 7 0 10 11 2 8 _ 9 1 _ 4 _ 
[00031211] 4 | 7 0 10 11 2 8 6 9 1 _ 4 _ 
[00031212] 3 | 7 0 10 11 2 8 6 9 1 4 4 _ 
[00031213] 3 | 7 0 10 11 2 8 6 9 1 _ 4 1 
[00031214] 4 | 7 0 10 11 2 8 _ 9 1 5 4 _ 
[00031215] 6 | 7 0 10 11 2 _ 8 9 1 _ _ _ 
[00031216] 5 | 7 0 10 11 2 _ 8 9 1 6 _ _ 
[00031217] 4 | 7 0 10 11 2 _ 8 9 1 6 5 _ 
[00031218] 3 | 7 0 10 11 2 5 8 9 1 6 5 _ 
[00031219] 3 | 7 0 10 11 2 _ 8 9 1 6 5 2 
[00031220] 5 | 7 0 10 11 2 _ 8 9 1 _ 4 _ 
[00031221] 4 | 7 0 10 11 2 6 8 9 1 _ 4 _ 
[00031222] 3 | 7 0 10 11 2 6 8 9 1 4 4 _ 
[00031223] 3 | 7 0 10 11 2 6 8 9 1 _ 4 1 
[00031224] 4 | 7 0 10 11 2 _ 8 9 1 5 4 _ 
[00031225] 6 | 7 0 10 11 2 _ _ 9 1 _ 3 _ 
[00031226] 5 | 7 0 10 11 2 _ _ 9 1 6 3 _ 
[00031227] 5 | 7 0 10 11 2 _ _ 9 1 _ 3 8 
[00031228] 4 | 7 0 10 11 2 6 _ 9 1 _ 3 8 
[00031229] 3 | 7 0 10 11 2 6 5 9 1 _ 3 8 
[00031230] 3 | 7 0 10 11 2 6 _ 9 1 4 3 8 
[00031231] 4 | 7 0 10 11 2 _ 6 9 1 _ 3 8 
[00031232] 3 | 7 0 10 11 2 5 6 9 1 _ 3 8 
[00031233] 3 | 7 0 10 11 2 _ 6 9 1 4 3 8 
[00031234] 4 | 7 0 10 11 2 _ _ 9 1 5 3 8 
[00031235] 7 | _ 0 10 11 2 9 _ 9 1 _ _ _ 
[00031236] 6 | 6 0 10 11 2 9 _ 9 1 _ _ _ 
[00031237] 5 | 6 0 10 11 2 9 7 9 1 _ _ _ 
[00031238] 4 | 6 0 10 11 2 9 7 9 1 5 _ _ 
[00031239] 4 | 6 0 10 11 2 9 7 9 1 _ 4 8 
[00031240] 4 | 6 0 10 11 2 9 7 9 1 _ 8 4 
[00031241] 5 | 6 0 10 11 2 9 _ 9 1 _ 3 8 
[00031242] 4 | 6 0 10 11 2 9 _ 9 1 5 3 8 
[00031243] 5 | 6 0 10 11 2 9 _ 9 1 _ 8 3 
[00031244] 4 | 6 0 10 11 2 9 _ 9 1 5 8 3 
[00031245] 6 | _ 0 10 11 2 9 8 9 1 _ _ _ 
[00031246] 5 | 5 0 10 11 2 9 8 9 1 _ _ _ 
[00031247] 4 | 5 0 10 11 2 9 8 9 1 _ 3 7 
[00031248] 3 | 5 0 10 11 2 9 8 9 1 4 3 7 
[00031249] 4 | 5 0 10 11 2 9 8 9 1 _ 7 3 
[00031250] 3 | 5 0 10 11 2 9 8 9 1 4 7 3 
[00031251] 5 | _ 0 10 11 2 9 8 9 1 6 _ _ 
[00031252] 4 | 4 0 10 11 2 9 8 9 1 6 _ _ 
[00031253] 4 | _ 0 10 11 2 9 8 9 1 6 3 7 
[00031254] 4 | _ 0 10 11 2 9 8 9 1 6 7 3 
[00031255] 6 | _ 0 10 11 2 9 _ 9 1 7 _ _ 
[00031256] 5 | 5 0 10 11 2 9 _ 9 1 7 _ _ 
[00031257] 4 | 5 0 10 11 2 9 6 9 1 7 _ _ 
[00031258] 4 | 5 0 10 11 2 9 _ 9 1 7 4 8 
[00031259] 4 | 5 0 10 11 2 9 _ 9 1 7 8 4 
[00031260] 5 | _ 0 10 11 2 9 _ 9 1 7 3 8 
[00031261] 4 | 4 0 10 11 2 9 _ 9 1 7 3 8 
[00031262] 3 | 4 0 10 11 2 9 5 9 1 7 3 8 
[00031263] 4 | _ 0 10 11 2 9 6 9 1 7 3 8 
[00031264] 5 | _ 0 10 11 2 9 _ 9 1 7 8 3 
[00031265] 4 | 4 0 10 11 2 9 _ 9 1 7 8 3 
[00031266] 3 | 4 0 10 11 2 9 5 9 1 7 8 3 
[00031267] 4 | _ 0 10 11 2 9 6 9 1 7 8 3 
[00031268] 7 | _ 0 10 11 2 _ 9 9 1 _ _ _ 
[00031269] 6 | 6 0 10 11 2 _ 9 9 1 _ _ _ 
[00031270] 5 | 6 0 10 11 2 7 9 9 1 _ _ _ 
[00031271] 4 | 6 0 10 11 2 7 9 9 1 5 _ _ 
[00031272] 4 | 6 0 10 11 2 7 9 9 1 _ 4 8 
[00031273] 4 | 6 0 10 11 2 7 9 9 1 _ 8 4 
[00031274] 5 | 6 0 10 11 2 _ 9 9 1 _ 3 8 
[00031275] 4 | 6 0 10 11 2 _ 9 9 1 5 3 8 
[00031276] 5 | 6 0 10 11 2 _ 9 9 1 _ 8 3 
[00031277] 4 | 6 0 10 11 2 _ 9 9 1 5 8 3 
[00031278] 6 | _ 0 10 11 2 8 9 9 1 _ _ _ 
[00031279] 5 | 5 0 10 11 2 8 9 9 1 _ _ _ 
[00031280] 4 | 5 0 10 11 2 8 9 9 1 _ 3 7 
[00031281] 3 | 5 0 10 11 2 8 9 9 1 4 3 7 
[00031282] 4 | 5 0 10 11 2 8 9 9 1 _ 7 3 
[00031283] 3 | 5 0 10 11 2 8 9 9 1 4 7 3 
[00031284] 5 | _ 0 10 11 2 8 9 9 1 6 _ _ 
[00031285] 4 | 4 0 10 11 2 8 9 9 1 6 _ _ 
[00031286] 4 | _ 0 10 11 2 8 9 9 1 6 3 7 
[00031287] 4 | _ 0 10 11 2 8 9 9 1 6 7 3 
[00031288] 6 | _ 0 10 11 2 _ 9 9 1 7 _ _ 
[00031289] 5 | 5 0 10 11 2 _ 9 9 1 7 _ _ 
[00031290] 4 | 5 0 10 11 2 6 9 9 1 7 _ _ 
[00031291] 4 | 5 0 10 11 2 _ 9 9 1 7 4 8 
[00031292] 4 | 5 0 10 11 2 _ 9 9 1 7 8 4 
[00031293] 5 | _ 0 10 11 2 _ 9 9 1 7 3 8 
[00031294] 4 | 4 0 10 11 2 _ 9 9 1 7 3 8 
[00031295] 3 | 4 0 10 11 2 5 9 9 1 7 3 8 
[00031296] 4 | _ 0 10 11 2 6 9 9 1 7 3 8 
[00031297] 5 | _ 0 10 11 2 _ 9 9 1 7 8 3 
[00031298] 4 | 4 0 10 11 2 _ 9 9 1 7 8 3 
[00031299] 3 | 4 0 10 11 2 5 9 9 1 7 8 3 
[00031300] 4 | _ 0 10 11 2 6 9 9 1 7 8 3 
[00031301] 7 | _ 0 10 11 2 _ _ 9 1 8 _ _ 
[00031302] 6 | 6 0 10 11 2 _ _ 9 1 8 _ _ 
[00031303] 5 | 6 0 10 11 2 7 _ 9 1 8 _ _ 
[00031304] 4 | 6 0 10 11 2 7 _ 9 1 8 5 _ 
[00031305] 3 | 6 0 10 11 2 7 5 9 1 8 5 _ 
[00031306] 3 | 6 0 10 11 2 7 _ 9 1 8 5 2 
[00031307] 5 | 6 0 10 11 2 _ 7 9 1 8 _ _ 
[00031308] 4 | 6 0 10 11 2 _ 7 9 1 8 5 _ 
[00031309] 3 | 6 0 10 11 2 5 7 9 1 8 5 _ 
[00031310] 3 | 6 0 10 11 2 _ 7 9 1 8 5 2 
[00031311] 5 | 6 0 10 11 2 _ _ 9 1 8 4 _ 
[00031312] 6 | _ 0 10 11 2 _ _ 9 1 8 3 _ 
[00031313] 5 | 5 0 10 11 2 _ _ 9 1 8 3 _ 
[00031314] 4 | 5 0 10 11 2 6 _ 9 1 8 3 _ 
[00031315] 4 | 5 0 10 11 2 _ 6 9 1 8 3 _ 
[00031316] 4 | 5 0 10 11 2 _ _ 9 1 8 3 7 
[00031317] 5 | _ 0 10 11 2 7 _ 9 1 8 3 _ 
[00031318] 4 | 4 0 10 11 2 7 _ 9 1 8 3 _ 
[00031319] 3 | 4 0 10 11 2 7 5 9 1 8 3 _ 
[00031320] 3 | 4 0 10 11 2 7 _ 9 1 8 3 6 
[00031321] 4 | _ 0 10 11 2 7 6 9 1 8 3 _ 
[00031322] 3 | 3 0 10 11 2 7 6 9 1 8 3 _ 
[00031323] 3 | _ 0 10 11 2 7 6 9 1 8 3 0 
[00031324] 5 | _ 0 10 11 2 _ 7 9 1 8 3 _ 
[00031325] 4 | 4 0 10 11 2 _ 7 9 1 8 3 _ 
[00031326] 3 | 4 0 10 11 2 5 7 9 1 8 3 _ 
[00031327] 3 | 4 0 10 11 2 _ 7 9 1 8 3 6 
[00031328] 4 | _ 0 10 11 2 6 7 9 1 8 3 _ 
[00031329] 3 | 3 0 10 11 2 6 7 9 1 8 3 _ 
[00031330] 3 | _ 0 10 11 2 6 7 9 1 8 3 0 
[00031331] 7 | _ 0 10 11 2 _ _ 9 1 _ 2 _ 
[00031332] 6 | 6 0 10 11 2 _ _ 9 1 _ 2 _ 
[00031333] 5 | 6 0 10 11 2 7 _ 9 1 _ 2 _ 
[00031334] 4 | 6 0 10 11 2 7 _ 9 1 5 2 _ 
[00031335] 5 | 6 0 10 11 2 _ 7 9 1 _ 2 _ 
[00031336] 4 | 6 0 10 11 2 _ 7 9 1 5 2 _ 
[00031337] 5 | 6 0 10 11 2 _ _ 9 1 _ 2 7 
[00031338] 4 | 6 0 10 11 2 _ _ 9 1 5 2 7 
[00031339] 6 | _ 0 10 11 2 8 _ 9 1 _ 2 _ 
[00031340] 5 | 5 0 10 11 2 8 _ 9 1 _ 2 _ 
[00031341] 4 | 5 0 10 11 2 8 6 9 1 _ 2 _ 
[00031342] 3 | 5 0 10 11 2 8 6 9 1 4 2 _ 
[00031343] 4 | 5 0 10 11 2 8 _ 9 1 _ 2 6 
[00031344] 3 | 5 0 10 11 2 8 _ 9 1 4 2 6 
[00031345] 5 | _ 0 10 11 2 8 7 9 1 _ 2 _ 
[00031346] 4 | 4 0 10 11 2 8 7 9 1 _ 2 _ 
[00031347] 4 | _ 0 10 11 2 8 7 9 1 5 2 _ 
[00031348] 3 | 3 0 10 11 2 8 7 9 1 5 2 _ 
[00031349] 5 | _ 0 10 11 2 8 _ 9 1 6 2 _ 
[00031350] 4 | 4 0 10 11 2 8 _ 9 1 6 2 _ 
[00031351] 3 | 4 0 10 11 2 8 5 9 1 6 2 _ 
[00031352] 3 | 4 0 10 11 2 8 _ 9 1 6 2 5 
[00031353] 5 | _ 0 10 11 2 8 _ 9 1 _ 2 7 
[00031354] 4 | 4 0 10 11 2 8 _ 9 1 _ 2 7 
[00031355] 4 | _ 0 10 11 2 8 _ 9 1 5 2 7 
[00031356] 3 | 3 0 10 11 2 8 _ 9 1 5 2 7 
[00031357] 6 | _ 0 10 11 2 _ 8 9 1 _ 2 _ 
[00031358] 5 | 5 0 10 11 2 _ 8 9 1 _ 2 _ 
[00031359] 4 | 5 0 10 11 2 6 8 9 1 _ 2 _ 
[00031360] 3 | 5 0 10 11 2 6 8 9 1 4 2 _ 
[00031361] 4 | 5 0 10 11 2 _ 8 9 1 _ 2 6 
[00031362] 3 | 5 0 10 11 2 _ 8 9 1 4 2 6 
[00031363] 5 | _ 0 10 11 2 7 8 9 1 _ 2 _ 
[00031364] 4 | 4 0 10 11 2 7 8 9 1 _ 2 _ 
[00031365] 4 | _ 0 10 11 2 7 8 9 1 5 2 _ 
[00031366] 3 | 3 0 10 11 2 7 8 9 1 5 2 _ 
[00031367] 5 | _ 0 10 11 2 _ 8 9 1 6 2 _ 
[00031368] 4 | 4 0 10 11 2 _ 8 9 1 6 2 _ 
[00031369] 3 | 4 0 10 11 2 5 8 9 1 6 2 _ 
[00031370] 3 | 4 0 10 11 2 _ 8 9 1 6 2 5 
[00031371] 5 | _ 0 10 11 2 _ 8 9 1 _ 2 7 
[00031372] 4 | 4 0 10 11 2 _ 8 9 1 _ 2 7 
[00031373] 4 | _ 0 10 11 2 _ 8 9 1 5 2 7 
[00031374] 3 | 3 0 10 11 2 _ 8 9 1 5 2 7 
[00031375] 6 | _ 0 10 11 2 _ _ 9 1 7 2 _ 
[00031376] 5 | 5 0 10 11 2 _ _ 9 1 7 2 _ 
[00031377] 4 | 5 0 10 11 2 6 _ 9 1 7 2 _ 
[00031378] 4 | 5 0 10 11 2 _ 6 9 1 7 2 _ 
[00031379] 4 | 5 0 10 11 2 _ _ 9 1 7 2 6 
[00031380] 6 | _ 0 10 11 2 _ _ 9 1 _ 2 8 
[00031381] 5 | 5 0 10 11 2 _ _ 9 1 _ 2 8 
[00031382] 5 | _ 0 10 11 2 _ _ 9 1 6 2 8 
[00031383] 4 | 4 0 10 11 2 _ _ 9 1 6 2 8 
[00031384] 8 | _ 0 10 11 2 _ _ _ 1 9 _ _ 
[00031385] 7 | 7 0 10 11 2 _ _ _ 1 9 _ _ 
[00031386] 6 | 7 0 10 11 2 8 _ _ 1 9 _ _ 
[00031387] 5 | 7 0 10 11 2 8 _ 6 1 9 _ _ 
[00031388] 5 | 7 0 10 11 2 8 _ 6 1 9 _ _ 
[00031389] 4 | 7 0 10 11 2 8 6 6 1 9 _ _ 
[00031390] 4 | 7 0 10 11 2 8 _ 6 1 9 2 _ 
[00031391] 3 | 7 0 10 11 2 8 5 6 1 9 2 _ 
[00031392] 3 | 7 0 10 11 2 8 _ 6 1 9 2 5 
[00031393] 6 | 7 0 10 11 2 _ 8 _ 1 9 _ _ 
[00031394] 5 | 7 0 10 11 2 _ 8 6 1 9 _ _ 
[00031395] 5 | 7 0 10 11 2 _ 8 6 1 9 _ _ 
[00031396] 4 | 7 0 10 11 2 6 8 6 1 9 _ _ 
[00031397] 4 | 7 0 10 11 2 _ 8 6 1 9 2 _ 
[00031398] 3 | 7 0 10 11 2 5 8 6 1 9 2 _ 
[00031399] 3 | 7 0 10 11 2 _ 8 6 1 9 2 5 
[00031400] 6 | 7 0 10 11 2 _ _ 5 1 9 _ _ 
[00031401] 5 | 7 0 10 11 2 _ _ 5 1 9 3 8 
[00031402] 4 | 7 0 10 11 2 6 _ 5 1 9 3 8 
[00031403] 4 | 7 0 10 11 2 _ 6 5 1 9 3 8 
[00031404] 5 | 7 0 10 11 2 _ _ 5 1 9 8 3 
[00031405] 4 | 7 0 10 11 2 6 _ 5 1 9 8 3 
[00031406] 4 | 7 0 10 11 2 _ 6 5 1 9 8 3 
[00031407] 7 | _ 0 10 11 2 _ _ 4 1 9 _ _ 
[00031408] 6 | 6 0 10 11 2 _ _ 4 1 9 _ _ 
[00031409] 5 | 6 0 10 11 2 7 _ 4 1 9 _ _ 
[00031410] 4 | 6 0 10 11 2 7 _ 4 1 9 8 _ 
[00031411] 3 | 6 0 10 11 2 7 5 4 1 9 8 _ 
[00031412] 3 | 6 0 10 11 2 7 _ 4 1 9 8 5 
[00031413] 5 | 6 0 10 11 2 _ 7 4 1 9 _ _ 
[00031414] 4 | 6 0 10 11 2 _ 7 4 1 9 8 _ 
[00031415] 3 | 6 0 10 11 2 5 7 4 1 9 8 _ 
[00031416] 3 | 6 0 10 11 2 _ 7 4 1 9 8 5 
[00031417] 5 | 6 0 10 11 2 _ _ 4 1 9 3 8 
[00031418] 5 | 6 0 10 11 2 _ _ 4 1 9 8 3 
[00031419] 6 | _ 0 10 11 2 8 _ 4 1 9 _ _ 
[00031420] 5 | 5 0 10 11 2 8 _ 4 1 9 _ _ 
[00031421] 4 | 5 0 10 11 2 8 6 4 1 9 _ _ 
[00031422] 3 | 5 0 10 11 2 8 6 4 1 9 7 _ 
[00031423] 4 | 5 0 10 11 2 8 _ 4 1 9 3 7 
[00031424] 4 | 5 0 10 11 2 8 _ 4 1 9 7 3 
[00031425] 5 | _ 0 10 11 2 8 7 4 1 9 _ _ 
[00031426] 4 | 4 0 10 11 2 8 7 4 1 9 _ _ 
[00031427] 3 | 4 0 10 11 2 8 7 4 1 9 3 6 
[00031428] 3 | 4 0 10 11 2 8 7 4 1 9 6 3 
[00031429] 4 | _ 0 10 11 2 8 7 4 1 9 0 _ 
[00031430] 3 | 3 0 10 11 2 8 7 4 1 9 0 _ 
[00031431] 3 | _ 0 10 11 2 8 7 4 1 9 0 3 
[00031432] 6 | _ 0 10 11 2 _ 8 4 1 9 _ _ 
[00031433] 5 | 5 0 10 11 2 _ 8 4 1 9 _ _ 
[00031434] 4 | 5 0 10 11 2 6 8 4 1 9 _ _ 
[00031435] 3 | 5 0 10 11 2 6 8 4 1 9 7 _ 
[00031436] 4 | 5 0 10 11 2 _ 8 4 1 9 3 7 
[00031437] 4 | 5 0 10 11 2 _ 8 4 1 9 7 3 
[00031438] 5 | _ 0 10 11 2 7 8 4 1 9 _ _ 
[00031439] 4 | 4 0 10 11 2 7 8 4 1 9 _ _ 
[00031440] 3 | 4 0 10 11 2 7 8 4 1 9 3 6 
[00031441] 3 | 4 0 10 11 2 7 8 4 1 9 6 3 
[00031442] 4 | _ 0 10 11 2 7 8 4 1 9 0 _ 
[00031443] 3 | 3 0 10 11 2 7 8 4 1 9 0 _ 
[00031444] 3 | _ 0 10 11 2 7 8 4 1 9 0 3 
[00031445] 7 | _ 0 10 11 2 _ _ 8 1 9 _ _ 
[00031446] 6 | 6 0 10 11 2 _ _ 8 1 9 _ _ 
[00031447] 5 | 6 0 10 11 2 7 _ 8 1 9 _ _ 
[00031448] 4 | 6 0 10 11 2 7 _ 8 1 9 4 _ 
[00031449] 3 | 6 0 10 11 2 7 5 8 1 9 4 _ 
[00031450] 5 | 6 0 10 11 2 _ 7 8 1 9 _ _ 
[00031451] 4 | 6 0 10 11 2 _ 7 8 1 9 4 _ 
[00031452] 3 | 6 0 10 11 2 5 7 8 1 9 4 _ 
[00031453] 5 | 6 0 10 11 2 _ _ 8 1 9 3 _ 
[00031454] 4 | 6 0 10 11 2 _ _ 8 1 9 3 7 
[00031455] 3 | 6 0 10 11 2 5 _ 8 1 9 3 7 
[00031456] 2 | 6 0 10 11 2 5 4 8 1 9 3 7 
[00031457] 3 | 6 0 10 11 2 _ 5 8 1 9 3 7 
[00031458] 2 | 6 0 10 11 2 4 5 8 1 9 3 7 
[00031459] 6 | _ 0 10 11 2 8 _ 8 1 9 _ _ 
[00031460] 5 | 5 0 10 11 2 8 _ 8 1 9 _ _ 
[00031461] 4 | 5 0 10 11 2 8 6 8 1 9 _ _ 
[00031462] 3 | 5 0 10 11 2 8 6 8 1 9 4 7 
[00031463] 3 | 5 0 10 11 2 8 6 8 1 9 7 4 
[00031464] 4 | 5 0 10 11 2 8 _ 8 1 9 3 7 
[00031465] 4 | 5 0 10 11 2 8 _ 8 1 9 7 3 
[00031466] 5 | _ 0 10 11 2 8 7 8 1 9 _ _ 
[00031467] 4 | 4 0 10 11 2 8 7 8 1 9 _ _ 
[00031468] 3 | 4 0 10 11 2 8 7 8 1 9 3 6 
[00031469] 3 | 4 0 10 11 2 8 7 8 1 9 6 3 
[00031470] 6 | _ 0 10 11 2 _ 8 8 1 9 _ _ 
[00031471] 5 | 5 0 10 11 2 _ 8 8 1 9 _ _ 
[00031472] 4 | 5 0 10 11 2 6 8 8 1 9 _ _ 
[00031473] 3 | 5 0 10 11 2 6 8 8 1 9 4 7 
[00031474] 3 | 5 0 10 11 2 6 8 8 1 9 7 4 
[00031475] 4 | 5 0 10 11 2 _ 8 8 1 9 3 7 
[00031476] 4 | 5 0 10 11 2 _ 8 8 1 9 7 3 
[00031477] 5 | _ 0 10 11 2 7 8 8 1 9 _ _ 
[00031478] 4 | 4 0 10 11 2 7 8 8 1 9 _ _ 
[00031479] 3 | 4 0 10 11 2 7 8 8 1 9 3 6 
[00031480] 3 | 4 0 10 11 2 7 8 8 1 9 6 3 
[00031481] 6 | _ 0 10 11 2 _ _ 8 1 9 2 _ 
[00031482] 5 | 5 0 10 11 2 _ _ 8 1 9 2 _ 
[00031483] 4 | 5 0 10 11 2 6 _ 8 1 9 2 _ 
[00031484] 4 | 5 0 10 11 2 _ 6 8 1 9 2 _ 
[00031485] 4 | 5 0 10 11 2 _ _ 8 1 9 2 6 
[00031486] 5 | _ 0 10 11 2 7 _ 8 1 9 2 _ 
[00031487] 4 | 4 0 10 11 2 7 _ 8 1 9 2 _ 
[00031488] 3 | 4 0 10 11 2 7 5 8 1 9 2 _ 
[00031489] 3 | 4 0 10 11 2 7 _ 8 1 9 2 5 
[00031490] 4 | _ 0 10 11 2 7 6 8 1 9 2 _ 
[00031491] 3 | 3 0 10 11 2 7 6 8 1 9 2 _ 
[00031492] 4 | _ 0 10 11 2 7 _ 8 1 9 2 6 
[00031493] 3 | 3 0 10 11 2 7 _ 8 1 9 2 6 
[00031494] 5 | _ 0 10 11 2 _ 7 8 1 9 2 _ 
[00031495] 4 | 4 0 10 11 2 _ 7 8 1 9 2 _ 
[00031496] 3 | 4 0 10 11 2 5 7 8 1 9 2 _ 
[00031497] 3 | 4 0 10 11 2 _ 7 8 1 9 2 5 
[00031498] 4 | _ 0 10 11 2 6 7 8 1 9 2 _ 
[00031499] 3 | 3 0 10 11 2 6 7 8 1 9 2 _ 
[00031500] 4 | _ 0 10 11 2 _ 7 8 1 9 2 6 
[00031501] 3 | 3 0 10 11 2 _ 7 8 1 9 2 6 
[00031502] 5 | _ 0 10 11 2 _ _ 8 1 9 2 7 
[00031503] 4 | 4 0 10 11 2 _ _ 8 1 9 2 7 
[00031504] 8 | _ 0 10 11 2 _ _ _ 9 1 _ _ 
[00031505] 7 | 7 0 10 11 2 _ _ _ 9 1 _ _ 
[00031506] 6 | 7 0 10 11 2 8 _ _ 9 1 _ _ 
[00031507] 5 | 7 0 10 11 2 8 _ 6 9 1 _ _ 
[00031508] 4 | 7 0 10 11 2 8 6 6 9 1 _ _ 
[00031509] 4 | 7 0 10 11 2 8 _ 6 9 1 2 _ 
[00031510] 3 | 7 0 10 11 2 8 5 6 9 1 2 _ 
[00031511] 3 | 7 0 10 11 2 8 _ 6 9 1 2 5 
[00031512] 5 | 7 0 10 11 2 8 _ 4 9 1 _ _ 
[00031513] 4 | 7 0 10 11 2 8 6 4 9 1 _ _ 
[00031514] 6 | 7 0 10 11 2 _ 8 _ 9 1 _ _ 
[00031515] 5 | 7 0 10 11 2 _ 8 6 9 1 _ _ 
[00031516] 4 | 7 0 10 11 2 6 8 6 9 1 _ _ 
[00031517] 4 | 7 0 10 11 2 _ 8 6 9 1 2 _ 
[00031518] 3 | 7 0 10 11 2 5 8 6 9 1 2 _ 
[00031519] 3 | 7 0 10 11 2 _ 8 6 9 1 2 5 
[00031520] 5 | 7 0 10 11 2 _ 8 4 9 1 _ _ 
[00031521] 4 | 7 0 10 11 2 6 8 4 9 1 _ _ 
[00031522] 6 | 7 0 10 11 2 _ _ 5 9 1 _ _ 
[00031523] 5 | 7 0 10 11 2 _ _ 5 9 1 3 8 
[00031524] 4 | 7 0 10 11 2 6 _ 5 9 1 3 8 
[00031525] 4 | 7 0 10 11 2 _ 6 5 9 1 3 8 
[00031526] 5 | 7 0 10 11 2 _ _ 5 9 1 8 3 
[00031527] 4 | 7 0 10 11 2 6 _ 5 9 1 8 3 
[00031528] 4 | 7 0 10 11 2 _ 6 5 9 1 8 3 
[00031529] 6 | 7 0 10 11 2 _ _ 3 9 1 _ _ 
[00031530] 5 | 7 0 10 11 2 _ _ 3 9 1 8 _ 
[00031531] 4 | 7 0 10 11 2 6 _ 3 9 1 8 _ 
[00031532] 3 | 7 0 10 11 2 6 5 3 9 1 8 _ 
[00031533] 3 | 7 0 10 11 2 6 _ 3 9 1 8 5 
[00031534] 2 | 7 0 10 11 2 6 4 3 9 1 8 5 
[00031535] 4 | 7 0 10 11 2 _ 6 3 9 1 8 _ 
[00031536] 3 | 7 0 10 11 2 5 6 3 9 1 8 _ 
[00031537] 3 | 7 0 10 11 2 _ 6 3 9 1 8 5 
[00031538] 2 | 7 0 10 11 2 4 6 3 9 1 8 5 
[00031539] 4 | 7 0 10 11 2 _ _ 3 9 1 8 4 
[00031540] 3 | 7 0 10 11 2 5 _ 3 9 1 8 4 
[00031541] 3 | 7 0 10 11 2 _ 5 3 9 1 8 4 
[00031542] 7 | _ 0 10 11 2 9 _ _ 9 1 _ _ 
[00031543] 6 | 6 0 10 11 2 9 _ _ 9 1 _ _ 
[00031544] 5 | 6 0 10 11 2 9 7 _ 9 1 _ _ 
[00031545] 4 | 6 0 10 11 2 9 7 4 9 1 8 _ 
[00031546] 4 | 6 0 10 11 2 9 7 8 9 1 4 _ 
[00031547] 4 | 6 0 10 11 2 9 7 _ 9 1 4 8 
[00031548] 4 | 6 0 10 11 2 9 7 _ 9 1 8 4 
[00031549] 3 | 6 0 10 11 2 9 7 8 9 1 8 4 
[00031550] 3 | 6 0 10 11 2 9 7 5 9 1 8 4 
[00031551] 3 | 6 0 10 11 2 9 7 11 9 1 8 4 
[00031552] 5 | 6 0 10 11 2 9 _ 3 9 1 8 _ 
[00031553] 5 | 6 0 10 11 2 9 _ 8 9 1 3 _ 
[00031554] 4 | 6 0 10 11 2 9 _ 8 9 1 3 7 
[00031555] 3 | 6 0 10 11 2 9 5 8 9 1 3 7 
[00031556] 5 | 6 0 10 11 2 9 _ _ 9 1 3 8 
[00031557] 4 | 6 0 10 11 2 9 _ 7 9 1 3 8 
[00031558] 4 | 6 0 10 11 2 9 _ 7 9 1 3 8 
[00031559] 3 | 6 0 10 11 2 9 5 7 9 1 3 8 
[00031560] 5 | 6 0 10 11 2 9 _ _ 9 1 8 3 
[00031561] 4 | 6 0 10 11 2 9 _ 7 9 1 8 3 
[00031562] 3 | 6 0 10 11 2 9 5 7 9 1 8 3 
[00031563] 4 | 6 0 10 11 2 9 _ 4 9 1 8 3 
[00031564] 6 | _ 0 10 11 2 9 8 _ 9 1 _ _ 
[00031565] 5 | 5 0 10 11 2 9 8 _ 9 1 _ _ 
[00031566] 4 | 5 0 10 11 2 9 8 7 9 1 _ _ 
[00031567] 3 | 5 0 10 11 2 9 8 7 9 1 4 _ 
[00031568] 2 | 5 0 10 11 2 9 8 7 9 1 4 6 
[00031569] 3 | 5 0 10 11 2 9 8 7 9 1 3 6 
[00031570] 3 | 5 0 10 11 2 9 8 7 9 1 6 3 
[00031571] 4 | 5 0 10 11 2 9 8 3 9 1 7 _ 
[00031572] 4 | 5 0 10 11 2 9 8 7 9 1 3 _ 
[00031573] 3 | 5 0 10 11 2 9 8 7 9 1 3 6 
[00031574] 4 | 5 0 10 11 2 9 8 _ 9 1 3 7 
[00031575] 3 | 5 0 10 11 2 9 8 6 9 1 3 7 
[00031576] 4 | 5 0 10 11 2 9 8 _ 9 1 7 3 
[00031577] 3 | 5 0 10 11 2 9 8 4 9 1 7 3 
[00031578] 5 | _ 0 10 11 2 9 8 6 9 1 _ _ 
[00031579] 4 | 4 0 10 11 2 9 8 6 9 1 _ _ 
[00031580] 3 | 4 0 10 11 2 9 8 6 9 1 3 _ 
[00031581] 2 | 4 0 10 11 2 9 8 6 9 1 3 5 
[00031582] 4 | _ 0 10 11 2 9 8 6 9 1 3 7 
[00031583] 4 | _ 0 10 11 2 9 8 6 9 1 7 3 
[00031584] 6 | _ 0 10 11 2 9 _ 5 9 1 _ _ 
[00031585] 5 | 5 0 10 11 2 9 _ 5 9 1 _ _ 
[00031586] 4 | 5 0 10 11 2 9 6 5 9 1 _ _ 
[00031587] 3 | 5 0 10 11 2 9 6 5 9 1 4 7 
[00031588] 3 | 5 0 10 11 2 9 6 5 9 1 7 4 
[00031589] 4 | 5 0 10 11 2 9 _ 5 9 1 3 7 
[00031590] 4 | 5 0 10 11 2 9 _ 5 9 1 4 8 
[00031591] 4 | 5 0 10 11 2 9 _ 5 9 1 7 3 
[00031592] 4 | 5 0 10 11 2 9 _ 5 9 1 8 4 
[00031593] 5 | _ 0 10 11 2 9 7 5 9 1 _ _ 
[00031594] 4 | 4 0 10 11 2 9 7 5 9 1 _ _ 
[00031595] 3 | 4 0 10 11 2 9 7 5 9 1 8 _ 
[00031596] 2 | 4 0 10 11 2 9 7 5 9 1 8 6 
[00031597] 3 | 4 0 10 11 2 9 7 5 9 1 3 6 
[00031598] 3 | 4 0 10 11 2 9 7 5 9 1 6 3 
[00031599] 4 | _ 0 10 11 2 9 7 5 9 1 4 8 
[00031600] 3 | 3 0 10 11 2 9 7 5 9 1 4 8 
[00031601] 4 | _ 0 10 11 2 9 7 5 9 1 8 4 
[00031602] 3 | 3 0 10 11 2 9 7 5 9 1 8 4 
[00031603] 5 | _ 0 10 11 2 9 _ 5 9 1 0 _ 
[00031604] 4 | 4 0 10 11 2 9 _ 5 9 1 0 _ 
[00031605] 4 | _ 0 10 11 2 9 6 5 9 1 0 _ 
[00031606] 3 | 3 0 10 11 2 9 6 5 9 1 0 _ 
[00031607] 3 | _ 0 10 11 2 9 6 5 9 1 0 3 
[00031608] 4 | _ 0 10 11 2 9 _ 5 9 1 0 4 
[00031609] 5 | _ 0 10 11 2 9 _ 5 9 1 3 8 
[00031610] 4 | 4 0 10 11 2 9 _ 5 9 1 3 8 
[00031611] 4 | _ 0 10 11 2 9 6 5 9 1 3 8 
[00031612] 5 | _ 0 10 11 2 9 _ 5 9 1 8 3 
[00031613] 4 | 4 0 10 11 2 9 _ 5 9 1 8 3 
[00031614] 4 | _ 0 10 11 2 9 6 5 9 1 8 3 
[00031615] 7 | _ 0 10 11 2 _ 9 _ 9 1 _ _ 
[00031616] 6 | 6 0 10 11 2 _ 9 _ 9 1 _ _ 
[00031617] 5 | 6 0 10 11 2 7 9 _ 9 1 _ _ 
[00031618] 4 | 6 0 10 11 2 7 9 4 9 1 8 _ 
[00031619] 4 | 6 0 10 11 2 7 9 8 9 1 4 _ 
[00031620] 4 | 6 0 10 11 2 7 9 _ 9 1 4 8 
[00031621] 4 | 6 0 10 11 2 7 9 _ 9 1 8 4 
[00031622] 3 | 6 0 10 11 2 7 9 8 9 1 8 4 
[00031623] 3 | 6 0 10 11 2 7 9 5 9 1 8 4 
[00031624] 3 | 6 0 10 11 2 7 9 11 9 1 8 4 
[00031625] 5 | 6 0 10 11 2 _ 9 3 9 1 8 _ 
[00031626] 5 | 6 0 10 11 2 _ 9 8 9 1 3 _ 
[00031627] 4 | 6 0 10 11 2 _ 9 8 9 1 3 7 
[00031628] 3 | 6 0 10 11 2 5 9 8 9 1 3 7 
