[00044474] 2 | 4 0 8 11 1 7 3 2 9 6 5 10 
[00044475] 5 | _ 0 8 11 1 7 _ 2 9 _ 10 5 
[00044476] 4 | 4 0 8 11 1 7 _ 2 9 _ 10 5 
[00044477] 3 | 4 0 8 11 1 7 _ 2 9 6 10 5 
[00044478] 2 | 4 0 8 11 1 7 3 2 9 6 10 5 
[00044479] 6 | _ 0 8 11 1 _ 7 2 9 _ _ _ 
[00044480] 5 | 5 0 8 11 1 _ 7 2 9 _ _ _ 
[00044481] 4 | 5 0 8 11 1 _ 7 2 9 _ 6 _ 
[00044482] 3 | 5 0 8 11 1 4 7 2 9 _ 6 _ 
[00044483] 3 | 5 0 8 11 1 _ 7 2 9 6 6 _ 
[00044484] 2 | 5 0 8 11 1 3 7 2 9 6 6 _ 
[00044485] 3 | 5 0 8 11 1 _ 7 2 9 _ 6 3 
[00044486] 3 | 5 0 8 11 1 _ 7 2 9 _ 6 9 
[00044487] 2 | 5 0 8 11 1 3 7 2 9 _ 6 9 
[00044488] 4 | 5 0 8 11 1 _ 7 2 9 _ 6 10 
[00044489] 3 | 5 0 8 11 1 4 7 2 9 _ 6 10 
[00044490] 4 | 5 0 8 11 1 _ 7 2 9 _ 10 6 
[00044491] 3 | 5 0 8 11 1 4 7 2 9 _ 10 6 
[00044492] 5 | _ 0 8 11 1 6 7 2 9 _ _ _ 
[00044493] 4 | 4 0 8 11 1 6 7 2 9 _ _ _ 
[00044494] 3 | 4 0 8 11 1 6 7 2 9 _ 5 _ 
[00044495] 2 | 4 0 8 11 1 6 7 2 9 _ 5 3 
[00044496] 1 | 4 0 8 11 1 6 7 2 9 10 5 3  *Graceful*
[00044496] 4 | _ 0 8 11 1 6 7 2 9 5 _ _ 
[00044497] 3 | 3 0 8 11 1 6 7 2 9 5 _ _ 
[00044498] 2 | 3 0 8 11 1 6 7 2 9 5 4 _ 
[00044499] 5 | _ 0 8 11 1 _ 7 2 9 4 _ _ 
[00044500] 4 | _ 0 8 11 1 5 7 2 9 4 _ _ 
[00044501] 3 | 3 0 8 11 1 5 7 2 9 4 _ _ 
[00044502] 3 | _ 0 8 11 1 5 7 2 9 4 3 6 
[00044503] 3 | _ 0 8 11 1 5 7 2 9 4 6 3 
[00044504] 4 | _ 0 8 11 1 _ 7 2 9 4 6 _ 
[00044505] 3 | 3 0 8 11 1 _ 7 2 9 4 6 _ 
[00044506] 3 | _ 0 8 11 1 _ 7 2 9 4 6 3 
[00044507] 4 | _ 0 8 11 1 _ 7 2 9 4 6 10 
[00044508] 3 | 3 0 8 11 1 _ 7 2 9 4 6 10 
[00044509] 4 | _ 0 8 11 1 _ 7 2 9 4 10 6 
[00044510] 3 | 3 0 8 11 1 _ 7 2 9 4 10 6 
[00044511] 5 | _ 0 8 11 1 _ 7 2 9 _ 5 10 
[00044512] 4 | 4 0 8 11 1 _ 7 2 9 _ 5 10 
[00044513] 3 | 4 0 8 11 1 _ 7 2 9 6 5 10 
[00044514] 2 | 4 0 8 11 1 3 7 2 9 6 5 10 
[00044515] 5 | _ 0 8 11 1 _ 7 2 9 _ 10 5 
[00044516] 4 | 4 0 8 11 1 _ 7 2 9 _ 10 5 
[00044517] 3 | 4 0 8 11 1 _ 7 2 9 6 10 5 
[00044518] 2 | 4 0 8 11 1 3 7 2 9 6 10 5 
[00044519] 6 | _ 0 8 11 1 _ _ 2 9 3 _ _ 
[00044520] 5 | 5 0 8 11 1 _ _ 2 9 3 _ _ 
[00044521] 4 | 5 0 8 11 1 _ _ 2 9 3 6 _ 
[00044522] 3 | 5 0 8 11 1 4 _ 2 9 3 6 _ 
[00044523] 3 | 5 0 8 11 1 _ 4 2 9 3 6 _ 
[00044524] 4 | 5 0 8 11 1 _ _ 2 9 3 6 10 
[00044525] 3 | 5 0 8 11 1 4 _ 2 9 3 6 10 
[00044526] 3 | 5 0 8 11 1 _ 4 2 9 3 6 10 
[00044527] 4 | 5 0 8 11 1 _ _ 2 9 3 10 6 
[00044528] 3 | 5 0 8 11 1 4 _ 2 9 3 10 6 
[00044529] 3 | 5 0 8 11 1 _ 4 2 9 3 10 6 
[00044530] 5 | _ 0 8 11 1 6 _ 2 9 3 _ _ 
[00044531] 4 | 4 0 8 11 1 6 _ 2 9 3 _ _ 
[00044532] 3 | 4 0 8 11 1 6 _ 2 9 3 5 _ 
[00044533] 2 | 4 0 8 11 1 6 _ 2 9 3 5 7 
[00044534] 3 | 4 0 8 11 1 6 _ 2 9 3 7 10 
[00044535] 3 | 4 0 8 11 1 6 _ 2 9 3 10 7 
[00044536] 4 | _ 0 8 11 1 6 5 2 9 3 _ _ 
[00044537] 3 | _ 0 8 11 1 6 5 2 9 3 4 7 
[00044538] 3 | _ 0 8 11 1 6 5 2 9 3 7 10 
[00044539] 3 | _ 0 8 11 1 6 5 2 9 3 7 4 
[00044540] 3 | _ 0 8 11 1 6 5 2 9 3 10 7 
[00044541] 5 | _ 0 8 11 1 _ 6 2 9 3 _ _ 
[00044542] 4 | 4 0 8 11 1 _ 6 2 9 3 _ _ 
[00044543] 3 | 4 0 8 11 1 _ 6 2 9 3 5 _ 
[00044544] 2 | 4 0 8 11 1 _ 6 2 9 3 5 7 
[00044545] 3 | 4 0 8 11 1 _ 6 2 9 3 7 10 
[00044546] 3 | 4 0 8 11 1 _ 6 2 9 3 10 7 
[00044547] 4 | _ 0 8 11 1 5 6 2 9 3 _ _ 
[00044548] 3 | _ 0 8 11 1 5 6 2 9 3 4 7 
[00044549] 3 | _ 0 8 11 1 5 6 2 9 3 7 10 
[00044550] 3 | _ 0 8 11 1 5 6 2 9 3 7 4 
[00044551] 3 | _ 0 8 11 1 5 6 2 9 3 10 7 
[00044552] 5 | _ 0 8 11 1 _ _ 2 9 3 7 _ 
[00044553] 4 | 4 0 8 11 1 _ _ 2 9 3 7 _ 
[00044554] 3 | 4 0 8 11 1 _ _ 2 9 3 7 10 
[00044555] 4 | _ 0 8 11 1 5 _ 2 9 3 7 _ 
[00044556] 3 | _ 0 8 11 1 5 4 2 9 3 7 _ 
[00044557] 3 | _ 0 8 11 1 5 _ 2 9 3 7 4 
[00044558] 3 | _ 0 8 11 1 5 _ 2 9 3 7 10 
[00044559] 4 | _ 0 8 11 1 _ 5 2 9 3 7 _ 
[00044560] 3 | _ 0 8 11 1 4 5 2 9 3 7 _ 
[00044561] 3 | _ 0 8 11 1 _ 5 2 9 3 7 4 
[00044562] 3 | _ 0 8 11 1 _ 5 2 9 3 7 10 
[00044563] 5 | _ 0 8 11 1 _ _ 2 9 3 5 10 
[00044564] 4 | 4 0 8 11 1 _ _ 2 9 3 5 10 
[00044565] 5 | _ 0 8 11 1 _ _ 2 9 3 10 5 
[00044566] 4 | 4 0 8 11 1 _ _ 2 9 3 10 5 
[00044567] 6 | _ 0 8 11 1 _ _ 2 9 _ 4 10 
[00044568] 5 | 5 0 8 11 1 _ _ 2 9 _ 4 10 
[00044569] 5 | _ 0 8 11 1 6 _ 2 9 _ 4 10 
[00044570] 4 | _ 0 8 11 1 6 5 2 9 _ 4 10 
[00044571] 3 | 3 0 8 11 1 6 5 2 9 _ 4 10 
[00044572] 2 | 3 0 8 11 1 6 5 2 9 7 4 10 
[00044573] 4 | _ 0 8 11 1 6 _ 2 9 5 4 10 
[00044574] 3 | 3 0 8 11 1 6 _ 2 9 5 4 10 
[00044575] 5 | _ 0 8 11 1 _ 6 2 9 _ 4 10 
[00044576] 4 | _ 0 8 11 1 5 6 2 9 _ 4 10 
[00044577] 3 | 3 0 8 11 1 5 6 2 9 _ 4 10 
[00044578] 2 | 3 0 8 11 1 5 6 2 9 7 4 10 
[00044579] 4 | _ 0 8 11 1 _ 6 2 9 5 4 10 
[00044580] 3 | 3 0 8 11 1 _ 6 2 9 5 4 10 
[00044581] 6 | _ 0 8 11 1 _ _ 2 9 _ 10 4 
[00044582] 5 | 5 0 8 11 1 _ _ 2 9 _ 10 4 
[00044583] 5 | _ 0 8 11 1 6 _ 2 9 _ 10 4 
[00044584] 4 | _ 0 8 11 1 6 5 2 9 _ 10 4 
[00044585] 3 | 3 0 8 11 1 6 5 2 9 _ 10 4 
[00044586] 2 | 3 0 8 11 1 6 5 2 9 7 10 4 
[00044587] 4 | _ 0 8 11 1 6 _ 2 9 5 10 4 
[00044588] 3 | 3 0 8 11 1 6 _ 2 9 5 10 4 
[00044589] 5 | _ 0 8 11 1 _ 6 2 9 _ 10 4 
[00044590] 4 | _ 0 8 11 1 5 6 2 9 _ 10 4 
[00044591] 3 | 3 0 8 11 1 5 6 2 9 _ 10 4 
[00044592] 2 | 3 0 8 11 1 5 6 2 9 7 10 4 
[00044593] 4 | _ 0 8 11 1 _ 6 2 9 5 10 4 
[00044594] 3 | 3 0 8 11 1 _ 6 2 9 5 10 4 
[00044595] 7 | _ 0 8 11 1 _ _ 2 3 10 _ _ 
[00044596] 6 | 6 0 8 11 1 _ _ 2 3 10 _ _ 
[00044597] 5 | 6 0 8 11 1 _ _ 2 3 10 7 _ 
[00044598] 4 | 6 0 8 11 1 5 _ 2 3 10 7 _ 
[00044599] 3 | 6 0 8 11 1 5 4 2 3 10 7 _ 
[00044600] 2 | 6 0 8 11 1 5 4 2 3 10 7 9 
[00044601] 1 | 6 0 8 11 1 5 4 2 3 10 7 9  *Graceful*
[00044601] 3 | 6 0 8 11 1 5 _ 2 3 10 7 4 
[00044602] 4 | 6 0 8 11 1 _ 5 2 3 10 7 _ 
[00044603] 3 | 6 0 8 11 1 4 5 2 3 10 7 _ 
[00044604] 2 | 6 0 8 11 1 4 5 2 3 10 7 9 
[00044605] 1 | 6 0 8 11 1 4 5 2 3 10 7 9  *Graceful*
[00044605] 3 | 6 0 8 11 1 _ 5 2 3 10 7 4 
[00044606] 5 | 6 0 8 11 1 _ _ 2 3 10 4 9 
[00044607] 4 | 6 0 8 11 1 5 _ 2 3 10 4 9 
[00044608] 4 | 6 0 8 11 1 _ 5 2 3 10 4 9 
[00044609] 5 | 6 0 8 11 1 _ _ 2 3 10 9 4 
[00044610] 4 | 6 0 8 11 1 5 _ 2 3 10 9 4 
[00044611] 4 | 6 0 8 11 1 _ 5 2 3 10 9 4 
[00044612] 6 | _ 0 8 11 1 7 _ 2 3 10 _ _ 
[00044613] 5 | 5 0 8 11 1 7 _ 2 3 10 _ _ 
[00044614] 4 | 5 0 8 11 1 7 _ 2 3 10 6 _ 
[00044615] 3 | 5 0 8 11 1 7 4 2 3 10 6 _ 
[00044616] 3 | 5 0 8 11 1 7 _ 2 3 10 6 9 
[00044617] 5 | _ 0 8 11 1 7 6 2 3 10 _ _ 
[00044618] 4 | 4 0 8 11 1 7 6 2 3 10 _ _ 
[00044619] 3 | 4 0 8 11 1 7 6 2 3 10 5 _ 
[00044620] 4 | _ 0 8 11 1 7 6 2 3 10 5 9 
[00044621] 4 | _ 0 8 11 1 7 6 2 3 10 9 5 
[00044622] 5 | _ 0 8 11 1 7 _ 2 3 10 4 9 
[00044623] 4 | _ 0 8 11 1 7 5 2 3 10 4 9 
[00044624] 5 | _ 0 8 11 1 7 _ 2 3 10 9 4 
[00044625] 4 | _ 0 8 11 1 7 5 2 3 10 9 4 
[00044626] 6 | _ 0 8 11 1 _ 7 2 3 10 _ _ 
[00044627] 5 | 5 0 8 11 1 _ 7 2 3 10 _ _ 
[00044628] 4 | 5 0 8 11 1 _ 7 2 3 10 6 _ 
[00044629] 3 | 5 0 8 11 1 4 7 2 3 10 6 _ 
[00044630] 3 | 5 0 8 11 1 _ 7 2 3 10 6 9 
[00044631] 5 | _ 0 8 11 1 6 7 2 3 10 _ _ 
[00044632] 4 | 4 0 8 11 1 6 7 2 3 10 _ _ 
[00044633] 3 | 4 0 8 11 1 6 7 2 3 10 5 _ 
[00044634] 4 | _ 0 8 11 1 6 7 2 3 10 5 9 
[00044635] 4 | _ 0 8 11 1 6 7 2 3 10 9 5 
[00044636] 5 | _ 0 8 11 1 _ 7 2 3 10 4 9 
[00044637] 4 | _ 0 8 11 1 5 7 2 3 10 4 9 
[00044638] 5 | _ 0 8 11 1 _ 7 2 3 10 9 4 
[00044639] 4 | _ 0 8 11 1 5 7 2 3 10 9 4 
[00044640] 7 | _ 0 8 11 1 _ _ 2 10 3 _ _ 
[00044641] 6 | 6 0 8 11 1 _ _ 2 10 3 _ _ 
[00044642] 5 | 6 0 8 11 1 _ _ 2 10 3 7 _ 
[00044643] 4 | 6 0 8 11 1 5 _ 2 10 3 7 _ 
[00044644] 3 | 6 0 8 11 1 5 4 2 10 3 7 _ 
[00044645] 2 | 6 0 8 11 1 5 4 2 10 3 7 9 
[00044646] 3 | 6 0 8 11 1 5 _ 2 10 3 7 4 
[00044647] 4 | 6 0 8 11 1 _ 5 2 10 3 7 _ 
[00044648] 3 | 6 0 8 11 1 4 5 2 10 3 7 _ 
[00044649] 2 | 6 0 8 11 1 4 5 2 10 3 7 9 
[00044650] 3 | 6 0 8 11 1 _ 5 2 10 3 7 4 
[00044651] 5 | 6 0 8 11 1 _ _ 2 10 3 4 9 
[00044652] 4 | 6 0 8 11 1 5 _ 2 10 3 4 9 
[00044653] 4 | 6 0 8 11 1 _ 5 2 10 3 4 9 
[00044654] 5 | 6 0 8 11 1 _ _ 2 10 3 9 4 
[00044655] 4 | 6 0 8 11 1 5 _ 2 10 3 9 4 
[00044656] 4 | 6 0 8 11 1 _ 5 2 10 3 9 4 
[00044657] 6 | _ 0 8 11 1 7 _ 2 10 3 _ _ 
[00044658] 5 | 5 0 8 11 1 7 _ 2 10 3 _ _ 
[00044659] 4 | 5 0 8 11 1 7 _ 2 10 3 6 _ 
[00044660] 3 | 5 0 8 11 1 7 4 2 10 3 6 _ 
[00044661] 3 | 5 0 8 11 1 7 _ 2 10 3 6 9 
[00044662] 5 | _ 0 8 11 1 7 6 2 10 3 _ _ 
[00044663] 4 | 4 0 8 11 1 7 6 2 10 3 _ _ 
[00044664] 3 | 4 0 8 11 1 7 6 2 10 3 5 _ 
[00044665] 4 | _ 0 8 11 1 7 6 2 10 3 5 9 
[00044666] 4 | _ 0 8 11 1 7 6 2 10 3 9 5 
[00044667] 5 | _ 0 8 11 1 7 _ 2 10 3 4 9 
[00044668] 4 | _ 0 8 11 1 7 5 2 10 3 4 9 
[00044669] 5 | _ 0 8 11 1 7 _ 2 10 3 9 4 
[00044670] 4 | _ 0 8 11 1 7 5 2 10 3 9 4 
[00044671] 6 | _ 0 8 11 1 _ 7 2 10 3 _ _ 
[00044672] 5 | 5 0 8 11 1 _ 7 2 10 3 _ _ 
[00044673] 4 | 5 0 8 11 1 _ 7 2 10 3 6 _ 
[00044674] 3 | 5 0 8 11 1 4 7 2 10 3 6 _ 
[00044675] 3 | 5 0 8 11 1 _ 7 2 10 3 6 9 
[00044676] 5 | _ 0 8 11 1 6 7 2 10 3 _ _ 
[00044677] 4 | 4 0 8 11 1 6 7 2 10 3 _ _ 
[00044678] 3 | 4 0 8 11 1 6 7 2 10 3 5 _ 
[00044679] 4 | _ 0 8 11 1 6 7 2 10 3 5 9 
[00044680] 4 | _ 0 8 11 1 6 7 2 10 3 9 5 
[00044681] 5 | _ 0 8 11 1 _ 7 2 10 3 4 9 
[00044682] 4 | _ 0 8 11 1 5 7 2 10 3 4 9 
[00044683] 5 | _ 0 8 11 1 _ 7 2 10 3 9 4 
[00044684] 4 | _ 0 8 11 1 5 7 2 10 3 9 4 
[00044685] 7 | _ 0 8 11 1 _ _ 2 _ _ 9 _ 
[00044686] 6 | 6 0 8 11 1 _ _ 2 _ _ 9 _ 
[00044687] 5 | 6 0 8 11 1 _ _ 2 7 _ 9 _ 
[00044688] 4 | 6 0 8 11 1 5 _ 2 7 _ 9 _ 
[00044689] 3 | 6 0 8 11 1 5 4 2 7 _ 9 _ 
[00044690] 2 | 6 0 8 11 1 5 4 2 7 9 9 _ 
[00044691] 2 | 6 0 8 11 1 5 4 2 7 _ 9 7 
[00044692] 3 | 6 0 8 11 1 5 _ 2 7 4 9 _ 
[00044693] 2 | 6 0 8 11 1 5 3 2 7 4 9 _ 
[00044694] 1 | 6 0 8 11 1 5 3 2 7 4 9 10  *Graceful*
[00044694] 3 | 6 0 8 11 1 5 _ 2 7 10 9 _ 
[00044695] 2 | 6 0 8 11 1 5 3 2 7 10 9 _ 
[00044696] 4 | 6 0 8 11 1 _ 5 2 7 _ 9 _ 
[00044697] 3 | 6 0 8 11 1 4 5 2 7 _ 9 _ 
[00044698] 2 | 6 0 8 11 1 4 5 2 7 9 9 _ 
[00044699] 2 | 6 0 8 11 1 4 5 2 7 _ 9 7 
[00044700] 3 | 6 0 8 11 1 _ 5 2 7 4 9 _ 
[00044701] 2 | 6 0 8 11 1 3 5 2 7 4 9 _ 
[00044702] 1 | 6 0 8 11 1 3 5 2 7 4 9 10  *Graceful*
[00044702] 3 | 6 0 8 11 1 _ 5 2 7 10 9 _ 
[00044703] 2 | 6 0 8 11 1 3 5 2 7 10 9 _ 
[00044704] 4 | 6 0 8 11 1 _ _ 2 7 3 9 _ 
[00044705] 3 | 6 0 8 11 1 4 _ 2 7 3 9 _ 
[00044706] 3 | 6 0 8 11 1 _ 4 2 7 3 9 _ 
[00044707] 4 | 6 0 8 11 1 _ _ 2 7 _ 9 5 
[00044708] 3 | 6 0 8 11 1 4 _ 2 7 _ 9 5 
[00044709] 2 | 6 0 8 11 1 4 3 2 7 _ 9 5 
[00044710] 3 | 6 0 8 11 1 _ 4 2 7 _ 9 5 
[00044711] 2 | 6 0 8 11 1 3 4 2 7 _ 9 5 
[00044712] 3 | 6 0 8 11 1 _ _ 2 7 4 9 5 
[00044713] 2 | 6 0 8 11 1 3 _ 2 7 4 9 5 
[00044714] 2 | 6 0 8 11 1 _ 3 2 7 4 9 5 
[00044715] 3 | 6 0 8 11 1 _ _ 2 7 10 9 5 
[00044716] 2 | 6 0 8 11 1 3 _ 2 7 10 9 5 
[00044717] 2 | 6 0 8 11 1 _ 3 2 7 10 9 5 
[00044718] 5 | 6 0 8 11 1 _ _ 2 5 10 9 _ 
[00044719] 5 | 6 0 8 11 1 _ _ 2 10 5 9 _ 
[00044720] 5 | 6 0 8 11 1 _ _ 2 _ _ 9 4 
[00044721] 4 | 6 0 8 11 1 5 _ 2 _ _ 9 4 
[00044722] 3 | 6 0 8 11 1 5 _ 2 7 10 9 4 
[00044723] 2 | 6 0 8 11 1 5 3 2 7 10 9 4 
[00044724] 3 | 6 0 8 11 1 5 _ 2 10 7 9 4 
[00044725] 2 | 6 0 8 11 1 5 3 2 10 7 9 4 
[00044726] 4 | 6 0 8 11 1 _ 5 2 _ _ 9 4 
[00044727] 3 | 6 0 8 11 1 _ 5 2 7 10 9 4 
[00044728] 2 | 6 0 8 11 1 3 5 2 7 10 9 4 
[00044729] 3 | 6 0 8 11 1 _ 5 2 10 7 9 4 
[00044730] 2 | 6 0 8 11 1 3 5 2 10 7 9 4 
[00044731] 4 | 6 0 8 11 1 _ _ 2 3 7 9 4 
[00044732] 4 | 6 0 8 11 1 _ _ 2 7 3 9 4 
[00044733] 6 | _ 0 8 11 1 7 _ 2 _ _ 9 _ 
[00044734] 5 | 5 0 8 11 1 7 _ 2 _ _ 9 _ 
[00044735] 4 | 5 0 8 11 1 7 _ 2 6 _ 9 _ 
[00044736] 3 | 5 0 8 11 1 7 4 2 6 _ 9 _ 
[00044737] 3 | 5 0 8 11 1 7 _ 2 6 3 9 _ 
[00044738] 3 | 5 0 8 11 1 7 _ 2 6 9 9 _ 
[00044739] 2 | 5 0 8 11 1 7 3 2 6 9 9 _ 
[00044740] 3 | 5 0 8 11 1 7 _ 2 6 _ 9 6 
[00044741] 2 | 5 0 8 11 1 7 3 2 6 _ 9 6 
[00044742] 4 | 5 0 8 11 1 7 _ 2 6 10 9 _ 
[00044743] 3 | 5 0 8 11 1 7 4 2 6 10 9 _ 
[00044744] 4 | 5 0 8 11 1 7 _ 2 10 6 9 _ 
[00044745] 3 | 5 0 8 11 1 7 4 2 10 6 9 _ 
[00044746] 5 | _ 0 8 11 1 7 6 2 _ _ 9 _ 
[00044747] 4 | 4 0 8 11 1 7 6 2 _ _ 9 _ 
[00044748] 3 | 4 0 8 11 1 7 6 2 5 _ 9 _ 
[00044749] 2 | 4 0 8 11 1 7 6 2 5 3 9 _ 
[00044750] 1 | 4 0 8 11 1 7 6 2 5 3 9 10  *Graceful*
[00044750] 4 | _ 0 8 11 1 7 6 2 _ _ 9 5 
[00044751] 3 | 3 0 8 11 1 7 6 2 _ _ 9 5 
[00044752] 2 | 3 0 8 11 1 7 6 2 4 _ 9 5 
[00044753] 5 | _ 0 8 11 1 7 _ 2 5 10 9 _ 
[00044754] 4 | 4 0 8 11 1 7 _ 2 5 10 9 _ 
[00044755] 3 | 4 0 8 11 1 7 _ 2 5 10 9 6 
[00044756] 2 | 4 0 8 11 1 7 3 2 5 10 9 6 
[00044757] 5 | _ 0 8 11 1 7 _ 2 10 5 9 _ 
[00044758] 4 | 4 0 8 11 1 7 _ 2 10 5 9 _ 
[00044759] 3 | 4 0 8 11 1 7 _ 2 10 5 9 6 
[00044760] 2 | 4 0 8 11 1 7 3 2 10 5 9 6 
[00044761] 5 | _ 0 8 11 1 7 _ 2 _ _ 9 4 
[00044762] 4 | _ 0 8 11 1 7 5 2 _ _ 9 4 
[00044763] 3 | 3 0 8 11 1 7 5 2 _ _ 9 4 
[00044764] 3 | _ 0 8 11 1 7 5 2 3 6 9 4 
[00044765] 3 | _ 0 8 11 1 7 5 2 6 3 9 4 
[00044766] 4 | _ 0 8 11 1 7 _ 2 6 _ 9 4 
[00044767] 3 | 3 0 8 11 1 7 _ 2 6 _ 9 4 
[00044768] 3 | _ 0 8 11 1 7 _ 2 6 3 9 4 
[00044769] 4 | _ 0 8 11 1 7 _ 2 6 10 9 4 
[00044770] 3 | 3 0 8 11 1 7 _ 2 6 10 9 4 
[00044771] 4 | _ 0 8 11 1 7 _ 2 10 6 9 4 
[00044772] 3 | 3 0 8 11 1 7 _ 2 10 6 9 4 
[00044773] 6 | _ 0 8 11 1 _ 7 2 _ _ 9 _ 
[00044774] 5 | 5 0 8 11 1 _ 7 2 _ _ 9 _ 
[00044775] 4 | 5 0 8 11 1 _ 7 2 6 _ 9 _ 
[00044776] 3 | 5 0 8 11 1 4 7 2 6 _ 9 _ 
[00044777] 3 | 5 0 8 11 1 _ 7 2 6 3 9 _ 
[00044778] 3 | 5 0 8 11 1 _ 7 2 6 9 9 _ 
[00044779] 2 | 5 0 8 11 1 3 7 2 6 9 9 _ 
[00044780] 3 | 5 0 8 11 1 _ 7 2 6 _ 9 6 
[00044781] 2 | 5 0 8 11 1 3 7 2 6 _ 9 6 
[00044782] 4 | 5 0 8 11 1 _ 7 2 6 10 9 _ 
[00044783] 3 | 5 0 8 11 1 4 7 2 6 10 9 _ 
[00044784] 4 | 5 0 8 11 1 _ 7 2 10 6 9 _ 
[00044785] 3 | 5 0 8 11 1 4 7 2 10 6 9 _ 
[00044786] 5 | _ 0 8 11 1 6 7 2 _ _ 9 _ 
[00044787] 4 | 4 0 8 11 1 6 7 2 _ _ 9 _ 
[00044788] 3 | 4 0 8 11 1 6 7 2 5 _ 9 _ 
[00044789] 2 | 4 0 8 11 1 6 7 2 5 3 9 _ 
[00044790] 1 | 4 0 8 11 1 6 7 2 5 3 9 10  *Graceful*
[00044790] 4 | _ 0 8 11 1 6 7 2 _ _ 9 5 
[00044791] 3 | 3 0 8 11 1 6 7 2 _ _ 9 5 
[00044792] 2 | 3 0 8 11 1 6 7 2 4 _ 9 5 
[00044793] 5 | _ 0 8 11 1 _ 7 2 5 10 9 _ 
[00044794] 4 | 4 0 8 11 1 _ 7 2 5 10 9 _ 
[00044795] 3 | 4 0 8 11 1 _ 7 2 5 10 9 6 
[00044796] 2 | 4 0 8 11 1 3 7 2 5 10 9 6 
[00044797] 5 | _ 0 8 11 1 _ 7 2 10 5 9 _ 
[00044798] 4 | 4 0 8 11 1 _ 7 2 10 5 9 _ 
[00044799] 3 | 4 0 8 11 1 _ 7 2 10 5 9 6 
[00044800] 2 | 4 0 8 11 1 3 7 2 10 5 9 6 
[00044801] 5 | _ 0 8 11 1 _ 7 2 _ _ 9 4 
[00044802] 4 | _ 0 8 11 1 5 7 2 _ _ 9 4 
[00044803] 3 | 3 0 8 11 1 5 7 2 _ _ 9 4 
[00044804] 3 | _ 0 8 11 1 5 7 2 3 6 9 4 
[00044805] 3 | _ 0 8 11 1 5 7 2 6 3 9 4 
[00044806] 4 | _ 0 8 11 1 _ 7 2 6 _ 9 4 
[00044807] 3 | 3 0 8 11 1 _ 7 2 6 _ 9 4 
[00044808] 3 | _ 0 8 11 1 _ 7 2 6 3 9 4 
[00044809] 4 | _ 0 8 11 1 _ 7 2 6 10 9 4 
[00044810] 3 | 3 0 8 11 1 _ 7 2 6 10 9 4 
[00044811] 4 | _ 0 8 11 1 _ 7 2 10 6 9 4 
[00044812] 3 | 3 0 8 11 1 _ 7 2 10 6 9 4 
[00044813] 6 | _ 0 8 11 1 _ _ 2 4 10 9 _ 
[00044814] 5 | 5 0 8 11 1 _ _ 2 4 10 9 _ 
[00044815] 5 | _ 0 8 11 1 6 _ 2 4 10 9 _ 
[00044816] 4 | _ 0 8 11 1 6 5 2 4 10 9 _ 
[00044817] 3 | 3 0 8 11 1 6 5 2 4 10 9 _ 
[00044818] 2 | 3 0 8 11 1 6 5 2 4 10 9 7 
[00044819] 4 | _ 0 8 11 1 6 _ 2 4 10 9 5 
[00044820] 3 | 3 0 8 11 1 6 _ 2 4 10 9 5 
[00044821] 5 | _ 0 8 11 1 _ 6 2 4 10 9 _ 
[00044822] 4 | _ 0 8 11 1 5 6 2 4 10 9 _ 
[00044823] 3 | 3 0 8 11 1 5 6 2 4 10 9 _ 
[00044824] 2 | 3 0 8 11 1 5 6 2 4 10 9 7 
[00044825] 4 | _ 0 8 11 1 _ 6 2 4 10 9 5 
[00044826] 3 | 3 0 8 11 1 _ 6 2 4 10 9 5 
[00044827] 6 | _ 0 8 11 1 _ _ 2 10 4 9 _ 
[00044828] 5 | 5 0 8 11 1 _ _ 2 10 4 9 _ 
[00044829] 5 | _ 0 8 11 1 6 _ 2 10 4 9 _ 
[00044830] 4 | _ 0 8 11 1 6 5 2 10 4 9 _ 
[00044831] 3 | 3 0 8 11 1 6 5 2 10 4 9 _ 
[00044832] 2 | 3 0 8 11 1 6 5 2 10 4 9 7 
[00044833] 4 | _ 0 8 11 1 6 _ 2 10 4 9 5 
[00044834] 3 | 3 0 8 11 1 6 _ 2 10 4 9 5 
[00044835] 5 | _ 0 8 11 1 _ 6 2 10 4 9 _ 
[00044836] 4 | _ 0 8 11 1 5 6 2 10 4 9 _ 
[00044837] 3 | 3 0 8 11 1 5 6 2 10 4 9 _ 
[00044838] 2 | 3 0 8 11 1 5 6 2 10 4 9 7 
[00044839] 4 | _ 0 8 11 1 _ 6 2 10 4 9 5 
[00044840] 3 | 3 0 8 11 1 _ 6 2 10 4 9 5 
[00044841] 6 | _ 0 8 11 1 _ _ 2 _ _ 9 3 
[00044842] 5 | 5 0 8 11 1 _ _ 2 _ _ 9 3 
[00044843] 4 | 5 0 8 11 1 _ _ 2 6 _ 9 3 
[00044844] 3 | 5 0 8 11 1 4 _ 2 6 _ 9 3 
[00044845] 3 | 5 0 8 11 1 _ 4 2 6 _ 9 3 
[00044846] 4 | 5 0 8 11 1 _ _ 2 6 10 9 3 
[00044847] 3 | 5 0 8 11 1 4 _ 2 6 10 9 3 
[00044848] 3 | 5 0 8 11 1 _ 4 2 6 10 9 3 
[00044849] 4 | 5 0 8 11 1 _ _ 2 10 6 9 3 
[00044850] 3 | 5 0 8 11 1 4 _ 2 10 6 9 3 
[00044851] 3 | 5 0 8 11 1 _ 4 2 10 6 9 3 
[00044852] 5 | _ 0 8 11 1 6 _ 2 _ _ 9 3 
[00044853] 4 | 4 0 8 11 1 6 _ 2 _ _ 9 3 
[00044854] 3 | 4 0 8 11 1 6 _ 2 5 _ 9 3 
[00044855] 2 | 4 0 8 11 1 6 _ 2 5 7 9 3 
[00044856] 3 | 4 0 8 11 1 6 _ 2 7 10 9 3 
[00044857] 3 | 4 0 8 11 1 6 _ 2 10 7 9 3 
[00044858] 4 | _ 0 8 11 1 6 5 2 _ _ 9 3 
[00044859] 3 | _ 0 8 11 1 6 5 2 4 7 9 3 
[00044860] 3 | _ 0 8 11 1 6 5 2 7 10 9 3 
[00044861] 3 | _ 0 8 11 1 6 5 2 7 4 9 3 
[00044862] 3 | _ 0 8 11 1 6 5 2 10 7 9 3 
[00044863] 5 | _ 0 8 11 1 _ 6 2 _ _ 9 3 
[00044864] 4 | 4 0 8 11 1 _ 6 2 _ _ 9 3 
[00044865] 3 | 4 0 8 11 1 _ 6 2 5 _ 9 3 
[00044866] 2 | 4 0 8 11 1 _ 6 2 5 7 9 3 
[00044867] 3 | 4 0 8 11 1 _ 6 2 7 10 9 3 
[00044868] 3 | 4 0 8 11 1 _ 6 2 10 7 9 3 
[00044869] 4 | _ 0 8 11 1 5 6 2 _ _ 9 3 
[00044870] 3 | _ 0 8 11 1 5 6 2 4 7 9 3 
[00044871] 3 | _ 0 8 11 1 5 6 2 7 10 9 3 
[00044872] 3 | _ 0 8 11 1 5 6 2 7 4 9 3 
[00044873] 3 | _ 0 8 11 1 5 6 2 10 7 9 3 
[00044874] 5 | _ 0 8 11 1 _ _ 2 7 _ 9 3 
[00044875] 4 | 4 0 8 11 1 _ _ 2 7 _ 9 3 
[00044876] 3 | 4 0 8 11 1 _ _ 2 7 10 9 3 
[00044877] 4 | _ 0 8 11 1 5 _ 2 7 _ 9 3 
[00044878] 3 | _ 0 8 11 1 5 4 2 7 _ 9 3 
[00044879] 3 | _ 0 8 11 1 5 _ 2 7 4 9 3 
[00044880] 3 | _ 0 8 11 1 5 _ 2 7 10 9 3 
[00044881] 4 | _ 0 8 11 1 _ 5 2 7 _ 9 3 
[00044882] 3 | _ 0 8 11 1 4 5 2 7 _ 9 3 
[00044883] 3 | _ 0 8 11 1 _ 5 2 7 4 9 3 
[00044884] 3 | _ 0 8 11 1 _ 5 2 7 10 9 3 
[00044885] 5 | _ 0 8 11 1 _ _ 2 5 10 9 3 
[00044886] 4 | 4 0 8 11 1 _ _ 2 5 10 9 3 
[00044887] 5 | _ 0 8 11 1 _ _ 2 10 5 9 3 
[00044888] 4 | 4 0 8 11 1 _ _ 2 10 5 9 3 
[00044889] 7 | _ 0 8 11 1 _ _ 2 _ _ 3 10 
[00044890] 6 | 6 0 8 11 1 _ _ 2 _ _ 3 10 
[00044891] 5 | 6 0 8 11 1 _ _ 2 7 _ 3 10 
[00044892] 4 | 6 0 8 11 1 5 _ 2 7 _ 3 10 
[00044893] 3 | 6 0 8 11 1 5 4 2 7 _ 3 10 
[00044894] 2 | 6 0 8 11 1 5 4 2 7 9 3 10 
[00044895] 1 | 6 0 8 11 1 5 4 2 7 9 3 10  *Graceful*
[00044895] 3 | 6 0 8 11 1 5 _ 2 7 4 3 10 
[00044896] 4 | 6 0 8 11 1 _ 5 2 7 _ 3 10 
[00044897] 3 | 6 0 8 11 1 4 5 2 7 _ 3 10 
[00044898] 2 | 6 0 8 11 1 4 5 2 7 9 3 10 
[00044899] 1 | 6 0 8 11 1 4 5 2 7 9 3 10  *Graceful*
[00044899] 3 | 6 0 8 11 1 _ 5 2 7 4 3 10 
[00044900] 5 | 6 0 8 11 1 _ _ 2 4 9 3 10 
[00044901] 4 | 6 0 8 11 1 5 _ 2 4 9 3 10 
[00044902] 4 | 6 0 8 11 1 _ 5 2 4 9 3 10 
[00044903] 5 | 6 0 8 11 1 _ _ 2 9 4 3 10 
[00044904] 4 | 6 0 8 11 1 5 _ 2 9 4 3 10 
[00044905] 4 | 6 0 8 11 1 _ 5 2 9 4 3 10 
[00044906] 6 | _ 0 8 11 1 7 _ 2 _ _ 3 10 
[00044907] 5 | 5 0 8 11 1 7 _ 2 _ _ 3 10 
[00044908] 4 | 5 0 8 11 1 7 _ 2 6 _ 3 10 
[00044909] 3 | 5 0 8 11 1 7 4 2 6 _ 3 10 
[00044910] 3 | 5 0 8 11 1 7 _ 2 6 9 3 10 
[00044911] 5 | _ 0 8 11 1 7 6 2 _ _ 3 10 
[00044912] 4 | 4 0 8 11 1 7 6 2 _ _ 3 10 
[00044913] 3 | 4 0 8 11 1 7 6 2 5 _ 3 10 
[00044914] 4 | _ 0 8 11 1 7 6 2 5 9 3 10 
[00044915] 4 | _ 0 8 11 1 7 6 2 9 5 3 10 
[00044916] 5 | _ 0 8 11 1 7 _ 2 4 9 3 10 
[00044917] 4 | _ 0 8 11 1 7 5 2 4 9 3 10 
[00044918] 5 | _ 0 8 11 1 7 _ 2 9 4 3 10 
[00044919] 4 | _ 0 8 11 1 7 5 2 9 4 3 10 
[00044920] 6 | _ 0 8 11 1 _ 7 2 _ _ 3 10 
[00044921] 5 | 5 0 8 11 1 _ 7 2 _ _ 3 10 
[00044922] 4 | 5 0 8 11 1 _ 7 2 6 _ 3 10 
[00044923] 3 | 5 0 8 11 1 4 7 2 6 _ 3 10 
[00044924] 3 | 5 0 8 11 1 _ 7 2 6 9 3 10 
[00044925] 5 | _ 0 8 11 1 6 7 2 _ _ 3 10 
[00044926] 4 | 4 0 8 11 1 6 7 2 _ _ 3 10 
[00044927] 3 | 4 0 8 11 1 6 7 2 5 _ 3 10 
[00044928] 4 | _ 0 8 11 1 6 7 2 5 9 3 10 
[00044929] 4 | _ 0 8 11 1 6 7 2 9 5 3 10 
[00044930] 5 | _ 0 8 11 1 _ 7 2 4 9 3 10 
[00044931] 4 | _ 0 8 11 1 5 7 2 4 9 3 10 
[00044932] 5 | _ 0 8 11 1 _ 7 2 9 4 3 10 
[00044933] 4 | _ 0 8 11 1 5 7 2 9 4 3 10 
[00044934] 7 | _ 0 8 11 1 _ _ 2 _ _ 10 3 
[00044935] 6 | 6 0 8 11 1 _ _ 2 _ _ 10 3 
[00044936] 5 | 6 0 8 11 1 _ _ 2 7 _ 10 3 
[00044937] 4 | 6 0 8 11 1 5 _ 2 7 _ 10 3 
[00044938] 3 | 6 0 8 11 1 5 4 2 7 _ 10 3 
[00044939] 2 | 6 0 8 11 1 5 4 2 7 9 10 3 
[00044940] 3 | 6 0 8 11 1 5 _ 2 7 4 10 3 
[00044941] 4 | 6 0 8 11 1 _ 5 2 7 _ 10 3 
[00044942] 3 | 6 0 8 11 1 4 5 2 7 _ 10 3 
[00044943] 2 | 6 0 8 11 1 4 5 2 7 9 10 3 
[00044944] 3 | 6 0 8 11 1 _ 5 2 7 4 10 3 
[00044945] 5 | 6 0 8 11 1 _ _ 2 4 9 10 3 
[00044946] 4 | 6 0 8 11 1 5 _ 2 4 9 10 3 
[00044947] 4 | 6 0 8 11 1 _ 5 2 4 9 10 3 
[00044948] 5 | 6 0 8 11 1 _ _ 2 9 4 10 3 
[00044949] 4 | 6 0 8 11 1 5 _ 2 9 4 10 3 
[00044950] 4 | 6 0 8 11 1 _ 5 2 9 4 10 3 
[00044951] 6 | _ 0 8 11 1 7 _ 2 _ _ 10 3 
[00044952] 5 | 5 0 8 11 1 7 _ 2 _ _ 10 3 
[00044953] 4 | 5 0 8 11 1 7 _ 2 6 _ 10 3 
[00044954] 3 | 5 0 8 11 1 7 4 2 6 _ 10 3 
[00044955] 3 | 5 0 8 11 1 7 _ 2 6 9 10 3 
[00044956] 5 | _ 0 8 11 1 7 6 2 _ _ 10 3 
[00044957] 4 | 4 0 8 11 1 7 6 2 _ _ 10 3 
[00044958] 3 | 4 0 8 11 1 7 6 2 5 _ 10 3 
[00044959] 4 | _ 0 8 11 1 7 6 2 5 9 10 3 
[00044960] 4 | _ 0 8 11 1 7 6 2 9 5 10 3 
[00044961] 5 | _ 0 8 11 1 7 _ 2 4 9 10 3 
[00044962] 4 | _ 0 8 11 1 7 5 2 4 9 10 3 
[00044963] 5 | _ 0 8 11 1 7 _ 2 9 4 10 3 
[00044964] 4 | _ 0 8 11 1 7 5 2 9 4 10 3 
