[00241986] 4 | 3 8 1 0 10 4 _ 11 2 _ 7 _ 
[00241987] 3 | 3 8 1 0 10 4 7 11 2 _ 7 _ 
[00241988] 3 | 3 8 1 0 10 4 _ 11 2 5 7 _ 
[00241989] 2 | 3 8 1 0 10 4 _ 11 2 5 7 9 
[00241990] 3 | 3 8 1 0 10 4 _ 11 2 _ 7 10 
[00241991] 4 | 3 8 1 0 10 4 _ 11 2 _ 5 9 
[00241992] 3 | 3 8 1 0 10 4 7 11 2 _ 5 9 
[00241993] 4 | 3 8 1 0 10 4 _ 11 2 _ 9 5 
[00241994] 3 | 3 8 1 0 10 4 7 11 2 _ 9 5 
[00241995] 5 | _ 8 1 0 10 4 5 11 2 _ _ _ 
[00241996] 4 | _ 8 1 0 10 4 5 11 2 6 _ _ 
[00241997] 3 | 11 8 1 0 10 4 5 11 2 6 _ _ 
[00241998] 2 | 11 8 1 0 10 4 5 11 2 6 7 9 
[00241999] 2 | 11 8 1 0 10 4 5 11 2 6 9 7 
[00242000] 3 | _ 8 1 0 10 4 5 11 2 6 8 _ 
[00242001] 4 | _ 8 1 0 10 4 5 11 2 _ 7 _ 
[00242002] 4 | _ 8 1 0 10 4 5 11 2 _ 3 7 
[00242003] 4 | _ 8 1 0 10 4 5 11 2 _ 7 3 
[00242004] 5 | _ 8 1 0 10 4 _ 11 2 7 _ _ 
[00242005] 4 | _ 8 1 0 10 4 6 11 2 7 _ _ 
[00242006] 3 | 5 8 1 0 10 4 6 11 2 7 _ _ 
[00242007] 2 | 5 8 1 0 10 4 6 11 2 7 9 _ 
[00242008] 3 | 11 8 1 0 10 4 6 11 2 7 _ _ 
[00242009] 2 | 11 8 1 0 10 4 6 11 2 7 3 5 
[00242010] 2 | 11 8 1 0 10 4 6 11 2 7 5 3 
[00242011] 3 | _ 8 1 0 10 4 6 11 2 7 8 _ 
[00242012] 4 | _ 8 1 0 10 4 _ 11 2 7 5 9 
[00242013] 4 | _ 8 1 0 10 4 _ 11 2 7 9 5 
[00242014] 5 | _ 8 1 0 10 4 _ 11 2 _ 6 _ 
[00242015] 4 | _ 8 1 0 10 4 6 11 2 _ 6 _ 
[00242016] 3 | 5 8 1 0 10 4 6 11 2 _ 6 _ 
[00242017] 3 | _ 8 1 0 10 4 6 11 2 5 6 _ 
[00242018] 4 | _ 8 1 0 10 4 _ 11 2 6 6 _ 
[00242019] 3 | 5 8 1 0 10 4 _ 11 2 6 6 _ 
[00242020] 3 | _ 8 1 0 10 4 7 11 2 6 6 _ 
[00242021] 4 | _ 8 1 0 10 4 _ 11 2 _ 6 2 
[00242022] 3 | 5 8 1 0 10 4 _ 11 2 _ 6 2 
[00242023] 3 | _ 8 1 0 10 4 7 11 2 _ 6 2 
[00242024] 4 | _ 8 1 0 10 4 _ 11 2 _ 6 10 
[00242025] 3 | 5 8 1 0 10 4 _ 11 2 _ 6 10 
[00242026] 3 | _ 8 1 0 10 4 _ 11 2 5 6 10 
[00242027] 6 | _ 8 1 0 10 _ 4 11 2 _ _ _ 
[00242028] 5 | 3 8 1 0 10 _ 4 11 2 _ _ _ 
[00242029] 4 | 3 8 1 0 10 6 4 11 2 _ _ _ 
[00242030] 3 | 3 8 1 0 10 6 4 11 2 5 _ _ 
[00242031] 2 | 3 8 1 0 10 6 4 11 2 5 9 _ 
[00242032] 2 | 3 8 1 0 10 6 4 11 2 5 7 9 
[00242033] 2 | 3 8 1 0 10 6 4 11 2 5 9 7 
[00242034] 4 | 3 8 1 0 10 _ 4 11 2 6 _ _ 
[00242035] 3 | 3 8 1 0 10 7 4 11 2 6 _ _ 
[00242036] 2 | 3 8 1 0 10 7 4 11 2 6 9 _ 
[00242037] 4 | 3 8 1 0 10 _ 4 11 2 _ 7 _ 
[00242038] 3 | 3 8 1 0 10 7 4 11 2 _ 7 _ 
[00242039] 3 | 3 8 1 0 10 _ 4 11 2 5 7 _ 
[00242040] 2 | 3 8 1 0 10 _ 4 11 2 5 7 9 
[00242041] 3 | 3 8 1 0 10 _ 4 11 2 _ 7 10 
[00242042] 4 | 3 8 1 0 10 _ 4 11 2 _ 5 9 
[00242043] 3 | 3 8 1 0 10 7 4 11 2 _ 5 9 
[00242044] 4 | 3 8 1 0 10 _ 4 11 2 _ 9 5 
[00242045] 3 | 3 8 1 0 10 7 4 11 2 _ 9 5 
[00242046] 5 | _ 8 1 0 10 5 4 11 2 _ _ _ 
[00242047] 4 | _ 8 1 0 10 5 4 11 2 6 _ _ 
[00242048] 3 | 11 8 1 0 10 5 4 11 2 6 _ _ 
[00242049] 2 | 11 8 1 0 10 5 4 11 2 6 7 9 
[00242050] 2 | 11 8 1 0 10 5 4 11 2 6 9 7 
[00242051] 3 | _ 8 1 0 10 5 4 11 2 6 8 _ 
[00242052] 4 | _ 8 1 0 10 5 4 11 2 _ 7 _ 
[00242053] 4 | _ 8 1 0 10 5 4 11 2 _ 3 7 
[00242054] 4 | _ 8 1 0 10 5 4 11 2 _ 7 3 
[00242055] 5 | _ 8 1 0 10 _ 4 11 2 7 _ _ 
[00242056] 4 | _ 8 1 0 10 6 4 11 2 7 _ _ 
[00242057] 3 | 5 8 1 0 10 6 4 11 2 7 _ _ 
[00242058] 2 | 5 8 1 0 10 6 4 11 2 7 9 _ 
[00242059] 3 | 11 8 1 0 10 6 4 11 2 7 _ _ 
[00242060] 2 | 11 8 1 0 10 6 4 11 2 7 3 5 
[00242061] 2 | 11 8 1 0 10 6 4 11 2 7 5 3 
[00242062] 3 | _ 8 1 0 10 6 4 11 2 7 8 _ 
[00242063] 4 | _ 8 1 0 10 _ 4 11 2 7 5 9 
[00242064] 4 | _ 8 1 0 10 _ 4 11 2 7 9 5 
[00242065] 5 | _ 8 1 0 10 _ 4 11 2 _ 6 _ 
[00242066] 4 | _ 8 1 0 10 6 4 11 2 _ 6 _ 
[00242067] 3 | 5 8 1 0 10 6 4 11 2 _ 6 _ 
[00242068] 3 | _ 8 1 0 10 6 4 11 2 5 6 _ 
[00242069] 4 | _ 8 1 0 10 _ 4 11 2 6 6 _ 
[00242070] 3 | 5 8 1 0 10 _ 4 11 2 6 6 _ 
[00242071] 3 | _ 8 1 0 10 7 4 11 2 6 6 _ 
[00242072] 4 | _ 8 1 0 10 _ 4 11 2 _ 6 2 
[00242073] 3 | 5 8 1 0 10 _ 4 11 2 _ 6 2 
[00242074] 3 | _ 8 1 0 10 7 4 11 2 _ 6 2 
[00242075] 4 | _ 8 1 0 10 _ 4 11 2 _ 6 10 
[00242076] 3 | 5 8 1 0 10 _ 4 11 2 _ 6 10 
[00242077] 3 | _ 8 1 0 10 _ 4 11 2 5 6 10 
[00242078] 6 | _ 8 1 0 10 _ _ 11 2 8 _ _ 
[00242079] 5 | _ 8 1 0 10 5 _ 11 2 8 _ _ 
[00242080] 4 | _ 8 1 0 10 5 6 11 2 8 _ _ 
[00242081] 3 | _ 8 1 0 10 5 6 11 2 8 4 7 
[00242082] 3 | _ 8 1 0 10 5 6 11 2 8 7 4 
[00242083] 4 | _ 8 1 0 10 5 _ 11 2 8 7 _ 
[00242084] 3 | _ 8 1 0 10 5 7 11 2 8 7 _ 
[00242085] 3 | _ 8 1 0 10 5 _ 11 2 8 7 4 
[00242086] 3 | _ 8 1 0 10 5 _ 11 2 8 7 10 
[00242087] 4 | _ 8 1 0 10 5 _ 11 2 8 3 7 
[00242088] 4 | _ 8 1 0 10 5 _ 11 2 8 7 3 
[00242089] 5 | _ 8 1 0 10 _ 5 11 2 8 _ _ 
[00242090] 4 | _ 8 1 0 10 6 5 11 2 8 _ _ 
[00242091] 3 | _ 8 1 0 10 6 5 11 2 8 4 7 
[00242092] 3 | _ 8 1 0 10 6 5 11 2 8 7 4 
[00242093] 4 | _ 8 1 0 10 _ 5 11 2 8 7 _ 
[00242094] 3 | _ 8 1 0 10 7 5 11 2 8 7 _ 
[00242095] 3 | _ 8 1 0 10 _ 5 11 2 8 7 4 
[00242096] 3 | _ 8 1 0 10 _ 5 11 2 8 7 10 
[00242097] 4 | _ 8 1 0 10 _ 5 11 2 8 3 7 
[00242098] 4 | _ 8 1 0 10 _ 5 11 2 8 7 3 
[00242099] 5 | _ 8 1 0 10 _ _ 11 2 8 6 _ 
[00242100] 4 | _ 8 1 0 10 6 _ 11 2 8 6 _ 
[00242101] 3 | _ 8 1 0 10 6 7 11 2 8 6 _ 
[00242102] 4 | _ 8 1 0 10 _ 6 11 2 8 6 _ 
[00242103] 3 | _ 8 1 0 10 7 6 11 2 8 6 _ 
[00242104] 4 | _ 8 1 0 10 _ _ 11 2 8 6 10 
[00242105] 5 | _ 8 1 0 10 _ _ 11 2 8 4 9 
[00242106] 4 | _ 8 1 0 10 6 _ 11 2 8 4 9 
[00242107] 3 | _ 8 1 0 10 6 7 11 2 8 4 9 
[00242108] 4 | _ 8 1 0 10 _ 6 11 2 8 4 9 
[00242109] 3 | _ 8 1 0 10 7 6 11 2 8 4 9 
[00242110] 5 | _ 8 1 0 10 _ _ 11 2 8 9 4 
[00242111] 4 | _ 8 1 0 10 6 _ 11 2 8 9 4 
[00242112] 3 | _ 8 1 0 10 6 7 11 2 8 9 4 
[00242113] 4 | _ 8 1 0 10 _ 6 11 2 8 9 4 
[00242114] 3 | _ 8 1 0 10 7 6 11 2 8 9 4 
[00242115] 6 | _ 8 1 0 10 _ _ 11 2 _ 5 _ 
[00242116] 5 | 3 8 1 0 10 _ _ 11 2 _ 5 _ 
[00242117] 4 | 3 8 1 0 10 6 _ 11 2 _ 5 _ 
[00242118] 3 | 3 8 1 0 10 6 7 11 2 _ 5 _ 
[00242119] 2 | 3 8 1 0 10 6 7 11 2 4 5 _ 
[00242120] 3 | 3 8 1 0 10 6 _ 11 2 5 5 _ 
[00242121] 3 | 3 8 1 0 10 6 _ 11 2 _ 5 2 
[00242122] 4 | 3 8 1 0 10 _ 6 11 2 _ 5 _ 
[00242123] 3 | 3 8 1 0 10 7 6 11 2 _ 5 _ 
[00242124] 2 | 3 8 1 0 10 7 6 11 2 4 5 _ 
[00242125] 3 | 3 8 1 0 10 _ 6 11 2 5 5 _ 
[00242126] 3 | 3 8 1 0 10 _ 6 11 2 _ 5 2 
[00242127] 4 | 3 8 1 0 10 _ _ 11 2 6 5 _ 
[00242128] 3 | 3 8 1 0 10 7 _ 11 2 6 5 _ 
[00242129] 3 | 3 8 1 0 10 _ 7 11 2 6 5 _ 
[00242130] 4 | 3 8 1 0 10 _ _ 11 2 _ 5 9 
[00242131] 3 | 3 8 1 0 10 7 _ 11 2 _ 5 9 
[00242132] 2 | 3 8 1 0 10 7 _ 11 2 4 5 9 
[00242133] 3 | 3 8 1 0 10 _ 7 11 2 _ 5 9 
[00242134] 2 | 3 8 1 0 10 _ 7 11 2 4 5 9 
[00242135] 5 | _ 8 1 0 10 5 _ 11 2 _ 5 _ 
[00242136] 4 | 4 8 1 0 10 5 _ 11 2 _ 5 _ 
[00242137] 3 | 4 8 1 0 10 5 7 11 2 _ 5 _ 
[00242138] 4 | _ 8 1 0 10 5 6 11 2 _ 5 _ 
[00242139] 4 | _ 8 1 0 10 5 _ 11 2 6 5 _ 
[00242140] 3 | _ 8 1 0 10 5 7 11 2 6 5 _ 
[00242141] 5 | _ 8 1 0 10 _ 5 11 2 _ 5 _ 
[00242142] 4 | 4 8 1 0 10 _ 5 11 2 _ 5 _ 
[00242143] 3 | 4 8 1 0 10 7 5 11 2 _ 5 _ 
[00242144] 4 | _ 8 1 0 10 6 5 11 2 _ 5 _ 
[00242145] 4 | _ 8 1 0 10 _ 5 11 2 6 5 _ 
[00242146] 3 | _ 8 1 0 10 7 5 11 2 6 5 _ 
[00242147] 5 | _ 8 1 0 10 _ _ 11 2 7 5 _ 
[00242148] 4 | 4 8 1 0 10 _ _ 11 2 7 5 _ 
[00242149] 4 | _ 8 1 0 10 6 _ 11 2 7 5 _ 
[00242150] 3 | 5 8 1 0 10 6 _ 11 2 7 5 _ 
[00242151] 3 | _ 8 1 0 10 6 _ 11 2 7 5 8 
[00242152] 4 | _ 8 1 0 10 _ 6 11 2 7 5 _ 
[00242153] 3 | 5 8 1 0 10 _ 6 11 2 7 5 _ 
[00242154] 3 | _ 8 1 0 10 _ 6 11 2 7 5 8 
[00242155] 4 | _ 8 1 0 10 _ _ 11 2 7 5 9 
[00242156] 5 | _ 8 1 0 10 _ _ 11 2 _ 5 10 
[00242157] 4 | 4 8 1 0 10 _ _ 11 2 _ 5 10 
[00242158] 4 | _ 8 1 0 10 _ _ 11 2 6 5 10 
[00242159] 6 | _ 8 1 0 10 _ _ 11 2 _ 3 9 
[00242160] 5 | _ 8 1 0 10 5 _ 11 2 _ 3 9 
[00242161] 4 | 4 8 1 0 10 5 _ 11 2 _ 3 9 
[00242162] 3 | 4 8 1 0 10 5 7 11 2 _ 3 9 
[00242163] 4 | _ 8 1 0 10 5 6 11 2 _ 3 9 
[00242164] 4 | _ 8 1 0 10 5 _ 11 2 6 3 9 
[00242165] 3 | _ 8 1 0 10 5 7 11 2 6 3 9 
[00242166] 5 | _ 8 1 0 10 _ 5 11 2 _ 3 9 
[00242167] 4 | 4 8 1 0 10 _ 5 11 2 _ 3 9 
[00242168] 3 | 4 8 1 0 10 7 5 11 2 _ 3 9 
[00242169] 4 | _ 8 1 0 10 6 5 11 2 _ 3 9 
[00242170] 4 | _ 8 1 0 10 _ 5 11 2 6 3 9 
[00242171] 3 | _ 8 1 0 10 7 5 11 2 6 3 9 
[00242172] 5 | _ 8 1 0 10 _ _ 11 2 7 3 9 
[00242173] 4 | 4 8 1 0 10 _ _ 11 2 7 3 9 
[00242174] 4 | _ 8 1 0 10 6 _ 11 2 7 3 9 
[00242175] 3 | 5 8 1 0 10 6 _ 11 2 7 3 9 
[00242176] 4 | _ 8 1 0 10 _ 6 11 2 7 3 9 
[00242177] 3 | 5 8 1 0 10 _ 6 11 2 7 3 9 
[00242178] 6 | _ 8 1 0 10 _ _ 11 2 _ 9 3 
[00242179] 5 | _ 8 1 0 10 5 _ 11 2 _ 9 3 
[00242180] 4 | 4 8 1 0 10 5 _ 11 2 _ 9 3 
[00242181] 3 | 4 8 1 0 10 5 7 11 2 _ 9 3 
[00242182] 4 | _ 8 1 0 10 5 6 11 2 _ 9 3 
[00242183] 4 | _ 8 1 0 10 5 _ 11 2 6 9 3 
[00242184] 3 | _ 8 1 0 10 5 7 11 2 6 9 3 
[00242185] 5 | _ 8 1 0 10 _ 5 11 2 _ 9 3 
[00242186] 4 | 4 8 1 0 10 _ 5 11 2 _ 9 3 
[00242187] 3 | 4 8 1 0 10 7 5 11 2 _ 9 3 
[00242188] 4 | _ 8 1 0 10 6 5 11 2 _ 9 3 
[00242189] 4 | _ 8 1 0 10 _ 5 11 2 6 9 3 
[00242190] 3 | _ 8 1 0 10 7 5 11 2 6 9 3 
[00242191] 5 | _ 8 1 0 10 _ _ 11 2 7 9 3 
[00242192] 4 | 4 8 1 0 10 _ _ 11 2 7 9 3 
[00242193] 4 | _ 8 1 0 10 6 _ 11 2 7 9 3 
[00242194] 3 | 5 8 1 0 10 6 _ 11 2 7 9 3 
[00242195] 4 | _ 8 1 0 10 _ 6 11 2 7 9 3 
[00242196] 3 | 5 8 1 0 10 _ 6 11 2 7 9 3 
[00242197] 7 | _ 8 _ 0 10 3 _ 11 2 _ _ _ 
[00242198] 6 | 2 8 _ 0 10 3 _ 11 2 _ _ _ 
[00242199] 5 | 2 8 _ 0 10 3 5 11 2 _ _ _ 
[00242200] 4 | 2 8 4 0 10 3 5 11 2 _ _ _ 
[00242201] 3 | 2 8 4 0 10 3 5 11 2 _ 6 9 
[00242202] 3 | 2 8 4 0 10 3 5 11 2 _ 9 6 
[00242203] 4 | 2 8 _ 0 10 3 5 11 2 _ 7 _ 
[00242204] 3 | 2 8 _ 0 10 3 5 11 2 _ 7 4 
[00242205] 2 | 2 8 6 0 10 3 5 11 2 _ 7 4 
[00242206] 5 | 2 8 _ 0 10 3 _ 11 2 _ 6 _ 
[00242207] 4 | 2 8 4 0 10 3 _ 11 2 _ 6 _ 
[00242208] 3 | 2 8 4 0 10 3 7 11 2 _ 6 _ 
[00242209] 3 | 2 8 4 0 10 3 _ 11 2 _ 6 9 
[00242210] 4 | 2 8 _ 0 10 3 6 11 2 _ 6 _ 
[00242211] 3 | 2 8 5 0 10 3 6 11 2 _ 6 _ 
[00242212] 4 | 2 8 _ 0 10 3 _ 11 2 _ 6 10 
[00242213] 3 | 2 8 5 0 10 3 _ 11 2 _ 6 10 
[00242214] 5 | 2 8 _ 0 10 3 _ 11 2 _ 1 6 
[00242215] 4 | 2 8 4 0 10 3 _ 11 2 _ 1 6 
[00242216] 3 | 2 8 4 0 10 3 7 11 2 _ 1 6 
[00242217] 5 | 2 8 _ 0 10 3 _ 11 2 _ 4 9 
[00242218] 4 | 2 8 _ 0 10 3 6 11 2 _ 4 9 
[00242219] 3 | 2 8 5 0 10 3 6 11 2 _ 4 9 
[00242220] 5 | 2 8 _ 0 10 3 _ 11 2 _ 6 1 
[00242221] 4 | 2 8 4 0 10 3 _ 11 2 _ 6 1 
[00242222] 3 | 2 8 4 0 10 3 7 11 2 _ 6 1 
[00242223] 5 | 2 8 _ 0 10 3 _ 11 2 _ 9 4 
[00242224] 4 | 2 8 _ 0 10 3 6 11 2 _ 9 4 
[00242225] 3 | 2 8 5 0 10 3 6 11 2 _ 9 4 
[00242226] 6 | _ 8 2 0 10 3 _ 11 2 _ _ _ 
[00242227] 5 | _ 8 2 0 10 3 5 11 2 _ _ _ 
[00242228] 4 | 4 8 2 0 10 3 5 11 2 _ _ _ 
[00242229] 3 | 4 8 2 0 10 3 5 11 2 _ 6 9 
[00242230] 3 | 4 8 2 0 10 3 5 11 2 _ 9 6 
[00242231] 4 | _ 8 2 0 10 3 5 11 2 _ 7 _ 
[00242232] 3 | _ 8 2 0 10 3 5 11 2 _ 7 4 
[00242233] 2 | 6 8 2 0 10 3 5 11 2 _ 7 4 
[00242234] 5 | _ 8 2 0 10 3 _ 11 2 _ 6 _ 
[00242235] 4 | 4 8 2 0 10 3 _ 11 2 _ 6 _ 
[00242236] 3 | 4 8 2 0 10 3 7 11 2 _ 6 _ 
[00242237] 3 | 4 8 2 0 10 3 _ 11 2 _ 6 9 
[00242238] 4 | _ 8 2 0 10 3 6 11 2 _ 6 _ 
[00242239] 3 | 5 8 2 0 10 3 6 11 2 _ 6 _ 
[00242240] 4 | _ 8 2 0 10 3 _ 11 2 _ 6 10 
[00242241] 3 | 5 8 2 0 10 3 _ 11 2 _ 6 10 
[00242242] 5 | _ 8 2 0 10 3 _ 11 2 _ 1 6 
[00242243] 4 | 4 8 2 0 10 3 _ 11 2 _ 1 6 
[00242244] 3 | 4 8 2 0 10 3 7 11 2 _ 1 6 
[00242245] 5 | _ 8 2 0 10 3 _ 11 2 _ 4 9 
[00242246] 4 | _ 8 2 0 10 3 6 11 2 _ 4 9 
[00242247] 3 | 5 8 2 0 10 3 6 11 2 _ 4 9 
[00242248] 5 | _ 8 2 0 10 3 _ 11 2 _ 6 1 
[00242249] 4 | 4 8 2 0 10 3 _ 11 2 _ 6 1 
[00242250] 3 | 4 8 2 0 10 3 7 11 2 _ 6 1 
[00242251] 5 | _ 8 2 0 10 3 _ 11 2 _ 9 4 
[00242252] 4 | _ 8 2 0 10 3 6 11 2 _ 9 4 
[00242253] 3 | 5 8 2 0 10 3 6 11 2 _ 9 4 
[00242254] 6 | _ 8 _ 0 10 3 4 11 2 _ _ _ 
[00242255] 5 | _ 8 _ 0 10 3 4 11 2 7 _ _ 
[00242256] 4 | _ 8 _ 0 10 3 4 11 2 7 1 5 
[00242257] 4 | _ 8 _ 0 10 3 4 11 2 7 5 9 
[00242258] 4 | _ 8 _ 0 10 3 4 11 2 7 5 1 
[00242259] 4 | _ 8 _ 0 10 3 4 11 2 7 9 5 
[00242260] 5 | _ 8 _ 0 10 3 4 11 2 _ 6 _ 
[00242261] 4 | _ 8 _ 0 10 3 4 11 2 6 6 _ 
[00242262] 3 | 5 8 _ 0 10 3 4 11 2 6 6 _ 
[00242263] 3 | _ 8 5 0 10 3 4 11 2 6 6 _ 
[00242264] 4 | _ 8 _ 0 10 3 4 11 2 _ 6 2 
[00242265] 3 | 5 8 _ 0 10 3 4 11 2 _ 6 2 
[00242266] 3 | _ 8 5 0 10 3 4 11 2 _ 6 2 
[00242267] 5 | _ 8 _ 0 10 3 4 11 2 _ 1 6 
[00242268] 5 | _ 8 _ 0 10 3 4 11 2 _ 6 1 
[00242269] 6 | _ 8 _ 0 10 3 _ 11 2 8 _ _ 
[00242270] 5 | _ 8 _ 0 10 3 5 11 2 8 _ _ 
[00242271] 4 | _ 8 _ 0 10 3 5 11 2 8 7 _ 
[00242272] 3 | _ 8 _ 0 10 3 5 11 2 8 7 4 
[00242273] 5 | _ 8 _ 0 10 3 _ 11 2 8 6 _ 
[00242274] 4 | _ 8 _ 0 10 3 6 11 2 8 6 _ 
[00242275] 4 | _ 8 _ 0 10 3 _ 11 2 8 6 10 
[00242276] 5 | _ 8 _ 0 10 3 _ 11 2 8 1 6 
[00242277] 5 | _ 8 _ 0 10 3 _ 11 2 8 4 9 
[00242278] 4 | _ 8 _ 0 10 3 6 11 2 8 4 9 
[00242279] 5 | _ 8 _ 0 10 3 _ 11 2 8 6 1 
[00242280] 5 | _ 8 _ 0 10 3 _ 11 2 8 9 4 
[00242281] 4 | _ 8 _ 0 10 3 6 11 2 8 9 4 
[00242282] 6 | _ 8 _ 0 10 3 _ 11 2 _ 5 _ 
[00242283] 5 | _ 8 _ 0 10 3 5 11 2 _ 5 _ 
[00242284] 4 | 4 8 _ 0 10 3 5 11 2 _ 5 _ 
[00242285] 4 | _ 8 4 0 10 3 5 11 2 _ 5 _ 
[00242286] 4 | _ 8 _ 0 10 3 5 11 2 6 5 _ 
[00242287] 5 | _ 8 _ 0 10 3 _ 11 2 7 5 _ 
[00242288] 4 | 4 8 _ 0 10 3 _ 11 2 7 5 _ 
[00242289] 3 | 4 8 5 0 10 3 _ 11 2 7 5 _ 
[00242290] 3 | 4 8 _ 0 10 3 _ 11 2 7 5 8 
[00242291] 4 | _ 8 4 0 10 3 _ 11 2 7 5 _ 
[00242292] 3 | 5 8 4 0 10 3 _ 11 2 7 5 _ 
[00242293] 3 | _ 8 4 0 10 3 _ 11 2 7 5 8 
[00242294] 4 | _ 8 _ 0 10 3 6 11 2 7 5 _ 
[00242295] 3 | 5 8 _ 0 10 3 6 11 2 7 5 _ 
[00242296] 3 | _ 8 5 0 10 3 6 11 2 7 5 _ 
[00242297] 3 | _ 8 _ 0 10 3 6 11 2 7 5 8 
[00242298] 4 | _ 8 _ 0 10 3 _ 11 2 7 5 1 
[00242299] 4 | _ 8 _ 0 10 3 _ 11 2 7 5 9 
[00242300] 5 | _ 8 _ 0 10 3 _ 11 2 _ 5 10 
[00242301] 4 | 4 8 _ 0 10 3 _ 11 2 _ 5 10 
[00242302] 4 | _ 8 4 0 10 3 _ 11 2 _ 5 10 
[00242303] 4 | _ 8 _ 0 10 3 _ 11 2 6 5 10 
[00242304] 6 | _ 8 _ 0 10 3 _ 11 2 _ 1 7 
[00242305] 5 | _ 8 _ 0 10 3 5 11 2 _ 1 7 
[00242306] 4 | 4 8 _ 0 10 3 5 11 2 _ 1 7 
[00242307] 4 | _ 8 4 0 10 3 5 11 2 _ 1 7 
[00242308] 4 | _ 8 _ 0 10 3 5 11 2 6 1 7 
[00242309] 6 | _ 8 _ 0 10 3 _ 11 2 _ 7 1 
[00242310] 5 | _ 8 _ 0 10 3 5 11 2 _ 7 1 
[00242311] 4 | 4 8 _ 0 10 3 5 11 2 _ 7 1 
[00242312] 4 | _ 8 4 0 10 3 5 11 2 _ 7 1 
[00242313] 4 | _ 8 _ 0 10 3 5 11 2 6 7 1 
[00242314] 7 | _ 8 _ 0 10 _ 3 11 2 _ _ _ 
[00242315] 6 | 2 8 _ 0 10 _ 3 11 2 _ _ _ 
[00242316] 5 | 2 8 _ 0 10 5 3 11 2 _ _ _ 
[00242317] 4 | 2 8 4 0 10 5 3 11 2 _ _ _ 
[00242318] 3 | 2 8 4 0 10 5 3 11 2 _ 6 9 
[00242319] 3 | 2 8 4 0 10 5 3 11 2 _ 9 6 
[00242320] 4 | 2 8 _ 0 10 5 3 11 2 _ 7 _ 
[00242321] 3 | 2 8 _ 0 10 5 3 11 2 _ 7 4 
[00242322] 2 | 2 8 6 0 10 5 3 11 2 _ 7 4 
[00242323] 5 | 2 8 _ 0 10 _ 3 11 2 _ 6 _ 
[00242324] 4 | 2 8 4 0 10 _ 3 11 2 _ 6 _ 
[00242325] 3 | 2 8 4 0 10 7 3 11 2 _ 6 _ 
[00242326] 3 | 2 8 4 0 10 _ 3 11 2 _ 6 9 
[00242327] 4 | 2 8 _ 0 10 6 3 11 2 _ 6 _ 
[00242328] 3 | 2 8 5 0 10 6 3 11 2 _ 6 _ 
[00242329] 4 | 2 8 _ 0 10 _ 3 11 2 _ 6 10 
[00242330] 3 | 2 8 5 0 10 _ 3 11 2 _ 6 10 
[00242331] 5 | 2 8 _ 0 10 _ 3 11 2 _ 1 6 
[00242332] 4 | 2 8 4 0 10 _ 3 11 2 _ 1 6 
[00242333] 3 | 2 8 4 0 10 7 3 11 2 _ 1 6 
[00242334] 5 | 2 8 _ 0 10 _ 3 11 2 _ 4 9 
[00242335] 4 | 2 8 _ 0 10 6 3 11 2 _ 4 9 
[00242336] 3 | 2 8 5 0 10 6 3 11 2 _ 4 9 
[00242337] 5 | 2 8 _ 0 10 _ 3 11 2 _ 6 1 
[00242338] 4 | 2 8 4 0 10 _ 3 11 2 _ 6 1 
[00242339] 3 | 2 8 4 0 10 7 3 11 2 _ 6 1 
[00242340] 5 | 2 8 _ 0 10 _ 3 11 2 _ 9 4 
[00242341] 4 | 2 8 _ 0 10 6 3 11 2 _ 9 4 
[00242342] 3 | 2 8 5 0 10 6 3 11 2 _ 9 4 
[00242343] 6 | _ 8 2 0 10 _ 3 11 2 _ _ _ 
[00242344] 5 | _ 8 2 0 10 5 3 11 2 _ _ _ 
[00242345] 4 | 4 8 2 0 10 5 3 11 2 _ _ _ 
[00242346] 3 | 4 8 2 0 10 5 3 11 2 _ 6 9 
[00242347] 3 | 4 8 2 0 10 5 3 11 2 _ 9 6 
[00242348] 4 | _ 8 2 0 10 5 3 11 2 _ 7 _ 
[00242349] 3 | _ 8 2 0 10 5 3 11 2 _ 7 4 
[00242350] 2 | 6 8 2 0 10 5 3 11 2 _ 7 4 
[00242351] 5 | _ 8 2 0 10 _ 3 11 2 _ 6 _ 
[00242352] 4 | 4 8 2 0 10 _ 3 11 2 _ 6 _ 
[00242353] 3 | 4 8 2 0 10 7 3 11 2 _ 6 _ 
[00242354] 3 | 4 8 2 0 10 _ 3 11 2 _ 6 9 
[00242355] 4 | _ 8 2 0 10 6 3 11 2 _ 6 _ 
[00242356] 3 | 5 8 2 0 10 6 3 11 2 _ 6 _ 
[00242357] 4 | _ 8 2 0 10 _ 3 11 2 _ 6 10 
[00242358] 3 | 5 8 2 0 10 _ 3 11 2 _ 6 10 
[00242359] 5 | _ 8 2 0 10 _ 3 11 2 _ 1 6 
[00242360] 4 | 4 8 2 0 10 _ 3 11 2 _ 1 6 
[00242361] 3 | 4 8 2 0 10 7 3 11 2 _ 1 6 
[00242362] 5 | _ 8 2 0 10 _ 3 11 2 _ 4 9 
[00242363] 4 | _ 8 2 0 10 6 3 11 2 _ 4 9 
[00242364] 3 | 5 8 2 0 10 6 3 11 2 _ 4 9 
[00242365] 5 | _ 8 2 0 10 _ 3 11 2 _ 6 1 
[00242366] 4 | 4 8 2 0 10 _ 3 11 2 _ 6 1 
[00242367] 3 | 4 8 2 0 10 7 3 11 2 _ 6 1 
[00242368] 5 | _ 8 2 0 10 _ 3 11 2 _ 9 4 
[00242369] 4 | _ 8 2 0 10 6 3 11 2 _ 9 4 
[00242370] 3 | 5 8 2 0 10 6 3 11 2 _ 9 4 
[00242371] 6 | _ 8 _ 0 10 4 3 11 2 _ _ _ 
[00242372] 5 | _ 8 _ 0 10 4 3 11 2 7 _ _ 
[00242373] 4 | _ 8 _ 0 10 4 3 11 2 7 1 5 
[00242374] 4 | _ 8 _ 0 10 4 3 11 2 7 5 9 
[00242375] 4 | _ 8 _ 0 10 4 3 11 2 7 5 1 
[00242376] 4 | _ 8 _ 0 10 4 3 11 2 7 9 5 
[00242377] 5 | _ 8 _ 0 10 4 3 11 2 _ 6 _ 
[00242378] 4 | _ 8 _ 0 10 4 3 11 2 6 6 _ 
[00242379] 3 | 5 8 _ 0 10 4 3 11 2 6 6 _ 
[00242380] 3 | _ 8 5 0 10 4 3 11 2 6 6 _ 
[00242381] 4 | _ 8 _ 0 10 4 3 11 2 _ 6 2 
[00242382] 3 | 5 8 _ 0 10 4 3 11 2 _ 6 2 
[00242383] 3 | _ 8 5 0 10 4 3 11 2 _ 6 2 
[00242384] 5 | _ 8 _ 0 10 4 3 11 2 _ 1 6 
[00242385] 5 | _ 8 _ 0 10 4 3 11 2 _ 6 1 
[00242386] 6 | _ 8 _ 0 10 _ 3 11 2 8 _ _ 
[00242387] 5 | _ 8 _ 0 10 5 3 11 2 8 _ _ 
[00242388] 4 | _ 8 _ 0 10 5 3 11 2 8 7 _ 
[00242389] 3 | _ 8 _ 0 10 5 3 11 2 8 7 4 
[00242390] 5 | _ 8 _ 0 10 _ 3 11 2 8 6 _ 
[00242391] 4 | _ 8 _ 0 10 6 3 11 2 8 6 _ 
[00242392] 4 | _ 8 _ 0 10 _ 3 11 2 8 6 10 
[00242393] 5 | _ 8 _ 0 10 _ 3 11 2 8 1 6 
[00242394] 5 | _ 8 _ 0 10 _ 3 11 2 8 4 9 
[00242395] 4 | _ 8 _ 0 10 6 3 11 2 8 4 9 
[00242396] 5 | _ 8 _ 0 10 _ 3 11 2 8 6 1 
[00242397] 5 | _ 8 _ 0 10 _ 3 11 2 8 9 4 
[00242398] 4 | _ 8 _ 0 10 6 3 11 2 8 9 4 
[00242399] 6 | _ 8 _ 0 10 _ 3 11 2 _ 5 _ 
[00242400] 5 | _ 8 _ 0 10 5 3 11 2 _ 5 _ 
[00242401] 4 | 4 8 _ 0 10 5 3 11 2 _ 5 _ 
[00242402] 4 | _ 8 4 0 10 5 3 11 2 _ 5 _ 
[00242403] 4 | _ 8 _ 0 10 5 3 11 2 6 5 _ 
[00242404] 5 | _ 8 _ 0 10 _ 3 11 2 7 5 _ 
[00242405] 4 | 4 8 _ 0 10 _ 3 11 2 7 5 _ 
[00242406] 3 | 4 8 5 0 10 _ 3 11 2 7 5 _ 
[00242407] 3 | 4 8 _ 0 10 _ 3 11 2 7 5 8 
[00242408] 4 | _ 8 4 0 10 _ 3 11 2 7 5 _ 
[00242409] 3 | 5 8 4 0 10 _ 3 11 2 7 5 _ 
[00242410] 3 | _ 8 4 0 10 _ 3 11 2 7 5 8 
[00242411] 4 | _ 8 _ 0 10 6 3 11 2 7 5 _ 
[00242412] 3 | 5 8 _ 0 10 6 3 11 2 7 5 _ 
[00242413] 3 | _ 8 5 0 10 6 3 11 2 7 5 _ 
[00242414] 3 | _ 8 _ 0 10 6 3 11 2 7 5 8 
[00242415] 4 | _ 8 _ 0 10 _ 3 11 2 7 5 1 
[00242416] 4 | _ 8 _ 0 10 _ 3 11 2 7 5 9 
[00242417] 5 | _ 8 _ 0 10 _ 3 11 2 _ 5 10 
[00242418] 4 | 4 8 _ 0 10 _ 3 11 2 _ 5 10 
[00242419] 4 | _ 8 4 0 10 _ 3 11 2 _ 5 10 
[00242420] 4 | _ 8 _ 0 10 _ 3 11 2 6 5 10 
[00242421] 6 | _ 8 _ 0 10 _ 3 11 2 _ 1 7 
[00242422] 5 | _ 8 _ 0 10 5 3 11 2 _ 1 7 
[00242423] 4 | 4 8 _ 0 10 5 3 11 2 _ 1 7 
[00242424] 4 | _ 8 4 0 10 5 3 11 2 _ 1 7 
[00242425] 4 | _ 8 _ 0 10 5 3 11 2 6 1 7 
[00242426] 6 | _ 8 _ 0 10 _ 3 11 2 _ 7 1 
[00242427] 5 | _ 8 _ 0 10 5 3 11 2 _ 7 1 
[00242428] 4 | 4 8 _ 0 10 5 3 11 2 _ 7 1 
[00242429] 4 | _ 8 4 0 10 5 3 11 2 _ 7 1 
[00242430] 4 | _ 8 _ 0 10 5 3 11 2 6 7 1 
[00242431] 7 | _ 8 _ 0 10 _ _ 11 2 9 _ _ 
[00242432] 6 | _ 8 _ 0 10 4 _ 11 2 9 _ _ 
[00242433] 5 | 3 8 _ 0 10 4 _ 11 2 9 _ _ 
[00242434] 4 | 3 8 _ 0 10 4 6 11 2 9 _ _ 
[00242435] 3 | 3 8 5 0 10 4 6 11 2 9 _ _ 
[00242436] 3 | 3 8 11 0 10 4 6 11 2 9 _ _ 
[00242437] 2 | 3 8 11 0 10 4 6 11 2 9 5 7 
[00242438] 2 | 3 8 11 0 10 4 6 11 2 9 7 5 
[00242439] 3 | 3 8 _ 0 10 4 6 11 2 9 8 _ 
[00242440] 4 | 3 8 _ 0 10 4 _ 11 2 9 7 _ 
[00242441] 3 | 3 8 5 0 10 4 _ 11 2 9 7 _ 
[00242442] 3 | 3 8 _ 0 10 4 7 11 2 9 7 _ 
[00242443] 2 | 3 8 6 0 10 4 7 11 2 9 7 _ 
[00242444] 3 | 3 8 _ 0 10 4 _ 11 2 9 7 10 
[00242445] 2 | 3 8 6 0 10 4 _ 11 2 9 7 10 
[00242446] 4 | 3 8 _ 0 10 4 _ 11 2 9 1 5 
[00242447] 3 | 3 8 _ 0 10 4 7 11 2 9 1 5 
[00242448] 2 | 3 8 6 0 10 4 7 11 2 9 1 5 
[00242449] 4 | 3 8 _ 0 10 4 _ 11 2 9 5 1 
[00242450] 3 | 3 8 _ 0 10 4 7 11 2 9 5 1 
[00242451] 2 | 3 8 6 0 10 4 7 11 2 9 5 1 
[00242452] 5 | _ 8 3 0 10 4 _ 11 2 9 _ _ 
[00242453] 4 | _ 8 3 0 10 4 6 11 2 9 _ _ 
[00242454] 3 | 5 8 3 0 10 4 6 11 2 9 _ _ 
[00242455] 3 | 11 8 3 0 10 4 6 11 2 9 _ _ 
[00242456] 2 | 11 8 3 0 10 4 6 11 2 9 5 7 
[00242457] 2 | 11 8 3 0 10 4 6 11 2 9 7 5 
[00242458] 3 | _ 8 3 0 10 4 6 11 2 9 8 _ 
[00242459] 4 | _ 8 3 0 10 4 _ 11 2 9 7 _ 
[00242460] 3 | 5 8 3 0 10 4 _ 11 2 9 7 _ 
[00242461] 3 | _ 8 3 0 10 4 7 11 2 9 7 _ 
[00242462] 2 | 6 8 3 0 10 4 7 11 2 9 7 _ 
[00242463] 3 | _ 8 3 0 10 4 _ 11 2 9 7 10 
[00242464] 2 | 6 8 3 0 10 4 _ 11 2 9 7 10 
[00242465] 4 | _ 8 3 0 10 4 _ 11 2 9 1 5 
[00242466] 3 | _ 8 3 0 10 4 7 11 2 9 1 5 
[00242467] 2 | 6 8 3 0 10 4 7 11 2 9 1 5 
[00242468] 4 | _ 8 3 0 10 4 _ 11 2 9 5 1 
[00242469] 3 | _ 8 3 0 10 4 7 11 2 9 5 1 
[00242470] 2 | 6 8 3 0 10 4 7 11 2 9 5 1 
[00242471] 5 | _ 8 _ 0 10 4 5 11 2 9 _ _ 
[00242472] 4 | _ 8 _ 0 10 4 5 11 2 9 7 _ 
[00242473] 4 | _ 8 _ 0 10 4 5 11 2 9 3 7 
[00242474] 4 | _ 8 _ 0 10 4 5 11 2 9 7 3 
[00242475] 5 | _ 8 _ 0 10 4 _ 11 2 9 6 _ 
[00242476] 4 | _ 8 _ 0 10 4 6 11 2 9 6 _ 
[00242477] 3 | 5 8 _ 0 10 4 6 11 2 9 6 _ 
[00242478] 3 | _ 8 5 0 10 4 6 11 2 9 6 _ 
[00242479] 4 | _ 8 _ 0 10 4 _ 11 2 9 6 10 
[00242480] 3 | 5 8 _ 0 10 4 _ 11 2 9 6 10 
[00242481] 3 | _ 8 5 0 10 4 _ 11 2 9 6 10 
[00242482] 5 | _ 8 _ 0 10 4 _ 11 2 9 1 6 
[00242483] 5 | _ 8 _ 0 10 4 _ 11 2 9 6 1 
[00242484] 6 | _ 8 _ 0 10 _ 4 11 2 9 _ _ 
[00242485] 5 | 3 8 _ 0 10 _ 4 11 2 9 _ _ 
