[00127355] 5 | 9 4 10 0 11 3 1 9 2 _ _ _ 
[00127356] 4 | 9 4 10 0 11 3 1 9 2 6 _ _ 
[00127357] 3 | 9 4 10 0 11 3 1 9 2 6 5 8 
[00127358] 3 | 9 4 10 0 11 3 1 9 2 6 8 5 
[00127359] 5 | _ 4 10 0 11 3 1 9 2 7 _ _ 
[00127360] 4 | 8 4 10 0 11 3 1 9 2 7 _ _ 
[00127361] 3 | 8 4 10 0 11 3 1 9 2 7 6 _ 
[00127362] 4 | _ 4 10 0 11 3 1 9 2 7 5 _ 
[00127363] 3 | _ 4 10 0 11 3 1 9 2 7 5 8 
[00127364] 2 | 6 4 10 0 11 3 1 9 2 7 5 8 
[00127365] 5 | _ 4 10 0 11 3 1 9 2 _ 4 _ 
[00127366] 4 | 8 4 10 0 11 3 1 9 2 _ 4 _ 
[00127367] 3 | 8 4 10 0 11 3 1 9 2 5 4 _ 
[00127368] 4 | _ 4 10 0 11 3 1 9 2 6 4 _ 
[00127369] 3 | 7 4 10 0 11 3 1 9 2 6 4 _ 
[00127370] 3 | _ 4 10 0 11 3 1 9 2 6 4 7 
[00127371] 4 | _ 4 10 0 11 3 1 9 2 _ 4 8 
[00127372] 3 | _ 4 10 0 11 3 1 9 2 5 4 8 
[00127373] 6 | _ 10 4 0 11 3 1 9 2 _ _ _ 
[00127374] 6 | _ 6 _ 0 11 3 1 9 2 _ _ _ 
[00127375] 5 | _ 6 _ 0 11 3 1 9 2 7 _ _ 
[00127376] 4 | 10 6 _ 0 11 3 1 9 2 7 _ _ 
[00127377] 3 | 10 6 9 0 11 3 1 9 2 7 _ _ 
[00127378] 3 | 10 6 _ 0 11 3 1 9 2 7 6 _ 
[00127379] 2 | 10 6 4 0 11 3 1 9 2 7 6 _ 
[00127380] 2 | 10 6 8 0 11 3 1 9 2 7 6 _ 
[00127381] 2 | 10 6 _ 0 11 3 1 9 2 7 6 4 
[00127382] 2 | 10 6 _ 0 11 3 1 9 2 7 6 8 
[00127383] 3 | 10 6 _ 0 11 3 1 9 2 7 5 8 
[00127384] 2 | 10 6 4 0 11 3 1 9 2 7 5 8 
[00127385] 3 | 10 6 _ 0 11 3 1 9 2 7 8 5 
[00127386] 2 | 10 6 4 0 11 3 1 9 2 7 8 5 
[00127387] 1 | 10 6 4 0 11 3 1 9 2 7 8 5  *Graceful*
[00127387] 4 | _ 6 10 0 11 3 1 9 2 7 _ _ 
[00127388] 3 | 9 6 10 0 11 3 1 9 2 7 _ _ 
[00127389] 3 | _ 6 10 0 11 3 1 9 2 7 6 _ 
[00127390] 2 | 4 6 10 0 11 3 1 9 2 7 6 _ 
[00127391] 2 | 8 6 10 0 11 3 1 9 2 7 6 _ 
[00127392] 2 | _ 6 10 0 11 3 1 9 2 7 6 4 
[00127393] 2 | _ 6 10 0 11 3 1 9 2 7 6 8 
[00127394] 3 | _ 6 10 0 11 3 1 9 2 7 5 8 
[00127395] 2 | 4 6 10 0 11 3 1 9 2 7 5 8 
[00127396] 3 | _ 6 10 0 11 3 1 9 2 7 8 5 
[00127397] 2 | 4 6 10 0 11 3 1 9 2 7 8 5 
[00127398] 1 | 4 6 10 0 11 3 1 9 2 7 8 5  *Graceful*
[00127398] 4 | _ 6 _ 0 11 3 1 9 2 7 5 _ 
[00127399] 3 | _ 6 _ 0 11 3 1 9 2 7 5 8 
[00127400] 2 | 4 6 _ 0 11 3 1 9 2 7 5 8 
[00127401] 2 | _ 6 4 0 11 3 1 9 2 7 5 8 
[00127402] 4 | _ 6 _ 0 11 3 1 9 2 7 4 8 
[00127403] 4 | _ 6 _ 0 11 3 1 9 2 7 8 4 
[00127404] 5 | _ 6 _ 0 11 3 1 9 2 _ 4 _ 
[00127405] 4 | 2 6 _ 0 11 3 1 9 2 _ 4 _ 
[00127406] 3 | 2 6 _ 0 11 3 1 9 2 _ 4 7 
[00127407] 2 | 2 6 8 0 11 3 1 9 2 _ 4 7 
[00127408] 4 | 10 6 _ 0 11 3 1 9 2 _ 4 _ 
[00127409] 3 | 10 6 _ 0 11 3 1 9 2 5 4 _ 
[00127410] 2 | 10 6 4 0 11 3 1 9 2 5 4 _ 
[00127411] 2 | 10 6 8 0 11 3 1 9 2 5 4 _ 
[00127412] 2 | 10 6 _ 0 11 3 1 9 2 5 4 6 
[00127413] 3 | 10 6 _ 0 11 3 1 9 2 _ 4 7 
[00127414] 2 | 10 6 8 0 11 3 1 9 2 _ 4 7 
[00127415] 4 | _ 6 2 0 11 3 1 9 2 _ 4 _ 
[00127416] 3 | _ 6 2 0 11 3 1 9 2 _ 4 7 
[00127417] 2 | 8 6 2 0 11 3 1 9 2 _ 4 7 
[00127418] 4 | _ 6 10 0 11 3 1 9 2 _ 4 _ 
[00127419] 3 | _ 6 10 0 11 3 1 9 2 5 4 _ 
[00127420] 2 | 4 6 10 0 11 3 1 9 2 5 4 _ 
[00127421] 2 | 8 6 10 0 11 3 1 9 2 5 4 _ 
[00127422] 2 | _ 6 10 0 11 3 1 9 2 5 4 6 
[00127423] 3 | _ 6 10 0 11 3 1 9 2 _ 4 7 
[00127424] 2 | 8 6 10 0 11 3 1 9 2 _ 4 7 
[00127425] 4 | _ 6 _ 0 11 3 1 9 2 6 4 _ 
[00127426] 3 | _ 6 _ 0 11 3 1 9 2 6 4 7 
[00127427] 4 | _ 6 _ 0 11 3 1 9 2 _ 4 8 
[00127428] 3 | _ 6 _ 0 11 3 1 9 2 5 4 8 
[00127429] 5 | _ 6 _ 0 11 3 1 9 2 _ 5 10 
[00127430] 4 | 2 6 _ 0 11 3 1 9 2 _ 5 10 
[00127431] 4 | _ 6 2 0 11 3 1 9 2 _ 5 10 
[00127432] 4 | _ 6 _ 0 11 3 1 9 2 6 5 10 
[00127433] 5 | _ 6 _ 0 11 3 1 9 2 _ 10 5 
[00127434] 4 | 2 6 _ 0 11 3 1 9 2 _ 10 5 
[00127435] 4 | _ 6 2 0 11 3 1 9 2 _ 10 5 
[00127436] 4 | _ 6 _ 0 11 3 1 9 2 6 10 5 
[00127437] 6 | _ _ _ 0 11 3 1 9 2 8 _ _ 
[00127438] 5 | 5 10 _ 0 11 3 1 9 2 8 _ _ 
[00127439] 5 | 10 5 _ 0 11 3 1 9 2 8 _ _ 
[00127440] 5 | _ 5 10 0 11 3 1 9 2 8 _ _ 
[00127441] 5 | _ 10 5 0 11 3 1 9 2 8 _ _ 
[00127442] 5 | _ 5 _ 0 11 3 1 9 2 8 _ _ 
[00127443] 4 | 9 5 _ 0 11 3 1 9 2 8 _ _ 
[00127444] 3 | 9 5 _ 0 11 3 1 9 2 8 4 7 
[00127445] 3 | 9 5 _ 0 11 3 1 9 2 8 7 10 
[00127446] 3 | 9 5 _ 0 11 3 1 9 2 8 7 4 
[00127447] 3 | 9 5 _ 0 11 3 1 9 2 8 10 7 
[00127448] 4 | _ 5 9 0 11 3 1 9 2 8 _ _ 
[00127449] 3 | _ 5 9 0 11 3 1 9 2 8 4 7 
[00127450] 3 | _ 5 9 0 11 3 1 9 2 8 7 10 
[00127451] 3 | _ 5 9 0 11 3 1 9 2 8 7 4 
[00127452] 3 | _ 5 9 0 11 3 1 9 2 8 10 7 
[00127453] 4 | _ 5 _ 0 11 3 1 9 2 8 5 _ 
[00127454] 4 | _ 5 _ 0 11 3 1 9 2 8 6 10 
[00127455] 4 | _ 5 _ 0 11 3 1 9 2 8 10 6 
[00127456] 5 | _ _ _ 0 11 3 1 9 2 8 4 _ 
[00127457] 4 | 6 10 _ 0 11 3 1 9 2 8 4 _ 
[00127458] 4 | 10 6 _ 0 11 3 1 9 2 8 4 _ 
[00127459] 4 | _ 6 10 0 11 3 1 9 2 8 4 _ 
[00127460] 4 | _ 10 6 0 11 3 1 9 2 8 4 _ 
[00127461] 4 | _ 4 _ 0 11 3 1 9 2 8 4 _ 
[00127462] 3 | 7 4 _ 0 11 3 1 9 2 8 4 _ 
[00127463] 2 | 7 4 6 0 11 3 1 9 2 8 4 _ 
[00127464] 2 | 7 4 _ 0 11 3 1 9 2 8 4 6 
[00127465] 3 | _ 4 7 0 11 3 1 9 2 8 4 _ 
[00127466] 2 | 6 4 7 0 11 3 1 9 2 8 4 _ 
[00127467] 2 | _ 4 7 0 11 3 1 9 2 8 4 6 
[00127468] 3 | _ 4 _ 0 11 3 1 9 2 8 4 7 
[00127469] 4 | _ _ _ 0 11 3 1 9 2 8 4 0 
[00127470] 3 | 7 10 _ 0 11 3 1 9 2 8 4 0 
[00127471] 3 | 10 7 _ 0 11 3 1 9 2 8 4 0 
[00127472] 3 | _ 7 10 0 11 3 1 9 2 8 4 0 
[00127473] 3 | _ 10 7 0 11 3 1 9 2 8 4 0 
[00127474] 5 | _ _ _ 0 11 3 1 9 2 8 5 10 
[00127475] 4 | _ 4 _ 0 11 3 1 9 2 8 5 10 
[00127476] 3 | 7 4 _ 0 11 3 1 9 2 8 5 10 
[00127477] 2 | 7 4 6 0 11 3 1 9 2 8 5 10 
[00127478] 3 | _ 4 7 0 11 3 1 9 2 8 5 10 
[00127479] 2 | 6 4 7 0 11 3 1 9 2 8 5 10 
[00127480] 5 | _ _ _ 0 11 3 1 9 2 8 10 5 
[00127481] 4 | _ 4 _ 0 11 3 1 9 2 8 10 5 
[00127482] 3 | 7 4 _ 0 11 3 1 9 2 8 10 5 
[00127483] 2 | 7 4 6 0 11 3 1 9 2 8 10 5 
[00127484] 1 | 7 4 6 0 11 3 1 9 2 8 10 5  *Graceful*
[00127484] 3 | _ 4 7 0 11 3 1 9 2 8 10 5 
[00127485] 2 | 6 4 7 0 11 3 1 9 2 8 10 5 
[00127486] 1 | 6 4 7 0 11 3 1 9 2 8 10 5  *Graceful*
[00127486] 6 | _ _ _ 0 11 3 1 9 2 _ 4 10 
[00127487] 5 | _ 5 _ 0 11 3 1 9 2 _ 4 10 
[00127488] 4 | _ 5 _ 0 11 3 1 9 2 6 4 10 
[00127489] 3 | 8 5 _ 0 11 3 1 9 2 6 4 10 
[00127490] 2 | 8 5 7 0 11 3 1 9 2 6 4 10 
[00127491] 3 | _ 5 8 0 11 3 1 9 2 6 4 10 
[00127492] 2 | 7 5 8 0 11 3 1 9 2 6 4 10 
[00127493] 5 | _ _ _ 0 11 3 1 9 2 7 4 10 
[00127494] 6 | _ _ _ 0 11 3 1 9 2 _ 10 4 
[00127495] 5 | _ 5 _ 0 11 3 1 9 2 _ 10 4 
[00127496] 4 | _ 5 _ 0 11 3 1 9 2 6 10 4 
[00127497] 3 | 8 5 _ 0 11 3 1 9 2 6 10 4 
[00127498] 2 | 8 5 7 0 11 3 1 9 2 6 10 4 
[00127499] 1 | 8 5 7 0 11 3 1 9 2 6 10 4  *Graceful*
[00127499] 3 | _ 5 8 0 11 3 1 9 2 6 10 4 
[00127500] 2 | 7 5 8 0 11 3 1 9 2 6 10 4 
[00127501] 1 | 7 5 8 0 11 3 1 9 2 6 10 4  *Graceful*
[00127501] 5 | _ _ _ 0 11 3 1 9 2 7 10 4 
[00127502] 7 | _ _ _ 0 11 3 1 9 _ _ 2 _ 
[00127503] 6 | 4 10 _ 0 11 3 1 9 _ _ 2 _ 
[00127504] 6 | 10 4 _ 0 11 3 1 9 _ _ 2 _ 
[00127505] 5 | 10 4 9 0 11 3 1 9 _ _ 2 _ 
[00127506] 4 | 10 4 9 0 11 3 1 9 _ _ 2 6 
[00127507] 3 | 10 4 9 0 11 3 1 9 5 8 2 6 
[00127508] 3 | 10 4 9 0 11 3 1 9 8 5 2 6 
[00127509] 5 | 10 4 _ 0 11 3 1 9 4 _ 2 _ 
[00127510] 4 | 10 4 8 0 11 3 1 9 4 _ 2 _ 
[00127511] 3 | 10 4 8 0 11 3 1 9 4 _ 2 5 
[00127512] 4 | 10 4 _ 0 11 3 1 9 4 8 2 _ 
[00127513] 3 | 10 4 _ 0 11 3 1 9 4 8 2 5 
[00127514] 4 | 10 4 _ 0 11 3 1 9 4 _ 2 6 
[00127515] 3 | 10 4 7 0 11 3 1 9 4 _ 2 6 
[00127516] 3 | 10 4 _ 0 11 3 1 9 4 7 2 6 
[00127517] 5 | 10 4 _ 0 11 3 1 9 _ _ 2 7 
[00127518] 4 | 10 4 8 0 11 3 1 9 _ _ 2 7 
[00127519] 3 | 10 4 8 0 11 3 1 9 6 _ 2 7 
[00127520] 4 | 10 4 _ 0 11 3 1 9 5 _ 2 7 
[00127521] 3 | 10 4 _ 0 11 3 1 9 5 8 2 7 
[00127522] 2 | 10 4 6 0 11 3 1 9 5 8 2 7 
[00127523] 6 | _ 4 10 0 11 3 1 9 _ _ 2 _ 
[00127524] 5 | 9 4 10 0 11 3 1 9 _ _ 2 _ 
[00127525] 4 | 9 4 10 0 11 3 1 9 _ _ 2 6 
[00127526] 3 | 9 4 10 0 11 3 1 9 5 8 2 6 
[00127527] 3 | 9 4 10 0 11 3 1 9 8 5 2 6 
[00127528] 5 | _ 4 10 0 11 3 1 9 4 _ 2 _ 
[00127529] 4 | 8 4 10 0 11 3 1 9 4 _ 2 _ 
[00127530] 3 | 8 4 10 0 11 3 1 9 4 _ 2 5 
[00127531] 4 | _ 4 10 0 11 3 1 9 4 8 2 _ 
[00127532] 3 | _ 4 10 0 11 3 1 9 4 8 2 5 
[00127533] 4 | _ 4 10 0 11 3 1 9 4 _ 2 6 
[00127534] 3 | 7 4 10 0 11 3 1 9 4 _ 2 6 
[00127535] 3 | _ 4 10 0 11 3 1 9 4 7 2 6 
[00127536] 5 | _ 4 10 0 11 3 1 9 _ _ 2 7 
[00127537] 4 | 8 4 10 0 11 3 1 9 _ _ 2 7 
[00127538] 3 | 8 4 10 0 11 3 1 9 6 _ 2 7 
[00127539] 4 | _ 4 10 0 11 3 1 9 5 _ 2 7 
[00127540] 3 | _ 4 10 0 11 3 1 9 5 8 2 7 
[00127541] 2 | 6 4 10 0 11 3 1 9 5 8 2 7 
[00127542] 6 | _ 10 4 0 11 3 1 9 _ _ 2 _ 
[00127543] 6 | _ 6 _ 0 11 3 1 9 _ _ 2 _ 
[00127544] 5 | _ 6 _ 0 11 3 1 9 4 _ 2 _ 
[00127545] 4 | 2 6 _ 0 11 3 1 9 4 _ 2 _ 
[00127546] 3 | 2 6 _ 0 11 3 1 9 4 7 2 _ 
[00127547] 2 | 2 6 8 0 11 3 1 9 4 7 2 _ 
[00127548] 4 | 10 6 _ 0 11 3 1 9 4 _ 2 _ 
[00127549] 3 | 10 6 _ 0 11 3 1 9 4 7 2 _ 
[00127550] 2 | 10 6 8 0 11 3 1 9 4 7 2 _ 
[00127551] 3 | 10 6 _ 0 11 3 1 9 4 _ 2 5 
[00127552] 2 | 10 6 4 0 11 3 1 9 4 _ 2 5 
[00127553] 2 | 10 6 8 0 11 3 1 9 4 _ 2 5 
[00127554] 2 | 10 6 _ 0 11 3 1 9 4 6 2 5 
[00127555] 4 | _ 6 2 0 11 3 1 9 4 _ 2 _ 
[00127556] 3 | _ 6 2 0 11 3 1 9 4 7 2 _ 
[00127557] 2 | 8 6 2 0 11 3 1 9 4 7 2 _ 
[00127558] 4 | _ 6 10 0 11 3 1 9 4 _ 2 _ 
[00127559] 3 | _ 6 10 0 11 3 1 9 4 7 2 _ 
[00127560] 2 | 8 6 10 0 11 3 1 9 4 7 2 _ 
[00127561] 3 | _ 6 10 0 11 3 1 9 4 _ 2 5 
[00127562] 2 | 4 6 10 0 11 3 1 9 4 _ 2 5 
[00127563] 2 | 8 6 10 0 11 3 1 9 4 _ 2 5 
[00127564] 2 | _ 6 10 0 11 3 1 9 4 6 2 5 
[00127565] 4 | _ 6 _ 0 11 3 1 9 4 8 2 _ 
[00127566] 3 | _ 6 _ 0 11 3 1 9 4 8 2 5 
[00127567] 4 | _ 6 _ 0 11 3 1 9 4 _ 2 6 
[00127568] 3 | _ 6 _ 0 11 3 1 9 4 7 2 6 
[00127569] 5 | _ 6 _ 0 11 3 1 9 5 10 2 _ 
[00127570] 4 | 2 6 _ 0 11 3 1 9 5 10 2 _ 
[00127571] 4 | _ 6 2 0 11 3 1 9 5 10 2 _ 
[00127572] 4 | _ 6 _ 0 11 3 1 9 5 10 2 6 
[00127573] 5 | _ 6 _ 0 11 3 1 9 10 5 2 _ 
[00127574] 4 | 2 6 _ 0 11 3 1 9 10 5 2 _ 
[00127575] 4 | _ 6 2 0 11 3 1 9 10 5 2 _ 
[00127576] 4 | _ 6 _ 0 11 3 1 9 10 5 2 6 
[00127577] 5 | _ 6 _ 0 11 3 1 9 _ _ 2 7 
[00127578] 4 | 10 6 _ 0 11 3 1 9 _ _ 2 7 
[00127579] 3 | 10 6 9 0 11 3 1 9 _ _ 2 7 
[00127580] 3 | 10 6 _ 0 11 3 1 9 6 _ 2 7 
[00127581] 2 | 10 6 4 0 11 3 1 9 6 _ 2 7 
[00127582] 2 | 10 6 8 0 11 3 1 9 6 _ 2 7 
[00127583] 2 | 10 6 _ 0 11 3 1 9 6 4 2 7 
[00127584] 2 | 10 6 _ 0 11 3 1 9 6 8 2 7 
[00127585] 3 | 10 6 _ 0 11 3 1 9 5 8 2 7 
[00127586] 2 | 10 6 4 0 11 3 1 9 5 8 2 7 
[00127587] 3 | 10 6 _ 0 11 3 1 9 8 5 2 7 
[00127588] 2 | 10 6 4 0 11 3 1 9 8 5 2 7 
[00127589] 1 | 10 6 4 0 11 3 1 9 8 5 2 7  *Graceful*
[00127589] 4 | _ 6 10 0 11 3 1 9 _ _ 2 7 
[00127590] 3 | 9 6 10 0 11 3 1 9 _ _ 2 7 
[00127591] 3 | _ 6 10 0 11 3 1 9 6 _ 2 7 
[00127592] 2 | 4 6 10 0 11 3 1 9 6 _ 2 7 
[00127593] 2 | 8 6 10 0 11 3 1 9 6 _ 2 7 
[00127594] 2 | _ 6 10 0 11 3 1 9 6 4 2 7 
[00127595] 2 | _ 6 10 0 11 3 1 9 6 8 2 7 
[00127596] 3 | _ 6 10 0 11 3 1 9 5 8 2 7 
[00127597] 2 | 4 6 10 0 11 3 1 9 5 8 2 7 
[00127598] 3 | _ 6 10 0 11 3 1 9 8 5 2 7 
[00127599] 2 | 4 6 10 0 11 3 1 9 8 5 2 7 
[00127600] 1 | 4 6 10 0 11 3 1 9 8 5 2 7  *Graceful*
[00127600] 4 | _ 6 _ 0 11 3 1 9 5 _ 2 7 
[00127601] 3 | _ 6 _ 0 11 3 1 9 5 8 2 7 
[00127602] 2 | 4 6 _ 0 11 3 1 9 5 8 2 7 
[00127603] 2 | _ 6 4 0 11 3 1 9 5 8 2 7 
[00127604] 4 | _ 6 _ 0 11 3 1 9 4 8 2 7 
[00127605] 4 | _ 6 _ 0 11 3 1 9 8 4 2 7 
[00127606] 6 | _ _ _ 0 11 3 1 9 4 10 2 _ 
[00127607] 5 | _ 5 _ 0 11 3 1 9 4 10 2 _ 
[00127608] 4 | _ 5 _ 0 11 3 1 9 4 10 2 6 
[00127609] 3 | 8 5 _ 0 11 3 1 9 4 10 2 6 
[00127610] 2 | 8 5 7 0 11 3 1 9 4 10 2 6 
[00127611] 3 | _ 5 8 0 11 3 1 9 4 10 2 6 
[00127612] 2 | 7 5 8 0 11 3 1 9 4 10 2 6 
[00127613] 5 | _ _ _ 0 11 3 1 9 4 10 2 7 
[00127614] 6 | _ _ _ 0 11 3 1 9 10 4 2 _ 
[00127615] 5 | _ 5 _ 0 11 3 1 9 10 4 2 _ 
[00127616] 4 | _ 5 _ 0 11 3 1 9 10 4 2 6 
[00127617] 3 | 8 5 _ 0 11 3 1 9 10 4 2 6 
[00127618] 2 | 8 5 7 0 11 3 1 9 10 4 2 6 
[00127619] 1 | 8 5 7 0 11 3 1 9 10 4 2 6  *Graceful*
[00127619] 3 | _ 5 8 0 11 3 1 9 10 4 2 6 
[00127620] 2 | 7 5 8 0 11 3 1 9 10 4 2 6 
[00127621] 1 | 7 5 8 0 11 3 1 9 10 4 2 6  *Graceful*
[00127621] 5 | _ _ _ 0 11 3 1 9 10 4 2 7 
[00127622] 6 | _ _ _ 0 11 3 1 9 _ _ 2 8 
[00127623] 5 | 5 10 _ 0 11 3 1 9 _ _ 2 8 
[00127624] 5 | 10 5 _ 0 11 3 1 9 _ _ 2 8 
[00127625] 5 | _ 5 10 0 11 3 1 9 _ _ 2 8 
[00127626] 5 | _ 10 5 0 11 3 1 9 _ _ 2 8 
[00127627] 5 | _ 5 _ 0 11 3 1 9 _ _ 2 8 
[00127628] 4 | 9 5 _ 0 11 3 1 9 _ _ 2 8 
[00127629] 3 | 9 5 _ 0 11 3 1 9 4 7 2 8 
[00127630] 3 | 9 5 _ 0 11 3 1 9 7 10 2 8 
[00127631] 3 | 9 5 _ 0 11 3 1 9 7 4 2 8 
[00127632] 3 | 9 5 _ 0 11 3 1 9 10 7 2 8 
[00127633] 4 | _ 5 9 0 11 3 1 9 _ _ 2 8 
[00127634] 3 | _ 5 9 0 11 3 1 9 4 7 2 8 
[00127635] 3 | _ 5 9 0 11 3 1 9 7 10 2 8 
[00127636] 3 | _ 5 9 0 11 3 1 9 7 4 2 8 
[00127637] 3 | _ 5 9 0 11 3 1 9 10 7 2 8 
[00127638] 4 | _ 5 _ 0 11 3 1 9 5 _ 2 8 
[00127639] 4 | _ 5 _ 0 11 3 1 9 6 10 2 8 
[00127640] 4 | _ 5 _ 0 11 3 1 9 10 6 2 8 
[00127641] 5 | _ _ _ 0 11 3 1 9 4 _ 2 8 
[00127642] 4 | 6 10 _ 0 11 3 1 9 4 _ 2 8 
[00127643] 4 | 10 6 _ 0 11 3 1 9 4 _ 2 8 
[00127644] 4 | _ 6 10 0 11 3 1 9 4 _ 2 8 
[00127645] 4 | _ 10 6 0 11 3 1 9 4 _ 2 8 
[00127646] 4 | _ 4 _ 0 11 3 1 9 4 _ 2 8 
[00127647] 3 | 7 4 _ 0 11 3 1 9 4 _ 2 8 
[00127648] 2 | 7 4 6 0 11 3 1 9 4 _ 2 8 
[00127649] 2 | 7 4 _ 0 11 3 1 9 4 6 2 8 
[00127650] 3 | _ 4 7 0 11 3 1 9 4 _ 2 8 
[00127651] 2 | 6 4 7 0 11 3 1 9 4 _ 2 8 
[00127652] 2 | _ 4 7 0 11 3 1 9 4 6 2 8 
[00127653] 3 | _ 4 _ 0 11 3 1 9 4 7 2 8 
[00127654] 4 | _ _ _ 0 11 3 1 9 4 0 2 8 
[00127655] 3 | 7 10 _ 0 11 3 1 9 4 0 2 8 
[00127656] 3 | 10 7 _ 0 11 3 1 9 4 0 2 8 
[00127657] 3 | _ 7 10 0 11 3 1 9 4 0 2 8 
[00127658] 3 | _ 10 7 0 11 3 1 9 4 0 2 8 
[00127659] 5 | _ _ _ 0 11 3 1 9 5 10 2 8 
[00127660] 4 | _ 4 _ 0 11 3 1 9 5 10 2 8 
[00127661] 3 | 7 4 _ 0 11 3 1 9 5 10 2 8 
[00127662] 2 | 7 4 6 0 11 3 1 9 5 10 2 8 
[00127663] 3 | _ 4 7 0 11 3 1 9 5 10 2 8 
[00127664] 2 | 6 4 7 0 11 3 1 9 5 10 2 8 
[00127665] 5 | _ _ _ 0 11 3 1 9 10 5 2 8 
[00127666] 4 | _ 4 _ 0 11 3 1 9 10 5 2 8 
[00127667] 3 | 7 4 _ 0 11 3 1 9 10 5 2 8 
[00127668] 2 | 7 4 6 0 11 3 1 9 10 5 2 8 
[00127669] 1 | 7 4 6 0 11 3 1 9 10 5 2 8  *Graceful*
[00127669] 3 | _ 4 7 0 11 3 1 9 10 5 2 8 
[00127670] 2 | 6 4 7 0 11 3 1 9 10 5 2 8 
[00127671] 1 | 6 4 7 0 11 3 1 9 10 5 2 8  *Graceful*
[00127671] 8 | _ _ _ 0 11 _ 1 9 2 10 _ _ 
[00127672] 7 | _ 7 _ 0 11 _ 1 9 2 10 _ _ 
[00127673] 6 | _ 7 _ 0 11 5 1 9 2 10 _ _ 
[00127674] 5 | _ 7 _ 0 11 5 1 9 2 10 4 _ 
[00127675] 4 | 3 7 _ 0 11 5 1 9 2 10 4 _ 
[00127676] 3 | 3 7 4 0 11 5 1 9 2 10 4 _ 
[00127677] 3 | 3 7 _ 0 11 5 1 9 2 10 4 7 
[00127678] 4 | _ 7 3 0 11 5 1 9 2 10 4 _ 
[00127679] 3 | 4 7 3 0 11 5 1 9 2 10 4 _ 
[00127680] 3 | _ 7 3 0 11 5 1 9 2 10 4 7 
[00127681] 4 | _ 7 _ 0 11 5 1 9 2 10 4 8 
[00127682] 5 | _ 7 _ 0 11 5 1 9 2 10 3 8 
[00127683] 5 | _ 7 _ 0 11 5 1 9 2 10 8 3 
[00127684] 6 | _ 7 _ 0 11 _ 1 9 2 10 3 _ 
[00127685] 5 | _ 7 _ 0 11 6 1 9 2 10 3 _ 
[00127686] 4 | 3 7 _ 0 11 6 1 9 2 10 3 _ 
[00127687] 3 | 3 7 4 0 11 6 1 9 2 10 3 _ 
[00127688] 4 | _ 7 3 0 11 6 1 9 2 10 3 _ 
[00127689] 3 | 4 7 3 0 11 6 1 9 2 10 3 _ 
[00127690] 4 | _ 7 _ 0 11 6 1 9 2 10 3 7 
[00127691] 5 | _ 7 _ 0 11 _ 1 9 2 10 3 8 
[00127692] 4 | 11 7 _ 0 11 _ 1 9 2 10 3 8 
[00127693] 3 | 11 7 4 0 11 _ 1 9 2 10 3 8 
[00127694] 4 | _ 7 11 0 11 _ 1 9 2 10 3 8 
[00127695] 3 | 4 7 11 0 11 _ 1 9 2 10 3 8 
[00127696] 4 | _ 7 _ 0 11 7 1 9 2 10 3 8 
[00127697] 7 | _ _ _ 0 11 4 1 9 2 10 _ _ 
[00127698] 6 | _ 6 _ 0 11 4 1 9 2 10 _ _ 
[00127699] 5 | _ 6 _ 0 11 4 1 9 2 10 3 8 
[00127700] 5 | _ 6 _ 0 11 4 1 9 2 10 8 3 
[00127701] 6 | _ _ _ 0 11 4 1 9 2 10 3 _ 
[00127702] 5 | _ 5 _ 0 11 4 1 9 2 10 3 _ 
[00127703] 4 | _ 5 _ 0 11 4 1 9 2 10 3 7 
[00127704] 3 | 8 5 _ 0 11 4 1 9 2 10 3 7 
[00127705] 3 | _ 5 8 0 11 4 1 9 2 10 3 7 
[00127706] 5 | _ _ _ 0 11 4 1 9 2 10 3 8 
[00127707] 8 | _ _ _ 0 11 _ 1 9 10 2 _ _ 
[00127708] 7 | _ 7 _ 0 11 _ 1 9 10 2 _ _ 
[00127709] 6 | _ 7 _ 0 11 5 1 9 10 2 _ _ 
[00127710] 5 | _ 7 _ 0 11 5 1 9 10 2 4 _ 
[00127711] 4 | 3 7 _ 0 11 5 1 9 10 2 4 _ 
[00127712] 3 | 3 7 4 0 11 5 1 9 10 2 4 _ 
[00127713] 3 | 3 7 _ 0 11 5 1 9 10 2 4 7 
[00127714] 4 | _ 7 3 0 11 5 1 9 10 2 4 _ 
[00127715] 3 | 4 7 3 0 11 5 1 9 10 2 4 _ 
[00127716] 3 | _ 7 3 0 11 5 1 9 10 2 4 7 
[00127717] 4 | _ 7 _ 0 11 5 1 9 10 2 4 8 
[00127718] 5 | _ 7 _ 0 11 5 1 9 10 2 3 8 
[00127719] 5 | _ 7 _ 0 11 5 1 9 10 2 8 3 
[00127720] 6 | _ 7 _ 0 11 _ 1 9 10 2 3 _ 
[00127721] 5 | _ 7 _ 0 11 6 1 9 10 2 3 _ 
[00127722] 4 | 3 7 _ 0 11 6 1 9 10 2 3 _ 
[00127723] 3 | 3 7 4 0 11 6 1 9 10 2 3 _ 
[00127724] 4 | _ 7 3 0 11 6 1 9 10 2 3 _ 
[00127725] 3 | 4 7 3 0 11 6 1 9 10 2 3 _ 
[00127726] 4 | _ 7 _ 0 11 6 1 9 10 2 3 7 
[00127727] 5 | _ 7 _ 0 11 _ 1 9 10 2 3 8 
[00127728] 4 | 11 7 _ 0 11 _ 1 9 10 2 3 8 
[00127729] 3 | 11 7 4 0 11 _ 1 9 10 2 3 8 
[00127730] 4 | _ 7 11 0 11 _ 1 9 10 2 3 8 
[00127731] 3 | 4 7 11 0 11 _ 1 9 10 2 3 8 
[00127732] 4 | _ 7 _ 0 11 7 1 9 10 2 3 8 
[00127733] 7 | _ _ _ 0 11 4 1 9 10 2 _ _ 
[00127734] 6 | _ 6 _ 0 11 4 1 9 10 2 _ _ 
[00127735] 5 | _ 6 _ 0 11 4 1 9 10 2 3 8 
[00127736] 5 | _ 6 _ 0 11 4 1 9 10 2 8 3 
[00127737] 6 | _ _ _ 0 11 4 1 9 10 2 3 _ 
[00127738] 5 | _ 5 _ 0 11 4 1 9 10 2 3 _ 
[00127739] 4 | _ 5 _ 0 11 4 1 9 10 2 3 7 
[00127740] 3 | 8 5 _ 0 11 4 1 9 10 2 3 7 
[00127741] 3 | _ 5 8 0 11 4 1 9 10 2 3 7 
[00127742] 5 | _ _ _ 0 11 4 1 9 10 2 3 8 
[00127743] 8 | _ _ _ 0 11 _ 1 9 _ _ 2 10 
[00127744] 7 | _ 7 _ 0 11 _ 1 9 _ _ 2 10 
[00127745] 6 | _ 7 _ 0 11 5 1 9 _ _ 2 10 
[00127746] 5 | _ 7 _ 0 11 5 1 9 4 _ 2 10 
[00127747] 4 | 3 7 _ 0 11 5 1 9 4 _ 2 10 
[00127748] 3 | 3 7 4 0 11 5 1 9 4 _ 2 10 
[00127749] 3 | 3 7 _ 0 11 5 1 9 4 7 2 10 
[00127750] 4 | _ 7 3 0 11 5 1 9 4 _ 2 10 
[00127751] 3 | 4 7 3 0 11 5 1 9 4 _ 2 10 
[00127752] 3 | _ 7 3 0 11 5 1 9 4 7 2 10 
[00127753] 4 | _ 7 _ 0 11 5 1 9 4 8 2 10 
[00127754] 5 | _ 7 _ 0 11 5 1 9 3 8 2 10 
[00127755] 5 | _ 7 _ 0 11 5 1 9 8 3 2 10 
[00127756] 6 | _ 7 _ 0 11 _ 1 9 3 _ 2 10 
[00127757] 5 | _ 7 _ 0 11 6 1 9 3 _ 2 10 
[00127758] 4 | 3 7 _ 0 11 6 1 9 3 _ 2 10 
[00127759] 3 | 3 7 4 0 11 6 1 9 3 _ 2 10 
[00127760] 4 | _ 7 3 0 11 6 1 9 3 _ 2 10 
[00127761] 3 | 4 7 3 0 11 6 1 9 3 _ 2 10 
[00127762] 4 | _ 7 _ 0 11 6 1 9 3 7 2 10 
[00127763] 5 | _ 7 _ 0 11 _ 1 9 3 8 2 10 
[00127764] 4 | 11 7 _ 0 11 _ 1 9 3 8 2 10 
[00127765] 3 | 11 7 4 0 11 _ 1 9 3 8 2 10 
[00127766] 4 | _ 7 11 0 11 _ 1 9 3 8 2 10 
[00127767] 3 | 4 7 11 0 11 _ 1 9 3 8 2 10 
[00127768] 4 | _ 7 _ 0 11 7 1 9 3 8 2 10 
[00127769] 7 | _ _ _ 0 11 4 1 9 _ _ 2 10 
[00127770] 6 | _ 6 _ 0 11 4 1 9 _ _ 2 10 
[00127771] 5 | _ 6 _ 0 11 4 1 9 3 8 2 10 
[00127772] 5 | _ 6 _ 0 11 4 1 9 8 3 2 10 
[00127773] 6 | _ _ _ 0 11 4 1 9 3 _ 2 10 
[00127774] 5 | _ 5 _ 0 11 4 1 9 3 _ 2 10 
[00127775] 4 | _ 5 _ 0 11 4 1 9 3 7 2 10 
[00127776] 3 | 8 5 _ 0 11 4 1 9 3 7 2 10 
[00127777] 3 | _ 5 8 0 11 4 1 9 3 7 2 10 
[00127778] 5 | _ _ _ 0 11 4 1 9 3 8 2 10 
[00127779] 8 | _ _ _ 0 11 _ 1 9 _ _ 10 2 
[00127780] 7 | _ 7 _ 0 11 _ 1 9 _ _ 10 2 
[00127781] 6 | _ 7 _ 0 11 5 1 9 _ _ 10 2 
[00127782] 5 | _ 7 _ 0 11 5 1 9 4 _ 10 2 
[00127783] 4 | 3 7 _ 0 11 5 1 9 4 _ 10 2 
[00127784] 3 | 3 7 4 0 11 5 1 9 4 _ 10 2 
[00127785] 3 | 3 7 _ 0 11 5 1 9 4 7 10 2 
[00127786] 4 | _ 7 3 0 11 5 1 9 4 _ 10 2 
[00127787] 3 | 4 7 3 0 11 5 1 9 4 _ 10 2 
[00127788] 3 | _ 7 3 0 11 5 1 9 4 7 10 2 
[00127789] 4 | _ 7 _ 0 11 5 1 9 4 8 10 2 
[00127790] 5 | _ 7 _ 0 11 5 1 9 3 8 10 2 
[00127791] 5 | _ 7 _ 0 11 5 1 9 8 3 10 2 
[00127792] 6 | _ 7 _ 0 11 _ 1 9 3 _ 10 2 
[00127793] 5 | _ 7 _ 0 11 6 1 9 3 _ 10 2 
[00127794] 4 | 3 7 _ 0 11 6 1 9 3 _ 10 2 
[00127795] 3 | 3 7 4 0 11 6 1 9 3 _ 10 2 
[00127796] 4 | _ 7 3 0 11 6 1 9 3 _ 10 2 
[00127797] 3 | 4 7 3 0 11 6 1 9 3 _ 10 2 
[00127798] 4 | _ 7 _ 0 11 6 1 9 3 7 10 2 
[00127799] 5 | _ 7 _ 0 11 _ 1 9 3 8 10 2 
[00127800] 4 | 11 7 _ 0 11 _ 1 9 3 8 10 2 
[00127801] 3 | 11 7 4 0 11 _ 1 9 3 8 10 2 
[00127802] 4 | _ 7 11 0 11 _ 1 9 3 8 10 2 
[00127803] 3 | 4 7 11 0 11 _ 1 9 3 8 10 2 
[00127804] 4 | _ 7 _ 0 11 7 1 9 3 8 10 2 
[00127805] 7 | _ _ _ 0 11 4 1 9 _ _ 10 2 
[00127806] 6 | _ 6 _ 0 11 4 1 9 _ _ 10 2 
[00127807] 5 | _ 6 _ 0 11 4 1 9 3 8 10 2 
[00127808] 5 | _ 6 _ 0 11 4 1 9 8 3 10 2 
[00127809] 6 | _ _ _ 0 11 4 1 9 3 _ 10 2 
[00127810] 5 | _ 5 _ 0 11 4 1 9 3 _ 10 2 
[00127811] 4 | _ 5 _ 0 11 4 1 9 3 7 10 2 
[00127812] 3 | 8 5 _ 0 11 4 1 9 3 7 10 2 
[00127813] 3 | _ 5 8 0 11 4 1 9 3 7 10 2 
[00127814] 5 | _ _ _ 0 11 4 1 9 3 8 10 2 
[00127815] 10 | _ _ _ 0 11 _ _ 10 _ _ _ _ 
[00127816] 9 | _ 9 _ 0 11 _ _ 10 _ _ _ _ 
[00127817] 8 | 1 9 _ 0 11 _ _ 10 _ _ _ _ 
[00127818] 7 | 1 9 2 0 11 _ _ 10 _ _ _ _ 
[00127819] 6 | 1 9 2 0 11 5 _ 10 _ _ _ _ 
[00127820] 5 | 1 9 2 0 11 5 6 10 _ _ _ _ 
[00127821] 4 | 1 9 2 0 11 5 6 10 3 7 _ _ 
[00127822] 4 | 1 9 2 0 11 5 6 10 4 8 _ _ 
[00127823] 3 | 1 9 2 0 11 5 6 10 4 8 7 _ 
[00127824] 4 | 1 9 2 0 11 5 6 10 7 3 _ _ 
[00127825] 4 | 1 9 2 0 11 5 6 10 8 4 _ _ 
[00127826] 3 | 1 9 2 0 11 5 6 10 8 4 7 _ 
[00127827] 4 | 1 9 2 0 11 5 6 10 _ _ 3 7 
[00127828] 4 | 1 9 2 0 11 5 6 10 _ _ 4 8 
[00127829] 3 | 1 9 2 0 11 5 6 10 7 _ 4 8 
[00127830] 4 | 1 9 2 0 11 5 6 10 _ _ 7 3 
[00127831] 4 | 1 9 2 0 11 5 6 10 _ _ 8 4 
[00127832] 3 | 1 9 2 0 11 5 6 10 7 _ 8 4 
[00127833] 5 | 1 9 2 0 11 5 _ 10 3 8 _ _ 
[00127834] 4 | 1 9 2 0 11 5 7 10 3 8 _ _ 
[00127835] 4 | 1 9 2 0 11 5 _ 10 3 8 6 _ 
[00127836] 5 | 1 9 2 0 11 5 _ 10 8 3 _ _ 
[00127837] 4 | 1 9 2 0 11 5 7 10 8 3 _ _ 
[00127838] 4 | 1 9 2 0 11 5 _ 10 8 3 6 _ 
[00127839] 5 | 1 9 2 0 11 5 _ 10 _ _ 3 8 
[00127840] 4 | 1 9 2 0 11 5 7 10 _ _ 3 8 
[00127841] 4 | 1 9 2 0 11 5 _ 10 6 _ 3 8 
[00127842] 5 | 1 9 2 0 11 5 _ 10 _ _ 8 3 
