[00063857] 5 | _ 0 _ 11 3 8 _ 1 2 9 10 4 
[00063858] 4 | _ 0 _ 11 3 8 7 1 2 9 10 4 
[00063859] 5 | _ 0 _ 11 3 _ 8 1 2 9 10 4 
[00063860] 4 | _ 0 _ 11 3 7 8 1 2 9 10 4 
[00063861] 7 | _ 0 _ 11 3 _ _ 1 9 2 10 _ 
[00063862] 6 | 6 0 _ 11 3 _ _ 1 9 2 10 _ 
[00063863] 5 | 6 0 5 11 3 _ _ 1 9 2 10 _ 
[00063864] 4 | 6 0 5 11 3 7 _ 1 9 2 10 _ 
[00063865] 4 | 6 0 5 11 3 _ 7 1 9 2 10 _ 
[00063866] 5 | 6 0 _ 11 3 8 _ 1 9 2 10 _ 
[00063867] 4 | 6 0 4 11 3 8 _ 1 9 2 10 _ 
[00063868] 3 | 6 0 4 11 3 8 _ 1 9 2 10 7 
[00063869] 2 | 6 0 4 11 3 8 5 1 9 2 10 7 
[00063870] 4 | 6 0 _ 11 3 8 7 1 9 2 10 _ 
[00063871] 5 | 6 0 _ 11 3 _ 8 1 9 2 10 _ 
[00063872] 4 | 6 0 4 11 3 _ 8 1 9 2 10 _ 
[00063873] 3 | 6 0 4 11 3 _ 8 1 9 2 10 7 
[00063874] 2 | 6 0 4 11 3 5 8 1 9 2 10 7 
[00063875] 4 | 6 0 _ 11 3 7 8 1 9 2 10 _ 
[00063876] 5 | 6 0 _ 11 3 _ _ 1 9 2 10 5 
[00063877] 4 | 6 0 4 11 3 _ _ 1 9 2 10 5 
[00063878] 4 | 6 0 _ 11 3 7 _ 1 9 2 10 5 
[00063879] 3 | 6 0 3 11 3 7 _ 1 9 2 10 5 
[00063880] 3 | 6 0 _ 11 3 7 0 1 9 2 10 5 
[00063881] 4 | 6 0 _ 11 3 _ 7 1 9 2 10 5 
[00063882] 3 | 6 0 3 11 3 _ 7 1 9 2 10 5 
[00063883] 3 | 6 0 _ 11 3 0 7 1 9 2 10 5 
[00063884] 6 | _ 0 6 11 3 _ _ 1 9 2 10 _ 
[00063885] 5 | 5 0 6 11 3 _ _ 1 9 2 10 _ 
[00063886] 4 | 5 0 6 11 3 7 _ 1 9 2 10 _ 
[00063887] 4 | 5 0 6 11 3 _ 7 1 9 2 10 _ 
[00063888] 5 | _ 0 6 11 3 8 _ 1 9 2 10 _ 
[00063889] 4 | 4 0 6 11 3 8 _ 1 9 2 10 _ 
[00063890] 3 | 4 0 6 11 3 8 _ 1 9 2 10 7 
[00063891] 2 | 4 0 6 11 3 8 5 1 9 2 10 7 
[00063892] 4 | _ 0 6 11 3 8 7 1 9 2 10 _ 
[00063893] 5 | _ 0 6 11 3 _ 8 1 9 2 10 _ 
[00063894] 4 | 4 0 6 11 3 _ 8 1 9 2 10 _ 
[00063895] 3 | 4 0 6 11 3 _ 8 1 9 2 10 7 
[00063896] 2 | 4 0 6 11 3 5 8 1 9 2 10 7 
[00063897] 4 | _ 0 6 11 3 7 8 1 9 2 10 _ 
[00063898] 5 | _ 0 6 11 3 _ _ 1 9 2 10 5 
[00063899] 4 | 4 0 6 11 3 _ _ 1 9 2 10 5 
[00063900] 4 | _ 0 6 11 3 7 _ 1 9 2 10 5 
[00063901] 3 | 3 0 6 11 3 7 _ 1 9 2 10 5 
[00063902] 3 | _ 0 6 11 3 7 0 1 9 2 10 5 
[00063903] 4 | _ 0 6 11 3 _ 7 1 9 2 10 5 
[00063904] 3 | 3 0 6 11 3 _ 7 1 9 2 10 5 
[00063905] 3 | _ 0 6 11 3 0 7 1 9 2 10 5 
[00063906] 6 | _ 0 _ 11 3 _ _ 1 9 2 10 4 
[00063907] 5 | 5 0 _ 11 3 _ _ 1 9 2 10 4 
[00063908] 4 | 5 0 _ 11 3 7 _ 1 9 2 10 4 
[00063909] 3 | 5 0 3 11 3 7 _ 1 9 2 10 4 
[00063910] 3 | 5 0 _ 11 3 7 0 1 9 2 10 4 
[00063911] 3 | 5 0 _ 11 3 7 6 1 9 2 10 4 
[00063912] 4 | 5 0 _ 11 3 _ 7 1 9 2 10 4 
[00063913] 3 | 5 0 3 11 3 _ 7 1 9 2 10 4 
[00063914] 3 | 5 0 _ 11 3 0 7 1 9 2 10 4 
[00063915] 3 | 5 0 _ 11 3 6 7 1 9 2 10 4 
[00063916] 5 | _ 0 5 11 3 _ _ 1 9 2 10 4 
[00063917] 4 | _ 0 5 11 3 7 _ 1 9 2 10 4 
[00063918] 3 | 3 0 5 11 3 7 _ 1 9 2 10 4 
[00063919] 3 | _ 0 5 11 3 7 0 1 9 2 10 4 
[00063920] 3 | _ 0 5 11 3 7 6 1 9 2 10 4 
[00063921] 4 | _ 0 5 11 3 _ 7 1 9 2 10 4 
[00063922] 3 | 3 0 5 11 3 _ 7 1 9 2 10 4 
[00063923] 3 | _ 0 5 11 3 0 7 1 9 2 10 4 
[00063924] 3 | _ 0 5 11 3 6 7 1 9 2 10 4 
[00063925] 5 | _ 0 _ 11 3 8 _ 1 9 2 10 4 
[00063926] 4 | _ 0 _ 11 3 8 7 1 9 2 10 4 
[00063927] 5 | _ 0 _ 11 3 _ 8 1 9 2 10 4 
[00063928] 4 | _ 0 _ 11 3 7 8 1 9 2 10 4 
[00063929] 7 | _ 0 _ 11 3 _ _ 1 _ _ 10 3 
[00063930] 6 | 6 0 _ 11 3 _ _ 1 _ _ 10 3 
[00063931] 5 | 6 0 5 11 3 _ _ 1 _ _ 10 3 
[00063932] 4 | 6 0 5 11 3 _ _ 1 4 8 10 3 
[00063933] 4 | 6 0 5 11 3 _ _ 1 8 4 10 3 
[00063934] 5 | 6 0 _ 11 3 _ _ 1 2 7 10 3 
[00063935] 4 | 6 0 4 11 3 _ _ 1 2 7 10 3 
[00063936] 5 | 6 0 _ 11 3 _ _ 1 4 9 10 3 
[00063937] 5 | 6 0 _ 11 3 _ _ 1 7 2 10 3 
[00063938] 4 | 6 0 4 11 3 _ _ 1 7 2 10 3 
[00063939] 5 | 6 0 _ 11 3 _ _ 1 9 4 10 3 
[00063940] 6 | _ 0 6 11 3 _ _ 1 _ _ 10 3 
[00063941] 5 | 5 0 6 11 3 _ _ 1 _ _ 10 3 
[00063942] 4 | 5 0 6 11 3 _ _ 1 4 8 10 3 
[00063943] 4 | 5 0 6 11 3 _ _ 1 8 4 10 3 
[00063944] 5 | _ 0 6 11 3 _ _ 1 2 7 10 3 
[00063945] 4 | 4 0 6 11 3 _ _ 1 2 7 10 3 
[00063946] 5 | _ 0 6 11 3 _ _ 1 4 9 10 3 
[00063947] 5 | _ 0 6 11 3 _ _ 1 7 2 10 3 
[00063948] 4 | 4 0 6 11 3 _ _ 1 7 2 10 3 
[00063949] 5 | _ 0 6 11 3 _ _ 1 9 4 10 3 
[00063950] 6 | _ 0 _ 11 3 _ _ 1 7 _ 10 3 
[00063951] 5 | 5 0 _ 11 3 _ _ 1 7 _ 10 3 
[00063952] 4 | 5 0 4 11 3 _ _ 1 7 _ 10 3 
[00063953] 5 | _ 0 5 11 3 _ _ 1 7 _ 10 3 
[00063954] 4 | 4 0 5 11 3 _ _ 1 7 _ 10 3 
[00063955] 5 | _ 0 _ 11 3 _ _ 1 7 2 10 3 
[00063956] 4 | 4 0 _ 11 3 _ _ 1 7 2 10 3 
[00063957] 4 | _ 0 4 11 3 _ _ 1 7 2 10 3 
[00063958] 6 | _ 0 _ 11 3 _ _ 1 2 8 10 3 
[00063959] 5 | 5 0 _ 11 3 _ _ 1 2 8 10 3 
[00063960] 4 | 5 0 4 11 3 _ _ 1 2 8 10 3 
[00063961] 5 | _ 0 5 11 3 _ _ 1 2 8 10 3 
[00063962] 4 | 4 0 5 11 3 _ _ 1 2 8 10 3 
[00063963] 6 | _ 0 _ 11 3 _ _ 1 8 2 10 3 
[00063964] 5 | 5 0 _ 11 3 _ _ 1 8 2 10 3 
[00063965] 4 | 5 0 4 11 3 _ _ 1 8 2 10 3 
[00063966] 5 | _ 0 5 11 3 _ _ 1 8 2 10 3 
[00063967] 4 | 4 0 5 11 3 _ _ 1 8 2 10 3 
[00063968] 8 | _ 0 _ 11 _ _ _ 1 9 _ 10 _ 
[00063969] 7 | 7 0 _ 11 _ _ _ 1 9 _ 10 _ 
[00063970] 6 | 7 0 6 11 _ _ _ 1 9 _ 10 _ 
[00063971] 5 | 7 0 6 11 3 8 _ 1 9 _ 10 _ 
[00063972] 4 | 7 0 6 11 3 8 _ 1 9 5 10 _ 
[00063973] 5 | 7 0 6 11 8 3 _ 1 9 _ 10 _ 
[00063974] 4 | 7 0 6 11 8 3 4 1 9 _ 10 _ 
[00063975] 4 | 7 0 6 11 8 3 _ 1 9 5 10 _ 
[00063976] 5 | 7 0 6 11 3 _ 8 1 9 _ 10 _ 
[00063977] 4 | 7 0 6 11 3 _ 8 1 9 5 10 _ 
[00063978] 5 | 7 0 6 11 8 _ 3 1 9 _ 10 _ 
[00063979] 4 | 7 0 6 11 8 4 3 1 9 _ 10 _ 
[00063980] 4 | 7 0 6 11 8 _ 3 1 9 5 10 _ 
[00063981] 5 | 7 0 6 11 _ _ _ 1 9 4 10 _ 
[00063982] 5 | 7 0 6 11 _ _ _ 1 9 _ 10 5 
[00063983] 4 | 7 0 6 11 4 8 _ 1 9 _ 10 5 
[00063984] 4 | 7 0 6 11 8 4 _ 1 9 _ 10 5 
[00063985] 4 | 7 0 6 11 4 _ 8 1 9 _ 10 5 
[00063986] 4 | 7 0 6 11 8 _ 4 1 9 _ 10 5 
[00063987] 6 | 7 0 _ 11 5 _ _ 1 9 _ 10 _ 
[00063988] 5 | 7 0 5 11 5 _ _ 1 9 _ 10 _ 
[00063989] 4 | 7 0 5 11 5 _ _ 1 9 _ 10 6 
[00063990] 5 | 7 0 _ 11 5 0 _ 1 9 _ 10 _ 
[00063991] 4 | 7 0 _ 11 5 0 9 1 9 _ 10 _ 
[00063992] 4 | 7 0 _ 11 5 0 _ 1 9 5 10 _ 
[00063993] 4 | 7 0 _ 11 5 0 _ 1 9 _ 10 6 
[00063994] 3 | 7 0 _ 11 5 0 2 1 9 _ 10 6 
[00063995] 3 | 7 0 _ 11 5 0 8 1 9 _ 10 6 
[00063996] 5 | 7 0 _ 11 5 10 _ 1 9 _ 10 _ 
[00063997] 4 | 7 0 4 11 5 10 _ 1 9 _ 10 _ 
[00063998] 3 | 7 0 4 11 5 10 2 1 9 _ 10 _ 
[00063999] 3 | 7 0 4 11 5 10 8 1 9 _ 10 _ 
[00064000] 3 | 7 0 4 11 5 10 _ 1 9 6 10 _ 
[00064001] 2 | 7 0 4 11 5 10 3 1 9 6 10 _ 
[00064002] 4 | 7 0 _ 11 5 10 9 1 9 _ 10 _ 
[00064003] 3 | 7 0 3 11 5 10 9 1 9 _ 10 _ 
[00064004] 4 | 7 0 _ 11 5 10 _ 1 9 5 10 _ 
[00064005] 3 | 7 0 3 11 5 10 _ 1 9 5 10 _ 
[00064006] 5 | 7 0 _ 11 5 _ 0 1 9 _ 10 _ 
[00064007] 4 | 7 0 _ 11 5 9 0 1 9 _ 10 _ 
[00064008] 4 | 7 0 _ 11 5 _ 0 1 9 5 10 _ 
[00064009] 4 | 7 0 _ 11 5 _ 0 1 9 _ 10 6 
[00064010] 3 | 7 0 _ 11 5 2 0 1 9 _ 10 6 
[00064011] 3 | 7 0 _ 11 5 8 0 1 9 _ 10 6 
[00064012] 5 | 7 0 _ 11 5 _ 10 1 9 _ 10 _ 
[00064013] 4 | 7 0 4 11 5 _ 10 1 9 _ 10 _ 
[00064014] 3 | 7 0 4 11 5 2 10 1 9 _ 10 _ 
[00064015] 3 | 7 0 4 11 5 8 10 1 9 _ 10 _ 
[00064016] 3 | 7 0 4 11 5 _ 10 1 9 6 10 _ 
[00064017] 2 | 7 0 4 11 5 3 10 1 9 6 10 _ 
[00064018] 4 | 7 0 _ 11 5 9 10 1 9 _ 10 _ 
[00064019] 3 | 7 0 3 11 5 9 10 1 9 _ 10 _ 
[00064020] 4 | 7 0 _ 11 5 _ 10 1 9 5 10 _ 
[00064021] 3 | 7 0 3 11 5 _ 10 1 9 5 10 _ 
[00064022] 5 | 7 0 _ 11 5 _ _ 1 9 4 10 _ 
[00064023] 4 | 7 0 _ 11 5 _ _ 1 9 4 10 6 
[00064024] 3 | 7 0 3 11 5 _ _ 1 9 4 10 6 
[00064025] 3 | 7 0 _ 11 5 2 _ 1 9 4 10 6 
[00064026] 2 | 7 0 _ 11 5 2 3 1 9 4 10 6 
[00064027] 3 | 7 0 _ 11 5 8 _ 1 9 4 10 6 
[00064028] 2 | 7 0 2 11 5 8 _ 1 9 4 10 6 
[00064029] 2 | 7 0 _ 11 5 8 3 1 9 4 10 6 
[00064030] 3 | 7 0 _ 11 5 _ 2 1 9 4 10 6 
[00064031] 2 | 7 0 _ 11 5 3 2 1 9 4 10 6 
[00064032] 3 | 7 0 _ 11 5 _ 8 1 9 4 10 6 
[00064033] 2 | 7 0 2 11 5 _ 8 1 9 4 10 6 
[00064034] 2 | 7 0 _ 11 5 3 8 1 9 4 10 6 
[00064035] 5 | 7 0 _ 11 5 _ _ 1 9 _ 10 5 
[00064036] 4 | 7 0 4 11 5 _ _ 1 9 _ 10 5 
[00064037] 3 | 7 0 4 11 5 _ _ 1 9 6 10 5 
[00064038] 6 | 7 0 _ 11 2 8 _ 1 9 _ 10 _ 
[00064039] 5 | 7 0 5 11 2 8 _ 1 9 _ 10 _ 
[00064040] 4 | 7 0 5 11 2 8 6 1 9 _ 10 _ 
[00064041] 4 | 7 0 5 11 2 8 _ 1 9 _ 10 6 
[00064042] 5 | 7 0 _ 11 2 8 _ 1 9 4 10 _ 
[00064043] 4 | 7 0 _ 11 2 8 6 1 9 4 10 _ 
[00064044] 3 | 7 0 3 11 2 8 6 1 9 4 10 _ 
[00064045] 4 | 7 0 _ 11 2 8 _ 1 9 4 10 6 
[00064046] 3 | 7 0 3 11 2 8 _ 1 9 4 10 6 
[00064047] 3 | 7 0 _ 11 2 8 5 1 9 4 10 6 
[00064048] 5 | 7 0 _ 11 2 8 _ 1 9 _ 10 5 
[00064049] 4 | 7 0 4 11 2 8 _ 1 9 _ 10 5 
[00064050] 3 | 7 0 4 11 2 8 _ 1 9 6 10 5 
[00064051] 4 | 7 0 _ 11 2 8 6 1 9 _ 10 5 
[00064052] 3 | 7 0 3 11 2 8 6 1 9 _ 10 5 
[00064053] 6 | 7 0 _ 11 8 2 _ 1 9 _ 10 _ 
[00064054] 5 | 7 0 5 11 8 2 _ 1 9 _ 10 _ 
[00064055] 4 | 7 0 5 11 8 2 4 1 9 _ 10 _ 
[00064056] 3 | 7 0 5 11 8 2 4 1 9 6 10 _ 
[00064057] 4 | 7 0 5 11 8 2 _ 1 9 _ 10 6 
[00064058] 5 | 7 0 _ 11 8 2 3 1 9 _ 10 _ 
[00064059] 4 | 7 0 4 11 8 2 3 1 9 _ 10 _ 
[00064060] 3 | 7 0 4 11 8 2 3 1 9 6 10 _ 
[00064061] 4 | 7 0 _ 11 8 2 3 1 9 5 10 _ 
[00064062] 4 | 7 0 _ 11 8 2 3 1 9 _ 10 6 
[00064063] 5 | 7 0 _ 11 8 2 _ 1 9 4 10 _ 
[00064064] 4 | 7 0 _ 11 8 2 _ 1 9 4 10 6 
[00064065] 3 | 7 0 3 11 8 2 _ 1 9 4 10 6 
[00064066] 3 | 7 0 _ 11 8 2 5 1 9 4 10 6 
[00064067] 5 | 7 0 _ 11 8 2 _ 1 9 _ 10 5 
[00064068] 4 | 7 0 4 11 8 2 _ 1 9 _ 10 5 
[00064069] 3 | 7 0 4 11 8 2 _ 1 9 6 10 5 
[00064070] 4 | 7 0 _ 11 8 2 4 1 9 _ 10 5 
[00064071] 3 | 7 0 3 11 8 2 4 1 9 _ 10 5 
[00064072] 3 | 7 0 _ 11 8 2 4 1 9 6 10 5 
[00064073] 6 | 7 0 _ 11 2 _ 8 1 9 _ 10 _ 
[00064074] 5 | 7 0 5 11 2 _ 8 1 9 _ 10 _ 
[00064075] 4 | 7 0 5 11 2 6 8 1 9 _ 10 _ 
[00064076] 4 | 7 0 5 11 2 _ 8 1 9 _ 10 6 
[00064077] 5 | 7 0 _ 11 2 _ 8 1 9 4 10 _ 
[00064078] 4 | 7 0 _ 11 2 6 8 1 9 4 10 _ 
[00064079] 3 | 7 0 3 11 2 6 8 1 9 4 10 _ 
[00064080] 4 | 7 0 _ 11 2 _ 8 1 9 4 10 6 
[00064081] 3 | 7 0 3 11 2 _ 8 1 9 4 10 6 
[00064082] 3 | 7 0 _ 11 2 5 8 1 9 4 10 6 
[00064083] 5 | 7 0 _ 11 2 _ 8 1 9 _ 10 5 
[00064084] 4 | 7 0 4 11 2 _ 8 1 9 _ 10 5 
[00064085] 3 | 7 0 4 11 2 _ 8 1 9 6 10 5 
[00064086] 4 | 7 0 _ 11 2 6 8 1 9 _ 10 5 
[00064087] 3 | 7 0 3 11 2 6 8 1 9 _ 10 5 
[00064088] 6 | 7 0 _ 11 8 _ 2 1 9 _ 10 _ 
[00064089] 5 | 7 0 5 11 8 _ 2 1 9 _ 10 _ 
[00064090] 4 | 7 0 5 11 8 4 2 1 9 _ 10 _ 
[00064091] 3 | 7 0 5 11 8 4 2 1 9 6 10 _ 
[00064092] 4 | 7 0 5 11 8 _ 2 1 9 _ 10 6 
[00064093] 5 | 7 0 _ 11 8 3 2 1 9 _ 10 _ 
[00064094] 4 | 7 0 4 11 8 3 2 1 9 _ 10 _ 
[00064095] 3 | 7 0 4 11 8 3 2 1 9 6 10 _ 
[00064096] 4 | 7 0 _ 11 8 3 2 1 9 5 10 _ 
[00064097] 4 | 7 0 _ 11 8 3 2 1 9 _ 10 6 
[00064098] 5 | 7 0 _ 11 8 _ 2 1 9 4 10 _ 
[00064099] 4 | 7 0 _ 11 8 _ 2 1 9 4 10 6 
[00064100] 3 | 7 0 3 11 8 _ 2 1 9 4 10 6 
[00064101] 3 | 7 0 _ 11 8 5 2 1 9 4 10 6 
[00064102] 5 | 7 0 _ 11 8 _ 2 1 9 _ 10 5 
[00064103] 4 | 7 0 4 11 8 _ 2 1 9 _ 10 5 
[00064104] 3 | 7 0 4 11 8 _ 2 1 9 6 10 5 
[00064105] 4 | 7 0 _ 11 8 4 2 1 9 _ 10 5 
[00064106] 3 | 7 0 3 11 8 4 2 1 9 _ 10 5 
[00064107] 3 | 7 0 _ 11 8 4 2 1 9 6 10 5 
[00064108] 6 | 7 0 _ 11 _ _ _ 1 9 3 10 _ 
[00064109] 5 | 7 0 5 11 _ _ _ 1 9 3 10 _ 
[00064110] 4 | 7 0 5 11 2 6 _ 1 9 3 10 _ 
[00064111] 4 | 7 0 5 11 4 8 _ 1 9 3 10 _ 
[00064112] 4 | 7 0 5 11 6 2 _ 1 9 3 10 _ 
[00064113] 4 | 7 0 5 11 8 4 _ 1 9 3 10 _ 
[00064114] 4 | 7 0 5 11 2 _ 6 1 9 3 10 _ 
[00064115] 4 | 7 0 5 11 4 _ 8 1 9 3 10 _ 
[00064116] 4 | 7 0 5 11 6 _ 2 1 9 3 10 _ 
[00064117] 4 | 7 0 5 11 8 _ 4 1 9 3 10 _ 
[00064118] 4 | 7 0 5 11 _ _ _ 1 9 3 10 6 
[00064119] 3 | 7 0 5 11 8 _ _ 1 9 3 10 6 
[00064120] 5 | 7 0 _ 11 6 _ _ 1 9 3 10 _ 
[00064121] 4 | 7 0 4 11 6 _ _ 1 9 3 10 _ 
[00064122] 4 | 7 0 _ 11 6 2 _ 1 9 3 10 _ 
[00064123] 4 | 7 0 _ 11 6 10 _ 1 9 3 10 _ 
[00064124] 4 | 7 0 _ 11 6 _ 2 1 9 3 10 _ 
[00064125] 4 | 7 0 _ 11 6 _ 10 1 9 3 10 _ 
[00064126] 4 | 7 0 _ 11 6 _ _ 1 9 3 10 6 
[00064127] 5 | 7 0 _ 11 _ _ _ 1 9 3 10 5 
[00064128] 4 | 7 0 4 11 _ _ _ 1 9 3 10 5 
[00064129] 3 | 7 0 4 11 8 _ _ 1 9 3 10 5 
[00064130] 2 | 7 0 4 11 8 6 _ 1 9 3 10 5 
[00064131] 2 | 7 0 4 11 8 _ 6 1 9 3 10 5 
[00064132] 4 | 7 0 _ 11 2 6 _ 1 9 3 10 5 
[00064133] 4 | 7 0 _ 11 4 8 _ 1 9 3 10 5 
[00064134] 4 | 7 0 _ 11 6 2 _ 1 9 3 10 5 
[00064135] 4 | 7 0 _ 11 8 4 _ 1 9 3 10 5 
[00064136] 4 | 7 0 _ 11 2 _ 6 1 9 3 10 5 
[00064137] 4 | 7 0 _ 11 4 _ 8 1 9 3 10 5 
[00064138] 4 | 7 0 _ 11 6 _ 2 1 9 3 10 5 
[00064139] 4 | 7 0 _ 11 8 _ 4 1 9 3 10 5 
[00064140] 6 | 7 0 _ 11 _ _ _ 1 9 _ 10 4 
[00064141] 5 | 7 0 5 11 _ _ _ 1 9 _ 10 4 
[00064142] 4 | 7 0 5 11 2 6 _ 1 9 _ 10 4 
[00064143] 4 | 7 0 5 11 6 2 _ 1 9 _ 10 4 
[00064144] 3 | 7 0 5 11 6 2 3 1 9 _ 10 4 
[00064145] 3 | 7 0 5 11 6 2 9 1 9 _ 10 4 
[00064146] 3 | 7 0 5 11 6 2 _ 1 9 6 10 4 
[00064147] 4 | 7 0 5 11 2 _ 6 1 9 _ 10 4 
[00064148] 4 | 7 0 5 11 6 _ 2 1 9 _ 10 4 
[00064149] 3 | 7 0 5 11 6 3 2 1 9 _ 10 4 
[00064150] 3 | 7 0 5 11 6 9 2 1 9 _ 10 4 
[00064151] 3 | 7 0 5 11 6 _ 2 1 9 6 10 4 
[00064152] 5 | 7 0 _ 11 6 _ _ 1 9 _ 10 4 
[00064153] 4 | 7 0 _ 11 6 2 _ 1 9 _ 10 4 
[00064154] 3 | 7 0 3 11 6 2 _ 1 9 _ 10 4 
[00064155] 2 | 7 0 3 11 6 2 8 1 9 _ 10 4 
[00064156] 3 | 7 0 _ 11 6 2 3 1 9 _ 10 4 
[00064157] 3 | 7 0 _ 11 6 2 9 1 9 _ 10 4 
[00064158] 3 | 7 0 _ 11 6 2 _ 1 9 6 10 4 
[00064159] 4 | 7 0 _ 11 6 _ 2 1 9 _ 10 4 
[00064160] 3 | 7 0 3 11 6 _ 2 1 9 _ 10 4 
[00064161] 2 | 7 0 3 11 6 8 2 1 9 _ 10 4 
[00064162] 3 | 7 0 _ 11 6 3 2 1 9 _ 10 4 
[00064163] 3 | 7 0 _ 11 6 9 2 1 9 _ 10 4 
[00064164] 3 | 7 0 _ 11 6 _ 2 1 9 6 10 4 
[00064165] 4 | 7 0 _ 11 6 _ _ 1 9 5 10 4 
[00064166] 3 | 7 0 3 11 6 _ _ 1 9 5 10 4 
[00064167] 2 | 7 0 3 11 6 8 _ 1 9 5 10 4 
[00064168] 2 | 7 0 3 11 6 _ 8 1 9 5 10 4 
[00064169] 3 | 7 0 _ 11 6 3 _ 1 9 5 10 4 
[00064170] 2 | 7 0 2 11 6 3 _ 1 9 5 10 4 
[00064171] 2 | 7 0 _ 11 6 3 8 1 9 5 10 4 
[00064172] 3 | 7 0 _ 11 6 _ 3 1 9 5 10 4 
[00064173] 2 | 7 0 2 11 6 _ 3 1 9 5 10 4 
[00064174] 2 | 7 0 _ 11 6 8 3 1 9 5 10 4 
[00064175] 5 | 7 0 _ 11 3 8 _ 1 9 _ 10 4 
[00064176] 4 | 7 0 _ 11 3 8 _ 1 9 5 10 4 
[00064177] 3 | 7 0 3 11 3 8 _ 1 9 5 10 4 
[00064178] 3 | 7 0 _ 11 3 8 0 1 9 5 10 4 
[00064179] 3 | 7 0 _ 11 3 8 6 1 9 5 10 4 
[00064180] 2 | 7 0 2 11 3 8 6 1 9 5 10 4 
[00064181] 5 | 7 0 _ 11 8 3 _ 1 9 _ 10 4 
[00064182] 4 | 7 0 _ 11 8 3 _ 1 9 5 10 4 
[00064183] 5 | 7 0 _ 11 3 _ 8 1 9 _ 10 4 
[00064184] 4 | 7 0 _ 11 3 _ 8 1 9 5 10 4 
[00064185] 3 | 7 0 3 11 3 _ 8 1 9 5 10 4 
[00064186] 3 | 7 0 _ 11 3 0 8 1 9 5 10 4 
[00064187] 3 | 7 0 _ 11 3 6 8 1 9 5 10 4 
[00064188] 2 | 7 0 2 11 3 6 8 1 9 5 10 4 
[00064189] 5 | 7 0 _ 11 8 _ 3 1 9 _ 10 4 
[00064190] 4 | 7 0 _ 11 8 _ 3 1 9 5 10 4 
[00064191] 7 | _ 0 7 11 _ _ _ 1 9 _ 10 _ 
[00064192] 6 | 6 0 7 11 _ _ _ 1 9 _ 10 _ 
[00064193] 5 | 6 0 7 11 3 8 _ 1 9 _ 10 _ 
[00064194] 4 | 6 0 7 11 3 8 _ 1 9 5 10 _ 
[00064195] 5 | 6 0 7 11 8 3 _ 1 9 _ 10 _ 
[00064196] 4 | 6 0 7 11 8 3 4 1 9 _ 10 _ 
[00064197] 4 | 6 0 7 11 8 3 _ 1 9 5 10 _ 
[00064198] 5 | 6 0 7 11 3 _ 8 1 9 _ 10 _ 
[00064199] 4 | 6 0 7 11 3 _ 8 1 9 5 10 _ 
[00064200] 5 | 6 0 7 11 8 _ 3 1 9 _ 10 _ 
[00064201] 4 | 6 0 7 11 8 4 3 1 9 _ 10 _ 
[00064202] 4 | 6 0 7 11 8 _ 3 1 9 5 10 _ 
[00064203] 5 | 6 0 7 11 _ _ _ 1 9 4 10 _ 
[00064204] 5 | 6 0 7 11 _ _ _ 1 9 _ 10 5 
[00064205] 4 | 6 0 7 11 4 8 _ 1 9 _ 10 5 
[00064206] 4 | 6 0 7 11 8 4 _ 1 9 _ 10 5 
[00064207] 4 | 6 0 7 11 4 _ 8 1 9 _ 10 5 
[00064208] 4 | 6 0 7 11 8 _ 4 1 9 _ 10 5 
[00064209] 6 | _ 0 7 11 5 _ _ 1 9 _ 10 _ 
[00064210] 5 | 5 0 7 11 5 _ _ 1 9 _ 10 _ 
[00064211] 4 | 5 0 7 11 5 _ _ 1 9 _ 10 6 
[00064212] 5 | _ 0 7 11 5 0 _ 1 9 _ 10 _ 
[00064213] 4 | _ 0 7 11 5 0 9 1 9 _ 10 _ 
[00064214] 4 | _ 0 7 11 5 0 _ 1 9 5 10 _ 
[00064215] 4 | _ 0 7 11 5 0 _ 1 9 _ 10 6 
[00064216] 3 | _ 0 7 11 5 0 2 1 9 _ 10 6 
[00064217] 3 | _ 0 7 11 5 0 8 1 9 _ 10 6 
[00064218] 5 | _ 0 7 11 5 10 _ 1 9 _ 10 _ 
[00064219] 4 | 4 0 7 11 5 10 _ 1 9 _ 10 _ 
[00064220] 3 | 4 0 7 11 5 10 2 1 9 _ 10 _ 
[00064221] 3 | 4 0 7 11 5 10 8 1 9 _ 10 _ 
[00064222] 3 | 4 0 7 11 5 10 _ 1 9 6 10 _ 
[00064223] 2 | 4 0 7 11 5 10 3 1 9 6 10 _ 
[00064224] 4 | _ 0 7 11 5 10 9 1 9 _ 10 _ 
[00064225] 3 | 3 0 7 11 5 10 9 1 9 _ 10 _ 
[00064226] 4 | _ 0 7 11 5 10 _ 1 9 5 10 _ 
[00064227] 3 | 3 0 7 11 5 10 _ 1 9 5 10 _ 
[00064228] 5 | _ 0 7 11 5 _ 0 1 9 _ 10 _ 
[00064229] 4 | _ 0 7 11 5 9 0 1 9 _ 10 _ 
[00064230] 4 | _ 0 7 11 5 _ 0 1 9 5 10 _ 
[00064231] 4 | _ 0 7 11 5 _ 0 1 9 _ 10 6 
[00064232] 3 | _ 0 7 11 5 2 0 1 9 _ 10 6 
[00064233] 3 | _ 0 7 11 5 8 0 1 9 _ 10 6 
[00064234] 5 | _ 0 7 11 5 _ 10 1 9 _ 10 _ 
[00064235] 4 | 4 0 7 11 5 _ 10 1 9 _ 10 _ 
[00064236] 3 | 4 0 7 11 5 2 10 1 9 _ 10 _ 
[00064237] 3 | 4 0 7 11 5 8 10 1 9 _ 10 _ 
[00064238] 3 | 4 0 7 11 5 _ 10 1 9 6 10 _ 
[00064239] 2 | 4 0 7 11 5 3 10 1 9 6 10 _ 
[00064240] 4 | _ 0 7 11 5 9 10 1 9 _ 10 _ 
[00064241] 3 | 3 0 7 11 5 9 10 1 9 _ 10 _ 
[00064242] 4 | _ 0 7 11 5 _ 10 1 9 5 10 _ 
[00064243] 3 | 3 0 7 11 5 _ 10 1 9 5 10 _ 
[00064244] 5 | _ 0 7 11 5 _ _ 1 9 4 10 _ 
[00064245] 4 | _ 0 7 11 5 _ _ 1 9 4 10 6 
[00064246] 3 | 3 0 7 11 5 _ _ 1 9 4 10 6 
[00064247] 3 | _ 0 7 11 5 2 _ 1 9 4 10 6 
[00064248] 2 | _ 0 7 11 5 2 3 1 9 4 10 6 
[00064249] 3 | _ 0 7 11 5 8 _ 1 9 4 10 6 
[00064250] 2 | 2 0 7 11 5 8 _ 1 9 4 10 6 
[00064251] 2 | _ 0 7 11 5 8 3 1 9 4 10 6 
[00064252] 3 | _ 0 7 11 5 _ 2 1 9 4 10 6 
[00064253] 2 | _ 0 7 11 5 3 2 1 9 4 10 6 
[00064254] 3 | _ 0 7 11 5 _ 8 1 9 4 10 6 
[00064255] 2 | 2 0 7 11 5 _ 8 1 9 4 10 6 
[00064256] 2 | _ 0 7 11 5 3 8 1 9 4 10 6 
[00064257] 5 | _ 0 7 11 5 _ _ 1 9 _ 10 5 
[00064258] 4 | 4 0 7 11 5 _ _ 1 9 _ 10 5 
[00064259] 3 | 4 0 7 11 5 _ _ 1 9 6 10 5 
[00064260] 6 | _ 0 7 11 2 8 _ 1 9 _ 10 _ 
[00064261] 5 | 5 0 7 11 2 8 _ 1 9 _ 10 _ 
[00064262] 4 | 5 0 7 11 2 8 6 1 9 _ 10 _ 
[00064263] 4 | 5 0 7 11 2 8 _ 1 9 _ 10 6 
[00064264] 5 | _ 0 7 11 2 8 _ 1 9 4 10 _ 
[00064265] 4 | _ 0 7 11 2 8 6 1 9 4 10 _ 
[00064266] 3 | 3 0 7 11 2 8 6 1 9 4 10 _ 
[00064267] 4 | _ 0 7 11 2 8 _ 1 9 4 10 6 
[00064268] 3 | 3 0 7 11 2 8 _ 1 9 4 10 6 
[00064269] 3 | _ 0 7 11 2 8 5 1 9 4 10 6 
[00064270] 5 | _ 0 7 11 2 8 _ 1 9 _ 10 5 
[00064271] 4 | 4 0 7 11 2 8 _ 1 9 _ 10 5 
[00064272] 3 | 4 0 7 11 2 8 _ 1 9 6 10 5 
[00064273] 4 | _ 0 7 11 2 8 6 1 9 _ 10 5 
[00064274] 3 | 3 0 7 11 2 8 6 1 9 _ 10 5 
[00064275] 6 | _ 0 7 11 8 2 _ 1 9 _ 10 _ 
[00064276] 5 | 5 0 7 11 8 2 _ 1 9 _ 10 _ 
[00064277] 4 | 5 0 7 11 8 2 4 1 9 _ 10 _ 
[00064278] 3 | 5 0 7 11 8 2 4 1 9 6 10 _ 
[00064279] 4 | 5 0 7 11 8 2 _ 1 9 _ 10 6 
[00064280] 5 | _ 0 7 11 8 2 3 1 9 _ 10 _ 
[00064281] 4 | 4 0 7 11 8 2 3 1 9 _ 10 _ 
[00064282] 3 | 4 0 7 11 8 2 3 1 9 6 10 _ 
[00064283] 4 | _ 0 7 11 8 2 3 1 9 5 10 _ 
[00064284] 4 | _ 0 7 11 8 2 3 1 9 _ 10 6 
[00064285] 5 | _ 0 7 11 8 2 _ 1 9 4 10 _ 
[00064286] 4 | _ 0 7 11 8 2 _ 1 9 4 10 6 
[00064287] 3 | 3 0 7 11 8 2 _ 1 9 4 10 6 
[00064288] 3 | _ 0 7 11 8 2 5 1 9 4 10 6 
[00064289] 5 | _ 0 7 11 8 2 _ 1 9 _ 10 5 
[00064290] 4 | 4 0 7 11 8 2 _ 1 9 _ 10 5 
[00064291] 3 | 4 0 7 11 8 2 _ 1 9 6 10 5 
[00064292] 4 | _ 0 7 11 8 2 4 1 9 _ 10 5 
[00064293] 3 | 3 0 7 11 8 2 4 1 9 _ 10 5 
[00064294] 3 | _ 0 7 11 8 2 4 1 9 6 10 5 
[00064295] 6 | _ 0 7 11 2 _ 8 1 9 _ 10 _ 
[00064296] 5 | 5 0 7 11 2 _ 8 1 9 _ 10 _ 
[00064297] 4 | 5 0 7 11 2 6 8 1 9 _ 10 _ 
[00064298] 4 | 5 0 7 11 2 _ 8 1 9 _ 10 6 
[00064299] 5 | _ 0 7 11 2 _ 8 1 9 4 10 _ 
[00064300] 4 | _ 0 7 11 2 6 8 1 9 4 10 _ 
[00064301] 3 | 3 0 7 11 2 6 8 1 9 4 10 _ 
[00064302] 4 | _ 0 7 11 2 _ 8 1 9 4 10 6 
[00064303] 3 | 3 0 7 11 2 _ 8 1 9 4 10 6 
[00064304] 3 | _ 0 7 11 2 5 8 1 9 4 10 6 
[00064305] 5 | _ 0 7 11 2 _ 8 1 9 _ 10 5 
[00064306] 4 | 4 0 7 11 2 _ 8 1 9 _ 10 5 
[00064307] 3 | 4 0 7 11 2 _ 8 1 9 6 10 5 
[00064308] 4 | _ 0 7 11 2 6 8 1 9 _ 10 5 
[00064309] 3 | 3 0 7 11 2 6 8 1 9 _ 10 5 
[00064310] 6 | _ 0 7 11 8 _ 2 1 9 _ 10 _ 
[00064311] 5 | 5 0 7 11 8 _ 2 1 9 _ 10 _ 
[00064312] 4 | 5 0 7 11 8 4 2 1 9 _ 10 _ 
[00064313] 3 | 5 0 7 11 8 4 2 1 9 6 10 _ 
[00064314] 4 | 5 0 7 11 8 _ 2 1 9 _ 10 6 
[00064315] 5 | _ 0 7 11 8 3 2 1 9 _ 10 _ 
[00064316] 4 | 4 0 7 11 8 3 2 1 9 _ 10 _ 
[00064317] 3 | 4 0 7 11 8 3 2 1 9 6 10 _ 
[00064318] 4 | _ 0 7 11 8 3 2 1 9 5 10 _ 
[00064319] 4 | _ 0 7 11 8 3 2 1 9 _ 10 6 
[00064320] 5 | _ 0 7 11 8 _ 2 1 9 4 10 _ 
[00064321] 4 | _ 0 7 11 8 _ 2 1 9 4 10 6 
[00064322] 3 | 3 0 7 11 8 _ 2 1 9 4 10 6 
[00064323] 3 | _ 0 7 11 8 5 2 1 9 4 10 6 
[00064324] 5 | _ 0 7 11 8 _ 2 1 9 _ 10 5 
[00064325] 4 | 4 0 7 11 8 _ 2 1 9 _ 10 5 
[00064326] 3 | 4 0 7 11 8 _ 2 1 9 6 10 5 
[00064327] 4 | _ 0 7 11 8 4 2 1 9 _ 10 5 
[00064328] 3 | 3 0 7 11 8 4 2 1 9 _ 10 5 
[00064329] 3 | _ 0 7 11 8 4 2 1 9 6 10 5 
[00064330] 6 | _ 0 7 11 _ _ _ 1 9 3 10 _ 
[00064331] 5 | 5 0 7 11 _ _ _ 1 9 3 10 _ 
[00064332] 4 | 5 0 7 11 2 6 _ 1 9 3 10 _ 
[00064333] 4 | 5 0 7 11 4 8 _ 1 9 3 10 _ 
[00064334] 4 | 5 0 7 11 6 2 _ 1 9 3 10 _ 
[00064335] 4 | 5 0 7 11 8 4 _ 1 9 3 10 _ 
[00064336] 4 | 5 0 7 11 2 _ 6 1 9 3 10 _ 
[00064337] 4 | 5 0 7 11 4 _ 8 1 9 3 10 _ 
[00064338] 4 | 5 0 7 11 6 _ 2 1 9 3 10 _ 
[00064339] 4 | 5 0 7 11 8 _ 4 1 9 3 10 _ 
[00064340] 4 | 5 0 7 11 _ _ _ 1 9 3 10 6 
[00064341] 3 | 5 0 7 11 8 _ _ 1 9 3 10 6 
[00064342] 5 | _ 0 7 11 6 _ _ 1 9 3 10 _ 
[00064343] 4 | 4 0 7 11 6 _ _ 1 9 3 10 _ 
[00064344] 4 | _ 0 7 11 6 2 _ 1 9 3 10 _ 
[00064345] 4 | _ 0 7 11 6 10 _ 1 9 3 10 _ 
[00064346] 4 | _ 0 7 11 6 _ 2 1 9 3 10 _ 
[00064347] 4 | _ 0 7 11 6 _ 10 1 9 3 10 _ 
[00064348] 4 | _ 0 7 11 6 _ _ 1 9 3 10 6 
[00064349] 5 | _ 0 7 11 _ _ _ 1 9 3 10 5 
[00064350] 4 | 4 0 7 11 _ _ _ 1 9 3 10 5 
[00064351] 3 | 4 0 7 11 8 _ _ 1 9 3 10 5 
[00064352] 2 | 4 0 7 11 8 6 _ 1 9 3 10 5 
[00064353] 2 | 4 0 7 11 8 _ 6 1 9 3 10 5 
[00064354] 4 | _ 0 7 11 2 6 _ 1 9 3 10 5 
[00064355] 4 | _ 0 7 11 4 8 _ 1 9 3 10 5 
[00064356] 4 | _ 0 7 11 6 2 _ 1 9 3 10 5 
