[00263930] 4 | _ 8 2 0 9 _ _ 11 4 8 1 6 
[00263931] 6 | _ 8 _ 0 9 3 _ 11 4 _ 1 _ 
[00263932] 5 | _ 8 _ 0 9 3 4 11 4 _ 1 _ 
[00263933] 4 | _ 8 _ 0 9 3 4 11 4 _ 1 5 
[00263934] 5 | _ 8 _ 0 9 3 _ 11 4 9 1 _ 
[00263935] 4 | _ 8 _ 0 9 3 _ 11 4 9 1 5 
[00263936] 5 | _ 8 _ 0 9 3 _ 11 4 _ 1 6 
[00263937] 4 | 4 8 _ 0 9 3 _ 11 4 _ 1 6 
[00263938] 3 | 4 8 5 0 9 3 _ 11 4 _ 1 6 
[00263939] 2 | 4 8 5 0 9 3 7 11 4 _ 1 6 
[00263940] 4 | _ 8 4 0 9 3 _ 11 4 _ 1 6 
[00263941] 3 | 5 8 4 0 9 3 _ 11 4 _ 1 6 
[00263942] 2 | 5 8 4 0 9 3 7 11 4 _ 1 6 
[00263943] 4 | _ 8 _ 0 9 3 5 11 4 _ 1 6 
[00263944] 3 | _ 8 _ 0 9 3 5 11 4 7 1 6 
[00263945] 2 | 10 8 _ 0 9 3 5 11 4 7 1 6 
[00263946] 2 | _ 8 10 0 9 3 5 11 4 7 1 6 
[00263947] 4 | _ 8 _ 0 9 3 _ 11 4 8 1 6 
[00263948] 6 | _ 8 _ 0 9 _ 3 11 4 _ 1 _ 
[00263949] 5 | _ 8 _ 0 9 4 3 11 4 _ 1 _ 
[00263950] 4 | _ 8 _ 0 9 4 3 11 4 _ 1 5 
[00263951] 5 | _ 8 _ 0 9 _ 3 11 4 9 1 _ 
[00263952] 4 | _ 8 _ 0 9 _ 3 11 4 9 1 5 
[00263953] 5 | _ 8 _ 0 9 _ 3 11 4 _ 1 6 
[00263954] 4 | 4 8 _ 0 9 _ 3 11 4 _ 1 6 
[00263955] 3 | 4 8 5 0 9 _ 3 11 4 _ 1 6 
[00263956] 2 | 4 8 5 0 9 7 3 11 4 _ 1 6 
[00263957] 4 | _ 8 4 0 9 _ 3 11 4 _ 1 6 
[00263958] 3 | 5 8 4 0 9 _ 3 11 4 _ 1 6 
[00263959] 2 | 5 8 4 0 9 7 3 11 4 _ 1 6 
[00263960] 4 | _ 8 _ 0 9 5 3 11 4 _ 1 6 
[00263961] 3 | _ 8 _ 0 9 5 3 11 4 7 1 6 
[00263962] 2 | 10 8 _ 0 9 5 3 11 4 7 1 6 
[00263963] 2 | _ 8 10 0 9 5 3 11 4 7 1 6 
[00263964] 4 | _ 8 _ 0 9 _ 3 11 4 8 1 6 
[00263965] 6 | _ 8 _ 0 9 _ _ 11 4 10 1 _ 
[00263966] 5 | 3 8 _ 0 9 _ _ 11 4 10 1 _ 
[00263967] 4 | 3 8 _ 0 9 5 _ 11 4 10 1 _ 
[00263968] 3 | 3 8 _ 0 9 5 6 11 4 10 1 _ 
[00263969] 4 | 3 8 _ 0 9 _ 5 11 4 10 1 _ 
[00263970] 3 | 3 8 _ 0 9 6 5 11 4 10 1 _ 
[00263971] 4 | 3 8 _ 0 9 _ _ 11 4 10 1 5 
[00263972] 3 | 3 8 _ 0 9 6 _ 11 4 10 1 5 
[00263973] 2 | 3 8 _ 0 9 6 7 11 4 10 1 5 
[00263974] 3 | 3 8 _ 0 9 _ 6 11 4 10 1 5 
[00263975] 2 | 3 8 _ 0 9 7 6 11 4 10 1 5 
[00263976] 5 | _ 8 3 0 9 _ _ 11 4 10 1 _ 
[00263977] 4 | _ 8 3 0 9 5 _ 11 4 10 1 _ 
[00263978] 3 | _ 8 3 0 9 5 6 11 4 10 1 _ 
[00263979] 4 | _ 8 3 0 9 _ 5 11 4 10 1 _ 
[00263980] 3 | _ 8 3 0 9 6 5 11 4 10 1 _ 
[00263981] 4 | _ 8 3 0 9 _ _ 11 4 10 1 5 
[00263982] 3 | _ 8 3 0 9 6 _ 11 4 10 1 5 
[00263983] 2 | _ 8 3 0 9 6 7 11 4 10 1 5 
[00263984] 3 | _ 8 3 0 9 _ 6 11 4 10 1 5 
[00263985] 2 | _ 8 3 0 9 7 6 11 4 10 1 5 
[00263986] 5 | _ 8 _ 0 9 _ _ 11 4 10 1 6 
[00263987] 4 | _ 8 _ 0 9 5 _ 11 4 10 1 6 
[00263988] 4 | _ 8 _ 0 9 _ 5 11 4 10 1 6 
[00263989] 6 | _ 8 _ 0 9 _ _ 11 4 _ 1 7 
[00263990] 5 | 3 8 _ 0 9 _ _ 11 4 _ 1 7 
[00263991] 4 | 3 8 4 0 9 _ _ 11 4 _ 1 7 
[00263992] 3 | 3 8 4 0 9 6 _ 11 4 _ 1 7 
[00263993] 3 | 3 8 4 0 9 _ 6 11 4 _ 1 7 
[00263994] 4 | 3 8 _ 0 9 5 _ 11 4 _ 1 7 
[00263995] 3 | 3 8 _ 0 9 5 6 11 4 _ 1 7 
[00263996] 2 | 3 8 10 0 9 5 6 11 4 _ 1 7 
[00263997] 2 | 3 8 _ 0 9 5 6 11 4 2 1 7 
[00263998] 4 | 3 8 _ 0 9 _ 5 11 4 _ 1 7 
[00263999] 3 | 3 8 _ 0 9 6 5 11 4 _ 1 7 
[00264000] 2 | 3 8 10 0 9 6 5 11 4 _ 1 7 
[00264001] 2 | 3 8 _ 0 9 6 5 11 4 2 1 7 
[00264002] 4 | 3 8 _ 0 9 _ _ 11 4 8 1 7 
[00264003] 3 | 3 8 _ 0 9 6 _ 11 4 8 1 7 
[00264004] 3 | 3 8 _ 0 9 _ 6 11 4 8 1 7 
[00264005] 5 | _ 8 3 0 9 _ _ 11 4 _ 1 7 
[00264006] 4 | 4 8 3 0 9 _ _ 11 4 _ 1 7 
[00264007] 3 | 4 8 3 0 9 6 _ 11 4 _ 1 7 
[00264008] 3 | 4 8 3 0 9 _ 6 11 4 _ 1 7 
[00264009] 4 | _ 8 3 0 9 5 _ 11 4 _ 1 7 
[00264010] 3 | _ 8 3 0 9 5 6 11 4 _ 1 7 
[00264011] 2 | 10 8 3 0 9 5 6 11 4 _ 1 7 
[00264012] 2 | _ 8 3 0 9 5 6 11 4 2 1 7 
[00264013] 4 | _ 8 3 0 9 _ 5 11 4 _ 1 7 
[00264014] 3 | _ 8 3 0 9 6 5 11 4 _ 1 7 
[00264015] 2 | 10 8 3 0 9 6 5 11 4 _ 1 7 
[00264016] 2 | _ 8 3 0 9 6 5 11 4 2 1 7 
[00264017] 4 | _ 8 3 0 9 _ _ 11 4 8 1 7 
[00264018] 3 | _ 8 3 0 9 6 _ 11 4 8 1 7 
[00264019] 3 | _ 8 3 0 9 _ 6 11 4 8 1 7 
[00264020] 5 | _ 8 _ 0 9 4 _ 11 4 _ 1 7 
[00264021] 4 | _ 8 _ 0 9 4 5 11 4 _ 1 7 
[00264022] 5 | _ 8 _ 0 9 _ 4 11 4 _ 1 7 
[00264023] 4 | _ 8 _ 0 9 5 4 11 4 _ 1 7 
[00264024] 5 | _ 8 _ 0 9 _ _ 11 4 9 1 7 
[00264025] 7 | _ 8 _ 0 9 _ _ 11 3 10 1 _ 
[00264026] 6 | 2 8 _ 0 9 _ _ 11 3 10 1 _ 
[00264027] 5 | 2 8 _ 0 9 4 _ 11 3 10 1 _ 
[00264028] 4 | 2 8 _ 0 9 4 5 11 3 10 1 _ 
[00264029] 4 | 2 8 _ 0 9 4 _ 11 3 10 1 5 
[00264030] 3 | 2 8 _ 0 9 4 6 11 3 10 1 5 
[00264031] 5 | 2 8 _ 0 9 _ 4 11 3 10 1 _ 
[00264032] 4 | 2 8 _ 0 9 5 4 11 3 10 1 _ 
[00264033] 4 | 2 8 _ 0 9 _ 4 11 3 10 1 5 
[00264034] 3 | 2 8 _ 0 9 6 4 11 3 10 1 5 
[00264035] 5 | 2 8 _ 0 9 _ _ 11 3 10 1 6 
[00264036] 4 | 2 8 4 0 9 _ _ 11 3 10 1 6 
[00264037] 4 | 2 8 _ 0 9 5 _ 11 3 10 1 6 
[00264038] 4 | 2 8 _ 0 9 _ 5 11 3 10 1 6 
[00264039] 6 | _ 8 2 0 9 _ _ 11 3 10 1 _ 
[00264040] 5 | _ 8 2 0 9 4 _ 11 3 10 1 _ 
[00264041] 4 | _ 8 2 0 9 4 5 11 3 10 1 _ 
[00264042] 4 | _ 8 2 0 9 4 _ 11 3 10 1 5 
[00264043] 3 | _ 8 2 0 9 4 6 11 3 10 1 5 
[00264044] 5 | _ 8 2 0 9 _ 4 11 3 10 1 _ 
[00264045] 4 | _ 8 2 0 9 5 4 11 3 10 1 _ 
[00264046] 4 | _ 8 2 0 9 _ 4 11 3 10 1 5 
[00264047] 3 | _ 8 2 0 9 6 4 11 3 10 1 5 
[00264048] 5 | _ 8 2 0 9 _ _ 11 3 10 1 6 
[00264049] 4 | 4 8 2 0 9 _ _ 11 3 10 1 6 
[00264050] 4 | _ 8 2 0 9 5 _ 11 3 10 1 6 
[00264051] 4 | _ 8 2 0 9 _ 5 11 3 10 1 6 
[00264052] 6 | _ 8 _ 0 9 _ _ 11 3 10 1 7 
[00264053] 5 | _ 8 _ 0 9 4 _ 11 3 10 1 7 
[00264054] 4 | _ 8 _ 0 9 4 5 11 3 10 1 7 
[00264055] 5 | _ 8 _ 0 9 _ 4 11 3 10 1 7 
[00264056] 4 | _ 8 _ 0 9 5 4 11 3 10 1 7 
[00264057] 7 | _ 8 _ 0 9 _ _ 11 10 3 1 _ 
[00264058] 6 | 2 8 _ 0 9 _ _ 11 10 3 1 _ 
[00264059] 5 | 2 8 _ 0 9 4 _ 11 10 3 1 _ 
[00264060] 4 | 2 8 _ 0 9 4 5 11 10 3 1 _ 
[00264061] 4 | 2 8 _ 0 9 4 _ 11 10 3 1 5 
[00264062] 3 | 2 8 _ 0 9 4 6 11 10 3 1 5 
[00264063] 5 | 2 8 _ 0 9 _ 4 11 10 3 1 _ 
[00264064] 4 | 2 8 _ 0 9 5 4 11 10 3 1 _ 
[00264065] 4 | 2 8 _ 0 9 _ 4 11 10 3 1 5 
[00264066] 3 | 2 8 _ 0 9 6 4 11 10 3 1 5 
[00264067] 5 | 2 8 _ 0 9 _ _ 11 10 3 1 6 
[00264068] 4 | 2 8 4 0 9 _ _ 11 10 3 1 6 
[00264069] 4 | 2 8 _ 0 9 5 _ 11 10 3 1 6 
[00264070] 4 | 2 8 _ 0 9 _ 5 11 10 3 1 6 
[00264071] 6 | _ 8 2 0 9 _ _ 11 10 3 1 _ 
[00264072] 5 | _ 8 2 0 9 4 _ 11 10 3 1 _ 
[00264073] 4 | _ 8 2 0 9 4 5 11 10 3 1 _ 
[00264074] 4 | _ 8 2 0 9 4 _ 11 10 3 1 5 
[00264075] 3 | _ 8 2 0 9 4 6 11 10 3 1 5 
[00264076] 5 | _ 8 2 0 9 _ 4 11 10 3 1 _ 
[00264077] 4 | _ 8 2 0 9 5 4 11 10 3 1 _ 
[00264078] 4 | _ 8 2 0 9 _ 4 11 10 3 1 5 
[00264079] 3 | _ 8 2 0 9 6 4 11 10 3 1 5 
[00264080] 5 | _ 8 2 0 9 _ _ 11 10 3 1 6 
[00264081] 4 | 4 8 2 0 9 _ _ 11 10 3 1 6 
[00264082] 4 | _ 8 2 0 9 5 _ 11 10 3 1 6 
[00264083] 4 | _ 8 2 0 9 _ 5 11 10 3 1 6 
[00264084] 6 | _ 8 _ 0 9 _ _ 11 10 3 1 7 
[00264085] 5 | _ 8 _ 0 9 4 _ 11 10 3 1 7 
[00264086] 4 | _ 8 _ 0 9 4 5 11 10 3 1 7 
[00264087] 5 | _ 8 _ 0 9 _ 4 11 10 3 1 7 
[00264088] 4 | _ 8 _ 0 9 5 4 11 10 3 1 7 
[00264089] 7 | _ 8 _ 0 9 _ _ 11 _ _ 1 8 
[00264090] 6 | _ 8 _ 0 9 3 _ 11 _ _ 1 8 
[00264091] 5 | _ 8 _ 0 9 3 4 11 _ _ 1 8 
[00264092] 4 | _ 8 _ 0 9 3 4 11 7 _ 1 8 
[00264093] 3 | _ 8 _ 0 9 3 4 11 7 10 1 8 
[00264094] 4 | _ 8 _ 0 9 3 4 11 2 6 1 8 
[00264095] 4 | _ 8 _ 0 9 3 4 11 6 10 1 8 
[00264096] 4 | _ 8 _ 0 9 3 4 11 6 2 1 8 
[00264097] 4 | _ 8 _ 0 9 3 4 11 10 6 1 8 
[00264098] 5 | _ 8 _ 0 9 3 _ 11 6 _ 1 8 
[00264099] 4 | _ 8 _ 0 9 3 5 11 6 _ 1 8 
[00264100] 4 | _ 8 _ 0 9 3 _ 11 6 2 1 8 
[00264101] 4 | _ 8 _ 0 9 3 _ 11 6 10 1 8 
[00264102] 5 | _ 8 _ 0 9 3 _ 11 2 7 1 8 
[00264103] 4 | _ 8 _ 0 9 3 5 11 2 7 1 8 
[00264104] 5 | _ 8 _ 0 9 3 _ 11 5 10 1 8 
[00264105] 5 | _ 8 _ 0 9 3 _ 11 7 2 1 8 
[00264106] 4 | _ 8 _ 0 9 3 5 11 7 2 1 8 
[00264107] 5 | _ 8 _ 0 9 3 _ 11 10 5 1 8 
[00264108] 6 | _ 8 _ 0 9 _ 3 11 _ _ 1 8 
[00264109] 5 | _ 8 _ 0 9 4 3 11 _ _ 1 8 
[00264110] 4 | _ 8 _ 0 9 4 3 11 7 _ 1 8 
[00264111] 3 | _ 8 _ 0 9 4 3 11 7 10 1 8 
[00264112] 4 | _ 8 _ 0 9 4 3 11 2 6 1 8 
[00264113] 4 | _ 8 _ 0 9 4 3 11 6 10 1 8 
[00264114] 4 | _ 8 _ 0 9 4 3 11 6 2 1 8 
[00264115] 4 | _ 8 _ 0 9 4 3 11 10 6 1 8 
[00264116] 5 | _ 8 _ 0 9 _ 3 11 6 _ 1 8 
[00264117] 4 | _ 8 _ 0 9 5 3 11 6 _ 1 8 
[00264118] 4 | _ 8 _ 0 9 _ 3 11 6 2 1 8 
[00264119] 4 | _ 8 _ 0 9 _ 3 11 6 10 1 8 
[00264120] 5 | _ 8 _ 0 9 _ 3 11 2 7 1 8 
[00264121] 4 | _ 8 _ 0 9 5 3 11 2 7 1 8 
[00264122] 5 | _ 8 _ 0 9 _ 3 11 5 10 1 8 
[00264123] 5 | _ 8 _ 0 9 _ 3 11 7 2 1 8 
[00264124] 4 | _ 8 _ 0 9 5 3 11 7 2 1 8 
[00264125] 5 | _ 8 _ 0 9 _ 3 11 10 5 1 8 
[00264126] 6 | _ 8 _ 0 9 _ _ 11 5 _ 1 8 
[00264127] 5 | _ 8 _ 0 9 4 _ 11 5 _ 1 8 
[00264128] 4 | _ 8 _ 0 9 4 5 11 5 _ 1 8 
[00264129] 4 | _ 8 _ 0 9 4 _ 11 5 9 1 8 
[00264130] 5 | _ 8 _ 0 9 _ 4 11 5 _ 1 8 
[00264131] 4 | _ 8 _ 0 9 5 4 11 5 _ 1 8 
[00264132] 4 | _ 8 _ 0 9 _ 4 11 5 9 1 8 
[00264133] 5 | _ 8 _ 0 9 _ _ 11 5 10 1 8 
[00264134] 6 | _ 8 _ 0 9 _ _ 11 4 10 1 8 
[00264135] 6 | _ 8 _ 0 9 _ _ 11 10 4 1 8 
[00264136] 8 | _ _ _ 0 9 1 _ 11 _ _ 1 _ 
[00264137] 7 | 3 10 _ 0 9 1 _ 11 _ _ 1 _ 
[00264138] 7 | 10 3 _ 0 9 1 _ 11 _ _ 1 _ 
[00264139] 6 | 10 3 9 0 9 1 _ 11 _ _ 1 _ 
[00264140] 5 | 10 3 9 0 9 1 _ 11 6 _ 1 _ 
[00264141] 4 | 10 3 9 0 9 1 _ 11 6 2 1 _ 
[00264142] 5 | 10 3 9 0 9 1 _ 11 2 7 1 _ 
[00264143] 5 | 10 3 9 0 9 1 _ 11 7 2 1 _ 
[00264144] 6 | 10 3 _ 0 9 1 3 11 _ _ 1 _ 
[00264145] 5 | 10 3 _ 0 9 1 3 11 6 _ 1 _ 
[00264146] 4 | 10 3 _ 0 9 1 3 11 6 2 1 _ 
[00264147] 5 | 10 3 _ 0 9 1 3 11 2 7 1 _ 
[00264148] 5 | 10 3 _ 0 9 1 3 11 7 2 1 _ 
[00264149] 6 | 10 3 _ 0 9 1 _ 11 5 _ 1 _ 
[00264150] 5 | 10 3 8 0 9 1 _ 11 5 _ 1 _ 
[00264151] 4 | 10 3 8 0 9 1 5 11 5 _ 1 _ 
[00264152] 4 | 10 3 8 0 9 1 _ 11 5 9 1 _ 
[00264153] 5 | 10 3 _ 0 9 1 4 11 5 _ 1 _ 
[00264154] 4 | 10 3 7 0 9 1 4 11 5 _ 1 _ 
[00264155] 3 | 10 3 7 0 9 1 4 11 5 2 1 _ 
[00264156] 3 | 10 3 7 0 9 1 4 11 5 8 1 _ 
[00264157] 6 | 10 3 _ 0 9 1 _ 11 2 8 1 _ 
[00264158] 5 | 10 3 _ 0 9 1 4 11 2 8 1 _ 
[00264159] 4 | 10 3 7 0 9 1 4 11 2 8 1 _ 
[00264160] 6 | 10 3 _ 0 9 1 _ 11 8 2 1 _ 
[00264161] 5 | 10 3 _ 0 9 1 4 11 8 2 1 _ 
[00264162] 4 | 10 3 7 0 9 1 4 11 8 2 1 _ 
[00264163] 7 | _ 3 10 0 9 1 _ 11 _ _ 1 _ 
[00264164] 6 | 9 3 10 0 9 1 _ 11 _ _ 1 _ 
[00264165] 5 | 9 3 10 0 9 1 _ 11 6 _ 1 _ 
[00264166] 4 | 9 3 10 0 9 1 _ 11 6 2 1 _ 
[00264167] 5 | 9 3 10 0 9 1 _ 11 2 7 1 _ 
[00264168] 5 | 9 3 10 0 9 1 _ 11 7 2 1 _ 
[00264169] 6 | _ 3 10 0 9 1 3 11 _ _ 1 _ 
[00264170] 5 | _ 3 10 0 9 1 3 11 6 _ 1 _ 
[00264171] 4 | _ 3 10 0 9 1 3 11 6 2 1 _ 
[00264172] 5 | _ 3 10 0 9 1 3 11 2 7 1 _ 
[00264173] 5 | _ 3 10 0 9 1 3 11 7 2 1 _ 
[00264174] 6 | _ 3 10 0 9 1 _ 11 5 _ 1 _ 
[00264175] 5 | 8 3 10 0 9 1 _ 11 5 _ 1 _ 
[00264176] 4 | 8 3 10 0 9 1 5 11 5 _ 1 _ 
[00264177] 4 | 8 3 10 0 9 1 _ 11 5 9 1 _ 
[00264178] 5 | _ 3 10 0 9 1 4 11 5 _ 1 _ 
[00264179] 4 | 7 3 10 0 9 1 4 11 5 _ 1 _ 
[00264180] 3 | 7 3 10 0 9 1 4 11 5 2 1 _ 
[00264181] 3 | 7 3 10 0 9 1 4 11 5 8 1 _ 
[00264182] 6 | _ 3 10 0 9 1 _ 11 2 8 1 _ 
[00264183] 5 | _ 3 10 0 9 1 4 11 2 8 1 _ 
[00264184] 4 | 7 3 10 0 9 1 4 11 2 8 1 _ 
[00264185] 6 | _ 3 10 0 9 1 _ 11 8 2 1 _ 
[00264186] 5 | _ 3 10 0 9 1 4 11 8 2 1 _ 
[00264187] 4 | 7 3 10 0 9 1 4 11 8 2 1 _ 
[00264188] 7 | _ 10 3 0 9 1 _ 11 _ _ 1 _ 
[00264189] 7 | _ 7 _ 0 9 1 _ 11 _ _ 1 _ 
[00264190] 6 | _ 7 _ 0 9 1 3 11 _ _ 1 _ 
[00264191] 5 | 2 7 _ 0 9 1 3 11 _ _ 1 _ 
[00264192] 4 | 2 7 11 0 9 1 3 11 _ _ 1 _ 
[00264193] 3 | 2 7 11 0 9 1 3 11 5 8 1 _ 
[00264194] 3 | 2 7 11 0 9 1 3 11 8 5 1 _ 
[00264195] 4 | 2 7 _ 0 9 1 3 11 7 _ 1 _ 
[00264196] 3 | 2 7 4 0 9 1 3 11 7 _ 1 _ 
[00264197] 3 | 2 7 10 0 9 1 3 11 7 _ 1 _ 
[00264198] 3 | 2 7 _ 0 9 1 3 11 7 4 1 _ 
[00264199] 3 | 2 7 _ 0 9 1 3 11 7 10 1 _ 
[00264200] 4 | 2 7 _ 0 9 1 3 11 4 8 1 _ 
[00264201] 3 | 2 7 10 0 9 1 3 11 4 8 1 _ 
[00264202] 4 | 2 7 _ 0 9 1 3 11 6 10 1 _ 
[00264203] 3 | 2 7 4 0 9 1 3 11 6 10 1 _ 
[00264204] 4 | 2 7 _ 0 9 1 3 11 8 4 1 _ 
[00264205] 3 | 2 7 10 0 9 1 3 11 8 4 1 _ 
[00264206] 4 | 2 7 _ 0 9 1 3 11 10 6 1 _ 
[00264207] 3 | 2 7 4 0 9 1 3 11 10 6 1 _ 
[00264208] 5 | _ 7 2 0 9 1 3 11 _ _ 1 _ 
[00264209] 4 | 11 7 2 0 9 1 3 11 _ _ 1 _ 
[00264210] 3 | 11 7 2 0 9 1 3 11 5 8 1 _ 
[00264211] 3 | 11 7 2 0 9 1 3 11 8 5 1 _ 
[00264212] 4 | _ 7 2 0 9 1 3 11 7 _ 1 _ 
[00264213] 3 | 4 7 2 0 9 1 3 11 7 _ 1 _ 
[00264214] 3 | 10 7 2 0 9 1 3 11 7 _ 1 _ 
[00264215] 3 | _ 7 2 0 9 1 3 11 7 4 1 _ 
[00264216] 3 | _ 7 2 0 9 1 3 11 7 10 1 _ 
[00264217] 4 | _ 7 2 0 9 1 3 11 4 8 1 _ 
[00264218] 3 | 10 7 2 0 9 1 3 11 4 8 1 _ 
[00264219] 4 | _ 7 2 0 9 1 3 11 6 10 1 _ 
[00264220] 3 | 4 7 2 0 9 1 3 11 6 10 1 _ 
[00264221] 4 | _ 7 2 0 9 1 3 11 8 4 1 _ 
[00264222] 3 | 10 7 2 0 9 1 3 11 8 4 1 _ 
[00264223] 4 | _ 7 2 0 9 1 3 11 10 6 1 _ 
[00264224] 3 | 4 7 2 0 9 1 3 11 10 6 1 _ 
[00264225] 5 | _ 7 _ 0 9 1 3 11 6 _ 1 _ 
[00264226] 4 | _ 7 _ 0 9 1 3 11 6 2 1 _ 
[00264227] 3 | 4 7 _ 0 9 1 3 11 6 2 1 _ 
[00264228] 2 | 4 7 5 0 9 1 3 11 6 2 1 _ 
[00264229] 3 | 10 7 _ 0 9 1 3 11 6 2 1 _ 
[00264230] 2 | 10 7 5 0 9 1 3 11 6 2 1 _ 
[00264231] 3 | _ 7 4 0 9 1 3 11 6 2 1 _ 
[00264232] 2 | 5 7 4 0 9 1 3 11 6 2 1 _ 
[00264233] 3 | _ 7 10 0 9 1 3 11 6 2 1 _ 
[00264234] 2 | 5 7 10 0 9 1 3 11 6 2 1 _ 
[00264235] 4 | _ 7 _ 0 9 1 3 11 6 10 1 _ 
[00264236] 3 | 4 7 _ 0 9 1 3 11 6 10 1 _ 
[00264237] 2 | 4 7 5 0 9 1 3 11 6 10 1 _ 
[00264238] 3 | _ 7 4 0 9 1 3 11 6 10 1 _ 
[00264239] 2 | 5 7 4 0 9 1 3 11 6 10 1 _ 
[00264240] 5 | _ 7 _ 0 9 1 3 11 5 10 1 _ 
[00264241] 5 | _ 7 _ 0 9 1 3 11 10 5 1 _ 
[00264242] 6 | _ 7 _ 0 9 1 _ 11 5 _ 1 _ 
[00264243] 5 | 2 7 _ 0 9 1 _ 11 5 _ 1 _ 
[00264244] 4 | 2 7 3 0 9 1 _ 11 5 _ 1 _ 
[00264245] 3 | 2 7 3 0 9 1 6 11 5 _ 1 _ 
[00264246] 3 | 2 7 3 0 9 1 _ 11 5 8 1 _ 
[00264247] 4 | 2 7 _ 0 9 1 5 11 5 _ 1 _ 
[00264248] 3 | 2 7 4 0 9 1 5 11 5 _ 1 _ 
[00264249] 3 | 2 7 10 0 9 1 5 11 5 _ 1 _ 
[00264250] 4 | 2 7 _ 0 9 1 _ 11 5 9 1 _ 
[00264251] 3 | 2 7 4 0 9 1 _ 11 5 9 1 _ 
[00264252] 3 | 2 7 10 0 9 1 _ 11 5 9 1 _ 
[00264253] 5 | _ 7 2 0 9 1 _ 11 5 _ 1 _ 
[00264254] 4 | 3 7 2 0 9 1 _ 11 5 _ 1 _ 
[00264255] 3 | 3 7 2 0 9 1 6 11 5 _ 1 _ 
[00264256] 3 | 3 7 2 0 9 1 _ 11 5 8 1 _ 
[00264257] 4 | _ 7 2 0 9 1 5 11 5 _ 1 _ 
[00264258] 3 | 4 7 2 0 9 1 5 11 5 _ 1 _ 
[00264259] 3 | 10 7 2 0 9 1 5 11 5 _ 1 _ 
[00264260] 4 | _ 7 2 0 9 1 _ 11 5 9 1 _ 
[00264261] 3 | 4 7 2 0 9 1 _ 11 5 9 1 _ 
[00264262] 3 | 10 7 2 0 9 1 _ 11 5 9 1 _ 
[00264263] 5 | _ 7 _ 0 9 1 4 11 5 _ 1 _ 
[00264264] 4 | 3 7 _ 0 9 1 4 11 5 _ 1 _ 
[00264265] 3 | 3 7 10 0 9 1 4 11 5 _ 1 _ 
[00264266] 3 | 3 7 _ 0 9 1 4 11 5 2 1 _ 
[00264267] 3 | 3 7 _ 0 9 1 4 11 5 8 1 _ 
[00264268] 4 | _ 7 3 0 9 1 4 11 5 _ 1 _ 
[00264269] 3 | 10 7 3 0 9 1 4 11 5 _ 1 _ 
[00264270] 3 | _ 7 3 0 9 1 4 11 5 2 1 _ 
[00264271] 3 | _ 7 3 0 9 1 4 11 5 8 1 _ 
[00264272] 5 | _ 7 _ 0 9 1 _ 11 5 10 1 _ 
[00264273] 4 | 3 7 _ 0 9 1 _ 11 5 10 1 _ 
[00264274] 3 | 3 7 4 0 9 1 _ 11 5 10 1 _ 
[00264275] 3 | 3 7 _ 0 9 1 6 11 5 10 1 _ 
[00264276] 4 | _ 7 3 0 9 1 _ 11 5 10 1 _ 
[00264277] 3 | 4 7 3 0 9 1 _ 11 5 10 1 _ 
[00264278] 3 | _ 7 3 0 9 1 6 11 5 10 1 _ 
[00264279] 6 | _ 7 _ 0 9 1 _ 11 2 8 1 _ 
[00264280] 5 | _ 7 _ 0 9 1 4 11 2 8 1 _ 
[00264281] 4 | 3 7 _ 0 9 1 4 11 2 8 1 _ 
[00264282] 3 | 3 7 10 0 9 1 4 11 2 8 1 _ 
[00264283] 4 | _ 7 3 0 9 1 4 11 2 8 1 _ 
[00264284] 3 | 10 7 3 0 9 1 4 11 2 8 1 _ 
[00264285] 6 | _ 7 _ 0 9 1 _ 11 4 10 1 _ 
[00264286] 5 | 2 7 _ 0 9 1 _ 11 4 10 1 _ 
[00264287] 4 | 2 7 3 0 9 1 _ 11 4 10 1 _ 
[00264288] 3 | 2 7 3 0 9 1 6 11 4 10 1 _ 
[00264289] 4 | 2 7 _ 0 9 1 5 11 4 10 1 _ 
[00264290] 5 | _ 7 2 0 9 1 _ 11 4 10 1 _ 
[00264291] 4 | 3 7 2 0 9 1 _ 11 4 10 1 _ 
[00264292] 3 | 3 7 2 0 9 1 6 11 4 10 1 _ 
[00264293] 4 | _ 7 2 0 9 1 5 11 4 10 1 _ 
[00264294] 6 | _ 7 _ 0 9 1 _ 11 8 2 1 _ 
[00264295] 5 | _ 7 _ 0 9 1 4 11 8 2 1 _ 
[00264296] 4 | 3 7 _ 0 9 1 4 11 8 2 1 _ 
[00264297] 3 | 3 7 10 0 9 1 4 11 8 2 1 _ 
[00264298] 4 | _ 7 3 0 9 1 4 11 8 2 1 _ 
[00264299] 3 | 10 7 3 0 9 1 4 11 8 2 1 _ 
[00264300] 6 | _ 7 _ 0 9 1 _ 11 10 4 1 _ 
[00264301] 5 | 2 7 _ 0 9 1 _ 11 10 4 1 _ 
[00264302] 4 | 2 7 3 0 9 1 _ 11 10 4 1 _ 
[00264303] 3 | 2 7 3 0 9 1 6 11 10 4 1 _ 
[00264304] 4 | 2 7 _ 0 9 1 5 11 10 4 1 _ 
[00264305] 5 | _ 7 2 0 9 1 _ 11 10 4 1 _ 
[00264306] 4 | 3 7 2 0 9 1 _ 11 10 4 1 _ 
[00264307] 3 | 3 7 2 0 9 1 6 11 10 4 1 _ 
[00264308] 4 | _ 7 2 0 9 1 5 11 10 4 1 _ 
[00264309] 7 | _ _ _ 0 9 1 2 11 _ _ 1 _ 
[00264310] 6 | 4 10 _ 0 9 1 2 11 _ _ 1 _ 
[00264311] 6 | 10 4 _ 0 9 1 2 11 _ _ 1 _ 
[00264312] 5 | 10 4 _ 0 9 1 2 11 6 _ 1 _ 
[00264313] 4 | 10 4 8 0 9 1 2 11 6 _ 1 _ 
[00264314] 3 | 10 4 8 0 9 1 2 11 6 3 1 _ 
[00264315] 5 | 10 4 _ 0 9 1 2 11 3 8 1 _ 
[00264316] 5 | 10 4 _ 0 9 1 2 11 8 3 1 _ 
[00264317] 6 | _ 4 10 0 9 1 2 11 _ _ 1 _ 
[00264318] 5 | _ 4 10 0 9 1 2 11 6 _ 1 _ 
[00264319] 4 | 8 4 10 0 9 1 2 11 6 _ 1 _ 
[00264320] 3 | 8 4 10 0 9 1 2 11 6 3 1 _ 
[00264321] 5 | _ 4 10 0 9 1 2 11 3 8 1 _ 
[00264322] 5 | _ 4 10 0 9 1 2 11 8 3 1 _ 
[00264323] 6 | _ 10 4 0 9 1 2 11 _ _ 1 _ 
[00264324] 6 | _ 6 _ 0 9 1 2 11 _ _ 1 _ 
[00264325] 5 | 11 6 _ 0 9 1 2 11 _ _ 1 _ 
[00264326] 4 | 11 6 10 0 9 1 2 11 _ _ 1 _ 
[00264327] 3 | 11 6 10 0 9 1 2 11 4 7 1 _ 
[00264328] 3 | 11 6 10 0 9 1 2 11 5 8 1 _ 
[00264329] 3 | 11 6 10 0 9 1 2 11 7 4 1 _ 
[00264330] 3 | 11 6 10 0 9 1 2 11 8 5 1 _ 
[00264331] 4 | 11 6 _ 0 9 1 2 11 3 7 1 _ 
[00264332] 4 | 11 6 _ 0 9 1 2 11 4 8 1 _ 
[00264333] 3 | 11 6 3 0 9 1 2 11 4 8 1 _ 
[00264334] 4 | 11 6 _ 0 9 1 2 11 7 3 1 _ 
[00264335] 4 | 11 6 _ 0 9 1 2 11 8 4 1 _ 
[00264336] 3 | 11 6 3 0 9 1 2 11 8 4 1 _ 
[00264337] 5 | _ 6 11 0 9 1 2 11 _ _ 1 _ 
[00264338] 4 | 10 6 11 0 9 1 2 11 _ _ 1 _ 
[00264339] 3 | 10 6 11 0 9 1 2 11 4 7 1 _ 
[00264340] 3 | 10 6 11 0 9 1 2 11 5 8 1 _ 
[00264341] 3 | 10 6 11 0 9 1 2 11 7 4 1 _ 
[00264342] 3 | 10 6 11 0 9 1 2 11 8 5 1 _ 
[00264343] 4 | _ 6 11 0 9 1 2 11 3 7 1 _ 
[00264344] 4 | _ 6 11 0 9 1 2 11 4 8 1 _ 
[00264345] 3 | 3 6 11 0 9 1 2 11 4 8 1 _ 
[00264346] 4 | _ 6 11 0 9 1 2 11 7 3 1 _ 
[00264347] 4 | _ 6 11 0 9 1 2 11 8 4 1 _ 
[00264348] 3 | 3 6 11 0 9 1 2 11 8 4 1 _ 
[00264349] 5 | _ 6 _ 0 9 1 2 11 6 _ 1 _ 
[00264350] 4 | 10 6 _ 0 9 1 2 11 6 _ 1 _ 
[00264351] 3 | 10 6 3 0 9 1 2 11 6 _ 1 _ 
[00264352] 3 | 10 6 _ 0 9 1 2 11 6 3 1 _ 
[00264353] 4 | _ 6 10 0 9 1 2 11 6 _ 1 _ 
[00264354] 3 | 3 6 10 0 9 1 2 11 6 _ 1 _ 
[00264355] 3 | _ 6 10 0 9 1 2 11 6 3 1 _ 
[00264356] 4 | _ 6 _ 0 9 1 2 11 6 10 1 _ 
[00264357] 5 | _ 6 _ 0 9 1 2 11 3 8 1 _ 
[00264358] 4 | 10 6 _ 0 9 1 2 11 3 8 1 _ 
[00264359] 4 | _ 6 10 0 9 1 2 11 3 8 1 _ 
[00264360] 5 | _ 6 _ 0 9 1 2 11 5 10 1 _ 
[00264361] 5 | _ 6 _ 0 9 1 2 11 8 3 1 _ 
[00264362] 4 | 10 6 _ 0 9 1 2 11 8 3 1 _ 
[00264363] 4 | _ 6 10 0 9 1 2 11 8 3 1 _ 
[00264364] 5 | _ 6 _ 0 9 1 2 11 10 5 1 _ 
[00264365] 6 | _ _ _ 0 9 1 2 11 5 _ 1 _ 
[00264366] 5 | 3 8 _ 0 9 1 2 11 5 _ 1 _ 
[00264367] 5 | 8 3 _ 0 9 1 2 11 5 _ 1 _ 
[00264368] 4 | 8 3 7 0 9 1 2 11 5 _ 1 _ 
[00264369] 5 | _ 3 8 0 9 1 2 11 5 _ 1 _ 
[00264370] 4 | 7 3 8 0 9 1 2 11 5 _ 1 _ 
[00264371] 5 | _ 8 3 0 9 1 2 11 5 _ 1 _ 
[00264372] 5 | _ 5 _ 0 9 1 2 11 5 _ 1 _ 
[00264373] 5 | _ _ _ 0 9 1 2 11 5 0 1 _ 
[00264374] 4 | 3 7 _ 0 9 1 2 11 5 0 1 _ 
[00264375] 4 | 4 8 _ 0 9 1 2 11 5 0 1 _ 
[00264376] 4 | 6 10 _ 0 9 1 2 11 5 0 1 _ 
[00264377] 4 | 7 3 _ 0 9 1 2 11 5 0 1 _ 
[00264378] 3 | 7 3 6 0 9 1 2 11 5 0 1 _ 
[00264379] 4 | 8 4 _ 0 9 1 2 11 5 0 1 _ 
[00264380] 4 | 10 6 _ 0 9 1 2 11 5 0 1 _ 
[00264381] 4 | _ 3 7 0 9 1 2 11 5 0 1 _ 
[00264382] 3 | 6 3 7 0 9 1 2 11 5 0 1 _ 
[00264383] 4 | _ 4 8 0 9 1 2 11 5 0 1 _ 
[00264384] 4 | _ 6 10 0 9 1 2 11 5 0 1 _ 
[00264385] 4 | _ 7 3 0 9 1 2 11 5 0 1 _ 
[00264386] 4 | _ 8 4 0 9 1 2 11 5 0 1 _ 
[00264387] 4 | _ 10 6 0 9 1 2 11 5 0 1 _ 
[00264388] 5 | _ _ _ 0 9 1 2 11 5 10 1 _ 
[00264389] 4 | 3 7 _ 0 9 1 2 11 5 10 1 _ 
[00264390] 4 | 4 8 _ 0 9 1 2 11 5 10 1 _ 
[00264391] 4 | 7 3 _ 0 9 1 2 11 5 10 1 _ 
[00264392] 3 | 7 3 6 0 9 1 2 11 5 10 1 _ 
[00264393] 4 | 8 4 _ 0 9 1 2 11 5 10 1 _ 
[00264394] 4 | _ 3 7 0 9 1 2 11 5 10 1 _ 
[00264395] 3 | 6 3 7 0 9 1 2 11 5 10 1 _ 
[00264396] 4 | _ 4 8 0 9 1 2 11 5 10 1 _ 
[00264397] 4 | _ 7 3 0 9 1 2 11 5 10 1 _ 
[00264398] 4 | _ 8 4 0 9 1 2 11 5 10 1 _ 
[00264399] 4 | _ 4 _ 0 9 1 2 11 5 10 1 _ 
[00264400] 3 | 7 4 _ 0 9 1 2 11 5 10 1 _ 
[00264401] 2 | 7 4 6 0 9 1 2 11 5 10 1 _ 
[00264402] 3 | _ 4 7 0 9 1 2 11 5 10 1 _ 
[00264403] 2 | 6 4 7 0 9 1 2 11 5 10 1 _ 
[00264404] 6 | _ _ _ 0 9 1 2 11 4 10 1 _ 
[00264405] 5 | 3 8 _ 0 9 1 2 11 4 10 1 _ 
[00264406] 5 | 8 3 _ 0 9 1 2 11 4 10 1 _ 
[00264407] 4 | 8 3 7 0 9 1 2 11 4 10 1 _ 
[00264408] 5 | _ 3 8 0 9 1 2 11 4 10 1 _ 
[00264409] 4 | 7 3 8 0 9 1 2 11 4 10 1 _ 
[00264410] 5 | _ 8 3 0 9 1 2 11 4 10 1 _ 
[00264411] 5 | _ 5 _ 0 9 1 2 11 4 10 1 _ 
[00264412] 6 | _ _ _ 0 9 1 2 11 10 4 1 _ 
[00264413] 5 | 3 8 _ 0 9 1 2 11 10 4 1 _ 
[00264414] 5 | 8 3 _ 0 9 1 2 11 10 4 1 _ 
[00264415] 4 | 8 3 7 0 9 1 2 11 10 4 1 _ 
[00264416] 5 | _ 3 8 0 9 1 2 11 10 4 1 _ 
[00264417] 4 | 7 3 8 0 9 1 2 11 10 4 1 _ 
[00264418] 5 | _ 8 3 0 9 1 2 11 10 4 1 _ 
[00264419] 5 | _ 5 _ 0 9 1 2 11 10 4 1 _ 
[00264420] 7 | _ _ _ 0 9 1 _ 11 4 _ 1 _ 
[00264421] 6 | 2 8 _ 0 9 1 _ 11 4 _ 1 _ 
[00264422] 6 | 8 2 _ 0 9 1 _ 11 4 _ 1 _ 
[00264423] 5 | 8 2 7 0 9 1 _ 11 4 _ 1 _ 
[00264424] 4 | 8 2 7 0 9 1 5 11 4 _ 1 _ 
[00264425] 5 | 8 2 _ 0 9 1 4 11 4 _ 1 _ 
[00264426] 4 | 8 2 6 0 9 1 4 11 4 _ 1 _ 
[00264427] 5 | 8 2 _ 0 9 1 _ 11 4 9 1 _ 
[00264428] 4 | 8 2 6 0 9 1 _ 11 4 9 1 _ 
[00264429] 6 | _ 2 8 0 9 1 _ 11 4 _ 1 _ 
