[00108038] 3 | 1 10 _ 0 11 7 4 8 3 _ 2 5 
[00108039] 4 | 1 10 _ 0 11 _ 4 8 3 7 2 _ 
[00108040] 3 | 1 10 _ 0 11 _ 4 8 3 7 2 5 
[00108041] 2 | 1 10 _ 0 11 9 4 8 3 7 2 5 
[00108042] 4 | 1 10 _ 0 11 _ 4 8 3 _ 2 6 
[00108043] 3 | 1 10 7 0 11 _ 4 8 3 _ 2 6 
[00108044] 2 | 1 10 7 0 11 9 4 8 3 _ 2 6 
[00108045] 2 | 1 10 7 0 11 _ 4 8 3 5 2 6 
[00108046] 5 | 1 10 _ 0 11 _ 4 8 _ _ 2 7 
[00108047] 4 | 1 10 6 0 11 _ 4 8 _ _ 2 7 
[00108048] 3 | 1 10 6 0 11 8 4 8 _ _ 2 7 
[00108049] 2 | 1 10 6 0 11 8 4 8 3 5 2 7 
[00108050] 2 | 1 10 6 0 11 8 4 8 5 3 2 7 
[00108051] 3 | 1 10 6 0 11 _ 4 8 5 _ 2 7 
[00108052] 2 | 1 10 6 0 11 9 4 8 5 _ 2 7 
[00108053] 2 | 1 10 6 0 11 _ 4 8 5 3 2 7 
[00108054] 3 | 1 10 6 0 11 _ 4 8 11 _ 2 7 
[00108055] 2 | 1 10 6 0 11 9 4 8 11 _ 2 7 
[00108056] 2 | 1 10 6 0 11 _ 4 8 11 9 2 7 
[00108057] 4 | 1 10 _ 0 11 _ 4 8 5 9 2 7 
[00108058] 4 | 1 10 _ 0 11 _ 4 8 9 5 2 7 
[00108059] 6 | 1 10 _ 0 11 _ 4 8 _ _ 3 9 
[00108060] 5 | 1 10 5 0 11 _ 4 8 _ _ 3 9 
[00108061] 4 | 1 10 5 0 11 7 4 8 _ _ 3 9 
[00108062] 4 | 1 10 5 0 11 _ 4 8 2 6 3 9 
[00108063] 4 | 1 10 5 0 11 _ 4 8 6 2 3 9 
[00108064] 5 | 1 10 _ 0 11 6 4 8 _ _ 3 9 
[00108065] 5 | 1 10 _ 0 11 _ 4 8 2 7 3 9 
[00108066] 4 | 1 10 6 0 11 _ 4 8 2 7 3 9 
[00108067] 5 | 1 10 _ 0 11 _ 4 8 7 2 3 9 
[00108068] 4 | 1 10 6 0 11 _ 4 8 7 2 3 9 
[00108069] 6 | 1 10 _ 0 11 _ 4 8 _ _ 9 3 
[00108070] 5 | 1 10 5 0 11 _ 4 8 _ _ 9 3 
[00108071] 4 | 1 10 5 0 11 7 4 8 _ _ 9 3 
[00108072] 4 | 1 10 5 0 11 _ 4 8 2 6 9 3 
[00108073] 4 | 1 10 5 0 11 _ 4 8 6 2 9 3 
[00108074] 5 | 1 10 _ 0 11 6 4 8 _ _ 9 3 
[00108075] 5 | 1 10 _ 0 11 _ 4 8 2 7 9 3 
[00108076] 4 | 1 10 6 0 11 _ 4 8 2 7 9 3 
[00108077] 5 | 1 10 _ 0 11 _ 4 8 7 2 9 3 
[00108078] 4 | 1 10 6 0 11 _ 4 8 7 2 9 3 
[00108079] 7 | 1 10 _ 0 11 _ _ 8 2 9 _ _ 
[00108080] 6 | 1 10 4 0 11 _ _ 8 2 9 _ _ 
[00108081] 5 | 1 10 4 0 11 6 _ 8 2 9 _ _ 
[00108082] 4 | 1 10 4 0 11 6 7 8 2 9 _ _ 
[00108083] 3 | 1 10 4 0 11 6 7 8 2 9 5 _ 
[00108084] 2 | 1 10 4 0 11 6 7 8 2 9 5 3 
[00108085] 4 | 1 10 4 0 11 6 _ 8 2 9 3 7 
[00108086] 4 | 1 10 4 0 11 6 _ 8 2 9 7 3 
[00108087] 5 | 1 10 4 0 11 _ 6 8 2 9 _ _ 
[00108088] 4 | 1 10 4 0 11 7 6 8 2 9 _ _ 
[00108089] 3 | 1 10 4 0 11 7 6 8 2 9 5 _ 
[00108090] 2 | 1 10 4 0 11 7 6 8 2 9 5 3 
[00108091] 4 | 1 10 4 0 11 _ 6 8 2 9 3 7 
[00108092] 4 | 1 10 4 0 11 _ 6 8 2 9 7 3 
[00108093] 5 | 1 10 4 0 11 _ _ 8 2 9 3 _ 
[00108094] 4 | 1 10 4 0 11 7 _ 8 2 9 3 _ 
[00108095] 3 | 1 10 4 0 11 7 _ 8 2 9 3 6 
[00108096] 4 | 1 10 4 0 11 _ 7 8 2 9 3 _ 
[00108097] 3 | 1 10 4 0 11 _ 7 8 2 9 3 6 
[00108098] 4 | 1 10 4 0 11 _ _ 8 2 9 3 7 
[00108099] 6 | 1 10 _ 0 11 5 _ 8 2 9 _ _ 
[00108100] 5 | 1 10 _ 0 11 5 6 8 2 9 _ _ 
[00108101] 4 | 1 10 _ 0 11 5 6 8 2 9 4 _ 
[00108102] 3 | 1 10 7 0 11 5 6 8 2 9 4 _ 
[00108103] 3 | 1 10 _ 0 11 5 6 8 2 9 4 7 
[00108104] 4 | 1 10 _ 0 11 5 6 8 2 9 3 7 
[00108105] 4 | 1 10 _ 0 11 5 6 8 2 9 7 3 
[00108106] 5 | 1 10 _ 0 11 5 _ 8 2 9 3 _ 
[00108107] 4 | 1 10 6 0 11 5 _ 8 2 9 3 _ 
[00108108] 4 | 1 10 _ 0 11 5 7 8 2 9 3 _ 
[00108109] 3 | 1 10 _ 0 11 5 7 8 2 9 3 6 
[00108110] 4 | 1 10 _ 0 11 5 _ 8 2 9 3 7 
[00108111] 6 | 1 10 _ 0 11 _ 5 8 2 9 _ _ 
[00108112] 5 | 1 10 _ 0 11 6 5 8 2 9 _ _ 
[00108113] 4 | 1 10 _ 0 11 6 5 8 2 9 4 _ 
[00108114] 3 | 1 10 7 0 11 6 5 8 2 9 4 _ 
[00108115] 3 | 1 10 _ 0 11 6 5 8 2 9 4 7 
[00108116] 4 | 1 10 _ 0 11 6 5 8 2 9 3 7 
[00108117] 4 | 1 10 _ 0 11 6 5 8 2 9 7 3 
[00108118] 5 | 1 10 _ 0 11 _ 5 8 2 9 3 _ 
[00108119] 4 | 1 10 6 0 11 _ 5 8 2 9 3 _ 
[00108120] 4 | 1 10 _ 0 11 7 5 8 2 9 3 _ 
[00108121] 3 | 1 10 _ 0 11 7 5 8 2 9 3 6 
[00108122] 4 | 1 10 _ 0 11 _ 5 8 2 9 3 7 
[00108123] 7 | 1 10 _ 0 11 _ _ 8 9 2 _ _ 
[00108124] 6 | 1 10 4 0 11 _ _ 8 9 2 _ _ 
[00108125] 5 | 1 10 4 0 11 6 _ 8 9 2 _ _ 
[00108126] 4 | 1 10 4 0 11 6 7 8 9 2 _ _ 
[00108127] 3 | 1 10 4 0 11 6 7 8 9 2 5 _ 
[00108128] 2 | 1 10 4 0 11 6 7 8 9 2 5 3 
[00108129] 1 | 1 10 4 0 11 6 7 8 9 2 5 3  *Graceful*
[00108129] 4 | 1 10 4 0 11 6 _ 8 9 2 3 7 
[00108130] 4 | 1 10 4 0 11 6 _ 8 9 2 7 3 
[00108131] 5 | 1 10 4 0 11 _ 6 8 9 2 _ _ 
[00108132] 4 | 1 10 4 0 11 7 6 8 9 2 _ _ 
[00108133] 3 | 1 10 4 0 11 7 6 8 9 2 5 _ 
[00108134] 2 | 1 10 4 0 11 7 6 8 9 2 5 3 
[00108135] 1 | 1 10 4 0 11 7 6 8 9 2 5 3  *Graceful*
[00108135] 4 | 1 10 4 0 11 _ 6 8 9 2 3 7 
[00108136] 4 | 1 10 4 0 11 _ 6 8 9 2 7 3 
[00108137] 5 | 1 10 4 0 11 _ _ 8 9 2 3 _ 
[00108138] 4 | 1 10 4 0 11 7 _ 8 9 2 3 _ 
[00108139] 3 | 1 10 4 0 11 7 _ 8 9 2 3 6 
[00108140] 4 | 1 10 4 0 11 _ 7 8 9 2 3 _ 
[00108141] 3 | 1 10 4 0 11 _ 7 8 9 2 3 6 
[00108142] 4 | 1 10 4 0 11 _ _ 8 9 2 3 7 
[00108143] 6 | 1 10 _ 0 11 5 _ 8 9 2 _ _ 
[00108144] 5 | 1 10 _ 0 11 5 6 8 9 2 _ _ 
[00108145] 4 | 1 10 _ 0 11 5 6 8 9 2 4 _ 
[00108146] 3 | 1 10 7 0 11 5 6 8 9 2 4 _ 
[00108147] 3 | 1 10 _ 0 11 5 6 8 9 2 4 7 
[00108148] 4 | 1 10 _ 0 11 5 6 8 9 2 3 7 
[00108149] 4 | 1 10 _ 0 11 5 6 8 9 2 7 3 
[00108150] 5 | 1 10 _ 0 11 5 _ 8 9 2 3 _ 
[00108151] 4 | 1 10 6 0 11 5 _ 8 9 2 3 _ 
[00108152] 4 | 1 10 _ 0 11 5 7 8 9 2 3 _ 
[00108153] 3 | 1 10 _ 0 11 5 7 8 9 2 3 6 
[00108154] 4 | 1 10 _ 0 11 5 _ 8 9 2 3 7 
[00108155] 6 | 1 10 _ 0 11 _ 5 8 9 2 _ _ 
[00108156] 5 | 1 10 _ 0 11 6 5 8 9 2 _ _ 
[00108157] 4 | 1 10 _ 0 11 6 5 8 9 2 4 _ 
[00108158] 3 | 1 10 7 0 11 6 5 8 9 2 4 _ 
[00108159] 3 | 1 10 _ 0 11 6 5 8 9 2 4 7 
[00108160] 4 | 1 10 _ 0 11 6 5 8 9 2 3 7 
[00108161] 4 | 1 10 _ 0 11 6 5 8 9 2 7 3 
[00108162] 5 | 1 10 _ 0 11 _ 5 8 9 2 3 _ 
[00108163] 4 | 1 10 6 0 11 _ 5 8 9 2 3 _ 
[00108164] 4 | 1 10 _ 0 11 7 5 8 9 2 3 _ 
[00108165] 3 | 1 10 _ 0 11 7 5 8 9 2 3 6 
[00108166] 4 | 1 10 _ 0 11 _ 5 8 9 2 3 7 
[00108167] 7 | 1 10 _ 0 11 _ _ 8 _ _ 2 9 
[00108168] 6 | 1 10 4 0 11 _ _ 8 _ _ 2 9 
[00108169] 5 | 1 10 4 0 11 6 _ 8 _ _ 2 9 
[00108170] 4 | 1 10 4 0 11 6 7 8 _ _ 2 9 
[00108171] 3 | 1 10 4 0 11 6 7 8 5 _ 2 9 
[00108172] 2 | 1 10 4 0 11 6 7 8 5 3 2 9 
[00108173] 4 | 1 10 4 0 11 6 _ 8 3 7 2 9 
[00108174] 4 | 1 10 4 0 11 6 _ 8 7 3 2 9 
[00108175] 5 | 1 10 4 0 11 _ 6 8 _ _ 2 9 
[00108176] 4 | 1 10 4 0 11 7 6 8 _ _ 2 9 
[00108177] 3 | 1 10 4 0 11 7 6 8 5 _ 2 9 
[00108178] 2 | 1 10 4 0 11 7 6 8 5 3 2 9 
[00108179] 4 | 1 10 4 0 11 _ 6 8 3 7 2 9 
[00108180] 4 | 1 10 4 0 11 _ 6 8 7 3 2 9 
[00108181] 5 | 1 10 4 0 11 _ _ 8 3 _ 2 9 
[00108182] 4 | 1 10 4 0 11 7 _ 8 3 _ 2 9 
[00108183] 3 | 1 10 4 0 11 7 _ 8 3 6 2 9 
[00108184] 4 | 1 10 4 0 11 _ 7 8 3 _ 2 9 
[00108185] 3 | 1 10 4 0 11 _ 7 8 3 6 2 9 
[00108186] 4 | 1 10 4 0 11 _ _ 8 3 7 2 9 
[00108187] 6 | 1 10 _ 0 11 5 _ 8 _ _ 2 9 
[00108188] 5 | 1 10 _ 0 11 5 6 8 _ _ 2 9 
[00108189] 4 | 1 10 _ 0 11 5 6 8 4 _ 2 9 
[00108190] 3 | 1 10 7 0 11 5 6 8 4 _ 2 9 
[00108191] 3 | 1 10 _ 0 11 5 6 8 4 7 2 9 
[00108192] 4 | 1 10 _ 0 11 5 6 8 3 7 2 9 
[00108193] 4 | 1 10 _ 0 11 5 6 8 7 3 2 9 
[00108194] 5 | 1 10 _ 0 11 5 _ 8 3 _ 2 9 
[00108195] 4 | 1 10 6 0 11 5 _ 8 3 _ 2 9 
[00108196] 4 | 1 10 _ 0 11 5 7 8 3 _ 2 9 
[00108197] 3 | 1 10 _ 0 11 5 7 8 3 6 2 9 
[00108198] 4 | 1 10 _ 0 11 5 _ 8 3 7 2 9 
[00108199] 6 | 1 10 _ 0 11 _ 5 8 _ _ 2 9 
[00108200] 5 | 1 10 _ 0 11 6 5 8 _ _ 2 9 
[00108201] 4 | 1 10 _ 0 11 6 5 8 4 _ 2 9 
[00108202] 3 | 1 10 7 0 11 6 5 8 4 _ 2 9 
[00108203] 3 | 1 10 _ 0 11 6 5 8 4 7 2 9 
[00108204] 4 | 1 10 _ 0 11 6 5 8 3 7 2 9 
[00108205] 4 | 1 10 _ 0 11 6 5 8 7 3 2 9 
[00108206] 5 | 1 10 _ 0 11 _ 5 8 3 _ 2 9 
[00108207] 4 | 1 10 6 0 11 _ 5 8 3 _ 2 9 
[00108208] 4 | 1 10 _ 0 11 7 5 8 3 _ 2 9 
[00108209] 3 | 1 10 _ 0 11 7 5 8 3 6 2 9 
[00108210] 4 | 1 10 _ 0 11 _ 5 8 3 7 2 9 
[00108211] 7 | 1 10 _ 0 11 _ _ 8 _ _ 9 2 
[00108212] 6 | 1 10 4 0 11 _ _ 8 _ _ 9 2 
[00108213] 5 | 1 10 4 0 11 6 _ 8 _ _ 9 2 
[00108214] 4 | 1 10 4 0 11 6 7 8 _ _ 9 2 
[00108215] 3 | 1 10 4 0 11 6 7 8 5 _ 9 2 
[00108216] 2 | 1 10 4 0 11 6 7 8 5 3 9 2 
[00108217] 1 | 1 10 4 0 11 6 7 8 5 3 9 2  *Graceful*
[00108217] 4 | 1 10 4 0 11 6 _ 8 3 7 9 2 
[00108218] 4 | 1 10 4 0 11 6 _ 8 7 3 9 2 
[00108219] 5 | 1 10 4 0 11 _ 6 8 _ _ 9 2 
[00108220] 4 | 1 10 4 0 11 7 6 8 _ _ 9 2 
[00108221] 3 | 1 10 4 0 11 7 6 8 5 _ 9 2 
[00108222] 2 | 1 10 4 0 11 7 6 8 5 3 9 2 
[00108223] 1 | 1 10 4 0 11 7 6 8 5 3 9 2  *Graceful*
[00108223] 4 | 1 10 4 0 11 _ 6 8 3 7 9 2 
[00108224] 4 | 1 10 4 0 11 _ 6 8 7 3 9 2 
[00108225] 5 | 1 10 4 0 11 _ _ 8 3 _ 9 2 
[00108226] 4 | 1 10 4 0 11 7 _ 8 3 _ 9 2 
[00108227] 3 | 1 10 4 0 11 7 _ 8 3 6 9 2 
[00108228] 4 | 1 10 4 0 11 _ 7 8 3 _ 9 2 
[00108229] 3 | 1 10 4 0 11 _ 7 8 3 6 9 2 
[00108230] 4 | 1 10 4 0 11 _ _ 8 3 7 9 2 
[00108231] 6 | 1 10 _ 0 11 5 _ 8 _ _ 9 2 
[00108232] 5 | 1 10 _ 0 11 5 6 8 _ _ 9 2 
[00108233] 4 | 1 10 _ 0 11 5 6 8 4 _ 9 2 
[00108234] 3 | 1 10 7 0 11 5 6 8 4 _ 9 2 
[00108235] 3 | 1 10 _ 0 11 5 6 8 4 7 9 2 
[00108236] 4 | 1 10 _ 0 11 5 6 8 3 7 9 2 
[00108237] 4 | 1 10 _ 0 11 5 6 8 7 3 9 2 
[00108238] 5 | 1 10 _ 0 11 5 _ 8 3 _ 9 2 
[00108239] 4 | 1 10 6 0 11 5 _ 8 3 _ 9 2 
[00108240] 4 | 1 10 _ 0 11 5 7 8 3 _ 9 2 
[00108241] 3 | 1 10 _ 0 11 5 7 8 3 6 9 2 
[00108242] 4 | 1 10 _ 0 11 5 _ 8 3 7 9 2 
[00108243] 6 | 1 10 _ 0 11 _ 5 8 _ _ 9 2 
[00108244] 5 | 1 10 _ 0 11 6 5 8 _ _ 9 2 
[00108245] 4 | 1 10 _ 0 11 6 5 8 4 _ 9 2 
[00108246] 3 | 1 10 7 0 11 6 5 8 4 _ 9 2 
[00108247] 3 | 1 10 _ 0 11 6 5 8 4 7 9 2 
[00108248] 4 | 1 10 _ 0 11 6 5 8 3 7 9 2 
[00108249] 4 | 1 10 _ 0 11 6 5 8 7 3 9 2 
[00108250] 5 | 1 10 _ 0 11 _ 5 8 3 _ 9 2 
[00108251] 4 | 1 10 6 0 11 _ 5 8 3 _ 9 2 
[00108252] 4 | 1 10 _ 0 11 7 5 8 3 _ 9 2 
[00108253] 3 | 1 10 _ 0 11 7 5 8 3 6 9 2 
[00108254] 4 | 1 10 _ 0 11 _ 5 8 3 7 9 2 
[00108255] 9 | _ 10 1 0 11 _ _ _ _ _ _ _ 
[00108256] 8 | 2 10 1 0 11 _ _ _ _ _ _ _ 
[00108257] 7 | 2 10 1 0 11 4 _ _ _ _ _ _ 
[00108258] 6 | 2 10 1 0 11 4 5 _ _ _ _ _ 
[00108259] 5 | 2 10 1 0 11 4 5 3 8 _ _ _ 
[00108260] 4 | 2 10 1 0 11 4 5 3 8 _ 7 _ 
[00108261] 5 | 2 10 1 0 11 4 5 8 3 _ _ _ 
[00108262] 4 | 2 10 1 0 11 4 5 8 3 7 _ _ 
[00108263] 3 | 2 10 1 0 11 4 5 8 3 7 6 9 
[00108264] 3 | 2 10 1 0 11 4 5 8 3 7 9 6 
[00108265] 5 | 2 10 1 0 11 4 5 _ 3 8 _ _ 
[00108266] 4 | 2 10 1 0 11 4 5 7 3 8 _ _ 
[00108267] 3 | 2 10 1 0 11 4 5 7 3 8 6 9 
[00108268] 3 | 2 10 1 0 11 4 5 7 3 8 9 6 
[00108269] 5 | 2 10 1 0 11 4 5 _ 8 3 _ _ 
[00108270] 5 | 2 10 1 0 11 4 5 3 _ _ 8 _ 
[00108271] 4 | 2 10 1 0 11 4 5 3 7 _ 8 _ 
[00108272] 5 | 2 10 1 0 11 4 5 8 _ _ 3 _ 
[00108273] 4 | 2 10 1 0 11 4 5 8 _ _ 3 7 
[00108274] 3 | 2 10 1 0 11 4 5 8 6 9 3 7 
[00108275] 3 | 2 10 1 0 11 4 5 8 9 6 3 7 
[00108276] 5 | 2 10 1 0 11 4 5 _ _ _ 3 8 
[00108277] 4 | 2 10 1 0 11 4 5 7 _ _ 3 8 
[00108278] 3 | 2 10 1 0 11 4 5 7 6 9 3 8 
[00108279] 3 | 2 10 1 0 11 4 5 7 9 6 3 8 
[00108280] 5 | 2 10 1 0 11 4 5 _ _ _ 8 3 
[00108281] 6 | 2 10 1 0 11 4 _ 6 _ _ _ _ 
[00108282] 5 | 2 10 1 0 11 4 6 6 _ _ _ _ 
[00108283] 4 | 2 10 1 0 11 4 6 6 3 7 _ _ 
[00108284] 3 | 2 10 1 0 11 4 6 6 3 7 5 8 
[00108285] 3 | 2 10 1 0 11 4 6 6 3 7 8 5 
[00108286] 4 | 2 10 1 0 11 4 6 6 5 9 _ _ 
[00108287] 4 | 2 10 1 0 11 4 6 6 7 3 _ _ 
[00108288] 3 | 2 10 1 0 11 4 6 6 7 3 5 8 
[00108289] 3 | 2 10 1 0 11 4 6 6 7 3 8 5 
[00108290] 4 | 2 10 1 0 11 4 6 6 9 5 _ _ 
[00108291] 4 | 2 10 1 0 11 4 6 6 _ _ 3 7 
[00108292] 3 | 2 10 1 0 11 4 6 6 5 8 3 7 
[00108293] 3 | 2 10 1 0 11 4 6 6 8 5 3 7 
[00108294] 4 | 2 10 1 0 11 4 6 6 _ _ 5 9 
[00108295] 4 | 2 10 1 0 11 4 6 6 _ _ 7 3 
[00108296] 3 | 2 10 1 0 11 4 6 6 5 8 7 3 
[00108297] 3 | 2 10 1 0 11 4 6 6 8 5 7 3 
[00108298] 4 | 2 10 1 0 11 4 6 6 _ _ 9 5 
[00108299] 5 | 2 10 1 0 11 4 _ 6 11 _ _ _ 
[00108300] 4 | 2 10 1 0 11 4 7 6 11 _ _ _ 
[00108301] 3 | 2 10 1 0 11 4 7 6 11 _ 3 _ 
[00108302] 2 | 2 10 1 0 11 4 7 6 11 _ 3 5 
[00108303] 3 | 2 10 1 0 11 4 7 6 11 _ 9 _ 
[00108304] 3 | 2 10 1 0 11 4 7 6 11 _ 5 8 
[00108305] 3 | 2 10 1 0 11 4 7 6 11 _ 8 5 
[00108306] 4 | 2 10 1 0 11 4 _ 6 11 7 _ _ 
[00108307] 3 | 2 10 1 0 11 4 _ 6 11 7 3 _ 
[00108308] 2 | 2 10 1 0 11 4 _ 6 11 7 3 5 
[00108309] 3 | 2 10 1 0 11 4 _ 6 11 7 9 _ 
[00108310] 3 | 2 10 1 0 11 4 _ 6 11 7 5 8 
[00108311] 3 | 2 10 1 0 11 4 _ 6 11 7 8 5 
[00108312] 4 | 2 10 1 0 11 4 _ 6 11 _ 3 7 
[00108313] 3 | 2 10 1 0 11 4 8 6 11 _ 3 7 
[00108314] 3 | 2 10 1 0 11 4 _ 6 11 8 3 7 
[00108315] 4 | 2 10 1 0 11 4 _ 6 11 _ 5 9 
[00108316] 3 | 2 10 1 0 11 4 8 6 11 _ 5 9 
[00108317] 3 | 2 10 1 0 11 4 _ 6 11 8 5 9 
[00108318] 4 | 2 10 1 0 11 4 _ 6 11 _ 7 3 
[00108319] 3 | 2 10 1 0 11 4 8 6 11 _ 7 3 
[00108320] 3 | 2 10 1 0 11 4 _ 6 11 8 7 3 
[00108321] 4 | 2 10 1 0 11 4 _ 6 11 _ 9 5 
[00108322] 3 | 2 10 1 0 11 4 8 6 11 _ 9 5 
[00108323] 3 | 2 10 1 0 11 4 _ 6 11 8 9 5 
[00108324] 5 | 2 10 1 0 11 4 _ 6 3 8 _ _ 
[00108325] 4 | 2 10 1 0 11 4 7 6 3 8 _ _ 
[00108326] 3 | 2 10 1 0 11 4 7 6 3 8 9 _ 
[00108327] 4 | 2 10 1 0 11 4 _ 6 3 8 5 9 
[00108328] 4 | 2 10 1 0 11 4 _ 6 3 8 9 5 
[00108329] 5 | 2 10 1 0 11 4 _ 6 8 3 _ _ 
[00108330] 4 | 2 10 1 0 11 4 7 6 8 3 _ _ 
[00108331] 3 | 2 10 1 0 11 4 7 6 8 3 9 _ 
[00108332] 4 | 2 10 1 0 11 4 _ 6 8 3 5 9 
[00108333] 4 | 2 10 1 0 11 4 _ 6 8 3 9 5 
[00108334] 5 | 2 10 1 0 11 4 _ 6 _ _ 11 _ 
[00108335] 4 | 2 10 1 0 11 4 7 6 _ _ 11 _ 
[00108336] 3 | 2 10 1 0 11 4 7 6 3 _ 11 _ 
[00108337] 2 | 2 10 1 0 11 4 7 6 3 5 11 _ 
[00108338] 3 | 2 10 1 0 11 4 7 6 9 _ 11 _ 
[00108339] 3 | 2 10 1 0 11 4 7 6 5 8 11 _ 
[00108340] 3 | 2 10 1 0 11 4 7 6 8 5 11 _ 
[00108341] 4 | 2 10 1 0 11 4 _ 6 3 7 11 _ 
[00108342] 3 | 2 10 1 0 11 4 8 6 3 7 11 _ 
[00108343] 3 | 2 10 1 0 11 4 _ 6 3 7 11 8 
[00108344] 4 | 2 10 1 0 11 4 _ 6 5 9 11 _ 
[00108345] 3 | 2 10 1 0 11 4 8 6 5 9 11 _ 
[00108346] 3 | 2 10 1 0 11 4 _ 6 5 9 11 8 
[00108347] 4 | 2 10 1 0 11 4 _ 6 7 3 11 _ 
[00108348] 3 | 2 10 1 0 11 4 8 6 7 3 11 _ 
[00108349] 3 | 2 10 1 0 11 4 _ 6 7 3 11 8 
[00108350] 4 | 2 10 1 0 11 4 _ 6 9 5 11 _ 
[00108351] 3 | 2 10 1 0 11 4 8 6 9 5 11 _ 
[00108352] 3 | 2 10 1 0 11 4 _ 6 9 5 11 8 
[00108353] 4 | 2 10 1 0 11 4 _ 6 _ _ 11 7 
[00108354] 3 | 2 10 1 0 11 4 _ 6 3 _ 11 7 
[00108355] 2 | 2 10 1 0 11 4 _ 6 3 5 11 7 
[00108356] 3 | 2 10 1 0 11 4 _ 6 9 _ 11 7 
[00108357] 3 | 2 10 1 0 11 4 _ 6 5 8 11 7 
[00108358] 3 | 2 10 1 0 11 4 _ 6 8 5 11 7 
[00108359] 5 | 2 10 1 0 11 4 _ 6 _ _ 3 8 
[00108360] 4 | 2 10 1 0 11 4 7 6 _ _ 3 8 
[00108361] 3 | 2 10 1 0 11 4 7 6 9 _ 3 8 
[00108362] 4 | 2 10 1 0 11 4 _ 6 5 9 3 8 
[00108363] 4 | 2 10 1 0 11 4 _ 6 9 5 3 8 
[00108364] 5 | 2 10 1 0 11 4 _ 6 _ _ 8 3 
[00108365] 4 | 2 10 1 0 11 4 7 6 _ _ 8 3 
[00108366] 3 | 2 10 1 0 11 4 7 6 9 _ 8 3 
[00108367] 4 | 2 10 1 0 11 4 _ 6 5 9 8 3 
[00108368] 4 | 2 10 1 0 11 4 _ 6 9 5 8 3 
[00108369] 6 | 2 10 1 0 11 4 _ 3 9 _ _ _ 
[00108370] 5 | 2 10 1 0 11 4 6 3 9 _ _ _ 
[00108371] 4 | 2 10 1 0 11 4 6 3 9 5 _ _ 
[00108372] 4 | 2 10 1 0 11 4 6 3 9 _ 7 _ 
[00108373] 5 | 2 10 1 0 11 4 _ 3 9 _ 8 _ 
[00108374] 4 | 2 10 1 0 11 4 7 3 9 _ 8 _ 
[00108375] 3 | 2 10 1 0 11 4 7 3 9 6 8 _ 
[00108376] 3 | 2 10 1 0 11 4 7 3 9 _ 8 5 
[00108377] 4 | 2 10 1 0 11 4 _ 3 9 5 8 _ 
[00108378] 3 | 2 10 1 0 11 4 8 3 9 5 8 _ 
[00108379] 3 | 2 10 1 0 11 4 _ 3 9 5 8 11 
[00108380] 6 | 2 10 1 0 11 4 _ 9 3 _ _ _ 
[00108381] 5 | 2 10 1 0 11 4 6 9 3 _ _ _ 
[00108382] 4 | 2 10 1 0 11 4 6 9 3 7 _ _ 
[00108383] 3 | 2 10 1 0 11 4 6 9 3 7 5 8 
[00108384] 3 | 2 10 1 0 11 4 6 9 3 7 8 5 
[00108385] 4 | 2 10 1 0 11 4 6 9 3 _ 5 _ 
[00108386] 3 | 2 10 1 0 11 4 6 9 3 _ 5 8 
[00108387] 5 | 2 10 1 0 11 4 _ 9 3 8 _ _ 
[00108388] 4 | 2 10 1 0 11 4 7 9 3 8 _ _ 
[00108389] 3 | 2 10 1 0 11 4 7 9 3 8 6 _ 
[00108390] 4 | 2 10 1 0 11 4 _ 9 3 8 5 _ 
[00108391] 6 | 2 10 1 0 11 4 _ _ 3 9 _ _ 
[00108392] 5 | 2 10 1 0 11 4 6 _ 3 9 _ _ 
[00108393] 4 | 2 10 1 0 11 4 6 7 3 9 _ _ 
[00108394] 3 | 2 10 1 0 11 4 6 7 3 9 5 8 
[00108395] 3 | 2 10 1 0 11 4 6 7 3 9 8 5 
[00108396] 5 | 2 10 1 0 11 4 _ 5 3 9 _ _ 
[00108397] 4 | 2 10 1 0 11 4 7 5 3 9 _ _ 
[00108398] 3 | 2 10 1 0 11 4 7 5 3 9 8 _ 
[00108399] 2 | 2 10 1 0 11 4 7 5 3 9 8 6 
[00108400] 5 | 2 10 1 0 11 4 _ 8 3 9 _ _ 
[00108401] 4 | 2 10 1 0 11 4 7 8 3 9 _ _ 
[00108402] 3 | 2 10 1 0 11 4 7 8 3 9 5 _ 
[00108403] 6 | 2 10 1 0 11 4 _ _ 9 3 _ _ 
[00108404] 5 | 2 10 1 0 11 4 6 _ 9 3 _ _ 
[00108405] 4 | 2 10 1 0 11 4 6 5 9 3 _ _ 
[00108406] 3 | 2 10 1 0 11 4 6 5 9 3 8 _ 
[00108407] 5 | 2 10 1 0 11 4 _ 5 9 3 _ _ 
[00108408] 4 | 2 10 1 0 11 4 7 5 9 3 _ _ 
[00108409] 3 | 2 10 1 0 11 4 7 5 9 3 8 _ 
[00108410] 2 | 2 10 1 0 11 4 7 5 9 3 8 6 
[00108411] 6 | 2 10 1 0 11 4 _ 3 _ _ 9 _ 
[00108412] 5 | 2 10 1 0 11 4 6 3 _ _ 9 _ 
[00108413] 4 | 2 10 1 0 11 4 6 3 7 _ 9 _ 
[00108414] 4 | 2 10 1 0 11 4 6 3 _ _ 9 5 
[00108415] 5 | 2 10 1 0 11 4 _ 3 8 _ 9 _ 
[00108416] 4 | 2 10 1 0 11 4 7 3 8 _ 9 _ 
[00108417] 3 | 2 10 1 0 11 4 7 3 8 5 9 _ 
[00108418] 3 | 2 10 1 0 11 4 7 3 8 _ 9 6 
[00108419] 4 | 2 10 1 0 11 4 _ 3 8 _ 9 5 
[00108420] 3 | 2 10 1 0 11 4 8 3 8 _ 9 5 
[00108421] 3 | 2 10 1 0 11 4 _ 3 8 11 9 5 
[00108422] 6 | 2 10 1 0 11 4 _ 9 _ _ 3 _ 
[00108423] 5 | 2 10 1 0 11 4 6 9 _ _ 3 _ 
[00108424] 4 | 2 10 1 0 11 4 6 9 5 _ 3 _ 
[00108425] 3 | 2 10 1 0 11 4 6 9 5 8 3 _ 
[00108426] 4 | 2 10 1 0 11 4 6 9 _ _ 3 7 
[00108427] 3 | 2 10 1 0 11 4 6 9 5 8 3 7 
[00108428] 3 | 2 10 1 0 11 4 6 9 8 5 3 7 
[00108429] 5 | 2 10 1 0 11 4 _ 9 _ _ 3 8 
[00108430] 4 | 2 10 1 0 11 4 7 9 _ _ 3 8 
[00108431] 3 | 2 10 1 0 11 4 7 9 6 _ 3 8 
[00108432] 4 | 2 10 1 0 11 4 _ 9 5 _ 3 8 
[00108433] 6 | 2 10 1 0 11 4 _ _ _ _ 3 9 
[00108434] 5 | 2 10 1 0 11 4 6 _ _ _ 3 9 
[00108435] 4 | 2 10 1 0 11 4 6 7 _ _ 3 9 
[00108436] 3 | 2 10 1 0 11 4 6 7 5 8 3 9 
[00108437] 3 | 2 10 1 0 11 4 6 7 8 5 3 9 
[00108438] 5 | 2 10 1 0 11 4 _ 5 _ _ 3 9 
[00108439] 4 | 2 10 1 0 11 4 7 5 _ _ 3 9 
[00108440] 3 | 2 10 1 0 11 4 7 5 8 _ 3 9 
[00108441] 2 | 2 10 1 0 11 4 7 5 8 6 3 9 
[00108442] 5 | 2 10 1 0 11 4 _ 8 _ _ 3 9 
[00108443] 4 | 2 10 1 0 11 4 7 8 _ _ 3 9 
[00108444] 3 | 2 10 1 0 11 4 7 8 5 _ 3 9 
[00108445] 6 | 2 10 1 0 11 4 _ _ _ _ 9 3 
[00108446] 5 | 2 10 1 0 11 4 6 _ _ _ 9 3 
[00108447] 4 | 2 10 1 0 11 4 6 5 _ _ 9 3 
[00108448] 3 | 2 10 1 0 11 4 6 5 8 _ 9 3 
[00108449] 5 | 2 10 1 0 11 4 _ 5 _ _ 9 3 
[00108450] 4 | 2 10 1 0 11 4 7 5 _ _ 9 3 
[00108451] 3 | 2 10 1 0 11 4 7 5 8 _ 9 3 
[00108452] 2 | 2 10 1 0 11 4 7 5 8 6 9 3 
[00108453] 7 | 2 10 1 0 11 _ 4 _ _ _ _ _ 
[00108454] 6 | 2 10 1 0 11 5 4 _ _ _ _ _ 
[00108455] 5 | 2 10 1 0 11 5 4 3 8 _ _ _ 
[00108456] 4 | 2 10 1 0 11 5 4 3 8 _ 7 _ 
[00108457] 5 | 2 10 1 0 11 5 4 8 3 _ _ _ 
[00108458] 4 | 2 10 1 0 11 5 4 8 3 7 _ _ 
[00108459] 3 | 2 10 1 0 11 5 4 8 3 7 6 9 
[00108460] 3 | 2 10 1 0 11 5 4 8 3 7 9 6 
[00108461] 5 | 2 10 1 0 11 5 4 _ 3 8 _ _ 
[00108462] 4 | 2 10 1 0 11 5 4 7 3 8 _ _ 
[00108463] 3 | 2 10 1 0 11 5 4 7 3 8 6 9 
[00108464] 3 | 2 10 1 0 11 5 4 7 3 8 9 6 
[00108465] 5 | 2 10 1 0 11 5 4 _ 8 3 _ _ 
[00108466] 5 | 2 10 1 0 11 5 4 3 _ _ 8 _ 
[00108467] 4 | 2 10 1 0 11 5 4 3 7 _ 8 _ 
[00108468] 5 | 2 10 1 0 11 5 4 8 _ _ 3 _ 
[00108469] 4 | 2 10 1 0 11 5 4 8 _ _ 3 7 
[00108470] 3 | 2 10 1 0 11 5 4 8 6 9 3 7 
[00108471] 3 | 2 10 1 0 11 5 4 8 9 6 3 7 
[00108472] 5 | 2 10 1 0 11 5 4 _ _ _ 3 8 
[00108473] 4 | 2 10 1 0 11 5 4 7 _ _ 3 8 
[00108474] 3 | 2 10 1 0 11 5 4 7 6 9 3 8 
[00108475] 3 | 2 10 1 0 11 5 4 7 9 6 3 8 
[00108476] 5 | 2 10 1 0 11 5 4 _ _ _ 8 3 
[00108477] 6 | 2 10 1 0 11 _ 4 6 _ _ _ _ 
[00108478] 5 | 2 10 1 0 11 6 4 6 _ _ _ _ 
[00108479] 4 | 2 10 1 0 11 6 4 6 3 7 _ _ 
[00108480] 3 | 2 10 1 0 11 6 4 6 3 7 5 8 
[00108481] 3 | 2 10 1 0 11 6 4 6 3 7 8 5 
[00108482] 4 | 2 10 1 0 11 6 4 6 5 9 _ _ 
[00108483] 4 | 2 10 1 0 11 6 4 6 7 3 _ _ 
[00108484] 3 | 2 10 1 0 11 6 4 6 7 3 5 8 
[00108485] 3 | 2 10 1 0 11 6 4 6 7 3 8 5 
[00108486] 4 | 2 10 1 0 11 6 4 6 9 5 _ _ 
[00108487] 4 | 2 10 1 0 11 6 4 6 _ _ 3 7 
[00108488] 3 | 2 10 1 0 11 6 4 6 5 8 3 7 
[00108489] 3 | 2 10 1 0 11 6 4 6 8 5 3 7 
[00108490] 4 | 2 10 1 0 11 6 4 6 _ _ 5 9 
[00108491] 4 | 2 10 1 0 11 6 4 6 _ _ 7 3 
[00108492] 3 | 2 10 1 0 11 6 4 6 5 8 7 3 
[00108493] 3 | 2 10 1 0 11 6 4 6 8 5 7 3 
[00108494] 4 | 2 10 1 0 11 6 4 6 _ _ 9 5 
[00108495] 5 | 2 10 1 0 11 _ 4 6 11 _ _ _ 
[00108496] 4 | 2 10 1 0 11 7 4 6 11 _ _ _ 
[00108497] 3 | 2 10 1 0 11 7 4 6 11 _ 3 _ 
[00108498] 2 | 2 10 1 0 11 7 4 6 11 _ 3 5 
[00108499] 3 | 2 10 1 0 11 7 4 6 11 _ 9 _ 
[00108500] 3 | 2 10 1 0 11 7 4 6 11 _ 5 8 
[00108501] 3 | 2 10 1 0 11 7 4 6 11 _ 8 5 
[00108502] 4 | 2 10 1 0 11 _ 4 6 11 7 _ _ 
[00108503] 3 | 2 10 1 0 11 _ 4 6 11 7 3 _ 
[00108504] 2 | 2 10 1 0 11 _ 4 6 11 7 3 5 
[00108505] 3 | 2 10 1 0 11 _ 4 6 11 7 9 _ 
[00108506] 3 | 2 10 1 0 11 _ 4 6 11 7 5 8 
[00108507] 3 | 2 10 1 0 11 _ 4 6 11 7 8 5 
[00108508] 4 | 2 10 1 0 11 _ 4 6 11 _ 3 7 
[00108509] 3 | 2 10 1 0 11 8 4 6 11 _ 3 7 
[00108510] 3 | 2 10 1 0 11 _ 4 6 11 8 3 7 
[00108511] 4 | 2 10 1 0 11 _ 4 6 11 _ 5 9 
[00108512] 3 | 2 10 1 0 11 8 4 6 11 _ 5 9 
[00108513] 3 | 2 10 1 0 11 _ 4 6 11 8 5 9 
[00108514] 4 | 2 10 1 0 11 _ 4 6 11 _ 7 3 
[00108515] 3 | 2 10 1 0 11 8 4 6 11 _ 7 3 
[00108516] 3 | 2 10 1 0 11 _ 4 6 11 8 7 3 
[00108517] 4 | 2 10 1 0 11 _ 4 6 11 _ 9 5 
[00108518] 3 | 2 10 1 0 11 8 4 6 11 _ 9 5 
[00108519] 3 | 2 10 1 0 11 _ 4 6 11 8 9 5 
[00108520] 5 | 2 10 1 0 11 _ 4 6 3 8 _ _ 
[00108521] 4 | 2 10 1 0 11 7 4 6 3 8 _ _ 
[00108522] 3 | 2 10 1 0 11 7 4 6 3 8 9 _ 
[00108523] 4 | 2 10 1 0 11 _ 4 6 3 8 5 9 
[00108524] 4 | 2 10 1 0 11 _ 4 6 3 8 9 5 
[00108525] 5 | 2 10 1 0 11 _ 4 6 8 3 _ _ 
[00108526] 4 | 2 10 1 0 11 7 4 6 8 3 _ _ 
[00108527] 3 | 2 10 1 0 11 7 4 6 8 3 9 _ 
[00108528] 4 | 2 10 1 0 11 _ 4 6 8 3 5 9 
[00108529] 4 | 2 10 1 0 11 _ 4 6 8 3 9 5 
[00108530] 5 | 2 10 1 0 11 _ 4 6 _ _ 11 _ 
[00108531] 4 | 2 10 1 0 11 7 4 6 _ _ 11 _ 
[00108532] 3 | 2 10 1 0 11 7 4 6 3 _ 11 _ 
[00108533] 2 | 2 10 1 0 11 7 4 6 3 5 11 _ 
