[00026149] 3 | 10 0 8 11 2 9 5 6 7 1 2 _ 
[00026150] 3 | 10 0 8 11 2 9 _ 6 7 1 2 5 
[00026151] 5 | 10 0 8 11 2 9 _ 2 7 1 _ _ 
[00026152] 4 | 10 0 8 11 2 9 6 2 7 1 _ _ 
[00026153] 4 | 10 0 8 11 2 9 _ 2 7 1 6 _ 
[00026154] 3 | 10 0 8 11 2 9 _ 2 7 1 6 3 
[00026155] 6 | 10 0 8 11 2 9 _ 1 _ _ 7 _ 
[00026156] 5 | 10 0 8 11 2 9 7 1 _ _ 7 _ 
[00026157] 4 | 10 0 8 11 2 9 7 1 5 _ 7 _ 
[00026158] 5 | 10 0 8 11 2 9 _ 1 6 _ 7 _ 
[00026159] 4 | 10 0 8 11 2 9 6 1 6 _ 7 _ 
[00026160] 3 | 10 0 8 11 2 9 6 1 6 _ 7 4 
[00026161] 4 | 10 0 8 11 2 9 _ 1 6 2 7 _ 
[00026162] 3 | 10 0 8 11 2 9 _ 1 6 2 7 4 
[00026163] 4 | 10 0 8 11 2 9 _ 1 6 _ 7 3 
[00026164] 3 | 10 0 8 11 2 9 5 1 6 _ 7 3 
[00026165] 2 | 10 0 8 11 2 9 5 1 6 4 7 3 
[00026166] 5 | 10 0 8 11 2 9 _ 1 _ _ 7 2 
[00026167] 4 | 10 0 8 11 2 9 _ 1 5 _ 7 2 
[00026168] 6 | 10 0 8 11 2 9 _ 7 _ _ 1 _ 
[00026169] 5 | 10 0 8 11 2 9 7 7 _ _ 1 _ 
[00026170] 4 | 10 0 8 11 2 9 7 7 _ _ 1 5 
[00026171] 3 | 10 0 8 11 2 9 7 7 3 6 1 5 
[00026172] 3 | 10 0 8 11 2 9 7 7 6 3 1 5 
[00026173] 5 | 10 0 8 11 2 9 _ 7 2 _ 1 _ 
[00026174] 4 | 10 0 8 11 2 9 6 7 2 _ 1 _ 
[00026175] 3 | 10 0 8 11 2 9 6 7 2 _ 1 4 
[00026176] 4 | 10 0 8 11 2 9 _ 7 2 6 1 _ 
[00026177] 3 | 10 0 8 11 2 9 _ 7 2 6 1 4 
[00026178] 4 | 10 0 8 11 2 9 _ 7 2 _ 1 5 
[00026179] 5 | 10 0 8 11 2 9 _ 7 _ _ 1 6 
[00026180] 4 | 10 0 8 11 2 9 _ 7 3 _ 1 6 
[00026181] 3 | 10 0 8 11 2 9 5 7 3 _ 1 6 
[00026182] 6 | 10 0 8 11 2 9 _ _ _ _ 1 7 
[00026183] 5 | 10 0 8 11 2 9 _ 6 _ _ 1 7 
[00026184] 5 | 10 0 8 11 2 9 _ 6 _ _ 1 7 
[00026185] 4 | 10 0 8 11 2 9 6 6 _ _ 1 7 
[00026186] 4 | 10 0 8 11 2 9 _ 6 2 _ 1 7 
[00026187] 3 | 10 0 8 11 2 9 5 6 2 _ 1 7 
[00026188] 3 | 10 0 8 11 2 9 _ 6 2 5 1 7 
[00026189] 6 | 10 0 8 11 2 9 _ _ _ _ 7 1 
[00026190] 5 | 10 0 8 11 2 9 7 _ _ _ 7 1 
[00026191] 5 | 10 0 8 11 2 9 _ 6 _ _ 7 1 
[00026192] 4 | 10 0 8 11 2 9 6 6 _ _ 7 1 
[00026193] 4 | 10 0 8 11 2 9 _ 6 2 _ 7 1 
[00026194] 3 | 10 0 8 11 2 9 5 6 2 _ 7 1 
[00026195] 3 | 10 0 8 11 2 9 _ 6 2 5 7 1 
[00026196] 5 | 10 0 8 11 2 9 _ 2 _ _ 7 1 
[00026197] 4 | 10 0 8 11 2 9 6 2 _ _ 7 1 
[00026198] 4 | 10 0 8 11 2 9 _ 2 6 _ 7 1 
[00026199] 3 | 10 0 8 11 2 9 _ 2 6 3 7 1 
[00026200] 7 | 10 0 8 11 2 _ 9 _ _ _ _ _ 
[00026201] 6 | 10 0 8 11 2 _ 9 5 _ _ _ _ 
[00026202] 5 | 10 0 8 11 2 7 9 5 _ _ _ _ 
[00026203] 4 | 10 0 8 11 2 7 9 5 1 _ _ _ 
[00026204] 3 | 10 0 8 11 2 7 9 5 1 4 _ _ 
[00026205] 2 | 10 0 8 11 2 7 9 5 1 4 3 _ 
[00026206] 3 | 10 0 8 11 2 7 9 5 1 _ 3 6 
[00026207] 3 | 10 0 8 11 2 7 9 5 1 _ 6 3 
[00026208] 4 | 10 0 8 11 2 7 9 5 _ _ 1 _ 
[00026209] 3 | 10 0 8 11 2 7 9 5 3 6 1 _ 
[00026210] 3 | 10 0 8 11 2 7 9 5 6 3 1 _ 
[00026211] 3 | 10 0 8 11 2 7 9 5 _ _ 1 4 
[00026212] 2 | 10 0 8 11 2 7 9 5 3 _ 1 4 
[00026213] 5 | 10 0 8 11 2 _ 9 5 1 6 _ _ 
[00026214] 4 | 10 0 8 11 2 _ 9 5 1 6 3 7 
[00026215] 4 | 10 0 8 11 2 _ 9 5 1 6 7 3 
[00026216] 5 | 10 0 8 11 2 _ 9 5 6 1 _ _ 
[00026217] 4 | 10 0 8 11 2 _ 9 5 6 1 3 7 
[00026218] 4 | 10 0 8 11 2 _ 9 5 6 1 7 3 
[00026219] 5 | 10 0 8 11 2 _ 9 5 _ _ 1 6 
[00026220] 4 | 10 0 8 11 2 _ 9 5 3 7 1 6 
[00026221] 4 | 10 0 8 11 2 _ 9 5 7 3 1 6 
[00026222] 5 | 10 0 8 11 2 _ 9 5 _ _ 6 1 
[00026223] 4 | 10 0 8 11 2 _ 9 5 3 7 6 1 
[00026224] 4 | 10 0 8 11 2 _ 9 5 7 3 6 1 
[00026225] 6 | 10 0 8 11 2 _ 9 1 7 _ _ _ 
[00026226] 5 | 10 0 8 11 2 7 9 1 7 _ _ _ 
[00026227] 4 | 10 0 8 11 2 7 9 1 7 _ 5 _ 
[00026228] 5 | 10 0 8 11 2 _ 9 1 7 2 _ _ 
[00026229] 4 | 10 0 8 11 2 _ 9 1 7 2 5 _ 
[00026230] 5 | 10 0 8 11 2 _ 9 1 7 _ 6 _ 
[00026231] 4 | 10 0 8 11 2 6 9 1 7 _ 6 _ 
[00026232] 3 | 10 0 8 11 2 6 9 1 7 4 6 _ 
[00026233] 4 | 10 0 8 11 2 _ 9 1 7 3 6 _ 
[00026234] 3 | 10 0 8 11 2 5 9 1 7 3 6 _ 
[00026235] 2 | 10 0 8 11 2 5 9 1 7 3 6 4 
[00026236] 4 | 10 0 8 11 2 _ 9 1 7 _ 6 2 
[00026237] 3 | 10 0 8 11 2 _ 9 1 7 4 6 2 
[00026238] 6 | 10 0 8 11 2 _ 9 7 1 _ _ _ 
[00026239] 5 | 10 0 8 11 2 7 9 7 1 _ _ _ 
[00026240] 4 | 10 0 8 11 2 7 9 7 1 5 _ _ 
[00026241] 3 | 10 0 8 11 2 7 9 7 1 5 3 6 
[00026242] 3 | 10 0 8 11 2 7 9 7 1 5 6 3 
[00026243] 5 | 10 0 8 11 2 _ 9 7 1 6 _ _ 
[00026244] 4 | 10 0 8 11 2 _ 9 7 1 6 3 _ 
[00026245] 3 | 10 0 8 11 2 5 9 7 1 6 3 _ 
[00026246] 5 | 10 0 8 11 2 _ 9 7 1 _ 2 _ 
[00026247] 4 | 10 0 8 11 2 6 9 7 1 _ 2 _ 
[00026248] 3 | 10 0 8 11 2 6 9 7 1 4 2 _ 
[00026249] 4 | 10 0 8 11 2 _ 9 7 1 5 2 _ 
[00026250] 4 | 10 0 8 11 2 _ 9 7 1 _ 2 6 
[00026251] 3 | 10 0 8 11 2 _ 9 7 1 4 2 6 
[00026252] 6 | 10 0 8 11 2 _ 9 _ 1 7 _ _ 
[00026253] 5 | 10 0 8 11 2 _ 9 6 1 7 _ _ 
[00026254] 5 | 10 0 8 11 2 _ 9 6 1 7 _ _ 
[00026255] 4 | 10 0 8 11 2 6 9 6 1 7 _ _ 
[00026256] 4 | 10 0 8 11 2 _ 9 6 1 7 2 _ 
[00026257] 3 | 10 0 8 11 2 5 9 6 1 7 2 _ 
[00026258] 3 | 10 0 8 11 2 _ 9 6 1 7 2 5 
[00026259] 6 | 10 0 8 11 2 _ 9 _ 7 1 _ _ 
[00026260] 5 | 10 0 8 11 2 7 9 _ 7 1 _ _ 
[00026261] 5 | 10 0 8 11 2 _ 9 6 7 1 _ _ 
[00026262] 4 | 10 0 8 11 2 6 9 6 7 1 _ _ 
[00026263] 4 | 10 0 8 11 2 _ 9 6 7 1 2 _ 
[00026264] 3 | 10 0 8 11 2 5 9 6 7 1 2 _ 
[00026265] 3 | 10 0 8 11 2 _ 9 6 7 1 2 5 
[00026266] 5 | 10 0 8 11 2 _ 9 2 7 1 _ _ 
[00026267] 4 | 10 0 8 11 2 6 9 2 7 1 _ _ 
[00026268] 4 | 10 0 8 11 2 _ 9 2 7 1 6 _ 
[00026269] 3 | 10 0 8 11 2 _ 9 2 7 1 6 3 
[00026270] 6 | 10 0 8 11 2 _ 9 1 _ _ 7 _ 
[00026271] 5 | 10 0 8 11 2 7 9 1 _ _ 7 _ 
[00026272] 4 | 10 0 8 11 2 7 9 1 5 _ 7 _ 
[00026273] 5 | 10 0 8 11 2 _ 9 1 6 _ 7 _ 
[00026274] 4 | 10 0 8 11 2 6 9 1 6 _ 7 _ 
[00026275] 3 | 10 0 8 11 2 6 9 1 6 _ 7 4 
[00026276] 4 | 10 0 8 11 2 _ 9 1 6 2 7 _ 
[00026277] 3 | 10 0 8 11 2 _ 9 1 6 2 7 4 
[00026278] 4 | 10 0 8 11 2 _ 9 1 6 _ 7 3 
[00026279] 3 | 10 0 8 11 2 5 9 1 6 _ 7 3 
[00026280] 2 | 10 0 8 11 2 5 9 1 6 4 7 3 
[00026281] 5 | 10 0 8 11 2 _ 9 1 _ _ 7 2 
[00026282] 4 | 10 0 8 11 2 _ 9 1 5 _ 7 2 
[00026283] 6 | 10 0 8 11 2 _ 9 7 _ _ 1 _ 
[00026284] 5 | 10 0 8 11 2 7 9 7 _ _ 1 _ 
[00026285] 4 | 10 0 8 11 2 7 9 7 _ _ 1 5 
[00026286] 3 | 10 0 8 11 2 7 9 7 3 6 1 5 
[00026287] 3 | 10 0 8 11 2 7 9 7 6 3 1 5 
[00026288] 5 | 10 0 8 11 2 _ 9 7 2 _ 1 _ 
[00026289] 4 | 10 0 8 11 2 6 9 7 2 _ 1 _ 
[00026290] 3 | 10 0 8 11 2 6 9 7 2 _ 1 4 
[00026291] 4 | 10 0 8 11 2 _ 9 7 2 6 1 _ 
[00026292] 3 | 10 0 8 11 2 _ 9 7 2 6 1 4 
[00026293] 4 | 10 0 8 11 2 _ 9 7 2 _ 1 5 
[00026294] 5 | 10 0 8 11 2 _ 9 7 _ _ 1 6 
[00026295] 4 | 10 0 8 11 2 _ 9 7 3 _ 1 6 
[00026296] 3 | 10 0 8 11 2 5 9 7 3 _ 1 6 
[00026297] 6 | 10 0 8 11 2 _ 9 _ _ _ 1 7 
[00026298] 5 | 10 0 8 11 2 _ 9 6 _ _ 1 7 
[00026299] 5 | 10 0 8 11 2 _ 9 6 _ _ 1 7 
[00026300] 4 | 10 0 8 11 2 6 9 6 _ _ 1 7 
[00026301] 4 | 10 0 8 11 2 _ 9 6 2 _ 1 7 
[00026302] 3 | 10 0 8 11 2 5 9 6 2 _ 1 7 
[00026303] 3 | 10 0 8 11 2 _ 9 6 2 5 1 7 
[00026304] 6 | 10 0 8 11 2 _ 9 _ _ _ 7 1 
[00026305] 5 | 10 0 8 11 2 7 9 _ _ _ 7 1 
[00026306] 5 | 10 0 8 11 2 _ 9 6 _ _ 7 1 
[00026307] 4 | 10 0 8 11 2 6 9 6 _ _ 7 1 
[00026308] 4 | 10 0 8 11 2 _ 9 6 2 _ 7 1 
[00026309] 3 | 10 0 8 11 2 5 9 6 2 _ 7 1 
[00026310] 3 | 10 0 8 11 2 _ 9 6 2 5 7 1 
[00026311] 5 | 10 0 8 11 2 _ 9 2 _ _ 7 1 
[00026312] 4 | 10 0 8 11 2 6 9 2 _ _ 7 1 
[00026313] 4 | 10 0 8 11 2 _ 9 2 6 _ 7 1 
[00026314] 3 | 10 0 8 11 2 _ 9 2 6 3 7 1 
[00026315] 7 | 10 0 8 11 2 _ _ 4 _ _ _ _ 
[00026316] 6 | 10 0 8 11 2 _ _ 4 1 7 _ _ 
[00026317] 5 | 10 0 8 11 2 _ _ 4 1 7 9 _ 
[00026318] 4 | 10 0 8 11 2 6 _ 4 1 7 9 _ 
[00026319] 3 | 10 0 8 11 2 6 5 4 1 7 9 _ 
[00026320] 4 | 10 0 8 11 2 _ 6 4 1 7 9 _ 
[00026321] 3 | 10 0 8 11 2 5 6 4 1 7 9 _ 
[00026322] 4 | 10 0 8 11 2 _ _ 4 1 7 9 5 
[00026323] 6 | 10 0 8 11 2 _ _ 4 3 9 _ _ 
[00026324] 5 | 10 0 8 11 2 7 _ 4 3 9 _ _ 
[00026325] 4 | 10 0 8 11 2 7 6 4 3 9 _ _ 
[00026326] 3 | 10 0 8 11 2 7 6 4 3 9 1 _ 
[00026327] 4 | 10 0 8 11 2 7 _ 4 3 9 1 5 
[00026328] 4 | 10 0 8 11 2 7 _ 4 3 9 5 1 
[00026329] 5 | 10 0 8 11 2 _ 7 4 3 9 _ _ 
[00026330] 4 | 10 0 8 11 2 6 7 4 3 9 _ _ 
[00026331] 3 | 10 0 8 11 2 6 7 4 3 9 1 _ 
[00026332] 4 | 10 0 8 11 2 _ 7 4 3 9 1 5 
[00026333] 4 | 10 0 8 11 2 _ 7 4 3 9 5 1 
[00026334] 5 | 10 0 8 11 2 _ _ 4 3 9 1 6 
[00026335] 5 | 10 0 8 11 2 _ _ 4 3 9 6 1 
[00026336] 6 | 10 0 8 11 2 _ _ 4 7 1 _ _ 
[00026337] 5 | 10 0 8 11 2 _ _ 4 7 1 9 _ 
[00026338] 4 | 10 0 8 11 2 6 _ 4 7 1 9 _ 
[00026339] 3 | 10 0 8 11 2 6 5 4 7 1 9 _ 
[00026340] 4 | 10 0 8 11 2 _ 6 4 7 1 9 _ 
[00026341] 3 | 10 0 8 11 2 5 6 4 7 1 9 _ 
[00026342] 4 | 10 0 8 11 2 _ _ 4 7 1 9 5 
[00026343] 6 | 10 0 8 11 2 _ _ 4 9 3 _ _ 
[00026344] 5 | 10 0 8 11 2 7 _ 4 9 3 _ _ 
[00026345] 4 | 10 0 8 11 2 7 6 4 9 3 _ _ 
[00026346] 3 | 10 0 8 11 2 7 6 4 9 3 1 _ 
[00026347] 4 | 10 0 8 11 2 7 _ 4 9 3 1 5 
[00026348] 4 | 10 0 8 11 2 7 _ 4 9 3 5 1 
[00026349] 5 | 10 0 8 11 2 _ 7 4 9 3 _ _ 
[00026350] 4 | 10 0 8 11 2 6 7 4 9 3 _ _ 
[00026351] 3 | 10 0 8 11 2 6 7 4 9 3 1 _ 
[00026352] 4 | 10 0 8 11 2 _ 7 4 9 3 1 5 
[00026353] 4 | 10 0 8 11 2 _ 7 4 9 3 5 1 
[00026354] 5 | 10 0 8 11 2 _ _ 4 9 3 1 6 
[00026355] 5 | 10 0 8 11 2 _ _ 4 9 3 6 1 
[00026356] 6 | 10 0 8 11 2 _ _ 4 _ _ 1 7 
[00026357] 5 | 10 0 8 11 2 _ _ 4 9 _ 1 7 
[00026358] 4 | 10 0 8 11 2 6 _ 4 9 _ 1 7 
[00026359] 3 | 10 0 8 11 2 6 5 4 9 _ 1 7 
[00026360] 4 | 10 0 8 11 2 _ 6 4 9 _ 1 7 
[00026361] 3 | 10 0 8 11 2 5 6 4 9 _ 1 7 
[00026362] 4 | 10 0 8 11 2 _ _ 4 9 5 1 7 
[00026363] 6 | 10 0 8 11 2 _ _ 4 _ _ 3 9 
[00026364] 5 | 10 0 8 11 2 7 _ 4 _ _ 3 9 
[00026365] 4 | 10 0 8 11 2 7 6 4 _ _ 3 9 
[00026366] 3 | 10 0 8 11 2 7 6 4 1 _ 3 9 
[00026367] 4 | 10 0 8 11 2 7 _ 4 1 5 3 9 
[00026368] 4 | 10 0 8 11 2 7 _ 4 5 1 3 9 
[00026369] 5 | 10 0 8 11 2 _ 7 4 _ _ 3 9 
[00026370] 4 | 10 0 8 11 2 6 7 4 _ _ 3 9 
[00026371] 3 | 10 0 8 11 2 6 7 4 1 _ 3 9 
[00026372] 4 | 10 0 8 11 2 _ 7 4 1 5 3 9 
[00026373] 4 | 10 0 8 11 2 _ 7 4 5 1 3 9 
[00026374] 5 | 10 0 8 11 2 _ _ 4 1 6 3 9 
[00026375] 5 | 10 0 8 11 2 _ _ 4 6 1 3 9 
[00026376] 6 | 10 0 8 11 2 _ _ 4 _ _ 7 1 
[00026377] 5 | 10 0 8 11 2 _ _ 4 9 _ 7 1 
[00026378] 4 | 10 0 8 11 2 6 _ 4 9 _ 7 1 
[00026379] 3 | 10 0 8 11 2 6 5 4 9 _ 7 1 
[00026380] 4 | 10 0 8 11 2 _ 6 4 9 _ 7 1 
[00026381] 3 | 10 0 8 11 2 5 6 4 9 _ 7 1 
[00026382] 4 | 10 0 8 11 2 _ _ 4 9 5 7 1 
[00026383] 6 | 10 0 8 11 2 _ _ 4 _ _ 9 3 
[00026384] 5 | 10 0 8 11 2 7 _ 4 _ _ 9 3 
[00026385] 4 | 10 0 8 11 2 7 6 4 _ _ 9 3 
[00026386] 3 | 10 0 8 11 2 7 6 4 1 _ 9 3 
[00026387] 4 | 10 0 8 11 2 7 _ 4 1 5 9 3 
[00026388] 4 | 10 0 8 11 2 7 _ 4 5 1 9 3 
[00026389] 5 | 10 0 8 11 2 _ 7 4 _ _ 9 3 
[00026390] 4 | 10 0 8 11 2 6 7 4 _ _ 9 3 
[00026391] 3 | 10 0 8 11 2 6 7 4 1 _ 9 3 
[00026392] 4 | 10 0 8 11 2 _ 7 4 1 5 9 3 
[00026393] 4 | 10 0 8 11 2 _ 7 4 5 1 9 3 
[00026394] 5 | 10 0 8 11 2 _ _ 4 1 6 9 3 
[00026395] 5 | 10 0 8 11 2 _ _ 4 6 1 9 3 
[00026396] 8 | 10 0 _ 11 2 _ _ 3 _ _ _ _ 
[00026397] 7 | 10 0 7 11 2 _ _ 3 _ _ _ _ 
[00026398] 6 | 10 0 7 11 2 8 _ 3 _ _ _ _ 
[00026399] 5 | 10 0 7 11 2 8 _ 3 1 6 _ _ 
[00026400] 4 | 10 0 7 11 2 8 _ 3 1 6 5 9 
[00026401] 4 | 10 0 7 11 2 8 _ 3 1 6 9 5 
[00026402] 5 | 10 0 7 11 2 8 _ 3 4 9 _ _ 
[00026403] 4 | 10 0 7 11 2 8 6 3 4 9 _ _ 
[00026404] 4 | 10 0 7 11 2 8 _ 3 4 9 1 5 
[00026405] 4 | 10 0 7 11 2 8 _ 3 4 9 5 1 
[00026406] 5 | 10 0 7 11 2 8 _ 3 6 1 _ _ 
[00026407] 4 | 10 0 7 11 2 8 _ 3 6 1 5 9 
[00026408] 4 | 10 0 7 11 2 8 _ 3 6 1 9 5 
[00026409] 5 | 10 0 7 11 2 8 _ 3 9 4 _ _ 
[00026410] 4 | 10 0 7 11 2 8 6 3 9 4 _ _ 
[00026411] 4 | 10 0 7 11 2 8 _ 3 9 4 1 5 
[00026412] 4 | 10 0 7 11 2 8 _ 3 9 4 5 1 
[00026413] 5 | 10 0 7 11 2 8 _ 3 _ _ 1 6 
[00026414] 4 | 10 0 7 11 2 8 _ 3 5 9 1 6 
[00026415] 4 | 10 0 7 11 2 8 _ 3 9 5 1 6 
[00026416] 5 | 10 0 7 11 2 8 _ 3 _ _ 4 9 
[00026417] 4 | 10 0 7 11 2 8 6 3 _ _ 4 9 
[00026418] 4 | 10 0 7 11 2 8 _ 3 1 5 4 9 
[00026419] 4 | 10 0 7 11 2 8 _ 3 5 1 4 9 
[00026420] 5 | 10 0 7 11 2 8 _ 3 _ _ 6 1 
[00026421] 4 | 10 0 7 11 2 8 _ 3 5 9 6 1 
[00026422] 4 | 10 0 7 11 2 8 _ 3 9 5 6 1 
[00026423] 5 | 10 0 7 11 2 8 _ 3 _ _ 9 4 
[00026424] 4 | 10 0 7 11 2 8 6 3 _ _ 9 4 
[00026425] 4 | 10 0 7 11 2 8 _ 3 1 5 9 4 
[00026426] 4 | 10 0 7 11 2 8 _ 3 5 1 9 4 
[00026427] 6 | 10 0 7 11 2 _ 8 3 _ _ _ _ 
[00026428] 5 | 10 0 7 11 2 _ 8 3 1 6 _ _ 
[00026429] 4 | 10 0 7 11 2 _ 8 3 1 6 5 9 
[00026430] 4 | 10 0 7 11 2 _ 8 3 1 6 9 5 
[00026431] 5 | 10 0 7 11 2 _ 8 3 4 9 _ _ 
[00026432] 4 | 10 0 7 11 2 6 8 3 4 9 _ _ 
[00026433] 4 | 10 0 7 11 2 _ 8 3 4 9 1 5 
[00026434] 4 | 10 0 7 11 2 _ 8 3 4 9 5 1 
[00026435] 5 | 10 0 7 11 2 _ 8 3 6 1 _ _ 
[00026436] 4 | 10 0 7 11 2 _ 8 3 6 1 5 9 
[00026437] 4 | 10 0 7 11 2 _ 8 3 6 1 9 5 
[00026438] 5 | 10 0 7 11 2 _ 8 3 9 4 _ _ 
[00026439] 4 | 10 0 7 11 2 6 8 3 9 4 _ _ 
[00026440] 4 | 10 0 7 11 2 _ 8 3 9 4 1 5 
[00026441] 4 | 10 0 7 11 2 _ 8 3 9 4 5 1 
[00026442] 5 | 10 0 7 11 2 _ 8 3 _ _ 1 6 
[00026443] 4 | 10 0 7 11 2 _ 8 3 5 9 1 6 
[00026444] 4 | 10 0 7 11 2 _ 8 3 9 5 1 6 
[00026445] 5 | 10 0 7 11 2 _ 8 3 _ _ 4 9 
[00026446] 4 | 10 0 7 11 2 6 8 3 _ _ 4 9 
[00026447] 4 | 10 0 7 11 2 _ 8 3 1 5 4 9 
[00026448] 4 | 10 0 7 11 2 _ 8 3 5 1 4 9 
[00026449] 5 | 10 0 7 11 2 _ 8 3 _ _ 6 1 
[00026450] 4 | 10 0 7 11 2 _ 8 3 5 9 6 1 
[00026451] 4 | 10 0 7 11 2 _ 8 3 9 5 6 1 
[00026452] 5 | 10 0 7 11 2 _ 8 3 _ _ 9 4 
[00026453] 4 | 10 0 7 11 2 6 8 3 _ _ 9 4 
[00026454] 4 | 10 0 7 11 2 _ 8 3 1 5 9 4 
[00026455] 4 | 10 0 7 11 2 _ 8 3 5 1 9 4 
[00026456] 6 | 10 0 7 11 2 _ _ 3 9 _ _ _ 
[00026457] 5 | 10 0 7 11 2 _ _ 3 9 4 _ _ 
[00026458] 4 | 10 0 7 11 2 6 _ 3 9 4 _ _ 
[00026459] 3 | 10 0 7 11 2 6 5 3 9 4 _ _ 
[00026460] 2 | 10 0 7 11 2 6 5 3 9 4 1 _ 
[00026461] 3 | 10 0 7 11 2 6 _ 3 9 4 5 8 
[00026462] 3 | 10 0 7 11 2 6 _ 3 9 4 8 5 
[00026463] 4 | 10 0 7 11 2 _ 6 3 9 4 _ _ 
[00026464] 3 | 10 0 7 11 2 5 6 3 9 4 _ _ 
[00026465] 2 | 10 0 7 11 2 5 6 3 9 4 1 _ 
[00026466] 3 | 10 0 7 11 2 _ 6 3 9 4 5 8 
[00026467] 3 | 10 0 7 11 2 _ 6 3 9 4 8 5 
[00026468] 4 | 10 0 7 11 2 _ _ 3 9 4 1 5 
[00026469] 4 | 10 0 7 11 2 _ _ 3 9 4 5 1 
[00026470] 5 | 10 0 7 11 2 _ _ 3 9 _ 8 _ 
[00026471] 4 | 10 0 7 11 2 6 _ 3 9 _ 8 _ 
[00026472] 3 | 10 0 7 11 2 6 5 3 9 _ 8 _ 
[00026473] 3 | 10 0 7 11 2 6 _ 3 9 _ 8 5 
[00026474] 2 | 10 0 7 11 2 6 4 3 9 _ 8 5 
[00026475] 4 | 10 0 7 11 2 _ 6 3 9 _ 8 _ 
[00026476] 3 | 10 0 7 11 2 5 6 3 9 _ 8 _ 
[00026477] 3 | 10 0 7 11 2 _ 6 3 9 _ 8 5 
[00026478] 2 | 10 0 7 11 2 4 6 3 9 _ 8 5 
[00026479] 4 | 10 0 7 11 2 _ _ 3 9 5 8 _ 
[00026480] 4 | 10 0 7 11 2 _ _ 3 9 _ 8 4 
[00026481] 3 | 10 0 7 11 2 5 _ 3 9 _ 8 4 
[00026482] 3 | 10 0 7 11 2 _ 5 3 9 _ 8 4 
[00026483] 3 | 10 0 7 11 2 _ _ 3 9 6 8 4 
[00026484] 5 | 10 0 7 11 2 _ _ 3 9 _ 1 6 
[00026485] 4 | 10 0 7 11 2 _ _ 3 9 5 1 6 
[00026486] 5 | 10 0 7 11 2 _ _ 3 9 _ 6 1 
[00026487] 4 | 10 0 7 11 2 _ _ 3 9 5 6 1 
[00026488] 6 | 10 0 7 11 2 _ _ 3 _ _ 9 _ 
[00026489] 5 | 10 0 7 11 2 _ _ 3 8 _ 9 _ 
[00026490] 4 | 10 0 7 11 2 6 _ 3 8 _ 9 _ 
[00026491] 3 | 10 0 7 11 2 6 5 3 8 _ 9 _ 
[00026492] 3 | 10 0 7 11 2 6 _ 3 8 5 9 _ 
[00026493] 2 | 10 0 7 11 2 6 4 3 8 5 9 _ 
[00026494] 4 | 10 0 7 11 2 _ 6 3 8 _ 9 _ 
[00026495] 3 | 10 0 7 11 2 5 6 3 8 _ 9 _ 
[00026496] 3 | 10 0 7 11 2 _ 6 3 8 5 9 _ 
[00026497] 2 | 10 0 7 11 2 4 6 3 8 5 9 _ 
[00026498] 4 | 10 0 7 11 2 _ _ 3 8 4 9 _ 
[00026499] 3 | 10 0 7 11 2 5 _ 3 8 4 9 _ 
[00026500] 3 | 10 0 7 11 2 _ 5 3 8 4 9 _ 
[00026501] 3 | 10 0 7 11 2 _ _ 3 8 4 9 6 
[00026502] 4 | 10 0 7 11 2 _ _ 3 8 _ 9 5 
[00026503] 5 | 10 0 7 11 2 _ _ 3 1 6 9 _ 
[00026504] 4 | 10 0 7 11 2 _ _ 3 1 6 9 5 
[00026505] 5 | 10 0 7 11 2 _ _ 3 6 1 9 _ 
[00026506] 4 | 10 0 7 11 2 _ _ 3 6 1 9 5 
[00026507] 5 | 10 0 7 11 2 _ _ 3 _ _ 9 4 
[00026508] 4 | 10 0 7 11 2 6 _ 3 _ _ 9 4 
[00026509] 3 | 10 0 7 11 2 6 5 3 _ _ 9 4 
[00026510] 2 | 10 0 7 11 2 6 5 3 1 _ 9 4 
[00026511] 3 | 10 0 7 11 2 6 _ 3 5 8 9 4 
[00026512] 3 | 10 0 7 11 2 6 _ 3 8 5 9 4 
[00026513] 4 | 10 0 7 11 2 _ 6 3 _ _ 9 4 
[00026514] 3 | 10 0 7 11 2 5 6 3 _ _ 9 4 
[00026515] 2 | 10 0 7 11 2 5 6 3 1 _ 9 4 
[00026516] 3 | 10 0 7 11 2 _ 6 3 5 8 9 4 
[00026517] 3 | 10 0 7 11 2 _ 6 3 8 5 9 4 
[00026518] 4 | 10 0 7 11 2 _ _ 3 1 5 9 4 
[00026519] 4 | 10 0 7 11 2 _ _ 3 5 1 9 4 
[00026520] 7 | 10 0 _ 11 2 9 _ 3 _ _ _ _ 
[00026521] 6 | 10 0 6 11 2 9 _ 3 _ _ _ _ 
[00026522] 5 | 10 0 6 11 2 9 7 3 _ _ _ _ 
[00026523] 4 | 10 0 6 11 2 9 7 3 1 5 _ _ 
[00026524] 4 | 10 0 6 11 2 9 7 3 4 8 _ _ 
[00026525] 4 | 10 0 6 11 2 9 7 3 5 1 _ _ 
[00026526] 4 | 10 0 6 11 2 9 7 3 8 4 _ _ 
[00026527] 4 | 10 0 6 11 2 9 7 3 _ _ 1 5 
[00026528] 4 | 10 0 6 11 2 9 7 3 _ _ 4 8 
[00026529] 4 | 10 0 6 11 2 9 7 3 _ _ 5 1 
[00026530] 4 | 10 0 6 11 2 9 7 3 _ _ 8 4 
[00026531] 5 | 10 0 6 11 2 9 _ 3 8 _ _ _ 
[00026532] 4 | 10 0 6 11 2 9 _ 3 8 4 _ _ 
[00026533] 3 | 10 0 6 11 2 9 5 3 8 4 _ _ 
[00026534] 2 | 10 0 6 11 2 9 5 3 8 4 1 _ 
[00026535] 4 | 10 0 6 11 2 9 _ 3 8 _ 7 _ 
[00026536] 3 | 10 0 6 11 2 9 5 3 8 _ 7 _ 
[00026537] 3 | 10 0 6 11 2 9 _ 3 8 5 7 _ 
[00026538] 2 | 10 0 6 11 2 9 4 3 8 5 7 _ 
[00026539] 3 | 10 0 6 11 2 9 _ 3 8 _ 7 4 
[00026540] 4 | 10 0 6 11 2 9 _ 3 8 _ 1 5 
[00026541] 4 | 10 0 6 11 2 9 _ 3 8 _ 5 1 
[00026542] 5 | 10 0 6 11 2 9 _ 3 _ _ 8 _ 
[00026543] 4 | 10 0 6 11 2 9 _ 3 7 _ 8 _ 
[00026544] 3 | 10 0 6 11 2 9 5 3 7 _ 8 _ 
[00026545] 3 | 10 0 6 11 2 9 _ 3 7 4 8 _ 
[00026546] 3 | 10 0 6 11 2 9 _ 3 7 _ 8 5 
[00026547] 2 | 10 0 6 11 2 9 4 3 7 _ 8 5 
[00026548] 4 | 10 0 6 11 2 9 _ 3 1 5 8 _ 
[00026549] 4 | 10 0 6 11 2 9 _ 3 5 1 8 _ 
[00026550] 4 | 10 0 6 11 2 9 _ 3 _ _ 8 4 
[00026551] 3 | 10 0 6 11 2 9 5 3 _ _ 8 4 
[00026552] 2 | 10 0 6 11 2 9 5 3 1 _ 8 4 
[00026553] 6 | 10 0 _ 11 2 9 8 3 _ _ _ _ 
[00026554] 5 | 10 0 5 11 2 9 8 3 _ _ _ _ 
[00026555] 4 | 10 0 5 11 2 9 8 3 7 _ _ _ 
[00026556] 3 | 10 0 5 11 2 9 8 3 7 4 _ _ 
[00026557] 2 | 10 0 5 11 2 9 8 3 7 4 1 _ 
[00026558] 3 | 10 0 5 11 2 9 8 3 7 _ 6 _ 
[00026559] 2 | 10 0 5 11 2 9 8 3 7 _ 6 4 
[00026560] 3 | 10 0 5 11 2 9 8 3 7 _ 1 4 
[00026561] 3 | 10 0 5 11 2 9 8 3 7 _ 4 1 
[00026562] 4 | 10 0 5 11 2 9 8 3 _ _ 7 _ 
[00026563] 3 | 10 0 5 11 2 9 8 3 6 _ 7 _ 
[00026564] 2 | 10 0 5 11 2 9 8 3 6 4 7 _ 
[00026565] 3 | 10 0 5 11 2 9 8 3 1 4 7 _ 
[00026566] 3 | 10 0 5 11 2 9 8 3 4 1 7 _ 
[00026567] 3 | 10 0 5 11 2 9 8 3 _ _ 7 4 
[00026568] 2 | 10 0 5 11 2 9 8 3 1 _ 7 4 
[00026569] 5 | 10 0 _ 11 2 9 8 3 1 6 _ _ 
[00026570] 4 | 10 0 4 11 2 9 8 3 1 6 _ _ 
[00026571] 4 | 10 0 _ 11 2 9 8 3 1 6 7 _ 
[00026572] 3 | 10 0 _ 11 2 9 8 3 1 6 7 4 
[00026573] 5 | 10 0 _ 11 2 9 8 3 6 1 _ _ 
[00026574] 4 | 10 0 4 11 2 9 8 3 6 1 _ _ 
[00026575] 4 | 10 0 _ 11 2 9 8 3 6 1 7 _ 
[00026576] 3 | 10 0 _ 11 2 9 8 3 6 1 7 4 
[00026577] 5 | 10 0 _ 11 2 9 8 3 _ _ 1 6 
[00026578] 4 | 10 0 4 11 2 9 8 3 _ _ 1 6 
[00026579] 4 | 10 0 _ 11 2 9 8 3 7 _ 1 6 
[00026580] 3 | 10 0 _ 11 2 9 8 3 7 4 1 6 
[00026581] 5 | 10 0 _ 11 2 9 8 3 _ _ 6 1 
[00026582] 4 | 10 0 4 11 2 9 8 3 _ _ 6 1 
[00026583] 4 | 10 0 _ 11 2 9 8 3 7 _ 6 1 
[00026584] 3 | 10 0 _ 11 2 9 8 3 7 4 6 1 
[00026585] 6 | 10 0 _ 11 2 9 _ 3 1 7 _ _ 
[00026586] 5 | 10 0 5 11 2 9 _ 3 1 7 _ _ 
[00026587] 4 | 10 0 5 11 2 9 6 3 1 7 _ _ 
[00026588] 4 | 10 0 5 11 2 9 _ 3 1 7 4 8 
[00026589] 4 | 10 0 5 11 2 9 _ 3 1 7 8 4 
[00026590] 5 | 10 0 _ 11 2 9 _ 3 1 7 8 _ 
[00026591] 4 | 10 0 4 11 2 9 _ 3 1 7 8 _ 
[00026592] 3 | 10 0 4 11 2 9 5 3 1 7 8 _ 
[00026593] 2 | 10 0 4 11 2 9 5 3 1 7 8 6 
[00026594] 3 | 10 0 4 11 2 9 _ 3 1 7 8 5 
[00026595] 4 | 10 0 _ 11 2 9 6 3 1 7 8 _ 
[00026596] 3 | 10 0 _ 11 2 9 6 3 1 7 8 5 
[00026597] 4 | 10 0 _ 11 2 9 _ 3 1 7 8 4 
[00026598] 3 | 10 0 _ 11 2 9 5 3 1 7 8 4 
[00026599] 6 | 10 0 _ 11 2 9 _ 3 7 1 _ _ 
[00026600] 5 | 10 0 5 11 2 9 _ 3 7 1 _ _ 
[00026601] 4 | 10 0 5 11 2 9 6 3 7 1 _ _ 
[00026602] 4 | 10 0 5 11 2 9 _ 3 7 1 4 8 
[00026603] 4 | 10 0 5 11 2 9 _ 3 7 1 8 4 
[00026604] 5 | 10 0 _ 11 2 9 _ 3 7 1 8 _ 
[00026605] 4 | 10 0 4 11 2 9 _ 3 7 1 8 _ 
[00026606] 3 | 10 0 4 11 2 9 5 3 7 1 8 _ 
[00026607] 2 | 10 0 4 11 2 9 5 3 7 1 8 6 
[00026608] 3 | 10 0 4 11 2 9 _ 3 7 1 8 5 
[00026609] 4 | 10 0 _ 11 2 9 6 3 7 1 8 _ 
[00026610] 3 | 10 0 _ 11 2 9 6 3 7 1 8 5 
[00026611] 4 | 10 0 _ 11 2 9 _ 3 7 1 8 4 
[00026612] 3 | 10 0 _ 11 2 9 5 3 7 1 8 4 
[00026613] 6 | 10 0 _ 11 2 9 _ 3 _ _ 1 7 
[00026614] 5 | 10 0 5 11 2 9 _ 3 _ _ 1 7 
[00026615] 4 | 10 0 5 11 2 9 6 3 _ _ 1 7 
[00026616] 4 | 10 0 5 11 2 9 _ 3 4 8 1 7 
[00026617] 4 | 10 0 5 11 2 9 _ 3 8 4 1 7 
[00026618] 5 | 10 0 _ 11 2 9 _ 3 8 _ 1 7 
[00026619] 4 | 10 0 4 11 2 9 _ 3 8 _ 1 7 
[00026620] 3 | 10 0 4 11 2 9 5 3 8 _ 1 7 
[00026621] 2 | 10 0 4 11 2 9 5 3 8 6 1 7 
[00026622] 3 | 10 0 4 11 2 9 _ 3 8 5 1 7 
[00026623] 4 | 10 0 _ 11 2 9 6 3 8 _ 1 7 
[00026624] 3 | 10 0 _ 11 2 9 6 3 8 5 1 7 
[00026625] 4 | 10 0 _ 11 2 9 _ 3 8 4 1 7 
[00026626] 3 | 10 0 _ 11 2 9 5 3 8 4 1 7 
[00026627] 6 | 10 0 _ 11 2 9 _ 3 _ _ 7 1 
[00026628] 5 | 10 0 5 11 2 9 _ 3 _ _ 7 1 
[00026629] 4 | 10 0 5 11 2 9 6 3 _ _ 7 1 
[00026630] 4 | 10 0 5 11 2 9 _ 3 4 8 7 1 
[00026631] 4 | 10 0 5 11 2 9 _ 3 8 4 7 1 
[00026632] 5 | 10 0 _ 11 2 9 _ 3 8 _ 7 1 
[00026633] 4 | 10 0 4 11 2 9 _ 3 8 _ 7 1 
[00026634] 3 | 10 0 4 11 2 9 5 3 8 _ 7 1 
[00026635] 2 | 10 0 4 11 2 9 5 3 8 6 7 1 
[00026636] 3 | 10 0 4 11 2 9 _ 3 8 5 7 1 
[00026637] 4 | 10 0 _ 11 2 9 6 3 8 _ 7 1 
[00026638] 3 | 10 0 _ 11 2 9 6 3 8 5 7 1 
[00026639] 4 | 10 0 _ 11 2 9 _ 3 8 4 7 1 
[00026640] 3 | 10 0 _ 11 2 9 5 3 8 4 7 1 
[00026641] 7 | 10 0 _ 11 2 _ 9 3 _ _ _ _ 
[00026642] 6 | 10 0 6 11 2 _ 9 3 _ _ _ _ 
[00026643] 5 | 10 0 6 11 2 7 9 3 _ _ _ _ 
[00026644] 4 | 10 0 6 11 2 7 9 3 1 5 _ _ 
[00026645] 4 | 10 0 6 11 2 7 9 3 4 8 _ _ 
[00026646] 4 | 10 0 6 11 2 7 9 3 5 1 _ _ 
[00026647] 4 | 10 0 6 11 2 7 9 3 8 4 _ _ 
[00026648] 4 | 10 0 6 11 2 7 9 3 _ _ 1 5 
