[00301294] 3 | 8 3 _ 11 1 5 10 0 7 _ 6 3 
[00301295] 2 | 8 3 _ 11 1 5 10 0 7 9 6 3 
[00301296] 3 | 8 3 _ 11 1 5 10 0 7 _ 6 9 
[00301297] 4 | 8 3 _ 11 1 _ 10 0 7 3 6 _ 
[00301298] 3 | 8 3 _ 11 1 4 10 0 7 3 6 _ 
[00301299] 3 | 8 3 _ 11 1 _ 10 0 7 3 6 9 
[00301300] 4 | 8 3 _ 11 1 _ 10 0 7 _ 6 2 
[00301301] 3 | 8 3 _ 11 1 4 10 0 7 _ 6 2 
[00301302] 2 | 8 3 5 11 1 4 10 0 7 _ 6 2 
[00301303] 2 | 8 3 _ 11 1 4 10 0 7 5 6 2 
[00301304] 2 | 8 3 _ 11 1 4 10 0 7 9 6 2 
[00301305] 3 | 8 3 _ 11 1 _ 10 0 7 4 6 2 
[00301306] 2 | 8 3 1 11 1 _ 10 0 7 4 6 2 
[00301307] 2 | 8 3 5 11 1 _ 10 0 7 4 6 2 
[00301308] 2 | 8 3 _ 11 1 3 10 0 7 4 6 2 
[00301309] 5 | _ 3 8 11 1 _ 10 0 7 _ 6 _ 
[00301310] 4 | 7 3 8 11 1 _ 10 0 7 _ 6 _ 
[00301311] 3 | 7 3 8 11 1 4 10 0 7 _ 6 _ 
[00301312] 3 | 7 3 8 11 1 _ 10 0 7 _ 6 9 
[00301313] 4 | _ 3 8 11 1 5 10 0 7 _ 6 _ 
[00301314] 3 | 6 3 8 11 1 5 10 0 7 _ 6 _ 
[00301315] 2 | 6 3 8 11 1 5 10 0 7 9 6 _ 
[00301316] 3 | _ 3 8 11 1 5 10 0 7 4 6 _ 
[00301317] 3 | _ 3 8 11 1 5 10 0 7 _ 6 3 
[00301318] 2 | _ 3 8 11 1 5 10 0 7 9 6 3 
[00301319] 3 | _ 3 8 11 1 5 10 0 7 _ 6 9 
[00301320] 4 | _ 3 8 11 1 _ 10 0 7 3 6 _ 
[00301321] 3 | _ 3 8 11 1 4 10 0 7 3 6 _ 
[00301322] 3 | _ 3 8 11 1 _ 10 0 7 3 6 9 
[00301323] 4 | _ 3 8 11 1 _ 10 0 7 _ 6 2 
[00301324] 3 | _ 3 8 11 1 4 10 0 7 _ 6 2 
[00301325] 2 | 5 3 8 11 1 4 10 0 7 _ 6 2 
[00301326] 2 | _ 3 8 11 1 4 10 0 7 5 6 2 
[00301327] 2 | _ 3 8 11 1 4 10 0 7 9 6 2 
[00301328] 3 | _ 3 8 11 1 _ 10 0 7 4 6 2 
[00301329] 2 | 1 3 8 11 1 _ 10 0 7 4 6 2 
[00301330] 2 | 5 3 8 11 1 _ 10 0 7 4 6 2 
[00301331] 2 | _ 3 8 11 1 3 10 0 7 4 6 2 
[00301332] 5 | _ 3 _ 11 1 6 10 0 7 _ 6 _ 
[00301333] 4 | 7 3 _ 11 1 6 10 0 7 _ 6 _ 
[00301334] 4 | _ 3 7 11 1 6 10 0 7 _ 6 _ 
[00301335] 4 | _ 3 _ 11 1 6 10 0 7 3 6 _ 
[00301336] 5 | _ 3 _ 11 1 _ 10 0 7 2 6 _ 
[00301337] 4 | _ 3 _ 11 1 5 10 0 7 2 6 _ 
[00301338] 3 | 6 3 _ 11 1 5 10 0 7 2 6 _ 
[00301339] 3 | _ 3 6 11 1 5 10 0 7 2 6 _ 
[00301340] 3 | _ 3 _ 11 1 5 10 0 7 2 6 3 
[00301341] 3 | _ 3 _ 11 1 5 10 0 7 2 6 9 
[00301342] 5 | _ 3 _ 11 1 _ 10 0 7 _ 6 1 
[00301343] 4 | 7 3 _ 11 1 _ 10 0 7 _ 6 1 
[00301344] 4 | _ 3 7 11 1 _ 10 0 7 _ 6 1 
[00301345] 4 | _ 3 _ 11 1 _ 10 0 7 3 6 1 
[00301346] 6 | _ 3 _ 11 1 _ 10 0 7 _ 2 8 
[00301347] 5 | _ 3 _ 11 1 6 10 0 7 _ 2 8 
[00301348] 4 | 7 3 _ 11 1 6 10 0 7 _ 2 8 
[00301349] 4 | _ 3 7 11 1 6 10 0 7 _ 2 8 
[00301350] 4 | _ 3 _ 11 1 6 10 0 7 3 2 8 
[00301351] 6 | _ 3 _ 11 1 _ 10 0 7 _ 8 2 
[00301352] 5 | _ 3 _ 11 1 6 10 0 7 _ 8 2 
[00301353] 4 | 7 3 _ 11 1 6 10 0 7 _ 8 2 
[00301354] 4 | _ 3 7 11 1 6 10 0 7 _ 8 2 
[00301355] 4 | _ 3 _ 11 1 6 10 0 7 3 8 2 
[00301356] 7 | _ 3 _ 11 1 _ 10 0 2 9 _ _ 
[00301357] 6 | _ 3 _ 11 1 7 10 0 2 9 _ _ 
[00301358] 5 | 8 3 _ 11 1 7 10 0 2 9 _ _ 
[00301359] 4 | 8 3 _ 11 1 7 10 0 2 9 4 _ 
[00301360] 3 | 8 3 6 11 1 7 10 0 2 9 4 _ 
[00301361] 5 | _ 3 8 11 1 7 10 0 2 9 _ _ 
[00301362] 4 | _ 3 8 11 1 7 10 0 2 9 4 _ 
[00301363] 3 | 6 3 8 11 1 7 10 0 2 9 4 _ 
[00301364] 5 | _ 3 _ 11 1 7 10 0 2 9 5 _ 
[00301365] 6 | _ 3 _ 11 1 _ 10 0 2 9 6 _ 
[00301366] 5 | 8 3 _ 11 1 _ 10 0 2 9 6 _ 
[00301367] 4 | 8 3 7 11 1 _ 10 0 2 9 6 _ 
[00301368] 3 | 8 3 7 11 1 4 10 0 2 9 6 _ 
[00301369] 4 | 8 3 _ 11 1 5 10 0 2 9 6 _ 
[00301370] 3 | 8 3 6 11 1 5 10 0 2 9 6 _ 
[00301371] 3 | 8 3 _ 11 1 5 10 0 2 9 6 3 
[00301372] 5 | _ 3 8 11 1 _ 10 0 2 9 6 _ 
[00301373] 4 | 7 3 8 11 1 _ 10 0 2 9 6 _ 
[00301374] 3 | 7 3 8 11 1 4 10 0 2 9 6 _ 
[00301375] 4 | _ 3 8 11 1 5 10 0 2 9 6 _ 
[00301376] 3 | 6 3 8 11 1 5 10 0 2 9 6 _ 
[00301377] 3 | _ 3 8 11 1 5 10 0 2 9 6 3 
[00301378] 5 | _ 3 _ 11 1 6 10 0 2 9 6 _ 
[00301379] 4 | 7 3 _ 11 1 6 10 0 2 9 6 _ 
[00301380] 4 | _ 3 7 11 1 6 10 0 2 9 6 _ 
[00301381] 5 | _ 3 _ 11 1 _ 10 0 2 9 6 1 
[00301382] 4 | 7 3 _ 11 1 _ 10 0 2 9 6 1 
[00301383] 4 | _ 3 7 11 1 _ 10 0 2 9 6 1 
[00301384] 7 | _ 3 _ 11 1 _ 10 0 9 2 _ _ 
[00301385] 6 | _ 3 _ 11 1 7 10 0 9 2 _ _ 
[00301386] 5 | 8 3 _ 11 1 7 10 0 9 2 _ _ 
[00301387] 4 | 8 3 _ 11 1 7 10 0 9 2 4 _ 
[00301388] 3 | 8 3 6 11 1 7 10 0 9 2 4 _ 
[00301389] 5 | _ 3 8 11 1 7 10 0 9 2 _ _ 
[00301390] 4 | _ 3 8 11 1 7 10 0 9 2 4 _ 
[00301391] 3 | 6 3 8 11 1 7 10 0 9 2 4 _ 
[00301392] 5 | _ 3 _ 11 1 7 10 0 9 2 5 _ 
[00301393] 6 | _ 3 _ 11 1 _ 10 0 9 2 6 _ 
[00301394] 5 | 8 3 _ 11 1 _ 10 0 9 2 6 _ 
[00301395] 4 | 8 3 7 11 1 _ 10 0 9 2 6 _ 
[00301396] 3 | 8 3 7 11 1 4 10 0 9 2 6 _ 
[00301397] 4 | 8 3 _ 11 1 5 10 0 9 2 6 _ 
[00301398] 3 | 8 3 6 11 1 5 10 0 9 2 6 _ 
[00301399] 3 | 8 3 _ 11 1 5 10 0 9 2 6 3 
[00301400] 5 | _ 3 8 11 1 _ 10 0 9 2 6 _ 
[00301401] 4 | 7 3 8 11 1 _ 10 0 9 2 6 _ 
[00301402] 3 | 7 3 8 11 1 4 10 0 9 2 6 _ 
[00301403] 4 | _ 3 8 11 1 5 10 0 9 2 6 _ 
[00301404] 3 | 6 3 8 11 1 5 10 0 9 2 6 _ 
[00301405] 3 | _ 3 8 11 1 5 10 0 9 2 6 3 
[00301406] 5 | _ 3 _ 11 1 6 10 0 9 2 6 _ 
[00301407] 4 | 7 3 _ 11 1 6 10 0 9 2 6 _ 
[00301408] 4 | _ 3 7 11 1 6 10 0 9 2 6 _ 
[00301409] 5 | _ 3 _ 11 1 _ 10 0 9 2 6 1 
[00301410] 4 | 7 3 _ 11 1 _ 10 0 9 2 6 1 
[00301411] 4 | _ 3 7 11 1 _ 10 0 9 2 6 1 
[00301412] 7 | _ 3 _ 11 1 _ 10 0 _ _ 7 _ 
[00301413] 6 | 9 3 _ 11 1 _ 10 0 _ _ 7 _ 
[00301414] 5 | 9 3 8 11 1 _ 10 0 _ _ 7 _ 
[00301415] 4 | 9 3 8 11 1 5 10 0 _ _ 7 _ 
[00301416] 3 | 9 3 8 11 1 5 10 0 _ _ 7 4 
[00301417] 2 | 9 3 8 11 1 5 10 0 2 _ 7 4 
[00301418] 4 | 9 3 8 11 1 _ 10 0 4 _ 7 _ 
[00301419] 3 | 9 3 8 11 1 4 10 0 4 _ 7 _ 
[00301420] 2 | 9 3 8 11 1 4 10 0 4 _ 7 5 
[00301421] 3 | 9 3 8 11 1 _ 10 0 4 1 7 _ 
[00301422] 2 | 9 3 8 11 1 _ 10 0 4 1 7 5 
[00301423] 3 | 9 3 8 11 1 _ 10 0 4 7 7 _ 
[00301424] 3 | 9 3 8 11 1 _ 10 0 4 _ 7 4 
[00301425] 4 | 9 3 8 11 1 _ 10 0 2 6 7 _ 
[00301426] 3 | 9 3 8 11 1 4 10 0 2 6 7 _ 
[00301427] 2 | 9 3 8 11 1 4 10 0 2 6 7 5 
[00301428] 3 | 9 3 8 11 1 _ 10 0 2 6 7 4 
[00301429] 4 | 9 3 8 11 1 _ 10 0 6 2 7 _ 
[00301430] 3 | 9 3 8 11 1 4 10 0 6 2 7 _ 
[00301431] 2 | 9 3 8 11 1 4 10 0 6 2 7 5 
[00301432] 3 | 9 3 8 11 1 _ 10 0 6 2 7 4 
[00301433] 5 | 9 3 _ 11 1 6 10 0 _ _ 7 _ 
[00301434] 4 | 9 3 7 11 1 6 10 0 _ _ 7 _ 
[00301435] 3 | 9 3 7 11 1 6 10 0 2 5 7 _ 
[00301436] 3 | 9 3 7 11 1 6 10 0 5 8 7 _ 
[00301437] 3 | 9 3 7 11 1 6 10 0 5 2 7 _ 
[00301438] 3 | 9 3 7 11 1 6 10 0 8 5 7 _ 
[00301439] 4 | 9 3 _ 11 1 6 10 0 4 _ 7 _ 
[00301440] 3 | 9 3 _ 11 1 6 10 0 4 7 7 _ 
[00301441] 2 | 9 3 5 11 1 6 10 0 4 7 7 _ 
[00301442] 3 | 9 3 _ 11 1 6 10 0 4 _ 7 4 
[00301443] 2 | 9 3 5 11 1 6 10 0 4 _ 7 4 
[00301444] 4 | 9 3 _ 11 1 6 10 0 4 8 7 _ 
[00301445] 4 | 9 3 _ 11 1 6 10 0 8 4 7 _ 
[00301446] 4 | 9 3 _ 11 1 6 10 0 _ _ 7 3 
[00301447] 3 | 9 3 _ 11 1 6 10 0 2 5 7 3 
[00301448] 3 | 9 3 _ 11 1 6 10 0 5 8 7 3 
[00301449] 3 | 9 3 _ 11 1 6 10 0 5 2 7 3 
[00301450] 3 | 9 3 _ 11 1 6 10 0 8 5 7 3 
[00301451] 5 | 9 3 _ 11 1 _ 10 0 5 _ 7 _ 
[00301452] 4 | 9 3 7 11 1 _ 10 0 5 _ 7 _ 
[00301453] 3 | 9 3 7 11 1 4 10 0 5 _ 7 _ 
[00301454] 3 | 9 3 7 11 1 _ 10 0 5 2 7 _ 
[00301455] 3 | 9 3 7 11 1 _ 10 0 5 8 7 _ 
[00301456] 4 | 9 3 _ 11 1 5 10 0 5 _ 7 _ 
[00301457] 3 | 9 3 6 11 1 5 10 0 5 _ 7 _ 
[00301458] 3 | 9 3 _ 11 1 5 10 0 5 _ 7 4 
[00301459] 4 | 9 3 _ 11 1 _ 10 0 5 1 7 _ 
[00301460] 3 | 9 3 6 11 1 _ 10 0 5 1 7 _ 
[00301461] 3 | 9 3 _ 11 1 _ 10 0 5 1 7 4 
[00301462] 4 | 9 3 _ 11 1 _ 10 0 5 _ 7 3 
[00301463] 3 | 9 3 _ 11 1 4 10 0 5 _ 7 3 
[00301464] 3 | 9 3 _ 11 1 _ 10 0 5 2 7 3 
[00301465] 3 | 9 3 _ 11 1 _ 10 0 5 8 7 3 
[00301466] 5 | 9 3 _ 11 1 _ 10 0 _ _ 7 2 
[00301467] 4 | 9 3 _ 11 1 5 10 0 _ _ 7 2 
[00301468] 3 | 9 3 0 11 1 5 10 0 _ _ 7 2 
[00301469] 2 | 9 3 0 11 1 5 10 0 4 6 7 2 
[00301470] 2 | 9 3 0 11 1 5 10 0 6 8 7 2 
[00301471] 2 | 9 3 0 11 1 5 10 0 6 4 7 2 
[00301472] 2 | 9 3 0 11 1 5 10 0 8 6 7 2 
[00301473] 3 | 9 3 6 11 1 5 10 0 _ _ 7 2 
[00301474] 3 | 9 3 _ 11 1 5 10 0 3 _ 7 2 
[00301475] 4 | 9 3 _ 11 1 _ 10 0 4 _ 7 2 
[00301476] 3 | 9 3 6 11 1 _ 10 0 4 _ 7 2 
[00301477] 3 | 9 3 _ 11 1 4 10 0 4 _ 7 2 
[00301478] 2 | 9 3 5 11 1 4 10 0 4 _ 7 2 
[00301479] 3 | 9 3 _ 11 1 _ 10 0 4 1 7 2 
[00301480] 2 | 9 3 5 11 1 _ 10 0 4 1 7 2 
[00301481] 4 | 9 3 _ 11 1 _ 10 0 4 8 7 2 
[00301482] 3 | 9 3 6 11 1 _ 10 0 4 8 7 2 
[00301483] 4 | 9 3 _ 11 1 _ 10 0 8 4 7 2 
[00301484] 3 | 9 3 6 11 1 _ 10 0 8 4 7 2 
[00301485] 6 | _ 3 9 11 1 _ 10 0 _ _ 7 _ 
[00301486] 5 | 8 3 9 11 1 _ 10 0 _ _ 7 _ 
[00301487] 4 | 8 3 9 11 1 5 10 0 _ _ 7 _ 
[00301488] 3 | 8 3 9 11 1 5 10 0 _ _ 7 4 
[00301489] 2 | 8 3 9 11 1 5 10 0 2 _ 7 4 
[00301490] 4 | 8 3 9 11 1 _ 10 0 4 _ 7 _ 
[00301491] 3 | 8 3 9 11 1 4 10 0 4 _ 7 _ 
[00301492] 2 | 8 3 9 11 1 4 10 0 4 _ 7 5 
[00301493] 3 | 8 3 9 11 1 _ 10 0 4 1 7 _ 
[00301494] 2 | 8 3 9 11 1 _ 10 0 4 1 7 5 
[00301495] 3 | 8 3 9 11 1 _ 10 0 4 7 7 _ 
[00301496] 3 | 8 3 9 11 1 _ 10 0 4 _ 7 4 
[00301497] 4 | 8 3 9 11 1 _ 10 0 2 6 7 _ 
[00301498] 3 | 8 3 9 11 1 4 10 0 2 6 7 _ 
[00301499] 2 | 8 3 9 11 1 4 10 0 2 6 7 5 
[00301500] 3 | 8 3 9 11 1 _ 10 0 2 6 7 4 
[00301501] 4 | 8 3 9 11 1 _ 10 0 6 2 7 _ 
[00301502] 3 | 8 3 9 11 1 4 10 0 6 2 7 _ 
[00301503] 2 | 8 3 9 11 1 4 10 0 6 2 7 5 
[00301504] 3 | 8 3 9 11 1 _ 10 0 6 2 7 4 
[00301505] 5 | _ 3 9 11 1 6 10 0 _ _ 7 _ 
[00301506] 4 | 7 3 9 11 1 6 10 0 _ _ 7 _ 
[00301507] 3 | 7 3 9 11 1 6 10 0 2 5 7 _ 
[00301508] 3 | 7 3 9 11 1 6 10 0 5 8 7 _ 
[00301509] 3 | 7 3 9 11 1 6 10 0 5 2 7 _ 
[00301510] 3 | 7 3 9 11 1 6 10 0 8 5 7 _ 
[00301511] 4 | _ 3 9 11 1 6 10 0 4 _ 7 _ 
[00301512] 3 | _ 3 9 11 1 6 10 0 4 7 7 _ 
[00301513] 2 | 5 3 9 11 1 6 10 0 4 7 7 _ 
[00301514] 3 | _ 3 9 11 1 6 10 0 4 _ 7 4 
[00301515] 2 | 5 3 9 11 1 6 10 0 4 _ 7 4 
[00301516] 4 | _ 3 9 11 1 6 10 0 4 8 7 _ 
[00301517] 4 | _ 3 9 11 1 6 10 0 8 4 7 _ 
[00301518] 4 | _ 3 9 11 1 6 10 0 _ _ 7 3 
[00301519] 3 | _ 3 9 11 1 6 10 0 2 5 7 3 
[00301520] 3 | _ 3 9 11 1 6 10 0 5 8 7 3 
[00301521] 3 | _ 3 9 11 1 6 10 0 5 2 7 3 
[00301522] 3 | _ 3 9 11 1 6 10 0 8 5 7 3 
[00301523] 5 | _ 3 9 11 1 _ 10 0 5 _ 7 _ 
[00301524] 4 | 7 3 9 11 1 _ 10 0 5 _ 7 _ 
[00301525] 3 | 7 3 9 11 1 4 10 0 5 _ 7 _ 
[00301526] 3 | 7 3 9 11 1 _ 10 0 5 2 7 _ 
[00301527] 3 | 7 3 9 11 1 _ 10 0 5 8 7 _ 
[00301528] 4 | _ 3 9 11 1 5 10 0 5 _ 7 _ 
[00301529] 3 | 6 3 9 11 1 5 10 0 5 _ 7 _ 
[00301530] 3 | _ 3 9 11 1 5 10 0 5 _ 7 4 
[00301531] 4 | _ 3 9 11 1 _ 10 0 5 1 7 _ 
[00301532] 3 | 6 3 9 11 1 _ 10 0 5 1 7 _ 
[00301533] 3 | _ 3 9 11 1 _ 10 0 5 1 7 4 
[00301534] 4 | _ 3 9 11 1 _ 10 0 5 _ 7 3 
[00301535] 3 | _ 3 9 11 1 4 10 0 5 _ 7 3 
[00301536] 3 | _ 3 9 11 1 _ 10 0 5 2 7 3 
[00301537] 3 | _ 3 9 11 1 _ 10 0 5 8 7 3 
[00301538] 5 | _ 3 9 11 1 _ 10 0 _ _ 7 2 
[00301539] 4 | _ 3 9 11 1 5 10 0 _ _ 7 2 
[00301540] 3 | 0 3 9 11 1 5 10 0 _ _ 7 2 
[00301541] 2 | 0 3 9 11 1 5 10 0 4 6 7 2 
[00301542] 2 | 0 3 9 11 1 5 10 0 6 8 7 2 
[00301543] 2 | 0 3 9 11 1 5 10 0 6 4 7 2 
[00301544] 2 | 0 3 9 11 1 5 10 0 8 6 7 2 
[00301545] 3 | 6 3 9 11 1 5 10 0 _ _ 7 2 
[00301546] 3 | _ 3 9 11 1 5 10 0 3 _ 7 2 
[00301547] 4 | _ 3 9 11 1 _ 10 0 4 _ 7 2 
[00301548] 3 | 6 3 9 11 1 _ 10 0 4 _ 7 2 
[00301549] 3 | _ 3 9 11 1 4 10 0 4 _ 7 2 
[00301550] 2 | 5 3 9 11 1 4 10 0 4 _ 7 2 
[00301551] 3 | _ 3 9 11 1 _ 10 0 4 1 7 2 
[00301552] 2 | 5 3 9 11 1 _ 10 0 4 1 7 2 
[00301553] 4 | _ 3 9 11 1 _ 10 0 4 8 7 2 
[00301554] 3 | 6 3 9 11 1 _ 10 0 4 8 7 2 
[00301555] 4 | _ 3 9 11 1 _ 10 0 8 4 7 2 
[00301556] 3 | 6 3 9 11 1 _ 10 0 8 4 7 2 
[00301557] 6 | _ 3 _ 11 1 7 10 0 _ _ 7 _ 
[00301558] 5 | 8 3 _ 11 1 7 10 0 _ _ 7 _ 
[00301559] 4 | 8 3 _ 11 1 7 10 0 4 _ 7 _ 
[00301560] 3 | 8 3 6 11 1 7 10 0 4 _ 7 _ 
[00301561] 2 | 8 3 6 11 1 7 10 0 4 2 7 _ 
[00301562] 4 | 8 3 _ 11 1 7 10 0 2 6 7 _ 
[00301563] 4 | 8 3 _ 11 1 7 10 0 5 9 7 _ 
[00301564] 3 | 8 3 6 11 1 7 10 0 5 9 7 _ 
[00301565] 4 | 8 3 _ 11 1 7 10 0 6 2 7 _ 
[00301566] 4 | 8 3 _ 11 1 7 10 0 9 5 7 _ 
[00301567] 3 | 8 3 6 11 1 7 10 0 9 5 7 _ 
[00301568] 5 | _ 3 8 11 1 7 10 0 _ _ 7 _ 
[00301569] 4 | _ 3 8 11 1 7 10 0 4 _ 7 _ 
[00301570] 3 | 6 3 8 11 1 7 10 0 4 _ 7 _ 
[00301571] 2 | 6 3 8 11 1 7 10 0 4 2 7 _ 
[00301572] 4 | _ 3 8 11 1 7 10 0 2 6 7 _ 
[00301573] 4 | _ 3 8 11 1 7 10 0 5 9 7 _ 
[00301574] 3 | 6 3 8 11 1 7 10 0 5 9 7 _ 
[00301575] 4 | _ 3 8 11 1 7 10 0 6 2 7 _ 
[00301576] 4 | _ 3 8 11 1 7 10 0 9 5 7 _ 
[00301577] 3 | 6 3 8 11 1 7 10 0 9 5 7 _ 
[00301578] 5 | _ 3 _ 11 1 7 10 0 5 _ 7 _ 
[00301579] 4 | _ 3 _ 11 1 7 10 0 5 9 7 _ 
[00301580] 3 | 6 3 _ 11 1 7 10 0 5 9 7 _ 
[00301581] 3 | _ 3 6 11 1 7 10 0 5 9 7 _ 
[00301582] 5 | _ 3 _ 11 1 7 10 0 4 9 7 _ 
[00301583] 5 | _ 3 _ 11 1 7 10 0 9 4 7 _ 
[00301584] 6 | _ 3 _ 11 1 _ 10 0 6 _ 7 _ 
[00301585] 5 | 8 3 _ 11 1 _ 10 0 6 _ 7 _ 
[00301586] 4 | 8 3 7 11 1 _ 10 0 6 _ 7 _ 
[00301587] 3 | 8 3 7 11 1 4 10 0 6 _ 7 _ 
[00301588] 3 | 8 3 7 11 1 _ 10 0 6 9 7 _ 
[00301589] 4 | 8 3 _ 11 1 5 10 0 6 _ 7 _ 
[00301590] 3 | 8 3 6 11 1 5 10 0 6 _ 7 _ 
[00301591] 2 | 8 3 6 11 1 5 10 0 6 _ 7 9 
[00301592] 3 | 8 3 _ 11 1 5 10 0 6 3 7 _ 
[00301593] 2 | 8 3 _ 11 1 5 10 0 6 3 7 9 
[00301594] 3 | 8 3 _ 11 1 5 10 0 6 9 7 _ 
[00301595] 3 | 8 3 _ 11 1 5 10 0 6 _ 7 4 
[00301596] 4 | 8 3 _ 11 1 _ 10 0 6 2 7 _ 
[00301597] 3 | 8 3 _ 11 1 4 10 0 6 2 7 _ 
[00301598] 2 | 8 3 5 11 1 4 10 0 6 2 7 _ 
[00301599] 2 | 8 3 _ 11 1 4 10 0 6 2 7 5 
[00301600] 2 | 8 3 _ 11 1 4 10 0 6 2 7 9 
[00301601] 3 | 8 3 _ 11 1 _ 10 0 6 2 7 4 
[00301602] 2 | 8 3 1 11 1 _ 10 0 6 2 7 4 
[00301603] 2 | 8 3 5 11 1 _ 10 0 6 2 7 4 
[00301604] 2 | 8 3 _ 11 1 3 10 0 6 2 7 4 
[00301605] 4 | 8 3 _ 11 1 _ 10 0 6 _ 7 3 
[00301606] 3 | 8 3 _ 11 1 4 10 0 6 _ 7 3 
[00301607] 3 | 8 3 _ 11 1 _ 10 0 6 9 7 3 
[00301608] 5 | _ 3 8 11 1 _ 10 0 6 _ 7 _ 
[00301609] 4 | 7 3 8 11 1 _ 10 0 6 _ 7 _ 
[00301610] 3 | 7 3 8 11 1 4 10 0 6 _ 7 _ 
[00301611] 3 | 7 3 8 11 1 _ 10 0 6 9 7 _ 
[00301612] 4 | _ 3 8 11 1 5 10 0 6 _ 7 _ 
[00301613] 3 | 6 3 8 11 1 5 10 0 6 _ 7 _ 
[00301614] 2 | 6 3 8 11 1 5 10 0 6 _ 7 9 
[00301615] 3 | _ 3 8 11 1 5 10 0 6 3 7 _ 
[00301616] 2 | _ 3 8 11 1 5 10 0 6 3 7 9 
[00301617] 3 | _ 3 8 11 1 5 10 0 6 9 7 _ 
[00301618] 3 | _ 3 8 11 1 5 10 0 6 _ 7 4 
[00301619] 4 | _ 3 8 11 1 _ 10 0 6 2 7 _ 
[00301620] 3 | _ 3 8 11 1 4 10 0 6 2 7 _ 
[00301621] 2 | 5 3 8 11 1 4 10 0 6 2 7 _ 
[00301622] 2 | _ 3 8 11 1 4 10 0 6 2 7 5 
[00301623] 2 | _ 3 8 11 1 4 10 0 6 2 7 9 
[00301624] 3 | _ 3 8 11 1 _ 10 0 6 2 7 4 
[00301625] 2 | 1 3 8 11 1 _ 10 0 6 2 7 4 
[00301626] 2 | 5 3 8 11 1 _ 10 0 6 2 7 4 
[00301627] 2 | _ 3 8 11 1 3 10 0 6 2 7 4 
[00301628] 4 | _ 3 8 11 1 _ 10 0 6 _ 7 3 
[00301629] 3 | _ 3 8 11 1 4 10 0 6 _ 7 3 
[00301630] 3 | _ 3 8 11 1 _ 10 0 6 9 7 3 
[00301631] 5 | _ 3 _ 11 1 6 10 0 6 _ 7 _ 
[00301632] 4 | 7 3 _ 11 1 6 10 0 6 _ 7 _ 
[00301633] 4 | _ 3 7 11 1 6 10 0 6 _ 7 _ 
[00301634] 4 | _ 3 _ 11 1 6 10 0 6 _ 7 3 
[00301635] 5 | _ 3 _ 11 1 _ 10 0 6 1 7 _ 
[00301636] 4 | 7 3 _ 11 1 _ 10 0 6 1 7 _ 
[00301637] 4 | _ 3 7 11 1 _ 10 0 6 1 7 _ 
[00301638] 4 | _ 3 _ 11 1 _ 10 0 6 1 7 3 
[00301639] 5 | _ 3 _ 11 1 _ 10 0 6 _ 7 2 
[00301640] 4 | _ 3 _ 11 1 5 10 0 6 _ 7 2 
[00301641] 3 | 6 3 _ 11 1 5 10 0 6 _ 7 2 
[00301642] 3 | _ 3 6 11 1 5 10 0 6 _ 7 2 
[00301643] 3 | _ 3 _ 11 1 5 10 0 6 3 7 2 
[00301644] 3 | _ 3 _ 11 1 5 10 0 6 9 7 2 
[00301645] 6 | _ 3 _ 11 1 _ 10 0 2 8 7 _ 
[00301646] 5 | _ 3 _ 11 1 6 10 0 2 8 7 _ 
[00301647] 4 | 7 3 _ 11 1 6 10 0 2 8 7 _ 
[00301648] 4 | _ 3 7 11 1 6 10 0 2 8 7 _ 
[00301649] 4 | _ 3 _ 11 1 6 10 0 2 8 7 3 
[00301650] 6 | _ 3 _ 11 1 _ 10 0 8 2 7 _ 
[00301651] 5 | _ 3 _ 11 1 6 10 0 8 2 7 _ 
[00301652] 4 | 7 3 _ 11 1 6 10 0 8 2 7 _ 
[00301653] 4 | _ 3 7 11 1 6 10 0 8 2 7 _ 
[00301654] 4 | _ 3 _ 11 1 6 10 0 8 2 7 3 
[00301655] 6 | _ 3 _ 11 1 _ 10 0 _ _ 7 1 
[00301656] 5 | 8 3 _ 11 1 _ 10 0 _ _ 7 1 
[00301657] 4 | 8 3 _ 11 1 _ 10 0 4 _ 7 1 
[00301658] 3 | 8 3 6 11 1 _ 10 0 4 _ 7 1 
[00301659] 2 | 8 3 6 11 1 _ 10 0 4 2 7 1 
[00301660] 4 | 8 3 _ 11 1 _ 10 0 2 6 7 1 
[00301661] 4 | 8 3 _ 11 1 _ 10 0 5 9 7 1 
[00301662] 3 | 8 3 6 11 1 _ 10 0 5 9 7 1 
[00301663] 4 | 8 3 _ 11 1 _ 10 0 6 2 7 1 
[00301664] 4 | 8 3 _ 11 1 _ 10 0 9 5 7 1 
[00301665] 3 | 8 3 6 11 1 _ 10 0 9 5 7 1 
[00301666] 5 | _ 3 8 11 1 _ 10 0 _ _ 7 1 
[00301667] 4 | _ 3 8 11 1 _ 10 0 4 _ 7 1 
[00301668] 3 | 6 3 8 11 1 _ 10 0 4 _ 7 1 
[00301669] 2 | 6 3 8 11 1 _ 10 0 4 2 7 1 
[00301670] 4 | _ 3 8 11 1 _ 10 0 2 6 7 1 
[00301671] 4 | _ 3 8 11 1 _ 10 0 5 9 7 1 
[00301672] 3 | 6 3 8 11 1 _ 10 0 5 9 7 1 
[00301673] 4 | _ 3 8 11 1 _ 10 0 6 2 7 1 
[00301674] 4 | _ 3 8 11 1 _ 10 0 9 5 7 1 
[00301675] 3 | 6 3 8 11 1 _ 10 0 9 5 7 1 
[00301676] 5 | _ 3 _ 11 1 _ 10 0 5 _ 7 1 
[00301677] 4 | _ 3 _ 11 1 _ 10 0 5 9 7 1 
[00301678] 3 | 6 3 _ 11 1 _ 10 0 5 9 7 1 
[00301679] 3 | _ 3 6 11 1 _ 10 0 5 9 7 1 
[00301680] 5 | _ 3 _ 11 1 _ 10 0 4 9 7 1 
[00301681] 5 | _ 3 _ 11 1 _ 10 0 9 4 7 1 
[00301682] 7 | _ 3 _ 11 1 _ 10 0 _ _ 2 9 
[00301683] 6 | _ 3 _ 11 1 7 10 0 _ _ 2 9 
[00301684] 5 | 8 3 _ 11 1 7 10 0 _ _ 2 9 
[00301685] 4 | 8 3 _ 11 1 7 10 0 4 _ 2 9 
[00301686] 3 | 8 3 6 11 1 7 10 0 4 _ 2 9 
[00301687] 5 | _ 3 8 11 1 7 10 0 _ _ 2 9 
[00301688] 4 | _ 3 8 11 1 7 10 0 4 _ 2 9 
[00301689] 3 | 6 3 8 11 1 7 10 0 4 _ 2 9 
[00301690] 5 | _ 3 _ 11 1 7 10 0 5 _ 2 9 
[00301691] 6 | _ 3 _ 11 1 _ 10 0 6 _ 2 9 
[00301692] 5 | 8 3 _ 11 1 _ 10 0 6 _ 2 9 
[00301693] 4 | 8 3 7 11 1 _ 10 0 6 _ 2 9 
[00301694] 3 | 8 3 7 11 1 4 10 0 6 _ 2 9 
[00301695] 4 | 8 3 _ 11 1 5 10 0 6 _ 2 9 
[00301696] 3 | 8 3 6 11 1 5 10 0 6 _ 2 9 
[00301697] 3 | 8 3 _ 11 1 5 10 0 6 3 2 9 
[00301698] 5 | _ 3 8 11 1 _ 10 0 6 _ 2 9 
[00301699] 4 | 7 3 8 11 1 _ 10 0 6 _ 2 9 
[00301700] 3 | 7 3 8 11 1 4 10 0 6 _ 2 9 
[00301701] 4 | _ 3 8 11 1 5 10 0 6 _ 2 9 
[00301702] 3 | 6 3 8 11 1 5 10 0 6 _ 2 9 
[00301703] 3 | _ 3 8 11 1 5 10 0 6 3 2 9 
[00301704] 5 | _ 3 _ 11 1 6 10 0 6 _ 2 9 
[00301705] 4 | 7 3 _ 11 1 6 10 0 6 _ 2 9 
[00301706] 4 | _ 3 7 11 1 6 10 0 6 _ 2 9 
[00301707] 5 | _ 3 _ 11 1 _ 10 0 6 1 2 9 
[00301708] 4 | 7 3 _ 11 1 _ 10 0 6 1 2 9 
[00301709] 4 | _ 3 7 11 1 _ 10 0 6 1 2 9 
[00301710] 7 | _ 3 _ 11 1 _ 10 0 _ _ 9 2 
[00301711] 6 | _ 3 _ 11 1 7 10 0 _ _ 9 2 
[00301712] 5 | 8 3 _ 11 1 7 10 0 _ _ 9 2 
[00301713] 4 | 8 3 _ 11 1 7 10 0 4 _ 9 2 
[00301714] 3 | 8 3 6 11 1 7 10 0 4 _ 9 2 
[00301715] 5 | _ 3 8 11 1 7 10 0 _ _ 9 2 
[00301716] 4 | _ 3 8 11 1 7 10 0 4 _ 9 2 
[00301717] 3 | 6 3 8 11 1 7 10 0 4 _ 9 2 
[00301718] 5 | _ 3 _ 11 1 7 10 0 5 _ 9 2 
[00301719] 6 | _ 3 _ 11 1 _ 10 0 6 _ 9 2 
[00301720] 5 | 8 3 _ 11 1 _ 10 0 6 _ 9 2 
[00301721] 4 | 8 3 7 11 1 _ 10 0 6 _ 9 2 
[00301722] 3 | 8 3 7 11 1 4 10 0 6 _ 9 2 
[00301723] 4 | 8 3 _ 11 1 5 10 0 6 _ 9 2 
[00301724] 3 | 8 3 6 11 1 5 10 0 6 _ 9 2 
[00301725] 3 | 8 3 _ 11 1 5 10 0 6 3 9 2 
[00301726] 5 | _ 3 8 11 1 _ 10 0 6 _ 9 2 
[00301727] 4 | 7 3 8 11 1 _ 10 0 6 _ 9 2 
[00301728] 3 | 7 3 8 11 1 4 10 0 6 _ 9 2 
[00301729] 4 | _ 3 8 11 1 5 10 0 6 _ 9 2 
[00301730] 3 | 6 3 8 11 1 5 10 0 6 _ 9 2 
[00301731] 3 | _ 3 8 11 1 5 10 0 6 3 9 2 
[00301732] 5 | _ 3 _ 11 1 6 10 0 6 _ 9 2 
[00301733] 4 | 7 3 _ 11 1 6 10 0 6 _ 9 2 
[00301734] 4 | _ 3 7 11 1 6 10 0 6 _ 9 2 
[00301735] 5 | _ 3 _ 11 1 _ 10 0 6 1 9 2 
[00301736] 4 | 7 3 _ 11 1 _ 10 0 6 1 9 2 
[00301737] 4 | _ 3 7 11 1 _ 10 0 6 1 9 2 
[00301738] 8 | _ _ _ 11 1 9 10 0 _ _ _ _ 
[00301739] 7 | _ 4 _ 11 1 9 10 0 _ _ _ _ 
[00301740] 6 | _ 4 _ 11 1 9 10 0 6 _ _ _ 
[00301741] 5 | _ 4 _ 11 1 9 10 0 6 _ 5 _ 
[00301742] 4 | 8 4 _ 11 1 9 10 0 6 _ 5 _ 
[00301743] 3 | 8 4 7 11 1 9 10 0 6 _ 5 _ 
[00301744] 2 | 8 4 7 11 1 9 10 0 6 _ 5 3 
[00301745] 3 | 8 4 _ 11 1 9 10 0 6 3 5 _ 
[00301746] 2 | 8 4 2 11 1 9 10 0 6 3 5 _ 
[00301747] 2 | 8 4 _ 11 1 9 10 0 6 3 5 7 
[00301748] 3 | 8 4 _ 11 1 9 10 0 6 _ 5 2 
[00301749] 2 | 8 4 6 11 1 9 10 0 6 _ 5 2 
[00301750] 2 | 8 4 _ 11 1 9 10 0 6 4 5 2 
[00301751] 4 | _ 4 8 11 1 9 10 0 6 _ 5 _ 
[00301752] 3 | 7 4 8 11 1 9 10 0 6 _ 5 _ 
[00301753] 2 | 7 4 8 11 1 9 10 0 6 _ 5 3 
[00301754] 3 | _ 4 8 11 1 9 10 0 6 3 5 _ 
[00301755] 2 | 2 4 8 11 1 9 10 0 6 3 5 _ 
[00301756] 2 | _ 4 8 11 1 9 10 0 6 3 5 7 
[00301757] 3 | _ 4 8 11 1 9 10 0 6 _ 5 2 
[00301758] 2 | 6 4 8 11 1 9 10 0 6 _ 5 2 
[00301759] 2 | _ 4 8 11 1 9 10 0 6 4 5 2 
[00301760] 4 | _ 4 _ 11 1 9 10 0 6 2 5 _ 
[00301761] 3 | 7 4 _ 11 1 9 10 0 6 2 5 _ 
[00301762] 2 | 7 4 _ 11 1 9 10 0 6 2 5 3 
[00301763] 3 | _ 4 7 11 1 9 10 0 6 2 5 _ 
[00301764] 2 | _ 4 7 11 1 9 10 0 6 2 5 3 
[00301765] 3 | _ 4 _ 11 1 9 10 0 6 2 5 8 
[00301766] 5 | _ 4 _ 11 1 9 10 0 6 _ 2 7 
[00301767] 4 | 8 4 _ 11 1 9 10 0 6 _ 2 7 
[00301768] 3 | 8 4 _ 11 1 9 10 0 6 3 2 7 
[00301769] 4 | _ 4 8 11 1 9 10 0 6 _ 2 7 
[00301770] 3 | _ 4 8 11 1 9 10 0 6 3 2 7 
[00301771] 5 | _ 4 _ 11 1 9 10 0 6 _ 3 8 
[00301772] 4 | _ 4 _ 11 1 9 10 0 6 2 3 8 
[00301773] 3 | 7 4 _ 11 1 9 10 0 6 2 3 8 
[00301774] 3 | _ 4 7 11 1 9 10 0 6 2 3 8 
[00301775] 5 | _ 4 _ 11 1 9 10 0 6 _ 7 2 
[00301776] 4 | 8 4 _ 11 1 9 10 0 6 _ 7 2 
[00301777] 3 | 8 4 _ 11 1 9 10 0 6 3 7 2 
[00301778] 4 | _ 4 8 11 1 9 10 0 6 _ 7 2 
[00301779] 3 | _ 4 8 11 1 9 10 0 6 3 7 2 
[00301780] 5 | _ 4 _ 11 1 9 10 0 6 _ 8 3 
[00301781] 4 | _ 4 _ 11 1 9 10 0 6 2 8 3 
[00301782] 3 | 7 4 _ 11 1 9 10 0 6 2 8 3 
[00301783] 3 | _ 4 7 11 1 9 10 0 6 2 8 3 
[00301784] 6 | _ 4 _ 11 1 9 10 0 2 8 _ _ 
[00301785] 5 | _ 4 _ 11 1 9 10 0 2 8 5 _ 
[00301786] 6 | _ 4 _ 11 1 9 10 0 8 2 _ _ 
[00301787] 5 | _ 4 _ 11 1 9 10 0 8 2 5 _ 
[00301788] 6 | _ 4 _ 11 1 9 10 0 _ _ 6 _ 
[00301789] 5 | _ 4 _ 11 1 9 10 0 5 _ 6 _ 
[00301790] 4 | 8 4 _ 11 1 9 10 0 5 _ 6 _ 
[00301791] 3 | 8 4 7 11 1 9 10 0 5 _ 6 _ 
[00301792] 2 | 8 4 7 11 1 9 10 0 5 3 6 _ 
[00301793] 3 | 8 4 _ 11 1 9 10 0 5 2 6 _ 
