[00239002] 2 | 6 8 3 0 10 7 1 11 5 9 4 _ 
[00239003] 2 | _ 8 3 0 10 7 1 11 5 9 4 2 
[00239004] 2 | _ 8 3 0 10 7 1 11 5 9 4 6 
[00239005] 3 | _ 8 3 0 10 _ 1 11 5 9 4 7 
[00239006] 2 | 6 8 3 0 10 _ 1 11 5 9 4 7 
[00239007] 2 | 10 8 3 0 10 _ 1 11 5 9 4 7 
[00239008] 2 | _ 8 3 0 10 8 1 11 5 9 4 7 
[00239009] 4 | _ 8 3 0 10 _ 1 11 5 _ 4 8 
[00239010] 3 | _ 8 3 0 10 7 1 11 5 _ 4 8 
[00239011] 3 | _ 8 3 0 10 _ 1 11 5 2 4 8 
[00239012] 5 | _ 8 _ 0 10 5 1 11 5 _ 4 _ 
[00239013] 4 | 4 8 _ 0 10 5 1 11 5 _ 4 _ 
[00239014] 4 | _ 8 4 0 10 5 1 11 5 _ 4 _ 
[00239015] 4 | _ 8 _ 0 10 5 1 11 5 _ 4 8 
[00239016] 5 | _ 8 _ 0 10 _ 1 11 5 10 4 _ 
[00239017] 4 | 4 8 _ 0 10 _ 1 11 5 10 4 _ 
[00239018] 4 | _ 8 4 0 10 _ 1 11 5 10 4 _ 
[00239019] 4 | _ 8 _ 0 10 _ 1 11 5 10 4 8 
[00239020] 5 | _ 8 _ 0 10 _ 1 11 5 _ 4 9 
[00239021] 4 | _ 8 _ 0 10 6 1 11 5 _ 4 9 
[00239022] 3 | 5 8 _ 0 10 6 1 11 5 _ 4 9 
[00239023] 3 | _ 8 5 0 10 6 1 11 5 _ 4 9 
[00239024] 3 | _ 8 _ 0 10 6 1 11 5 2 4 9 
[00239025] 3 | _ 8 _ 0 10 6 1 11 5 8 4 9 
[00239026] 6 | _ 8 _ 0 10 _ 1 11 3 9 4 _ 
[00239027] 5 | _ 8 _ 0 10 5 1 11 3 9 4 _ 
[00239028] 4 | 4 8 _ 0 10 5 1 11 3 9 4 _ 
[00239029] 4 | _ 8 4 0 10 5 1 11 3 9 4 _ 
[00239030] 4 | _ 8 _ 0 10 5 1 11 3 9 4 8 
[00239031] 6 | _ 8 _ 0 10 _ 1 11 9 3 4 _ 
[00239032] 5 | _ 8 _ 0 10 5 1 11 9 3 4 _ 
[00239033] 4 | 4 8 _ 0 10 5 1 11 9 3 4 _ 
[00239034] 4 | _ 8 4 0 10 5 1 11 9 3 4 _ 
[00239035] 4 | _ 8 _ 0 10 5 1 11 9 3 4 8 
[00239036] 6 | _ 8 _ 0 10 _ 1 11 _ _ 4 10 
[00239037] 5 | 3 8 _ 0 10 _ 1 11 _ _ 4 10 
[00239038] 4 | 3 8 _ 0 10 _ 1 11 7 _ 4 10 
[00239039] 3 | 3 8 5 0 10 _ 1 11 7 _ 4 10 
[00239040] 2 | 3 8 5 0 10 _ 1 11 7 9 4 10 
[00239041] 4 | 3 8 _ 0 10 _ 1 11 2 6 4 10 
[00239042] 3 | 3 8 5 0 10 _ 1 11 2 6 4 10 
[00239043] 4 | 3 8 _ 0 10 _ 1 11 5 9 4 10 
[00239044] 4 | 3 8 _ 0 10 _ 1 11 6 2 4 10 
[00239045] 3 | 3 8 5 0 10 _ 1 11 6 2 4 10 
[00239046] 4 | 3 8 _ 0 10 _ 1 11 9 5 4 10 
[00239047] 5 | _ 8 3 0 10 _ 1 11 _ _ 4 10 
[00239048] 4 | _ 8 3 0 10 _ 1 11 7 _ 4 10 
[00239049] 3 | 5 8 3 0 10 _ 1 11 7 _ 4 10 
[00239050] 2 | 5 8 3 0 10 _ 1 11 7 9 4 10 
[00239051] 4 | _ 8 3 0 10 _ 1 11 2 6 4 10 
[00239052] 3 | 5 8 3 0 10 _ 1 11 2 6 4 10 
[00239053] 4 | _ 8 3 0 10 _ 1 11 5 9 4 10 
[00239054] 4 | _ 8 3 0 10 _ 1 11 6 2 4 10 
[00239055] 3 | 5 8 3 0 10 _ 1 11 6 2 4 10 
[00239056] 4 | _ 8 3 0 10 _ 1 11 9 5 4 10 
[00239057] 5 | _ 8 _ 0 10 _ 1 11 6 _ 4 10 
[00239058] 4 | _ 8 _ 0 10 _ 1 11 6 2 4 10 
[00239059] 3 | 5 8 _ 0 10 _ 1 11 6 2 4 10 
[00239060] 3 | _ 8 5 0 10 _ 1 11 6 2 4 10 
[00239061] 5 | _ 8 _ 0 10 _ 1 11 2 7 4 10 
[00239062] 5 | _ 8 _ 0 10 _ 1 11 7 2 4 10 
[00239063] 7 | _ 8 _ 0 10 _ 1 11 _ _ 2 9 
[00239064] 6 | _ 8 _ 0 10 4 1 11 _ _ 2 9 
[00239065] 5 | 3 8 _ 0 10 4 1 11 _ _ 2 9 
[00239066] 4 | 3 8 _ 0 10 4 1 11 7 _ 2 9 
[00239067] 3 | 3 8 5 0 10 4 1 11 7 _ 2 9 
[00239068] 5 | _ 8 3 0 10 4 1 11 _ _ 2 9 
[00239069] 4 | _ 8 3 0 10 4 1 11 7 _ 2 9 
[00239070] 3 | 5 8 3 0 10 4 1 11 7 _ 2 9 
[00239071] 5 | _ 8 _ 0 10 4 1 11 6 _ 2 9 
[00239072] 6 | _ 8 _ 0 10 _ 1 11 5 _ 2 9 
[00239073] 5 | 3 8 _ 0 10 _ 1 11 5 _ 2 9 
[00239074] 4 | 3 8 4 0 10 _ 1 11 5 _ 2 9 
[00239075] 3 | 3 8 4 0 10 7 1 11 5 _ 2 9 
[00239076] 4 | 3 8 _ 0 10 6 1 11 5 _ 2 9 
[00239077] 3 | 3 8 5 0 10 6 1 11 5 _ 2 9 
[00239078] 3 | 3 8 _ 0 10 6 1 11 5 8 2 9 
[00239079] 5 | _ 8 3 0 10 _ 1 11 5 _ 2 9 
[00239080] 4 | 4 8 3 0 10 _ 1 11 5 _ 2 9 
[00239081] 3 | 4 8 3 0 10 7 1 11 5 _ 2 9 
[00239082] 4 | _ 8 3 0 10 6 1 11 5 _ 2 9 
[00239083] 3 | 5 8 3 0 10 6 1 11 5 _ 2 9 
[00239084] 3 | _ 8 3 0 10 6 1 11 5 8 2 9 
[00239085] 5 | _ 8 _ 0 10 5 1 11 5 _ 2 9 
[00239086] 4 | 4 8 _ 0 10 5 1 11 5 _ 2 9 
[00239087] 4 | _ 8 4 0 10 5 1 11 5 _ 2 9 
[00239088] 5 | _ 8 _ 0 10 _ 1 11 5 10 2 9 
[00239089] 4 | 4 8 _ 0 10 _ 1 11 5 10 2 9 
[00239090] 4 | _ 8 4 0 10 _ 1 11 5 10 2 9 
[00239091] 7 | _ 8 _ 0 10 _ 1 11 _ _ 9 2 
[00239092] 6 | _ 8 _ 0 10 4 1 11 _ _ 9 2 
[00239093] 5 | 3 8 _ 0 10 4 1 11 _ _ 9 2 
[00239094] 4 | 3 8 _ 0 10 4 1 11 7 _ 9 2 
[00239095] 3 | 3 8 5 0 10 4 1 11 7 _ 9 2 
[00239096] 5 | _ 8 3 0 10 4 1 11 _ _ 9 2 
[00239097] 4 | _ 8 3 0 10 4 1 11 7 _ 9 2 
[00239098] 3 | 5 8 3 0 10 4 1 11 7 _ 9 2 
[00239099] 5 | _ 8 _ 0 10 4 1 11 6 _ 9 2 
[00239100] 6 | _ 8 _ 0 10 _ 1 11 5 _ 9 2 
[00239101] 5 | 3 8 _ 0 10 _ 1 11 5 _ 9 2 
[00239102] 4 | 3 8 4 0 10 _ 1 11 5 _ 9 2 
[00239103] 3 | 3 8 4 0 10 7 1 11 5 _ 9 2 
[00239104] 4 | 3 8 _ 0 10 6 1 11 5 _ 9 2 
[00239105] 3 | 3 8 5 0 10 6 1 11 5 _ 9 2 
[00239106] 3 | 3 8 _ 0 10 6 1 11 5 8 9 2 
[00239107] 5 | _ 8 3 0 10 _ 1 11 5 _ 9 2 
[00239108] 4 | 4 8 3 0 10 _ 1 11 5 _ 9 2 
[00239109] 3 | 4 8 3 0 10 7 1 11 5 _ 9 2 
[00239110] 4 | _ 8 3 0 10 6 1 11 5 _ 9 2 
[00239111] 3 | 5 8 3 0 10 6 1 11 5 _ 9 2 
[00239112] 3 | _ 8 3 0 10 6 1 11 5 8 9 2 
[00239113] 5 | _ 8 _ 0 10 5 1 11 5 _ 9 2 
[00239114] 4 | 4 8 _ 0 10 5 1 11 5 _ 9 2 
[00239115] 4 | _ 8 4 0 10 5 1 11 5 _ 9 2 
[00239116] 5 | _ 8 _ 0 10 _ 1 11 5 10 9 2 
[00239117] 4 | 4 8 _ 0 10 _ 1 11 5 10 9 2 
[00239118] 4 | _ 8 4 0 10 _ 1 11 5 10 9 2 
[00239119] 8 | _ _ _ 0 10 2 1 11 _ _ _ _ 
[00239120] 7 | _ 7 _ 0 10 2 1 11 _ _ _ _ 
[00239121] 6 | _ 7 _ 0 10 2 1 11 5 _ _ _ 
[00239122] 5 | _ 7 _ 0 10 2 1 11 5 _ 6 _ 
[00239123] 4 | 3 7 _ 0 10 2 1 11 5 _ 6 _ 
[00239124] 3 | 3 7 4 0 10 2 1 11 5 _ 6 _ 
[00239125] 2 | 3 7 4 0 10 2 1 11 5 _ 6 8 
[00239126] 3 | 3 7 _ 0 10 2 1 11 5 8 6 _ 
[00239127] 2 | 3 7 9 0 10 2 1 11 5 8 6 _ 
[00239128] 2 | 3 7 _ 0 10 2 1 11 5 8 6 4 
[00239129] 3 | 3 7 _ 0 10 2 1 11 5 _ 6 9 
[00239130] 2 | 3 7 5 0 10 2 1 11 5 _ 6 9 
[00239131] 2 | 3 7 _ 0 10 2 1 11 5 7 6 9 
[00239132] 4 | _ 7 3 0 10 2 1 11 5 _ 6 _ 
[00239133] 3 | 4 7 3 0 10 2 1 11 5 _ 6 _ 
[00239134] 2 | 4 7 3 0 10 2 1 11 5 _ 6 8 
[00239135] 3 | _ 7 3 0 10 2 1 11 5 8 6 _ 
[00239136] 2 | 9 7 3 0 10 2 1 11 5 8 6 _ 
[00239137] 2 | _ 7 3 0 10 2 1 11 5 8 6 4 
[00239138] 3 | _ 7 3 0 10 2 1 11 5 _ 6 9 
[00239139] 2 | 5 7 3 0 10 2 1 11 5 _ 6 9 
[00239140] 2 | _ 7 3 0 10 2 1 11 5 7 6 9 
[00239141] 4 | _ 7 _ 0 10 2 1 11 5 9 6 _ 
[00239142] 3 | 4 7 _ 0 10 2 1 11 5 9 6 _ 
[00239143] 2 | 4 7 _ 0 10 2 1 11 5 9 6 8 
[00239144] 3 | _ 7 4 0 10 2 1 11 5 9 6 _ 
[00239145] 2 | _ 7 4 0 10 2 1 11 5 9 6 8 
[00239146] 3 | _ 7 _ 0 10 2 1 11 5 9 6 3 
[00239147] 5 | _ 7 _ 0 10 2 1 11 5 _ 3 8 
[00239148] 4 | _ 7 _ 0 10 2 1 11 5 9 3 8 
[00239149] 3 | 4 7 _ 0 10 2 1 11 5 9 3 8 
[00239150] 3 | _ 7 4 0 10 2 1 11 5 9 3 8 
[00239151] 5 | _ 7 _ 0 10 2 1 11 5 _ 4 9 
[00239152] 4 | 3 7 _ 0 10 2 1 11 5 _ 4 9 
[00239153] 3 | 3 7 _ 0 10 2 1 11 5 8 4 9 
[00239154] 4 | _ 7 3 0 10 2 1 11 5 _ 4 9 
[00239155] 3 | _ 7 3 0 10 2 1 11 5 8 4 9 
[00239156] 5 | _ 7 _ 0 10 2 1 11 5 _ 8 3 
[00239157] 4 | _ 7 _ 0 10 2 1 11 5 9 8 3 
[00239158] 3 | 4 7 _ 0 10 2 1 11 5 9 8 3 
[00239159] 3 | _ 7 4 0 10 2 1 11 5 9 8 3 
[00239160] 5 | _ 7 _ 0 10 2 1 11 5 _ 9 4 
[00239161] 4 | 3 7 _ 0 10 2 1 11 5 _ 9 4 
[00239162] 3 | 3 7 _ 0 10 2 1 11 5 8 9 4 
[00239163] 4 | _ 7 3 0 10 2 1 11 5 _ 9 4 
[00239164] 3 | _ 7 3 0 10 2 1 11 5 8 9 4 
[00239165] 6 | _ 7 _ 0 10 2 1 11 3 9 _ _ 
[00239166] 5 | _ 7 _ 0 10 2 1 11 3 9 6 _ 
[00239167] 6 | _ 7 _ 0 10 2 1 11 9 3 _ _ 
[00239168] 5 | _ 7 _ 0 10 2 1 11 9 3 6 _ 
[00239169] 6 | _ 7 _ 0 10 2 1 11 _ _ 5 _ 
[00239170] 5 | _ 7 _ 0 10 2 1 11 6 _ 5 _ 
[00239171] 4 | 3 7 _ 0 10 2 1 11 6 _ 5 _ 
[00239172] 3 | 3 7 4 0 10 2 1 11 6 _ 5 _ 
[00239173] 2 | 3 7 4 0 10 2 1 11 6 8 5 _ 
[00239174] 3 | 3 7 _ 0 10 2 1 11 6 9 5 _ 
[00239175] 2 | 3 7 5 0 10 2 1 11 6 9 5 _ 
[00239176] 2 | 3 7 _ 0 10 2 1 11 6 9 5 7 
[00239177] 3 | 3 7 _ 0 10 2 1 11 6 _ 5 8 
[00239178] 2 | 3 7 9 0 10 2 1 11 6 _ 5 8 
[00239179] 2 | 3 7 _ 0 10 2 1 11 6 4 5 8 
[00239180] 4 | _ 7 3 0 10 2 1 11 6 _ 5 _ 
[00239181] 3 | 4 7 3 0 10 2 1 11 6 _ 5 _ 
[00239182] 2 | 4 7 3 0 10 2 1 11 6 8 5 _ 
[00239183] 3 | _ 7 3 0 10 2 1 11 6 9 5 _ 
[00239184] 2 | 5 7 3 0 10 2 1 11 6 9 5 _ 
[00239185] 2 | _ 7 3 0 10 2 1 11 6 9 5 7 
[00239186] 3 | _ 7 3 0 10 2 1 11 6 _ 5 8 
[00239187] 2 | 9 7 3 0 10 2 1 11 6 _ 5 8 
[00239188] 2 | _ 7 3 0 10 2 1 11 6 4 5 8 
[00239189] 4 | _ 7 _ 0 10 2 1 11 6 _ 5 9 
[00239190] 3 | 4 7 _ 0 10 2 1 11 6 _ 5 9 
[00239191] 2 | 4 7 _ 0 10 2 1 11 6 8 5 9 
[00239192] 3 | _ 7 4 0 10 2 1 11 6 _ 5 9 
[00239193] 2 | _ 7 4 0 10 2 1 11 6 8 5 9 
[00239194] 3 | _ 7 _ 0 10 2 1 11 6 3 5 9 
[00239195] 5 | _ 7 _ 0 10 2 1 11 3 8 5 _ 
[00239196] 4 | _ 7 _ 0 10 2 1 11 3 8 5 9 
[00239197] 3 | 4 7 _ 0 10 2 1 11 3 8 5 9 
[00239198] 3 | _ 7 4 0 10 2 1 11 3 8 5 9 
[00239199] 5 | _ 7 _ 0 10 2 1 11 4 9 5 _ 
[00239200] 4 | 3 7 _ 0 10 2 1 11 4 9 5 _ 
[00239201] 3 | 3 7 _ 0 10 2 1 11 4 9 5 8 
[00239202] 4 | _ 7 3 0 10 2 1 11 4 9 5 _ 
[00239203] 3 | _ 7 3 0 10 2 1 11 4 9 5 8 
[00239204] 5 | _ 7 _ 0 10 2 1 11 8 3 5 _ 
[00239205] 4 | _ 7 _ 0 10 2 1 11 8 3 5 9 
[00239206] 3 | 4 7 _ 0 10 2 1 11 8 3 5 9 
[00239207] 3 | _ 7 4 0 10 2 1 11 8 3 5 9 
[00239208] 5 | _ 7 _ 0 10 2 1 11 9 4 5 _ 
[00239209] 4 | 3 7 _ 0 10 2 1 11 9 4 5 _ 
[00239210] 3 | 3 7 _ 0 10 2 1 11 9 4 5 8 
[00239211] 4 | _ 7 3 0 10 2 1 11 9 4 5 _ 
[00239212] 3 | _ 7 3 0 10 2 1 11 9 4 5 8 
[00239213] 6 | _ 7 _ 0 10 2 1 11 _ _ 3 9 
[00239214] 5 | _ 7 _ 0 10 2 1 11 6 _ 3 9 
[00239215] 6 | _ 7 _ 0 10 2 1 11 _ _ 9 3 
[00239216] 5 | _ 7 _ 0 10 2 1 11 6 _ 9 3 
[00239217] 7 | _ _ _ 0 10 2 1 11 4 _ _ _ 
[00239218] 6 | 3 9 _ 0 10 2 1 11 4 _ _ _ 
[00239219] 6 | 9 3 _ 0 10 2 1 11 4 _ _ _ 
[00239220] 5 | 9 3 8 0 10 2 1 11 4 _ _ _ 
[00239221] 4 | 9 3 8 0 10 2 1 11 4 _ 7 _ 
[00239222] 3 | 9 3 8 0 10 2 1 11 4 7 7 _ 
[00239223] 3 | 9 3 8 0 10 2 1 11 4 _ 7 4 
[00239224] 5 | 9 3 _ 0 10 2 1 11 4 _ 6 _ 
[00239225] 4 | 9 3 7 0 10 2 1 11 4 _ 6 _ 
[00239226] 4 | 9 3 _ 0 10 2 1 11 4 8 6 _ 
[00239227] 3 | 9 3 6 0 10 2 1 11 4 8 6 _ 
[00239228] 3 | 9 3 _ 0 10 2 1 11 4 8 6 3 
[00239229] 6 | _ 3 9 0 10 2 1 11 4 _ _ _ 
[00239230] 5 | 8 3 9 0 10 2 1 11 4 _ _ _ 
[00239231] 4 | 8 3 9 0 10 2 1 11 4 _ 7 _ 
[00239232] 3 | 8 3 9 0 10 2 1 11 4 7 7 _ 
[00239233] 3 | 8 3 9 0 10 2 1 11 4 _ 7 4 
[00239234] 5 | _ 3 9 0 10 2 1 11 4 _ 6 _ 
[00239235] 4 | 7 3 9 0 10 2 1 11 4 _ 6 _ 
[00239236] 4 | _ 3 9 0 10 2 1 11 4 8 6 _ 
[00239237] 3 | 6 3 9 0 10 2 1 11 4 8 6 _ 
[00239238] 3 | _ 3 9 0 10 2 1 11 4 8 6 3 
[00239239] 6 | _ 9 3 0 10 2 1 11 4 _ _ _ 
[00239240] 6 | _ 6 _ 0 10 2 1 11 4 _ _ _ 
[00239241] 5 | 11 6 _ 0 10 2 1 11 4 _ _ _ 
[00239242] 4 | 11 6 _ 0 10 2 1 11 4 8 _ _ 
[00239243] 3 | 11 6 3 0 10 2 1 11 4 8 _ _ 
[00239244] 2 | 11 6 3 0 10 2 1 11 4 8 5 7 
[00239245] 2 | 11 6 3 0 10 2 1 11 4 8 7 9 
[00239246] 2 | 11 6 3 0 10 2 1 11 4 8 7 5 
[00239247] 2 | 11 6 3 0 10 2 1 11 4 8 9 7 
[00239248] 3 | 11 6 9 0 10 2 1 11 4 8 _ _ 
[00239249] 2 | 11 6 9 0 10 2 1 11 4 8 3 5 
[00239250] 2 | 11 6 9 0 10 2 1 11 4 8 5 7 
[00239251] 2 | 11 6 9 0 10 2 1 11 4 8 5 3 
[00239252] 2 | 11 6 9 0 10 2 1 11 4 8 7 5 
[00239253] 4 | 11 6 _ 0 10 2 1 11 4 _ 3 7 
[00239254] 3 | 11 6 9 0 10 2 1 11 4 _ 3 7 
[00239255] 4 | 11 6 _ 0 10 2 1 11 4 _ 5 9 
[00239256] 3 | 11 6 3 0 10 2 1 11 4 _ 5 9 
[00239257] 3 | 11 6 _ 0 10 2 1 11 4 7 5 9 
[00239258] 2 | 11 6 8 0 10 2 1 11 4 7 5 9 
[00239259] 4 | 11 6 _ 0 10 2 1 11 4 _ 7 3 
[00239260] 3 | 11 6 9 0 10 2 1 11 4 _ 7 3 
[00239261] 4 | 11 6 _ 0 10 2 1 11 4 _ 9 5 
[00239262] 3 | 11 6 3 0 10 2 1 11 4 _ 9 5 
[00239263] 3 | 11 6 _ 0 10 2 1 11 4 7 9 5 
[00239264] 2 | 11 6 8 0 10 2 1 11 4 7 9 5 
[00239265] 5 | _ 6 11 0 10 2 1 11 4 _ _ _ 
[00239266] 4 | _ 6 11 0 10 2 1 11 4 8 _ _ 
[00239267] 3 | 3 6 11 0 10 2 1 11 4 8 _ _ 
[00239268] 2 | 3 6 11 0 10 2 1 11 4 8 5 7 
[00239269] 2 | 3 6 11 0 10 2 1 11 4 8 7 9 
[00239270] 2 | 3 6 11 0 10 2 1 11 4 8 7 5 
[00239271] 2 | 3 6 11 0 10 2 1 11 4 8 9 7 
[00239272] 3 | 9 6 11 0 10 2 1 11 4 8 _ _ 
[00239273] 2 | 9 6 11 0 10 2 1 11 4 8 3 5 
[00239274] 2 | 9 6 11 0 10 2 1 11 4 8 5 7 
[00239275] 2 | 9 6 11 0 10 2 1 11 4 8 5 3 
[00239276] 2 | 9 6 11 0 10 2 1 11 4 8 7 5 
[00239277] 4 | _ 6 11 0 10 2 1 11 4 _ 3 7 
[00239278] 3 | 9 6 11 0 10 2 1 11 4 _ 3 7 
[00239279] 4 | _ 6 11 0 10 2 1 11 4 _ 5 9 
[00239280] 3 | 3 6 11 0 10 2 1 11 4 _ 5 9 
[00239281] 3 | _ 6 11 0 10 2 1 11 4 7 5 9 
[00239282] 2 | 8 6 11 0 10 2 1 11 4 7 5 9 
[00239283] 4 | _ 6 11 0 10 2 1 11 4 _ 7 3 
[00239284] 3 | 9 6 11 0 10 2 1 11 4 _ 7 3 
[00239285] 4 | _ 6 11 0 10 2 1 11 4 _ 9 5 
[00239286] 3 | 3 6 11 0 10 2 1 11 4 _ 9 5 
[00239287] 3 | _ 6 11 0 10 2 1 11 4 7 9 5 
[00239288] 2 | 8 6 11 0 10 2 1 11 4 7 9 5 
[00239289] 5 | _ 6 _ 0 10 2 1 11 4 9 _ _ 
[00239290] 4 | _ 6 _ 0 10 2 1 11 4 9 7 _ 
[00239291] 3 | 3 6 _ 0 10 2 1 11 4 9 7 _ 
[00239292] 2 | 3 6 8 0 10 2 1 11 4 9 7 _ 
[00239293] 2 | 3 6 _ 0 10 2 1 11 4 9 7 5 
[00239294] 3 | _ 6 3 0 10 2 1 11 4 9 7 _ 
[00239295] 2 | 8 6 3 0 10 2 1 11 4 9 7 _ 
[00239296] 2 | _ 6 3 0 10 2 1 11 4 9 7 5 
[00239297] 4 | _ 6 _ 0 10 2 1 11 4 9 3 7 
[00239298] 4 | _ 6 _ 0 10 2 1 11 4 9 7 3 
[00239299] 5 | _ 6 _ 0 10 2 1 11 4 _ 6 _ 
[00239300] 4 | _ 6 _ 0 10 2 1 11 4 8 6 _ 
[00239301] 3 | 3 6 _ 0 10 2 1 11 4 8 6 _ 
[00239302] 3 | 9 6 _ 0 10 2 1 11 4 8 6 _ 
[00239303] 3 | _ 6 3 0 10 2 1 11 4 8 6 _ 
[00239304] 3 | _ 6 9 0 10 2 1 11 4 8 6 _ 
[00239305] 3 | _ 6 _ 0 10 2 1 11 4 8 6 3 
[00239306] 3 | _ 6 _ 0 10 2 1 11 4 8 6 9 
[00239307] 5 | _ 6 _ 0 10 2 1 11 4 _ 3 8 
[00239308] 5 | _ 6 _ 0 10 2 1 11 4 _ 8 3 
[00239309] 6 | _ _ _ 0 10 2 1 11 4 _ 5 _ 
[00239310] 5 | 3 8 _ 0 10 2 1 11 4 _ 5 _ 
[00239311] 5 | 8 3 _ 0 10 2 1 11 4 _ 5 _ 
[00239312] 4 | 8 3 7 0 10 2 1 11 4 _ 5 _ 
[00239313] 4 | 8 3 _ 0 10 2 1 11 4 _ 5 9 
[00239314] 3 | 8 3 6 0 10 2 1 11 4 _ 5 9 
[00239315] 3 | 8 3 _ 0 10 2 1 11 4 7 5 9 
[00239316] 5 | _ 3 8 0 10 2 1 11 4 _ 5 _ 
[00239317] 4 | 7 3 8 0 10 2 1 11 4 _ 5 _ 
[00239318] 4 | _ 3 8 0 10 2 1 11 4 _ 5 9 
[00239319] 3 | 6 3 8 0 10 2 1 11 4 _ 5 9 
[00239320] 3 | _ 3 8 0 10 2 1 11 4 7 5 9 
[00239321] 5 | _ 8 3 0 10 2 1 11 4 _ 5 _ 
[00239322] 5 | _ 5 _ 0 10 2 1 11 4 _ 5 _ 
[00239323] 4 | 9 5 _ 0 10 2 1 11 4 _ 5 _ 
[00239324] 3 | 9 5 8 0 10 2 1 11 4 _ 5 _ 
[00239325] 2 | 9 5 8 0 10 2 1 11 4 6 5 _ 
[00239326] 3 | 9 5 _ 0 10 2 1 11 4 7 5 _ 
[00239327] 2 | 9 5 3 0 10 2 1 11 4 7 5 _ 
[00239328] 2 | 9 5 _ 0 10 2 1 11 4 7 5 3 
[00239329] 3 | 9 5 _ 0 10 2 1 11 4 _ 5 8 
[00239330] 2 | 9 5 _ 0 10 2 1 11 4 6 5 8 
[00239331] 4 | _ 5 9 0 10 2 1 11 4 _ 5 _ 
[00239332] 3 | 8 5 9 0 10 2 1 11 4 _ 5 _ 
[00239333] 2 | 8 5 9 0 10 2 1 11 4 6 5 _ 
[00239334] 3 | _ 5 9 0 10 2 1 11 4 7 5 _ 
[00239335] 2 | 3 5 9 0 10 2 1 11 4 7 5 _ 
[00239336] 2 | _ 5 9 0 10 2 1 11 4 7 5 3 
[00239337] 3 | _ 5 9 0 10 2 1 11 4 _ 5 8 
[00239338] 2 | _ 5 9 0 10 2 1 11 4 6 5 8 
[00239339] 4 | _ 5 _ 0 10 2 1 11 4 8 5 _ 
[00239340] 4 | _ 5 _ 0 10 2 1 11 4 _ 5 9 
[00239341] 3 | _ 5 _ 0 10 2 1 11 4 7 5 9 
[00239342] 5 | _ _ _ 0 10 2 1 11 4 9 5 _ 
[00239343] 4 | 3 7 _ 0 10 2 1 11 4 9 5 _ 
[00239344] 4 | 7 3 _ 0 10 2 1 11 4 9 5 _ 
[00239345] 3 | 7 3 6 0 10 2 1 11 4 9 5 _ 
[00239346] 3 | 7 3 _ 0 10 2 1 11 4 9 5 8 
[00239347] 4 | _ 3 7 0 10 2 1 11 4 9 5 _ 
[00239348] 3 | 6 3 7 0 10 2 1 11 4 9 5 _ 
[00239349] 3 | _ 3 7 0 10 2 1 11 4 9 5 8 
[00239350] 4 | _ 7 3 0 10 2 1 11 4 9 5 _ 
[00239351] 5 | _ _ _ 0 10 2 1 11 4 _ 5 0 
[00239352] 4 | 3 7 _ 0 10 2 1 11 4 _ 5 0 
[00239353] 4 | 7 3 _ 0 10 2 1 11 4 _ 5 0 
[00239354] 3 | 7 3 6 0 10 2 1 11 4 _ 5 0 
[00239355] 4 | _ 3 7 0 10 2 1 11 4 _ 5 0 
[00239356] 3 | 6 3 7 0 10 2 1 11 4 _ 5 0 
[00239357] 4 | _ 7 3 0 10 2 1 11 4 _ 5 0 
[00239358] 4 | _ _ _ 0 10 2 1 11 4 8 5 0 
[00239359] 3 | 3 6 _ 0 10 2 1 11 4 8 5 0 
[00239360] 3 | 6 9 _ 0 10 2 1 11 4 8 5 0 
[00239361] 3 | 6 3 _ 0 10 2 1 11 4 8 5 0 
[00239362] 3 | 9 6 _ 0 10 2 1 11 4 8 5 0 
[00239363] 3 | _ 3 6 0 10 2 1 11 4 8 5 0 
[00239364] 3 | _ 6 9 0 10 2 1 11 4 8 5 0 
[00239365] 3 | _ 6 3 0 10 2 1 11 4 8 5 0 
[00239366] 3 | _ 9 6 0 10 2 1 11 4 8 5 0 
[00239367] 6 | _ _ _ 0 10 2 1 11 4 _ 3 9 
[00239368] 5 | _ 5 _ 0 10 2 1 11 4 _ 3 9 
[00239369] 4 | _ 5 _ 0 10 2 1 11 4 8 3 9 
[00239370] 6 | _ _ _ 0 10 2 1 11 4 _ 9 3 
[00239371] 5 | _ 5 _ 0 10 2 1 11 4 _ 9 3 
[00239372] 4 | _ 5 _ 0 10 2 1 11 4 8 9 3 
[00239373] 7 | _ _ _ 0 10 2 1 11 _ _ 4 _ 
[00239374] 6 | 3 9 _ 0 10 2 1 11 _ _ 4 _ 
[00239375] 6 | 9 3 _ 0 10 2 1 11 _ _ 4 _ 
[00239376] 5 | 9 3 8 0 10 2 1 11 _ _ 4 _ 
[00239377] 4 | 9 3 8 0 10 2 1 11 7 _ 4 _ 
[00239378] 3 | 9 3 8 0 10 2 1 11 7 4 4 _ 
[00239379] 3 | 9 3 8 0 10 2 1 11 7 _ 4 7 
[00239380] 5 | 9 3 _ 0 10 2 1 11 6 _ 4 _ 
[00239381] 4 | 9 3 7 0 10 2 1 11 6 _ 4 _ 
[00239382] 4 | 9 3 _ 0 10 2 1 11 6 _ 4 8 
[00239383] 3 | 9 3 6 0 10 2 1 11 6 _ 4 8 
[00239384] 3 | 9 3 _ 0 10 2 1 11 6 3 4 8 
[00239385] 6 | _ 3 9 0 10 2 1 11 _ _ 4 _ 
[00239386] 5 | 8 3 9 0 10 2 1 11 _ _ 4 _ 
[00239387] 4 | 8 3 9 0 10 2 1 11 7 _ 4 _ 
[00239388] 3 | 8 3 9 0 10 2 1 11 7 4 4 _ 
[00239389] 3 | 8 3 9 0 10 2 1 11 7 _ 4 7 
[00239390] 5 | _ 3 9 0 10 2 1 11 6 _ 4 _ 
[00239391] 4 | 7 3 9 0 10 2 1 11 6 _ 4 _ 
[00239392] 4 | _ 3 9 0 10 2 1 11 6 _ 4 8 
[00239393] 3 | 6 3 9 0 10 2 1 11 6 _ 4 8 
[00239394] 3 | _ 3 9 0 10 2 1 11 6 3 4 8 
[00239395] 6 | _ 9 3 0 10 2 1 11 _ _ 4 _ 
[00239396] 6 | _ 6 _ 0 10 2 1 11 _ _ 4 _ 
[00239397] 5 | 11 6 _ 0 10 2 1 11 _ _ 4 _ 
[00239398] 4 | 11 6 _ 0 10 2 1 11 3 7 4 _ 
[00239399] 3 | 11 6 9 0 10 2 1 11 3 7 4 _ 
[00239400] 4 | 11 6 _ 0 10 2 1 11 5 9 4 _ 
[00239401] 3 | 11 6 3 0 10 2 1 11 5 9 4 _ 
[00239402] 3 | 11 6 _ 0 10 2 1 11 5 9 4 7 
[00239403] 2 | 11 6 8 0 10 2 1 11 5 9 4 7 
[00239404] 4 | 11 6 _ 0 10 2 1 11 7 3 4 _ 
[00239405] 3 | 11 6 9 0 10 2 1 11 7 3 4 _ 
[00239406] 4 | 11 6 _ 0 10 2 1 11 9 5 4 _ 
[00239407] 3 | 11 6 3 0 10 2 1 11 9 5 4 _ 
[00239408] 3 | 11 6 _ 0 10 2 1 11 9 5 4 7 
[00239409] 2 | 11 6 8 0 10 2 1 11 9 5 4 7 
[00239410] 4 | 11 6 _ 0 10 2 1 11 _ _ 4 8 
[00239411] 3 | 11 6 3 0 10 2 1 11 _ _ 4 8 
[00239412] 2 | 11 6 3 0 10 2 1 11 5 7 4 8 
[00239413] 2 | 11 6 3 0 10 2 1 11 7 9 4 8 
[00239414] 2 | 11 6 3 0 10 2 1 11 7 5 4 8 
[00239415] 2 | 11 6 3 0 10 2 1 11 9 7 4 8 
[00239416] 3 | 11 6 9 0 10 2 1 11 _ _ 4 8 
[00239417] 2 | 11 6 9 0 10 2 1 11 3 5 4 8 
[00239418] 2 | 11 6 9 0 10 2 1 11 5 7 4 8 
[00239419] 2 | 11 6 9 0 10 2 1 11 5 3 4 8 
[00239420] 2 | 11 6 9 0 10 2 1 11 7 5 4 8 
[00239421] 5 | _ 6 11 0 10 2 1 11 _ _ 4 _ 
[00239422] 4 | _ 6 11 0 10 2 1 11 3 7 4 _ 
[00239423] 3 | 9 6 11 0 10 2 1 11 3 7 4 _ 
[00239424] 4 | _ 6 11 0 10 2 1 11 5 9 4 _ 
[00239425] 3 | 3 6 11 0 10 2 1 11 5 9 4 _ 
[00239426] 3 | _ 6 11 0 10 2 1 11 5 9 4 7 
[00239427] 2 | 8 6 11 0 10 2 1 11 5 9 4 7 
[00239428] 4 | _ 6 11 0 10 2 1 11 7 3 4 _ 
[00239429] 3 | 9 6 11 0 10 2 1 11 7 3 4 _ 
[00239430] 4 | _ 6 11 0 10 2 1 11 9 5 4 _ 
[00239431] 3 | 3 6 11 0 10 2 1 11 9 5 4 _ 
[00239432] 3 | _ 6 11 0 10 2 1 11 9 5 4 7 
[00239433] 2 | 8 6 11 0 10 2 1 11 9 5 4 7 
[00239434] 4 | _ 6 11 0 10 2 1 11 _ _ 4 8 
[00239435] 3 | 3 6 11 0 10 2 1 11 _ _ 4 8 
[00239436] 2 | 3 6 11 0 10 2 1 11 5 7 4 8 
[00239437] 2 | 3 6 11 0 10 2 1 11 7 9 4 8 
[00239438] 2 | 3 6 11 0 10 2 1 11 7 5 4 8 
[00239439] 2 | 3 6 11 0 10 2 1 11 9 7 4 8 
[00239440] 3 | 9 6 11 0 10 2 1 11 _ _ 4 8 
[00239441] 2 | 9 6 11 0 10 2 1 11 3 5 4 8 
[00239442] 2 | 9 6 11 0 10 2 1 11 5 7 4 8 
[00239443] 2 | 9 6 11 0 10 2 1 11 5 3 4 8 
[00239444] 2 | 9 6 11 0 10 2 1 11 7 5 4 8 
[00239445] 5 | _ 6 _ 0 10 2 1 11 6 _ 4 _ 
[00239446] 4 | _ 6 _ 0 10 2 1 11 6 _ 4 8 
[00239447] 3 | 3 6 _ 0 10 2 1 11 6 _ 4 8 
[00239448] 3 | 9 6 _ 0 10 2 1 11 6 _ 4 8 
[00239449] 3 | _ 6 3 0 10 2 1 11 6 _ 4 8 
[00239450] 3 | _ 6 9 0 10 2 1 11 6 _ 4 8 
[00239451] 3 | _ 6 _ 0 10 2 1 11 6 3 4 8 
[00239452] 3 | _ 6 _ 0 10 2 1 11 6 9 4 8 
[00239453] 5 | _ 6 _ 0 10 2 1 11 3 8 4 _ 
[00239454] 5 | _ 6 _ 0 10 2 1 11 8 3 4 _ 
[00239455] 5 | _ 6 _ 0 10 2 1 11 _ _ 4 9 
[00239456] 4 | _ 6 _ 0 10 2 1 11 7 _ 4 9 
[00239457] 3 | 3 6 _ 0 10 2 1 11 7 _ 4 9 
[00239458] 2 | 3 6 8 0 10 2 1 11 7 _ 4 9 
[00239459] 2 | 3 6 _ 0 10 2 1 11 7 5 4 9 
[00239460] 3 | _ 6 3 0 10 2 1 11 7 _ 4 9 
[00239461] 2 | 8 6 3 0 10 2 1 11 7 _ 4 9 
[00239462] 2 | _ 6 3 0 10 2 1 11 7 5 4 9 
[00239463] 4 | _ 6 _ 0 10 2 1 11 3 7 4 9 
[00239464] 4 | _ 6 _ 0 10 2 1 11 7 3 4 9 
[00239465] 6 | _ _ _ 0 10 2 1 11 5 _ 4 _ 
[00239466] 5 | 3 8 _ 0 10 2 1 11 5 _ 4 _ 
[00239467] 5 | 8 3 _ 0 10 2 1 11 5 _ 4 _ 
[00239468] 4 | 8 3 7 0 10 2 1 11 5 _ 4 _ 
[00239469] 4 | 8 3 _ 0 10 2 1 11 5 9 4 _ 
[00239470] 3 | 8 3 6 0 10 2 1 11 5 9 4 _ 
[00239471] 3 | 8 3 _ 0 10 2 1 11 5 9 4 7 
[00239472] 5 | _ 3 8 0 10 2 1 11 5 _ 4 _ 
[00239473] 4 | 7 3 8 0 10 2 1 11 5 _ 4 _ 
[00239474] 4 | _ 3 8 0 10 2 1 11 5 9 4 _ 
[00239475] 3 | 6 3 8 0 10 2 1 11 5 9 4 _ 
[00239476] 3 | _ 3 8 0 10 2 1 11 5 9 4 7 
[00239477] 5 | _ 8 3 0 10 2 1 11 5 _ 4 _ 
[00239478] 5 | _ 5 _ 0 10 2 1 11 5 _ 4 _ 
[00239479] 4 | 9 5 _ 0 10 2 1 11 5 _ 4 _ 
[00239480] 3 | 9 5 8 0 10 2 1 11 5 _ 4 _ 
[00239481] 2 | 9 5 8 0 10 2 1 11 5 _ 4 6 
[00239482] 3 | 9 5 _ 0 10 2 1 11 5 8 4 _ 
[00239483] 2 | 9 5 _ 0 10 2 1 11 5 8 4 6 
[00239484] 3 | 9 5 _ 0 10 2 1 11 5 _ 4 7 
[00239485] 2 | 9 5 3 0 10 2 1 11 5 _ 4 7 
[00239486] 2 | 9 5 _ 0 10 2 1 11 5 3 4 7 
[00239487] 4 | _ 5 9 0 10 2 1 11 5 _ 4 _ 
[00239488] 3 | 8 5 9 0 10 2 1 11 5 _ 4 _ 
[00239489] 2 | 8 5 9 0 10 2 1 11 5 _ 4 6 
[00239490] 3 | _ 5 9 0 10 2 1 11 5 8 4 _ 
[00239491] 2 | _ 5 9 0 10 2 1 11 5 8 4 6 
[00239492] 3 | _ 5 9 0 10 2 1 11 5 _ 4 7 
[00239493] 2 | 3 5 9 0 10 2 1 11 5 _ 4 7 
[00239494] 2 | _ 5 9 0 10 2 1 11 5 3 4 7 
[00239495] 4 | _ 5 _ 0 10 2 1 11 5 9 4 _ 
[00239496] 3 | _ 5 _ 0 10 2 1 11 5 9 4 7 
[00239497] 4 | _ 5 _ 0 10 2 1 11 5 _ 4 8 
[00239498] 5 | _ _ _ 0 10 2 1 11 5 0 4 _ 
[00239499] 4 | 3 7 _ 0 10 2 1 11 5 0 4 _ 
[00239500] 4 | 7 3 _ 0 10 2 1 11 5 0 4 _ 
[00239501] 3 | 7 3 6 0 10 2 1 11 5 0 4 _ 
