[00078247] 1 | 6 11 2 0 10 3 4 1 5 8 9 7  *Graceful*
[00078247] 4 | 6 11 2 0 10 3 4 1 _ _ 9 5 
[00078248] 5 | _ 11 2 0 10 3 4 1 6 _ 9 _ 
[00078249] 4 | 7 11 2 0 10 3 4 1 6 _ 9 _ 
[00078250] 3 | 7 11 2 0 10 3 4 1 6 9 9 _ 
[00078251] 3 | 7 11 2 0 10 3 4 1 6 _ 9 6 
[00078252] 4 | _ 11 2 0 10 3 4 1 6 _ 9 5 
[00078253] 3 | 8 11 2 0 10 3 4 1 6 _ 9 5 
[00078254] 6 | _ 11 2 0 10 3 _ 1 7 _ 9 _ 
[00078255] 5 | 6 11 2 0 10 3 _ 1 7 _ 9 _ 
[00078256] 4 | 6 11 2 0 10 3 _ 1 7 _ 9 5 
[00078257] 3 | 6 11 2 0 10 3 7 1 7 _ 9 5 
[00078258] 3 | 6 11 2 0 10 3 _ 1 7 4 9 5 
[00078259] 2 | 6 11 2 0 10 3 8 1 7 4 9 5 
[00078260] 1 | 6 11 2 0 10 3 8 1 7 4 9 5  *Graceful*
[00078260] 3 | 6 11 2 0 10 3 _ 1 7 10 9 5 
[00078261] 5 | _ 11 2 0 10 3 5 1 7 _ 9 _ 
[00078262] 4 | 7 11 2 0 10 3 5 1 7 _ 9 _ 
[00078263] 3 | 7 11 2 0 10 3 5 1 7 _ 9 6 
[00078264] 4 | _ 11 2 0 10 3 5 1 7 11 9 _ 
[00078265] 3 | _ 11 2 0 10 3 5 1 7 11 9 6 
[00078266] 5 | _ 11 2 0 10 3 _ 1 7 _ 9 4 
[00078267] 4 | 7 11 2 0 10 3 _ 1 7 _ 9 4 
[00078268] 4 | _ 11 2 0 10 3 6 1 7 _ 9 4 
[00078269] 3 | 8 11 2 0 10 3 6 1 7 _ 9 4 
[00078270] 2 | 8 11 2 0 10 3 6 1 7 5 9 4 
[00078271] 1 | 8 11 2 0 10 3 6 1 7 5 9 4  *Graceful*
[00078271] 4 | _ 11 2 0 10 3 _ 1 7 11 9 4 
[00078272] 7 | _ 11 2 0 10 _ 3 1 _ _ 9 _ 
[00078273] 6 | 5 11 2 0 10 _ 3 1 _ _ 9 _ 
[00078274] 5 | 5 11 2 0 10 _ 3 1 6 _ 9 _ 
[00078275] 4 | 5 11 2 0 10 6 3 1 6 _ 9 _ 
[00078276] 4 | 5 11 2 0 10 _ 3 1 6 10 9 _ 
[00078277] 5 | 5 11 2 0 10 _ 3 1 _ _ 9 4 
[00078278] 4 | 5 11 2 0 10 6 3 1 _ _ 9 4 
[00078279] 6 | _ 11 2 0 10 4 3 1 _ _ 9 _ 
[00078280] 5 | 6 11 2 0 10 4 3 1 _ _ 9 _ 
[00078281] 4 | 6 11 2 0 10 4 3 1 5 _ 9 _ 
[00078282] 3 | 6 11 2 0 10 4 3 1 5 8 9 _ 
[00078283] 2 | 6 11 2 0 10 4 3 1 5 8 9 7 
[00078284] 1 | 6 11 2 0 10 4 3 1 5 8 9 7  *Graceful*
[00078284] 4 | 6 11 2 0 10 4 3 1 _ _ 9 5 
[00078285] 5 | _ 11 2 0 10 4 3 1 6 _ 9 _ 
[00078286] 4 | 7 11 2 0 10 4 3 1 6 _ 9 _ 
[00078287] 3 | 7 11 2 0 10 4 3 1 6 9 9 _ 
[00078288] 3 | 7 11 2 0 10 4 3 1 6 _ 9 6 
[00078289] 4 | _ 11 2 0 10 4 3 1 6 _ 9 5 
[00078290] 3 | 8 11 2 0 10 4 3 1 6 _ 9 5 
[00078291] 6 | _ 11 2 0 10 _ 3 1 7 _ 9 _ 
[00078292] 5 | 6 11 2 0 10 _ 3 1 7 _ 9 _ 
[00078293] 4 | 6 11 2 0 10 _ 3 1 7 _ 9 5 
[00078294] 3 | 6 11 2 0 10 7 3 1 7 _ 9 5 
[00078295] 3 | 6 11 2 0 10 _ 3 1 7 4 9 5 
[00078296] 2 | 6 11 2 0 10 8 3 1 7 4 9 5 
[00078297] 1 | 6 11 2 0 10 8 3 1 7 4 9 5  *Graceful*
[00078297] 3 | 6 11 2 0 10 _ 3 1 7 10 9 5 
[00078298] 5 | _ 11 2 0 10 5 3 1 7 _ 9 _ 
[00078299] 4 | 7 11 2 0 10 5 3 1 7 _ 9 _ 
[00078300] 3 | 7 11 2 0 10 5 3 1 7 _ 9 6 
[00078301] 4 | _ 11 2 0 10 5 3 1 7 11 9 _ 
[00078302] 3 | _ 11 2 0 10 5 3 1 7 11 9 6 
[00078303] 5 | _ 11 2 0 10 _ 3 1 7 _ 9 4 
[00078304] 4 | 7 11 2 0 10 _ 3 1 7 _ 9 4 
[00078305] 4 | _ 11 2 0 10 6 3 1 7 _ 9 4 
[00078306] 3 | 8 11 2 0 10 6 3 1 7 _ 9 4 
[00078307] 2 | 8 11 2 0 10 6 3 1 7 5 9 4 
[00078308] 1 | 8 11 2 0 10 6 3 1 7 5 9 4  *Graceful*
[00078308] 4 | _ 11 2 0 10 _ 3 1 7 11 9 4 
[00078309] 7 | _ 11 2 0 10 _ _ 1 8 _ 9 _ 
[00078310] 6 | 5 11 2 0 10 _ _ 1 8 _ 9 _ 
[00078311] 5 | 5 11 2 0 10 _ _ 1 8 3 9 _ 
[00078312] 4 | 5 11 2 0 10 6 _ 1 8 3 9 _ 
[00078313] 3 | 5 11 2 0 10 6 7 1 8 3 9 _ 
[00078314] 4 | 5 11 2 0 10 _ 6 1 8 3 9 _ 
[00078315] 3 | 5 11 2 0 10 7 6 1 8 3 9 _ 
[00078316] 5 | 5 11 2 0 10 _ _ 1 8 _ 9 4 
[00078317] 4 | 5 11 2 0 10 6 _ 1 8 _ 9 4 
[00078318] 3 | 5 11 2 0 10 6 7 1 8 _ 9 4 
[00078319] 4 | 5 11 2 0 10 _ 6 1 8 _ 9 4 
[00078320] 3 | 5 11 2 0 10 7 6 1 8 _ 9 4 
[00078321] 6 | _ 11 2 0 10 4 _ 1 8 _ 9 _ 
[00078322] 5 | 6 11 2 0 10 4 _ 1 8 _ 9 _ 
[00078323] 4 | 6 11 2 0 10 4 _ 1 8 _ 9 5 
[00078324] 3 | 6 11 2 0 10 4 7 1 8 _ 9 5 
[00078325] 5 | _ 11 2 0 10 4 5 1 8 _ 9 _ 
[00078326] 4 | 7 11 2 0 10 4 5 1 8 _ 9 _ 
[00078327] 3 | 7 11 2 0 10 4 5 1 8 _ 9 6 
[00078328] 5 | _ 11 2 0 10 4 _ 1 8 3 9 _ 
[00078329] 4 | 7 11 2 0 10 4 _ 1 8 3 9 _ 
[00078330] 3 | 7 11 2 0 10 4 _ 1 8 3 9 6 
[00078331] 4 | _ 11 2 0 10 4 6 1 8 3 9 _ 
[00078332] 4 | _ 11 2 0 10 4 _ 1 8 3 9 5 
[00078333] 3 | _ 11 2 0 10 4 7 1 8 3 9 5 
[00078334] 6 | _ 11 2 0 10 _ 4 1 8 _ 9 _ 
[00078335] 5 | 6 11 2 0 10 _ 4 1 8 _ 9 _ 
[00078336] 4 | 6 11 2 0 10 _ 4 1 8 _ 9 5 
[00078337] 3 | 6 11 2 0 10 7 4 1 8 _ 9 5 
[00078338] 5 | _ 11 2 0 10 5 4 1 8 _ 9 _ 
[00078339] 4 | 7 11 2 0 10 5 4 1 8 _ 9 _ 
[00078340] 3 | 7 11 2 0 10 5 4 1 8 _ 9 6 
[00078341] 5 | _ 11 2 0 10 _ 4 1 8 3 9 _ 
[00078342] 4 | 7 11 2 0 10 _ 4 1 8 3 9 _ 
[00078343] 3 | 7 11 2 0 10 _ 4 1 8 3 9 6 
[00078344] 4 | _ 11 2 0 10 6 4 1 8 3 9 _ 
[00078345] 4 | _ 11 2 0 10 _ 4 1 8 3 9 5 
[00078346] 3 | _ 11 2 0 10 7 4 1 8 3 9 5 
[00078347] 6 | _ 11 2 0 10 _ _ 1 8 _ 9 3 
[00078348] 5 | 6 11 2 0 10 _ _ 1 8 _ 9 3 
[00078349] 4 | 6 11 2 0 10 _ _ 1 8 4 9 3 
[00078350] 3 | 6 11 2 0 10 7 _ 1 8 4 9 3 
[00078351] 3 | 6 11 2 0 10 _ 7 1 8 4 9 3 
[00078352] 5 | _ 11 2 0 10 5 _ 1 8 _ 9 3 
[00078353] 4 | 7 11 2 0 10 5 _ 1 8 _ 9 3 
[00078354] 4 | _ 11 2 0 10 5 6 1 8 _ 9 3 
[00078355] 3 | 8 11 2 0 10 5 6 1 8 _ 9 3 
[00078356] 3 | _ 11 2 0 10 5 6 1 8 11 9 3 
[00078357] 4 | _ 11 2 0 10 5 _ 1 8 4 9 3 
[00078358] 3 | _ 11 2 0 10 5 7 1 8 4 9 3 
[00078359] 5 | _ 11 2 0 10 _ 5 1 8 _ 9 3 
[00078360] 4 | 7 11 2 0 10 _ 5 1 8 _ 9 3 
[00078361] 4 | _ 11 2 0 10 6 5 1 8 _ 9 3 
[00078362] 3 | 8 11 2 0 10 6 5 1 8 _ 9 3 
[00078363] 3 | _ 11 2 0 10 6 5 1 8 11 9 3 
[00078364] 4 | _ 11 2 0 10 _ 5 1 8 4 9 3 
[00078365] 3 | _ 11 2 0 10 7 5 1 8 4 9 3 
[00078366] 8 | _ 11 2 0 10 _ _ 9 _ _ 1 _ 
[00078367] 7 | 4 11 2 0 10 _ _ 9 _ _ 1 _ 
[00078368] 6 | 4 11 2 0 10 _ _ 9 3 _ 1 _ 
[00078369] 5 | 4 11 2 0 10 5 _ 9 3 _ 1 _ 
[00078370] 4 | 4 11 2 0 10 5 6 9 3 _ 1 _ 
[00078371] 4 | 4 11 2 0 10 5 _ 9 3 7 1 _ 
[00078372] 5 | 4 11 2 0 10 _ 5 9 3 _ 1 _ 
[00078373] 4 | 4 11 2 0 10 6 5 9 3 _ 1 _ 
[00078374] 4 | 4 11 2 0 10 _ 5 9 3 7 1 _ 
[00078375] 5 | 4 11 2 0 10 _ _ 9 3 8 1 _ 
[00078376] 4 | 4 11 2 0 10 6 _ 9 3 8 1 _ 
[00078377] 3 | 4 11 2 0 10 6 7 9 3 8 1 _ 
[00078378] 4 | 4 11 2 0 10 _ 6 9 3 8 1 _ 
[00078379] 3 | 4 11 2 0 10 7 6 9 3 8 1 _ 
[00078380] 4 | 4 11 2 0 10 _ _ 9 3 8 1 5 
[00078381] 3 | 4 11 2 0 10 7 _ 9 3 8 1 5 
[00078382] 3 | 4 11 2 0 10 _ 7 9 3 8 1 5 
[00078383] 5 | 4 11 2 0 10 _ _ 9 3 _ 1 6 
[00078384] 4 | 4 11 2 0 10 _ _ 9 3 7 1 6 
[00078385] 6 | 4 11 2 0 10 _ _ 9 _ _ 1 7 
[00078386] 5 | 4 11 2 0 10 5 _ 9 _ _ 1 7 
[00078387] 4 | 4 11 2 0 10 5 6 9 _ _ 1 7 
[00078388] 5 | 4 11 2 0 10 _ 5 9 _ _ 1 7 
[00078389] 4 | 4 11 2 0 10 6 5 9 _ _ 1 7 
[00078390] 5 | 4 11 2 0 10 _ _ 9 3 8 1 7 
[00078391] 4 | 4 11 2 0 10 6 _ 9 3 8 1 7 
[00078392] 4 | 4 11 2 0 10 _ 6 9 3 8 1 7 
[00078393] 5 | 4 11 2 0 10 _ _ 9 8 3 1 7 
[00078394] 4 | 4 11 2 0 10 6 _ 9 8 3 1 7 
[00078395] 4 | 4 11 2 0 10 _ 6 9 8 3 1 7 
[00078396] 7 | _ 11 2 0 10 3 _ 9 _ _ 1 _ 
[00078397] 6 | 5 11 2 0 10 3 _ 9 _ _ 1 _ 
[00078398] 5 | 5 11 2 0 10 3 _ 9 4 _ 1 _ 
[00078399] 4 | 5 11 2 0 10 3 6 9 4 _ 1 _ 
[00078400] 3 | 5 11 2 0 10 3 6 9 4 1 1 _ 
[00078401] 3 | 5 11 2 0 10 3 6 9 4 7 1 _ 
[00078402] 3 | 5 11 2 0 10 3 6 9 4 _ 1 4 
[00078403] 4 | 5 11 2 0 10 3 _ 9 4 8 1 _ 
[00078404] 3 | 5 11 2 0 10 3 7 9 4 8 1 _ 
[00078405] 5 | 5 11 2 0 10 3 _ 9 _ _ 1 6 
[00078406] 4 | 5 11 2 0 10 3 _ 9 4 8 1 6 
[00078407] 3 | 5 11 2 0 10 3 7 9 4 8 1 6 
[00078408] 4 | 5 11 2 0 10 3 _ 9 8 4 1 6 
[00078409] 3 | 5 11 2 0 10 3 7 9 8 4 1 6 
[00078410] 6 | _ 11 2 0 10 3 4 9 _ _ 1 _ 
[00078411] 5 | 6 11 2 0 10 3 4 9 _ _ 1 _ 
[00078412] 4 | 6 11 2 0 10 3 4 9 5 _ 1 _ 
[00078413] 3 | 6 11 2 0 10 3 4 9 5 8 1 _ 
[00078414] 4 | 6 11 2 0 10 3 4 9 _ _ 1 5 
[00078415] 5 | _ 11 2 0 10 3 4 9 _ _ 1 6 
[00078416] 4 | 7 11 2 0 10 3 4 9 _ _ 1 6 
[00078417] 3 | 7 11 2 0 10 3 4 9 5 8 1 6 
[00078418] 3 | 7 11 2 0 10 3 4 9 8 5 1 6 
[00078419] 4 | _ 11 2 0 10 3 4 9 5 _ 1 6 
[00078420] 3 | 8 11 2 0 10 3 4 9 5 _ 1 6 
[00078421] 2 | 8 11 2 0 10 3 4 9 5 7 1 6 
[00078422] 3 | _ 11 2 0 10 3 4 9 5 8 1 6 
[00078423] 6 | _ 11 2 0 10 3 _ 9 _ _ 1 7 
[00078424] 5 | 6 11 2 0 10 3 _ 9 _ _ 1 7 
[00078425] 4 | 6 11 2 0 10 3 _ 9 5 _ 1 7 
[00078426] 3 | 6 11 2 0 10 3 _ 9 5 8 1 7 
[00078427] 4 | 6 11 2 0 10 3 _ 9 4 8 1 7 
[00078428] 4 | 6 11 2 0 10 3 _ 9 8 4 1 7 
[00078429] 5 | _ 11 2 0 10 3 5 9 _ _ 1 7 
[00078430] 4 | _ 11 2 0 10 3 5 9 4 8 1 7 
[00078431] 4 | _ 11 2 0 10 3 5 9 8 4 1 7 
[00078432] 5 | _ 11 2 0 10 3 _ 9 4 _ 1 7 
[00078433] 4 | _ 11 2 0 10 3 6 9 4 _ 1 7 
[00078434] 3 | 8 11 2 0 10 3 6 9 4 _ 1 7 
[00078435] 4 | _ 11 2 0 10 3 _ 9 4 8 1 7 
[00078436] 7 | _ 11 2 0 10 _ 3 9 _ _ 1 _ 
[00078437] 6 | 5 11 2 0 10 _ 3 9 _ _ 1 _ 
[00078438] 5 | 5 11 2 0 10 _ 3 9 4 _ 1 _ 
[00078439] 4 | 5 11 2 0 10 6 3 9 4 _ 1 _ 
[00078440] 3 | 5 11 2 0 10 6 3 9 4 1 1 _ 
[00078441] 3 | 5 11 2 0 10 6 3 9 4 7 1 _ 
[00078442] 3 | 5 11 2 0 10 6 3 9 4 _ 1 4 
[00078443] 4 | 5 11 2 0 10 _ 3 9 4 8 1 _ 
[00078444] 3 | 5 11 2 0 10 7 3 9 4 8 1 _ 
[00078445] 5 | 5 11 2 0 10 _ 3 9 _ _ 1 6 
[00078446] 4 | 5 11 2 0 10 _ 3 9 4 8 1 6 
[00078447] 3 | 5 11 2 0 10 7 3 9 4 8 1 6 
[00078448] 4 | 5 11 2 0 10 _ 3 9 8 4 1 6 
[00078449] 3 | 5 11 2 0 10 7 3 9 8 4 1 6 
[00078450] 6 | _ 11 2 0 10 4 3 9 _ _ 1 _ 
[00078451] 5 | 6 11 2 0 10 4 3 9 _ _ 1 _ 
[00078452] 4 | 6 11 2 0 10 4 3 9 5 _ 1 _ 
[00078453] 3 | 6 11 2 0 10 4 3 9 5 8 1 _ 
[00078454] 4 | 6 11 2 0 10 4 3 9 _ _ 1 5 
[00078455] 5 | _ 11 2 0 10 4 3 9 _ _ 1 6 
[00078456] 4 | 7 11 2 0 10 4 3 9 _ _ 1 6 
[00078457] 3 | 7 11 2 0 10 4 3 9 5 8 1 6 
[00078458] 3 | 7 11 2 0 10 4 3 9 8 5 1 6 
[00078459] 4 | _ 11 2 0 10 4 3 9 5 _ 1 6 
[00078460] 3 | 8 11 2 0 10 4 3 9 5 _ 1 6 
[00078461] 2 | 8 11 2 0 10 4 3 9 5 7 1 6 
[00078462] 3 | _ 11 2 0 10 4 3 9 5 8 1 6 
[00078463] 6 | _ 11 2 0 10 _ 3 9 _ _ 1 7 
[00078464] 5 | 6 11 2 0 10 _ 3 9 _ _ 1 7 
[00078465] 4 | 6 11 2 0 10 _ 3 9 5 _ 1 7 
[00078466] 3 | 6 11 2 0 10 _ 3 9 5 8 1 7 
[00078467] 4 | 6 11 2 0 10 _ 3 9 4 8 1 7 
[00078468] 4 | 6 11 2 0 10 _ 3 9 8 4 1 7 
[00078469] 5 | _ 11 2 0 10 5 3 9 _ _ 1 7 
[00078470] 4 | _ 11 2 0 10 5 3 9 4 8 1 7 
[00078471] 4 | _ 11 2 0 10 5 3 9 8 4 1 7 
[00078472] 5 | _ 11 2 0 10 _ 3 9 4 _ 1 7 
[00078473] 4 | _ 11 2 0 10 6 3 9 4 _ 1 7 
[00078474] 3 | 8 11 2 0 10 6 3 9 4 _ 1 7 
[00078475] 4 | _ 11 2 0 10 _ 3 9 4 8 1 7 
[00078476] 7 | _ 11 2 0 10 _ _ 9 _ _ 1 8 
[00078477] 6 | 5 11 2 0 10 _ _ 9 _ _ 1 8 
[00078478] 5 | 5 11 2 0 10 _ _ 9 4 _ 1 8 
[00078479] 4 | 5 11 2 0 10 6 _ 9 4 _ 1 8 
[00078480] 3 | 5 11 2 0 10 6 7 9 4 _ 1 8 
[00078481] 3 | 5 11 2 0 10 6 _ 9 4 7 1 8 
[00078482] 4 | 5 11 2 0 10 _ 6 9 4 _ 1 8 
[00078483] 3 | 5 11 2 0 10 7 6 9 4 _ 1 8 
[00078484] 3 | 5 11 2 0 10 _ 6 9 4 7 1 8 
[00078485] 6 | _ 11 2 0 10 4 _ 9 _ _ 1 8 
[00078486] 5 | 6 11 2 0 10 4 _ 9 _ _ 1 8 
[00078487] 4 | 6 11 2 0 10 4 _ 9 5 _ 1 8 
[00078488] 3 | 6 11 2 0 10 4 7 9 5 _ 1 8 
[00078489] 2 | 6 11 2 0 10 4 7 9 5 3 1 8 
[00078490] 4 | 6 11 2 0 10 4 _ 9 3 7 1 8 
[00078491] 4 | 6 11 2 0 10 4 _ 9 7 3 1 8 
[00078492] 5 | _ 11 2 0 10 4 5 9 _ _ 1 8 
[00078493] 4 | 7 11 2 0 10 4 5 9 _ _ 1 8 
[00078494] 3 | 7 11 2 0 10 4 5 9 6 _ 1 8 
[00078495] 3 | 7 11 2 0 10 4 5 9 3 6 1 8 
[00078496] 3 | 7 11 2 0 10 4 5 9 6 3 1 8 
[00078497] 4 | _ 11 2 0 10 4 5 9 3 7 1 8 
[00078498] 4 | _ 11 2 0 10 4 5 9 7 3 1 8 
[00078499] 6 | _ 11 2 0 10 _ 4 9 _ _ 1 8 
[00078500] 5 | 6 11 2 0 10 _ 4 9 _ _ 1 8 
[00078501] 4 | 6 11 2 0 10 _ 4 9 5 _ 1 8 
[00078502] 3 | 6 11 2 0 10 7 4 9 5 _ 1 8 
[00078503] 2 | 6 11 2 0 10 7 4 9 5 3 1 8 
[00078504] 4 | 6 11 2 0 10 _ 4 9 3 7 1 8 
[00078505] 4 | 6 11 2 0 10 _ 4 9 7 3 1 8 
[00078506] 5 | _ 11 2 0 10 5 4 9 _ _ 1 8 
[00078507] 4 | 7 11 2 0 10 5 4 9 _ _ 1 8 
[00078508] 3 | 7 11 2 0 10 5 4 9 6 _ 1 8 
[00078509] 3 | 7 11 2 0 10 5 4 9 3 6 1 8 
[00078510] 3 | 7 11 2 0 10 5 4 9 6 3 1 8 
[00078511] 4 | _ 11 2 0 10 5 4 9 3 7 1 8 
[00078512] 4 | _ 11 2 0 10 5 4 9 7 3 1 8 
[00078513] 6 | _ 11 2 0 10 _ _ 9 3 _ 1 8 
[00078514] 5 | 6 11 2 0 10 _ _ 9 3 _ 1 8 
[00078515] 4 | 6 11 2 0 10 _ _ 9 3 7 1 8 
[00078516] 5 | _ 11 2 0 10 5 _ 9 3 _ 1 8 
[00078517] 4 | 7 11 2 0 10 5 _ 9 3 _ 1 8 
[00078518] 3 | 7 11 2 0 10 5 _ 9 3 6 1 8 
[00078519] 4 | _ 11 2 0 10 5 6 9 3 _ 1 8 
[00078520] 4 | _ 11 2 0 10 5 _ 9 3 7 1 8 
[00078521] 5 | _ 11 2 0 10 _ 5 9 3 _ 1 8 
[00078522] 4 | 7 11 2 0 10 _ 5 9 3 _ 1 8 
[00078523] 3 | 7 11 2 0 10 _ 5 9 3 6 1 8 
[00078524] 4 | _ 11 2 0 10 6 5 9 3 _ 1 8 
[00078525] 4 | _ 11 2 0 10 _ 5 9 3 7 1 8 
[00078526] 8 | _ 11 2 0 10 _ _ _ _ _ 1 9 
[00078527] 7 | 4 11 2 0 10 _ _ _ _ _ 1 9 
[00078528] 6 | 4 11 2 0 10 _ _ 6 _ _ 1 9 
[00078529] 5 | 4 11 2 0 10 5 _ 6 _ _ 1 9 
[00078530] 4 | 4 11 2 0 10 5 6 6 _ _ 1 9 
[00078531] 4 | 4 11 2 0 10 5 _ 6 10 _ 1 9 
[00078532] 3 | 4 11 2 0 10 5 7 6 10 _ 1 9 
[00078533] 3 | 4 11 2 0 10 5 _ 6 10 7 1 9 
[00078534] 4 | 4 11 2 0 10 5 _ 6 3 7 1 9 
[00078535] 4 | 4 11 2 0 10 5 _ 6 7 3 1 9 
[00078536] 5 | 4 11 2 0 10 _ 5 6 _ _ 1 9 
[00078537] 4 | 4 11 2 0 10 6 5 6 _ _ 1 9 
[00078538] 4 | 4 11 2 0 10 _ 5 6 10 _ 1 9 
[00078539] 3 | 4 11 2 0 10 7 5 6 10 _ 1 9 
[00078540] 3 | 4 11 2 0 10 _ 5 6 10 7 1 9 
[00078541] 4 | 4 11 2 0 10 _ 5 6 3 7 1 9 
[00078542] 4 | 4 11 2 0 10 _ 5 6 7 3 1 9 
[00078543] 5 | 4 11 2 0 10 _ _ 6 3 8 1 9 
[00078544] 5 | 4 11 2 0 10 _ _ 6 8 3 1 9 
[00078545] 6 | 4 11 2 0 10 _ _ 7 _ _ 1 9 
[00078546] 5 | 4 11 2 0 10 5 _ 7 _ _ 1 9 
[00078547] 4 | 4 11 2 0 10 5 6 7 _ _ 1 9 
[00078548] 4 | 4 11 2 0 10 5 _ 7 3 _ 1 9 
[00078549] 3 | 4 11 2 0 10 5 _ 7 3 6 1 9 
[00078550] 2 | 4 11 2 0 10 5 8 7 3 6 1 9 
[00078551] 5 | 4 11 2 0 10 _ 5 7 _ _ 1 9 
[00078552] 4 | 4 11 2 0 10 6 5 7 _ _ 1 9 
[00078553] 4 | 4 11 2 0 10 _ 5 7 3 _ 1 9 
[00078554] 3 | 4 11 2 0 10 _ 5 7 3 6 1 9 
[00078555] 2 | 4 11 2 0 10 8 5 7 3 6 1 9 
[00078556] 5 | 4 11 2 0 10 _ _ 7 3 8 1 9 
[00078557] 4 | 4 11 2 0 10 6 _ 7 3 8 1 9 
[00078558] 4 | 4 11 2 0 10 _ 6 7 3 8 1 9 
[00078559] 5 | 4 11 2 0 10 _ _ 7 8 3 1 9 
[00078560] 4 | 4 11 2 0 10 6 _ 7 8 3 1 9 
[00078561] 4 | 4 11 2 0 10 _ 6 7 8 3 1 9 
[00078562] 7 | _ 11 2 0 10 3 _ _ _ _ 1 9 
[00078563] 6 | 5 11 2 0 10 3 _ _ _ _ 1 9 
[00078564] 5 | 5 11 2 0 10 3 _ 6 _ _ 1 9 
[00078565] 4 | 5 11 2 0 10 3 6 6 _ _ 1 9 
[00078566] 3 | 5 11 2 0 10 3 6 6 4 7 1 9 
[00078567] 3 | 5 11 2 0 10 3 6 6 7 4 1 9 
[00078568] 4 | 5 11 2 0 10 3 _ 6 10 _ 1 9 
[00078569] 3 | 5 11 2 0 10 3 7 6 10 _ 1 9 
[00078570] 3 | 5 11 2 0 10 3 _ 6 10 7 1 9 
[00078571] 4 | 5 11 2 0 10 3 _ 6 4 8 1 9 
[00078572] 3 | 5 11 2 0 10 3 7 6 4 8 1 9 
[00078573] 4 | 5 11 2 0 10 3 _ 6 8 4 1 9 
[00078574] 3 | 5 11 2 0 10 3 7 6 8 4 1 9 
[00078575] 6 | _ 11 2 0 10 3 4 _ _ _ 1 9 
[00078576] 5 | 6 11 2 0 10 3 4 _ _ _ 1 9 
[00078577] 4 | 6 11 2 0 10 3 4 5 _ _ 1 9 
[00078578] 3 | 6 11 2 0 10 3 4 5 8 _ 1 9 
[00078579] 5 | _ 11 2 0 10 3 4 5 _ _ 1 9 
[00078580] 4 | 7 11 2 0 10 3 4 5 _ _ 1 9 
[00078581] 3 | 7 11 2 0 10 3 4 5 8 _ 1 9 
[00078582] 2 | 7 11 2 0 10 3 4 5 8 6 1 9 
[00078583] 5 | _ 11 2 0 10 3 4 6 _ _ 1 9 
[00078584] 4 | 7 11 2 0 10 3 4 6 _ _ 1 9 
[00078585] 3 | 7 11 2 0 10 3 4 6 5 8 1 9 
[00078586] 3 | 7 11 2 0 10 3 4 6 8 5 1 9 
[00078587] 6 | _ 11 2 0 10 3 _ 6 _ _ 1 9 
[00078588] 5 | 6 11 2 0 10 3 _ 6 _ _ 1 9 
[00078589] 4 | 6 11 2 0 10 3 _ 6 4 8 1 9 
[00078590] 3 | 6 11 2 0 10 3 7 6 4 8 1 9 
[00078591] 4 | 6 11 2 0 10 3 _ 6 8 4 1 9 
[00078592] 3 | 6 11 2 0 10 3 7 6 8 4 1 9 
[00078593] 5 | _ 11 2 0 10 3 5 6 _ _ 1 9 
[00078594] 4 | 7 11 2 0 10 3 5 6 _ _ 1 9 
[00078595] 4 | _ 11 2 0 10 3 5 6 4 8 1 9 
[00078596] 4 | _ 11 2 0 10 3 5 6 8 4 1 9 
[00078597] 5 | _ 11 2 0 10 3 _ 6 11 _ 1 9 
[00078598] 4 | 7 11 2 0 10 3 _ 6 11 _ 1 9 
[00078599] 4 | _ 11 2 0 10 3 _ 6 11 7 1 9 
[00078600] 6 | _ 11 2 0 10 3 _ 7 _ _ 1 9 
[00078601] 5 | 6 11 2 0 10 3 _ 7 _ _ 1 9 
[00078602] 4 | 6 11 2 0 10 3 _ 7 4 8 1 9 
[00078603] 4 | 6 11 2 0 10 3 _ 7 8 4 1 9 
[00078604] 5 | _ 11 2 0 10 3 5 7 _ _ 1 9 
[00078605] 4 | 7 11 2 0 10 3 5 7 _ _ 1 9 
[00078606] 4 | _ 11 2 0 10 3 5 7 11 _ 1 9 
[00078607] 3 | 8 11 2 0 10 3 5 7 11 _ 1 9 
[00078608] 3 | _ 11 2 0 10 3 5 7 11 8 1 9 
[00078609] 4 | _ 11 2 0 10 3 5 7 4 8 1 9 
[00078610] 4 | _ 11 2 0 10 3 5 7 8 4 1 9 
[00078611] 7 | _ 11 2 0 10 _ 3 _ _ _ 1 9 
[00078612] 6 | 5 11 2 0 10 _ 3 _ _ _ 1 9 
[00078613] 5 | 5 11 2 0 10 _ 3 6 _ _ 1 9 
[00078614] 4 | 5 11 2 0 10 6 3 6 _ _ 1 9 
[00078615] 3 | 5 11 2 0 10 6 3 6 4 7 1 9 
[00078616] 3 | 5 11 2 0 10 6 3 6 7 4 1 9 
[00078617] 4 | 5 11 2 0 10 _ 3 6 10 _ 1 9 
[00078618] 3 | 5 11 2 0 10 7 3 6 10 _ 1 9 
[00078619] 3 | 5 11 2 0 10 _ 3 6 10 7 1 9 
[00078620] 4 | 5 11 2 0 10 _ 3 6 4 8 1 9 
[00078621] 3 | 5 11 2 0 10 7 3 6 4 8 1 9 
[00078622] 4 | 5 11 2 0 10 _ 3 6 8 4 1 9 
[00078623] 3 | 5 11 2 0 10 7 3 6 8 4 1 9 
[00078624] 6 | _ 11 2 0 10 4 3 _ _ _ 1 9 
[00078625] 5 | 6 11 2 0 10 4 3 _ _ _ 1 9 
[00078626] 4 | 6 11 2 0 10 4 3 5 _ _ 1 9 
[00078627] 3 | 6 11 2 0 10 4 3 5 8 _ 1 9 
[00078628] 5 | _ 11 2 0 10 4 3 5 _ _ 1 9 
[00078629] 4 | 7 11 2 0 10 4 3 5 _ _ 1 9 
[00078630] 3 | 7 11 2 0 10 4 3 5 8 _ 1 9 
[00078631] 2 | 7 11 2 0 10 4 3 5 8 6 1 9 
[00078632] 5 | _ 11 2 0 10 4 3 6 _ _ 1 9 
[00078633] 4 | 7 11 2 0 10 4 3 6 _ _ 1 9 
[00078634] 3 | 7 11 2 0 10 4 3 6 5 8 1 9 
[00078635] 3 | 7 11 2 0 10 4 3 6 8 5 1 9 
[00078636] 6 | _ 11 2 0 10 _ 3 6 _ _ 1 9 
[00078637] 5 | 6 11 2 0 10 _ 3 6 _ _ 1 9 
[00078638] 4 | 6 11 2 0 10 _ 3 6 4 8 1 9 
[00078639] 3 | 6 11 2 0 10 7 3 6 4 8 1 9 
[00078640] 4 | 6 11 2 0 10 _ 3 6 8 4 1 9 
[00078641] 3 | 6 11 2 0 10 7 3 6 8 4 1 9 
[00078642] 5 | _ 11 2 0 10 5 3 6 _ _ 1 9 
[00078643] 4 | 7 11 2 0 10 5 3 6 _ _ 1 9 
[00078644] 4 | _ 11 2 0 10 5 3 6 4 8 1 9 
[00078645] 4 | _ 11 2 0 10 5 3 6 8 4 1 9 
[00078646] 5 | _ 11 2 0 10 _ 3 6 11 _ 1 9 
[00078647] 4 | 7 11 2 0 10 _ 3 6 11 _ 1 9 
[00078648] 4 | _ 11 2 0 10 _ 3 6 11 7 1 9 
[00078649] 6 | _ 11 2 0 10 _ 3 7 _ _ 1 9 
[00078650] 5 | 6 11 2 0 10 _ 3 7 _ _ 1 9 
[00078651] 4 | 6 11 2 0 10 _ 3 7 4 8 1 9 
[00078652] 4 | 6 11 2 0 10 _ 3 7 8 4 1 9 
[00078653] 5 | _ 11 2 0 10 5 3 7 _ _ 1 9 
[00078654] 4 | 7 11 2 0 10 5 3 7 _ _ 1 9 
[00078655] 4 | _ 11 2 0 10 5 3 7 11 _ 1 9 
[00078656] 3 | 8 11 2 0 10 5 3 7 11 _ 1 9 
[00078657] 3 | _ 11 2 0 10 5 3 7 11 8 1 9 
[00078658] 4 | _ 11 2 0 10 5 3 7 4 8 1 9 
[00078659] 4 | _ 11 2 0 10 5 3 7 8 4 1 9 
[00078660] 7 | _ 11 2 0 10 _ _ 7 _ _ 1 9 
[00078661] 6 | 5 11 2 0 10 _ _ 7 _ _ 1 9 
[00078662] 5 | 5 11 2 0 10 _ _ 7 3 8 1 9 
[00078663] 4 | 5 11 2 0 10 6 _ 7 3 8 1 9 
[00078664] 4 | 5 11 2 0 10 _ 6 7 3 8 1 9 
[00078665] 5 | 5 11 2 0 10 _ _ 7 8 3 1 9 
[00078666] 4 | 5 11 2 0 10 6 _ 7 8 3 1 9 
[00078667] 4 | 5 11 2 0 10 _ 6 7 8 3 1 9 
[00078668] 6 | _ 11 2 0 10 4 _ 7 _ _ 1 9 
[00078669] 5 | 6 11 2 0 10 4 _ 7 _ _ 1 9 
[00078670] 4 | 6 11 2 0 10 4 _ 7 3 _ 1 9 
[00078671] 5 | _ 11 2 0 10 4 5 7 _ _ 1 9 
[00078672] 4 | 7 11 2 0 10 4 5 7 _ _ 1 9 
[00078673] 3 | 7 11 2 0 10 4 5 7 3 6 1 9 
[00078674] 3 | 7 11 2 0 10 4 5 7 6 3 1 9 
[00078675] 4 | _ 11 2 0 10 4 5 7 3 _ 1 9 
[00078676] 3 | 8 11 2 0 10 4 5 7 3 _ 1 9 
[00078677] 3 | _ 11 2 0 10 4 5 7 3 6 1 9 
[00078678] 4 | _ 11 2 0 10 4 5 7 11 _ 1 9 
[00078679] 3 | 8 11 2 0 10 4 5 7 11 _ 1 9 
[00078680] 3 | _ 11 2 0 10 4 5 7 11 8 1 9 
[00078681] 5 | _ 11 2 0 10 4 _ 7 3 8 1 9 
[00078682] 4 | _ 11 2 0 10 4 6 7 3 8 1 9 
[00078683] 5 | _ 11 2 0 10 4 _ 7 8 3 1 9 
[00078684] 4 | _ 11 2 0 10 4 6 7 8 3 1 9 
[00078685] 6 | _ 11 2 0 10 _ 4 7 _ _ 1 9 
[00078686] 5 | 6 11 2 0 10 _ 4 7 _ _ 1 9 
[00078687] 4 | 6 11 2 0 10 _ 4 7 3 _ 1 9 
[00078688] 5 | _ 11 2 0 10 5 4 7 _ _ 1 9 
[00078689] 4 | 7 11 2 0 10 5 4 7 _ _ 1 9 
[00078690] 3 | 7 11 2 0 10 5 4 7 3 6 1 9 
[00078691] 3 | 7 11 2 0 10 5 4 7 6 3 1 9 
[00078692] 4 | _ 11 2 0 10 5 4 7 3 _ 1 9 
[00078693] 3 | 8 11 2 0 10 5 4 7 3 _ 1 9 
[00078694] 3 | _ 11 2 0 10 5 4 7 3 6 1 9 
[00078695] 4 | _ 11 2 0 10 5 4 7 11 _ 1 9 
[00078696] 3 | 8 11 2 0 10 5 4 7 11 _ 1 9 
[00078697] 3 | _ 11 2 0 10 5 4 7 11 8 1 9 
[00078698] 5 | _ 11 2 0 10 _ 4 7 3 8 1 9 
[00078699] 4 | _ 11 2 0 10 6 4 7 3 8 1 9 
[00078700] 5 | _ 11 2 0 10 _ 4 7 8 3 1 9 
[00078701] 4 | _ 11 2 0 10 6 4 7 8 3 1 9 
[00078702] 7 | _ 11 2 0 10 _ _ 8 _ _ 1 9 
[00078703] 6 | 5 11 2 0 10 _ _ 8 _ _ 1 9 
[00078704] 5 | 5 11 2 0 10 _ _ 8 3 _ 1 9 
[00078705] 4 | 5 11 2 0 10 6 _ 8 3 _ 1 9 
[00078706] 3 | 5 11 2 0 10 6 7 8 3 _ 1 9 
[00078707] 4 | 5 11 2 0 10 _ 6 8 3 _ 1 9 
[00078708] 3 | 5 11 2 0 10 7 6 8 3 _ 1 9 
[00078709] 4 | 5 11 2 0 10 _ _ 8 3 7 1 9 
[00078710] 6 | _ 11 2 0 10 4 _ 8 _ _ 1 9 
[00078711] 5 | 6 11 2 0 10 4 _ 8 _ _ 1 9 
[00078712] 4 | 6 11 2 0 10 4 _ 8 3 7 1 9 
[00078713] 4 | 6 11 2 0 10 4 _ 8 7 3 1 9 
[00078714] 5 | _ 11 2 0 10 4 5 8 _ _ 1 9 
[00078715] 4 | 7 11 2 0 10 4 5 8 _ _ 1 9 
[00078716] 3 | 7 11 2 0 10 4 5 8 3 6 1 9 
[00078717] 3 | 7 11 2 0 10 4 5 8 6 3 1 9 
[00078718] 4 | _ 11 2 0 10 4 5 8 3 7 1 9 
[00078719] 4 | _ 11 2 0 10 4 5 8 7 3 1 9 
[00078720] 5 | _ 11 2 0 10 4 _ 8 3 _ 1 9 
[00078721] 4 | 7 11 2 0 10 4 _ 8 3 _ 1 9 
[00078722] 3 | 7 11 2 0 10 4 _ 8 3 6 1 9 
[00078723] 4 | _ 11 2 0 10 4 6 8 3 _ 1 9 
[00078724] 4 | _ 11 2 0 10 4 _ 8 3 7 1 9 
[00078725] 6 | _ 11 2 0 10 _ 4 8 _ _ 1 9 
[00078726] 5 | 6 11 2 0 10 _ 4 8 _ _ 1 9 
[00078727] 4 | 6 11 2 0 10 _ 4 8 3 7 1 9 
[00078728] 4 | 6 11 2 0 10 _ 4 8 7 3 1 9 
[00078729] 5 | _ 11 2 0 10 5 4 8 _ _ 1 9 
[00078730] 4 | 7 11 2 0 10 5 4 8 _ _ 1 9 
[00078731] 3 | 7 11 2 0 10 5 4 8 3 6 1 9 
[00078732] 3 | 7 11 2 0 10 5 4 8 6 3 1 9 
[00078733] 4 | _ 11 2 0 10 5 4 8 3 7 1 9 
[00078734] 4 | _ 11 2 0 10 5 4 8 7 3 1 9 
[00078735] 5 | _ 11 2 0 10 _ 4 8 3 _ 1 9 
[00078736] 4 | 7 11 2 0 10 _ 4 8 3 _ 1 9 
[00078737] 3 | 7 11 2 0 10 _ 4 8 3 6 1 9 
[00078738] 4 | _ 11 2 0 10 6 4 8 3 _ 1 9 
[00078739] 4 | _ 11 2 0 10 _ 4 8 3 7 1 9 
[00078740] 8 | _ 11 2 0 10 _ _ _ _ _ 9 1 
