[00271408] 5 | 10 1 7 11 6 _ _ 0 8 _ 7 _ 
[00271409] 4 | 10 1 7 11 6 2 _ 0 8 _ 7 _ 
[00271410] 3 | 10 1 7 11 6 2 3 0 8 _ 7 _ 
[00271411] 3 | 10 1 7 11 6 2 9 0 8 _ 7 _ 
[00271412] 3 | 10 1 7 11 6 2 _ 0 8 5 7 _ 
[00271413] 2 | 10 1 7 11 6 2 4 0 8 5 7 _ 
[00271414] 4 | 10 1 7 11 6 _ 2 0 8 _ 7 _ 
[00271415] 3 | 10 1 7 11 6 3 2 0 8 _ 7 _ 
[00271416] 3 | 10 1 7 11 6 9 2 0 8 _ 7 _ 
[00271417] 3 | 10 1 7 11 6 _ 2 0 8 5 7 _ 
[00271418] 2 | 10 1 7 11 6 4 2 0 8 5 7 _ 
[00271419] 4 | 10 1 7 11 6 _ _ 0 8 4 7 _ 
[00271420] 3 | 10 1 7 11 6 3 _ 0 8 4 7 _ 
[00271421] 3 | 10 1 7 11 6 9 _ 0 8 4 7 _ 
[00271422] 3 | 10 1 7 11 6 _ 3 0 8 4 7 _ 
[00271423] 3 | 10 1 7 11 6 _ 9 0 8 4 7 _ 
[00271424] 5 | 10 1 7 11 4 9 _ 0 8 _ 7 _ 
[00271425] 4 | 10 1 7 11 4 9 8 0 8 _ 7 _ 
[00271426] 4 | 10 1 7 11 4 9 _ 0 8 4 7 _ 
[00271427] 5 | 10 1 7 11 9 4 _ 0 8 _ 7 _ 
[00271428] 4 | 10 1 7 11 9 4 5 0 8 _ 7 _ 
[00271429] 5 | 10 1 7 11 4 _ 9 0 8 _ 7 _ 
[00271430] 4 | 10 1 7 11 4 8 9 0 8 _ 7 _ 
[00271431] 4 | 10 1 7 11 4 _ 9 0 8 4 7 _ 
[00271432] 5 | 10 1 7 11 9 _ 4 0 8 _ 7 _ 
[00271433] 4 | 10 1 7 11 9 5 4 0 8 _ 7 _ 
[00271434] 5 | 10 1 7 11 _ _ _ 0 8 3 7 _ 
[00271435] 4 | 10 1 7 11 2 6 _ 0 8 3 7 _ 
[00271436] 3 | 10 1 7 11 2 6 5 0 8 3 7 _ 
[00271437] 4 | 10 1 7 11 5 9 _ 0 8 3 7 _ 
[00271438] 3 | 10 1 7 11 5 9 2 0 8 3 7 _ 
[00271439] 4 | 10 1 7 11 6 2 _ 0 8 3 7 _ 
[00271440] 3 | 10 1 7 11 6 2 9 0 8 3 7 _ 
[00271441] 4 | 10 1 7 11 9 5 _ 0 8 3 7 _ 
[00271442] 3 | 10 1 7 11 9 5 6 0 8 3 7 _ 
[00271443] 4 | 10 1 7 11 2 _ 6 0 8 3 7 _ 
[00271444] 3 | 10 1 7 11 2 5 6 0 8 3 7 _ 
[00271445] 4 | 10 1 7 11 5 _ 9 0 8 3 7 _ 
[00271446] 3 | 10 1 7 11 5 2 9 0 8 3 7 _ 
[00271447] 4 | 10 1 7 11 6 _ 2 0 8 3 7 _ 
[00271448] 3 | 10 1 7 11 6 9 2 0 8 3 7 _ 
[00271449] 4 | 10 1 7 11 9 _ 5 0 8 3 7 _ 
[00271450] 3 | 10 1 7 11 9 6 5 0 8 3 7 _ 
[00271451] 6 | 10 1 _ 11 5 _ _ 0 8 _ 7 _ 
[00271452] 5 | 10 1 6 11 5 _ _ 0 8 _ 7 _ 
[00271453] 4 | 10 1 6 11 5 9 _ 0 8 _ 7 _ 
[00271454] 3 | 10 1 6 11 5 9 2 0 8 _ 7 _ 
[00271455] 3 | 10 1 6 11 5 9 8 0 8 _ 7 _ 
[00271456] 3 | 10 1 6 11 5 9 _ 0 8 5 7 _ 
[00271457] 3 | 10 1 6 11 5 9 _ 0 8 _ 7 4 
[00271458] 2 | 10 1 6 11 5 9 3 0 8 _ 7 4 
[00271459] 4 | 10 1 6 11 5 _ 9 0 8 _ 7 _ 
[00271460] 3 | 10 1 6 11 5 2 9 0 8 _ 7 _ 
[00271461] 3 | 10 1 6 11 5 8 9 0 8 _ 7 _ 
[00271462] 3 | 10 1 6 11 5 _ 9 0 8 5 7 _ 
[00271463] 3 | 10 1 6 11 5 _ 9 0 8 _ 7 4 
[00271464] 2 | 10 1 6 11 5 3 9 0 8 _ 7 4 
[00271465] 4 | 10 1 6 11 5 _ _ 0 8 4 7 _ 
[00271466] 3 | 10 1 6 11 5 2 _ 0 8 4 7 _ 
[00271467] 2 | 10 1 6 11 5 2 3 0 8 4 7 _ 
[00271468] 2 | 10 1 6 11 5 2 7 0 8 4 7 _ 
[00271469] 2 | 10 1 6 11 5 2 _ 0 8 4 7 5 
[00271470] 2 | 10 1 6 11 5 2 _ 0 8 4 7 9 
[00271471] 3 | 10 1 6 11 5 _ 2 0 8 4 7 _ 
[00271472] 2 | 10 1 6 11 5 3 2 0 8 4 7 _ 
[00271473] 2 | 10 1 6 11 5 7 2 0 8 4 7 _ 
[00271474] 2 | 10 1 6 11 5 _ 2 0 8 4 7 5 
[00271475] 2 | 10 1 6 11 5 _ 2 0 8 4 7 9 
[00271476] 4 | 10 1 6 11 5 _ _ 0 8 _ 7 3 
[00271477] 3 | 10 1 6 11 5 2 _ 0 8 _ 7 3 
[00271478] 3 | 10 1 6 11 5 8 _ 0 8 _ 7 3 
[00271479] 3 | 10 1 6 11 5 _ 2 0 8 _ 7 3 
[00271480] 3 | 10 1 6 11 5 _ 8 0 8 _ 7 3 
[00271481] 3 | 10 1 6 11 5 _ _ 0 8 5 7 3 
[00271482] 5 | 10 1 _ 11 5 _ _ 0 8 3 7 _ 
[00271483] 4 | 10 1 5 11 5 _ _ 0 8 3 7 _ 
[00271484] 3 | 10 1 5 11 5 _ _ 0 8 3 7 4 
[00271485] 4 | 10 1 _ 11 5 1 _ 0 8 3 7 _ 
[00271486] 3 | 10 1 _ 11 5 1 2 0 8 3 7 _ 
[00271487] 2 | 10 1 _ 11 5 1 2 0 8 3 7 9 
[00271488] 3 | 10 1 _ 11 5 1 _ 0 8 3 7 4 
[00271489] 4 | 10 1 _ 11 5 9 _ 0 8 3 7 _ 
[00271490] 3 | 10 1 4 11 5 9 _ 0 8 3 7 _ 
[00271491] 2 | 10 1 4 11 5 9 7 0 8 3 7 _ 
[00271492] 2 | 10 1 4 11 5 9 _ 0 8 3 7 5 
[00271493] 3 | 10 1 _ 11 5 9 2 0 8 3 7 _ 
[00271494] 3 | 10 1 _ 11 5 9 _ 0 8 3 7 4 
[00271495] 4 | 10 1 _ 11 5 _ 1 0 8 3 7 _ 
[00271496] 3 | 10 1 _ 11 5 2 1 0 8 3 7 _ 
[00271497] 2 | 10 1 _ 11 5 2 1 0 8 3 7 9 
[00271498] 3 | 10 1 _ 11 5 _ 1 0 8 3 7 4 
[00271499] 4 | 10 1 _ 11 5 _ 9 0 8 3 7 _ 
[00271500] 3 | 10 1 4 11 5 _ 9 0 8 3 7 _ 
[00271501] 2 | 10 1 4 11 5 7 9 0 8 3 7 _ 
[00271502] 2 | 10 1 4 11 5 _ 9 0 8 3 7 5 
[00271503] 3 | 10 1 _ 11 5 2 9 0 8 3 7 _ 
[00271504] 3 | 10 1 _ 11 5 _ 9 0 8 3 7 4 
[00271505] 5 | 10 1 _ 11 5 _ _ 0 8 _ 7 2 
[00271506] 4 | 10 1 5 11 5 _ _ 0 8 _ 7 2 
[00271507] 4 | 10 1 _ 11 5 1 _ 0 8 _ 7 2 
[00271508] 3 | 10 1 _ 11 5 1 8 0 8 _ 7 2 
[00271509] 3 | 10 1 _ 11 5 1 _ 0 8 5 7 2 
[00271510] 4 | 10 1 _ 11 5 9 _ 0 8 _ 7 2 
[00271511] 3 | 10 1 4 11 5 9 _ 0 8 _ 7 2 
[00271512] 2 | 10 1 4 11 5 9 3 0 8 _ 7 2 
[00271513] 2 | 10 1 4 11 5 9 _ 0 8 6 7 2 
[00271514] 3 | 10 1 _ 11 5 9 8 0 8 _ 7 2 
[00271515] 2 | 10 1 3 11 5 9 8 0 8 _ 7 2 
[00271516] 3 | 10 1 _ 11 5 9 _ 0 8 5 7 2 
[00271517] 2 | 10 1 3 11 5 9 _ 0 8 5 7 2 
[00271518] 4 | 10 1 _ 11 5 _ 1 0 8 _ 7 2 
[00271519] 3 | 10 1 _ 11 5 8 1 0 8 _ 7 2 
[00271520] 3 | 10 1 _ 11 5 _ 1 0 8 5 7 2 
[00271521] 4 | 10 1 _ 11 5 _ 9 0 8 _ 7 2 
[00271522] 3 | 10 1 4 11 5 _ 9 0 8 _ 7 2 
[00271523] 2 | 10 1 4 11 5 3 9 0 8 _ 7 2 
[00271524] 2 | 10 1 4 11 5 _ 9 0 8 6 7 2 
[00271525] 3 | 10 1 _ 11 5 8 9 0 8 _ 7 2 
[00271526] 2 | 10 1 3 11 5 8 9 0 8 _ 7 2 
[00271527] 3 | 10 1 _ 11 5 _ 9 0 8 5 7 2 
[00271528] 2 | 10 1 3 11 5 _ 9 0 8 5 7 2 
[00271529] 4 | 10 1 _ 11 5 _ _ 0 8 4 7 2 
[00271530] 6 | 10 1 _ 11 3 9 _ 0 8 _ 7 _ 
[00271531] 5 | 10 1 6 11 3 9 _ 0 8 _ 7 _ 
[00271532] 4 | 10 1 6 11 3 9 7 0 8 _ 7 _ 
[00271533] 3 | 10 1 6 11 3 9 7 0 8 5 7 _ 
[00271534] 4 | 10 1 6 11 3 9 _ 0 8 4 7 _ 
[00271535] 4 | 10 1 6 11 3 9 _ 0 8 _ 7 3 
[00271536] 3 | 10 1 6 11 3 9 _ 0 8 5 7 3 
[00271537] 5 | 10 1 _ 11 3 9 8 0 8 _ 7 _ 
[00271538] 4 | 10 1 5 11 3 9 8 0 8 _ 7 _ 
[00271539] 3 | 10 1 5 11 3 9 8 0 8 _ 7 4 
[00271540] 5 | 10 1 _ 11 3 9 _ 0 8 3 7 _ 
[00271541] 4 | 10 1 5 11 3 9 _ 0 8 3 7 _ 
[00271542] 3 | 10 1 5 11 3 9 _ 0 8 3 7 4 
[00271543] 5 | 10 1 _ 11 3 9 _ 0 8 _ 7 2 
[00271544] 4 | 10 1 5 11 3 9 _ 0 8 _ 7 2 
[00271545] 3 | 10 1 5 11 3 9 6 0 8 _ 7 2 
[00271546] 4 | 10 1 _ 11 3 9 _ 0 8 4 7 2 
[00271547] 3 | 10 1 _ 11 3 9 6 0 8 4 7 2 
[00271548] 6 | 10 1 _ 11 9 3 _ 0 8 _ 7 _ 
[00271549] 5 | 10 1 6 11 9 3 _ 0 8 _ 7 _ 
[00271550] 4 | 10 1 6 11 9 3 5 0 8 _ 7 _ 
[00271551] 3 | 10 1 6 11 9 3 5 0 8 _ 7 4 
[00271552] 4 | 10 1 6 11 9 3 _ 0 8 4 7 _ 
[00271553] 5 | 10 1 _ 11 9 3 4 0 8 _ 7 _ 
[00271554] 4 | 10 1 5 11 9 3 4 0 8 _ 7 _ 
[00271555] 5 | 10 1 _ 11 9 3 _ 0 8 _ 7 2 
[00271556] 4 | 10 1 5 11 9 3 _ 0 8 _ 7 2 
[00271557] 3 | 10 1 5 11 9 3 6 0 8 _ 7 2 
[00271558] 4 | 10 1 _ 11 9 3 5 0 8 _ 7 2 
[00271559] 3 | 10 1 4 11 9 3 5 0 8 _ 7 2 
[00271560] 2 | 10 1 4 11 9 3 5 0 8 6 7 2 
[00271561] 4 | 10 1 _ 11 9 3 _ 0 8 4 7 2 
[00271562] 3 | 10 1 _ 11 9 3 6 0 8 4 7 2 
[00271563] 6 | 10 1 _ 11 3 _ 9 0 8 _ 7 _ 
[00271564] 5 | 10 1 6 11 3 _ 9 0 8 _ 7 _ 
[00271565] 4 | 10 1 6 11 3 7 9 0 8 _ 7 _ 
[00271566] 3 | 10 1 6 11 3 7 9 0 8 5 7 _ 
[00271567] 4 | 10 1 6 11 3 _ 9 0 8 4 7 _ 
[00271568] 4 | 10 1 6 11 3 _ 9 0 8 _ 7 3 
[00271569] 3 | 10 1 6 11 3 _ 9 0 8 5 7 3 
[00271570] 5 | 10 1 _ 11 3 8 9 0 8 _ 7 _ 
[00271571] 4 | 10 1 5 11 3 8 9 0 8 _ 7 _ 
[00271572] 3 | 10 1 5 11 3 8 9 0 8 _ 7 4 
[00271573] 5 | 10 1 _ 11 3 _ 9 0 8 3 7 _ 
[00271574] 4 | 10 1 5 11 3 _ 9 0 8 3 7 _ 
[00271575] 3 | 10 1 5 11 3 _ 9 0 8 3 7 4 
[00271576] 5 | 10 1 _ 11 3 _ 9 0 8 _ 7 2 
[00271577] 4 | 10 1 5 11 3 _ 9 0 8 _ 7 2 
[00271578] 3 | 10 1 5 11 3 6 9 0 8 _ 7 2 
[00271579] 4 | 10 1 _ 11 3 _ 9 0 8 4 7 2 
[00271580] 3 | 10 1 _ 11 3 6 9 0 8 4 7 2 
[00271581] 6 | 10 1 _ 11 9 _ 3 0 8 _ 7 _ 
[00271582] 5 | 10 1 6 11 9 _ 3 0 8 _ 7 _ 
[00271583] 4 | 10 1 6 11 9 5 3 0 8 _ 7 _ 
[00271584] 3 | 10 1 6 11 9 5 3 0 8 _ 7 4 
[00271585] 4 | 10 1 6 11 9 _ 3 0 8 4 7 _ 
[00271586] 5 | 10 1 _ 11 9 4 3 0 8 _ 7 _ 
[00271587] 4 | 10 1 5 11 9 4 3 0 8 _ 7 _ 
[00271588] 5 | 10 1 _ 11 9 _ 3 0 8 _ 7 2 
[00271589] 4 | 10 1 5 11 9 _ 3 0 8 _ 7 2 
[00271590] 3 | 10 1 5 11 9 6 3 0 8 _ 7 2 
[00271591] 4 | 10 1 _ 11 9 5 3 0 8 _ 7 2 
[00271592] 3 | 10 1 4 11 9 5 3 0 8 _ 7 2 
[00271593] 2 | 10 1 4 11 9 5 3 0 8 6 7 2 
[00271594] 4 | 10 1 _ 11 9 _ 3 0 8 4 7 2 
[00271595] 3 | 10 1 _ 11 9 6 3 0 8 4 7 2 
[00271596] 6 | 10 1 _ 11 _ _ _ 0 8 2 7 _ 
[00271597] 5 | 10 1 6 11 _ _ _ 0 8 2 7 _ 
[00271598] 4 | 10 1 6 11 7 _ _ 0 8 2 7 _ 
[00271599] 3 | 10 1 6 11 7 4 _ 0 8 2 7 _ 
[00271600] 2 | 10 1 6 11 7 4 5 0 8 2 7 _ 
[00271601] 2 | 10 1 6 11 7 4 9 0 8 2 7 _ 
[00271602] 2 | 10 1 6 11 7 4 _ 0 8 2 7 5 
[00271603] 2 | 10 1 6 11 7 4 _ 0 8 2 7 9 
[00271604] 3 | 10 1 6 11 7 _ 4 0 8 2 7 _ 
[00271605] 2 | 10 1 6 11 7 5 4 0 8 2 7 _ 
[00271606] 2 | 10 1 6 11 7 9 4 0 8 2 7 _ 
[00271607] 2 | 10 1 6 11 7 _ 4 0 8 2 7 5 
[00271608] 2 | 10 1 6 11 7 _ 4 0 8 2 7 9 
[00271609] 3 | 10 1 6 11 7 _ _ 0 8 2 7 4 
[00271610] 4 | 10 1 6 11 5 9 _ 0 8 2 7 _ 
[00271611] 3 | 10 1 6 11 5 9 _ 0 8 2 7 4 
[00271612] 2 | 10 1 6 11 5 9 3 0 8 2 7 4 
[00271613] 4 | 10 1 6 11 9 5 _ 0 8 2 7 _ 
[00271614] 3 | 10 1 6 11 9 5 _ 0 8 2 7 4 
[00271615] 4 | 10 1 6 11 5 _ 9 0 8 2 7 _ 
[00271616] 3 | 10 1 6 11 5 _ 9 0 8 2 7 4 
[00271617] 2 | 10 1 6 11 5 3 9 0 8 2 7 4 
[00271618] 4 | 10 1 6 11 9 _ 5 0 8 2 7 _ 
[00271619] 3 | 10 1 6 11 9 _ 5 0 8 2 7 4 
[00271620] 4 | 10 1 6 11 _ _ _ 0 8 2 7 3 
[00271621] 4 | 10 1 6 11 _ _ _ 0 8 2 7 11 
[00271622] 5 | 10 1 _ 11 6 _ _ 0 8 2 7 _ 
[00271623] 4 | 10 1 5 11 6 _ _ 0 8 2 7 _ 
[00271624] 3 | 10 1 5 11 6 3 _ 0 8 2 7 _ 
[00271625] 2 | 10 1 5 11 6 3 4 0 8 2 7 _ 
[00271626] 2 | 10 1 5 11 6 3 _ 0 8 2 7 9 
[00271627] 3 | 10 1 5 11 6 9 _ 0 8 2 7 _ 
[00271628] 2 | 10 1 5 11 6 9 4 0 8 2 7 _ 
[00271629] 3 | 10 1 5 11 6 _ 3 0 8 2 7 _ 
[00271630] 2 | 10 1 5 11 6 4 3 0 8 2 7 _ 
[00271631] 2 | 10 1 5 11 6 _ 3 0 8 2 7 9 
[00271632] 3 | 10 1 5 11 6 _ 9 0 8 2 7 _ 
[00271633] 2 | 10 1 5 11 6 4 9 0 8 2 7 _ 
[00271634] 3 | 10 1 5 11 6 _ _ 0 8 2 7 4 
[00271635] 4 | 10 1 _ 11 6 _ _ 0 8 2 7 3 
[00271636] 3 | 10 1 4 11 6 _ _ 0 8 2 7 3 
[00271637] 3 | 10 1 _ 11 6 9 _ 0 8 2 7 3 
[00271638] 2 | 10 1 _ 11 6 9 4 0 8 2 7 3 
[00271639] 3 | 10 1 _ 11 6 _ 9 0 8 2 7 3 
[00271640] 2 | 10 1 _ 11 6 4 9 0 8 2 7 3 
[00271641] 5 | 10 1 _ 11 4 9 _ 0 8 2 7 _ 
[00271642] 4 | 10 1 5 11 4 9 _ 0 8 2 7 _ 
[00271643] 3 | 10 1 5 11 4 9 7 0 8 2 7 _ 
[00271644] 3 | 10 1 5 11 4 9 _ 0 8 2 7 4 
[00271645] 4 | 10 1 _ 11 4 9 _ 0 8 2 7 3 
[00271646] 3 | 10 1 4 11 4 9 _ 0 8 2 7 3 
[00271647] 3 | 10 1 _ 11 4 9 1 0 8 2 7 3 
[00271648] 5 | 10 1 _ 11 9 4 _ 0 8 2 7 _ 
[00271649] 4 | 10 1 5 11 9 4 _ 0 8 2 7 _ 
[00271650] 3 | 10 1 5 11 9 4 6 0 8 2 7 _ 
[00271651] 4 | 10 1 _ 11 9 4 5 0 8 2 7 _ 
[00271652] 4 | 10 1 _ 11 9 4 _ 0 8 2 7 3 
[00271653] 3 | 10 1 _ 11 9 4 6 0 8 2 7 3 
[00271654] 5 | 10 1 _ 11 4 _ 9 0 8 2 7 _ 
[00271655] 4 | 10 1 5 11 4 _ 9 0 8 2 7 _ 
[00271656] 3 | 10 1 5 11 4 7 9 0 8 2 7 _ 
[00271657] 3 | 10 1 5 11 4 _ 9 0 8 2 7 4 
[00271658] 4 | 10 1 _ 11 4 _ 9 0 8 2 7 3 
[00271659] 3 | 10 1 4 11 4 _ 9 0 8 2 7 3 
[00271660] 3 | 10 1 _ 11 4 1 9 0 8 2 7 3 
[00271661] 5 | 10 1 _ 11 9 _ 4 0 8 2 7 _ 
[00271662] 4 | 10 1 5 11 9 _ 4 0 8 2 7 _ 
[00271663] 3 | 10 1 5 11 9 6 4 0 8 2 7 _ 
[00271664] 4 | 10 1 _ 11 9 5 4 0 8 2 7 _ 
[00271665] 4 | 10 1 _ 11 9 _ 4 0 8 2 7 3 
[00271666] 3 | 10 1 _ 11 9 6 4 0 8 2 7 3 
[00271667] 6 | 10 1 _ 11 _ _ _ 0 8 _ 7 1 
[00271668] 5 | 10 1 _ 11 6 _ _ 0 8 _ 7 1 
[00271669] 4 | 10 1 _ 11 6 2 _ 0 8 _ 7 1 
[00271670] 3 | 10 1 _ 11 6 2 3 0 8 _ 7 1 
[00271671] 3 | 10 1 _ 11 6 2 9 0 8 _ 7 1 
[00271672] 3 | 10 1 _ 11 6 2 _ 0 8 5 7 1 
[00271673] 2 | 10 1 _ 11 6 2 4 0 8 5 7 1 
[00271674] 4 | 10 1 _ 11 6 _ 2 0 8 _ 7 1 
[00271675] 3 | 10 1 _ 11 6 3 2 0 8 _ 7 1 
[00271676] 3 | 10 1 _ 11 6 9 2 0 8 _ 7 1 
[00271677] 3 | 10 1 _ 11 6 _ 2 0 8 5 7 1 
[00271678] 2 | 10 1 _ 11 6 4 2 0 8 5 7 1 
[00271679] 4 | 10 1 _ 11 6 _ _ 0 8 4 7 1 
[00271680] 3 | 10 1 _ 11 6 3 _ 0 8 4 7 1 
[00271681] 3 | 10 1 _ 11 6 9 _ 0 8 4 7 1 
[00271682] 3 | 10 1 _ 11 6 _ 3 0 8 4 7 1 
[00271683] 3 | 10 1 _ 11 6 _ 9 0 8 4 7 1 
[00271684] 5 | 10 1 _ 11 4 9 _ 0 8 _ 7 1 
[00271685] 4 | 10 1 _ 11 4 9 8 0 8 _ 7 1 
[00271686] 4 | 10 1 _ 11 4 9 _ 0 8 4 7 1 
[00271687] 5 | 10 1 _ 11 9 4 _ 0 8 _ 7 1 
[00271688] 4 | 10 1 _ 11 9 4 5 0 8 _ 7 1 
[00271689] 5 | 10 1 _ 11 4 _ 9 0 8 _ 7 1 
[00271690] 4 | 10 1 _ 11 4 8 9 0 8 _ 7 1 
[00271691] 4 | 10 1 _ 11 4 _ 9 0 8 4 7 1 
[00271692] 5 | 10 1 _ 11 9 _ 4 0 8 _ 7 1 
[00271693] 4 | 10 1 _ 11 9 5 4 0 8 _ 7 1 
[00271694] 5 | 10 1 _ 11 _ _ _ 0 8 3 7 1 
[00271695] 4 | 10 1 _ 11 2 6 _ 0 8 3 7 1 
[00271696] 3 | 10 1 _ 11 2 6 5 0 8 3 7 1 
[00271697] 4 | 10 1 _ 11 5 9 _ 0 8 3 7 1 
[00271698] 3 | 10 1 _ 11 5 9 2 0 8 3 7 1 
[00271699] 4 | 10 1 _ 11 6 2 _ 0 8 3 7 1 
[00271700] 3 | 10 1 _ 11 6 2 9 0 8 3 7 1 
[00271701] 4 | 10 1 _ 11 9 5 _ 0 8 3 7 1 
[00271702] 3 | 10 1 _ 11 9 5 6 0 8 3 7 1 
[00271703] 4 | 10 1 _ 11 2 _ 6 0 8 3 7 1 
[00271704] 3 | 10 1 _ 11 2 5 6 0 8 3 7 1 
[00271705] 4 | 10 1 _ 11 5 _ 9 0 8 3 7 1 
[00271706] 3 | 10 1 _ 11 5 2 9 0 8 3 7 1 
[00271707] 4 | 10 1 _ 11 6 _ 2 0 8 3 7 1 
[00271708] 3 | 10 1 _ 11 6 9 2 0 8 3 7 1 
[00271709] 4 | 10 1 _ 11 9 _ 5 0 8 3 7 1 
[00271710] 3 | 10 1 _ 11 9 6 5 0 8 3 7 1 
[00271711] 7 | 10 1 _ 11 _ _ _ 0 8 _ 2 9 
[00271712] 6 | 10 1 7 11 _ _ _ 0 8 _ 2 9 
[00271713] 5 | 10 1 7 11 6 _ _ 0 8 _ 2 9 
[00271714] 4 | 10 1 7 11 6 _ _ 0 8 4 2 9 
[00271715] 3 | 10 1 7 11 6 3 _ 0 8 4 2 9 
[00271716] 3 | 10 1 7 11 6 _ 3 0 8 4 2 9 
[00271717] 5 | 10 1 7 11 _ _ _ 0 8 3 2 9 
[00271718] 6 | 10 1 _ 11 5 _ _ 0 8 _ 2 9 
[00271719] 5 | 10 1 6 11 5 _ _ 0 8 _ 2 9 
[00271720] 4 | 10 1 6 11 5 _ _ 0 8 4 2 9 
[00271721] 5 | 10 1 _ 11 5 _ _ 0 8 3 2 9 
[00271722] 4 | 10 1 5 11 5 _ _ 0 8 3 2 9 
[00271723] 4 | 10 1 _ 11 5 1 _ 0 8 3 2 9 
[00271724] 4 | 10 1 _ 11 5 _ 1 0 8 3 2 9 
[00271725] 7 | 10 1 _ 11 _ _ _ 0 8 _ 9 2 
[00271726] 6 | 10 1 7 11 _ _ _ 0 8 _ 9 2 
[00271727] 5 | 10 1 7 11 6 _ _ 0 8 _ 9 2 
[00271728] 4 | 10 1 7 11 6 _ _ 0 8 4 9 2 
[00271729] 3 | 10 1 7 11 6 3 _ 0 8 4 9 2 
[00271730] 3 | 10 1 7 11 6 _ 3 0 8 4 9 2 
[00271731] 5 | 10 1 7 11 _ _ _ 0 8 3 9 2 
[00271732] 6 | 10 1 _ 11 5 _ _ 0 8 _ 9 2 
[00271733] 5 | 10 1 6 11 5 _ _ 0 8 _ 9 2 
[00271734] 4 | 10 1 6 11 5 _ _ 0 8 4 9 2 
[00271735] 5 | 10 1 _ 11 5 _ _ 0 8 3 9 2 
[00271736] 4 | 10 1 5 11 5 _ _ 0 8 3 9 2 
[00271737] 4 | 10 1 _ 11 5 1 _ 0 8 3 9 2 
[00271738] 4 | 10 1 _ 11 5 _ 1 0 8 3 9 2 
[00271739] 8 | 10 1 _ 11 _ _ _ 0 _ _ 8 _ 
[00271740] 7 | 10 1 8 11 _ _ _ 0 _ _ 8 _ 
[00271741] 6 | 10 1 8 11 5 _ _ 0 _ _ 8 _ 
[00271742] 5 | 10 1 8 11 5 0 _ 0 _ _ 8 _ 
[00271743] 4 | 10 1 8 11 5 0 9 0 _ _ 8 _ 
[00271744] 3 | 10 1 8 11 5 0 9 0 3 6 8 _ 
[00271745] 3 | 10 1 8 11 5 0 9 0 4 7 8 _ 
[00271746] 3 | 10 1 8 11 5 0 9 0 6 3 8 _ 
[00271747] 3 | 10 1 8 11 5 0 9 0 7 4 8 _ 
[00271748] 4 | 10 1 8 11 5 0 _ 0 2 6 8 _ 
[00271749] 4 | 10 1 8 11 5 0 _ 0 3 7 8 _ 
[00271750] 3 | 10 1 8 11 5 0 2 0 3 7 8 _ 
[00271751] 4 | 10 1 8 11 5 0 _ 0 6 2 8 _ 
[00271752] 4 | 10 1 8 11 5 0 _ 0 7 3 8 _ 
[00271753] 3 | 10 1 8 11 5 0 2 0 7 3 8 _ 
[00271754] 5 | 10 1 8 11 5 _ 0 0 _ _ 8 _ 
[00271755] 4 | 10 1 8 11 5 9 0 0 _ _ 8 _ 
[00271756] 3 | 10 1 8 11 5 9 0 0 3 6 8 _ 
[00271757] 3 | 10 1 8 11 5 9 0 0 4 7 8 _ 
[00271758] 3 | 10 1 8 11 5 9 0 0 6 3 8 _ 
[00271759] 3 | 10 1 8 11 5 9 0 0 7 4 8 _ 
[00271760] 4 | 10 1 8 11 5 _ 0 0 2 6 8 _ 
[00271761] 4 | 10 1 8 11 5 _ 0 0 3 7 8 _ 
[00271762] 3 | 10 1 8 11 5 2 0 0 3 7 8 _ 
[00271763] 4 | 10 1 8 11 5 _ 0 0 6 2 8 _ 
[00271764] 4 | 10 1 8 11 5 _ 0 0 7 3 8 _ 
[00271765] 3 | 10 1 8 11 5 2 0 0 7 3 8 _ 
[00271766] 5 | 10 1 8 11 5 _ _ 0 5 _ 8 _ 
[00271767] 4 | 10 1 8 11 5 9 _ 0 5 _ 8 _ 
[00271768] 3 | 10 1 8 11 5 9 2 0 5 _ 8 _ 
[00271769] 3 | 10 1 8 11 5 9 _ 0 5 2 8 _ 
[00271770] 4 | 10 1 8 11 5 _ 9 0 5 _ 8 _ 
[00271771] 3 | 10 1 8 11 5 2 9 0 5 _ 8 _ 
[00271772] 3 | 10 1 8 11 5 _ 9 0 5 2 8 _ 
[00271773] 4 | 10 1 8 11 5 _ _ 0 5 9 8 _ 
[00271774] 5 | 10 1 8 11 5 _ _ 0 2 7 8 _ 
[00271775] 4 | 10 1 8 11 5 9 _ 0 2 7 8 _ 
[00271776] 4 | 10 1 8 11 5 _ 9 0 2 7 8 _ 
[00271777] 5 | 10 1 8 11 5 _ _ 0 4 9 8 _ 
[00271778] 5 | 10 1 8 11 5 _ _ 0 7 2 8 _ 
[00271779] 4 | 10 1 8 11 5 9 _ 0 7 2 8 _ 
[00271780] 4 | 10 1 8 11 5 _ 9 0 7 2 8 _ 
[00271781] 5 | 10 1 8 11 5 _ _ 0 9 4 8 _ 
[00271782] 6 | 10 1 8 11 3 9 _ 0 _ _ 8 _ 
[00271783] 5 | 10 1 8 11 3 9 _ 0 5 _ 8 _ 
[00271784] 4 | 10 1 8 11 3 9 7 0 5 _ 8 _ 
[00271785] 3 | 10 1 8 11 3 9 7 0 5 2 8 _ 
[00271786] 5 | 10 1 8 11 3 9 _ 0 2 7 8 _ 
[00271787] 5 | 10 1 8 11 3 9 _ 0 7 2 8 _ 
[00271788] 6 | 10 1 8 11 9 3 _ 0 _ _ 8 _ 
[00271789] 5 | 10 1 8 11 9 3 4 0 _ _ 8 _ 
[00271790] 4 | 10 1 8 11 9 3 4 0 2 6 8 _ 
[00271791] 4 | 10 1 8 11 9 3 4 0 6 2 8 _ 
[00271792] 5 | 10 1 8 11 9 3 _ 0 5 _ 8 _ 
[00271793] 4 | 10 1 8 11 9 3 5 0 5 _ 8 _ 
[00271794] 4 | 10 1 8 11 9 3 _ 0 5 9 8 _ 
[00271795] 5 | 10 1 8 11 9 3 _ 0 2 7 8 _ 
[00271796] 4 | 10 1 8 11 9 3 5 0 2 7 8 _ 
[00271797] 5 | 10 1 8 11 9 3 _ 0 7 2 8 _ 
[00271798] 4 | 10 1 8 11 9 3 5 0 7 2 8 _ 
[00271799] 6 | 10 1 8 11 3 _ 9 0 _ _ 8 _ 
[00271800] 5 | 10 1 8 11 3 _ 9 0 5 _ 8 _ 
[00271801] 4 | 10 1 8 11 3 7 9 0 5 _ 8 _ 
[00271802] 3 | 10 1 8 11 3 7 9 0 5 2 8 _ 
[00271803] 5 | 10 1 8 11 3 _ 9 0 2 7 8 _ 
[00271804] 5 | 10 1 8 11 3 _ 9 0 7 2 8 _ 
[00271805] 6 | 10 1 8 11 9 _ 3 0 _ _ 8 _ 
[00271806] 5 | 10 1 8 11 9 4 3 0 _ _ 8 _ 
[00271807] 4 | 10 1 8 11 9 4 3 0 2 6 8 _ 
[00271808] 4 | 10 1 8 11 9 4 3 0 6 2 8 _ 
[00271809] 5 | 10 1 8 11 9 _ 3 0 5 _ 8 _ 
[00271810] 4 | 10 1 8 11 9 5 3 0 5 _ 8 _ 
[00271811] 4 | 10 1 8 11 9 _ 3 0 5 9 8 _ 
[00271812] 5 | 10 1 8 11 9 _ 3 0 2 7 8 _ 
[00271813] 4 | 10 1 8 11 9 5 3 0 2 7 8 _ 
[00271814] 5 | 10 1 8 11 9 _ 3 0 7 2 8 _ 
[00271815] 4 | 10 1 8 11 9 5 3 0 7 2 8 _ 
[00271816] 6 | 10 1 8 11 _ _ _ 0 6 _ 8 _ 
[00271817] 5 | 10 1 8 11 6 _ _ 0 6 _ 8 _ 
[00271818] 4 | 10 1 8 11 6 2 _ 0 6 _ 8 _ 
[00271819] 3 | 10 1 8 11 6 2 3 0 6 _ 8 _ 
[00271820] 3 | 10 1 8 11 6 2 9 0 6 _ 8 _ 
[00271821] 3 | 10 1 8 11 6 2 _ 0 6 3 8 _ 
[00271822] 3 | 10 1 8 11 6 2 _ 0 6 9 8 _ 
[00271823] 4 | 10 1 8 11 6 _ 2 0 6 _ 8 _ 
[00271824] 3 | 10 1 8 11 6 3 2 0 6 _ 8 _ 
[00271825] 3 | 10 1 8 11 6 9 2 0 6 _ 8 _ 
[00271826] 3 | 10 1 8 11 6 _ 2 0 6 3 8 _ 
[00271827] 3 | 10 1 8 11 6 _ 2 0 6 9 8 _ 
[00271828] 4 | 10 1 8 11 6 _ _ 0 6 2 8 _ 
[00271829] 5 | 10 1 8 11 2 7 _ 0 6 _ 8 _ 
[00271830] 4 | 10 1 8 11 2 7 6 0 6 _ 8 _ 
[00271831] 4 | 10 1 8 11 2 7 _ 0 6 2 8 _ 
[00271832] 5 | 10 1 8 11 4 9 _ 0 6 _ 8 _ 
[00271833] 4 | 10 1 8 11 4 9 _ 0 6 2 8 _ 
[00271834] 3 | 10 1 8 11 4 9 7 0 6 2 8 _ 
[00271835] 5 | 10 1 8 11 7 2 _ 0 6 _ 8 _ 
[00271836] 4 | 10 1 8 11 7 2 3 0 6 _ 8 _ 
[00271837] 3 | 10 1 8 11 7 2 3 0 6 9 8 _ 
[00271838] 5 | 10 1 8 11 9 4 _ 0 6 _ 8 _ 
[00271839] 4 | 10 1 8 11 9 4 5 0 6 _ 8 _ 
[00271840] 3 | 10 1 8 11 9 4 5 0 6 3 8 _ 
[00271841] 4 | 10 1 8 11 9 4 _ 0 6 2 8 _ 
[00271842] 5 | 10 1 8 11 2 _ 7 0 6 _ 8 _ 
[00271843] 4 | 10 1 8 11 2 6 7 0 6 _ 8 _ 
[00271844] 4 | 10 1 8 11 2 _ 7 0 6 2 8 _ 
[00271845] 5 | 10 1 8 11 4 _ 9 0 6 _ 8 _ 
[00271846] 4 | 10 1 8 11 4 _ 9 0 6 2 8 _ 
[00271847] 3 | 10 1 8 11 4 7 9 0 6 2 8 _ 
[00271848] 5 | 10 1 8 11 7 _ 2 0 6 _ 8 _ 
[00271849] 4 | 10 1 8 11 7 3 2 0 6 _ 8 _ 
[00271850] 3 | 10 1 8 11 7 3 2 0 6 9 8 _ 
[00271851] 5 | 10 1 8 11 9 _ 4 0 6 _ 8 _ 
[00271852] 4 | 10 1 8 11 9 5 4 0 6 _ 8 _ 
[00271853] 3 | 10 1 8 11 9 5 4 0 6 3 8 _ 
[00271854] 4 | 10 1 8 11 9 _ 4 0 6 2 8 _ 
[00271855] 5 | 10 1 8 11 _ _ _ 0 6 11 8 _ 
[00271856] 4 | 10 1 8 11 3 7 _ 0 6 11 8 _ 
[00271857] 4 | 10 1 8 11 5 9 _ 0 6 11 8 _ 
[00271858] 3 | 10 1 8 11 5 9 2 0 6 11 8 _ 
[00271859] 4 | 10 1 8 11 7 3 _ 0 6 11 8 _ 
[00271860] 3 | 10 1 8 11 7 3 4 0 6 11 8 _ 
[00271861] 4 | 10 1 8 11 9 5 _ 0 6 11 8 _ 
[00271862] 4 | 10 1 8 11 3 _ 7 0 6 11 8 _ 
[00271863] 4 | 10 1 8 11 5 _ 9 0 6 11 8 _ 
[00271864] 3 | 10 1 8 11 5 2 9 0 6 11 8 _ 
[00271865] 4 | 10 1 8 11 7 _ 3 0 6 11 8 _ 
[00271866] 3 | 10 1 8 11 7 4 3 0 6 11 8 _ 
[00271867] 4 | 10 1 8 11 9 _ 5 0 6 11 8 _ 
[00271868] 6 | 10 1 8 11 _ _ _ 0 3 9 8 _ 
[00271869] 5 | 10 1 8 11 6 _ _ 0 3 9 8 _ 
[00271870] 4 | 10 1 8 11 6 2 _ 0 3 9 8 _ 
[00271871] 4 | 10 1 8 11 6 _ 2 0 3 9 8 _ 
[00271872] 5 | 10 1 8 11 2 7 _ 0 3 9 8 _ 
[00271873] 4 | 10 1 8 11 2 7 6 0 3 9 8 _ 
[00271874] 5 | 10 1 8 11 7 2 _ 0 3 9 8 _ 
[00271875] 5 | 10 1 8 11 2 _ 7 0 3 9 8 _ 
[00271876] 4 | 10 1 8 11 2 6 7 0 3 9 8 _ 
[00271877] 5 | 10 1 8 11 7 _ 2 0 3 9 8 _ 
[00271878] 6 | 10 1 8 11 _ _ _ 0 9 3 8 _ 
[00271879] 5 | 10 1 8 11 6 _ _ 0 9 3 8 _ 
[00271880] 4 | 10 1 8 11 6 2 _ 0 9 3 8 _ 
[00271881] 4 | 10 1 8 11 6 _ 2 0 9 3 8 _ 
[00271882] 5 | 10 1 8 11 2 7 _ 0 9 3 8 _ 
[00271883] 4 | 10 1 8 11 2 7 6 0 9 3 8 _ 
[00271884] 5 | 10 1 8 11 7 2 _ 0 9 3 8 _ 
[00271885] 5 | 10 1 8 11 2 _ 7 0 9 3 8 _ 
[00271886] 4 | 10 1 8 11 2 6 7 0 9 3 8 _ 
[00271887] 5 | 10 1 8 11 7 _ 2 0 9 3 8 _ 
[00271888] 7 | 10 1 _ 11 4 _ _ 0 _ _ 8 _ 
[00271889] 6 | 10 1 7 11 4 _ _ 0 _ _ 8 _ 
[00271890] 5 | 10 1 7 11 4 9 _ 0 _ _ 8 _ 
[00271891] 4 | 10 1 7 11 4 9 0 0 _ _ 8 _ 
[00271892] 3 | 10 1 7 11 4 9 0 0 2 5 8 _ 
[00271893] 2 | 10 1 7 11 4 9 0 0 2 5 8 6 
[00271894] 3 | 10 1 7 11 4 9 0 0 3 6 8 _ 
[00271895] 3 | 10 1 7 11 4 9 0 0 5 2 8 _ 
[00271896] 2 | 10 1 7 11 4 9 0 0 5 2 8 6 
[00271897] 3 | 10 1 7 11 4 9 0 0 6 3 8 _ 
[00271898] 3 | 10 1 7 11 4 9 0 0 _ _ 8 5 
[00271899] 4 | 10 1 7 11 4 9 8 0 _ _ 8 _ 
[00271900] 3 | 10 1 7 11 4 9 8 0 3 _ 8 _ 
[00271901] 2 | 10 1 7 11 4 9 8 0 3 5 8 _ 
[00271902] 3 | 10 1 7 11 4 9 8 0 2 5 8 _ 
[00271903] 3 | 10 1 7 11 4 9 8 0 3 6 8 _ 
[00271904] 3 | 10 1 7 11 4 9 8 0 5 2 8 _ 
[00271905] 3 | 10 1 7 11 4 9 8 0 6 3 8 _ 
[00271906] 4 | 10 1 7 11 4 9 _ 0 4 _ 8 _ 
[00271907] 3 | 10 1 7 11 4 9 _ 0 4 _ 8 5 
