[00212611] 4 | 3 10 1 0 6 11 2 11 _ _ 3 _ 
[00212612] 3 | 3 10 1 0 6 11 2 11 4 7 3 _ 
[00212613] 3 | 3 10 1 0 6 11 2 11 5 8 3 _ 
[00212614] 3 | 3 10 1 0 6 11 2 11 7 4 3 _ 
[00212615] 3 | 3 10 1 0 6 11 2 11 8 5 3 _ 
[00212616] 4 | 3 10 1 0 6 11 _ 11 4 8 3 _ 
[00212617] 3 | 3 10 1 0 6 11 9 11 4 8 3 _ 
[00212618] 4 | 3 10 1 0 6 11 _ 11 5 9 3 _ 
[00212619] 4 | 3 10 1 0 6 11 _ 11 8 4 3 _ 
[00212620] 3 | 3 10 1 0 6 11 9 11 8 4 3 _ 
[00212621] 4 | 3 10 1 0 6 11 _ 11 9 5 3 _ 
[00212622] 5 | 3 10 1 0 6 _ 11 11 _ _ 3 _ 
[00212623] 4 | 3 10 1 0 6 2 11 11 _ _ 3 _ 
[00212624] 3 | 3 10 1 0 6 2 11 11 4 7 3 _ 
[00212625] 3 | 3 10 1 0 6 2 11 11 5 8 3 _ 
[00212626] 3 | 3 10 1 0 6 2 11 11 7 4 3 _ 
[00212627] 3 | 3 10 1 0 6 2 11 11 8 5 3 _ 
[00212628] 4 | 3 10 1 0 6 _ 11 11 4 8 3 _ 
[00212629] 3 | 3 10 1 0 6 9 11 11 4 8 3 _ 
[00212630] 4 | 3 10 1 0 6 _ 11 11 5 9 3 _ 
[00212631] 4 | 3 10 1 0 6 _ 11 11 8 4 3 _ 
[00212632] 3 | 3 10 1 0 6 9 11 11 8 4 3 _ 
[00212633] 4 | 3 10 1 0 6 _ 11 11 9 5 3 _ 
[00212634] 5 | 3 10 1 0 6 _ _ 11 6 _ 3 _ 
[00212635] 4 | 3 10 1 0 6 2 _ 11 6 _ 3 _ 
[00212636] 3 | 3 10 1 0 6 2 9 11 6 _ 3 _ 
[00212637] 3 | 3 10 1 0 6 2 _ 11 6 9 3 _ 
[00212638] 4 | 3 10 1 0 6 _ 2 11 6 _ 3 _ 
[00212639] 3 | 3 10 1 0 6 9 2 11 6 _ 3 _ 
[00212640] 3 | 3 10 1 0 6 _ 2 11 6 9 3 _ 
[00212641] 4 | 3 10 1 0 6 _ _ 11 6 2 3 _ 
[00212642] 5 | 3 10 1 0 6 _ _ 11 2 7 3 _ 
[00212643] 5 | 3 10 1 0 6 _ _ 11 4 9 3 _ 
[00212644] 4 | 3 10 1 0 6 2 _ 11 4 9 3 _ 
[00212645] 4 | 3 10 1 0 6 _ 2 11 4 9 3 _ 
[00212646] 5 | 3 10 1 0 6 _ _ 11 7 2 3 _ 
[00212647] 5 | 3 10 1 0 6 _ _ 11 9 4 3 _ 
[00212648] 4 | 3 10 1 0 6 2 _ 11 9 4 3 _ 
[00212649] 4 | 3 10 1 0 6 _ 2 11 9 4 3 _ 
[00212650] 6 | 3 10 1 0 2 8 _ 11 _ _ 3 _ 
[00212651] 5 | 3 10 1 0 2 8 7 11 _ _ 3 _ 
[00212652] 4 | 3 10 1 0 2 8 7 11 5 9 3 _ 
[00212653] 4 | 3 10 1 0 2 8 7 11 9 5 3 _ 
[00212654] 5 | 3 10 1 0 2 8 _ 11 6 _ 3 _ 
[00212655] 4 | 3 10 1 0 2 8 6 11 6 _ 3 _ 
[00212656] 4 | 3 10 1 0 2 8 _ 11 6 2 3 _ 
[00212657] 5 | 3 10 1 0 2 8 _ 11 4 9 3 _ 
[00212658] 4 | 3 10 1 0 2 8 6 11 4 9 3 _ 
[00212659] 5 | 3 10 1 0 2 8 _ 11 9 4 3 _ 
[00212660] 4 | 3 10 1 0 2 8 6 11 9 4 3 _ 
[00212661] 6 | 3 10 1 0 8 2 _ 11 _ _ 3 _ 
[00212662] 5 | 3 10 1 0 8 2 _ 11 6 _ 3 _ 
[00212663] 4 | 3 10 1 0 8 2 4 11 6 _ 3 _ 
[00212664] 3 | 3 10 1 0 8 2 4 11 6 9 3 _ 
[00212665] 5 | 3 10 1 0 8 2 _ 11 4 9 3 _ 
[00212666] 5 | 3 10 1 0 8 2 _ 11 9 4 3 _ 
[00212667] 6 | 3 10 1 0 2 _ 8 11 _ _ 3 _ 
[00212668] 5 | 3 10 1 0 2 7 8 11 _ _ 3 _ 
[00212669] 4 | 3 10 1 0 2 7 8 11 5 9 3 _ 
[00212670] 4 | 3 10 1 0 2 7 8 11 9 5 3 _ 
[00212671] 5 | 3 10 1 0 2 _ 8 11 6 _ 3 _ 
[00212672] 4 | 3 10 1 0 2 6 8 11 6 _ 3 _ 
[00212673] 4 | 3 10 1 0 2 _ 8 11 6 2 3 _ 
[00212674] 5 | 3 10 1 0 2 _ 8 11 4 9 3 _ 
[00212675] 4 | 3 10 1 0 2 6 8 11 4 9 3 _ 
[00212676] 5 | 3 10 1 0 2 _ 8 11 9 4 3 _ 
[00212677] 4 | 3 10 1 0 2 6 8 11 9 4 3 _ 
[00212678] 6 | 3 10 1 0 8 _ 2 11 _ _ 3 _ 
[00212679] 5 | 3 10 1 0 8 _ 2 11 6 _ 3 _ 
[00212680] 4 | 3 10 1 0 8 4 2 11 6 _ 3 _ 
[00212681] 3 | 3 10 1 0 8 4 2 11 6 9 3 _ 
[00212682] 5 | 3 10 1 0 8 _ 2 11 4 9 3 _ 
[00212683] 5 | 3 10 1 0 8 _ 2 11 9 4 3 _ 
[00212684] 6 | 3 10 1 0 _ _ _ 11 5 _ 3 _ 
[00212685] 5 | 3 10 1 0 5 _ _ 11 5 _ 3 _ 
[00212686] 4 | 3 10 1 0 5 9 _ 11 5 _ 3 _ 
[00212687] 3 | 3 10 1 0 5 9 2 11 5 _ 3 _ 
[00212688] 3 | 3 10 1 0 5 9 8 11 5 _ 3 _ 
[00212689] 3 | 3 10 1 0 5 9 _ 11 5 2 3 _ 
[00212690] 3 | 3 10 1 0 5 9 _ 11 5 8 3 _ 
[00212691] 4 | 3 10 1 0 5 _ 9 11 5 _ 3 _ 
[00212692] 3 | 3 10 1 0 5 2 9 11 5 _ 3 _ 
[00212693] 3 | 3 10 1 0 5 8 9 11 5 _ 3 _ 
[00212694] 3 | 3 10 1 0 5 _ 9 11 5 2 3 _ 
[00212695] 3 | 3 10 1 0 5 _ 9 11 5 8 3 _ 
[00212696] 4 | 3 10 1 0 5 _ _ 11 5 9 3 _ 
[00212697] 5 | 3 10 1 0 2 7 _ 11 5 _ 3 _ 
[00212698] 4 | 3 10 1 0 2 7 6 11 5 _ 3 _ 
[00212699] 3 | 3 10 1 0 2 7 6 11 5 8 3 _ 
[00212700] 4 | 3 10 1 0 2 7 _ 11 5 9 3 _ 
[00212701] 5 | 3 10 1 0 4 9 _ 11 5 _ 3 _ 
[00212702] 4 | 3 10 1 0 4 9 8 11 5 _ 3 _ 
[00212703] 3 | 3 10 1 0 4 9 8 11 5 2 3 _ 
[00212704] 5 | 3 10 1 0 7 2 _ 11 5 _ 3 _ 
[00212705] 4 | 3 10 1 0 7 2 _ 11 5 9 3 _ 
[00212706] 3 | 3 10 1 0 7 2 4 11 5 9 3 _ 
[00212707] 5 | 3 10 1 0 9 4 _ 11 5 _ 3 _ 
[00212708] 4 | 3 10 1 0 9 4 5 11 5 _ 3 _ 
[00212709] 4 | 3 10 1 0 9 4 _ 11 5 9 3 _ 
[00212710] 5 | 3 10 1 0 2 _ 7 11 5 _ 3 _ 
[00212711] 4 | 3 10 1 0 2 6 7 11 5 _ 3 _ 
[00212712] 3 | 3 10 1 0 2 6 7 11 5 8 3 _ 
[00212713] 4 | 3 10 1 0 2 _ 7 11 5 9 3 _ 
[00212714] 5 | 3 10 1 0 4 _ 9 11 5 _ 3 _ 
[00212715] 4 | 3 10 1 0 4 8 9 11 5 _ 3 _ 
[00212716] 3 | 3 10 1 0 4 8 9 11 5 2 3 _ 
[00212717] 5 | 3 10 1 0 7 _ 2 11 5 _ 3 _ 
[00212718] 4 | 3 10 1 0 7 _ 2 11 5 9 3 _ 
[00212719] 3 | 3 10 1 0 7 4 2 11 5 9 3 _ 
[00212720] 5 | 3 10 1 0 9 _ 4 11 5 _ 3 _ 
[00212721] 4 | 3 10 1 0 9 5 4 11 5 _ 3 _ 
[00212722] 4 | 3 10 1 0 9 _ 4 11 5 9 3 _ 
[00212723] 5 | 3 10 1 0 _ _ _ 11 5 0 3 _ 
[00212724] 4 | 3 10 1 0 2 6 _ 11 5 0 3 _ 
[00212725] 4 | 3 10 1 0 4 8 _ 11 5 0 3 _ 
[00212726] 3 | 3 10 1 0 4 8 7 11 5 0 3 _ 
[00212727] 4 | 3 10 1 0 6 2 _ 11 5 0 3 _ 
[00212728] 3 | 3 10 1 0 6 2 9 11 5 0 3 _ 
[00212729] 4 | 3 10 1 0 8 4 _ 11 5 0 3 _ 
[00212730] 4 | 3 10 1 0 2 _ 6 11 5 0 3 _ 
[00212731] 4 | 3 10 1 0 4 _ 8 11 5 0 3 _ 
[00212732] 3 | 3 10 1 0 4 7 8 11 5 0 3 _ 
[00212733] 4 | 3 10 1 0 6 _ 2 11 5 0 3 _ 
[00212734] 3 | 3 10 1 0 6 9 2 11 5 0 3 _ 
[00212735] 4 | 3 10 1 0 8 _ 4 11 5 0 3 _ 
[00212736] 6 | 3 10 1 0 _ _ _ 11 2 8 3 _ 
[00212737] 5 | 3 10 1 0 5 _ _ 11 2 8 3 _ 
[00212738] 4 | 3 10 1 0 5 9 _ 11 2 8 3 _ 
[00212739] 4 | 3 10 1 0 5 _ 9 11 2 8 3 _ 
[00212740] 5 | 3 10 1 0 4 9 _ 11 2 8 3 _ 
[00212741] 5 | 3 10 1 0 9 4 _ 11 2 8 3 _ 
[00212742] 4 | 3 10 1 0 9 4 5 11 2 8 3 _ 
[00212743] 5 | 3 10 1 0 4 _ 9 11 2 8 3 _ 
[00212744] 5 | 3 10 1 0 9 _ 4 11 2 8 3 _ 
[00212745] 4 | 3 10 1 0 9 5 4 11 2 8 3 _ 
[00212746] 6 | 3 10 1 0 _ _ _ 11 8 2 3 _ 
[00212747] 5 | 3 10 1 0 5 _ _ 11 8 2 3 _ 
[00212748] 4 | 3 10 1 0 5 9 _ 11 8 2 3 _ 
[00212749] 4 | 3 10 1 0 5 _ 9 11 8 2 3 _ 
[00212750] 5 | 3 10 1 0 4 9 _ 11 8 2 3 _ 
[00212751] 5 | 3 10 1 0 9 4 _ 11 8 2 3 _ 
[00212752] 4 | 3 10 1 0 9 4 5 11 8 2 3 _ 
[00212753] 5 | 3 10 1 0 4 _ 9 11 8 2 3 _ 
[00212754] 5 | 3 10 1 0 9 _ 4 11 8 2 3 _ 
[00212755] 4 | 3 10 1 0 9 5 4 11 8 2 3 _ 
[00212756] 7 | _ 10 1 0 7 _ _ 11 _ _ 3 _ 
[00212757] 6 | 4 10 1 0 7 _ _ 11 _ _ 3 _ 
[00212758] 5 | 4 10 1 0 7 2 _ 11 _ _ 3 _ 
[00212759] 4 | 4 10 1 0 7 2 3 11 _ _ 3 _ 
[00212760] 3 | 4 10 1 0 7 2 3 11 8 _ 3 _ 
[00212761] 2 | 4 10 1 0 7 2 3 11 8 6 3 _ 
[00212762] 3 | 4 10 1 0 7 2 3 11 5 8 3 _ 
[00212763] 3 | 4 10 1 0 7 2 3 11 6 9 3 _ 
[00212764] 3 | 4 10 1 0 7 2 3 11 8 5 3 _ 
[00212765] 3 | 4 10 1 0 7 2 3 11 9 6 3 _ 
[00212766] 4 | 4 10 1 0 7 2 11 11 _ _ 3 _ 
[00212767] 3 | 4 10 1 0 7 2 11 11 5 8 3 _ 
[00212768] 3 | 4 10 1 0 7 2 11 11 6 9 3 _ 
[00212769] 2 | 4 10 1 0 7 2 11 11 6 9 3 5 
[00212770] 3 | 4 10 1 0 7 2 11 11 8 5 3 _ 
[00212771] 3 | 4 10 1 0 7 2 11 11 9 6 3 _ 
[00212772] 2 | 4 10 1 0 7 2 11 11 9 6 3 5 
[00212773] 3 | 4 10 1 0 7 2 11 11 _ _ 3 6 
[00212774] 4 | 4 10 1 0 7 2 _ 11 7 _ 3 _ 
[00212775] 3 | 4 10 1 0 7 2 _ 11 7 _ 3 6 
[00212776] 2 | 4 10 1 0 7 2 5 11 7 _ 3 6 
[00212777] 2 | 4 10 1 0 7 2 9 11 7 _ 3 6 
[00212778] 2 | 4 10 1 0 7 2 _ 11 7 5 3 6 
[00212779] 2 | 4 10 1 0 7 2 _ 11 7 9 3 6 
[00212780] 4 | 4 10 1 0 7 2 _ 11 5 9 3 _ 
[00212781] 3 | 4 10 1 0 7 2 _ 11 5 9 3 6 
[00212782] 4 | 4 10 1 0 7 2 _ 11 9 5 3 _ 
[00212783] 3 | 4 10 1 0 7 2 _ 11 9 5 3 6 
[00212784] 4 | 4 10 1 0 7 2 _ 11 _ _ 3 7 
[00212785] 3 | 4 10 1 0 7 2 _ 11 8 _ 3 7 
[00212786] 2 | 4 10 1 0 7 2 _ 11 8 6 3 7 
[00212787] 3 | 4 10 1 0 7 2 _ 11 5 8 3 7 
[00212788] 3 | 4 10 1 0 7 2 _ 11 6 9 3 7 
[00212789] 3 | 4 10 1 0 7 2 _ 11 8 5 3 7 
[00212790] 3 | 4 10 1 0 7 2 _ 11 9 6 3 7 
[00212791] 5 | 4 10 1 0 7 _ 2 11 _ _ 3 _ 
[00212792] 4 | 4 10 1 0 7 3 2 11 _ _ 3 _ 
[00212793] 3 | 4 10 1 0 7 3 2 11 8 _ 3 _ 
[00212794] 2 | 4 10 1 0 7 3 2 11 8 6 3 _ 
[00212795] 3 | 4 10 1 0 7 3 2 11 5 8 3 _ 
[00212796] 3 | 4 10 1 0 7 3 2 11 6 9 3 _ 
[00212797] 3 | 4 10 1 0 7 3 2 11 8 5 3 _ 
[00212798] 3 | 4 10 1 0 7 3 2 11 9 6 3 _ 
[00212799] 4 | 4 10 1 0 7 11 2 11 _ _ 3 _ 
[00212800] 3 | 4 10 1 0 7 11 2 11 5 8 3 _ 
[00212801] 3 | 4 10 1 0 7 11 2 11 6 9 3 _ 
[00212802] 2 | 4 10 1 0 7 11 2 11 6 9 3 5 
[00212803] 3 | 4 10 1 0 7 11 2 11 8 5 3 _ 
[00212804] 3 | 4 10 1 0 7 11 2 11 9 6 3 _ 
[00212805] 2 | 4 10 1 0 7 11 2 11 9 6 3 5 
[00212806] 3 | 4 10 1 0 7 11 2 11 _ _ 3 6 
[00212807] 4 | 4 10 1 0 7 _ 2 11 7 _ 3 _ 
[00212808] 3 | 4 10 1 0 7 _ 2 11 7 _ 3 6 
[00212809] 2 | 4 10 1 0 7 5 2 11 7 _ 3 6 
[00212810] 2 | 4 10 1 0 7 9 2 11 7 _ 3 6 
[00212811] 2 | 4 10 1 0 7 _ 2 11 7 5 3 6 
[00212812] 2 | 4 10 1 0 7 _ 2 11 7 9 3 6 
[00212813] 4 | 4 10 1 0 7 _ 2 11 5 9 3 _ 
[00212814] 3 | 4 10 1 0 7 _ 2 11 5 9 3 6 
[00212815] 4 | 4 10 1 0 7 _ 2 11 9 5 3 _ 
[00212816] 3 | 4 10 1 0 7 _ 2 11 9 5 3 6 
[00212817] 4 | 4 10 1 0 7 _ 2 11 _ _ 3 7 
[00212818] 3 | 4 10 1 0 7 _ 2 11 8 _ 3 7 
[00212819] 2 | 4 10 1 0 7 _ 2 11 8 6 3 7 
[00212820] 3 | 4 10 1 0 7 _ 2 11 5 8 3 7 
[00212821] 3 | 4 10 1 0 7 _ 2 11 6 9 3 7 
[00212822] 3 | 4 10 1 0 7 _ 2 11 8 5 3 7 
[00212823] 3 | 4 10 1 0 7 _ 2 11 9 6 3 7 
[00212824] 5 | 4 10 1 0 7 _ _ 11 6 _ 3 _ 
[00212825] 4 | 4 10 1 0 7 3 _ 11 6 _ 3 _ 
[00212826] 3 | 4 10 1 0 7 3 _ 11 6 9 3 _ 
[00212827] 2 | 4 10 1 0 7 3 5 11 6 9 3 _ 
[00212828] 4 | 4 10 1 0 7 _ 3 11 6 _ 3 _ 
[00212829] 3 | 4 10 1 0 7 _ 3 11 6 9 3 _ 
[00212830] 2 | 4 10 1 0 7 5 3 11 6 9 3 _ 
[00212831] 4 | 4 10 1 0 7 _ _ 11 6 2 3 _ 
[00212832] 4 | 4 10 1 0 7 _ _ 11 6 _ 3 7 
[00212833] 3 | 4 10 1 0 7 _ _ 11 6 9 3 7 
[00212834] 5 | 4 10 1 0 7 _ _ 11 _ _ 3 8 
[00212835] 4 | 4 10 1 0 7 11 _ 11 _ _ 3 8 
[00212836] 3 | 4 10 1 0 7 11 _ 11 2 5 3 8 
[00212837] 2 | 4 10 1 0 7 11 9 11 2 5 3 8 
[00212838] 3 | 4 10 1 0 7 11 _ 11 6 9 3 8 
[00212839] 2 | 4 10 1 0 7 11 5 11 6 9 3 8 
[00212840] 3 | 4 10 1 0 7 11 _ 11 5 2 3 8 
[00212841] 2 | 4 10 1 0 7 11 9 11 5 2 3 8 
[00212842] 3 | 4 10 1 0 7 11 _ 11 9 6 3 8 
[00212843] 2 | 4 10 1 0 7 11 5 11 9 6 3 8 
[00212844] 4 | 4 10 1 0 7 _ 11 11 _ _ 3 8 
[00212845] 3 | 4 10 1 0 7 _ 11 11 2 5 3 8 
[00212846] 2 | 4 10 1 0 7 9 11 11 2 5 3 8 
[00212847] 3 | 4 10 1 0 7 _ 11 11 6 9 3 8 
[00212848] 2 | 4 10 1 0 7 5 11 11 6 9 3 8 
[00212849] 3 | 4 10 1 0 7 _ 11 11 5 2 3 8 
[00212850] 2 | 4 10 1 0 7 9 11 11 5 2 3 8 
[00212851] 3 | 4 10 1 0 7 _ 11 11 9 6 3 8 
[00212852] 2 | 4 10 1 0 7 5 11 11 9 6 3 8 
[00212853] 4 | 4 10 1 0 7 _ _ 11 7 _ 3 8 
[00212854] 4 | 4 10 1 0 7 _ _ 11 2 6 3 8 
[00212855] 4 | 4 10 1 0 7 _ _ 11 5 9 3 8 
[00212856] 4 | 4 10 1 0 7 _ _ 11 6 2 3 8 
[00212857] 4 | 4 10 1 0 7 _ _ 11 9 5 3 8 
[00212858] 6 | _ 10 1 0 7 _ _ 11 5 _ 3 _ 
[00212859] 5 | 5 10 1 0 7 _ _ 11 5 _ 3 _ 
[00212860] 4 | 5 10 1 0 7 3 _ 11 5 _ 3 _ 
[00212861] 3 | 5 10 1 0 7 3 4 11 5 _ 3 _ 
[00212862] 4 | 5 10 1 0 7 _ 3 11 5 _ 3 _ 
[00212863] 3 | 5 10 1 0 7 4 3 11 5 _ 3 _ 
[00212864] 4 | 5 10 1 0 7 _ _ 11 5 _ 3 7 
[00212865] 5 | _ 10 1 0 7 2 _ 11 5 _ 3 _ 
[00212866] 4 | 6 10 1 0 7 2 _ 11 5 _ 3 _ 
[00212867] 3 | 6 10 1 0 7 2 4 11 5 _ 3 _ 
[00212868] 2 | 6 10 1 0 7 2 4 11 5 3 3 _ 
[00212869] 2 | 6 10 1 0 7 2 4 11 5 _ 3 5 
[00212870] 3 | 6 10 1 0 7 2 _ 11 5 8 3 _ 
[00212871] 2 | 6 10 1 0 7 2 9 11 5 8 3 _ 
[00212872] 1 | 6 10 1 0 7 2 9 11 5 8 3 4  *Graceful*
[00212872] 4 | _ 10 1 0 7 2 3 11 5 _ 3 _ 
[00212873] 3 | _ 10 1 0 7 2 3 11 5 8 3 _ 
[00212874] 4 | _ 10 1 0 7 2 _ 11 5 9 3 _ 
[00212875] 3 | 7 10 1 0 7 2 _ 11 5 9 3 _ 
[00212876] 3 | _ 10 1 0 7 2 4 11 5 9 3 _ 
[00212877] 2 | 8 10 1 0 7 2 4 11 5 9 3 _ 
[00212878] 3 | _ 10 1 0 7 2 10 11 5 9 3 _ 
[00212879] 3 | _ 10 1 0 7 2 _ 11 5 9 3 6 
[00212880] 2 | 8 10 1 0 7 2 _ 11 5 9 3 6 
[00212881] 4 | _ 10 1 0 7 2 _ 11 5 _ 3 7 
[00212882] 3 | _ 10 1 0 7 2 _ 11 5 8 3 7 
[00212883] 5 | _ 10 1 0 7 _ 2 11 5 _ 3 _ 
[00212884] 4 | 6 10 1 0 7 _ 2 11 5 _ 3 _ 
[00212885] 3 | 6 10 1 0 7 4 2 11 5 _ 3 _ 
[00212886] 2 | 6 10 1 0 7 4 2 11 5 3 3 _ 
[00212887] 2 | 6 10 1 0 7 4 2 11 5 _ 3 5 
[00212888] 3 | 6 10 1 0 7 _ 2 11 5 8 3 _ 
[00212889] 2 | 6 10 1 0 7 9 2 11 5 8 3 _ 
[00212890] 1 | 6 10 1 0 7 9 2 11 5 8 3 4  *Graceful*
[00212890] 4 | _ 10 1 0 7 3 2 11 5 _ 3 _ 
[00212891] 3 | _ 10 1 0 7 3 2 11 5 8 3 _ 
[00212892] 4 | _ 10 1 0 7 _ 2 11 5 9 3 _ 
[00212893] 3 | 7 10 1 0 7 _ 2 11 5 9 3 _ 
[00212894] 3 | _ 10 1 0 7 4 2 11 5 9 3 _ 
[00212895] 2 | 8 10 1 0 7 4 2 11 5 9 3 _ 
[00212896] 3 | _ 10 1 0 7 10 2 11 5 9 3 _ 
[00212897] 3 | _ 10 1 0 7 _ 2 11 5 9 3 6 
[00212898] 2 | 8 10 1 0 7 _ 2 11 5 9 3 6 
[00212899] 4 | _ 10 1 0 7 _ 2 11 5 _ 3 7 
[00212900] 3 | _ 10 1 0 7 _ 2 11 5 8 3 7 
[00212901] 5 | _ 10 1 0 7 _ _ 11 5 10 3 _ 
[00212902] 4 | _ 10 1 0 7 3 _ 11 5 10 3 _ 
[00212903] 3 | _ 10 1 0 7 3 4 11 5 10 3 _ 
[00212904] 4 | _ 10 1 0 7 _ 3 11 5 10 3 _ 
[00212905] 3 | _ 10 1 0 7 4 3 11 5 10 3 _ 
[00212906] 4 | _ 10 1 0 7 _ _ 11 5 10 3 7 
[00212907] 5 | _ 10 1 0 7 _ _ 11 5 _ 3 8 
[00212908] 4 | 6 10 1 0 7 _ _ 11 5 _ 3 8 
[00212909] 3 | 6 10 1 0 7 4 _ 11 5 _ 3 8 
[00212910] 2 | 6 10 1 0 7 4 5 11 5 _ 3 8 
[00212911] 2 | 6 10 1 0 7 4 9 11 5 _ 3 8 
[00212912] 2 | 6 10 1 0 7 4 _ 11 5 7 3 8 
[00212913] 3 | 6 10 1 0 7 _ 4 11 5 _ 3 8 
[00212914] 2 | 6 10 1 0 7 5 4 11 5 _ 3 8 
[00212915] 2 | 6 10 1 0 7 9 4 11 5 _ 3 8 
[00212916] 2 | 6 10 1 0 7 _ 4 11 5 7 3 8 
[00212917] 3 | 6 10 1 0 7 _ _ 11 5 2 3 8 
[00212918] 2 | 6 10 1 0 7 9 _ 11 5 2 3 8 
[00212919] 2 | 6 10 1 0 7 _ 9 11 5 2 3 8 
[00212920] 4 | _ 10 1 0 7 _ _ 11 5 9 3 8 
[00212921] 3 | 7 10 1 0 7 _ _ 11 5 9 3 8 
[00212922] 3 | _ 10 1 0 7 4 _ 11 5 9 3 8 
[00212923] 3 | _ 10 1 0 7 10 _ 11 5 9 3 8 
[00212924] 3 | _ 10 1 0 7 _ 4 11 5 9 3 8 
[00212925] 3 | _ 10 1 0 7 _ 10 11 5 9 3 8 
[00212926] 6 | _ 10 1 0 7 _ _ 11 2 8 3 _ 
[00212927] 5 | 5 10 1 0 7 _ _ 11 2 8 3 _ 
[00212928] 4 | 5 10 1 0 7 3 _ 11 2 8 3 _ 
[00212929] 3 | 5 10 1 0 7 3 4 11 2 8 3 _ 
[00212930] 4 | 5 10 1 0 7 _ 3 11 2 8 3 _ 
[00212931] 3 | 5 10 1 0 7 4 3 11 2 8 3 _ 
[00212932] 4 | 5 10 1 0 7 _ _ 11 2 8 3 7 
[00212933] 6 | _ 10 1 0 7 _ _ 11 8 2 3 _ 
[00212934] 5 | 5 10 1 0 7 _ _ 11 8 2 3 _ 
[00212935] 4 | 5 10 1 0 7 3 _ 11 8 2 3 _ 
[00212936] 3 | 5 10 1 0 7 3 4 11 8 2 3 _ 
[00212937] 4 | 5 10 1 0 7 _ 3 11 8 2 3 _ 
[00212938] 3 | 5 10 1 0 7 4 3 11 8 2 3 _ 
[00212939] 4 | 5 10 1 0 7 _ _ 11 8 2 3 7 
[00212940] 6 | _ 10 1 0 7 _ _ 11 _ _ 3 9 
[00212941] 5 | 5 10 1 0 7 _ _ 11 _ _ 3 9 
[00212942] 4 | 5 10 1 0 7 11 _ 11 _ _ 3 9 
[00212943] 3 | 5 10 1 0 7 11 4 11 _ _ 3 9 
[00212944] 2 | 5 10 1 0 7 11 4 11 6 8 3 9 
[00212945] 2 | 5 10 1 0 7 11 4 11 8 6 3 9 
[00212946] 4 | 5 10 1 0 7 _ 11 11 _ _ 3 9 
[00212947] 3 | 5 10 1 0 7 4 11 11 _ _ 3 9 
[00212948] 2 | 5 10 1 0 7 4 11 11 6 8 3 9 
[00212949] 2 | 5 10 1 0 7 4 11 11 8 6 3 9 
[00212950] 4 | 5 10 1 0 7 _ _ 11 7 _ 3 9 
[00212951] 3 | 5 10 1 0 7 4 _ 11 7 _ 3 9 
[00212952] 3 | 5 10 1 0 7 _ 4 11 7 _ 3 9 
[00212953] 3 | 5 10 1 0 7 _ _ 11 7 4 3 9 
[00212954] 4 | 5 10 1 0 7 _ _ 11 2 6 3 9 
[00212955] 3 | 5 10 1 0 7 4 _ 11 2 6 3 9 
[00212956] 3 | 5 10 1 0 7 _ 4 11 2 6 3 9 
[00212957] 4 | 5 10 1 0 7 _ _ 11 4 8 3 9 
[00212958] 4 | 5 10 1 0 7 _ _ 11 6 2 3 9 
[00212959] 3 | 5 10 1 0 7 4 _ 11 6 2 3 9 
[00212960] 3 | 5 10 1 0 7 _ 4 11 6 2 3 9 
[00212961] 4 | 5 10 1 0 7 _ _ 11 8 4 3 9 
[00212962] 5 | _ 10 1 0 7 2 _ 11 _ _ 3 9 
[00212963] 4 | 6 10 1 0 7 2 _ 11 _ _ 3 9 
[00212964] 3 | 6 10 1 0 7 2 4 11 _ _ 3 9 
[00212965] 3 | 6 10 1 0 7 2 _ 11 8 _ 3 9 
[00212966] 2 | 6 10 1 0 7 2 5 11 8 _ 3 9 
[00212967] 3 | 6 10 1 0 7 2 _ 11 5 8 3 9 
[00212968] 3 | 6 10 1 0 7 2 _ 11 8 5 3 9 
[00212969] 4 | _ 10 1 0 7 2 11 11 _ _ 3 9 
[00212970] 3 | _ 10 1 0 7 2 11 11 5 8 3 9 
[00212971] 3 | _ 10 1 0 7 2 11 11 8 5 3 9 
[00212972] 4 | _ 10 1 0 7 2 _ 11 7 _ 3 9 
[00212973] 3 | 7 10 1 0 7 2 _ 11 7 _ 3 9 
[00212974] 3 | _ 10 1 0 7 2 4 11 7 _ 3 9 
[00212975] 2 | 8 10 1 0 7 2 4 11 7 _ 3 9 
[00212976] 3 | _ 10 1 0 7 2 10 11 7 _ 3 9 
[00212977] 3 | _ 10 1 0 7 2 _ 11 7 4 3 9 
[00212978] 2 | 8 10 1 0 7 2 _ 11 7 4 3 9 
[00212979] 3 | _ 10 1 0 7 2 _ 11 7 10 3 9 
[00212980] 4 | _ 10 1 0 7 2 _ 11 4 8 3 9 
[00212981] 3 | 7 10 1 0 7 2 _ 11 4 8 3 9 
[00212982] 3 | _ 10 1 0 7 2 10 11 4 8 3 9 
[00212983] 4 | _ 10 1 0 7 2 _ 11 8 4 3 9 
[00212984] 3 | 7 10 1 0 7 2 _ 11 8 4 3 9 
[00212985] 3 | _ 10 1 0 7 2 10 11 8 4 3 9 
[00212986] 5 | _ 10 1 0 7 _ 2 11 _ _ 3 9 
[00212987] 4 | 6 10 1 0 7 _ 2 11 _ _ 3 9 
[00212988] 3 | 6 10 1 0 7 4 2 11 _ _ 3 9 
[00212989] 3 | 6 10 1 0 7 _ 2 11 8 _ 3 9 
[00212990] 2 | 6 10 1 0 7 5 2 11 8 _ 3 9 
[00212991] 3 | 6 10 1 0 7 _ 2 11 5 8 3 9 
[00212992] 3 | 6 10 1 0 7 _ 2 11 8 5 3 9 
[00212993] 4 | _ 10 1 0 7 11 2 11 _ _ 3 9 
[00212994] 3 | _ 10 1 0 7 11 2 11 5 8 3 9 
[00212995] 3 | _ 10 1 0 7 11 2 11 8 5 3 9 
[00212996] 4 | _ 10 1 0 7 _ 2 11 7 _ 3 9 
[00212997] 3 | 7 10 1 0 7 _ 2 11 7 _ 3 9 
[00212998] 3 | _ 10 1 0 7 4 2 11 7 _ 3 9 
[00212999] 2 | 8 10 1 0 7 4 2 11 7 _ 3 9 
[00213000] 3 | _ 10 1 0 7 10 2 11 7 _ 3 9 
[00213001] 3 | _ 10 1 0 7 _ 2 11 7 4 3 9 
[00213002] 2 | 8 10 1 0 7 _ 2 11 7 4 3 9 
[00213003] 3 | _ 10 1 0 7 _ 2 11 7 10 3 9 
[00213004] 4 | _ 10 1 0 7 _ 2 11 4 8 3 9 
[00213005] 3 | 7 10 1 0 7 _ 2 11 4 8 3 9 
[00213006] 3 | _ 10 1 0 7 10 2 11 4 8 3 9 
[00213007] 4 | _ 10 1 0 7 _ 2 11 8 4 3 9 
[00213008] 3 | 7 10 1 0 7 _ 2 11 8 4 3 9 
[00213009] 3 | _ 10 1 0 7 10 2 11 8 4 3 9 
[00213010] 5 | _ 10 1 0 7 _ _ 11 6 _ 3 9 
[00213011] 4 | 6 10 1 0 7 _ _ 11 6 _ 3 9 
[00213012] 3 | 6 10 1 0 7 4 _ 11 6 _ 3 9 
[00213013] 2 | 6 10 1 0 7 4 5 11 6 _ 3 9 
[00213014] 3 | 6 10 1 0 7 _ 4 11 6 _ 3 9 
[00213015] 2 | 6 10 1 0 7 5 4 11 6 _ 3 9 
[00213016] 4 | _ 10 1 0 7 _ _ 11 6 2 3 9 
[00213017] 3 | 7 10 1 0 7 _ _ 11 6 2 3 9 
[00213018] 3 | _ 10 1 0 7 4 _ 11 6 2 3 9 
[00213019] 2 | 8 10 1 0 7 4 _ 11 6 2 3 9 
[00213020] 2 | _ 10 1 0 7 4 5 11 6 2 3 9 
[00213021] 3 | _ 10 1 0 7 10 _ 11 6 2 3 9 
[00213022] 2 | _ 10 1 0 7 10 5 11 6 2 3 9 
[00213023] 3 | _ 10 1 0 7 _ 4 11 6 2 3 9 
[00213024] 2 | 8 10 1 0 7 _ 4 11 6 2 3 9 
[00213025] 2 | _ 10 1 0 7 5 4 11 6 2 3 9 
[00213026] 3 | _ 10 1 0 7 _ 10 11 6 2 3 9 
[00213027] 2 | _ 10 1 0 7 5 10 11 6 2 3 9 
[00213028] 4 | _ 10 1 0 7 _ _ 11 6 10 3 9 
[00213029] 3 | _ 10 1 0 7 4 _ 11 6 10 3 9 
[00213030] 2 | _ 10 1 0 7 4 5 11 6 10 3 9 
[00213031] 3 | _ 10 1 0 7 _ 4 11 6 10 3 9 
[00213032] 2 | _ 10 1 0 7 5 4 11 6 10 3 9 
[00213033] 7 | _ 10 1 0 2 9 _ 11 _ _ 3 _ 
[00213034] 6 | 4 10 1 0 2 9 _ 11 _ _ 3 _ 
[00213035] 5 | 4 10 1 0 2 9 7 11 _ _ 3 _ 
[00213036] 5 | 4 10 1 0 2 9 _ 11 6 _ 3 _ 
[00213037] 4 | 4 10 1 0 2 9 6 11 6 _ 3 _ 
[00213038] 4 | 4 10 1 0 2 9 _ 11 6 2 3 _ 
[00213039] 4 | 4 10 1 0 2 9 _ 11 6 _ 3 7 
[00213040] 3 | 4 10 1 0 2 9 5 11 6 _ 3 7 
[00213041] 2 | 4 10 1 0 2 9 5 11 6 8 3 7 
[00213042] 5 | 4 10 1 0 2 9 _ 11 _ _ 3 8 
[00213043] 4 | 4 10 1 0 2 9 6 11 _ _ 3 8 
[00213044] 4 | 4 10 1 0 2 9 _ 11 7 _ 3 8 
[00213045] 3 | 4 10 1 0 2 9 5 11 7 _ 3 8 
[00213046] 6 | _ 10 1 0 2 9 8 11 _ _ 3 _ 
[00213047] 5 | 5 10 1 0 2 9 8 11 _ _ 3 _ 
[00213048] 4 | 5 10 1 0 2 9 8 11 7 _ 3 _ 
[00213049] 3 | 5 10 1 0 2 9 8 11 7 4 3 _ 
[00213050] 3 | 5 10 1 0 2 9 8 11 7 _ 3 6 
[00213051] 4 | 5 10 1 0 2 9 8 11 _ _ 3 7 
[00213052] 5 | _ 10 1 0 2 9 8 11 6 _ 3 _ 
[00213053] 4 | 6 10 1 0 2 9 8 11 6 _ 3 _ 
[00213054] 4 | _ 10 1 0 2 9 8 11 6 10 3 _ 
[00213055] 4 | _ 10 1 0 2 9 8 11 6 _ 3 7 
[00213056] 6 | _ 10 1 0 2 9 _ 11 5 _ 3 _ 
[00213057] 5 | 5 10 1 0 2 9 _ 11 5 _ 3 _ 
[00213058] 4 | 5 10 1 0 2 9 6 11 5 _ 3 _ 
[00213059] 4 | 5 10 1 0 2 9 _ 11 5 _ 3 7 
[00213060] 5 | _ 10 1 0 2 9 7 11 5 _ 3 _ 
[00213061] 4 | 6 10 1 0 2 9 7 11 5 _ 3 _ 
[00213062] 3 | 6 10 1 0 2 9 7 11 5 8 3 _ 
[00213063] 5 | _ 10 1 0 2 9 _ 11 5 10 3 _ 
[00213064] 4 | _ 10 1 0 2 9 6 11 5 10 3 _ 
[00213065] 4 | _ 10 1 0 2 9 _ 11 5 10 3 7 
[00213066] 5 | _ 10 1 0 2 9 _ 11 5 _ 3 8 
[00213067] 4 | 6 10 1 0 2 9 _ 11 5 _ 3 8 
[00213068] 3 | 6 10 1 0 2 9 5 11 5 _ 3 8 
[00213069] 3 | 6 10 1 0 2 9 _ 11 5 2 3 8 
[00213070] 4 | _ 10 1 0 2 9 6 11 5 _ 3 8 
[00213071] 3 | 7 10 1 0 2 9 6 11 5 _ 3 8 
[00213072] 7 | _ 10 1 0 9 2 _ 11 _ _ 3 _ 
[00213073] 6 | 4 10 1 0 9 2 _ 11 _ _ 3 _ 
[00213074] 5 | 4 10 1 0 9 2 _ 11 6 _ 3 _ 
[00213075] 4 | 4 10 1 0 9 2 5 11 6 _ 3 _ 
[00213076] 3 | 4 10 1 0 9 2 5 11 6 3 3 _ 
[00213077] 3 | 4 10 1 0 9 2 5 11 6 _ 3 6 
[00213078] 4 | 4 10 1 0 9 2 _ 11 6 _ 3 7 
[00213079] 3 | 4 10 1 0 9 2 6 11 6 _ 3 7 
[00213080] 3 | 4 10 1 0 9 2 _ 11 6 9 3 7 
[00213081] 5 | 4 10 1 0 9 2 _ 11 _ _ 3 8 
[00213082] 4 | 4 10 1 0 9 2 5 11 _ _ 3 8 
[00213083] 4 | 4 10 1 0 9 2 _ 11 7 _ 3 8 
[00213084] 3 | 4 10 1 0 9 2 6 11 7 _ 3 8 
[00213085] 2 | 4 10 1 0 9 2 6 11 7 5 3 8 
[00213086] 6 | _ 10 1 0 9 2 3 11 _ _ 3 _ 
[00213087] 5 | 5 10 1 0 9 2 3 11 _ _ 3 _ 
[00213088] 4 | 5 10 1 0 9 2 3 11 7 _ 3 _ 
[00213089] 3 | 5 10 1 0 9 2 3 11 7 4 3 _ 
[00213090] 4 | 5 10 1 0 9 2 3 11 4 8 3 _ 
[00213091] 4 | 5 10 1 0 9 2 3 11 8 4 3 _ 
[00213092] 5 | _ 10 1 0 9 2 3 11 6 _ 3 _ 
[00213093] 4 | 6 10 1 0 9 2 3 11 6 _ 3 _ 
[00213094] 4 | _ 10 1 0 9 2 3 11 6 10 3 _ 
[00213095] 6 | _ 10 1 0 9 2 _ 11 5 _ 3 _ 
[00213096] 5 | 5 10 1 0 9 2 _ 11 5 _ 3 _ 
[00213097] 4 | 5 10 1 0 9 2 _ 11 5 _ 3 7 
[00213098] 3 | 5 10 1 0 9 2 6 11 5 _ 3 7 
[00213099] 5 | _ 10 1 0 9 2 4 11 5 _ 3 _ 
[00213100] 4 | 6 10 1 0 9 2 4 11 5 _ 3 _ 
[00213101] 3 | 6 10 1 0 9 2 4 11 5 8 3 _ 
[00213102] 4 | _ 10 1 0 9 2 4 11 5 _ 3 7 
[00213103] 3 | _ 10 1 0 9 2 4 11 5 8 3 7 
[00213104] 5 | _ 10 1 0 9 2 _ 11 5 10 3 _ 
[00213105] 4 | _ 10 1 0 9 2 _ 11 5 10 3 7 
[00213106] 3 | _ 10 1 0 9 2 6 11 5 10 3 7 
[00213107] 5 | _ 10 1 0 9 2 _ 11 5 _ 3 8 
[00213108] 4 | 6 10 1 0 9 2 _ 11 5 _ 3 8 
