[00311766] 4 | _ 2 10 11 4 8 9 0 10 _ 7 1 
[00311767] 3 | 5 2 10 11 4 8 9 0 10 _ 7 1 
[00311768] 6 | _ 2 10 11 4 _ _ 0 10 _ 9 3 
[00311769] 5 | 7 2 10 11 4 _ _ 0 10 _ 9 3 
[00311770] 4 | 7 2 10 11 4 8 _ 0 10 _ 9 3 
[00311771] 3 | 7 2 10 11 4 8 1 0 10 _ 9 3 
[00311772] 4 | 7 2 10 11 4 _ 8 0 10 _ 9 3 
[00311773] 3 | 7 2 10 11 4 1 8 0 10 _ 9 3 
[00311774] 7 | _ 2 10 11 1 8 _ 0 10 _ _ _ 
[00311775] 6 | _ 2 10 11 1 8 7 0 10 _ _ _ 
[00311776] 5 | _ 2 10 11 1 8 7 0 10 _ 5 _ 
[00311777] 4 | 6 2 10 11 1 8 7 0 10 _ 5 _ 
[00311778] 4 | _ 2 10 11 1 8 7 0 10 _ 5 9 
[00311779] 5 | _ 2 10 11 1 8 7 0 10 _ 4 9 
[00311780] 4 | 6 2 10 11 1 8 7 0 10 _ 4 9 
[00311781] 5 | _ 2 10 11 1 8 7 0 10 _ 9 4 
[00311782] 4 | 6 2 10 11 1 8 7 0 10 _ 9 4 
[00311783] 6 | _ 2 10 11 1 8 _ 0 10 _ 6 _ 
[00311784] 5 | 7 2 10 11 1 8 _ 0 10 _ 6 _ 
[00311785] 4 | 7 2 10 11 1 8 5 0 10 _ 6 _ 
[00311786] 3 | 7 2 10 11 1 8 5 0 10 _ 6 3 
[00311787] 3 | 7 2 10 11 1 8 5 0 10 _ 6 9 
[00311788] 5 | _ 2 10 11 1 8 6 0 10 _ 6 _ 
[00311789] 5 | _ 2 10 11 1 8 _ 0 10 _ 6 1 
[00311790] 6 | _ 2 10 11 1 8 _ 0 10 _ 3 9 
[00311791] 5 | 7 2 10 11 1 8 _ 0 10 _ 3 9 
[00311792] 4 | 7 2 10 11 1 8 5 0 10 _ 3 9 
[00311793] 5 | _ 2 10 11 1 8 6 0 10 _ 3 9 
[00311794] 6 | _ 2 10 11 1 8 _ 0 10 _ 9 3 
[00311795] 5 | 7 2 10 11 1 8 _ 0 10 _ 9 3 
[00311796] 4 | 7 2 10 11 1 8 5 0 10 _ 9 3 
[00311797] 5 | _ 2 10 11 1 8 6 0 10 _ 9 3 
[00311798] 7 | _ 2 10 11 8 1 _ 0 10 _ _ _ 
[00311799] 6 | 8 2 10 11 8 1 _ 0 10 _ _ _ 
[00311800] 5 | 8 2 10 11 8 1 _ 0 10 _ 5 _ 
[00311801] 4 | 8 2 10 11 8 1 _ 0 10 _ 5 9 
[00311802] 5 | 8 2 10 11 8 1 _ 0 10 _ 4 9 
[00311803] 5 | 8 2 10 11 8 1 _ 0 10 _ 9 4 
[00311804] 6 | _ 2 10 11 8 1 2 0 10 _ _ _ 
[00311805] 5 | _ 2 10 11 8 1 2 0 10 _ 5 _ 
[00311806] 4 | _ 2 10 11 8 1 2 0 10 _ 5 9 
[00311807] 5 | _ 2 10 11 8 1 2 0 10 _ 4 9 
[00311808] 5 | _ 2 10 11 8 1 2 0 10 _ 9 4 
[00311809] 6 | _ 2 10 11 8 1 _ 0 10 _ 6 _ 
[00311810] 5 | 7 2 10 11 8 1 _ 0 10 _ 6 _ 
[00311811] 4 | 7 2 10 11 8 1 4 0 10 _ 6 _ 
[00311812] 3 | 7 2 10 11 8 1 4 0 10 _ 6 3 
[00311813] 3 | 7 2 10 11 8 1 4 0 10 _ 6 9 
[00311814] 5 | _ 2 10 11 8 1 3 0 10 _ 6 _ 
[00311815] 4 | 6 2 10 11 8 1 3 0 10 _ 6 _ 
[00311816] 4 | _ 2 10 11 8 1 3 0 10 _ 6 2 
[00311817] 6 | _ 2 10 11 8 1 _ 0 10 _ 3 9 
[00311818] 5 | 7 2 10 11 8 1 _ 0 10 _ 3 9 
[00311819] 4 | 7 2 10 11 8 1 4 0 10 _ 3 9 
[00311820] 6 | _ 2 10 11 8 1 _ 0 10 _ 9 3 
[00311821] 5 | 7 2 10 11 8 1 _ 0 10 _ 9 3 
[00311822] 4 | 7 2 10 11 8 1 4 0 10 _ 9 3 
[00311823] 7 | _ 2 10 11 1 _ 8 0 10 _ _ _ 
[00311824] 6 | _ 2 10 11 1 7 8 0 10 _ _ _ 
[00311825] 5 | _ 2 10 11 1 7 8 0 10 _ 5 _ 
[00311826] 4 | 6 2 10 11 1 7 8 0 10 _ 5 _ 
[00311827] 4 | _ 2 10 11 1 7 8 0 10 _ 5 9 
[00311828] 5 | _ 2 10 11 1 7 8 0 10 _ 4 9 
[00311829] 4 | 6 2 10 11 1 7 8 0 10 _ 4 9 
[00311830] 5 | _ 2 10 11 1 7 8 0 10 _ 9 4 
[00311831] 4 | 6 2 10 11 1 7 8 0 10 _ 9 4 
[00311832] 6 | _ 2 10 11 1 _ 8 0 10 _ 6 _ 
[00311833] 5 | 7 2 10 11 1 _ 8 0 10 _ 6 _ 
[00311834] 4 | 7 2 10 11 1 5 8 0 10 _ 6 _ 
[00311835] 3 | 7 2 10 11 1 5 8 0 10 _ 6 3 
[00311836] 3 | 7 2 10 11 1 5 8 0 10 _ 6 9 
[00311837] 5 | _ 2 10 11 1 6 8 0 10 _ 6 _ 
[00311838] 5 | _ 2 10 11 1 _ 8 0 10 _ 6 1 
[00311839] 6 | _ 2 10 11 1 _ 8 0 10 _ 3 9 
[00311840] 5 | 7 2 10 11 1 _ 8 0 10 _ 3 9 
[00311841] 4 | 7 2 10 11 1 5 8 0 10 _ 3 9 
[00311842] 5 | _ 2 10 11 1 6 8 0 10 _ 3 9 
[00311843] 6 | _ 2 10 11 1 _ 8 0 10 _ 9 3 
[00311844] 5 | 7 2 10 11 1 _ 8 0 10 _ 9 3 
[00311845] 4 | 7 2 10 11 1 5 8 0 10 _ 9 3 
[00311846] 5 | _ 2 10 11 1 6 8 0 10 _ 9 3 
[00311847] 7 | _ 2 10 11 8 _ 1 0 10 _ _ _ 
[00311848] 6 | 8 2 10 11 8 _ 1 0 10 _ _ _ 
[00311849] 5 | 8 2 10 11 8 _ 1 0 10 _ 5 _ 
[00311850] 4 | 8 2 10 11 8 _ 1 0 10 _ 5 9 
[00311851] 5 | 8 2 10 11 8 _ 1 0 10 _ 4 9 
[00311852] 5 | 8 2 10 11 8 _ 1 0 10 _ 9 4 
[00311853] 6 | _ 2 10 11 8 2 1 0 10 _ _ _ 
[00311854] 5 | _ 2 10 11 8 2 1 0 10 _ 5 _ 
[00311855] 4 | _ 2 10 11 8 2 1 0 10 _ 5 9 
[00311856] 5 | _ 2 10 11 8 2 1 0 10 _ 4 9 
[00311857] 5 | _ 2 10 11 8 2 1 0 10 _ 9 4 
[00311858] 6 | _ 2 10 11 8 _ 1 0 10 _ 6 _ 
[00311859] 5 | 7 2 10 11 8 _ 1 0 10 _ 6 _ 
[00311860] 4 | 7 2 10 11 8 4 1 0 10 _ 6 _ 
[00311861] 3 | 7 2 10 11 8 4 1 0 10 _ 6 3 
[00311862] 3 | 7 2 10 11 8 4 1 0 10 _ 6 9 
[00311863] 5 | _ 2 10 11 8 3 1 0 10 _ 6 _ 
[00311864] 4 | 6 2 10 11 8 3 1 0 10 _ 6 _ 
[00311865] 4 | _ 2 10 11 8 3 1 0 10 _ 6 2 
[00311866] 6 | _ 2 10 11 8 _ 1 0 10 _ 3 9 
[00311867] 5 | 7 2 10 11 8 _ 1 0 10 _ 3 9 
[00311868] 4 | 7 2 10 11 8 4 1 0 10 _ 3 9 
[00311869] 6 | _ 2 10 11 8 _ 1 0 10 _ 9 3 
[00311870] 5 | 7 2 10 11 8 _ 1 0 10 _ 9 3 
[00311871] 4 | 7 2 10 11 8 4 1 0 10 _ 9 3 
[00311872] 7 | _ 2 10 11 _ _ _ 0 10 _ 7 _ 
[00311873] 6 | 8 2 10 11 _ _ _ 0 10 _ 7 _ 
[00311874] 5 | 8 2 10 11 6 _ _ 0 10 _ 7 _ 
[00311875] 4 | 8 2 10 11 6 _ _ 0 10 _ 7 3 
[00311876] 3 | 8 2 10 11 6 9 _ 0 10 _ 7 3 
[00311877] 2 | 8 2 10 11 6 9 4 0 10 _ 7 3 
[00311878] 3 | 8 2 10 11 6 _ 9 0 10 _ 7 3 
[00311879] 2 | 8 2 10 11 6 4 9 0 10 _ 7 3 
[00311880] 5 | 8 2 10 11 1 6 _ 0 10 _ 7 _ 
[00311881] 4 | 8 2 10 11 1 6 5 0 10 _ 7 _ 
[00311882] 3 | 8 2 10 11 1 6 5 0 10 _ 7 4 
[00311883] 4 | 8 2 10 11 1 6 _ 0 10 _ 7 3 
[00311884] 3 | 8 2 10 11 1 6 4 0 10 _ 7 3 
[00311885] 5 | 8 2 10 11 4 9 _ 0 10 _ 7 _ 
[00311886] 4 | 8 2 10 11 4 9 _ 0 10 _ 7 3 
[00311887] 3 | 8 2 10 11 4 9 1 0 10 _ 7 3 
[00311888] 5 | 8 2 10 11 6 1 _ 0 10 _ 7 _ 
[00311889] 4 | 8 2 10 11 6 1 _ 0 10 _ 7 3 
[00311890] 3 | 8 2 10 11 6 1 9 0 10 _ 7 3 
[00311891] 5 | 8 2 10 11 9 4 _ 0 10 _ 7 _ 
[00311892] 4 | 8 2 10 11 9 4 5 0 10 _ 7 _ 
[00311893] 4 | 8 2 10 11 9 4 _ 0 10 _ 7 3 
[00311894] 3 | 8 2 10 11 9 4 6 0 10 _ 7 3 
[00311895] 5 | 8 2 10 11 1 _ 6 0 10 _ 7 _ 
[00311896] 4 | 8 2 10 11 1 5 6 0 10 _ 7 _ 
[00311897] 3 | 8 2 10 11 1 5 6 0 10 _ 7 4 
[00311898] 4 | 8 2 10 11 1 _ 6 0 10 _ 7 3 
[00311899] 3 | 8 2 10 11 1 4 6 0 10 _ 7 3 
[00311900] 5 | 8 2 10 11 4 _ 9 0 10 _ 7 _ 
[00311901] 4 | 8 2 10 11 4 _ 9 0 10 _ 7 3 
[00311902] 3 | 8 2 10 11 4 1 9 0 10 _ 7 3 
[00311903] 5 | 8 2 10 11 6 _ 1 0 10 _ 7 _ 
[00311904] 4 | 8 2 10 11 6 _ 1 0 10 _ 7 3 
[00311905] 3 | 8 2 10 11 6 9 1 0 10 _ 7 3 
[00311906] 5 | 8 2 10 11 9 _ 4 0 10 _ 7 _ 
[00311907] 4 | 8 2 10 11 9 5 4 0 10 _ 7 _ 
[00311908] 4 | 8 2 10 11 9 _ 4 0 10 _ 7 3 
[00311909] 3 | 8 2 10 11 9 6 4 0 10 _ 7 3 
[00311910] 6 | _ 2 10 11 5 _ _ 0 10 _ 7 _ 
[00311911] 5 | 7 2 10 11 5 _ _ 0 10 _ 7 _ 
[00311912] 4 | 7 2 10 11 5 1 _ 0 10 _ 7 _ 
[00311913] 3 | 7 2 10 11 5 1 8 0 10 _ 7 _ 
[00311914] 4 | 7 2 10 11 5 9 _ 0 10 _ 7 _ 
[00311915] 3 | 7 2 10 11 5 9 8 0 10 _ 7 _ 
[00311916] 4 | 7 2 10 11 5 _ 1 0 10 _ 7 _ 
[00311917] 3 | 7 2 10 11 5 8 1 0 10 _ 7 _ 
[00311918] 4 | 7 2 10 11 5 _ 9 0 10 _ 7 _ 
[00311919] 3 | 7 2 10 11 5 8 9 0 10 _ 7 _ 
[00311920] 5 | _ 2 10 11 5 _ _ 0 10 _ 7 2 
[00311921] 4 | _ 2 10 11 5 1 _ 0 10 _ 7 2 
[00311922] 3 | _ 2 10 11 5 1 8 0 10 _ 7 2 
[00311923] 4 | _ 2 10 11 5 9 _ 0 10 _ 7 2 
[00311924] 3 | _ 2 10 11 5 9 8 0 10 _ 7 2 
[00311925] 4 | _ 2 10 11 5 _ 1 0 10 _ 7 2 
[00311926] 3 | _ 2 10 11 5 8 1 0 10 _ 7 2 
[00311927] 4 | _ 2 10 11 5 _ 9 0 10 _ 7 2 
[00311928] 3 | _ 2 10 11 5 8 9 0 10 _ 7 2 
[00311929] 6 | _ 2 10 11 3 9 _ 0 10 _ 7 _ 
[00311930] 5 | 7 2 10 11 3 9 _ 0 10 _ 7 _ 
[00311931] 5 | _ 2 10 11 3 9 8 0 10 _ 7 _ 
[00311932] 4 | 6 2 10 11 3 9 8 0 10 _ 7 _ 
[00311933] 3 | 6 2 10 11 3 9 8 0 10 _ 7 4 
[00311934] 5 | _ 2 10 11 3 9 _ 0 10 _ 7 2 
[00311935] 6 | _ 2 10 11 9 3 _ 0 10 _ 7 _ 
[00311936] 5 | 7 2 10 11 9 3 _ 0 10 _ 7 _ 
[00311937] 4 | 7 2 10 11 9 3 5 0 10 _ 7 _ 
[00311938] 5 | _ 2 10 11 9 3 4 0 10 _ 7 _ 
[00311939] 4 | 6 2 10 11 9 3 4 0 10 _ 7 _ 
[00311940] 5 | _ 2 10 11 9 3 _ 0 10 _ 7 2 
[00311941] 4 | _ 2 10 11 9 3 5 0 10 _ 7 2 
[00311942] 6 | _ 2 10 11 3 _ 9 0 10 _ 7 _ 
[00311943] 5 | 7 2 10 11 3 _ 9 0 10 _ 7 _ 
[00311944] 5 | _ 2 10 11 3 8 9 0 10 _ 7 _ 
[00311945] 4 | 6 2 10 11 3 8 9 0 10 _ 7 _ 
[00311946] 3 | 6 2 10 11 3 8 9 0 10 _ 7 4 
[00311947] 5 | _ 2 10 11 3 _ 9 0 10 _ 7 2 
[00311948] 6 | _ 2 10 11 9 _ 3 0 10 _ 7 _ 
[00311949] 5 | 7 2 10 11 9 _ 3 0 10 _ 7 _ 
[00311950] 4 | 7 2 10 11 9 5 3 0 10 _ 7 _ 
[00311951] 5 | _ 2 10 11 9 4 3 0 10 _ 7 _ 
[00311952] 4 | 6 2 10 11 9 4 3 0 10 _ 7 _ 
[00311953] 5 | _ 2 10 11 9 _ 3 0 10 _ 7 2 
[00311954] 4 | _ 2 10 11 9 5 3 0 10 _ 7 2 
[00311955] 6 | _ 2 10 11 _ _ _ 0 10 _ 7 1 
[00311956] 5 | _ 2 10 11 6 _ _ 0 10 _ 7 1 
[00311957] 4 | 6 2 10 11 6 _ _ 0 10 _ 7 1 
[00311958] 4 | _ 2 10 11 6 2 _ 0 10 _ 7 1 
[00311959] 3 | _ 2 10 11 6 2 3 0 10 _ 7 1 
[00311960] 3 | _ 2 10 11 6 2 9 0 10 _ 7 1 
[00311961] 4 | _ 2 10 11 6 _ 2 0 10 _ 7 1 
[00311962] 3 | _ 2 10 11 6 3 2 0 10 _ 7 1 
[00311963] 3 | _ 2 10 11 6 9 2 0 10 _ 7 1 
[00311964] 5 | _ 2 10 11 3 8 _ 0 10 _ 7 1 
[00311965] 4 | 6 2 10 11 3 8 _ 0 10 _ 7 1 
[00311966] 5 | _ 2 10 11 4 9 _ 0 10 _ 7 1 
[00311967] 4 | 6 2 10 11 4 9 _ 0 10 _ 7 1 
[00311968] 4 | _ 2 10 11 4 9 8 0 10 _ 7 1 
[00311969] 3 | 5 2 10 11 4 9 8 0 10 _ 7 1 
[00311970] 5 | _ 2 10 11 8 3 _ 0 10 _ 7 1 
[00311971] 4 | 6 2 10 11 8 3 _ 0 10 _ 7 1 
[00311972] 3 | 6 2 10 11 8 3 5 0 10 _ 7 1 
[00311973] 4 | _ 2 10 11 8 3 4 0 10 _ 7 1 
[00311974] 3 | 5 2 10 11 8 3 4 0 10 _ 7 1 
[00311975] 5 | _ 2 10 11 9 4 _ 0 10 _ 7 1 
[00311976] 4 | 6 2 10 11 9 4 _ 0 10 _ 7 1 
[00311977] 4 | _ 2 10 11 9 4 5 0 10 _ 7 1 
[00311978] 5 | _ 2 10 11 3 _ 8 0 10 _ 7 1 
[00311979] 4 | 6 2 10 11 3 _ 8 0 10 _ 7 1 
[00311980] 5 | _ 2 10 11 4 _ 9 0 10 _ 7 1 
[00311981] 4 | 6 2 10 11 4 _ 9 0 10 _ 7 1 
[00311982] 4 | _ 2 10 11 4 8 9 0 10 _ 7 1 
[00311983] 3 | 5 2 10 11 4 8 9 0 10 _ 7 1 
[00311984] 5 | _ 2 10 11 8 _ 3 0 10 _ 7 1 
[00311985] 4 | 6 2 10 11 8 _ 3 0 10 _ 7 1 
[00311986] 3 | 6 2 10 11 8 5 3 0 10 _ 7 1 
[00311987] 4 | _ 2 10 11 8 4 3 0 10 _ 7 1 
[00311988] 3 | 5 2 10 11 8 4 3 0 10 _ 7 1 
[00311989] 5 | _ 2 10 11 9 _ 4 0 10 _ 7 1 
[00311990] 4 | 6 2 10 11 9 _ 4 0 10 _ 7 1 
[00311991] 4 | _ 2 10 11 9 5 4 0 10 _ 7 1 
[00311992] 7 | _ 2 10 11 _ _ _ 0 10 _ 1 8 
[00311993] 6 | _ 2 10 11 5 _ _ 0 10 _ 1 8 
[00311994] 5 | 7 2 10 11 5 _ _ 0 10 _ 1 8 
[00311995] 4 | 7 2 10 11 5 9 _ 0 10 _ 1 8 
[00311996] 4 | 7 2 10 11 5 _ 9 0 10 _ 1 8 
[00311997] 6 | _ 2 10 11 3 9 _ 0 10 _ 1 8 
[00311998] 5 | 7 2 10 11 3 9 _ 0 10 _ 1 8 
[00311999] 6 | _ 2 10 11 9 3 _ 0 10 _ 1 8 
[00312000] 5 | 7 2 10 11 9 3 _ 0 10 _ 1 8 
[00312001] 4 | 7 2 10 11 9 3 5 0 10 _ 1 8 
[00312002] 5 | _ 2 10 11 9 3 4 0 10 _ 1 8 
[00312003] 4 | 6 2 10 11 9 3 4 0 10 _ 1 8 
[00312004] 6 | _ 2 10 11 3 _ 9 0 10 _ 1 8 
[00312005] 5 | 7 2 10 11 3 _ 9 0 10 _ 1 8 
[00312006] 6 | _ 2 10 11 9 _ 3 0 10 _ 1 8 
[00312007] 5 | 7 2 10 11 9 _ 3 0 10 _ 1 8 
[00312008] 4 | 7 2 10 11 9 5 3 0 10 _ 1 8 
[00312009] 5 | _ 2 10 11 9 4 3 0 10 _ 1 8 
[00312010] 4 | 6 2 10 11 9 4 3 0 10 _ 1 8 
[00312011] 7 | _ 2 10 11 _ _ _ 0 10 _ 8 1 
[00312012] 6 | _ 2 10 11 5 _ _ 0 10 _ 8 1 
[00312013] 5 | 7 2 10 11 5 _ _ 0 10 _ 8 1 
[00312014] 4 | 7 2 10 11 5 9 _ 0 10 _ 8 1 
[00312015] 4 | 7 2 10 11 5 _ 9 0 10 _ 8 1 
[00312016] 6 | _ 2 10 11 3 9 _ 0 10 _ 8 1 
[00312017] 5 | 7 2 10 11 3 9 _ 0 10 _ 8 1 
[00312018] 6 | _ 2 10 11 9 3 _ 0 10 _ 8 1 
[00312019] 5 | 7 2 10 11 9 3 _ 0 10 _ 8 1 
[00312020] 4 | 7 2 10 11 9 3 5 0 10 _ 8 1 
[00312021] 5 | _ 2 10 11 9 3 4 0 10 _ 8 1 
[00312022] 4 | 6 2 10 11 9 3 4 0 10 _ 8 1 
[00312023] 6 | _ 2 10 11 3 _ 9 0 10 _ 8 1 
[00312024] 5 | 7 2 10 11 3 _ 9 0 10 _ 8 1 
[00312025] 6 | _ 2 10 11 9 _ 3 0 10 _ 8 1 
[00312026] 5 | 7 2 10 11 9 _ 3 0 10 _ 8 1 
[00312027] 4 | 7 2 10 11 9 5 3 0 10 _ 8 1 
[00312028] 5 | _ 2 10 11 9 4 3 0 10 _ 8 1 
[00312029] 4 | 6 2 10 11 9 4 3 0 10 _ 8 1 
[00312030] 8 | _ 2 _ 11 3 _ _ 0 10 _ _ _ 
[00312031] 7 | 9 2 _ 11 3 _ _ 0 10 _ _ _ 
[00312032] 6 | 9 2 8 11 3 _ _ 0 10 _ _ _ 
[00312033] 5 | 9 2 8 11 3 _ _ 0 10 5 _ _ 
[00312034] 4 | 9 2 8 11 3 7 _ 0 10 5 _ _ 
[00312035] 3 | 9 2 8 11 3 7 0 0 10 5 _ _ 
[00312036] 2 | 9 2 8 11 3 7 0 0 10 5 4 6 
[00312037] 2 | 9 2 8 11 3 7 0 0 10 5 6 4 
[00312038] 3 | 9 2 8 11 3 7 6 0 10 5 _ _ 
[00312039] 3 | 9 2 8 11 3 7 _ 0 10 5 3 _ 
[00312040] 2 | 9 2 8 11 3 7 1 0 10 5 3 _ 
[00312041] 2 | 9 2 8 11 3 7 _ 0 10 5 3 1 
[00312042] 3 | 9 2 8 11 3 7 _ 0 10 5 1 4 
[00312043] 3 | 9 2 8 11 3 7 _ 0 10 5 4 1 
[00312044] 4 | 9 2 8 11 3 _ 7 0 10 5 _ _ 
[00312045] 3 | 9 2 8 11 3 0 7 0 10 5 _ _ 
[00312046] 2 | 9 2 8 11 3 0 7 0 10 5 4 6 
[00312047] 2 | 9 2 8 11 3 0 7 0 10 5 6 4 
[00312048] 3 | 9 2 8 11 3 6 7 0 10 5 _ _ 
[00312049] 3 | 9 2 8 11 3 _ 7 0 10 5 3 _ 
[00312050] 2 | 9 2 8 11 3 1 7 0 10 5 3 _ 
[00312051] 2 | 9 2 8 11 3 _ 7 0 10 5 3 1 
[00312052] 3 | 9 2 8 11 3 _ 7 0 10 5 1 4 
[00312053] 3 | 9 2 8 11 3 _ 7 0 10 5 4 1 
[00312054] 4 | 9 2 8 11 3 _ _ 0 10 5 4 _ 
[00312055] 3 | 9 2 8 11 3 6 _ 0 10 5 4 _ 
[00312056] 2 | 9 2 8 11 3 6 1 0 10 5 4 _ 
[00312057] 3 | 9 2 8 11 3 _ 6 0 10 5 4 _ 
[00312058] 2 | 9 2 8 11 3 1 6 0 10 5 4 _ 
[00312059] 3 | 9 2 8 11 3 _ _ 0 10 5 4 1 
[00312060] 3 | 9 2 8 11 3 _ _ 0 10 5 4 7 
[00312061] 2 | 9 2 8 11 3 1 _ 0 10 5 4 7 
[00312062] 2 | 9 2 8 11 3 _ 1 0 10 5 4 7 
[00312063] 5 | 9 2 8 11 3 _ _ 0 10 _ 5 _ 
[00312064] 4 | 9 2 8 11 3 7 _ 0 10 _ 5 _ 
[00312065] 3 | 9 2 8 11 3 7 6 0 10 _ 5 _ 
[00312066] 4 | 9 2 8 11 3 _ 7 0 10 _ 5 _ 
[00312067] 3 | 9 2 8 11 3 6 7 0 10 _ 5 _ 
[00312068] 4 | 9 2 8 11 3 _ _ 0 10 6 5 _ 
[00312069] 4 | 9 2 8 11 3 _ _ 0 10 _ 5 1 
[00312070] 3 | 9 2 8 11 3 6 _ 0 10 _ 5 1 
[00312071] 3 | 9 2 8 11 3 _ 6 0 10 _ 5 1 
[00312072] 3 | 9 2 8 11 3 _ _ 0 10 7 5 1 
[00312073] 5 | 9 2 8 11 3 _ _ 0 10 _ 1 6 
[00312074] 4 | 9 2 8 11 3 7 _ 0 10 _ 1 6 
[00312075] 4 | 9 2 8 11 3 _ 7 0 10 _ 1 6 
[00312076] 5 | 9 2 8 11 3 _ _ 0 10 _ 6 1 
[00312077] 4 | 9 2 8 11 3 7 _ 0 10 _ 6 1 
[00312078] 4 | 9 2 8 11 3 _ 7 0 10 _ 6 1 
[00312079] 6 | 9 2 _ 11 3 _ _ 0 10 4 _ _ 
[00312080] 5 | 9 2 7 11 3 _ _ 0 10 4 _ _ 
[00312081] 4 | 9 2 7 11 3 _ _ 0 10 4 1 5 
[00312082] 3 | 9 2 7 11 3 6 _ 0 10 4 1 5 
[00312083] 3 | 9 2 7 11 3 _ 6 0 10 4 1 5 
[00312084] 4 | 9 2 7 11 3 _ _ 0 10 4 5 1 
[00312085] 3 | 9 2 7 11 3 6 _ 0 10 4 5 1 
[00312086] 3 | 9 2 7 11 3 _ 6 0 10 4 5 1 
[00312087] 5 | 9 2 _ 11 3 8 _ 0 10 4 _ _ 
[00312088] 4 | 9 2 6 11 3 8 _ 0 10 4 _ _ 
[00312089] 3 | 9 2 6 11 3 8 0 0 10 4 _ _ 
[00312090] 2 | 9 2 6 11 3 8 0 0 10 4 5 7 
[00312091] 2 | 9 2 6 11 3 8 0 0 10 4 7 5 
[00312092] 3 | 9 2 6 11 3 8 _ 0 10 4 3 _ 
[00312093] 2 | 9 2 6 11 3 8 1 0 10 4 3 _ 
[00312094] 2 | 9 2 6 11 3 8 5 0 10 4 3 _ 
[00312095] 2 | 9 2 6 11 3 8 _ 0 10 4 3 1 
[00312096] 2 | 9 2 6 11 3 8 _ 0 10 4 3 5 
[00312097] 4 | 9 2 _ 11 3 8 7 0 10 4 _ _ 
[00312098] 3 | 9 2 5 11 3 8 7 0 10 4 _ _ 
[00312099] 4 | 9 2 _ 11 3 8 _ 0 10 4 1 5 
[00312100] 3 | 9 2 _ 11 3 8 6 0 10 4 1 5 
[00312101] 4 | 9 2 _ 11 3 8 _ 0 10 4 5 1 
[00312102] 3 | 9 2 _ 11 3 8 6 0 10 4 5 1 
[00312103] 5 | 9 2 _ 11 3 _ 8 0 10 4 _ _ 
[00312104] 4 | 9 2 6 11 3 _ 8 0 10 4 _ _ 
[00312105] 3 | 9 2 6 11 3 0 8 0 10 4 _ _ 
[00312106] 2 | 9 2 6 11 3 0 8 0 10 4 5 7 
[00312107] 2 | 9 2 6 11 3 0 8 0 10 4 7 5 
[00312108] 3 | 9 2 6 11 3 _ 8 0 10 4 3 _ 
[00312109] 2 | 9 2 6 11 3 1 8 0 10 4 3 _ 
[00312110] 2 | 9 2 6 11 3 5 8 0 10 4 3 _ 
[00312111] 2 | 9 2 6 11 3 _ 8 0 10 4 3 1 
[00312112] 2 | 9 2 6 11 3 _ 8 0 10 4 3 5 
[00312113] 4 | 9 2 _ 11 3 7 8 0 10 4 _ _ 
[00312114] 3 | 9 2 5 11 3 7 8 0 10 4 _ _ 
[00312115] 4 | 9 2 _ 11 3 _ 8 0 10 4 1 5 
[00312116] 3 | 9 2 _ 11 3 6 8 0 10 4 1 5 
[00312117] 4 | 9 2 _ 11 3 _ 8 0 10 4 5 1 
[00312118] 3 | 9 2 _ 11 3 6 8 0 10 4 5 1 
[00312119] 5 | 9 2 _ 11 3 _ _ 0 10 4 5 _ 
[00312120] 4 | 9 2 6 11 3 _ _ 0 10 4 5 _ 
[00312121] 3 | 9 2 6 11 3 _ _ 0 10 4 5 8 
[00312122] 2 | 9 2 6 11 3 1 _ 0 10 4 5 8 
[00312123] 2 | 9 2 6 11 3 _ 1 0 10 4 5 8 
[00312124] 4 | 9 2 _ 11 3 7 _ 0 10 4 5 _ 
[00312125] 3 | 9 2 5 11 3 7 _ 0 10 4 5 _ 
[00312126] 2 | 9 2 5 11 3 7 1 0 10 4 5 _ 
[00312127] 3 | 9 2 _ 11 3 7 6 0 10 4 5 _ 
[00312128] 3 | 9 2 _ 11 3 7 _ 0 10 4 5 2 
[00312129] 2 | 9 2 _ 11 3 7 1 0 10 4 5 2 
[00312130] 3 | 9 2 _ 11 3 7 _ 0 10 4 5 8 
[00312131] 2 | 9 2 _ 11 3 7 1 0 10 4 5 8 
[00312132] 4 | 9 2 _ 11 3 _ 7 0 10 4 5 _ 
[00312133] 3 | 9 2 5 11 3 _ 7 0 10 4 5 _ 
[00312134] 2 | 9 2 5 11 3 1 7 0 10 4 5 _ 
[00312135] 3 | 9 2 _ 11 3 6 7 0 10 4 5 _ 
[00312136] 3 | 9 2 _ 11 3 _ 7 0 10 4 5 2 
[00312137] 2 | 9 2 _ 11 3 1 7 0 10 4 5 2 
[00312138] 3 | 9 2 _ 11 3 _ 7 0 10 4 5 8 
[00312139] 2 | 9 2 _ 11 3 1 7 0 10 4 5 8 
[00312140] 4 | 9 2 _ 11 3 _ _ 0 10 4 5 1 
[00312141] 3 | 9 2 _ 11 3 6 _ 0 10 4 5 1 
[00312142] 3 | 9 2 _ 11 3 _ 6 0 10 4 5 1 
[00312143] 5 | 9 2 _ 11 3 _ _ 0 10 4 1 6 
[00312144] 4 | 9 2 _ 11 3 7 _ 0 10 4 1 6 
[00312145] 3 | 9 2 5 11 3 7 _ 0 10 4 1 6 
[00312146] 4 | 9 2 _ 11 3 _ 7 0 10 4 1 6 
[00312147] 3 | 9 2 5 11 3 _ 7 0 10 4 1 6 
[00312148] 5 | 9 2 _ 11 3 _ _ 0 10 4 6 1 
[00312149] 4 | 9 2 _ 11 3 7 _ 0 10 4 6 1 
[00312150] 3 | 9 2 5 11 3 7 _ 0 10 4 6 1 
[00312151] 4 | 9 2 _ 11 3 _ 7 0 10 4 6 1 
[00312152] 3 | 9 2 5 11 3 _ 7 0 10 4 6 1 
[00312153] 6 | 9 2 _ 11 3 _ _ 0 10 _ 6 _ 
[00312154] 5 | 9 2 7 11 3 _ _ 0 10 _ 6 _ 
[00312155] 4 | 9 2 7 11 3 _ _ 0 10 6 6 _ 
[00312156] 4 | 9 2 7 11 3 _ _ 0 10 _ 6 10 
[00312157] 5 | 9 2 _ 11 3 8 _ 0 10 _ 6 _ 
[00312158] 4 | 9 2 6 11 3 8 _ 0 10 _ 6 _ 
[00312159] 3 | 9 2 6 11 3 8 _ 0 10 7 6 _ 
[00312160] 2 | 9 2 6 11 3 8 1 0 10 7 6 _ 
[00312161] 2 | 9 2 6 11 3 8 5 0 10 7 6 _ 
[00312162] 4 | 9 2 _ 11 3 8 7 0 10 _ 6 _ 
[00312163] 3 | 9 2 5 11 3 8 7 0 10 _ 6 _ 
[00312164] 2 | 9 2 5 11 3 8 7 0 10 _ 6 4 
[00312165] 4 | 9 2 _ 11 3 8 _ 0 10 6 6 _ 
[00312166] 3 | 9 2 5 11 3 8 _ 0 10 6 6 _ 
[00312167] 2 | 9 2 5 11 3 8 1 0 10 6 6 _ 
[00312168] 4 | 9 2 _ 11 3 8 _ 0 10 _ 6 2 
[00312169] 3 | 9 2 _ 11 3 8 _ 0 10 7 6 2 
[00312170] 2 | 9 2 _ 11 3 8 1 0 10 7 6 2 
[00312171] 2 | 9 2 _ 11 3 8 5 0 10 7 6 2 
[00312172] 4 | 9 2 _ 11 3 8 _ 0 10 _ 6 10 
[00312173] 3 | 9 2 5 11 3 8 _ 0 10 _ 6 10 
[00312174] 2 | 9 2 5 11 3 8 1 0 10 _ 6 10 
[00312175] 5 | 9 2 _ 11 3 _ 8 0 10 _ 6 _ 
[00312176] 4 | 9 2 6 11 3 _ 8 0 10 _ 6 _ 
[00312177] 3 | 9 2 6 11 3 _ 8 0 10 7 6 _ 
[00312178] 2 | 9 2 6 11 3 1 8 0 10 7 6 _ 
[00312179] 2 | 9 2 6 11 3 5 8 0 10 7 6 _ 
[00312180] 4 | 9 2 _ 11 3 7 8 0 10 _ 6 _ 
[00312181] 3 | 9 2 5 11 3 7 8 0 10 _ 6 _ 
[00312182] 2 | 9 2 5 11 3 7 8 0 10 _ 6 4 
[00312183] 4 | 9 2 _ 11 3 _ 8 0 10 6 6 _ 
[00312184] 3 | 9 2 5 11 3 _ 8 0 10 6 6 _ 
[00312185] 2 | 9 2 5 11 3 1 8 0 10 6 6 _ 
[00312186] 4 | 9 2 _ 11 3 _ 8 0 10 _ 6 2 
[00312187] 3 | 9 2 _ 11 3 _ 8 0 10 7 6 2 
[00312188] 2 | 9 2 _ 11 3 1 8 0 10 7 6 2 
[00312189] 2 | 9 2 _ 11 3 5 8 0 10 7 6 2 
[00312190] 4 | 9 2 _ 11 3 _ 8 0 10 _ 6 10 
[00312191] 3 | 9 2 5 11 3 _ 8 0 10 _ 6 10 
[00312192] 2 | 9 2 5 11 3 1 8 0 10 _ 6 10 
[00312193] 5 | 9 2 _ 11 3 _ _ 0 10 5 6 _ 
[00312194] 4 | 9 2 6 11 3 _ _ 0 10 5 6 _ 
[00312195] 4 | 9 2 _ 11 3 7 _ 0 10 5 6 _ 
[00312196] 3 | 9 2 _ 11 3 7 6 0 10 5 6 _ 
[00312197] 2 | 9 2 4 11 3 7 6 0 10 5 6 _ 
[00312198] 3 | 9 2 _ 11 3 7 _ 0 10 5 6 3 
[00312199] 2 | 9 2 4 11 3 7 _ 0 10 5 6 3 
[00312200] 4 | 9 2 _ 11 3 _ 7 0 10 5 6 _ 
[00312201] 3 | 9 2 _ 11 3 6 7 0 10 5 6 _ 
[00312202] 2 | 9 2 4 11 3 6 7 0 10 5 6 _ 
[00312203] 3 | 9 2 _ 11 3 _ 7 0 10 5 6 3 
[00312204] 2 | 9 2 4 11 3 _ 7 0 10 5 6 3 
[00312205] 4 | 9 2 _ 11 3 _ _ 0 10 5 6 2 
[00312206] 5 | 9 2 _ 11 3 _ _ 0 10 _ 6 1 
[00312207] 4 | 9 2 _ 11 3 7 _ 0 10 _ 6 1 
[00312208] 3 | 9 2 5 11 3 7 _ 0 10 _ 6 1 
[00312209] 2 | 9 2 5 11 3 7 _ 0 10 8 6 1 
[00312210] 1 | 9 2 5 11 3 7 4 0 10 8 6 1  *Graceful*
[00312210] 4 | 9 2 _ 11 3 _ 7 0 10 _ 6 1 
[00312211] 3 | 9 2 5 11 3 _ 7 0 10 _ 6 1 
[00312212] 2 | 9 2 5 11 3 _ 7 0 10 8 6 1 
[00312213] 1 | 9 2 5 11 3 4 7 0 10 8 6 1  *Graceful*
[00312213] 6 | 9 2 _ 11 3 _ _ 0 10 _ 1 7 
[00312214] 5 | 9 2 _ 11 3 8 _ 0 10 _ 1 7 
[00312215] 4 | 9 2 6 11 3 8 _ 0 10 _ 1 7 
[00312216] 4 | 9 2 _ 11 3 8 _ 0 10 6 1 7 
[00312217] 3 | 9 2 5 11 3 8 _ 0 10 6 1 7 
[00312218] 5 | 9 2 _ 11 3 _ 8 0 10 _ 1 7 
[00312219] 4 | 9 2 6 11 3 _ 8 0 10 _ 1 7 
[00312220] 4 | 9 2 _ 11 3 _ 8 0 10 6 1 7 
[00312221] 3 | 9 2 5 11 3 _ 8 0 10 6 1 7 
[00312222] 5 | 9 2 _ 11 3 _ _ 0 10 5 1 7 
[00312223] 4 | 9 2 6 11 3 _ _ 0 10 5 1 7 
[00312224] 6 | 9 2 _ 11 3 _ _ 0 10 _ 7 1 
[00312225] 5 | 9 2 _ 11 3 8 _ 0 10 _ 7 1 
[00312226] 4 | 9 2 6 11 3 8 _ 0 10 _ 7 1 
[00312227] 4 | 9 2 _ 11 3 8 _ 0 10 6 7 1 
[00312228] 3 | 9 2 5 11 3 8 _ 0 10 6 7 1 
[00312229] 5 | 9 2 _ 11 3 _ 8 0 10 _ 7 1 
[00312230] 4 | 9 2 6 11 3 _ 8 0 10 _ 7 1 
[00312231] 4 | 9 2 _ 11 3 _ 8 0 10 6 7 1 
[00312232] 3 | 9 2 5 11 3 _ 8 0 10 6 7 1 
[00312233] 5 | 9 2 _ 11 3 _ _ 0 10 5 7 1 
[00312234] 4 | 9 2 6 11 3 _ _ 0 10 5 7 1 
[00312235] 7 | _ 2 9 11 3 _ _ 0 10 _ _ _ 
[00312236] 6 | 8 2 9 11 3 _ _ 0 10 _ _ _ 
[00312237] 5 | 8 2 9 11 3 _ _ 0 10 5 _ _ 
[00312238] 4 | 8 2 9 11 3 7 _ 0 10 5 _ _ 
[00312239] 3 | 8 2 9 11 3 7 0 0 10 5 _ _ 
[00312240] 2 | 8 2 9 11 3 7 0 0 10 5 4 6 
[00312241] 2 | 8 2 9 11 3 7 0 0 10 5 6 4 
[00312242] 3 | 8 2 9 11 3 7 6 0 10 5 _ _ 
[00312243] 3 | 8 2 9 11 3 7 _ 0 10 5 3 _ 
[00312244] 2 | 8 2 9 11 3 7 1 0 10 5 3 _ 
[00312245] 2 | 8 2 9 11 3 7 _ 0 10 5 3 1 
[00312246] 3 | 8 2 9 11 3 7 _ 0 10 5 1 4 
[00312247] 3 | 8 2 9 11 3 7 _ 0 10 5 4 1 
[00312248] 4 | 8 2 9 11 3 _ 7 0 10 5 _ _ 
[00312249] 3 | 8 2 9 11 3 0 7 0 10 5 _ _ 
[00312250] 2 | 8 2 9 11 3 0 7 0 10 5 4 6 
[00312251] 2 | 8 2 9 11 3 0 7 0 10 5 6 4 
[00312252] 3 | 8 2 9 11 3 6 7 0 10 5 _ _ 
[00312253] 3 | 8 2 9 11 3 _ 7 0 10 5 3 _ 
[00312254] 2 | 8 2 9 11 3 1 7 0 10 5 3 _ 
[00312255] 2 | 8 2 9 11 3 _ 7 0 10 5 3 1 
[00312256] 3 | 8 2 9 11 3 _ 7 0 10 5 1 4 
[00312257] 3 | 8 2 9 11 3 _ 7 0 10 5 4 1 
[00312258] 4 | 8 2 9 11 3 _ _ 0 10 5 4 _ 
[00312259] 3 | 8 2 9 11 3 6 _ 0 10 5 4 _ 
[00312260] 2 | 8 2 9 11 3 6 1 0 10 5 4 _ 
[00312261] 3 | 8 2 9 11 3 _ 6 0 10 5 4 _ 
[00312262] 2 | 8 2 9 11 3 1 6 0 10 5 4 _ 
[00312263] 3 | 8 2 9 11 3 _ _ 0 10 5 4 1 
