[00309266] 5 | 2 8 _ 11 1 9 6 0 7 _ 9 _ 
[00309267] 4 | 2 8 4 11 1 9 6 0 7 _ 9 _ 
[00309268] 3 | 2 8 4 11 1 9 6 0 7 10 9 _ 
[00309269] 4 | 2 8 _ 11 1 9 6 0 7 3 9 _ 
[00309270] 3 | 2 8 5 11 1 9 6 0 7 3 9 _ 
[00309271] 6 | 4 10 _ 11 1 9 _ 0 7 _ 9 _ 
[00309272] 5 | 4 10 5 11 1 9 _ 0 7 _ 9 _ 
[00309273] 4 | 4 10 5 11 1 9 _ 0 7 3 9 _ 
[00309274] 5 | 4 10 _ 11 1 9 6 0 7 _ 9 _ 
[00309275] 4 | 4 10 _ 11 1 9 6 0 7 3 9 _ 
[00309276] 5 | 4 10 _ 11 1 9 _ 0 7 2 9 _ 
[00309277] 4 | 4 10 6 11 1 9 _ 0 7 2 9 _ 
[00309278] 4 | 4 10 _ 11 1 9 5 0 7 2 9 _ 
[00309279] 6 | 8 2 _ 11 1 9 _ 0 7 _ 9 _ 
[00309280] 6 | 10 4 _ 11 1 9 _ 0 7 _ 9 _ 
[00309281] 6 | _ 2 8 11 1 9 _ 0 7 _ 9 _ 
[00309282] 6 | _ 4 10 11 1 9 _ 0 7 _ 9 _ 
[00309283] 6 | _ 8 2 11 1 9 _ 0 7 _ 9 _ 
[00309284] 5 | 3 8 2 11 1 9 _ 0 7 _ 9 _ 
[00309285] 4 | 3 8 2 11 1 9 5 0 7 _ 9 _ 
[00309286] 3 | 3 8 2 11 1 9 5 0 7 4 9 _ 
[00309287] 3 | 3 8 2 11 1 9 5 0 7 10 9 _ 
[00309288] 5 | _ 8 2 11 1 9 6 0 7 _ 9 _ 
[00309289] 4 | 4 8 2 11 1 9 6 0 7 _ 9 _ 
[00309290] 3 | 4 8 2 11 1 9 6 0 7 10 9 _ 
[00309291] 4 | _ 8 2 11 1 9 6 0 7 3 9 _ 
[00309292] 3 | 5 8 2 11 1 9 6 0 7 3 9 _ 
[00309293] 6 | _ 10 4 11 1 9 _ 0 7 _ 9 _ 
[00309294] 5 | 5 10 4 11 1 9 _ 0 7 _ 9 _ 
[00309295] 4 | 5 10 4 11 1 9 _ 0 7 3 9 _ 
[00309296] 5 | _ 10 4 11 1 9 6 0 7 _ 9 _ 
[00309297] 4 | _ 10 4 11 1 9 6 0 7 3 9 _ 
[00309298] 5 | _ 10 4 11 1 9 _ 0 7 2 9 _ 
[00309299] 4 | 6 10 4 11 1 9 _ 0 7 2 9 _ 
[00309300] 4 | _ 10 4 11 1 9 5 0 7 2 9 _ 
[00309301] 6 | _ 5 _ 11 1 9 _ 0 7 _ 9 _ 
[00309302] 5 | 10 5 _ 11 1 9 _ 0 7 _ 9 _ 
[00309303] 4 | 10 5 1 11 1 9 _ 0 7 _ 9 _ 
[00309304] 3 | 10 5 1 11 1 9 _ 0 7 4 9 _ 
[00309305] 4 | 10 5 _ 11 1 9 5 0 7 _ 9 _ 
[00309306] 3 | 10 5 _ 11 1 9 5 0 7 4 9 _ 
[00309307] 4 | 10 5 _ 11 1 9 _ 0 7 3 9 _ 
[00309308] 3 | 10 5 2 11 1 9 _ 0 7 3 9 _ 
[00309309] 3 | 10 5 8 11 1 9 _ 0 7 3 9 _ 
[00309310] 3 | 10 5 _ 11 1 9 4 0 7 3 9 _ 
[00309311] 5 | _ 5 10 11 1 9 _ 0 7 _ 9 _ 
[00309312] 4 | 1 5 10 11 1 9 _ 0 7 _ 9 _ 
[00309313] 3 | 1 5 10 11 1 9 _ 0 7 4 9 _ 
[00309314] 4 | _ 5 10 11 1 9 5 0 7 _ 9 _ 
[00309315] 3 | _ 5 10 11 1 9 5 0 7 4 9 _ 
[00309316] 4 | _ 5 10 11 1 9 _ 0 7 3 9 _ 
[00309317] 3 | 2 5 10 11 1 9 _ 0 7 3 9 _ 
[00309318] 3 | 8 5 10 11 1 9 _ 0 7 3 9 _ 
[00309319] 3 | _ 5 10 11 1 9 4 0 7 3 9 _ 
[00309320] 5 | _ 5 _ 11 1 9 6 0 7 _ 9 _ 
[00309321] 4 | _ 5 _ 11 1 9 6 0 7 3 9 _ 
[00309322] 3 | 2 5 _ 11 1 9 6 0 7 3 9 _ 
[00309323] 3 | 8 5 _ 11 1 9 6 0 7 3 9 _ 
[00309324] 3 | _ 5 2 11 1 9 6 0 7 3 9 _ 
[00309325] 3 | _ 5 8 11 1 9 6 0 7 3 9 _ 
[00309326] 5 | _ 5 _ 11 1 9 _ 0 7 2 9 _ 
[00309327] 4 | 1 5 _ 11 1 9 _ 0 7 2 9 _ 
[00309328] 3 | 1 5 8 11 1 9 _ 0 7 2 9 _ 
[00309329] 4 | _ 5 1 11 1 9 _ 0 7 2 9 _ 
[00309330] 3 | 8 5 1 11 1 9 _ 0 7 2 9 _ 
[00309331] 4 | _ 5 _ 11 1 9 5 0 7 2 9 _ 
[00309332] 6 | _ _ _ 11 1 9 7 0 7 _ 9 _ 
[00309333] 5 | 3 8 _ 11 1 9 7 0 7 _ 9 _ 
[00309334] 4 | 3 8 4 11 1 9 7 0 7 _ 9 _ 
[00309335] 5 | 5 10 _ 11 1 9 7 0 7 _ 9 _ 
[00309336] 4 | 5 10 6 11 1 9 7 0 7 _ 9 _ 
[00309337] 5 | 8 3 _ 11 1 9 7 0 7 _ 9 _ 
[00309338] 5 | 10 5 _ 11 1 9 7 0 7 _ 9 _ 
[00309339] 5 | _ 3 8 11 1 9 7 0 7 _ 9 _ 
[00309340] 5 | _ 5 10 11 1 9 7 0 7 _ 9 _ 
[00309341] 5 | _ 8 3 11 1 9 7 0 7 _ 9 _ 
[00309342] 4 | 4 8 3 11 1 9 7 0 7 _ 9 _ 
[00309343] 5 | _ 10 5 11 1 9 7 0 7 _ 9 _ 
[00309344] 4 | 6 10 5 11 1 9 7 0 7 _ 9 _ 
[00309345] 5 | _ 6 _ 11 1 9 7 0 7 _ 9 _ 
[00309346] 4 | 2 6 _ 11 1 9 7 0 7 _ 9 _ 
[00309347] 3 | 2 6 3 11 1 9 7 0 7 _ 9 _ 
[00309348] 4 | 10 6 _ 11 1 9 7 0 7 _ 9 _ 
[00309349] 3 | 10 6 3 11 1 9 7 0 7 _ 9 _ 
[00309350] 4 | _ 6 2 11 1 9 7 0 7 _ 9 _ 
[00309351] 3 | 3 6 2 11 1 9 7 0 7 _ 9 _ 
[00309352] 4 | _ 6 10 11 1 9 7 0 7 _ 9 _ 
[00309353] 3 | 3 6 10 11 1 9 7 0 7 _ 9 _ 
[00309354] 6 | _ _ _ 11 1 9 _ 0 7 1 9 _ 
[00309355] 5 | 3 8 _ 11 1 9 _ 0 7 1 9 _ 
[00309356] 4 | 3 8 4 11 1 9 _ 0 7 1 9 _ 
[00309357] 5 | 5 10 _ 11 1 9 _ 0 7 1 9 _ 
[00309358] 4 | 5 10 6 11 1 9 _ 0 7 1 9 _ 
[00309359] 5 | 8 3 _ 11 1 9 _ 0 7 1 9 _ 
[00309360] 5 | 10 5 _ 11 1 9 _ 0 7 1 9 _ 
[00309361] 5 | _ 3 8 11 1 9 _ 0 7 1 9 _ 
[00309362] 5 | _ 5 10 11 1 9 _ 0 7 1 9 _ 
[00309363] 5 | _ 8 3 11 1 9 _ 0 7 1 9 _ 
[00309364] 4 | 4 8 3 11 1 9 _ 0 7 1 9 _ 
[00309365] 5 | _ 10 5 11 1 9 _ 0 7 1 9 _ 
[00309366] 4 | 6 10 5 11 1 9 _ 0 7 1 9 _ 
[00309367] 5 | _ 6 _ 11 1 9 _ 0 7 1 9 _ 
[00309368] 4 | 2 6 _ 11 1 9 _ 0 7 1 9 _ 
[00309369] 3 | 2 6 3 11 1 9 _ 0 7 1 9 _ 
[00309370] 4 | 10 6 _ 11 1 9 _ 0 7 1 9 _ 
[00309371] 3 | 10 6 3 11 1 9 _ 0 7 1 9 _ 
[00309372] 4 | _ 6 2 11 1 9 _ 0 7 1 9 _ 
[00309373] 3 | 3 6 2 11 1 9 _ 0 7 1 9 _ 
[00309374] 4 | _ 6 10 11 1 9 _ 0 7 1 9 _ 
[00309375] 3 | 3 6 10 11 1 9 _ 0 7 1 9 _ 
[00309376] 7 | _ _ _ 11 1 9 _ 0 3 10 9 _ 
[00309377] 6 | 2 8 _ 11 1 9 _ 0 3 10 9 _ 
[00309378] 5 | 2 8 _ 11 1 9 6 0 3 10 9 _ 
[00309379] 4 | 2 8 4 11 1 9 6 0 3 10 9 _ 
[00309380] 6 | 8 2 _ 11 1 9 _ 0 3 10 9 _ 
[00309381] 6 | _ 2 8 11 1 9 _ 0 3 10 9 _ 
[00309382] 6 | _ 8 2 11 1 9 _ 0 3 10 9 _ 
[00309383] 5 | _ 8 2 11 1 9 6 0 3 10 9 _ 
[00309384] 4 | 4 8 2 11 1 9 6 0 3 10 9 _ 
[00309385] 6 | _ 5 _ 11 1 9 _ 0 3 10 9 _ 
[00309386] 5 | _ 5 _ 11 1 9 6 0 3 10 9 _ 
[00309387] 6 | _ _ _ 11 1 9 7 0 3 10 9 _ 
[00309388] 5 | _ 6 _ 11 1 9 7 0 3 10 9 _ 
[00309389] 4 | 2 6 _ 11 1 9 7 0 3 10 9 _ 
[00309390] 4 | _ 6 2 11 1 9 7 0 3 10 9 _ 
[00309391] 7 | _ _ _ 11 1 9 _ 0 10 3 9 _ 
[00309392] 6 | 2 8 _ 11 1 9 _ 0 10 3 9 _ 
[00309393] 5 | 2 8 _ 11 1 9 6 0 10 3 9 _ 
[00309394] 4 | 2 8 4 11 1 9 6 0 10 3 9 _ 
[00309395] 6 | 8 2 _ 11 1 9 _ 0 10 3 9 _ 
[00309396] 6 | _ 2 8 11 1 9 _ 0 10 3 9 _ 
[00309397] 6 | _ 8 2 11 1 9 _ 0 10 3 9 _ 
[00309398] 5 | _ 8 2 11 1 9 6 0 10 3 9 _ 
[00309399] 4 | 4 8 2 11 1 9 6 0 10 3 9 _ 
[00309400] 6 | _ 5 _ 11 1 9 _ 0 10 3 9 _ 
[00309401] 5 | _ 5 _ 11 1 9 6 0 10 3 9 _ 
[00309402] 6 | _ _ _ 11 1 9 7 0 10 3 9 _ 
[00309403] 5 | _ 6 _ 11 1 9 7 0 10 3 9 _ 
[00309404] 4 | 2 6 _ 11 1 9 7 0 10 3 9 _ 
[00309405] 4 | _ 6 2 11 1 9 7 0 10 3 9 _ 
[00309406] 8 | _ _ _ 11 1 _ 9 0 _ _ 9 _ 
[00309407] 7 | 3 10 _ 11 1 _ 9 0 _ _ 9 _ 
[00309408] 6 | 3 10 4 11 1 _ 9 0 _ _ 9 _ 
[00309409] 5 | 3 10 4 11 1 6 9 0 _ _ 9 _ 
[00309410] 5 | 3 10 4 11 1 _ 9 0 5 _ 9 _ 
[00309411] 4 | 3 10 4 11 1 5 9 0 5 _ 9 _ 
[00309412] 4 | 3 10 4 11 1 _ 9 0 5 1 9 _ 
[00309413] 5 | 3 10 4 11 1 _ 9 0 2 7 9 _ 
[00309414] 4 | 3 10 4 11 1 5 9 0 2 7 9 _ 
[00309415] 5 | 3 10 4 11 1 _ 9 0 7 2 9 _ 
[00309416] 4 | 3 10 4 11 1 5 9 0 7 2 9 _ 
[00309417] 6 | 3 10 _ 11 1 7 9 0 _ _ 9 _ 
[00309418] 5 | 3 10 5 11 1 7 9 0 _ _ 9 _ 
[00309419] 4 | 3 10 5 11 1 7 9 0 4 _ 9 _ 
[00309420] 4 | 3 10 5 11 1 7 9 0 2 6 9 _ 
[00309421] 4 | 3 10 5 11 1 7 9 0 4 8 9 _ 
[00309422] 4 | 3 10 5 11 1 7 9 0 6 2 9 _ 
[00309423] 4 | 3 10 5 11 1 7 9 0 8 4 9 _ 
[00309424] 5 | 3 10 _ 11 1 7 9 0 5 _ 9 _ 
[00309425] 4 | 3 10 6 11 1 7 9 0 5 _ 9 _ 
[00309426] 3 | 3 10 6 11 1 7 9 0 5 2 9 _ 
[00309427] 3 | 3 10 6 11 1 7 9 0 5 8 9 _ 
[00309428] 6 | 3 10 _ 11 1 _ 9 0 6 _ 9 _ 
[00309429] 5 | 3 10 5 11 1 _ 9 0 6 _ 9 _ 
[00309430] 4 | 3 10 5 11 1 _ 9 0 6 2 9 _ 
[00309431] 3 | 3 10 5 11 1 4 9 0 6 2 9 _ 
[00309432] 5 | 3 10 _ 11 1 6 9 0 6 _ 9 _ 
[00309433] 5 | 3 10 _ 11 1 _ 9 0 6 1 9 _ 
[00309434] 6 | 3 10 _ 11 1 _ 9 0 2 8 9 _ 
[00309435] 5 | 3 10 5 11 1 _ 9 0 2 8 9 _ 
[00309436] 5 | 3 10 _ 11 1 6 9 0 2 8 9 _ 
[00309437] 6 | 3 10 _ 11 1 _ 9 0 8 2 9 _ 
[00309438] 5 | 3 10 5 11 1 _ 9 0 8 2 9 _ 
[00309439] 5 | 3 10 _ 11 1 6 9 0 8 2 9 _ 
[00309440] 7 | 10 3 _ 11 1 _ 9 0 _ _ 9 _ 
[00309441] 7 | _ 3 10 11 1 _ 9 0 _ _ 9 _ 
[00309442] 7 | _ 10 3 11 1 _ 9 0 _ _ 9 _ 
[00309443] 6 | 4 10 3 11 1 _ 9 0 _ _ 9 _ 
[00309444] 5 | 4 10 3 11 1 6 9 0 _ _ 9 _ 
[00309445] 5 | 4 10 3 11 1 _ 9 0 5 _ 9 _ 
[00309446] 4 | 4 10 3 11 1 5 9 0 5 _ 9 _ 
[00309447] 4 | 4 10 3 11 1 _ 9 0 5 1 9 _ 
[00309448] 5 | 4 10 3 11 1 _ 9 0 2 7 9 _ 
[00309449] 4 | 4 10 3 11 1 5 9 0 2 7 9 _ 
[00309450] 5 | 4 10 3 11 1 _ 9 0 7 2 9 _ 
[00309451] 4 | 4 10 3 11 1 5 9 0 7 2 9 _ 
[00309452] 6 | _ 10 3 11 1 7 9 0 _ _ 9 _ 
[00309453] 5 | 5 10 3 11 1 7 9 0 _ _ 9 _ 
[00309454] 4 | 5 10 3 11 1 7 9 0 4 _ 9 _ 
[00309455] 4 | 5 10 3 11 1 7 9 0 2 6 9 _ 
[00309456] 4 | 5 10 3 11 1 7 9 0 4 8 9 _ 
[00309457] 4 | 5 10 3 11 1 7 9 0 6 2 9 _ 
[00309458] 4 | 5 10 3 11 1 7 9 0 8 4 9 _ 
[00309459] 5 | _ 10 3 11 1 7 9 0 5 _ 9 _ 
[00309460] 4 | 6 10 3 11 1 7 9 0 5 _ 9 _ 
[00309461] 3 | 6 10 3 11 1 7 9 0 5 2 9 _ 
[00309462] 3 | 6 10 3 11 1 7 9 0 5 8 9 _ 
[00309463] 6 | _ 10 3 11 1 _ 9 0 6 _ 9 _ 
[00309464] 5 | 5 10 3 11 1 _ 9 0 6 _ 9 _ 
[00309465] 4 | 5 10 3 11 1 _ 9 0 6 2 9 _ 
[00309466] 3 | 5 10 3 11 1 4 9 0 6 2 9 _ 
[00309467] 5 | _ 10 3 11 1 6 9 0 6 _ 9 _ 
[00309468] 5 | _ 10 3 11 1 _ 9 0 6 1 9 _ 
[00309469] 6 | _ 10 3 11 1 _ 9 0 2 8 9 _ 
[00309470] 5 | 5 10 3 11 1 _ 9 0 2 8 9 _ 
[00309471] 5 | _ 10 3 11 1 6 9 0 2 8 9 _ 
[00309472] 6 | _ 10 3 11 1 _ 9 0 8 2 9 _ 
[00309473] 5 | 5 10 3 11 1 _ 9 0 8 2 9 _ 
[00309474] 5 | _ 10 3 11 1 6 9 0 8 2 9 _ 
[00309475] 7 | _ 4 _ 11 1 _ 9 0 _ _ 9 _ 
[00309476] 6 | 10 4 _ 11 1 _ 9 0 _ _ 9 _ 
[00309477] 5 | 10 4 _ 11 1 6 9 0 _ _ 9 _ 
[00309478] 4 | 10 4 0 11 1 6 9 0 _ _ 9 _ 
[00309479] 3 | 10 4 0 11 1 6 9 0 2 5 9 _ 
[00309480] 3 | 10 4 0 11 1 6 9 0 5 8 9 _ 
[00309481] 3 | 10 4 0 11 1 6 9 0 5 2 9 _ 
[00309482] 3 | 10 4 0 11 1 6 9 0 8 5 9 _ 
[00309483] 4 | 10 4 8 11 1 6 9 0 _ _ 9 _ 
[00309484] 3 | 10 4 8 11 1 6 9 0 3 _ 9 _ 
[00309485] 2 | 10 4 8 11 1 6 9 0 3 5 9 _ 
[00309486] 3 | 10 4 8 11 1 6 9 0 2 5 9 _ 
[00309487] 3 | 10 4 8 11 1 6 9 0 5 2 9 _ 
[00309488] 4 | 10 4 _ 11 1 6 9 0 4 _ 9 _ 
[00309489] 3 | 10 4 7 11 1 6 9 0 4 _ 9 _ 
[00309490] 3 | 10 4 _ 11 1 6 9 0 4 7 9 _ 
[00309491] 4 | 10 4 _ 11 1 6 9 0 3 7 9 _ 
[00309492] 4 | 10 4 _ 11 1 6 9 0 7 3 9 _ 
[00309493] 5 | 10 4 _ 11 1 _ 9 0 5 _ 9 _ 
[00309494] 4 | 10 4 8 11 1 _ 9 0 5 _ 9 _ 
[00309495] 3 | 10 4 8 11 1 _ 9 0 5 2 9 _ 
[00309496] 2 | 10 4 8 11 1 3 9 0 5 2 9 _ 
[00309497] 4 | 10 4 _ 11 1 5 9 0 5 _ 9 _ 
[00309498] 3 | 10 4 7 11 1 5 9 0 5 _ 9 _ 
[00309499] 4 | 10 4 _ 11 1 _ 9 0 5 1 9 _ 
[00309500] 3 | 10 4 7 11 1 _ 9 0 5 1 9 _ 
[00309501] 5 | 10 4 _ 11 1 _ 9 0 2 7 9 _ 
[00309502] 4 | 10 4 8 11 1 _ 9 0 2 7 9 _ 
[00309503] 4 | 10 4 _ 11 1 5 9 0 2 7 9 _ 
[00309504] 5 | 10 4 _ 11 1 _ 9 0 3 8 9 _ 
[00309505] 4 | 10 4 _ 11 1 5 9 0 3 8 9 _ 
[00309506] 3 | 10 4 7 11 1 5 9 0 3 8 9 _ 
[00309507] 5 | 10 4 _ 11 1 _ 9 0 7 2 9 _ 
[00309508] 4 | 10 4 8 11 1 _ 9 0 7 2 9 _ 
[00309509] 4 | 10 4 _ 11 1 5 9 0 7 2 9 _ 
[00309510] 5 | 10 4 _ 11 1 _ 9 0 8 3 9 _ 
[00309511] 4 | 10 4 _ 11 1 5 9 0 8 3 9 _ 
[00309512] 3 | 10 4 7 11 1 5 9 0 8 3 9 _ 
[00309513] 6 | _ 4 10 11 1 _ 9 0 _ _ 9 _ 
[00309514] 5 | _ 4 10 11 1 6 9 0 _ _ 9 _ 
[00309515] 4 | 0 4 10 11 1 6 9 0 _ _ 9 _ 
[00309516] 3 | 0 4 10 11 1 6 9 0 2 5 9 _ 
[00309517] 3 | 0 4 10 11 1 6 9 0 5 8 9 _ 
[00309518] 3 | 0 4 10 11 1 6 9 0 5 2 9 _ 
[00309519] 3 | 0 4 10 11 1 6 9 0 8 5 9 _ 
[00309520] 4 | 8 4 10 11 1 6 9 0 _ _ 9 _ 
[00309521] 3 | 8 4 10 11 1 6 9 0 3 _ 9 _ 
[00309522] 2 | 8 4 10 11 1 6 9 0 3 5 9 _ 
[00309523] 3 | 8 4 10 11 1 6 9 0 2 5 9 _ 
[00309524] 3 | 8 4 10 11 1 6 9 0 5 2 9 _ 
[00309525] 4 | _ 4 10 11 1 6 9 0 4 _ 9 _ 
[00309526] 3 | 7 4 10 11 1 6 9 0 4 _ 9 _ 
[00309527] 3 | _ 4 10 11 1 6 9 0 4 7 9 _ 
[00309528] 4 | _ 4 10 11 1 6 9 0 3 7 9 _ 
[00309529] 4 | _ 4 10 11 1 6 9 0 7 3 9 _ 
[00309530] 5 | _ 4 10 11 1 _ 9 0 5 _ 9 _ 
[00309531] 4 | 8 4 10 11 1 _ 9 0 5 _ 9 _ 
[00309532] 3 | 8 4 10 11 1 _ 9 0 5 2 9 _ 
[00309533] 2 | 8 4 10 11 1 3 9 0 5 2 9 _ 
[00309534] 4 | _ 4 10 11 1 5 9 0 5 _ 9 _ 
[00309535] 3 | 7 4 10 11 1 5 9 0 5 _ 9 _ 
[00309536] 4 | _ 4 10 11 1 _ 9 0 5 1 9 _ 
[00309537] 3 | 7 4 10 11 1 _ 9 0 5 1 9 _ 
[00309538] 5 | _ 4 10 11 1 _ 9 0 2 7 9 _ 
[00309539] 4 | 8 4 10 11 1 _ 9 0 2 7 9 _ 
[00309540] 4 | _ 4 10 11 1 5 9 0 2 7 9 _ 
[00309541] 5 | _ 4 10 11 1 _ 9 0 3 8 9 _ 
[00309542] 4 | _ 4 10 11 1 5 9 0 3 8 9 _ 
[00309543] 3 | 7 4 10 11 1 5 9 0 3 8 9 _ 
[00309544] 5 | _ 4 10 11 1 _ 9 0 7 2 9 _ 
[00309545] 4 | 8 4 10 11 1 _ 9 0 7 2 9 _ 
[00309546] 4 | _ 4 10 11 1 5 9 0 7 2 9 _ 
[00309547] 5 | _ 4 10 11 1 _ 9 0 8 3 9 _ 
[00309548] 4 | _ 4 10 11 1 5 9 0 8 3 9 _ 
[00309549] 3 | 7 4 10 11 1 5 9 0 8 3 9 _ 
[00309550] 6 | _ 4 _ 11 1 7 9 0 _ _ 9 _ 
[00309551] 5 | _ 4 _ 11 1 7 9 0 5 _ 9 _ 
[00309552] 4 | 8 4 _ 11 1 7 9 0 5 _ 9 _ 
[00309553] 3 | 8 4 _ 11 1 7 9 0 5 2 9 _ 
[00309554] 2 | 8 4 6 11 1 7 9 0 5 2 9 _ 
[00309555] 4 | _ 4 8 11 1 7 9 0 5 _ 9 _ 
[00309556] 3 | _ 4 8 11 1 7 9 0 5 2 9 _ 
[00309557] 2 | 6 4 8 11 1 7 9 0 5 2 9 _ 
[00309558] 5 | _ 4 _ 11 1 7 9 0 3 8 9 _ 
[00309559] 5 | _ 4 _ 11 1 7 9 0 5 10 9 _ 
[00309560] 4 | 8 4 _ 11 1 7 9 0 5 10 9 _ 
[00309561] 4 | _ 4 8 11 1 7 9 0 5 10 9 _ 
[00309562] 5 | _ 4 _ 11 1 7 9 0 8 3 9 _ 
[00309563] 5 | _ 4 _ 11 1 7 9 0 10 5 9 _ 
[00309564] 4 | 8 4 _ 11 1 7 9 0 10 5 9 _ 
[00309565] 4 | _ 4 8 11 1 7 9 0 10 5 9 _ 
[00309566] 6 | _ 4 _ 11 1 _ 9 0 6 _ 9 _ 
[00309567] 5 | _ 4 _ 11 1 6 9 0 6 _ 9 _ 
[00309568] 4 | 8 4 _ 11 1 6 9 0 6 _ 9 _ 
[00309569] 3 | 8 4 7 11 1 6 9 0 6 _ 9 _ 
[00309570] 4 | _ 4 8 11 1 6 9 0 6 _ 9 _ 
[00309571] 3 | 7 4 8 11 1 6 9 0 6 _ 9 _ 
[00309572] 5 | _ 4 _ 11 1 _ 9 0 6 1 9 _ 
[00309573] 4 | 8 4 _ 11 1 _ 9 0 6 1 9 _ 
[00309574] 3 | 8 4 7 11 1 _ 9 0 6 1 9 _ 
[00309575] 4 | _ 4 8 11 1 _ 9 0 6 1 9 _ 
[00309576] 3 | 7 4 8 11 1 _ 9 0 6 1 9 _ 
[00309577] 6 | _ 4 _ 11 1 _ 9 0 2 8 9 _ 
[00309578] 5 | _ 4 _ 11 1 6 9 0 2 8 9 _ 
[00309579] 6 | _ 4 _ 11 1 _ 9 0 8 2 9 _ 
[00309580] 5 | _ 4 _ 11 1 6 9 0 8 2 9 _ 
[00309581] 7 | _ _ _ 11 1 8 9 0 _ _ 9 _ 
[00309582] 6 | 4 10 _ 11 1 8 9 0 _ _ 9 _ 
[00309583] 5 | 4 10 5 11 1 8 9 0 _ _ 9 _ 
[00309584] 4 | 4 10 5 11 1 8 9 0 2 6 9 _ 
[00309585] 4 | 4 10 5 11 1 8 9 0 3 7 9 _ 
[00309586] 4 | 4 10 5 11 1 8 9 0 6 2 9 _ 
[00309587] 4 | 4 10 5 11 1 8 9 0 7 3 9 _ 
[00309588] 5 | 4 10 _ 11 1 8 9 0 5 _ 9 _ 
[00309589] 4 | 4 10 6 11 1 8 9 0 5 _ 9 _ 
[00309590] 3 | 4 10 6 11 1 8 9 0 5 2 9 _ 
[00309591] 5 | 4 10 _ 11 1 8 9 0 2 7 9 _ 
[00309592] 4 | 4 10 6 11 1 8 9 0 2 7 9 _ 
[00309593] 5 | 4 10 _ 11 1 8 9 0 7 2 9 _ 
[00309594] 4 | 4 10 6 11 1 8 9 0 7 2 9 _ 
[00309595] 6 | 10 4 _ 11 1 8 9 0 _ _ 9 _ 
[00309596] 6 | _ 4 10 11 1 8 9 0 _ _ 9 _ 
[00309597] 6 | _ 10 4 11 1 8 9 0 _ _ 9 _ 
[00309598] 5 | 5 10 4 11 1 8 9 0 _ _ 9 _ 
[00309599] 4 | 5 10 4 11 1 8 9 0 2 6 9 _ 
[00309600] 4 | 5 10 4 11 1 8 9 0 3 7 9 _ 
[00309601] 4 | 5 10 4 11 1 8 9 0 6 2 9 _ 
[00309602] 4 | 5 10 4 11 1 8 9 0 7 3 9 _ 
[00309603] 5 | _ 10 4 11 1 8 9 0 5 _ 9 _ 
[00309604] 4 | 6 10 4 11 1 8 9 0 5 _ 9 _ 
[00309605] 3 | 6 10 4 11 1 8 9 0 5 2 9 _ 
[00309606] 5 | _ 10 4 11 1 8 9 0 2 7 9 _ 
[00309607] 4 | 6 10 4 11 1 8 9 0 2 7 9 _ 
[00309608] 5 | _ 10 4 11 1 8 9 0 7 2 9 _ 
[00309609] 4 | 6 10 4 11 1 8 9 0 7 2 9 _ 
[00309610] 6 | _ 5 _ 11 1 8 9 0 _ _ 9 _ 
[00309611] 5 | 0 5 _ 11 1 8 9 0 _ _ 9 _ 
[00309612] 4 | 0 5 _ 11 1 8 9 0 2 6 9 _ 
[00309613] 4 | 0 5 _ 11 1 8 9 0 3 7 9 _ 
[00309614] 3 | 0 5 2 11 1 8 9 0 3 7 9 _ 
[00309615] 4 | 0 5 _ 11 1 8 9 0 6 10 9 _ 
[00309616] 3 | 0 5 2 11 1 8 9 0 6 10 9 _ 
[00309617] 4 | 0 5 _ 11 1 8 9 0 6 2 9 _ 
[00309618] 4 | 0 5 _ 11 1 8 9 0 7 3 9 _ 
[00309619] 3 | 0 5 2 11 1 8 9 0 7 3 9 _ 
[00309620] 4 | 0 5 _ 11 1 8 9 0 10 6 9 _ 
[00309621] 3 | 0 5 2 11 1 8 9 0 10 6 9 _ 
[00309622] 5 | 10 5 _ 11 1 8 9 0 _ _ 9 _ 
[00309623] 4 | 10 5 _ 11 1 8 9 0 4 _ 9 _ 
[00309624] 3 | 10 5 2 11 1 8 9 0 4 _ 9 _ 
[00309625] 2 | 10 5 2 11 1 8 9 0 4 6 9 _ 
[00309626] 3 | 10 5 _ 11 1 8 9 0 4 7 9 _ 
[00309627] 2 | 10 5 3 11 1 8 9 0 4 7 9 _ 
[00309628] 4 | 10 5 _ 11 1 8 9 0 2 6 9 _ 
[00309629] 4 | 10 5 _ 11 1 8 9 0 3 7 9 _ 
[00309630] 3 | 10 5 2 11 1 8 9 0 3 7 9 _ 
[00309631] 4 | 10 5 _ 11 1 8 9 0 6 2 9 _ 
[00309632] 4 | 10 5 _ 11 1 8 9 0 7 3 9 _ 
[00309633] 3 | 10 5 2 11 1 8 9 0 7 3 9 _ 
[00309634] 5 | _ 5 0 11 1 8 9 0 _ _ 9 _ 
[00309635] 4 | _ 5 0 11 1 8 9 0 2 6 9 _ 
[00309636] 4 | _ 5 0 11 1 8 9 0 3 7 9 _ 
[00309637] 3 | 2 5 0 11 1 8 9 0 3 7 9 _ 
[00309638] 4 | _ 5 0 11 1 8 9 0 6 10 9 _ 
[00309639] 3 | 2 5 0 11 1 8 9 0 6 10 9 _ 
[00309640] 4 | _ 5 0 11 1 8 9 0 6 2 9 _ 
[00309641] 4 | _ 5 0 11 1 8 9 0 7 3 9 _ 
[00309642] 3 | 2 5 0 11 1 8 9 0 7 3 9 _ 
[00309643] 4 | _ 5 0 11 1 8 9 0 10 6 9 _ 
[00309644] 3 | 2 5 0 11 1 8 9 0 10 6 9 _ 
[00309645] 5 | _ 5 10 11 1 8 9 0 _ _ 9 _ 
[00309646] 4 | _ 5 10 11 1 8 9 0 4 _ 9 _ 
[00309647] 3 | 2 5 10 11 1 8 9 0 4 _ 9 _ 
[00309648] 2 | 2 5 10 11 1 8 9 0 4 6 9 _ 
[00309649] 3 | _ 5 10 11 1 8 9 0 4 7 9 _ 
[00309650] 2 | 3 5 10 11 1 8 9 0 4 7 9 _ 
[00309651] 4 | _ 5 10 11 1 8 9 0 2 6 9 _ 
[00309652] 4 | _ 5 10 11 1 8 9 0 3 7 9 _ 
[00309653] 3 | 2 5 10 11 1 8 9 0 3 7 9 _ 
[00309654] 4 | _ 5 10 11 1 8 9 0 6 2 9 _ 
[00309655] 4 | _ 5 10 11 1 8 9 0 7 3 9 _ 
[00309656] 3 | 2 5 10 11 1 8 9 0 7 3 9 _ 
[00309657] 5 | _ 5 _ 11 1 8 9 0 5 _ 9 _ 
[00309658] 5 | _ 5 _ 11 1 8 9 0 2 7 9 _ 
[00309659] 5 | _ 5 _ 11 1 8 9 0 7 2 9 _ 
[00309660] 6 | _ _ _ 11 1 8 9 0 6 _ 9 _ 
[00309661] 5 | 2 7 _ 11 1 8 9 0 6 _ 9 _ 
[00309662] 4 | 2 7 3 11 1 8 9 0 6 _ 9 _ 
[00309663] 4 | 2 7 _ 11 1 8 9 0 6 10 9 _ 
[00309664] 3 | 2 7 4 11 1 8 9 0 6 10 9 _ 
[00309665] 5 | 5 10 _ 11 1 8 9 0 6 _ 9 _ 
[00309666] 4 | 5 10 6 11 1 8 9 0 6 _ 9 _ 
[00309667] 4 | 5 10 _ 11 1 8 9 0 6 2 9 _ 
[00309668] 3 | 5 10 7 11 1 8 9 0 6 2 9 _ 
[00309669] 4 | 5 10 _ 11 1 8 9 0 6 10 9 _ 
[00309670] 5 | 7 2 _ 11 1 8 9 0 6 _ 9 _ 
[00309671] 5 | 10 5 _ 11 1 8 9 0 6 _ 9 _ 
[00309672] 5 | _ 2 7 11 1 8 9 0 6 _ 9 _ 
[00309673] 5 | _ 5 10 11 1 8 9 0 6 _ 9 _ 
[00309674] 5 | _ 7 2 11 1 8 9 0 6 _ 9 _ 
[00309675] 4 | 3 7 2 11 1 8 9 0 6 _ 9 _ 
[00309676] 4 | _ 7 2 11 1 8 9 0 6 10 9 _ 
[00309677] 3 | 4 7 2 11 1 8 9 0 6 10 9 _ 
[00309678] 5 | _ 10 5 11 1 8 9 0 6 _ 9 _ 
[00309679] 4 | 6 10 5 11 1 8 9 0 6 _ 9 _ 
[00309680] 4 | _ 10 5 11 1 8 9 0 6 2 9 _ 
[00309681] 3 | 7 10 5 11 1 8 9 0 6 2 9 _ 
[00309682] 4 | _ 10 5 11 1 8 9 0 6 10 9 _ 
[00309683] 5 | _ 6 _ 11 1 8 9 0 6 _ 9 _ 
[00309684] 4 | 2 6 _ 11 1 8 9 0 6 _ 9 _ 
[00309685] 3 | 2 6 3 11 1 8 9 0 6 _ 9 _ 
[00309686] 3 | 2 6 _ 11 1 8 9 0 6 3 9 _ 
[00309687] 4 | 10 6 _ 11 1 8 9 0 6 _ 9 _ 
[00309688] 3 | 10 6 3 11 1 8 9 0 6 _ 9 _ 
[00309689] 3 | 10 6 _ 11 1 8 9 0 6 3 9 _ 
[00309690] 4 | _ 6 2 11 1 8 9 0 6 _ 9 _ 
[00309691] 3 | 3 6 2 11 1 8 9 0 6 _ 9 _ 
[00309692] 3 | _ 6 2 11 1 8 9 0 6 3 9 _ 
[00309693] 4 | _ 6 10 11 1 8 9 0 6 _ 9 _ 
[00309694] 3 | 3 6 10 11 1 8 9 0 6 _ 9 _ 
[00309695] 3 | _ 6 10 11 1 8 9 0 6 3 9 _ 
[00309696] 4 | _ 6 _ 11 1 8 9 0 6 2 9 _ 
[00309697] 4 | _ 6 _ 11 1 8 9 0 6 10 9 _ 
[00309698] 5 | _ _ _ 11 1 8 9 0 6 11 9 _ 
[00309699] 4 | 3 7 _ 11 1 8 9 0 6 11 9 _ 
[00309700] 4 | 7 3 _ 11 1 8 9 0 6 11 9 _ 
[00309701] 4 | _ 3 7 11 1 8 9 0 6 11 9 _ 
[00309702] 4 | _ 7 3 11 1 8 9 0 6 11 9 _ 
[00309703] 6 | _ _ _ 11 1 8 9 0 4 10 9 _ 
[00309704] 5 | 2 7 _ 11 1 8 9 0 4 10 9 _ 
[00309705] 4 | 2 7 3 11 1 8 9 0 4 10 9 _ 
[00309706] 5 | 7 2 _ 11 1 8 9 0 4 10 9 _ 
[00309707] 5 | _ 2 7 11 1 8 9 0 4 10 9 _ 
[00309708] 5 | _ 7 2 11 1 8 9 0 4 10 9 _ 
[00309709] 4 | 3 7 2 11 1 8 9 0 4 10 9 _ 
[00309710] 5 | _ 6 _ 11 1 8 9 0 4 10 9 _ 
[00309711] 4 | 2 6 _ 11 1 8 9 0 4 10 9 _ 
[00309712] 3 | 2 6 3 11 1 8 9 0 4 10 9 _ 
[00309713] 4 | _ 6 2 11 1 8 9 0 4 10 9 _ 
[00309714] 3 | 3 6 2 11 1 8 9 0 4 10 9 _ 
[00309715] 6 | _ _ _ 11 1 8 9 0 10 4 9 _ 
[00309716] 5 | 2 7 _ 11 1 8 9 0 10 4 9 _ 
[00309717] 4 | 2 7 3 11 1 8 9 0 10 4 9 _ 
[00309718] 5 | 7 2 _ 11 1 8 9 0 10 4 9 _ 
[00309719] 5 | _ 2 7 11 1 8 9 0 10 4 9 _ 
[00309720] 5 | _ 7 2 11 1 8 9 0 10 4 9 _ 
[00309721] 4 | 3 7 2 11 1 8 9 0 10 4 9 _ 
[00309722] 5 | _ 6 _ 11 1 8 9 0 10 4 9 _ 
[00309723] 4 | 2 6 _ 11 1 8 9 0 10 4 9 _ 
[00309724] 3 | 2 6 3 11 1 8 9 0 10 4 9 _ 
[00309725] 4 | _ 6 2 11 1 8 9 0 10 4 9 _ 
[00309726] 3 | 3 6 2 11 1 8 9 0 10 4 9 _ 
[00309727] 7 | _ _ _ 11 1 _ 9 0 7 _ 9 _ 
[00309728] 6 | 2 8 _ 11 1 _ 9 0 7 _ 9 _ 
[00309729] 5 | 2 8 3 11 1 _ 9 0 7 _ 9 _ 
[00309730] 4 | 2 8 3 11 1 5 9 0 7 _ 9 _ 
[00309731] 3 | 2 8 3 11 1 5 9 0 7 4 9 _ 
[00309732] 3 | 2 8 3 11 1 5 9 0 7 10 9 _ 
[00309733] 5 | 2 8 _ 11 1 6 9 0 7 _ 9 _ 
[00309734] 4 | 2 8 4 11 1 6 9 0 7 _ 9 _ 
[00309735] 3 | 2 8 4 11 1 6 9 0 7 10 9 _ 
[00309736] 4 | 2 8 _ 11 1 6 9 0 7 3 9 _ 
[00309737] 3 | 2 8 5 11 1 6 9 0 7 3 9 _ 
[00309738] 6 | 4 10 _ 11 1 _ 9 0 7 _ 9 _ 
[00309739] 5 | 4 10 5 11 1 _ 9 0 7 _ 9 _ 
[00309740] 4 | 4 10 5 11 1 _ 9 0 7 3 9 _ 
[00309741] 5 | 4 10 _ 11 1 6 9 0 7 _ 9 _ 
[00309742] 4 | 4 10 _ 11 1 6 9 0 7 3 9 _ 
[00309743] 5 | 4 10 _ 11 1 _ 9 0 7 2 9 _ 
[00309744] 4 | 4 10 6 11 1 _ 9 0 7 2 9 _ 
[00309745] 4 | 4 10 _ 11 1 5 9 0 7 2 9 _ 
[00309746] 6 | 8 2 _ 11 1 _ 9 0 7 _ 9 _ 
[00309747] 6 | 10 4 _ 11 1 _ 9 0 7 _ 9 _ 
[00309748] 6 | _ 2 8 11 1 _ 9 0 7 _ 9 _ 
[00309749] 6 | _ 4 10 11 1 _ 9 0 7 _ 9 _ 
[00309750] 6 | _ 8 2 11 1 _ 9 0 7 _ 9 _ 
[00309751] 5 | 3 8 2 11 1 _ 9 0 7 _ 9 _ 
[00309752] 4 | 3 8 2 11 1 5 9 0 7 _ 9 _ 
[00309753] 3 | 3 8 2 11 1 5 9 0 7 4 9 _ 
[00309754] 3 | 3 8 2 11 1 5 9 0 7 10 9 _ 
[00309755] 5 | _ 8 2 11 1 6 9 0 7 _ 9 _ 
[00309756] 4 | 4 8 2 11 1 6 9 0 7 _ 9 _ 
[00309757] 3 | 4 8 2 11 1 6 9 0 7 10 9 _ 
[00309758] 4 | _ 8 2 11 1 6 9 0 7 3 9 _ 
[00309759] 3 | 5 8 2 11 1 6 9 0 7 3 9 _ 
[00309760] 6 | _ 10 4 11 1 _ 9 0 7 _ 9 _ 
[00309761] 5 | 5 10 4 11 1 _ 9 0 7 _ 9 _ 
[00309762] 4 | 5 10 4 11 1 _ 9 0 7 3 9 _ 
[00309763] 5 | _ 10 4 11 1 6 9 0 7 _ 9 _ 
[00309764] 4 | _ 10 4 11 1 6 9 0 7 3 9 _ 
[00309765] 5 | _ 10 4 11 1 _ 9 0 7 2 9 _ 
