[00334182] 4 | _ 1 5 10 2 _ 9 0 11 _ 6 11 
[00334183] 3 | 4 1 5 10 2 _ 9 0 11 _ 6 11 
[00334184] 7 | _ 1 _ 10 2 _ _ 0 11 4 _ _ 
[00334185] 6 | 7 1 _ 10 2 _ _ 0 11 4 _ _ 
[00334186] 5 | 7 1 6 10 2 _ _ 0 11 4 _ _ 
[00334187] 4 | 7 1 6 10 2 _ _ 0 11 4 5 9 
[00334188] 4 | 7 1 6 10 2 _ _ 0 11 4 9 5 
[00334189] 5 | 7 1 _ 10 2 _ _ 0 11 4 5 _ 
[00334190] 4 | 7 1 5 10 2 _ _ 0 11 4 5 _ 
[00334191] 4 | 7 1 _ 10 2 6 _ 0 11 4 5 _ 
[00334192] 3 | 7 1 _ 10 2 6 5 0 11 4 5 _ 
[00334193] 2 | 7 1 3 10 2 6 5 0 11 4 5 _ 
[00334194] 3 | 7 1 _ 10 2 6 _ 0 11 4 5 2 
[00334195] 2 | 7 1 3 10 2 6 _ 0 11 4 5 2 
[00334196] 3 | 7 1 _ 10 2 6 _ 0 11 4 5 8 
[00334197] 2 | 7 1 3 10 2 6 _ 0 11 4 5 8 
[00334198] 4 | 7 1 _ 10 2 _ 6 0 11 4 5 _ 
[00334199] 3 | 7 1 _ 10 2 5 6 0 11 4 5 _ 
[00334200] 2 | 7 1 3 10 2 5 6 0 11 4 5 _ 
[00334201] 3 | 7 1 _ 10 2 _ 6 0 11 4 5 2 
[00334202] 2 | 7 1 3 10 2 _ 6 0 11 4 5 2 
[00334203] 3 | 7 1 _ 10 2 _ 6 0 11 4 5 8 
[00334204] 2 | 7 1 3 10 2 _ 6 0 11 4 5 8 
[00334205] 4 | 7 1 _ 10 2 _ _ 0 11 4 5 1 
[00334206] 4 | 7 1 _ 10 2 _ _ 0 11 4 5 9 
[00334207] 5 | 7 1 _ 10 2 _ _ 0 11 4 3 8 
[00334208] 4 | 7 1 5 10 2 _ _ 0 11 4 3 8 
[00334209] 4 | 7 1 _ 10 2 6 _ 0 11 4 3 8 
[00334210] 3 | 7 1 _ 10 2 6 5 0 11 4 3 8 
[00334211] 4 | 7 1 _ 10 2 _ 6 0 11 4 3 8 
[00334212] 3 | 7 1 _ 10 2 5 6 0 11 4 3 8 
[00334213] 5 | 7 1 _ 10 2 _ _ 0 11 4 8 3 
[00334214] 4 | 7 1 5 10 2 _ _ 0 11 4 8 3 
[00334215] 4 | 7 1 _ 10 2 6 _ 0 11 4 8 3 
[00334216] 3 | 7 1 _ 10 2 6 5 0 11 4 8 3 
[00334217] 4 | 7 1 _ 10 2 _ 6 0 11 4 8 3 
[00334218] 3 | 7 1 _ 10 2 5 6 0 11 4 8 3 
[00334219] 6 | _ 1 7 10 2 _ _ 0 11 4 _ _ 
[00334220] 5 | 6 1 7 10 2 _ _ 0 11 4 _ _ 
[00334221] 4 | 6 1 7 10 2 _ _ 0 11 4 5 9 
[00334222] 4 | 6 1 7 10 2 _ _ 0 11 4 9 5 
[00334223] 5 | _ 1 7 10 2 _ _ 0 11 4 5 _ 
[00334224] 4 | 5 1 7 10 2 _ _ 0 11 4 5 _ 
[00334225] 4 | _ 1 7 10 2 6 _ 0 11 4 5 _ 
[00334226] 3 | _ 1 7 10 2 6 5 0 11 4 5 _ 
[00334227] 2 | 3 1 7 10 2 6 5 0 11 4 5 _ 
[00334228] 3 | _ 1 7 10 2 6 _ 0 11 4 5 2 
[00334229] 2 | 3 1 7 10 2 6 _ 0 11 4 5 2 
[00334230] 3 | _ 1 7 10 2 6 _ 0 11 4 5 8 
[00334231] 2 | 3 1 7 10 2 6 _ 0 11 4 5 8 
[00334232] 4 | _ 1 7 10 2 _ 6 0 11 4 5 _ 
[00334233] 3 | _ 1 7 10 2 5 6 0 11 4 5 _ 
[00334234] 2 | 3 1 7 10 2 5 6 0 11 4 5 _ 
[00334235] 3 | _ 1 7 10 2 _ 6 0 11 4 5 2 
[00334236] 2 | 3 1 7 10 2 _ 6 0 11 4 5 2 
[00334237] 3 | _ 1 7 10 2 _ 6 0 11 4 5 8 
[00334238] 2 | 3 1 7 10 2 _ 6 0 11 4 5 8 
[00334239] 4 | _ 1 7 10 2 _ _ 0 11 4 5 1 
[00334240] 4 | _ 1 7 10 2 _ _ 0 11 4 5 9 
[00334241] 5 | _ 1 7 10 2 _ _ 0 11 4 3 8 
[00334242] 4 | 5 1 7 10 2 _ _ 0 11 4 3 8 
[00334243] 4 | _ 1 7 10 2 6 _ 0 11 4 3 8 
[00334244] 3 | _ 1 7 10 2 6 5 0 11 4 3 8 
[00334245] 4 | _ 1 7 10 2 _ 6 0 11 4 3 8 
[00334246] 3 | _ 1 7 10 2 5 6 0 11 4 3 8 
[00334247] 5 | _ 1 7 10 2 _ _ 0 11 4 8 3 
[00334248] 4 | 5 1 7 10 2 _ _ 0 11 4 8 3 
[00334249] 4 | _ 1 7 10 2 6 _ 0 11 4 8 3 
[00334250] 3 | _ 1 7 10 2 6 5 0 11 4 8 3 
[00334251] 4 | _ 1 7 10 2 _ 6 0 11 4 8 3 
[00334252] 3 | _ 1 7 10 2 5 6 0 11 4 8 3 
[00334253] 6 | _ 1 _ 10 2 8 _ 0 11 4 _ _ 
[00334254] 5 | 6 1 _ 10 2 8 _ 0 11 4 _ _ 
[00334255] 4 | 6 1 5 10 2 8 _ 0 11 4 _ _ 
[00334256] 3 | 6 1 5 10 2 8 _ 0 11 4 3 _ 
[00334257] 4 | 6 1 _ 10 2 8 _ 0 11 4 3 7 
[00334258] 3 | 6 1 _ 10 2 8 5 0 11 4 3 7 
[00334259] 4 | 6 1 _ 10 2 8 _ 0 11 4 5 9 
[00334260] 4 | 6 1 _ 10 2 8 _ 0 11 4 7 3 
[00334261] 3 | 6 1 _ 10 2 8 5 0 11 4 7 3 
[00334262] 4 | 6 1 _ 10 2 8 _ 0 11 4 9 5 
[00334263] 5 | _ 1 6 10 2 8 _ 0 11 4 _ _ 
[00334264] 4 | 5 1 6 10 2 8 _ 0 11 4 _ _ 
[00334265] 3 | 5 1 6 10 2 8 _ 0 11 4 3 _ 
[00334266] 4 | _ 1 6 10 2 8 _ 0 11 4 3 7 
[00334267] 3 | _ 1 6 10 2 8 5 0 11 4 3 7 
[00334268] 4 | _ 1 6 10 2 8 _ 0 11 4 5 9 
[00334269] 4 | _ 1 6 10 2 8 _ 0 11 4 7 3 
[00334270] 3 | _ 1 6 10 2 8 5 0 11 4 7 3 
[00334271] 4 | _ 1 6 10 2 8 _ 0 11 4 9 5 
[00334272] 5 | _ 1 _ 10 2 8 7 0 11 4 _ _ 
[00334273] 4 | 5 1 _ 10 2 8 7 0 11 4 _ _ 
[00334274] 3 | 5 1 _ 10 2 8 7 0 11 4 3 _ 
[00334275] 2 | 5 1 3 10 2 8 7 0 11 4 3 _ 
[00334276] 2 | 5 1 _ 10 2 8 7 0 11 4 3 1 
[00334277] 3 | 5 1 _ 10 2 8 7 0 11 4 3 6 
[00334278] 3 | 5 1 _ 10 2 8 7 0 11 4 6 9 
[00334279] 2 | 5 1 3 10 2 8 7 0 11 4 6 9 
[00334280] 3 | 5 1 _ 10 2 8 7 0 11 4 6 3 
[00334281] 3 | 5 1 _ 10 2 8 7 0 11 4 9 6 
[00334282] 2 | 5 1 3 10 2 8 7 0 11 4 9 6 
[00334283] 4 | _ 1 5 10 2 8 7 0 11 4 _ _ 
[00334284] 3 | _ 1 5 10 2 8 7 0 11 4 3 _ 
[00334285] 2 | 3 1 5 10 2 8 7 0 11 4 3 _ 
[00334286] 2 | _ 1 5 10 2 8 7 0 11 4 3 1 
[00334287] 3 | _ 1 5 10 2 8 7 0 11 4 3 6 
[00334288] 3 | _ 1 5 10 2 8 7 0 11 4 6 9 
[00334289] 2 | 3 1 5 10 2 8 7 0 11 4 6 9 
[00334290] 3 | _ 1 5 10 2 8 7 0 11 4 6 3 
[00334291] 3 | _ 1 5 10 2 8 7 0 11 4 9 6 
[00334292] 2 | 3 1 5 10 2 8 7 0 11 4 9 6 
[00334293] 4 | _ 1 _ 10 2 8 7 0 11 4 5 9 
[00334294] 4 | _ 1 _ 10 2 8 7 0 11 4 9 5 
[00334295] 5 | _ 1 _ 10 2 8 _ 0 11 4 5 _ 
[00334296] 4 | 5 1 _ 10 2 8 _ 0 11 4 5 _ 
[00334297] 4 | _ 1 5 10 2 8 _ 0 11 4 5 _ 
[00334298] 4 | _ 1 _ 10 2 8 6 0 11 4 5 _ 
[00334299] 4 | _ 1 _ 10 2 8 _ 0 11 4 5 1 
[00334300] 4 | _ 1 _ 10 2 8 _ 0 11 4 5 9 
[00334301] 6 | _ 1 _ 10 2 _ 8 0 11 4 _ _ 
[00334302] 5 | 6 1 _ 10 2 _ 8 0 11 4 _ _ 
[00334303] 4 | 6 1 5 10 2 _ 8 0 11 4 _ _ 
[00334304] 3 | 6 1 5 10 2 _ 8 0 11 4 3 _ 
[00334305] 4 | 6 1 _ 10 2 _ 8 0 11 4 3 7 
[00334306] 3 | 6 1 _ 10 2 5 8 0 11 4 3 7 
[00334307] 4 | 6 1 _ 10 2 _ 8 0 11 4 5 9 
[00334308] 4 | 6 1 _ 10 2 _ 8 0 11 4 7 3 
[00334309] 3 | 6 1 _ 10 2 5 8 0 11 4 7 3 
[00334310] 4 | 6 1 _ 10 2 _ 8 0 11 4 9 5 
[00334311] 5 | _ 1 6 10 2 _ 8 0 11 4 _ _ 
[00334312] 4 | 5 1 6 10 2 _ 8 0 11 4 _ _ 
[00334313] 3 | 5 1 6 10 2 _ 8 0 11 4 3 _ 
[00334314] 4 | _ 1 6 10 2 _ 8 0 11 4 3 7 
[00334315] 3 | _ 1 6 10 2 5 8 0 11 4 3 7 
[00334316] 4 | _ 1 6 10 2 _ 8 0 11 4 5 9 
[00334317] 4 | _ 1 6 10 2 _ 8 0 11 4 7 3 
[00334318] 3 | _ 1 6 10 2 5 8 0 11 4 7 3 
[00334319] 4 | _ 1 6 10 2 _ 8 0 11 4 9 5 
[00334320] 5 | _ 1 _ 10 2 7 8 0 11 4 _ _ 
[00334321] 4 | 5 1 _ 10 2 7 8 0 11 4 _ _ 
[00334322] 3 | 5 1 _ 10 2 7 8 0 11 4 3 _ 
[00334323] 2 | 5 1 3 10 2 7 8 0 11 4 3 _ 
[00334324] 2 | 5 1 _ 10 2 7 8 0 11 4 3 1 
[00334325] 3 | 5 1 _ 10 2 7 8 0 11 4 3 6 
[00334326] 3 | 5 1 _ 10 2 7 8 0 11 4 6 9 
[00334327] 2 | 5 1 3 10 2 7 8 0 11 4 6 9 
[00334328] 3 | 5 1 _ 10 2 7 8 0 11 4 6 3 
[00334329] 3 | 5 1 _ 10 2 7 8 0 11 4 9 6 
[00334330] 2 | 5 1 3 10 2 7 8 0 11 4 9 6 
[00334331] 4 | _ 1 5 10 2 7 8 0 11 4 _ _ 
[00334332] 3 | _ 1 5 10 2 7 8 0 11 4 3 _ 
[00334333] 2 | 3 1 5 10 2 7 8 0 11 4 3 _ 
[00334334] 2 | _ 1 5 10 2 7 8 0 11 4 3 1 
[00334335] 3 | _ 1 5 10 2 7 8 0 11 4 3 6 
[00334336] 3 | _ 1 5 10 2 7 8 0 11 4 6 9 
[00334337] 2 | 3 1 5 10 2 7 8 0 11 4 6 9 
[00334338] 3 | _ 1 5 10 2 7 8 0 11 4 6 3 
[00334339] 3 | _ 1 5 10 2 7 8 0 11 4 9 6 
[00334340] 2 | 3 1 5 10 2 7 8 0 11 4 9 6 
[00334341] 4 | _ 1 _ 10 2 7 8 0 11 4 5 9 
[00334342] 4 | _ 1 _ 10 2 7 8 0 11 4 9 5 
[00334343] 5 | _ 1 _ 10 2 _ 8 0 11 4 5 _ 
[00334344] 4 | 5 1 _ 10 2 _ 8 0 11 4 5 _ 
[00334345] 4 | _ 1 5 10 2 _ 8 0 11 4 5 _ 
[00334346] 4 | _ 1 _ 10 2 6 8 0 11 4 5 _ 
[00334347] 4 | _ 1 _ 10 2 _ 8 0 11 4 5 1 
[00334348] 4 | _ 1 _ 10 2 _ 8 0 11 4 5 9 
[00334349] 6 | _ 1 _ 10 2 _ _ 0 11 4 6 _ 
[00334350] 5 | 6 1 _ 10 2 _ _ 0 11 4 6 _ 
[00334351] 4 | 6 1 5 10 2 _ _ 0 11 4 6 _ 
[00334352] 5 | _ 1 6 10 2 _ _ 0 11 4 6 _ 
[00334353] 4 | 5 1 6 10 2 _ _ 0 11 4 6 _ 
[00334354] 5 | _ 1 _ 10 2 7 _ 0 11 4 6 _ 
[00334355] 4 | 5 1 _ 10 2 7 _ 0 11 4 6 _ 
[00334356] 3 | 5 1 _ 10 2 7 _ 0 11 4 6 3 
[00334357] 3 | 5 1 _ 10 2 7 _ 0 11 4 6 9 
[00334358] 2 | 5 1 3 10 2 7 _ 0 11 4 6 9 
[00334359] 4 | _ 1 5 10 2 7 _ 0 11 4 6 _ 
[00334360] 3 | _ 1 5 10 2 7 _ 0 11 4 6 3 
[00334361] 3 | _ 1 5 10 2 7 _ 0 11 4 6 9 
[00334362] 2 | 3 1 5 10 2 7 _ 0 11 4 6 9 
[00334363] 4 | _ 1 _ 10 2 7 6 0 11 4 6 _ 
[00334364] 4 | _ 1 _ 10 2 7 _ 0 11 4 6 2 
[00334365] 5 | _ 1 _ 10 2 _ 7 0 11 4 6 _ 
[00334366] 4 | 5 1 _ 10 2 _ 7 0 11 4 6 _ 
[00334367] 3 | 5 1 _ 10 2 _ 7 0 11 4 6 3 
[00334368] 3 | 5 1 _ 10 2 _ 7 0 11 4 6 9 
[00334369] 2 | 5 1 3 10 2 _ 7 0 11 4 6 9 
[00334370] 4 | _ 1 5 10 2 _ 7 0 11 4 6 _ 
[00334371] 3 | _ 1 5 10 2 _ 7 0 11 4 6 3 
[00334372] 3 | _ 1 5 10 2 _ 7 0 11 4 6 9 
[00334373] 2 | 3 1 5 10 2 _ 7 0 11 4 6 9 
[00334374] 4 | _ 1 _ 10 2 6 7 0 11 4 6 _ 
[00334375] 4 | _ 1 _ 10 2 _ 7 0 11 4 6 2 
[00334376] 5 | _ 1 _ 10 2 _ _ 0 11 4 6 1 
[00334377] 6 | _ 1 _ 10 2 _ _ 0 11 4 3 9 
[00334378] 5 | 6 1 _ 10 2 _ _ 0 11 4 3 9 
[00334379] 4 | 6 1 5 10 2 _ _ 0 11 4 3 9 
[00334380] 5 | _ 1 6 10 2 _ _ 0 11 4 3 9 
[00334381] 4 | 5 1 6 10 2 _ _ 0 11 4 3 9 
[00334382] 5 | _ 1 _ 10 2 7 _ 0 11 4 3 9 
[00334383] 4 | 5 1 _ 10 2 7 _ 0 11 4 3 9 
[00334384] 4 | _ 1 5 10 2 7 _ 0 11 4 3 9 
[00334385] 4 | _ 1 _ 10 2 7 6 0 11 4 3 9 
[00334386] 5 | _ 1 _ 10 2 _ 7 0 11 4 3 9 
[00334387] 4 | 5 1 _ 10 2 _ 7 0 11 4 3 9 
[00334388] 4 | _ 1 5 10 2 _ 7 0 11 4 3 9 
[00334389] 4 | _ 1 _ 10 2 6 7 0 11 4 3 9 
[00334390] 6 | _ 1 _ 10 2 _ _ 0 11 4 9 3 
[00334391] 5 | 6 1 _ 10 2 _ _ 0 11 4 9 3 
[00334392] 4 | 6 1 5 10 2 _ _ 0 11 4 9 3 
[00334393] 5 | _ 1 6 10 2 _ _ 0 11 4 9 3 
[00334394] 4 | 5 1 6 10 2 _ _ 0 11 4 9 3 
[00334395] 5 | _ 1 _ 10 2 7 _ 0 11 4 9 3 
[00334396] 4 | 5 1 _ 10 2 7 _ 0 11 4 9 3 
[00334397] 4 | _ 1 5 10 2 7 _ 0 11 4 9 3 
[00334398] 4 | _ 1 _ 10 2 7 6 0 11 4 9 3 
[00334399] 5 | _ 1 _ 10 2 _ 7 0 11 4 9 3 
[00334400] 4 | 5 1 _ 10 2 _ 7 0 11 4 9 3 
[00334401] 4 | _ 1 5 10 2 _ 7 0 11 4 9 3 
[00334402] 4 | _ 1 _ 10 2 6 7 0 11 4 9 3 
[00334403] 7 | _ 1 _ 10 2 _ _ 0 11 _ 7 _ 
[00334404] 6 | 7 1 _ 10 2 _ _ 0 11 _ 7 _ 
[00334405] 5 | 7 1 6 10 2 _ _ 0 11 _ 7 _ 
[00334406] 5 | 7 1 _ 10 2 _ _ 0 11 6 7 _ 
[00334407] 4 | 7 1 5 10 2 _ _ 0 11 6 7 _ 
[00334408] 6 | _ 1 7 10 2 _ _ 0 11 _ 7 _ 
[00334409] 5 | 6 1 7 10 2 _ _ 0 11 _ 7 _ 
[00334410] 5 | _ 1 7 10 2 _ _ 0 11 6 7 _ 
[00334411] 4 | 5 1 7 10 2 _ _ 0 11 6 7 _ 
[00334412] 6 | _ 1 _ 10 2 8 _ 0 11 _ 7 _ 
[00334413] 5 | 6 1 _ 10 2 8 _ 0 11 _ 7 _ 
[00334414] 4 | 6 1 5 10 2 8 _ 0 11 _ 7 _ 
[00334415] 3 | 6 1 5 10 2 8 _ 0 11 _ 7 4 
[00334416] 2 | 6 1 5 10 2 8 _ 0 11 9 7 4 
[00334417] 1 | 6 1 5 10 2 8 3 0 11 9 7 4  *Graceful*
[00334417] 4 | 6 1 _ 10 2 8 _ 0 11 7 7 _ 
[00334418] 3 | 6 1 4 10 2 8 _ 0 11 7 7 _ 
[00334419] 3 | 6 1 _ 10 2 8 5 0 11 7 7 _ 
[00334420] 2 | 6 1 3 10 2 8 5 0 11 7 7 _ 
[00334421] 4 | 6 1 _ 10 2 8 _ 0 11 _ 7 3 
[00334422] 3 | 6 1 4 10 2 8 _ 0 11 _ 7 3 
[00334423] 2 | 6 1 4 10 2 8 _ 0 11 9 7 3 
[00334424] 3 | 6 1 _ 10 2 8 5 0 11 _ 7 3 
[00334425] 2 | 6 1 _ 10 2 8 5 0 11 9 7 3 
[00334426] 4 | 6 1 _ 10 2 8 _ 0 11 _ 7 11 
[00334427] 3 | 6 1 4 10 2 8 _ 0 11 _ 7 11 
[00334428] 3 | 6 1 _ 10 2 8 5 0 11 _ 7 11 
[00334429] 2 | 6 1 3 10 2 8 5 0 11 _ 7 11 
[00334430] 5 | _ 1 6 10 2 8 _ 0 11 _ 7 _ 
[00334431] 4 | 5 1 6 10 2 8 _ 0 11 _ 7 _ 
[00334432] 3 | 5 1 6 10 2 8 _ 0 11 _ 7 4 
[00334433] 2 | 5 1 6 10 2 8 _ 0 11 9 7 4 
[00334434] 1 | 5 1 6 10 2 8 3 0 11 9 7 4  *Graceful*
[00334434] 4 | _ 1 6 10 2 8 _ 0 11 7 7 _ 
[00334435] 3 | 4 1 6 10 2 8 _ 0 11 7 7 _ 
[00334436] 3 | _ 1 6 10 2 8 5 0 11 7 7 _ 
[00334437] 2 | 3 1 6 10 2 8 5 0 11 7 7 _ 
[00334438] 4 | _ 1 6 10 2 8 _ 0 11 _ 7 3 
[00334439] 3 | 4 1 6 10 2 8 _ 0 11 _ 7 3 
[00334440] 2 | 4 1 6 10 2 8 _ 0 11 9 7 3 
[00334441] 3 | _ 1 6 10 2 8 5 0 11 _ 7 3 
[00334442] 2 | _ 1 6 10 2 8 5 0 11 9 7 3 
[00334443] 4 | _ 1 6 10 2 8 _ 0 11 _ 7 11 
[00334444] 3 | 4 1 6 10 2 8 _ 0 11 _ 7 11 
[00334445] 3 | _ 1 6 10 2 8 5 0 11 _ 7 11 
[00334446] 2 | 3 1 6 10 2 8 5 0 11 _ 7 11 
[00334447] 5 | _ 1 _ 10 2 8 7 0 11 _ 7 _ 
[00334448] 4 | 5 1 _ 10 2 8 7 0 11 _ 7 _ 
[00334449] 3 | 5 1 4 10 2 8 7 0 11 _ 7 _ 
[00334450] 2 | 5 1 4 10 2 8 7 0 11 9 7 _ 
[00334451] 4 | _ 1 5 10 2 8 7 0 11 _ 7 _ 
[00334452] 3 | 4 1 5 10 2 8 7 0 11 _ 7 _ 
[00334453] 2 | 4 1 5 10 2 8 7 0 11 9 7 _ 
[00334454] 5 | _ 1 _ 10 2 8 _ 0 11 6 7 _ 
[00334455] 4 | 5 1 _ 10 2 8 _ 0 11 6 7 _ 
[00334456] 3 | 5 1 4 10 2 8 _ 0 11 6 7 _ 
[00334457] 2 | 5 1 4 10 2 8 _ 0 11 6 7 9 
[00334458] 1 | 5 1 4 10 2 8 3 0 11 6 7 9  *Graceful*
[00334458] 3 | 5 1 _ 10 2 8 _ 0 11 6 7 4 
[00334459] 2 | 5 1 3 10 2 8 _ 0 11 6 7 4 
[00334460] 4 | _ 1 5 10 2 8 _ 0 11 6 7 _ 
[00334461] 3 | 4 1 5 10 2 8 _ 0 11 6 7 _ 
[00334462] 2 | 4 1 5 10 2 8 _ 0 11 6 7 9 
[00334463] 1 | 4 1 5 10 2 8 3 0 11 6 7 9  *Graceful*
[00334463] 3 | _ 1 5 10 2 8 _ 0 11 6 7 4 
[00334464] 2 | 3 1 5 10 2 8 _ 0 11 6 7 4 
[00334465] 4 | _ 1 _ 10 2 8 _ 0 11 6 7 3 
[00334466] 3 | 4 1 _ 10 2 8 _ 0 11 6 7 3 
[00334467] 3 | _ 1 4 10 2 8 _ 0 11 6 7 3 
[00334468] 3 | _ 1 _ 10 2 8 5 0 11 6 7 3 
[00334469] 5 | _ 1 _ 10 2 8 _ 0 11 _ 7 2 
[00334470] 4 | 5 1 _ 10 2 8 _ 0 11 _ 7 2 
[00334471] 3 | 5 1 4 10 2 8 _ 0 11 _ 7 2 
[00334472] 2 | 5 1 4 10 2 8 _ 0 11 9 7 2 
[00334473] 4 | _ 1 5 10 2 8 _ 0 11 _ 7 2 
[00334474] 3 | 4 1 5 10 2 8 _ 0 11 _ 7 2 
[00334475] 2 | 4 1 5 10 2 8 _ 0 11 9 7 2 
[00334476] 6 | _ 1 _ 10 2 _ 8 0 11 _ 7 _ 
[00334477] 5 | 6 1 _ 10 2 _ 8 0 11 _ 7 _ 
[00334478] 4 | 6 1 5 10 2 _ 8 0 11 _ 7 _ 
[00334479] 3 | 6 1 5 10 2 _ 8 0 11 _ 7 4 
[00334480] 2 | 6 1 5 10 2 _ 8 0 11 9 7 4 
[00334481] 1 | 6 1 5 10 2 3 8 0 11 9 7 4  *Graceful*
[00334481] 4 | 6 1 _ 10 2 _ 8 0 11 7 7 _ 
[00334482] 3 | 6 1 4 10 2 _ 8 0 11 7 7 _ 
[00334483] 3 | 6 1 _ 10 2 5 8 0 11 7 7 _ 
[00334484] 2 | 6 1 3 10 2 5 8 0 11 7 7 _ 
[00334485] 4 | 6 1 _ 10 2 _ 8 0 11 _ 7 3 
[00334486] 3 | 6 1 4 10 2 _ 8 0 11 _ 7 3 
[00334487] 2 | 6 1 4 10 2 _ 8 0 11 9 7 3 
[00334488] 3 | 6 1 _ 10 2 5 8 0 11 _ 7 3 
[00334489] 2 | 6 1 _ 10 2 5 8 0 11 9 7 3 
[00334490] 4 | 6 1 _ 10 2 _ 8 0 11 _ 7 11 
[00334491] 3 | 6 1 4 10 2 _ 8 0 11 _ 7 11 
[00334492] 3 | 6 1 _ 10 2 5 8 0 11 _ 7 11 
[00334493] 2 | 6 1 3 10 2 5 8 0 11 _ 7 11 
[00334494] 5 | _ 1 6 10 2 _ 8 0 11 _ 7 _ 
[00334495] 4 | 5 1 6 10 2 _ 8 0 11 _ 7 _ 
[00334496] 3 | 5 1 6 10 2 _ 8 0 11 _ 7 4 
[00334497] 2 | 5 1 6 10 2 _ 8 0 11 9 7 4 
[00334498] 1 | 5 1 6 10 2 3 8 0 11 9 7 4  *Graceful*
[00334498] 4 | _ 1 6 10 2 _ 8 0 11 7 7 _ 
[00334499] 3 | 4 1 6 10 2 _ 8 0 11 7 7 _ 
[00334500] 3 | _ 1 6 10 2 5 8 0 11 7 7 _ 
[00334501] 2 | 3 1 6 10 2 5 8 0 11 7 7 _ 
[00334502] 4 | _ 1 6 10 2 _ 8 0 11 _ 7 3 
[00334503] 3 | 4 1 6 10 2 _ 8 0 11 _ 7 3 
[00334504] 2 | 4 1 6 10 2 _ 8 0 11 9 7 3 
[00334505] 3 | _ 1 6 10 2 5 8 0 11 _ 7 3 
[00334506] 2 | _ 1 6 10 2 5 8 0 11 9 7 3 
[00334507] 4 | _ 1 6 10 2 _ 8 0 11 _ 7 11 
[00334508] 3 | 4 1 6 10 2 _ 8 0 11 _ 7 11 
[00334509] 3 | _ 1 6 10 2 5 8 0 11 _ 7 11 
[00334510] 2 | 3 1 6 10 2 5 8 0 11 _ 7 11 
[00334511] 5 | _ 1 _ 10 2 7 8 0 11 _ 7 _ 
[00334512] 4 | 5 1 _ 10 2 7 8 0 11 _ 7 _ 
[00334513] 3 | 5 1 4 10 2 7 8 0 11 _ 7 _ 
[00334514] 2 | 5 1 4 10 2 7 8 0 11 9 7 _ 
[00334515] 4 | _ 1 5 10 2 7 8 0 11 _ 7 _ 
[00334516] 3 | 4 1 5 10 2 7 8 0 11 _ 7 _ 
[00334517] 2 | 4 1 5 10 2 7 8 0 11 9 7 _ 
[00334518] 5 | _ 1 _ 10 2 _ 8 0 11 6 7 _ 
[00334519] 4 | 5 1 _ 10 2 _ 8 0 11 6 7 _ 
[00334520] 3 | 5 1 4 10 2 _ 8 0 11 6 7 _ 
[00334521] 2 | 5 1 4 10 2 _ 8 0 11 6 7 9 
[00334522] 1 | 5 1 4 10 2 3 8 0 11 6 7 9  *Graceful*
[00334522] 3 | 5 1 _ 10 2 _ 8 0 11 6 7 4 
[00334523] 2 | 5 1 3 10 2 _ 8 0 11 6 7 4 
[00334524] 4 | _ 1 5 10 2 _ 8 0 11 6 7 _ 
[00334525] 3 | 4 1 5 10 2 _ 8 0 11 6 7 _ 
[00334526] 2 | 4 1 5 10 2 _ 8 0 11 6 7 9 
[00334527] 1 | 4 1 5 10 2 3 8 0 11 6 7 9  *Graceful*
[00334527] 3 | _ 1 5 10 2 _ 8 0 11 6 7 4 
[00334528] 2 | 3 1 5 10 2 _ 8 0 11 6 7 4 
[00334529] 4 | _ 1 _ 10 2 _ 8 0 11 6 7 3 
[00334530] 3 | 4 1 _ 10 2 _ 8 0 11 6 7 3 
[00334531] 3 | _ 1 4 10 2 _ 8 0 11 6 7 3 
[00334532] 3 | _ 1 _ 10 2 5 8 0 11 6 7 3 
[00334533] 5 | _ 1 _ 10 2 _ 8 0 11 _ 7 2 
[00334534] 4 | 5 1 _ 10 2 _ 8 0 11 _ 7 2 
[00334535] 3 | 5 1 4 10 2 _ 8 0 11 _ 7 2 
[00334536] 2 | 5 1 4 10 2 _ 8 0 11 9 7 2 
[00334537] 4 | _ 1 5 10 2 _ 8 0 11 _ 7 2 
[00334538] 3 | 4 1 5 10 2 _ 8 0 11 _ 7 2 
[00334539] 2 | 4 1 5 10 2 _ 8 0 11 9 7 2 
[00334540] 6 | _ 1 _ 10 2 _ _ 0 11 5 7 _ 
[00334541] 5 | 6 1 _ 10 2 _ _ 0 11 5 7 _ 
[00334542] 4 | 6 1 _ 10 2 _ _ 0 11 5 7 3 
[00334543] 3 | 6 1 4 10 2 _ _ 0 11 5 7 3 
[00334544] 5 | _ 1 6 10 2 _ _ 0 11 5 7 _ 
[00334545] 4 | _ 1 6 10 2 _ _ 0 11 5 7 3 
[00334546] 3 | 4 1 6 10 2 _ _ 0 11 5 7 3 
[00334547] 5 | _ 1 _ 10 2 7 _ 0 11 5 7 _ 
[00334548] 4 | _ 1 _ 10 2 7 6 0 11 5 7 _ 
[00334549] 3 | 4 1 _ 10 2 7 6 0 11 5 7 _ 
[00334550] 2 | 4 1 3 10 2 7 6 0 11 5 7 _ 
[00334551] 3 | _ 1 4 10 2 7 6 0 11 5 7 _ 
[00334552] 2 | 3 1 4 10 2 7 6 0 11 5 7 _ 
[00334553] 5 | _ 1 _ 10 2 _ 7 0 11 5 7 _ 
[00334554] 4 | _ 1 _ 10 2 6 7 0 11 5 7 _ 
[00334555] 3 | 4 1 _ 10 2 6 7 0 11 5 7 _ 
[00334556] 2 | 4 1 3 10 2 6 7 0 11 5 7 _ 
[00334557] 3 | _ 1 4 10 2 6 7 0 11 5 7 _ 
[00334558] 2 | 3 1 4 10 2 6 7 0 11 5 7 _ 
[00334559] 5 | _ 1 _ 10 2 _ _ 0 11 5 7 2 
[00334560] 6 | _ 1 _ 10 2 _ _ 0 11 _ 7 1 
[00334561] 5 | _ 1 _ 10 2 _ _ 0 11 6 7 1 
[00334562] 8 | _ 1 _ 10 _ _ _ 0 11 3 _ _ 
[00334563] 7 | 8 1 _ 10 _ _ _ 0 11 3 _ _ 
[00334564] 6 | 8 1 7 10 _ _ _ 0 11 3 _ _ 
[00334565] 5 | 8 1 7 10 5 _ _ 0 11 3 _ _ 
[00334566] 4 | 8 1 7 10 5 9 _ 0 11 3 _ _ 
[00334567] 3 | 8 1 7 10 5 9 2 0 11 3 _ _ 
[00334568] 2 | 8 1 7 10 5 9 2 0 11 3 4 6 
[00334569] 2 | 8 1 7 10 5 9 2 0 11 3 6 4 
[00334570] 4 | 8 1 7 10 5 _ 9 0 11 3 _ _ 
[00334571] 3 | 8 1 7 10 5 2 9 0 11 3 _ _ 
[00334572] 2 | 8 1 7 10 5 2 9 0 11 3 4 6 
[00334573] 2 | 8 1 7 10 5 2 9 0 11 3 6 4 
[00334574] 4 | 8 1 7 10 5 _ _ 0 11 3 4 _ 
[00334575] 3 | 8 1 7 10 5 2 _ 0 11 3 4 _ 
[00334576] 2 | 8 1 7 10 5 2 _ 0 11 3 4 6 
[00334577] 3 | 8 1 7 10 5 _ 2 0 11 3 4 _ 
[00334578] 2 | 8 1 7 10 5 _ 2 0 11 3 4 6 
[00334579] 4 | 8 1 7 10 5 _ _ 0 11 3 2 6 
[00334580] 4 | 8 1 7 10 5 _ _ 0 11 3 6 2 
[00334581] 5 | 8 1 7 10 4 9 _ 0 11 3 _ _ 
[00334582] 4 | 8 1 7 10 4 9 0 0 11 3 _ _ 
[00334583] 3 | 8 1 7 10 4 9 0 0 11 3 2 5 
[00334584] 3 | 8 1 7 10 4 9 0 0 11 3 5 2 
[00334585] 4 | 8 1 7 10 4 9 _ 0 11 3 4 _ 
[00334586] 4 | 8 1 7 10 4 9 _ 0 11 3 2 6 
[00334587] 4 | 8 1 7 10 4 9 _ 0 11 3 6 2 
[00334588] 5 | 8 1 7 10 9 4 _ 0 11 3 _ _ 
[00334589] 4 | 8 1 7 10 9 4 5 0 11 3 _ _ 
[00334590] 4 | 8 1 7 10 9 4 _ 0 11 3 2 6 
[00334591] 4 | 8 1 7 10 9 4 _ 0 11 3 6 2 
[00334592] 5 | 8 1 7 10 4 _ 9 0 11 3 _ _ 
[00334593] 4 | 8 1 7 10 4 0 9 0 11 3 _ _ 
[00334594] 3 | 8 1 7 10 4 0 9 0 11 3 2 5 
[00334595] 3 | 8 1 7 10 4 0 9 0 11 3 5 2 
[00334596] 4 | 8 1 7 10 4 _ 9 0 11 3 4 _ 
[00334597] 4 | 8 1 7 10 4 _ 9 0 11 3 2 6 
[00334598] 4 | 8 1 7 10 4 _ 9 0 11 3 6 2 
[00334599] 5 | 8 1 7 10 9 _ 4 0 11 3 _ _ 
[00334600] 4 | 8 1 7 10 9 5 4 0 11 3 _ _ 
[00334601] 4 | 8 1 7 10 9 _ 4 0 11 3 2 6 
[00334602] 4 | 8 1 7 10 9 _ 4 0 11 3 6 2 
[00334603] 5 | 8 1 7 10 _ _ _ 0 11 3 5 _ 
[00334604] 4 | 8 1 7 10 6 _ _ 0 11 3 5 _ 
[00334605] 3 | 8 1 7 10 6 9 _ 0 11 3 5 _ 
[00334606] 2 | 8 1 7 10 6 9 4 0 11 3 5 _ 
[00334607] 3 | 8 1 7 10 6 _ 9 0 11 3 5 _ 
[00334608] 2 | 8 1 7 10 6 4 9 0 11 3 5 _ 
[00334609] 3 | 8 1 7 10 6 _ _ 0 11 3 5 2 
[00334610] 2 | 8 1 7 10 6 4 _ 0 11 3 5 2 
[00334611] 2 | 8 1 7 10 6 _ 4 0 11 3 5 2 
[00334612] 4 | 8 1 7 10 2 6 _ 0 11 3 5 _ 
[00334613] 3 | 8 1 7 10 2 6 5 0 11 3 5 _ 
[00334614] 3 | 8 1 7 10 2 6 _ 0 11 3 5 2 
[00334615] 4 | 8 1 7 10 6 2 _ 0 11 3 5 _ 
[00334616] 3 | 8 1 7 10 6 2 9 0 11 3 5 _ 
[00334617] 4 | 8 1 7 10 2 _ 6 0 11 3 5 _ 
[00334618] 3 | 8 1 7 10 2 5 6 0 11 3 5 _ 
[00334619] 3 | 8 1 7 10 2 _ 6 0 11 3 5 2 
[00334620] 4 | 8 1 7 10 6 _ 2 0 11 3 5 _ 
[00334621] 3 | 8 1 7 10 6 9 2 0 11 3 5 _ 
[00334622] 4 | 8 1 7 10 _ _ _ 0 11 3 5 9 
[00334623] 5 | 8 1 7 10 _ _ _ 0 11 3 4 9 
[00334624] 4 | 8 1 7 10 6 _ _ 0 11 3 4 9 
[00334625] 4 | 8 1 7 10 2 6 _ 0 11 3 4 9 
[00334626] 3 | 8 1 7 10 2 6 5 0 11 3 4 9 
[00334627] 4 | 8 1 7 10 6 2 _ 0 11 3 4 9 
[00334628] 4 | 8 1 7 10 2 _ 6 0 11 3 4 9 
[00334629] 3 | 8 1 7 10 2 5 6 0 11 3 4 9 
[00334630] 4 | 8 1 7 10 6 _ 2 0 11 3 4 9 
[00334631] 5 | 8 1 7 10 _ _ _ 0 11 3 9 4 
[00334632] 4 | 8 1 7 10 6 _ _ 0 11 3 9 4 
[00334633] 4 | 8 1 7 10 2 6 _ 0 11 3 9 4 
[00334634] 3 | 8 1 7 10 2 6 5 0 11 3 9 4 
[00334635] 4 | 8 1 7 10 6 2 _ 0 11 3 9 4 
[00334636] 4 | 8 1 7 10 2 _ 6 0 11 3 9 4 
[00334637] 3 | 8 1 7 10 2 5 6 0 11 3 9 4 
[00334638] 4 | 8 1 7 10 6 _ 2 0 11 3 9 4 
[00334639] 6 | 8 1 _ 10 4 _ _ 0 11 3 _ _ 
[00334640] 5 | 8 1 6 10 4 _ _ 0 11 3 _ _ 
[00334641] 4 | 8 1 6 10 4 0 _ 0 11 3 _ _ 
[00334642] 3 | 8 1 6 10 4 0 7 0 11 3 _ _ 
[00334643] 3 | 8 1 6 10 4 0 _ 0 11 3 2 5 
[00334644] 3 | 8 1 6 10 4 0 _ 0 11 3 5 2 
[00334645] 4 | 8 1 6 10 4 _ 0 0 11 3 _ _ 
[00334646] 3 | 8 1 6 10 4 7 0 0 11 3 _ _ 
[00334647] 3 | 8 1 6 10 4 _ 0 0 11 3 2 5 
[00334648] 3 | 8 1 6 10 4 _ 0 0 11 3 5 2 
[00334649] 4 | 8 1 6 10 4 _ _ 0 11 3 4 _ 
[00334650] 3 | 8 1 6 10 4 7 _ 0 11 3 4 _ 
[00334651] 2 | 8 1 6 10 4 7 2 0 11 3 4 _ 
[00334652] 2 | 8 1 6 10 4 7 _ 0 11 3 4 2 
[00334653] 3 | 8 1 6 10 4 _ 7 0 11 3 4 _ 
[00334654] 2 | 8 1 6 10 4 2 7 0 11 3 4 _ 
[00334655] 2 | 8 1 6 10 4 _ 7 0 11 3 4 2 
[00334656] 3 | 8 1 6 10 4 _ _ 0 11 3 4 7 
[00334657] 4 | 8 1 6 10 4 _ _ 0 11 3 5 9 
[00334658] 3 | 8 1 6 10 4 7 _ 0 11 3 5 9 
[00334659] 2 | 8 1 6 10 4 7 2 0 11 3 5 9 
[00334660] 3 | 8 1 6 10 4 _ 7 0 11 3 5 9 
[00334661] 2 | 8 1 6 10 4 2 7 0 11 3 5 9 
[00334662] 4 | 8 1 6 10 4 _ _ 0 11 3 9 5 
[00334663] 3 | 8 1 6 10 4 7 _ 0 11 3 9 5 
[00334664] 2 | 8 1 6 10 4 7 2 0 11 3 9 5 
[00334665] 3 | 8 1 6 10 4 _ 7 0 11 3 9 5 
[00334666] 2 | 8 1 6 10 4 2 7 0 11 3 9 5 
[00334667] 5 | 8 1 _ 10 4 9 _ 0 11 3 _ _ 
[00334668] 4 | 8 1 5 10 4 9 _ 0 11 3 _ _ 
[00334669] 3 | 8 1 5 10 4 9 7 0 11 3 _ _ 
[00334670] 2 | 8 1 5 10 4 9 7 0 11 3 2 _ 
[00334671] 4 | 8 1 _ 10 4 9 0 0 11 3 _ _ 
[00334672] 3 | 8 1 _ 10 4 9 0 0 11 3 2 5 
[00334673] 3 | 8 1 _ 10 4 9 0 0 11 3 5 2 
