[00084675] 4 | _ 11 3 0 10 4 6 9 8 1 7 2 
[00084676] 6 | _ 11 3 0 10 _ 4 9 8 1 _ _ 
[00084677] 5 | 6 11 3 0 10 _ 4 9 8 1 _ _ 
[00084678] 4 | 6 11 3 0 10 _ 4 9 8 1 5 _ 
[00084679] 3 | 6 11 3 0 10 7 4 9 8 1 5 _ 
[00084680] 3 | 6 11 3 0 10 _ 4 9 8 1 5 2 
[00084681] 5 | _ 11 3 0 10 5 4 9 8 1 _ _ 
[00084682] 4 | 7 11 3 0 10 5 4 9 8 1 _ _ 
[00084683] 3 | 7 11 3 0 10 5 4 9 8 1 6 _ 
[00084684] 4 | _ 11 3 0 10 5 4 9 8 1 2 6 
[00084685] 4 | _ 11 3 0 10 5 4 9 8 1 6 2 
[00084686] 5 | _ 11 3 0 10 _ 4 9 8 1 2 7 
[00084687] 4 | _ 11 3 0 10 6 4 9 8 1 2 7 
[00084688] 5 | _ 11 3 0 10 _ 4 9 8 1 7 2 
[00084689] 4 | _ 11 3 0 10 6 4 9 8 1 7 2 
[00084690] 7 | _ 11 3 0 10 _ _ 9 _ _ 2 _ 
[00084691] 6 | 5 11 3 0 10 _ _ 9 _ _ 2 _ 
[00084692] 5 | 5 11 3 0 10 _ _ 9 4 _ 2 _ 
[00084693] 4 | 5 11 3 0 10 6 _ 9 4 _ 2 _ 
[00084694] 3 | 5 11 3 0 10 6 7 9 4 _ 2 _ 
[00084695] 2 | 5 11 3 0 10 6 7 9 4 2 2 _ 
[00084696] 2 | 5 11 3 0 10 6 7 9 4 _ 2 4 
[00084697] 3 | 5 11 3 0 10 6 _ 9 4 1 2 _ 
[00084698] 2 | 5 11 3 0 10 6 8 9 4 1 2 _ 
[00084699] 3 | 5 11 3 0 10 6 _ 9 4 7 2 _ 
[00084700] 2 | 5 11 3 0 10 6 8 9 4 7 2 _ 
[00084701] 1 | 5 11 3 0 10 6 8 9 4 7 2 1  *Graceful*
[00084701] 4 | 5 11 3 0 10 _ 6 9 4 _ 2 _ 
[00084702] 3 | 5 11 3 0 10 7 6 9 4 _ 2 _ 
[00084703] 2 | 5 11 3 0 10 7 6 9 4 2 2 _ 
[00084704] 2 | 5 11 3 0 10 7 6 9 4 _ 2 4 
[00084705] 3 | 5 11 3 0 10 _ 6 9 4 1 2 _ 
[00084706] 2 | 5 11 3 0 10 8 6 9 4 1 2 _ 
[00084707] 3 | 5 11 3 0 10 _ 6 9 4 7 2 _ 
[00084708] 2 | 5 11 3 0 10 8 6 9 4 7 2 _ 
[00084709] 1 | 5 11 3 0 10 8 6 9 4 7 2 1  *Graceful*
[00084709] 4 | 5 11 3 0 10 _ _ 9 4 8 2 _ 
[00084710] 3 | 5 11 3 0 10 7 _ 9 4 8 2 _ 
[00084711] 3 | 5 11 3 0 10 _ 7 9 4 8 2 _ 
[00084712] 4 | 5 11 3 0 10 _ _ 9 4 _ 2 6 
[00084713] 3 | 5 11 3 0 10 7 _ 9 4 _ 2 6 
[00084714] 2 | 5 11 3 0 10 7 8 9 4 _ 2 6 
[00084715] 3 | 5 11 3 0 10 _ 7 9 4 _ 2 6 
[00084716] 2 | 5 11 3 0 10 8 7 9 4 _ 2 6 
[00084717] 3 | 5 11 3 0 10 _ _ 9 4 1 2 6 
[00084718] 2 | 5 11 3 0 10 8 _ 9 4 1 2 6 
[00084719] 2 | 5 11 3 0 10 _ 8 9 4 1 2 6 
[00084720] 3 | 5 11 3 0 10 _ _ 9 4 7 2 6 
[00084721] 2 | 5 11 3 0 10 8 _ 9 4 7 2 6 
[00084722] 2 | 5 11 3 0 10 _ 8 9 4 7 2 6 
[00084723] 5 | 5 11 3 0 10 _ _ 9 1 6 2 _ 
[00084724] 5 | 5 11 3 0 10 _ _ 9 6 1 2 _ 
[00084725] 5 | 5 11 3 0 10 _ _ 9 _ _ 2 7 
[00084726] 4 | 5 11 3 0 10 6 _ 9 _ _ 2 7 
[00084727] 3 | 5 11 3 0 10 6 _ 9 1 4 2 7 
[00084728] 2 | 5 11 3 0 10 6 8 9 1 4 2 7 
[00084729] 3 | 5 11 3 0 10 6 _ 9 4 1 2 7 
[00084730] 2 | 5 11 3 0 10 6 8 9 4 1 2 7 
[00084731] 4 | 5 11 3 0 10 _ 6 9 _ _ 2 7 
[00084732] 3 | 5 11 3 0 10 _ 6 9 1 4 2 7 
[00084733] 2 | 5 11 3 0 10 8 6 9 1 4 2 7 
[00084734] 3 | 5 11 3 0 10 _ 6 9 4 1 2 7 
[00084735] 2 | 5 11 3 0 10 8 6 9 4 1 2 7 
[00084736] 4 | 5 11 3 0 10 _ _ 9 4 8 2 7 
[00084737] 4 | 5 11 3 0 10 _ _ 9 8 4 2 7 
[00084738] 6 | _ 11 3 0 10 4 _ 9 _ _ 2 _ 
[00084739] 5 | 6 11 3 0 10 4 _ 9 _ _ 2 _ 
[00084740] 4 | 6 11 3 0 10 4 _ 9 5 _ 2 _ 
[00084741] 3 | 6 11 3 0 10 4 7 9 5 _ 2 _ 
[00084742] 3 | 6 11 3 0 10 4 _ 9 5 2 2 _ 
[00084743] 2 | 6 11 3 0 10 4 8 9 5 2 2 _ 
[00084744] 3 | 6 11 3 0 10 4 _ 9 5 8 2 _ 
[00084745] 3 | 6 11 3 0 10 4 _ 9 5 _ 2 5 
[00084746] 2 | 6 11 3 0 10 4 8 9 5 _ 2 5 
[00084747] 4 | 6 11 3 0 10 4 _ 9 1 5 2 _ 
[00084748] 3 | 6 11 3 0 10 4 7 9 1 5 2 _ 
[00084749] 4 | 6 11 3 0 10 4 _ 9 5 1 2 _ 
[00084750] 3 | 6 11 3 0 10 4 7 9 5 1 2 _ 
[00084751] 5 | _ 11 3 0 10 4 5 9 _ _ 2 _ 
[00084752] 4 | 7 11 3 0 10 4 5 9 _ _ 2 _ 
[00084753] 3 | 7 11 3 0 10 4 5 9 6 _ 2 _ 
[00084754] 2 | 7 11 3 0 10 4 5 9 6 8 2 _ 
[00084755] 1 | 7 11 3 0 10 4 5 9 6 8 2 1  *Graceful*
[00084755] 4 | _ 11 3 0 10 4 5 9 _ _ 2 6 
[00084756] 3 | 8 11 3 0 10 4 5 9 _ _ 2 6 
[00084757] 2 | 8 11 3 0 10 4 5 9 7 _ 2 6 
[00084758] 5 | _ 11 3 0 10 4 _ 9 1 6 2 _ 
[00084759] 4 | 7 11 3 0 10 4 _ 9 1 6 2 _ 
[00084760] 3 | 7 11 3 0 10 4 _ 9 1 6 2 5 
[00084761] 2 | 7 11 3 0 10 4 8 9 1 6 2 5 
[00084762] 5 | _ 11 3 0 10 4 _ 9 6 1 2 _ 
[00084763] 4 | 7 11 3 0 10 4 _ 9 6 1 2 _ 
[00084764] 3 | 7 11 3 0 10 4 _ 9 6 1 2 5 
[00084765] 2 | 7 11 3 0 10 4 8 9 6 1 2 5 
[00084766] 5 | _ 11 3 0 10 4 _ 9 _ _ 2 7 
[00084767] 4 | _ 11 3 0 10 4 6 9 _ _ 2 7 
[00084768] 3 | 8 11 3 0 10 4 6 9 _ _ 2 7 
[00084769] 3 | _ 11 3 0 10 4 6 9 5 8 2 7 
[00084770] 3 | _ 11 3 0 10 4 6 9 8 5 2 7 
[00084771] 4 | _ 11 3 0 10 4 _ 9 5 _ 2 7 
[00084772] 3 | 8 11 3 0 10 4 _ 9 5 _ 2 7 
[00084773] 3 | _ 11 3 0 10 4 _ 9 5 8 2 7 
[00084774] 4 | _ 11 3 0 10 4 _ 9 1 5 2 7 
[00084775] 3 | 8 11 3 0 10 4 _ 9 1 5 2 7 
[00084776] 4 | _ 11 3 0 10 4 _ 9 5 1 2 7 
[00084777] 3 | 8 11 3 0 10 4 _ 9 5 1 2 7 
[00084778] 6 | _ 11 3 0 10 _ 4 9 _ _ 2 _ 
[00084779] 5 | 6 11 3 0 10 _ 4 9 _ _ 2 _ 
[00084780] 4 | 6 11 3 0 10 _ 4 9 5 _ 2 _ 
[00084781] 3 | 6 11 3 0 10 7 4 9 5 _ 2 _ 
[00084782] 3 | 6 11 3 0 10 _ 4 9 5 2 2 _ 
[00084783] 2 | 6 11 3 0 10 8 4 9 5 2 2 _ 
[00084784] 3 | 6 11 3 0 10 _ 4 9 5 8 2 _ 
[00084785] 3 | 6 11 3 0 10 _ 4 9 5 _ 2 5 
[00084786] 2 | 6 11 3 0 10 8 4 9 5 _ 2 5 
[00084787] 4 | 6 11 3 0 10 _ 4 9 1 5 2 _ 
[00084788] 3 | 6 11 3 0 10 7 4 9 1 5 2 _ 
[00084789] 4 | 6 11 3 0 10 _ 4 9 5 1 2 _ 
[00084790] 3 | 6 11 3 0 10 7 4 9 5 1 2 _ 
[00084791] 5 | _ 11 3 0 10 5 4 9 _ _ 2 _ 
[00084792] 4 | 7 11 3 0 10 5 4 9 _ _ 2 _ 
[00084793] 3 | 7 11 3 0 10 5 4 9 6 _ 2 _ 
[00084794] 2 | 7 11 3 0 10 5 4 9 6 8 2 _ 
[00084795] 1 | 7 11 3 0 10 5 4 9 6 8 2 1  *Graceful*
[00084795] 4 | _ 11 3 0 10 5 4 9 _ _ 2 6 
[00084796] 3 | 8 11 3 0 10 5 4 9 _ _ 2 6 
[00084797] 2 | 8 11 3 0 10 5 4 9 7 _ 2 6 
[00084798] 5 | _ 11 3 0 10 _ 4 9 1 6 2 _ 
[00084799] 4 | 7 11 3 0 10 _ 4 9 1 6 2 _ 
[00084800] 3 | 7 11 3 0 10 _ 4 9 1 6 2 5 
[00084801] 2 | 7 11 3 0 10 8 4 9 1 6 2 5 
[00084802] 5 | _ 11 3 0 10 _ 4 9 6 1 2 _ 
[00084803] 4 | 7 11 3 0 10 _ 4 9 6 1 2 _ 
[00084804] 3 | 7 11 3 0 10 _ 4 9 6 1 2 5 
[00084805] 2 | 7 11 3 0 10 8 4 9 6 1 2 5 
[00084806] 5 | _ 11 3 0 10 _ 4 9 _ _ 2 7 
[00084807] 4 | _ 11 3 0 10 6 4 9 _ _ 2 7 
[00084808] 3 | 8 11 3 0 10 6 4 9 _ _ 2 7 
[00084809] 3 | _ 11 3 0 10 6 4 9 5 8 2 7 
[00084810] 3 | _ 11 3 0 10 6 4 9 8 5 2 7 
[00084811] 4 | _ 11 3 0 10 _ 4 9 5 _ 2 7 
[00084812] 3 | 8 11 3 0 10 _ 4 9 5 _ 2 7 
[00084813] 3 | _ 11 3 0 10 _ 4 9 5 8 2 7 
[00084814] 4 | _ 11 3 0 10 _ 4 9 1 5 2 7 
[00084815] 3 | 8 11 3 0 10 _ 4 9 1 5 2 7 
[00084816] 4 | _ 11 3 0 10 _ 4 9 5 1 2 7 
[00084817] 3 | 8 11 3 0 10 _ 4 9 5 1 2 7 
[00084818] 6 | _ 11 3 0 10 _ _ 9 1 7 2 _ 
[00084819] 5 | 6 11 3 0 10 _ _ 9 1 7 2 _ 
[00084820] 5 | _ 11 3 0 10 5 _ 9 1 7 2 _ 
[00084821] 4 | _ 11 3 0 10 5 6 9 1 7 2 _ 
[00084822] 3 | 8 11 3 0 10 5 6 9 1 7 2 _ 
[00084823] 2 | 8 11 3 0 10 5 6 9 1 7 2 4 
[00084824] 4 | _ 11 3 0 10 5 _ 9 1 7 2 6 
[00084825] 3 | 8 11 3 0 10 5 _ 9 1 7 2 6 
[00084826] 5 | _ 11 3 0 10 _ 5 9 1 7 2 _ 
[00084827] 4 | _ 11 3 0 10 6 5 9 1 7 2 _ 
[00084828] 3 | 8 11 3 0 10 6 5 9 1 7 2 _ 
[00084829] 2 | 8 11 3 0 10 6 5 9 1 7 2 4 
[00084830] 4 | _ 11 3 0 10 _ 5 9 1 7 2 6 
[00084831] 3 | 8 11 3 0 10 _ 5 9 1 7 2 6 
[00084832] 6 | _ 11 3 0 10 _ _ 9 7 1 2 _ 
[00084833] 5 | 6 11 3 0 10 _ _ 9 7 1 2 _ 
[00084834] 5 | _ 11 3 0 10 5 _ 9 7 1 2 _ 
[00084835] 4 | _ 11 3 0 10 5 6 9 7 1 2 _ 
[00084836] 3 | 8 11 3 0 10 5 6 9 7 1 2 _ 
[00084837] 2 | 8 11 3 0 10 5 6 9 7 1 2 4 
[00084838] 4 | _ 11 3 0 10 5 _ 9 7 1 2 6 
[00084839] 3 | 8 11 3 0 10 5 _ 9 7 1 2 6 
[00084840] 5 | _ 11 3 0 10 _ 5 9 7 1 2 _ 
[00084841] 4 | _ 11 3 0 10 6 5 9 7 1 2 _ 
[00084842] 3 | 8 11 3 0 10 6 5 9 7 1 2 _ 
[00084843] 2 | 8 11 3 0 10 6 5 9 7 1 2 4 
[00084844] 4 | _ 11 3 0 10 _ 5 9 7 1 2 6 
[00084845] 3 | 8 11 3 0 10 _ 5 9 7 1 2 6 
[00084846] 6 | _ 11 3 0 10 _ _ 9 _ _ 2 8 
[00084847] 5 | 6 11 3 0 10 _ _ 9 _ _ 2 8 
[00084848] 4 | 6 11 3 0 10 _ _ 9 5 _ 2 8 
[00084849] 3 | 6 11 3 0 10 7 _ 9 5 _ 2 8 
[00084850] 3 | 6 11 3 0 10 _ 7 9 5 _ 2 8 
[00084851] 4 | 6 11 3 0 10 _ _ 9 1 5 2 8 
[00084852] 3 | 6 11 3 0 10 7 _ 9 1 5 2 8 
[00084853] 3 | 6 11 3 0 10 _ 7 9 1 5 2 8 
[00084854] 4 | 6 11 3 0 10 _ _ 9 5 1 2 8 
[00084855] 3 | 6 11 3 0 10 7 _ 9 5 1 2 8 
[00084856] 3 | 6 11 3 0 10 _ 7 9 5 1 2 8 
[00084857] 5 | _ 11 3 0 10 5 _ 9 _ _ 2 8 
[00084858] 4 | 7 11 3 0 10 5 _ 9 _ _ 2 8 
[00084859] 3 | 7 11 3 0 10 5 _ 9 6 _ 2 8 
[00084860] 2 | 7 11 3 0 10 5 _ 9 6 4 2 8 
[00084861] 3 | 7 11 3 0 10 5 _ 9 1 4 2 8 
[00084862] 3 | 7 11 3 0 10 5 _ 9 4 1 2 8 
[00084863] 4 | _ 11 3 0 10 5 6 9 _ _ 2 8 
[00084864] 3 | _ 11 3 0 10 5 6 9 1 4 2 8 
[00084865] 3 | _ 11 3 0 10 5 6 9 4 7 2 8 
[00084866] 3 | _ 11 3 0 10 5 6 9 4 1 2 8 
[00084867] 3 | _ 11 3 0 10 5 6 9 7 4 2 8 
[00084868] 5 | _ 11 3 0 10 _ 5 9 _ _ 2 8 
[00084869] 4 | 7 11 3 0 10 _ 5 9 _ _ 2 8 
[00084870] 3 | 7 11 3 0 10 _ 5 9 6 _ 2 8 
[00084871] 2 | 7 11 3 0 10 _ 5 9 6 4 2 8 
[00084872] 3 | 7 11 3 0 10 _ 5 9 1 4 2 8 
[00084873] 3 | 7 11 3 0 10 _ 5 9 4 1 2 8 
[00084874] 4 | _ 11 3 0 10 6 5 9 _ _ 2 8 
[00084875] 3 | _ 11 3 0 10 6 5 9 1 4 2 8 
[00084876] 3 | _ 11 3 0 10 6 5 9 4 7 2 8 
[00084877] 3 | _ 11 3 0 10 6 5 9 4 1 2 8 
[00084878] 3 | _ 11 3 0 10 6 5 9 7 4 2 8 
[00084879] 5 | _ 11 3 0 10 _ _ 9 4 _ 2 8 
[00084880] 4 | 7 11 3 0 10 _ _ 9 4 _ 2 8 
[00084881] 3 | 7 11 3 0 10 _ _ 9 4 1 2 8 
[00084882] 4 | _ 11 3 0 10 6 _ 9 4 _ 2 8 
[00084883] 3 | _ 11 3 0 10 6 7 9 4 _ 2 8 
[00084884] 3 | _ 11 3 0 10 6 _ 9 4 1 2 8 
[00084885] 3 | _ 11 3 0 10 6 _ 9 4 7 2 8 
[00084886] 4 | _ 11 3 0 10 _ 6 9 4 _ 2 8 
[00084887] 3 | _ 11 3 0 10 7 6 9 4 _ 2 8 
[00084888] 3 | _ 11 3 0 10 _ 6 9 4 1 2 8 
[00084889] 3 | _ 11 3 0 10 _ 6 9 4 7 2 8 
[00084890] 5 | _ 11 3 0 10 _ _ 9 1 6 2 8 
[00084891] 4 | 7 11 3 0 10 _ _ 9 1 6 2 8 
[00084892] 5 | _ 11 3 0 10 _ _ 9 6 1 2 8 
[00084893] 4 | 7 11 3 0 10 _ _ 9 6 1 2 8 
[00084894] 7 | _ 11 3 0 10 _ _ 9 _ _ 1 8 
[00084895] 6 | 5 11 3 0 10 _ _ 9 _ _ 1 8 
[00084896] 5 | 5 11 3 0 10 _ _ 9 4 _ 1 8 
[00084897] 4 | 5 11 3 0 10 6 _ 9 4 _ 1 8 
[00084898] 3 | 5 11 3 0 10 6 7 9 4 _ 1 8 
[00084899] 2 | 5 11 3 0 10 6 7 9 4 2 1 8 
[00084900] 3 | 5 11 3 0 10 6 _ 9 4 7 1 8 
[00084901] 4 | 5 11 3 0 10 _ 6 9 4 _ 1 8 
[00084902] 3 | 5 11 3 0 10 7 6 9 4 _ 1 8 
[00084903] 2 | 5 11 3 0 10 7 6 9 4 2 1 8 
[00084904] 3 | 5 11 3 0 10 _ 6 9 4 7 1 8 
[00084905] 5 | 5 11 3 0 10 _ _ 9 2 7 1 8 
[00084906] 4 | 5 11 3 0 10 6 _ 9 2 7 1 8 
[00084907] 4 | 5 11 3 0 10 _ 6 9 2 7 1 8 
[00084908] 5 | 5 11 3 0 10 _ _ 9 7 2 1 8 
[00084909] 4 | 5 11 3 0 10 6 _ 9 7 2 1 8 
[00084910] 4 | 5 11 3 0 10 _ 6 9 7 2 1 8 
[00084911] 6 | _ 11 3 0 10 4 _ 9 _ _ 1 8 
[00084912] 5 | 6 11 3 0 10 4 _ 9 _ _ 1 8 
[00084913] 4 | 6 11 3 0 10 4 _ 9 5 _ 1 8 
[00084914] 3 | 6 11 3 0 10 4 7 9 5 _ 1 8 
[00084915] 3 | 6 11 3 0 10 4 _ 9 5 2 1 8 
[00084916] 5 | _ 11 3 0 10 4 5 9 _ _ 1 8 
[00084917] 4 | 7 11 3 0 10 4 5 9 _ _ 1 8 
[00084918] 3 | 7 11 3 0 10 4 5 9 6 _ 1 8 
[00084919] 4 | _ 11 3 0 10 4 5 9 2 6 1 8 
[00084920] 4 | _ 11 3 0 10 4 5 9 6 2 1 8 
[00084921] 5 | _ 11 3 0 10 4 _ 9 2 7 1 8 
[00084922] 4 | _ 11 3 0 10 4 6 9 2 7 1 8 
[00084923] 5 | _ 11 3 0 10 4 _ 9 7 2 1 8 
[00084924] 4 | _ 11 3 0 10 4 6 9 7 2 1 8 
[00084925] 6 | _ 11 3 0 10 _ 4 9 _ _ 1 8 
[00084926] 5 | 6 11 3 0 10 _ 4 9 _ _ 1 8 
[00084927] 4 | 6 11 3 0 10 _ 4 9 5 _ 1 8 
[00084928] 3 | 6 11 3 0 10 7 4 9 5 _ 1 8 
[00084929] 3 | 6 11 3 0 10 _ 4 9 5 2 1 8 
[00084930] 5 | _ 11 3 0 10 5 4 9 _ _ 1 8 
[00084931] 4 | 7 11 3 0 10 5 4 9 _ _ 1 8 
[00084932] 3 | 7 11 3 0 10 5 4 9 6 _ 1 8 
[00084933] 4 | _ 11 3 0 10 5 4 9 2 6 1 8 
[00084934] 4 | _ 11 3 0 10 5 4 9 6 2 1 8 
[00084935] 5 | _ 11 3 0 10 _ 4 9 2 7 1 8 
[00084936] 4 | _ 11 3 0 10 6 4 9 2 7 1 8 
[00084937] 5 | _ 11 3 0 10 _ 4 9 7 2 1 8 
[00084938] 4 | _ 11 3 0 10 6 4 9 7 2 1 8 
[00084939] 7 | _ 11 3 0 10 _ _ 9 _ _ 8 1 
[00084940] 6 | 5 11 3 0 10 _ _ 9 _ _ 8 1 
[00084941] 5 | 5 11 3 0 10 _ _ 9 4 _ 8 1 
[00084942] 4 | 5 11 3 0 10 6 _ 9 4 _ 8 1 
[00084943] 3 | 5 11 3 0 10 6 7 9 4 _ 8 1 
[00084944] 2 | 5 11 3 0 10 6 7 9 4 2 8 1 
[00084945] 1 | 5 11 3 0 10 6 7 9 4 2 8 1  *Graceful*
[00084945] 3 | 5 11 3 0 10 6 _ 9 4 7 8 1 
[00084946] 4 | 5 11 3 0 10 _ 6 9 4 _ 8 1 
[00084947] 3 | 5 11 3 0 10 7 6 9 4 _ 8 1 
[00084948] 2 | 5 11 3 0 10 7 6 9 4 2 8 1 
[00084949] 1 | 5 11 3 0 10 7 6 9 4 2 8 1  *Graceful*
[00084949] 3 | 5 11 3 0 10 _ 6 9 4 7 8 1 
[00084950] 5 | 5 11 3 0 10 _ _ 9 2 7 8 1 
[00084951] 4 | 5 11 3 0 10 6 _ 9 2 7 8 1 
[00084952] 4 | 5 11 3 0 10 _ 6 9 2 7 8 1 
[00084953] 5 | 5 11 3 0 10 _ _ 9 7 2 8 1 
[00084954] 4 | 5 11 3 0 10 6 _ 9 7 2 8 1 
[00084955] 4 | 5 11 3 0 10 _ 6 9 7 2 8 1 
[00084956] 6 | _ 11 3 0 10 4 _ 9 _ _ 8 1 
[00084957] 5 | 6 11 3 0 10 4 _ 9 _ _ 8 1 
[00084958] 4 | 6 11 3 0 10 4 _ 9 5 _ 8 1 
[00084959] 3 | 6 11 3 0 10 4 7 9 5 _ 8 1 
[00084960] 3 | 6 11 3 0 10 4 _ 9 5 2 8 1 
[00084961] 5 | _ 11 3 0 10 4 5 9 _ _ 8 1 
[00084962] 4 | 7 11 3 0 10 4 5 9 _ _ 8 1 
[00084963] 3 | 7 11 3 0 10 4 5 9 6 _ 8 1 
[00084964] 4 | _ 11 3 0 10 4 5 9 2 6 8 1 
[00084965] 4 | _ 11 3 0 10 4 5 9 6 2 8 1 
[00084966] 5 | _ 11 3 0 10 4 _ 9 2 7 8 1 
[00084967] 4 | _ 11 3 0 10 4 6 9 2 7 8 1 
[00084968] 5 | _ 11 3 0 10 4 _ 9 7 2 8 1 
[00084969] 4 | _ 11 3 0 10 4 6 9 7 2 8 1 
[00084970] 6 | _ 11 3 0 10 _ 4 9 _ _ 8 1 
[00084971] 5 | 6 11 3 0 10 _ 4 9 _ _ 8 1 
[00084972] 4 | 6 11 3 0 10 _ 4 9 5 _ 8 1 
[00084973] 3 | 6 11 3 0 10 7 4 9 5 _ 8 1 
[00084974] 3 | 6 11 3 0 10 _ 4 9 5 2 8 1 
[00084975] 5 | _ 11 3 0 10 5 4 9 _ _ 8 1 
[00084976] 4 | 7 11 3 0 10 5 4 9 _ _ 8 1 
[00084977] 3 | 7 11 3 0 10 5 4 9 6 _ 8 1 
[00084978] 4 | _ 11 3 0 10 5 4 9 2 6 8 1 
[00084979] 4 | _ 11 3 0 10 5 4 9 6 2 8 1 
[00084980] 5 | _ 11 3 0 10 _ 4 9 2 7 8 1 
[00084981] 4 | _ 11 3 0 10 6 4 9 2 7 8 1 
[00084982] 5 | _ 11 3 0 10 _ 4 9 7 2 8 1 
[00084983] 4 | _ 11 3 0 10 6 4 9 7 2 8 1 
[00084984] 8 | _ 11 _ 0 10 2 _ 9 _ _ _ _ 
[00084985] 7 | 4 11 _ 0 10 2 _ 9 _ _ _ _ 
[00084986] 6 | 4 11 5 0 10 2 _ 9 _ _ _ _ 
[00084987] 5 | 4 11 5 0 10 2 _ 9 1 6 _ _ 
[00084988] 4 | 4 11 5 0 10 2 _ 9 1 6 3 7 
[00084989] 4 | 4 11 5 0 10 2 _ 9 1 6 7 3 
[00084990] 5 | 4 11 5 0 10 2 _ 9 3 8 _ _ 
[00084991] 4 | 4 11 5 0 10 2 6 9 3 8 _ _ 
[00084992] 5 | 4 11 5 0 10 2 _ 9 6 1 _ _ 
[00084993] 4 | 4 11 5 0 10 2 _ 9 6 1 3 7 
[00084994] 4 | 4 11 5 0 10 2 _ 9 6 1 7 3 
[00084995] 5 | 4 11 5 0 10 2 _ 9 8 3 _ _ 
[00084996] 4 | 4 11 5 0 10 2 6 9 8 3 _ _ 
[00084997] 5 | 4 11 5 0 10 2 _ 9 _ _ 1 6 
[00084998] 4 | 4 11 5 0 10 2 _ 9 3 7 1 6 
[00084999] 4 | 4 11 5 0 10 2 _ 9 7 3 1 6 
[00085000] 5 | 4 11 5 0 10 2 _ 9 _ _ 3 8 
[00085001] 4 | 4 11 5 0 10 2 6 9 _ _ 3 8 
[00085002] 5 | 4 11 5 0 10 2 _ 9 _ _ 6 1 
[00085003] 4 | 4 11 5 0 10 2 _ 9 3 7 6 1 
[00085004] 4 | 4 11 5 0 10 2 _ 9 7 3 6 1 
[00085005] 5 | 4 11 5 0 10 2 _ 9 _ _ 8 3 
[00085006] 4 | 4 11 5 0 10 2 6 9 _ _ 8 3 
[00085007] 6 | 4 11 _ 0 10 2 _ 9 3 _ _ _ 
[00085008] 5 | 4 11 6 0 10 2 _ 9 3 _ _ _ 
[00085009] 4 | 4 11 6 0 10 2 _ 9 3 7 _ _ 
[00085010] 3 | 4 11 6 0 10 2 _ 9 3 7 5 8 
[00085011] 3 | 4 11 6 0 10 2 _ 9 3 7 8 5 
[00085012] 4 | 4 11 6 0 10 2 _ 9 3 _ 5 _ 
[00085013] 3 | 4 11 6 0 10 2 7 9 3 _ 5 _ 
[00085014] 2 | 4 11 6 0 10 2 7 9 3 1 5 _ 
[00085015] 2 | 4 11 6 0 10 2 7 9 3 5 5 _ 
[00085016] 2 | 4 11 6 0 10 2 7 9 3 _ 5 3 
[00085017] 3 | 4 11 6 0 10 2 _ 9 3 _ 5 8 
[00085018] 2 | 4 11 6 0 10 2 _ 9 3 1 5 8 
[00085019] 4 | 4 11 6 0 10 2 _ 9 3 _ 1 5 
[00085020] 3 | 4 11 6 0 10 2 7 9 3 _ 1 5 
[00085021] 4 | 4 11 6 0 10 2 _ 9 3 _ 5 1 
[00085022] 3 | 4 11 6 0 10 2 7 9 3 _ 5 1 
[00085023] 5 | 4 11 _ 0 10 2 5 9 3 _ _ _ 
[00085024] 4 | 4 11 7 0 10 2 5 9 3 _ _ _ 
[00085025] 3 | 4 11 7 0 10 2 5 9 3 6 _ _ 
[00085026] 3 | 4 11 7 0 10 2 5 9 3 _ 6 _ 
[00085027] 2 | 4 11 7 0 10 2 5 9 3 1 6 _ 
[00085028] 2 | 4 11 7 0 10 2 5 9 3 _ 6 8 
[00085029] 4 | 4 11 _ 0 10 2 5 9 3 7 _ _ 
[00085030] 3 | 4 11 8 0 10 2 5 9 3 7 _ _ 
[00085031] 3 | 4 11 _ 0 10 2 5 9 3 7 6 _ 
[00085032] 2 | 4 11 _ 0 10 2 5 9 3 7 6 8 
[00085033] 5 | 4 11 _ 0 10 2 _ 9 3 8 _ _ 
[00085034] 4 | 4 11 7 0 10 2 _ 9 3 8 _ _ 
[00085035] 3 | 4 11 7 0 10 2 _ 9 3 8 6 _ 
[00085036] 4 | 4 11 _ 0 10 2 6 9 3 8 _ _ 
[00085037] 4 | 4 11 _ 0 10 2 _ 9 3 8 5 _ 
[00085038] 3 | 4 11 _ 0 10 2 7 9 3 8 5 _ 
[00085039] 4 | 4 11 _ 0 10 2 _ 9 3 8 1 5 
[00085040] 3 | 4 11 _ 0 10 2 7 9 3 8 1 5 
[00085041] 4 | 4 11 _ 0 10 2 _ 9 3 8 5 1 
[00085042] 3 | 4 11 _ 0 10 2 7 9 3 8 5 1 
[00085043] 5 | 4 11 _ 0 10 2 _ 9 3 _ 1 6 
[00085044] 4 | 4 11 7 0 10 2 _ 9 3 _ 1 6 
[00085045] 4 | 4 11 _ 0 10 2 _ 9 3 7 1 6 
[00085046] 3 | 4 11 8 0 10 2 _ 9 3 7 1 6 
[00085047] 5 | 4 11 _ 0 10 2 _ 9 3 _ 6 1 
[00085048] 4 | 4 11 7 0 10 2 _ 9 3 _ 6 1 
[00085049] 4 | 4 11 _ 0 10 2 _ 9 3 7 6 1 
[00085050] 3 | 4 11 8 0 10 2 _ 9 3 7 6 1 
[00085051] 6 | 4 11 _ 0 10 2 _ 9 1 7 _ _ 
[00085052] 5 | 4 11 6 0 10 2 _ 9 1 7 _ _ 
[00085053] 4 | 4 11 6 0 10 2 _ 9 1 7 5 _ 
[00085054] 3 | 4 11 6 0 10 2 _ 9 1 7 5 8 
[00085055] 5 | 4 11 _ 0 10 2 5 9 1 7 _ _ 
[00085056] 5 | 4 11 _ 0 10 2 _ 9 1 7 3 8 
[00085057] 4 | 4 11 _ 0 10 2 6 9 1 7 3 8 
[00085058] 5 | 4 11 _ 0 10 2 _ 9 1 7 8 3 
[00085059] 4 | 4 11 _ 0 10 2 6 9 1 7 8 3 
[00085060] 6 | 4 11 _ 0 10 2 _ 9 7 1 _ _ 
[00085061] 5 | 4 11 6 0 10 2 _ 9 7 1 _ _ 
[00085062] 4 | 4 11 6 0 10 2 _ 9 7 1 5 _ 
[00085063] 3 | 4 11 6 0 10 2 _ 9 7 1 5 8 
[00085064] 5 | 4 11 _ 0 10 2 5 9 7 1 _ _ 
[00085065] 5 | 4 11 _ 0 10 2 _ 9 7 1 3 8 
[00085066] 4 | 4 11 _ 0 10 2 6 9 7 1 3 8 
[00085067] 5 | 4 11 _ 0 10 2 _ 9 7 1 8 3 
[00085068] 4 | 4 11 _ 0 10 2 6 9 7 1 8 3 
[00085069] 6 | 4 11 _ 0 10 2 _ 9 _ _ 3 _ 
[00085070] 5 | 4 11 6 0 10 2 _ 9 _ _ 3 _ 
[00085071] 4 | 4 11 6 0 10 2 _ 9 5 _ 3 _ 
[00085072] 3 | 4 11 6 0 10 2 7 9 5 _ 3 _ 
[00085073] 2 | 4 11 6 0 10 2 7 9 5 3 3 _ 
[00085074] 2 | 4 11 6 0 10 2 7 9 5 _ 3 1 
[00085075] 2 | 4 11 6 0 10 2 7 9 5 _ 3 5 
[00085076] 3 | 4 11 6 0 10 2 _ 9 5 8 3 _ 
[00085077] 2 | 4 11 6 0 10 2 _ 9 5 8 3 1 
[00085078] 4 | 4 11 6 0 10 2 _ 9 1 5 3 _ 
[00085079] 3 | 4 11 6 0 10 2 7 9 1 5 3 _ 
[00085080] 4 | 4 11 6 0 10 2 _ 9 5 1 3 _ 
[00085081] 3 | 4 11 6 0 10 2 7 9 5 1 3 _ 
[00085082] 4 | 4 11 6 0 10 2 _ 9 _ _ 3 7 
[00085083] 3 | 4 11 6 0 10 2 _ 9 5 8 3 7 
[00085084] 3 | 4 11 6 0 10 2 _ 9 8 5 3 7 
[00085085] 5 | 4 11 _ 0 10 2 5 9 _ _ 3 _ 
[00085086] 4 | 4 11 7 0 10 2 5 9 _ _ 3 _ 
[00085087] 3 | 4 11 7 0 10 2 5 9 6 _ 3 _ 
[00085088] 2 | 4 11 7 0 10 2 5 9 6 8 3 _ 
[00085089] 2 | 4 11 7 0 10 2 5 9 6 _ 3 1 
[00085090] 3 | 4 11 7 0 10 2 5 9 _ _ 3 6 
[00085091] 4 | 4 11 _ 0 10 2 5 9 _ _ 3 7 
[00085092] 3 | 4 11 8 0 10 2 5 9 _ _ 3 7 
[00085093] 3 | 4 11 _ 0 10 2 5 9 6 _ 3 7 
[00085094] 2 | 4 11 _ 0 10 2 5 9 6 8 3 7 
[00085095] 5 | 4 11 _ 0 10 2 _ 9 1 6 3 _ 
[00085096] 4 | 4 11 7 0 10 2 _ 9 1 6 3 _ 
[00085097] 4 | 4 11 _ 0 10 2 _ 9 1 6 3 7 
[00085098] 3 | 4 11 8 0 10 2 _ 9 1 6 3 7 
[00085099] 5 | 4 11 _ 0 10 2 _ 9 6 1 3 _ 
[00085100] 4 | 4 11 7 0 10 2 _ 9 6 1 3 _ 
[00085101] 4 | 4 11 _ 0 10 2 _ 9 6 1 3 7 
[00085102] 3 | 4 11 8 0 10 2 _ 9 6 1 3 7 
[00085103] 5 | 4 11 _ 0 10 2 _ 9 _ _ 3 8 
[00085104] 4 | 4 11 7 0 10 2 _ 9 _ _ 3 8 
[00085105] 3 | 4 11 7 0 10 2 _ 9 6 _ 3 8 
[00085106] 4 | 4 11 _ 0 10 2 6 9 _ _ 3 8 
[00085107] 4 | 4 11 _ 0 10 2 _ 9 5 _ 3 8 
[00085108] 3 | 4 11 _ 0 10 2 7 9 5 _ 3 8 
[00085109] 4 | 4 11 _ 0 10 2 _ 9 1 5 3 8 
[00085110] 3 | 4 11 _ 0 10 2 7 9 1 5 3 8 
[00085111] 4 | 4 11 _ 0 10 2 _ 9 5 1 3 8 
[00085112] 3 | 4 11 _ 0 10 2 7 9 5 1 3 8 
[00085113] 6 | 4 11 _ 0 10 2 _ 9 _ _ 1 7 
[00085114] 5 | 4 11 6 0 10 2 _ 9 _ _ 1 7 
[00085115] 4 | 4 11 6 0 10 2 _ 9 5 _ 1 7 
[00085116] 3 | 4 11 6 0 10 2 _ 9 5 8 1 7 
[00085117] 5 | 4 11 _ 0 10 2 5 9 _ _ 1 7 
[00085118] 5 | 4 11 _ 0 10 2 _ 9 3 8 1 7 
[00085119] 4 | 4 11 _ 0 10 2 6 9 3 8 1 7 
[00085120] 5 | 4 11 _ 0 10 2 _ 9 8 3 1 7 
[00085121] 4 | 4 11 _ 0 10 2 6 9 8 3 1 7 
[00085122] 6 | 4 11 _ 0 10 2 _ 9 _ _ 7 1 
[00085123] 5 | 4 11 6 0 10 2 _ 9 _ _ 7 1 
[00085124] 4 | 4 11 6 0 10 2 _ 9 5 _ 7 1 
[00085125] 3 | 4 11 6 0 10 2 _ 9 5 8 7 1 
[00085126] 5 | 4 11 _ 0 10 2 5 9 _ _ 7 1 
[00085127] 5 | 4 11 _ 0 10 2 _ 9 3 8 7 1 
[00085128] 4 | 4 11 _ 0 10 2 6 9 3 8 7 1 
[00085129] 5 | 4 11 _ 0 10 2 _ 9 8 3 7 1 
[00085130] 4 | 4 11 _ 0 10 2 6 9 8 3 7 1 
[00085131] 7 | _ 11 4 0 10 2 _ 9 _ _ _ _ 
[00085132] 6 | 5 11 4 0 10 2 _ 9 _ _ _ _ 
[00085133] 5 | 5 11 4 0 10 2 _ 9 1 6 _ _ 
[00085134] 4 | 5 11 4 0 10 2 _ 9 1 6 3 7 
[00085135] 4 | 5 11 4 0 10 2 _ 9 1 6 7 3 
[00085136] 5 | 5 11 4 0 10 2 _ 9 3 8 _ _ 
[00085137] 4 | 5 11 4 0 10 2 6 9 3 8 _ _ 
[00085138] 5 | 5 11 4 0 10 2 _ 9 6 1 _ _ 
[00085139] 4 | 5 11 4 0 10 2 _ 9 6 1 3 7 
[00085140] 4 | 5 11 4 0 10 2 _ 9 6 1 7 3 
[00085141] 5 | 5 11 4 0 10 2 _ 9 8 3 _ _ 
[00085142] 4 | 5 11 4 0 10 2 6 9 8 3 _ _ 
[00085143] 5 | 5 11 4 0 10 2 _ 9 _ _ 1 6 
[00085144] 4 | 5 11 4 0 10 2 _ 9 3 7 1 6 
[00085145] 4 | 5 11 4 0 10 2 _ 9 7 3 1 6 
[00085146] 5 | 5 11 4 0 10 2 _ 9 _ _ 3 8 
[00085147] 4 | 5 11 4 0 10 2 6 9 _ _ 3 8 
[00085148] 5 | 5 11 4 0 10 2 _ 9 _ _ 6 1 
[00085149] 4 | 5 11 4 0 10 2 _ 9 3 7 6 1 
[00085150] 4 | 5 11 4 0 10 2 _ 9 7 3 6 1 
[00085151] 5 | 5 11 4 0 10 2 _ 9 _ _ 8 3 
[00085152] 4 | 5 11 4 0 10 2 6 9 _ _ 8 3 
[00085153] 6 | _ 11 4 0 10 2 _ 9 3 _ _ _ 
[00085154] 5 | 6 11 4 0 10 2 _ 9 3 _ _ _ 
[00085155] 4 | 6 11 4 0 10 2 _ 9 3 7 _ _ 
[00085156] 3 | 6 11 4 0 10 2 _ 9 3 7 5 8 
[00085157] 3 | 6 11 4 0 10 2 _ 9 3 7 8 5 
[00085158] 4 | 6 11 4 0 10 2 _ 9 3 _ 5 _ 
[00085159] 3 | 6 11 4 0 10 2 7 9 3 _ 5 _ 
[00085160] 2 | 6 11 4 0 10 2 7 9 3 1 5 _ 
[00085161] 2 | 6 11 4 0 10 2 7 9 3 5 5 _ 
[00085162] 2 | 6 11 4 0 10 2 7 9 3 _ 5 3 
[00085163] 3 | 6 11 4 0 10 2 _ 9 3 _ 5 8 
[00085164] 2 | 6 11 4 0 10 2 _ 9 3 1 5 8 
[00085165] 4 | 6 11 4 0 10 2 _ 9 3 _ 1 5 
[00085166] 3 | 6 11 4 0 10 2 7 9 3 _ 1 5 
[00085167] 4 | 6 11 4 0 10 2 _ 9 3 _ 5 1 
[00085168] 3 | 6 11 4 0 10 2 7 9 3 _ 5 1 
