[00014308] 4 | 9 0 11 10 8 4 1 2 7 _ 8 _ 
[00014309] 4 | 9 0 11 10 8 _ 1 2 7 3 8 _ 
[00014310] 3 | 9 0 11 10 8 5 1 2 7 3 8 _ 
[00014311] 3 | 9 0 11 10 8 _ 1 2 7 3 8 5 
[00014312] 4 | 9 0 11 10 8 _ 1 2 7 _ 8 4 
[00014313] 5 | 9 0 11 10 8 _ 1 2 _ _ 8 3 
[00014314] 4 | 9 0 11 10 8 _ 1 2 6 _ 8 3 
[00014315] 7 | 9 0 11 10 _ _ _ 2 1 8 _ _ 
[00014316] 6 | 9 0 11 10 4 _ _ 2 1 8 _ _ 
[00014317] 5 | 9 0 11 10 4 _ _ 2 1 8 7 _ 
[00014318] 4 | 9 0 11 10 4 _ _ 2 1 8 7 3 
[00014319] 7 | 9 0 11 10 _ _ _ 2 8 1 _ _ 
[00014320] 6 | 9 0 11 10 4 _ _ 2 8 1 _ _ 
[00014321] 5 | 9 0 11 10 4 _ _ 2 8 1 7 _ 
[00014322] 4 | 9 0 11 10 4 _ _ 2 8 1 7 3 
[00014323] 7 | 9 0 11 10 _ _ _ 2 _ _ 1 8 
[00014324] 6 | 9 0 11 10 4 _ _ 2 _ _ 1 8 
[00014325] 5 | 9 0 11 10 4 _ _ 2 7 _ 1 8 
[00014326] 4 | 9 0 11 10 4 _ _ 2 7 3 1 8 
[00014327] 7 | 9 0 11 10 _ _ _ 2 _ _ 8 1 
[00014328] 6 | 9 0 11 10 4 _ _ 2 _ _ 8 1 
[00014329] 5 | 9 0 11 10 4 _ _ 2 7 _ 8 1 
[00014330] 4 | 9 0 11 10 4 _ _ 2 7 3 8 1 
[00014331] 9 | _ 0 11 10 1 _ _ _ _ _ _ _ 
[00014332] 8 | 8 0 11 10 1 _ _ _ _ _ _ _ 
[00014333] 7 | 8 0 11 10 1 _ _ 3 _ _ _ _ 
[00014334] 6 | 8 0 11 10 1 7 _ 3 _ _ _ _ 
[00014335] 5 | 8 0 11 10 1 7 6 3 _ _ _ _ 
[00014336] 4 | 8 0 11 10 1 7 6 3 5 9 _ _ 
[00014337] 4 | 8 0 11 10 1 7 6 3 9 5 _ _ 
[00014338] 4 | 8 0 11 10 1 7 6 3 _ _ 5 9 
[00014339] 4 | 8 0 11 10 1 7 6 3 _ _ 9 5 
[00014340] 5 | 8 0 11 10 1 7 _ 3 4 9 _ _ 
[00014341] 4 | 8 0 11 10 1 7 5 3 4 9 _ _ 
[00014342] 3 | 8 0 11 10 1 7 5 3 4 9 6 _ 
[00014343] 4 | 8 0 11 10 1 7 _ 3 4 9 2 6 
[00014344] 4 | 8 0 11 10 1 7 _ 3 4 9 6 2 
[00014345] 5 | 8 0 11 10 1 7 _ 3 9 4 _ _ 
[00014346] 4 | 8 0 11 10 1 7 5 3 9 4 _ _ 
[00014347] 3 | 8 0 11 10 1 7 5 3 9 4 6 _ 
[00014348] 4 | 8 0 11 10 1 7 _ 3 9 4 2 6 
[00014349] 4 | 8 0 11 10 1 7 _ 3 9 4 6 2 
[00014350] 5 | 8 0 11 10 1 7 _ 3 _ _ 4 9 
[00014351] 4 | 8 0 11 10 1 7 5 3 _ _ 4 9 
[00014352] 3 | 8 0 11 10 1 7 5 3 6 _ 4 9 
[00014353] 4 | 8 0 11 10 1 7 _ 3 2 6 4 9 
[00014354] 4 | 8 0 11 10 1 7 _ 3 6 2 4 9 
[00014355] 5 | 8 0 11 10 1 7 _ 3 _ _ 9 4 
[00014356] 4 | 8 0 11 10 1 7 5 3 _ _ 9 4 
[00014357] 3 | 8 0 11 10 1 7 5 3 6 _ 9 4 
[00014358] 4 | 8 0 11 10 1 7 _ 3 2 6 9 4 
[00014359] 4 | 8 0 11 10 1 7 _ 3 6 2 9 4 
[00014360] 6 | 8 0 11 10 1 _ 7 3 _ _ _ _ 
[00014361] 5 | 8 0 11 10 1 6 7 3 _ _ _ _ 
[00014362] 4 | 8 0 11 10 1 6 7 3 5 9 _ _ 
[00014363] 4 | 8 0 11 10 1 6 7 3 9 5 _ _ 
[00014364] 4 | 8 0 11 10 1 6 7 3 _ _ 5 9 
[00014365] 4 | 8 0 11 10 1 6 7 3 _ _ 9 5 
[00014366] 5 | 8 0 11 10 1 _ 7 3 4 9 _ _ 
[00014367] 4 | 8 0 11 10 1 5 7 3 4 9 _ _ 
[00014368] 3 | 8 0 11 10 1 5 7 3 4 9 6 _ 
[00014369] 4 | 8 0 11 10 1 _ 7 3 4 9 2 6 
[00014370] 4 | 8 0 11 10 1 _ 7 3 4 9 6 2 
[00014371] 5 | 8 0 11 10 1 _ 7 3 9 4 _ _ 
[00014372] 4 | 8 0 11 10 1 5 7 3 9 4 _ _ 
[00014373] 3 | 8 0 11 10 1 5 7 3 9 4 6 _ 
[00014374] 4 | 8 0 11 10 1 _ 7 3 9 4 2 6 
[00014375] 4 | 8 0 11 10 1 _ 7 3 9 4 6 2 
[00014376] 5 | 8 0 11 10 1 _ 7 3 _ _ 4 9 
[00014377] 4 | 8 0 11 10 1 5 7 3 _ _ 4 9 
[00014378] 3 | 8 0 11 10 1 5 7 3 6 _ 4 9 
[00014379] 4 | 8 0 11 10 1 _ 7 3 2 6 4 9 
[00014380] 4 | 8 0 11 10 1 _ 7 3 6 2 4 9 
[00014381] 5 | 8 0 11 10 1 _ 7 3 _ _ 9 4 
[00014382] 4 | 8 0 11 10 1 5 7 3 _ _ 9 4 
[00014383] 3 | 8 0 11 10 1 5 7 3 6 _ 9 4 
[00014384] 4 | 8 0 11 10 1 _ 7 3 2 6 9 4 
[00014385] 4 | 8 0 11 10 1 _ 7 3 6 2 9 4 
[00014386] 6 | 8 0 11 10 1 _ _ 3 9 _ _ _ 
[00014387] 5 | 8 0 11 10 1 6 _ 3 9 _ _ _ 
[00014388] 4 | 8 0 11 10 1 6 5 3 9 _ _ _ 
[00014389] 3 | 8 0 11 10 1 6 5 3 9 _ 4 7 
[00014390] 3 | 8 0 11 10 1 6 5 3 9 _ 7 4 
[00014391] 4 | 8 0 11 10 1 6 _ 3 9 5 _ _ 
[00014392] 3 | 8 0 11 10 1 6 4 3 9 5 _ _ 
[00014393] 3 | 8 0 11 10 1 6 _ 3 9 5 4 7 
[00014394] 3 | 8 0 11 10 1 6 _ 3 9 5 7 4 
[00014395] 4 | 8 0 11 10 1 6 _ 3 9 _ 7 _ 
[00014396] 3 | 8 0 11 10 1 6 4 3 9 _ 7 _ 
[00014397] 2 | 8 0 11 10 1 6 4 3 9 7 7 _ 
[00014398] 2 | 8 0 11 10 1 6 4 3 9 _ 7 5 
[00014399] 2 | 8 0 11 10 1 6 4 3 9 _ 7 9 
[00014400] 3 | 8 0 11 10 1 6 _ 3 9 _ 7 4 
[00014401] 5 | 8 0 11 10 1 _ 6 3 9 _ _ _ 
[00014402] 4 | 8 0 11 10 1 5 6 3 9 _ _ _ 
[00014403] 3 | 8 0 11 10 1 5 6 3 9 _ 4 7 
[00014404] 3 | 8 0 11 10 1 5 6 3 9 _ 7 4 
[00014405] 4 | 8 0 11 10 1 _ 6 3 9 5 _ _ 
[00014406] 3 | 8 0 11 10 1 4 6 3 9 5 _ _ 
[00014407] 3 | 8 0 11 10 1 _ 6 3 9 5 4 7 
[00014408] 3 | 8 0 11 10 1 _ 6 3 9 5 7 4 
[00014409] 4 | 8 0 11 10 1 _ 6 3 9 _ 7 _ 
[00014410] 3 | 8 0 11 10 1 4 6 3 9 _ 7 _ 
[00014411] 2 | 8 0 11 10 1 4 6 3 9 7 7 _ 
[00014412] 2 | 8 0 11 10 1 4 6 3 9 _ 7 5 
[00014413] 2 | 8 0 11 10 1 4 6 3 9 _ 7 9 
[00014414] 3 | 8 0 11 10 1 _ 6 3 9 _ 7 4 
[00014415] 5 | 8 0 11 10 1 _ _ 3 9 4 _ _ 
[00014416] 4 | 8 0 11 10 1 5 _ 3 9 4 _ _ 
[00014417] 3 | 8 0 11 10 1 5 _ 3 9 4 6 _ 
[00014418] 4 | 8 0 11 10 1 _ 5 3 9 4 _ _ 
[00014419] 3 | 8 0 11 10 1 _ 5 3 9 4 6 _ 
[00014420] 4 | 8 0 11 10 1 _ _ 3 9 4 7 _ 
[00014421] 4 | 8 0 11 10 1 _ _ 3 9 4 2 6 
[00014422] 4 | 8 0 11 10 1 _ _ 3 9 4 6 2 
[00014423] 5 | 8 0 11 10 1 _ _ 3 9 _ 2 7 
[00014424] 4 | 8 0 11 10 1 5 _ 3 9 _ 2 7 
[00014425] 3 | 8 0 11 10 1 5 4 3 9 _ 2 7 
[00014426] 3 | 8 0 11 10 1 5 _ 3 9 6 2 7 
[00014427] 4 | 8 0 11 10 1 _ 5 3 9 _ 2 7 
[00014428] 3 | 8 0 11 10 1 4 5 3 9 _ 2 7 
[00014429] 3 | 8 0 11 10 1 _ 5 3 9 6 2 7 
[00014430] 4 | 8 0 11 10 1 _ _ 3 9 5 2 7 
[00014431] 3 | 8 0 11 10 1 4 _ 3 9 5 2 7 
[00014432] 3 | 8 0 11 10 1 _ 4 3 9 5 2 7 
[00014433] 5 | 8 0 11 10 1 _ _ 3 9 _ 7 2 
[00014434] 4 | 8 0 11 10 1 5 _ 3 9 _ 7 2 
[00014435] 3 | 8 0 11 10 1 5 4 3 9 _ 7 2 
[00014436] 3 | 8 0 11 10 1 5 _ 3 9 6 7 2 
[00014437] 4 | 8 0 11 10 1 _ 5 3 9 _ 7 2 
[00014438] 3 | 8 0 11 10 1 4 5 3 9 _ 7 2 
[00014439] 3 | 8 0 11 10 1 _ 5 3 9 6 7 2 
[00014440] 4 | 8 0 11 10 1 _ _ 3 9 5 7 2 
[00014441] 3 | 8 0 11 10 1 4 _ 3 9 5 7 2 
[00014442] 3 | 8 0 11 10 1 _ 4 3 9 5 7 2 
[00014443] 6 | 8 0 11 10 1 _ _ 3 _ _ 9 _ 
[00014444] 5 | 8 0 11 10 1 6 _ 3 _ _ 9 _ 
[00014445] 4 | 8 0 11 10 1 6 5 3 _ _ 9 _ 
[00014446] 3 | 8 0 11 10 1 6 5 3 4 7 9 _ 
[00014447] 3 | 8 0 11 10 1 6 5 3 7 4 9 _ 
[00014448] 4 | 8 0 11 10 1 6 _ 3 7 _ 9 _ 
[00014449] 3 | 8 0 11 10 1 6 4 3 7 _ 9 _ 
[00014450] 2 | 8 0 11 10 1 6 4 3 7 5 9 _ 
[00014451] 2 | 8 0 11 10 1 6 4 3 7 9 9 _ 
[00014452] 2 | 8 0 11 10 1 6 4 3 7 _ 9 7 
[00014453] 3 | 8 0 11 10 1 6 _ 3 7 4 9 _ 
[00014454] 4 | 8 0 11 10 1 6 _ 3 _ _ 9 5 
[00014455] 3 | 8 0 11 10 1 6 4 3 _ _ 9 5 
[00014456] 3 | 8 0 11 10 1 6 _ 3 4 7 9 5 
[00014457] 3 | 8 0 11 10 1 6 _ 3 7 4 9 5 
[00014458] 5 | 8 0 11 10 1 _ 6 3 _ _ 9 _ 
[00014459] 4 | 8 0 11 10 1 5 6 3 _ _ 9 _ 
[00014460] 3 | 8 0 11 10 1 5 6 3 4 7 9 _ 
[00014461] 3 | 8 0 11 10 1 5 6 3 7 4 9 _ 
[00014462] 4 | 8 0 11 10 1 _ 6 3 7 _ 9 _ 
[00014463] 3 | 8 0 11 10 1 4 6 3 7 _ 9 _ 
[00014464] 2 | 8 0 11 10 1 4 6 3 7 5 9 _ 
[00014465] 2 | 8 0 11 10 1 4 6 3 7 9 9 _ 
[00014466] 2 | 8 0 11 10 1 4 6 3 7 _ 9 7 
[00014467] 3 | 8 0 11 10 1 _ 6 3 7 4 9 _ 
[00014468] 4 | 8 0 11 10 1 _ 6 3 _ _ 9 5 
[00014469] 3 | 8 0 11 10 1 4 6 3 _ _ 9 5 
[00014470] 3 | 8 0 11 10 1 _ 6 3 4 7 9 5 
[00014471] 3 | 8 0 11 10 1 _ 6 3 7 4 9 5 
[00014472] 5 | 8 0 11 10 1 _ _ 3 2 7 9 _ 
[00014473] 4 | 8 0 11 10 1 5 _ 3 2 7 9 _ 
[00014474] 3 | 8 0 11 10 1 5 4 3 2 7 9 _ 
[00014475] 3 | 8 0 11 10 1 5 _ 3 2 7 9 6 
[00014476] 4 | 8 0 11 10 1 _ 5 3 2 7 9 _ 
[00014477] 3 | 8 0 11 10 1 4 5 3 2 7 9 _ 
[00014478] 3 | 8 0 11 10 1 _ 5 3 2 7 9 6 
[00014479] 4 | 8 0 11 10 1 _ _ 3 2 7 9 5 
[00014480] 3 | 8 0 11 10 1 4 _ 3 2 7 9 5 
[00014481] 3 | 8 0 11 10 1 _ 4 3 2 7 9 5 
[00014482] 5 | 8 0 11 10 1 _ _ 3 7 2 9 _ 
[00014483] 4 | 8 0 11 10 1 5 _ 3 7 2 9 _ 
[00014484] 3 | 8 0 11 10 1 5 4 3 7 2 9 _ 
[00014485] 3 | 8 0 11 10 1 5 _ 3 7 2 9 6 
[00014486] 4 | 8 0 11 10 1 _ 5 3 7 2 9 _ 
[00014487] 3 | 8 0 11 10 1 4 5 3 7 2 9 _ 
[00014488] 3 | 8 0 11 10 1 _ 5 3 7 2 9 6 
[00014489] 4 | 8 0 11 10 1 _ _ 3 7 2 9 5 
[00014490] 3 | 8 0 11 10 1 4 _ 3 7 2 9 5 
[00014491] 3 | 8 0 11 10 1 _ 4 3 7 2 9 5 
[00014492] 5 | 8 0 11 10 1 _ _ 3 _ _ 9 4 
[00014493] 4 | 8 0 11 10 1 5 _ 3 _ _ 9 4 
[00014494] 3 | 8 0 11 10 1 5 _ 3 6 _ 9 4 
[00014495] 4 | 8 0 11 10 1 _ 5 3 _ _ 9 4 
[00014496] 3 | 8 0 11 10 1 _ 5 3 6 _ 9 4 
[00014497] 4 | 8 0 11 10 1 _ _ 3 7 _ 9 4 
[00014498] 4 | 8 0 11 10 1 _ _ 3 2 6 9 4 
[00014499] 4 | 8 0 11 10 1 _ _ 3 6 2 9 4 
[00014500] 7 | 8 0 11 10 1 _ _ 2 9 _ _ _ 
[00014501] 6 | 8 0 11 10 1 7 _ 2 9 _ _ _ 
[00014502] 5 | 8 0 11 10 1 7 6 2 9 _ _ _ 
[00014503] 4 | 8 0 11 10 1 7 6 2 9 5 _ _ 
[00014504] 5 | 8 0 11 10 1 7 _ 2 9 4 _ _ 
[00014505] 4 | 8 0 11 10 1 7 5 2 9 4 _ _ 
[00014506] 3 | 8 0 11 10 1 7 5 2 9 4 3 6 
[00014507] 3 | 8 0 11 10 1 7 5 2 9 4 6 3 
[00014508] 4 | 8 0 11 10 1 7 _ 2 9 4 6 _ 
[00014509] 3 | 8 0 11 10 1 7 _ 2 9 4 6 3 
[00014510] 6 | 8 0 11 10 1 _ 7 2 9 _ _ _ 
[00014511] 5 | 8 0 11 10 1 6 7 2 9 _ _ _ 
[00014512] 4 | 8 0 11 10 1 6 7 2 9 5 _ _ 
[00014513] 5 | 8 0 11 10 1 _ 7 2 9 4 _ _ 
[00014514] 4 | 8 0 11 10 1 5 7 2 9 4 _ _ 
[00014515] 3 | 8 0 11 10 1 5 7 2 9 4 3 6 
[00014516] 3 | 8 0 11 10 1 5 7 2 9 4 6 3 
[00014517] 4 | 8 0 11 10 1 _ 7 2 9 4 6 _ 
[00014518] 3 | 8 0 11 10 1 _ 7 2 9 4 6 3 
[00014519] 6 | 8 0 11 10 1 _ _ 2 9 3 _ _ 
[00014520] 5 | 8 0 11 10 1 6 _ 2 9 3 _ _ 
[00014521] 4 | 8 0 11 10 1 6 5 2 9 3 _ _ 
[00014522] 3 | 8 0 11 10 1 6 5 2 9 3 4 7 
[00014523] 3 | 8 0 11 10 1 6 5 2 9 3 7 4 
[00014524] 5 | 8 0 11 10 1 _ 6 2 9 3 _ _ 
[00014525] 4 | 8 0 11 10 1 5 6 2 9 3 _ _ 
[00014526] 3 | 8 0 11 10 1 5 6 2 9 3 4 7 
[00014527] 3 | 8 0 11 10 1 5 6 2 9 3 7 4 
[00014528] 5 | 8 0 11 10 1 _ _ 2 9 3 7 _ 
[00014529] 4 | 8 0 11 10 1 5 _ 2 9 3 7 _ 
[00014530] 3 | 8 0 11 10 1 5 4 2 9 3 7 _ 
[00014531] 3 | 8 0 11 10 1 5 _ 2 9 3 7 4 
[00014532] 4 | 8 0 11 10 1 _ 5 2 9 3 7 _ 
[00014533] 3 | 8 0 11 10 1 4 5 2 9 3 7 _ 
[00014534] 3 | 8 0 11 10 1 _ 5 2 9 3 7 4 
[00014535] 7 | 8 0 11 10 1 _ _ 9 2 _ _ _ 
[00014536] 6 | 8 0 11 10 1 7 _ 9 2 _ _ _ 
[00014537] 5 | 8 0 11 10 1 7 6 9 2 _ _ _ 
[00014538] 4 | 8 0 11 10 1 7 6 9 2 _ 5 _ 
[00014539] 3 | 8 0 11 10 1 7 6 9 2 5 5 _ 
[00014540] 3 | 8 0 11 10 1 7 6 9 2 _ 5 2 
[00014541] 5 | 8 0 11 10 1 7 _ 9 2 _ 4 _ 
[00014542] 4 | 8 0 11 10 1 7 5 9 2 _ 4 _ 
[00014543] 4 | 8 0 11 10 1 7 _ 9 2 6 4 _ 
[00014544] 3 | 8 0 11 10 1 7 4 9 2 6 4 _ 
[00014545] 3 | 8 0 11 10 1 7 _ 9 2 6 4 1 
[00014546] 6 | 8 0 11 10 1 _ 7 9 2 _ _ _ 
[00014547] 5 | 8 0 11 10 1 6 7 9 2 _ _ _ 
[00014548] 4 | 8 0 11 10 1 6 7 9 2 _ 5 _ 
[00014549] 3 | 8 0 11 10 1 6 7 9 2 5 5 _ 
[00014550] 3 | 8 0 11 10 1 6 7 9 2 _ 5 2 
[00014551] 5 | 8 0 11 10 1 _ 7 9 2 _ 4 _ 
[00014552] 4 | 8 0 11 10 1 5 7 9 2 _ 4 _ 
[00014553] 4 | 8 0 11 10 1 _ 7 9 2 6 4 _ 
[00014554] 3 | 8 0 11 10 1 4 7 9 2 6 4 _ 
[00014555] 3 | 8 0 11 10 1 _ 7 9 2 6 4 1 
[00014556] 6 | 8 0 11 10 1 _ _ 9 2 _ 3 _ 
[00014557] 5 | 8 0 11 10 1 6 _ 9 2 _ 3 _ 
[00014558] 4 | 8 0 11 10 1 6 5 9 2 _ 3 _ 
[00014559] 4 | 8 0 11 10 1 6 _ 9 2 _ 3 7 
[00014560] 3 | 8 0 11 10 1 6 4 9 2 _ 3 7 
[00014561] 3 | 8 0 11 10 1 6 _ 9 2 5 3 7 
[00014562] 5 | 8 0 11 10 1 _ 6 9 2 _ 3 _ 
[00014563] 4 | 8 0 11 10 1 5 6 9 2 _ 3 _ 
[00014564] 4 | 8 0 11 10 1 _ 6 9 2 _ 3 7 
[00014565] 3 | 8 0 11 10 1 4 6 9 2 _ 3 7 
[00014566] 3 | 8 0 11 10 1 _ 6 9 2 5 3 7 
[00014567] 5 | 8 0 11 10 1 _ _ 9 2 7 3 _ 
[00014568] 4 | 8 0 11 10 1 5 _ 9 2 7 3 _ 
[00014569] 3 | 8 0 11 10 1 5 4 9 2 7 3 _ 
[00014570] 3 | 8 0 11 10 1 5 _ 9 2 7 3 6 
[00014571] 4 | 8 0 11 10 1 _ 5 9 2 7 3 _ 
[00014572] 3 | 8 0 11 10 1 4 5 9 2 7 3 _ 
[00014573] 3 | 8 0 11 10 1 _ 5 9 2 7 3 6 
[00014574] 7 | 8 0 11 10 1 _ _ _ 2 9 _ _ 
[00014575] 6 | 8 0 11 10 1 7 _ _ 2 9 _ _ 
[00014576] 5 | 8 0 11 10 1 7 6 _ 2 9 _ _ 
[00014577] 5 | 8 0 11 10 1 7 _ 5 2 9 _ _ 
[00014578] 4 | 8 0 11 10 1 7 5 5 2 9 _ _ 
[00014579] 3 | 8 0 11 10 1 7 5 5 2 9 3 6 
[00014580] 3 | 8 0 11 10 1 7 5 5 2 9 6 3 
[00014581] 4 | 8 0 11 10 1 7 _ 5 2 9 1 _ 
[00014582] 3 | 8 0 11 10 1 7 4 5 2 9 1 _ 
[00014583] 3 | 8 0 11 10 1 7 _ 5 2 9 1 4 
[00014584] 6 | 8 0 11 10 1 _ 7 _ 2 9 _ _ 
[00014585] 5 | 8 0 11 10 1 6 7 _ 2 9 _ _ 
[00014586] 5 | 8 0 11 10 1 _ 7 5 2 9 _ _ 
[00014587] 4 | 8 0 11 10 1 5 7 5 2 9 _ _ 
[00014588] 3 | 8 0 11 10 1 5 7 5 2 9 3 6 
[00014589] 3 | 8 0 11 10 1 5 7 5 2 9 6 3 
[00014590] 4 | 8 0 11 10 1 _ 7 5 2 9 1 _ 
[00014591] 3 | 8 0 11 10 1 4 7 5 2 9 1 _ 
[00014592] 3 | 8 0 11 10 1 _ 7 5 2 9 1 4 
[00014593] 6 | 8 0 11 10 1 _ _ 4 2 9 _ _ 
[00014594] 5 | 8 0 11 10 1 6 _ 4 2 9 _ _ 
[00014595] 4 | 8 0 11 10 1 6 5 4 2 9 _ _ 
[00014596] 3 | 8 0 11 10 1 6 5 4 2 9 7 _ 
[00014597] 4 | 8 0 11 10 1 6 _ 4 2 9 3 7 
[00014598] 4 | 8 0 11 10 1 6 _ 4 2 9 7 3 
[00014599] 5 | 8 0 11 10 1 _ 6 4 2 9 _ _ 
[00014600] 4 | 8 0 11 10 1 5 6 4 2 9 _ _ 
[00014601] 3 | 8 0 11 10 1 5 6 4 2 9 7 _ 
[00014602] 4 | 8 0 11 10 1 _ 6 4 2 9 3 7 
[00014603] 4 | 8 0 11 10 1 _ 6 4 2 9 7 3 
[00014604] 7 | 8 0 11 10 1 _ _ _ 9 2 _ _ 
[00014605] 6 | 8 0 11 10 1 7 _ _ 9 2 _ _ 
[00014606] 5 | 8 0 11 10 1 7 6 _ 9 2 _ _ 
[00014607] 4 | 8 0 11 10 1 7 6 5 9 2 _ _ 
[00014608] 5 | 8 0 11 10 1 7 _ 5 9 2 _ _ 
[00014609] 4 | 8 0 11 10 1 7 5 5 9 2 _ _ 
[00014610] 3 | 8 0 11 10 1 7 5 5 9 2 3 6 
[00014611] 3 | 8 0 11 10 1 7 5 5 9 2 6 3 
[00014612] 4 | 8 0 11 10 1 7 _ 5 9 2 1 _ 
[00014613] 3 | 8 0 11 10 1 7 4 5 9 2 1 _ 
[00014614] 3 | 8 0 11 10 1 7 _ 5 9 2 1 4 
[00014615] 5 | 8 0 11 10 1 7 _ 4 9 2 _ _ 
[00014616] 4 | 8 0 11 10 1 7 5 4 9 2 _ _ 
[00014617] 3 | 8 0 11 10 1 7 5 4 9 2 3 6 
[00014618] 3 | 8 0 11 10 1 7 5 4 9 2 6 3 
[00014619] 6 | 8 0 11 10 1 _ 7 _ 9 2 _ _ 
[00014620] 5 | 8 0 11 10 1 6 7 _ 9 2 _ _ 
[00014621] 4 | 8 0 11 10 1 6 7 5 9 2 _ _ 
[00014622] 5 | 8 0 11 10 1 _ 7 5 9 2 _ _ 
[00014623] 4 | 8 0 11 10 1 5 7 5 9 2 _ _ 
[00014624] 3 | 8 0 11 10 1 5 7 5 9 2 3 6 
[00014625] 3 | 8 0 11 10 1 5 7 5 9 2 6 3 
[00014626] 4 | 8 0 11 10 1 _ 7 5 9 2 1 _ 
[00014627] 3 | 8 0 11 10 1 4 7 5 9 2 1 _ 
[00014628] 3 | 8 0 11 10 1 _ 7 5 9 2 1 4 
[00014629] 5 | 8 0 11 10 1 _ 7 4 9 2 _ _ 
[00014630] 4 | 8 0 11 10 1 5 7 4 9 2 _ _ 
[00014631] 3 | 8 0 11 10 1 5 7 4 9 2 3 6 
[00014632] 3 | 8 0 11 10 1 5 7 4 9 2 6 3 
[00014633] 6 | 8 0 11 10 1 _ _ 4 9 2 _ _ 
[00014634] 5 | 8 0 11 10 1 6 _ 4 9 2 _ _ 
[00014635] 4 | 8 0 11 10 1 6 5 4 9 2 _ _ 
[00014636] 3 | 8 0 11 10 1 6 5 4 9 2 7 _ 
[00014637] 4 | 8 0 11 10 1 6 _ 4 9 2 3 7 
[00014638] 4 | 8 0 11 10 1 6 _ 4 9 2 7 3 
[00014639] 5 | 8 0 11 10 1 _ 6 4 9 2 _ _ 
[00014640] 4 | 8 0 11 10 1 5 6 4 9 2 _ _ 
[00014641] 3 | 8 0 11 10 1 5 6 4 9 2 7 _ 
[00014642] 4 | 8 0 11 10 1 _ 6 4 9 2 3 7 
[00014643] 4 | 8 0 11 10 1 _ 6 4 9 2 7 3 
[00014644] 6 | 8 0 11 10 1 _ _ 3 9 2 _ _ 
[00014645] 5 | 8 0 11 10 1 6 _ 3 9 2 _ _ 
[00014646] 4 | 8 0 11 10 1 6 5 3 9 2 _ _ 
[00014647] 3 | 8 0 11 10 1 6 5 3 9 2 4 7 
[00014648] 3 | 8 0 11 10 1 6 5 3 9 2 7 4 
[00014649] 4 | 8 0 11 10 1 6 _ 3 9 2 7 _ 
[00014650] 3 | 8 0 11 10 1 6 4 3 9 2 7 _ 
[00014651] 2 | 8 0 11 10 1 6 4 3 9 2 7 5 
[00014652] 3 | 8 0 11 10 1 6 _ 3 9 2 7 4 
[00014653] 5 | 8 0 11 10 1 _ 6 3 9 2 _ _ 
[00014654] 4 | 8 0 11 10 1 5 6 3 9 2 _ _ 
[00014655] 3 | 8 0 11 10 1 5 6 3 9 2 4 7 
[00014656] 3 | 8 0 11 10 1 5 6 3 9 2 7 4 
[00014657] 4 | 8 0 11 10 1 _ 6 3 9 2 7 _ 
[00014658] 3 | 8 0 11 10 1 4 6 3 9 2 7 _ 
[00014659] 2 | 8 0 11 10 1 4 6 3 9 2 7 5 
[00014660] 3 | 8 0 11 10 1 _ 6 3 9 2 7 4 
[00014661] 7 | 8 0 11 10 1 _ _ 2 _ _ 9 _ 
[00014662] 6 | 8 0 11 10 1 7 _ 2 _ _ 9 _ 
[00014663] 5 | 8 0 11 10 1 7 6 2 _ _ 9 _ 
[00014664] 4 | 8 0 11 10 1 7 6 2 _ _ 9 5 
[00014665] 5 | 8 0 11 10 1 7 _ 2 _ _ 9 4 
[00014666] 4 | 8 0 11 10 1 7 5 2 _ _ 9 4 
[00014667] 3 | 8 0 11 10 1 7 5 2 3 6 9 4 
[00014668] 3 | 8 0 11 10 1 7 5 2 6 3 9 4 
[00014669] 4 | 8 0 11 10 1 7 _ 2 6 _ 9 4 
[00014670] 3 | 8 0 11 10 1 7 _ 2 6 3 9 4 
[00014671] 6 | 8 0 11 10 1 _ 7 2 _ _ 9 _ 
[00014672] 5 | 8 0 11 10 1 6 7 2 _ _ 9 _ 
[00014673] 4 | 8 0 11 10 1 6 7 2 _ _ 9 5 
[00014674] 5 | 8 0 11 10 1 _ 7 2 _ _ 9 4 
[00014675] 4 | 8 0 11 10 1 5 7 2 _ _ 9 4 
[00014676] 3 | 8 0 11 10 1 5 7 2 3 6 9 4 
[00014677] 3 | 8 0 11 10 1 5 7 2 6 3 9 4 
[00014678] 4 | 8 0 11 10 1 _ 7 2 6 _ 9 4 
[00014679] 3 | 8 0 11 10 1 _ 7 2 6 3 9 4 
[00014680] 6 | 8 0 11 10 1 _ _ 2 _ _ 9 3 
[00014681] 5 | 8 0 11 10 1 6 _ 2 _ _ 9 3 
[00014682] 4 | 8 0 11 10 1 6 5 2 _ _ 9 3 
[00014683] 3 | 8 0 11 10 1 6 5 2 4 7 9 3 
[00014684] 3 | 8 0 11 10 1 6 5 2 7 4 9 3 
[00014685] 5 | 8 0 11 10 1 _ 6 2 _ _ 9 3 
[00014686] 4 | 8 0 11 10 1 5 6 2 _ _ 9 3 
[00014687] 3 | 8 0 11 10 1 5 6 2 4 7 9 3 
[00014688] 3 | 8 0 11 10 1 5 6 2 7 4 9 3 
[00014689] 5 | 8 0 11 10 1 _ _ 2 7 _ 9 3 
[00014690] 4 | 8 0 11 10 1 5 _ 2 7 _ 9 3 
[00014691] 3 | 8 0 11 10 1 5 4 2 7 _ 9 3 
[00014692] 3 | 8 0 11 10 1 5 _ 2 7 4 9 3 
[00014693] 4 | 8 0 11 10 1 _ 5 2 7 _ 9 3 
[00014694] 3 | 8 0 11 10 1 4 5 2 7 _ 9 3 
[00014695] 3 | 8 0 11 10 1 _ 5 2 7 4 9 3 
[00014696] 7 | 8 0 11 10 1 _ _ 9 _ _ 2 _ 
[00014697] 6 | 8 0 11 10 1 7 _ 9 _ _ 2 _ 
[00014698] 5 | 8 0 11 10 1 7 6 9 _ _ 2 _ 
[00014699] 4 | 8 0 11 10 1 7 6 9 5 _ 2 _ 
[00014700] 3 | 8 0 11 10 1 7 6 9 5 2 2 _ 
[00014701] 3 | 8 0 11 10 1 7 6 9 5 _ 2 5 
[00014702] 5 | 8 0 11 10 1 7 _ 9 4 _ 2 _ 
[00014703] 4 | 8 0 11 10 1 7 5 9 4 _ 2 _ 
[00014704] 4 | 8 0 11 10 1 7 _ 9 4 _ 2 6 
[00014705] 3 | 8 0 11 10 1 7 4 9 4 _ 2 6 
[00014706] 3 | 8 0 11 10 1 7 _ 9 4 1 2 6 
[00014707] 6 | 8 0 11 10 1 _ 7 9 _ _ 2 _ 
[00014708] 5 | 8 0 11 10 1 6 7 9 _ _ 2 _ 
[00014709] 4 | 8 0 11 10 1 6 7 9 5 _ 2 _ 
[00014710] 3 | 8 0 11 10 1 6 7 9 5 2 2 _ 
[00014711] 3 | 8 0 11 10 1 6 7 9 5 _ 2 5 
[00014712] 5 | 8 0 11 10 1 _ 7 9 4 _ 2 _ 
[00014713] 4 | 8 0 11 10 1 5 7 9 4 _ 2 _ 
[00014714] 4 | 8 0 11 10 1 _ 7 9 4 _ 2 6 
[00014715] 3 | 8 0 11 10 1 4 7 9 4 _ 2 6 
[00014716] 3 | 8 0 11 10 1 _ 7 9 4 1 2 6 
[00014717] 6 | 8 0 11 10 1 _ _ 9 3 _ 2 _ 
[00014718] 5 | 8 0 11 10 1 6 _ 9 3 _ 2 _ 
[00014719] 4 | 8 0 11 10 1 6 5 9 3 _ 2 _ 
[00014720] 4 | 8 0 11 10 1 6 _ 9 3 7 2 _ 
[00014721] 3 | 8 0 11 10 1 6 4 9 3 7 2 _ 
[00014722] 3 | 8 0 11 10 1 6 _ 9 3 7 2 5 
[00014723] 5 | 8 0 11 10 1 _ 6 9 3 _ 2 _ 
[00014724] 4 | 8 0 11 10 1 5 6 9 3 _ 2 _ 
[00014725] 4 | 8 0 11 10 1 _ 6 9 3 7 2 _ 
[00014726] 3 | 8 0 11 10 1 4 6 9 3 7 2 _ 
[00014727] 3 | 8 0 11 10 1 _ 6 9 3 7 2 5 
[00014728] 5 | 8 0 11 10 1 _ _ 9 3 _ 2 7 
[00014729] 4 | 8 0 11 10 1 5 _ 9 3 _ 2 7 
[00014730] 3 | 8 0 11 10 1 5 4 9 3 _ 2 7 
[00014731] 3 | 8 0 11 10 1 5 _ 9 3 6 2 7 
[00014732] 4 | 8 0 11 10 1 _ 5 9 3 _ 2 7 
[00014733] 3 | 8 0 11 10 1 4 5 9 3 _ 2 7 
[00014734] 3 | 8 0 11 10 1 _ 5 9 3 6 2 7 
[00014735] 7 | 8 0 11 10 1 _ _ _ _ _ 2 9 
[00014736] 6 | 8 0 11 10 1 7 _ _ _ _ 2 9 
[00014737] 5 | 8 0 11 10 1 7 6 _ _ _ 2 9 
[00014738] 5 | 8 0 11 10 1 7 _ 5 _ _ 2 9 
[00014739] 4 | 8 0 11 10 1 7 5 5 _ _ 2 9 
[00014740] 3 | 8 0 11 10 1 7 5 5 3 6 2 9 
[00014741] 3 | 8 0 11 10 1 7 5 5 6 3 2 9 
[00014742] 4 | 8 0 11 10 1 7 _ 5 1 _ 2 9 
[00014743] 3 | 8 0 11 10 1 7 4 5 1 _ 2 9 
[00014744] 3 | 8 0 11 10 1 7 _ 5 1 4 2 9 
[00014745] 6 | 8 0 11 10 1 _ 7 _ _ _ 2 9 
[00014746] 5 | 8 0 11 10 1 6 7 _ _ _ 2 9 
[00014747] 5 | 8 0 11 10 1 _ 7 5 _ _ 2 9 
[00014748] 4 | 8 0 11 10 1 5 7 5 _ _ 2 9 
[00014749] 3 | 8 0 11 10 1 5 7 5 3 6 2 9 
[00014750] 3 | 8 0 11 10 1 5 7 5 6 3 2 9 
[00014751] 4 | 8 0 11 10 1 _ 7 5 1 _ 2 9 
[00014752] 3 | 8 0 11 10 1 4 7 5 1 _ 2 9 
[00014753] 3 | 8 0 11 10 1 _ 7 5 1 4 2 9 
[00014754] 6 | 8 0 11 10 1 _ _ 4 _ _ 2 9 
[00014755] 5 | 8 0 11 10 1 6 _ 4 _ _ 2 9 
[00014756] 4 | 8 0 11 10 1 6 5 4 _ _ 2 9 
[00014757] 3 | 8 0 11 10 1 6 5 4 7 _ 2 9 
[00014758] 4 | 8 0 11 10 1 6 _ 4 3 7 2 9 
[00014759] 4 | 8 0 11 10 1 6 _ 4 7 3 2 9 
[00014760] 5 | 8 0 11 10 1 _ 6 4 _ _ 2 9 
[00014761] 4 | 8 0 11 10 1 5 6 4 _ _ 2 9 
[00014762] 3 | 8 0 11 10 1 5 6 4 7 _ 2 9 
[00014763] 4 | 8 0 11 10 1 _ 6 4 3 7 2 9 
[00014764] 4 | 8 0 11 10 1 _ 6 4 7 3 2 9 
[00014765] 7 | 8 0 11 10 1 _ _ _ _ _ 9 2 
[00014766] 6 | 8 0 11 10 1 7 _ _ _ _ 9 2 
[00014767] 5 | 8 0 11 10 1 7 6 _ _ _ 9 2 
[00014768] 4 | 8 0 11 10 1 7 6 5 _ _ 9 2 
[00014769] 5 | 8 0 11 10 1 7 _ 5 _ _ 9 2 
[00014770] 4 | 8 0 11 10 1 7 5 5 _ _ 9 2 
[00014771] 3 | 8 0 11 10 1 7 5 5 3 6 9 2 
[00014772] 3 | 8 0 11 10 1 7 5 5 6 3 9 2 
[00014773] 4 | 8 0 11 10 1 7 _ 5 1 _ 9 2 
[00014774] 3 | 8 0 11 10 1 7 4 5 1 _ 9 2 
[00014775] 3 | 8 0 11 10 1 7 _ 5 1 4 9 2 
[00014776] 5 | 8 0 11 10 1 7 _ 4 _ _ 9 2 
[00014777] 4 | 8 0 11 10 1 7 5 4 _ _ 9 2 
[00014778] 3 | 8 0 11 10 1 7 5 4 3 6 9 2 
[00014779] 3 | 8 0 11 10 1 7 5 4 6 3 9 2 
[00014780] 6 | 8 0 11 10 1 _ 7 _ _ _ 9 2 
[00014781] 5 | 8 0 11 10 1 6 7 _ _ _ 9 2 
[00014782] 4 | 8 0 11 10 1 6 7 5 _ _ 9 2 
[00014783] 5 | 8 0 11 10 1 _ 7 5 _ _ 9 2 
[00014784] 4 | 8 0 11 10 1 5 7 5 _ _ 9 2 
[00014785] 3 | 8 0 11 10 1 5 7 5 3 6 9 2 
[00014786] 3 | 8 0 11 10 1 5 7 5 6 3 9 2 
[00014787] 4 | 8 0 11 10 1 _ 7 5 1 _ 9 2 
[00014788] 3 | 8 0 11 10 1 4 7 5 1 _ 9 2 
[00014789] 3 | 8 0 11 10 1 _ 7 5 1 4 9 2 
[00014790] 5 | 8 0 11 10 1 _ 7 4 _ _ 9 2 
[00014791] 4 | 8 0 11 10 1 5 7 4 _ _ 9 2 
[00014792] 3 | 8 0 11 10 1 5 7 4 3 6 9 2 
[00014793] 3 | 8 0 11 10 1 5 7 4 6 3 9 2 
[00014794] 6 | 8 0 11 10 1 _ _ 4 _ _ 9 2 
[00014795] 5 | 8 0 11 10 1 6 _ 4 _ _ 9 2 
[00014796] 4 | 8 0 11 10 1 6 5 4 _ _ 9 2 
[00014797] 3 | 8 0 11 10 1 6 5 4 7 _ 9 2 
[00014798] 4 | 8 0 11 10 1 6 _ 4 3 7 9 2 
[00014799] 4 | 8 0 11 10 1 6 _ 4 7 3 9 2 
[00014800] 5 | 8 0 11 10 1 _ 6 4 _ _ 9 2 
[00014801] 4 | 8 0 11 10 1 5 6 4 _ _ 9 2 
[00014802] 3 | 8 0 11 10 1 5 6 4 7 _ 9 2 
[00014803] 4 | 8 0 11 10 1 _ 6 4 3 7 9 2 
[00014804] 4 | 8 0 11 10 1 _ 6 4 7 3 9 2 
[00014805] 6 | 8 0 11 10 1 _ _ 3 _ _ 9 2 
[00014806] 5 | 8 0 11 10 1 6 _ 3 _ _ 9 2 
[00014807] 4 | 8 0 11 10 1 6 5 3 _ _ 9 2 
