[00132335] 4 | 5 9 3 0 11 6 4 10 _ _ 2 _ 
[00132336] 3 | 5 9 3 0 11 6 4 10 7 _ 2 _ 
[00132337] 4 | _ 9 3 0 11 6 4 10 1 5 2 _ 
[00132338] 4 | _ 9 3 0 11 6 4 10 5 1 2 _ 
[00132339] 5 | _ 9 3 0 11 _ 4 10 5 _ 2 _ 
[00132340] 4 | 5 9 3 0 11 _ 4 10 5 _ 2 _ 
[00132341] 3 | 5 9 3 0 11 8 4 10 5 _ 2 _ 
[00132342] 4 | _ 9 3 0 11 7 4 10 5 _ 2 _ 
[00132343] 3 | 6 9 3 0 11 7 4 10 5 _ 2 _ 
[00132344] 3 | _ 9 3 0 11 7 4 10 5 2 2 _ 
[00132345] 3 | _ 9 3 0 11 7 4 10 5 8 2 _ 
[00132346] 3 | _ 9 3 0 11 7 4 10 5 _ 2 5 
[00132347] 4 | _ 9 3 0 11 _ 4 10 5 1 2 _ 
[00132348] 3 | 6 9 3 0 11 _ 4 10 5 1 2 _ 
[00132349] 3 | _ 9 3 0 11 8 4 10 5 1 2 _ 
[00132350] 2 | 7 9 3 0 11 8 4 10 5 1 2 _ 
[00132351] 4 | _ 9 3 0 11 _ 4 10 5 9 2 _ 
[00132352] 3 | _ 9 3 0 11 8 4 10 5 9 2 _ 
[00132353] 4 | _ 9 3 0 11 _ 4 10 5 _ 2 6 
[00132354] 3 | _ 9 3 0 11 8 4 10 5 _ 2 6 
[00132355] 2 | 7 9 3 0 11 8 4 10 5 _ 2 6 
[00132356] 2 | _ 9 3 0 11 8 4 10 5 7 2 6 
[00132357] 3 | _ 9 3 0 11 _ 4 10 5 8 2 6 
[00132358] 2 | 7 9 3 0 11 _ 4 10 5 8 2 6 
[00132359] 2 | 11 9 3 0 11 _ 4 10 5 8 2 6 
[00132360] 2 | _ 9 3 0 11 9 4 10 5 8 2 6 
[00132361] 5 | _ 9 3 0 11 _ 4 10 1 6 2 _ 
[00132362] 4 | 5 9 3 0 11 _ 4 10 1 6 2 _ 
[00132363] 3 | 5 9 3 0 11 8 4 10 1 6 2 _ 
[00132364] 4 | _ 9 3 0 11 7 4 10 1 6 2 _ 
[00132365] 3 | _ 9 3 0 11 7 4 10 1 6 2 5 
[00132366] 5 | _ 9 3 0 11 _ 4 10 6 1 2 _ 
[00132367] 4 | 5 9 3 0 11 _ 4 10 6 1 2 _ 
[00132368] 3 | 5 9 3 0 11 8 4 10 6 1 2 _ 
[00132369] 4 | _ 9 3 0 11 7 4 10 6 1 2 _ 
[00132370] 3 | _ 9 3 0 11 7 4 10 6 1 2 5 
[00132371] 5 | _ 9 3 0 11 _ 4 10 _ _ 2 7 
[00132372] 4 | 5 9 3 0 11 _ 4 10 _ _ 2 7 
[00132373] 3 | 5 9 3 0 11 8 4 10 _ _ 2 7 
[00132374] 4 | _ 9 3 0 11 _ 4 10 6 _ 2 7 
[00132375] 3 | 6 9 3 0 11 _ 4 10 6 _ 2 7 
[00132376] 3 | _ 9 3 0 11 8 4 10 6 _ 2 7 
[00132377] 3 | _ 9 3 0 11 _ 4 10 6 9 2 7 
[00132378] 4 | _ 9 3 0 11 _ 4 10 1 5 2 7 
[00132379] 3 | 6 9 3 0 11 _ 4 10 1 5 2 7 
[00132380] 3 | _ 9 3 0 11 8 4 10 1 5 2 7 
[00132381] 4 | _ 9 3 0 11 _ 4 10 5 1 2 7 
[00132382] 3 | 6 9 3 0 11 _ 4 10 5 1 2 7 
[00132383] 3 | _ 9 3 0 11 8 4 10 5 1 2 7 
[00132384] 6 | _ 9 _ 0 11 5 4 10 _ _ 2 _ 
[00132385] 5 | _ 9 _ 0 11 5 4 10 1 6 2 _ 
[00132386] 5 | _ 9 _ 0 11 5 4 10 3 8 2 _ 
[00132387] 4 | _ 9 _ 0 11 5 4 10 3 8 2 6 
[00132388] 5 | _ 9 _ 0 11 5 4 10 6 1 2 _ 
[00132389] 5 | _ 9 _ 0 11 5 4 10 8 3 2 _ 
[00132390] 4 | _ 9 _ 0 11 5 4 10 8 3 2 6 
[00132391] 5 | _ 9 _ 0 11 5 4 10 _ _ 2 7 
[00132392] 4 | _ 9 _ 0 11 5 4 10 6 _ 2 7 
[00132393] 3 | 6 9 _ 0 11 5 4 10 6 _ 2 7 
[00132394] 3 | _ 9 6 0 11 5 4 10 6 _ 2 7 
[00132395] 3 | _ 9 _ 0 11 5 4 10 6 3 2 7 
[00132396] 3 | _ 9 _ 0 11 5 4 10 6 9 2 7 
[00132397] 6 | _ 9 _ 0 11 _ 4 10 1 7 2 _ 
[00132398] 5 | _ 9 _ 0 11 6 4 10 1 7 2 _ 
[00132399] 4 | 5 9 _ 0 11 6 4 10 1 7 2 _ 
[00132400] 4 | _ 9 5 0 11 6 4 10 1 7 2 _ 
[00132401] 6 | _ 9 _ 0 11 _ 4 10 7 1 2 _ 
[00132402] 5 | _ 9 _ 0 11 6 4 10 7 1 2 _ 
[00132403] 4 | 5 9 _ 0 11 6 4 10 7 1 2 _ 
[00132404] 4 | _ 9 5 0 11 6 4 10 7 1 2 _ 
[00132405] 6 | _ 9 _ 0 11 _ 4 10 _ _ 2 8 
[00132406] 5 | _ 9 _ 0 11 6 4 10 _ _ 2 8 
[00132407] 4 | 5 9 _ 0 11 6 4 10 _ _ 2 8 
[00132408] 3 | 5 9 _ 0 11 6 4 10 7 _ 2 8 
[00132409] 2 | 5 9 7 0 11 6 4 10 7 _ 2 8 
[00132410] 2 | 5 9 _ 0 11 6 4 10 7 9 2 8 
[00132411] 4 | _ 9 5 0 11 6 4 10 _ _ 2 8 
[00132412] 3 | _ 9 5 0 11 6 4 10 7 _ 2 8 
[00132413] 2 | 7 9 5 0 11 6 4 10 7 _ 2 8 
[00132414] 2 | _ 9 5 0 11 6 4 10 7 9 2 8 
[00132415] 4 | _ 9 _ 0 11 6 4 10 1 5 2 8 
[00132416] 4 | _ 9 _ 0 11 6 4 10 3 7 2 8 
[00132417] 4 | _ 9 _ 0 11 6 4 10 5 1 2 8 
[00132418] 4 | _ 9 _ 0 11 6 4 10 7 3 2 8 
[00132419] 5 | _ 9 _ 0 11 _ 4 10 5 _ 2 8 
[00132420] 4 | 5 9 _ 0 11 _ 4 10 5 _ 2 8 
[00132421] 3 | 5 9 6 0 11 _ 4 10 5 _ 2 8 
[00132422] 4 | _ 9 5 0 11 _ 4 10 5 _ 2 8 
[00132423] 3 | 6 9 5 0 11 _ 4 10 5 _ 2 8 
[00132424] 4 | _ 9 _ 0 11 7 4 10 5 _ 2 8 
[00132425] 3 | 6 9 _ 0 11 7 4 10 5 _ 2 8 
[00132426] 2 | 6 9 _ 0 11 7 4 10 5 3 2 8 
[00132427] 3 | _ 9 6 0 11 7 4 10 5 _ 2 8 
[00132428] 2 | _ 9 6 0 11 7 4 10 5 3 2 8 
[00132429] 4 | _ 9 _ 0 11 _ 4 10 5 1 2 8 
[00132430] 3 | 6 9 _ 0 11 _ 4 10 5 1 2 8 
[00132431] 2 | 6 9 7 0 11 _ 4 10 5 1 2 8 
[00132432] 2 | 6 9 11 0 11 _ 4 10 5 1 2 8 
[00132433] 2 | 6 9 _ 0 11 9 4 10 5 1 2 8 
[00132434] 3 | _ 9 6 0 11 _ 4 10 5 1 2 8 
[00132435] 2 | 7 9 6 0 11 _ 4 10 5 1 2 8 
[00132436] 2 | 11 9 6 0 11 _ 4 10 5 1 2 8 
[00132437] 2 | _ 9 6 0 11 9 4 10 5 1 2 8 
[00132438] 4 | _ 9 _ 0 11 _ 4 10 5 9 2 8 
[00132439] 5 | _ 9 _ 0 11 _ 4 10 1 6 2 8 
[00132440] 4 | 5 9 _ 0 11 _ 4 10 1 6 2 8 
[00132441] 4 | _ 9 5 0 11 _ 4 10 1 6 2 8 
[00132442] 4 | _ 9 _ 0 11 7 4 10 1 6 2 8 
[00132443] 5 | _ 9 _ 0 11 _ 4 10 6 1 2 8 
[00132444] 4 | 5 9 _ 0 11 _ 4 10 6 1 2 8 
[00132445] 4 | _ 9 5 0 11 _ 4 10 6 1 2 8 
[00132446] 4 | _ 9 _ 0 11 7 4 10 6 1 2 8 
[00132447] 7 | _ 9 _ 0 11 _ _ 10 3 _ 2 _ 
[00132448] 6 | 3 9 _ 0 11 _ _ 10 3 _ 2 _ 
[00132449] 5 | 3 9 4 0 11 _ _ 10 3 _ 2 _ 
[00132450] 4 | 3 9 4 0 11 7 _ 10 3 _ 2 _ 
[00132451] 3 | 3 9 4 0 11 7 8 10 3 _ 2 _ 
[00132452] 3 | 3 9 4 0 11 7 _ 10 3 _ 2 5 
[00132453] 4 | 3 9 4 0 11 _ 7 10 3 _ 2 _ 
[00132454] 3 | 3 9 4 0 11 8 7 10 3 _ 2 _ 
[00132455] 3 | 3 9 4 0 11 _ 7 10 3 _ 2 5 
[00132456] 4 | 3 9 4 0 11 _ _ 10 3 _ 2 6 
[00132457] 3 | 3 9 4 0 11 8 _ 10 3 _ 2 6 
[00132458] 3 | 3 9 4 0 11 _ 8 10 3 _ 2 6 
[00132459] 5 | 3 9 _ 0 11 6 _ 10 3 _ 2 _ 
[00132460] 4 | 3 9 5 0 11 6 _ 10 3 _ 2 _ 
[00132461] 3 | 3 9 5 0 11 6 8 10 3 _ 2 _ 
[00132462] 2 | 3 9 5 0 11 6 8 10 3 _ 2 4 
[00132463] 4 | 3 9 _ 0 11 6 7 10 3 _ 2 _ 
[00132464] 3 | 3 9 _ 0 11 6 7 10 3 _ 2 5 
[00132465] 5 | 3 9 _ 0 11 _ 6 10 3 _ 2 _ 
[00132466] 4 | 3 9 5 0 11 _ 6 10 3 _ 2 _ 
[00132467] 3 | 3 9 5 0 11 8 6 10 3 _ 2 _ 
[00132468] 2 | 3 9 5 0 11 8 6 10 3 _ 2 4 
[00132469] 4 | 3 9 _ 0 11 7 6 10 3 _ 2 _ 
[00132470] 3 | 3 9 _ 0 11 7 6 10 3 _ 2 5 
[00132471] 5 | 3 9 _ 0 11 _ _ 10 3 _ 2 7 
[00132472] 4 | 3 9 5 0 11 _ _ 10 3 _ 2 7 
[00132473] 3 | 3 9 5 0 11 8 _ 10 3 _ 2 7 
[00132474] 3 | 3 9 5 0 11 _ 8 10 3 _ 2 7 
[00132475] 6 | _ 9 3 0 11 _ _ 10 3 _ 2 _ 
[00132476] 5 | 4 9 3 0 11 _ _ 10 3 _ 2 _ 
[00132477] 4 | 4 9 3 0 11 7 _ 10 3 _ 2 _ 
[00132478] 3 | 4 9 3 0 11 7 8 10 3 _ 2 _ 
[00132479] 3 | 4 9 3 0 11 7 _ 10 3 _ 2 5 
[00132480] 4 | 4 9 3 0 11 _ 7 10 3 _ 2 _ 
[00132481] 3 | 4 9 3 0 11 8 7 10 3 _ 2 _ 
[00132482] 3 | 4 9 3 0 11 _ 7 10 3 _ 2 5 
[00132483] 4 | 4 9 3 0 11 _ _ 10 3 _ 2 6 
[00132484] 3 | 4 9 3 0 11 8 _ 10 3 _ 2 6 
[00132485] 3 | 4 9 3 0 11 _ 8 10 3 _ 2 6 
[00132486] 5 | _ 9 3 0 11 6 _ 10 3 _ 2 _ 
[00132487] 4 | 5 9 3 0 11 6 _ 10 3 _ 2 _ 
[00132488] 3 | 5 9 3 0 11 6 8 10 3 _ 2 _ 
[00132489] 2 | 5 9 3 0 11 6 8 10 3 _ 2 4 
[00132490] 4 | _ 9 3 0 11 6 7 10 3 _ 2 _ 
[00132491] 3 | _ 9 3 0 11 6 7 10 3 _ 2 5 
[00132492] 5 | _ 9 3 0 11 _ 6 10 3 _ 2 _ 
[00132493] 4 | 5 9 3 0 11 _ 6 10 3 _ 2 _ 
[00132494] 3 | 5 9 3 0 11 8 6 10 3 _ 2 _ 
[00132495] 2 | 5 9 3 0 11 8 6 10 3 _ 2 4 
[00132496] 4 | _ 9 3 0 11 7 6 10 3 _ 2 _ 
[00132497] 3 | _ 9 3 0 11 7 6 10 3 _ 2 5 
[00132498] 5 | _ 9 3 0 11 _ _ 10 3 _ 2 7 
[00132499] 4 | 5 9 3 0 11 _ _ 10 3 _ 2 7 
[00132500] 3 | 5 9 3 0 11 8 _ 10 3 _ 2 7 
[00132501] 3 | 5 9 3 0 11 _ 8 10 3 _ 2 7 
[00132502] 6 | _ 9 _ 0 11 5 _ 10 3 _ 2 _ 
[00132503] 5 | 4 9 _ 0 11 5 _ 10 3 _ 2 _ 
[00132504] 4 | 4 9 _ 0 11 5 7 10 3 _ 2 _ 
[00132505] 3 | 4 9 6 0 11 5 7 10 3 _ 2 _ 
[00132506] 2 | 4 9 6 0 11 5 7 10 3 1 2 _ 
[00132507] 3 | 4 9 _ 0 11 5 7 10 3 6 2 _ 
[00132508] 4 | 4 9 _ 0 11 5 _ 10 3 7 2 _ 
[00132509] 3 | 4 9 6 0 11 5 _ 10 3 7 2 _ 
[00132510] 3 | 4 9 _ 0 11 5 8 10 3 7 2 _ 
[00132511] 4 | 4 9 _ 0 11 5 _ 10 3 _ 2 6 
[00132512] 3 | 4 9 _ 0 11 5 8 10 3 _ 2 6 
[00132513] 2 | 4 9 7 0 11 5 8 10 3 _ 2 6 
[00132514] 2 | 4 9 _ 0 11 5 8 10 3 1 2 6 
[00132515] 5 | _ 9 4 0 11 5 _ 10 3 _ 2 _ 
[00132516] 4 | _ 9 4 0 11 5 7 10 3 _ 2 _ 
[00132517] 3 | 6 9 4 0 11 5 7 10 3 _ 2 _ 
[00132518] 2 | 6 9 4 0 11 5 7 10 3 1 2 _ 
[00132519] 3 | _ 9 4 0 11 5 7 10 3 6 2 _ 
[00132520] 4 | _ 9 4 0 11 5 _ 10 3 7 2 _ 
[00132521] 3 | 6 9 4 0 11 5 _ 10 3 7 2 _ 
[00132522] 3 | _ 9 4 0 11 5 8 10 3 7 2 _ 
[00132523] 4 | _ 9 4 0 11 5 _ 10 3 _ 2 6 
[00132524] 3 | _ 9 4 0 11 5 8 10 3 _ 2 6 
[00132525] 2 | 7 9 4 0 11 5 8 10 3 _ 2 6 
[00132526] 2 | _ 9 4 0 11 5 8 10 3 1 2 6 
[00132527] 5 | _ 9 _ 0 11 5 6 10 3 _ 2 _ 
[00132528] 4 | _ 9 _ 0 11 5 6 10 3 7 2 _ 
[00132529] 5 | _ 9 _ 0 11 5 _ 10 3 8 2 _ 
[00132530] 4 | _ 9 _ 0 11 5 7 10 3 8 2 _ 
[00132531] 3 | 6 9 _ 0 11 5 7 10 3 8 2 _ 
[00132532] 2 | 6 9 _ 0 11 5 7 10 3 8 2 4 
[00132533] 3 | _ 9 6 0 11 5 7 10 3 8 2 _ 
[00132534] 2 | _ 9 6 0 11 5 7 10 3 8 2 4 
[00132535] 4 | _ 9 _ 0 11 5 _ 10 3 8 2 6 
[00132536] 5 | _ 9 _ 0 11 5 _ 10 3 _ 2 7 
[00132537] 6 | _ 9 _ 0 11 _ 5 10 3 _ 2 _ 
[00132538] 5 | 4 9 _ 0 11 _ 5 10 3 _ 2 _ 
[00132539] 4 | 4 9 _ 0 11 7 5 10 3 _ 2 _ 
[00132540] 3 | 4 9 6 0 11 7 5 10 3 _ 2 _ 
[00132541] 2 | 4 9 6 0 11 7 5 10 3 1 2 _ 
[00132542] 3 | 4 9 _ 0 11 7 5 10 3 6 2 _ 
[00132543] 4 | 4 9 _ 0 11 _ 5 10 3 7 2 _ 
[00132544] 3 | 4 9 6 0 11 _ 5 10 3 7 2 _ 
[00132545] 3 | 4 9 _ 0 11 8 5 10 3 7 2 _ 
[00132546] 4 | 4 9 _ 0 11 _ 5 10 3 _ 2 6 
[00132547] 3 | 4 9 _ 0 11 8 5 10 3 _ 2 6 
[00132548] 2 | 4 9 7 0 11 8 5 10 3 _ 2 6 
[00132549] 2 | 4 9 _ 0 11 8 5 10 3 1 2 6 
[00132550] 5 | _ 9 4 0 11 _ 5 10 3 _ 2 _ 
[00132551] 4 | _ 9 4 0 11 7 5 10 3 _ 2 _ 
[00132552] 3 | 6 9 4 0 11 7 5 10 3 _ 2 _ 
[00132553] 2 | 6 9 4 0 11 7 5 10 3 1 2 _ 
[00132554] 3 | _ 9 4 0 11 7 5 10 3 6 2 _ 
[00132555] 4 | _ 9 4 0 11 _ 5 10 3 7 2 _ 
[00132556] 3 | 6 9 4 0 11 _ 5 10 3 7 2 _ 
[00132557] 3 | _ 9 4 0 11 8 5 10 3 7 2 _ 
[00132558] 4 | _ 9 4 0 11 _ 5 10 3 _ 2 6 
[00132559] 3 | _ 9 4 0 11 8 5 10 3 _ 2 6 
[00132560] 2 | 7 9 4 0 11 8 5 10 3 _ 2 6 
[00132561] 2 | _ 9 4 0 11 8 5 10 3 1 2 6 
[00132562] 5 | _ 9 _ 0 11 6 5 10 3 _ 2 _ 
[00132563] 4 | _ 9 _ 0 11 6 5 10 3 7 2 _ 
[00132564] 5 | _ 9 _ 0 11 _ 5 10 3 8 2 _ 
[00132565] 4 | _ 9 _ 0 11 7 5 10 3 8 2 _ 
[00132566] 3 | 6 9 _ 0 11 7 5 10 3 8 2 _ 
[00132567] 2 | 6 9 _ 0 11 7 5 10 3 8 2 4 
[00132568] 3 | _ 9 6 0 11 7 5 10 3 8 2 _ 
[00132569] 2 | _ 9 6 0 11 7 5 10 3 8 2 4 
[00132570] 4 | _ 9 _ 0 11 _ 5 10 3 8 2 6 
[00132571] 5 | _ 9 _ 0 11 _ 5 10 3 _ 2 7 
[00132572] 6 | _ 9 _ 0 11 _ _ 10 3 9 2 _ 
[00132573] 5 | _ 9 _ 0 11 6 _ 10 3 9 2 _ 
[00132574] 4 | _ 9 _ 0 11 6 7 10 3 9 2 _ 
[00132575] 3 | _ 9 _ 0 11 6 7 10 3 9 2 5 
[00132576] 5 | _ 9 _ 0 11 _ 6 10 3 9 2 _ 
[00132577] 4 | _ 9 _ 0 11 7 6 10 3 9 2 _ 
[00132578] 3 | _ 9 _ 0 11 7 6 10 3 9 2 5 
[00132579] 5 | _ 9 _ 0 11 _ _ 10 3 9 2 7 
[00132580] 6 | _ 9 _ 0 11 _ _ 10 3 _ 2 8 
[00132581] 5 | 4 9 _ 0 11 _ _ 10 3 _ 2 8 
[00132582] 4 | 4 9 5 0 11 _ _ 10 3 _ 2 8 
[00132583] 3 | 4 9 5 0 11 _ _ 10 3 6 2 8 
[00132584] 4 | 4 9 _ 0 11 7 _ 10 3 _ 2 8 
[00132585] 3 | 4 9 6 0 11 7 _ 10 3 _ 2 8 
[00132586] 2 | 4 9 6 0 11 7 _ 10 3 1 2 8 
[00132587] 2 | 4 9 6 0 11 7 _ 10 3 5 2 8 
[00132588] 3 | 4 9 _ 0 11 7 _ 10 3 6 2 8 
[00132589] 2 | 4 9 11 0 11 7 _ 10 3 6 2 8 
[00132590] 2 | 4 9 _ 0 11 7 9 10 3 6 2 8 
[00132591] 4 | 4 9 _ 0 11 _ 7 10 3 _ 2 8 
[00132592] 3 | 4 9 6 0 11 _ 7 10 3 _ 2 8 
[00132593] 2 | 4 9 6 0 11 _ 7 10 3 1 2 8 
[00132594] 2 | 4 9 6 0 11 _ 7 10 3 5 2 8 
[00132595] 3 | 4 9 _ 0 11 _ 7 10 3 6 2 8 
[00132596] 2 | 4 9 11 0 11 _ 7 10 3 6 2 8 
[00132597] 2 | 4 9 _ 0 11 9 7 10 3 6 2 8 
[00132598] 4 | 4 9 _ 0 11 _ _ 10 3 7 2 8 
[00132599] 3 | 4 9 6 0 11 _ _ 10 3 7 2 8 
[00132600] 5 | _ 9 4 0 11 _ _ 10 3 _ 2 8 
[00132601] 4 | 5 9 4 0 11 _ _ 10 3 _ 2 8 
[00132602] 3 | 5 9 4 0 11 _ _ 10 3 6 2 8 
[00132603] 4 | _ 9 4 0 11 7 _ 10 3 _ 2 8 
[00132604] 3 | 6 9 4 0 11 7 _ 10 3 _ 2 8 
[00132605] 2 | 6 9 4 0 11 7 _ 10 3 1 2 8 
[00132606] 2 | 6 9 4 0 11 7 _ 10 3 5 2 8 
[00132607] 3 | _ 9 4 0 11 7 _ 10 3 6 2 8 
[00132608] 2 | 11 9 4 0 11 7 _ 10 3 6 2 8 
[00132609] 2 | _ 9 4 0 11 7 9 10 3 6 2 8 
[00132610] 4 | _ 9 4 0 11 _ 7 10 3 _ 2 8 
[00132611] 3 | 6 9 4 0 11 _ 7 10 3 _ 2 8 
[00132612] 2 | 6 9 4 0 11 _ 7 10 3 1 2 8 
[00132613] 2 | 6 9 4 0 11 _ 7 10 3 5 2 8 
[00132614] 3 | _ 9 4 0 11 _ 7 10 3 6 2 8 
[00132615] 2 | 11 9 4 0 11 _ 7 10 3 6 2 8 
[00132616] 2 | _ 9 4 0 11 9 7 10 3 6 2 8 
[00132617] 4 | _ 9 4 0 11 _ _ 10 3 7 2 8 
[00132618] 3 | 6 9 4 0 11 _ _ 10 3 7 2 8 
[00132619] 5 | _ 9 _ 0 11 6 _ 10 3 _ 2 8 
[00132620] 4 | 5 9 _ 0 11 6 _ 10 3 _ 2 8 
[00132621] 4 | _ 9 5 0 11 6 _ 10 3 _ 2 8 
[00132622] 4 | _ 9 _ 0 11 6 7 10 3 _ 2 8 
[00132623] 4 | _ 9 _ 0 11 6 _ 10 3 7 2 8 
[00132624] 5 | _ 9 _ 0 11 _ 6 10 3 _ 2 8 
[00132625] 4 | 5 9 _ 0 11 _ 6 10 3 _ 2 8 
[00132626] 4 | _ 9 5 0 11 _ 6 10 3 _ 2 8 
[00132627] 4 | _ 9 _ 0 11 7 6 10 3 _ 2 8 
[00132628] 4 | _ 9 _ 0 11 _ 6 10 3 7 2 8 
[00132629] 7 | _ 9 _ 0 11 _ _ 10 1 8 2 _ 
[00132630] 6 | 3 9 _ 0 11 _ _ 10 1 8 2 _ 
[00132631] 5 | 3 9 4 0 11 _ _ 10 1 8 2 _ 
[00132632] 4 | 3 9 4 0 11 7 _ 10 1 8 2 _ 
[00132633] 3 | 3 9 4 0 11 7 _ 10 1 8 2 5 
[00132634] 4 | 3 9 4 0 11 _ 7 10 1 8 2 _ 
[00132635] 3 | 3 9 4 0 11 _ 7 10 1 8 2 5 
[00132636] 4 | 3 9 4 0 11 _ _ 10 1 8 2 6 
[00132637] 5 | 3 9 _ 0 11 6 _ 10 1 8 2 _ 
[00132638] 4 | 3 9 5 0 11 6 _ 10 1 8 2 _ 
[00132639] 4 | 3 9 _ 0 11 6 7 10 1 8 2 _ 
[00132640] 3 | 3 9 _ 0 11 6 7 10 1 8 2 5 
[00132641] 5 | 3 9 _ 0 11 _ 6 10 1 8 2 _ 
[00132642] 4 | 3 9 5 0 11 _ 6 10 1 8 2 _ 
[00132643] 4 | 3 9 _ 0 11 7 6 10 1 8 2 _ 
[00132644] 3 | 3 9 _ 0 11 7 6 10 1 8 2 5 
[00132645] 5 | 3 9 _ 0 11 _ _ 10 1 8 2 7 
[00132646] 4 | 3 9 5 0 11 _ _ 10 1 8 2 7 
[00132647] 6 | _ 9 3 0 11 _ _ 10 1 8 2 _ 
[00132648] 5 | 4 9 3 0 11 _ _ 10 1 8 2 _ 
[00132649] 4 | 4 9 3 0 11 7 _ 10 1 8 2 _ 
[00132650] 3 | 4 9 3 0 11 7 _ 10 1 8 2 5 
[00132651] 4 | 4 9 3 0 11 _ 7 10 1 8 2 _ 
[00132652] 3 | 4 9 3 0 11 _ 7 10 1 8 2 5 
[00132653] 4 | 4 9 3 0 11 _ _ 10 1 8 2 6 
[00132654] 5 | _ 9 3 0 11 6 _ 10 1 8 2 _ 
[00132655] 4 | 5 9 3 0 11 6 _ 10 1 8 2 _ 
[00132656] 4 | _ 9 3 0 11 6 7 10 1 8 2 _ 
[00132657] 3 | _ 9 3 0 11 6 7 10 1 8 2 5 
[00132658] 5 | _ 9 3 0 11 _ 6 10 1 8 2 _ 
[00132659] 4 | 5 9 3 0 11 _ 6 10 1 8 2 _ 
[00132660] 4 | _ 9 3 0 11 7 6 10 1 8 2 _ 
[00132661] 3 | _ 9 3 0 11 7 6 10 1 8 2 5 
[00132662] 5 | _ 9 3 0 11 _ _ 10 1 8 2 7 
[00132663] 4 | 5 9 3 0 11 _ _ 10 1 8 2 7 
[00132664] 6 | _ 9 _ 0 11 5 _ 10 1 8 2 _ 
[00132665] 5 | 4 9 _ 0 11 5 _ 10 1 8 2 _ 
[00132666] 4 | 4 9 _ 0 11 5 7 10 1 8 2 _ 
[00132667] 3 | 4 9 6 0 11 5 7 10 1 8 2 _ 
[00132668] 4 | 4 9 _ 0 11 5 _ 10 1 8 2 6 
[00132669] 5 | _ 9 4 0 11 5 _ 10 1 8 2 _ 
[00132670] 4 | _ 9 4 0 11 5 7 10 1 8 2 _ 
[00132671] 3 | 6 9 4 0 11 5 7 10 1 8 2 _ 
[00132672] 4 | _ 9 4 0 11 5 _ 10 1 8 2 6 
[00132673] 5 | _ 9 _ 0 11 5 6 10 1 8 2 _ 
[00132674] 5 | _ 9 _ 0 11 5 _ 10 1 8 2 7 
[00132675] 6 | _ 9 _ 0 11 _ 5 10 1 8 2 _ 
[00132676] 5 | 4 9 _ 0 11 _ 5 10 1 8 2 _ 
[00132677] 4 | 4 9 _ 0 11 7 5 10 1 8 2 _ 
[00132678] 3 | 4 9 6 0 11 7 5 10 1 8 2 _ 
[00132679] 4 | 4 9 _ 0 11 _ 5 10 1 8 2 6 
[00132680] 5 | _ 9 4 0 11 _ 5 10 1 8 2 _ 
[00132681] 4 | _ 9 4 0 11 7 5 10 1 8 2 _ 
[00132682] 3 | 6 9 4 0 11 7 5 10 1 8 2 _ 
[00132683] 4 | _ 9 4 0 11 _ 5 10 1 8 2 6 
[00132684] 5 | _ 9 _ 0 11 6 5 10 1 8 2 _ 
[00132685] 5 | _ 9 _ 0 11 _ 5 10 1 8 2 7 
[00132686] 7 | _ 9 _ 0 11 _ _ 10 8 1 2 _ 
[00132687] 6 | 3 9 _ 0 11 _ _ 10 8 1 2 _ 
[00132688] 5 | 3 9 4 0 11 _ _ 10 8 1 2 _ 
[00132689] 4 | 3 9 4 0 11 7 _ 10 8 1 2 _ 
[00132690] 3 | 3 9 4 0 11 7 _ 10 8 1 2 5 
[00132691] 4 | 3 9 4 0 11 _ 7 10 8 1 2 _ 
[00132692] 3 | 3 9 4 0 11 _ 7 10 8 1 2 5 
[00132693] 4 | 3 9 4 0 11 _ _ 10 8 1 2 6 
[00132694] 5 | 3 9 _ 0 11 6 _ 10 8 1 2 _ 
[00132695] 4 | 3 9 5 0 11 6 _ 10 8 1 2 _ 
[00132696] 4 | 3 9 _ 0 11 6 7 10 8 1 2 _ 
[00132697] 3 | 3 9 _ 0 11 6 7 10 8 1 2 5 
[00132698] 5 | 3 9 _ 0 11 _ 6 10 8 1 2 _ 
[00132699] 4 | 3 9 5 0 11 _ 6 10 8 1 2 _ 
[00132700] 4 | 3 9 _ 0 11 7 6 10 8 1 2 _ 
[00132701] 3 | 3 9 _ 0 11 7 6 10 8 1 2 5 
[00132702] 5 | 3 9 _ 0 11 _ _ 10 8 1 2 7 
[00132703] 4 | 3 9 5 0 11 _ _ 10 8 1 2 7 
[00132704] 6 | _ 9 3 0 11 _ _ 10 8 1 2 _ 
[00132705] 5 | 4 9 3 0 11 _ _ 10 8 1 2 _ 
[00132706] 4 | 4 9 3 0 11 7 _ 10 8 1 2 _ 
[00132707] 3 | 4 9 3 0 11 7 _ 10 8 1 2 5 
[00132708] 4 | 4 9 3 0 11 _ 7 10 8 1 2 _ 
[00132709] 3 | 4 9 3 0 11 _ 7 10 8 1 2 5 
[00132710] 4 | 4 9 3 0 11 _ _ 10 8 1 2 6 
[00132711] 5 | _ 9 3 0 11 6 _ 10 8 1 2 _ 
[00132712] 4 | 5 9 3 0 11 6 _ 10 8 1 2 _ 
[00132713] 4 | _ 9 3 0 11 6 7 10 8 1 2 _ 
[00132714] 3 | _ 9 3 0 11 6 7 10 8 1 2 5 
[00132715] 5 | _ 9 3 0 11 _ 6 10 8 1 2 _ 
[00132716] 4 | 5 9 3 0 11 _ 6 10 8 1 2 _ 
[00132717] 4 | _ 9 3 0 11 7 6 10 8 1 2 _ 
[00132718] 3 | _ 9 3 0 11 7 6 10 8 1 2 5 
[00132719] 5 | _ 9 3 0 11 _ _ 10 8 1 2 7 
[00132720] 4 | 5 9 3 0 11 _ _ 10 8 1 2 7 
[00132721] 6 | _ 9 _ 0 11 5 _ 10 8 1 2 _ 
[00132722] 5 | 4 9 _ 0 11 5 _ 10 8 1 2 _ 
[00132723] 4 | 4 9 _ 0 11 5 7 10 8 1 2 _ 
[00132724] 3 | 4 9 6 0 11 5 7 10 8 1 2 _ 
[00132725] 4 | 4 9 _ 0 11 5 _ 10 8 1 2 6 
[00132726] 5 | _ 9 4 0 11 5 _ 10 8 1 2 _ 
[00132727] 4 | _ 9 4 0 11 5 7 10 8 1 2 _ 
[00132728] 3 | 6 9 4 0 11 5 7 10 8 1 2 _ 
[00132729] 4 | _ 9 4 0 11 5 _ 10 8 1 2 6 
[00132730] 5 | _ 9 _ 0 11 5 6 10 8 1 2 _ 
[00132731] 5 | _ 9 _ 0 11 5 _ 10 8 1 2 7 
[00132732] 6 | _ 9 _ 0 11 _ 5 10 8 1 2 _ 
[00132733] 5 | 4 9 _ 0 11 _ 5 10 8 1 2 _ 
[00132734] 4 | 4 9 _ 0 11 7 5 10 8 1 2 _ 
[00132735] 3 | 4 9 6 0 11 7 5 10 8 1 2 _ 
[00132736] 4 | 4 9 _ 0 11 _ 5 10 8 1 2 6 
[00132737] 5 | _ 9 4 0 11 _ 5 10 8 1 2 _ 
[00132738] 4 | _ 9 4 0 11 7 5 10 8 1 2 _ 
[00132739] 3 | 6 9 4 0 11 7 5 10 8 1 2 _ 
[00132740] 4 | _ 9 4 0 11 _ 5 10 8 1 2 6 
[00132741] 5 | _ 9 _ 0 11 6 5 10 8 1 2 _ 
[00132742] 5 | _ 9 _ 0 11 _ 5 10 8 1 2 7 
[00132743] 7 | _ 9 _ 0 11 _ _ 10 _ _ 2 9 
[00132744] 6 | _ 9 _ 0 11 5 _ 10 _ _ 2 9 
[00132745] 5 | _ 9 _ 0 11 5 6 10 _ _ 2 9 
[00132746] 4 | _ 9 _ 0 11 5 6 10 3 7 2 9 
[00132747] 4 | _ 9 _ 0 11 5 6 10 4 8 2 9 
[00132748] 4 | _ 9 _ 0 11 5 6 10 7 3 2 9 
[00132749] 4 | _ 9 _ 0 11 5 6 10 8 4 2 9 
[00132750] 5 | _ 9 _ 0 11 5 _ 10 1 6 2 9 
[00132751] 4 | _ 9 _ 0 11 5 7 10 1 6 2 9 
[00132752] 5 | _ 9 _ 0 11 5 _ 10 3 8 2 9 
[00132753] 4 | _ 9 _ 0 11 5 7 10 3 8 2 9 
[00132754] 5 | _ 9 _ 0 11 5 _ 10 6 1 2 9 
[00132755] 4 | _ 9 _ 0 11 5 7 10 6 1 2 9 
[00132756] 5 | _ 9 _ 0 11 5 _ 10 8 3 2 9 
[00132757] 4 | _ 9 _ 0 11 5 7 10 8 3 2 9 
[00132758] 6 | _ 9 _ 0 11 _ 5 10 _ _ 2 9 
[00132759] 5 | _ 9 _ 0 11 6 5 10 _ _ 2 9 
[00132760] 4 | _ 9 _ 0 11 6 5 10 3 7 2 9 
[00132761] 4 | _ 9 _ 0 11 6 5 10 4 8 2 9 
[00132762] 4 | _ 9 _ 0 11 6 5 10 7 3 2 9 
[00132763] 4 | _ 9 _ 0 11 6 5 10 8 4 2 9 
[00132764] 5 | _ 9 _ 0 11 _ 5 10 1 6 2 9 
[00132765] 4 | _ 9 _ 0 11 7 5 10 1 6 2 9 
[00132766] 5 | _ 9 _ 0 11 _ 5 10 3 8 2 9 
[00132767] 4 | _ 9 _ 0 11 7 5 10 3 8 2 9 
[00132768] 5 | _ 9 _ 0 11 _ 5 10 6 1 2 9 
[00132769] 4 | _ 9 _ 0 11 7 5 10 6 1 2 9 
[00132770] 5 | _ 9 _ 0 11 _ 5 10 8 3 2 9 
[00132771] 4 | _ 9 _ 0 11 7 5 10 8 3 2 9 
[00132772] 6 | _ 9 _ 0 11 _ _ 10 4 _ 2 9 
[00132773] 5 | _ 9 _ 0 11 6 _ 10 4 _ 2 9 
[00132774] 4 | _ 9 _ 0 11 6 7 10 4 _ 2 9 
[00132775] 3 | _ 9 _ 0 11 6 7 10 4 1 2 9 
[00132776] 4 | _ 9 _ 0 11 6 _ 10 4 8 2 9 
[00132777] 5 | _ 9 _ 0 11 _ 6 10 4 _ 2 9 
[00132778] 4 | _ 9 _ 0 11 7 6 10 4 _ 2 9 
[00132779] 3 | _ 9 _ 0 11 7 6 10 4 1 2 9 
[00132780] 4 | _ 9 _ 0 11 _ 6 10 4 8 2 9 
[00132781] 6 | _ 9 _ 0 11 _ _ 10 1 7 2 9 
[00132782] 5 | _ 9 _ 0 11 6 _ 10 1 7 2 9 
[00132783] 5 | _ 9 _ 0 11 _ 6 10 1 7 2 9 
[00132784] 6 | _ 9 _ 0 11 _ _ 10 7 1 2 9 
[00132785] 5 | _ 9 _ 0 11 6 _ 10 7 1 2 9 
[00132786] 5 | _ 9 _ 0 11 _ 6 10 7 1 2 9 
[00132787] 9 | _ _ _ 0 11 2 _ 10 _ _ _ _ 
[00132788] 8 | 1 9 _ 0 11 2 _ 10 _ _ _ _ 
[00132789] 8 | 9 1 _ 0 11 2 _ 10 _ _ _ _ 
[00132790] 7 | 9 1 8 0 11 2 _ 10 _ _ _ _ 
[00132791] 6 | 9 1 8 0 11 2 5 10 _ _ _ _ 
[00132792] 6 | 9 1 8 0 11 2 _ 10 4 _ _ _ 
[00132793] 5 | 9 1 8 0 11 2 6 10 4 _ _ _ 
[00132794] 4 | 9 1 8 0 11 2 6 10 4 _ 3 7 
[00132795] 4 | 9 1 8 0 11 2 6 10 4 _ 7 3 
[00132796] 5 | 9 1 8 0 11 2 _ 10 4 _ 5 _ 
[00132797] 4 | 9 1 8 0 11 2 7 10 4 _ 5 _ 
[00132798] 6 | 9 1 8 0 11 2 _ 10 _ _ 4 _ 
[00132799] 5 | 9 1 8 0 11 2 6 10 _ _ 4 _ 
[00132800] 4 | 9 1 8 0 11 2 6 10 3 7 4 _ 
[00132801] 4 | 9 1 8 0 11 2 6 10 7 3 4 _ 
[00132802] 5 | 9 1 8 0 11 2 _ 10 5 _ 4 _ 
[00132803] 4 | 9 1 8 0 11 2 7 10 5 _ 4 _ 
[00132804] 7 | 9 1 _ 0 11 2 4 10 _ _ _ _ 
[00132805] 6 | 9 1 7 0 11 2 4 10 _ _ _ _ 
[00132806] 5 | 9 1 7 0 11 2 4 10 5 _ _ _ 
[00132807] 4 | 9 1 7 0 11 2 4 10 5 _ 6 _ 
[00132808] 3 | 9 1 7 0 11 2 4 10 5 8 6 _ 
[00132809] 3 | 9 1 7 0 11 2 4 10 5 _ 6 3 
[00132810] 5 | 9 1 7 0 11 2 4 10 3 8 _ _ 
[00132811] 4 | 9 1 7 0 11 2 4 10 3 8 6 _ 
[00132812] 5 | 9 1 7 0 11 2 4 10 8 3 _ _ 
[00132813] 4 | 9 1 7 0 11 2 4 10 8 3 6 _ 
[00132814] 5 | 9 1 7 0 11 2 4 10 _ _ 5 _ 
[00132815] 4 | 9 1 7 0 11 2 4 10 6 _ 5 _ 
[00132816] 3 | 9 1 7 0 11 2 4 10 6 3 5 _ 
[00132817] 3 | 9 1 7 0 11 2 4 10 6 _ 5 8 
[00132818] 5 | 9 1 7 0 11 2 4 10 _ _ 3 8 
[00132819] 4 | 9 1 7 0 11 2 4 10 6 _ 3 8 
[00132820] 5 | 9 1 7 0 11 2 4 10 _ _ 8 3 
[00132821] 4 | 9 1 7 0 11 2 4 10 6 _ 8 3 
[00132822] 7 | 9 1 _ 0 11 2 _ 10 3 _ _ _ 
[00132823] 6 | 9 1 7 0 11 2 _ 10 3 _ _ _ 
[00132824] 5 | 9 1 7 0 11 2 6 10 3 _ _ _ 
[00132825] 4 | 9 1 7 0 11 2 6 10 3 _ 4 8 
[00132826] 4 | 9 1 7 0 11 2 6 10 3 _ 8 4 
[00132827] 5 | 9 1 7 0 11 2 _ 10 3 8 _ _ 
[00132828] 4 | 9 1 7 0 11 2 _ 10 3 8 6 _ 
[00132829] 5 | 9 1 7 0 11 2 _ 10 3 _ 5 _ 
[00132830] 6 | 9 1 _ 0 11 2 5 10 3 _ _ _ 
[00132831] 5 | 9 1 6 0 11 2 5 10 3 _ _ _ 
[00132832] 4 | 9 1 6 0 11 2 5 10 3 7 _ _ 
[00132833] 4 | 9 1 6 0 11 2 5 10 3 _ 4 8 
[00132834] 4 | 9 1 6 0 11 2 5 10 3 _ 8 4 
