[00221069] 5 | 5 10 2 0 1 7 _ 11 2 _ 4 _ 
[00221070] 4 | 5 10 2 0 1 7 _ 11 2 _ 4 8 
[00221071] 5 | _ 10 2 0 1 7 6 11 2 _ 4 _ 
[00221072] 4 | _ 10 2 0 1 7 6 11 2 _ 4 8 
[00221073] 5 | _ 10 2 0 1 7 _ 11 2 _ 4 9 
[00221074] 4 | 6 10 2 0 1 7 _ 11 2 _ 4 9 
[00221075] 4 | _ 10 2 0 1 7 5 11 2 _ 4 9 
[00221076] 6 | _ 10 2 0 3 9 _ 11 2 _ 4 _ 
[00221077] 5 | 5 10 2 0 3 9 _ 11 2 _ 4 _ 
[00221078] 4 | 5 10 2 0 3 9 7 11 2 _ 4 _ 
[00221079] 3 | 5 10 2 0 3 9 7 11 2 _ 4 1 
[00221080] 4 | 5 10 2 0 3 9 _ 11 2 _ 4 8 
[00221081] 3 | 5 10 2 0 3 9 6 11 2 _ 4 8 
[00221082] 5 | _ 10 2 0 3 9 8 11 2 _ 4 _ 
[00221083] 4 | 6 10 2 0 3 9 8 11 2 _ 4 _ 
[00221084] 3 | 6 10 2 0 3 9 8 11 2 _ 4 1 
[00221085] 3 | 6 10 2 0 3 9 8 11 2 _ 4 7 
[00221086] 6 | _ 10 2 0 7 1 _ 11 2 _ 4 _ 
[00221087] 5 | 5 10 2 0 7 1 _ 11 2 _ 4 _ 
[00221088] 4 | 5 10 2 0 7 1 3 11 2 _ 4 _ 
[00221089] 4 | 5 10 2 0 7 1 _ 11 2 _ 4 8 
[00221090] 5 | _ 10 2 0 7 1 _ 11 2 _ 4 9 
[00221091] 4 | 6 10 2 0 7 1 _ 11 2 _ 4 9 
[00221092] 4 | _ 10 2 0 7 1 3 11 2 _ 4 9 
[00221093] 6 | _ 10 2 0 9 3 _ 11 2 _ 4 _ 
[00221094] 5 | 5 10 2 0 9 3 _ 11 2 _ 4 _ 
[00221095] 4 | 5 10 2 0 9 3 _ 11 2 _ 4 8 
[00221096] 3 | 5 10 2 0 9 3 6 11 2 _ 4 8 
[00221097] 5 | _ 10 2 0 9 3 4 11 2 _ 4 _ 
[00221098] 4 | 6 10 2 0 9 3 4 11 2 _ 4 _ 
[00221099] 5 | _ 10 2 0 9 3 _ 11 2 _ 4 9 
[00221100] 4 | 6 10 2 0 9 3 _ 11 2 _ 4 9 
[00221101] 6 | _ 10 2 0 1 _ 7 11 2 _ 4 _ 
[00221102] 5 | 5 10 2 0 1 _ 7 11 2 _ 4 _ 
[00221103] 4 | 5 10 2 0 1 _ 7 11 2 _ 4 8 
[00221104] 5 | _ 10 2 0 1 6 7 11 2 _ 4 _ 
[00221105] 4 | _ 10 2 0 1 6 7 11 2 _ 4 8 
[00221106] 5 | _ 10 2 0 1 _ 7 11 2 _ 4 9 
[00221107] 4 | 6 10 2 0 1 _ 7 11 2 _ 4 9 
[00221108] 4 | _ 10 2 0 1 5 7 11 2 _ 4 9 
[00221109] 6 | _ 10 2 0 3 _ 9 11 2 _ 4 _ 
[00221110] 5 | 5 10 2 0 3 _ 9 11 2 _ 4 _ 
[00221111] 4 | 5 10 2 0 3 7 9 11 2 _ 4 _ 
[00221112] 3 | 5 10 2 0 3 7 9 11 2 _ 4 1 
[00221113] 4 | 5 10 2 0 3 _ 9 11 2 _ 4 8 
[00221114] 3 | 5 10 2 0 3 6 9 11 2 _ 4 8 
[00221115] 5 | _ 10 2 0 3 8 9 11 2 _ 4 _ 
[00221116] 4 | 6 10 2 0 3 8 9 11 2 _ 4 _ 
[00221117] 3 | 6 10 2 0 3 8 9 11 2 _ 4 1 
[00221118] 3 | 6 10 2 0 3 8 9 11 2 _ 4 7 
[00221119] 6 | _ 10 2 0 7 _ 1 11 2 _ 4 _ 
[00221120] 5 | 5 10 2 0 7 _ 1 11 2 _ 4 _ 
[00221121] 4 | 5 10 2 0 7 3 1 11 2 _ 4 _ 
[00221122] 4 | 5 10 2 0 7 _ 1 11 2 _ 4 8 
[00221123] 5 | _ 10 2 0 7 _ 1 11 2 _ 4 9 
[00221124] 4 | 6 10 2 0 7 _ 1 11 2 _ 4 9 
[00221125] 4 | _ 10 2 0 7 3 1 11 2 _ 4 9 
[00221126] 6 | _ 10 2 0 9 _ 3 11 2 _ 4 _ 
[00221127] 5 | 5 10 2 0 9 _ 3 11 2 _ 4 _ 
[00221128] 4 | 5 10 2 0 9 _ 3 11 2 _ 4 8 
[00221129] 3 | 5 10 2 0 9 6 3 11 2 _ 4 8 
[00221130] 5 | _ 10 2 0 9 4 3 11 2 _ 4 _ 
[00221131] 4 | 6 10 2 0 9 4 3 11 2 _ 4 _ 
[00221132] 5 | _ 10 2 0 9 _ 3 11 2 _ 4 9 
[00221133] 4 | 6 10 2 0 9 _ 3 11 2 _ 4 9 
[00221134] 6 | _ 10 2 0 _ _ _ 11 2 _ 4 10 
[00221135] 5 | _ 10 2 0 5 _ _ 11 2 _ 4 10 
[00221136] 4 | _ 10 2 0 5 1 _ 11 2 _ 4 10 
[00221137] 3 | _ 10 2 0 5 1 8 11 2 _ 4 10 
[00221138] 4 | _ 10 2 0 5 9 _ 11 2 _ 4 10 
[00221139] 3 | _ 10 2 0 5 9 8 11 2 _ 4 10 
[00221140] 4 | _ 10 2 0 5 _ 1 11 2 _ 4 10 
[00221141] 3 | _ 10 2 0 5 8 1 11 2 _ 4 10 
[00221142] 4 | _ 10 2 0 5 _ 9 11 2 _ 4 10 
[00221143] 3 | _ 10 2 0 5 8 9 11 2 _ 4 10 
[00221144] 5 | _ 10 2 0 1 6 _ 11 2 _ 4 10 
[00221145] 4 | _ 10 2 0 1 6 5 11 2 _ 4 10 
[00221146] 5 | _ 10 2 0 3 8 _ 11 2 _ 4 10 
[00221147] 4 | _ 10 2 0 3 8 7 11 2 _ 4 10 
[00221148] 5 | _ 10 2 0 6 1 _ 11 2 _ 4 10 
[00221149] 5 | _ 10 2 0 8 3 _ 11 2 _ 4 10 
[00221150] 5 | _ 10 2 0 1 _ 6 11 2 _ 4 10 
[00221151] 4 | _ 10 2 0 1 5 6 11 2 _ 4 10 
[00221152] 5 | _ 10 2 0 3 _ 8 11 2 _ 4 10 
[00221153] 4 | _ 10 2 0 3 7 8 11 2 _ 4 10 
[00221154] 5 | _ 10 2 0 6 _ 1 11 2 _ 4 10 
[00221155] 5 | _ 10 2 0 8 _ 3 11 2 _ 4 10 
[00221156] 7 | _ 10 2 0 _ _ _ 11 2 _ 1 8 
[00221157] 6 | 4 10 2 0 _ _ _ 11 2 _ 1 8 
[00221158] 5 | 4 10 2 0 5 _ _ 11 2 _ 1 8 
[00221159] 4 | 4 10 2 0 5 9 _ 11 2 _ 1 8 
[00221160] 4 | 4 10 2 0 5 _ 9 11 2 _ 1 8 
[00221161] 6 | _ 10 2 0 6 _ _ 11 2 _ 1 8 
[00221162] 5 | 5 10 2 0 6 _ _ 11 2 _ 1 8 
[00221163] 6 | _ 10 2 0 3 9 _ 11 2 _ 1 8 
[00221164] 5 | 5 10 2 0 3 9 _ 11 2 _ 1 8 
[00221165] 4 | 5 10 2 0 3 9 7 11 2 _ 1 8 
[00221166] 6 | _ 10 2 0 9 3 _ 11 2 _ 1 8 
[00221167] 5 | 5 10 2 0 9 3 _ 11 2 _ 1 8 
[00221168] 5 | _ 10 2 0 9 3 4 11 2 _ 1 8 
[00221169] 4 | 6 10 2 0 9 3 4 11 2 _ 1 8 
[00221170] 6 | _ 10 2 0 3 _ 9 11 2 _ 1 8 
[00221171] 5 | 5 10 2 0 3 _ 9 11 2 _ 1 8 
[00221172] 4 | 5 10 2 0 3 7 9 11 2 _ 1 8 
[00221173] 6 | _ 10 2 0 9 _ 3 11 2 _ 1 8 
[00221174] 5 | 5 10 2 0 9 _ 3 11 2 _ 1 8 
[00221175] 5 | _ 10 2 0 9 4 3 11 2 _ 1 8 
[00221176] 4 | 6 10 2 0 9 4 3 11 2 _ 1 8 
[00221177] 7 | _ 10 2 0 _ _ _ 11 2 _ 8 1 
[00221178] 6 | 4 10 2 0 _ _ _ 11 2 _ 8 1 
[00221179] 5 | 4 10 2 0 5 _ _ 11 2 _ 8 1 
[00221180] 4 | 4 10 2 0 5 9 _ 11 2 _ 8 1 
[00221181] 4 | 4 10 2 0 5 _ 9 11 2 _ 8 1 
[00221182] 6 | _ 10 2 0 6 _ _ 11 2 _ 8 1 
[00221183] 5 | 5 10 2 0 6 _ _ 11 2 _ 8 1 
[00221184] 6 | _ 10 2 0 3 9 _ 11 2 _ 8 1 
[00221185] 5 | 5 10 2 0 3 9 _ 11 2 _ 8 1 
[00221186] 4 | 5 10 2 0 3 9 7 11 2 _ 8 1 
[00221187] 6 | _ 10 2 0 9 3 _ 11 2 _ 8 1 
[00221188] 5 | 5 10 2 0 9 3 _ 11 2 _ 8 1 
[00221189] 5 | _ 10 2 0 9 3 4 11 2 _ 8 1 
[00221190] 4 | 6 10 2 0 9 3 4 11 2 _ 8 1 
[00221191] 6 | _ 10 2 0 3 _ 9 11 2 _ 8 1 
[00221192] 5 | 5 10 2 0 3 _ 9 11 2 _ 8 1 
[00221193] 4 | 5 10 2 0 3 7 9 11 2 _ 8 1 
[00221194] 6 | _ 10 2 0 9 _ 3 11 2 _ 8 1 
[00221195] 5 | 5 10 2 0 9 _ 3 11 2 _ 8 1 
[00221196] 5 | _ 10 2 0 9 4 3 11 2 _ 8 1 
[00221197] 4 | 6 10 2 0 9 4 3 11 2 _ 8 1 
[00221198] 8 | _ 10 _ 0 8 _ _ 11 2 _ _ _ 
[00221199] 7 | 3 10 _ 0 8 _ _ 11 2 _ _ _ 
[00221200] 6 | 3 10 4 0 8 _ _ 11 2 _ _ _ 
[00221201] 5 | 3 10 4 0 8 _ _ 11 2 7 _ _ 
[00221202] 4 | 3 10 4 0 8 _ _ 11 2 7 1 5 
[00221203] 4 | 3 10 4 0 8 _ _ 11 2 7 5 9 
[00221204] 4 | 3 10 4 0 8 _ _ 11 2 7 5 1 
[00221205] 4 | 3 10 4 0 8 _ _ 11 2 7 9 5 
[00221206] 5 | 3 10 4 0 8 _ _ 11 2 _ 6 _ 
[00221207] 4 | 3 10 4 0 8 _ _ 11 2 6 6 _ 
[00221208] 3 | 3 10 4 0 8 5 _ 11 2 6 6 _ 
[00221209] 3 | 3 10 4 0 8 _ 5 11 2 6 6 _ 
[00221210] 4 | 3 10 4 0 8 _ _ 11 2 _ 6 2 
[00221211] 3 | 3 10 4 0 8 5 _ 11 2 _ 6 2 
[00221212] 3 | 3 10 4 0 8 _ 5 11 2 _ 6 2 
[00221213] 5 | 3 10 4 0 8 _ _ 11 2 _ 1 6 
[00221214] 5 | 3 10 4 0 8 _ _ 11 2 _ 6 1 
[00221215] 6 | 3 10 _ 0 8 2 _ 11 2 _ _ _ 
[00221216] 5 | 3 10 5 0 8 2 _ 11 2 _ _ _ 
[00221217] 4 | 3 10 5 0 8 2 4 11 2 _ _ _ 
[00221218] 3 | 3 10 5 0 8 2 4 11 2 _ 6 9 
[00221219] 3 | 3 10 5 0 8 2 4 11 2 _ 9 6 
[00221220] 4 | 3 10 5 0 8 2 _ 11 2 _ 7 _ 
[00221221] 3 | 3 10 5 0 8 2 _ 11 2 _ 7 4 
[00221222] 2 | 3 10 5 0 8 2 6 11 2 _ 7 4 
[00221223] 5 | 3 10 _ 0 8 2 _ 11 2 _ 6 _ 
[00221224] 4 | 3 10 6 0 8 2 _ 11 2 _ 6 _ 
[00221225] 3 | 3 10 6 0 8 2 5 11 2 _ 6 _ 
[00221226] 4 | 3 10 _ 0 8 2 4 11 2 _ 6 _ 
[00221227] 3 | 3 10 7 0 8 2 4 11 2 _ 6 _ 
[00221228] 3 | 3 10 _ 0 8 2 4 11 2 _ 6 9 
[00221229] 4 | 3 10 _ 0 8 2 _ 11 2 _ 6 10 
[00221230] 3 | 3 10 _ 0 8 2 5 11 2 _ 6 10 
[00221231] 5 | 3 10 _ 0 8 2 _ 11 2 _ 1 6 
[00221232] 4 | 3 10 _ 0 8 2 4 11 2 _ 1 6 
[00221233] 3 | 3 10 7 0 8 2 4 11 2 _ 1 6 
[00221234] 5 | 3 10 _ 0 8 2 _ 11 2 _ 4 9 
[00221235] 4 | 3 10 6 0 8 2 _ 11 2 _ 4 9 
[00221236] 3 | 3 10 6 0 8 2 5 11 2 _ 4 9 
[00221237] 5 | 3 10 _ 0 8 2 _ 11 2 _ 6 1 
[00221238] 4 | 3 10 _ 0 8 2 4 11 2 _ 6 1 
[00221239] 3 | 3 10 7 0 8 2 4 11 2 _ 6 1 
[00221240] 5 | 3 10 _ 0 8 2 _ 11 2 _ 9 4 
[00221241] 4 | 3 10 6 0 8 2 _ 11 2 _ 9 4 
[00221242] 3 | 3 10 6 0 8 2 5 11 2 _ 9 4 
[00221243] 6 | 3 10 _ 0 8 _ 2 11 2 _ _ _ 
[00221244] 5 | 3 10 5 0 8 _ 2 11 2 _ _ _ 
[00221245] 4 | 3 10 5 0 8 4 2 11 2 _ _ _ 
[00221246] 3 | 3 10 5 0 8 4 2 11 2 _ 6 9 
[00221247] 3 | 3 10 5 0 8 4 2 11 2 _ 9 6 
[00221248] 4 | 3 10 5 0 8 _ 2 11 2 _ 7 _ 
[00221249] 3 | 3 10 5 0 8 _ 2 11 2 _ 7 4 
[00221250] 2 | 3 10 5 0 8 6 2 11 2 _ 7 4 
[00221251] 5 | 3 10 _ 0 8 _ 2 11 2 _ 6 _ 
[00221252] 4 | 3 10 6 0 8 _ 2 11 2 _ 6 _ 
[00221253] 3 | 3 10 6 0 8 5 2 11 2 _ 6 _ 
[00221254] 4 | 3 10 _ 0 8 4 2 11 2 _ 6 _ 
[00221255] 3 | 3 10 7 0 8 4 2 11 2 _ 6 _ 
[00221256] 3 | 3 10 _ 0 8 4 2 11 2 _ 6 9 
[00221257] 4 | 3 10 _ 0 8 _ 2 11 2 _ 6 10 
[00221258] 3 | 3 10 _ 0 8 5 2 11 2 _ 6 10 
[00221259] 5 | 3 10 _ 0 8 _ 2 11 2 _ 1 6 
[00221260] 4 | 3 10 _ 0 8 4 2 11 2 _ 1 6 
[00221261] 3 | 3 10 7 0 8 4 2 11 2 _ 1 6 
[00221262] 5 | 3 10 _ 0 8 _ 2 11 2 _ 4 9 
[00221263] 4 | 3 10 6 0 8 _ 2 11 2 _ 4 9 
[00221264] 3 | 3 10 6 0 8 5 2 11 2 _ 4 9 
[00221265] 5 | 3 10 _ 0 8 _ 2 11 2 _ 6 1 
[00221266] 4 | 3 10 _ 0 8 4 2 11 2 _ 6 1 
[00221267] 3 | 3 10 7 0 8 4 2 11 2 _ 6 1 
[00221268] 5 | 3 10 _ 0 8 _ 2 11 2 _ 9 4 
[00221269] 4 | 3 10 6 0 8 _ 2 11 2 _ 9 4 
[00221270] 3 | 3 10 6 0 8 5 2 11 2 _ 9 4 
[00221271] 6 | 3 10 _ 0 8 _ _ 11 2 8 _ _ 
[00221272] 5 | 3 10 5 0 8 _ _ 11 2 8 _ _ 
[00221273] 4 | 3 10 5 0 8 _ _ 11 2 8 7 _ 
[00221274] 3 | 3 10 5 0 8 _ _ 11 2 8 7 4 
[00221275] 5 | 3 10 _ 0 8 _ _ 11 2 8 6 _ 
[00221276] 4 | 3 10 6 0 8 _ _ 11 2 8 6 _ 
[00221277] 4 | 3 10 _ 0 8 _ _ 11 2 8 6 10 
[00221278] 5 | 3 10 _ 0 8 _ _ 11 2 8 1 6 
[00221279] 5 | 3 10 _ 0 8 _ _ 11 2 8 4 9 
[00221280] 4 | 3 10 6 0 8 _ _ 11 2 8 4 9 
[00221281] 5 | 3 10 _ 0 8 _ _ 11 2 8 6 1 
[00221282] 5 | 3 10 _ 0 8 _ _ 11 2 8 9 4 
[00221283] 4 | 3 10 6 0 8 _ _ 11 2 8 9 4 
[00221284] 6 | 3 10 _ 0 8 _ _ 11 2 _ 5 _ 
[00221285] 5 | 3 10 5 0 8 _ _ 11 2 _ 5 _ 
[00221286] 4 | 3 10 5 0 8 4 _ 11 2 _ 5 _ 
[00221287] 4 | 3 10 5 0 8 _ 4 11 2 _ 5 _ 
[00221288] 4 | 3 10 5 0 8 _ _ 11 2 6 5 _ 
[00221289] 5 | 3 10 _ 0 8 _ _ 11 2 7 5 _ 
[00221290] 4 | 3 10 6 0 8 _ _ 11 2 7 5 _ 
[00221291] 3 | 3 10 6 0 8 5 _ 11 2 7 5 _ 
[00221292] 3 | 3 10 6 0 8 _ 5 11 2 7 5 _ 
[00221293] 3 | 3 10 6 0 8 _ _ 11 2 7 5 8 
[00221294] 4 | 3 10 _ 0 8 4 _ 11 2 7 5 _ 
[00221295] 3 | 3 10 _ 0 8 4 5 11 2 7 5 _ 
[00221296] 3 | 3 10 _ 0 8 4 _ 11 2 7 5 8 
[00221297] 4 | 3 10 _ 0 8 _ 4 11 2 7 5 _ 
[00221298] 3 | 3 10 _ 0 8 5 4 11 2 7 5 _ 
[00221299] 3 | 3 10 _ 0 8 _ 4 11 2 7 5 8 
[00221300] 4 | 3 10 _ 0 8 _ _ 11 2 7 5 1 
[00221301] 4 | 3 10 _ 0 8 _ _ 11 2 7 5 9 
[00221302] 5 | 3 10 _ 0 8 _ _ 11 2 _ 5 10 
[00221303] 4 | 3 10 _ 0 8 4 _ 11 2 _ 5 10 
[00221304] 4 | 3 10 _ 0 8 _ 4 11 2 _ 5 10 
[00221305] 4 | 3 10 _ 0 8 _ _ 11 2 6 5 10 
[00221306] 6 | 3 10 _ 0 8 _ _ 11 2 _ 1 7 
[00221307] 5 | 3 10 5 0 8 _ _ 11 2 _ 1 7 
[00221308] 4 | 3 10 5 0 8 4 _ 11 2 _ 1 7 
[00221309] 4 | 3 10 5 0 8 _ 4 11 2 _ 1 7 
[00221310] 4 | 3 10 5 0 8 _ _ 11 2 6 1 7 
[00221311] 6 | 3 10 _ 0 8 _ _ 11 2 _ 7 1 
[00221312] 5 | 3 10 5 0 8 _ _ 11 2 _ 7 1 
[00221313] 4 | 3 10 5 0 8 4 _ 11 2 _ 7 1 
[00221314] 4 | 3 10 5 0 8 _ 4 11 2 _ 7 1 
[00221315] 4 | 3 10 5 0 8 _ _ 11 2 6 7 1 
[00221316] 7 | _ 10 3 0 8 _ _ 11 2 _ _ _ 
[00221317] 6 | 4 10 3 0 8 _ _ 11 2 _ _ _ 
[00221318] 5 | 4 10 3 0 8 _ _ 11 2 7 _ _ 
[00221319] 4 | 4 10 3 0 8 _ _ 11 2 7 1 5 
[00221320] 4 | 4 10 3 0 8 _ _ 11 2 7 5 9 
[00221321] 4 | 4 10 3 0 8 _ _ 11 2 7 5 1 
[00221322] 4 | 4 10 3 0 8 _ _ 11 2 7 9 5 
[00221323] 5 | 4 10 3 0 8 _ _ 11 2 _ 6 _ 
[00221324] 4 | 4 10 3 0 8 _ _ 11 2 6 6 _ 
[00221325] 3 | 4 10 3 0 8 5 _ 11 2 6 6 _ 
[00221326] 3 | 4 10 3 0 8 _ 5 11 2 6 6 _ 
[00221327] 4 | 4 10 3 0 8 _ _ 11 2 _ 6 2 
[00221328] 3 | 4 10 3 0 8 5 _ 11 2 _ 6 2 
[00221329] 3 | 4 10 3 0 8 _ 5 11 2 _ 6 2 
[00221330] 5 | 4 10 3 0 8 _ _ 11 2 _ 1 6 
[00221331] 5 | 4 10 3 0 8 _ _ 11 2 _ 6 1 
[00221332] 6 | _ 10 3 0 8 2 _ 11 2 _ _ _ 
[00221333] 5 | 5 10 3 0 8 2 _ 11 2 _ _ _ 
[00221334] 4 | 5 10 3 0 8 2 4 11 2 _ _ _ 
[00221335] 3 | 5 10 3 0 8 2 4 11 2 _ 6 9 
[00221336] 3 | 5 10 3 0 8 2 4 11 2 _ 9 6 
[00221337] 4 | 5 10 3 0 8 2 _ 11 2 _ 7 _ 
[00221338] 3 | 5 10 3 0 8 2 _ 11 2 _ 7 4 
[00221339] 2 | 5 10 3 0 8 2 6 11 2 _ 7 4 
[00221340] 5 | _ 10 3 0 8 2 _ 11 2 _ 6 _ 
[00221341] 4 | 6 10 3 0 8 2 _ 11 2 _ 6 _ 
[00221342] 3 | 6 10 3 0 8 2 5 11 2 _ 6 _ 
[00221343] 4 | _ 10 3 0 8 2 4 11 2 _ 6 _ 
[00221344] 3 | 7 10 3 0 8 2 4 11 2 _ 6 _ 
[00221345] 3 | _ 10 3 0 8 2 4 11 2 _ 6 9 
[00221346] 4 | _ 10 3 0 8 2 _ 11 2 _ 6 10 
[00221347] 3 | _ 10 3 0 8 2 5 11 2 _ 6 10 
[00221348] 5 | _ 10 3 0 8 2 _ 11 2 _ 1 6 
[00221349] 4 | _ 10 3 0 8 2 4 11 2 _ 1 6 
[00221350] 3 | 7 10 3 0 8 2 4 11 2 _ 1 6 
[00221351] 5 | _ 10 3 0 8 2 _ 11 2 _ 4 9 
[00221352] 4 | 6 10 3 0 8 2 _ 11 2 _ 4 9 
[00221353] 3 | 6 10 3 0 8 2 5 11 2 _ 4 9 
[00221354] 5 | _ 10 3 0 8 2 _ 11 2 _ 6 1 
[00221355] 4 | _ 10 3 0 8 2 4 11 2 _ 6 1 
[00221356] 3 | 7 10 3 0 8 2 4 11 2 _ 6 1 
[00221357] 5 | _ 10 3 0 8 2 _ 11 2 _ 9 4 
[00221358] 4 | 6 10 3 0 8 2 _ 11 2 _ 9 4 
[00221359] 3 | 6 10 3 0 8 2 5 11 2 _ 9 4 
[00221360] 6 | _ 10 3 0 8 _ 2 11 2 _ _ _ 
[00221361] 5 | 5 10 3 0 8 _ 2 11 2 _ _ _ 
[00221362] 4 | 5 10 3 0 8 4 2 11 2 _ _ _ 
[00221363] 3 | 5 10 3 0 8 4 2 11 2 _ 6 9 
[00221364] 3 | 5 10 3 0 8 4 2 11 2 _ 9 6 
[00221365] 4 | 5 10 3 0 8 _ 2 11 2 _ 7 _ 
[00221366] 3 | 5 10 3 0 8 _ 2 11 2 _ 7 4 
[00221367] 2 | 5 10 3 0 8 6 2 11 2 _ 7 4 
[00221368] 5 | _ 10 3 0 8 _ 2 11 2 _ 6 _ 
[00221369] 4 | 6 10 3 0 8 _ 2 11 2 _ 6 _ 
[00221370] 3 | 6 10 3 0 8 5 2 11 2 _ 6 _ 
[00221371] 4 | _ 10 3 0 8 4 2 11 2 _ 6 _ 
[00221372] 3 | 7 10 3 0 8 4 2 11 2 _ 6 _ 
[00221373] 3 | _ 10 3 0 8 4 2 11 2 _ 6 9 
[00221374] 4 | _ 10 3 0 8 _ 2 11 2 _ 6 10 
[00221375] 3 | _ 10 3 0 8 5 2 11 2 _ 6 10 
[00221376] 5 | _ 10 3 0 8 _ 2 11 2 _ 1 6 
[00221377] 4 | _ 10 3 0 8 4 2 11 2 _ 1 6 
[00221378] 3 | 7 10 3 0 8 4 2 11 2 _ 1 6 
[00221379] 5 | _ 10 3 0 8 _ 2 11 2 _ 4 9 
[00221380] 4 | 6 10 3 0 8 _ 2 11 2 _ 4 9 
[00221381] 3 | 6 10 3 0 8 5 2 11 2 _ 4 9 
[00221382] 5 | _ 10 3 0 8 _ 2 11 2 _ 6 1 
[00221383] 4 | _ 10 3 0 8 4 2 11 2 _ 6 1 
[00221384] 3 | 7 10 3 0 8 4 2 11 2 _ 6 1 
[00221385] 5 | _ 10 3 0 8 _ 2 11 2 _ 9 4 
[00221386] 4 | 6 10 3 0 8 _ 2 11 2 _ 9 4 
[00221387] 3 | 6 10 3 0 8 5 2 11 2 _ 9 4 
[00221388] 6 | _ 10 3 0 8 _ _ 11 2 8 _ _ 
[00221389] 5 | 5 10 3 0 8 _ _ 11 2 8 _ _ 
[00221390] 4 | 5 10 3 0 8 _ _ 11 2 8 7 _ 
[00221391] 3 | 5 10 3 0 8 _ _ 11 2 8 7 4 
[00221392] 5 | _ 10 3 0 8 _ _ 11 2 8 6 _ 
[00221393] 4 | 6 10 3 0 8 _ _ 11 2 8 6 _ 
[00221394] 4 | _ 10 3 0 8 _ _ 11 2 8 6 10 
[00221395] 5 | _ 10 3 0 8 _ _ 11 2 8 1 6 
[00221396] 5 | _ 10 3 0 8 _ _ 11 2 8 4 9 
[00221397] 4 | 6 10 3 0 8 _ _ 11 2 8 4 9 
[00221398] 5 | _ 10 3 0 8 _ _ 11 2 8 6 1 
[00221399] 5 | _ 10 3 0 8 _ _ 11 2 8 9 4 
[00221400] 4 | 6 10 3 0 8 _ _ 11 2 8 9 4 
[00221401] 6 | _ 10 3 0 8 _ _ 11 2 _ 5 _ 
[00221402] 5 | 5 10 3 0 8 _ _ 11 2 _ 5 _ 
[00221403] 4 | 5 10 3 0 8 4 _ 11 2 _ 5 _ 
[00221404] 4 | 5 10 3 0 8 _ 4 11 2 _ 5 _ 
[00221405] 4 | 5 10 3 0 8 _ _ 11 2 6 5 _ 
[00221406] 5 | _ 10 3 0 8 _ _ 11 2 7 5 _ 
[00221407] 4 | 6 10 3 0 8 _ _ 11 2 7 5 _ 
[00221408] 3 | 6 10 3 0 8 5 _ 11 2 7 5 _ 
[00221409] 3 | 6 10 3 0 8 _ 5 11 2 7 5 _ 
[00221410] 3 | 6 10 3 0 8 _ _ 11 2 7 5 8 
[00221411] 4 | _ 10 3 0 8 4 _ 11 2 7 5 _ 
[00221412] 3 | _ 10 3 0 8 4 5 11 2 7 5 _ 
[00221413] 3 | _ 10 3 0 8 4 _ 11 2 7 5 8 
[00221414] 4 | _ 10 3 0 8 _ 4 11 2 7 5 _ 
[00221415] 3 | _ 10 3 0 8 5 4 11 2 7 5 _ 
[00221416] 3 | _ 10 3 0 8 _ 4 11 2 7 5 8 
[00221417] 4 | _ 10 3 0 8 _ _ 11 2 7 5 1 
[00221418] 4 | _ 10 3 0 8 _ _ 11 2 7 5 9 
[00221419] 5 | _ 10 3 0 8 _ _ 11 2 _ 5 10 
[00221420] 4 | _ 10 3 0 8 4 _ 11 2 _ 5 10 
[00221421] 4 | _ 10 3 0 8 _ 4 11 2 _ 5 10 
[00221422] 4 | _ 10 3 0 8 _ _ 11 2 6 5 10 
[00221423] 6 | _ 10 3 0 8 _ _ 11 2 _ 1 7 
[00221424] 5 | 5 10 3 0 8 _ _ 11 2 _ 1 7 
[00221425] 4 | 5 10 3 0 8 4 _ 11 2 _ 1 7 
[00221426] 4 | 5 10 3 0 8 _ 4 11 2 _ 1 7 
[00221427] 4 | 5 10 3 0 8 _ _ 11 2 6 1 7 
[00221428] 6 | _ 10 3 0 8 _ _ 11 2 _ 7 1 
[00221429] 5 | 5 10 3 0 8 _ _ 11 2 _ 7 1 
[00221430] 4 | 5 10 3 0 8 4 _ 11 2 _ 7 1 
[00221431] 4 | 5 10 3 0 8 _ 4 11 2 _ 7 1 
[00221432] 4 | 5 10 3 0 8 _ _ 11 2 6 7 1 
[00221433] 7 | _ 10 _ 0 8 1 _ 11 2 _ _ _ 
[00221434] 6 | 4 10 _ 0 8 1 _ 11 2 _ _ _ 
[00221435] 5 | 4 10 5 0 8 1 _ 11 2 _ _ _ 
[00221436] 4 | 4 10 5 0 8 1 _ 11 2 6 _ _ 
[00221437] 3 | 4 10 5 0 8 1 11 11 2 6 _ _ 
[00221438] 2 | 4 10 5 0 8 1 11 11 2 6 7 9 
[00221439] 2 | 4 10 5 0 8 1 11 11 2 6 9 7 
[00221440] 3 | 4 10 5 0 8 1 _ 11 2 6 8 _ 
[00221441] 4 | 4 10 5 0 8 1 _ 11 2 _ 7 _ 
[00221442] 4 | 4 10 5 0 8 1 _ 11 2 _ 3 7 
[00221443] 4 | 4 10 5 0 8 1 _ 11 2 _ 7 3 
[00221444] 5 | 4 10 _ 0 8 1 3 11 2 _ _ _ 
[00221445] 4 | 4 10 6 0 8 1 3 11 2 _ _ _ 
[00221446] 3 | 4 10 6 0 8 1 3 11 2 5 _ _ 
[00221447] 2 | 4 10 6 0 8 1 3 11 2 5 9 _ 
[00221448] 2 | 4 10 6 0 8 1 3 11 2 5 7 9 
[00221449] 2 | 4 10 6 0 8 1 3 11 2 5 9 7 
[00221450] 4 | 4 10 _ 0 8 1 3 11 2 6 _ _ 
[00221451] 3 | 4 10 7 0 8 1 3 11 2 6 _ _ 
[00221452] 2 | 4 10 7 0 8 1 3 11 2 6 9 _ 
[00221453] 4 | 4 10 _ 0 8 1 3 11 2 _ 7 _ 
[00221454] 3 | 4 10 7 0 8 1 3 11 2 _ 7 _ 
[00221455] 3 | 4 10 _ 0 8 1 3 11 2 5 7 _ 
[00221456] 2 | 4 10 _ 0 8 1 3 11 2 5 7 9 
[00221457] 3 | 4 10 _ 0 8 1 3 11 2 _ 7 10 
[00221458] 4 | 4 10 _ 0 8 1 3 11 2 _ 5 9 
[00221459] 3 | 4 10 7 0 8 1 3 11 2 _ 5 9 
[00221460] 4 | 4 10 _ 0 8 1 3 11 2 _ 9 5 
[00221461] 3 | 4 10 7 0 8 1 3 11 2 _ 9 5 
[00221462] 5 | 4 10 _ 0 8 1 _ 11 2 7 _ _ 
[00221463] 4 | 4 10 6 0 8 1 _ 11 2 7 _ _ 
[00221464] 3 | 4 10 6 0 8 1 5 11 2 7 _ _ 
[00221465] 2 | 4 10 6 0 8 1 5 11 2 7 9 _ 
[00221466] 3 | 4 10 6 0 8 1 11 11 2 7 _ _ 
[00221467] 2 | 4 10 6 0 8 1 11 11 2 7 3 5 
[00221468] 2 | 4 10 6 0 8 1 11 11 2 7 5 3 
[00221469] 3 | 4 10 6 0 8 1 _ 11 2 7 8 _ 
[00221470] 4 | 4 10 _ 0 8 1 _ 11 2 7 5 9 
[00221471] 4 | 4 10 _ 0 8 1 _ 11 2 7 9 5 
[00221472] 5 | 4 10 _ 0 8 1 _ 11 2 _ 6 _ 
[00221473] 4 | 4 10 6 0 8 1 _ 11 2 _ 6 _ 
[00221474] 3 | 4 10 6 0 8 1 5 11 2 _ 6 _ 
[00221475] 3 | 4 10 6 0 8 1 _ 11 2 5 6 _ 
[00221476] 4 | 4 10 _ 0 8 1 _ 11 2 6 6 _ 
[00221477] 3 | 4 10 7 0 8 1 _ 11 2 6 6 _ 
[00221478] 3 | 4 10 _ 0 8 1 5 11 2 6 6 _ 
[00221479] 4 | 4 10 _ 0 8 1 _ 11 2 _ 6 2 
[00221480] 3 | 4 10 7 0 8 1 _ 11 2 _ 6 2 
[00221481] 3 | 4 10 _ 0 8 1 5 11 2 _ 6 2 
[00221482] 4 | 4 10 _ 0 8 1 _ 11 2 _ 6 10 
[00221483] 3 | 4 10 _ 0 8 1 5 11 2 _ 6 10 
[00221484] 3 | 4 10 _ 0 8 1 _ 11 2 5 6 10 
[00221485] 6 | _ 10 4 0 8 1 _ 11 2 _ _ _ 
[00221486] 5 | 5 10 4 0 8 1 _ 11 2 _ _ _ 
[00221487] 4 | 5 10 4 0 8 1 _ 11 2 6 _ _ 
[00221488] 3 | 5 10 4 0 8 1 11 11 2 6 _ _ 
[00221489] 2 | 5 10 4 0 8 1 11 11 2 6 7 9 
[00221490] 2 | 5 10 4 0 8 1 11 11 2 6 9 7 
[00221491] 3 | 5 10 4 0 8 1 _ 11 2 6 8 _ 
[00221492] 4 | 5 10 4 0 8 1 _ 11 2 _ 7 _ 
[00221493] 4 | 5 10 4 0 8 1 _ 11 2 _ 3 7 
[00221494] 4 | 5 10 4 0 8 1 _ 11 2 _ 7 3 
[00221495] 5 | _ 10 4 0 8 1 3 11 2 _ _ _ 
[00221496] 4 | 6 10 4 0 8 1 3 11 2 _ _ _ 
[00221497] 3 | 6 10 4 0 8 1 3 11 2 5 _ _ 
[00221498] 2 | 6 10 4 0 8 1 3 11 2 5 9 _ 
[00221499] 2 | 6 10 4 0 8 1 3 11 2 5 7 9 
[00221500] 2 | 6 10 4 0 8 1 3 11 2 5 9 7 
[00221501] 4 | _ 10 4 0 8 1 3 11 2 6 _ _ 
[00221502] 3 | 7 10 4 0 8 1 3 11 2 6 _ _ 
[00221503] 2 | 7 10 4 0 8 1 3 11 2 6 9 _ 
[00221504] 4 | _ 10 4 0 8 1 3 11 2 _ 7 _ 
[00221505] 3 | 7 10 4 0 8 1 3 11 2 _ 7 _ 
[00221506] 3 | _ 10 4 0 8 1 3 11 2 5 7 _ 
[00221507] 2 | _ 10 4 0 8 1 3 11 2 5 7 9 
[00221508] 3 | _ 10 4 0 8 1 3 11 2 _ 7 10 
[00221509] 4 | _ 10 4 0 8 1 3 11 2 _ 5 9 
[00221510] 3 | 7 10 4 0 8 1 3 11 2 _ 5 9 
[00221511] 4 | _ 10 4 0 8 1 3 11 2 _ 9 5 
[00221512] 3 | 7 10 4 0 8 1 3 11 2 _ 9 5 
[00221513] 5 | _ 10 4 0 8 1 _ 11 2 7 _ _ 
[00221514] 4 | 6 10 4 0 8 1 _ 11 2 7 _ _ 
[00221515] 3 | 6 10 4 0 8 1 5 11 2 7 _ _ 
[00221516] 2 | 6 10 4 0 8 1 5 11 2 7 9 _ 
[00221517] 3 | 6 10 4 0 8 1 11 11 2 7 _ _ 
[00221518] 2 | 6 10 4 0 8 1 11 11 2 7 3 5 
[00221519] 2 | 6 10 4 0 8 1 11 11 2 7 5 3 
[00221520] 3 | 6 10 4 0 8 1 _ 11 2 7 8 _ 
[00221521] 4 | _ 10 4 0 8 1 _ 11 2 7 5 9 
[00221522] 4 | _ 10 4 0 8 1 _ 11 2 7 9 5 
[00221523] 5 | _ 10 4 0 8 1 _ 11 2 _ 6 _ 
[00221524] 4 | 6 10 4 0 8 1 _ 11 2 _ 6 _ 
[00221525] 3 | 6 10 4 0 8 1 5 11 2 _ 6 _ 
[00221526] 3 | 6 10 4 0 8 1 _ 11 2 5 6 _ 
[00221527] 4 | _ 10 4 0 8 1 _ 11 2 6 6 _ 
[00221528] 3 | 7 10 4 0 8 1 _ 11 2 6 6 _ 
[00221529] 3 | _ 10 4 0 8 1 5 11 2 6 6 _ 
[00221530] 4 | _ 10 4 0 8 1 _ 11 2 _ 6 2 
[00221531] 3 | 7 10 4 0 8 1 _ 11 2 _ 6 2 
[00221532] 3 | _ 10 4 0 8 1 5 11 2 _ 6 2 
[00221533] 4 | _ 10 4 0 8 1 _ 11 2 _ 6 10 
[00221534] 3 | _ 10 4 0 8 1 5 11 2 _ 6 10 
[00221535] 3 | _ 10 4 0 8 1 _ 11 2 5 6 10 
[00221536] 6 | _ 10 _ 0 8 1 2 11 2 _ _ _ 
[00221537] 5 | 5 10 _ 0 8 1 2 11 2 _ _ _ 
[00221538] 4 | 5 10 6 0 8 1 2 11 2 _ _ _ 
[00221539] 3 | 5 10 6 0 8 1 2 11 2 _ 4 7 
[00221540] 3 | 5 10 6 0 8 1 2 11 2 _ 7 4 
[00221541] 4 | 5 10 _ 0 8 1 2 11 2 _ 7 _ 
[00221542] 3 | 5 10 7 0 8 1 2 11 2 _ 7 _ 
[00221543] 3 | 5 10 _ 0 8 1 2 11 2 _ 7 4 
[00221544] 3 | 5 10 _ 0 8 1 2 11 2 _ 7 10 
[00221545] 4 | 5 10 _ 0 8 1 2 11 2 _ 3 7 
[00221546] 4 | 5 10 _ 0 8 1 2 11 2 _ 7 3 
[00221547] 5 | _ 10 5 0 8 1 2 11 2 _ _ _ 
[00221548] 4 | 6 10 5 0 8 1 2 11 2 _ _ _ 
[00221549] 3 | 6 10 5 0 8 1 2 11 2 _ 4 7 
[00221550] 3 | 6 10 5 0 8 1 2 11 2 _ 7 4 
[00221551] 4 | _ 10 5 0 8 1 2 11 2 _ 7 _ 
[00221552] 3 | 7 10 5 0 8 1 2 11 2 _ 7 _ 
[00221553] 3 | _ 10 5 0 8 1 2 11 2 _ 7 4 
[00221554] 3 | _ 10 5 0 8 1 2 11 2 _ 7 10 
[00221555] 4 | _ 10 5 0 8 1 2 11 2 _ 3 7 
[00221556] 4 | _ 10 5 0 8 1 2 11 2 _ 7 3 
[00221557] 5 | _ 10 _ 0 8 1 2 11 2 _ 6 _ 
[00221558] 4 | 6 10 _ 0 8 1 2 11 2 _ 6 _ 
[00221559] 3 | 6 10 7 0 8 1 2 11 2 _ 6 _ 
[00221560] 4 | _ 10 6 0 8 1 2 11 2 _ 6 _ 
[00221561] 3 | 7 10 6 0 8 1 2 11 2 _ 6 _ 
[00221562] 4 | _ 10 _ 0 8 1 2 11 2 _ 6 10 
[00221563] 5 | _ 10 _ 0 8 1 2 11 2 _ 4 9 
[00221564] 4 | 6 10 _ 0 8 1 2 11 2 _ 4 9 
[00221565] 3 | 6 10 7 0 8 1 2 11 2 _ 4 9 
[00221566] 4 | _ 10 6 0 8 1 2 11 2 _ 4 9 
[00221567] 3 | 7 10 6 0 8 1 2 11 2 _ 4 9 
[00221568] 5 | _ 10 _ 0 8 1 2 11 2 _ 9 4 
