[00138787] 3 | _ 6 3 0 11 7 4 10 1 9 5 _ 
[00138788] 2 | 8 6 3 0 11 7 4 10 1 9 5 _ 
[00138789] 3 | _ 6 _ 0 11 7 4 10 1 9 5 2 
[00138790] 2 | 8 6 _ 0 11 7 4 10 1 9 5 2 
[00138791] 2 | _ 6 8 0 11 7 4 10 1 9 5 2 
[00138792] 3 | _ 6 _ 0 11 7 4 10 1 9 5 8 
[00138793] 5 | _ 6 _ 0 11 _ 4 10 1 9 2 7 
[00138794] 5 | _ 6 _ 0 11 _ 4 10 1 9 3 8 
[00138795] 4 | 2 6 _ 0 11 _ 4 10 1 9 3 8 
[00138796] 4 | _ 6 2 0 11 _ 4 10 1 9 3 8 
[00138797] 4 | _ 6 _ 0 11 7 4 10 1 9 3 8 
[00138798] 5 | _ 6 _ 0 11 _ 4 10 1 9 7 2 
[00138799] 5 | _ 6 _ 0 11 _ 4 10 1 9 8 3 
[00138800] 4 | 2 6 _ 0 11 _ 4 10 1 9 8 3 
[00138801] 4 | _ 6 2 0 11 _ 4 10 1 9 8 3 
[00138802] 4 | _ 6 _ 0 11 7 4 10 1 9 8 3 
[00138803] 6 | _ _ _ 0 11 5 4 10 1 9 _ _ 
[00138804] 5 | 2 7 _ 0 11 5 4 10 1 9 _ _ 
[00138805] 5 | 3 8 _ 0 11 5 4 10 1 9 _ _ 
[00138806] 5 | 7 2 _ 0 11 5 4 10 1 9 _ _ 
[00138807] 4 | 7 2 6 0 11 5 4 10 1 9 _ _ 
[00138808] 4 | 7 2 _ 0 11 5 4 10 1 9 6 _ 
[00138809] 3 | 7 2 _ 0 11 5 4 10 1 9 6 3 
[00138810] 5 | 8 3 _ 0 11 5 4 10 1 9 _ _ 
[00138811] 4 | 8 3 7 0 11 5 4 10 1 9 _ _ 
[00138812] 4 | 8 3 _ 0 11 5 4 10 1 9 6 _ 
[00138813] 3 | 8 3 6 0 11 5 4 10 1 9 6 _ 
[00138814] 3 | 8 3 _ 0 11 5 4 10 1 9 6 3 
[00138815] 4 | 8 3 _ 0 11 5 4 10 1 9 2 6 
[00138816] 4 | 8 3 _ 0 11 5 4 10 1 9 6 2 
[00138817] 5 | _ 2 7 0 11 5 4 10 1 9 _ _ 
[00138818] 4 | 6 2 7 0 11 5 4 10 1 9 _ _ 
[00138819] 4 | _ 2 7 0 11 5 4 10 1 9 6 _ 
[00138820] 3 | _ 2 7 0 11 5 4 10 1 9 6 3 
[00138821] 5 | _ 3 8 0 11 5 4 10 1 9 _ _ 
[00138822] 4 | 7 3 8 0 11 5 4 10 1 9 _ _ 
[00138823] 4 | _ 3 8 0 11 5 4 10 1 9 6 _ 
[00138824] 3 | 6 3 8 0 11 5 4 10 1 9 6 _ 
[00138825] 3 | _ 3 8 0 11 5 4 10 1 9 6 3 
[00138826] 4 | _ 3 8 0 11 5 4 10 1 9 2 6 
[00138827] 4 | _ 3 8 0 11 5 4 10 1 9 6 2 
[00138828] 5 | _ 7 2 0 11 5 4 10 1 9 _ _ 
[00138829] 5 | _ 8 3 0 11 5 4 10 1 9 _ _ 
[00138830] 5 | _ _ _ 0 11 5 4 10 1 9 2 7 
[00138831] 5 | _ _ _ 0 11 5 4 10 1 9 3 8 
[00138832] 4 | 2 6 _ 0 11 5 4 10 1 9 3 8 
[00138833] 4 | 6 2 _ 0 11 5 4 10 1 9 3 8 
[00138834] 4 | _ 2 6 0 11 5 4 10 1 9 3 8 
[00138835] 4 | _ 6 2 0 11 5 4 10 1 9 3 8 
[00138836] 5 | _ _ _ 0 11 5 4 10 1 9 7 2 
[00138837] 5 | _ _ _ 0 11 5 4 10 1 9 8 3 
[00138838] 4 | 2 6 _ 0 11 5 4 10 1 9 8 3 
[00138839] 4 | 6 2 _ 0 11 5 4 10 1 9 8 3 
[00138840] 4 | _ 2 6 0 11 5 4 10 1 9 8 3 
[00138841] 4 | _ 6 2 0 11 5 4 10 1 9 8 3 
[00138842] 6 | _ _ _ 0 11 _ 4 10 1 9 2 8 
[00138843] 5 | _ 5 _ 0 11 _ 4 10 1 9 2 8 
[00138844] 4 | _ 5 _ 0 11 7 4 10 1 9 2 8 
[00138845] 5 | _ _ _ 0 11 6 4 10 1 9 2 8 
[00138846] 4 | 3 7 _ 0 11 6 4 10 1 9 2 8 
[00138847] 4 | 7 3 _ 0 11 6 4 10 1 9 2 8 
[00138848] 4 | _ 3 7 0 11 6 4 10 1 9 2 8 
[00138849] 4 | _ 7 3 0 11 6 4 10 1 9 2 8 
[00138850] 6 | _ _ _ 0 11 _ 4 10 1 9 8 2 
[00138851] 5 | _ 5 _ 0 11 _ 4 10 1 9 8 2 
[00138852] 4 | _ 5 _ 0 11 7 4 10 1 9 8 2 
[00138853] 5 | _ _ _ 0 11 6 4 10 1 9 8 2 
[00138854] 4 | 3 7 _ 0 11 6 4 10 1 9 8 2 
[00138855] 4 | 7 3 _ 0 11 6 4 10 1 9 8 2 
[00138856] 4 | _ 3 7 0 11 6 4 10 1 9 8 2 
[00138857] 4 | _ 7 3 0 11 6 4 10 1 9 8 2 
[00138858] 7 | _ _ _ 0 11 _ _ 10 1 9 3 _ 
[00138859] 6 | 2 8 _ 0 11 _ _ 10 1 9 3 _ 
[00138860] 6 | 8 2 _ 0 11 _ _ 10 1 9 3 _ 
[00138861] 5 | 8 2 7 0 11 _ _ 10 1 9 3 _ 
[00138862] 5 | 8 2 _ 0 11 6 _ 10 1 9 3 _ 
[00138863] 4 | 8 2 _ 0 11 6 7 10 1 9 3 _ 
[00138864] 3 | 8 2 5 0 11 6 7 10 1 9 3 _ 
[00138865] 4 | 8 2 _ 0 11 6 _ 10 1 9 3 7 
[00138866] 3 | 8 2 5 0 11 6 _ 10 1 9 3 7 
[00138867] 5 | 8 2 _ 0 11 _ 6 10 1 9 3 _ 
[00138868] 4 | 8 2 _ 0 11 7 6 10 1 9 3 _ 
[00138869] 3 | 8 2 5 0 11 7 6 10 1 9 3 _ 
[00138870] 4 | 8 2 _ 0 11 _ 6 10 1 9 3 7 
[00138871] 3 | 8 2 5 0 11 _ 6 10 1 9 3 7 
[00138872] 6 | _ 2 8 0 11 _ _ 10 1 9 3 _ 
[00138873] 5 | 7 2 8 0 11 _ _ 10 1 9 3 _ 
[00138874] 5 | _ 2 8 0 11 6 _ 10 1 9 3 _ 
[00138875] 4 | _ 2 8 0 11 6 7 10 1 9 3 _ 
[00138876] 3 | 5 2 8 0 11 6 7 10 1 9 3 _ 
[00138877] 4 | _ 2 8 0 11 6 _ 10 1 9 3 7 
[00138878] 3 | 5 2 8 0 11 6 _ 10 1 9 3 7 
[00138879] 5 | _ 2 8 0 11 _ 6 10 1 9 3 _ 
[00138880] 4 | _ 2 8 0 11 7 6 10 1 9 3 _ 
[00138881] 3 | 5 2 8 0 11 7 6 10 1 9 3 _ 
[00138882] 4 | _ 2 8 0 11 _ 6 10 1 9 3 7 
[00138883] 3 | 5 2 8 0 11 _ 6 10 1 9 3 7 
[00138884] 6 | _ 8 2 0 11 _ _ 10 1 9 3 _ 
[00138885] 6 | _ 6 _ 0 11 _ _ 10 1 9 3 _ 
[00138886] 5 | 11 6 _ 0 11 _ _ 10 1 9 3 _ 
[00138887] 4 | 11 6 2 0 11 _ _ 10 1 9 3 _ 
[00138888] 4 | 11 6 _ 0 11 _ _ 10 1 9 3 7 
[00138889] 5 | _ 6 11 0 11 _ _ 10 1 9 3 _ 
[00138890] 4 | 2 6 11 0 11 _ _ 10 1 9 3 _ 
[00138891] 4 | _ 6 11 0 11 _ _ 10 1 9 3 7 
[00138892] 5 | _ 6 _ 0 11 6 _ 10 1 9 3 _ 
[00138893] 4 | _ 6 _ 0 11 6 7 10 1 9 3 _ 
[00138894] 4 | _ 6 _ 0 11 6 _ 10 1 9 3 7 
[00138895] 3 | _ 6 _ 0 11 6 8 10 1 9 3 7 
[00138896] 5 | _ 6 _ 0 11 _ 6 10 1 9 3 _ 
[00138897] 4 | _ 6 _ 0 11 7 6 10 1 9 3 _ 
[00138898] 4 | _ 6 _ 0 11 _ 6 10 1 9 3 7 
[00138899] 3 | _ 6 _ 0 11 8 6 10 1 9 3 7 
[00138900] 5 | _ 6 _ 0 11 _ _ 10 1 9 3 8 
[00138901] 4 | 2 6 _ 0 11 _ _ 10 1 9 3 8 
[00138902] 4 | _ 6 2 0 11 _ _ 10 1 9 3 8 
[00138903] 4 | _ 6 _ 0 11 7 _ 10 1 9 3 8 
[00138904] 4 | _ 6 _ 0 11 _ 7 10 1 9 3 8 
[00138905] 6 | _ _ _ 0 11 5 _ 10 1 9 3 _ 
[00138906] 5 | 2 7 _ 0 11 5 _ 10 1 9 3 _ 
[00138907] 5 | 7 2 _ 0 11 5 _ 10 1 9 3 _ 
[00138908] 4 | 7 2 6 0 11 5 _ 10 1 9 3 _ 
[00138909] 3 | 7 2 6 0 11 5 8 10 1 9 3 _ 
[00138910] 5 | _ 2 7 0 11 5 _ 10 1 9 3 _ 
[00138911] 4 | 6 2 7 0 11 5 _ 10 1 9 3 _ 
[00138912] 3 | 6 2 7 0 11 5 8 10 1 9 3 _ 
[00138913] 5 | _ 7 2 0 11 5 _ 10 1 9 3 _ 
[00138914] 5 | _ _ _ 0 11 5 6 10 1 9 3 _ 
[00138915] 4 | 4 8 _ 0 11 5 6 10 1 9 3 _ 
[00138916] 4 | 8 4 _ 0 11 5 6 10 1 9 3 _ 
[00138917] 4 | _ 4 8 0 11 5 6 10 1 9 3 _ 
[00138918] 4 | _ 8 4 0 11 5 6 10 1 9 3 _ 
[00138919] 4 | _ 4 _ 0 11 5 6 10 1 9 3 _ 
[00138920] 3 | 7 4 _ 0 11 5 6 10 1 9 3 _ 
[00138921] 2 | 7 4 2 0 11 5 6 10 1 9 3 _ 
[00138922] 3 | _ 4 7 0 11 5 6 10 1 9 3 _ 
[00138923] 2 | 2 4 7 0 11 5 6 10 1 9 3 _ 
[00138924] 4 | _ _ _ 0 11 5 6 10 1 9 3 7 
[00138925] 5 | _ _ _ 0 11 5 _ 10 1 9 3 8 
[00138926] 4 | 2 6 _ 0 11 5 _ 10 1 9 3 8 
[00138927] 4 | 6 2 _ 0 11 5 _ 10 1 9 3 8 
[00138928] 4 | _ 2 6 0 11 5 _ 10 1 9 3 8 
[00138929] 4 | _ 6 2 0 11 5 _ 10 1 9 3 8 
[00138930] 4 | _ 4 _ 0 11 5 _ 10 1 9 3 8 
[00138931] 3 | 7 4 _ 0 11 5 _ 10 1 9 3 8 
[00138932] 2 | 7 4 2 0 11 5 _ 10 1 9 3 8 
[00138933] 2 | 7 4 6 0 11 5 _ 10 1 9 3 8 
[00138934] 3 | _ 4 7 0 11 5 _ 10 1 9 3 8 
[00138935] 2 | 2 4 7 0 11 5 _ 10 1 9 3 8 
[00138936] 2 | 6 4 7 0 11 5 _ 10 1 9 3 8 
[00138937] 4 | _ _ _ 0 11 5 7 10 1 9 3 8 
[00138938] 6 | _ _ _ 0 11 _ 5 10 1 9 3 _ 
[00138939] 5 | 2 7 _ 0 11 _ 5 10 1 9 3 _ 
[00138940] 5 | 7 2 _ 0 11 _ 5 10 1 9 3 _ 
[00138941] 4 | 7 2 6 0 11 _ 5 10 1 9 3 _ 
[00138942] 3 | 7 2 6 0 11 8 5 10 1 9 3 _ 
[00138943] 5 | _ 2 7 0 11 _ 5 10 1 9 3 _ 
[00138944] 4 | 6 2 7 0 11 _ 5 10 1 9 3 _ 
[00138945] 3 | 6 2 7 0 11 8 5 10 1 9 3 _ 
[00138946] 5 | _ 7 2 0 11 _ 5 10 1 9 3 _ 
[00138947] 5 | _ _ _ 0 11 6 5 10 1 9 3 _ 
[00138948] 4 | 4 8 _ 0 11 6 5 10 1 9 3 _ 
[00138949] 4 | 8 4 _ 0 11 6 5 10 1 9 3 _ 
[00138950] 4 | _ 4 8 0 11 6 5 10 1 9 3 _ 
[00138951] 4 | _ 8 4 0 11 6 5 10 1 9 3 _ 
[00138952] 4 | _ 4 _ 0 11 6 5 10 1 9 3 _ 
[00138953] 3 | 7 4 _ 0 11 6 5 10 1 9 3 _ 
[00138954] 2 | 7 4 2 0 11 6 5 10 1 9 3 _ 
[00138955] 3 | _ 4 7 0 11 6 5 10 1 9 3 _ 
[00138956] 2 | 2 4 7 0 11 6 5 10 1 9 3 _ 
[00138957] 4 | _ _ _ 0 11 6 5 10 1 9 3 7 
[00138958] 5 | _ _ _ 0 11 _ 5 10 1 9 3 8 
[00138959] 4 | 2 6 _ 0 11 _ 5 10 1 9 3 8 
[00138960] 4 | 6 2 _ 0 11 _ 5 10 1 9 3 8 
[00138961] 4 | _ 2 6 0 11 _ 5 10 1 9 3 8 
[00138962] 4 | _ 6 2 0 11 _ 5 10 1 9 3 8 
[00138963] 4 | _ 4 _ 0 11 _ 5 10 1 9 3 8 
[00138964] 3 | 7 4 _ 0 11 _ 5 10 1 9 3 8 
[00138965] 2 | 7 4 2 0 11 _ 5 10 1 9 3 8 
[00138966] 2 | 7 4 6 0 11 _ 5 10 1 9 3 8 
[00138967] 3 | _ 4 7 0 11 _ 5 10 1 9 3 8 
[00138968] 2 | 2 4 7 0 11 _ 5 10 1 9 3 8 
[00138969] 2 | 6 4 7 0 11 _ 5 10 1 9 3 8 
[00138970] 4 | _ _ _ 0 11 7 5 10 1 9 3 8 
[00138971] 8 | _ _ _ 0 11 _ _ 10 1 _ 2 _ 
[00138972] 7 | _ 7 _ 0 11 _ _ 10 1 _ 2 _ 
[00138973] 6 | 1 7 _ 0 11 _ _ 10 1 _ 2 _ 
[00138974] 5 | 1 7 2 0 11 _ _ 10 1 _ 2 _ 
[00138975] 5 | 1 7 _ 0 11 6 _ 10 1 _ 2 _ 
[00138976] 4 | 1 7 3 0 11 6 _ 10 1 _ 2 _ 
[00138977] 3 | 1 7 3 0 11 6 8 10 1 _ 2 _ 
[00138978] 2 | 1 7 3 0 11 6 8 10 1 _ 2 4 
[00138979] 3 | 1 7 3 0 11 6 _ 10 1 _ 2 5 
[00138980] 2 | 1 7 3 0 11 6 9 10 1 _ 2 5 
[00138981] 4 | 1 7 11 0 11 6 _ 10 1 _ 2 _ 
[00138982] 3 | 1 7 11 0 11 6 _ 10 1 _ 2 5 
[00138983] 4 | 1 7 _ 0 11 6 7 10 1 _ 2 _ 
[00138984] 3 | 1 7 _ 0 11 6 7 10 1 _ 2 5 
[00138985] 5 | 1 7 _ 0 11 _ 6 10 1 _ 2 _ 
[00138986] 4 | 1 7 3 0 11 _ 6 10 1 _ 2 _ 
[00138987] 3 | 1 7 3 0 11 8 6 10 1 _ 2 _ 
[00138988] 2 | 1 7 3 0 11 8 6 10 1 _ 2 4 
[00138989] 3 | 1 7 3 0 11 _ 6 10 1 _ 2 5 
[00138990] 2 | 1 7 3 0 11 9 6 10 1 _ 2 5 
[00138991] 4 | 1 7 11 0 11 _ 6 10 1 _ 2 _ 
[00138992] 3 | 1 7 11 0 11 _ 6 10 1 _ 2 5 
[00138993] 4 | 1 7 _ 0 11 7 6 10 1 _ 2 _ 
[00138994] 3 | 1 7 _ 0 11 7 6 10 1 _ 2 5 
[00138995] 5 | 1 7 _ 0 11 _ _ 10 1 _ 2 7 
[00138996] 6 | _ 7 1 0 11 _ _ 10 1 _ 2 _ 
[00138997] 5 | 2 7 1 0 11 _ _ 10 1 _ 2 _ 
[00138998] 5 | _ 7 1 0 11 6 _ 10 1 _ 2 _ 
[00138999] 4 | 3 7 1 0 11 6 _ 10 1 _ 2 _ 
[00139000] 3 | 3 7 1 0 11 6 8 10 1 _ 2 _ 
[00139001] 2 | 3 7 1 0 11 6 8 10 1 _ 2 4 
[00139002] 3 | 3 7 1 0 11 6 _ 10 1 _ 2 5 
[00139003] 2 | 3 7 1 0 11 6 9 10 1 _ 2 5 
[00139004] 4 | 11 7 1 0 11 6 _ 10 1 _ 2 _ 
[00139005] 3 | 11 7 1 0 11 6 _ 10 1 _ 2 5 
[00139006] 4 | _ 7 1 0 11 6 7 10 1 _ 2 _ 
[00139007] 3 | _ 7 1 0 11 6 7 10 1 _ 2 5 
[00139008] 5 | _ 7 1 0 11 _ 6 10 1 _ 2 _ 
[00139009] 4 | 3 7 1 0 11 _ 6 10 1 _ 2 _ 
[00139010] 3 | 3 7 1 0 11 8 6 10 1 _ 2 _ 
[00139011] 2 | 3 7 1 0 11 8 6 10 1 _ 2 4 
[00139012] 3 | 3 7 1 0 11 _ 6 10 1 _ 2 5 
[00139013] 2 | 3 7 1 0 11 9 6 10 1 _ 2 5 
[00139014] 4 | 11 7 1 0 11 _ 6 10 1 _ 2 _ 
[00139015] 3 | 11 7 1 0 11 _ 6 10 1 _ 2 5 
[00139016] 4 | _ 7 1 0 11 7 6 10 1 _ 2 _ 
[00139017] 3 | _ 7 1 0 11 7 6 10 1 _ 2 5 
[00139018] 5 | _ 7 1 0 11 _ _ 10 1 _ 2 7 
[00139019] 6 | _ 7 _ 0 11 5 _ 10 1 _ 2 _ 
[00139020] 5 | 2 7 _ 0 11 5 _ 10 1 _ 2 _ 
[00139021] 4 | 2 7 3 0 11 5 _ 10 1 _ 2 _ 
[00139022] 3 | 2 7 3 0 11 5 8 10 1 _ 2 _ 
[00139023] 3 | 2 7 3 0 11 5 _ 10 1 4 2 _ 
[00139024] 2 | 2 7 3 0 11 5 9 10 1 4 2 _ 
[00139025] 4 | 2 7 11 0 11 5 _ 10 1 _ 2 _ 
[00139026] 3 | 2 7 11 0 11 5 _ 10 1 4 2 _ 
[00139027] 4 | 2 7 _ 0 11 5 7 10 1 _ 2 _ 
[00139028] 3 | 2 7 _ 0 11 5 7 10 1 4 2 _ 
[00139029] 5 | _ 7 2 0 11 5 _ 10 1 _ 2 _ 
[00139030] 4 | 3 7 2 0 11 5 _ 10 1 _ 2 _ 
[00139031] 3 | 3 7 2 0 11 5 8 10 1 _ 2 _ 
[00139032] 3 | 3 7 2 0 11 5 _ 10 1 4 2 _ 
[00139033] 2 | 3 7 2 0 11 5 9 10 1 4 2 _ 
[00139034] 4 | 11 7 2 0 11 5 _ 10 1 _ 2 _ 
[00139035] 3 | 11 7 2 0 11 5 _ 10 1 4 2 _ 
[00139036] 4 | _ 7 2 0 11 5 7 10 1 _ 2 _ 
[00139037] 3 | _ 7 2 0 11 5 7 10 1 4 2 _ 
[00139038] 5 | _ 7 _ 0 11 5 6 10 1 _ 2 _ 
[00139039] 4 | 3 7 _ 0 11 5 6 10 1 _ 2 _ 
[00139040] 3 | 3 7 4 0 11 5 6 10 1 _ 2 _ 
[00139041] 3 | 3 7 _ 0 11 5 6 10 1 4 2 _ 
[00139042] 2 | 3 7 9 0 11 5 6 10 1 4 2 _ 
[00139043] 4 | _ 7 3 0 11 5 6 10 1 _ 2 _ 
[00139044] 3 | 4 7 3 0 11 5 6 10 1 _ 2 _ 
[00139045] 3 | _ 7 3 0 11 5 6 10 1 4 2 _ 
[00139046] 2 | 9 7 3 0 11 5 6 10 1 4 2 _ 
[00139047] 5 | _ 7 _ 0 11 5 _ 10 1 6 2 _ 
[00139048] 4 | 3 7 _ 0 11 5 _ 10 1 6 2 _ 
[00139049] 3 | 3 7 4 0 11 5 _ 10 1 6 2 _ 
[00139050] 2 | 3 7 4 0 11 5 9 10 1 6 2 _ 
[00139051] 3 | 3 7 _ 0 11 5 8 10 1 6 2 _ 
[00139052] 2 | 3 7 9 0 11 5 8 10 1 6 2 _ 
[00139053] 2 | 3 7 _ 0 11 5 8 10 1 6 2 4 
[00139054] 4 | 11 7 _ 0 11 5 _ 10 1 6 2 _ 
[00139055] 3 | 11 7 4 0 11 5 _ 10 1 6 2 _ 
[00139056] 4 | _ 7 3 0 11 5 _ 10 1 6 2 _ 
[00139057] 3 | 4 7 3 0 11 5 _ 10 1 6 2 _ 
[00139058] 2 | 4 7 3 0 11 5 9 10 1 6 2 _ 
[00139059] 3 | _ 7 3 0 11 5 8 10 1 6 2 _ 
[00139060] 2 | 9 7 3 0 11 5 8 10 1 6 2 _ 
[00139061] 2 | _ 7 3 0 11 5 8 10 1 6 2 4 
[00139062] 4 | _ 7 11 0 11 5 _ 10 1 6 2 _ 
[00139063] 3 | 4 7 11 0 11 5 _ 10 1 6 2 _ 
[00139064] 4 | _ 7 _ 0 11 5 7 10 1 6 2 _ 
[00139065] 5 | _ 7 _ 0 11 5 _ 10 1 _ 2 7 
[00139066] 6 | _ 7 _ 0 11 _ 5 10 1 _ 2 _ 
[00139067] 5 | 2 7 _ 0 11 _ 5 10 1 _ 2 _ 
[00139068] 4 | 2 7 3 0 11 _ 5 10 1 _ 2 _ 
[00139069] 3 | 2 7 3 0 11 8 5 10 1 _ 2 _ 
[00139070] 3 | 2 7 3 0 11 _ 5 10 1 4 2 _ 
[00139071] 2 | 2 7 3 0 11 9 5 10 1 4 2 _ 
[00139072] 4 | 2 7 11 0 11 _ 5 10 1 _ 2 _ 
[00139073] 3 | 2 7 11 0 11 _ 5 10 1 4 2 _ 
[00139074] 4 | 2 7 _ 0 11 7 5 10 1 _ 2 _ 
[00139075] 3 | 2 7 _ 0 11 7 5 10 1 4 2 _ 
[00139076] 5 | _ 7 2 0 11 _ 5 10 1 _ 2 _ 
[00139077] 4 | 3 7 2 0 11 _ 5 10 1 _ 2 _ 
[00139078] 3 | 3 7 2 0 11 8 5 10 1 _ 2 _ 
[00139079] 3 | 3 7 2 0 11 _ 5 10 1 4 2 _ 
[00139080] 2 | 3 7 2 0 11 9 5 10 1 4 2 _ 
[00139081] 4 | 11 7 2 0 11 _ 5 10 1 _ 2 _ 
[00139082] 3 | 11 7 2 0 11 _ 5 10 1 4 2 _ 
[00139083] 4 | _ 7 2 0 11 7 5 10 1 _ 2 _ 
[00139084] 3 | _ 7 2 0 11 7 5 10 1 4 2 _ 
[00139085] 5 | _ 7 _ 0 11 6 5 10 1 _ 2 _ 
[00139086] 4 | 3 7 _ 0 11 6 5 10 1 _ 2 _ 
[00139087] 3 | 3 7 4 0 11 6 5 10 1 _ 2 _ 
[00139088] 3 | 3 7 _ 0 11 6 5 10 1 4 2 _ 
[00139089] 2 | 3 7 9 0 11 6 5 10 1 4 2 _ 
[00139090] 4 | _ 7 3 0 11 6 5 10 1 _ 2 _ 
[00139091] 3 | 4 7 3 0 11 6 5 10 1 _ 2 _ 
[00139092] 3 | _ 7 3 0 11 6 5 10 1 4 2 _ 
[00139093] 2 | 9 7 3 0 11 6 5 10 1 4 2 _ 
[00139094] 5 | _ 7 _ 0 11 _ 5 10 1 6 2 _ 
[00139095] 4 | 3 7 _ 0 11 _ 5 10 1 6 2 _ 
[00139096] 3 | 3 7 4 0 11 _ 5 10 1 6 2 _ 
[00139097] 2 | 3 7 4 0 11 9 5 10 1 6 2 _ 
[00139098] 3 | 3 7 _ 0 11 8 5 10 1 6 2 _ 
[00139099] 2 | 3 7 9 0 11 8 5 10 1 6 2 _ 
[00139100] 2 | 3 7 _ 0 11 8 5 10 1 6 2 4 
[00139101] 4 | 11 7 _ 0 11 _ 5 10 1 6 2 _ 
[00139102] 3 | 11 7 4 0 11 _ 5 10 1 6 2 _ 
[00139103] 4 | _ 7 3 0 11 _ 5 10 1 6 2 _ 
[00139104] 3 | 4 7 3 0 11 _ 5 10 1 6 2 _ 
[00139105] 2 | 4 7 3 0 11 9 5 10 1 6 2 _ 
[00139106] 3 | _ 7 3 0 11 8 5 10 1 6 2 _ 
[00139107] 2 | 9 7 3 0 11 8 5 10 1 6 2 _ 
[00139108] 2 | _ 7 3 0 11 8 5 10 1 6 2 4 
[00139109] 4 | _ 7 11 0 11 _ 5 10 1 6 2 _ 
[00139110] 3 | 4 7 11 0 11 _ 5 10 1 6 2 _ 
[00139111] 4 | _ 7 _ 0 11 7 5 10 1 6 2 _ 
[00139112] 5 | _ 7 _ 0 11 _ 5 10 1 _ 2 7 
[00139113] 6 | _ 7 _ 0 11 _ _ 10 1 7 2 _ 
[00139114] 5 | _ 7 _ 0 11 6 _ 10 1 7 2 _ 
[00139115] 5 | _ 7 _ 0 11 _ 6 10 1 7 2 _ 
[00139116] 6 | _ 7 _ 0 11 _ _ 10 1 _ 2 8 
[00139117] 5 | _ 7 _ 0 11 6 _ 10 1 _ 2 8 
[00139118] 4 | 3 7 _ 0 11 6 _ 10 1 _ 2 8 
[00139119] 3 | 3 7 4 0 11 6 _ 10 1 _ 2 8 
[00139120] 2 | 3 7 4 0 11 6 9 10 1 _ 2 8 
[00139121] 3 | 3 7 _ 0 11 6 _ 10 1 4 2 8 
[00139122] 2 | 3 7 5 0 11 6 _ 10 1 4 2 8 
[00139123] 2 | 3 7 9 0 11 6 _ 10 1 4 2 8 
[00139124] 2 | 3 7 _ 0 11 6 9 10 1 4 2 8 
[00139125] 4 | 11 7 _ 0 11 6 _ 10 1 _ 2 8 
[00139126] 3 | 11 7 4 0 11 6 _ 10 1 _ 2 8 
[00139127] 2 | 11 7 4 0 11 6 _ 10 1 3 2 8 
[00139128] 3 | 11 7 _ 0 11 6 _ 10 1 4 2 8 
[00139129] 2 | 11 7 5 0 11 6 _ 10 1 4 2 8 
[00139130] 2 | 11 7 9 0 11 6 _ 10 1 4 2 8 
[00139131] 4 | _ 7 3 0 11 6 _ 10 1 _ 2 8 
[00139132] 3 | 4 7 3 0 11 6 _ 10 1 _ 2 8 
[00139133] 2 | 4 7 3 0 11 6 9 10 1 _ 2 8 
[00139134] 3 | _ 7 3 0 11 6 _ 10 1 4 2 8 
[00139135] 2 | 5 7 3 0 11 6 _ 10 1 4 2 8 
[00139136] 2 | 9 7 3 0 11 6 _ 10 1 4 2 8 
[00139137] 2 | _ 7 3 0 11 6 9 10 1 4 2 8 
[00139138] 4 | _ 7 11 0 11 6 _ 10 1 _ 2 8 
[00139139] 3 | 4 7 11 0 11 6 _ 10 1 _ 2 8 
[00139140] 2 | 4 7 11 0 11 6 _ 10 1 3 2 8 
[00139141] 3 | _ 7 11 0 11 6 _ 10 1 4 2 8 
[00139142] 2 | 5 7 11 0 11 6 _ 10 1 4 2 8 
[00139143] 2 | 9 7 11 0 11 6 _ 10 1 4 2 8 
[00139144] 4 | _ 7 _ 0 11 6 7 10 1 _ 2 8 
[00139145] 3 | _ 7 _ 0 11 6 7 10 1 4 2 8 
[00139146] 4 | _ 7 _ 0 11 6 _ 10 1 5 2 8 
[00139147] 3 | 4 7 _ 0 11 6 _ 10 1 5 2 8 
[00139148] 2 | 4 7 9 0 11 6 _ 10 1 5 2 8 
[00139149] 2 | 4 7 _ 0 11 6 9 10 1 5 2 8 
[00139150] 3 | _ 7 4 0 11 6 _ 10 1 5 2 8 
[00139151] 2 | 9 7 4 0 11 6 _ 10 1 5 2 8 
[00139152] 2 | _ 7 4 0 11 6 9 10 1 5 2 8 
[00139153] 5 | _ 7 _ 0 11 _ 6 10 1 _ 2 8 
[00139154] 4 | 3 7 _ 0 11 _ 6 10 1 _ 2 8 
[00139155] 3 | 3 7 4 0 11 _ 6 10 1 _ 2 8 
[00139156] 2 | 3 7 4 0 11 9 6 10 1 _ 2 8 
[00139157] 3 | 3 7 _ 0 11 _ 6 10 1 4 2 8 
[00139158] 2 | 3 7 5 0 11 _ 6 10 1 4 2 8 
[00139159] 2 | 3 7 9 0 11 _ 6 10 1 4 2 8 
[00139160] 2 | 3 7 _ 0 11 9 6 10 1 4 2 8 
[00139161] 4 | 11 7 _ 0 11 _ 6 10 1 _ 2 8 
[00139162] 3 | 11 7 4 0 11 _ 6 10 1 _ 2 8 
[00139163] 2 | 11 7 4 0 11 _ 6 10 1 3 2 8 
[00139164] 3 | 11 7 _ 0 11 _ 6 10 1 4 2 8 
[00139165] 2 | 11 7 5 0 11 _ 6 10 1 4 2 8 
[00139166] 2 | 11 7 9 0 11 _ 6 10 1 4 2 8 
[00139167] 4 | _ 7 3 0 11 _ 6 10 1 _ 2 8 
[00139168] 3 | 4 7 3 0 11 _ 6 10 1 _ 2 8 
[00139169] 2 | 4 7 3 0 11 9 6 10 1 _ 2 8 
[00139170] 3 | _ 7 3 0 11 _ 6 10 1 4 2 8 
[00139171] 2 | 5 7 3 0 11 _ 6 10 1 4 2 8 
[00139172] 2 | 9 7 3 0 11 _ 6 10 1 4 2 8 
[00139173] 2 | _ 7 3 0 11 9 6 10 1 4 2 8 
[00139174] 4 | _ 7 11 0 11 _ 6 10 1 _ 2 8 
[00139175] 3 | 4 7 11 0 11 _ 6 10 1 _ 2 8 
[00139176] 2 | 4 7 11 0 11 _ 6 10 1 3 2 8 
[00139177] 3 | _ 7 11 0 11 _ 6 10 1 4 2 8 
[00139178] 2 | 5 7 11 0 11 _ 6 10 1 4 2 8 
[00139179] 2 | 9 7 11 0 11 _ 6 10 1 4 2 8 
[00139180] 4 | _ 7 _ 0 11 7 6 10 1 _ 2 8 
[00139181] 3 | _ 7 _ 0 11 7 6 10 1 4 2 8 
[00139182] 4 | _ 7 _ 0 11 _ 6 10 1 5 2 8 
[00139183] 3 | 4 7 _ 0 11 _ 6 10 1 5 2 8 
[00139184] 2 | 4 7 9 0 11 _ 6 10 1 5 2 8 
[00139185] 2 | 4 7 _ 0 11 9 6 10 1 5 2 8 
[00139186] 3 | _ 7 4 0 11 _ 6 10 1 5 2 8 
[00139187] 2 | 9 7 4 0 11 _ 6 10 1 5 2 8 
[00139188] 2 | _ 7 4 0 11 9 6 10 1 5 2 8 
[00139189] 5 | _ 7 _ 0 11 _ _ 10 1 6 2 8 
[00139190] 4 | 3 7 _ 0 11 _ _ 10 1 6 2 8 
[00139191] 3 | 3 7 4 0 11 _ _ 10 1 6 2 8 
[00139192] 2 | 3 7 4 0 11 9 _ 10 1 6 2 8 
[00139193] 2 | 3 7 4 0 11 _ 9 10 1 6 2 8 
[00139194] 4 | 11 7 _ 0 11 _ _ 10 1 6 2 8 
[00139195] 3 | 11 7 4 0 11 _ _ 10 1 6 2 8 
[00139196] 4 | _ 7 3 0 11 _ _ 10 1 6 2 8 
[00139197] 3 | 4 7 3 0 11 _ _ 10 1 6 2 8 
[00139198] 2 | 4 7 3 0 11 9 _ 10 1 6 2 8 
[00139199] 2 | 4 7 3 0 11 _ 9 10 1 6 2 8 
[00139200] 4 | _ 7 11 0 11 _ _ 10 1 6 2 8 
[00139201] 3 | 4 7 11 0 11 _ _ 10 1 6 2 8 
[00139202] 4 | _ 7 _ 0 11 7 _ 10 1 6 2 8 
[00139203] 4 | _ 7 _ 0 11 _ 7 10 1 6 2 8 
[00139204] 7 | _ _ _ 0 11 4 _ 10 1 _ 2 _ 
[00139205] 6 | 3 9 _ 0 11 4 _ 10 1 _ 2 _ 
[00139206] 6 | 9 3 _ 0 11 4 _ 10 1 _ 2 _ 
[00139207] 5 | 9 3 8 0 11 4 _ 10 1 _ 2 _ 
[00139208] 4 | 9 3 8 0 11 4 7 10 1 _ 2 _ 
[00139209] 3 | 9 3 8 0 11 4 7 10 1 _ 2 5 
[00139210] 4 | 9 3 8 0 11 4 _ 10 1 5 2 _ 
[00139211] 4 | 9 3 8 0 11 4 _ 10 1 _ 2 6 
[00139212] 5 | 9 3 _ 0 11 4 6 10 1 _ 2 _ 
[00139213] 4 | 9 3 7 0 11 4 6 10 1 _ 2 _ 
[00139214] 3 | 9 3 7 0 11 4 6 10 1 _ 2 5 
[00139215] 4 | 9 3 _ 0 11 4 6 10 1 5 2 _ 
[00139216] 5 | 9 3 _ 0 11 4 _ 10 1 6 2 _ 
[00139217] 4 | 9 3 7 0 11 4 _ 10 1 6 2 _ 
[00139218] 3 | 9 3 7 0 11 4 8 10 1 6 2 _ 
[00139219] 3 | 9 3 7 0 11 4 _ 10 1 6 2 5 
[00139220] 4 | 9 3 _ 0 11 4 7 10 1 6 2 _ 
[00139221] 3 | 9 3 _ 0 11 4 7 10 1 6 2 5 
[00139222] 5 | 9 3 _ 0 11 4 _ 10 1 _ 2 7 
[00139223] 4 | 9 3 _ 0 11 4 _ 10 1 5 2 7 
[00139224] 3 | 9 3 6 0 11 4 _ 10 1 5 2 7 
[00139225] 3 | 9 3 _ 0 11 4 8 10 1 5 2 7 
[00139226] 6 | _ 3 9 0 11 4 _ 10 1 _ 2 _ 
[00139227] 5 | 8 3 9 0 11 4 _ 10 1 _ 2 _ 
[00139228] 4 | 8 3 9 0 11 4 7 10 1 _ 2 _ 
[00139229] 3 | 8 3 9 0 11 4 7 10 1 _ 2 5 
[00139230] 4 | 8 3 9 0 11 4 _ 10 1 5 2 _ 
[00139231] 4 | 8 3 9 0 11 4 _ 10 1 _ 2 6 
[00139232] 5 | _ 3 9 0 11 4 6 10 1 _ 2 _ 
[00139233] 4 | 7 3 9 0 11 4 6 10 1 _ 2 _ 
[00139234] 3 | 7 3 9 0 11 4 6 10 1 _ 2 5 
[00139235] 4 | _ 3 9 0 11 4 6 10 1 5 2 _ 
[00139236] 5 | _ 3 9 0 11 4 _ 10 1 6 2 _ 
[00139237] 4 | 7 3 9 0 11 4 _ 10 1 6 2 _ 
[00139238] 3 | 7 3 9 0 11 4 8 10 1 6 2 _ 
[00139239] 3 | 7 3 9 0 11 4 _ 10 1 6 2 5 
[00139240] 4 | _ 3 9 0 11 4 7 10 1 6 2 _ 
[00139241] 3 | _ 3 9 0 11 4 7 10 1 6 2 5 
[00139242] 5 | _ 3 9 0 11 4 _ 10 1 _ 2 7 
[00139243] 4 | _ 3 9 0 11 4 _ 10 1 5 2 7 
[00139244] 3 | 6 3 9 0 11 4 _ 10 1 5 2 7 
[00139245] 3 | _ 3 9 0 11 4 8 10 1 5 2 7 
[00139246] 6 | _ 9 3 0 11 4 _ 10 1 _ 2 _ 
[00139247] 6 | _ 6 _ 0 11 4 _ 10 1 _ 2 _ 
[00139248] 5 | 1 6 _ 0 11 4 _ 10 1 _ 2 _ 
[00139249] 4 | 1 6 2 0 11 4 _ 10 1 _ 2 _ 
[00139250] 3 | 1 6 2 0 11 4 8 10 1 _ 2 _ 
[00139251] 4 | 1 6 _ 0 11 4 7 10 1 _ 2 _ 
[00139252] 3 | 1 6 3 0 11 4 7 10 1 _ 2 _ 
[00139253] 3 | 1 6 9 0 11 4 7 10 1 _ 2 _ 
[00139254] 3 | 1 6 _ 0 11 4 7 10 1 _ 2 5 
[00139255] 2 | 1 6 8 0 11 4 7 10 1 _ 2 5 
[00139256] 4 | 1 6 _ 0 11 4 _ 10 1 _ 2 6 
[00139257] 3 | 1 6 _ 0 11 4 8 10 1 _ 2 6 
[00139258] 5 | 11 6 _ 0 11 4 _ 10 1 _ 2 _ 
[00139259] 4 | 11 6 2 0 11 4 _ 10 1 _ 2 _ 
[00139260] 4 | 11 6 _ 0 11 4 _ 10 1 5 2 _ 
[00139261] 3 | 11 6 3 0 11 4 _ 10 1 5 2 _ 
[00139262] 3 | 11 6 9 0 11 4 _ 10 1 5 2 _ 
[00139263] 4 | 11 6 _ 0 11 4 _ 10 1 _ 2 6 
[00139264] 5 | _ 6 1 0 11 4 _ 10 1 _ 2 _ 
[00139265] 4 | 2 6 1 0 11 4 _ 10 1 _ 2 _ 
[00139266] 3 | 2 6 1 0 11 4 8 10 1 _ 2 _ 
[00139267] 4 | _ 6 1 0 11 4 7 10 1 _ 2 _ 
[00139268] 3 | 3 6 1 0 11 4 7 10 1 _ 2 _ 
[00139269] 3 | 9 6 1 0 11 4 7 10 1 _ 2 _ 
[00139270] 3 | _ 6 1 0 11 4 7 10 1 _ 2 5 
[00139271] 2 | 8 6 1 0 11 4 7 10 1 _ 2 5 
[00139272] 4 | _ 6 1 0 11 4 _ 10 1 _ 2 6 
[00139273] 3 | _ 6 1 0 11 4 8 10 1 _ 2 6 
[00139274] 5 | _ 6 11 0 11 4 _ 10 1 _ 2 _ 
[00139275] 4 | 2 6 11 0 11 4 _ 10 1 _ 2 _ 
[00139276] 4 | _ 6 11 0 11 4 _ 10 1 5 2 _ 
[00139277] 3 | 3 6 11 0 11 4 _ 10 1 5 2 _ 
[00139278] 3 | 9 6 11 0 11 4 _ 10 1 5 2 _ 
[00139279] 4 | _ 6 11 0 11 4 _ 10 1 _ 2 6 
[00139280] 5 | _ 6 _ 0 11 4 6 10 1 _ 2 _ 
[00139281] 4 | _ 6 _ 0 11 4 6 10 1 5 2 _ 
[00139282] 5 | _ 6 _ 0 11 4 _ 10 1 6 2 _ 
[00139283] 4 | _ 6 _ 0 11 4 7 10 1 6 2 _ 
[00139284] 3 | _ 6 _ 0 11 4 7 10 1 6 2 5 
[00139285] 5 | _ 6 _ 0 11 4 _ 10 1 _ 2 7 
[00139286] 4 | _ 6 _ 0 11 4 _ 10 1 5 2 7 
