[00116925] 3 | 4 10 5 0 11 3 7 9 6 _ 2 _ 
[00116926] 2 | 4 10 5 0 11 3 7 9 6 8 2 _ 
[00116927] 1 | 4 10 5 0 11 3 7 9 6 8 2 1  *Graceful*
[00116927] 4 | 4 10 5 0 11 3 _ 9 _ _ 2 6 
[00116928] 3 | 4 10 5 0 11 3 8 9 _ _ 2 6 
[00116929] 2 | 4 10 5 0 11 3 8 9 7 _ 2 6 
[00116930] 5 | 4 10 _ 0 11 3 6 9 _ _ 2 _ 
[00116931] 4 | 4 10 _ 0 11 3 6 9 5 _ 2 _ 
[00116932] 3 | 4 10 7 0 11 3 6 9 5 _ 2 _ 
[00116933] 3 | 4 10 _ 0 11 3 6 9 5 2 2 _ 
[00116934] 2 | 4 10 8 0 11 3 6 9 5 2 2 _ 
[00116935] 3 | 4 10 _ 0 11 3 6 9 5 8 2 _ 
[00116936] 3 | 4 10 _ 0 11 3 6 9 5 _ 2 5 
[00116937] 2 | 4 10 8 0 11 3 6 9 5 _ 2 5 
[00116938] 4 | 4 10 _ 0 11 3 6 9 1 5 2 _ 
[00116939] 3 | 4 10 7 0 11 3 6 9 1 5 2 _ 
[00116940] 4 | 4 10 _ 0 11 3 6 9 5 1 2 _ 
[00116941] 3 | 4 10 7 0 11 3 6 9 5 1 2 _ 
[00116942] 5 | 4 10 _ 0 11 3 _ 9 1 6 2 _ 
[00116943] 4 | 4 10 _ 0 11 3 7 9 1 6 2 _ 
[00116944] 3 | 4 10 _ 0 11 3 7 9 1 6 2 5 
[00116945] 2 | 4 10 8 0 11 3 7 9 1 6 2 5 
[00116946] 5 | 4 10 _ 0 11 3 _ 9 6 1 2 _ 
[00116947] 4 | 4 10 _ 0 11 3 7 9 6 1 2 _ 
[00116948] 3 | 4 10 _ 0 11 3 7 9 6 1 2 5 
[00116949] 2 | 4 10 8 0 11 3 7 9 6 1 2 5 
[00116950] 5 | 4 10 _ 0 11 3 _ 9 _ _ 2 7 
[00116951] 4 | 4 10 6 0 11 3 _ 9 _ _ 2 7 
[00116952] 3 | 4 10 6 0 11 3 8 9 _ _ 2 7 
[00116953] 3 | 4 10 6 0 11 3 _ 9 5 8 2 7 
[00116954] 3 | 4 10 6 0 11 3 _ 9 8 5 2 7 
[00116955] 4 | 4 10 _ 0 11 3 _ 9 5 _ 2 7 
[00116956] 3 | 4 10 _ 0 11 3 8 9 5 _ 2 7 
[00116957] 3 | 4 10 _ 0 11 3 _ 9 5 8 2 7 
[00116958] 4 | 4 10 _ 0 11 3 _ 9 1 5 2 7 
[00116959] 3 | 4 10 _ 0 11 3 8 9 1 5 2 7 
[00116960] 4 | 4 10 _ 0 11 3 _ 9 5 1 2 7 
[00116961] 3 | 4 10 _ 0 11 3 8 9 5 1 2 7 
[00116962] 6 | _ 10 4 0 11 3 _ 9 _ _ 2 _ 
[00116963] 5 | 5 10 4 0 11 3 _ 9 _ _ 2 _ 
[00116964] 4 | 5 10 4 0 11 3 7 9 _ _ 2 _ 
[00116965] 3 | 5 10 4 0 11 3 7 9 6 _ 2 _ 
[00116966] 2 | 5 10 4 0 11 3 7 9 6 8 2 _ 
[00116967] 1 | 5 10 4 0 11 3 7 9 6 8 2 1  *Graceful*
[00116967] 4 | 5 10 4 0 11 3 _ 9 _ _ 2 6 
[00116968] 3 | 5 10 4 0 11 3 8 9 _ _ 2 6 
[00116969] 2 | 5 10 4 0 11 3 8 9 7 _ 2 6 
[00116970] 5 | _ 10 4 0 11 3 6 9 _ _ 2 _ 
[00116971] 4 | _ 10 4 0 11 3 6 9 5 _ 2 _ 
[00116972] 3 | 7 10 4 0 11 3 6 9 5 _ 2 _ 
[00116973] 3 | _ 10 4 0 11 3 6 9 5 2 2 _ 
[00116974] 2 | 8 10 4 0 11 3 6 9 5 2 2 _ 
[00116975] 3 | _ 10 4 0 11 3 6 9 5 8 2 _ 
[00116976] 3 | _ 10 4 0 11 3 6 9 5 _ 2 5 
[00116977] 2 | 8 10 4 0 11 3 6 9 5 _ 2 5 
[00116978] 4 | _ 10 4 0 11 3 6 9 1 5 2 _ 
[00116979] 3 | 7 10 4 0 11 3 6 9 1 5 2 _ 
[00116980] 4 | _ 10 4 0 11 3 6 9 5 1 2 _ 
[00116981] 3 | 7 10 4 0 11 3 6 9 5 1 2 _ 
[00116982] 5 | _ 10 4 0 11 3 _ 9 1 6 2 _ 
[00116983] 4 | _ 10 4 0 11 3 7 9 1 6 2 _ 
[00116984] 3 | _ 10 4 0 11 3 7 9 1 6 2 5 
[00116985] 2 | 8 10 4 0 11 3 7 9 1 6 2 5 
[00116986] 5 | _ 10 4 0 11 3 _ 9 6 1 2 _ 
[00116987] 4 | _ 10 4 0 11 3 7 9 6 1 2 _ 
[00116988] 3 | _ 10 4 0 11 3 7 9 6 1 2 5 
[00116989] 2 | 8 10 4 0 11 3 7 9 6 1 2 5 
[00116990] 5 | _ 10 4 0 11 3 _ 9 _ _ 2 7 
[00116991] 4 | 6 10 4 0 11 3 _ 9 _ _ 2 7 
[00116992] 3 | 6 10 4 0 11 3 8 9 _ _ 2 7 
[00116993] 3 | 6 10 4 0 11 3 _ 9 5 8 2 7 
[00116994] 3 | 6 10 4 0 11 3 _ 9 8 5 2 7 
[00116995] 4 | _ 10 4 0 11 3 _ 9 5 _ 2 7 
[00116996] 3 | _ 10 4 0 11 3 8 9 5 _ 2 7 
[00116997] 3 | _ 10 4 0 11 3 _ 9 5 8 2 7 
[00116998] 4 | _ 10 4 0 11 3 _ 9 1 5 2 7 
[00116999] 3 | _ 10 4 0 11 3 8 9 1 5 2 7 
[00117000] 4 | _ 10 4 0 11 3 _ 9 5 1 2 7 
[00117001] 3 | _ 10 4 0 11 3 8 9 5 1 2 7 
[00117002] 6 | _ 10 _ 0 11 3 5 9 _ _ 2 _ 
[00117003] 5 | _ 10 _ 0 11 3 5 9 4 _ 2 _ 
[00117004] 4 | 6 10 _ 0 11 3 5 9 4 _ 2 _ 
[00117005] 3 | 6 10 7 0 11 3 5 9 4 _ 2 _ 
[00117006] 2 | 6 10 7 0 11 3 5 9 4 2 2 _ 
[00117007] 2 | 6 10 7 0 11 3 5 9 4 _ 2 4 
[00117008] 3 | 6 10 _ 0 11 3 5 9 4 1 2 _ 
[00117009] 2 | 6 10 8 0 11 3 5 9 4 1 2 _ 
[00117010] 3 | 6 10 _ 0 11 3 5 9 4 7 2 _ 
[00117011] 2 | 6 10 8 0 11 3 5 9 4 7 2 _ 
[00117012] 1 | 6 10 8 0 11 3 5 9 4 7 2 1  *Graceful*
[00117012] 4 | _ 10 6 0 11 3 5 9 4 _ 2 _ 
[00117013] 3 | 7 10 6 0 11 3 5 9 4 _ 2 _ 
[00117014] 2 | 7 10 6 0 11 3 5 9 4 2 2 _ 
[00117015] 2 | 7 10 6 0 11 3 5 9 4 _ 2 4 
[00117016] 3 | _ 10 6 0 11 3 5 9 4 1 2 _ 
[00117017] 2 | 8 10 6 0 11 3 5 9 4 1 2 _ 
[00117018] 3 | _ 10 6 0 11 3 5 9 4 7 2 _ 
[00117019] 2 | 8 10 6 0 11 3 5 9 4 7 2 _ 
[00117020] 1 | 8 10 6 0 11 3 5 9 4 7 2 1  *Graceful*
[00117020] 4 | _ 10 _ 0 11 3 5 9 4 8 2 _ 
[00117021] 3 | 7 10 _ 0 11 3 5 9 4 8 2 _ 
[00117022] 3 | _ 10 7 0 11 3 5 9 4 8 2 _ 
[00117023] 4 | _ 10 _ 0 11 3 5 9 4 _ 2 6 
[00117024] 3 | 7 10 _ 0 11 3 5 9 4 _ 2 6 
[00117025] 2 | 7 10 8 0 11 3 5 9 4 _ 2 6 
[00117026] 3 | _ 10 7 0 11 3 5 9 4 _ 2 6 
[00117027] 2 | 8 10 7 0 11 3 5 9 4 _ 2 6 
[00117028] 3 | _ 10 _ 0 11 3 5 9 4 1 2 6 
[00117029] 2 | 8 10 _ 0 11 3 5 9 4 1 2 6 
[00117030] 2 | _ 10 8 0 11 3 5 9 4 1 2 6 
[00117031] 3 | _ 10 _ 0 11 3 5 9 4 7 2 6 
[00117032] 2 | 8 10 _ 0 11 3 5 9 4 7 2 6 
[00117033] 2 | _ 10 8 0 11 3 5 9 4 7 2 6 
[00117034] 5 | _ 10 _ 0 11 3 5 9 1 6 2 _ 
[00117035] 5 | _ 10 _ 0 11 3 5 9 6 1 2 _ 
[00117036] 5 | _ 10 _ 0 11 3 5 9 _ _ 2 7 
[00117037] 4 | 6 10 _ 0 11 3 5 9 _ _ 2 7 
[00117038] 3 | 6 10 _ 0 11 3 5 9 1 4 2 7 
[00117039] 2 | 6 10 8 0 11 3 5 9 1 4 2 7 
[00117040] 3 | 6 10 _ 0 11 3 5 9 4 1 2 7 
[00117041] 2 | 6 10 8 0 11 3 5 9 4 1 2 7 
[00117042] 4 | _ 10 6 0 11 3 5 9 _ _ 2 7 
[00117043] 3 | _ 10 6 0 11 3 5 9 1 4 2 7 
[00117044] 2 | 8 10 6 0 11 3 5 9 1 4 2 7 
[00117045] 3 | _ 10 6 0 11 3 5 9 4 1 2 7 
[00117046] 2 | 8 10 6 0 11 3 5 9 4 1 2 7 
[00117047] 4 | _ 10 _ 0 11 3 5 9 4 8 2 7 
[00117048] 4 | _ 10 _ 0 11 3 5 9 8 4 2 7 
[00117049] 6 | _ 10 _ 0 11 3 _ 9 1 7 2 _ 
[00117050] 5 | 5 10 _ 0 11 3 _ 9 1 7 2 _ 
[00117051] 4 | 5 10 6 0 11 3 _ 9 1 7 2 _ 
[00117052] 3 | 5 10 6 0 11 3 8 9 1 7 2 _ 
[00117053] 2 | 5 10 6 0 11 3 8 9 1 7 2 4 
[00117054] 4 | 5 10 _ 0 11 3 _ 9 1 7 2 6 
[00117055] 3 | 5 10 _ 0 11 3 8 9 1 7 2 6 
[00117056] 5 | _ 10 5 0 11 3 _ 9 1 7 2 _ 
[00117057] 4 | 6 10 5 0 11 3 _ 9 1 7 2 _ 
[00117058] 3 | 6 10 5 0 11 3 8 9 1 7 2 _ 
[00117059] 2 | 6 10 5 0 11 3 8 9 1 7 2 4 
[00117060] 4 | _ 10 5 0 11 3 _ 9 1 7 2 6 
[00117061] 3 | _ 10 5 0 11 3 8 9 1 7 2 6 
[00117062] 5 | _ 10 _ 0 11 3 6 9 1 7 2 _ 
[00117063] 6 | _ 10 _ 0 11 3 _ 9 7 1 2 _ 
[00117064] 5 | 5 10 _ 0 11 3 _ 9 7 1 2 _ 
[00117065] 4 | 5 10 6 0 11 3 _ 9 7 1 2 _ 
[00117066] 3 | 5 10 6 0 11 3 8 9 7 1 2 _ 
[00117067] 2 | 5 10 6 0 11 3 8 9 7 1 2 4 
[00117068] 4 | 5 10 _ 0 11 3 _ 9 7 1 2 6 
[00117069] 3 | 5 10 _ 0 11 3 8 9 7 1 2 6 
[00117070] 5 | _ 10 5 0 11 3 _ 9 7 1 2 _ 
[00117071] 4 | 6 10 5 0 11 3 _ 9 7 1 2 _ 
[00117072] 3 | 6 10 5 0 11 3 8 9 7 1 2 _ 
[00117073] 2 | 6 10 5 0 11 3 8 9 7 1 2 4 
[00117074] 4 | _ 10 5 0 11 3 _ 9 7 1 2 6 
[00117075] 3 | _ 10 5 0 11 3 8 9 7 1 2 6 
[00117076] 5 | _ 10 _ 0 11 3 6 9 7 1 2 _ 
[00117077] 6 | _ 10 _ 0 11 3 _ 9 _ _ 2 8 
[00117078] 5 | 5 10 _ 0 11 3 _ 9 _ _ 2 8 
[00117079] 4 | 5 10 6 0 11 3 _ 9 _ _ 2 8 
[00117080] 3 | 5 10 6 0 11 3 _ 9 1 4 2 8 
[00117081] 3 | 5 10 6 0 11 3 _ 9 4 7 2 8 
[00117082] 3 | 5 10 6 0 11 3 _ 9 4 1 2 8 
[00117083] 3 | 5 10 6 0 11 3 _ 9 7 4 2 8 
[00117084] 4 | 5 10 _ 0 11 3 7 9 _ _ 2 8 
[00117085] 3 | 5 10 _ 0 11 3 7 9 6 _ 2 8 
[00117086] 2 | 5 10 _ 0 11 3 7 9 6 4 2 8 
[00117087] 3 | 5 10 _ 0 11 3 7 9 1 4 2 8 
[00117088] 3 | 5 10 _ 0 11 3 7 9 4 1 2 8 
[00117089] 5 | _ 10 5 0 11 3 _ 9 _ _ 2 8 
[00117090] 4 | 6 10 5 0 11 3 _ 9 _ _ 2 8 
[00117091] 3 | 6 10 5 0 11 3 _ 9 1 4 2 8 
[00117092] 3 | 6 10 5 0 11 3 _ 9 4 7 2 8 
[00117093] 3 | 6 10 5 0 11 3 _ 9 4 1 2 8 
[00117094] 3 | 6 10 5 0 11 3 _ 9 7 4 2 8 
[00117095] 4 | _ 10 5 0 11 3 7 9 _ _ 2 8 
[00117096] 3 | _ 10 5 0 11 3 7 9 6 _ 2 8 
[00117097] 2 | _ 10 5 0 11 3 7 9 6 4 2 8 
[00117098] 3 | _ 10 5 0 11 3 7 9 1 4 2 8 
[00117099] 3 | _ 10 5 0 11 3 7 9 4 1 2 8 
[00117100] 5 | _ 10 _ 0 11 3 6 9 _ _ 2 8 
[00117101] 4 | _ 10 _ 0 11 3 6 9 5 _ 2 8 
[00117102] 3 | 7 10 _ 0 11 3 6 9 5 _ 2 8 
[00117103] 3 | _ 10 7 0 11 3 6 9 5 _ 2 8 
[00117104] 4 | _ 10 _ 0 11 3 6 9 1 5 2 8 
[00117105] 3 | 7 10 _ 0 11 3 6 9 1 5 2 8 
[00117106] 3 | _ 10 7 0 11 3 6 9 1 5 2 8 
[00117107] 4 | _ 10 _ 0 11 3 6 9 5 1 2 8 
[00117108] 3 | 7 10 _ 0 11 3 6 9 5 1 2 8 
[00117109] 3 | _ 10 7 0 11 3 6 9 5 1 2 8 
[00117110] 5 | _ 10 _ 0 11 3 _ 9 4 _ 2 8 
[00117111] 4 | 6 10 _ 0 11 3 _ 9 4 _ 2 8 
[00117112] 3 | 6 10 7 0 11 3 _ 9 4 _ 2 8 
[00117113] 3 | 6 10 _ 0 11 3 _ 9 4 1 2 8 
[00117114] 3 | 6 10 _ 0 11 3 _ 9 4 7 2 8 
[00117115] 4 | _ 10 6 0 11 3 _ 9 4 _ 2 8 
[00117116] 3 | 7 10 6 0 11 3 _ 9 4 _ 2 8 
[00117117] 3 | _ 10 6 0 11 3 _ 9 4 1 2 8 
[00117118] 3 | _ 10 6 0 11 3 _ 9 4 7 2 8 
[00117119] 4 | _ 10 _ 0 11 3 7 9 4 _ 2 8 
[00117120] 3 | _ 10 _ 0 11 3 7 9 4 1 2 8 
[00117121] 5 | _ 10 _ 0 11 3 _ 9 1 6 2 8 
[00117122] 4 | _ 10 _ 0 11 3 7 9 1 6 2 8 
[00117123] 5 | _ 10 _ 0 11 3 _ 9 6 1 2 8 
[00117124] 4 | _ 10 _ 0 11 3 7 9 6 1 2 8 
[00117125] 7 | _ 10 _ 0 11 3 _ 9 _ _ 1 8 
[00117126] 6 | 4 10 _ 0 11 3 _ 9 _ _ 1 8 
[00117127] 5 | 4 10 5 0 11 3 _ 9 _ _ 1 8 
[00117128] 4 | 4 10 5 0 11 3 7 9 _ _ 1 8 
[00117129] 3 | 4 10 5 0 11 3 7 9 6 _ 1 8 
[00117130] 4 | 4 10 5 0 11 3 _ 9 2 6 1 8 
[00117131] 4 | 4 10 5 0 11 3 _ 9 6 2 1 8 
[00117132] 5 | 4 10 _ 0 11 3 6 9 _ _ 1 8 
[00117133] 4 | 4 10 _ 0 11 3 6 9 5 _ 1 8 
[00117134] 3 | 4 10 7 0 11 3 6 9 5 _ 1 8 
[00117135] 3 | 4 10 _ 0 11 3 6 9 5 2 1 8 
[00117136] 5 | 4 10 _ 0 11 3 _ 9 2 7 1 8 
[00117137] 4 | 4 10 6 0 11 3 _ 9 2 7 1 8 
[00117138] 5 | 4 10 _ 0 11 3 _ 9 7 2 1 8 
[00117139] 4 | 4 10 6 0 11 3 _ 9 7 2 1 8 
[00117140] 6 | _ 10 4 0 11 3 _ 9 _ _ 1 8 
[00117141] 5 | 5 10 4 0 11 3 _ 9 _ _ 1 8 
[00117142] 4 | 5 10 4 0 11 3 7 9 _ _ 1 8 
[00117143] 3 | 5 10 4 0 11 3 7 9 6 _ 1 8 
[00117144] 4 | 5 10 4 0 11 3 _ 9 2 6 1 8 
[00117145] 4 | 5 10 4 0 11 3 _ 9 6 2 1 8 
[00117146] 5 | _ 10 4 0 11 3 6 9 _ _ 1 8 
[00117147] 4 | _ 10 4 0 11 3 6 9 5 _ 1 8 
[00117148] 3 | 7 10 4 0 11 3 6 9 5 _ 1 8 
[00117149] 3 | _ 10 4 0 11 3 6 9 5 2 1 8 
[00117150] 5 | _ 10 4 0 11 3 _ 9 2 7 1 8 
[00117151] 4 | 6 10 4 0 11 3 _ 9 2 7 1 8 
[00117152] 5 | _ 10 4 0 11 3 _ 9 7 2 1 8 
[00117153] 4 | 6 10 4 0 11 3 _ 9 7 2 1 8 
[00117154] 6 | _ 10 _ 0 11 3 5 9 _ _ 1 8 
[00117155] 5 | _ 10 _ 0 11 3 5 9 4 _ 1 8 
[00117156] 4 | 6 10 _ 0 11 3 5 9 4 _ 1 8 
[00117157] 3 | 6 10 7 0 11 3 5 9 4 _ 1 8 
[00117158] 2 | 6 10 7 0 11 3 5 9 4 2 1 8 
[00117159] 3 | 6 10 _ 0 11 3 5 9 4 7 1 8 
[00117160] 4 | _ 10 6 0 11 3 5 9 4 _ 1 8 
[00117161] 3 | 7 10 6 0 11 3 5 9 4 _ 1 8 
[00117162] 2 | 7 10 6 0 11 3 5 9 4 2 1 8 
[00117163] 3 | _ 10 6 0 11 3 5 9 4 7 1 8 
[00117164] 5 | _ 10 _ 0 11 3 5 9 2 7 1 8 
[00117165] 4 | 6 10 _ 0 11 3 5 9 2 7 1 8 
[00117166] 4 | _ 10 6 0 11 3 5 9 2 7 1 8 
[00117167] 5 | _ 10 _ 0 11 3 5 9 7 2 1 8 
[00117168] 4 | 6 10 _ 0 11 3 5 9 7 2 1 8 
[00117169] 4 | _ 10 6 0 11 3 5 9 7 2 1 8 
[00117170] 7 | _ 10 _ 0 11 3 _ 9 _ _ 8 1 
[00117171] 6 | 4 10 _ 0 11 3 _ 9 _ _ 8 1 
[00117172] 5 | 4 10 5 0 11 3 _ 9 _ _ 8 1 
[00117173] 4 | 4 10 5 0 11 3 7 9 _ _ 8 1 
[00117174] 3 | 4 10 5 0 11 3 7 9 6 _ 8 1 
[00117175] 4 | 4 10 5 0 11 3 _ 9 2 6 8 1 
[00117176] 4 | 4 10 5 0 11 3 _ 9 6 2 8 1 
[00117177] 5 | 4 10 _ 0 11 3 6 9 _ _ 8 1 
[00117178] 4 | 4 10 _ 0 11 3 6 9 5 _ 8 1 
[00117179] 3 | 4 10 7 0 11 3 6 9 5 _ 8 1 
[00117180] 3 | 4 10 _ 0 11 3 6 9 5 2 8 1 
[00117181] 5 | 4 10 _ 0 11 3 _ 9 2 7 8 1 
[00117182] 4 | 4 10 6 0 11 3 _ 9 2 7 8 1 
[00117183] 5 | 4 10 _ 0 11 3 _ 9 7 2 8 1 
[00117184] 4 | 4 10 6 0 11 3 _ 9 7 2 8 1 
[00117185] 6 | _ 10 4 0 11 3 _ 9 _ _ 8 1 
[00117186] 5 | 5 10 4 0 11 3 _ 9 _ _ 8 1 
[00117187] 4 | 5 10 4 0 11 3 7 9 _ _ 8 1 
[00117188] 3 | 5 10 4 0 11 3 7 9 6 _ 8 1 
[00117189] 4 | 5 10 4 0 11 3 _ 9 2 6 8 1 
[00117190] 4 | 5 10 4 0 11 3 _ 9 6 2 8 1 
[00117191] 5 | _ 10 4 0 11 3 6 9 _ _ 8 1 
[00117192] 4 | _ 10 4 0 11 3 6 9 5 _ 8 1 
[00117193] 3 | 7 10 4 0 11 3 6 9 5 _ 8 1 
[00117194] 3 | _ 10 4 0 11 3 6 9 5 2 8 1 
[00117195] 5 | _ 10 4 0 11 3 _ 9 2 7 8 1 
[00117196] 4 | 6 10 4 0 11 3 _ 9 2 7 8 1 
[00117197] 5 | _ 10 4 0 11 3 _ 9 7 2 8 1 
[00117198] 4 | 6 10 4 0 11 3 _ 9 7 2 8 1 
[00117199] 6 | _ 10 _ 0 11 3 5 9 _ _ 8 1 
[00117200] 5 | _ 10 _ 0 11 3 5 9 4 _ 8 1 
[00117201] 4 | 6 10 _ 0 11 3 5 9 4 _ 8 1 
[00117202] 3 | 6 10 7 0 11 3 5 9 4 _ 8 1 
[00117203] 2 | 6 10 7 0 11 3 5 9 4 2 8 1 
[00117204] 1 | 6 10 7 0 11 3 5 9 4 2 8 1  *Graceful*
[00117204] 3 | 6 10 _ 0 11 3 5 9 4 7 8 1 
[00117205] 4 | _ 10 6 0 11 3 5 9 4 _ 8 1 
[00117206] 3 | 7 10 6 0 11 3 5 9 4 _ 8 1 
[00117207] 2 | 7 10 6 0 11 3 5 9 4 2 8 1 
[00117208] 1 | 7 10 6 0 11 3 5 9 4 2 8 1  *Graceful*
[00117208] 3 | _ 10 6 0 11 3 5 9 4 7 8 1 
[00117209] 5 | _ 10 _ 0 11 3 5 9 2 7 8 1 
[00117210] 4 | 6 10 _ 0 11 3 5 9 2 7 8 1 
[00117211] 4 | _ 10 6 0 11 3 5 9 2 7 8 1 
[00117212] 5 | _ 10 _ 0 11 3 5 9 7 2 8 1 
[00117213] 4 | 6 10 _ 0 11 3 5 9 7 2 8 1 
[00117214] 4 | _ 10 6 0 11 3 5 9 7 2 8 1 
[00117215] 8 | _ 10 _ 0 11 _ 3 9 _ _ _ _ 
[00117216] 7 | _ 10 _ 0 11 4 3 9 _ _ _ _ 
[00117217] 6 | _ 10 _ 0 11 4 3 9 1 7 _ _ 
[00117218] 5 | 5 10 _ 0 11 4 3 9 1 7 _ _ 
[00117219] 4 | 5 10 6 0 11 4 3 9 1 7 _ _ 
[00117220] 4 | 5 10 _ 0 11 4 3 9 1 7 2 6 
[00117221] 4 | 5 10 _ 0 11 4 3 9 1 7 6 2 
[00117222] 5 | _ 10 5 0 11 4 3 9 1 7 _ _ 
[00117223] 4 | 6 10 5 0 11 4 3 9 1 7 _ _ 
[00117224] 4 | _ 10 5 0 11 4 3 9 1 7 2 6 
[00117225] 4 | _ 10 5 0 11 4 3 9 1 7 6 2 
[00117226] 6 | _ 10 _ 0 11 4 3 9 2 8 _ _ 
[00117227] 5 | 5 10 _ 0 11 4 3 9 2 8 _ _ 
[00117228] 4 | 5 10 6 0 11 4 3 9 2 8 _ _ 
[00117229] 5 | _ 10 5 0 11 4 3 9 2 8 _ _ 
[00117230] 4 | 6 10 5 0 11 4 3 9 2 8 _ _ 
[00117231] 5 | _ 10 _ 0 11 4 3 9 2 8 1 6 
[00117232] 5 | _ 10 _ 0 11 4 3 9 2 8 6 1 
[00117233] 6 | _ 10 _ 0 11 4 3 9 7 1 _ _ 
[00117234] 5 | 5 10 _ 0 11 4 3 9 7 1 _ _ 
[00117235] 4 | 5 10 6 0 11 4 3 9 7 1 _ _ 
[00117236] 4 | 5 10 _ 0 11 4 3 9 7 1 2 6 
[00117237] 4 | 5 10 _ 0 11 4 3 9 7 1 6 2 
[00117238] 5 | _ 10 5 0 11 4 3 9 7 1 _ _ 
[00117239] 4 | 6 10 5 0 11 4 3 9 7 1 _ _ 
[00117240] 4 | _ 10 5 0 11 4 3 9 7 1 2 6 
[00117241] 4 | _ 10 5 0 11 4 3 9 7 1 6 2 
[00117242] 6 | _ 10 _ 0 11 4 3 9 8 2 _ _ 
[00117243] 5 | 5 10 _ 0 11 4 3 9 8 2 _ _ 
[00117244] 4 | 5 10 6 0 11 4 3 9 8 2 _ _ 
[00117245] 5 | _ 10 5 0 11 4 3 9 8 2 _ _ 
[00117246] 4 | 6 10 5 0 11 4 3 9 8 2 _ _ 
[00117247] 5 | _ 10 _ 0 11 4 3 9 8 2 1 6 
[00117248] 5 | _ 10 _ 0 11 4 3 9 8 2 6 1 
[00117249] 6 | _ 10 _ 0 11 4 3 9 _ _ 1 7 
[00117250] 5 | 5 10 _ 0 11 4 3 9 _ _ 1 7 
[00117251] 4 | 5 10 6 0 11 4 3 9 _ _ 1 7 
[00117252] 4 | 5 10 _ 0 11 4 3 9 2 6 1 7 
[00117253] 4 | 5 10 _ 0 11 4 3 9 6 2 1 7 
[00117254] 5 | _ 10 5 0 11 4 3 9 _ _ 1 7 
[00117255] 4 | 6 10 5 0 11 4 3 9 _ _ 1 7 
[00117256] 4 | _ 10 5 0 11 4 3 9 2 6 1 7 
[00117257] 4 | _ 10 5 0 11 4 3 9 6 2 1 7 
[00117258] 6 | _ 10 _ 0 11 4 3 9 _ _ 2 8 
[00117259] 5 | 5 10 _ 0 11 4 3 9 _ _ 2 8 
[00117260] 4 | 5 10 6 0 11 4 3 9 _ _ 2 8 
[00117261] 5 | _ 10 5 0 11 4 3 9 _ _ 2 8 
[00117262] 4 | 6 10 5 0 11 4 3 9 _ _ 2 8 
[00117263] 5 | _ 10 _ 0 11 4 3 9 1 6 2 8 
[00117264] 5 | _ 10 _ 0 11 4 3 9 6 1 2 8 
[00117265] 6 | _ 10 _ 0 11 4 3 9 _ _ 7 1 
[00117266] 5 | 5 10 _ 0 11 4 3 9 _ _ 7 1 
[00117267] 4 | 5 10 6 0 11 4 3 9 _ _ 7 1 
[00117268] 4 | 5 10 _ 0 11 4 3 9 2 6 7 1 
[00117269] 4 | 5 10 _ 0 11 4 3 9 6 2 7 1 
[00117270] 5 | _ 10 5 0 11 4 3 9 _ _ 7 1 
[00117271] 4 | 6 10 5 0 11 4 3 9 _ _ 7 1 
[00117272] 4 | _ 10 5 0 11 4 3 9 2 6 7 1 
[00117273] 4 | _ 10 5 0 11 4 3 9 6 2 7 1 
[00117274] 6 | _ 10 _ 0 11 4 3 9 _ _ 8 2 
[00117275] 5 | 5 10 _ 0 11 4 3 9 _ _ 8 2 
[00117276] 4 | 5 10 6 0 11 4 3 9 _ _ 8 2 
[00117277] 5 | _ 10 5 0 11 4 3 9 _ _ 8 2 
[00117278] 4 | 6 10 5 0 11 4 3 9 _ _ 8 2 
[00117279] 5 | _ 10 _ 0 11 4 3 9 1 6 8 2 
[00117280] 5 | _ 10 _ 0 11 4 3 9 6 1 8 2 
[00117281] 7 | _ 10 _ 0 11 _ 3 9 2 _ _ _ 
[00117282] 6 | 4 10 _ 0 11 _ 3 9 2 _ _ _ 
[00117283] 5 | 4 10 5 0 11 _ 3 9 2 _ _ _ 
[00117284] 4 | 4 10 5 0 11 7 3 9 2 _ _ _ 
[00117285] 3 | 4 10 5 0 11 7 3 9 2 _ 6 _ 
[00117286] 2 | 4 10 5 0 11 7 3 9 2 _ 6 8 
[00117287] 1 | 4 10 5 0 11 7 3 9 2 1 6 8  *Graceful*
[00117287] 4 | 4 10 5 0 11 _ 3 9 2 6 _ _ 
[00117288] 3 | 4 10 5 0 11 8 3 9 2 6 _ _ 
[00117289] 2 | 4 10 5 0 11 8 3 9 2 6 7 _ 
[00117290] 5 | 4 10 _ 0 11 6 3 9 2 _ _ _ 
[00117291] 4 | 4 10 _ 0 11 6 3 9 2 _ 5 _ 
[00117292] 3 | 4 10 7 0 11 6 3 9 2 _ 5 _ 
[00117293] 3 | 4 10 _ 0 11 6 3 9 2 5 5 _ 
[00117294] 2 | 4 10 8 0 11 6 3 9 2 5 5 _ 
[00117295] 3 | 4 10 _ 0 11 6 3 9 2 _ 5 2 
[00117296] 2 | 4 10 8 0 11 6 3 9 2 _ 5 2 
[00117297] 3 | 4 10 _ 0 11 6 3 9 2 _ 5 8 
[00117298] 4 | 4 10 _ 0 11 6 3 9 2 _ 1 5 
[00117299] 3 | 4 10 7 0 11 6 3 9 2 _ 1 5 
[00117300] 4 | 4 10 _ 0 11 6 3 9 2 _ 5 1 
[00117301] 3 | 4 10 7 0 11 6 3 9 2 _ 5 1 
[00117302] 5 | 4 10 _ 0 11 _ 3 9 2 7 _ _ 
[00117303] 4 | 4 10 6 0 11 _ 3 9 2 7 _ _ 
[00117304] 3 | 4 10 6 0 11 8 3 9 2 7 _ _ 
[00117305] 3 | 4 10 6 0 11 _ 3 9 2 7 5 8 
[00117306] 3 | 4 10 6 0 11 _ 3 9 2 7 8 5 
[00117307] 4 | 4 10 _ 0 11 _ 3 9 2 7 5 _ 
[00117308] 3 | 4 10 _ 0 11 8 3 9 2 7 5 _ 
[00117309] 3 | 4 10 _ 0 11 _ 3 9 2 7 5 8 
[00117310] 4 | 4 10 _ 0 11 _ 3 9 2 7 1 5 
[00117311] 3 | 4 10 _ 0 11 8 3 9 2 7 1 5 
[00117312] 4 | 4 10 _ 0 11 _ 3 9 2 7 5 1 
[00117313] 3 | 4 10 _ 0 11 8 3 9 2 7 5 1 
[00117314] 5 | 4 10 _ 0 11 _ 3 9 2 _ 1 6 
[00117315] 4 | 4 10 _ 0 11 7 3 9 2 _ 1 6 
[00117316] 3 | 4 10 _ 0 11 7 3 9 2 5 1 6 
[00117317] 2 | 4 10 8 0 11 7 3 9 2 5 1 6 
[00117318] 5 | 4 10 _ 0 11 _ 3 9 2 _ 6 1 
[00117319] 4 | 4 10 _ 0 11 7 3 9 2 _ 6 1 
[00117320] 3 | 4 10 _ 0 11 7 3 9 2 5 6 1 
[00117321] 2 | 4 10 8 0 11 7 3 9 2 5 6 1 
[00117322] 6 | _ 10 4 0 11 _ 3 9 2 _ _ _ 
[00117323] 5 | 5 10 4 0 11 _ 3 9 2 _ _ _ 
[00117324] 4 | 5 10 4 0 11 7 3 9 2 _ _ _ 
[00117325] 3 | 5 10 4 0 11 7 3 9 2 _ 6 _ 
[00117326] 2 | 5 10 4 0 11 7 3 9 2 _ 6 8 
[00117327] 1 | 5 10 4 0 11 7 3 9 2 1 6 8  *Graceful*
[00117327] 4 | 5 10 4 0 11 _ 3 9 2 6 _ _ 
[00117328] 3 | 5 10 4 0 11 8 3 9 2 6 _ _ 
[00117329] 2 | 5 10 4 0 11 8 3 9 2 6 7 _ 
[00117330] 5 | _ 10 4 0 11 6 3 9 2 _ _ _ 
[00117331] 4 | _ 10 4 0 11 6 3 9 2 _ 5 _ 
[00117332] 3 | 7 10 4 0 11 6 3 9 2 _ 5 _ 
[00117333] 3 | _ 10 4 0 11 6 3 9 2 5 5 _ 
[00117334] 2 | 8 10 4 0 11 6 3 9 2 5 5 _ 
[00117335] 3 | _ 10 4 0 11 6 3 9 2 _ 5 2 
[00117336] 2 | 8 10 4 0 11 6 3 9 2 _ 5 2 
[00117337] 3 | _ 10 4 0 11 6 3 9 2 _ 5 8 
[00117338] 4 | _ 10 4 0 11 6 3 9 2 _ 1 5 
[00117339] 3 | 7 10 4 0 11 6 3 9 2 _ 1 5 
[00117340] 4 | _ 10 4 0 11 6 3 9 2 _ 5 1 
[00117341] 3 | 7 10 4 0 11 6 3 9 2 _ 5 1 
[00117342] 5 | _ 10 4 0 11 _ 3 9 2 7 _ _ 
[00117343] 4 | 6 10 4 0 11 _ 3 9 2 7 _ _ 
[00117344] 3 | 6 10 4 0 11 8 3 9 2 7 _ _ 
[00117345] 3 | 6 10 4 0 11 _ 3 9 2 7 5 8 
[00117346] 3 | 6 10 4 0 11 _ 3 9 2 7 8 5 
[00117347] 4 | _ 10 4 0 11 _ 3 9 2 7 5 _ 
[00117348] 3 | _ 10 4 0 11 8 3 9 2 7 5 _ 
[00117349] 3 | _ 10 4 0 11 _ 3 9 2 7 5 8 
[00117350] 4 | _ 10 4 0 11 _ 3 9 2 7 1 5 
[00117351] 3 | _ 10 4 0 11 8 3 9 2 7 1 5 
[00117352] 4 | _ 10 4 0 11 _ 3 9 2 7 5 1 
[00117353] 3 | _ 10 4 0 11 8 3 9 2 7 5 1 
[00117354] 5 | _ 10 4 0 11 _ 3 9 2 _ 1 6 
[00117355] 4 | _ 10 4 0 11 7 3 9 2 _ 1 6 
[00117356] 3 | _ 10 4 0 11 7 3 9 2 5 1 6 
[00117357] 2 | 8 10 4 0 11 7 3 9 2 5 1 6 
[00117358] 5 | _ 10 4 0 11 _ 3 9 2 _ 6 1 
[00117359] 4 | _ 10 4 0 11 7 3 9 2 _ 6 1 
[00117360] 3 | _ 10 4 0 11 7 3 9 2 5 6 1 
[00117361] 2 | 8 10 4 0 11 7 3 9 2 5 6 1 
[00117362] 6 | _ 10 _ 0 11 5 3 9 2 _ _ _ 
[00117363] 5 | _ 10 _ 0 11 5 3 9 2 7 _ _ 
[00117364] 4 | 6 10 _ 0 11 5 3 9 2 7 _ _ 
[00117365] 3 | 6 10 _ 0 11 5 3 9 2 7 1 4 
[00117366] 2 | 6 10 8 0 11 5 3 9 2 7 1 4 
[00117367] 3 | 6 10 _ 0 11 5 3 9 2 7 4 1 
[00117368] 2 | 6 10 8 0 11 5 3 9 2 7 4 1 
[00117369] 4 | _ 10 6 0 11 5 3 9 2 7 _ _ 
[00117370] 3 | _ 10 6 0 11 5 3 9 2 7 1 4 
[00117371] 2 | 8 10 6 0 11 5 3 9 2 7 1 4 
[00117372] 3 | _ 10 6 0 11 5 3 9 2 7 4 1 
[00117373] 2 | 8 10 6 0 11 5 3 9 2 7 4 1 
[00117374] 4 | _ 10 _ 0 11 5 3 9 2 7 4 8 
[00117375] 4 | _ 10 _ 0 11 5 3 9 2 7 8 4 
[00117376] 5 | _ 10 _ 0 11 5 3 9 2 _ 4 _ 
[00117377] 4 | 6 10 _ 0 11 5 3 9 2 _ 4 _ 
[00117378] 3 | 6 10 7 0 11 5 3 9 2 _ 4 _ 
[00117379] 2 | 6 10 7 0 11 5 3 9 2 4 4 _ 
[00117380] 2 | 6 10 7 0 11 5 3 9 2 _ 4 2 
[00117381] 3 | 6 10 _ 0 11 5 3 9 2 _ 4 1 
[00117382] 2 | 6 10 8 0 11 5 3 9 2 _ 4 1 
[00117383] 3 | 6 10 _ 0 11 5 3 9 2 _ 4 7 
[00117384] 2 | 6 10 8 0 11 5 3 9 2 _ 4 7 
[00117385] 1 | 6 10 8 0 11 5 3 9 2 1 4 7  *Graceful*
[00117385] 4 | _ 10 6 0 11 5 3 9 2 _ 4 _ 
[00117386] 3 | 7 10 6 0 11 5 3 9 2 _ 4 _ 
[00117387] 2 | 7 10 6 0 11 5 3 9 2 4 4 _ 
[00117388] 2 | 7 10 6 0 11 5 3 9 2 _ 4 2 
[00117389] 3 | _ 10 6 0 11 5 3 9 2 _ 4 1 
[00117390] 2 | 8 10 6 0 11 5 3 9 2 _ 4 1 
[00117391] 3 | _ 10 6 0 11 5 3 9 2 _ 4 7 
[00117392] 2 | 8 10 6 0 11 5 3 9 2 _ 4 7 
[00117393] 1 | 8 10 6 0 11 5 3 9 2 1 4 7  *Graceful*
[00117393] 4 | _ 10 _ 0 11 5 3 9 2 6 4 _ 
[00117394] 3 | 7 10 _ 0 11 5 3 9 2 6 4 _ 
[00117395] 2 | 7 10 8 0 11 5 3 9 2 6 4 _ 
[00117396] 3 | _ 10 7 0 11 5 3 9 2 6 4 _ 
[00117397] 2 | 8 10 7 0 11 5 3 9 2 6 4 _ 
[00117398] 3 | _ 10 _ 0 11 5 3 9 2 6 4 1 
[00117399] 2 | 8 10 _ 0 11 5 3 9 2 6 4 1 
[00117400] 2 | _ 10 8 0 11 5 3 9 2 6 4 1 
[00117401] 3 | _ 10 _ 0 11 5 3 9 2 6 4 7 
[00117402] 2 | 8 10 _ 0 11 5 3 9 2 6 4 7 
[00117403] 2 | _ 10 8 0 11 5 3 9 2 6 4 7 
[00117404] 4 | _ 10 _ 0 11 5 3 9 2 _ 4 8 
[00117405] 3 | 7 10 _ 0 11 5 3 9 2 _ 4 8 
[00117406] 3 | _ 10 7 0 11 5 3 9 2 _ 4 8 
[00117407] 5 | _ 10 _ 0 11 5 3 9 2 _ 1 6 
[00117408] 5 | _ 10 _ 0 11 5 3 9 2 _ 6 1 
[00117409] 6 | _ 10 _ 0 11 _ 3 9 2 8 _ _ 
[00117410] 5 | 5 10 _ 0 11 _ 3 9 2 8 _ _ 
[00117411] 4 | 5 10 6 0 11 _ 3 9 2 8 _ _ 
[00117412] 3 | 5 10 6 0 11 _ 3 9 2 8 1 4 
[00117413] 3 | 5 10 6 0 11 _ 3 9 2 8 4 7 
[00117414] 3 | 5 10 6 0 11 _ 3 9 2 8 4 1 
