[00299796] 3 | 3 9 6 11 1 10 5 0 8 _ 7 2 
[00299797] 4 | 3 9 _ 11 1 10 _ 0 8 4 7 2 
[00299798] 3 | 3 9 6 11 1 10 _ 0 8 4 7 2 
[00299799] 6 | 9 3 _ 11 1 10 _ 0 8 _ 7 _ 
[00299800] 6 | _ 3 9 11 1 10 _ 0 8 _ 7 _ 
[00299801] 6 | _ 9 3 11 1 10 _ 0 8 _ 7 _ 
[00299802] 5 | 4 9 3 11 1 10 _ 0 8 _ 7 _ 
[00299803] 4 | 4 9 3 11 1 10 5 0 8 _ 7 _ 
[00299804] 5 | _ 9 3 11 1 10 6 0 8 _ 7 _ 
[00299805] 4 | 5 9 3 11 1 10 6 0 8 _ 7 _ 
[00299806] 3 | 5 9 3 11 1 10 6 0 8 _ 7 4 
[00299807] 4 | _ 9 3 11 1 10 6 0 8 4 7 _ 
[00299808] 5 | _ 9 3 11 1 10 _ 0 8 _ 7 2 
[00299809] 4 | 5 9 3 11 1 10 _ 0 8 _ 7 2 
[00299810] 3 | 5 9 3 11 1 10 4 0 8 _ 7 2 
[00299811] 2 | 5 9 3 11 1 10 4 0 8 6 7 2 
[00299812] 4 | _ 9 3 11 1 10 5 0 8 _ 7 2 
[00299813] 3 | 6 9 3 11 1 10 5 0 8 _ 7 2 
[00299814] 4 | _ 9 3 11 1 10 _ 0 8 4 7 2 
[00299815] 3 | 6 9 3 11 1 10 _ 0 8 4 7 2 
[00299816] 6 | _ 5 _ 11 1 10 _ 0 8 _ 7 _ 
[00299817] 5 | _ 5 _ 11 1 10 6 0 8 _ 7 _ 
[00299818] 4 | 9 5 _ 11 1 10 6 0 8 _ 7 _ 
[00299819] 3 | 9 5 2 11 1 10 6 0 8 _ 7 _ 
[00299820] 3 | 9 5 8 11 1 10 6 0 8 _ 7 _ 
[00299821] 3 | 9 5 _ 11 1 10 6 0 8 5 7 _ 
[00299822] 3 | 9 5 _ 11 1 10 6 0 8 _ 7 4 
[00299823] 2 | 9 5 3 11 1 10 6 0 8 _ 7 4 
[00299824] 4 | _ 5 9 11 1 10 6 0 8 _ 7 _ 
[00299825] 3 | 2 5 9 11 1 10 6 0 8 _ 7 _ 
[00299826] 3 | 8 5 9 11 1 10 6 0 8 _ 7 _ 
[00299827] 3 | _ 5 9 11 1 10 6 0 8 5 7 _ 
[00299828] 3 | _ 5 9 11 1 10 6 0 8 _ 7 4 
[00299829] 2 | 3 5 9 11 1 10 6 0 8 _ 7 4 
[00299830] 4 | _ 5 _ 11 1 10 6 0 8 4 7 _ 
[00299831] 3 | 2 5 _ 11 1 10 6 0 8 4 7 _ 
[00299832] 2 | 2 5 3 11 1 10 6 0 8 4 7 _ 
[00299833] 2 | 2 5 7 11 1 10 6 0 8 4 7 _ 
[00299834] 2 | 2 5 _ 11 1 10 6 0 8 4 7 5 
[00299835] 2 | 2 5 _ 11 1 10 6 0 8 4 7 9 
[00299836] 3 | _ 5 2 11 1 10 6 0 8 4 7 _ 
[00299837] 2 | 3 5 2 11 1 10 6 0 8 4 7 _ 
[00299838] 2 | 7 5 2 11 1 10 6 0 8 4 7 _ 
[00299839] 2 | _ 5 2 11 1 10 6 0 8 4 7 5 
[00299840] 2 | _ 5 2 11 1 10 6 0 8 4 7 9 
[00299841] 4 | _ 5 _ 11 1 10 6 0 8 _ 7 3 
[00299842] 3 | 2 5 _ 11 1 10 6 0 8 _ 7 3 
[00299843] 3 | 8 5 _ 11 1 10 6 0 8 _ 7 3 
[00299844] 3 | _ 5 2 11 1 10 6 0 8 _ 7 3 
[00299845] 3 | _ 5 8 11 1 10 6 0 8 _ 7 3 
[00299846] 3 | _ 5 _ 11 1 10 6 0 8 5 7 3 
[00299847] 5 | _ 5 _ 11 1 10 _ 0 8 3 7 _ 
[00299848] 4 | 1 5 _ 11 1 10 _ 0 8 3 7 _ 
[00299849] 3 | 1 5 2 11 1 10 _ 0 8 3 7 _ 
[00299850] 2 | 1 5 2 11 1 10 _ 0 8 3 7 9 
[00299851] 3 | 1 5 _ 11 1 10 _ 0 8 3 7 4 
[00299852] 4 | 9 5 _ 11 1 10 _ 0 8 3 7 _ 
[00299853] 3 | 9 5 2 11 1 10 _ 0 8 3 7 _ 
[00299854] 3 | 9 5 _ 11 1 10 4 0 8 3 7 _ 
[00299855] 2 | 9 5 7 11 1 10 4 0 8 3 7 _ 
[00299856] 2 | 9 5 _ 11 1 10 4 0 8 3 7 5 
[00299857] 3 | 9 5 _ 11 1 10 _ 0 8 3 7 4 
[00299858] 4 | _ 5 1 11 1 10 _ 0 8 3 7 _ 
[00299859] 3 | 2 5 1 11 1 10 _ 0 8 3 7 _ 
[00299860] 2 | 2 5 1 11 1 10 _ 0 8 3 7 9 
[00299861] 3 | _ 5 1 11 1 10 _ 0 8 3 7 4 
[00299862] 4 | _ 5 9 11 1 10 _ 0 8 3 7 _ 
[00299863] 3 | 2 5 9 11 1 10 _ 0 8 3 7 _ 
[00299864] 3 | _ 5 9 11 1 10 4 0 8 3 7 _ 
[00299865] 2 | 7 5 9 11 1 10 4 0 8 3 7 _ 
[00299866] 2 | _ 5 9 11 1 10 4 0 8 3 7 5 
[00299867] 3 | _ 5 9 11 1 10 _ 0 8 3 7 4 
[00299868] 4 | _ 5 _ 11 1 10 5 0 8 3 7 _ 
[00299869] 3 | _ 5 _ 11 1 10 5 0 8 3 7 4 
[00299870] 5 | _ 5 _ 11 1 10 _ 0 8 _ 7 2 
[00299871] 4 | 1 5 _ 11 1 10 _ 0 8 _ 7 2 
[00299872] 3 | 1 5 8 11 1 10 _ 0 8 _ 7 2 
[00299873] 3 | 1 5 _ 11 1 10 _ 0 8 5 7 2 
[00299874] 4 | 9 5 _ 11 1 10 _ 0 8 _ 7 2 
[00299875] 3 | 9 5 8 11 1 10 _ 0 8 _ 7 2 
[00299876] 2 | 9 5 8 11 1 10 3 0 8 _ 7 2 
[00299877] 3 | 9 5 _ 11 1 10 4 0 8 _ 7 2 
[00299878] 2 | 9 5 3 11 1 10 4 0 8 _ 7 2 
[00299879] 2 | 9 5 _ 11 1 10 4 0 8 6 7 2 
[00299880] 3 | 9 5 _ 11 1 10 _ 0 8 5 7 2 
[00299881] 2 | 9 5 _ 11 1 10 3 0 8 5 7 2 
[00299882] 4 | _ 5 1 11 1 10 _ 0 8 _ 7 2 
[00299883] 3 | 8 5 1 11 1 10 _ 0 8 _ 7 2 
[00299884] 3 | _ 5 1 11 1 10 _ 0 8 5 7 2 
[00299885] 4 | _ 5 9 11 1 10 _ 0 8 _ 7 2 
[00299886] 3 | 8 5 9 11 1 10 _ 0 8 _ 7 2 
[00299887] 2 | 8 5 9 11 1 10 3 0 8 _ 7 2 
[00299888] 3 | _ 5 9 11 1 10 4 0 8 _ 7 2 
[00299889] 2 | 3 5 9 11 1 10 4 0 8 _ 7 2 
[00299890] 2 | _ 5 9 11 1 10 4 0 8 6 7 2 
[00299891] 3 | _ 5 9 11 1 10 _ 0 8 5 7 2 
[00299892] 2 | _ 5 9 11 1 10 3 0 8 5 7 2 
[00299893] 4 | _ 5 _ 11 1 10 5 0 8 _ 7 2 
[00299894] 4 | _ 5 _ 11 1 10 _ 0 8 4 7 2 
[00299895] 6 | _ _ _ 11 1 10 7 0 8 _ 7 _ 
[00299896] 5 | 4 9 _ 11 1 10 7 0 8 _ 7 _ 
[00299897] 4 | 4 9 5 11 1 10 7 0 8 _ 7 _ 
[00299898] 5 | 9 4 _ 11 1 10 7 0 8 _ 7 _ 
[00299899] 5 | _ 4 9 11 1 10 7 0 8 _ 7 _ 
[00299900] 5 | _ 9 4 11 1 10 7 0 8 _ 7 _ 
[00299901] 4 | 5 9 4 11 1 10 7 0 8 _ 7 _ 
[00299902] 5 | _ 6 _ 11 1 10 7 0 8 _ 7 _ 
[00299903] 4 | 2 6 _ 11 1 10 7 0 8 _ 7 _ 
[00299904] 3 | 2 6 3 11 1 10 7 0 8 _ 7 _ 
[00299905] 3 | 2 6 9 11 1 10 7 0 8 _ 7 _ 
[00299906] 3 | 2 6 _ 11 1 10 7 0 8 5 7 _ 
[00299907] 2 | 2 6 4 11 1 10 7 0 8 5 7 _ 
[00299908] 4 | _ 6 2 11 1 10 7 0 8 _ 7 _ 
[00299909] 3 | 3 6 2 11 1 10 7 0 8 _ 7 _ 
[00299910] 3 | 9 6 2 11 1 10 7 0 8 _ 7 _ 
[00299911] 3 | _ 6 2 11 1 10 7 0 8 5 7 _ 
[00299912] 2 | 4 6 2 11 1 10 7 0 8 5 7 _ 
[00299913] 4 | _ 6 _ 11 1 10 7 0 8 4 7 _ 
[00299914] 3 | 3 6 _ 11 1 10 7 0 8 4 7 _ 
[00299915] 3 | 9 6 _ 11 1 10 7 0 8 4 7 _ 
[00299916] 3 | _ 6 3 11 1 10 7 0 8 4 7 _ 
[00299917] 3 | _ 6 9 11 1 10 7 0 8 4 7 _ 
[00299918] 5 | _ _ _ 11 1 10 7 0 8 3 7 _ 
[00299919] 4 | 2 6 _ 11 1 10 7 0 8 3 7 _ 
[00299920] 4 | 5 9 _ 11 1 10 7 0 8 3 7 _ 
[00299921] 3 | 5 9 6 11 1 10 7 0 8 3 7 _ 
[00299922] 4 | 6 2 _ 11 1 10 7 0 8 3 7 _ 
[00299923] 4 | 9 5 _ 11 1 10 7 0 8 3 7 _ 
[00299924] 4 | _ 2 6 11 1 10 7 0 8 3 7 _ 
[00299925] 4 | _ 5 9 11 1 10 7 0 8 3 7 _ 
[00299926] 4 | _ 6 2 11 1 10 7 0 8 3 7 _ 
[00299927] 4 | _ 9 5 11 1 10 7 0 8 3 7 _ 
[00299928] 3 | 6 9 5 11 1 10 7 0 8 3 7 _ 
[00299929] 6 | _ _ _ 11 1 10 _ 0 8 2 7 _ 
[00299930] 5 | 4 9 _ 11 1 10 _ 0 8 2 7 _ 
[00299931] 4 | 4 9 5 11 1 10 _ 0 8 2 7 _ 
[00299932] 4 | 4 9 _ 11 1 10 5 0 8 2 7 _ 
[00299933] 3 | 4 9 6 11 1 10 5 0 8 2 7 _ 
[00299934] 4 | 4 9 _ 11 1 10 _ 0 8 2 7 3 
[00299935] 3 | 4 9 6 11 1 10 _ 0 8 2 7 3 
[00299936] 5 | 9 4 _ 11 1 10 _ 0 8 2 7 _ 
[00299937] 5 | _ 4 9 11 1 10 _ 0 8 2 7 _ 
[00299938] 5 | _ 9 4 11 1 10 _ 0 8 2 7 _ 
[00299939] 4 | 5 9 4 11 1 10 _ 0 8 2 7 _ 
[00299940] 4 | _ 9 4 11 1 10 5 0 8 2 7 _ 
[00299941] 3 | 6 9 4 11 1 10 5 0 8 2 7 _ 
[00299942] 4 | _ 9 4 11 1 10 _ 0 8 2 7 3 
[00299943] 3 | 6 9 4 11 1 10 _ 0 8 2 7 3 
[00299944] 5 | _ 6 _ 11 1 10 _ 0 8 2 7 _ 
[00299945] 4 | _ 6 _ 11 1 10 5 0 8 2 7 _ 
[00299946] 3 | 3 6 _ 11 1 10 5 0 8 2 7 _ 
[00299947] 2 | 3 6 4 11 1 10 5 0 8 2 7 _ 
[00299948] 2 | 3 6 _ 11 1 10 5 0 8 2 7 9 
[00299949] 3 | 9 6 _ 11 1 10 5 0 8 2 7 _ 
[00299950] 2 | 9 6 4 11 1 10 5 0 8 2 7 _ 
[00299951] 3 | _ 6 3 11 1 10 5 0 8 2 7 _ 
[00299952] 2 | 4 6 3 11 1 10 5 0 8 2 7 _ 
[00299953] 2 | _ 6 3 11 1 10 5 0 8 2 7 9 
[00299954] 3 | _ 6 9 11 1 10 5 0 8 2 7 _ 
[00299955] 2 | 4 6 9 11 1 10 5 0 8 2 7 _ 
[00299956] 3 | _ 6 _ 11 1 10 5 0 8 2 7 4 
[00299957] 4 | _ 6 _ 11 1 10 _ 0 8 2 7 3 
[00299958] 3 | 9 6 _ 11 1 10 _ 0 8 2 7 3 
[00299959] 2 | 9 6 4 11 1 10 _ 0 8 2 7 3 
[00299960] 3 | _ 6 9 11 1 10 _ 0 8 2 7 3 
[00299961] 2 | 4 6 9 11 1 10 _ 0 8 2 7 3 
[00299962] 3 | _ 6 _ 11 1 10 4 0 8 2 7 3 
[00299963] 5 | _ _ _ 11 1 10 6 0 8 2 7 _ 
[00299964] 4 | 5 9 _ 11 1 10 6 0 8 2 7 _ 
[00299965] 3 | 5 9 _ 11 1 10 6 0 8 2 7 4 
[00299966] 4 | 9 5 _ 11 1 10 6 0 8 2 7 _ 
[00299967] 4 | _ 5 9 11 1 10 6 0 8 2 7 _ 
[00299968] 4 | _ 9 5 11 1 10 6 0 8 2 7 _ 
[00299969] 3 | _ 9 5 11 1 10 6 0 8 2 7 4 
[00299970] 4 | _ 7 _ 11 1 10 6 0 8 2 7 _ 
[00299971] 3 | 4 7 _ 11 1 10 6 0 8 2 7 _ 
[00299972] 2 | 4 7 5 11 1 10 6 0 8 2 7 _ 
[00299973] 2 | 4 7 9 11 1 10 6 0 8 2 7 _ 
[00299974] 2 | 4 7 _ 11 1 10 6 0 8 2 7 5 
[00299975] 2 | 4 7 _ 11 1 10 6 0 8 2 7 9 
[00299976] 3 | _ 7 4 11 1 10 6 0 8 2 7 _ 
[00299977] 2 | 5 7 4 11 1 10 6 0 8 2 7 _ 
[00299978] 2 | 9 7 4 11 1 10 6 0 8 2 7 _ 
[00299979] 2 | _ 7 4 11 1 10 6 0 8 2 7 5 
[00299980] 2 | _ 7 4 11 1 10 6 0 8 2 7 9 
[00299981] 3 | _ 7 _ 11 1 10 6 0 8 2 7 4 
[00299982] 4 | _ _ _ 11 1 10 6 0 8 2 7 3 
[00299983] 4 | _ _ _ 11 1 10 6 0 8 2 7 11 
[00299984] 6 | _ _ _ 11 1 10 _ 0 8 _ 7 1 
[00299985] 5 | 4 9 _ 11 1 10 _ 0 8 _ 7 1 
[00299986] 4 | 4 9 5 11 1 10 _ 0 8 _ 7 1 
[00299987] 5 | 9 4 _ 11 1 10 _ 0 8 _ 7 1 
[00299988] 5 | _ 4 9 11 1 10 _ 0 8 _ 7 1 
[00299989] 5 | _ 9 4 11 1 10 _ 0 8 _ 7 1 
[00299990] 4 | 5 9 4 11 1 10 _ 0 8 _ 7 1 
[00299991] 5 | _ 6 _ 11 1 10 _ 0 8 _ 7 1 
[00299992] 4 | 2 6 _ 11 1 10 _ 0 8 _ 7 1 
[00299993] 3 | 2 6 3 11 1 10 _ 0 8 _ 7 1 
[00299994] 3 | 2 6 9 11 1 10 _ 0 8 _ 7 1 
[00299995] 3 | 2 6 _ 11 1 10 _ 0 8 5 7 1 
[00299996] 2 | 2 6 4 11 1 10 _ 0 8 5 7 1 
[00299997] 4 | _ 6 2 11 1 10 _ 0 8 _ 7 1 
[00299998] 3 | 3 6 2 11 1 10 _ 0 8 _ 7 1 
[00299999] 3 | 9 6 2 11 1 10 _ 0 8 _ 7 1 
[00300000] 3 | _ 6 2 11 1 10 _ 0 8 5 7 1 
[00300001] 2 | 4 6 2 11 1 10 _ 0 8 5 7 1 
[00300002] 4 | _ 6 _ 11 1 10 _ 0 8 4 7 1 
[00300003] 3 | 3 6 _ 11 1 10 _ 0 8 4 7 1 
[00300004] 3 | 9 6 _ 11 1 10 _ 0 8 4 7 1 
[00300005] 3 | _ 6 3 11 1 10 _ 0 8 4 7 1 
[00300006] 3 | _ 6 9 11 1 10 _ 0 8 4 7 1 
[00300007] 5 | _ _ _ 11 1 10 _ 0 8 3 7 1 
[00300008] 4 | 2 6 _ 11 1 10 _ 0 8 3 7 1 
[00300009] 4 | 5 9 _ 11 1 10 _ 0 8 3 7 1 
[00300010] 3 | 5 9 6 11 1 10 _ 0 8 3 7 1 
[00300011] 4 | 6 2 _ 11 1 10 _ 0 8 3 7 1 
[00300012] 4 | 9 5 _ 11 1 10 _ 0 8 3 7 1 
[00300013] 4 | _ 2 6 11 1 10 _ 0 8 3 7 1 
[00300014] 4 | _ 5 9 11 1 10 _ 0 8 3 7 1 
[00300015] 4 | _ 6 2 11 1 10 _ 0 8 3 7 1 
[00300016] 4 | _ 9 5 11 1 10 _ 0 8 3 7 1 
[00300017] 3 | 6 9 5 11 1 10 _ 0 8 3 7 1 
[00300018] 7 | _ _ _ 11 1 10 _ 0 8 _ 2 9 
[00300019] 6 | _ 5 _ 11 1 10 _ 0 8 _ 2 9 
[00300020] 5 | _ 5 _ 11 1 10 6 0 8 _ 2 9 
[00300021] 4 | _ 5 _ 11 1 10 6 0 8 4 2 9 
[00300022] 5 | _ 5 _ 11 1 10 _ 0 8 3 2 9 
[00300023] 4 | 1 5 _ 11 1 10 _ 0 8 3 2 9 
[00300024] 4 | _ 5 1 11 1 10 _ 0 8 3 2 9 
[00300025] 4 | _ 5 _ 11 1 10 5 0 8 3 2 9 
[00300026] 6 | _ _ _ 11 1 10 7 0 8 _ 2 9 
[00300027] 5 | _ 6 _ 11 1 10 7 0 8 _ 2 9 
[00300028] 4 | _ 6 _ 11 1 10 7 0 8 4 2 9 
[00300029] 3 | 3 6 _ 11 1 10 7 0 8 4 2 9 
[00300030] 3 | _ 6 3 11 1 10 7 0 8 4 2 9 
[00300031] 5 | _ _ _ 11 1 10 7 0 8 3 2 9 
[00300032] 7 | _ _ _ 11 1 10 _ 0 8 _ 9 2 
[00300033] 6 | _ 5 _ 11 1 10 _ 0 8 _ 9 2 
[00300034] 5 | _ 5 _ 11 1 10 6 0 8 _ 9 2 
[00300035] 4 | _ 5 _ 11 1 10 6 0 8 4 9 2 
[00300036] 5 | _ 5 _ 11 1 10 _ 0 8 3 9 2 
[00300037] 4 | 1 5 _ 11 1 10 _ 0 8 3 9 2 
[00300038] 4 | _ 5 1 11 1 10 _ 0 8 3 9 2 
[00300039] 4 | _ 5 _ 11 1 10 5 0 8 3 9 2 
[00300040] 6 | _ _ _ 11 1 10 7 0 8 _ 9 2 
[00300041] 5 | _ 6 _ 11 1 10 7 0 8 _ 9 2 
[00300042] 4 | _ 6 _ 11 1 10 7 0 8 4 9 2 
[00300043] 3 | 3 6 _ 11 1 10 7 0 8 4 9 2 
[00300044] 3 | _ 6 3 11 1 10 7 0 8 4 9 2 
[00300045] 5 | _ _ _ 11 1 10 7 0 8 3 9 2 
[00300046] 8 | _ _ _ 11 1 10 _ 0 _ _ 8 _ 
[00300047] 7 | 2 9 _ 11 1 10 _ 0 _ _ 8 _ 
[00300048] 6 | 2 9 3 11 1 10 _ 0 _ _ 8 _ 
[00300049] 5 | 2 9 3 11 1 10 6 0 _ _ 8 _ 
[00300050] 4 | 2 9 3 11 1 10 6 0 4 _ 8 _ 
[00300051] 3 | 2 9 3 11 1 10 6 0 4 7 8 _ 
[00300052] 3 | 2 9 3 11 1 10 6 0 4 _ 8 5 
[00300053] 4 | 2 9 3 11 1 10 6 0 _ _ 8 4 
[00300054] 5 | 2 9 3 11 1 10 _ 0 5 _ 8 _ 
[00300055] 4 | 2 9 3 11 1 10 5 0 5 _ 8 _ 
[00300056] 4 | 2 9 3 11 1 10 _ 0 5 1 8 _ 
[00300057] 4 | 2 9 3 11 1 10 _ 0 5 _ 8 4 
[00300058] 6 | 2 9 _ 11 1 10 7 0 _ _ 8 _ 
[00300059] 5 | 2 9 4 11 1 10 7 0 _ _ 8 _ 
[00300060] 5 | 2 9 _ 11 1 10 7 0 5 _ 8 _ 
[00300061] 4 | 2 9 5 11 1 10 7 0 5 _ 8 _ 
[00300062] 4 | 2 9 _ 11 1 10 7 0 5 9 8 _ 
[00300063] 4 | 2 9 _ 11 1 10 7 0 5 _ 8 4 
[00300064] 3 | 2 9 6 11 1 10 7 0 5 _ 8 4 
[00300065] 2 | 2 9 6 11 1 10 7 0 5 3 8 4 
[00300066] 5 | 2 9 _ 11 1 10 7 0 _ _ 8 3 
[00300067] 4 | 2 9 5 11 1 10 7 0 _ _ 8 3 
[00300068] 4 | 2 9 _ 11 1 10 7 0 4 _ 8 3 
[00300069] 3 | 2 9 6 11 1 10 7 0 4 _ 8 3 
[00300070] 6 | 2 9 _ 11 1 10 _ 0 6 _ 8 _ 
[00300071] 5 | 2 9 4 11 1 10 _ 0 6 _ 8 _ 
[00300072] 4 | 2 9 4 11 1 10 5 0 6 _ 8 _ 
[00300073] 3 | 2 9 4 11 1 10 5 0 6 3 8 _ 
[00300074] 5 | 2 9 _ 11 1 10 6 0 6 _ 8 _ 
[00300075] 4 | 2 9 5 11 1 10 6 0 6 _ 8 _ 
[00300076] 4 | 2 9 _ 11 1 10 6 0 6 _ 8 4 
[00300077] 5 | 2 9 _ 11 1 10 _ 0 6 1 8 _ 
[00300078] 4 | 2 9 5 11 1 10 _ 0 6 1 8 _ 
[00300079] 4 | 2 9 _ 11 1 10 _ 0 6 1 8 4 
[00300080] 5 | 2 9 _ 11 1 10 _ 0 6 _ 8 3 
[00300081] 4 | 2 9 5 11 1 10 _ 0 6 _ 8 3 
[00300082] 3 | 2 9 5 11 1 10 4 0 6 _ 8 3 
[00300083] 4 | 2 9 _ 11 1 10 5 0 6 _ 8 3 
[00300084] 3 | 2 9 6 11 1 10 5 0 6 _ 8 3 
[00300085] 3 | 2 9 _ 11 1 10 5 0 6 9 8 3 
[00300086] 7 | 9 2 _ 11 1 10 _ 0 _ _ 8 _ 
[00300087] 7 | _ 2 9 11 1 10 _ 0 _ _ 8 _ 
[00300088] 7 | _ 9 2 11 1 10 _ 0 _ _ 8 _ 
[00300089] 6 | 3 9 2 11 1 10 _ 0 _ _ 8 _ 
[00300090] 5 | 3 9 2 11 1 10 6 0 _ _ 8 _ 
[00300091] 4 | 3 9 2 11 1 10 6 0 4 _ 8 _ 
[00300092] 3 | 3 9 2 11 1 10 6 0 4 7 8 _ 
[00300093] 3 | 3 9 2 11 1 10 6 0 4 _ 8 5 
[00300094] 4 | 3 9 2 11 1 10 6 0 _ _ 8 4 
[00300095] 5 | 3 9 2 11 1 10 _ 0 5 _ 8 _ 
[00300096] 4 | 3 9 2 11 1 10 5 0 5 _ 8 _ 
[00300097] 4 | 3 9 2 11 1 10 _ 0 5 1 8 _ 
[00300098] 4 | 3 9 2 11 1 10 _ 0 5 _ 8 4 
[00300099] 6 | _ 9 2 11 1 10 7 0 _ _ 8 _ 
[00300100] 5 | 4 9 2 11 1 10 7 0 _ _ 8 _ 
[00300101] 5 | _ 9 2 11 1 10 7 0 5 _ 8 _ 
[00300102] 4 | 5 9 2 11 1 10 7 0 5 _ 8 _ 
[00300103] 4 | _ 9 2 11 1 10 7 0 5 9 8 _ 
[00300104] 4 | _ 9 2 11 1 10 7 0 5 _ 8 4 
[00300105] 3 | 6 9 2 11 1 10 7 0 5 _ 8 4 
[00300106] 2 | 6 9 2 11 1 10 7 0 5 3 8 4 
[00300107] 5 | _ 9 2 11 1 10 7 0 _ _ 8 3 
[00300108] 4 | 5 9 2 11 1 10 7 0 _ _ 8 3 
[00300109] 4 | _ 9 2 11 1 10 7 0 4 _ 8 3 
[00300110] 3 | 6 9 2 11 1 10 7 0 4 _ 8 3 
[00300111] 6 | _ 9 2 11 1 10 _ 0 6 _ 8 _ 
[00300112] 5 | 4 9 2 11 1 10 _ 0 6 _ 8 _ 
[00300113] 4 | 4 9 2 11 1 10 5 0 6 _ 8 _ 
[00300114] 3 | 4 9 2 11 1 10 5 0 6 3 8 _ 
[00300115] 5 | _ 9 2 11 1 10 6 0 6 _ 8 _ 
[00300116] 4 | 5 9 2 11 1 10 6 0 6 _ 8 _ 
[00300117] 4 | _ 9 2 11 1 10 6 0 6 _ 8 4 
[00300118] 5 | _ 9 2 11 1 10 _ 0 6 1 8 _ 
[00300119] 4 | 5 9 2 11 1 10 _ 0 6 1 8 _ 
[00300120] 4 | _ 9 2 11 1 10 _ 0 6 1 8 4 
[00300121] 5 | _ 9 2 11 1 10 _ 0 6 _ 8 3 
[00300122] 4 | 5 9 2 11 1 10 _ 0 6 _ 8 3 
[00300123] 3 | 5 9 2 11 1 10 4 0 6 _ 8 3 
[00300124] 4 | _ 9 2 11 1 10 5 0 6 _ 8 3 
[00300125] 3 | 6 9 2 11 1 10 5 0 6 _ 8 3 
[00300126] 3 | _ 9 2 11 1 10 5 0 6 9 8 3 
[00300127] 7 | _ 4 _ 11 1 10 _ 0 _ _ 8 _ 
[00300128] 6 | _ 4 _ 11 1 10 7 0 _ _ 8 _ 
[00300129] 5 | 9 4 _ 11 1 10 7 0 _ _ 8 _ 
[00300130] 4 | 9 4 0 11 1 10 7 0 _ _ 8 _ 
[00300131] 3 | 9 4 0 11 1 10 7 0 2 5 8 _ 
[00300132] 2 | 9 4 0 11 1 10 7 0 2 5 8 6 
[00300133] 3 | 9 4 0 11 1 10 7 0 3 6 8 _ 
[00300134] 3 | 9 4 0 11 1 10 7 0 5 2 8 _ 
[00300135] 2 | 9 4 0 11 1 10 7 0 5 2 8 6 
[00300136] 3 | 9 4 0 11 1 10 7 0 6 3 8 _ 
[00300137] 3 | 9 4 0 11 1 10 7 0 _ _ 8 5 
[00300138] 4 | 9 4 8 11 1 10 7 0 _ _ 8 _ 
[00300139] 3 | 9 4 8 11 1 10 7 0 3 _ 8 _ 
[00300140] 2 | 9 4 8 11 1 10 7 0 3 5 8 _ 
[00300141] 3 | 9 4 8 11 1 10 7 0 2 5 8 _ 
[00300142] 3 | 9 4 8 11 1 10 7 0 3 6 8 _ 
[00300143] 3 | 9 4 8 11 1 10 7 0 5 2 8 _ 
[00300144] 3 | 9 4 8 11 1 10 7 0 6 3 8 _ 
[00300145] 4 | 9 4 _ 11 1 10 7 0 4 _ 8 _ 
[00300146] 3 | 9 4 _ 11 1 10 7 0 4 _ 8 5 
[00300147] 2 | 9 4 2 11 1 10 7 0 4 _ 8 5 
[00300148] 2 | 9 4 6 11 1 10 7 0 4 _ 8 5 
[00300149] 2 | 9 4 _ 11 1 10 7 0 4 2 8 5 
[00300150] 2 | 9 4 _ 11 1 10 7 0 4 6 8 5 
[00300151] 4 | 9 4 _ 11 1 10 7 0 2 6 8 _ 
[00300152] 3 | 9 4 _ 11 1 10 7 0 2 6 8 5 
[00300153] 4 | 9 4 _ 11 1 10 7 0 6 2 8 _ 
[00300154] 3 | 9 4 _ 11 1 10 7 0 6 2 8 5 
[00300155] 4 | 9 4 _ 11 1 10 7 0 _ _ 8 4 
[00300156] 3 | 9 4 _ 11 1 10 7 0 3 _ 8 4 
[00300157] 2 | 9 4 _ 11 1 10 7 0 3 5 8 4 
[00300158] 3 | 9 4 _ 11 1 10 7 0 2 5 8 4 
[00300159] 3 | 9 4 _ 11 1 10 7 0 3 6 8 4 
[00300160] 3 | 9 4 _ 11 1 10 7 0 5 2 8 4 
[00300161] 3 | 9 4 _ 11 1 10 7 0 6 3 8 4 
[00300162] 5 | _ 4 9 11 1 10 7 0 _ _ 8 _ 
[00300163] 4 | 0 4 9 11 1 10 7 0 _ _ 8 _ 
[00300164] 3 | 0 4 9 11 1 10 7 0 2 5 8 _ 
[00300165] 2 | 0 4 9 11 1 10 7 0 2 5 8 6 
[00300166] 3 | 0 4 9 11 1 10 7 0 3 6 8 _ 
[00300167] 3 | 0 4 9 11 1 10 7 0 5 2 8 _ 
[00300168] 2 | 0 4 9 11 1 10 7 0 5 2 8 6 
[00300169] 3 | 0 4 9 11 1 10 7 0 6 3 8 _ 
[00300170] 3 | 0 4 9 11 1 10 7 0 _ _ 8 5 
[00300171] 4 | 8 4 9 11 1 10 7 0 _ _ 8 _ 
[00300172] 3 | 8 4 9 11 1 10 7 0 3 _ 8 _ 
[00300173] 2 | 8 4 9 11 1 10 7 0 3 5 8 _ 
[00300174] 3 | 8 4 9 11 1 10 7 0 2 5 8 _ 
[00300175] 3 | 8 4 9 11 1 10 7 0 3 6 8 _ 
[00300176] 3 | 8 4 9 11 1 10 7 0 5 2 8 _ 
[00300177] 3 | 8 4 9 11 1 10 7 0 6 3 8 _ 
[00300178] 4 | _ 4 9 11 1 10 7 0 4 _ 8 _ 
[00300179] 3 | _ 4 9 11 1 10 7 0 4 _ 8 5 
[00300180] 2 | 2 4 9 11 1 10 7 0 4 _ 8 5 
[00300181] 2 | 6 4 9 11 1 10 7 0 4 _ 8 5 
[00300182] 2 | _ 4 9 11 1 10 7 0 4 2 8 5 
[00300183] 2 | _ 4 9 11 1 10 7 0 4 6 8 5 
[00300184] 4 | _ 4 9 11 1 10 7 0 2 6 8 _ 
[00300185] 3 | _ 4 9 11 1 10 7 0 2 6 8 5 
[00300186] 4 | _ 4 9 11 1 10 7 0 6 2 8 _ 
[00300187] 3 | _ 4 9 11 1 10 7 0 6 2 8 5 
[00300188] 4 | _ 4 9 11 1 10 7 0 _ _ 8 4 
[00300189] 3 | _ 4 9 11 1 10 7 0 3 _ 8 4 
[00300190] 2 | _ 4 9 11 1 10 7 0 3 5 8 4 
[00300191] 3 | _ 4 9 11 1 10 7 0 2 5 8 4 
[00300192] 3 | _ 4 9 11 1 10 7 0 3 6 8 4 
[00300193] 3 | _ 4 9 11 1 10 7 0 5 2 8 4 
[00300194] 3 | _ 4 9 11 1 10 7 0 6 3 8 4 
[00300195] 5 | _ 4 _ 11 1 10 7 0 5 _ 8 _ 
[00300196] 4 | 8 4 _ 11 1 10 7 0 5 _ 8 _ 
[00300197] 3 | 8 4 _ 11 1 10 7 0 5 2 8 _ 
[00300198] 2 | 8 4 6 11 1 10 7 0 5 2 8 _ 
[00300199] 4 | _ 4 8 11 1 10 7 0 5 _ 8 _ 
[00300200] 3 | _ 4 8 11 1 10 7 0 5 2 8 _ 
[00300201] 2 | 6 4 8 11 1 10 7 0 5 2 8 _ 
[00300202] 4 | _ 4 _ 11 1 10 7 0 5 9 8 _ 
[00300203] 4 | _ 4 _ 11 1 10 7 0 5 _ 8 4 
[00300204] 3 | _ 4 _ 11 1 10 7 0 5 2 8 4 
[00300205] 5 | _ 4 _ 11 1 10 7 0 _ _ 8 3 
[00300206] 4 | 0 4 _ 11 1 10 7 0 _ _ 8 3 
[00300207] 3 | 0 4 _ 11 1 10 7 0 2 5 8 3 
[00300208] 2 | 0 4 6 11 1 10 7 0 2 5 8 3 
[00300209] 3 | 0 4 _ 11 1 10 7 0 6 9 8 3 
[00300210] 2 | 0 4 2 11 1 10 7 0 6 9 8 3 
[00300211] 3 | 0 4 _ 11 1 10 7 0 5 2 8 3 
[00300212] 2 | 0 4 6 11 1 10 7 0 5 2 8 3 
[00300213] 3 | 0 4 _ 11 1 10 7 0 9 6 8 3 
[00300214] 2 | 0 4 2 11 1 10 7 0 9 6 8 3 
[00300215] 4 | _ 4 0 11 1 10 7 0 _ _ 8 3 
[00300216] 3 | _ 4 0 11 1 10 7 0 2 5 8 3 
[00300217] 2 | 6 4 0 11 1 10 7 0 2 5 8 3 
[00300218] 3 | _ 4 0 11 1 10 7 0 6 9 8 3 
[00300219] 2 | 2 4 0 11 1 10 7 0 6 9 8 3 
[00300220] 3 | _ 4 0 11 1 10 7 0 5 2 8 3 
[00300221] 2 | 6 4 0 11 1 10 7 0 5 2 8 3 
[00300222] 3 | _ 4 0 11 1 10 7 0 9 6 8 3 
[00300223] 2 | 2 4 0 11 1 10 7 0 9 6 8 3 
[00300224] 4 | _ 4 _ 11 1 10 7 0 4 _ 8 3 
[00300225] 4 | _ 4 _ 11 1 10 7 0 2 6 8 3 
[00300226] 4 | _ 4 _ 11 1 10 7 0 5 9 8 3 
[00300227] 4 | _ 4 _ 11 1 10 7 0 6 2 8 3 
[00300228] 4 | _ 4 _ 11 1 10 7 0 9 5 8 3 
[00300229] 6 | _ 4 _ 11 1 10 _ 0 6 _ 8 _ 
[00300230] 5 | 9 4 _ 11 1 10 _ 0 6 _ 8 _ 
[00300231] 4 | 9 4 8 11 1 10 _ 0 6 _ 8 _ 
[00300232] 3 | 9 4 8 11 1 10 _ 0 6 3 8 _ 
[00300233] 4 | 9 4 _ 11 1 10 5 0 6 _ 8 _ 
[00300234] 3 | 9 4 7 11 1 10 5 0 6 _ 8 _ 
[00300235] 2 | 9 4 7 11 1 10 5 0 6 8 8 _ 
[00300236] 2 | 9 4 7 11 1 10 5 0 6 _ 8 6 
[00300237] 3 | 9 4 _ 11 1 10 5 0 6 3 8 _ 
[00300238] 2 | 9 4 2 11 1 10 5 0 6 3 8 _ 
[00300239] 1 | 9 4 2 11 1 10 5 0 6 3 8 7  *Graceful*
[00300239] 4 | 9 4 _ 11 1 10 _ 0 6 2 8 _ 
[00300240] 3 | 9 4 1 11 1 10 _ 0 6 2 8 _ 
[00300241] 3 | 9 4 7 11 1 10 _ 0 6 2 8 _ 
[00300242] 2 | 9 4 7 11 1 10 3 0 6 2 8 _ 
[00300243] 3 | 9 4 _ 11 1 10 4 0 6 2 8 _ 
[00300244] 3 | 9 4 _ 11 1 10 _ 0 6 2 8 5 
[00300245] 2 | 9 4 _ 11 1 10 3 0 6 2 8 5 
[00300246] 4 | 9 4 _ 11 1 10 _ 0 6 _ 8 4 
[00300247] 3 | 9 4 _ 11 1 10 _ 0 6 3 8 4 
[00300248] 5 | _ 4 9 11 1 10 _ 0 6 _ 8 _ 
[00300249] 4 | 8 4 9 11 1 10 _ 0 6 _ 8 _ 
[00300250] 3 | 8 4 9 11 1 10 _ 0 6 3 8 _ 
[00300251] 4 | _ 4 9 11 1 10 5 0 6 _ 8 _ 
[00300252] 3 | 7 4 9 11 1 10 5 0 6 _ 8 _ 
[00300253] 2 | 7 4 9 11 1 10 5 0 6 8 8 _ 
[00300254] 2 | 7 4 9 11 1 10 5 0 6 _ 8 6 
[00300255] 3 | _ 4 9 11 1 10 5 0 6 3 8 _ 
[00300256] 2 | 2 4 9 11 1 10 5 0 6 3 8 _ 
[00300257] 1 | 2 4 9 11 1 10 5 0 6 3 8 7  *Graceful*
[00300257] 4 | _ 4 9 11 1 10 _ 0 6 2 8 _ 
[00300258] 3 | 1 4 9 11 1 10 _ 0 6 2 8 _ 
[00300259] 3 | 7 4 9 11 1 10 _ 0 6 2 8 _ 
[00300260] 2 | 7 4 9 11 1 10 3 0 6 2 8 _ 
[00300261] 3 | _ 4 9 11 1 10 4 0 6 2 8 _ 
[00300262] 3 | _ 4 9 11 1 10 _ 0 6 2 8 5 
[00300263] 2 | _ 4 9 11 1 10 3 0 6 2 8 5 
[00300264] 4 | _ 4 9 11 1 10 _ 0 6 _ 8 4 
[00300265] 3 | _ 4 9 11 1 10 _ 0 6 3 8 4 
[00300266] 5 | _ 4 _ 11 1 10 6 0 6 _ 8 _ 
[00300267] 4 | 8 4 _ 11 1 10 6 0 6 _ 8 _ 
[00300268] 3 | 8 4 7 11 1 10 6 0 6 _ 8 _ 
[00300269] 4 | _ 4 8 11 1 10 6 0 6 _ 8 _ 
[00300270] 3 | 7 4 8 11 1 10 6 0 6 _ 8 _ 
[00300271] 4 | _ 4 _ 11 1 10 6 0 6 _ 8 4 
[00300272] 5 | _ 4 _ 11 1 10 _ 0 6 1 8 _ 
[00300273] 4 | 8 4 _ 11 1 10 _ 0 6 1 8 _ 
[00300274] 3 | 8 4 7 11 1 10 _ 0 6 1 8 _ 
[00300275] 4 | _ 4 8 11 1 10 _ 0 6 1 8 _ 
[00300276] 3 | 7 4 8 11 1 10 _ 0 6 1 8 _ 
[00300277] 4 | _ 4 _ 11 1 10 _ 0 6 1 8 4 
[00300278] 5 | _ 4 _ 11 1 10 _ 0 6 _ 8 3 
[00300279] 4 | _ 4 _ 11 1 10 5 0 6 _ 8 3 
[00300280] 3 | 7 4 _ 11 1 10 5 0 6 _ 8 3 
[00300281] 2 | 7 4 2 11 1 10 5 0 6 _ 8 3 
[00300282] 2 | 7 4 6 11 1 10 5 0 6 _ 8 3 
[00300283] 2 | 7 4 _ 11 1 10 5 0 6 4 8 3 
[00300284] 3 | _ 4 7 11 1 10 5 0 6 _ 8 3 
[00300285] 2 | 2 4 7 11 1 10 5 0 6 _ 8 3 
[00300286] 2 | 6 4 7 11 1 10 5 0 6 _ 8 3 
[00300287] 2 | _ 4 7 11 1 10 5 0 6 4 8 3 
[00300288] 3 | _ 4 _ 11 1 10 5 0 6 9 8 3 
[00300289] 2 | 2 4 _ 11 1 10 5 0 6 9 8 3 
[00300290] 2 | _ 4 2 11 1 10 5 0 6 9 8 3 
[00300291] 4 | _ 4 _ 11 1 10 _ 0 6 2 8 3 
[00300292] 3 | 1 4 _ 11 1 10 _ 0 6 2 8 3 
[00300293] 3 | 7 4 _ 11 1 10 _ 0 6 2 8 3 
