[00204165] 3 | 9 2 6 1 11 3 0 10 5 8 4 _ 
[00204166] 3 | 9 2 6 1 11 3 0 10 5 _ 4 7 
[00204167] 4 | 9 2 _ 1 11 3 0 10 5 _ 4 8 
[00204168] 3 | 9 2 5 1 11 3 0 10 5 _ 4 8 
[00204169] 3 | 9 2 _ 1 11 3 0 10 5 2 4 8 
[00204170] 7 | _ 2 9 1 11 3 0 10 _ _ _ _ 
[00204171] 6 | 8 2 9 1 11 3 0 10 _ _ _ _ 
[00204172] 5 | 8 2 9 1 11 3 0 10 5 _ _ _ 
[00204173] 4 | 8 2 9 1 11 3 0 10 5 _ 6 _ 
[00204174] 5 | 8 2 9 1 11 3 0 10 _ _ 5 _ 
[00204175] 4 | 8 2 9 1 11 3 0 10 6 _ 5 _ 
[00204176] 6 | _ 2 9 1 11 3 0 10 4 _ _ _ 
[00204177] 5 | 7 2 9 1 11 3 0 10 4 _ _ _ 
[00204178] 4 | 7 2 9 1 11 3 0 10 4 8 _ _ 
[00204179] 4 | 7 2 9 1 11 3 0 10 4 _ 6 _ 
[00204180] 5 | _ 2 9 1 11 3 0 10 4 _ 5 _ 
[00204181] 4 | 6 2 9 1 11 3 0 10 4 _ 5 _ 
[00204182] 3 | 6 2 9 1 11 3 0 10 4 7 5 _ 
[00204183] 3 | 6 2 9 1 11 3 0 10 4 _ 5 8 
[00204184] 4 | _ 2 9 1 11 3 0 10 4 8 5 _ 
[00204185] 3 | 5 2 9 1 11 3 0 10 4 8 5 _ 
[00204186] 3 | _ 2 9 1 11 3 0 10 4 8 5 2 
[00204187] 6 | _ 2 9 1 11 3 0 10 _ _ 4 _ 
[00204188] 5 | 7 2 9 1 11 3 0 10 _ _ 4 _ 
[00204189] 4 | 7 2 9 1 11 3 0 10 6 _ 4 _ 
[00204190] 4 | 7 2 9 1 11 3 0 10 _ _ 4 8 
[00204191] 5 | _ 2 9 1 11 3 0 10 5 _ 4 _ 
[00204192] 4 | 6 2 9 1 11 3 0 10 5 _ 4 _ 
[00204193] 3 | 6 2 9 1 11 3 0 10 5 8 4 _ 
[00204194] 3 | 6 2 9 1 11 3 0 10 5 _ 4 7 
[00204195] 4 | _ 2 9 1 11 3 0 10 5 _ 4 8 
[00204196] 3 | 5 2 9 1 11 3 0 10 5 _ 4 8 
[00204197] 3 | _ 2 9 1 11 3 0 10 5 2 4 8 
[00204198] 7 | _ 9 2 1 11 3 0 10 _ _ _ _ 
[00204199] 7 | _ 8 _ 1 11 3 0 10 _ _ _ _ 
[00204200] 6 | 2 8 _ 1 11 3 0 10 _ _ _ _ 
[00204201] 5 | 2 8 _ 1 11 3 0 10 5 _ _ _ 
[00204202] 4 | 2 8 4 1 11 3 0 10 5 _ _ _ 
[00204203] 3 | 2 8 4 1 11 3 0 10 5 _ 7 _ 
[00204204] 2 | 2 8 4 1 11 3 0 10 5 7 7 _ 
[00204205] 2 | 2 8 4 1 11 3 0 10 5 _ 7 5 
[00204206] 2 | 2 8 4 1 11 3 0 10 5 _ 7 9 
[00204207] 1 | 2 8 4 1 11 3 0 10 5 6 7 9  *Graceful*
[00204207] 3 | 2 8 4 1 11 3 0 10 5 _ 6 9 
[00204208] 2 | 2 8 4 1 11 3 0 10 5 7 6 9 
[00204209] 3 | 2 8 4 1 11 3 0 10 5 _ 9 6 
[00204210] 2 | 2 8 4 1 11 3 0 10 5 7 9 6 
[00204211] 1 | 2 8 4 1 11 3 0 10 5 7 9 6  *Graceful*
[00204211] 4 | 2 8 _ 1 11 3 0 10 5 9 _ _ 
[00204212] 3 | 2 8 _ 1 11 3 0 10 5 9 7 _ 
[00204213] 2 | 2 8 6 1 11 3 0 10 5 9 7 _ 
[00204214] 3 | 2 8 _ 1 11 3 0 10 5 9 4 7 
[00204215] 2 | 2 8 6 1 11 3 0 10 5 9 4 7 
[00204216] 3 | 2 8 _ 1 11 3 0 10 5 9 7 4 
[00204217] 2 | 2 8 6 1 11 3 0 10 5 9 7 4 
[00204218] 4 | 2 8 _ 1 11 3 0 10 5 _ 6 _ 
[00204219] 3 | 2 8 5 1 11 3 0 10 5 _ 6 _ 
[00204220] 2 | 2 8 5 1 11 3 0 10 5 _ 6 4 
[00204221] 3 | 2 8 _ 1 11 3 0 10 5 8 6 _ 
[00204222] 2 | 2 8 _ 1 11 3 0 10 5 8 6 4 
[00204223] 3 | 2 8 _ 1 11 3 0 10 5 _ 6 9 
[00204224] 2 | 2 8 _ 1 11 3 0 10 5 7 6 9 
[00204225] 5 | 2 8 _ 1 11 3 0 10 4 9 _ _ 
[00204226] 4 | 2 8 _ 1 11 3 0 10 4 9 6 _ 
[00204227] 3 | 2 8 5 1 11 3 0 10 4 9 6 _ 
[00204228] 5 | 2 8 _ 1 11 3 0 10 9 4 _ _ 
[00204229] 4 | 2 8 _ 1 11 3 0 10 9 4 6 _ 
[00204230] 3 | 2 8 5 1 11 3 0 10 9 4 6 _ 
[00204231] 5 | 2 8 _ 1 11 3 0 10 _ _ 5 _ 
[00204232] 4 | 2 8 4 1 11 3 0 10 _ _ 5 _ 
[00204233] 3 | 2 8 4 1 11 3 0 10 7 _ 5 _ 
[00204234] 2 | 2 8 4 1 11 3 0 10 7 5 5 _ 
[00204235] 2 | 2 8 4 1 11 3 0 10 7 9 5 _ 
[00204236] 1 | 2 8 4 1 11 3 0 10 7 9 5 6  *Graceful*
[00204236] 2 | 2 8 4 1 11 3 0 10 7 _ 5 7 
[00204237] 3 | 2 8 4 1 11 3 0 10 6 9 5 _ 
[00204238] 2 | 2 8 4 1 11 3 0 10 6 9 5 7 
[00204239] 3 | 2 8 4 1 11 3 0 10 9 6 5 _ 
[00204240] 2 | 2 8 4 1 11 3 0 10 9 6 5 7 
[00204241] 1 | 2 8 4 1 11 3 0 10 9 6 5 7  *Graceful*
[00204241] 4 | 2 8 _ 1 11 3 0 10 6 _ 5 _ 
[00204242] 3 | 2 8 5 1 11 3 0 10 6 _ 5 _ 
[00204243] 2 | 2 8 5 1 11 3 0 10 6 4 5 _ 
[00204244] 3 | 2 8 _ 1 11 3 0 10 6 9 5 _ 
[00204245] 2 | 2 8 _ 1 11 3 0 10 6 9 5 7 
[00204246] 3 | 2 8 _ 1 11 3 0 10 6 _ 5 8 
[00204247] 2 | 2 8 _ 1 11 3 0 10 6 4 5 8 
[00204248] 4 | 2 8 _ 1 11 3 0 10 _ _ 5 9 
[00204249] 3 | 2 8 _ 1 11 3 0 10 7 _ 5 9 
[00204250] 2 | 2 8 6 1 11 3 0 10 7 _ 5 9 
[00204251] 3 | 2 8 _ 1 11 3 0 10 4 7 5 9 
[00204252] 2 | 2 8 6 1 11 3 0 10 4 7 5 9 
[00204253] 3 | 2 8 _ 1 11 3 0 10 7 4 5 9 
[00204254] 2 | 2 8 6 1 11 3 0 10 7 4 5 9 
[00204255] 5 | 2 8 _ 1 11 3 0 10 _ _ 4 9 
[00204256] 4 | 2 8 _ 1 11 3 0 10 6 _ 4 9 
[00204257] 3 | 2 8 5 1 11 3 0 10 6 _ 4 9 
[00204258] 5 | 2 8 _ 1 11 3 0 10 _ _ 9 4 
[00204259] 4 | 2 8 _ 1 11 3 0 10 6 _ 9 4 
[00204260] 3 | 2 8 5 1 11 3 0 10 6 _ 9 4 
[00204261] 6 | _ 8 2 1 11 3 0 10 _ _ _ _ 
[00204262] 5 | _ 8 2 1 11 3 0 10 5 _ _ _ 
[00204263] 4 | 4 8 2 1 11 3 0 10 5 _ _ _ 
[00204264] 3 | 4 8 2 1 11 3 0 10 5 _ 7 _ 
[00204265] 2 | 4 8 2 1 11 3 0 10 5 7 7 _ 
[00204266] 2 | 4 8 2 1 11 3 0 10 5 _ 7 5 
[00204267] 2 | 4 8 2 1 11 3 0 10 5 _ 7 9 
[00204268] 1 | 4 8 2 1 11 3 0 10 5 6 7 9  *Graceful*
[00204268] 3 | 4 8 2 1 11 3 0 10 5 _ 6 9 
[00204269] 2 | 4 8 2 1 11 3 0 10 5 7 6 9 
[00204270] 3 | 4 8 2 1 11 3 0 10 5 _ 9 6 
[00204271] 2 | 4 8 2 1 11 3 0 10 5 7 9 6 
[00204272] 1 | 4 8 2 1 11 3 0 10 5 7 9 6  *Graceful*
[00204272] 4 | _ 8 2 1 11 3 0 10 5 9 _ _ 
[00204273] 3 | _ 8 2 1 11 3 0 10 5 9 7 _ 
[00204274] 2 | 6 8 2 1 11 3 0 10 5 9 7 _ 
[00204275] 3 | _ 8 2 1 11 3 0 10 5 9 4 7 
[00204276] 2 | 6 8 2 1 11 3 0 10 5 9 4 7 
[00204277] 3 | _ 8 2 1 11 3 0 10 5 9 7 4 
[00204278] 2 | 6 8 2 1 11 3 0 10 5 9 7 4 
[00204279] 4 | _ 8 2 1 11 3 0 10 5 _ 6 _ 
[00204280] 3 | 5 8 2 1 11 3 0 10 5 _ 6 _ 
[00204281] 2 | 5 8 2 1 11 3 0 10 5 _ 6 4 
[00204282] 3 | _ 8 2 1 11 3 0 10 5 8 6 _ 
[00204283] 2 | _ 8 2 1 11 3 0 10 5 8 6 4 
[00204284] 3 | _ 8 2 1 11 3 0 10 5 _ 6 9 
[00204285] 2 | _ 8 2 1 11 3 0 10 5 7 6 9 
[00204286] 5 | _ 8 2 1 11 3 0 10 4 9 _ _ 
[00204287] 4 | _ 8 2 1 11 3 0 10 4 9 6 _ 
[00204288] 3 | 5 8 2 1 11 3 0 10 4 9 6 _ 
[00204289] 5 | _ 8 2 1 11 3 0 10 9 4 _ _ 
[00204290] 4 | _ 8 2 1 11 3 0 10 9 4 6 _ 
[00204291] 3 | 5 8 2 1 11 3 0 10 9 4 6 _ 
[00204292] 5 | _ 8 2 1 11 3 0 10 _ _ 5 _ 
[00204293] 4 | 4 8 2 1 11 3 0 10 _ _ 5 _ 
[00204294] 3 | 4 8 2 1 11 3 0 10 7 _ 5 _ 
[00204295] 2 | 4 8 2 1 11 3 0 10 7 5 5 _ 
[00204296] 2 | 4 8 2 1 11 3 0 10 7 9 5 _ 
[00204297] 1 | 4 8 2 1 11 3 0 10 7 9 5 6  *Graceful*
[00204297] 2 | 4 8 2 1 11 3 0 10 7 _ 5 7 
[00204298] 3 | 4 8 2 1 11 3 0 10 6 9 5 _ 
[00204299] 2 | 4 8 2 1 11 3 0 10 6 9 5 7 
[00204300] 3 | 4 8 2 1 11 3 0 10 9 6 5 _ 
[00204301] 2 | 4 8 2 1 11 3 0 10 9 6 5 7 
[00204302] 1 | 4 8 2 1 11 3 0 10 9 6 5 7  *Graceful*
[00204302] 4 | _ 8 2 1 11 3 0 10 6 _ 5 _ 
[00204303] 3 | 5 8 2 1 11 3 0 10 6 _ 5 _ 
[00204304] 2 | 5 8 2 1 11 3 0 10 6 4 5 _ 
[00204305] 3 | _ 8 2 1 11 3 0 10 6 9 5 _ 
[00204306] 2 | _ 8 2 1 11 3 0 10 6 9 5 7 
[00204307] 3 | _ 8 2 1 11 3 0 10 6 _ 5 8 
[00204308] 2 | _ 8 2 1 11 3 0 10 6 4 5 8 
[00204309] 4 | _ 8 2 1 11 3 0 10 _ _ 5 9 
[00204310] 3 | _ 8 2 1 11 3 0 10 7 _ 5 9 
[00204311] 2 | 6 8 2 1 11 3 0 10 7 _ 5 9 
[00204312] 3 | _ 8 2 1 11 3 0 10 4 7 5 9 
[00204313] 2 | 6 8 2 1 11 3 0 10 4 7 5 9 
[00204314] 3 | _ 8 2 1 11 3 0 10 7 4 5 9 
[00204315] 2 | 6 8 2 1 11 3 0 10 7 4 5 9 
[00204316] 5 | _ 8 2 1 11 3 0 10 _ _ 4 9 
[00204317] 4 | _ 8 2 1 11 3 0 10 6 _ 4 9 
[00204318] 3 | 5 8 2 1 11 3 0 10 6 _ 4 9 
[00204319] 5 | _ 8 2 1 11 3 0 10 _ _ 9 4 
[00204320] 4 | _ 8 2 1 11 3 0 10 6 _ 9 4 
[00204321] 3 | 5 8 2 1 11 3 0 10 6 _ 9 4 
[00204322] 6 | _ 8 _ 1 11 3 0 10 4 _ _ _ 
[00204323] 5 | _ 8 _ 1 11 3 0 10 4 9 _ _ 
[00204324] 4 | _ 8 _ 1 11 3 0 10 4 9 6 _ 
[00204325] 3 | 5 8 _ 1 11 3 0 10 4 9 6 _ 
[00204326] 2 | 5 8 6 1 11 3 0 10 4 9 6 _ 
[00204327] 2 | 5 8 _ 1 11 3 0 10 4 9 6 8 
[00204328] 3 | _ 8 5 1 11 3 0 10 4 9 6 _ 
[00204329] 2 | 6 8 5 1 11 3 0 10 4 9 6 _ 
[00204330] 2 | _ 8 5 1 11 3 0 10 4 9 6 8 
[00204331] 4 | _ 8 _ 1 11 3 0 10 4 9 2 6 
[00204332] 3 | 5 8 _ 1 11 3 0 10 4 9 2 6 
[00204333] 3 | _ 8 5 1 11 3 0 10 4 9 2 6 
[00204334] 4 | _ 8 _ 1 11 3 0 10 4 9 6 2 
[00204335] 3 | 5 8 _ 1 11 3 0 10 4 9 6 2 
[00204336] 3 | _ 8 5 1 11 3 0 10 4 9 6 2 
[00204337] 5 | _ 8 _ 1 11 3 0 10 4 _ 5 _ 
[00204338] 4 | 4 8 _ 1 11 3 0 10 4 _ 5 _ 
[00204339] 3 | 4 8 5 1 11 3 0 10 4 _ 5 _ 
[00204340] 3 | 4 8 _ 1 11 3 0 10 4 _ 5 2 
[00204341] 2 | 4 8 6 1 11 3 0 10 4 _ 5 2 
[00204342] 3 | 4 8 _ 1 11 3 0 10 4 _ 5 8 
[00204343] 4 | _ 8 4 1 11 3 0 10 4 _ 5 _ 
[00204344] 3 | 5 8 4 1 11 3 0 10 4 _ 5 _ 
[00204345] 3 | _ 8 4 1 11 3 0 10 4 _ 5 2 
[00204346] 2 | 6 8 4 1 11 3 0 10 4 _ 5 2 
[00204347] 3 | _ 8 4 1 11 3 0 10 4 _ 5 8 
[00204348] 4 | _ 8 _ 1 11 3 0 10 4 8 5 _ 
[00204349] 3 | _ 8 _ 1 11 3 0 10 4 8 5 2 
[00204350] 4 | _ 8 _ 1 11 3 0 10 4 _ 5 9 
[00204351] 3 | _ 8 _ 1 11 3 0 10 4 7 5 9 
[00204352] 2 | 6 8 _ 1 11 3 0 10 4 7 5 9 
[00204353] 2 | _ 8 6 1 11 3 0 10 4 7 5 9 
[00204354] 5 | _ 8 _ 1 11 3 0 10 4 _ 2 7 
[00204355] 4 | 4 8 _ 1 11 3 0 10 4 _ 2 7 
[00204356] 3 | 4 8 5 1 11 3 0 10 4 _ 2 7 
[00204357] 4 | _ 8 4 1 11 3 0 10 4 _ 2 7 
[00204358] 3 | 5 8 4 1 11 3 0 10 4 _ 2 7 
[00204359] 4 | _ 8 _ 1 11 3 0 10 4 8 2 7 
[00204360] 5 | _ 8 _ 1 11 3 0 10 4 _ 7 2 
[00204361] 4 | 4 8 _ 1 11 3 0 10 4 _ 7 2 
[00204362] 3 | 4 8 5 1 11 3 0 10 4 _ 7 2 
[00204363] 4 | _ 8 4 1 11 3 0 10 4 _ 7 2 
[00204364] 3 | 5 8 4 1 11 3 0 10 4 _ 7 2 
[00204365] 4 | _ 8 _ 1 11 3 0 10 4 8 7 2 
[00204366] 6 | _ 8 _ 1 11 3 0 10 _ _ 4 _ 
[00204367] 5 | _ 8 _ 1 11 3 0 10 5 _ 4 _ 
[00204368] 4 | 4 8 _ 1 11 3 0 10 5 _ 4 _ 
[00204369] 3 | 4 8 5 1 11 3 0 10 5 _ 4 _ 
[00204370] 3 | 4 8 _ 1 11 3 0 10 5 2 4 _ 
[00204371] 2 | 4 8 6 1 11 3 0 10 5 2 4 _ 
[00204372] 3 | 4 8 _ 1 11 3 0 10 5 8 4 _ 
[00204373] 4 | _ 8 4 1 11 3 0 10 5 _ 4 _ 
[00204374] 3 | 5 8 4 1 11 3 0 10 5 _ 4 _ 
[00204375] 3 | _ 8 4 1 11 3 0 10 5 2 4 _ 
[00204376] 2 | 6 8 4 1 11 3 0 10 5 2 4 _ 
[00204377] 3 | _ 8 4 1 11 3 0 10 5 8 4 _ 
[00204378] 4 | _ 8 _ 1 11 3 0 10 5 9 4 _ 
[00204379] 3 | _ 8 _ 1 11 3 0 10 5 9 4 7 
[00204380] 2 | 6 8 _ 1 11 3 0 10 5 9 4 7 
[00204381] 2 | _ 8 6 1 11 3 0 10 5 9 4 7 
[00204382] 4 | _ 8 _ 1 11 3 0 10 5 _ 4 8 
[00204383] 3 | _ 8 _ 1 11 3 0 10 5 2 4 8 
[00204384] 5 | _ 8 _ 1 11 3 0 10 2 7 4 _ 
[00204385] 4 | 4 8 _ 1 11 3 0 10 2 7 4 _ 
[00204386] 3 | 4 8 5 1 11 3 0 10 2 7 4 _ 
[00204387] 4 | _ 8 4 1 11 3 0 10 2 7 4 _ 
[00204388] 3 | 5 8 4 1 11 3 0 10 2 7 4 _ 
[00204389] 4 | _ 8 _ 1 11 3 0 10 2 7 4 8 
[00204390] 5 | _ 8 _ 1 11 3 0 10 7 2 4 _ 
[00204391] 4 | 4 8 _ 1 11 3 0 10 7 2 4 _ 
[00204392] 3 | 4 8 5 1 11 3 0 10 7 2 4 _ 
[00204393] 4 | _ 8 4 1 11 3 0 10 7 2 4 _ 
[00204394] 3 | 5 8 4 1 11 3 0 10 7 2 4 _ 
[00204395] 4 | _ 8 _ 1 11 3 0 10 7 2 4 8 
[00204396] 5 | _ 8 _ 1 11 3 0 10 _ _ 4 9 
[00204397] 4 | _ 8 _ 1 11 3 0 10 6 _ 4 9 
[00204398] 3 | 5 8 _ 1 11 3 0 10 6 _ 4 9 
[00204399] 2 | 5 8 6 1 11 3 0 10 6 _ 4 9 
[00204400] 2 | 5 8 _ 1 11 3 0 10 6 8 4 9 
[00204401] 3 | _ 8 5 1 11 3 0 10 6 _ 4 9 
[00204402] 2 | 6 8 5 1 11 3 0 10 6 _ 4 9 
[00204403] 2 | _ 8 5 1 11 3 0 10 6 8 4 9 
[00204404] 4 | _ 8 _ 1 11 3 0 10 2 6 4 9 
[00204405] 3 | 5 8 _ 1 11 3 0 10 2 6 4 9 
[00204406] 3 | _ 8 5 1 11 3 0 10 2 6 4 9 
[00204407] 4 | _ 8 _ 1 11 3 0 10 6 2 4 9 
[00204408] 3 | 5 8 _ 1 11 3 0 10 6 2 4 9 
[00204409] 3 | _ 8 5 1 11 3 0 10 6 2 4 9 
[00204410] 7 | _ _ _ 1 11 3 0 10 2 9 _ _ 
[00204411] 6 | _ 7 _ 1 11 3 0 10 2 9 _ _ 
[00204412] 5 | _ 7 _ 1 11 3 0 10 2 9 5 _ 
[00204413] 6 | _ _ _ 1 11 3 0 10 2 9 4 _ 
[00204414] 5 | _ 6 _ 1 11 3 0 10 2 9 4 _ 
[00204415] 4 | _ 6 _ 1 11 3 0 10 2 9 4 8 
[00204416] 7 | _ _ _ 1 11 3 0 10 9 2 _ _ 
[00204417] 6 | _ 7 _ 1 11 3 0 10 9 2 _ _ 
[00204418] 5 | _ 7 _ 1 11 3 0 10 9 2 5 _ 
[00204419] 6 | _ _ _ 1 11 3 0 10 9 2 4 _ 
[00204420] 5 | _ 6 _ 1 11 3 0 10 9 2 4 _ 
[00204421] 4 | _ 6 _ 1 11 3 0 10 9 2 4 8 
[00204422] 7 | _ _ _ 1 11 3 0 10 _ _ 2 9 
[00204423] 6 | _ 7 _ 1 11 3 0 10 _ _ 2 9 
[00204424] 5 | _ 7 _ 1 11 3 0 10 5 _ 2 9 
[00204425] 6 | _ _ _ 1 11 3 0 10 4 _ 2 9 
[00204426] 5 | _ 6 _ 1 11 3 0 10 4 _ 2 9 
[00204427] 4 | _ 6 _ 1 11 3 0 10 4 8 2 9 
[00204428] 7 | _ _ _ 1 11 3 0 10 _ _ 9 2 
[00204429] 6 | _ 7 _ 1 11 3 0 10 _ _ 9 2 
[00204430] 5 | _ 7 _ 1 11 3 0 10 5 _ 9 2 
[00204431] 6 | _ _ _ 1 11 3 0 10 4 _ 9 2 
[00204432] 5 | _ 6 _ 1 11 3 0 10 4 _ 9 2 
[00204433] 4 | _ 6 _ 1 11 3 0 10 4 8 9 2 
[00204434] 8 | _ _ _ 1 11 _ 0 10 2 _ _ _ 
[00204435] 7 | _ 8 _ 1 11 _ 0 10 2 _ _ _ 
[00204436] 6 | 2 8 _ 1 11 _ 0 10 2 _ _ _ 
[00204437] 5 | 2 8 3 1 11 _ 0 10 2 _ _ _ 
[00204438] 4 | 2 8 3 1 11 7 0 10 2 _ _ _ 
[00204439] 3 | 2 8 3 1 11 7 0 10 2 _ 6 9 
[00204440] 3 | 2 8 3 1 11 7 0 10 2 _ 9 6 
[00204441] 4 | 2 8 3 1 11 _ 0 10 2 _ 6 _ 
[00204442] 3 | 2 8 3 1 11 _ 0 10 2 _ 6 9 
[00204443] 4 | 2 8 3 1 11 _ 0 10 2 _ 5 9 
[00204444] 4 | 2 8 3 1 11 _ 0 10 2 _ 9 5 
[00204445] 5 | 2 8 _ 1 11 6 0 10 2 _ _ _ 
[00204446] 4 | 2 8 4 1 11 6 0 10 2 _ _ _ 
[00204447] 3 | 2 8 4 1 11 6 0 10 2 _ 7 _ 
[00204448] 2 | 2 8 4 1 11 6 0 10 2 _ 7 5 
[00204449] 2 | 2 8 4 1 11 6 0 10 2 _ 7 9 
[00204450] 4 | 2 8 _ 1 11 6 0 10 2 _ 3 7 
[00204451] 3 | 2 8 5 1 11 6 0 10 2 _ 3 7 
[00204452] 4 | 2 8 _ 1 11 6 0 10 2 _ 5 9 
[00204453] 4 | 2 8 _ 1 11 6 0 10 2 _ 7 3 
[00204454] 3 | 2 8 5 1 11 6 0 10 2 _ 7 3 
[00204455] 4 | 2 8 _ 1 11 6 0 10 2 _ 9 5 
[00204456] 5 | 2 8 _ 1 11 _ 0 10 2 _ 5 _ 
[00204457] 4 | 2 8 4 1 11 _ 0 10 2 _ 5 _ 
[00204458] 4 | 2 8 _ 1 11 7 0 10 2 _ 5 _ 
[00204459] 3 | 2 8 5 1 11 7 0 10 2 _ 5 _ 
[00204460] 3 | 2 8 _ 1 11 7 0 10 2 _ 5 8 
[00204461] 4 | 2 8 _ 1 11 _ 0 10 2 _ 5 9 
[00204462] 3 | 2 8 11 1 11 _ 0 10 2 _ 5 9 
[00204463] 3 | 2 8 _ 1 11 8 0 10 2 _ 5 9 
[00204464] 5 | 2 8 _ 1 11 _ 0 10 2 _ 4 9 
[00204465] 4 | 2 8 _ 1 11 7 0 10 2 _ 4 9 
[00204466] 3 | 2 8 5 1 11 7 0 10 2 _ 4 9 
[00204467] 5 | 2 8 _ 1 11 _ 0 10 2 _ 9 4 
[00204468] 4 | 2 8 _ 1 11 7 0 10 2 _ 9 4 
[00204469] 3 | 2 8 5 1 11 7 0 10 2 _ 9 4 
[00204470] 6 | _ 8 2 1 11 _ 0 10 2 _ _ _ 
[00204471] 5 | 3 8 2 1 11 _ 0 10 2 _ _ _ 
[00204472] 4 | 3 8 2 1 11 7 0 10 2 _ _ _ 
[00204473] 3 | 3 8 2 1 11 7 0 10 2 _ 6 9 
[00204474] 3 | 3 8 2 1 11 7 0 10 2 _ 9 6 
[00204475] 4 | 3 8 2 1 11 _ 0 10 2 _ 6 _ 
[00204476] 3 | 3 8 2 1 11 _ 0 10 2 _ 6 9 
[00204477] 4 | 3 8 2 1 11 _ 0 10 2 _ 5 9 
[00204478] 4 | 3 8 2 1 11 _ 0 10 2 _ 9 5 
[00204479] 5 | _ 8 2 1 11 6 0 10 2 _ _ _ 
[00204480] 4 | 4 8 2 1 11 6 0 10 2 _ _ _ 
[00204481] 3 | 4 8 2 1 11 6 0 10 2 _ 7 _ 
[00204482] 2 | 4 8 2 1 11 6 0 10 2 _ 7 5 
[00204483] 2 | 4 8 2 1 11 6 0 10 2 _ 7 9 
[00204484] 4 | _ 8 2 1 11 6 0 10 2 _ 3 7 
[00204485] 3 | 5 8 2 1 11 6 0 10 2 _ 3 7 
[00204486] 4 | _ 8 2 1 11 6 0 10 2 _ 5 9 
[00204487] 4 | _ 8 2 1 11 6 0 10 2 _ 7 3 
[00204488] 3 | 5 8 2 1 11 6 0 10 2 _ 7 3 
[00204489] 4 | _ 8 2 1 11 6 0 10 2 _ 9 5 
[00204490] 5 | _ 8 2 1 11 _ 0 10 2 _ 5 _ 
[00204491] 4 | 4 8 2 1 11 _ 0 10 2 _ 5 _ 
[00204492] 4 | _ 8 2 1 11 7 0 10 2 _ 5 _ 
[00204493] 3 | 5 8 2 1 11 7 0 10 2 _ 5 _ 
[00204494] 3 | _ 8 2 1 11 7 0 10 2 _ 5 8 
[00204495] 4 | _ 8 2 1 11 _ 0 10 2 _ 5 9 
[00204496] 3 | 11 8 2 1 11 _ 0 10 2 _ 5 9 
[00204497] 3 | _ 8 2 1 11 8 0 10 2 _ 5 9 
[00204498] 5 | _ 8 2 1 11 _ 0 10 2 _ 4 9 
[00204499] 4 | _ 8 2 1 11 7 0 10 2 _ 4 9 
[00204500] 3 | 5 8 2 1 11 7 0 10 2 _ 4 9 
[00204501] 5 | _ 8 2 1 11 _ 0 10 2 _ 9 4 
[00204502] 4 | _ 8 2 1 11 7 0 10 2 _ 9 4 
[00204503] 3 | 5 8 2 1 11 7 0 10 2 _ 9 4 
[00204504] 6 | _ 8 _ 1 11 5 0 10 2 _ _ _ 
[00204505] 5 | 3 8 _ 1 11 5 0 10 2 _ _ _ 
[00204506] 4 | 3 8 4 1 11 5 0 10 2 _ _ _ 
[00204507] 3 | 3 8 4 1 11 5 0 10 2 _ 7 _ 
[00204508] 2 | 3 8 4 1 11 5 0 10 2 _ 7 9 
[00204509] 3 | 3 8 4 1 11 5 0 10 2 _ 6 9 
[00204510] 3 | 3 8 4 1 11 5 0 10 2 _ 9 6 
[00204511] 4 | 3 8 _ 1 11 5 0 10 2 6 _ _ 
[00204512] 3 | 3 8 _ 1 11 5 0 10 2 6 7 _ 
[00204513] 2 | 3 8 _ 1 11 5 0 10 2 6 7 9 
[00204514] 3 | 3 8 _ 1 11 5 0 10 2 6 4 7 
[00204515] 3 | 3 8 _ 1 11 5 0 10 2 6 7 4 
[00204516] 4 | 3 8 _ 1 11 5 0 10 2 _ 6 _ 
[00204517] 3 | 3 8 _ 1 11 5 0 10 2 _ 6 9 
[00204518] 2 | 3 8 _ 1 11 5 0 10 2 4 6 9 
[00204519] 1 | 3 8 7 1 11 5 0 10 2 4 6 9  *Graceful*
[00204519] 5 | _ 8 3 1 11 5 0 10 2 _ _ _ 
[00204520] 4 | 4 8 3 1 11 5 0 10 2 _ _ _ 
[00204521] 3 | 4 8 3 1 11 5 0 10 2 _ 7 _ 
[00204522] 2 | 4 8 3 1 11 5 0 10 2 _ 7 9 
[00204523] 3 | 4 8 3 1 11 5 0 10 2 _ 6 9 
[00204524] 3 | 4 8 3 1 11 5 0 10 2 _ 9 6 
[00204525] 4 | _ 8 3 1 11 5 0 10 2 6 _ _ 
[00204526] 3 | _ 8 3 1 11 5 0 10 2 6 7 _ 
[00204527] 2 | _ 8 3 1 11 5 0 10 2 6 7 9 
[00204528] 3 | _ 8 3 1 11 5 0 10 2 6 4 7 
[00204529] 3 | _ 8 3 1 11 5 0 10 2 6 7 4 
[00204530] 4 | _ 8 3 1 11 5 0 10 2 _ 6 _ 
[00204531] 3 | _ 8 3 1 11 5 0 10 2 _ 6 9 
[00204532] 2 | _ 8 3 1 11 5 0 10 2 4 6 9 
[00204533] 1 | 7 8 3 1 11 5 0 10 2 4 6 9  *Graceful*
[00204533] 5 | _ 8 _ 1 11 5 0 10 2 7 _ _ 
[00204534] 4 | 4 8 _ 1 11 5 0 10 2 7 _ _ 
[00204535] 3 | 4 8 _ 1 11 5 0 10 2 7 3 6 
[00204536] 3 | 4 8 _ 1 11 5 0 10 2 7 6 9 
[00204537] 3 | 4 8 _ 1 11 5 0 10 2 7 6 3 
[00204538] 3 | 4 8 _ 1 11 5 0 10 2 7 9 6 
[00204539] 4 | _ 8 4 1 11 5 0 10 2 7 _ _ 
[00204540] 3 | _ 8 4 1 11 5 0 10 2 7 3 6 
[00204541] 3 | _ 8 4 1 11 5 0 10 2 7 6 9 
[00204542] 3 | _ 8 4 1 11 5 0 10 2 7 6 3 
[00204543] 3 | _ 8 4 1 11 5 0 10 2 7 9 6 
[00204544] 4 | _ 8 _ 1 11 5 0 10 2 7 6 _ 
[00204545] 3 | _ 8 _ 1 11 5 0 10 2 7 6 3 
[00204546] 3 | _ 8 _ 1 11 5 0 10 2 7 6 9 
[00204547] 5 | _ 8 _ 1 11 5 0 10 2 _ 4 9 
[00204548] 4 | _ 8 _ 1 11 5 0 10 2 6 4 9 
[00204549] 5 | _ 8 _ 1 11 5 0 10 2 _ 9 4 
[00204550] 4 | _ 8 _ 1 11 5 0 10 2 6 9 4 
[00204551] 6 | _ 8 _ 1 11 _ 0 10 2 8 _ _ 
[00204552] 5 | _ 8 _ 1 11 6 0 10 2 8 _ _ 
[00204553] 4 | _ 8 _ 1 11 6 0 10 2 8 3 7 
[00204554] 4 | _ 8 _ 1 11 6 0 10 2 8 5 9 
[00204555] 4 | _ 8 _ 1 11 6 0 10 2 8 7 3 
[00204556] 4 | _ 8 _ 1 11 6 0 10 2 8 9 5 
[00204557] 5 | _ 8 _ 1 11 _ 0 10 2 8 5 _ 
[00204558] 4 | _ 8 _ 1 11 7 0 10 2 8 5 _ 
[00204559] 4 | _ 8 _ 1 11 _ 0 10 2 8 5 9 
[00204560] 5 | _ 8 _ 1 11 _ 0 10 2 8 4 9 
[00204561] 4 | _ 8 _ 1 11 7 0 10 2 8 4 9 
[00204562] 5 | _ 8 _ 1 11 _ 0 10 2 8 9 4 
[00204563] 4 | _ 8 _ 1 11 7 0 10 2 8 9 4 
[00204564] 6 | _ 8 _ 1 11 _ 0 10 2 _ 4 _ 
[00204565] 5 | 3 8 _ 1 11 _ 0 10 2 _ 4 _ 
[00204566] 4 | 3 8 4 1 11 _ 0 10 2 _ 4 _ 
[00204567] 3 | 3 8 4 1 11 _ 0 10 2 5 4 _ 
[00204568] 2 | 3 8 4 1 11 9 0 10 2 5 4 _ 
[00204569] 4 | 3 8 _ 1 11 7 0 10 2 _ 4 _ 
[00204570] 3 | 3 8 5 1 11 7 0 10 2 _ 4 _ 
[00204571] 2 | 3 8 5 1 11 7 0 10 2 4 4 _ 
[00204572] 2 | 3 8 5 1 11 7 0 10 2 _ 4 2 
[00204573] 2 | 3 8 5 1 11 7 0 10 2 _ 4 6 
[00204574] 3 | 3 8 _ 1 11 7 0 10 2 5 4 _ 
[00204575] 2 | 3 8 6 1 11 7 0 10 2 5 4 _ 
[00204576] 2 | 3 8 _ 1 11 7 0 10 2 5 4 6 
[00204577] 1 | 3 8 9 1 11 7 0 10 2 5 4 6  *Graceful*
[00204577] 4 | 3 8 _ 1 11 _ 0 10 2 6 4 _ 
[00204578] 3 | 3 8 5 1 11 _ 0 10 2 6 4 _ 
[00204579] 2 | 3 8 5 1 11 9 0 10 2 6 4 _ 
[00204580] 3 | 3 8 11 1 11 _ 0 10 2 6 4 _ 
[00204581] 3 | 3 8 _ 1 11 8 0 10 2 6 4 _ 
[00204582] 3 | 3 8 _ 1 11 _ 0 10 2 6 4 7 
[00204583] 2 | 3 8 _ 1 11 9 0 10 2 6 4 7 
[00204584] 4 | 3 8 _ 1 11 _ 0 10 2 _ 4 8 
[00204585] 3 | 3 8 _ 1 11 _ 0 10 2 5 4 8 
[00204586] 2 | 3 8 _ 1 11 9 0 10 2 5 4 8 
[00204587] 5 | _ 8 3 1 11 _ 0 10 2 _ 4 _ 
[00204588] 4 | 4 8 3 1 11 _ 0 10 2 _ 4 _ 
[00204589] 3 | 4 8 3 1 11 _ 0 10 2 5 4 _ 
[00204590] 2 | 4 8 3 1 11 9 0 10 2 5 4 _ 
[00204591] 4 | _ 8 3 1 11 7 0 10 2 _ 4 _ 
[00204592] 3 | 5 8 3 1 11 7 0 10 2 _ 4 _ 
[00204593] 2 | 5 8 3 1 11 7 0 10 2 4 4 _ 
[00204594] 2 | 5 8 3 1 11 7 0 10 2 _ 4 2 
[00204595] 2 | 5 8 3 1 11 7 0 10 2 _ 4 6 
[00204596] 3 | _ 8 3 1 11 7 0 10 2 5 4 _ 
[00204597] 2 | 6 8 3 1 11 7 0 10 2 5 4 _ 
[00204598] 2 | _ 8 3 1 11 7 0 10 2 5 4 6 
[00204599] 1 | 9 8 3 1 11 7 0 10 2 5 4 6  *Graceful*
[00204599] 4 | _ 8 3 1 11 _ 0 10 2 6 4 _ 
[00204600] 3 | 5 8 3 1 11 _ 0 10 2 6 4 _ 
[00204601] 2 | 5 8 3 1 11 9 0 10 2 6 4 _ 
[00204602] 3 | 11 8 3 1 11 _ 0 10 2 6 4 _ 
[00204603] 3 | _ 8 3 1 11 8 0 10 2 6 4 _ 
[00204604] 3 | _ 8 3 1 11 _ 0 10 2 6 4 7 
[00204605] 2 | _ 8 3 1 11 9 0 10 2 6 4 7 
[00204606] 4 | _ 8 3 1 11 _ 0 10 2 _ 4 8 
[00204607] 3 | _ 8 3 1 11 _ 0 10 2 5 4 8 
[00204608] 2 | _ 8 3 1 11 9 0 10 2 5 4 8 
[00204609] 5 | _ 8 _ 1 11 6 0 10 2 _ 4 _ 
[00204610] 4 | 4 8 _ 1 11 6 0 10 2 _ 4 _ 
[00204611] 3 | 4 8 5 1 11 6 0 10 2 _ 4 _ 
[00204612] 3 | 4 8 _ 1 11 6 0 10 2 5 4 _ 
[00204613] 4 | _ 8 4 1 11 6 0 10 2 _ 4 _ 
[00204614] 3 | 5 8 4 1 11 6 0 10 2 _ 4 _ 
[00204615] 3 | _ 8 4 1 11 6 0 10 2 5 4 _ 
[00204616] 4 | _ 8 _ 1 11 6 0 10 2 _ 4 8 
[00204617] 3 | _ 8 _ 1 11 6 0 10 2 5 4 8 
[00204618] 5 | _ 8 _ 1 11 _ 0 10 2 7 4 _ 
[00204619] 4 | 4 8 _ 1 11 _ 0 10 2 7 4 _ 
[00204620] 3 | 4 8 5 1 11 _ 0 10 2 7 4 _ 
[00204621] 2 | 4 8 5 1 11 9 0 10 2 7 4 _ 
[00204622] 3 | 4 8 11 1 11 _ 0 10 2 7 4 _ 
[00204623] 3 | 4 8 _ 1 11 8 0 10 2 7 4 _ 
[00204624] 4 | _ 8 4 1 11 _ 0 10 2 7 4 _ 
[00204625] 3 | 5 8 4 1 11 _ 0 10 2 7 4 _ 
[00204626] 2 | 5 8 4 1 11 9 0 10 2 7 4 _ 
[00204627] 3 | 11 8 4 1 11 _ 0 10 2 7 4 _ 
[00204628] 3 | _ 8 4 1 11 8 0 10 2 7 4 _ 
[00204629] 4 | _ 8 _ 1 11 _ 0 10 2 7 4 8 
[00204630] 5 | _ 8 _ 1 11 _ 0 10 2 _ 4 9 
[00204631] 4 | _ 8 _ 1 11 7 0 10 2 _ 4 9 
[00204632] 3 | 5 8 _ 1 11 7 0 10 2 _ 4 9 
[00204633] 2 | 5 8 6 1 11 7 0 10 2 _ 4 9 
[00204634] 1 | 5 8 6 1 11 7 0 10 2 3 4 9  *Graceful*
[00204634] 3 | _ 8 5 1 11 7 0 10 2 _ 4 9 
[00204635] 2 | 6 8 5 1 11 7 0 10 2 _ 4 9 
[00204636] 1 | 6 8 5 1 11 7 0 10 2 3 4 9  *Graceful*
[00204636] 3 | _ 8 _ 1 11 7 0 10 2 5 4 9 
[00204637] 2 | 6 8 _ 1 11 7 0 10 2 5 4 9 
[00204638] 2 | _ 8 6 1 11 7 0 10 2 5 4 9 
[00204639] 4 | _ 8 _ 1 11 _ 0 10 2 6 4 9 
[00204640] 3 | 5 8 _ 1 11 _ 0 10 2 6 4 9 
[00204641] 3 | 11 8 _ 1 11 _ 0 10 2 6 4 9 
[00204642] 3 | _ 8 5 1 11 _ 0 10 2 6 4 9 
[00204643] 3 | _ 8 11 1 11 _ 0 10 2 6 4 9 
[00204644] 3 | _ 8 _ 1 11 8 0 10 2 6 4 9 
[00204645] 6 | _ 8 _ 1 11 _ 0 10 2 _ 3 9 
[00204646] 5 | _ 8 _ 1 11 6 0 10 2 _ 3 9 
[00204647] 4 | 4 8 _ 1 11 6 0 10 2 _ 3 9 
[00204648] 3 | 4 8 5 1 11 6 0 10 2 _ 3 9 
[00204649] 3 | 4 8 _ 1 11 6 0 10 2 5 3 9 
[00204650] 4 | _ 8 4 1 11 6 0 10 2 _ 3 9 
