[00357510] 3 | 4 7 _ 1 10 5 6 11 0 8 9 2 
[00357511] 3 | _ 7 4 1 10 5 6 11 0 8 9 2 
[00357512] 5 | _ 7 _ 1 10 _ 5 11 0 8 9 2 
[00357513] 4 | 3 7 _ 1 10 _ 5 11 0 8 9 2 
[00357514] 3 | 3 7 4 1 10 _ 5 11 0 8 9 2 
[00357515] 3 | 3 7 10 1 10 _ 5 11 0 8 9 2 
[00357516] 3 | 3 7 _ 1 10 7 5 11 0 8 9 2 
[00357517] 4 | _ 7 3 1 10 _ 5 11 0 8 9 2 
[00357518] 3 | 4 7 3 1 10 _ 5 11 0 8 9 2 
[00357519] 3 | 10 7 3 1 10 _ 5 11 0 8 9 2 
[00357520] 3 | _ 7 3 1 10 7 5 11 0 8 9 2 
[00357521] 4 | _ 7 _ 1 10 6 5 11 0 8 9 2 
[00357522] 3 | 4 7 _ 1 10 6 5 11 0 8 9 2 
[00357523] 3 | _ 7 4 1 10 6 5 11 0 8 9 2 
[00357524] 6 | _ _ _ 1 10 4 _ 11 0 8 9 2 
[00357525] 5 | _ 6 _ 1 10 4 _ 11 0 8 9 2 
[00357526] 4 | 10 6 _ 1 10 4 _ 11 0 8 9 2 
[00357527] 3 | 10 6 3 1 10 4 _ 11 0 8 9 2 
[00357528] 4 | _ 6 10 1 10 4 _ 11 0 8 9 2 
[00357529] 3 | 3 6 10 1 10 4 _ 11 0 8 9 2 
[00357530] 4 | _ 6 _ 1 10 4 6 11 0 8 9 2 
[00357531] 5 | _ _ _ 1 10 4 5 11 0 8 9 2 
[00357532] 4 | 3 7 _ 1 10 4 5 11 0 8 9 2 
[00357533] 4 | 7 3 _ 1 10 4 5 11 0 8 9 2 
[00357534] 3 | 7 3 6 1 10 4 5 11 0 8 9 2 
[00357535] 4 | _ 3 7 1 10 4 5 11 0 8 9 2 
[00357536] 3 | 6 3 7 1 10 4 5 11 0 8 9 2 
[00357537] 4 | _ 7 3 1 10 4 5 11 0 8 9 2 
[00357538] 6 | _ _ _ 1 10 _ 4 11 0 8 9 2 
[00357539] 5 | _ 6 _ 1 10 _ 4 11 0 8 9 2 
[00357540] 4 | 10 6 _ 1 10 _ 4 11 0 8 9 2 
[00357541] 3 | 10 6 3 1 10 _ 4 11 0 8 9 2 
[00357542] 4 | _ 6 10 1 10 _ 4 11 0 8 9 2 
[00357543] 3 | 3 6 10 1 10 _ 4 11 0 8 9 2 
[00357544] 4 | _ 6 _ 1 10 6 4 11 0 8 9 2 
[00357545] 5 | _ _ _ 1 10 5 4 11 0 8 9 2 
[00357546] 4 | 3 7 _ 1 10 5 4 11 0 8 9 2 
[00357547] 4 | 7 3 _ 1 10 5 4 11 0 8 9 2 
[00357548] 3 | 7 3 6 1 10 5 4 11 0 8 9 2 
[00357549] 4 | _ 3 7 1 10 5 4 11 0 8 9 2 
[00357550] 3 | 6 3 7 1 10 5 4 11 0 8 9 2 
[00357551] 4 | _ 7 3 1 10 5 4 11 0 8 9 2 
[00357552] 8 | _ _ _ 1 10 _ _ 11 0 _ 3 _ 
[00357553] 7 | 2 9 _ 1 10 _ _ 11 0 _ 3 _ 
[00357554] 7 | 9 2 _ 1 10 _ _ 11 0 _ 3 _ 
[00357555] 6 | 9 2 8 1 10 _ _ 11 0 _ 3 _ 
[00357556] 5 | 9 2 8 1 10 5 _ 11 0 _ 3 _ 
[00357557] 4 | 9 2 8 1 10 5 6 11 0 _ 3 _ 
[00357558] 3 | 9 2 8 1 10 5 6 11 0 3 3 _ 
[00357559] 3 | 9 2 8 1 10 5 6 11 0 _ 3 0 
[00357560] 4 | 9 2 8 1 10 5 _ 11 0 4 3 _ 
[00357561] 3 | 9 2 8 1 10 5 7 11 0 4 3 _ 
[00357562] 3 | 9 2 8 1 10 5 _ 11 0 4 3 6 
[00357563] 4 | 9 2 8 1 10 5 _ 11 0 _ 3 7 
[00357564] 5 | 9 2 8 1 10 _ 5 11 0 _ 3 _ 
[00357565] 4 | 9 2 8 1 10 6 5 11 0 _ 3 _ 
[00357566] 3 | 9 2 8 1 10 6 5 11 0 3 3 _ 
[00357567] 3 | 9 2 8 1 10 6 5 11 0 _ 3 0 
[00357568] 4 | 9 2 8 1 10 _ 5 11 0 4 3 _ 
[00357569] 3 | 9 2 8 1 10 7 5 11 0 4 3 _ 
[00357570] 3 | 9 2 8 1 10 _ 5 11 0 4 3 6 
[00357571] 4 | 9 2 8 1 10 _ 5 11 0 _ 3 7 
[00357572] 5 | 9 2 8 1 10 _ _ 11 0 5 3 _ 
[00357573] 4 | 9 2 8 1 10 6 _ 11 0 5 3 _ 
[00357574] 3 | 9 2 8 1 10 6 7 11 0 5 3 _ 
[00357575] 4 | 9 2 8 1 10 _ 6 11 0 5 3 _ 
[00357576] 3 | 9 2 8 1 10 7 6 11 0 5 3 _ 
[00357577] 4 | 9 2 8 1 10 _ _ 11 0 5 3 7 
[00357578] 6 | 9 2 _ 1 10 4 _ 11 0 _ 3 _ 
[00357579] 5 | 9 2 7 1 10 4 _ 11 0 _ 3 _ 
[00357580] 4 | 9 2 7 1 10 4 6 11 0 _ 3 _ 
[00357581] 3 | 9 2 7 1 10 4 6 11 0 3 3 _ 
[00357582] 3 | 9 2 7 1 10 4 6 11 0 _ 3 0 
[00357583] 5 | 9 2 _ 1 10 4 5 11 0 _ 3 _ 
[00357584] 4 | 9 2 6 1 10 4 5 11 0 _ 3 _ 
[00357585] 3 | 9 2 6 1 10 4 5 11 0 3 3 _ 
[00357586] 3 | 9 2 6 1 10 4 5 11 0 _ 3 0 
[00357587] 4 | 9 2 _ 1 10 4 5 11 0 _ 3 7 
[00357588] 5 | 9 2 _ 1 10 4 _ 11 0 5 3 _ 
[00357589] 4 | 9 2 6 1 10 4 _ 11 0 5 3 _ 
[00357590] 3 | 9 2 6 1 10 4 7 11 0 5 3 _ 
[00357591] 4 | 9 2 _ 1 10 4 6 11 0 5 3 _ 
[00357592] 4 | 9 2 _ 1 10 4 _ 11 0 5 3 7 
[00357593] 5 | 9 2 _ 1 10 4 _ 11 0 _ 3 8 
[00357594] 4 | 9 2 6 1 10 4 _ 11 0 _ 3 8 
[00357595] 3 | 9 2 6 1 10 4 7 11 0 _ 3 8 
[00357596] 4 | 9 2 _ 1 10 4 6 11 0 _ 3 8 
[00357597] 3 | 9 2 5 1 10 4 6 11 0 _ 3 8 
[00357598] 6 | 9 2 _ 1 10 _ 4 11 0 _ 3 _ 
[00357599] 5 | 9 2 7 1 10 _ 4 11 0 _ 3 _ 
[00357600] 4 | 9 2 7 1 10 6 4 11 0 _ 3 _ 
[00357601] 3 | 9 2 7 1 10 6 4 11 0 3 3 _ 
[00357602] 3 | 9 2 7 1 10 6 4 11 0 _ 3 0 
[00357603] 5 | 9 2 _ 1 10 5 4 11 0 _ 3 _ 
[00357604] 4 | 9 2 6 1 10 5 4 11 0 _ 3 _ 
[00357605] 3 | 9 2 6 1 10 5 4 11 0 3 3 _ 
[00357606] 3 | 9 2 6 1 10 5 4 11 0 _ 3 0 
[00357607] 4 | 9 2 _ 1 10 5 4 11 0 _ 3 7 
[00357608] 5 | 9 2 _ 1 10 _ 4 11 0 5 3 _ 
[00357609] 4 | 9 2 6 1 10 _ 4 11 0 5 3 _ 
[00357610] 3 | 9 2 6 1 10 7 4 11 0 5 3 _ 
[00357611] 4 | 9 2 _ 1 10 6 4 11 0 5 3 _ 
[00357612] 4 | 9 2 _ 1 10 _ 4 11 0 5 3 7 
[00357613] 5 | 9 2 _ 1 10 _ 4 11 0 _ 3 8 
[00357614] 4 | 9 2 6 1 10 _ 4 11 0 _ 3 8 
[00357615] 3 | 9 2 6 1 10 7 4 11 0 _ 3 8 
[00357616] 4 | 9 2 _ 1 10 6 4 11 0 _ 3 8 
[00357617] 3 | 9 2 5 1 10 6 4 11 0 _ 3 8 
[00357618] 6 | 9 2 _ 1 10 _ _ 11 0 6 3 _ 
[00357619] 5 | 9 2 7 1 10 _ _ 11 0 6 3 _ 
[00357620] 5 | 9 2 _ 1 10 5 _ 11 0 6 3 _ 
[00357621] 4 | 9 2 _ 1 10 5 _ 11 0 6 3 7 
[00357622] 5 | 9 2 _ 1 10 _ 5 11 0 6 3 _ 
[00357623] 4 | 9 2 _ 1 10 _ 5 11 0 6 3 7 
[00357624] 5 | 9 2 _ 1 10 _ _ 11 0 6 3 8 
[00357625] 7 | _ 2 9 1 10 _ _ 11 0 _ 3 _ 
[00357626] 6 | 8 2 9 1 10 _ _ 11 0 _ 3 _ 
[00357627] 5 | 8 2 9 1 10 5 _ 11 0 _ 3 _ 
[00357628] 4 | 8 2 9 1 10 5 6 11 0 _ 3 _ 
[00357629] 3 | 8 2 9 1 10 5 6 11 0 3 3 _ 
[00357630] 3 | 8 2 9 1 10 5 6 11 0 _ 3 0 
[00357631] 4 | 8 2 9 1 10 5 _ 11 0 4 3 _ 
[00357632] 3 | 8 2 9 1 10 5 7 11 0 4 3 _ 
[00357633] 3 | 8 2 9 1 10 5 _ 11 0 4 3 6 
[00357634] 4 | 8 2 9 1 10 5 _ 11 0 _ 3 7 
[00357635] 5 | 8 2 9 1 10 _ 5 11 0 _ 3 _ 
[00357636] 4 | 8 2 9 1 10 6 5 11 0 _ 3 _ 
[00357637] 3 | 8 2 9 1 10 6 5 11 0 3 3 _ 
[00357638] 3 | 8 2 9 1 10 6 5 11 0 _ 3 0 
[00357639] 4 | 8 2 9 1 10 _ 5 11 0 4 3 _ 
[00357640] 3 | 8 2 9 1 10 7 5 11 0 4 3 _ 
[00357641] 3 | 8 2 9 1 10 _ 5 11 0 4 3 6 
[00357642] 4 | 8 2 9 1 10 _ 5 11 0 _ 3 7 
[00357643] 5 | 8 2 9 1 10 _ _ 11 0 5 3 _ 
[00357644] 4 | 8 2 9 1 10 6 _ 11 0 5 3 _ 
[00357645] 3 | 8 2 9 1 10 6 7 11 0 5 3 _ 
[00357646] 4 | 8 2 9 1 10 _ 6 11 0 5 3 _ 
[00357647] 3 | 8 2 9 1 10 7 6 11 0 5 3 _ 
[00357648] 4 | 8 2 9 1 10 _ _ 11 0 5 3 7 
[00357649] 6 | _ 2 9 1 10 4 _ 11 0 _ 3 _ 
[00357650] 5 | 7 2 9 1 10 4 _ 11 0 _ 3 _ 
[00357651] 4 | 7 2 9 1 10 4 6 11 0 _ 3 _ 
[00357652] 3 | 7 2 9 1 10 4 6 11 0 3 3 _ 
[00357653] 3 | 7 2 9 1 10 4 6 11 0 _ 3 0 
[00357654] 5 | _ 2 9 1 10 4 5 11 0 _ 3 _ 
[00357655] 4 | 6 2 9 1 10 4 5 11 0 _ 3 _ 
[00357656] 3 | 6 2 9 1 10 4 5 11 0 3 3 _ 
[00357657] 3 | 6 2 9 1 10 4 5 11 0 _ 3 0 
[00357658] 4 | _ 2 9 1 10 4 5 11 0 _ 3 7 
[00357659] 5 | _ 2 9 1 10 4 _ 11 0 5 3 _ 
[00357660] 4 | 6 2 9 1 10 4 _ 11 0 5 3 _ 
[00357661] 3 | 6 2 9 1 10 4 7 11 0 5 3 _ 
[00357662] 4 | _ 2 9 1 10 4 6 11 0 5 3 _ 
[00357663] 4 | _ 2 9 1 10 4 _ 11 0 5 3 7 
[00357664] 5 | _ 2 9 1 10 4 _ 11 0 _ 3 8 
[00357665] 4 | 6 2 9 1 10 4 _ 11 0 _ 3 8 
[00357666] 3 | 6 2 9 1 10 4 7 11 0 _ 3 8 
[00357667] 4 | _ 2 9 1 10 4 6 11 0 _ 3 8 
[00357668] 3 | 5 2 9 1 10 4 6 11 0 _ 3 8 
[00357669] 6 | _ 2 9 1 10 _ 4 11 0 _ 3 _ 
[00357670] 5 | 7 2 9 1 10 _ 4 11 0 _ 3 _ 
[00357671] 4 | 7 2 9 1 10 6 4 11 0 _ 3 _ 
[00357672] 3 | 7 2 9 1 10 6 4 11 0 3 3 _ 
[00357673] 3 | 7 2 9 1 10 6 4 11 0 _ 3 0 
[00357674] 5 | _ 2 9 1 10 5 4 11 0 _ 3 _ 
[00357675] 4 | 6 2 9 1 10 5 4 11 0 _ 3 _ 
[00357676] 3 | 6 2 9 1 10 5 4 11 0 3 3 _ 
[00357677] 3 | 6 2 9 1 10 5 4 11 0 _ 3 0 
[00357678] 4 | _ 2 9 1 10 5 4 11 0 _ 3 7 
[00357679] 5 | _ 2 9 1 10 _ 4 11 0 5 3 _ 
[00357680] 4 | 6 2 9 1 10 _ 4 11 0 5 3 _ 
[00357681] 3 | 6 2 9 1 10 7 4 11 0 5 3 _ 
[00357682] 4 | _ 2 9 1 10 6 4 11 0 5 3 _ 
[00357683] 4 | _ 2 9 1 10 _ 4 11 0 5 3 7 
[00357684] 5 | _ 2 9 1 10 _ 4 11 0 _ 3 8 
[00357685] 4 | 6 2 9 1 10 _ 4 11 0 _ 3 8 
[00357686] 3 | 6 2 9 1 10 7 4 11 0 _ 3 8 
[00357687] 4 | _ 2 9 1 10 6 4 11 0 _ 3 8 
[00357688] 3 | 5 2 9 1 10 6 4 11 0 _ 3 8 
[00357689] 6 | _ 2 9 1 10 _ _ 11 0 6 3 _ 
[00357690] 5 | 7 2 9 1 10 _ _ 11 0 6 3 _ 
[00357691] 5 | _ 2 9 1 10 5 _ 11 0 6 3 _ 
[00357692] 4 | _ 2 9 1 10 5 _ 11 0 6 3 7 
[00357693] 5 | _ 2 9 1 10 _ 5 11 0 6 3 _ 
[00357694] 4 | _ 2 9 1 10 _ 5 11 0 6 3 7 
[00357695] 5 | _ 2 9 1 10 _ _ 11 0 6 3 8 
[00357696] 7 | _ 9 2 1 10 _ _ 11 0 _ 3 _ 
[00357697] 7 | _ 8 _ 1 10 _ _ 11 0 _ 3 _ 
[00357698] 6 | 2 8 _ 1 10 _ _ 11 0 _ 3 _ 
[00357699] 5 | 2 8 3 1 10 _ _ 11 0 _ 3 _ 
[00357700] 4 | 2 8 3 1 10 6 _ 11 0 _ 3 _ 
[00357701] 3 | 2 8 3 1 10 6 7 11 0 _ 3 _ 
[00357702] 4 | 2 8 3 1 10 _ 6 11 0 _ 3 _ 
[00357703] 3 | 2 8 3 1 10 7 6 11 0 _ 3 _ 
[00357704] 4 | 2 8 3 1 10 _ _ 11 0 4 3 _ 
[00357705] 3 | 2 8 3 1 10 7 _ 11 0 4 3 _ 
[00357706] 3 | 2 8 3 1 10 _ 7 11 0 4 3 _ 
[00357707] 5 | 2 8 _ 1 10 5 _ 11 0 _ 3 _ 
[00357708] 4 | 2 8 4 1 10 5 _ 11 0 _ 3 _ 
[00357709] 3 | 2 8 4 1 10 5 7 11 0 _ 3 _ 
[00357710] 3 | 2 8 4 1 10 5 _ 11 0 3 3 _ 
[00357711] 3 | 2 8 4 1 10 5 _ 11 0 _ 3 0 
[00357712] 3 | 2 8 4 1 10 5 _ 11 0 _ 3 6 
[00357713] 4 | 2 8 _ 1 10 5 6 11 0 _ 3 _ 
[00357714] 3 | 2 8 _ 1 10 5 6 11 0 3 3 _ 
[00357715] 3 | 2 8 _ 1 10 5 6 11 0 _ 3 0 
[00357716] 4 | 2 8 _ 1 10 5 _ 11 0 4 3 _ 
[00357717] 3 | 2 8 _ 1 10 5 7 11 0 4 3 _ 
[00357718] 2 | 2 8 6 1 10 5 7 11 0 4 3 _ 
[00357719] 3 | 2 8 _ 1 10 5 _ 11 0 4 3 6 
[00357720] 2 | 2 8 10 1 10 5 _ 11 0 4 3 6 
[00357721] 2 | 2 8 _ 1 10 5 8 11 0 4 3 6 
[00357722] 4 | 2 8 _ 1 10 5 _ 11 0 _ 3 7 
[00357723] 5 | 2 8 _ 1 10 _ 5 11 0 _ 3 _ 
[00357724] 4 | 2 8 4 1 10 _ 5 11 0 _ 3 _ 
[00357725] 3 | 2 8 4 1 10 7 5 11 0 _ 3 _ 
[00357726] 3 | 2 8 4 1 10 _ 5 11 0 3 3 _ 
[00357727] 3 | 2 8 4 1 10 _ 5 11 0 _ 3 0 
[00357728] 3 | 2 8 4 1 10 _ 5 11 0 _ 3 6 
[00357729] 4 | 2 8 _ 1 10 6 5 11 0 _ 3 _ 
[00357730] 3 | 2 8 _ 1 10 6 5 11 0 3 3 _ 
[00357731] 3 | 2 8 _ 1 10 6 5 11 0 _ 3 0 
[00357732] 4 | 2 8 _ 1 10 _ 5 11 0 4 3 _ 
[00357733] 3 | 2 8 _ 1 10 7 5 11 0 4 3 _ 
[00357734] 2 | 2 8 6 1 10 7 5 11 0 4 3 _ 
[00357735] 3 | 2 8 _ 1 10 _ 5 11 0 4 3 6 
[00357736] 2 | 2 8 10 1 10 _ 5 11 0 4 3 6 
[00357737] 2 | 2 8 _ 1 10 8 5 11 0 4 3 6 
[00357738] 4 | 2 8 _ 1 10 _ 5 11 0 _ 3 7 
[00357739] 5 | 2 8 _ 1 10 _ _ 11 0 5 3 _ 
[00357740] 4 | 2 8 4 1 10 _ _ 11 0 5 3 _ 
[00357741] 3 | 2 8 4 1 10 7 _ 11 0 5 3 _ 
[00357742] 3 | 2 8 4 1 10 _ 7 11 0 5 3 _ 
[00357743] 3 | 2 8 4 1 10 _ _ 11 0 5 3 6 
[00357744] 4 | 2 8 _ 1 10 6 _ 11 0 5 3 _ 
[00357745] 3 | 2 8 _ 1 10 6 7 11 0 5 3 _ 
[00357746] 4 | 2 8 _ 1 10 _ 6 11 0 5 3 _ 
[00357747] 3 | 2 8 _ 1 10 7 6 11 0 5 3 _ 
[00357748] 4 | 2 8 _ 1 10 _ _ 11 0 5 3 7 
[00357749] 5 | 2 8 _ 1 10 _ _ 11 0 _ 3 8 
[00357750] 4 | 2 8 _ 1 10 6 _ 11 0 _ 3 8 
[00357751] 3 | 2 8 _ 1 10 6 7 11 0 _ 3 8 
[00357752] 4 | 2 8 _ 1 10 _ 6 11 0 _ 3 8 
[00357753] 3 | 2 8 _ 1 10 7 6 11 0 _ 3 8 
[00357754] 4 | 2 8 _ 1 10 _ _ 11 0 4 3 8 
[00357755] 3 | 2 8 _ 1 10 7 _ 11 0 4 3 8 
[00357756] 3 | 2 8 _ 1 10 _ 7 11 0 4 3 8 
[00357757] 6 | _ 8 2 1 10 _ _ 11 0 _ 3 _ 
[00357758] 5 | 3 8 2 1 10 _ _ 11 0 _ 3 _ 
[00357759] 4 | 3 8 2 1 10 6 _ 11 0 _ 3 _ 
[00357760] 3 | 3 8 2 1 10 6 7 11 0 _ 3 _ 
[00357761] 4 | 3 8 2 1 10 _ 6 11 0 _ 3 _ 
[00357762] 3 | 3 8 2 1 10 7 6 11 0 _ 3 _ 
[00357763] 4 | 3 8 2 1 10 _ _ 11 0 4 3 _ 
[00357764] 3 | 3 8 2 1 10 7 _ 11 0 4 3 _ 
[00357765] 3 | 3 8 2 1 10 _ 7 11 0 4 3 _ 
[00357766] 5 | _ 8 2 1 10 5 _ 11 0 _ 3 _ 
[00357767] 4 | 4 8 2 1 10 5 _ 11 0 _ 3 _ 
[00357768] 3 | 4 8 2 1 10 5 7 11 0 _ 3 _ 
[00357769] 3 | 4 8 2 1 10 5 _ 11 0 3 3 _ 
[00357770] 3 | 4 8 2 1 10 5 _ 11 0 _ 3 0 
[00357771] 3 | 4 8 2 1 10 5 _ 11 0 _ 3 6 
[00357772] 4 | _ 8 2 1 10 5 6 11 0 _ 3 _ 
[00357773] 3 | _ 8 2 1 10 5 6 11 0 3 3 _ 
[00357774] 3 | _ 8 2 1 10 5 6 11 0 _ 3 0 
[00357775] 4 | _ 8 2 1 10 5 _ 11 0 4 3 _ 
[00357776] 3 | _ 8 2 1 10 5 7 11 0 4 3 _ 
[00357777] 2 | 6 8 2 1 10 5 7 11 0 4 3 _ 
[00357778] 3 | _ 8 2 1 10 5 _ 11 0 4 3 6 
[00357779] 2 | 10 8 2 1 10 5 _ 11 0 4 3 6 
[00357780] 2 | _ 8 2 1 10 5 8 11 0 4 3 6 
[00357781] 4 | _ 8 2 1 10 5 _ 11 0 _ 3 7 
[00357782] 5 | _ 8 2 1 10 _ 5 11 0 _ 3 _ 
[00357783] 4 | 4 8 2 1 10 _ 5 11 0 _ 3 _ 
[00357784] 3 | 4 8 2 1 10 7 5 11 0 _ 3 _ 
[00357785] 3 | 4 8 2 1 10 _ 5 11 0 3 3 _ 
[00357786] 3 | 4 8 2 1 10 _ 5 11 0 _ 3 0 
[00357787] 3 | 4 8 2 1 10 _ 5 11 0 _ 3 6 
[00357788] 4 | _ 8 2 1 10 6 5 11 0 _ 3 _ 
[00357789] 3 | _ 8 2 1 10 6 5 11 0 3 3 _ 
[00357790] 3 | _ 8 2 1 10 6 5 11 0 _ 3 0 
[00357791] 4 | _ 8 2 1 10 _ 5 11 0 4 3 _ 
[00357792] 3 | _ 8 2 1 10 7 5 11 0 4 3 _ 
[00357793] 2 | 6 8 2 1 10 7 5 11 0 4 3 _ 
[00357794] 3 | _ 8 2 1 10 _ 5 11 0 4 3 6 
[00357795] 2 | 10 8 2 1 10 _ 5 11 0 4 3 6 
[00357796] 2 | _ 8 2 1 10 8 5 11 0 4 3 6 
[00357797] 4 | _ 8 2 1 10 _ 5 11 0 _ 3 7 
[00357798] 5 | _ 8 2 1 10 _ _ 11 0 5 3 _ 
[00357799] 4 | 4 8 2 1 10 _ _ 11 0 5 3 _ 
[00357800] 3 | 4 8 2 1 10 7 _ 11 0 5 3 _ 
[00357801] 3 | 4 8 2 1 10 _ 7 11 0 5 3 _ 
[00357802] 3 | 4 8 2 1 10 _ _ 11 0 5 3 6 
[00357803] 4 | _ 8 2 1 10 6 _ 11 0 5 3 _ 
[00357804] 3 | _ 8 2 1 10 6 7 11 0 5 3 _ 
[00357805] 4 | _ 8 2 1 10 _ 6 11 0 5 3 _ 
[00357806] 3 | _ 8 2 1 10 7 6 11 0 5 3 _ 
[00357807] 4 | _ 8 2 1 10 _ _ 11 0 5 3 7 
[00357808] 5 | _ 8 2 1 10 _ _ 11 0 _ 3 8 
[00357809] 4 | _ 8 2 1 10 6 _ 11 0 _ 3 8 
[00357810] 3 | _ 8 2 1 10 6 7 11 0 _ 3 8 
[00357811] 4 | _ 8 2 1 10 _ 6 11 0 _ 3 8 
[00357812] 3 | _ 8 2 1 10 7 6 11 0 _ 3 8 
[00357813] 4 | _ 8 2 1 10 _ _ 11 0 4 3 8 
[00357814] 3 | _ 8 2 1 10 7 _ 11 0 4 3 8 
[00357815] 3 | _ 8 2 1 10 _ 7 11 0 4 3 8 
[00357816] 6 | _ 8 _ 1 10 4 _ 11 0 _ 3 _ 
[00357817] 5 | 3 8 _ 1 10 4 _ 11 0 _ 3 _ 
[00357818] 4 | 3 8 _ 1 10 4 6 11 0 _ 3 _ 
[00357819] 3 | 3 8 5 1 10 4 6 11 0 _ 3 _ 
[00357820] 2 | 3 8 5 1 10 4 6 11 0 2 3 _ 
[00357821] 5 | _ 8 3 1 10 4 _ 11 0 _ 3 _ 
[00357822] 4 | _ 8 3 1 10 4 6 11 0 _ 3 _ 
[00357823] 3 | 5 8 3 1 10 4 6 11 0 _ 3 _ 
[00357824] 2 | 5 8 3 1 10 4 6 11 0 2 3 _ 
[00357825] 5 | _ 8 _ 1 10 4 5 11 0 _ 3 _ 
[00357826] 4 | _ 8 _ 1 10 4 5 11 0 _ 3 7 
[00357827] 5 | _ 8 _ 1 10 4 _ 11 0 5 3 _ 
[00357828] 4 | _ 8 _ 1 10 4 6 11 0 5 3 _ 
[00357829] 4 | _ 8 _ 1 10 4 _ 11 0 5 3 7 
[00357830] 5 | _ 8 _ 1 10 4 _ 11 0 _ 3 8 
[00357831] 4 | _ 8 _ 1 10 4 6 11 0 _ 3 8 
[00357832] 6 | _ 8 _ 1 10 _ 4 11 0 _ 3 _ 
[00357833] 5 | 3 8 _ 1 10 _ 4 11 0 _ 3 _ 
[00357834] 4 | 3 8 _ 1 10 6 4 11 0 _ 3 _ 
[00357835] 3 | 3 8 5 1 10 6 4 11 0 _ 3 _ 
[00357836] 2 | 3 8 5 1 10 6 4 11 0 2 3 _ 
[00357837] 5 | _ 8 3 1 10 _ 4 11 0 _ 3 _ 
[00357838] 4 | _ 8 3 1 10 6 4 11 0 _ 3 _ 
[00357839] 3 | 5 8 3 1 10 6 4 11 0 _ 3 _ 
[00357840] 2 | 5 8 3 1 10 6 4 11 0 2 3 _ 
[00357841] 5 | _ 8 _ 1 10 5 4 11 0 _ 3 _ 
[00357842] 4 | _ 8 _ 1 10 5 4 11 0 _ 3 7 
[00357843] 5 | _ 8 _ 1 10 _ 4 11 0 5 3 _ 
[00357844] 4 | _ 8 _ 1 10 6 4 11 0 5 3 _ 
[00357845] 4 | _ 8 _ 1 10 _ 4 11 0 5 3 7 
[00357846] 5 | _ 8 _ 1 10 _ 4 11 0 _ 3 8 
[00357847] 4 | _ 8 _ 1 10 6 4 11 0 _ 3 8 
[00357848] 6 | _ 8 _ 1 10 _ _ 11 0 6 3 _ 
[00357849] 5 | 3 8 _ 1 10 _ _ 11 0 6 3 _ 
[00357850] 4 | 3 8 4 1 10 _ _ 11 0 6 3 _ 
[00357851] 3 | 3 8 4 1 10 7 _ 11 0 6 3 _ 
[00357852] 3 | 3 8 4 1 10 _ 7 11 0 6 3 _ 
[00357853] 5 | _ 8 3 1 10 _ _ 11 0 6 3 _ 
[00357854] 4 | 4 8 3 1 10 _ _ 11 0 6 3 _ 
[00357855] 3 | 4 8 3 1 10 7 _ 11 0 6 3 _ 
[00357856] 3 | 4 8 3 1 10 _ 7 11 0 6 3 _ 
[00357857] 5 | _ 8 _ 1 10 5 _ 11 0 6 3 _ 
[00357858] 4 | 4 8 _ 1 10 5 _ 11 0 6 3 _ 
[00357859] 3 | 4 8 _ 1 10 5 7 11 0 6 3 _ 
[00357860] 4 | _ 8 4 1 10 5 _ 11 0 6 3 _ 
[00357861] 3 | _ 8 4 1 10 5 7 11 0 6 3 _ 
[00357862] 4 | _ 8 _ 1 10 5 _ 11 0 6 3 7 
[00357863] 5 | _ 8 _ 1 10 _ 5 11 0 6 3 _ 
[00357864] 4 | 4 8 _ 1 10 _ 5 11 0 6 3 _ 
[00357865] 3 | 4 8 _ 1 10 7 5 11 0 6 3 _ 
[00357866] 4 | _ 8 4 1 10 _ 5 11 0 6 3 _ 
[00357867] 3 | _ 8 4 1 10 7 5 11 0 6 3 _ 
[00357868] 4 | _ 8 _ 1 10 _ 5 11 0 6 3 7 
[00357869] 5 | _ 8 _ 1 10 _ _ 11 0 6 3 8 
[00357870] 6 | _ 8 _ 1 10 _ _ 11 0 _ 3 9 
[00357871] 5 | _ 8 _ 1 10 5 _ 11 0 _ 3 9 
[00357872] 4 | 4 8 _ 1 10 5 _ 11 0 _ 3 9 
[00357873] 3 | 4 8 _ 1 10 5 7 11 0 _ 3 9 
[00357874] 2 | 4 8 6 1 10 5 7 11 0 _ 3 9 
[00357875] 2 | 4 8 _ 1 10 5 7 11 0 2 3 9 
[00357876] 4 | _ 8 4 1 10 5 _ 11 0 _ 3 9 
[00357877] 3 | _ 8 4 1 10 5 7 11 0 _ 3 9 
[00357878] 2 | 6 8 4 1 10 5 7 11 0 _ 3 9 
[00357879] 2 | _ 8 4 1 10 5 7 11 0 2 3 9 
[00357880] 4 | _ 8 _ 1 10 5 6 11 0 _ 3 9 
[00357881] 4 | _ 8 _ 1 10 5 _ 11 0 4 3 9 
[00357882] 3 | _ 8 _ 1 10 5 7 11 0 4 3 9 
[00357883] 2 | 6 8 _ 1 10 5 7 11 0 4 3 9 
[00357884] 2 | _ 8 6 1 10 5 7 11 0 4 3 9 
[00357885] 5 | _ 8 _ 1 10 _ 5 11 0 _ 3 9 
[00357886] 4 | 4 8 _ 1 10 _ 5 11 0 _ 3 9 
[00357887] 3 | 4 8 _ 1 10 7 5 11 0 _ 3 9 
[00357888] 2 | 4 8 6 1 10 7 5 11 0 _ 3 9 
[00357889] 2 | 4 8 _ 1 10 7 5 11 0 2 3 9 
[00357890] 4 | _ 8 4 1 10 _ 5 11 0 _ 3 9 
[00357891] 3 | _ 8 4 1 10 7 5 11 0 _ 3 9 
[00357892] 2 | 6 8 4 1 10 7 5 11 0 _ 3 9 
[00357893] 2 | _ 8 4 1 10 7 5 11 0 2 3 9 
[00357894] 4 | _ 8 _ 1 10 6 5 11 0 _ 3 9 
[00357895] 4 | _ 8 _ 1 10 _ 5 11 0 4 3 9 
[00357896] 3 | _ 8 _ 1 10 7 5 11 0 4 3 9 
[00357897] 2 | 6 8 _ 1 10 7 5 11 0 4 3 9 
[00357898] 2 | _ 8 6 1 10 7 5 11 0 4 3 9 
[00357899] 5 | _ 8 _ 1 10 _ _ 11 0 5 3 9 
[00357900] 4 | 4 8 _ 1 10 _ _ 11 0 5 3 9 
[00357901] 3 | 4 8 _ 1 10 7 _ 11 0 5 3 9 
[00357902] 2 | 4 8 6 1 10 7 _ 11 0 5 3 9 
[00357903] 2 | 4 8 10 1 10 7 _ 11 0 5 3 9 
[00357904] 2 | 4 8 _ 1 10 7 8 11 0 5 3 9 
[00357905] 3 | 4 8 _ 1 10 _ 7 11 0 5 3 9 
[00357906] 2 | 4 8 6 1 10 _ 7 11 0 5 3 9 
[00357907] 2 | 4 8 10 1 10 _ 7 11 0 5 3 9 
[00357908] 2 | 4 8 _ 1 10 8 7 11 0 5 3 9 
[00357909] 4 | _ 8 4 1 10 _ _ 11 0 5 3 9 
[00357910] 3 | _ 8 4 1 10 7 _ 11 0 5 3 9 
[00357911] 2 | 6 8 4 1 10 7 _ 11 0 5 3 9 
[00357912] 2 | 10 8 4 1 10 7 _ 11 0 5 3 9 
[00357913] 2 | _ 8 4 1 10 7 8 11 0 5 3 9 
[00357914] 3 | _ 8 4 1 10 _ 7 11 0 5 3 9 
[00357915] 2 | 6 8 4 1 10 _ 7 11 0 5 3 9 
[00357916] 2 | 10 8 4 1 10 _ 7 11 0 5 3 9 
[00357917] 2 | _ 8 4 1 10 8 7 11 0 5 3 9 
[00357918] 4 | _ 8 _ 1 10 6 _ 11 0 5 3 9 
[00357919] 3 | _ 8 _ 1 10 6 7 11 0 5 3 9 
[00357920] 4 | _ 8 _ 1 10 _ 6 11 0 5 3 9 
[00357921] 3 | _ 8 _ 1 10 7 6 11 0 5 3 9 
[00357922] 7 | _ _ _ 1 10 3 _ 11 0 _ 3 _ 
[00357923] 6 | 2 8 _ 1 10 3 _ 11 0 _ 3 _ 
[00357924] 6 | 8 2 _ 1 10 3 _ 11 0 _ 3 _ 
[00357925] 5 | 8 2 7 1 10 3 _ 11 0 _ 3 _ 
[00357926] 4 | 8 2 7 1 10 3 6 11 0 _ 3 _ 
[00357927] 4 | 8 2 7 1 10 3 _ 11 0 4 3 _ 
[00357928] 5 | 8 2 _ 1 10 3 5 11 0 _ 3 _ 
[00357929] 4 | 8 2 6 1 10 3 5 11 0 _ 3 _ 
[00357930] 4 | 8 2 _ 1 10 3 5 11 0 4 3 _ 
[00357931] 5 | 8 2 _ 1 10 3 _ 11 0 5 3 _ 
[00357932] 4 | 8 2 6 1 10 3 _ 11 0 5 3 _ 
[00357933] 3 | 8 2 6 1 10 3 7 11 0 5 3 _ 
[00357934] 4 | 8 2 _ 1 10 3 6 11 0 5 3 _ 
[00357935] 6 | _ 2 8 1 10 3 _ 11 0 _ 3 _ 
[00357936] 5 | 7 2 8 1 10 3 _ 11 0 _ 3 _ 
[00357937] 4 | 7 2 8 1 10 3 6 11 0 _ 3 _ 
[00357938] 4 | 7 2 8 1 10 3 _ 11 0 4 3 _ 
[00357939] 5 | _ 2 8 1 10 3 5 11 0 _ 3 _ 
[00357940] 4 | 6 2 8 1 10 3 5 11 0 _ 3 _ 
[00357941] 4 | _ 2 8 1 10 3 5 11 0 4 3 _ 
[00357942] 5 | _ 2 8 1 10 3 _ 11 0 5 3 _ 
[00357943] 4 | 6 2 8 1 10 3 _ 11 0 5 3 _ 
[00357944] 3 | 6 2 8 1 10 3 7 11 0 5 3 _ 
[00357945] 4 | _ 2 8 1 10 3 6 11 0 5 3 _ 
[00357946] 6 | _ 8 2 1 10 3 _ 11 0 _ 3 _ 
[00357947] 6 | _ 7 _ 1 10 3 _ 11 0 _ 3 _ 
[00357948] 5 | 2 7 _ 1 10 3 _ 11 0 _ 3 _ 
[00357949] 4 | 2 7 _ 1 10 3 6 11 0 _ 3 _ 
[00357950] 3 | 2 7 4 1 10 3 6 11 0 _ 3 _ 
[00357951] 4 | 2 7 _ 1 10 3 _ 11 0 4 3 _ 
[00357952] 3 | 2 7 10 1 10 3 _ 11 0 4 3 _ 
[00357953] 3 | 2 7 _ 1 10 3 7 11 0 4 3 _ 
[00357954] 5 | _ 7 2 1 10 3 _ 11 0 _ 3 _ 
[00357955] 4 | _ 7 2 1 10 3 6 11 0 _ 3 _ 
[00357956] 3 | 4 7 2 1 10 3 6 11 0 _ 3 _ 
[00357957] 4 | _ 7 2 1 10 3 _ 11 0 4 3 _ 
[00357958] 3 | 10 7 2 1 10 3 _ 11 0 4 3 _ 
[00357959] 3 | _ 7 2 1 10 3 7 11 0 4 3 _ 
[00357960] 5 | _ 7 _ 1 10 3 5 11 0 _ 3 _ 
[00357961] 4 | _ 7 _ 1 10 3 5 11 0 4 3 _ 
[00357962] 5 | _ 7 _ 1 10 3 _ 11 0 5 3 _ 
[00357963] 4 | _ 7 _ 1 10 3 6 11 0 5 3 _ 
[00357964] 3 | 4 7 _ 1 10 3 6 11 0 5 3 _ 
[00357965] 2 | 4 7 9 1 10 3 6 11 0 5 3 _ 
[00357966] 3 | _ 7 4 1 10 3 6 11 0 5 3 _ 
[00357967] 2 | 9 7 4 1 10 3 6 11 0 5 3 _ 
[00357968] 6 | _ _ _ 1 10 3 4 11 0 _ 3 _ 
[00357969] 5 | 2 7 _ 1 10 3 4 11 0 _ 3 _ 
[00357970] 5 | 7 2 _ 1 10 3 4 11 0 _ 3 _ 
[00357971] 4 | 7 2 6 1 10 3 4 11 0 _ 3 _ 
[00357972] 5 | _ 2 7 1 10 3 4 11 0 _ 3 _ 
[00357973] 4 | 6 2 7 1 10 3 4 11 0 _ 3 _ 
[00357974] 5 | _ 7 2 1 10 3 4 11 0 _ 3 _ 
[00357975] 5 | _ 6 _ 1 10 3 4 11 0 _ 3 _ 
[00357976] 4 | 2 6 _ 1 10 3 4 11 0 _ 3 _ 
[00357977] 3 | 2 6 9 1 10 3 4 11 0 _ 3 _ 
[00357978] 4 | _ 6 2 1 10 3 4 11 0 _ 3 _ 
[00357979] 3 | 9 6 2 1 10 3 4 11 0 _ 3 _ 
[00357980] 5 | _ _ _ 1 10 3 4 11 0 5 3 _ 
[00357981] 4 | 2 6 _ 1 10 3 4 11 0 5 3 _ 
[00357982] 4 | 6 2 _ 1 10 3 4 11 0 5 3 _ 
[00357983] 4 | _ 2 6 1 10 3 4 11 0 5 3 _ 
[00357984] 4 | _ 6 2 1 10 3 4 11 0 5 3 _ 
[00357985] 6 | _ _ _ 1 10 3 _ 11 0 6 3 _ 
[00357986] 5 | 2 7 _ 1 10 3 _ 11 0 6 3 _ 
[00357987] 5 | 4 9 _ 1 10 3 _ 11 0 6 3 _ 
[00357988] 5 | 7 2 _ 1 10 3 _ 11 0 6 3 _ 
[00357989] 5 | 9 4 _ 1 10 3 _ 11 0 6 3 _ 
[00357990] 4 | 9 4 8 1 10 3 _ 11 0 6 3 _ 
[00357991] 3 | 9 4 8 1 10 3 7 11 0 6 3 _ 
[00357992] 5 | _ 2 7 1 10 3 _ 11 0 6 3 _ 
[00357993] 5 | _ 4 9 1 10 3 _ 11 0 6 3 _ 
[00357994] 4 | 8 4 9 1 10 3 _ 11 0 6 3 _ 
[00357995] 3 | 8 4 9 1 10 3 7 11 0 6 3 _ 
[00357996] 5 | _ 7 2 1 10 3 _ 11 0 6 3 _ 
[00357997] 5 | _ 9 4 1 10 3 _ 11 0 6 3 _ 
[00357998] 5 | _ _ _ 1 10 3 5 11 0 6 3 _ 
[00357999] 4 | 4 8 _ 1 10 3 5 11 0 6 3 _ 
[00358000] 4 | 8 4 _ 1 10 3 5 11 0 6 3 _ 
[00358001] 3 | 8 4 7 1 10 3 5 11 0 6 3 _ 
[00358002] 4 | _ 4 8 1 10 3 5 11 0 6 3 _ 
[00358003] 3 | 7 4 8 1 10 3 5 11 0 6 3 _ 
[00358004] 4 | _ 8 4 1 10 3 5 11 0 6 3 _ 
[00358005] 7 | _ _ _ 1 10 _ 3 11 0 _ 3 _ 
[00358006] 6 | 2 8 _ 1 10 _ 3 11 0 _ 3 _ 
[00358007] 6 | 8 2 _ 1 10 _ 3 11 0 _ 3 _ 
[00358008] 5 | 8 2 7 1 10 _ 3 11 0 _ 3 _ 
[00358009] 4 | 8 2 7 1 10 6 3 11 0 _ 3 _ 
