[00216097] 2 | _ 10 3 0 9 1 7 11 6 10 5 8 
[00216098] 4 | _ 10 3 0 9 1 _ 11 6 _ 5 9 
[00216099] 3 | 7 10 3 0 9 1 _ 11 6 _ 5 9 
[00216100] 2 | 7 10 3 0 9 1 _ 11 6 4 5 9 
[00216101] 2 | 7 10 3 0 9 1 _ 11 6 8 5 9 
[00216102] 5 | _ 10 3 0 9 1 _ 11 2 7 5 _ 
[00216103] 4 | 6 10 3 0 9 1 _ 11 2 7 5 _ 
[00216104] 3 | 6 10 3 0 9 1 _ 11 2 7 5 8 
[00216105] 4 | _ 10 3 0 9 1 5 11 2 7 5 _ 
[00216106] 4 | _ 10 3 0 9 1 _ 11 2 7 5 9 
[00216107] 5 | _ 10 3 0 9 1 _ 11 7 2 5 _ 
[00216108] 4 | 6 10 3 0 9 1 _ 11 7 2 5 _ 
[00216109] 3 | 6 10 3 0 9 1 _ 11 7 2 5 8 
[00216110] 4 | _ 10 3 0 9 1 5 11 7 2 5 _ 
[00216111] 4 | _ 10 3 0 9 1 _ 11 7 2 5 9 
[00216112] 5 | _ 10 3 0 9 1 _ 11 _ _ 5 10 
[00216113] 4 | _ 10 3 0 9 1 _ 11 7 _ 5 10 
[00216114] 3 | _ 10 3 0 9 1 6 11 7 _ 5 10 
[00216115] 3 | _ 10 3 0 9 1 _ 11 7 4 5 10 
[00216116] 4 | _ 10 3 0 9 1 _ 11 2 6 5 10 
[00216117] 4 | _ 10 3 0 9 1 _ 11 4 8 5 10 
[00216118] 3 | _ 10 3 0 9 1 6 11 4 8 5 10 
[00216119] 4 | _ 10 3 0 9 1 _ 11 6 2 5 10 
[00216120] 4 | _ 10 3 0 9 1 _ 11 8 4 5 10 
[00216121] 3 | _ 10 3 0 9 1 6 11 8 4 5 10 
[00216122] 6 | _ 10 3 0 9 1 _ 11 _ _ 2 8 
[00216123] 5 | 5 10 3 0 9 1 _ 11 _ _ 2 8 
[00216124] 4 | 5 10 3 0 9 1 _ 11 7 _ 2 8 
[00216125] 3 | 5 10 3 0 9 1 6 11 7 _ 2 8 
[00216126] 3 | 5 10 3 0 9 1 _ 11 7 4 2 8 
[00216127] 5 | _ 10 3 0 9 1 4 11 _ _ 2 8 
[00216128] 4 | 6 10 3 0 9 1 4 11 _ _ 2 8 
[00216129] 4 | _ 10 3 0 9 1 4 11 7 _ 2 8 
[00216130] 3 | 7 10 3 0 9 1 4 11 7 _ 2 8 
[00216131] 3 | _ 10 3 0 9 1 4 11 7 10 2 8 
[00216132] 5 | _ 10 3 0 9 1 _ 11 6 _ 2 8 
[00216133] 4 | 6 10 3 0 9 1 _ 11 6 _ 2 8 
[00216134] 4 | _ 10 3 0 9 1 5 11 6 _ 2 8 
[00216135] 3 | 7 10 3 0 9 1 5 11 6 _ 2 8 
[00216136] 2 | 7 10 3 0 9 1 5 11 6 4 2 8 
[00216137] 4 | _ 10 3 0 9 1 _ 11 6 10 2 8 
[00216138] 6 | _ 10 3 0 9 1 _ 11 _ _ 8 2 
[00216139] 5 | 5 10 3 0 9 1 _ 11 _ _ 8 2 
[00216140] 4 | 5 10 3 0 9 1 _ 11 7 _ 8 2 
[00216141] 3 | 5 10 3 0 9 1 6 11 7 _ 8 2 
[00216142] 3 | 5 10 3 0 9 1 _ 11 7 4 8 2 
[00216143] 5 | _ 10 3 0 9 1 4 11 _ _ 8 2 
[00216144] 4 | 6 10 3 0 9 1 4 11 _ _ 8 2 
[00216145] 4 | _ 10 3 0 9 1 4 11 7 _ 8 2 
[00216146] 3 | 7 10 3 0 9 1 4 11 7 _ 8 2 
[00216147] 3 | _ 10 3 0 9 1 4 11 7 10 8 2 
[00216148] 5 | _ 10 3 0 9 1 _ 11 6 _ 8 2 
[00216149] 4 | 6 10 3 0 9 1 _ 11 6 _ 8 2 
[00216150] 4 | _ 10 3 0 9 1 5 11 6 _ 8 2 
[00216151] 3 | 7 10 3 0 9 1 5 11 6 _ 8 2 
[00216152] 2 | 7 10 3 0 9 1 5 11 6 4 8 2 
[00216153] 4 | _ 10 3 0 9 1 _ 11 6 10 8 2 
[00216154] 7 | _ 10 _ 0 9 1 2 11 _ _ _ _ 
[00216155] 6 | 4 10 _ 0 9 1 2 11 _ _ _ _ 
[00216156] 5 | 4 10 5 0 9 1 2 11 _ _ _ _ 
[00216157] 4 | 4 10 5 0 9 1 2 11 7 _ _ _ 
[00216158] 3 | 4 10 5 0 9 1 2 11 7 _ 8 _ 
[00216159] 2 | 4 10 5 0 9 1 2 11 7 _ 8 6 
[00216160] 3 | 4 10 5 0 9 1 2 11 7 _ 3 6 
[00216161] 3 | 4 10 5 0 9 1 2 11 7 _ 6 3 
[00216162] 4 | 4 10 5 0 9 1 2 11 3 7 _ _ 
[00216163] 3 | 4 10 5 0 9 1 2 11 3 7 8 _ 
[00216164] 2 | 4 10 5 0 9 1 2 11 3 7 8 6 
[00216165] 4 | 4 10 5 0 9 1 2 11 7 3 _ _ 
[00216166] 3 | 4 10 5 0 9 1 2 11 7 3 8 _ 
[00216167] 2 | 4 10 5 0 9 1 2 11 7 3 8 6 
[00216168] 4 | 4 10 5 0 9 1 2 11 _ _ 7 _ 
[00216169] 3 | 4 10 5 0 9 1 2 11 8 _ 7 _ 
[00216170] 2 | 4 10 5 0 9 1 2 11 8 6 7 _ 
[00216171] 3 | 4 10 5 0 9 1 2 11 3 6 7 _ 
[00216172] 3 | 4 10 5 0 9 1 2 11 6 3 7 _ 
[00216173] 4 | 4 10 5 0 9 1 2 11 _ _ 3 7 
[00216174] 3 | 4 10 5 0 9 1 2 11 8 _ 3 7 
[00216175] 2 | 4 10 5 0 9 1 2 11 8 6 3 7 
[00216176] 4 | 4 10 5 0 9 1 2 11 _ _ 7 3 
[00216177] 3 | 4 10 5 0 9 1 2 11 8 _ 7 3 
[00216178] 2 | 4 10 5 0 9 1 2 11 8 6 7 3 
[00216179] 5 | 4 10 _ 0 9 1 2 11 6 _ _ _ 
[00216180] 4 | 4 10 6 0 9 1 2 11 6 _ _ _ 
[00216181] 3 | 4 10 6 0 9 1 2 11 6 _ 8 _ 
[00216182] 3 | 4 10 6 0 9 1 2 11 6 _ 5 8 
[00216183] 3 | 4 10 6 0 9 1 2 11 6 _ 8 5 
[00216184] 4 | 4 10 _ 0 9 1 2 11 6 10 _ _ 
[00216185] 3 | 4 10 _ 0 9 1 2 11 6 10 8 _ 
[00216186] 3 | 4 10 _ 0 9 1 2 11 6 10 5 8 
[00216187] 3 | 4 10 _ 0 9 1 2 11 6 10 8 5 
[00216188] 4 | 4 10 _ 0 9 1 2 11 6 _ 7 _ 
[00216189] 3 | 4 10 7 0 9 1 2 11 6 _ 7 _ 
[00216190] 2 | 4 10 7 0 9 1 2 11 6 8 7 _ 
[00216191] 3 | 4 10 _ 0 9 1 2 11 6 3 7 _ 
[00216192] 2 | 4 10 8 0 9 1 2 11 6 3 7 _ 
[00216193] 2 | 4 10 _ 0 9 1 2 11 6 3 7 5 
[00216194] 3 | 4 10 _ 0 9 1 2 11 6 _ 7 10 
[00216195] 2 | 4 10 _ 0 9 1 2 11 6 8 7 10 
[00216196] 4 | 4 10 _ 0 9 1 2 11 6 _ 3 7 
[00216197] 4 | 4 10 _ 0 9 1 2 11 6 _ 7 3 
[00216198] 5 | 4 10 _ 0 9 1 2 11 3 8 _ _ 
[00216199] 4 | 4 10 6 0 9 1 2 11 3 8 _ _ 
[00216200] 4 | 4 10 _ 0 9 1 2 11 3 8 7 _ 
[00216201] 3 | 4 10 7 0 9 1 2 11 3 8 7 _ 
[00216202] 3 | 4 10 _ 0 9 1 2 11 3 8 7 10 
[00216203] 5 | 4 10 _ 0 9 1 2 11 8 3 _ _ 
[00216204] 4 | 4 10 6 0 9 1 2 11 8 3 _ _ 
[00216205] 4 | 4 10 _ 0 9 1 2 11 8 3 7 _ 
[00216206] 3 | 4 10 7 0 9 1 2 11 8 3 7 _ 
[00216207] 3 | 4 10 _ 0 9 1 2 11 8 3 7 10 
[00216208] 5 | 4 10 _ 0 9 1 2 11 _ _ 6 _ 
[00216209] 4 | 4 10 6 0 9 1 2 11 _ _ 6 _ 
[00216210] 3 | 4 10 6 0 9 1 2 11 8 _ 6 _ 
[00216211] 3 | 4 10 6 0 9 1 2 11 5 8 6 _ 
[00216212] 3 | 4 10 6 0 9 1 2 11 8 5 6 _ 
[00216213] 4 | 4 10 _ 0 9 1 2 11 7 _ 6 _ 
[00216214] 3 | 4 10 7 0 9 1 2 11 7 _ 6 _ 
[00216215] 2 | 4 10 7 0 9 1 2 11 7 _ 6 8 
[00216216] 3 | 4 10 _ 0 9 1 2 11 7 10 6 _ 
[00216217] 2 | 4 10 _ 0 9 1 2 11 7 10 6 8 
[00216218] 3 | 4 10 _ 0 9 1 2 11 7 _ 6 3 
[00216219] 2 | 4 10 8 0 9 1 2 11 7 _ 6 3 
[00216220] 2 | 4 10 _ 0 9 1 2 11 7 5 6 3 
[00216221] 4 | 4 10 _ 0 9 1 2 11 3 7 6 _ 
[00216222] 4 | 4 10 _ 0 9 1 2 11 7 3 6 _ 
[00216223] 4 | 4 10 _ 0 9 1 2 11 _ _ 6 10 
[00216224] 3 | 4 10 _ 0 9 1 2 11 8 _ 6 10 
[00216225] 3 | 4 10 _ 0 9 1 2 11 5 8 6 10 
[00216226] 3 | 4 10 _ 0 9 1 2 11 8 5 6 10 
[00216227] 5 | 4 10 _ 0 9 1 2 11 _ _ 3 8 
[00216228] 4 | 4 10 6 0 9 1 2 11 _ _ 3 8 
[00216229] 4 | 4 10 _ 0 9 1 2 11 7 _ 3 8 
[00216230] 3 | 4 10 7 0 9 1 2 11 7 _ 3 8 
[00216231] 3 | 4 10 _ 0 9 1 2 11 7 10 3 8 
[00216232] 5 | 4 10 _ 0 9 1 2 11 _ _ 8 3 
[00216233] 4 | 4 10 6 0 9 1 2 11 _ _ 8 3 
[00216234] 4 | 4 10 _ 0 9 1 2 11 7 _ 8 3 
[00216235] 3 | 4 10 7 0 9 1 2 11 7 _ 8 3 
[00216236] 3 | 4 10 _ 0 9 1 2 11 7 10 8 3 
[00216237] 6 | _ 10 4 0 9 1 2 11 _ _ _ _ 
[00216238] 5 | 5 10 4 0 9 1 2 11 _ _ _ _ 
[00216239] 4 | 5 10 4 0 9 1 2 11 7 _ _ _ 
[00216240] 3 | 5 10 4 0 9 1 2 11 7 _ 8 _ 
[00216241] 2 | 5 10 4 0 9 1 2 11 7 _ 8 6 
[00216242] 3 | 5 10 4 0 9 1 2 11 7 _ 3 6 
[00216243] 3 | 5 10 4 0 9 1 2 11 7 _ 6 3 
[00216244] 4 | 5 10 4 0 9 1 2 11 3 7 _ _ 
[00216245] 3 | 5 10 4 0 9 1 2 11 3 7 8 _ 
[00216246] 2 | 5 10 4 0 9 1 2 11 3 7 8 6 
[00216247] 4 | 5 10 4 0 9 1 2 11 7 3 _ _ 
[00216248] 3 | 5 10 4 0 9 1 2 11 7 3 8 _ 
[00216249] 2 | 5 10 4 0 9 1 2 11 7 3 8 6 
[00216250] 4 | 5 10 4 0 9 1 2 11 _ _ 7 _ 
[00216251] 3 | 5 10 4 0 9 1 2 11 8 _ 7 _ 
[00216252] 2 | 5 10 4 0 9 1 2 11 8 6 7 _ 
[00216253] 3 | 5 10 4 0 9 1 2 11 3 6 7 _ 
[00216254] 3 | 5 10 4 0 9 1 2 11 6 3 7 _ 
[00216255] 4 | 5 10 4 0 9 1 2 11 _ _ 3 7 
[00216256] 3 | 5 10 4 0 9 1 2 11 8 _ 3 7 
[00216257] 2 | 5 10 4 0 9 1 2 11 8 6 3 7 
[00216258] 4 | 5 10 4 0 9 1 2 11 _ _ 7 3 
[00216259] 3 | 5 10 4 0 9 1 2 11 8 _ 7 3 
[00216260] 2 | 5 10 4 0 9 1 2 11 8 6 7 3 
[00216261] 5 | _ 10 4 0 9 1 2 11 6 _ _ _ 
[00216262] 4 | 6 10 4 0 9 1 2 11 6 _ _ _ 
[00216263] 3 | 6 10 4 0 9 1 2 11 6 _ 8 _ 
[00216264] 3 | 6 10 4 0 9 1 2 11 6 _ 5 8 
[00216265] 3 | 6 10 4 0 9 1 2 11 6 _ 8 5 
[00216266] 4 | _ 10 4 0 9 1 2 11 6 10 _ _ 
[00216267] 3 | _ 10 4 0 9 1 2 11 6 10 8 _ 
[00216268] 3 | _ 10 4 0 9 1 2 11 6 10 5 8 
[00216269] 3 | _ 10 4 0 9 1 2 11 6 10 8 5 
[00216270] 4 | _ 10 4 0 9 1 2 11 6 _ 7 _ 
[00216271] 3 | 7 10 4 0 9 1 2 11 6 _ 7 _ 
[00216272] 2 | 7 10 4 0 9 1 2 11 6 8 7 _ 
[00216273] 3 | _ 10 4 0 9 1 2 11 6 3 7 _ 
[00216274] 2 | 8 10 4 0 9 1 2 11 6 3 7 _ 
[00216275] 2 | _ 10 4 0 9 1 2 11 6 3 7 5 
[00216276] 3 | _ 10 4 0 9 1 2 11 6 _ 7 10 
[00216277] 2 | _ 10 4 0 9 1 2 11 6 8 7 10 
[00216278] 4 | _ 10 4 0 9 1 2 11 6 _ 3 7 
[00216279] 4 | _ 10 4 0 9 1 2 11 6 _ 7 3 
[00216280] 5 | _ 10 4 0 9 1 2 11 3 8 _ _ 
[00216281] 4 | 6 10 4 0 9 1 2 11 3 8 _ _ 
[00216282] 4 | _ 10 4 0 9 1 2 11 3 8 7 _ 
[00216283] 3 | 7 10 4 0 9 1 2 11 3 8 7 _ 
[00216284] 3 | _ 10 4 0 9 1 2 11 3 8 7 10 
[00216285] 5 | _ 10 4 0 9 1 2 11 8 3 _ _ 
[00216286] 4 | 6 10 4 0 9 1 2 11 8 3 _ _ 
[00216287] 4 | _ 10 4 0 9 1 2 11 8 3 7 _ 
[00216288] 3 | 7 10 4 0 9 1 2 11 8 3 7 _ 
[00216289] 3 | _ 10 4 0 9 1 2 11 8 3 7 10 
[00216290] 5 | _ 10 4 0 9 1 2 11 _ _ 6 _ 
[00216291] 4 | 6 10 4 0 9 1 2 11 _ _ 6 _ 
[00216292] 3 | 6 10 4 0 9 1 2 11 8 _ 6 _ 
[00216293] 3 | 6 10 4 0 9 1 2 11 5 8 6 _ 
[00216294] 3 | 6 10 4 0 9 1 2 11 8 5 6 _ 
[00216295] 4 | _ 10 4 0 9 1 2 11 7 _ 6 _ 
[00216296] 3 | 7 10 4 0 9 1 2 11 7 _ 6 _ 
[00216297] 2 | 7 10 4 0 9 1 2 11 7 _ 6 8 
[00216298] 3 | _ 10 4 0 9 1 2 11 7 10 6 _ 
[00216299] 2 | _ 10 4 0 9 1 2 11 7 10 6 8 
[00216300] 3 | _ 10 4 0 9 1 2 11 7 _ 6 3 
[00216301] 2 | 8 10 4 0 9 1 2 11 7 _ 6 3 
[00216302] 2 | _ 10 4 0 9 1 2 11 7 5 6 3 
[00216303] 4 | _ 10 4 0 9 1 2 11 3 7 6 _ 
[00216304] 4 | _ 10 4 0 9 1 2 11 7 3 6 _ 
[00216305] 4 | _ 10 4 0 9 1 2 11 _ _ 6 10 
[00216306] 3 | _ 10 4 0 9 1 2 11 8 _ 6 10 
[00216307] 3 | _ 10 4 0 9 1 2 11 5 8 6 10 
[00216308] 3 | _ 10 4 0 9 1 2 11 8 5 6 10 
[00216309] 5 | _ 10 4 0 9 1 2 11 _ _ 3 8 
[00216310] 4 | 6 10 4 0 9 1 2 11 _ _ 3 8 
[00216311] 4 | _ 10 4 0 9 1 2 11 7 _ 3 8 
[00216312] 3 | 7 10 4 0 9 1 2 11 7 _ 3 8 
[00216313] 3 | _ 10 4 0 9 1 2 11 7 10 3 8 
[00216314] 5 | _ 10 4 0 9 1 2 11 _ _ 8 3 
[00216315] 4 | 6 10 4 0 9 1 2 11 _ _ 8 3 
[00216316] 4 | _ 10 4 0 9 1 2 11 7 _ 8 3 
[00216317] 3 | 7 10 4 0 9 1 2 11 7 _ 8 3 
[00216318] 3 | _ 10 4 0 9 1 2 11 7 10 8 3 
[00216319] 6 | _ 10 _ 0 9 1 2 11 5 _ _ _ 
[00216320] 5 | 5 10 _ 0 9 1 2 11 5 _ _ _ 
[00216321] 4 | 5 10 6 0 9 1 2 11 5 _ _ _ 
[00216322] 3 | 5 10 6 0 9 1 2 11 5 _ 8 _ 
[00216323] 3 | 5 10 6 0 9 1 2 11 5 _ 4 7 
[00216324] 3 | 5 10 6 0 9 1 2 11 5 _ 7 4 
[00216325] 4 | 5 10 _ 0 9 1 2 11 5 _ 7 _ 
[00216326] 3 | 5 10 7 0 9 1 2 11 5 _ 7 _ 
[00216327] 3 | 5 10 _ 0 9 1 2 11 5 _ 7 4 
[00216328] 2 | 5 10 8 0 9 1 2 11 5 _ 7 4 
[00216329] 3 | 5 10 _ 0 9 1 2 11 5 _ 7 10 
[00216330] 4 | 5 10 _ 0 9 1 2 11 5 _ 3 7 
[00216331] 4 | 5 10 _ 0 9 1 2 11 5 _ 4 8 
[00216332] 3 | 5 10 7 0 9 1 2 11 5 _ 4 8 
[00216333] 4 | 5 10 _ 0 9 1 2 11 5 _ 7 3 
[00216334] 4 | 5 10 _ 0 9 1 2 11 5 _ 8 4 
[00216335] 3 | 5 10 7 0 9 1 2 11 5 _ 8 4 
[00216336] 5 | _ 10 5 0 9 1 2 11 5 _ _ _ 
[00216337] 4 | 6 10 5 0 9 1 2 11 5 _ _ _ 
[00216338] 3 | 6 10 5 0 9 1 2 11 5 _ 8 _ 
[00216339] 3 | 6 10 5 0 9 1 2 11 5 _ 4 7 
[00216340] 3 | 6 10 5 0 9 1 2 11 5 _ 7 4 
[00216341] 4 | _ 10 5 0 9 1 2 11 5 _ 7 _ 
[00216342] 3 | 7 10 5 0 9 1 2 11 5 _ 7 _ 
[00216343] 3 | _ 10 5 0 9 1 2 11 5 _ 7 4 
[00216344] 2 | 8 10 5 0 9 1 2 11 5 _ 7 4 
[00216345] 3 | _ 10 5 0 9 1 2 11 5 _ 7 10 
[00216346] 4 | _ 10 5 0 9 1 2 11 5 _ 3 7 
[00216347] 4 | _ 10 5 0 9 1 2 11 5 _ 4 8 
[00216348] 3 | 7 10 5 0 9 1 2 11 5 _ 4 8 
[00216349] 4 | _ 10 5 0 9 1 2 11 5 _ 7 3 
[00216350] 4 | _ 10 5 0 9 1 2 11 5 _ 8 4 
[00216351] 3 | 7 10 5 0 9 1 2 11 5 _ 8 4 
[00216352] 5 | _ 10 _ 0 9 1 2 11 5 10 _ _ 
[00216353] 4 | _ 10 _ 0 9 1 2 11 5 10 7 _ 
[00216354] 3 | _ 10 _ 0 9 1 2 11 5 10 7 4 
[00216355] 4 | _ 10 _ 0 9 1 2 11 5 10 3 7 
[00216356] 4 | _ 10 _ 0 9 1 2 11 5 10 4 8 
[00216357] 4 | _ 10 _ 0 9 1 2 11 5 10 7 3 
[00216358] 4 | _ 10 _ 0 9 1 2 11 5 10 8 4 
[00216359] 5 | _ 10 _ 0 9 1 2 11 5 _ 6 _ 
[00216360] 4 | 6 10 _ 0 9 1 2 11 5 _ 6 _ 
[00216361] 3 | 6 10 7 0 9 1 2 11 5 _ 6 _ 
[00216362] 2 | 6 10 7 0 9 1 2 11 5 3 6 _ 
[00216363] 3 | 6 10 _ 0 9 1 2 11 5 8 6 _ 
[00216364] 4 | _ 10 6 0 9 1 2 11 5 _ 6 _ 
[00216365] 3 | 7 10 6 0 9 1 2 11 5 _ 6 _ 
[00216366] 2 | 7 10 6 0 9 1 2 11 5 3 6 _ 
[00216367] 3 | _ 10 6 0 9 1 2 11 5 8 6 _ 
[00216368] 4 | _ 10 _ 0 9 1 2 11 5 _ 6 10 
[00216369] 3 | _ 10 _ 0 9 1 2 11 5 8 6 10 
[00216370] 5 | _ 10 _ 0 9 1 2 11 5 _ 3 8 
[00216371] 4 | 6 10 _ 0 9 1 2 11 5 _ 3 8 
[00216372] 3 | 6 10 7 0 9 1 2 11 5 _ 3 8 
[00216373] 4 | _ 10 6 0 9 1 2 11 5 _ 3 8 
[00216374] 3 | 7 10 6 0 9 1 2 11 5 _ 3 8 
[00216375] 5 | _ 10 _ 0 9 1 2 11 5 _ 8 3 
[00216376] 4 | 6 10 _ 0 9 1 2 11 5 _ 8 3 
[00216377] 3 | 6 10 7 0 9 1 2 11 5 _ 8 3 
[00216378] 4 | _ 10 6 0 9 1 2 11 5 _ 8 3 
[00216379] 3 | 7 10 6 0 9 1 2 11 5 _ 8 3 
[00216380] 6 | _ 10 _ 0 9 1 2 11 _ _ 5 _ 
[00216381] 5 | 5 10 _ 0 9 1 2 11 _ _ 5 _ 
[00216382] 4 | 5 10 6 0 9 1 2 11 _ _ 5 _ 
[00216383] 3 | 5 10 6 0 9 1 2 11 8 _ 5 _ 
[00216384] 3 | 5 10 6 0 9 1 2 11 4 7 5 _ 
[00216385] 3 | 5 10 6 0 9 1 2 11 7 4 5 _ 
[00216386] 4 | 5 10 _ 0 9 1 2 11 7 _ 5 _ 
[00216387] 3 | 5 10 7 0 9 1 2 11 7 _ 5 _ 
[00216388] 3 | 5 10 _ 0 9 1 2 11 7 4 5 _ 
[00216389] 2 | 5 10 8 0 9 1 2 11 7 4 5 _ 
[00216390] 3 | 5 10 _ 0 9 1 2 11 7 10 5 _ 
[00216391] 4 | 5 10 _ 0 9 1 2 11 3 7 5 _ 
[00216392] 4 | 5 10 _ 0 9 1 2 11 4 8 5 _ 
[00216393] 3 | 5 10 7 0 9 1 2 11 4 8 5 _ 
[00216394] 4 | 5 10 _ 0 9 1 2 11 7 3 5 _ 
[00216395] 4 | 5 10 _ 0 9 1 2 11 8 4 5 _ 
[00216396] 3 | 5 10 7 0 9 1 2 11 8 4 5 _ 
[00216397] 5 | _ 10 5 0 9 1 2 11 _ _ 5 _ 
[00216398] 4 | 6 10 5 0 9 1 2 11 _ _ 5 _ 
[00216399] 3 | 6 10 5 0 9 1 2 11 8 _ 5 _ 
[00216400] 3 | 6 10 5 0 9 1 2 11 4 7 5 _ 
[00216401] 3 | 6 10 5 0 9 1 2 11 7 4 5 _ 
[00216402] 4 | _ 10 5 0 9 1 2 11 7 _ 5 _ 
[00216403] 3 | 7 10 5 0 9 1 2 11 7 _ 5 _ 
[00216404] 3 | _ 10 5 0 9 1 2 11 7 4 5 _ 
[00216405] 2 | 8 10 5 0 9 1 2 11 7 4 5 _ 
[00216406] 3 | _ 10 5 0 9 1 2 11 7 10 5 _ 
[00216407] 4 | _ 10 5 0 9 1 2 11 3 7 5 _ 
[00216408] 4 | _ 10 5 0 9 1 2 11 4 8 5 _ 
[00216409] 3 | 7 10 5 0 9 1 2 11 4 8 5 _ 
[00216410] 4 | _ 10 5 0 9 1 2 11 7 3 5 _ 
[00216411] 4 | _ 10 5 0 9 1 2 11 8 4 5 _ 
[00216412] 3 | 7 10 5 0 9 1 2 11 8 4 5 _ 
[00216413] 5 | _ 10 _ 0 9 1 2 11 6 _ 5 _ 
[00216414] 4 | 6 10 _ 0 9 1 2 11 6 _ 5 _ 
[00216415] 3 | 6 10 7 0 9 1 2 11 6 _ 5 _ 
[00216416] 2 | 6 10 7 0 9 1 2 11 6 _ 5 3 
[00216417] 3 | 6 10 _ 0 9 1 2 11 6 _ 5 8 
[00216418] 4 | _ 10 6 0 9 1 2 11 6 _ 5 _ 
[00216419] 3 | 7 10 6 0 9 1 2 11 6 _ 5 _ 
[00216420] 2 | 7 10 6 0 9 1 2 11 6 _ 5 3 
[00216421] 3 | _ 10 6 0 9 1 2 11 6 _ 5 8 
[00216422] 4 | _ 10 _ 0 9 1 2 11 6 10 5 _ 
[00216423] 3 | _ 10 _ 0 9 1 2 11 6 10 5 8 
[00216424] 5 | _ 10 _ 0 9 1 2 11 3 8 5 _ 
[00216425] 4 | 6 10 _ 0 9 1 2 11 3 8 5 _ 
[00216426] 3 | 6 10 7 0 9 1 2 11 3 8 5 _ 
[00216427] 4 | _ 10 6 0 9 1 2 11 3 8 5 _ 
[00216428] 3 | 7 10 6 0 9 1 2 11 3 8 5 _ 
[00216429] 5 | _ 10 _ 0 9 1 2 11 8 3 5 _ 
[00216430] 4 | 6 10 _ 0 9 1 2 11 8 3 5 _ 
[00216431] 3 | 6 10 7 0 9 1 2 11 8 3 5 _ 
[00216432] 4 | _ 10 6 0 9 1 2 11 8 3 5 _ 
[00216433] 3 | 7 10 6 0 9 1 2 11 8 3 5 _ 
[00216434] 5 | _ 10 _ 0 9 1 2 11 _ _ 5 10 
[00216435] 4 | _ 10 _ 0 9 1 2 11 7 _ 5 10 
[00216436] 3 | _ 10 _ 0 9 1 2 11 7 4 5 10 
[00216437] 4 | _ 10 _ 0 9 1 2 11 3 7 5 10 
[00216438] 4 | _ 10 _ 0 9 1 2 11 4 8 5 10 
[00216439] 4 | _ 10 _ 0 9 1 2 11 7 3 5 10 
[00216440] 4 | _ 10 _ 0 9 1 2 11 8 4 5 10 
[00216441] 7 | _ 10 _ 0 9 1 _ 11 4 _ _ _ 
[00216442] 6 | 4 10 _ 0 9 1 _ 11 4 _ _ _ 
[00216443] 5 | 4 10 5 0 9 1 _ 11 4 _ _ _ 
[00216444] 4 | 4 10 5 0 9 1 _ 11 4 _ 7 _ 
[00216445] 3 | 4 10 5 0 9 1 6 11 4 _ 7 _ 
[00216446] 4 | 4 10 5 0 9 1 _ 11 4 _ 2 6 
[00216447] 4 | 4 10 5 0 9 1 _ 11 4 _ 3 7 
[00216448] 3 | 4 10 5 0 9 1 6 11 4 _ 3 7 
[00216449] 4 | 4 10 5 0 9 1 _ 11 4 _ 6 2 
[00216450] 4 | 4 10 5 0 9 1 _ 11 4 _ 7 3 
[00216451] 3 | 4 10 5 0 9 1 6 11 4 _ 7 3 
[00216452] 5 | 4 10 _ 0 9 1 _ 11 4 _ 6 _ 
[00216453] 4 | 4 10 6 0 9 1 _ 11 4 _ 6 _ 
[00216454] 4 | 4 10 _ 0 9 1 5 11 4 _ 6 _ 
[00216455] 3 | 4 10 7 0 9 1 5 11 4 _ 6 _ 
[00216456] 2 | 4 10 7 0 9 1 5 11 4 _ 6 8 
[00216457] 3 | 4 10 _ 0 9 1 5 11 4 _ 6 3 
[00216458] 2 | 4 10 8 0 9 1 5 11 4 _ 6 3 
[00216459] 4 | 4 10 _ 0 9 1 _ 11 4 _ 6 2 
[00216460] 3 | 4 10 7 0 9 1 _ 11 4 _ 6 2 
[00216461] 4 | 4 10 _ 0 9 1 _ 11 4 _ 6 10 
[00216462] 5 | 4 10 _ 0 9 1 _ 11 4 _ 2 7 
[00216463] 4 | 4 10 6 0 9 1 _ 11 4 _ 2 7 
[00216464] 4 | 4 10 _ 0 9 1 5 11 4 _ 2 7 
[00216465] 5 | 4 10 _ 0 9 1 _ 11 4 _ 3 8 
[00216466] 4 | 4 10 6 0 9 1 _ 11 4 _ 3 8 
[00216467] 4 | 4 10 _ 0 9 1 5 11 4 _ 3 8 
[00216468] 3 | 4 10 7 0 9 1 5 11 4 _ 3 8 
[00216469] 5 | 4 10 _ 0 9 1 _ 11 4 _ 7 2 
[00216470] 4 | 4 10 6 0 9 1 _ 11 4 _ 7 2 
[00216471] 4 | 4 10 _ 0 9 1 5 11 4 _ 7 2 
[00216472] 5 | 4 10 _ 0 9 1 _ 11 4 _ 8 3 
[00216473] 4 | 4 10 6 0 9 1 _ 11 4 _ 8 3 
[00216474] 4 | 4 10 _ 0 9 1 5 11 4 _ 8 3 
[00216475] 3 | 4 10 7 0 9 1 5 11 4 _ 8 3 
[00216476] 6 | _ 10 4 0 9 1 _ 11 4 _ _ _ 
[00216477] 5 | 5 10 4 0 9 1 _ 11 4 _ _ _ 
[00216478] 4 | 5 10 4 0 9 1 _ 11 4 _ 7 _ 
[00216479] 3 | 5 10 4 0 9 1 6 11 4 _ 7 _ 
[00216480] 4 | 5 10 4 0 9 1 _ 11 4 _ 2 6 
[00216481] 4 | 5 10 4 0 9 1 _ 11 4 _ 3 7 
[00216482] 3 | 5 10 4 0 9 1 6 11 4 _ 3 7 
[00216483] 4 | 5 10 4 0 9 1 _ 11 4 _ 6 2 
[00216484] 4 | 5 10 4 0 9 1 _ 11 4 _ 7 3 
[00216485] 3 | 5 10 4 0 9 1 6 11 4 _ 7 3 
[00216486] 5 | _ 10 4 0 9 1 _ 11 4 _ 6 _ 
[00216487] 4 | 6 10 4 0 9 1 _ 11 4 _ 6 _ 
[00216488] 4 | _ 10 4 0 9 1 5 11 4 _ 6 _ 
[00216489] 3 | 7 10 4 0 9 1 5 11 4 _ 6 _ 
[00216490] 2 | 7 10 4 0 9 1 5 11 4 _ 6 8 
[00216491] 3 | _ 10 4 0 9 1 5 11 4 _ 6 3 
[00216492] 2 | 8 10 4 0 9 1 5 11 4 _ 6 3 
[00216493] 4 | _ 10 4 0 9 1 _ 11 4 _ 6 2 
[00216494] 3 | 7 10 4 0 9 1 _ 11 4 _ 6 2 
[00216495] 4 | _ 10 4 0 9 1 _ 11 4 _ 6 10 
[00216496] 5 | _ 10 4 0 9 1 _ 11 4 _ 2 7 
[00216497] 4 | 6 10 4 0 9 1 _ 11 4 _ 2 7 
[00216498] 4 | _ 10 4 0 9 1 5 11 4 _ 2 7 
[00216499] 5 | _ 10 4 0 9 1 _ 11 4 _ 3 8 
[00216500] 4 | 6 10 4 0 9 1 _ 11 4 _ 3 8 
[00216501] 4 | _ 10 4 0 9 1 5 11 4 _ 3 8 
[00216502] 3 | 7 10 4 0 9 1 5 11 4 _ 3 8 
[00216503] 5 | _ 10 4 0 9 1 _ 11 4 _ 7 2 
[00216504] 4 | 6 10 4 0 9 1 _ 11 4 _ 7 2 
[00216505] 4 | _ 10 4 0 9 1 5 11 4 _ 7 2 
[00216506] 5 | _ 10 4 0 9 1 _ 11 4 _ 8 3 
[00216507] 4 | 6 10 4 0 9 1 _ 11 4 _ 8 3 
[00216508] 4 | _ 10 4 0 9 1 5 11 4 _ 8 3 
[00216509] 3 | 7 10 4 0 9 1 5 11 4 _ 8 3 
[00216510] 6 | _ 10 _ 0 9 1 3 11 4 _ _ _ 
[00216511] 5 | 5 10 _ 0 9 1 3 11 4 _ _ _ 
[00216512] 4 | 5 10 6 0 9 1 3 11 4 _ _ _ 
[00216513] 3 | 5 10 6 0 9 1 3 11 4 7 _ _ 
[00216514] 3 | 5 10 6 0 9 1 3 11 4 _ 8 _ 
[00216515] 2 | 5 10 6 0 9 1 3 11 4 2 8 _ 
[00216516] 1 | 5 10 6 0 9 1 3 11 4 2 8 7  *Graceful*
[00216516] 4 | 5 10 _ 0 9 1 3 11 4 8 _ _ 
[00216517] 3 | 5 10 7 0 9 1 3 11 4 8 _ _ 
[00216518] 4 | 5 10 _ 0 9 1 3 11 4 _ 7 _ 
[00216519] 3 | 5 10 7 0 9 1 3 11 4 _ 7 _ 
[00216520] 2 | 5 10 7 0 9 1 3 11 4 2 7 _ 
[00216521] 2 | 5 10 7 0 9 1 3 11 4 6 7 _ 
[00216522] 3 | 5 10 _ 0 9 1 3 11 4 7 7 _ 
[00216523] 2 | 5 10 8 0 9 1 3 11 4 7 7 _ 
[00216524] 3 | 5 10 _ 0 9 1 3 11 4 _ 7 4 
[00216525] 2 | 5 10 8 0 9 1 3 11 4 _ 7 4 
[00216526] 3 | 5 10 _ 0 9 1 3 11 4 _ 7 10 
[00216527] 2 | 5 10 _ 0 9 1 3 11 4 2 7 10 
[00216528] 2 | 5 10 _ 0 9 1 3 11 4 6 7 10 
[00216529] 4 | 5 10 _ 0 9 1 3 11 4 _ 2 6 
[00216530] 3 | 5 10 7 0 9 1 3 11 4 _ 2 6 
[00216531] 3 | 5 10 _ 0 9 1 3 11 4 7 2 6 
[00216532] 2 | 5 10 8 0 9 1 3 11 4 7 2 6 
[00216533] 4 | 5 10 _ 0 9 1 3 11 4 _ 6 2 
[00216534] 3 | 5 10 7 0 9 1 3 11 4 _ 6 2 
[00216535] 3 | 5 10 _ 0 9 1 3 11 4 7 6 2 
[00216536] 2 | 5 10 8 0 9 1 3 11 4 7 6 2 
[00216537] 5 | _ 10 5 0 9 1 3 11 4 _ _ _ 
[00216538] 4 | 6 10 5 0 9 1 3 11 4 _ _ _ 
[00216539] 3 | 6 10 5 0 9 1 3 11 4 7 _ _ 
[00216540] 3 | 6 10 5 0 9 1 3 11 4 _ 8 _ 
[00216541] 2 | 6 10 5 0 9 1 3 11 4 2 8 _ 
[00216542] 1 | 6 10 5 0 9 1 3 11 4 2 8 7  *Graceful*
[00216542] 4 | _ 10 5 0 9 1 3 11 4 8 _ _ 
[00216543] 3 | 7 10 5 0 9 1 3 11 4 8 _ _ 
[00216544] 4 | _ 10 5 0 9 1 3 11 4 _ 7 _ 
[00216545] 3 | 7 10 5 0 9 1 3 11 4 _ 7 _ 
[00216546] 2 | 7 10 5 0 9 1 3 11 4 2 7 _ 
[00216547] 2 | 7 10 5 0 9 1 3 11 4 6 7 _ 
[00216548] 3 | _ 10 5 0 9 1 3 11 4 7 7 _ 
[00216549] 2 | 8 10 5 0 9 1 3 11 4 7 7 _ 
[00216550] 3 | _ 10 5 0 9 1 3 11 4 _ 7 4 
[00216551] 2 | 8 10 5 0 9 1 3 11 4 _ 7 4 
[00216552] 3 | _ 10 5 0 9 1 3 11 4 _ 7 10 
[00216553] 2 | _ 10 5 0 9 1 3 11 4 2 7 10 
[00216554] 2 | _ 10 5 0 9 1 3 11 4 6 7 10 
[00216555] 4 | _ 10 5 0 9 1 3 11 4 _ 2 6 
[00216556] 3 | 7 10 5 0 9 1 3 11 4 _ 2 6 
[00216557] 3 | _ 10 5 0 9 1 3 11 4 7 2 6 
[00216558] 2 | 8 10 5 0 9 1 3 11 4 7 2 6 
[00216559] 4 | _ 10 5 0 9 1 3 11 4 _ 6 2 
[00216560] 3 | 7 10 5 0 9 1 3 11 4 _ 6 2 
[00216561] 3 | _ 10 5 0 9 1 3 11 4 7 6 2 
[00216562] 2 | 8 10 5 0 9 1 3 11 4 7 6 2 
[00216563] 5 | _ 10 _ 0 9 1 3 11 4 _ 6 _ 
[00216564] 4 | 6 10 _ 0 9 1 3 11 4 _ 6 _ 
[00216565] 3 | 6 10 7 0 9 1 3 11 4 _ 6 _ 
[00216566] 2 | 6 10 7 0 9 1 3 11 4 2 6 _ 
[00216567] 3 | 6 10 _ 0 9 1 3 11 4 7 6 _ 
[00216568] 2 | 6 10 8 0 9 1 3 11 4 7 6 _ 
[00216569] 4 | _ 10 6 0 9 1 3 11 4 _ 6 _ 
[00216570] 3 | 7 10 6 0 9 1 3 11 4 _ 6 _ 
[00216571] 2 | 7 10 6 0 9 1 3 11 4 2 6 _ 
[00216572] 3 | _ 10 6 0 9 1 3 11 4 7 6 _ 
[00216573] 2 | 8 10 6 0 9 1 3 11 4 7 6 _ 
[00216574] 4 | _ 10 _ 0 9 1 3 11 4 8 6 _ 
[00216575] 3 | 7 10 _ 0 9 1 3 11 4 8 6 _ 
[00216576] 3 | _ 10 7 0 9 1 3 11 4 8 6 _ 
[00216577] 4 | _ 10 _ 0 9 1 3 11 4 _ 6 2 
[00216578] 3 | 7 10 _ 0 9 1 3 11 4 _ 6 2 
[00216579] 2 | 7 10 8 0 9 1 3 11 4 _ 6 2 
[00216580] 1 | 7 10 8 0 9 1 3 11 4 5 6 2  *Graceful*
[00216580] 3 | _ 10 7 0 9 1 3 11 4 _ 6 2 
[00216581] 2 | 8 10 7 0 9 1 3 11 4 _ 6 2 
[00216582] 1 | 8 10 7 0 9 1 3 11 4 5 6 2  *Graceful*
[00216582] 3 | _ 10 _ 0 9 1 3 11 4 7 6 2 
[00216583] 2 | 8 10 _ 0 9 1 3 11 4 7 6 2 
[00216584] 2 | _ 10 8 0 9 1 3 11 4 7 6 2 
[00216585] 4 | _ 10 _ 0 9 1 3 11 4 _ 6 10 
[00216586] 3 | _ 10 _ 0 9 1 3 11 4 7 6 10 
[00216587] 5 | _ 10 _ 0 9 1 3 11 4 _ 2 7 
[00216588] 4 | 6 10 _ 0 9 1 3 11 4 _ 2 7 
[00216589] 4 | _ 10 6 0 9 1 3 11 4 _ 2 7 
[00216590] 4 | _ 10 _ 0 9 1 3 11 4 8 2 7 
[00216591] 5 | _ 10 _ 0 9 1 3 11 4 _ 7 2 
[00216592] 4 | 6 10 _ 0 9 1 3 11 4 _ 7 2 
