[00244486] 2 | _ 5 1 0 10 4 8 11 2 9 3 6 
[00244487] 4 | _ 5 _ 0 10 4 6 11 2 9 3 _ 
[00244488] 3 | 8 5 _ 0 10 4 6 11 2 9 3 _ 
[00244489] 2 | 8 5 3 0 10 4 6 11 2 9 3 _ 
[00244490] 2 | 8 5 7 0 10 4 6 11 2 9 3 _ 
[00244491] 2 | 8 5 _ 0 10 4 6 11 2 9 3 1 
[00244492] 2 | 8 5 _ 0 10 4 6 11 2 9 3 5 
[00244493] 3 | _ 5 8 0 10 4 6 11 2 9 3 _ 
[00244494] 2 | 3 5 8 0 10 4 6 11 2 9 3 _ 
[00244495] 2 | 7 5 8 0 10 4 6 11 2 9 3 _ 
[00244496] 2 | _ 5 8 0 10 4 6 11 2 9 3 1 
[00244497] 2 | _ 5 8 0 10 4 6 11 2 9 3 5 
[00244498] 4 | _ 5 _ 0 10 4 _ 11 2 9 3 7 
[00244499] 3 | 8 5 _ 0 10 4 _ 11 2 9 3 7 
[00244500] 3 | _ 5 8 0 10 4 _ 11 2 9 3 7 
[00244501] 5 | _ _ _ 0 10 4 5 11 2 9 3 _ 
[00244502] 4 | _ _ _ 0 10 4 5 11 2 9 3 7 
[00244503] 5 | _ _ _ 0 10 4 _ 11 2 9 3 8 
[00244504] 4 | 1 5 _ 0 10 4 _ 11 2 9 3 8 
[00244505] 4 | 5 1 _ 0 10 4 _ 11 2 9 3 8 
[00244506] 3 | 5 1 _ 0 10 4 7 11 2 9 3 8 
[00244507] 4 | _ 1 5 0 10 4 _ 11 2 9 3 8 
[00244508] 3 | _ 1 5 0 10 4 7 11 2 9 3 8 
[00244509] 4 | _ 5 1 0 10 4 _ 11 2 9 3 8 
[00244510] 4 | _ _ _ 0 10 4 6 11 2 9 3 8 
[00244511] 6 | _ _ _ 0 10 _ 4 11 2 9 3 _ 
[00244512] 5 | 1 6 _ 0 10 _ 4 11 2 9 3 _ 
[00244513] 5 | 6 1 _ 0 10 _ 4 11 2 9 3 _ 
[00244514] 4 | 6 1 5 0 10 _ 4 11 2 9 3 _ 
[00244515] 3 | 6 1 5 0 10 7 4 11 2 9 3 _ 
[00244516] 4 | 6 1 _ 0 10 _ 4 11 2 9 3 7 
[00244517] 5 | _ 1 6 0 10 _ 4 11 2 9 3 _ 
[00244518] 4 | 5 1 6 0 10 _ 4 11 2 9 3 _ 
[00244519] 3 | 5 1 6 0 10 7 4 11 2 9 3 _ 
[00244520] 4 | _ 1 6 0 10 _ 4 11 2 9 3 7 
[00244521] 5 | _ 6 1 0 10 _ 4 11 2 9 3 _ 
[00244522] 5 | _ 5 _ 0 10 _ 4 11 2 9 3 _ 
[00244523] 4 | 1 5 _ 0 10 _ 4 11 2 9 3 _ 
[00244524] 3 | 1 5 8 0 10 _ 4 11 2 9 3 _ 
[00244525] 3 | 1 5 _ 0 10 7 4 11 2 9 3 _ 
[00244526] 2 | 1 5 3 0 10 7 4 11 2 9 3 _ 
[00244527] 2 | 1 5 _ 0 10 7 4 11 2 9 3 5 
[00244528] 3 | 1 5 _ 0 10 _ 4 11 2 9 3 6 
[00244529] 2 | 1 5 7 0 10 _ 4 11 2 9 3 6 
[00244530] 2 | 1 5 _ 0 10 8 4 11 2 9 3 6 
[00244531] 4 | _ 5 1 0 10 _ 4 11 2 9 3 _ 
[00244532] 3 | 8 5 1 0 10 _ 4 11 2 9 3 _ 
[00244533] 3 | _ 5 1 0 10 7 4 11 2 9 3 _ 
[00244534] 2 | 3 5 1 0 10 7 4 11 2 9 3 _ 
[00244535] 2 | _ 5 1 0 10 7 4 11 2 9 3 5 
[00244536] 3 | _ 5 1 0 10 _ 4 11 2 9 3 6 
[00244537] 2 | 7 5 1 0 10 _ 4 11 2 9 3 6 
[00244538] 2 | _ 5 1 0 10 8 4 11 2 9 3 6 
[00244539] 4 | _ 5 _ 0 10 6 4 11 2 9 3 _ 
[00244540] 3 | 8 5 _ 0 10 6 4 11 2 9 3 _ 
[00244541] 2 | 8 5 3 0 10 6 4 11 2 9 3 _ 
[00244542] 2 | 8 5 7 0 10 6 4 11 2 9 3 _ 
[00244543] 2 | 8 5 _ 0 10 6 4 11 2 9 3 1 
[00244544] 2 | 8 5 _ 0 10 6 4 11 2 9 3 5 
[00244545] 3 | _ 5 8 0 10 6 4 11 2 9 3 _ 
[00244546] 2 | 3 5 8 0 10 6 4 11 2 9 3 _ 
[00244547] 2 | 7 5 8 0 10 6 4 11 2 9 3 _ 
[00244548] 2 | _ 5 8 0 10 6 4 11 2 9 3 1 
[00244549] 2 | _ 5 8 0 10 6 4 11 2 9 3 5 
[00244550] 4 | _ 5 _ 0 10 _ 4 11 2 9 3 7 
[00244551] 3 | 8 5 _ 0 10 _ 4 11 2 9 3 7 
[00244552] 3 | _ 5 8 0 10 _ 4 11 2 9 3 7 
[00244553] 5 | _ _ _ 0 10 5 4 11 2 9 3 _ 
[00244554] 4 | _ _ _ 0 10 5 4 11 2 9 3 7 
[00244555] 5 | _ _ _ 0 10 _ 4 11 2 9 3 8 
[00244556] 4 | 1 5 _ 0 10 _ 4 11 2 9 3 8 
[00244557] 4 | 5 1 _ 0 10 _ 4 11 2 9 3 8 
[00244558] 3 | 5 1 _ 0 10 7 4 11 2 9 3 8 
[00244559] 4 | _ 1 5 0 10 _ 4 11 2 9 3 8 
[00244560] 3 | _ 1 5 0 10 7 4 11 2 9 3 8 
[00244561] 4 | _ 5 1 0 10 _ 4 11 2 9 3 8 
[00244562] 4 | _ _ _ 0 10 6 4 11 2 9 3 8 
[00244563] 7 | _ _ _ 0 10 _ _ 11 2 _ 3 10 
[00244564] 6 | 1 7 _ 0 10 _ _ 11 2 _ 3 10 
[00244565] 6 | 7 1 _ 0 10 _ _ 11 2 _ 3 10 
[00244566] 5 | 7 1 6 0 10 _ _ 11 2 _ 3 10 
[00244567] 6 | _ 1 7 0 10 _ _ 11 2 _ 3 10 
[00244568] 5 | 6 1 7 0 10 _ _ 11 2 _ 3 10 
[00244569] 6 | _ 7 1 0 10 _ _ 11 2 _ 3 10 
[00244570] 6 | _ 6 _ 0 10 _ _ 11 2 _ 3 10 
[00244571] 5 | 1 6 _ 0 10 _ _ 11 2 _ 3 10 
[00244572] 4 | 1 6 2 0 10 _ _ 11 2 _ 3 10 
[00244573] 4 | 1 6 _ 0 10 _ _ 11 2 6 3 10 
[00244574] 5 | _ 6 1 0 10 _ _ 11 2 _ 3 10 
[00244575] 4 | 2 6 1 0 10 _ _ 11 2 _ 3 10 
[00244576] 4 | _ 6 1 0 10 _ _ 11 2 6 3 10 
[00244577] 5 | _ 6 _ 0 10 _ _ 11 2 7 3 10 
[00244578] 6 | _ _ _ 0 10 _ _ 11 2 8 3 10 
[00244579] 5 | 1 6 _ 0 10 _ _ 11 2 8 3 10 
[00244580] 5 | 4 9 _ 0 10 _ _ 11 2 8 3 10 
[00244581] 5 | 6 1 _ 0 10 _ _ 11 2 8 3 10 
[00244582] 4 | 6 1 5 0 10 _ _ 11 2 8 3 10 
[00244583] 5 | 9 4 _ 0 10 _ _ 11 2 8 3 10 
[00244584] 5 | _ 1 6 0 10 _ _ 11 2 8 3 10 
[00244585] 4 | 5 1 6 0 10 _ _ 11 2 8 3 10 
[00244586] 5 | _ 4 9 0 10 _ _ 11 2 8 3 10 
[00244587] 5 | _ 6 1 0 10 _ _ 11 2 8 3 10 
[00244588] 5 | _ 9 4 0 10 _ _ 11 2 8 3 10 
[00244589] 5 | _ 5 _ 0 10 _ _ 11 2 8 3 10 
[00244590] 4 | 1 5 _ 0 10 _ _ 11 2 8 3 10 
[00244591] 4 | 9 5 _ 0 10 _ _ 11 2 8 3 10 
[00244592] 4 | _ 5 1 0 10 _ _ 11 2 8 3 10 
[00244593] 4 | _ 5 9 0 10 _ _ 11 2 8 3 10 
[00244594] 8 | _ _ _ 0 10 _ _ 11 2 _ 1 9 
[00244595] 7 | _ 7 _ 0 10 _ _ 11 2 _ 1 9 
[00244596] 6 | _ 7 _ 0 10 4 _ 11 2 _ 1 9 
[00244597] 5 | 2 7 _ 0 10 4 _ 11 2 _ 1 9 
[00244598] 4 | 2 7 3 0 10 4 _ 11 2 _ 1 9 
[00244599] 4 | 2 7 _ 0 10 4 6 11 2 _ 1 9 
[00244600] 5 | _ 7 2 0 10 4 _ 11 2 _ 1 9 
[00244601] 4 | 3 7 2 0 10 4 _ 11 2 _ 1 9 
[00244602] 4 | _ 7 2 0 10 4 6 11 2 _ 1 9 
[00244603] 5 | _ 7 _ 0 10 4 5 11 2 _ 1 9 
[00244604] 4 | 3 7 _ 0 10 4 5 11 2 _ 1 9 
[00244605] 4 | _ 7 3 0 10 4 5 11 2 _ 1 9 
[00244606] 4 | _ 7 _ 0 10 4 5 11 2 6 1 9 
[00244607] 5 | _ 7 _ 0 10 4 _ 11 2 7 1 9 
[00244608] 4 | _ 7 _ 0 10 4 6 11 2 7 1 9 
[00244609] 6 | _ 7 _ 0 10 _ 4 11 2 _ 1 9 
[00244610] 5 | 2 7 _ 0 10 _ 4 11 2 _ 1 9 
[00244611] 4 | 2 7 3 0 10 _ 4 11 2 _ 1 9 
[00244612] 4 | 2 7 _ 0 10 6 4 11 2 _ 1 9 
[00244613] 5 | _ 7 2 0 10 _ 4 11 2 _ 1 9 
[00244614] 4 | 3 7 2 0 10 _ 4 11 2 _ 1 9 
[00244615] 4 | _ 7 2 0 10 6 4 11 2 _ 1 9 
[00244616] 5 | _ 7 _ 0 10 5 4 11 2 _ 1 9 
[00244617] 4 | 3 7 _ 0 10 5 4 11 2 _ 1 9 
[00244618] 4 | _ 7 3 0 10 5 4 11 2 _ 1 9 
[00244619] 4 | _ 7 _ 0 10 5 4 11 2 6 1 9 
[00244620] 5 | _ 7 _ 0 10 _ 4 11 2 7 1 9 
[00244621] 4 | _ 7 _ 0 10 6 4 11 2 7 1 9 
[00244622] 6 | _ 7 _ 0 10 _ _ 11 2 8 1 9 
[00244623] 5 | _ 7 _ 0 10 5 _ 11 2 8 1 9 
[00244624] 4 | 3 7 _ 0 10 5 _ 11 2 8 1 9 
[00244625] 3 | 3 7 4 0 10 5 _ 11 2 8 1 9 
[00244626] 3 | 3 7 10 0 10 5 _ 11 2 8 1 9 
[00244627] 3 | 3 7 _ 0 10 5 7 11 2 8 1 9 
[00244628] 4 | _ 7 3 0 10 5 _ 11 2 8 1 9 
[00244629] 3 | 4 7 3 0 10 5 _ 11 2 8 1 9 
[00244630] 3 | 10 7 3 0 10 5 _ 11 2 8 1 9 
[00244631] 3 | _ 7 3 0 10 5 7 11 2 8 1 9 
[00244632] 4 | _ 7 _ 0 10 5 6 11 2 8 1 9 
[00244633] 3 | 4 7 _ 0 10 5 6 11 2 8 1 9 
[00244634] 3 | _ 7 4 0 10 5 6 11 2 8 1 9 
[00244635] 5 | _ 7 _ 0 10 _ 5 11 2 8 1 9 
[00244636] 4 | 3 7 _ 0 10 _ 5 11 2 8 1 9 
[00244637] 3 | 3 7 4 0 10 _ 5 11 2 8 1 9 
[00244638] 3 | 3 7 10 0 10 _ 5 11 2 8 1 9 
[00244639] 3 | 3 7 _ 0 10 7 5 11 2 8 1 9 
[00244640] 4 | _ 7 3 0 10 _ 5 11 2 8 1 9 
[00244641] 3 | 4 7 3 0 10 _ 5 11 2 8 1 9 
[00244642] 3 | 10 7 3 0 10 _ 5 11 2 8 1 9 
[00244643] 3 | _ 7 3 0 10 7 5 11 2 8 1 9 
[00244644] 4 | _ 7 _ 0 10 6 5 11 2 8 1 9 
[00244645] 3 | 4 7 _ 0 10 6 5 11 2 8 1 9 
[00244646] 3 | _ 7 4 0 10 6 5 11 2 8 1 9 
[00244647] 7 | _ _ _ 0 10 3 _ 11 2 _ 1 9 
[00244648] 6 | _ 6 _ 0 10 3 _ 11 2 _ 1 9 
[00244649] 5 | _ 6 _ 0 10 3 5 11 2 _ 1 9 
[00244650] 4 | 2 6 _ 0 10 3 5 11 2 _ 1 9 
[00244651] 4 | _ 6 2 0 10 3 5 11 2 _ 1 9 
[00244652] 4 | _ 6 _ 0 10 3 5 11 2 6 1 9 
[00244653] 5 | _ 6 _ 0 10 3 _ 11 2 7 1 9 
[00244654] 4 | 10 6 _ 0 10 3 _ 11 2 7 1 9 
[00244655] 4 | _ 6 10 0 10 3 _ 11 2 7 1 9 
[00244656] 4 | _ 6 _ 0 10 3 6 11 2 7 1 9 
[00244657] 6 | _ _ _ 0 10 3 4 11 2 _ 1 9 
[00244658] 5 | _ 5 _ 0 10 3 4 11 2 _ 1 9 
[00244659] 4 | _ 5 _ 0 10 3 4 11 2 6 1 9 
[00244660] 3 | 8 5 _ 0 10 3 4 11 2 6 1 9 
[00244661] 2 | 8 5 7 0 10 3 4 11 2 6 1 9 
[00244662] 3 | _ 5 8 0 10 3 4 11 2 6 1 9 
[00244663] 2 | 7 5 8 0 10 3 4 11 2 6 1 9 
[00244664] 5 | _ _ _ 0 10 3 4 11 2 7 1 9 
[00244665] 6 | _ _ _ 0 10 3 _ 11 2 8 1 9 
[00244666] 5 | _ 5 _ 0 10 3 _ 11 2 8 1 9 
[00244667] 4 | _ 5 _ 0 10 3 6 11 2 8 1 9 
[00244668] 5 | _ _ _ 0 10 3 5 11 2 8 1 9 
[00244669] 4 | _ 4 _ 0 10 3 5 11 2 8 1 9 
[00244670] 3 | 7 4 _ 0 10 3 5 11 2 8 1 9 
[00244671] 2 | 7 4 6 0 10 3 5 11 2 8 1 9 
[00244672] 3 | _ 4 7 0 10 3 5 11 2 8 1 9 
[00244673] 2 | 6 4 7 0 10 3 5 11 2 8 1 9 
[00244674] 7 | _ _ _ 0 10 _ 3 11 2 _ 1 9 
[00244675] 6 | _ 6 _ 0 10 _ 3 11 2 _ 1 9 
[00244676] 5 | _ 6 _ 0 10 5 3 11 2 _ 1 9 
[00244677] 4 | 2 6 _ 0 10 5 3 11 2 _ 1 9 
[00244678] 4 | _ 6 2 0 10 5 3 11 2 _ 1 9 
[00244679] 4 | _ 6 _ 0 10 5 3 11 2 6 1 9 
[00244680] 5 | _ 6 _ 0 10 _ 3 11 2 7 1 9 
[00244681] 4 | 10 6 _ 0 10 _ 3 11 2 7 1 9 
[00244682] 4 | _ 6 10 0 10 _ 3 11 2 7 1 9 
[00244683] 4 | _ 6 _ 0 10 6 3 11 2 7 1 9 
[00244684] 6 | _ _ _ 0 10 4 3 11 2 _ 1 9 
[00244685] 5 | _ 5 _ 0 10 4 3 11 2 _ 1 9 
[00244686] 4 | _ 5 _ 0 10 4 3 11 2 6 1 9 
[00244687] 3 | 8 5 _ 0 10 4 3 11 2 6 1 9 
[00244688] 2 | 8 5 7 0 10 4 3 11 2 6 1 9 
[00244689] 3 | _ 5 8 0 10 4 3 11 2 6 1 9 
[00244690] 2 | 7 5 8 0 10 4 3 11 2 6 1 9 
[00244691] 5 | _ _ _ 0 10 4 3 11 2 7 1 9 
[00244692] 6 | _ _ _ 0 10 _ 3 11 2 8 1 9 
[00244693] 5 | _ 5 _ 0 10 _ 3 11 2 8 1 9 
[00244694] 4 | _ 5 _ 0 10 6 3 11 2 8 1 9 
[00244695] 5 | _ _ _ 0 10 5 3 11 2 8 1 9 
[00244696] 4 | _ 4 _ 0 10 5 3 11 2 8 1 9 
[00244697] 3 | 7 4 _ 0 10 5 3 11 2 8 1 9 
[00244698] 2 | 7 4 6 0 10 5 3 11 2 8 1 9 
[00244699] 3 | _ 4 7 0 10 5 3 11 2 8 1 9 
[00244700] 2 | 6 4 7 0 10 5 3 11 2 8 1 9 
[00244701] 8 | _ _ _ 0 10 _ _ 11 2 _ 9 1 
[00244702] 7 | _ 7 _ 0 10 _ _ 11 2 _ 9 1 
[00244703] 6 | _ 7 _ 0 10 4 _ 11 2 _ 9 1 
[00244704] 5 | 2 7 _ 0 10 4 _ 11 2 _ 9 1 
[00244705] 4 | 2 7 3 0 10 4 _ 11 2 _ 9 1 
[00244706] 4 | 2 7 _ 0 10 4 6 11 2 _ 9 1 
[00244707] 5 | _ 7 2 0 10 4 _ 11 2 _ 9 1 
[00244708] 4 | 3 7 2 0 10 4 _ 11 2 _ 9 1 
[00244709] 4 | _ 7 2 0 10 4 6 11 2 _ 9 1 
[00244710] 5 | _ 7 _ 0 10 4 5 11 2 _ 9 1 
[00244711] 4 | 3 7 _ 0 10 4 5 11 2 _ 9 1 
[00244712] 4 | _ 7 3 0 10 4 5 11 2 _ 9 1 
[00244713] 4 | _ 7 _ 0 10 4 5 11 2 6 9 1 
[00244714] 5 | _ 7 _ 0 10 4 _ 11 2 7 9 1 
[00244715] 4 | _ 7 _ 0 10 4 6 11 2 7 9 1 
[00244716] 6 | _ 7 _ 0 10 _ 4 11 2 _ 9 1 
[00244717] 5 | 2 7 _ 0 10 _ 4 11 2 _ 9 1 
[00244718] 4 | 2 7 3 0 10 _ 4 11 2 _ 9 1 
[00244719] 4 | 2 7 _ 0 10 6 4 11 2 _ 9 1 
[00244720] 5 | _ 7 2 0 10 _ 4 11 2 _ 9 1 
[00244721] 4 | 3 7 2 0 10 _ 4 11 2 _ 9 1 
[00244722] 4 | _ 7 2 0 10 6 4 11 2 _ 9 1 
[00244723] 5 | _ 7 _ 0 10 5 4 11 2 _ 9 1 
[00244724] 4 | 3 7 _ 0 10 5 4 11 2 _ 9 1 
[00244725] 4 | _ 7 3 0 10 5 4 11 2 _ 9 1 
[00244726] 4 | _ 7 _ 0 10 5 4 11 2 6 9 1 
[00244727] 5 | _ 7 _ 0 10 _ 4 11 2 7 9 1 
[00244728] 4 | _ 7 _ 0 10 6 4 11 2 7 9 1 
[00244729] 6 | _ 7 _ 0 10 _ _ 11 2 8 9 1 
[00244730] 5 | _ 7 _ 0 10 5 _ 11 2 8 9 1 
[00244731] 4 | 3 7 _ 0 10 5 _ 11 2 8 9 1 
[00244732] 3 | 3 7 4 0 10 5 _ 11 2 8 9 1 
[00244733] 3 | 3 7 10 0 10 5 _ 11 2 8 9 1 
[00244734] 3 | 3 7 _ 0 10 5 7 11 2 8 9 1 
[00244735] 4 | _ 7 3 0 10 5 _ 11 2 8 9 1 
[00244736] 3 | 4 7 3 0 10 5 _ 11 2 8 9 1 
[00244737] 3 | 10 7 3 0 10 5 _ 11 2 8 9 1 
[00244738] 3 | _ 7 3 0 10 5 7 11 2 8 9 1 
[00244739] 4 | _ 7 _ 0 10 5 6 11 2 8 9 1 
[00244740] 3 | 4 7 _ 0 10 5 6 11 2 8 9 1 
[00244741] 3 | _ 7 4 0 10 5 6 11 2 8 9 1 
[00244742] 5 | _ 7 _ 0 10 _ 5 11 2 8 9 1 
[00244743] 4 | 3 7 _ 0 10 _ 5 11 2 8 9 1 
[00244744] 3 | 3 7 4 0 10 _ 5 11 2 8 9 1 
[00244745] 3 | 3 7 10 0 10 _ 5 11 2 8 9 1 
[00244746] 3 | 3 7 _ 0 10 7 5 11 2 8 9 1 
[00244747] 4 | _ 7 3 0 10 _ 5 11 2 8 9 1 
[00244748] 3 | 4 7 3 0 10 _ 5 11 2 8 9 1 
[00244749] 3 | 10 7 3 0 10 _ 5 11 2 8 9 1 
[00244750] 3 | _ 7 3 0 10 7 5 11 2 8 9 1 
[00244751] 4 | _ 7 _ 0 10 6 5 11 2 8 9 1 
[00244752] 3 | 4 7 _ 0 10 6 5 11 2 8 9 1 
[00244753] 3 | _ 7 4 0 10 6 5 11 2 8 9 1 
[00244754] 7 | _ _ _ 0 10 3 _ 11 2 _ 9 1 
[00244755] 6 | _ 6 _ 0 10 3 _ 11 2 _ 9 1 
[00244756] 5 | _ 6 _ 0 10 3 5 11 2 _ 9 1 
[00244757] 4 | 2 6 _ 0 10 3 5 11 2 _ 9 1 
[00244758] 4 | _ 6 2 0 10 3 5 11 2 _ 9 1 
[00244759] 4 | _ 6 _ 0 10 3 5 11 2 6 9 1 
[00244760] 5 | _ 6 _ 0 10 3 _ 11 2 7 9 1 
[00244761] 4 | 10 6 _ 0 10 3 _ 11 2 7 9 1 
[00244762] 4 | _ 6 10 0 10 3 _ 11 2 7 9 1 
[00244763] 4 | _ 6 _ 0 10 3 6 11 2 7 9 1 
[00244764] 6 | _ _ _ 0 10 3 4 11 2 _ 9 1 
[00244765] 5 | _ 5 _ 0 10 3 4 11 2 _ 9 1 
[00244766] 4 | _ 5 _ 0 10 3 4 11 2 6 9 1 
[00244767] 3 | 8 5 _ 0 10 3 4 11 2 6 9 1 
[00244768] 2 | 8 5 7 0 10 3 4 11 2 6 9 1 
[00244769] 3 | _ 5 8 0 10 3 4 11 2 6 9 1 
[00244770] 2 | 7 5 8 0 10 3 4 11 2 6 9 1 
[00244771] 5 | _ _ _ 0 10 3 4 11 2 7 9 1 
[00244772] 6 | _ _ _ 0 10 3 _ 11 2 8 9 1 
[00244773] 5 | _ 5 _ 0 10 3 _ 11 2 8 9 1 
[00244774] 4 | _ 5 _ 0 10 3 6 11 2 8 9 1 
[00244775] 5 | _ _ _ 0 10 3 5 11 2 8 9 1 
[00244776] 4 | _ 4 _ 0 10 3 5 11 2 8 9 1 
[00244777] 3 | 7 4 _ 0 10 3 5 11 2 8 9 1 
[00244778] 2 | 7 4 6 0 10 3 5 11 2 8 9 1 
[00244779] 3 | _ 4 7 0 10 3 5 11 2 8 9 1 
[00244780] 2 | 6 4 7 0 10 3 5 11 2 8 9 1 
[00244781] 7 | _ _ _ 0 10 _ 3 11 2 _ 9 1 
[00244782] 6 | _ 6 _ 0 10 _ 3 11 2 _ 9 1 
[00244783] 5 | _ 6 _ 0 10 5 3 11 2 _ 9 1 
[00244784] 4 | 2 6 _ 0 10 5 3 11 2 _ 9 1 
[00244785] 4 | _ 6 2 0 10 5 3 11 2 _ 9 1 
[00244786] 4 | _ 6 _ 0 10 5 3 11 2 6 9 1 
[00244787] 5 | _ 6 _ 0 10 _ 3 11 2 7 9 1 
[00244788] 4 | 10 6 _ 0 10 _ 3 11 2 7 9 1 
[00244789] 4 | _ 6 10 0 10 _ 3 11 2 7 9 1 
[00244790] 4 | _ 6 _ 0 10 6 3 11 2 7 9 1 
[00244791] 6 | _ _ _ 0 10 4 3 11 2 _ 9 1 
[00244792] 5 | _ 5 _ 0 10 4 3 11 2 _ 9 1 
[00244793] 4 | _ 5 _ 0 10 4 3 11 2 6 9 1 
[00244794] 3 | 8 5 _ 0 10 4 3 11 2 6 9 1 
[00244795] 2 | 8 5 7 0 10 4 3 11 2 6 9 1 
[00244796] 3 | _ 5 8 0 10 4 3 11 2 6 9 1 
[00244797] 2 | 7 5 8 0 10 4 3 11 2 6 9 1 
[00244798] 5 | _ _ _ 0 10 4 3 11 2 7 9 1 
[00244799] 6 | _ _ _ 0 10 _ 3 11 2 8 9 1 
[00244800] 5 | _ 5 _ 0 10 _ 3 11 2 8 9 1 
[00244801] 4 | _ 5 _ 0 10 6 3 11 2 8 9 1 
[00244802] 5 | _ _ _ 0 10 5 3 11 2 8 9 1 
[00244803] 4 | _ 4 _ 0 10 5 3 11 2 8 9 1 
[00244804] 3 | 7 4 _ 0 10 5 3 11 2 8 9 1 
[00244805] 2 | 7 4 6 0 10 5 3 11 2 8 9 1 
[00244806] 3 | _ 4 7 0 10 5 3 11 2 8 9 1 
[00244807] 2 | 6 4 7 0 10 5 3 11 2 8 9 1 
[00244808] 9 | _ _ _ 0 10 _ _ 11 _ _ 2 _ 
[00244809] 8 | 1 9 _ 0 10 _ _ 11 _ _ 2 _ 
[00244810] 8 | 9 1 _ 0 10 _ _ 11 _ _ 2 _ 
[00244811] 7 | 9 1 8 0 10 _ _ 11 _ _ 2 _ 
[00244812] 6 | 9 1 8 0 10 4 _ 11 _ _ 2 _ 
[00244813] 5 | 9 1 8 0 10 4 5 11 _ _ 2 _ 
[00244814] 4 | 9 1 8 0 10 4 5 11 7 _ 2 _ 
[00244815] 4 | 9 1 8 0 10 4 5 11 3 7 2 _ 
[00244816] 4 | 9 1 8 0 10 4 5 11 7 3 2 _ 
[00244817] 4 | 9 1 8 0 10 4 5 11 _ _ 2 6 
[00244818] 5 | 9 1 8 0 10 4 _ 11 6 _ 2 _ 
[00244819] 4 | 9 1 8 0 10 4 6 11 6 _ 2 _ 
[00244820] 3 | 9 1 8 0 10 4 6 11 6 _ 2 5 
[00244821] 4 | 9 1 8 0 10 4 _ 11 6 2 2 _ 
[00244822] 3 | 9 1 8 0 10 4 7 11 6 2 2 _ 
[00244823] 4 | 9 1 8 0 10 4 _ 11 6 10 2 _ 
[00244824] 3 | 9 1 8 0 10 4 _ 11 6 10 2 5 
[00244825] 4 | 9 1 8 0 10 4 _ 11 6 _ 2 6 
[00244826] 3 | 9 1 8 0 10 4 7 11 6 _ 2 6 
[00244827] 5 | 9 1 8 0 10 4 _ 11 _ _ 2 7 
[00244828] 4 | 9 1 8 0 10 4 6 11 _ _ 2 7 
[00244829] 6 | 9 1 8 0 10 _ 4 11 _ _ 2 _ 
[00244830] 5 | 9 1 8 0 10 5 4 11 _ _ 2 _ 
[00244831] 4 | 9 1 8 0 10 5 4 11 7 _ 2 _ 
[00244832] 4 | 9 1 8 0 10 5 4 11 3 7 2 _ 
[00244833] 4 | 9 1 8 0 10 5 4 11 7 3 2 _ 
[00244834] 4 | 9 1 8 0 10 5 4 11 _ _ 2 6 
[00244835] 5 | 9 1 8 0 10 _ 4 11 6 _ 2 _ 
[00244836] 4 | 9 1 8 0 10 6 4 11 6 _ 2 _ 
[00244837] 3 | 9 1 8 0 10 6 4 11 6 _ 2 5 
[00244838] 4 | 9 1 8 0 10 _ 4 11 6 2 2 _ 
[00244839] 3 | 9 1 8 0 10 7 4 11 6 2 2 _ 
[00244840] 4 | 9 1 8 0 10 _ 4 11 6 10 2 _ 
[00244841] 3 | 9 1 8 0 10 _ 4 11 6 10 2 5 
[00244842] 4 | 9 1 8 0 10 _ 4 11 6 _ 2 6 
[00244843] 3 | 9 1 8 0 10 7 4 11 6 _ 2 6 
[00244844] 5 | 9 1 8 0 10 _ 4 11 _ _ 2 7 
[00244845] 4 | 9 1 8 0 10 6 4 11 _ _ 2 7 
[00244846] 6 | 9 1 8 0 10 _ _ 11 5 _ 2 _ 
[00244847] 5 | 9 1 8 0 10 5 _ 11 5 _ 2 _ 
[00244848] 4 | 9 1 8 0 10 5 6 11 5 _ 2 _ 
[00244849] 4 | 9 1 8 0 10 5 _ 11 5 _ 2 6 
[00244850] 3 | 9 1 8 0 10 5 7 11 5 _ 2 6 
[00244851] 5 | 9 1 8 0 10 _ 5 11 5 _ 2 _ 
[00244852] 4 | 9 1 8 0 10 6 5 11 5 _ 2 _ 
[00244853] 4 | 9 1 8 0 10 _ 5 11 5 _ 2 6 
[00244854] 3 | 9 1 8 0 10 7 5 11 5 _ 2 6 
[00244855] 5 | 9 1 8 0 10 _ _ 11 5 10 2 _ 
[00244856] 4 | 9 1 8 0 10 _ _ 11 5 10 2 6 
[00244857] 5 | 9 1 8 0 10 _ _ 11 5 _ 2 7 
[00244858] 4 | 9 1 8 0 10 6 _ 11 5 _ 2 7 
[00244859] 4 | 9 1 8 0 10 _ 6 11 5 _ 2 7 
[00244860] 7 | 9 1 _ 0 10 3 _ 11 _ _ 2 _ 
[00244861] 6 | 9 1 7 0 10 3 _ 11 _ _ 2 _ 
[00244862] 5 | 9 1 7 0 10 3 5 11 _ _ 2 _ 
[00244863] 4 | 9 1 7 0 10 3 5 11 4 8 2 _ 
[00244864] 4 | 9 1 7 0 10 3 5 11 8 4 2 _ 
[00244865] 4 | 9 1 7 0 10 3 5 11 _ _ 2 6 
[00244866] 3 | 9 1 7 0 10 3 5 11 8 _ 2 6 
[00244867] 5 | 9 1 7 0 10 3 _ 11 6 _ 2 _ 
[00244868] 4 | 9 1 7 0 10 3 6 11 6 _ 2 _ 
[00244869] 3 | 9 1 7 0 10 3 6 11 6 _ 2 5 
[00244870] 4 | 9 1 7 0 10 3 _ 11 6 2 2 _ 
[00244871] 4 | 9 1 7 0 10 3 _ 11 6 10 2 _ 
[00244872] 3 | 9 1 7 0 10 3 _ 11 6 10 2 5 
[00244873] 4 | 9 1 7 0 10 3 _ 11 6 _ 2 6 
[00244874] 6 | 9 1 _ 0 10 3 4 11 _ _ 2 _ 
[00244875] 5 | 9 1 6 0 10 3 4 11 _ _ 2 _ 
[00244876] 4 | 9 1 6 0 10 3 4 11 7 _ 2 _ 
[00244877] 3 | 9 1 6 0 10 3 4 11 7 _ 2 5 
[00244878] 5 | 9 1 _ 0 10 3 4 11 6 _ 2 _ 
[00244879] 4 | 9 1 5 0 10 3 4 11 6 _ 2 _ 
[00244880] 4 | 9 1 _ 0 10 3 4 11 6 2 2 _ 
[00244881] 4 | 9 1 _ 0 10 3 4 11 6 _ 2 6 
[00244882] 5 | 9 1 _ 0 10 3 4 11 _ _ 2 7 
[00244883] 4 | 9 1 5 0 10 3 4 11 _ _ 2 7 
[00244884] 3 | 9 1 5 0 10 3 4 11 8 _ 2 7 
[00244885] 2 | 9 1 5 0 10 3 4 11 8 6 2 7 
[00244886] 1 | 9 1 5 0 10 3 4 11 8 6 2 7  *Graceful*
[00244886] 6 | 9 1 _ 0 10 3 _ 11 5 _ 2 _ 
[00244887] 5 | 9 1 6 0 10 3 _ 11 5 _ 2 _ 
[00244888] 5 | 9 1 _ 0 10 3 5 11 5 _ 2 _ 
[00244889] 4 | 9 1 _ 0 10 3 5 11 5 _ 2 6 
[00244890] 3 | 9 1 4 0 10 3 5 11 5 _ 2 6 
[00244891] 5 | 9 1 _ 0 10 3 _ 11 5 10 2 _ 
[00244892] 4 | 9 1 _ 0 10 3 _ 11 5 10 2 6 
[00244893] 3 | 9 1 4 0 10 3 _ 11 5 10 2 6 
[00244894] 5 | 9 1 _ 0 10 3 _ 11 5 _ 2 7 
[00244895] 4 | 9 1 5 0 10 3 _ 11 5 _ 2 7 
[00244896] 4 | 9 1 _ 0 10 3 6 11 5 _ 2 7 
[00244897] 3 | 9 1 4 0 10 3 6 11 5 _ 2 7 
[00244898] 3 | 9 1 _ 0 10 3 6 11 5 8 2 7 
[00244899] 4 | 9 1 _ 0 10 3 _ 11 5 1 2 7 
[00244900] 6 | 9 1 _ 0 10 3 _ 11 _ _ 2 8 
[00244901] 5 | 9 1 6 0 10 3 _ 11 _ _ 2 8 
[00244902] 4 | 9 1 6 0 10 3 _ 11 7 _ 2 8 
[00244903] 3 | 9 1 6 0 10 3 7 11 7 _ 2 8 
[00244904] 3 | 9 1 6 0 10 3 _ 11 7 4 2 8 
[00244905] 3 | 9 1 6 0 10 3 _ 11 7 10 2 8 
[00244906] 5 | 9 1 _ 0 10 3 5 11 _ _ 2 8 
[00244907] 4 | 9 1 _ 0 10 3 5 11 7 _ 2 8 
[00244908] 3 | 9 1 4 0 10 3 5 11 7 _ 2 8 
[00244909] 3 | 9 1 _ 0 10 3 5 11 7 4 2 8 
[00244910] 5 | 9 1 _ 0 10 3 _ 11 6 _ 2 8 
[00244911] 4 | 9 1 5 0 10 3 _ 11 6 _ 2 8 
[00244912] 3 | 9 1 5 0 10 3 7 11 6 _ 2 8 
[00244913] 2 | 9 1 5 0 10 3 7 11 6 4 2 8 
[00244914] 1 | 9 1 5 0 10 3 7 11 6 4 2 8  *Graceful*
[00244914] 4 | 9 1 _ 0 10 3 6 11 6 _ 2 8 
[00244915] 3 | 9 1 4 0 10 3 6 11 6 _ 2 8 
[00244916] 4 | 9 1 _ 0 10 3 _ 11 6 10 2 8 
[00244917] 3 | 9 1 4 0 10 3 _ 11 6 10 2 8 
[00244918] 7 | 9 1 _ 0 10 _ 3 11 _ _ 2 _ 
[00244919] 6 | 9 1 7 0 10 _ 3 11 _ _ 2 _ 
[00244920] 5 | 9 1 7 0 10 5 3 11 _ _ 2 _ 
[00244921] 4 | 9 1 7 0 10 5 3 11 4 8 2 _ 
[00244922] 4 | 9 1 7 0 10 5 3 11 8 4 2 _ 
[00244923] 4 | 9 1 7 0 10 5 3 11 _ _ 2 6 
[00244924] 3 | 9 1 7 0 10 5 3 11 8 _ 2 6 
[00244925] 5 | 9 1 7 0 10 _ 3 11 6 _ 2 _ 
[00244926] 4 | 9 1 7 0 10 6 3 11 6 _ 2 _ 
[00244927] 3 | 9 1 7 0 10 6 3 11 6 _ 2 5 
[00244928] 4 | 9 1 7 0 10 _ 3 11 6 2 2 _ 
[00244929] 4 | 9 1 7 0 10 _ 3 11 6 10 2 _ 
[00244930] 3 | 9 1 7 0 10 _ 3 11 6 10 2 5 
[00244931] 4 | 9 1 7 0 10 _ 3 11 6 _ 2 6 
[00244932] 6 | 9 1 _ 0 10 4 3 11 _ _ 2 _ 
[00244933] 5 | 9 1 6 0 10 4 3 11 _ _ 2 _ 
[00244934] 4 | 9 1 6 0 10 4 3 11 7 _ 2 _ 
[00244935] 3 | 9 1 6 0 10 4 3 11 7 _ 2 5 
[00244936] 5 | 9 1 _ 0 10 4 3 11 6 _ 2 _ 
[00244937] 4 | 9 1 5 0 10 4 3 11 6 _ 2 _ 
[00244938] 4 | 9 1 _ 0 10 4 3 11 6 2 2 _ 
[00244939] 4 | 9 1 _ 0 10 4 3 11 6 _ 2 6 
[00244940] 5 | 9 1 _ 0 10 4 3 11 _ _ 2 7 
[00244941] 4 | 9 1 5 0 10 4 3 11 _ _ 2 7 
[00244942] 3 | 9 1 5 0 10 4 3 11 8 _ 2 7 
[00244943] 2 | 9 1 5 0 10 4 3 11 8 6 2 7 
[00244944] 1 | 9 1 5 0 10 4 3 11 8 6 2 7  *Graceful*
[00244944] 6 | 9 1 _ 0 10 _ 3 11 5 _ 2 _ 
[00244945] 5 | 9 1 6 0 10 _ 3 11 5 _ 2 _ 
[00244946] 5 | 9 1 _ 0 10 5 3 11 5 _ 2 _ 
[00244947] 4 | 9 1 _ 0 10 5 3 11 5 _ 2 6 
[00244948] 3 | 9 1 4 0 10 5 3 11 5 _ 2 6 
[00244949] 5 | 9 1 _ 0 10 _ 3 11 5 10 2 _ 
[00244950] 4 | 9 1 _ 0 10 _ 3 11 5 10 2 6 
[00244951] 3 | 9 1 4 0 10 _ 3 11 5 10 2 6 
[00244952] 5 | 9 1 _ 0 10 _ 3 11 5 _ 2 7 
[00244953] 4 | 9 1 5 0 10 _ 3 11 5 _ 2 7 
[00244954] 4 | 9 1 _ 0 10 6 3 11 5 _ 2 7 
[00244955] 3 | 9 1 4 0 10 6 3 11 5 _ 2 7 
[00244956] 3 | 9 1 _ 0 10 6 3 11 5 8 2 7 
[00244957] 4 | 9 1 _ 0 10 _ 3 11 5 1 2 7 
[00244958] 6 | 9 1 _ 0 10 _ 3 11 _ _ 2 8 
[00244959] 5 | 9 1 6 0 10 _ 3 11 _ _ 2 8 
[00244960] 4 | 9 1 6 0 10 _ 3 11 7 _ 2 8 
[00244961] 3 | 9 1 6 0 10 7 3 11 7 _ 2 8 
[00244962] 3 | 9 1 6 0 10 _ 3 11 7 4 2 8 
[00244963] 3 | 9 1 6 0 10 _ 3 11 7 10 2 8 
[00244964] 5 | 9 1 _ 0 10 5 3 11 _ _ 2 8 
[00244965] 4 | 9 1 _ 0 10 5 3 11 7 _ 2 8 
[00244966] 3 | 9 1 4 0 10 5 3 11 7 _ 2 8 
[00244967] 3 | 9 1 _ 0 10 5 3 11 7 4 2 8 
[00244968] 5 | 9 1 _ 0 10 _ 3 11 6 _ 2 8 
[00244969] 4 | 9 1 5 0 10 _ 3 11 6 _ 2 8 
[00244970] 3 | 9 1 5 0 10 7 3 11 6 _ 2 8 
[00244971] 2 | 9 1 5 0 10 7 3 11 6 4 2 8 
[00244972] 1 | 9 1 5 0 10 7 3 11 6 4 2 8  *Graceful*
[00244972] 4 | 9 1 _ 0 10 6 3 11 6 _ 2 8 
[00244973] 3 | 9 1 4 0 10 6 3 11 6 _ 2 8 
[00244974] 4 | 9 1 _ 0 10 _ 3 11 6 10 2 8 
[00244975] 3 | 9 1 4 0 10 _ 3 11 6 10 2 8 
[00244976] 7 | 9 1 _ 0 10 _ _ 11 4 _ 2 _ 
[00244977] 6 | 9 1 7 0 10 _ _ 11 4 _ 2 _ 
[00244978] 5 | 9 1 7 0 10 5 _ 11 4 _ 2 _ 
[00244979] 4 | 9 1 7 0 10 5 6 11 4 _ 2 _ 
[00244980] 4 | 9 1 7 0 10 5 _ 11 4 8 2 _ 
[00244981] 4 | 9 1 7 0 10 5 _ 11 4 _ 2 6 
