[00096606] 4 | 3 11 4 0 2 8 7 10 1 _ 6 _ 
[00096607] 3 | 3 11 4 0 2 8 7 10 1 _ 6 9 
[00096608] 4 | 3 11 4 0 2 8 7 10 1 _ 5 9 
[00096609] 4 | 3 11 4 0 2 8 7 10 1 _ 9 5 
[00096610] 5 | 3 11 4 0 2 8 _ 10 1 6 _ _ 
[00096611] 4 | 3 11 4 0 2 8 _ 10 1 6 5 9 
[00096612] 4 | 3 11 4 0 2 8 _ 10 1 6 9 5 
[00096613] 5 | 3 11 4 0 2 8 _ 10 1 _ 5 _ 
[00096614] 4 | 3 11 4 0 2 8 6 10 1 _ 5 _ 
[00096615] 4 | 3 11 4 0 2 8 _ 10 1 5 5 _ 
[00096616] 4 | 3 11 4 0 2 8 _ 10 1 _ 5 1 
[00096617] 4 | 3 11 4 0 2 8 _ 10 1 _ 5 9 
[00096618] 6 | 3 11 4 0 8 2 _ 10 1 _ _ _ 
[00096619] 5 | 3 11 4 0 8 2 _ 10 1 6 _ _ 
[00096620] 4 | 3 11 4 0 8 2 _ 10 1 6 5 9 
[00096621] 4 | 3 11 4 0 8 2 _ 10 1 6 9 5 
[00096622] 5 | 3 11 4 0 8 2 _ 10 1 _ 5 _ 
[00096623] 4 | 3 11 4 0 8 2 _ 10 1 5 5 _ 
[00096624] 4 | 3 11 4 0 8 2 _ 10 1 _ 5 1 
[00096625] 4 | 3 11 4 0 8 2 _ 10 1 _ 5 9 
[00096626] 6 | 3 11 4 0 2 _ 8 10 1 _ _ _ 
[00096627] 5 | 3 11 4 0 2 7 8 10 1 _ _ _ 
[00096628] 4 | 3 11 4 0 2 7 8 10 1 5 _ _ 
[00096629] 3 | 3 11 4 0 2 7 8 10 1 5 6 9 
[00096630] 3 | 3 11 4 0 2 7 8 10 1 5 9 6 
[00096631] 4 | 3 11 4 0 2 7 8 10 1 _ 6 _ 
[00096632] 3 | 3 11 4 0 2 7 8 10 1 _ 6 9 
[00096633] 4 | 3 11 4 0 2 7 8 10 1 _ 5 9 
[00096634] 4 | 3 11 4 0 2 7 8 10 1 _ 9 5 
[00096635] 5 | 3 11 4 0 2 _ 8 10 1 6 _ _ 
[00096636] 4 | 3 11 4 0 2 _ 8 10 1 6 5 9 
[00096637] 4 | 3 11 4 0 2 _ 8 10 1 6 9 5 
[00096638] 5 | 3 11 4 0 2 _ 8 10 1 _ 5 _ 
[00096639] 4 | 3 11 4 0 2 6 8 10 1 _ 5 _ 
[00096640] 4 | 3 11 4 0 2 _ 8 10 1 5 5 _ 
[00096641] 4 | 3 11 4 0 2 _ 8 10 1 _ 5 1 
[00096642] 4 | 3 11 4 0 2 _ 8 10 1 _ 5 9 
[00096643] 6 | 3 11 4 0 8 _ 2 10 1 _ _ _ 
[00096644] 5 | 3 11 4 0 8 _ 2 10 1 6 _ _ 
[00096645] 4 | 3 11 4 0 8 _ 2 10 1 6 5 9 
[00096646] 4 | 3 11 4 0 8 _ 2 10 1 6 9 5 
[00096647] 5 | 3 11 4 0 8 _ 2 10 1 _ 5 _ 
[00096648] 4 | 3 11 4 0 8 _ 2 10 1 5 5 _ 
[00096649] 4 | 3 11 4 0 8 _ 2 10 1 _ 5 1 
[00096650] 4 | 3 11 4 0 8 _ 2 10 1 _ 5 9 
[00096651] 6 | 3 11 4 0 _ _ _ 10 1 7 _ _ 
[00096652] 5 | 3 11 4 0 5 _ _ 10 1 7 _ _ 
[00096653] 4 | 3 11 4 0 5 9 _ 10 1 7 _ _ 
[00096654] 3 | 3 11 4 0 5 9 2 10 1 7 _ _ 
[00096655] 2 | 3 11 4 0 5 9 2 10 1 7 8 _ 
[00096656] 2 | 3 11 4 0 5 9 2 10 1 7 6 8 
[00096657] 2 | 3 11 4 0 5 9 2 10 1 7 8 6 
[00096658] 3 | 3 11 4 0 5 9 8 10 1 7 _ _ 
[00096659] 4 | 3 11 4 0 5 _ 9 10 1 7 _ _ 
[00096660] 3 | 3 11 4 0 5 2 9 10 1 7 _ _ 
[00096661] 2 | 3 11 4 0 5 2 9 10 1 7 8 _ 
[00096662] 2 | 3 11 4 0 5 2 9 10 1 7 6 8 
[00096663] 2 | 3 11 4 0 5 2 9 10 1 7 8 6 
[00096664] 3 | 3 11 4 0 5 8 9 10 1 7 _ _ 
[00096665] 4 | 3 11 4 0 5 _ _ 10 1 7 6 _ 
[00096666] 3 | 3 11 4 0 5 2 _ 10 1 7 6 _ 
[00096667] 2 | 3 11 4 0 5 2 _ 10 1 7 6 8 
[00096668] 3 | 3 11 4 0 5 8 _ 10 1 7 6 _ 
[00096669] 3 | 3 11 4 0 5 _ 2 10 1 7 6 _ 
[00096670] 2 | 3 11 4 0 5 _ 2 10 1 7 6 8 
[00096671] 3 | 3 11 4 0 5 _ 8 10 1 7 6 _ 
[00096672] 3 | 3 11 4 0 5 _ _ 10 1 7 6 9 
[00096673] 4 | 3 11 4 0 5 _ _ 10 1 7 2 6 
[00096674] 3 | 3 11 4 0 5 8 _ 10 1 7 2 6 
[00096675] 3 | 3 11 4 0 5 _ 8 10 1 7 2 6 
[00096676] 4 | 3 11 4 0 5 _ _ 10 1 7 6 2 
[00096677] 3 | 3 11 4 0 5 8 _ 10 1 7 6 2 
[00096678] 3 | 3 11 4 0 5 _ 8 10 1 7 6 2 
[00096679] 5 | 3 11 4 0 _ _ _ 10 1 7 5 _ 
[00096680] 4 | 3 11 4 0 2 6 _ 10 1 7 5 _ 
[00096681] 3 | 3 11 4 0 2 6 5 10 1 7 5 _ 
[00096682] 3 | 3 11 4 0 2 6 _ 10 1 7 5 2 
[00096683] 3 | 3 11 4 0 2 6 _ 10 1 7 5 8 
[00096684] 4 | 3 11 4 0 6 2 _ 10 1 7 5 _ 
[00096685] 3 | 3 11 4 0 6 2 9 10 1 7 5 _ 
[00096686] 3 | 3 11 4 0 6 2 _ 10 1 7 5 8 
[00096687] 4 | 3 11 4 0 2 _ 6 10 1 7 5 _ 
[00096688] 3 | 3 11 4 0 2 5 6 10 1 7 5 _ 
[00096689] 3 | 3 11 4 0 2 _ 6 10 1 7 5 2 
[00096690] 3 | 3 11 4 0 2 _ 6 10 1 7 5 8 
[00096691] 4 | 3 11 4 0 6 _ 2 10 1 7 5 _ 
[00096692] 3 | 3 11 4 0 6 9 2 10 1 7 5 _ 
[00096693] 3 | 3 11 4 0 6 _ 2 10 1 7 5 8 
[00096694] 4 | 3 11 4 0 _ _ _ 10 1 7 5 9 
[00096695] 6 | 3 11 4 0 _ _ _ 10 1 _ 2 8 
[00096696] 5 | 3 11 4 0 5 _ _ 10 1 _ 2 8 
[00096697] 4 | 3 11 4 0 5 1 _ 10 1 _ 2 8 
[00096698] 4 | 3 11 4 0 5 9 _ 10 1 _ 2 8 
[00096699] 4 | 3 11 4 0 5 _ 1 10 1 _ 2 8 
[00096700] 4 | 3 11 4 0 5 _ 9 10 1 _ 2 8 
[00096701] 4 | 3 11 4 0 5 _ _ 10 1 5 2 8 
[00096702] 5 | 3 11 4 0 _ _ _ 10 1 6 2 8 
[00096703] 4 | 3 11 4 0 5 9 _ 10 1 6 2 8 
[00096704] 4 | 3 11 4 0 9 5 _ 10 1 6 2 8 
[00096705] 4 | 3 11 4 0 5 _ 9 10 1 6 2 8 
[00096706] 4 | 3 11 4 0 9 _ 5 10 1 6 2 8 
[00096707] 6 | 3 11 4 0 _ _ _ 10 1 _ 8 2 
[00096708] 5 | 3 11 4 0 5 _ _ 10 1 _ 8 2 
[00096709] 4 | 3 11 4 0 5 1 _ 10 1 _ 8 2 
[00096710] 4 | 3 11 4 0 5 9 _ 10 1 _ 8 2 
[00096711] 4 | 3 11 4 0 5 _ 1 10 1 _ 8 2 
[00096712] 4 | 3 11 4 0 5 _ 9 10 1 _ 8 2 
[00096713] 4 | 3 11 4 0 5 _ _ 10 1 5 8 2 
[00096714] 5 | 3 11 4 0 _ _ _ 10 1 6 8 2 
[00096715] 4 | 3 11 4 0 5 9 _ 10 1 6 8 2 
[00096716] 4 | 3 11 4 0 9 5 _ 10 1 6 8 2 
[00096717] 4 | 3 11 4 0 5 _ 9 10 1 6 8 2 
[00096718] 4 | 3 11 4 0 9 _ 5 10 1 6 8 2 
[00096719] 7 | 3 11 _ 0 7 _ _ 10 1 _ _ _ 
[00096720] 6 | 3 11 5 0 7 _ _ 10 1 _ _ _ 
[00096721] 5 | 3 11 5 0 7 2 _ 10 1 _ _ _ 
[00096722] 4 | 3 11 5 0 7 2 _ 10 1 _ 6 _ 
[00096723] 3 | 3 11 5 0 7 2 4 10 1 _ 6 _ 
[00096724] 2 | 3 11 5 0 7 2 4 10 1 _ 6 8 
[00096725] 3 | 3 11 5 0 7 2 _ 10 1 4 6 _ 
[00096726] 2 | 3 11 5 0 7 2 9 10 1 4 6 _ 
[00096727] 2 | 3 11 5 0 7 2 _ 10 1 4 6 8 
[00096728] 3 | 3 11 5 0 7 2 _ 10 1 _ 6 9 
[00096729] 4 | 3 11 5 0 7 2 _ 10 1 _ 4 8 
[00096730] 4 | 3 11 5 0 7 2 _ 10 1 _ 8 4 
[00096731] 5 | 3 11 5 0 7 _ 2 10 1 _ _ _ 
[00096732] 4 | 3 11 5 0 7 _ 2 10 1 _ 6 _ 
[00096733] 3 | 3 11 5 0 7 4 2 10 1 _ 6 _ 
[00096734] 2 | 3 11 5 0 7 4 2 10 1 _ 6 8 
[00096735] 3 | 3 11 5 0 7 _ 2 10 1 4 6 _ 
[00096736] 2 | 3 11 5 0 7 9 2 10 1 4 6 _ 
[00096737] 2 | 3 11 5 0 7 _ 2 10 1 4 6 8 
[00096738] 3 | 3 11 5 0 7 _ 2 10 1 _ 6 9 
[00096739] 4 | 3 11 5 0 7 _ 2 10 1 _ 4 8 
[00096740] 4 | 3 11 5 0 7 _ 2 10 1 _ 8 4 
[00096741] 5 | 3 11 5 0 7 _ _ 10 1 6 _ _ 
[00096742] 4 | 3 11 5 0 7 _ _ 10 1 6 4 8 
[00096743] 4 | 3 11 5 0 7 _ _ 10 1 6 8 4 
[00096744] 5 | 3 11 5 0 7 _ _ 10 1 _ 4 9 
[00096745] 5 | 3 11 5 0 7 _ _ 10 1 _ 9 4 
[00096746] 6 | 3 11 _ 0 7 1 _ 10 1 _ _ _ 
[00096747] 5 | 3 11 6 0 7 1 _ 10 1 _ _ _ 
[00096748] 4 | 3 11 6 0 7 1 _ 10 1 _ 4 8 
[00096749] 4 | 3 11 6 0 7 1 _ 10 1 _ 5 9 
[00096750] 3 | 3 11 6 0 7 1 4 10 1 _ 5 9 
[00096751] 4 | 3 11 6 0 7 1 _ 10 1 _ 8 4 
[00096752] 4 | 3 11 6 0 7 1 _ 10 1 _ 9 5 
[00096753] 3 | 3 11 6 0 7 1 4 10 1 _ 9 5 
[00096754] 5 | 3 11 _ 0 7 1 2 10 1 _ _ _ 
[00096755] 4 | 3 11 _ 0 7 1 2 10 1 _ 6 _ 
[00096756] 3 | 3 11 8 0 7 1 2 10 1 _ 6 _ 
[00096757] 2 | 3 11 8 0 7 1 2 10 1 _ 6 4 
[00096758] 3 | 3 11 _ 0 7 1 2 10 1 _ 6 9 
[00096759] 4 | 3 11 _ 0 7 1 2 10 1 _ 4 8 
[00096760] 4 | 3 11 _ 0 7 1 2 10 1 _ 5 9 
[00096761] 3 | 3 11 8 0 7 1 2 10 1 _ 5 9 
[00096762] 4 | 3 11 _ 0 7 1 2 10 1 _ 8 4 
[00096763] 4 | 3 11 _ 0 7 1 2 10 1 _ 9 5 
[00096764] 3 | 3 11 8 0 7 1 2 10 1 _ 9 5 
[00096765] 5 | 3 11 _ 0 7 1 _ 10 1 _ 5 _ 
[00096766] 4 | 3 11 7 0 7 1 _ 10 1 _ 5 _ 
[00096767] 3 | 3 11 7 0 7 1 _ 10 1 _ 5 2 
[00096768] 3 | 3 11 7 0 7 1 _ 10 1 _ 5 8 
[00096769] 4 | 3 11 _ 0 7 1 11 10 1 _ 5 _ 
[00096770] 3 | 3 11 _ 0 7 1 11 10 1 _ 5 2 
[00096771] 3 | 3 11 _ 0 7 1 11 10 1 _ 5 8 
[00096772] 4 | 3 11 _ 0 7 1 _ 10 1 _ 5 9 
[00096773] 3 | 3 11 8 0 7 1 _ 10 1 _ 5 9 
[00096774] 3 | 3 11 _ 0 7 1 4 10 1 _ 5 9 
[00096775] 5 | 3 11 _ 0 7 1 _ 10 1 _ 4 9 
[00096776] 4 | 3 11 7 0 7 1 _ 10 1 _ 4 9 
[00096777] 4 | 3 11 _ 0 7 1 11 10 1 _ 4 9 
[00096778] 5 | 3 11 _ 0 7 1 _ 10 1 _ 9 4 
[00096779] 4 | 3 11 7 0 7 1 _ 10 1 _ 9 4 
[00096780] 4 | 3 11 _ 0 7 1 11 10 1 _ 9 4 
[00096781] 6 | 3 11 _ 0 7 _ 1 10 1 _ _ _ 
[00096782] 5 | 3 11 6 0 7 _ 1 10 1 _ _ _ 
[00096783] 4 | 3 11 6 0 7 _ 1 10 1 _ 4 8 
[00096784] 4 | 3 11 6 0 7 _ 1 10 1 _ 5 9 
[00096785] 3 | 3 11 6 0 7 4 1 10 1 _ 5 9 
[00096786] 4 | 3 11 6 0 7 _ 1 10 1 _ 8 4 
[00096787] 4 | 3 11 6 0 7 _ 1 10 1 _ 9 5 
[00096788] 3 | 3 11 6 0 7 4 1 10 1 _ 9 5 
[00096789] 5 | 3 11 _ 0 7 2 1 10 1 _ _ _ 
[00096790] 4 | 3 11 _ 0 7 2 1 10 1 _ 6 _ 
[00096791] 3 | 3 11 8 0 7 2 1 10 1 _ 6 _ 
[00096792] 2 | 3 11 8 0 7 2 1 10 1 _ 6 4 
[00096793] 3 | 3 11 _ 0 7 2 1 10 1 _ 6 9 
[00096794] 4 | 3 11 _ 0 7 2 1 10 1 _ 4 8 
[00096795] 4 | 3 11 _ 0 7 2 1 10 1 _ 5 9 
[00096796] 3 | 3 11 8 0 7 2 1 10 1 _ 5 9 
[00096797] 4 | 3 11 _ 0 7 2 1 10 1 _ 8 4 
[00096798] 4 | 3 11 _ 0 7 2 1 10 1 _ 9 5 
[00096799] 3 | 3 11 8 0 7 2 1 10 1 _ 9 5 
[00096800] 5 | 3 11 _ 0 7 _ 1 10 1 _ 5 _ 
[00096801] 4 | 3 11 7 0 7 _ 1 10 1 _ 5 _ 
[00096802] 3 | 3 11 7 0 7 _ 1 10 1 _ 5 2 
[00096803] 3 | 3 11 7 0 7 _ 1 10 1 _ 5 8 
[00096804] 4 | 3 11 _ 0 7 11 1 10 1 _ 5 _ 
[00096805] 3 | 3 11 _ 0 7 11 1 10 1 _ 5 2 
[00096806] 3 | 3 11 _ 0 7 11 1 10 1 _ 5 8 
[00096807] 4 | 3 11 _ 0 7 _ 1 10 1 _ 5 9 
[00096808] 3 | 3 11 8 0 7 _ 1 10 1 _ 5 9 
[00096809] 3 | 3 11 _ 0 7 4 1 10 1 _ 5 9 
[00096810] 5 | 3 11 _ 0 7 _ 1 10 1 _ 4 9 
[00096811] 4 | 3 11 7 0 7 _ 1 10 1 _ 4 9 
[00096812] 4 | 3 11 _ 0 7 11 1 10 1 _ 4 9 
[00096813] 5 | 3 11 _ 0 7 _ 1 10 1 _ 9 4 
[00096814] 4 | 3 11 7 0 7 _ 1 10 1 _ 9 4 
[00096815] 4 | 3 11 _ 0 7 11 1 10 1 _ 9 4 
[00096816] 6 | 3 11 _ 0 7 _ _ 10 1 7 _ _ 
[00096817] 5 | 3 11 6 0 7 _ _ 10 1 7 _ _ 
[00096818] 4 | 3 11 6 0 7 _ _ 10 1 7 4 8 
[00096819] 4 | 3 11 6 0 7 _ _ 10 1 7 5 9 
[00096820] 4 | 3 11 6 0 7 _ _ 10 1 7 8 4 
[00096821] 4 | 3 11 6 0 7 _ _ 10 1 7 9 5 
[00096822] 5 | 3 11 _ 0 7 _ _ 10 1 7 5 _ 
[00096823] 4 | 3 11 _ 0 7 _ _ 10 1 7 5 9 
[00096824] 3 | 3 11 8 0 7 _ _ 10 1 7 5 9 
[00096825] 5 | 3 11 _ 0 7 _ _ 10 1 7 4 9 
[00096826] 5 | 3 11 _ 0 7 _ _ 10 1 7 9 4 
[00096827] 6 | 3 11 _ 0 7 _ _ 10 1 _ 4 _ 
[00096828] 5 | 3 11 6 0 7 _ _ 10 1 _ 4 _ 
[00096829] 4 | 3 11 6 0 7 _ _ 10 1 5 4 _ 
[00096830] 3 | 3 11 6 0 7 4 _ 10 1 5 4 _ 
[00096831] 2 | 3 11 6 0 7 4 9 10 1 5 4 _ 
[00096832] 3 | 3 11 6 0 7 _ 4 10 1 5 4 _ 
[00096833] 2 | 3 11 6 0 7 9 4 10 1 5 4 _ 
[00096834] 3 | 3 11 6 0 7 _ _ 10 1 5 4 7 
[00096835] 4 | 3 11 6 0 7 _ _ 10 1 _ 4 8 
[00096836] 5 | 3 11 _ 0 7 2 _ 10 1 _ 4 _ 
[00096837] 4 | 3 11 7 0 7 2 _ 10 1 _ 4 _ 
[00096838] 3 | 3 11 7 0 7 2 _ 10 1 4 4 _ 
[00096839] 3 | 3 11 7 0 7 2 _ 10 1 _ 4 1 
[00096840] 4 | 3 11 _ 0 7 2 11 10 1 _ 4 _ 
[00096841] 3 | 3 11 _ 0 7 2 11 10 1 4 4 _ 
[00096842] 3 | 3 11 _ 0 7 2 11 10 1 _ 4 1 
[00096843] 4 | 3 11 _ 0 7 2 _ 10 1 5 4 _ 
[00096844] 3 | 3 11 8 0 7 2 _ 10 1 5 4 _ 
[00096845] 2 | 3 11 8 0 7 2 9 10 1 5 4 _ 
[00096846] 2 | 3 11 8 0 7 2 _ 10 1 5 4 6 
[00096847] 3 | 3 11 _ 0 7 2 4 10 1 5 4 _ 
[00096848] 2 | 3 11 9 0 7 2 4 10 1 5 4 _ 
[00096849] 3 | 3 11 _ 0 7 2 _ 10 1 5 4 7 
[00096850] 2 | 3 11 9 0 7 2 _ 10 1 5 4 7 
[00096851] 4 | 3 11 _ 0 7 2 _ 10 1 _ 4 8 
[00096852] 5 | 3 11 _ 0 7 _ 2 10 1 _ 4 _ 
[00096853] 4 | 3 11 7 0 7 _ 2 10 1 _ 4 _ 
[00096854] 3 | 3 11 7 0 7 _ 2 10 1 4 4 _ 
[00096855] 3 | 3 11 7 0 7 _ 2 10 1 _ 4 1 
[00096856] 4 | 3 11 _ 0 7 11 2 10 1 _ 4 _ 
[00096857] 3 | 3 11 _ 0 7 11 2 10 1 4 4 _ 
[00096858] 3 | 3 11 _ 0 7 11 2 10 1 _ 4 1 
[00096859] 4 | 3 11 _ 0 7 _ 2 10 1 5 4 _ 
[00096860] 3 | 3 11 8 0 7 _ 2 10 1 5 4 _ 
[00096861] 2 | 3 11 8 0 7 9 2 10 1 5 4 _ 
[00096862] 2 | 3 11 8 0 7 _ 2 10 1 5 4 6 
[00096863] 3 | 3 11 _ 0 7 4 2 10 1 5 4 _ 
[00096864] 2 | 3 11 9 0 7 4 2 10 1 5 4 _ 
[00096865] 3 | 3 11 _ 0 7 _ 2 10 1 5 4 7 
[00096866] 2 | 3 11 9 0 7 _ 2 10 1 5 4 7 
[00096867] 4 | 3 11 _ 0 7 _ 2 10 1 _ 4 8 
[00096868] 5 | 3 11 _ 0 7 _ _ 10 1 6 4 _ 
[00096869] 4 | 3 11 7 0 7 _ _ 10 1 6 4 _ 
[00096870] 4 | 3 11 _ 0 7 11 _ 10 1 6 4 _ 
[00096871] 3 | 3 11 _ 0 7 11 4 10 1 6 4 _ 
[00096872] 3 | 3 11 _ 0 7 11 _ 10 1 6 4 7 
[00096873] 4 | 3 11 _ 0 7 _ 11 10 1 6 4 _ 
[00096874] 3 | 3 11 _ 0 7 4 11 10 1 6 4 _ 
[00096875] 3 | 3 11 _ 0 7 _ 11 10 1 6 4 7 
[00096876] 4 | 3 11 _ 0 7 _ _ 10 1 6 4 8 
[00096877] 5 | 3 11 _ 0 7 _ _ 10 1 _ 4 9 
[00096878] 4 | 3 11 7 0 7 _ _ 10 1 _ 4 9 
[00096879] 4 | 3 11 _ 0 7 11 _ 10 1 _ 4 9 
[00096880] 4 | 3 11 _ 0 7 _ 11 10 1 _ 4 9 
[00096881] 4 | 3 11 _ 0 7 _ _ 10 1 5 4 9 
[00096882] 3 | 3 11 8 0 7 _ _ 10 1 5 4 9 
[00096883] 6 | 3 11 _ 0 7 _ _ 10 1 _ 2 8 
[00096884] 5 | 3 11 6 0 7 _ _ 10 1 _ 2 8 
[00096885] 4 | 3 11 6 0 7 _ _ 10 1 5 2 8 
[00096886] 3 | 3 11 6 0 7 4 _ 10 1 5 2 8 
[00096887] 2 | 3 11 6 0 7 4 9 10 1 5 2 8 
[00096888] 3 | 3 11 6 0 7 _ 4 10 1 5 2 8 
[00096889] 2 | 3 11 6 0 7 9 4 10 1 5 2 8 
[00096890] 5 | 3 11 _ 0 7 _ _ 10 1 6 2 8 
[00096891] 4 | 3 11 7 0 7 _ _ 10 1 6 2 8 
[00096892] 4 | 3 11 _ 0 7 11 _ 10 1 6 2 8 
[00096893] 3 | 3 11 _ 0 7 11 4 10 1 6 2 8 
[00096894] 4 | 3 11 _ 0 7 _ 11 10 1 6 2 8 
[00096895] 3 | 3 11 _ 0 7 4 11 10 1 6 2 8 
[00096896] 6 | 3 11 _ 0 7 _ _ 10 1 _ 8 2 
[00096897] 5 | 3 11 6 0 7 _ _ 10 1 _ 8 2 
[00096898] 4 | 3 11 6 0 7 _ _ 10 1 5 8 2 
[00096899] 3 | 3 11 6 0 7 4 _ 10 1 5 8 2 
[00096900] 2 | 3 11 6 0 7 4 9 10 1 5 8 2 
[00096901] 3 | 3 11 6 0 7 _ 4 10 1 5 8 2 
[00096902] 2 | 3 11 6 0 7 9 4 10 1 5 8 2 
[00096903] 5 | 3 11 _ 0 7 _ _ 10 1 6 8 2 
[00096904] 4 | 3 11 7 0 7 _ _ 10 1 6 8 2 
[00096905] 4 | 3 11 _ 0 7 11 _ 10 1 6 8 2 
[00096906] 3 | 3 11 _ 0 7 11 4 10 1 6 8 2 
[00096907] 4 | 3 11 _ 0 7 _ 11 10 1 6 8 2 
[00096908] 3 | 3 11 _ 0 7 4 11 10 1 6 8 2 
[00096909] 7 | 3 11 _ 0 2 9 _ 10 1 _ _ _ 
[00096910] 6 | 3 11 5 0 2 9 _ 10 1 _ _ _ 
[00096911] 5 | 3 11 5 0 2 9 7 10 1 _ _ _ 
[00096912] 4 | 3 11 5 0 2 9 7 10 1 _ 6 _ 
[00096913] 3 | 3 11 5 0 2 9 7 10 1 4 6 _ 
[00096914] 2 | 3 11 5 0 2 9 7 10 1 4 6 8 
[00096915] 4 | 3 11 5 0 2 9 7 10 1 _ 4 8 
[00096916] 4 | 3 11 5 0 2 9 7 10 1 _ 8 4 
[00096917] 5 | 3 11 5 0 2 9 _ 10 1 6 _ _ 
[00096918] 4 | 3 11 5 0 2 9 _ 10 1 6 4 8 
[00096919] 4 | 3 11 5 0 2 9 _ 10 1 6 8 4 
[00096920] 6 | 3 11 _ 0 2 9 8 10 1 _ _ _ 
[00096921] 5 | 3 11 6 0 2 9 8 10 1 _ _ _ 
[00096922] 4 | 3 11 6 0 2 9 8 10 1 5 _ _ 
[00096923] 3 | 3 11 6 0 2 9 8 10 1 5 7 _ 
[00096924] 3 | 3 11 6 0 2 9 8 10 1 5 4 7 
[00096925] 3 | 3 11 6 0 2 9 8 10 1 5 7 4 
[00096926] 5 | 3 11 _ 0 2 9 8 10 1 6 _ _ 
[00096927] 4 | 3 11 7 0 2 9 8 10 1 6 _ _ 
[00096928] 5 | 3 11 _ 0 2 9 8 10 1 _ 5 _ 
[00096929] 4 | 3 11 7 0 2 9 8 10 1 _ 5 _ 
[00096930] 3 | 3 11 7 0 2 9 8 10 1 4 5 _ 
[00096931] 4 | 3 11 _ 0 2 9 8 10 1 5 5 _ 
[00096932] 4 | 3 11 _ 0 2 9 8 10 1 _ 5 1 
[00096933] 6 | 3 11 _ 0 2 9 _ 10 1 7 _ _ 
[00096934] 5 | 3 11 6 0 2 9 _ 10 1 7 _ _ 
[00096935] 4 | 3 11 6 0 2 9 _ 10 1 7 4 8 
[00096936] 3 | 3 11 6 0 2 9 5 10 1 7 4 8 
[00096937] 4 | 3 11 6 0 2 9 _ 10 1 7 8 4 
[00096938] 3 | 3 11 6 0 2 9 5 10 1 7 8 4 
[00096939] 5 | 3 11 _ 0 2 9 _ 10 1 7 5 _ 
[00096940] 4 | 3 11 _ 0 2 9 6 10 1 7 5 _ 
[00096941] 3 | 3 11 8 0 2 9 6 10 1 7 5 _ 
[00096942] 3 | 3 11 _ 0 2 9 6 10 1 7 5 8 
[00096943] 6 | 3 11 _ 0 2 9 _ 10 1 _ 4 _ 
[00096944] 5 | 3 11 6 0 2 9 _ 10 1 _ 4 _ 
[00096945] 4 | 3 11 6 0 2 9 _ 10 1 5 4 _ 
[00096946] 3 | 3 11 6 0 2 9 _ 10 1 5 4 7 
[00096947] 4 | 3 11 6 0 2 9 _ 10 1 _ 4 8 
[00096948] 3 | 3 11 6 0 2 9 5 10 1 _ 4 8 
[00096949] 5 | 3 11 _ 0 2 9 7 10 1 _ 4 _ 
[00096950] 4 | 3 11 _ 0 2 9 7 10 1 5 4 _ 
[00096951] 3 | 3 11 8 0 2 9 7 10 1 5 4 _ 
[00096952] 2 | 3 11 8 0 2 9 7 10 1 5 4 6 
[00096953] 4 | 3 11 _ 0 2 9 7 10 1 _ 4 8 
[00096954] 5 | 3 11 _ 0 2 9 _ 10 1 6 4 _ 
[00096955] 4 | 3 11 7 0 2 9 _ 10 1 6 4 _ 
[00096956] 3 | 3 11 7 0 2 9 5 10 1 6 4 _ 
[00096957] 4 | 3 11 _ 0 2 9 _ 10 1 6 4 8 
[00096958] 3 | 3 11 _ 0 2 9 5 10 1 6 4 8 
[00096959] 7 | 3 11 _ 0 9 2 _ 10 1 _ _ _ 
[00096960] 6 | 3 11 5 0 9 2 _ 10 1 _ _ _ 
[00096961] 5 | 3 11 5 0 9 2 4 10 1 _ _ _ 
[00096962] 4 | 3 11 5 0 9 2 4 10 1 _ 6 _ 
[00096963] 5 | 3 11 5 0 9 2 _ 10 1 6 _ _ 
[00096964] 4 | 3 11 5 0 9 2 _ 10 1 6 4 8 
[00096965] 4 | 3 11 5 0 9 2 _ 10 1 6 8 4 
[00096966] 6 | 3 11 _ 0 9 2 _ 10 1 7 _ _ 
[00096967] 5 | 3 11 6 0 9 2 _ 10 1 7 _ _ 
[00096968] 4 | 3 11 6 0 9 2 5 10 1 7 _ _ 
[00096969] 4 | 3 11 6 0 9 2 _ 10 1 7 4 8 
[00096970] 4 | 3 11 6 0 9 2 _ 10 1 7 8 4 
[00096971] 5 | 3 11 _ 0 9 2 4 10 1 7 _ _ 
[00096972] 4 | 3 11 _ 0 9 2 4 10 1 7 6 _ 
[00096973] 3 | 3 11 8 0 9 2 4 10 1 7 6 _ 
[00096974] 5 | 3 11 _ 0 9 2 _ 10 1 7 5 _ 
[00096975] 4 | 3 11 _ 0 9 2 5 10 1 7 5 _ 
[00096976] 3 | 3 11 8 0 9 2 5 10 1 7 5 _ 
[00096977] 4 | 3 11 _ 0 9 2 _ 10 1 7 5 9 
[00096978] 3 | 3 11 8 0 9 2 _ 10 1 7 5 9 
[00096979] 6 | 3 11 _ 0 9 2 _ 10 1 _ 4 _ 
[00096980] 5 | 3 11 6 0 9 2 _ 10 1 _ 4 _ 
[00096981] 4 | 3 11 6 0 9 2 5 10 1 _ 4 _ 
[00096982] 3 | 3 11 6 0 9 2 5 10 1 4 4 _ 
[00096983] 3 | 3 11 6 0 9 2 5 10 1 _ 4 1 
[00096984] 3 | 3 11 6 0 9 2 5 10 1 _ 4 7 
[00096985] 4 | 3 11 6 0 9 2 _ 10 1 5 4 _ 
[00096986] 3 | 3 11 6 0 9 2 _ 10 1 5 4 7 
[00096987] 4 | 3 11 6 0 9 2 _ 10 1 _ 4 8 
[00096988] 5 | 3 11 _ 0 9 2 4 10 1 _ 4 _ 
[00096989] 4 | 3 11 7 0 9 2 4 10 1 _ 4 _ 
[00096990] 4 | 3 11 _ 0 9 2 4 10 1 5 4 _ 
[00096991] 3 | 3 11 8 0 9 2 4 10 1 5 4 _ 
[00096992] 5 | 3 11 _ 0 9 2 _ 10 1 6 4 _ 
[00096993] 4 | 3 11 7 0 9 2 _ 10 1 6 4 _ 
[00096994] 4 | 3 11 _ 0 9 2 5 10 1 6 4 _ 
[00096995] 3 | 3 11 8 0 9 2 5 10 1 6 4 _ 
[00096996] 3 | 3 11 _ 0 9 2 5 10 1 6 4 7 
[00096997] 4 | 3 11 _ 0 9 2 _ 10 1 6 4 8 
[00096998] 5 | 3 11 _ 0 9 2 _ 10 1 _ 4 9 
[00096999] 4 | 3 11 7 0 9 2 _ 10 1 _ 4 9 
[00097000] 4 | 3 11 _ 0 9 2 _ 10 1 5 4 9 
[00097001] 3 | 3 11 8 0 9 2 _ 10 1 5 4 9 
[00097002] 7 | 3 11 _ 0 2 _ 9 10 1 _ _ _ 
[00097003] 6 | 3 11 5 0 2 _ 9 10 1 _ _ _ 
[00097004] 5 | 3 11 5 0 2 7 9 10 1 _ _ _ 
[00097005] 4 | 3 11 5 0 2 7 9 10 1 _ 6 _ 
[00097006] 3 | 3 11 5 0 2 7 9 10 1 4 6 _ 
[00097007] 2 | 3 11 5 0 2 7 9 10 1 4 6 8 
[00097008] 4 | 3 11 5 0 2 7 9 10 1 _ 4 8 
[00097009] 4 | 3 11 5 0 2 7 9 10 1 _ 8 4 
[00097010] 5 | 3 11 5 0 2 _ 9 10 1 6 _ _ 
[00097011] 4 | 3 11 5 0 2 _ 9 10 1 6 4 8 
[00097012] 4 | 3 11 5 0 2 _ 9 10 1 6 8 4 
[00097013] 6 | 3 11 _ 0 2 8 9 10 1 _ _ _ 
[00097014] 5 | 3 11 6 0 2 8 9 10 1 _ _ _ 
[00097015] 4 | 3 11 6 0 2 8 9 10 1 5 _ _ 
[00097016] 3 | 3 11 6 0 2 8 9 10 1 5 7 _ 
[00097017] 3 | 3 11 6 0 2 8 9 10 1 5 4 7 
[00097018] 3 | 3 11 6 0 2 8 9 10 1 5 7 4 
[00097019] 5 | 3 11 _ 0 2 8 9 10 1 6 _ _ 
[00097020] 4 | 3 11 7 0 2 8 9 10 1 6 _ _ 
[00097021] 5 | 3 11 _ 0 2 8 9 10 1 _ 5 _ 
[00097022] 4 | 3 11 7 0 2 8 9 10 1 _ 5 _ 
[00097023] 3 | 3 11 7 0 2 8 9 10 1 4 5 _ 
[00097024] 4 | 3 11 _ 0 2 8 9 10 1 5 5 _ 
[00097025] 4 | 3 11 _ 0 2 8 9 10 1 _ 5 1 
[00097026] 6 | 3 11 _ 0 2 _ 9 10 1 7 _ _ 
[00097027] 5 | 3 11 6 0 2 _ 9 10 1 7 _ _ 
[00097028] 4 | 3 11 6 0 2 _ 9 10 1 7 4 8 
[00097029] 3 | 3 11 6 0 2 5 9 10 1 7 4 8 
[00097030] 4 | 3 11 6 0 2 _ 9 10 1 7 8 4 
[00097031] 3 | 3 11 6 0 2 5 9 10 1 7 8 4 
[00097032] 5 | 3 11 _ 0 2 _ 9 10 1 7 5 _ 
[00097033] 4 | 3 11 _ 0 2 6 9 10 1 7 5 _ 
[00097034] 3 | 3 11 8 0 2 6 9 10 1 7 5 _ 
[00097035] 3 | 3 11 _ 0 2 6 9 10 1 7 5 8 
[00097036] 6 | 3 11 _ 0 2 _ 9 10 1 _ 4 _ 
[00097037] 5 | 3 11 6 0 2 _ 9 10 1 _ 4 _ 
[00097038] 4 | 3 11 6 0 2 _ 9 10 1 5 4 _ 
[00097039] 3 | 3 11 6 0 2 _ 9 10 1 5 4 7 
[00097040] 4 | 3 11 6 0 2 _ 9 10 1 _ 4 8 
[00097041] 3 | 3 11 6 0 2 5 9 10 1 _ 4 8 
[00097042] 5 | 3 11 _ 0 2 7 9 10 1 _ 4 _ 
[00097043] 4 | 3 11 _ 0 2 7 9 10 1 5 4 _ 
[00097044] 3 | 3 11 8 0 2 7 9 10 1 5 4 _ 
[00097045] 2 | 3 11 8 0 2 7 9 10 1 5 4 6 
[00097046] 4 | 3 11 _ 0 2 7 9 10 1 _ 4 8 
[00097047] 5 | 3 11 _ 0 2 _ 9 10 1 6 4 _ 
[00097048] 4 | 3 11 7 0 2 _ 9 10 1 6 4 _ 
[00097049] 3 | 3 11 7 0 2 5 9 10 1 6 4 _ 
[00097050] 4 | 3 11 _ 0 2 _ 9 10 1 6 4 8 
[00097051] 3 | 3 11 _ 0 2 5 9 10 1 6 4 8 
[00097052] 7 | 3 11 _ 0 9 _ 2 10 1 _ _ _ 
[00097053] 6 | 3 11 5 0 9 _ 2 10 1 _ _ _ 
[00097054] 5 | 3 11 5 0 9 4 2 10 1 _ _ _ 
[00097055] 4 | 3 11 5 0 9 4 2 10 1 _ 6 _ 
[00097056] 5 | 3 11 5 0 9 _ 2 10 1 6 _ _ 
[00097057] 4 | 3 11 5 0 9 _ 2 10 1 6 4 8 
[00097058] 4 | 3 11 5 0 9 _ 2 10 1 6 8 4 
[00097059] 6 | 3 11 _ 0 9 _ 2 10 1 7 _ _ 
[00097060] 5 | 3 11 6 0 9 _ 2 10 1 7 _ _ 
[00097061] 4 | 3 11 6 0 9 5 2 10 1 7 _ _ 
[00097062] 4 | 3 11 6 0 9 _ 2 10 1 7 4 8 
[00097063] 4 | 3 11 6 0 9 _ 2 10 1 7 8 4 
[00097064] 5 | 3 11 _ 0 9 4 2 10 1 7 _ _ 
[00097065] 4 | 3 11 _ 0 9 4 2 10 1 7 6 _ 
[00097066] 3 | 3 11 8 0 9 4 2 10 1 7 6 _ 
[00097067] 5 | 3 11 _ 0 9 _ 2 10 1 7 5 _ 
[00097068] 4 | 3 11 _ 0 9 5 2 10 1 7 5 _ 
[00097069] 3 | 3 11 8 0 9 5 2 10 1 7 5 _ 
[00097070] 4 | 3 11 _ 0 9 _ 2 10 1 7 5 9 
[00097071] 3 | 3 11 8 0 9 _ 2 10 1 7 5 9 
[00097072] 6 | 3 11 _ 0 9 _ 2 10 1 _ 4 _ 
[00097073] 5 | 3 11 6 0 9 _ 2 10 1 _ 4 _ 
[00097074] 4 | 3 11 6 0 9 5 2 10 1 _ 4 _ 
[00097075] 3 | 3 11 6 0 9 5 2 10 1 4 4 _ 
[00097076] 3 | 3 11 6 0 9 5 2 10 1 _ 4 1 
[00097077] 3 | 3 11 6 0 9 5 2 10 1 _ 4 7 
[00097078] 4 | 3 11 6 0 9 _ 2 10 1 5 4 _ 
[00097079] 3 | 3 11 6 0 9 _ 2 10 1 5 4 7 
[00097080] 4 | 3 11 6 0 9 _ 2 10 1 _ 4 8 
[00097081] 5 | 3 11 _ 0 9 4 2 10 1 _ 4 _ 
[00097082] 4 | 3 11 7 0 9 4 2 10 1 _ 4 _ 
[00097083] 4 | 3 11 _ 0 9 4 2 10 1 5 4 _ 
[00097084] 3 | 3 11 8 0 9 4 2 10 1 5 4 _ 
[00097085] 5 | 3 11 _ 0 9 _ 2 10 1 6 4 _ 
[00097086] 4 | 3 11 7 0 9 _ 2 10 1 6 4 _ 
[00097087] 4 | 3 11 _ 0 9 5 2 10 1 6 4 _ 
[00097088] 3 | 3 11 8 0 9 5 2 10 1 6 4 _ 
[00097089] 3 | 3 11 _ 0 9 5 2 10 1 6 4 7 
[00097090] 4 | 3 11 _ 0 9 _ 2 10 1 6 4 8 
[00097091] 5 | 3 11 _ 0 9 _ 2 10 1 _ 4 9 
[00097092] 4 | 3 11 7 0 9 _ 2 10 1 _ 4 9 
[00097093] 4 | 3 11 _ 0 9 _ 2 10 1 5 4 9 
[00097094] 3 | 3 11 8 0 9 _ 2 10 1 5 4 9 
[00097095] 7 | 3 11 _ 0 _ _ _ 10 1 8 _ _ 
[00097096] 6 | 3 11 5 0 _ _ _ 10 1 8 _ _ 
[00097097] 5 | 3 11 5 0 2 7 _ 10 1 8 _ _ 
[00097098] 4 | 3 11 5 0 2 7 6 10 1 8 _ _ 
[00097099] 4 | 3 11 5 0 2 7 _ 10 1 8 6 _ 
[00097100] 3 | 3 11 5 0 2 7 _ 10 1 8 6 9 
[00097101] 2 | 3 11 5 0 2 7 4 10 1 8 6 9 
[00097102] 5 | 3 11 5 0 4 9 _ 10 1 8 _ _ 
[00097103] 4 | 3 11 5 0 4 9 _ 10 1 8 6 _ 
[00097104] 3 | 3 11 5 0 4 9 7 10 1 8 6 _ 
[00097105] 4 | 3 11 5 0 4 9 _ 10 1 8 2 6 
