[00015300] 6 | _ 0 11 10 1 8 9 4 _ _ _ _ 
[00015301] 5 | 5 0 11 10 1 8 9 4 _ _ _ _ 
[00015302] 4 | 5 0 11 10 1 8 9 4 2 6 _ _ 
[00015303] 3 | 5 0 11 10 1 8 9 4 2 6 7 _ 
[00015304] 4 | 5 0 11 10 1 8 9 4 3 7 _ _ 
[00015305] 4 | 5 0 11 10 1 8 9 4 6 2 _ _ 
[00015306] 3 | 5 0 11 10 1 8 9 4 6 2 7 _ 
[00015307] 4 | 5 0 11 10 1 8 9 4 7 3 _ _ 
[00015308] 4 | 5 0 11 10 1 8 9 4 _ _ 2 6 
[00015309] 3 | 5 0 11 10 1 8 9 4 7 _ 2 6 
[00015310] 4 | 5 0 11 10 1 8 9 4 _ _ 3 7 
[00015311] 4 | 5 0 11 10 1 8 9 4 _ _ 6 2 
[00015312] 3 | 5 0 11 10 1 8 9 4 7 _ 6 2 
[00015313] 4 | 5 0 11 10 1 8 9 4 _ _ 7 3 
[00015314] 5 | _ 0 11 10 1 8 9 4 2 7 _ _ 
[00015315] 4 | 4 0 11 10 1 8 9 4 2 7 _ _ 
[00015316] 3 | 4 0 11 10 1 8 9 4 2 7 3 6 
[00015317] 3 | 4 0 11 10 1 8 9 4 2 7 6 3 
[00015318] 4 | _ 0 11 10 1 8 9 4 2 7 0 _ 
[00015319] 3 | 3 0 11 10 1 8 9 4 2 7 0 _ 
[00015320] 3 | _ 0 11 10 1 8 9 4 2 7 0 3 
[00015321] 5 | _ 0 11 10 1 8 9 4 7 2 _ _ 
[00015322] 4 | 4 0 11 10 1 8 9 4 7 2 _ _ 
[00015323] 3 | 4 0 11 10 1 8 9 4 7 2 3 6 
[00015324] 3 | 4 0 11 10 1 8 9 4 7 2 6 3 
[00015325] 4 | _ 0 11 10 1 8 9 4 7 2 0 _ 
[00015326] 3 | 3 0 11 10 1 8 9 4 7 2 0 _ 
[00015327] 3 | _ 0 11 10 1 8 9 4 7 2 0 3 
[00015328] 5 | _ 0 11 10 1 8 9 4 _ _ 2 7 
[00015329] 4 | 4 0 11 10 1 8 9 4 _ _ 2 7 
[00015330] 3 | 4 0 11 10 1 8 9 4 3 6 2 7 
[00015331] 3 | 4 0 11 10 1 8 9 4 6 3 2 7 
[00015332] 4 | _ 0 11 10 1 8 9 4 0 _ 2 7 
[00015333] 3 | 3 0 11 10 1 8 9 4 0 _ 2 7 
[00015334] 3 | _ 0 11 10 1 8 9 4 0 3 2 7 
[00015335] 5 | _ 0 11 10 1 8 9 4 _ _ 7 2 
[00015336] 4 | 4 0 11 10 1 8 9 4 _ _ 7 2 
[00015337] 3 | 4 0 11 10 1 8 9 4 3 6 7 2 
[00015338] 3 | 4 0 11 10 1 8 9 4 6 3 7 2 
[00015339] 4 | _ 0 11 10 1 8 9 4 0 _ 7 2 
[00015340] 3 | 3 0 11 10 1 8 9 4 0 _ 7 2 
[00015341] 3 | _ 0 11 10 1 8 9 4 0 3 7 2 
[00015342] 7 | _ 0 11 10 1 _ 9 3 _ _ _ _ 
[00015343] 6 | 6 0 11 10 1 _ 9 3 _ _ _ _ 
[00015344] 5 | 6 0 11 10 1 _ 9 3 8 _ _ _ 
[00015345] 4 | 6 0 11 10 1 5 9 3 8 _ _ _ 
[00015346] 3 | 6 0 11 10 1 5 9 3 8 _ 4 7 
[00015347] 3 | 6 0 11 10 1 5 9 3 8 _ 7 4 
[00015348] 4 | 6 0 11 10 1 _ 9 3 8 4 _ _ 
[00015349] 3 | 6 0 11 10 1 _ 9 3 8 4 2 5 
[00015350] 3 | 6 0 11 10 1 _ 9 3 8 4 5 2 
[00015351] 4 | 6 0 11 10 1 _ 9 3 8 _ 7 _ 
[00015352] 3 | 6 0 11 10 1 4 9 3 8 _ 7 _ 
[00015353] 2 | 6 0 11 10 1 4 9 3 8 _ 7 5 
[00015354] 3 | 6 0 11 10 1 _ 9 3 8 5 7 _ 
[00015355] 3 | 6 0 11 10 1 _ 9 3 8 _ 7 4 
[00015356] 5 | 6 0 11 10 1 _ 9 3 2 7 _ _ 
[00015357] 4 | 6 0 11 10 1 5 9 3 2 7 _ _ 
[00015358] 4 | 6 0 11 10 1 _ 9 3 2 7 4 8 
[00015359] 4 | 6 0 11 10 1 _ 9 3 2 7 8 4 
[00015360] 5 | 6 0 11 10 1 _ 9 3 7 2 _ _ 
[00015361] 4 | 6 0 11 10 1 5 9 3 7 2 _ _ 
[00015362] 4 | 6 0 11 10 1 _ 9 3 7 2 4 8 
[00015363] 4 | 6 0 11 10 1 _ 9 3 7 2 8 4 
[00015364] 5 | 6 0 11 10 1 _ 9 3 _ _ 8 _ 
[00015365] 4 | 6 0 11 10 1 5 9 3 _ _ 8 _ 
[00015366] 3 | 6 0 11 10 1 5 9 3 4 7 8 _ 
[00015367] 3 | 6 0 11 10 1 5 9 3 7 4 8 _ 
[00015368] 4 | 6 0 11 10 1 _ 9 3 7 _ 8 _ 
[00015369] 3 | 6 0 11 10 1 4 9 3 7 _ 8 _ 
[00015370] 2 | 6 0 11 10 1 4 9 3 7 5 8 _ 
[00015371] 3 | 6 0 11 10 1 _ 9 3 7 4 8 _ 
[00015372] 3 | 6 0 11 10 1 _ 9 3 7 _ 8 5 
[00015373] 4 | 6 0 11 10 1 _ 9 3 _ _ 8 4 
[00015374] 3 | 6 0 11 10 1 _ 9 3 2 5 8 4 
[00015375] 3 | 6 0 11 10 1 _ 9 3 5 2 8 4 
[00015376] 5 | 6 0 11 10 1 _ 9 3 _ _ 2 7 
[00015377] 4 | 6 0 11 10 1 5 9 3 _ _ 2 7 
[00015378] 4 | 6 0 11 10 1 _ 9 3 4 8 2 7 
[00015379] 4 | 6 0 11 10 1 _ 9 3 8 4 2 7 
[00015380] 5 | 6 0 11 10 1 _ 9 3 _ _ 7 2 
[00015381] 4 | 6 0 11 10 1 5 9 3 _ _ 7 2 
[00015382] 4 | 6 0 11 10 1 _ 9 3 4 8 7 2 
[00015383] 4 | 6 0 11 10 1 _ 9 3 8 4 7 2 
[00015384] 6 | _ 0 11 10 1 7 9 3 _ _ _ _ 
[00015385] 5 | 5 0 11 10 1 7 9 3 _ _ _ _ 
[00015386] 4 | 5 0 11 10 1 7 9 3 2 6 _ _ 
[00015387] 4 | 5 0 11 10 1 7 9 3 4 8 _ _ 
[00015388] 3 | 5 0 11 10 1 7 9 3 4 8 6 _ 
[00015389] 4 | 5 0 11 10 1 7 9 3 6 2 _ _ 
[00015390] 4 | 5 0 11 10 1 7 9 3 8 4 _ _ 
[00015391] 3 | 5 0 11 10 1 7 9 3 8 4 6 _ 
[00015392] 4 | 5 0 11 10 1 7 9 3 _ _ 2 6 
[00015393] 4 | 5 0 11 10 1 7 9 3 _ _ 4 8 
[00015394] 3 | 5 0 11 10 1 7 9 3 6 _ 4 8 
[00015395] 4 | 5 0 11 10 1 7 9 3 _ _ 6 2 
[00015396] 4 | 5 0 11 10 1 7 9 3 _ _ 8 4 
[00015397] 3 | 5 0 11 10 1 7 9 3 6 _ 8 4 
[00015398] 5 | _ 0 11 10 1 7 9 3 8 _ _ _ 
[00015399] 4 | 4 0 11 10 1 7 9 3 8 _ _ _ 
[00015400] 3 | 4 0 11 10 1 7 9 3 8 5 _ _ 
[00015401] 3 | 4 0 11 10 1 7 9 3 8 _ 6 _ 
[00015402] 2 | 4 0 11 10 1 7 9 3 8 6 6 _ 
[00015403] 2 | 4 0 11 10 1 7 9 3 8 _ 6 8 
[00015404] 3 | 4 0 11 10 1 7 9 3 8 _ 2 5 
[00015405] 2 | 4 0 11 10 1 7 9 3 8 6 2 5 
[00015406] 1 | 4 0 11 10 1 7 9 3 8 6 2 5  *Graceful*
[00015406] 3 | 4 0 11 10 1 7 9 3 8 _ 5 2 
[00015407] 2 | 4 0 11 10 1 7 9 3 8 6 5 2 
[00015408] 4 | _ 0 11 10 1 7 9 3 8 4 _ _ 
[00015409] 3 | 3 0 11 10 1 7 9 3 8 4 _ _ 
[00015410] 3 | _ 0 11 10 1 7 9 3 8 4 0 _ 
[00015411] 2 | 2 0 11 10 1 7 9 3 8 4 0 _ 
[00015412] 2 | _ 0 11 10 1 7 9 3 8 4 0 2 
[00015413] 3 | _ 0 11 10 1 7 9 3 8 4 6 _ 
[00015414] 2 | 2 0 11 10 1 7 9 3 8 4 6 _ 
[00015415] 1 | 2 0 11 10 1 7 9 3 8 4 6 5  *Graceful*
[00015415] 3 | _ 0 11 10 1 7 9 3 8 4 2 5 
[00015416] 3 | _ 0 11 10 1 7 9 3 8 4 5 2 
[00015417] 4 | _ 0 11 10 1 7 9 3 8 _ 2 6 
[00015418] 3 | _ 0 11 10 1 7 9 3 8 5 2 6 
[00015419] 4 | _ 0 11 10 1 7 9 3 8 _ 6 2 
[00015420] 3 | _ 0 11 10 1 7 9 3 8 5 6 2 
[00015421] 5 | _ 0 11 10 1 7 9 3 _ _ 8 _ 
[00015422] 4 | 4 0 11 10 1 7 9 3 _ _ 8 _ 
[00015423] 3 | 4 0 11 10 1 7 9 3 6 _ 8 _ 
[00015424] 2 | 4 0 11 10 1 7 9 3 6 8 8 _ 
[00015425] 2 | 4 0 11 10 1 7 9 3 6 _ 8 6 
[00015426] 3 | 4 0 11 10 1 7 9 3 2 5 8 _ 
[00015427] 2 | 4 0 11 10 1 7 9 3 2 5 8 6 
[00015428] 1 | 4 0 11 10 1 7 9 3 2 5 8 6  *Graceful*
[00015428] 3 | 4 0 11 10 1 7 9 3 5 2 8 _ 
[00015429] 2 | 4 0 11 10 1 7 9 3 5 2 8 6 
[00015430] 3 | 4 0 11 10 1 7 9 3 _ _ 8 5 
[00015431] 4 | _ 0 11 10 1 7 9 3 2 6 8 _ 
[00015432] 3 | _ 0 11 10 1 7 9 3 2 6 8 5 
[00015433] 4 | _ 0 11 10 1 7 9 3 6 2 8 _ 
[00015434] 3 | _ 0 11 10 1 7 9 3 6 2 8 5 
[00015435] 4 | _ 0 11 10 1 7 9 3 _ _ 8 4 
[00015436] 3 | 3 0 11 10 1 7 9 3 _ _ 8 4 
[00015437] 3 | _ 0 11 10 1 7 9 3 0 _ 8 4 
[00015438] 2 | 2 0 11 10 1 7 9 3 0 _ 8 4 
[00015439] 2 | _ 0 11 10 1 7 9 3 0 2 8 4 
[00015440] 3 | _ 0 11 10 1 7 9 3 6 _ 8 4 
[00015441] 2 | 2 0 11 10 1 7 9 3 6 _ 8 4 
[00015442] 1 | 2 0 11 10 1 7 9 3 6 5 8 4  *Graceful*
[00015442] 3 | _ 0 11 10 1 7 9 3 2 5 8 4 
[00015443] 3 | _ 0 11 10 1 7 9 3 5 2 8 4 
[00015444] 6 | _ 0 11 10 1 _ 9 3 2 8 _ _ 
[00015445] 5 | 5 0 11 10 1 _ 9 3 2 8 _ _ 
[00015446] 4 | 5 0 11 10 1 _ 9 3 2 8 7 _ 
[00015447] 3 | 5 0 11 10 1 4 9 3 2 8 7 _ 
[00015448] 3 | 5 0 11 10 1 _ 9 3 2 8 7 4 
[00015449] 5 | _ 0 11 10 1 6 9 3 2 8 _ _ 
[00015450] 4 | 4 0 11 10 1 6 9 3 2 8 _ _ 
[00015451] 4 | _ 0 11 10 1 6 9 3 2 8 7 _ 
[00015452] 3 | _ 0 11 10 1 6 9 3 2 8 7 4 
[00015453] 6 | _ 0 11 10 1 _ 9 3 8 2 _ _ 
[00015454] 5 | 5 0 11 10 1 _ 9 3 8 2 _ _ 
[00015455] 4 | 5 0 11 10 1 _ 9 3 8 2 7 _ 
[00015456] 3 | 5 0 11 10 1 4 9 3 8 2 7 _ 
[00015457] 3 | 5 0 11 10 1 _ 9 3 8 2 7 4 
[00015458] 5 | _ 0 11 10 1 6 9 3 8 2 _ _ 
[00015459] 4 | 4 0 11 10 1 6 9 3 8 2 _ _ 
[00015460] 4 | _ 0 11 10 1 6 9 3 8 2 7 _ 
[00015461] 3 | _ 0 11 10 1 6 9 3 8 2 7 4 
[00015462] 6 | _ 0 11 10 1 _ 9 3 _ _ 2 8 
[00015463] 5 | 5 0 11 10 1 _ 9 3 _ _ 2 8 
[00015464] 4 | 5 0 11 10 1 _ 9 3 7 _ 2 8 
[00015465] 3 | 5 0 11 10 1 4 9 3 7 _ 2 8 
[00015466] 3 | 5 0 11 10 1 _ 9 3 7 4 2 8 
[00015467] 5 | _ 0 11 10 1 6 9 3 _ _ 2 8 
[00015468] 4 | 4 0 11 10 1 6 9 3 _ _ 2 8 
[00015469] 4 | _ 0 11 10 1 6 9 3 7 _ 2 8 
[00015470] 3 | _ 0 11 10 1 6 9 3 7 4 2 8 
[00015471] 6 | _ 0 11 10 1 _ 9 3 _ _ 8 2 
[00015472] 5 | 5 0 11 10 1 _ 9 3 _ _ 8 2 
[00015473] 4 | 5 0 11 10 1 _ 9 3 7 _ 8 2 
[00015474] 3 | 5 0 11 10 1 4 9 3 7 _ 8 2 
[00015475] 3 | 5 0 11 10 1 _ 9 3 7 4 8 2 
[00015476] 5 | _ 0 11 10 1 6 9 3 _ _ 8 2 
[00015477] 4 | 4 0 11 10 1 6 9 3 _ _ 8 2 
[00015478] 4 | _ 0 11 10 1 6 9 3 7 _ 8 2 
[00015479] 3 | _ 0 11 10 1 6 9 3 7 4 8 2 
[00015480] 8 | _ 0 11 10 1 _ _ 2 _ _ _ _ 
[00015481] 7 | 7 0 11 10 1 _ _ 2 _ _ _ _ 
[00015482] 6 | 7 0 11 10 1 _ _ 2 8 _ _ _ 
[00015483] 5 | 7 0 11 10 1 6 _ 2 8 _ _ _ 
[00015484] 4 | 7 0 11 10 1 6 5 2 8 _ _ _ 
[00015485] 4 | 7 0 11 10 1 6 _ 2 8 4 _ _ 
[00015486] 3 | 7 0 11 10 1 6 _ 2 8 4 5 _ 
[00015487] 2 | 7 0 11 10 1 6 3 2 8 4 5 _ 
[00015488] 2 | 7 0 11 10 1 6 _ 2 8 4 5 3 
[00015489] 4 | 7 0 11 10 1 6 _ 2 8 _ 5 9 
[00015490] 3 | 7 0 11 10 1 6 4 2 8 _ 5 9 
[00015491] 4 | 7 0 11 10 1 6 _ 2 8 _ 9 5 
[00015492] 3 | 7 0 11 10 1 6 4 2 8 _ 9 5 
[00015493] 5 | 7 0 11 10 1 _ 6 2 8 _ _ _ 
[00015494] 4 | 7 0 11 10 1 5 6 2 8 _ _ _ 
[00015495] 4 | 7 0 11 10 1 _ 6 2 8 4 _ _ 
[00015496] 3 | 7 0 11 10 1 _ 6 2 8 4 5 _ 
[00015497] 2 | 7 0 11 10 1 3 6 2 8 4 5 _ 
[00015498] 2 | 7 0 11 10 1 _ 6 2 8 4 5 3 
[00015499] 4 | 7 0 11 10 1 _ 6 2 8 _ 5 9 
[00015500] 3 | 7 0 11 10 1 4 6 2 8 _ 5 9 
[00015501] 4 | 7 0 11 10 1 _ 6 2 8 _ 9 5 
[00015502] 3 | 7 0 11 10 1 4 6 2 8 _ 9 5 
[00015503] 5 | 7 0 11 10 1 _ _ 2 8 3 _ _ 
[00015504] 4 | 7 0 11 10 1 5 _ 2 8 3 _ _ 
[00015505] 3 | 7 0 11 10 1 5 4 2 8 3 _ _ 
[00015506] 3 | 7 0 11 10 1 5 _ 2 8 3 6 9 
[00015507] 3 | 7 0 11 10 1 5 _ 2 8 3 9 6 
[00015508] 4 | 7 0 11 10 1 _ 5 2 8 3 _ _ 
[00015509] 3 | 7 0 11 10 1 4 5 2 8 3 _ _ 
[00015510] 3 | 7 0 11 10 1 _ 5 2 8 3 6 9 
[00015511] 3 | 7 0 11 10 1 _ 5 2 8 3 9 6 
[00015512] 4 | 7 0 11 10 1 _ _ 2 8 3 6 _ 
[00015513] 3 | 7 0 11 10 1 4 _ 2 8 3 6 _ 
[00015514] 3 | 7 0 11 10 1 _ 4 2 8 3 6 _ 
[00015515] 3 | 7 0 11 10 1 _ _ 2 8 3 6 9 
[00015516] 4 | 7 0 11 10 1 _ _ 2 8 3 5 9 
[00015517] 3 | 7 0 11 10 1 4 _ 2 8 3 5 9 
[00015518] 3 | 7 0 11 10 1 _ 4 2 8 3 5 9 
[00015519] 4 | 7 0 11 10 1 _ _ 2 8 3 9 5 
[00015520] 3 | 7 0 11 10 1 4 _ 2 8 3 9 5 
[00015521] 3 | 7 0 11 10 1 _ 4 2 8 3 9 5 
[00015522] 5 | 7 0 11 10 1 _ _ 2 8 _ 4 9 
[00015523] 4 | 7 0 11 10 1 5 _ 2 8 _ 4 9 
[00015524] 4 | 7 0 11 10 1 _ 5 2 8 _ 4 9 
[00015525] 5 | 7 0 11 10 1 _ _ 2 8 _ 9 4 
[00015526] 4 | 7 0 11 10 1 5 _ 2 8 _ 9 4 
[00015527] 4 | 7 0 11 10 1 _ 5 2 8 _ 9 4 
[00015528] 6 | 7 0 11 10 1 _ _ 2 3 9 _ _ 
[00015529] 5 | 7 0 11 10 1 6 _ 2 3 9 _ _ 
[00015530] 4 | 7 0 11 10 1 6 5 2 3 9 _ _ 
[00015531] 4 | 7 0 11 10 1 6 _ 2 3 9 4 8 
[00015532] 4 | 7 0 11 10 1 6 _ 2 3 9 8 4 
[00015533] 5 | 7 0 11 10 1 _ 6 2 3 9 _ _ 
[00015534] 4 | 7 0 11 10 1 5 6 2 3 9 _ _ 
[00015535] 4 | 7 0 11 10 1 _ 6 2 3 9 4 8 
[00015536] 4 | 7 0 11 10 1 _ 6 2 3 9 8 4 
[00015537] 6 | 7 0 11 10 1 _ _ 2 9 3 _ _ 
[00015538] 5 | 7 0 11 10 1 6 _ 2 9 3 _ _ 
[00015539] 4 | 7 0 11 10 1 6 5 2 9 3 _ _ 
[00015540] 4 | 7 0 11 10 1 6 _ 2 9 3 4 8 
[00015541] 4 | 7 0 11 10 1 6 _ 2 9 3 8 4 
[00015542] 5 | 7 0 11 10 1 _ 6 2 9 3 _ _ 
[00015543] 4 | 7 0 11 10 1 5 6 2 9 3 _ _ 
[00015544] 4 | 7 0 11 10 1 _ 6 2 9 3 4 8 
[00015545] 4 | 7 0 11 10 1 _ 6 2 9 3 8 4 
[00015546] 6 | 7 0 11 10 1 _ _ 2 _ _ 8 _ 
[00015547] 5 | 7 0 11 10 1 6 _ 2 _ _ 8 _ 
[00015548] 4 | 7 0 11 10 1 6 5 2 _ _ 8 _ 
[00015549] 4 | 7 0 11 10 1 6 _ 2 5 9 8 _ 
[00015550] 3 | 7 0 11 10 1 6 4 2 5 9 8 _ 
[00015551] 4 | 7 0 11 10 1 6 _ 2 9 5 8 _ 
[00015552] 3 | 7 0 11 10 1 6 4 2 9 5 8 _ 
[00015553] 4 | 7 0 11 10 1 6 _ 2 _ _ 8 4 
[00015554] 3 | 7 0 11 10 1 6 _ 2 5 _ 8 4 
[00015555] 2 | 7 0 11 10 1 6 3 2 5 _ 8 4 
[00015556] 2 | 7 0 11 10 1 6 _ 2 5 3 8 4 
[00015557] 5 | 7 0 11 10 1 _ 6 2 _ _ 8 _ 
[00015558] 4 | 7 0 11 10 1 5 6 2 _ _ 8 _ 
[00015559] 4 | 7 0 11 10 1 _ 6 2 5 9 8 _ 
[00015560] 3 | 7 0 11 10 1 4 6 2 5 9 8 _ 
[00015561] 4 | 7 0 11 10 1 _ 6 2 9 5 8 _ 
[00015562] 3 | 7 0 11 10 1 4 6 2 9 5 8 _ 
[00015563] 4 | 7 0 11 10 1 _ 6 2 _ _ 8 4 
[00015564] 3 | 7 0 11 10 1 _ 6 2 5 _ 8 4 
[00015565] 2 | 7 0 11 10 1 3 6 2 5 _ 8 4 
[00015566] 2 | 7 0 11 10 1 _ 6 2 5 3 8 4 
[00015567] 5 | 7 0 11 10 1 _ _ 2 4 9 8 _ 
[00015568] 4 | 7 0 11 10 1 5 _ 2 4 9 8 _ 
[00015569] 4 | 7 0 11 10 1 _ 5 2 4 9 8 _ 
[00015570] 5 | 7 0 11 10 1 _ _ 2 9 4 8 _ 
[00015571] 4 | 7 0 11 10 1 5 _ 2 9 4 8 _ 
[00015572] 4 | 7 0 11 10 1 _ 5 2 9 4 8 _ 
[00015573] 5 | 7 0 11 10 1 _ _ 2 _ _ 8 3 
[00015574] 4 | 7 0 11 10 1 5 _ 2 _ _ 8 3 
[00015575] 3 | 7 0 11 10 1 5 4 2 _ _ 8 3 
[00015576] 3 | 7 0 11 10 1 5 _ 2 6 9 8 3 
[00015577] 3 | 7 0 11 10 1 5 _ 2 9 6 8 3 
[00015578] 4 | 7 0 11 10 1 _ 5 2 _ _ 8 3 
[00015579] 3 | 7 0 11 10 1 4 5 2 _ _ 8 3 
[00015580] 3 | 7 0 11 10 1 _ 5 2 6 9 8 3 
[00015581] 3 | 7 0 11 10 1 _ 5 2 9 6 8 3 
[00015582] 4 | 7 0 11 10 1 _ _ 2 6 _ 8 3 
[00015583] 3 | 7 0 11 10 1 4 _ 2 6 _ 8 3 
[00015584] 3 | 7 0 11 10 1 _ 4 2 6 _ 8 3 
[00015585] 3 | 7 0 11 10 1 _ _ 2 6 9 8 3 
[00015586] 4 | 7 0 11 10 1 _ _ 2 5 9 8 3 
[00015587] 3 | 7 0 11 10 1 4 _ 2 5 9 8 3 
[00015588] 3 | 7 0 11 10 1 _ 4 2 5 9 8 3 
[00015589] 4 | 7 0 11 10 1 _ _ 2 9 5 8 3 
[00015590] 3 | 7 0 11 10 1 4 _ 2 9 5 8 3 
[00015591] 3 | 7 0 11 10 1 _ 4 2 9 5 8 3 
[00015592] 6 | 7 0 11 10 1 _ _ 2 _ _ 3 9 
[00015593] 5 | 7 0 11 10 1 6 _ 2 _ _ 3 9 
[00015594] 4 | 7 0 11 10 1 6 5 2 _ _ 3 9 
[00015595] 4 | 7 0 11 10 1 6 _ 2 4 8 3 9 
[00015596] 4 | 7 0 11 10 1 6 _ 2 8 4 3 9 
[00015597] 5 | 7 0 11 10 1 _ 6 2 _ _ 3 9 
[00015598] 4 | 7 0 11 10 1 5 6 2 _ _ 3 9 
[00015599] 4 | 7 0 11 10 1 _ 6 2 4 8 3 9 
[00015600] 4 | 7 0 11 10 1 _ 6 2 8 4 3 9 
[00015601] 6 | 7 0 11 10 1 _ _ 2 _ _ 9 3 
[00015602] 5 | 7 0 11 10 1 6 _ 2 _ _ 9 3 
[00015603] 4 | 7 0 11 10 1 6 5 2 _ _ 9 3 
[00015604] 4 | 7 0 11 10 1 6 _ 2 4 8 9 3 
[00015605] 4 | 7 0 11 10 1 6 _ 2 8 4 9 3 
[00015606] 5 | 7 0 11 10 1 _ 6 2 _ _ 9 3 
[00015607] 4 | 7 0 11 10 1 5 6 2 _ _ 9 3 
[00015608] 4 | 7 0 11 10 1 _ 6 2 4 8 9 3 
[00015609] 4 | 7 0 11 10 1 _ 6 2 8 4 9 3 
[00015610] 7 | _ 0 11 10 1 8 _ 2 _ _ _ _ 
[00015611] 6 | 6 0 11 10 1 8 _ 2 _ _ _ _ 
[00015612] 5 | 6 0 11 10 1 8 _ 2 7 _ _ _ 
[00015613] 4 | 6 0 11 10 1 8 5 2 7 _ _ _ 
[00015614] 3 | 6 0 11 10 1 8 5 2 7 4 _ _ 
[00015615] 4 | 6 0 11 10 1 8 _ 2 7 3 _ _ 
[00015616] 3 | 6 0 11 10 1 8 4 2 7 3 _ _ 
[00015617] 3 | 6 0 11 10 1 8 _ 2 7 3 5 _ 
[00015618] 4 | 6 0 11 10 1 8 _ 2 7 _ 5 9 
[00015619] 3 | 6 0 11 10 1 8 4 2 7 _ 5 9 
[00015620] 3 | 6 0 11 10 1 8 _ 2 7 4 5 9 
[00015621] 2 | 6 0 11 10 1 8 3 2 7 4 5 9 
[00015622] 4 | 6 0 11 10 1 8 _ 2 7 _ 9 5 
[00015623] 3 | 6 0 11 10 1 8 4 2 7 _ 9 5 
[00015624] 3 | 6 0 11 10 1 8 _ 2 7 4 9 5 
[00015625] 2 | 6 0 11 10 1 8 3 2 7 4 9 5 
[00015626] 5 | 6 0 11 10 1 8 _ 2 4 9 _ _ 
[00015627] 4 | 6 0 11 10 1 8 5 2 4 9 _ _ 
[00015628] 4 | 6 0 11 10 1 8 _ 2 4 9 3 7 
[00015629] 4 | 6 0 11 10 1 8 _ 2 4 9 7 3 
[00015630] 5 | 6 0 11 10 1 8 _ 2 9 4 _ _ 
[00015631] 4 | 6 0 11 10 1 8 5 2 9 4 _ _ 
[00015632] 4 | 6 0 11 10 1 8 _ 2 9 4 3 7 
[00015633] 4 | 6 0 11 10 1 8 _ 2 9 4 7 3 
[00015634] 5 | 6 0 11 10 1 8 _ 2 _ _ 7 _ 
[00015635] 4 | 6 0 11 10 1 8 5 2 _ _ 7 _ 
[00015636] 3 | 6 0 11 10 1 8 5 2 _ _ 7 4 
[00015637] 4 | 6 0 11 10 1 8 _ 2 5 9 7 _ 
[00015638] 3 | 6 0 11 10 1 8 4 2 5 9 7 _ 
[00015639] 3 | 6 0 11 10 1 8 _ 2 5 9 7 4 
[00015640] 2 | 6 0 11 10 1 8 3 2 5 9 7 4 
[00015641] 4 | 6 0 11 10 1 8 _ 2 9 5 7 _ 
[00015642] 3 | 6 0 11 10 1 8 4 2 9 5 7 _ 
[00015643] 3 | 6 0 11 10 1 8 _ 2 9 5 7 4 
[00015644] 2 | 6 0 11 10 1 8 3 2 9 5 7 4 
[00015645] 4 | 6 0 11 10 1 8 _ 2 _ _ 7 3 
[00015646] 3 | 6 0 11 10 1 8 4 2 _ _ 7 3 
[00015647] 3 | 6 0 11 10 1 8 _ 2 5 _ 7 3 
[00015648] 5 | 6 0 11 10 1 8 _ 2 _ _ 4 9 
[00015649] 4 | 6 0 11 10 1 8 5 2 _ _ 4 9 
[00015650] 4 | 6 0 11 10 1 8 _ 2 3 7 4 9 
[00015651] 4 | 6 0 11 10 1 8 _ 2 7 3 4 9 
[00015652] 5 | 6 0 11 10 1 8 _ 2 _ _ 9 4 
[00015653] 4 | 6 0 11 10 1 8 5 2 _ _ 9 4 
[00015654] 4 | 6 0 11 10 1 8 _ 2 3 7 9 4 
[00015655] 4 | 6 0 11 10 1 8 _ 2 7 3 9 4 
[00015656] 6 | _ 0 11 10 1 8 7 2 _ _ _ _ 
[00015657] 5 | 5 0 11 10 1 8 7 2 _ _ _ _ 
[00015658] 4 | 5 0 11 10 1 8 7 2 6 _ _ _ 
[00015659] 3 | 5 0 11 10 1 8 7 2 6 3 _ _ 
[00015660] 2 | 5 0 11 10 1 8 7 2 6 3 4 _ 
[00015661] 3 | 5 0 11 10 1 8 7 2 6 9 _ _ 
[00015662] 2 | 5 0 11 10 1 8 7 2 6 9 4 _ 
[00015663] 1 | 5 0 11 10 1 8 7 2 6 9 4 3  *Graceful*
[00015663] 4 | 5 0 11 10 1 8 7 2 _ _ 6 _ 
[00015664] 3 | 5 0 11 10 1 8 7 2 _ _ 6 3 
[00015665] 2 | 5 0 11 10 1 8 7 2 4 _ 6 3 
[00015666] 3 | 5 0 11 10 1 8 7 2 _ _ 6 9 
[00015667] 2 | 5 0 11 10 1 8 7 2 4 _ 6 9 
[00015668] 1 | 5 0 11 10 1 8 7 2 4 3 6 9  *Graceful*
[00015668] 5 | _ 0 11 10 1 8 7 2 4 9 _ _ 
[00015669] 4 | _ 0 11 10 1 8 7 2 4 9 6 _ 
[00015670] 3 | 3 0 11 10 1 8 7 2 4 9 6 _ 
[00015671] 3 | _ 0 11 10 1 8 7 2 4 9 6 3 
[00015672] 5 | _ 0 11 10 1 8 7 2 9 4 _ _ 
[00015673] 4 | _ 0 11 10 1 8 7 2 9 4 6 _ 
[00015674] 3 | 3 0 11 10 1 8 7 2 9 4 6 _ 
[00015675] 3 | _ 0 11 10 1 8 7 2 9 4 6 3 
[00015676] 5 | _ 0 11 10 1 8 7 2 _ _ 4 9 
[00015677] 4 | _ 0 11 10 1 8 7 2 6 _ 4 9 
[00015678] 3 | 3 0 11 10 1 8 7 2 6 _ 4 9 
[00015679] 3 | _ 0 11 10 1 8 7 2 6 3 4 9 
[00015680] 5 | _ 0 11 10 1 8 7 2 _ _ 9 4 
[00015681] 4 | _ 0 11 10 1 8 7 2 6 _ 9 4 
[00015682] 3 | 3 0 11 10 1 8 7 2 6 _ 9 4 
[00015683] 3 | _ 0 11 10 1 8 7 2 6 3 9 4 
[00015684] 6 | _ 0 11 10 1 8 _ 2 3 9 _ _ 
[00015685] 5 | 5 0 11 10 1 8 _ 2 3 9 _ _ 
[00015686] 4 | 5 0 11 10 1 8 _ 2 3 9 6 _ 
[00015687] 3 | 5 0 11 10 1 8 4 2 3 9 6 _ 
[00015688] 5 | _ 0 11 10 1 8 6 2 3 9 _ _ 
[00015689] 4 | 4 0 11 10 1 8 6 2 3 9 _ _ 
[00015690] 3 | 4 0 11 10 1 8 6 2 3 9 5 _ 
[00015691] 2 | 4 0 11 10 1 8 6 2 3 9 5 7 
[00015692] 1 | 4 0 11 10 1 8 6 2 3 9 5 7  *Graceful*
[00015692] 5 | _ 0 11 10 1 8 _ 2 3 9 7 _ 
[00015693] 4 | 4 0 11 10 1 8 _ 2 3 9 7 _ 
[00015694] 4 | _ 0 11 10 1 8 5 2 3 9 7 _ 
[00015695] 3 | _ 0 11 10 1 8 5 2 3 9 7 4 
[00015696] 6 | _ 0 11 10 1 8 _ 2 9 3 _ _ 
[00015697] 5 | 5 0 11 10 1 8 _ 2 9 3 _ _ 
[00015698] 4 | 5 0 11 10 1 8 _ 2 9 3 6 _ 
[00015699] 3 | 5 0 11 10 1 8 4 2 9 3 6 _ 
[00015700] 5 | _ 0 11 10 1 8 6 2 9 3 _ _ 
[00015701] 4 | 4 0 11 10 1 8 6 2 9 3 _ _ 
[00015702] 3 | 4 0 11 10 1 8 6 2 9 3 5 _ 
[00015703] 2 | 4 0 11 10 1 8 6 2 9 3 5 7 
[00015704] 5 | _ 0 11 10 1 8 _ 2 9 3 7 _ 
[00015705] 4 | 4 0 11 10 1 8 _ 2 9 3 7 _ 
[00015706] 4 | _ 0 11 10 1 8 5 2 9 3 7 _ 
[00015707] 3 | _ 0 11 10 1 8 5 2 9 3 7 4 
[00015708] 6 | _ 0 11 10 1 8 _ 2 _ _ 3 9 
[00015709] 5 | 5 0 11 10 1 8 _ 2 _ _ 3 9 
[00015710] 4 | 5 0 11 10 1 8 _ 2 6 _ 3 9 
[00015711] 3 | 5 0 11 10 1 8 4 2 6 _ 3 9 
[00015712] 5 | _ 0 11 10 1 8 6 2 _ _ 3 9 
[00015713] 4 | 4 0 11 10 1 8 6 2 _ _ 3 9 
[00015714] 3 | 4 0 11 10 1 8 6 2 5 _ 3 9 
[00015715] 2 | 4 0 11 10 1 8 6 2 5 7 3 9 
[00015716] 1 | 4 0 11 10 1 8 6 2 5 7 3 9  *Graceful*
[00015716] 5 | _ 0 11 10 1 8 _ 2 7 _ 3 9 
[00015717] 4 | 4 0 11 10 1 8 _ 2 7 _ 3 9 
[00015718] 4 | _ 0 11 10 1 8 5 2 7 _ 3 9 
[00015719] 3 | _ 0 11 10 1 8 5 2 7 4 3 9 
[00015720] 6 | _ 0 11 10 1 8 _ 2 _ _ 9 3 
[00015721] 5 | 5 0 11 10 1 8 _ 2 _ _ 9 3 
[00015722] 4 | 5 0 11 10 1 8 _ 2 6 _ 9 3 
[00015723] 3 | 5 0 11 10 1 8 4 2 6 _ 9 3 
[00015724] 5 | _ 0 11 10 1 8 6 2 _ _ 9 3 
[00015725] 4 | 4 0 11 10 1 8 6 2 _ _ 9 3 
[00015726] 3 | 4 0 11 10 1 8 6 2 5 _ 9 3 
[00015727] 2 | 4 0 11 10 1 8 6 2 5 7 9 3 
[00015728] 5 | _ 0 11 10 1 8 _ 2 7 _ 9 3 
[00015729] 4 | 4 0 11 10 1 8 _ 2 7 _ 9 3 
[00015730] 4 | _ 0 11 10 1 8 5 2 7 _ 9 3 
[00015731] 3 | _ 0 11 10 1 8 5 2 7 4 9 3 
[00015732] 7 | _ 0 11 10 1 _ 8 2 _ _ _ _ 
[00015733] 6 | 6 0 11 10 1 _ 8 2 _ _ _ _ 
[00015734] 5 | 6 0 11 10 1 _ 8 2 7 _ _ _ 
[00015735] 4 | 6 0 11 10 1 5 8 2 7 _ _ _ 
[00015736] 3 | 6 0 11 10 1 5 8 2 7 4 _ _ 
[00015737] 4 | 6 0 11 10 1 _ 8 2 7 3 _ _ 
[00015738] 3 | 6 0 11 10 1 4 8 2 7 3 _ _ 
[00015739] 3 | 6 0 11 10 1 _ 8 2 7 3 5 _ 
[00015740] 4 | 6 0 11 10 1 _ 8 2 7 _ 5 9 
[00015741] 3 | 6 0 11 10 1 4 8 2 7 _ 5 9 
[00015742] 3 | 6 0 11 10 1 _ 8 2 7 4 5 9 
[00015743] 2 | 6 0 11 10 1 3 8 2 7 4 5 9 
[00015744] 4 | 6 0 11 10 1 _ 8 2 7 _ 9 5 
[00015745] 3 | 6 0 11 10 1 4 8 2 7 _ 9 5 
[00015746] 3 | 6 0 11 10 1 _ 8 2 7 4 9 5 
[00015747] 2 | 6 0 11 10 1 3 8 2 7 4 9 5 
[00015748] 5 | 6 0 11 10 1 _ 8 2 4 9 _ _ 
[00015749] 4 | 6 0 11 10 1 5 8 2 4 9 _ _ 
[00015750] 4 | 6 0 11 10 1 _ 8 2 4 9 3 7 
[00015751] 4 | 6 0 11 10 1 _ 8 2 4 9 7 3 
[00015752] 5 | 6 0 11 10 1 _ 8 2 9 4 _ _ 
[00015753] 4 | 6 0 11 10 1 5 8 2 9 4 _ _ 
[00015754] 4 | 6 0 11 10 1 _ 8 2 9 4 3 7 
[00015755] 4 | 6 0 11 10 1 _ 8 2 9 4 7 3 
[00015756] 5 | 6 0 11 10 1 _ 8 2 _ _ 7 _ 
[00015757] 4 | 6 0 11 10 1 5 8 2 _ _ 7 _ 
[00015758] 3 | 6 0 11 10 1 5 8 2 _ _ 7 4 
[00015759] 4 | 6 0 11 10 1 _ 8 2 5 9 7 _ 
[00015760] 3 | 6 0 11 10 1 4 8 2 5 9 7 _ 
[00015761] 3 | 6 0 11 10 1 _ 8 2 5 9 7 4 
[00015762] 2 | 6 0 11 10 1 3 8 2 5 9 7 4 
[00015763] 4 | 6 0 11 10 1 _ 8 2 9 5 7 _ 
[00015764] 3 | 6 0 11 10 1 4 8 2 9 5 7 _ 
[00015765] 3 | 6 0 11 10 1 _ 8 2 9 5 7 4 
[00015766] 2 | 6 0 11 10 1 3 8 2 9 5 7 4 
[00015767] 4 | 6 0 11 10 1 _ 8 2 _ _ 7 3 
[00015768] 3 | 6 0 11 10 1 4 8 2 _ _ 7 3 
[00015769] 3 | 6 0 11 10 1 _ 8 2 5 _ 7 3 
[00015770] 5 | 6 0 11 10 1 _ 8 2 _ _ 4 9 
[00015771] 4 | 6 0 11 10 1 5 8 2 _ _ 4 9 
[00015772] 4 | 6 0 11 10 1 _ 8 2 3 7 4 9 
[00015773] 4 | 6 0 11 10 1 _ 8 2 7 3 4 9 
[00015774] 5 | 6 0 11 10 1 _ 8 2 _ _ 9 4 
[00015775] 4 | 6 0 11 10 1 5 8 2 _ _ 9 4 
[00015776] 4 | 6 0 11 10 1 _ 8 2 3 7 9 4 
[00015777] 4 | 6 0 11 10 1 _ 8 2 7 3 9 4 
[00015778] 6 | _ 0 11 10 1 7 8 2 _ _ _ _ 
[00015779] 5 | 5 0 11 10 1 7 8 2 _ _ _ _ 
[00015780] 4 | 5 0 11 10 1 7 8 2 6 _ _ _ 
[00015781] 3 | 5 0 11 10 1 7 8 2 6 3 _ _ 
[00015782] 2 | 5 0 11 10 1 7 8 2 6 3 4 _ 
[00015783] 3 | 5 0 11 10 1 7 8 2 6 9 _ _ 
[00015784] 2 | 5 0 11 10 1 7 8 2 6 9 4 _ 
[00015785] 1 | 5 0 11 10 1 7 8 2 6 9 4 3  *Graceful*
[00015785] 4 | 5 0 11 10 1 7 8 2 _ _ 6 _ 
[00015786] 3 | 5 0 11 10 1 7 8 2 _ _ 6 3 
[00015787] 2 | 5 0 11 10 1 7 8 2 4 _ 6 3 
[00015788] 3 | 5 0 11 10 1 7 8 2 _ _ 6 9 
[00015789] 2 | 5 0 11 10 1 7 8 2 4 _ 6 9 
[00015790] 1 | 5 0 11 10 1 7 8 2 4 3 6 9  *Graceful*
[00015790] 5 | _ 0 11 10 1 7 8 2 4 9 _ _ 
