[00027149] 4 | 10 0 5 11 2 _ 6 9 1 8 3 _ 
[00027150] 4 | 10 0 5 11 2 _ _ 9 1 8 3 7 
[00027151] 5 | 10 0 _ 11 2 7 _ 9 1 8 3 _ 
[00027152] 4 | 10 0 4 11 2 7 _ 9 1 8 3 _ 
[00027153] 3 | 10 0 4 11 2 7 5 9 1 8 3 _ 
[00027154] 3 | 10 0 4 11 2 7 _ 9 1 8 3 6 
[00027155] 4 | 10 0 _ 11 2 7 6 9 1 8 3 _ 
[00027156] 3 | 10 0 3 11 2 7 6 9 1 8 3 _ 
[00027157] 3 | 10 0 _ 11 2 7 6 9 1 8 3 0 
[00027158] 5 | 10 0 _ 11 2 _ 7 9 1 8 3 _ 
[00027159] 4 | 10 0 4 11 2 _ 7 9 1 8 3 _ 
[00027160] 3 | 10 0 4 11 2 5 7 9 1 8 3 _ 
[00027161] 3 | 10 0 4 11 2 _ 7 9 1 8 3 6 
[00027162] 4 | 10 0 _ 11 2 6 7 9 1 8 3 _ 
[00027163] 3 | 10 0 3 11 2 6 7 9 1 8 3 _ 
[00027164] 3 | 10 0 _ 11 2 6 7 9 1 8 3 0 
[00027165] 7 | 10 0 _ 11 2 _ _ 9 1 _ 2 _ 
[00027166] 6 | 10 0 6 11 2 _ _ 9 1 _ 2 _ 
[00027167] 5 | 10 0 6 11 2 7 _ 9 1 _ 2 _ 
[00027168] 4 | 10 0 6 11 2 7 _ 9 1 5 2 _ 
[00027169] 5 | 10 0 6 11 2 _ 7 9 1 _ 2 _ 
[00027170] 4 | 10 0 6 11 2 _ 7 9 1 5 2 _ 
[00027171] 5 | 10 0 6 11 2 _ _ 9 1 _ 2 7 
[00027172] 4 | 10 0 6 11 2 _ _ 9 1 5 2 7 
[00027173] 6 | 10 0 _ 11 2 8 _ 9 1 _ 2 _ 
[00027174] 5 | 10 0 5 11 2 8 _ 9 1 _ 2 _ 
[00027175] 4 | 10 0 5 11 2 8 6 9 1 _ 2 _ 
[00027176] 3 | 10 0 5 11 2 8 6 9 1 4 2 _ 
[00027177] 4 | 10 0 5 11 2 8 _ 9 1 _ 2 6 
[00027178] 3 | 10 0 5 11 2 8 _ 9 1 4 2 6 
[00027179] 5 | 10 0 _ 11 2 8 7 9 1 _ 2 _ 
[00027180] 4 | 10 0 4 11 2 8 7 9 1 _ 2 _ 
[00027181] 4 | 10 0 _ 11 2 8 7 9 1 5 2 _ 
[00027182] 3 | 10 0 3 11 2 8 7 9 1 5 2 _ 
[00027183] 5 | 10 0 _ 11 2 8 _ 9 1 6 2 _ 
[00027184] 4 | 10 0 4 11 2 8 _ 9 1 6 2 _ 
[00027185] 3 | 10 0 4 11 2 8 5 9 1 6 2 _ 
[00027186] 3 | 10 0 4 11 2 8 _ 9 1 6 2 5 
[00027187] 5 | 10 0 _ 11 2 8 _ 9 1 _ 2 7 
[00027188] 4 | 10 0 4 11 2 8 _ 9 1 _ 2 7 
[00027189] 4 | 10 0 _ 11 2 8 _ 9 1 5 2 7 
[00027190] 3 | 10 0 3 11 2 8 _ 9 1 5 2 7 
[00027191] 6 | 10 0 _ 11 2 _ 8 9 1 _ 2 _ 
[00027192] 5 | 10 0 5 11 2 _ 8 9 1 _ 2 _ 
[00027193] 4 | 10 0 5 11 2 6 8 9 1 _ 2 _ 
[00027194] 3 | 10 0 5 11 2 6 8 9 1 4 2 _ 
[00027195] 4 | 10 0 5 11 2 _ 8 9 1 _ 2 6 
[00027196] 3 | 10 0 5 11 2 _ 8 9 1 4 2 6 
[00027197] 5 | 10 0 _ 11 2 7 8 9 1 _ 2 _ 
[00027198] 4 | 10 0 4 11 2 7 8 9 1 _ 2 _ 
[00027199] 4 | 10 0 _ 11 2 7 8 9 1 5 2 _ 
[00027200] 3 | 10 0 3 11 2 7 8 9 1 5 2 _ 
[00027201] 5 | 10 0 _ 11 2 _ 8 9 1 6 2 _ 
[00027202] 4 | 10 0 4 11 2 _ 8 9 1 6 2 _ 
[00027203] 3 | 10 0 4 11 2 5 8 9 1 6 2 _ 
[00027204] 3 | 10 0 4 11 2 _ 8 9 1 6 2 5 
[00027205] 5 | 10 0 _ 11 2 _ 8 9 1 _ 2 7 
[00027206] 4 | 10 0 4 11 2 _ 8 9 1 _ 2 7 
[00027207] 4 | 10 0 _ 11 2 _ 8 9 1 5 2 7 
[00027208] 3 | 10 0 3 11 2 _ 8 9 1 5 2 7 
[00027209] 6 | 10 0 _ 11 2 _ _ 9 1 7 2 _ 
[00027210] 5 | 10 0 5 11 2 _ _ 9 1 7 2 _ 
[00027211] 4 | 10 0 5 11 2 6 _ 9 1 7 2 _ 
[00027212] 4 | 10 0 5 11 2 _ 6 9 1 7 2 _ 
[00027213] 4 | 10 0 5 11 2 _ _ 9 1 7 2 6 
[00027214] 6 | 10 0 _ 11 2 _ _ 9 1 _ 2 8 
[00027215] 5 | 10 0 5 11 2 _ _ 9 1 _ 2 8 
[00027216] 5 | 10 0 _ 11 2 _ _ 9 1 6 2 8 
[00027217] 4 | 10 0 4 11 2 _ _ 9 1 6 2 8 
[00027218] 8 | 10 0 _ 11 2 _ _ _ 1 9 _ _ 
[00027219] 7 | 10 0 7 11 2 _ _ _ 1 9 _ _ 
[00027220] 6 | 10 0 7 11 2 8 _ _ 1 9 _ _ 
[00027221] 5 | 10 0 7 11 2 8 _ 6 1 9 _ _ 
[00027222] 5 | 10 0 7 11 2 8 _ 6 1 9 _ _ 
[00027223] 4 | 10 0 7 11 2 8 6 6 1 9 _ _ 
[00027224] 4 | 10 0 7 11 2 8 _ 6 1 9 2 _ 
[00027225] 3 | 10 0 7 11 2 8 5 6 1 9 2 _ 
[00027226] 3 | 10 0 7 11 2 8 _ 6 1 9 2 5 
[00027227] 6 | 10 0 7 11 2 _ 8 _ 1 9 _ _ 
[00027228] 5 | 10 0 7 11 2 _ 8 6 1 9 _ _ 
[00027229] 5 | 10 0 7 11 2 _ 8 6 1 9 _ _ 
[00027230] 4 | 10 0 7 11 2 6 8 6 1 9 _ _ 
[00027231] 4 | 10 0 7 11 2 _ 8 6 1 9 2 _ 
[00027232] 3 | 10 0 7 11 2 5 8 6 1 9 2 _ 
[00027233] 3 | 10 0 7 11 2 _ 8 6 1 9 2 5 
[00027234] 6 | 10 0 7 11 2 _ _ 5 1 9 _ _ 
[00027235] 5 | 10 0 7 11 2 _ _ 5 1 9 3 8 
[00027236] 4 | 10 0 7 11 2 6 _ 5 1 9 3 8 
[00027237] 4 | 10 0 7 11 2 _ 6 5 1 9 3 8 
[00027238] 5 | 10 0 7 11 2 _ _ 5 1 9 8 3 
[00027239] 4 | 10 0 7 11 2 6 _ 5 1 9 8 3 
[00027240] 4 | 10 0 7 11 2 _ 6 5 1 9 8 3 
[00027241] 7 | 10 0 _ 11 2 _ _ 4 1 9 _ _ 
[00027242] 6 | 10 0 6 11 2 _ _ 4 1 9 _ _ 
[00027243] 5 | 10 0 6 11 2 7 _ 4 1 9 _ _ 
[00027244] 4 | 10 0 6 11 2 7 _ 4 1 9 8 _ 
[00027245] 3 | 10 0 6 11 2 7 5 4 1 9 8 _ 
[00027246] 3 | 10 0 6 11 2 7 _ 4 1 9 8 5 
[00027247] 5 | 10 0 6 11 2 _ 7 4 1 9 _ _ 
[00027248] 4 | 10 0 6 11 2 _ 7 4 1 9 8 _ 
[00027249] 3 | 10 0 6 11 2 5 7 4 1 9 8 _ 
[00027250] 3 | 10 0 6 11 2 _ 7 4 1 9 8 5 
[00027251] 5 | 10 0 6 11 2 _ _ 4 1 9 3 8 
[00027252] 5 | 10 0 6 11 2 _ _ 4 1 9 8 3 
[00027253] 6 | 10 0 _ 11 2 8 _ 4 1 9 _ _ 
[00027254] 5 | 10 0 5 11 2 8 _ 4 1 9 _ _ 
[00027255] 4 | 10 0 5 11 2 8 6 4 1 9 _ _ 
[00027256] 3 | 10 0 5 11 2 8 6 4 1 9 7 _ 
[00027257] 4 | 10 0 5 11 2 8 _ 4 1 9 3 7 
[00027258] 4 | 10 0 5 11 2 8 _ 4 1 9 7 3 
[00027259] 5 | 10 0 _ 11 2 8 7 4 1 9 _ _ 
[00027260] 4 | 10 0 4 11 2 8 7 4 1 9 _ _ 
[00027261] 3 | 10 0 4 11 2 8 7 4 1 9 3 6 
[00027262] 3 | 10 0 4 11 2 8 7 4 1 9 6 3 
[00027263] 4 | 10 0 _ 11 2 8 7 4 1 9 0 _ 
[00027264] 3 | 10 0 3 11 2 8 7 4 1 9 0 _ 
[00027265] 3 | 10 0 _ 11 2 8 7 4 1 9 0 3 
[00027266] 6 | 10 0 _ 11 2 _ 8 4 1 9 _ _ 
[00027267] 5 | 10 0 5 11 2 _ 8 4 1 9 _ _ 
[00027268] 4 | 10 0 5 11 2 6 8 4 1 9 _ _ 
[00027269] 3 | 10 0 5 11 2 6 8 4 1 9 7 _ 
[00027270] 4 | 10 0 5 11 2 _ 8 4 1 9 3 7 
[00027271] 4 | 10 0 5 11 2 _ 8 4 1 9 7 3 
[00027272] 5 | 10 0 _ 11 2 7 8 4 1 9 _ _ 
[00027273] 4 | 10 0 4 11 2 7 8 4 1 9 _ _ 
[00027274] 3 | 10 0 4 11 2 7 8 4 1 9 3 6 
[00027275] 3 | 10 0 4 11 2 7 8 4 1 9 6 3 
[00027276] 4 | 10 0 _ 11 2 7 8 4 1 9 0 _ 
[00027277] 3 | 10 0 3 11 2 7 8 4 1 9 0 _ 
[00027278] 3 | 10 0 _ 11 2 7 8 4 1 9 0 3 
[00027279] 7 | 10 0 _ 11 2 _ _ 8 1 9 _ _ 
[00027280] 6 | 10 0 6 11 2 _ _ 8 1 9 _ _ 
[00027281] 5 | 10 0 6 11 2 7 _ 8 1 9 _ _ 
[00027282] 4 | 10 0 6 11 2 7 _ 8 1 9 4 _ 
[00027283] 3 | 10 0 6 11 2 7 5 8 1 9 4 _ 
[00027284] 5 | 10 0 6 11 2 _ 7 8 1 9 _ _ 
[00027285] 4 | 10 0 6 11 2 _ 7 8 1 9 4 _ 
[00027286] 3 | 10 0 6 11 2 5 7 8 1 9 4 _ 
[00027287] 5 | 10 0 6 11 2 _ _ 8 1 9 3 _ 
[00027288] 4 | 10 0 6 11 2 _ _ 8 1 9 3 7 
[00027289] 3 | 10 0 6 11 2 5 _ 8 1 9 3 7 
[00027290] 2 | 10 0 6 11 2 5 4 8 1 9 3 7 
[00027291] 3 | 10 0 6 11 2 _ 5 8 1 9 3 7 
[00027292] 2 | 10 0 6 11 2 4 5 8 1 9 3 7 
[00027293] 6 | 10 0 _ 11 2 8 _ 8 1 9 _ _ 
[00027294] 5 | 10 0 5 11 2 8 _ 8 1 9 _ _ 
[00027295] 4 | 10 0 5 11 2 8 6 8 1 9 _ _ 
[00027296] 3 | 10 0 5 11 2 8 6 8 1 9 4 7 
[00027297] 3 | 10 0 5 11 2 8 6 8 1 9 7 4 
[00027298] 4 | 10 0 5 11 2 8 _ 8 1 9 3 7 
[00027299] 4 | 10 0 5 11 2 8 _ 8 1 9 7 3 
[00027300] 5 | 10 0 _ 11 2 8 7 8 1 9 _ _ 
[00027301] 4 | 10 0 4 11 2 8 7 8 1 9 _ _ 
[00027302] 3 | 10 0 4 11 2 8 7 8 1 9 3 6 
[00027303] 3 | 10 0 4 11 2 8 7 8 1 9 6 3 
[00027304] 6 | 10 0 _ 11 2 _ 8 8 1 9 _ _ 
[00027305] 5 | 10 0 5 11 2 _ 8 8 1 9 _ _ 
[00027306] 4 | 10 0 5 11 2 6 8 8 1 9 _ _ 
[00027307] 3 | 10 0 5 11 2 6 8 8 1 9 4 7 
[00027308] 3 | 10 0 5 11 2 6 8 8 1 9 7 4 
[00027309] 4 | 10 0 5 11 2 _ 8 8 1 9 3 7 
[00027310] 4 | 10 0 5 11 2 _ 8 8 1 9 7 3 
[00027311] 5 | 10 0 _ 11 2 7 8 8 1 9 _ _ 
[00027312] 4 | 10 0 4 11 2 7 8 8 1 9 _ _ 
[00027313] 3 | 10 0 4 11 2 7 8 8 1 9 3 6 
[00027314] 3 | 10 0 4 11 2 7 8 8 1 9 6 3 
[00027315] 6 | 10 0 _ 11 2 _ _ 8 1 9 2 _ 
[00027316] 5 | 10 0 5 11 2 _ _ 8 1 9 2 _ 
[00027317] 4 | 10 0 5 11 2 6 _ 8 1 9 2 _ 
[00027318] 4 | 10 0 5 11 2 _ 6 8 1 9 2 _ 
[00027319] 4 | 10 0 5 11 2 _ _ 8 1 9 2 6 
[00027320] 5 | 10 0 _ 11 2 7 _ 8 1 9 2 _ 
[00027321] 4 | 10 0 4 11 2 7 _ 8 1 9 2 _ 
[00027322] 3 | 10 0 4 11 2 7 5 8 1 9 2 _ 
[00027323] 3 | 10 0 4 11 2 7 _ 8 1 9 2 5 
[00027324] 4 | 10 0 _ 11 2 7 6 8 1 9 2 _ 
[00027325] 3 | 10 0 3 11 2 7 6 8 1 9 2 _ 
[00027326] 4 | 10 0 _ 11 2 7 _ 8 1 9 2 6 
[00027327] 3 | 10 0 3 11 2 7 _ 8 1 9 2 6 
[00027328] 5 | 10 0 _ 11 2 _ 7 8 1 9 2 _ 
[00027329] 4 | 10 0 4 11 2 _ 7 8 1 9 2 _ 
[00027330] 3 | 10 0 4 11 2 5 7 8 1 9 2 _ 
[00027331] 3 | 10 0 4 11 2 _ 7 8 1 9 2 5 
[00027332] 4 | 10 0 _ 11 2 6 7 8 1 9 2 _ 
[00027333] 3 | 10 0 3 11 2 6 7 8 1 9 2 _ 
[00027334] 4 | 10 0 _ 11 2 _ 7 8 1 9 2 6 
[00027335] 3 | 10 0 3 11 2 _ 7 8 1 9 2 6 
[00027336] 5 | 10 0 _ 11 2 _ _ 8 1 9 2 7 
[00027337] 4 | 10 0 4 11 2 _ _ 8 1 9 2 7 
[00027338] 8 | 10 0 _ 11 2 _ _ _ 9 1 _ _ 
[00027339] 7 | 10 0 7 11 2 _ _ _ 9 1 _ _ 
[00027340] 6 | 10 0 7 11 2 8 _ _ 9 1 _ _ 
[00027341] 5 | 10 0 7 11 2 8 _ 6 9 1 _ _ 
[00027342] 4 | 10 0 7 11 2 8 6 6 9 1 _ _ 
[00027343] 4 | 10 0 7 11 2 8 _ 6 9 1 2 _ 
[00027344] 3 | 10 0 7 11 2 8 5 6 9 1 2 _ 
[00027345] 3 | 10 0 7 11 2 8 _ 6 9 1 2 5 
[00027346] 5 | 10 0 7 11 2 8 _ 4 9 1 _ _ 
[00027347] 4 | 10 0 7 11 2 8 6 4 9 1 _ _ 
[00027348] 6 | 10 0 7 11 2 _ 8 _ 9 1 _ _ 
[00027349] 5 | 10 0 7 11 2 _ 8 6 9 1 _ _ 
[00027350] 4 | 10 0 7 11 2 6 8 6 9 1 _ _ 
[00027351] 4 | 10 0 7 11 2 _ 8 6 9 1 2 _ 
[00027352] 3 | 10 0 7 11 2 5 8 6 9 1 2 _ 
[00027353] 3 | 10 0 7 11 2 _ 8 6 9 1 2 5 
[00027354] 5 | 10 0 7 11 2 _ 8 4 9 1 _ _ 
[00027355] 4 | 10 0 7 11 2 6 8 4 9 1 _ _ 
[00027356] 6 | 10 0 7 11 2 _ _ 5 9 1 _ _ 
[00027357] 5 | 10 0 7 11 2 _ _ 5 9 1 3 8 
[00027358] 4 | 10 0 7 11 2 6 _ 5 9 1 3 8 
[00027359] 4 | 10 0 7 11 2 _ 6 5 9 1 3 8 
[00027360] 5 | 10 0 7 11 2 _ _ 5 9 1 8 3 
[00027361] 4 | 10 0 7 11 2 6 _ 5 9 1 8 3 
[00027362] 4 | 10 0 7 11 2 _ 6 5 9 1 8 3 
[00027363] 6 | 10 0 7 11 2 _ _ 3 9 1 _ _ 
[00027364] 5 | 10 0 7 11 2 _ _ 3 9 1 8 _ 
[00027365] 4 | 10 0 7 11 2 6 _ 3 9 1 8 _ 
[00027366] 3 | 10 0 7 11 2 6 5 3 9 1 8 _ 
[00027367] 3 | 10 0 7 11 2 6 _ 3 9 1 8 5 
[00027368] 2 | 10 0 7 11 2 6 4 3 9 1 8 5 
[00027369] 4 | 10 0 7 11 2 _ 6 3 9 1 8 _ 
[00027370] 3 | 10 0 7 11 2 5 6 3 9 1 8 _ 
[00027371] 3 | 10 0 7 11 2 _ 6 3 9 1 8 5 
[00027372] 2 | 10 0 7 11 2 4 6 3 9 1 8 5 
[00027373] 4 | 10 0 7 11 2 _ _ 3 9 1 8 4 
[00027374] 3 | 10 0 7 11 2 5 _ 3 9 1 8 4 
[00027375] 3 | 10 0 7 11 2 _ 5 3 9 1 8 4 
[00027376] 7 | 10 0 _ 11 2 9 _ _ 9 1 _ _ 
[00027377] 6 | 10 0 6 11 2 9 _ _ 9 1 _ _ 
[00027378] 5 | 10 0 6 11 2 9 7 _ 9 1 _ _ 
[00027379] 4 | 10 0 6 11 2 9 7 4 9 1 8 _ 
[00027380] 4 | 10 0 6 11 2 9 7 8 9 1 4 _ 
[00027381] 4 | 10 0 6 11 2 9 7 _ 9 1 4 8 
[00027382] 4 | 10 0 6 11 2 9 7 _ 9 1 8 4 
[00027383] 3 | 10 0 6 11 2 9 7 8 9 1 8 4 
[00027384] 3 | 10 0 6 11 2 9 7 5 9 1 8 4 
[00027385] 3 | 10 0 6 11 2 9 7 11 9 1 8 4 
[00027386] 5 | 10 0 6 11 2 9 _ 3 9 1 8 _ 
[00027387] 5 | 10 0 6 11 2 9 _ 8 9 1 3 _ 
[00027388] 4 | 10 0 6 11 2 9 _ 8 9 1 3 7 
[00027389] 3 | 10 0 6 11 2 9 5 8 9 1 3 7 
[00027390] 5 | 10 0 6 11 2 9 _ _ 9 1 3 8 
[00027391] 4 | 10 0 6 11 2 9 _ 7 9 1 3 8 
[00027392] 4 | 10 0 6 11 2 9 _ 7 9 1 3 8 
[00027393] 3 | 10 0 6 11 2 9 5 7 9 1 3 8 
[00027394] 5 | 10 0 6 11 2 9 _ _ 9 1 8 3 
[00027395] 4 | 10 0 6 11 2 9 _ 7 9 1 8 3 
[00027396] 3 | 10 0 6 11 2 9 5 7 9 1 8 3 
[00027397] 4 | 10 0 6 11 2 9 _ 4 9 1 8 3 
[00027398] 6 | 10 0 _ 11 2 9 8 _ 9 1 _ _ 
[00027399] 5 | 10 0 5 11 2 9 8 _ 9 1 _ _ 
[00027400] 4 | 10 0 5 11 2 9 8 7 9 1 _ _ 
[00027401] 3 | 10 0 5 11 2 9 8 7 9 1 4 _ 
[00027402] 2 | 10 0 5 11 2 9 8 7 9 1 4 6 
[00027403] 3 | 10 0 5 11 2 9 8 7 9 1 3 6 
[00027404] 3 | 10 0 5 11 2 9 8 7 9 1 6 3 
[00027405] 4 | 10 0 5 11 2 9 8 3 9 1 7 _ 
[00027406] 4 | 10 0 5 11 2 9 8 7 9 1 3 _ 
[00027407] 3 | 10 0 5 11 2 9 8 7 9 1 3 6 
[00027408] 4 | 10 0 5 11 2 9 8 _ 9 1 3 7 
[00027409] 3 | 10 0 5 11 2 9 8 6 9 1 3 7 
[00027410] 4 | 10 0 5 11 2 9 8 _ 9 1 7 3 
[00027411] 3 | 10 0 5 11 2 9 8 4 9 1 7 3 
[00027412] 5 | 10 0 _ 11 2 9 8 6 9 1 _ _ 
[00027413] 4 | 10 0 4 11 2 9 8 6 9 1 _ _ 
[00027414] 3 | 10 0 4 11 2 9 8 6 9 1 3 _ 
[00027415] 2 | 10 0 4 11 2 9 8 6 9 1 3 5 
[00027416] 4 | 10 0 _ 11 2 9 8 6 9 1 3 7 
[00027417] 4 | 10 0 _ 11 2 9 8 6 9 1 7 3 
[00027418] 6 | 10 0 _ 11 2 9 _ 5 9 1 _ _ 
[00027419] 5 | 10 0 5 11 2 9 _ 5 9 1 _ _ 
[00027420] 4 | 10 0 5 11 2 9 6 5 9 1 _ _ 
[00027421] 3 | 10 0 5 11 2 9 6 5 9 1 4 7 
[00027422] 3 | 10 0 5 11 2 9 6 5 9 1 7 4 
[00027423] 4 | 10 0 5 11 2 9 _ 5 9 1 3 7 
[00027424] 4 | 10 0 5 11 2 9 _ 5 9 1 4 8 
[00027425] 4 | 10 0 5 11 2 9 _ 5 9 1 7 3 
[00027426] 4 | 10 0 5 11 2 9 _ 5 9 1 8 4 
[00027427] 5 | 10 0 _ 11 2 9 7 5 9 1 _ _ 
[00027428] 4 | 10 0 4 11 2 9 7 5 9 1 _ _ 
[00027429] 3 | 10 0 4 11 2 9 7 5 9 1 8 _ 
[00027430] 2 | 10 0 4 11 2 9 7 5 9 1 8 6 
[00027431] 3 | 10 0 4 11 2 9 7 5 9 1 3 6 
[00027432] 3 | 10 0 4 11 2 9 7 5 9 1 6 3 
[00027433] 4 | 10 0 _ 11 2 9 7 5 9 1 4 8 
[00027434] 3 | 10 0 3 11 2 9 7 5 9 1 4 8 
[00027435] 4 | 10 0 _ 11 2 9 7 5 9 1 8 4 
[00027436] 3 | 10 0 3 11 2 9 7 5 9 1 8 4 
[00027437] 5 | 10 0 _ 11 2 9 _ 5 9 1 0 _ 
[00027438] 4 | 10 0 4 11 2 9 _ 5 9 1 0 _ 
[00027439] 4 | 10 0 _ 11 2 9 6 5 9 1 0 _ 
[00027440] 3 | 10 0 3 11 2 9 6 5 9 1 0 _ 
[00027441] 3 | 10 0 _ 11 2 9 6 5 9 1 0 3 
[00027442] 4 | 10 0 _ 11 2 9 _ 5 9 1 0 4 
[00027443] 5 | 10 0 _ 11 2 9 _ 5 9 1 3 8 
[00027444] 4 | 10 0 4 11 2 9 _ 5 9 1 3 8 
[00027445] 4 | 10 0 _ 11 2 9 6 5 9 1 3 8 
[00027446] 5 | 10 0 _ 11 2 9 _ 5 9 1 8 3 
[00027447] 4 | 10 0 4 11 2 9 _ 5 9 1 8 3 
[00027448] 4 | 10 0 _ 11 2 9 6 5 9 1 8 3 
[00027449] 7 | 10 0 _ 11 2 _ 9 _ 9 1 _ _ 
[00027450] 6 | 10 0 6 11 2 _ 9 _ 9 1 _ _ 
[00027451] 5 | 10 0 6 11 2 7 9 _ 9 1 _ _ 
[00027452] 4 | 10 0 6 11 2 7 9 4 9 1 8 _ 
[00027453] 4 | 10 0 6 11 2 7 9 8 9 1 4 _ 
[00027454] 4 | 10 0 6 11 2 7 9 _ 9 1 4 8 
[00027455] 4 | 10 0 6 11 2 7 9 _ 9 1 8 4 
[00027456] 3 | 10 0 6 11 2 7 9 8 9 1 8 4 
[00027457] 3 | 10 0 6 11 2 7 9 5 9 1 8 4 
[00027458] 3 | 10 0 6 11 2 7 9 11 9 1 8 4 
[00027459] 5 | 10 0 6 11 2 _ 9 3 9 1 8 _ 
[00027460] 5 | 10 0 6 11 2 _ 9 8 9 1 3 _ 
[00027461] 4 | 10 0 6 11 2 _ 9 8 9 1 3 7 
[00027462] 3 | 10 0 6 11 2 5 9 8 9 1 3 7 
[00027463] 5 | 10 0 6 11 2 _ 9 _ 9 1 3 8 
[00027464] 4 | 10 0 6 11 2 _ 9 7 9 1 3 8 
[00027465] 4 | 10 0 6 11 2 _ 9 7 9 1 3 8 
[00027466] 3 | 10 0 6 11 2 5 9 7 9 1 3 8 
[00027467] 5 | 10 0 6 11 2 _ 9 _ 9 1 8 3 
[00027468] 4 | 10 0 6 11 2 _ 9 7 9 1 8 3 
[00027469] 3 | 10 0 6 11 2 5 9 7 9 1 8 3 
[00027470] 4 | 10 0 6 11 2 _ 9 4 9 1 8 3 
[00027471] 6 | 10 0 _ 11 2 8 9 _ 9 1 _ _ 
[00027472] 5 | 10 0 5 11 2 8 9 _ 9 1 _ _ 
[00027473] 4 | 10 0 5 11 2 8 9 7 9 1 _ _ 
[00027474] 3 | 10 0 5 11 2 8 9 7 9 1 4 _ 
[00027475] 2 | 10 0 5 11 2 8 9 7 9 1 4 6 
[00027476] 3 | 10 0 5 11 2 8 9 7 9 1 3 6 
[00027477] 3 | 10 0 5 11 2 8 9 7 9 1 6 3 
[00027478] 4 | 10 0 5 11 2 8 9 3 9 1 7 _ 
[00027479] 4 | 10 0 5 11 2 8 9 7 9 1 3 _ 
[00027480] 3 | 10 0 5 11 2 8 9 7 9 1 3 6 
[00027481] 4 | 10 0 5 11 2 8 9 _ 9 1 3 7 
[00027482] 3 | 10 0 5 11 2 8 9 6 9 1 3 7 
[00027483] 4 | 10 0 5 11 2 8 9 _ 9 1 7 3 
[00027484] 3 | 10 0 5 11 2 8 9 4 9 1 7 3 
[00027485] 5 | 10 0 _ 11 2 8 9 6 9 1 _ _ 
[00027486] 4 | 10 0 4 11 2 8 9 6 9 1 _ _ 
[00027487] 3 | 10 0 4 11 2 8 9 6 9 1 3 _ 
[00027488] 2 | 10 0 4 11 2 8 9 6 9 1 3 5 
[00027489] 4 | 10 0 _ 11 2 8 9 6 9 1 3 7 
[00027490] 4 | 10 0 _ 11 2 8 9 6 9 1 7 3 
[00027491] 6 | 10 0 _ 11 2 _ 9 5 9 1 _ _ 
[00027492] 5 | 10 0 5 11 2 _ 9 5 9 1 _ _ 
[00027493] 4 | 10 0 5 11 2 6 9 5 9 1 _ _ 
[00027494] 3 | 10 0 5 11 2 6 9 5 9 1 4 7 
[00027495] 3 | 10 0 5 11 2 6 9 5 9 1 7 4 
[00027496] 4 | 10 0 5 11 2 _ 9 5 9 1 3 7 
[00027497] 4 | 10 0 5 11 2 _ 9 5 9 1 4 8 
[00027498] 4 | 10 0 5 11 2 _ 9 5 9 1 7 3 
[00027499] 4 | 10 0 5 11 2 _ 9 5 9 1 8 4 
[00027500] 5 | 10 0 _ 11 2 7 9 5 9 1 _ _ 
[00027501] 4 | 10 0 4 11 2 7 9 5 9 1 _ _ 
[00027502] 3 | 10 0 4 11 2 7 9 5 9 1 8 _ 
[00027503] 2 | 10 0 4 11 2 7 9 5 9 1 8 6 
[00027504] 3 | 10 0 4 11 2 7 9 5 9 1 3 6 
[00027505] 3 | 10 0 4 11 2 7 9 5 9 1 6 3 
[00027506] 4 | 10 0 _ 11 2 7 9 5 9 1 4 8 
[00027507] 3 | 10 0 3 11 2 7 9 5 9 1 4 8 
[00027508] 4 | 10 0 _ 11 2 7 9 5 9 1 8 4 
[00027509] 3 | 10 0 3 11 2 7 9 5 9 1 8 4 
[00027510] 5 | 10 0 _ 11 2 _ 9 5 9 1 0 _ 
[00027511] 4 | 10 0 4 11 2 _ 9 5 9 1 0 _ 
[00027512] 4 | 10 0 _ 11 2 6 9 5 9 1 0 _ 
[00027513] 3 | 10 0 3 11 2 6 9 5 9 1 0 _ 
[00027514] 3 | 10 0 _ 11 2 6 9 5 9 1 0 3 
[00027515] 4 | 10 0 _ 11 2 _ 9 5 9 1 0 4 
[00027516] 5 | 10 0 _ 11 2 _ 9 5 9 1 3 8 
[00027517] 4 | 10 0 4 11 2 _ 9 5 9 1 3 8 
[00027518] 4 | 10 0 _ 11 2 6 9 5 9 1 3 8 
[00027519] 5 | 10 0 _ 11 2 _ 9 5 9 1 8 3 
[00027520] 4 | 10 0 4 11 2 _ 9 5 9 1 8 3 
[00027521] 4 | 10 0 _ 11 2 6 9 5 9 1 8 3 
[00027522] 7 | 10 0 _ 11 2 _ _ 4 9 1 _ _ 
[00027523] 6 | 10 0 6 11 2 _ _ 4 9 1 _ _ 
[00027524] 5 | 10 0 6 11 2 7 _ 4 9 1 _ _ 
[00027525] 4 | 10 0 6 11 2 7 _ 4 9 1 8 _ 
[00027526] 3 | 10 0 6 11 2 7 5 4 9 1 8 _ 
[00027527] 3 | 10 0 6 11 2 7 _ 4 9 1 8 5 
[00027528] 5 | 10 0 6 11 2 _ 7 4 9 1 _ _ 
[00027529] 4 | 10 0 6 11 2 _ 7 4 9 1 8 _ 
[00027530] 3 | 10 0 6 11 2 5 7 4 9 1 8 _ 
[00027531] 3 | 10 0 6 11 2 _ 7 4 9 1 8 5 
[00027532] 5 | 10 0 6 11 2 _ _ 4 9 1 3 8 
[00027533] 5 | 10 0 6 11 2 _ _ 4 9 1 8 3 
[00027534] 6 | 10 0 _ 11 2 8 _ 4 9 1 _ _ 
[00027535] 5 | 10 0 5 11 2 8 _ 4 9 1 _ _ 
[00027536] 4 | 10 0 5 11 2 8 6 4 9 1 _ _ 
[00027537] 3 | 10 0 5 11 2 8 6 4 9 1 7 _ 
[00027538] 4 | 10 0 5 11 2 8 _ 4 9 1 3 7 
[00027539] 4 | 10 0 5 11 2 8 _ 4 9 1 7 3 
[00027540] 5 | 10 0 _ 11 2 8 7 4 9 1 _ _ 
[00027541] 4 | 10 0 4 11 2 8 7 4 9 1 _ _ 
[00027542] 3 | 10 0 4 11 2 8 7 4 9 1 3 6 
[00027543] 3 | 10 0 4 11 2 8 7 4 9 1 6 3 
[00027544] 4 | 10 0 _ 11 2 8 7 4 9 1 0 _ 
[00027545] 3 | 10 0 3 11 2 8 7 4 9 1 0 _ 
[00027546] 3 | 10 0 _ 11 2 8 7 4 9 1 0 3 
[00027547] 6 | 10 0 _ 11 2 _ 8 4 9 1 _ _ 
[00027548] 5 | 10 0 5 11 2 _ 8 4 9 1 _ _ 
[00027549] 4 | 10 0 5 11 2 6 8 4 9 1 _ _ 
[00027550] 3 | 10 0 5 11 2 6 8 4 9 1 7 _ 
[00027551] 4 | 10 0 5 11 2 _ 8 4 9 1 3 7 
[00027552] 4 | 10 0 5 11 2 _ 8 4 9 1 7 3 
[00027553] 5 | 10 0 _ 11 2 7 8 4 9 1 _ _ 
[00027554] 4 | 10 0 4 11 2 7 8 4 9 1 _ _ 
[00027555] 3 | 10 0 4 11 2 7 8 4 9 1 3 6 
[00027556] 3 | 10 0 4 11 2 7 8 4 9 1 6 3 
[00027557] 4 | 10 0 _ 11 2 7 8 4 9 1 0 _ 
[00027558] 3 | 10 0 3 11 2 7 8 4 9 1 0 _ 
[00027559] 3 | 10 0 _ 11 2 7 8 4 9 1 0 3 
[00027560] 7 | 10 0 _ 11 2 _ _ 2 9 1 _ _ 
[00027561] 6 | 10 0 6 11 2 _ _ 2 9 1 _ _ 
[00027562] 5 | 10 0 6 11 2 7 _ 2 9 1 _ _ 
[00027563] 4 | 10 0 6 11 2 7 _ 2 9 1 4 8 
[00027564] 4 | 10 0 6 11 2 7 _ 2 9 1 8 4 
[00027565] 5 | 10 0 6 11 2 _ 7 2 9 1 _ _ 
[00027566] 4 | 10 0 6 11 2 _ 7 2 9 1 4 8 
[00027567] 4 | 10 0 6 11 2 _ 7 2 9 1 8 4 
[00027568] 5 | 10 0 6 11 2 _ _ 2 9 1 7 _ 
[00027569] 4 | 10 0 6 11 2 _ _ 2 9 1 7 3 
[00027570] 5 | 10 0 6 11 2 _ _ 2 9 1 3 8 
[00027571] 5 | 10 0 6 11 2 _ _ 2 9 1 8 3 
[00027572] 6 | 10 0 _ 11 2 8 _ 2 9 1 _ _ 
[00027573] 5 | 10 0 5 11 2 8 _ 2 9 1 _ _ 
[00027574] 4 | 10 0 5 11 2 8 6 2 9 1 _ _ 
[00027575] 3 | 10 0 5 11 2 8 6 2 9 1 4 7 
[00027576] 3 | 10 0 5 11 2 8 6 2 9 1 7 4 
[00027577] 4 | 10 0 5 11 2 8 _ 2 9 1 6 _ 
[00027578] 3 | 10 0 5 11 2 8 _ 2 9 1 6 3 
[00027579] 4 | 10 0 5 11 2 8 _ 2 9 1 3 7 
[00027580] 4 | 10 0 5 11 2 8 _ 2 9 1 7 3 
[00027581] 5 | 10 0 _ 11 2 8 7 2 9 1 _ _ 
[00027582] 4 | 10 0 4 11 2 8 7 2 9 1 _ _ 
[00027583] 3 | 10 0 4 11 2 8 7 2 9 1 3 6 
[00027584] 3 | 10 0 4 11 2 8 7 2 9 1 6 3 
[00027585] 5 | 10 0 _ 11 2 8 _ 2 9 1 7 _ 
[00027586] 4 | 10 0 4 11 2 8 _ 2 9 1 7 _ 
[00027587] 4 | 10 0 _ 11 2 8 _ 2 9 1 7 3 
[00027588] 6 | 10 0 _ 11 2 _ 8 2 9 1 _ _ 
[00027589] 5 | 10 0 5 11 2 _ 8 2 9 1 _ _ 
[00027590] 4 | 10 0 5 11 2 6 8 2 9 1 _ _ 
[00027591] 3 | 10 0 5 11 2 6 8 2 9 1 4 7 
[00027592] 3 | 10 0 5 11 2 6 8 2 9 1 7 4 
[00027593] 4 | 10 0 5 11 2 _ 8 2 9 1 6 _ 
[00027594] 3 | 10 0 5 11 2 _ 8 2 9 1 6 3 
[00027595] 4 | 10 0 5 11 2 _ 8 2 9 1 3 7 
[00027596] 4 | 10 0 5 11 2 _ 8 2 9 1 7 3 
[00027597] 5 | 10 0 _ 11 2 7 8 2 9 1 _ _ 
[00027598] 4 | 10 0 4 11 2 7 8 2 9 1 _ _ 
[00027599] 3 | 10 0 4 11 2 7 8 2 9 1 3 6 
[00027600] 3 | 10 0 4 11 2 7 8 2 9 1 6 3 
[00027601] 5 | 10 0 _ 11 2 _ 8 2 9 1 7 _ 
[00027602] 4 | 10 0 4 11 2 _ 8 2 9 1 7 _ 
[00027603] 4 | 10 0 _ 11 2 _ 8 2 9 1 7 3 
[00027604] 6 | 10 0 _ 11 2 _ _ 2 9 1 8 _ 
[00027605] 5 | 10 0 5 11 2 _ _ 2 9 1 8 _ 
[00027606] 4 | 10 0 5 11 2 _ _ 2 9 1 8 4 
[00027607] 5 | 10 0 _ 11 2 _ _ 2 9 1 8 3 
[00027608] 4 | 10 0 4 11 2 _ _ 2 9 1 8 3 
[00027609] 8 | 10 0 _ 11 2 _ _ 1 _ _ 9 _ 
[00027610] 7 | 10 0 7 11 2 _ _ 1 _ _ 9 _ 
[00027611] 6 | 10 0 7 11 2 8 _ 1 _ _ 9 _ 
[00027612] 5 | 10 0 7 11 2 8 _ 1 6 _ 9 _ 
[00027613] 4 | 10 0 7 11 2 8 6 1 6 _ 9 _ 
[00027614] 4 | 10 0 7 11 2 8 _ 1 6 2 9 _ 
[00027615] 4 | 10 0 7 11 2 8 _ 1 6 _ 9 5 
[00027616] 3 | 10 0 7 11 2 8 _ 1 6 3 9 5 
[00027617] 2 | 10 0 7 11 2 8 4 1 6 3 9 5 
[00027618] 5 | 10 0 7 11 2 8 _ 1 _ _ 9 4 
[00027619] 4 | 10 0 7 11 2 8 6 1 _ _ 9 4 
[00027620] 4 | 10 0 7 11 2 8 _ 1 5 _ 9 4 
[00027621] 3 | 10 0 7 11 2 8 5 1 5 _ 9 4 
[00027622] 3 | 10 0 7 11 2 8 _ 1 5 2 9 4 
[00027623] 6 | 10 0 7 11 2 _ 8 1 _ _ 9 _ 
[00027624] 5 | 10 0 7 11 2 _ 8 1 6 _ 9 _ 
[00027625] 4 | 10 0 7 11 2 6 8 1 6 _ 9 _ 
[00027626] 4 | 10 0 7 11 2 _ 8 1 6 2 9 _ 
[00027627] 4 | 10 0 7 11 2 _ 8 1 6 _ 9 5 
[00027628] 3 | 10 0 7 11 2 _ 8 1 6 3 9 5 
[00027629] 2 | 10 0 7 11 2 4 8 1 6 3 9 5 
[00027630] 5 | 10 0 7 11 2 _ 8 1 _ _ 9 4 
[00027631] 4 | 10 0 7 11 2 6 8 1 _ _ 9 4 
[00027632] 4 | 10 0 7 11 2 _ 8 1 5 _ 9 4 
[00027633] 3 | 10 0 7 11 2 5 8 1 5 _ 9 4 
[00027634] 3 | 10 0 7 11 2 _ 8 1 5 2 9 4 
[00027635] 6 | 10 0 7 11 2 _ _ 1 _ _ 9 3 
[00027636] 5 | 10 0 7 11 2 _ _ 1 6 _ 9 3 
[00027637] 4 | 10 0 7 11 2 6 _ 1 6 _ 9 3 
[00027638] 3 | 10 0 7 11 2 6 5 1 6 _ 9 3 
[00027639] 4 | 10 0 7 11 2 _ 6 1 6 _ 9 3 
[00027640] 3 | 10 0 7 11 2 5 6 1 6 _ 9 3 
[00027641] 4 | 10 0 7 11 2 _ _ 1 6 2 9 3 
[00027642] 7 | 10 0 _ 11 2 9 _ 1 _ _ 9 _ 
[00027643] 6 | 10 0 6 11 2 9 _ 1 _ _ 9 _ 
[00027644] 5 | 10 0 6 11 2 9 7 1 _ _ 9 _ 
[00027645] 4 | 10 0 6 11 2 9 7 1 5 _ 9 _ 
[00027646] 3 | 10 0 6 11 2 9 7 1 5 8 9 _ 
[00027647] 4 | 10 0 6 11 2 9 7 1 4 8 9 _ 
[00027648] 4 | 10 0 6 11 2 9 7 1 8 4 9 _ 
