[00196757] 5 | _ 3 _ 10 0 9 11 2 8 3 _ _ 
[00196758] 4 | _ 3 _ 10 0 9 11 2 8 3 6 _ 
[00196759] 4 | _ 3 _ 10 0 9 11 2 8 3 1 5 
[00196760] 4 | _ 3 _ 10 0 9 11 2 8 3 5 1 
[00196761] 5 | _ 3 _ 10 0 9 11 2 8 _ 7 _ 
[00196762] 4 | 7 3 _ 10 0 9 11 2 8 _ 7 _ 
[00196763] 3 | 7 3 6 10 0 9 11 2 8 _ 7 _ 
[00196764] 3 | 7 3 _ 10 0 9 11 2 8 5 7 _ 
[00196765] 2 | 7 3 1 10 0 9 11 2 8 5 7 _ 
[00196766] 4 | _ 3 7 10 0 9 11 2 8 _ 7 _ 
[00196767] 3 | 6 3 7 10 0 9 11 2 8 _ 7 _ 
[00196768] 3 | _ 3 7 10 0 9 11 2 8 5 7 _ 
[00196769] 2 | 1 3 7 10 0 9 11 2 8 5 7 _ 
[00196770] 4 | _ 3 _ 10 0 9 11 2 8 4 7 _ 
[00196771] 3 | 6 3 _ 10 0 9 11 2 8 4 7 _ 
[00196772] 2 | 6 3 1 10 0 9 11 2 8 4 7 _ 
[00196773] 2 | 6 3 5 10 0 9 11 2 8 4 7 _ 
[00196774] 2 | 6 3 _ 10 0 9 11 2 8 4 7 5 
[00196775] 3 | _ 3 6 10 0 9 11 2 8 4 7 _ 
[00196776] 2 | 1 3 6 10 0 9 11 2 8 4 7 _ 
[00196777] 2 | 5 3 6 10 0 9 11 2 8 4 7 _ 
[00196778] 2 | _ 3 6 10 0 9 11 2 8 4 7 5 
[00196779] 4 | _ 3 _ 10 0 9 11 2 8 _ 7 3 
[00196780] 3 | _ 3 _ 10 0 9 11 2 8 5 7 3 
[00196781] 5 | _ 3 _ 10 0 9 11 2 8 _ 1 6 
[00196782] 4 | 7 3 _ 10 0 9 11 2 8 _ 1 6 
[00196783] 3 | 7 3 _ 10 0 9 11 2 8 5 1 6 
[00196784] 4 | _ 3 7 10 0 9 11 2 8 _ 1 6 
[00196785] 3 | _ 3 7 10 0 9 11 2 8 5 1 6 
[00196786] 4 | _ 3 _ 10 0 9 11 2 8 4 1 6 
[00196787] 5 | _ 3 _ 10 0 9 11 2 8 _ 6 1 
[00196788] 4 | 7 3 _ 10 0 9 11 2 8 _ 6 1 
[00196789] 3 | 7 3 _ 10 0 9 11 2 8 5 6 1 
[00196790] 4 | _ 3 7 10 0 9 11 2 8 _ 6 1 
[00196791] 3 | _ 3 7 10 0 9 11 2 8 5 6 1 
[00196792] 4 | _ 3 _ 10 0 9 11 2 8 4 6 1 
[00196793] 6 | _ 3 _ 10 0 9 11 2 1 7 _ _ 
[00196794] 5 | 8 3 _ 10 0 9 11 2 1 7 _ _ 
[00196795] 4 | 8 3 _ 10 0 9 11 2 1 7 6 _ 
[00196796] 3 | 8 3 6 10 0 9 11 2 1 7 6 _ 
[00196797] 3 | 8 3 _ 10 0 9 11 2 1 7 6 3 
[00196798] 5 | _ 3 8 10 0 9 11 2 1 7 _ _ 
[00196799] 4 | _ 3 8 10 0 9 11 2 1 7 6 _ 
[00196800] 3 | 6 3 8 10 0 9 11 2 1 7 6 _ 
[00196801] 3 | _ 3 8 10 0 9 11 2 1 7 6 3 
[00196802] 6 | _ 3 _ 10 0 9 11 2 7 1 _ _ 
[00196803] 5 | 8 3 _ 10 0 9 11 2 7 1 _ _ 
[00196804] 4 | 8 3 _ 10 0 9 11 2 7 1 6 _ 
[00196805] 3 | 8 3 6 10 0 9 11 2 7 1 6 _ 
[00196806] 3 | 8 3 _ 10 0 9 11 2 7 1 6 3 
[00196807] 5 | _ 3 8 10 0 9 11 2 7 1 _ _ 
[00196808] 4 | _ 3 8 10 0 9 11 2 7 1 6 _ 
[00196809] 3 | 6 3 8 10 0 9 11 2 7 1 6 _ 
[00196810] 3 | _ 3 8 10 0 9 11 2 7 1 6 3 
[00196811] 6 | _ 3 _ 10 0 9 11 2 _ _ 8 _ 
[00196812] 5 | 8 3 _ 10 0 9 11 2 _ _ 8 _ 
[00196813] 4 | 8 3 7 10 0 9 11 2 _ _ 8 _ 
[00196814] 3 | 8 3 7 10 0 9 11 2 5 _ 8 _ 
[00196815] 3 | 8 3 7 10 0 9 11 2 1 4 8 _ 
[00196816] 3 | 8 3 7 10 0 9 11 2 4 1 8 _ 
[00196817] 4 | 8 3 _ 10 0 9 11 2 6 _ 8 _ 
[00196818] 3 | 8 3 6 10 0 9 11 2 6 _ 8 _ 
[00196819] 3 | 8 3 _ 10 0 9 11 2 6 3 8 _ 
[00196820] 4 | 8 3 _ 10 0 9 11 2 1 5 8 _ 
[00196821] 3 | 8 3 6 10 0 9 11 2 1 5 8 _ 
[00196822] 4 | 8 3 _ 10 0 9 11 2 5 1 8 _ 
[00196823] 3 | 8 3 6 10 0 9 11 2 5 1 8 _ 
[00196824] 5 | _ 3 8 10 0 9 11 2 _ _ 8 _ 
[00196825] 4 | 7 3 8 10 0 9 11 2 _ _ 8 _ 
[00196826] 3 | 7 3 8 10 0 9 11 2 5 _ 8 _ 
[00196827] 3 | 7 3 8 10 0 9 11 2 1 4 8 _ 
[00196828] 3 | 7 3 8 10 0 9 11 2 4 1 8 _ 
[00196829] 4 | _ 3 8 10 0 9 11 2 6 _ 8 _ 
[00196830] 3 | 6 3 8 10 0 9 11 2 6 _ 8 _ 
[00196831] 3 | _ 3 8 10 0 9 11 2 6 3 8 _ 
[00196832] 4 | _ 3 8 10 0 9 11 2 1 5 8 _ 
[00196833] 3 | 6 3 8 10 0 9 11 2 1 5 8 _ 
[00196834] 4 | _ 3 8 10 0 9 11 2 5 1 8 _ 
[00196835] 3 | 6 3 8 10 0 9 11 2 5 1 8 _ 
[00196836] 5 | _ 3 _ 10 0 9 11 2 7 _ 8 _ 
[00196837] 4 | 7 3 _ 10 0 9 11 2 7 _ 8 _ 
[00196838] 3 | 7 3 6 10 0 9 11 2 7 _ 8 _ 
[00196839] 3 | 7 3 _ 10 0 9 11 2 7 _ 8 5 
[00196840] 2 | 7 3 1 10 0 9 11 2 7 _ 8 5 
[00196841] 4 | _ 3 7 10 0 9 11 2 7 _ 8 _ 
[00196842] 3 | 6 3 7 10 0 9 11 2 7 _ 8 _ 
[00196843] 3 | _ 3 7 10 0 9 11 2 7 _ 8 5 
[00196844] 2 | 1 3 7 10 0 9 11 2 7 _ 8 5 
[00196845] 4 | _ 3 _ 10 0 9 11 2 7 3 8 _ 
[00196846] 3 | _ 3 _ 10 0 9 11 2 7 3 8 5 
[00196847] 4 | _ 3 _ 10 0 9 11 2 7 _ 8 4 
[00196848] 3 | 6 3 _ 10 0 9 11 2 7 _ 8 4 
[00196849] 2 | 6 3 1 10 0 9 11 2 7 _ 8 4 
[00196850] 2 | 6 3 5 10 0 9 11 2 7 _ 8 4 
[00196851] 2 | 6 3 _ 10 0 9 11 2 7 5 8 4 
[00196852] 3 | _ 3 6 10 0 9 11 2 7 _ 8 4 
[00196853] 2 | 1 3 6 10 0 9 11 2 7 _ 8 4 
[00196854] 2 | 5 3 6 10 0 9 11 2 7 _ 8 4 
[00196855] 2 | _ 3 6 10 0 9 11 2 7 5 8 4 
[00196856] 5 | _ 3 _ 10 0 9 11 2 1 6 8 _ 
[00196857] 4 | 7 3 _ 10 0 9 11 2 1 6 8 _ 
[00196858] 3 | 7 3 _ 10 0 9 11 2 1 6 8 5 
[00196859] 4 | _ 3 7 10 0 9 11 2 1 6 8 _ 
[00196860] 3 | _ 3 7 10 0 9 11 2 1 6 8 5 
[00196861] 4 | _ 3 _ 10 0 9 11 2 1 6 8 4 
[00196862] 5 | _ 3 _ 10 0 9 11 2 6 1 8 _ 
[00196863] 4 | 7 3 _ 10 0 9 11 2 6 1 8 _ 
[00196864] 3 | 7 3 _ 10 0 9 11 2 6 1 8 5 
[00196865] 4 | _ 3 7 10 0 9 11 2 6 1 8 _ 
[00196866] 3 | _ 3 7 10 0 9 11 2 6 1 8 5 
[00196867] 4 | _ 3 _ 10 0 9 11 2 6 1 8 4 
[00196868] 5 | _ 3 _ 10 0 9 11 2 _ _ 8 3 
[00196869] 4 | _ 3 _ 10 0 9 11 2 6 _ 8 3 
[00196870] 4 | _ 3 _ 10 0 9 11 2 1 5 8 3 
[00196871] 4 | _ 3 _ 10 0 9 11 2 5 1 8 3 
[00196872] 6 | _ 3 _ 10 0 9 11 2 _ _ 1 7 
[00196873] 5 | 8 3 _ 10 0 9 11 2 _ _ 1 7 
[00196874] 4 | 8 3 _ 10 0 9 11 2 6 _ 1 7 
[00196875] 3 | 8 3 6 10 0 9 11 2 6 _ 1 7 
[00196876] 3 | 8 3 _ 10 0 9 11 2 6 3 1 7 
[00196877] 5 | _ 3 8 10 0 9 11 2 _ _ 1 7 
[00196878] 4 | _ 3 8 10 0 9 11 2 6 _ 1 7 
[00196879] 3 | 6 3 8 10 0 9 11 2 6 _ 1 7 
[00196880] 3 | _ 3 8 10 0 9 11 2 6 3 1 7 
[00196881] 6 | _ 3 _ 10 0 9 11 2 _ _ 7 1 
[00196882] 5 | 8 3 _ 10 0 9 11 2 _ _ 7 1 
[00196883] 4 | 8 3 _ 10 0 9 11 2 6 _ 7 1 
[00196884] 3 | 8 3 6 10 0 9 11 2 6 _ 7 1 
[00196885] 3 | 8 3 _ 10 0 9 11 2 6 3 7 1 
[00196886] 5 | _ 3 8 10 0 9 11 2 _ _ 7 1 
[00196887] 4 | _ 3 8 10 0 9 11 2 6 _ 7 1 
[00196888] 3 | 6 3 8 10 0 9 11 2 6 _ 7 1 
[00196889] 3 | _ 3 8 10 0 9 11 2 6 3 7 1 
[00196890] 7 | _ _ _ 10 0 9 11 2 1 8 _ _ 
[00196891] 6 | _ 4 _ 10 0 9 11 2 1 8 _ _ 
[00196892] 5 | _ 4 _ 10 0 9 11 2 1 8 7 _ 
[00196893] 4 | _ 4 _ 10 0 9 11 2 1 8 7 3 
[00196894] 7 | _ _ _ 10 0 9 11 2 8 1 _ _ 
[00196895] 6 | _ 4 _ 10 0 9 11 2 8 1 _ _ 
[00196896] 5 | _ 4 _ 10 0 9 11 2 8 1 7 _ 
[00196897] 4 | _ 4 _ 10 0 9 11 2 8 1 7 3 
[00196898] 7 | _ _ _ 10 0 9 11 2 _ _ 1 8 
[00196899] 6 | _ 4 _ 10 0 9 11 2 _ _ 1 8 
[00196900] 5 | _ 4 _ 10 0 9 11 2 7 _ 1 8 
[00196901] 4 | _ 4 _ 10 0 9 11 2 7 3 1 8 
[00196902] 7 | _ _ _ 10 0 9 11 2 _ _ 8 1 
[00196903] 6 | _ 4 _ 10 0 9 11 2 _ _ 8 1 
[00196904] 5 | _ 4 _ 10 0 9 11 2 7 _ 8 1 
[00196905] 4 | _ 4 _ 10 0 9 11 2 7 3 8 1 
[00196906] 9 | _ _ _ 10 0 _ 11 1 _ _ _ _ 
[00196907] 8 | _ 2 _ 10 0 _ 11 1 _ _ _ _ 
[00196908] 7 | 9 2 _ 10 0 _ 11 1 _ _ _ _ 
[00196909] 6 | 9 2 8 10 0 _ 11 1 _ _ _ _ 
[00196910] 5 | 9 2 8 10 0 5 11 1 _ _ _ _ 
[00196911] 4 | 9 2 8 10 0 5 11 1 3 7 _ _ 
[00196912] 3 | 9 2 8 10 0 5 11 1 3 7 4 _ 
[00196913] 2 | 9 2 8 10 0 5 11 1 3 7 4 6 
[00196914] 4 | 9 2 8 10 0 5 11 1 7 3 _ _ 
[00196915] 3 | 9 2 8 10 0 5 11 1 7 3 4 _ 
[00196916] 2 | 9 2 8 10 0 5 11 1 7 3 4 6 
[00196917] 4 | 9 2 8 10 0 5 11 1 _ _ 3 7 
[00196918] 3 | 9 2 8 10 0 5 11 1 4 _ 3 7 
[00196919] 2 | 9 2 8 10 0 5 11 1 4 6 3 7 
[00196920] 4 | 9 2 8 10 0 5 11 1 _ _ 7 3 
[00196921] 3 | 9 2 8 10 0 5 11 1 4 _ 7 3 
[00196922] 2 | 9 2 8 10 0 5 11 1 4 6 7 3 
[00196923] 5 | 9 2 8 10 0 _ 11 1 6 _ _ _ 
[00196924] 4 | 9 2 8 10 0 4 11 1 6 _ _ _ 
[00196925] 3 | 9 2 8 10 0 4 11 1 6 3 _ _ 
[00196926] 2 | 9 2 8 10 0 4 11 1 6 3 5 7 
[00196927] 2 | 9 2 8 10 0 4 11 1 6 3 7 5 
[00196928] 4 | 9 2 8 10 0 _ 11 1 6 _ 5 _ 
[00196929] 3 | 9 2 8 10 0 3 11 1 6 _ 5 _ 
[00196930] 2 | 9 2 8 10 0 3 11 1 6 4 5 _ 
[00196931] 2 | 9 2 8 10 0 3 11 1 6 _ 5 7 
[00196932] 3 | 9 2 8 10 0 _ 11 1 6 3 5 _ 
[00196933] 2 | 9 2 8 10 0 _ 11 1 6 3 5 7 
[00196934] 4 | 9 2 8 10 0 _ 11 1 6 _ 3 7 
[00196935] 4 | 9 2 8 10 0 _ 11 1 6 _ 7 3 
[00196936] 5 | 9 2 8 10 0 _ 11 1 _ _ 6 _ 
[00196937] 4 | 9 2 8 10 0 4 11 1 _ _ 6 _ 
[00196938] 3 | 9 2 8 10 0 4 11 1 _ _ 6 3 
[00196939] 2 | 9 2 8 10 0 4 11 1 5 7 6 3 
[00196940] 2 | 9 2 8 10 0 4 11 1 7 5 6 3 
[00196941] 4 | 9 2 8 10 0 _ 11 1 5 _ 6 _ 
[00196942] 3 | 9 2 8 10 0 3 11 1 5 _ 6 _ 
[00196943] 2 | 9 2 8 10 0 3 11 1 5 7 6 _ 
[00196944] 2 | 9 2 8 10 0 3 11 1 5 _ 6 4 
[00196945] 3 | 9 2 8 10 0 _ 11 1 5 _ 6 3 
[00196946] 2 | 9 2 8 10 0 _ 11 1 5 7 6 3 
[00196947] 4 | 9 2 8 10 0 _ 11 1 3 7 6 _ 
[00196948] 4 | 9 2 8 10 0 _ 11 1 7 3 6 _ 
[00196949] 6 | 9 2 _ 10 0 6 11 1 _ _ _ _ 
[00196950] 5 | 9 2 7 10 0 6 11 1 _ _ _ _ 
[00196951] 4 | 9 2 7 10 0 6 11 1 5 _ _ _ 
[00196952] 3 | 9 2 7 10 0 6 11 1 5 8 _ _ 
[00196953] 2 | 9 2 7 10 0 6 11 1 5 8 3 _ 
[00196954] 1 | 9 2 7 10 0 6 11 1 5 8 3 4  *Graceful*
[00196954] 3 | 9 2 7 10 0 6 11 1 5 _ 4 _ 
[00196955] 2 | 9 2 7 10 0 6 11 1 5 3 4 _ 
[00196956] 4 | 9 2 7 10 0 6 11 1 4 8 _ _ 
[00196957] 4 | 9 2 7 10 0 6 11 1 8 4 _ _ 
[00196958] 4 | 9 2 7 10 0 6 11 1 _ _ 5 _ 
[00196959] 3 | 9 2 7 10 0 6 11 1 4 _ 5 _ 
[00196960] 2 | 9 2 7 10 0 6 11 1 4 _ 5 3 
[00196961] 3 | 9 2 7 10 0 6 11 1 _ _ 5 8 
[00196962] 2 | 9 2 7 10 0 6 11 1 3 _ 5 8 
[00196963] 1 | 9 2 7 10 0 6 11 1 3 4 5 8  *Graceful*
[00196963] 4 | 9 2 7 10 0 6 11 1 _ _ 4 8 
[00196964] 4 | 9 2 7 10 0 6 11 1 _ _ 8 4 
[00196965] 5 | 9 2 _ 10 0 6 11 1 3 8 _ _ 
[00196966] 4 | 9 2 _ 10 0 6 11 1 3 8 5 _ 
[00196967] 3 | 9 2 5 10 0 6 11 1 3 8 5 _ 
[00196968] 3 | 9 2 _ 10 0 6 11 1 3 8 5 2 
[00196969] 5 | 9 2 _ 10 0 6 11 1 8 3 _ _ 
[00196970] 4 | 9 2 _ 10 0 6 11 1 8 3 5 _ 
[00196971] 3 | 9 2 5 10 0 6 11 1 8 3 5 _ 
[00196972] 3 | 9 2 _ 10 0 6 11 1 8 3 5 2 
[00196973] 5 | 9 2 _ 10 0 6 11 1 _ _ 3 8 
[00196974] 4 | 9 2 _ 10 0 6 11 1 5 _ 3 8 
[00196975] 3 | 9 2 5 10 0 6 11 1 5 _ 3 8 
[00196976] 3 | 9 2 _ 10 0 6 11 1 5 2 3 8 
[00196977] 5 | 9 2 _ 10 0 6 11 1 _ _ 8 3 
[00196978] 4 | 9 2 _ 10 0 6 11 1 5 _ 8 3 
[00196979] 3 | 9 2 5 10 0 6 11 1 5 _ 8 3 
[00196980] 3 | 9 2 _ 10 0 6 11 1 5 2 8 3 
[00196981] 6 | 9 2 _ 10 0 _ 11 1 7 _ _ _ 
[00196982] 5 | 9 2 7 10 0 _ 11 1 7 _ _ _ 
[00196983] 4 | 9 2 7 10 0 4 11 1 7 _ _ _ 
[00196984] 3 | 9 2 7 10 0 4 11 1 7 _ 3 6 
[00196985] 3 | 9 2 7 10 0 4 11 1 7 _ 5 8 
[00196986] 3 | 9 2 7 10 0 4 11 1 7 _ 6 3 
[00196987] 3 | 9 2 7 10 0 4 11 1 7 _ 8 5 
[00196988] 4 | 9 2 7 10 0 _ 11 1 7 _ 5 _ 
[00196989] 3 | 9 2 7 10 0 3 11 1 7 _ 5 _ 
[00196990] 3 | 9 2 7 10 0 _ 11 1 7 _ 5 8 
[00196991] 4 | 9 2 7 10 0 _ 11 1 7 _ 4 8 
[00196992] 3 | 9 2 7 10 0 3 11 1 7 _ 4 8 
[00196993] 4 | 9 2 7 10 0 _ 11 1 7 _ 8 4 
[00196994] 3 | 9 2 7 10 0 3 11 1 7 _ 8 4 
[00196995] 5 | 9 2 _ 10 0 5 11 1 7 _ _ _ 
[00196996] 4 | 9 2 6 10 0 5 11 1 7 _ _ _ 
[00196997] 3 | 9 2 6 10 0 5 11 1 7 4 _ _ 
[00196998] 2 | 9 2 6 10 0 5 11 1 7 4 3 _ 
[00196999] 3 | 9 2 6 10 0 5 11 1 7 _ 4 _ 
[00197000] 4 | 9 2 _ 10 0 5 11 1 7 3 _ _ 
[00197001] 3 | 9 2 _ 10 0 5 11 1 7 3 4 _ 
[00197002] 2 | 9 2 4 10 0 5 11 1 7 3 4 _ 
[00197003] 2 | 9 2 _ 10 0 5 11 1 7 3 4 2 
[00197004] 2 | 9 2 _ 10 0 5 11 1 7 3 4 6 
[00197005] 4 | 9 2 _ 10 0 5 11 1 7 _ 4 8 
[00197006] 4 | 9 2 _ 10 0 5 11 1 7 _ 8 4 
[00197007] 5 | 9 2 _ 10 0 _ 11 1 7 2 _ _ 
[00197008] 4 | 9 2 _ 10 0 4 11 1 7 2 _ _ 
[00197009] 3 | 9 2 _ 10 0 4 11 1 7 2 3 6 
[00197010] 3 | 9 2 _ 10 0 4 11 1 7 2 5 8 
[00197011] 3 | 9 2 _ 10 0 4 11 1 7 2 6 3 
[00197012] 3 | 9 2 _ 10 0 4 11 1 7 2 8 5 
[00197013] 4 | 9 2 _ 10 0 _ 11 1 7 2 5 _ 
[00197014] 3 | 9 2 _ 10 0 3 11 1 7 2 5 _ 
[00197015] 3 | 9 2 _ 10 0 _ 11 1 7 2 5 8 
[00197016] 4 | 9 2 _ 10 0 _ 11 1 7 2 4 8 
[00197017] 3 | 9 2 _ 10 0 3 11 1 7 2 4 8 
[00197018] 4 | 9 2 _ 10 0 _ 11 1 7 2 8 4 
[00197019] 3 | 9 2 _ 10 0 3 11 1 7 2 8 4 
[00197020] 5 | 9 2 _ 10 0 _ 11 1 7 _ 6 _ 
[00197021] 4 | 9 2 6 10 0 _ 11 1 7 _ 6 _ 
[00197022] 3 | 9 2 6 10 0 3 11 1 7 _ 6 _ 
[00197023] 2 | 9 2 6 10 0 3 11 1 7 5 6 _ 
[00197024] 3 | 9 2 6 10 0 _ 11 1 7 4 6 _ 
[00197025] 4 | 9 2 _ 10 0 4 11 1 7 _ 6 _ 
[00197026] 3 | 9 2 5 10 0 4 11 1 7 _ 6 _ 
[00197027] 2 | 9 2 5 10 0 4 11 1 7 _ 6 8 
[00197028] 3 | 9 2 _ 10 0 4 11 1 7 _ 6 3 
[00197029] 2 | 9 2 _ 10 0 4 11 1 7 5 6 3 
[00197030] 4 | 9 2 _ 10 0 _ 11 1 7 3 6 _ 
[00197031] 3 | 9 2 5 10 0 _ 11 1 7 3 6 _ 
[00197032] 2 | 9 2 5 10 0 _ 11 1 7 3 6 4 
[00197033] 2 | 9 2 5 10 0 _ 11 1 7 3 6 8 
[00197034] 4 | 9 2 _ 10 0 _ 11 1 7 _ 6 2 
[00197035] 3 | 9 2 _ 10 0 3 11 1 7 _ 6 2 
[00197036] 2 | 9 2 _ 10 0 3 11 1 7 5 6 2 
[00197037] 3 | 9 2 _ 10 0 _ 11 1 7 4 6 2 
[00197038] 5 | 9 2 _ 10 0 _ 11 1 7 _ 3 8 
[00197039] 4 | 9 2 6 10 0 _ 11 1 7 _ 3 8 
[00197040] 3 | 9 2 6 10 0 _ 11 1 7 4 3 8 
[00197041] 4 | 9 2 _ 10 0 4 11 1 7 _ 3 8 
[00197042] 3 | 9 2 5 10 0 4 11 1 7 _ 3 8 
[00197043] 5 | 9 2 _ 10 0 _ 11 1 7 _ 8 3 
[00197044] 4 | 9 2 6 10 0 _ 11 1 7 _ 8 3 
[00197045] 3 | 9 2 6 10 0 _ 11 1 7 4 8 3 
[00197046] 4 | 9 2 _ 10 0 4 11 1 7 _ 8 3 
[00197047] 3 | 9 2 5 10 0 4 11 1 7 _ 8 3 
[00197048] 6 | 9 2 _ 10 0 _ 11 1 _ _ 7 _ 
[00197049] 5 | 9 2 7 10 0 _ 11 1 _ _ 7 _ 
[00197050] 4 | 9 2 7 10 0 4 11 1 _ _ 7 _ 
[00197051] 3 | 9 2 7 10 0 4 11 1 3 6 7 _ 
[00197052] 3 | 9 2 7 10 0 4 11 1 5 8 7 _ 
[00197053] 3 | 9 2 7 10 0 4 11 1 6 3 7 _ 
[00197054] 3 | 9 2 7 10 0 4 11 1 8 5 7 _ 
[00197055] 4 | 9 2 7 10 0 _ 11 1 5 _ 7 _ 
[00197056] 3 | 9 2 7 10 0 3 11 1 5 _ 7 _ 
[00197057] 3 | 9 2 7 10 0 _ 11 1 5 8 7 _ 
[00197058] 4 | 9 2 7 10 0 _ 11 1 4 8 7 _ 
[00197059] 3 | 9 2 7 10 0 3 11 1 4 8 7 _ 
[00197060] 4 | 9 2 7 10 0 _ 11 1 8 4 7 _ 
[00197061] 3 | 9 2 7 10 0 3 11 1 8 4 7 _ 
[00197062] 5 | 9 2 _ 10 0 5 11 1 _ _ 7 _ 
[00197063] 4 | 9 2 6 10 0 5 11 1 _ _ 7 _ 
[00197064] 3 | 9 2 6 10 0 5 11 1 4 _ 7 _ 
[00197065] 3 | 9 2 6 10 0 5 11 1 _ _ 7 4 
[00197066] 2 | 9 2 6 10 0 5 11 1 3 _ 7 4 
[00197067] 4 | 9 2 _ 10 0 5 11 1 4 8 7 _ 
[00197068] 4 | 9 2 _ 10 0 5 11 1 8 4 7 _ 
[00197069] 4 | 9 2 _ 10 0 5 11 1 _ _ 7 3 
[00197070] 3 | 9 2 _ 10 0 5 11 1 4 _ 7 3 
[00197071] 2 | 9 2 4 10 0 5 11 1 4 _ 7 3 
[00197072] 2 | 9 2 _ 10 0 5 11 1 4 2 7 3 
[00197073] 2 | 9 2 _ 10 0 5 11 1 4 6 7 3 
[00197074] 5 | 9 2 _ 10 0 _ 11 1 6 _ 7 _ 
[00197075] 4 | 9 2 6 10 0 _ 11 1 6 _ 7 _ 
[00197076] 3 | 9 2 6 10 0 3 11 1 6 _ 7 _ 
[00197077] 2 | 9 2 6 10 0 3 11 1 6 _ 7 5 
[00197078] 3 | 9 2 6 10 0 _ 11 1 6 _ 7 4 
[00197079] 4 | 9 2 _ 10 0 4 11 1 6 _ 7 _ 
[00197080] 3 | 9 2 5 10 0 4 11 1 6 _ 7 _ 
[00197081] 2 | 9 2 5 10 0 4 11 1 6 8 7 _ 
[00197082] 3 | 9 2 _ 10 0 4 11 1 6 3 7 _ 
[00197083] 2 | 9 2 _ 10 0 4 11 1 6 3 7 5 
[00197084] 4 | 9 2 _ 10 0 _ 11 1 6 2 7 _ 
[00197085] 3 | 9 2 _ 10 0 3 11 1 6 2 7 _ 
[00197086] 2 | 9 2 _ 10 0 3 11 1 6 2 7 5 
[00197087] 3 | 9 2 _ 10 0 _ 11 1 6 2 7 4 
[00197088] 4 | 9 2 _ 10 0 _ 11 1 6 _ 7 3 
[00197089] 3 | 9 2 5 10 0 _ 11 1 6 _ 7 3 
[00197090] 2 | 9 2 5 10 0 _ 11 1 6 4 7 3 
[00197091] 2 | 9 2 5 10 0 _ 11 1 6 8 7 3 
[00197092] 5 | 9 2 _ 10 0 _ 11 1 3 8 7 _ 
[00197093] 4 | 9 2 6 10 0 _ 11 1 3 8 7 _ 
[00197094] 3 | 9 2 6 10 0 _ 11 1 3 8 7 4 
[00197095] 4 | 9 2 _ 10 0 4 11 1 3 8 7 _ 
[00197096] 3 | 9 2 5 10 0 4 11 1 3 8 7 _ 
[00197097] 5 | 9 2 _ 10 0 _ 11 1 8 3 7 _ 
[00197098] 4 | 9 2 6 10 0 _ 11 1 8 3 7 _ 
[00197099] 3 | 9 2 6 10 0 _ 11 1 8 3 7 4 
[00197100] 4 | 9 2 _ 10 0 4 11 1 8 3 7 _ 
[00197101] 3 | 9 2 5 10 0 4 11 1 8 3 7 _ 
[00197102] 5 | 9 2 _ 10 0 _ 11 1 _ _ 7 2 
[00197103] 4 | 9 2 _ 10 0 4 11 1 _ _ 7 2 
[00197104] 3 | 9 2 _ 10 0 4 11 1 3 6 7 2 
[00197105] 3 | 9 2 _ 10 0 4 11 1 5 8 7 2 
[00197106] 3 | 9 2 _ 10 0 4 11 1 6 3 7 2 
[00197107] 3 | 9 2 _ 10 0 4 11 1 8 5 7 2 
[00197108] 4 | 9 2 _ 10 0 _ 11 1 5 _ 7 2 
[00197109] 3 | 9 2 _ 10 0 3 11 1 5 _ 7 2 
[00197110] 3 | 9 2 _ 10 0 _ 11 1 5 8 7 2 
[00197111] 4 | 9 2 _ 10 0 _ 11 1 4 8 7 2 
[00197112] 3 | 9 2 _ 10 0 3 11 1 4 8 7 2 
[00197113] 4 | 9 2 _ 10 0 _ 11 1 8 4 7 2 
[00197114] 3 | 9 2 _ 10 0 3 11 1 8 4 7 2 
[00197115] 7 | _ 2 9 10 0 _ 11 1 _ _ _ _ 
[00197116] 6 | 8 2 9 10 0 _ 11 1 _ _ _ _ 
[00197117] 5 | 8 2 9 10 0 5 11 1 _ _ _ _ 
[00197118] 4 | 8 2 9 10 0 5 11 1 3 7 _ _ 
[00197119] 3 | 8 2 9 10 0 5 11 1 3 7 4 _ 
[00197120] 2 | 8 2 9 10 0 5 11 1 3 7 4 6 
[00197121] 4 | 8 2 9 10 0 5 11 1 7 3 _ _ 
[00197122] 3 | 8 2 9 10 0 5 11 1 7 3 4 _ 
[00197123] 2 | 8 2 9 10 0 5 11 1 7 3 4 6 
[00197124] 4 | 8 2 9 10 0 5 11 1 _ _ 3 7 
[00197125] 3 | 8 2 9 10 0 5 11 1 4 _ 3 7 
[00197126] 2 | 8 2 9 10 0 5 11 1 4 6 3 7 
[00197127] 4 | 8 2 9 10 0 5 11 1 _ _ 7 3 
[00197128] 3 | 8 2 9 10 0 5 11 1 4 _ 7 3 
[00197129] 2 | 8 2 9 10 0 5 11 1 4 6 7 3 
[00197130] 5 | 8 2 9 10 0 _ 11 1 6 _ _ _ 
[00197131] 4 | 8 2 9 10 0 4 11 1 6 _ _ _ 
[00197132] 3 | 8 2 9 10 0 4 11 1 6 3 _ _ 
[00197133] 2 | 8 2 9 10 0 4 11 1 6 3 5 7 
[00197134] 2 | 8 2 9 10 0 4 11 1 6 3 7 5 
[00197135] 4 | 8 2 9 10 0 _ 11 1 6 _ 5 _ 
[00197136] 3 | 8 2 9 10 0 3 11 1 6 _ 5 _ 
[00197137] 2 | 8 2 9 10 0 3 11 1 6 4 5 _ 
[00197138] 2 | 8 2 9 10 0 3 11 1 6 _ 5 7 
[00197139] 3 | 8 2 9 10 0 _ 11 1 6 3 5 _ 
[00197140] 2 | 8 2 9 10 0 _ 11 1 6 3 5 7 
[00197141] 4 | 8 2 9 10 0 _ 11 1 6 _ 3 7 
[00197142] 4 | 8 2 9 10 0 _ 11 1 6 _ 7 3 
[00197143] 5 | 8 2 9 10 0 _ 11 1 _ _ 6 _ 
[00197144] 4 | 8 2 9 10 0 4 11 1 _ _ 6 _ 
[00197145] 3 | 8 2 9 10 0 4 11 1 _ _ 6 3 
[00197146] 2 | 8 2 9 10 0 4 11 1 5 7 6 3 
[00197147] 2 | 8 2 9 10 0 4 11 1 7 5 6 3 
[00197148] 4 | 8 2 9 10 0 _ 11 1 5 _ 6 _ 
[00197149] 3 | 8 2 9 10 0 3 11 1 5 _ 6 _ 
[00197150] 2 | 8 2 9 10 0 3 11 1 5 7 6 _ 
[00197151] 2 | 8 2 9 10 0 3 11 1 5 _ 6 4 
[00197152] 3 | 8 2 9 10 0 _ 11 1 5 _ 6 3 
[00197153] 2 | 8 2 9 10 0 _ 11 1 5 7 6 3 
[00197154] 4 | 8 2 9 10 0 _ 11 1 3 7 6 _ 
[00197155] 4 | 8 2 9 10 0 _ 11 1 7 3 6 _ 
[00197156] 6 | _ 2 9 10 0 6 11 1 _ _ _ _ 
[00197157] 5 | 7 2 9 10 0 6 11 1 _ _ _ _ 
[00197158] 4 | 7 2 9 10 0 6 11 1 5 _ _ _ 
[00197159] 3 | 7 2 9 10 0 6 11 1 5 8 _ _ 
[00197160] 2 | 7 2 9 10 0 6 11 1 5 8 3 _ 
[00197161] 1 | 7 2 9 10 0 6 11 1 5 8 3 4  *Graceful*
[00197161] 3 | 7 2 9 10 0 6 11 1 5 _ 4 _ 
[00197162] 2 | 7 2 9 10 0 6 11 1 5 3 4 _ 
[00197163] 4 | 7 2 9 10 0 6 11 1 4 8 _ _ 
[00197164] 4 | 7 2 9 10 0 6 11 1 8 4 _ _ 
[00197165] 4 | 7 2 9 10 0 6 11 1 _ _ 5 _ 
[00197166] 3 | 7 2 9 10 0 6 11 1 4 _ 5 _ 
[00197167] 2 | 7 2 9 10 0 6 11 1 4 _ 5 3 
[00197168] 3 | 7 2 9 10 0 6 11 1 _ _ 5 8 
[00197169] 2 | 7 2 9 10 0 6 11 1 3 _ 5 8 
[00197170] 1 | 7 2 9 10 0 6 11 1 3 4 5 8  *Graceful*
[00197170] 4 | 7 2 9 10 0 6 11 1 _ _ 4 8 
[00197171] 4 | 7 2 9 10 0 6 11 1 _ _ 8 4 
[00197172] 5 | _ 2 9 10 0 6 11 1 3 8 _ _ 
[00197173] 4 | _ 2 9 10 0 6 11 1 3 8 5 _ 
[00197174] 3 | 5 2 9 10 0 6 11 1 3 8 5 _ 
[00197175] 3 | _ 2 9 10 0 6 11 1 3 8 5 2 
[00197176] 5 | _ 2 9 10 0 6 11 1 8 3 _ _ 
[00197177] 4 | _ 2 9 10 0 6 11 1 8 3 5 _ 
[00197178] 3 | 5 2 9 10 0 6 11 1 8 3 5 _ 
[00197179] 3 | _ 2 9 10 0 6 11 1 8 3 5 2 
[00197180] 5 | _ 2 9 10 0 6 11 1 _ _ 3 8 
[00197181] 4 | _ 2 9 10 0 6 11 1 5 _ 3 8 
[00197182] 3 | 5 2 9 10 0 6 11 1 5 _ 3 8 
[00197183] 3 | _ 2 9 10 0 6 11 1 5 2 3 8 
[00197184] 5 | _ 2 9 10 0 6 11 1 _ _ 8 3 
[00197185] 4 | _ 2 9 10 0 6 11 1 5 _ 8 3 
[00197186] 3 | 5 2 9 10 0 6 11 1 5 _ 8 3 
[00197187] 3 | _ 2 9 10 0 6 11 1 5 2 8 3 
[00197188] 6 | _ 2 9 10 0 _ 11 1 7 _ _ _ 
[00197189] 5 | 7 2 9 10 0 _ 11 1 7 _ _ _ 
[00197190] 4 | 7 2 9 10 0 4 11 1 7 _ _ _ 
[00197191] 3 | 7 2 9 10 0 4 11 1 7 _ 3 6 
[00197192] 3 | 7 2 9 10 0 4 11 1 7 _ 5 8 
[00197193] 3 | 7 2 9 10 0 4 11 1 7 _ 6 3 
[00197194] 3 | 7 2 9 10 0 4 11 1 7 _ 8 5 
[00197195] 4 | 7 2 9 10 0 _ 11 1 7 _ 5 _ 
[00197196] 3 | 7 2 9 10 0 3 11 1 7 _ 5 _ 
[00197197] 3 | 7 2 9 10 0 _ 11 1 7 _ 5 8 
[00197198] 4 | 7 2 9 10 0 _ 11 1 7 _ 4 8 
[00197199] 3 | 7 2 9 10 0 3 11 1 7 _ 4 8 
[00197200] 4 | 7 2 9 10 0 _ 11 1 7 _ 8 4 
[00197201] 3 | 7 2 9 10 0 3 11 1 7 _ 8 4 
[00197202] 5 | _ 2 9 10 0 5 11 1 7 _ _ _ 
[00197203] 4 | 6 2 9 10 0 5 11 1 7 _ _ _ 
[00197204] 3 | 6 2 9 10 0 5 11 1 7 4 _ _ 
[00197205] 2 | 6 2 9 10 0 5 11 1 7 4 3 _ 
[00197206] 3 | 6 2 9 10 0 5 11 1 7 _ 4 _ 
[00197207] 4 | _ 2 9 10 0 5 11 1 7 3 _ _ 
[00197208] 3 | _ 2 9 10 0 5 11 1 7 3 4 _ 
[00197209] 2 | 4 2 9 10 0 5 11 1 7 3 4 _ 
[00197210] 2 | _ 2 9 10 0 5 11 1 7 3 4 2 
[00197211] 2 | _ 2 9 10 0 5 11 1 7 3 4 6 
[00197212] 4 | _ 2 9 10 0 5 11 1 7 _ 4 8 
[00197213] 4 | _ 2 9 10 0 5 11 1 7 _ 8 4 
[00197214] 5 | _ 2 9 10 0 _ 11 1 7 2 _ _ 
[00197215] 4 | _ 2 9 10 0 4 11 1 7 2 _ _ 
[00197216] 3 | _ 2 9 10 0 4 11 1 7 2 3 6 
[00197217] 3 | _ 2 9 10 0 4 11 1 7 2 5 8 
[00197218] 3 | _ 2 9 10 0 4 11 1 7 2 6 3 
[00197219] 3 | _ 2 9 10 0 4 11 1 7 2 8 5 
[00197220] 4 | _ 2 9 10 0 _ 11 1 7 2 5 _ 
[00197221] 3 | _ 2 9 10 0 3 11 1 7 2 5 _ 
[00197222] 3 | _ 2 9 10 0 _ 11 1 7 2 5 8 
[00197223] 4 | _ 2 9 10 0 _ 11 1 7 2 4 8 
[00197224] 3 | _ 2 9 10 0 3 11 1 7 2 4 8 
[00197225] 4 | _ 2 9 10 0 _ 11 1 7 2 8 4 
[00197226] 3 | _ 2 9 10 0 3 11 1 7 2 8 4 
[00197227] 5 | _ 2 9 10 0 _ 11 1 7 _ 6 _ 
[00197228] 4 | 6 2 9 10 0 _ 11 1 7 _ 6 _ 
[00197229] 3 | 6 2 9 10 0 3 11 1 7 _ 6 _ 
[00197230] 2 | 6 2 9 10 0 3 11 1 7 5 6 _ 
[00197231] 3 | 6 2 9 10 0 _ 11 1 7 4 6 _ 
[00197232] 4 | _ 2 9 10 0 4 11 1 7 _ 6 _ 
[00197233] 3 | 5 2 9 10 0 4 11 1 7 _ 6 _ 
[00197234] 2 | 5 2 9 10 0 4 11 1 7 _ 6 8 
[00197235] 3 | _ 2 9 10 0 4 11 1 7 _ 6 3 
[00197236] 2 | _ 2 9 10 0 4 11 1 7 5 6 3 
[00197237] 4 | _ 2 9 10 0 _ 11 1 7 3 6 _ 
[00197238] 3 | 5 2 9 10 0 _ 11 1 7 3 6 _ 
[00197239] 2 | 5 2 9 10 0 _ 11 1 7 3 6 4 
[00197240] 2 | 5 2 9 10 0 _ 11 1 7 3 6 8 
[00197241] 4 | _ 2 9 10 0 _ 11 1 7 _ 6 2 
[00197242] 3 | _ 2 9 10 0 3 11 1 7 _ 6 2 
[00197243] 2 | _ 2 9 10 0 3 11 1 7 5 6 2 
[00197244] 3 | _ 2 9 10 0 _ 11 1 7 4 6 2 
[00197245] 5 | _ 2 9 10 0 _ 11 1 7 _ 3 8 
[00197246] 4 | 6 2 9 10 0 _ 11 1 7 _ 3 8 
[00197247] 3 | 6 2 9 10 0 _ 11 1 7 4 3 8 
[00197248] 4 | _ 2 9 10 0 4 11 1 7 _ 3 8 
[00197249] 3 | 5 2 9 10 0 4 11 1 7 _ 3 8 
[00197250] 5 | _ 2 9 10 0 _ 11 1 7 _ 8 3 
[00197251] 4 | 6 2 9 10 0 _ 11 1 7 _ 8 3 
[00197252] 3 | 6 2 9 10 0 _ 11 1 7 4 8 3 
