[00270410] 4 | 10 1 5 11 3 9 _ 0 _ _ 7 2 
[00270411] 3 | 10 1 5 11 3 9 0 0 _ _ 7 2 
[00270412] 2 | 10 1 5 11 3 9 0 0 4 6 7 2 
[00270413] 2 | 10 1 5 11 3 9 0 0 6 8 7 2 
[00270414] 2 | 10 1 5 11 3 9 0 0 6 4 7 2 
[00270415] 2 | 10 1 5 11 3 9 0 0 8 6 7 2 
[00270416] 3 | 10 1 5 11 3 9 6 0 _ _ 7 2 
[00270417] 3 | 10 1 5 11 3 9 _ 0 3 _ 7 2 
[00270418] 4 | 10 1 _ 11 3 9 _ 0 4 _ 7 2 
[00270419] 3 | 10 1 4 11 3 9 _ 0 4 _ 7 2 
[00270420] 2 | 10 1 4 11 3 9 5 0 4 _ 7 2 
[00270421] 3 | 10 1 _ 11 3 9 6 0 4 _ 7 2 
[00270422] 3 | 10 1 _ 11 3 9 _ 0 4 1 7 2 
[00270423] 2 | 10 1 _ 11 3 9 5 0 4 1 7 2 
[00270424] 4 | 10 1 _ 11 3 9 _ 0 4 8 7 2 
[00270425] 3 | 10 1 _ 11 3 9 6 0 4 8 7 2 
[00270426] 4 | 10 1 _ 11 3 9 _ 0 8 4 7 2 
[00270427] 3 | 10 1 _ 11 3 9 6 0 8 4 7 2 
[00270428] 6 | 10 1 _ 11 3 _ 9 0 _ _ 7 _ 
[00270429] 5 | 10 1 6 11 3 _ 9 0 _ _ 7 _ 
[00270430] 4 | 10 1 6 11 3 7 9 0 _ _ 7 _ 
[00270431] 3 | 10 1 6 11 3 7 9 0 2 5 7 _ 
[00270432] 3 | 10 1 6 11 3 7 9 0 5 8 7 _ 
[00270433] 3 | 10 1 6 11 3 7 9 0 5 2 7 _ 
[00270434] 3 | 10 1 6 11 3 7 9 0 8 5 7 _ 
[00270435] 4 | 10 1 6 11 3 _ 9 0 4 _ 7 _ 
[00270436] 3 | 10 1 6 11 3 _ 9 0 4 7 7 _ 
[00270437] 2 | 10 1 6 11 3 5 9 0 4 7 7 _ 
[00270438] 3 | 10 1 6 11 3 _ 9 0 4 _ 7 4 
[00270439] 2 | 10 1 6 11 3 5 9 0 4 _ 7 4 
[00270440] 4 | 10 1 6 11 3 _ 9 0 4 8 7 _ 
[00270441] 4 | 10 1 6 11 3 _ 9 0 8 4 7 _ 
[00270442] 4 | 10 1 6 11 3 _ 9 0 _ _ 7 3 
[00270443] 3 | 10 1 6 11 3 _ 9 0 2 5 7 3 
[00270444] 3 | 10 1 6 11 3 _ 9 0 5 8 7 3 
[00270445] 3 | 10 1 6 11 3 _ 9 0 5 2 7 3 
[00270446] 3 | 10 1 6 11 3 _ 9 0 8 5 7 3 
[00270447] 5 | 10 1 _ 11 3 8 9 0 _ _ 7 _ 
[00270448] 4 | 10 1 5 11 3 8 9 0 _ _ 7 _ 
[00270449] 3 | 10 1 5 11 3 8 9 0 _ _ 7 4 
[00270450] 2 | 10 1 5 11 3 8 9 0 2 _ 7 4 
[00270451] 4 | 10 1 _ 11 3 8 9 0 4 _ 7 _ 
[00270452] 3 | 10 1 4 11 3 8 9 0 4 _ 7 _ 
[00270453] 2 | 10 1 4 11 3 8 9 0 4 _ 7 5 
[00270454] 3 | 10 1 _ 11 3 8 9 0 4 1 7 _ 
[00270455] 2 | 10 1 _ 11 3 8 9 0 4 1 7 5 
[00270456] 3 | 10 1 _ 11 3 8 9 0 4 7 7 _ 
[00270457] 3 | 10 1 _ 11 3 8 9 0 4 _ 7 4 
[00270458] 4 | 10 1 _ 11 3 8 9 0 2 6 7 _ 
[00270459] 3 | 10 1 4 11 3 8 9 0 2 6 7 _ 
[00270460] 2 | 10 1 4 11 3 8 9 0 2 6 7 5 
[00270461] 3 | 10 1 _ 11 3 8 9 0 2 6 7 4 
[00270462] 4 | 10 1 _ 11 3 8 9 0 6 2 7 _ 
[00270463] 3 | 10 1 4 11 3 8 9 0 6 2 7 _ 
[00270464] 2 | 10 1 4 11 3 8 9 0 6 2 7 5 
[00270465] 3 | 10 1 _ 11 3 8 9 0 6 2 7 4 
[00270466] 5 | 10 1 _ 11 3 _ 9 0 5 _ 7 _ 
[00270467] 4 | 10 1 5 11 3 _ 9 0 5 _ 7 _ 
[00270468] 3 | 10 1 5 11 3 6 9 0 5 _ 7 _ 
[00270469] 3 | 10 1 5 11 3 _ 9 0 5 _ 7 4 
[00270470] 4 | 10 1 _ 11 3 7 9 0 5 _ 7 _ 
[00270471] 3 | 10 1 4 11 3 7 9 0 5 _ 7 _ 
[00270472] 3 | 10 1 _ 11 3 7 9 0 5 2 7 _ 
[00270473] 3 | 10 1 _ 11 3 7 9 0 5 8 7 _ 
[00270474] 4 | 10 1 _ 11 3 _ 9 0 5 1 7 _ 
[00270475] 3 | 10 1 _ 11 3 6 9 0 5 1 7 _ 
[00270476] 3 | 10 1 _ 11 3 _ 9 0 5 1 7 4 
[00270477] 4 | 10 1 _ 11 3 _ 9 0 5 _ 7 3 
[00270478] 3 | 10 1 4 11 3 _ 9 0 5 _ 7 3 
[00270479] 3 | 10 1 _ 11 3 _ 9 0 5 2 7 3 
[00270480] 3 | 10 1 _ 11 3 _ 9 0 5 8 7 3 
[00270481] 5 | 10 1 _ 11 3 _ 9 0 _ _ 7 2 
[00270482] 4 | 10 1 5 11 3 _ 9 0 _ _ 7 2 
[00270483] 3 | 10 1 5 11 3 0 9 0 _ _ 7 2 
[00270484] 2 | 10 1 5 11 3 0 9 0 4 6 7 2 
[00270485] 2 | 10 1 5 11 3 0 9 0 6 8 7 2 
[00270486] 2 | 10 1 5 11 3 0 9 0 6 4 7 2 
[00270487] 2 | 10 1 5 11 3 0 9 0 8 6 7 2 
[00270488] 3 | 10 1 5 11 3 6 9 0 _ _ 7 2 
[00270489] 3 | 10 1 5 11 3 _ 9 0 3 _ 7 2 
[00270490] 4 | 10 1 _ 11 3 _ 9 0 4 _ 7 2 
[00270491] 3 | 10 1 4 11 3 _ 9 0 4 _ 7 2 
[00270492] 2 | 10 1 4 11 3 5 9 0 4 _ 7 2 
[00270493] 3 | 10 1 _ 11 3 6 9 0 4 _ 7 2 
[00270494] 3 | 10 1 _ 11 3 _ 9 0 4 1 7 2 
[00270495] 2 | 10 1 _ 11 3 5 9 0 4 1 7 2 
[00270496] 4 | 10 1 _ 11 3 _ 9 0 4 8 7 2 
[00270497] 3 | 10 1 _ 11 3 6 9 0 4 8 7 2 
[00270498] 4 | 10 1 _ 11 3 _ 9 0 8 4 7 2 
[00270499] 3 | 10 1 _ 11 3 6 9 0 8 4 7 2 
[00270500] 6 | 10 1 _ 11 3 _ _ 0 6 _ 7 _ 
[00270501] 5 | 10 1 6 11 3 _ _ 0 6 _ 7 _ 
[00270502] 4 | 10 1 6 11 3 7 _ 0 6 _ 7 _ 
[00270503] 4 | 10 1 6 11 3 _ 7 0 6 _ 7 _ 
[00270504] 4 | 10 1 6 11 3 _ _ 0 6 _ 7 3 
[00270505] 5 | 10 1 _ 11 3 8 _ 0 6 _ 7 _ 
[00270506] 4 | 10 1 5 11 3 8 _ 0 6 _ 7 _ 
[00270507] 3 | 10 1 5 11 3 8 6 0 6 _ 7 _ 
[00270508] 2 | 10 1 5 11 3 8 6 0 6 _ 7 9 
[00270509] 3 | 10 1 5 11 3 8 _ 0 6 3 7 _ 
[00270510] 2 | 10 1 5 11 3 8 _ 0 6 3 7 9 
[00270511] 3 | 10 1 5 11 3 8 _ 0 6 9 7 _ 
[00270512] 3 | 10 1 5 11 3 8 _ 0 6 _ 7 4 
[00270513] 4 | 10 1 _ 11 3 8 7 0 6 _ 7 _ 
[00270514] 3 | 10 1 4 11 3 8 7 0 6 _ 7 _ 
[00270515] 3 | 10 1 _ 11 3 8 7 0 6 9 7 _ 
[00270516] 4 | 10 1 _ 11 3 8 _ 0 6 2 7 _ 
[00270517] 3 | 10 1 4 11 3 8 _ 0 6 2 7 _ 
[00270518] 2 | 10 1 4 11 3 8 5 0 6 2 7 _ 
[00270519] 2 | 10 1 4 11 3 8 _ 0 6 2 7 5 
[00270520] 2 | 10 1 4 11 3 8 _ 0 6 2 7 9 
[00270521] 3 | 10 1 _ 11 3 8 _ 0 6 2 7 4 
[00270522] 2 | 10 1 3 11 3 8 _ 0 6 2 7 4 
[00270523] 2 | 10 1 _ 11 3 8 1 0 6 2 7 4 
[00270524] 2 | 10 1 _ 11 3 8 5 0 6 2 7 4 
[00270525] 4 | 10 1 _ 11 3 8 _ 0 6 _ 7 3 
[00270526] 3 | 10 1 4 11 3 8 _ 0 6 _ 7 3 
[00270527] 3 | 10 1 _ 11 3 8 _ 0 6 9 7 3 
[00270528] 5 | 10 1 _ 11 3 _ 8 0 6 _ 7 _ 
[00270529] 4 | 10 1 5 11 3 _ 8 0 6 _ 7 _ 
[00270530] 3 | 10 1 5 11 3 6 8 0 6 _ 7 _ 
[00270531] 2 | 10 1 5 11 3 6 8 0 6 _ 7 9 
[00270532] 3 | 10 1 5 11 3 _ 8 0 6 3 7 _ 
[00270533] 2 | 10 1 5 11 3 _ 8 0 6 3 7 9 
[00270534] 3 | 10 1 5 11 3 _ 8 0 6 9 7 _ 
[00270535] 3 | 10 1 5 11 3 _ 8 0 6 _ 7 4 
[00270536] 4 | 10 1 _ 11 3 7 8 0 6 _ 7 _ 
[00270537] 3 | 10 1 4 11 3 7 8 0 6 _ 7 _ 
[00270538] 3 | 10 1 _ 11 3 7 8 0 6 9 7 _ 
[00270539] 4 | 10 1 _ 11 3 _ 8 0 6 2 7 _ 
[00270540] 3 | 10 1 4 11 3 _ 8 0 6 2 7 _ 
[00270541] 2 | 10 1 4 11 3 5 8 0 6 2 7 _ 
[00270542] 2 | 10 1 4 11 3 _ 8 0 6 2 7 5 
[00270543] 2 | 10 1 4 11 3 _ 8 0 6 2 7 9 
[00270544] 3 | 10 1 _ 11 3 _ 8 0 6 2 7 4 
[00270545] 2 | 10 1 3 11 3 _ 8 0 6 2 7 4 
[00270546] 2 | 10 1 _ 11 3 1 8 0 6 2 7 4 
[00270547] 2 | 10 1 _ 11 3 5 8 0 6 2 7 4 
[00270548] 4 | 10 1 _ 11 3 _ 8 0 6 _ 7 3 
[00270549] 3 | 10 1 4 11 3 _ 8 0 6 _ 7 3 
[00270550] 3 | 10 1 _ 11 3 _ 8 0 6 9 7 3 
[00270551] 5 | 10 1 _ 11 3 _ _ 0 6 1 7 _ 
[00270552] 4 | 10 1 _ 11 3 7 _ 0 6 1 7 _ 
[00270553] 4 | 10 1 _ 11 3 _ 7 0 6 1 7 _ 
[00270554] 4 | 10 1 _ 11 3 _ _ 0 6 1 7 3 
[00270555] 5 | 10 1 _ 11 3 _ _ 0 6 _ 7 2 
[00270556] 4 | 10 1 5 11 3 _ _ 0 6 _ 7 2 
[00270557] 3 | 10 1 5 11 3 6 _ 0 6 _ 7 2 
[00270558] 3 | 10 1 5 11 3 _ 6 0 6 _ 7 2 
[00270559] 3 | 10 1 5 11 3 _ _ 0 6 3 7 2 
[00270560] 3 | 10 1 5 11 3 _ _ 0 6 9 7 2 
[00270561] 6 | 10 1 _ 11 3 _ _ 0 2 8 7 _ 
[00270562] 5 | 10 1 6 11 3 _ _ 0 2 8 7 _ 
[00270563] 4 | 10 1 6 11 3 7 _ 0 2 8 7 _ 
[00270564] 4 | 10 1 6 11 3 _ 7 0 2 8 7 _ 
[00270565] 4 | 10 1 6 11 3 _ _ 0 2 8 7 3 
[00270566] 6 | 10 1 _ 11 3 _ _ 0 8 2 7 _ 
[00270567] 5 | 10 1 6 11 3 _ _ 0 8 2 7 _ 
[00270568] 4 | 10 1 6 11 3 7 _ 0 8 2 7 _ 
[00270569] 4 | 10 1 6 11 3 _ 7 0 8 2 7 _ 
[00270570] 4 | 10 1 6 11 3 _ _ 0 8 2 7 3 
[00270571] 6 | 10 1 _ 11 3 _ _ 0 _ _ 7 1 
[00270572] 5 | 10 1 _ 11 3 8 _ 0 _ _ 7 1 
[00270573] 4 | 10 1 _ 11 3 8 _ 0 4 _ 7 1 
[00270574] 3 | 10 1 _ 11 3 8 6 0 4 _ 7 1 
[00270575] 2 | 10 1 _ 11 3 8 6 0 4 2 7 1 
[00270576] 4 | 10 1 _ 11 3 8 _ 0 2 6 7 1 
[00270577] 4 | 10 1 _ 11 3 8 _ 0 5 9 7 1 
[00270578] 3 | 10 1 _ 11 3 8 6 0 5 9 7 1 
[00270579] 4 | 10 1 _ 11 3 8 _ 0 6 2 7 1 
[00270580] 4 | 10 1 _ 11 3 8 _ 0 9 5 7 1 
[00270581] 3 | 10 1 _ 11 3 8 6 0 9 5 7 1 
[00270582] 5 | 10 1 _ 11 3 _ 8 0 _ _ 7 1 
[00270583] 4 | 10 1 _ 11 3 _ 8 0 4 _ 7 1 
[00270584] 3 | 10 1 _ 11 3 6 8 0 4 _ 7 1 
[00270585] 2 | 10 1 _ 11 3 6 8 0 4 2 7 1 
[00270586] 4 | 10 1 _ 11 3 _ 8 0 2 6 7 1 
[00270587] 4 | 10 1 _ 11 3 _ 8 0 5 9 7 1 
[00270588] 3 | 10 1 _ 11 3 6 8 0 5 9 7 1 
[00270589] 4 | 10 1 _ 11 3 _ 8 0 6 2 7 1 
[00270590] 4 | 10 1 _ 11 3 _ 8 0 9 5 7 1 
[00270591] 3 | 10 1 _ 11 3 6 8 0 9 5 7 1 
[00270592] 5 | 10 1 _ 11 3 _ _ 0 5 _ 7 1 
[00270593] 4 | 10 1 _ 11 3 _ _ 0 5 9 7 1 
[00270594] 3 | 10 1 _ 11 3 6 _ 0 5 9 7 1 
[00270595] 3 | 10 1 _ 11 3 _ 6 0 5 9 7 1 
[00270596] 5 | 10 1 _ 11 3 _ _ 0 4 9 7 1 
[00270597] 5 | 10 1 _ 11 3 _ _ 0 9 4 7 1 
[00270598] 7 | 10 1 _ 11 3 _ _ 0 _ _ 2 9 
[00270599] 6 | 10 1 7 11 3 _ _ 0 _ _ 2 9 
[00270600] 5 | 10 1 7 11 3 8 _ 0 _ _ 2 9 
[00270601] 4 | 10 1 7 11 3 8 _ 0 4 _ 2 9 
[00270602] 3 | 10 1 7 11 3 8 6 0 4 _ 2 9 
[00270603] 5 | 10 1 7 11 3 _ 8 0 _ _ 2 9 
[00270604] 4 | 10 1 7 11 3 _ 8 0 4 _ 2 9 
[00270605] 3 | 10 1 7 11 3 6 8 0 4 _ 2 9 
[00270606] 5 | 10 1 7 11 3 _ _ 0 5 _ 2 9 
[00270607] 6 | 10 1 _ 11 3 _ _ 0 6 _ 2 9 
[00270608] 5 | 10 1 6 11 3 _ _ 0 6 _ 2 9 
[00270609] 4 | 10 1 6 11 3 7 _ 0 6 _ 2 9 
[00270610] 4 | 10 1 6 11 3 _ 7 0 6 _ 2 9 
[00270611] 5 | 10 1 _ 11 3 8 _ 0 6 _ 2 9 
[00270612] 4 | 10 1 5 11 3 8 _ 0 6 _ 2 9 
[00270613] 3 | 10 1 5 11 3 8 6 0 6 _ 2 9 
[00270614] 3 | 10 1 5 11 3 8 _ 0 6 3 2 9 
[00270615] 4 | 10 1 _ 11 3 8 7 0 6 _ 2 9 
[00270616] 3 | 10 1 4 11 3 8 7 0 6 _ 2 9 
[00270617] 5 | 10 1 _ 11 3 _ 8 0 6 _ 2 9 
[00270618] 4 | 10 1 5 11 3 _ 8 0 6 _ 2 9 
[00270619] 3 | 10 1 5 11 3 6 8 0 6 _ 2 9 
[00270620] 3 | 10 1 5 11 3 _ 8 0 6 3 2 9 
[00270621] 4 | 10 1 _ 11 3 7 8 0 6 _ 2 9 
[00270622] 3 | 10 1 4 11 3 7 8 0 6 _ 2 9 
[00270623] 5 | 10 1 _ 11 3 _ _ 0 6 1 2 9 
[00270624] 4 | 10 1 _ 11 3 7 _ 0 6 1 2 9 
[00270625] 4 | 10 1 _ 11 3 _ 7 0 6 1 2 9 
[00270626] 7 | 10 1 _ 11 3 _ _ 0 _ _ 9 2 
[00270627] 6 | 10 1 7 11 3 _ _ 0 _ _ 9 2 
[00270628] 5 | 10 1 7 11 3 8 _ 0 _ _ 9 2 
[00270629] 4 | 10 1 7 11 3 8 _ 0 4 _ 9 2 
[00270630] 3 | 10 1 7 11 3 8 6 0 4 _ 9 2 
[00270631] 5 | 10 1 7 11 3 _ 8 0 _ _ 9 2 
[00270632] 4 | 10 1 7 11 3 _ 8 0 4 _ 9 2 
[00270633] 3 | 10 1 7 11 3 6 8 0 4 _ 9 2 
[00270634] 5 | 10 1 7 11 3 _ _ 0 5 _ 9 2 
[00270635] 6 | 10 1 _ 11 3 _ _ 0 6 _ 9 2 
[00270636] 5 | 10 1 6 11 3 _ _ 0 6 _ 9 2 
[00270637] 4 | 10 1 6 11 3 7 _ 0 6 _ 9 2 
[00270638] 4 | 10 1 6 11 3 _ 7 0 6 _ 9 2 
[00270639] 5 | 10 1 _ 11 3 8 _ 0 6 _ 9 2 
[00270640] 4 | 10 1 5 11 3 8 _ 0 6 _ 9 2 
[00270641] 3 | 10 1 5 11 3 8 6 0 6 _ 9 2 
[00270642] 3 | 10 1 5 11 3 8 _ 0 6 3 9 2 
[00270643] 4 | 10 1 _ 11 3 8 7 0 6 _ 9 2 
[00270644] 3 | 10 1 4 11 3 8 7 0 6 _ 9 2 
[00270645] 5 | 10 1 _ 11 3 _ 8 0 6 _ 9 2 
[00270646] 4 | 10 1 5 11 3 _ 8 0 6 _ 9 2 
[00270647] 3 | 10 1 5 11 3 6 8 0 6 _ 9 2 
[00270648] 3 | 10 1 5 11 3 _ 8 0 6 3 9 2 
[00270649] 4 | 10 1 _ 11 3 7 8 0 6 _ 9 2 
[00270650] 3 | 10 1 4 11 3 7 8 0 6 _ 9 2 
[00270651] 5 | 10 1 _ 11 3 _ _ 0 6 1 9 2 
[00270652] 4 | 10 1 _ 11 3 7 _ 0 6 1 9 2 
[00270653] 4 | 10 1 _ 11 3 _ 7 0 6 1 9 2 
[00270654] 8 | 10 1 _ 11 _ _ _ 0 8 _ _ _ 
[00270655] 7 | 10 1 8 11 _ _ _ 0 8 _ _ _ 
[00270656] 6 | 10 1 8 11 5 _ _ 0 8 _ _ _ 
[00270657] 5 | 10 1 8 11 5 0 _ 0 8 _ _ _ 
[00270658] 4 | 10 1 8 11 5 0 9 0 8 _ _ _ 
[00270659] 3 | 10 1 8 11 5 0 9 0 8 _ 3 6 
[00270660] 3 | 10 1 8 11 5 0 9 0 8 _ 4 7 
[00270661] 3 | 10 1 8 11 5 0 9 0 8 _ 6 3 
[00270662] 3 | 10 1 8 11 5 0 9 0 8 _ 7 4 
[00270663] 4 | 10 1 8 11 5 0 _ 0 8 _ 2 6 
[00270664] 4 | 10 1 8 11 5 0 _ 0 8 _ 3 7 
[00270665] 3 | 10 1 8 11 5 0 2 0 8 _ 3 7 
[00270666] 4 | 10 1 8 11 5 0 _ 0 8 _ 6 2 
[00270667] 4 | 10 1 8 11 5 0 _ 0 8 _ 7 3 
[00270668] 3 | 10 1 8 11 5 0 2 0 8 _ 7 3 
[00270669] 5 | 10 1 8 11 5 _ 0 0 8 _ _ _ 
[00270670] 4 | 10 1 8 11 5 9 0 0 8 _ _ _ 
[00270671] 3 | 10 1 8 11 5 9 0 0 8 _ 3 6 
[00270672] 3 | 10 1 8 11 5 9 0 0 8 _ 4 7 
[00270673] 3 | 10 1 8 11 5 9 0 0 8 _ 6 3 
[00270674] 3 | 10 1 8 11 5 9 0 0 8 _ 7 4 
[00270675] 4 | 10 1 8 11 5 _ 0 0 8 _ 2 6 
[00270676] 4 | 10 1 8 11 5 _ 0 0 8 _ 3 7 
[00270677] 3 | 10 1 8 11 5 2 0 0 8 _ 3 7 
[00270678] 4 | 10 1 8 11 5 _ 0 0 8 _ 6 2 
[00270679] 4 | 10 1 8 11 5 _ 0 0 8 _ 7 3 
[00270680] 3 | 10 1 8 11 5 2 0 0 8 _ 7 3 
[00270681] 5 | 10 1 8 11 5 _ _ 0 8 _ 5 _ 
[00270682] 4 | 10 1 8 11 5 9 _ 0 8 _ 5 _ 
[00270683] 3 | 10 1 8 11 5 9 2 0 8 _ 5 _ 
[00270684] 3 | 10 1 8 11 5 9 _ 0 8 _ 5 2 
[00270685] 4 | 10 1 8 11 5 _ 9 0 8 _ 5 _ 
[00270686] 3 | 10 1 8 11 5 2 9 0 8 _ 5 _ 
[00270687] 3 | 10 1 8 11 5 _ 9 0 8 _ 5 2 
[00270688] 4 | 10 1 8 11 5 _ _ 0 8 _ 5 9 
[00270689] 5 | 10 1 8 11 5 _ _ 0 8 _ 2 7 
[00270690] 4 | 10 1 8 11 5 9 _ 0 8 _ 2 7 
[00270691] 4 | 10 1 8 11 5 _ 9 0 8 _ 2 7 
[00270692] 5 | 10 1 8 11 5 _ _ 0 8 _ 4 9 
[00270693] 5 | 10 1 8 11 5 _ _ 0 8 _ 7 2 
[00270694] 4 | 10 1 8 11 5 9 _ 0 8 _ 7 2 
[00270695] 4 | 10 1 8 11 5 _ 9 0 8 _ 7 2 
[00270696] 5 | 10 1 8 11 5 _ _ 0 8 _ 9 4 
[00270697] 6 | 10 1 8 11 3 9 _ 0 8 _ _ _ 
[00270698] 5 | 10 1 8 11 3 9 _ 0 8 _ 5 _ 
[00270699] 4 | 10 1 8 11 3 9 7 0 8 _ 5 _ 
[00270700] 3 | 10 1 8 11 3 9 7 0 8 _ 5 2 
[00270701] 5 | 10 1 8 11 3 9 _ 0 8 _ 2 7 
[00270702] 5 | 10 1 8 11 3 9 _ 0 8 _ 7 2 
[00270703] 6 | 10 1 8 11 9 3 _ 0 8 _ _ _ 
[00270704] 5 | 10 1 8 11 9 3 4 0 8 _ _ _ 
[00270705] 4 | 10 1 8 11 9 3 4 0 8 _ 2 6 
[00270706] 4 | 10 1 8 11 9 3 4 0 8 _ 6 2 
[00270707] 5 | 10 1 8 11 9 3 _ 0 8 _ 5 _ 
[00270708] 4 | 10 1 8 11 9 3 5 0 8 _ 5 _ 
[00270709] 4 | 10 1 8 11 9 3 _ 0 8 _ 5 9 
[00270710] 5 | 10 1 8 11 9 3 _ 0 8 _ 2 7 
[00270711] 4 | 10 1 8 11 9 3 5 0 8 _ 2 7 
[00270712] 5 | 10 1 8 11 9 3 _ 0 8 _ 7 2 
[00270713] 4 | 10 1 8 11 9 3 5 0 8 _ 7 2 
[00270714] 6 | 10 1 8 11 3 _ 9 0 8 _ _ _ 
[00270715] 5 | 10 1 8 11 3 _ 9 0 8 _ 5 _ 
[00270716] 4 | 10 1 8 11 3 7 9 0 8 _ 5 _ 
[00270717] 3 | 10 1 8 11 3 7 9 0 8 _ 5 2 
[00270718] 5 | 10 1 8 11 3 _ 9 0 8 _ 2 7 
[00270719] 5 | 10 1 8 11 3 _ 9 0 8 _ 7 2 
[00270720] 6 | 10 1 8 11 9 _ 3 0 8 _ _ _ 
[00270721] 5 | 10 1 8 11 9 4 3 0 8 _ _ _ 
[00270722] 4 | 10 1 8 11 9 4 3 0 8 _ 2 6 
[00270723] 4 | 10 1 8 11 9 4 3 0 8 _ 6 2 
[00270724] 5 | 10 1 8 11 9 _ 3 0 8 _ 5 _ 
[00270725] 4 | 10 1 8 11 9 5 3 0 8 _ 5 _ 
[00270726] 4 | 10 1 8 11 9 _ 3 0 8 _ 5 9 
[00270727] 5 | 10 1 8 11 9 _ 3 0 8 _ 2 7 
[00270728] 4 | 10 1 8 11 9 5 3 0 8 _ 2 7 
[00270729] 5 | 10 1 8 11 9 _ 3 0 8 _ 7 2 
[00270730] 4 | 10 1 8 11 9 5 3 0 8 _ 7 2 
[00270731] 6 | 10 1 8 11 _ _ _ 0 8 _ 6 _ 
[00270732] 5 | 10 1 8 11 6 _ _ 0 8 _ 6 _ 
[00270733] 4 | 10 1 8 11 6 2 _ 0 8 _ 6 _ 
[00270734] 3 | 10 1 8 11 6 2 3 0 8 _ 6 _ 
[00270735] 3 | 10 1 8 11 6 2 9 0 8 _ 6 _ 
[00270736] 3 | 10 1 8 11 6 2 _ 0 8 _ 6 3 
[00270737] 3 | 10 1 8 11 6 2 _ 0 8 _ 6 9 
[00270738] 4 | 10 1 8 11 6 _ 2 0 8 _ 6 _ 
[00270739] 3 | 10 1 8 11 6 3 2 0 8 _ 6 _ 
[00270740] 3 | 10 1 8 11 6 9 2 0 8 _ 6 _ 
[00270741] 3 | 10 1 8 11 6 _ 2 0 8 _ 6 3 
[00270742] 3 | 10 1 8 11 6 _ 2 0 8 _ 6 9 
[00270743] 4 | 10 1 8 11 6 _ _ 0 8 _ 6 2 
[00270744] 5 | 10 1 8 11 2 7 _ 0 8 _ 6 _ 
[00270745] 4 | 10 1 8 11 2 7 6 0 8 _ 6 _ 
[00270746] 4 | 10 1 8 11 2 7 _ 0 8 _ 6 2 
[00270747] 5 | 10 1 8 11 4 9 _ 0 8 _ 6 _ 
[00270748] 4 | 10 1 8 11 4 9 _ 0 8 _ 6 2 
[00270749] 3 | 10 1 8 11 4 9 7 0 8 _ 6 2 
[00270750] 5 | 10 1 8 11 7 2 _ 0 8 _ 6 _ 
[00270751] 4 | 10 1 8 11 7 2 3 0 8 _ 6 _ 
[00270752] 3 | 10 1 8 11 7 2 3 0 8 _ 6 9 
[00270753] 5 | 10 1 8 11 9 4 _ 0 8 _ 6 _ 
[00270754] 4 | 10 1 8 11 9 4 5 0 8 _ 6 _ 
[00270755] 3 | 10 1 8 11 9 4 5 0 8 _ 6 3 
[00270756] 4 | 10 1 8 11 9 4 _ 0 8 _ 6 2 
[00270757] 5 | 10 1 8 11 2 _ 7 0 8 _ 6 _ 
[00270758] 4 | 10 1 8 11 2 6 7 0 8 _ 6 _ 
[00270759] 4 | 10 1 8 11 2 _ 7 0 8 _ 6 2 
[00270760] 5 | 10 1 8 11 4 _ 9 0 8 _ 6 _ 
[00270761] 4 | 10 1 8 11 4 _ 9 0 8 _ 6 2 
[00270762] 3 | 10 1 8 11 4 7 9 0 8 _ 6 2 
[00270763] 5 | 10 1 8 11 7 _ 2 0 8 _ 6 _ 
[00270764] 4 | 10 1 8 11 7 3 2 0 8 _ 6 _ 
[00270765] 3 | 10 1 8 11 7 3 2 0 8 _ 6 9 
[00270766] 5 | 10 1 8 11 9 _ 4 0 8 _ 6 _ 
[00270767] 4 | 10 1 8 11 9 5 4 0 8 _ 6 _ 
[00270768] 3 | 10 1 8 11 9 5 4 0 8 _ 6 3 
[00270769] 4 | 10 1 8 11 9 _ 4 0 8 _ 6 2 
[00270770] 5 | 10 1 8 11 _ _ _ 0 8 _ 6 11 
[00270771] 4 | 10 1 8 11 3 7 _ 0 8 _ 6 11 
[00270772] 4 | 10 1 8 11 5 9 _ 0 8 _ 6 11 
[00270773] 3 | 10 1 8 11 5 9 2 0 8 _ 6 11 
[00270774] 4 | 10 1 8 11 7 3 _ 0 8 _ 6 11 
[00270775] 3 | 10 1 8 11 7 3 4 0 8 _ 6 11 
[00270776] 4 | 10 1 8 11 9 5 _ 0 8 _ 6 11 
[00270777] 4 | 10 1 8 11 3 _ 7 0 8 _ 6 11 
[00270778] 4 | 10 1 8 11 5 _ 9 0 8 _ 6 11 
[00270779] 3 | 10 1 8 11 5 2 9 0 8 _ 6 11 
[00270780] 4 | 10 1 8 11 7 _ 3 0 8 _ 6 11 
[00270781] 3 | 10 1 8 11 7 4 3 0 8 _ 6 11 
[00270782] 4 | 10 1 8 11 9 _ 5 0 8 _ 6 11 
[00270783] 6 | 10 1 8 11 _ _ _ 0 8 _ 3 9 
[00270784] 5 | 10 1 8 11 6 _ _ 0 8 _ 3 9 
[00270785] 4 | 10 1 8 11 6 2 _ 0 8 _ 3 9 
[00270786] 4 | 10 1 8 11 6 _ 2 0 8 _ 3 9 
[00270787] 5 | 10 1 8 11 2 7 _ 0 8 _ 3 9 
[00270788] 4 | 10 1 8 11 2 7 6 0 8 _ 3 9 
[00270789] 5 | 10 1 8 11 7 2 _ 0 8 _ 3 9 
[00270790] 5 | 10 1 8 11 2 _ 7 0 8 _ 3 9 
[00270791] 4 | 10 1 8 11 2 6 7 0 8 _ 3 9 
[00270792] 5 | 10 1 8 11 7 _ 2 0 8 _ 3 9 
[00270793] 6 | 10 1 8 11 _ _ _ 0 8 _ 9 3 
[00270794] 5 | 10 1 8 11 6 _ _ 0 8 _ 9 3 
[00270795] 4 | 10 1 8 11 6 2 _ 0 8 _ 9 3 
[00270796] 4 | 10 1 8 11 6 _ 2 0 8 _ 9 3 
[00270797] 5 | 10 1 8 11 2 7 _ 0 8 _ 9 3 
[00270798] 4 | 10 1 8 11 2 7 6 0 8 _ 9 3 
[00270799] 5 | 10 1 8 11 7 2 _ 0 8 _ 9 3 
[00270800] 5 | 10 1 8 11 2 _ 7 0 8 _ 9 3 
[00270801] 4 | 10 1 8 11 2 6 7 0 8 _ 9 3 
[00270802] 5 | 10 1 8 11 7 _ 2 0 8 _ 9 3 
[00270803] 7 | 10 1 _ 11 4 _ _ 0 8 _ _ _ 
[00270804] 6 | 10 1 7 11 4 _ _ 0 8 _ _ _ 
[00270805] 5 | 10 1 7 11 4 9 _ 0 8 _ _ _ 
[00270806] 4 | 10 1 7 11 4 9 0 0 8 _ _ _ 
[00270807] 3 | 10 1 7 11 4 9 0 0 8 5 _ _ 
[00270808] 3 | 10 1 7 11 4 9 0 0 8 _ 2 5 
[00270809] 2 | 10 1 7 11 4 9 0 0 8 6 2 5 
[00270810] 3 | 10 1 7 11 4 9 0 0 8 _ 3 6 
[00270811] 3 | 10 1 7 11 4 9 0 0 8 _ 5 2 
[00270812] 2 | 10 1 7 11 4 9 0 0 8 6 5 2 
[00270813] 3 | 10 1 7 11 4 9 0 0 8 _ 6 3 
[00270814] 4 | 10 1 7 11 4 9 8 0 8 _ _ _ 
[00270815] 3 | 10 1 7 11 4 9 8 0 8 _ 3 _ 
[00270816] 2 | 10 1 7 11 4 9 8 0 8 _ 3 5 
[00270817] 3 | 10 1 7 11 4 9 8 0 8 _ 2 5 
[00270818] 3 | 10 1 7 11 4 9 8 0 8 _ 3 6 
[00270819] 3 | 10 1 7 11 4 9 8 0 8 _ 5 2 
[00270820] 3 | 10 1 7 11 4 9 8 0 8 _ 6 3 
[00270821] 4 | 10 1 7 11 4 9 _ 0 8 4 _ _ 
[00270822] 3 | 10 1 7 11 4 9 _ 0 8 4 3 _ 
[00270823] 2 | 10 1 7 11 4 9 _ 0 8 4 3 5 
[00270824] 3 | 10 1 7 11 4 9 _ 0 8 4 2 5 
[00270825] 3 | 10 1 7 11 4 9 _ 0 8 4 3 6 
[00270826] 3 | 10 1 7 11 4 9 _ 0 8 4 5 2 
[00270827] 3 | 10 1 7 11 4 9 _ 0 8 4 6 3 
[00270828] 4 | 10 1 7 11 4 9 _ 0 8 _ 4 _ 
[00270829] 3 | 10 1 7 11 4 9 _ 0 8 5 4 _ 
[00270830] 2 | 10 1 7 11 4 9 2 0 8 5 4 _ 
[00270831] 2 | 10 1 7 11 4 9 6 0 8 5 4 _ 
[00270832] 2 | 10 1 7 11 4 9 _ 0 8 5 4 2 
[00270833] 2 | 10 1 7 11 4 9 _ 0 8 5 4 6 
[00270834] 4 | 10 1 7 11 4 9 _ 0 8 _ 2 6 
[00270835] 3 | 10 1 7 11 4 9 _ 0 8 5 2 6 
[00270836] 4 | 10 1 7 11 4 9 _ 0 8 _ 6 2 
[00270837] 3 | 10 1 7 11 4 9 _ 0 8 5 6 2 
[00270838] 5 | 10 1 7 11 4 _ 9 0 8 _ _ _ 
[00270839] 4 | 10 1 7 11 4 0 9 0 8 _ _ _ 
[00270840] 3 | 10 1 7 11 4 0 9 0 8 5 _ _ 
[00270841] 3 | 10 1 7 11 4 0 9 0 8 _ 2 5 
[00270842] 2 | 10 1 7 11 4 0 9 0 8 6 2 5 
[00270843] 3 | 10 1 7 11 4 0 9 0 8 _ 3 6 
[00270844] 3 | 10 1 7 11 4 0 9 0 8 _ 5 2 
[00270845] 2 | 10 1 7 11 4 0 9 0 8 6 5 2 
[00270846] 3 | 10 1 7 11 4 0 9 0 8 _ 6 3 
[00270847] 4 | 10 1 7 11 4 8 9 0 8 _ _ _ 
[00270848] 3 | 10 1 7 11 4 8 9 0 8 _ 3 _ 
[00270849] 2 | 10 1 7 11 4 8 9 0 8 _ 3 5 
[00270850] 3 | 10 1 7 11 4 8 9 0 8 _ 2 5 
[00270851] 3 | 10 1 7 11 4 8 9 0 8 _ 3 6 
[00270852] 3 | 10 1 7 11 4 8 9 0 8 _ 5 2 
[00270853] 3 | 10 1 7 11 4 8 9 0 8 _ 6 3 
[00270854] 4 | 10 1 7 11 4 _ 9 0 8 4 _ _ 
[00270855] 3 | 10 1 7 11 4 _ 9 0 8 4 3 _ 
[00270856] 2 | 10 1 7 11 4 _ 9 0 8 4 3 5 
[00270857] 3 | 10 1 7 11 4 _ 9 0 8 4 2 5 
[00270858] 3 | 10 1 7 11 4 _ 9 0 8 4 3 6 
[00270859] 3 | 10 1 7 11 4 _ 9 0 8 4 5 2 
[00270860] 3 | 10 1 7 11 4 _ 9 0 8 4 6 3 
[00270861] 4 | 10 1 7 11 4 _ 9 0 8 _ 4 _ 
[00270862] 3 | 10 1 7 11 4 _ 9 0 8 5 4 _ 
[00270863] 2 | 10 1 7 11 4 2 9 0 8 5 4 _ 
[00270864] 2 | 10 1 7 11 4 6 9 0 8 5 4 _ 
[00270865] 2 | 10 1 7 11 4 _ 9 0 8 5 4 2 
[00270866] 2 | 10 1 7 11 4 _ 9 0 8 5 4 6 
[00270867] 4 | 10 1 7 11 4 _ 9 0 8 _ 2 6 
[00270868] 3 | 10 1 7 11 4 _ 9 0 8 5 2 6 
[00270869] 4 | 10 1 7 11 4 _ 9 0 8 _ 6 2 
[00270870] 3 | 10 1 7 11 4 _ 9 0 8 5 6 2 
[00270871] 5 | 10 1 7 11 4 _ _ 0 8 3 _ _ 
[00270872] 4 | 10 1 7 11 4 0 _ 0 8 3 _ _ 
[00270873] 3 | 10 1 7 11 4 0 _ 0 8 3 2 5 
[00270874] 2 | 10 1 7 11 4 0 6 0 8 3 2 5 
[00270875] 3 | 10 1 7 11 4 0 _ 0 8 3 6 9 
[00270876] 2 | 10 1 7 11 4 0 2 0 8 3 6 9 
[00270877] 3 | 10 1 7 11 4 0 _ 0 8 3 5 2 
[00270878] 2 | 10 1 7 11 4 0 6 0 8 3 5 2 
[00270879] 3 | 10 1 7 11 4 0 _ 0 8 3 9 6 
[00270880] 2 | 10 1 7 11 4 0 2 0 8 3 9 6 
[00270881] 4 | 10 1 7 11 4 _ 0 0 8 3 _ _ 
[00270882] 3 | 10 1 7 11 4 _ 0 0 8 3 2 5 
[00270883] 2 | 10 1 7 11 4 6 0 0 8 3 2 5 
[00270884] 3 | 10 1 7 11 4 _ 0 0 8 3 6 9 
[00270885] 2 | 10 1 7 11 4 2 0 0 8 3 6 9 
[00270886] 3 | 10 1 7 11 4 _ 0 0 8 3 5 2 
[00270887] 2 | 10 1 7 11 4 6 0 0 8 3 5 2 
[00270888] 3 | 10 1 7 11 4 _ 0 0 8 3 9 6 
[00270889] 2 | 10 1 7 11 4 2 0 0 8 3 9 6 
[00270890] 4 | 10 1 7 11 4 _ _ 0 8 3 4 _ 
[00270891] 4 | 10 1 7 11 4 _ _ 0 8 3 2 6 
[00270892] 4 | 10 1 7 11 4 _ _ 0 8 3 5 9 
[00270893] 4 | 10 1 7 11 4 _ _ 0 8 3 6 2 
[00270894] 4 | 10 1 7 11 4 _ _ 0 8 3 9 5 
[00270895] 5 | 10 1 7 11 4 _ _ 0 8 _ 5 _ 
[00270896] 4 | 10 1 7 11 4 8 _ 0 8 _ 5 _ 
[00270897] 3 | 10 1 7 11 4 8 _ 0 8 _ 5 2 
[00270898] 2 | 10 1 7 11 4 8 6 0 8 _ 5 2 
[00270899] 4 | 10 1 7 11 4 _ 8 0 8 _ 5 _ 
[00270900] 3 | 10 1 7 11 4 _ 8 0 8 _ 5 2 
[00270901] 2 | 10 1 7 11 4 6 8 0 8 _ 5 2 
[00270902] 4 | 10 1 7 11 4 _ _ 0 8 4 5 _ 
[00270903] 3 | 10 1 7 11 4 _ _ 0 8 4 5 2 
[00270904] 4 | 10 1 7 11 4 _ _ 0 8 _ 5 9 
[00270905] 6 | 10 1 _ 11 4 _ _ 0 8 2 _ _ 
[00270906] 5 | 10 1 6 11 4 _ _ 0 8 2 _ _ 
[00270907] 4 | 10 1 6 11 4 0 _ 0 8 2 _ _ 
[00270908] 3 | 10 1 6 11 4 0 7 0 8 2 _ _ 
[00270909] 2 | 10 1 6 11 4 0 7 0 8 2 3 5 
