[00175997] 3 | 9 6 2 11 0 7 8 1 10 4 _ _ 
[00175998] 2 | 9 6 2 11 0 7 8 1 10 4 3 _ 
[00175999] 2 | 9 6 2 11 0 7 8 1 10 4 3 5 
[00176000] 2 | 9 6 2 11 0 7 8 1 10 4 5 3 
[00176001] 4 | _ 6 _ 11 0 7 8 1 10 4 5 _ 
[00176002] 3 | 3 6 _ 11 0 7 8 1 10 4 5 _ 
[00176003] 3 | 9 6 _ 11 0 7 8 1 10 4 5 _ 
[00176004] 2 | 9 6 _ 11 0 7 8 1 10 4 5 3 
[00176005] 3 | _ 6 3 11 0 7 8 1 10 4 5 _ 
[00176006] 3 | _ 6 9 11 0 7 8 1 10 4 5 _ 
[00176007] 2 | _ 6 9 11 0 7 8 1 10 4 5 3 
[00176008] 3 | _ 6 _ 11 0 7 8 1 10 4 5 2 
[00176009] 4 | _ 6 _ 11 0 7 8 1 10 4 5 9 
[00176010] 3 | 3 6 _ 11 0 7 8 1 10 4 5 9 
[00176011] 3 | _ 6 3 11 0 7 8 1 10 4 5 9 
[00176012] 4 | _ 6 _ 11 0 7 8 1 10 4 9 5 
[00176013] 3 | 3 6 _ 11 0 7 8 1 10 4 9 5 
[00176014] 3 | _ 6 3 11 0 7 8 1 10 4 9 5 
[00176015] 5 | _ _ _ 11 0 7 8 1 10 4 6 _ 
[00176016] 4 | 5 9 _ 11 0 7 8 1 10 4 6 _ 
[00176017] 3 | 5 9 6 11 0 7 8 1 10 4 6 _ 
[00176018] 3 | 5 9 _ 11 0 7 8 1 10 4 6 3 
[00176019] 3 | 5 9 _ 11 0 7 8 1 10 4 6 9 
[00176020] 4 | 9 5 _ 11 0 7 8 1 10 4 6 _ 
[00176021] 4 | _ 5 9 11 0 7 8 1 10 4 6 _ 
[00176022] 4 | _ 9 5 11 0 7 8 1 10 4 6 _ 
[00176023] 3 | 6 9 5 11 0 7 8 1 10 4 6 _ 
[00176024] 3 | _ 9 5 11 0 7 8 1 10 4 6 3 
[00176025] 3 | _ 9 5 11 0 7 8 1 10 4 6 9 
[00176026] 4 | _ _ _ 11 0 7 8 1 10 4 6 2 
[00176027] 6 | _ _ _ 11 0 7 8 1 10 _ 3 9 
[00176028] 5 | _ 6 _ 11 0 7 8 1 10 _ 3 9 
[00176029] 4 | 2 6 _ 11 0 7 8 1 10 _ 3 9 
[00176030] 4 | 10 6 _ 11 0 7 8 1 10 _ 3 9 
[00176031] 4 | _ 6 2 11 0 7 8 1 10 _ 3 9 
[00176032] 4 | _ 6 10 11 0 7 8 1 10 _ 3 9 
[00176033] 4 | _ 6 _ 11 0 7 8 1 10 6 3 9 
[00176034] 5 | _ _ _ 11 0 7 8 1 10 5 3 9 
[00176035] 4 | 2 6 _ 11 0 7 8 1 10 5 3 9 
[00176036] 4 | 6 2 _ 11 0 7 8 1 10 5 3 9 
[00176037] 4 | _ 2 6 11 0 7 8 1 10 5 3 9 
[00176038] 4 | _ 6 2 11 0 7 8 1 10 5 3 9 
[00176039] 6 | _ _ _ 11 0 7 8 1 10 _ 9 3 
[00176040] 5 | _ 6 _ 11 0 7 8 1 10 _ 9 3 
[00176041] 4 | 2 6 _ 11 0 7 8 1 10 _ 9 3 
[00176042] 4 | 10 6 _ 11 0 7 8 1 10 _ 9 3 
[00176043] 4 | _ 6 2 11 0 7 8 1 10 _ 9 3 
[00176044] 4 | _ 6 10 11 0 7 8 1 10 _ 9 3 
[00176045] 4 | _ 6 _ 11 0 7 8 1 10 6 9 3 
[00176046] 5 | _ _ _ 11 0 7 8 1 10 5 9 3 
[00176047] 4 | 2 6 _ 11 0 7 8 1 10 5 9 3 
[00176048] 4 | 6 2 _ 11 0 7 8 1 10 5 9 3 
[00176049] 4 | _ 2 6 11 0 7 8 1 10 5 9 3 
[00176050] 4 | _ 6 2 11 0 7 8 1 10 5 9 3 
[00176051] 7 | _ _ _ 11 0 _ 8 1 10 3 _ _ 
[00176052] 6 | _ 5 _ 11 0 _ 8 1 10 3 _ _ 
[00176053] 5 | 0 5 _ 11 0 _ 8 1 10 3 _ _ 
[00176054] 4 | 0 5 1 11 0 _ 8 1 10 3 _ _ 
[00176055] 3 | 0 5 1 11 0 _ 8 1 10 3 4 7 
[00176056] 3 | 0 5 1 11 0 _ 8 1 10 3 6 9 
[00176057] 3 | 0 5 1 11 0 _ 8 1 10 3 7 4 
[00176058] 3 | 0 5 1 11 0 _ 8 1 10 3 9 6 
[00176059] 4 | 0 5 9 11 0 _ 8 1 10 3 _ _ 
[00176060] 3 | 0 5 9 11 0 _ 8 1 10 3 4 _ 
[00176061] 2 | 0 5 9 11 0 _ 8 1 10 3 4 2 
[00176062] 2 | 0 5 9 11 0 _ 8 1 10 3 4 6 
[00176063] 3 | 0 5 9 11 0 _ 8 1 10 3 4 7 
[00176064] 3 | 0 5 9 11 0 _ 8 1 10 3 7 4 
[00176065] 4 | 0 5 _ 11 0 _ 8 1 10 3 5 _ 
[00176066] 3 | 0 5 2 11 0 _ 8 1 10 3 5 _ 
[00176067] 3 | 0 5 _ 11 0 _ 8 1 10 3 5 2 
[00176068] 4 | 0 5 _ 11 0 _ 8 1 10 3 2 6 
[00176069] 4 | 0 5 _ 11 0 _ 8 1 10 3 6 2 
[00176070] 5 | _ 5 0 11 0 _ 8 1 10 3 _ _ 
[00176071] 4 | 1 5 0 11 0 _ 8 1 10 3 _ _ 
[00176072] 3 | 1 5 0 11 0 _ 8 1 10 3 4 7 
[00176073] 3 | 1 5 0 11 0 _ 8 1 10 3 6 9 
[00176074] 3 | 1 5 0 11 0 _ 8 1 10 3 7 4 
[00176075] 3 | 1 5 0 11 0 _ 8 1 10 3 9 6 
[00176076] 4 | 9 5 0 11 0 _ 8 1 10 3 _ _ 
[00176077] 3 | 9 5 0 11 0 _ 8 1 10 3 4 _ 
[00176078] 2 | 9 5 0 11 0 _ 8 1 10 3 4 2 
[00176079] 2 | 9 5 0 11 0 _ 8 1 10 3 4 6 
[00176080] 3 | 9 5 0 11 0 _ 8 1 10 3 4 7 
[00176081] 3 | 9 5 0 11 0 _ 8 1 10 3 7 4 
[00176082] 4 | _ 5 0 11 0 _ 8 1 10 3 5 _ 
[00176083] 3 | 2 5 0 11 0 _ 8 1 10 3 5 _ 
[00176084] 3 | _ 5 0 11 0 _ 8 1 10 3 5 2 
[00176085] 4 | _ 5 0 11 0 _ 8 1 10 3 2 6 
[00176086] 4 | _ 5 0 11 0 _ 8 1 10 3 6 2 
[00176087] 5 | _ 5 _ 11 0 5 8 1 10 3 _ _ 
[00176088] 4 | _ 5 _ 11 0 5 8 1 10 3 2 6 
[00176089] 4 | _ 5 _ 11 0 5 8 1 10 3 6 2 
[00176090] 5 | _ 5 _ 11 0 _ 8 1 10 3 6 _ 
[00176091] 4 | 9 5 _ 11 0 _ 8 1 10 3 6 _ 
[00176092] 3 | 9 5 2 11 0 _ 8 1 10 3 6 _ 
[00176093] 2 | 9 5 2 11 0 _ 8 1 10 3 6 4 
[00176094] 4 | _ 5 9 11 0 _ 8 1 10 3 6 _ 
[00176095] 3 | 2 5 9 11 0 _ 8 1 10 3 6 _ 
[00176096] 2 | 2 5 9 11 0 _ 8 1 10 3 6 4 
[00176097] 4 | _ 5 _ 11 0 4 8 1 10 3 6 _ 
[00176098] 3 | 2 5 _ 11 0 4 8 1 10 3 6 _ 
[00176099] 2 | 2 5 7 11 0 4 8 1 10 3 6 _ 
[00176100] 3 | _ 5 2 11 0 4 8 1 10 3 6 _ 
[00176101] 2 | 7 5 2 11 0 4 8 1 10 3 6 _ 
[00176102] 3 | _ 5 _ 11 0 4 8 1 10 3 6 9 
[00176103] 2 | 7 5 _ 11 0 4 8 1 10 3 6 9 
[00176104] 2 | _ 5 7 11 0 4 8 1 10 3 6 9 
[00176105] 4 | _ 5 _ 11 0 _ 8 1 10 3 6 2 
[00176106] 5 | _ 5 _ 11 0 _ 8 1 10 3 2 7 
[00176107] 4 | 9 5 _ 11 0 _ 8 1 10 3 2 7 
[00176108] 4 | _ 5 9 11 0 _ 8 1 10 3 2 7 
[00176109] 4 | _ 5 _ 11 0 4 8 1 10 3 2 7 
[00176110] 5 | _ 5 _ 11 0 _ 8 1 10 3 4 9 
[00176111] 5 | _ 5 _ 11 0 _ 8 1 10 3 7 2 
[00176112] 4 | 9 5 _ 11 0 _ 8 1 10 3 7 2 
[00176113] 4 | _ 5 9 11 0 _ 8 1 10 3 7 2 
[00176114] 4 | _ 5 _ 11 0 4 8 1 10 3 7 2 
[00176115] 5 | _ 5 _ 11 0 _ 8 1 10 3 9 4 
[00176116] 6 | _ _ _ 11 0 6 8 1 10 3 _ _ 
[00176117] 5 | 2 7 _ 11 0 6 8 1 10 3 _ _ 
[00176118] 4 | 2 7 _ 11 0 6 8 1 10 3 5 _ 
[00176119] 3 | 2 7 4 11 0 6 8 1 10 3 5 _ 
[00176120] 4 | 2 7 _ 11 0 6 8 1 10 3 5 9 
[00176121] 3 | 2 7 4 11 0 6 8 1 10 3 5 9 
[00176122] 4 | 2 7 _ 11 0 6 8 1 10 3 9 5 
[00176123] 3 | 2 7 4 11 0 6 8 1 10 3 9 5 
[00176124] 5 | 4 9 _ 11 0 6 8 1 10 3 _ _ 
[00176125] 4 | 4 9 5 11 0 6 8 1 10 3 _ _ 
[00176126] 4 | 4 9 _ 11 0 6 8 1 10 3 5 _ 
[00176127] 3 | 4 9 _ 11 0 6 8 1 10 3 5 2 
[00176128] 2 | 4 9 7 11 0 6 8 1 10 3 5 2 
[00176129] 5 | 7 2 _ 11 0 6 8 1 10 3 _ _ 
[00176130] 5 | 9 4 _ 11 0 6 8 1 10 3 _ _ 
[00176131] 5 | _ 2 7 11 0 6 8 1 10 3 _ _ 
[00176132] 5 | _ 4 9 11 0 6 8 1 10 3 _ _ 
[00176133] 5 | _ 7 2 11 0 6 8 1 10 3 _ _ 
[00176134] 4 | _ 7 2 11 0 6 8 1 10 3 5 _ 
[00176135] 3 | 4 7 2 11 0 6 8 1 10 3 5 _ 
[00176136] 4 | _ 7 2 11 0 6 8 1 10 3 5 9 
[00176137] 3 | 4 7 2 11 0 6 8 1 10 3 5 9 
[00176138] 4 | _ 7 2 11 0 6 8 1 10 3 9 5 
[00176139] 3 | 4 7 2 11 0 6 8 1 10 3 9 5 
[00176140] 5 | _ 9 4 11 0 6 8 1 10 3 _ _ 
[00176141] 4 | 5 9 4 11 0 6 8 1 10 3 _ _ 
[00176142] 4 | _ 9 4 11 0 6 8 1 10 3 5 _ 
[00176143] 3 | _ 9 4 11 0 6 8 1 10 3 5 2 
[00176144] 2 | 7 9 4 11 0 6 8 1 10 3 5 2 
[00176145] 5 | _ _ _ 11 0 6 8 1 10 3 2 7 
[00176146] 4 | 5 9 _ 11 0 6 8 1 10 3 2 7 
[00176147] 4 | 9 5 _ 11 0 6 8 1 10 3 2 7 
[00176148] 4 | _ 5 9 11 0 6 8 1 10 3 2 7 
[00176149] 4 | _ 9 5 11 0 6 8 1 10 3 2 7 
[00176150] 5 | _ _ _ 11 0 6 8 1 10 3 4 9 
[00176151] 4 | _ 7 _ 11 0 6 8 1 10 3 4 9 
[00176152] 5 | _ _ _ 11 0 6 8 1 10 3 7 2 
[00176153] 4 | 5 9 _ 11 0 6 8 1 10 3 7 2 
[00176154] 4 | 9 5 _ 11 0 6 8 1 10 3 7 2 
[00176155] 4 | _ 5 9 11 0 6 8 1 10 3 7 2 
[00176156] 4 | _ 9 5 11 0 6 8 1 10 3 7 2 
[00176157] 5 | _ _ _ 11 0 6 8 1 10 3 9 4 
[00176158] 4 | _ 7 _ 11 0 6 8 1 10 3 9 4 
[00176159] 6 | _ _ _ 11 0 _ 8 1 10 3 7 _ 
[00176160] 5 | 4 9 _ 11 0 _ 8 1 10 3 7 _ 
[00176161] 4 | 4 9 5 11 0 _ 8 1 10 3 7 _ 
[00176162] 5 | 9 4 _ 11 0 _ 8 1 10 3 7 _ 
[00176163] 5 | _ 4 9 11 0 _ 8 1 10 3 7 _ 
[00176164] 5 | _ 9 4 11 0 _ 8 1 10 3 7 _ 
[00176165] 4 | 5 9 4 11 0 _ 8 1 10 3 7 _ 
[00176166] 5 | _ 6 _ 11 0 _ 8 1 10 3 7 _ 
[00176167] 4 | 2 6 _ 11 0 _ 8 1 10 3 7 _ 
[00176168] 3 | 2 6 9 11 0 _ 8 1 10 3 7 _ 
[00176169] 2 | 2 6 9 11 0 _ 8 1 10 3 7 5 
[00176170] 3 | 2 6 _ 11 0 _ 8 1 10 3 7 4 
[00176171] 4 | _ 6 2 11 0 _ 8 1 10 3 7 _ 
[00176172] 3 | 9 6 2 11 0 _ 8 1 10 3 7 _ 
[00176173] 2 | 9 6 2 11 0 _ 8 1 10 3 7 5 
[00176174] 3 | _ 6 2 11 0 _ 8 1 10 3 7 4 
[00176175] 4 | _ 6 _ 11 0 4 8 1 10 3 7 _ 
[00176176] 3 | 9 6 _ 11 0 4 8 1 10 3 7 _ 
[00176177] 2 | 9 6 _ 11 0 4 8 1 10 3 7 5 
[00176178] 3 | _ 6 9 11 0 4 8 1 10 3 7 _ 
[00176179] 2 | _ 6 9 11 0 4 8 1 10 3 7 5 
[00176180] 5 | _ _ _ 11 0 5 8 1 10 3 7 _ 
[00176181] 4 | 2 6 _ 11 0 5 8 1 10 3 7 _ 
[00176182] 4 | 6 2 _ 11 0 5 8 1 10 3 7 _ 
[00176183] 4 | _ 2 6 11 0 5 8 1 10 3 7 _ 
[00176184] 4 | _ 6 2 11 0 5 8 1 10 3 7 _ 
[00176185] 4 | _ 7 _ 11 0 5 8 1 10 3 7 _ 
[00176186] 3 | 4 7 _ 11 0 5 8 1 10 3 7 _ 
[00176187] 2 | 4 7 9 11 0 5 8 1 10 3 7 _ 
[00176188] 2 | 4 7 _ 11 0 5 8 1 10 3 7 9 
[00176189] 3 | _ 7 4 11 0 5 8 1 10 3 7 _ 
[00176190] 2 | 9 7 4 11 0 5 8 1 10 3 7 _ 
[00176191] 2 | _ 7 4 11 0 5 8 1 10 3 7 9 
[00176192] 3 | _ 7 _ 11 0 5 8 1 10 3 7 4 
[00176193] 4 | _ _ _ 11 0 5 8 1 10 3 7 11 
[00176194] 3 | 6 9 _ 11 0 5 8 1 10 3 7 11 
[00176195] 3 | 9 6 _ 11 0 5 8 1 10 3 7 11 
[00176196] 3 | _ 6 9 11 0 5 8 1 10 3 7 11 
[00176197] 3 | _ 9 6 11 0 5 8 1 10 3 7 11 
[00176198] 5 | _ _ _ 11 0 _ 8 1 10 3 7 2 
[00176199] 4 | 5 9 _ 11 0 _ 8 1 10 3 7 2 
[00176200] 3 | 5 9 6 11 0 _ 8 1 10 3 7 2 
[00176201] 4 | 9 5 _ 11 0 _ 8 1 10 3 7 2 
[00176202] 4 | _ 5 9 11 0 _ 8 1 10 3 7 2 
[00176203] 4 | _ 9 5 11 0 _ 8 1 10 3 7 2 
[00176204] 3 | 6 9 5 11 0 _ 8 1 10 3 7 2 
[00176205] 4 | _ _ _ 11 0 4 8 1 10 3 7 2 
[00176206] 3 | 6 9 _ 11 0 4 8 1 10 3 7 2 
[00176207] 3 | 9 6 _ 11 0 4 8 1 10 3 7 2 
[00176208] 3 | _ 6 9 11 0 4 8 1 10 3 7 2 
[00176209] 3 | _ 9 6 11 0 4 8 1 10 3 7 2 
[00176210] 7 | _ _ _ 11 0 _ 8 1 10 _ 2 9 
[00176211] 6 | _ 5 _ 11 0 _ 8 1 10 _ 2 9 
[00176212] 5 | 0 5 _ 11 0 _ 8 1 10 _ 2 9 
[00176213] 4 | 0 5 _ 11 0 _ 8 1 10 6 2 9 
[00176214] 5 | 10 5 _ 11 0 _ 8 1 10 _ 2 9 
[00176215] 4 | 10 5 _ 11 0 4 8 1 10 _ 2 9 
[00176216] 5 | _ 5 0 11 0 _ 8 1 10 _ 2 9 
[00176217] 4 | _ 5 0 11 0 _ 8 1 10 6 2 9 
[00176218] 5 | _ 5 10 11 0 _ 8 1 10 _ 2 9 
[00176219] 4 | _ 5 10 11 0 4 8 1 10 _ 2 9 
[00176220] 5 | _ 5 _ 11 0 5 8 1 10 _ 2 9 
[00176221] 4 | _ 5 _ 11 0 5 8 1 10 6 2 9 
[00176222] 5 | _ 5 _ 11 0 _ 8 1 10 5 2 9 
[00176223] 4 | _ 5 _ 11 0 4 8 1 10 5 2 9 
[00176224] 6 | _ _ _ 11 0 6 8 1 10 _ 2 9 
[00176225] 5 | _ _ _ 11 0 6 8 1 10 5 2 9 
[00176226] 4 | 3 7 _ 11 0 6 8 1 10 5 2 9 
[00176227] 4 | 7 3 _ 11 0 6 8 1 10 5 2 9 
[00176228] 4 | _ 3 7 11 0 6 8 1 10 5 2 9 
[00176229] 4 | _ 7 3 11 0 6 8 1 10 5 2 9 
[00176230] 4 | _ 7 _ 11 0 6 8 1 10 5 2 9 
[00176231] 3 | 4 7 _ 11 0 6 8 1 10 5 2 9 
[00176232] 3 | _ 7 4 11 0 6 8 1 10 5 2 9 
[00176233] 6 | _ _ _ 11 0 _ 8 1 10 4 2 9 
[00176234] 5 | _ 6 _ 11 0 _ 8 1 10 4 2 9 
[00176235] 5 | _ _ _ 11 0 5 8 1 10 4 2 9 
[00176236] 4 | 3 7 _ 11 0 5 8 1 10 4 2 9 
[00176237] 4 | 7 3 _ 11 0 5 8 1 10 4 2 9 
[00176238] 4 | _ 3 7 11 0 5 8 1 10 4 2 9 
[00176239] 4 | _ 7 3 11 0 5 8 1 10 4 2 9 
[00176240] 4 | _ 7 _ 11 0 5 8 1 10 4 2 9 
[00176241] 7 | _ _ _ 11 0 _ 8 1 10 _ 9 2 
[00176242] 6 | _ 5 _ 11 0 _ 8 1 10 _ 9 2 
[00176243] 5 | 0 5 _ 11 0 _ 8 1 10 _ 9 2 
[00176244] 4 | 0 5 _ 11 0 _ 8 1 10 6 9 2 
[00176245] 5 | 10 5 _ 11 0 _ 8 1 10 _ 9 2 
[00176246] 4 | 10 5 _ 11 0 4 8 1 10 _ 9 2 
[00176247] 5 | _ 5 0 11 0 _ 8 1 10 _ 9 2 
[00176248] 4 | _ 5 0 11 0 _ 8 1 10 6 9 2 
[00176249] 5 | _ 5 10 11 0 _ 8 1 10 _ 9 2 
[00176250] 4 | _ 5 10 11 0 4 8 1 10 _ 9 2 
[00176251] 5 | _ 5 _ 11 0 5 8 1 10 _ 9 2 
[00176252] 4 | _ 5 _ 11 0 5 8 1 10 6 9 2 
[00176253] 5 | _ 5 _ 11 0 _ 8 1 10 5 9 2 
[00176254] 4 | _ 5 _ 11 0 4 8 1 10 5 9 2 
[00176255] 6 | _ _ _ 11 0 6 8 1 10 _ 9 2 
[00176256] 5 | _ _ _ 11 0 6 8 1 10 5 9 2 
[00176257] 4 | 3 7 _ 11 0 6 8 1 10 5 9 2 
[00176258] 4 | 7 3 _ 11 0 6 8 1 10 5 9 2 
[00176259] 4 | _ 3 7 11 0 6 8 1 10 5 9 2 
[00176260] 4 | _ 7 3 11 0 6 8 1 10 5 9 2 
[00176261] 4 | _ 7 _ 11 0 6 8 1 10 5 9 2 
[00176262] 3 | 4 7 _ 11 0 6 8 1 10 5 9 2 
[00176263] 3 | _ 7 4 11 0 6 8 1 10 5 9 2 
[00176264] 6 | _ _ _ 11 0 _ 8 1 10 4 9 2 
[00176265] 5 | _ 6 _ 11 0 _ 8 1 10 4 9 2 
[00176266] 5 | _ _ _ 11 0 5 8 1 10 4 9 2 
[00176267] 4 | 3 7 _ 11 0 5 8 1 10 4 9 2 
[00176268] 4 | 7 3 _ 11 0 5 8 1 10 4 9 2 
[00176269] 4 | _ 3 7 11 0 5 8 1 10 4 9 2 
[00176270] 4 | _ 7 3 11 0 5 8 1 10 4 9 2 
[00176271] 4 | _ 7 _ 11 0 5 8 1 10 4 9 2 
[00176272] 8 | _ _ _ 11 0 _ _ 1 10 2 _ _ 
[00176273] 7 | _ 4 _ 11 0 _ _ 1 10 2 _ _ 
[00176274] 6 | _ 4 _ 11 0 6 _ 1 10 2 _ _ 
[00176275] 5 | 9 4 _ 11 0 6 _ 1 10 2 _ _ 
[00176276] 4 | 9 4 0 11 0 6 _ 1 10 2 _ _ 
[00176277] 3 | 9 4 0 11 0 6 _ 1 10 2 5 8 
[00176278] 3 | 9 4 0 11 0 6 _ 1 10 2 8 5 
[00176279] 4 | 9 4 8 11 0 6 _ 1 10 2 _ _ 
[00176280] 3 | 9 4 8 11 0 6 3 1 10 2 _ _ 
[00176281] 2 | 9 4 8 11 0 6 3 1 10 2 5 7 
[00176282] 2 | 9 4 8 11 0 6 3 1 10 2 7 5 
[00176283] 4 | 9 4 _ 11 0 6 4 1 10 2 _ _ 
[00176284] 3 | 9 4 _ 11 0 6 4 1 10 2 5 8 
[00176285] 3 | 9 4 _ 11 0 6 4 1 10 2 8 5 
[00176286] 4 | 9 4 _ 11 0 6 _ 1 10 2 5 _ 
[00176287] 3 | 9 4 7 11 0 6 _ 1 10 2 5 _ 
[00176288] 2 | 9 4 7 11 0 6 _ 1 10 2 5 3 
[00176289] 3 | 9 4 _ 11 0 6 3 1 10 2 5 _ 
[00176290] 2 | 9 4 _ 11 0 6 3 1 10 2 5 7 
[00176291] 3 | 9 4 _ 11 0 6 _ 1 10 2 5 8 
[00176292] 4 | 9 4 _ 11 0 6 _ 1 10 2 3 7 
[00176293] 4 | 9 4 _ 11 0 6 _ 1 10 2 7 3 
[00176294] 5 | _ 4 9 11 0 6 _ 1 10 2 _ _ 
[00176295] 4 | 0 4 9 11 0 6 _ 1 10 2 _ _ 
[00176296] 3 | 0 4 9 11 0 6 _ 1 10 2 5 8 
[00176297] 3 | 0 4 9 11 0 6 _ 1 10 2 8 5 
[00176298] 4 | 8 4 9 11 0 6 _ 1 10 2 _ _ 
[00176299] 3 | 8 4 9 11 0 6 3 1 10 2 _ _ 
[00176300] 2 | 8 4 9 11 0 6 3 1 10 2 5 7 
[00176301] 2 | 8 4 9 11 0 6 3 1 10 2 7 5 
[00176302] 4 | _ 4 9 11 0 6 4 1 10 2 _ _ 
[00176303] 3 | _ 4 9 11 0 6 4 1 10 2 5 8 
[00176304] 3 | _ 4 9 11 0 6 4 1 10 2 8 5 
[00176305] 4 | _ 4 9 11 0 6 _ 1 10 2 5 _ 
[00176306] 3 | 7 4 9 11 0 6 _ 1 10 2 5 _ 
[00176307] 2 | 7 4 9 11 0 6 _ 1 10 2 5 3 
[00176308] 3 | _ 4 9 11 0 6 3 1 10 2 5 _ 
[00176309] 2 | _ 4 9 11 0 6 3 1 10 2 5 7 
[00176310] 3 | _ 4 9 11 0 6 _ 1 10 2 5 8 
[00176311] 4 | _ 4 9 11 0 6 _ 1 10 2 3 7 
[00176312] 4 | _ 4 9 11 0 6 _ 1 10 2 7 3 
[00176313] 5 | _ 4 _ 11 0 6 5 1 10 2 _ _ 
[00176314] 4 | 8 4 _ 11 0 6 5 1 10 2 _ _ 
[00176315] 3 | 8 4 1 11 0 6 5 1 10 2 _ _ 
[00176316] 2 | 8 4 1 11 0 6 5 1 10 2 7 9 
[00176317] 2 | 8 4 1 11 0 6 5 1 10 2 9 7 
[00176318] 3 | 8 4 7 11 0 6 5 1 10 2 _ _ 
[00176319] 2 | 8 4 7 11 0 6 5 1 10 2 3 _ 
[00176320] 3 | 8 4 _ 11 0 6 5 1 10 2 4 _ 
[00176321] 4 | _ 4 8 11 0 6 5 1 10 2 _ _ 
[00176322] 3 | 1 4 8 11 0 6 5 1 10 2 _ _ 
[00176323] 2 | 1 4 8 11 0 6 5 1 10 2 7 9 
[00176324] 2 | 1 4 8 11 0 6 5 1 10 2 9 7 
[00176325] 3 | 7 4 8 11 0 6 5 1 10 2 _ _ 
[00176326] 2 | 7 4 8 11 0 6 5 1 10 2 3 _ 
[00176327] 3 | _ 4 8 11 0 6 5 1 10 2 4 _ 
[00176328] 4 | _ 4 _ 11 0 6 5 1 10 2 3 7 
[00176329] 4 | _ 4 _ 11 0 6 5 1 10 2 7 3 
[00176330] 5 | _ 4 _ 11 0 6 _ 1 10 2 3 8 
[00176331] 4 | 0 4 _ 11 0 6 _ 1 10 2 3 8 
[00176332] 3 | 0 4 7 11 0 6 _ 1 10 2 3 8 
[00176333] 4 | _ 4 0 11 0 6 _ 1 10 2 3 8 
[00176334] 3 | 7 4 0 11 0 6 _ 1 10 2 3 8 
[00176335] 4 | _ 4 _ 11 0 6 4 1 10 2 3 8 
[00176336] 5 | _ 4 _ 11 0 6 _ 1 10 2 8 3 
[00176337] 4 | 0 4 _ 11 0 6 _ 1 10 2 8 3 
[00176338] 3 | 0 4 7 11 0 6 _ 1 10 2 8 3 
[00176339] 4 | _ 4 0 11 0 6 _ 1 10 2 8 3 
[00176340] 3 | 7 4 0 11 0 6 _ 1 10 2 8 3 
[00176341] 4 | _ 4 _ 11 0 6 4 1 10 2 8 3 
[00176342] 6 | _ 4 _ 11 0 _ 6 1 10 2 _ _ 
[00176343] 5 | 9 4 _ 11 0 _ 6 1 10 2 _ _ 
[00176344] 4 | 9 4 0 11 0 _ 6 1 10 2 _ _ 
[00176345] 3 | 9 4 0 11 0 _ 6 1 10 2 5 8 
[00176346] 3 | 9 4 0 11 0 _ 6 1 10 2 8 5 
[00176347] 4 | 9 4 8 11 0 _ 6 1 10 2 _ _ 
[00176348] 3 | 9 4 8 11 0 3 6 1 10 2 _ _ 
[00176349] 2 | 9 4 8 11 0 3 6 1 10 2 5 7 
[00176350] 2 | 9 4 8 11 0 3 6 1 10 2 7 5 
[00176351] 4 | 9 4 _ 11 0 4 6 1 10 2 _ _ 
[00176352] 3 | 9 4 _ 11 0 4 6 1 10 2 5 8 
[00176353] 3 | 9 4 _ 11 0 4 6 1 10 2 8 5 
[00176354] 4 | 9 4 _ 11 0 _ 6 1 10 2 5 _ 
[00176355] 3 | 9 4 7 11 0 _ 6 1 10 2 5 _ 
[00176356] 2 | 9 4 7 11 0 _ 6 1 10 2 5 3 
[00176357] 3 | 9 4 _ 11 0 3 6 1 10 2 5 _ 
[00176358] 2 | 9 4 _ 11 0 3 6 1 10 2 5 7 
[00176359] 3 | 9 4 _ 11 0 _ 6 1 10 2 5 8 
[00176360] 4 | 9 4 _ 11 0 _ 6 1 10 2 3 7 
[00176361] 4 | 9 4 _ 11 0 _ 6 1 10 2 7 3 
[00176362] 5 | _ 4 9 11 0 _ 6 1 10 2 _ _ 
[00176363] 4 | 0 4 9 11 0 _ 6 1 10 2 _ _ 
[00176364] 3 | 0 4 9 11 0 _ 6 1 10 2 5 8 
[00176365] 3 | 0 4 9 11 0 _ 6 1 10 2 8 5 
[00176366] 4 | 8 4 9 11 0 _ 6 1 10 2 _ _ 
[00176367] 3 | 8 4 9 11 0 3 6 1 10 2 _ _ 
[00176368] 2 | 8 4 9 11 0 3 6 1 10 2 5 7 
[00176369] 2 | 8 4 9 11 0 3 6 1 10 2 7 5 
[00176370] 4 | _ 4 9 11 0 4 6 1 10 2 _ _ 
[00176371] 3 | _ 4 9 11 0 4 6 1 10 2 5 8 
[00176372] 3 | _ 4 9 11 0 4 6 1 10 2 8 5 
[00176373] 4 | _ 4 9 11 0 _ 6 1 10 2 5 _ 
[00176374] 3 | 7 4 9 11 0 _ 6 1 10 2 5 _ 
[00176375] 2 | 7 4 9 11 0 _ 6 1 10 2 5 3 
[00176376] 3 | _ 4 9 11 0 3 6 1 10 2 5 _ 
[00176377] 2 | _ 4 9 11 0 3 6 1 10 2 5 7 
[00176378] 3 | _ 4 9 11 0 _ 6 1 10 2 5 8 
[00176379] 4 | _ 4 9 11 0 _ 6 1 10 2 3 7 
[00176380] 4 | _ 4 9 11 0 _ 6 1 10 2 7 3 
[00176381] 5 | _ 4 _ 11 0 5 6 1 10 2 _ _ 
[00176382] 4 | 8 4 _ 11 0 5 6 1 10 2 _ _ 
[00176383] 3 | 8 4 1 11 0 5 6 1 10 2 _ _ 
[00176384] 2 | 8 4 1 11 0 5 6 1 10 2 7 9 
[00176385] 2 | 8 4 1 11 0 5 6 1 10 2 9 7 
[00176386] 3 | 8 4 7 11 0 5 6 1 10 2 _ _ 
[00176387] 2 | 8 4 7 11 0 5 6 1 10 2 3 _ 
[00176388] 3 | 8 4 _ 11 0 5 6 1 10 2 4 _ 
[00176389] 4 | _ 4 8 11 0 5 6 1 10 2 _ _ 
[00176390] 3 | 1 4 8 11 0 5 6 1 10 2 _ _ 
[00176391] 2 | 1 4 8 11 0 5 6 1 10 2 7 9 
[00176392] 2 | 1 4 8 11 0 5 6 1 10 2 9 7 
[00176393] 3 | 7 4 8 11 0 5 6 1 10 2 _ _ 
[00176394] 2 | 7 4 8 11 0 5 6 1 10 2 3 _ 
[00176395] 3 | _ 4 8 11 0 5 6 1 10 2 4 _ 
[00176396] 4 | _ 4 _ 11 0 5 6 1 10 2 3 7 
[00176397] 4 | _ 4 _ 11 0 5 6 1 10 2 7 3 
[00176398] 5 | _ 4 _ 11 0 _ 6 1 10 2 3 8 
[00176399] 4 | 0 4 _ 11 0 _ 6 1 10 2 3 8 
[00176400] 3 | 0 4 7 11 0 _ 6 1 10 2 3 8 
[00176401] 4 | _ 4 0 11 0 _ 6 1 10 2 3 8 
[00176402] 3 | 7 4 0 11 0 _ 6 1 10 2 3 8 
[00176403] 4 | _ 4 _ 11 0 4 6 1 10 2 3 8 
[00176404] 5 | _ 4 _ 11 0 _ 6 1 10 2 8 3 
[00176405] 4 | 0 4 _ 11 0 _ 6 1 10 2 8 3 
[00176406] 3 | 0 4 7 11 0 _ 6 1 10 2 8 3 
[00176407] 4 | _ 4 0 11 0 _ 6 1 10 2 8 3 
[00176408] 3 | 7 4 0 11 0 _ 6 1 10 2 8 3 
[00176409] 4 | _ 4 _ 11 0 4 6 1 10 2 8 3 
[00176410] 6 | _ 4 _ 11 0 _ _ 1 10 2 7 _ 
[00176411] 5 | 9 4 _ 11 0 _ _ 1 10 2 7 _ 
[00176412] 4 | 9 4 0 11 0 _ _ 1 10 2 7 _ 
[00176413] 4 | 9 4 8 11 0 _ _ 1 10 2 7 _ 
[00176414] 3 | 9 4 8 11 0 3 _ 1 10 2 7 _ 
[00176415] 2 | 9 4 8 11 0 3 _ 1 10 2 7 5 
[00176416] 3 | 9 4 8 11 0 _ 3 1 10 2 7 _ 
[00176417] 2 | 9 4 8 11 0 _ 3 1 10 2 7 5 
[00176418] 4 | 9 4 _ 11 0 4 _ 1 10 2 7 _ 
[00176419] 3 | 9 4 _ 11 0 4 3 1 10 2 7 _ 
[00176420] 2 | 9 4 _ 11 0 4 3 1 10 2 7 5 
[00176421] 4 | 9 4 _ 11 0 _ 4 1 10 2 7 _ 
[00176422] 3 | 9 4 _ 11 0 3 4 1 10 2 7 _ 
[00176423] 2 | 9 4 _ 11 0 3 4 1 10 2 7 5 
[00176424] 4 | 9 4 _ 11 0 _ _ 1 10 2 7 3 
[00176425] 5 | _ 4 9 11 0 _ _ 1 10 2 7 _ 
[00176426] 4 | 0 4 9 11 0 _ _ 1 10 2 7 _ 
[00176427] 4 | 8 4 9 11 0 _ _ 1 10 2 7 _ 
[00176428] 3 | 8 4 9 11 0 3 _ 1 10 2 7 _ 
[00176429] 2 | 8 4 9 11 0 3 _ 1 10 2 7 5 
[00176430] 3 | 8 4 9 11 0 _ 3 1 10 2 7 _ 
[00176431] 2 | 8 4 9 11 0 _ 3 1 10 2 7 5 
[00176432] 4 | _ 4 9 11 0 4 _ 1 10 2 7 _ 
[00176433] 3 | _ 4 9 11 0 4 3 1 10 2 7 _ 
[00176434] 2 | _ 4 9 11 0 4 3 1 10 2 7 5 
[00176435] 4 | _ 4 9 11 0 _ 4 1 10 2 7 _ 
[00176436] 3 | _ 4 9 11 0 3 4 1 10 2 7 _ 
[00176437] 2 | _ 4 9 11 0 3 4 1 10 2 7 5 
[00176438] 4 | _ 4 9 11 0 _ _ 1 10 2 7 3 
[00176439] 5 | _ 4 _ 11 0 5 _ 1 10 2 7 _ 
[00176440] 4 | 0 4 _ 11 0 5 _ 1 10 2 7 _ 
[00176441] 3 | 0 4 7 11 0 5 _ 1 10 2 7 _ 
[00176442] 3 | 0 4 _ 11 0 5 _ 1 10 2 7 4 
[00176443] 4 | 8 4 _ 11 0 5 _ 1 10 2 7 _ 
[00176444] 3 | 8 4 7 11 0 5 _ 1 10 2 7 _ 
[00176445] 3 | 8 4 _ 11 0 5 3 1 10 2 7 _ 
[00176446] 2 | 8 4 6 11 0 5 3 1 10 2 7 _ 
[00176447] 2 | 8 4 _ 11 0 5 3 1 10 2 7 9 
[00176448] 3 | 8 4 _ 11 0 5 _ 1 10 2 7 4 
[00176449] 4 | _ 4 0 11 0 5 _ 1 10 2 7 _ 
[00176450] 3 | 7 4 0 11 0 5 _ 1 10 2 7 _ 
[00176451] 3 | _ 4 0 11 0 5 _ 1 10 2 7 4 
[00176452] 4 | _ 4 8 11 0 5 _ 1 10 2 7 _ 
[00176453] 3 | 7 4 8 11 0 5 _ 1 10 2 7 _ 
[00176454] 3 | _ 4 8 11 0 5 3 1 10 2 7 _ 
[00176455] 2 | 6 4 8 11 0 5 3 1 10 2 7 _ 
[00176456] 2 | _ 4 8 11 0 5 3 1 10 2 7 9 
[00176457] 3 | _ 4 8 11 0 5 _ 1 10 2 7 4 
[00176458] 4 | _ 4 _ 11 0 5 4 1 10 2 7 _ 
[00176459] 4 | _ 4 _ 11 0 5 _ 1 10 2 7 3 
[00176460] 5 | _ 4 _ 11 0 _ 5 1 10 2 7 _ 
[00176461] 4 | 0 4 _ 11 0 _ 5 1 10 2 7 _ 
[00176462] 3 | 0 4 7 11 0 _ 5 1 10 2 7 _ 
[00176463] 3 | 0 4 _ 11 0 _ 5 1 10 2 7 4 
[00176464] 4 | 8 4 _ 11 0 _ 5 1 10 2 7 _ 
[00176465] 3 | 8 4 7 11 0 _ 5 1 10 2 7 _ 
[00176466] 3 | 8 4 _ 11 0 3 5 1 10 2 7 _ 
[00176467] 2 | 8 4 6 11 0 3 5 1 10 2 7 _ 
[00176468] 2 | 8 4 _ 11 0 3 5 1 10 2 7 9 
[00176469] 3 | 8 4 _ 11 0 _ 5 1 10 2 7 4 
[00176470] 4 | _ 4 0 11 0 _ 5 1 10 2 7 _ 
[00176471] 3 | 7 4 0 11 0 _ 5 1 10 2 7 _ 
[00176472] 3 | _ 4 0 11 0 _ 5 1 10 2 7 4 
[00176473] 4 | _ 4 8 11 0 _ 5 1 10 2 7 _ 
[00176474] 3 | 7 4 8 11 0 _ 5 1 10 2 7 _ 
[00176475] 3 | _ 4 8 11 0 3 5 1 10 2 7 _ 
[00176476] 2 | 6 4 8 11 0 3 5 1 10 2 7 _ 
[00176477] 2 | _ 4 8 11 0 3 5 1 10 2 7 9 
[00176478] 3 | _ 4 8 11 0 _ 5 1 10 2 7 4 
[00176479] 4 | _ 4 _ 11 0 4 5 1 10 2 7 _ 
[00176480] 4 | _ 4 _ 11 0 _ 5 1 10 2 7 3 
[00176481] 6 | _ 4 _ 11 0 _ _ 1 10 2 3 9 
[00176482] 5 | _ 4 _ 11 0 5 _ 1 10 2 3 9 
[00176483] 4 | 0 4 _ 11 0 5 _ 1 10 2 3 9 
[00176484] 3 | 0 4 7 11 0 5 _ 1 10 2 3 9 
[00176485] 4 | 8 4 _ 11 0 5 _ 1 10 2 3 9 
[00176486] 3 | 8 4 7 11 0 5 _ 1 10 2 3 9 
[00176487] 4 | _ 4 0 11 0 5 _ 1 10 2 3 9 
[00176488] 3 | 7 4 0 11 0 5 _ 1 10 2 3 9 
[00176489] 4 | _ 4 8 11 0 5 _ 1 10 2 3 9 
[00176490] 3 | 7 4 8 11 0 5 _ 1 10 2 3 9 
[00176491] 4 | _ 4 _ 11 0 5 4 1 10 2 3 9 
[00176492] 5 | _ 4 _ 11 0 _ 5 1 10 2 3 9 
[00176493] 4 | 0 4 _ 11 0 _ 5 1 10 2 3 9 
[00176494] 3 | 0 4 7 11 0 _ 5 1 10 2 3 9 
[00176495] 4 | 8 4 _ 11 0 _ 5 1 10 2 3 9 
[00176496] 3 | 8 4 7 11 0 _ 5 1 10 2 3 9 
