[00391712] 4 | 3 10 _ 1 9 5 4 11 5 _ 0 _ 
[00391713] 3 | 3 10 7 1 9 5 4 11 5 _ 0 _ 
[00391714] 2 | 3 10 7 1 9 5 4 11 5 _ 0 2 
[00391715] 4 | 3 10 _ 1 9 _ 4 11 5 9 0 _ 
[00391716] 3 | 3 10 7 1 9 _ 4 11 5 9 0 _ 
[00391717] 2 | 3 10 7 1 9 _ 4 11 5 9 0 2 
[00391718] 5 | 3 10 _ 1 9 _ _ 11 5 0 0 _ 
[00391719] 4 | 3 10 6 1 9 _ _ 11 5 0 0 _ 
[00391720] 5 | 3 10 _ 1 9 _ _ 11 5 10 0 _ 
[00391721] 4 | 3 10 _ 1 9 _ _ 11 5 10 0 4 
[00391722] 3 | 3 10 _ 1 9 6 _ 11 5 10 0 4 
[00391723] 2 | 3 10 _ 1 9 6 7 11 5 10 0 4 
[00391724] 3 | 3 10 _ 1 9 _ 6 11 5 10 0 4 
[00391725] 2 | 3 10 _ 1 9 7 6 11 5 10 0 4 
[00391726] 5 | 3 10 _ 1 9 _ _ 11 5 _ 0 5 
[00391727] 4 | 3 10 6 1 9 _ _ 11 5 _ 0 5 
[00391728] 6 | 3 10 _ 1 9 _ _ 11 2 8 0 _ 
[00391729] 5 | 3 10 5 1 9 _ _ 11 2 8 0 _ 
[00391730] 4 | 3 10 5 1 9 _ _ 11 2 8 0 4 
[00391731] 3 | 3 10 5 1 9 6 _ 11 2 8 0 4 
[00391732] 2 | 3 10 5 1 9 6 7 11 2 8 0 4 
[00391733] 3 | 3 10 5 1 9 _ 6 11 2 8 0 4 
[00391734] 2 | 3 10 5 1 9 7 6 11 2 8 0 4 
[00391735] 5 | 3 10 _ 1 9 4 _ 11 2 8 0 _ 
[00391736] 4 | 3 10 6 1 9 4 _ 11 2 8 0 _ 
[00391737] 4 | 3 10 _ 1 9 4 5 11 2 8 0 _ 
[00391738] 3 | 3 10 7 1 9 4 5 11 2 8 0 _ 
[00391739] 5 | 3 10 _ 1 9 _ 4 11 2 8 0 _ 
[00391740] 4 | 3 10 6 1 9 _ 4 11 2 8 0 _ 
[00391741] 4 | 3 10 _ 1 9 5 4 11 2 8 0 _ 
[00391742] 3 | 3 10 7 1 9 5 4 11 2 8 0 _ 
[00391743] 5 | 3 10 _ 1 9 _ _ 11 2 8 0 5 
[00391744] 4 | 3 10 6 1 9 _ _ 11 2 8 0 5 
[00391745] 6 | 3 10 _ 1 9 _ _ 11 8 2 0 _ 
[00391746] 5 | 3 10 5 1 9 _ _ 11 8 2 0 _ 
[00391747] 4 | 3 10 5 1 9 _ _ 11 8 2 0 4 
[00391748] 3 | 3 10 5 1 9 6 _ 11 8 2 0 4 
[00391749] 2 | 3 10 5 1 9 6 7 11 8 2 0 4 
[00391750] 3 | 3 10 5 1 9 _ 6 11 8 2 0 4 
[00391751] 2 | 3 10 5 1 9 7 6 11 8 2 0 4 
[00391752] 5 | 3 10 _ 1 9 4 _ 11 8 2 0 _ 
[00391753] 4 | 3 10 6 1 9 4 _ 11 8 2 0 _ 
[00391754] 4 | 3 10 _ 1 9 4 5 11 8 2 0 _ 
[00391755] 3 | 3 10 7 1 9 4 5 11 8 2 0 _ 
[00391756] 5 | 3 10 _ 1 9 _ 4 11 8 2 0 _ 
[00391757] 4 | 3 10 6 1 9 _ 4 11 8 2 0 _ 
[00391758] 4 | 3 10 _ 1 9 5 4 11 8 2 0 _ 
[00391759] 3 | 3 10 7 1 9 5 4 11 8 2 0 _ 
[00391760] 5 | 3 10 _ 1 9 _ _ 11 8 2 0 5 
[00391761] 4 | 3 10 6 1 9 _ _ 11 8 2 0 5 
[00391762] 6 | 3 10 _ 1 9 _ _ 11 _ _ 0 6 
[00391763] 5 | 3 10 5 1 9 _ _ 11 _ _ 0 6 
[00391764] 4 | 3 10 5 1 9 _ _ 11 7 _ 0 6 
[00391765] 3 | 3 10 5 1 9 _ _ 11 7 4 0 6 
[00391766] 4 | 3 10 5 1 9 _ _ 11 4 8 0 6 
[00391767] 4 | 3 10 5 1 9 _ _ 11 8 4 0 6 
[00391768] 5 | 3 10 _ 1 9 4 _ 11 _ _ 0 6 
[00391769] 4 | 3 10 _ 1 9 4 5 11 _ _ 0 6 
[00391770] 3 | 3 10 7 1 9 4 5 11 _ _ 0 6 
[00391771] 3 | 3 10 _ 1 9 4 5 11 8 _ 0 6 
[00391772] 2 | 3 10 8 1 9 4 5 11 8 _ 0 6 
[00391773] 2 | 3 10 _ 1 9 4 5 11 8 10 0 6 
[00391774] 4 | 3 10 _ 1 9 4 _ 11 7 _ 0 6 
[00391775] 3 | 3 10 7 1 9 4 _ 11 7 _ 0 6 
[00391776] 3 | 3 10 _ 1 9 4 _ 11 7 10 0 6 
[00391777] 5 | 3 10 _ 1 9 _ 4 11 _ _ 0 6 
[00391778] 4 | 3 10 _ 1 9 5 4 11 _ _ 0 6 
[00391779] 3 | 3 10 7 1 9 5 4 11 _ _ 0 6 
[00391780] 3 | 3 10 _ 1 9 5 4 11 8 _ 0 6 
[00391781] 2 | 3 10 8 1 9 5 4 11 8 _ 0 6 
[00391782] 2 | 3 10 _ 1 9 5 4 11 8 10 0 6 
[00391783] 4 | 3 10 _ 1 9 _ 4 11 7 _ 0 6 
[00391784] 3 | 3 10 7 1 9 _ 4 11 7 _ 0 6 
[00391785] 3 | 3 10 _ 1 9 _ 4 11 7 10 0 6 
[00391786] 5 | 3 10 _ 1 9 _ _ 11 2 7 0 6 
[00391787] 4 | 3 10 _ 1 9 5 _ 11 2 7 0 6 
[00391788] 4 | 3 10 _ 1 9 _ 5 11 2 7 0 6 
[00391789] 5 | 3 10 _ 1 9 _ _ 11 7 2 0 6 
[00391790] 4 | 3 10 _ 1 9 5 _ 11 7 2 0 6 
[00391791] 4 | 3 10 _ 1 9 _ 5 11 7 2 0 6 
[00391792] 7 | _ 10 3 1 9 _ _ 11 _ _ 0 _ 
[00391793] 6 | 4 10 3 1 9 _ _ 11 _ _ 0 _ 
[00391794] 5 | 4 10 3 1 9 _ _ 11 6 _ 0 _ 
[00391795] 4 | 4 10 3 1 9 5 _ 11 6 _ 0 _ 
[00391796] 3 | 4 10 3 1 9 5 6 11 6 _ 0 _ 
[00391797] 2 | 4 10 3 1 9 5 6 11 6 _ 0 2 
[00391798] 3 | 4 10 3 1 9 5 _ 11 6 9 0 _ 
[00391799] 2 | 4 10 3 1 9 5 _ 11 6 9 0 2 
[00391800] 4 | 4 10 3 1 9 _ 5 11 6 _ 0 _ 
[00391801] 3 | 4 10 3 1 9 6 5 11 6 _ 0 _ 
[00391802] 2 | 4 10 3 1 9 6 5 11 6 _ 0 2 
[00391803] 3 | 4 10 3 1 9 _ 5 11 6 9 0 _ 
[00391804] 2 | 4 10 3 1 9 _ 5 11 6 9 0 2 
[00391805] 4 | 4 10 3 1 9 _ _ 11 6 2 0 _ 
[00391806] 5 | 4 10 3 1 9 _ _ 11 2 7 0 _ 
[00391807] 4 | 4 10 3 1 9 5 _ 11 2 7 0 _ 
[00391808] 3 | 4 10 3 1 9 5 6 11 2 7 0 _ 
[00391809] 4 | 4 10 3 1 9 _ 5 11 2 7 0 _ 
[00391810] 3 | 4 10 3 1 9 6 5 11 2 7 0 _ 
[00391811] 5 | 4 10 3 1 9 _ _ 11 7 2 0 _ 
[00391812] 4 | 4 10 3 1 9 5 _ 11 7 2 0 _ 
[00391813] 3 | 4 10 3 1 9 5 6 11 7 2 0 _ 
[00391814] 4 | 4 10 3 1 9 _ 5 11 7 2 0 _ 
[00391815] 3 | 4 10 3 1 9 6 5 11 7 2 0 _ 
[00391816] 5 | 4 10 3 1 9 _ _ 11 _ _ 0 5 
[00391817] 4 | 4 10 3 1 9 _ _ 11 7 _ 0 5 
[00391818] 3 | 4 10 3 1 9 6 _ 11 7 _ 0 5 
[00391819] 2 | 4 10 3 1 9 6 7 11 7 _ 0 5 
[00391820] 2 | 4 10 3 1 9 6 _ 11 7 9 0 5 
[00391821] 3 | 4 10 3 1 9 _ 6 11 7 _ 0 5 
[00391822] 2 | 4 10 3 1 9 7 6 11 7 _ 0 5 
[00391823] 2 | 4 10 3 1 9 _ 6 11 7 9 0 5 
[00391824] 4 | 4 10 3 1 9 _ _ 11 2 6 0 5 
[00391825] 4 | 4 10 3 1 9 _ _ 11 6 2 0 5 
[00391826] 6 | _ 10 3 1 9 _ _ 11 5 _ 0 _ 
[00391827] 5 | 5 10 3 1 9 _ _ 11 5 _ 0 _ 
[00391828] 4 | 5 10 3 1 9 _ _ 11 5 _ 0 4 
[00391829] 3 | 5 10 3 1 9 6 _ 11 5 _ 0 4 
[00391830] 2 | 5 10 3 1 9 6 7 11 5 _ 0 4 
[00391831] 3 | 5 10 3 1 9 _ 6 11 5 _ 0 4 
[00391832] 2 | 5 10 3 1 9 7 6 11 5 _ 0 4 
[00391833] 5 | _ 10 3 1 9 4 _ 11 5 _ 0 _ 
[00391834] 4 | 6 10 3 1 9 4 _ 11 5 _ 0 _ 
[00391835] 3 | 6 10 3 1 9 4 _ 11 5 2 0 _ 
[00391836] 2 | 6 10 3 1 9 4 7 11 5 2 0 _ 
[00391837] 3 | 6 10 3 1 9 4 _ 11 5 8 0 _ 
[00391838] 2 | 6 10 3 1 9 4 7 11 5 8 0 _ 
[00391839] 2 | 6 10 3 1 9 4 _ 11 5 8 0 2 
[00391840] 4 | _ 10 3 1 9 4 5 11 5 _ 0 _ 
[00391841] 3 | 7 10 3 1 9 4 5 11 5 _ 0 _ 
[00391842] 2 | 7 10 3 1 9 4 5 11 5 _ 0 2 
[00391843] 4 | _ 10 3 1 9 4 _ 11 5 9 0 _ 
[00391844] 3 | 7 10 3 1 9 4 _ 11 5 9 0 _ 
[00391845] 2 | 7 10 3 1 9 4 _ 11 5 9 0 2 
[00391846] 5 | _ 10 3 1 9 _ 4 11 5 _ 0 _ 
[00391847] 4 | 6 10 3 1 9 _ 4 11 5 _ 0 _ 
[00391848] 3 | 6 10 3 1 9 _ 4 11 5 2 0 _ 
[00391849] 2 | 6 10 3 1 9 7 4 11 5 2 0 _ 
[00391850] 3 | 6 10 3 1 9 _ 4 11 5 8 0 _ 
[00391851] 2 | 6 10 3 1 9 7 4 11 5 8 0 _ 
[00391852] 2 | 6 10 3 1 9 _ 4 11 5 8 0 2 
[00391853] 4 | _ 10 3 1 9 5 4 11 5 _ 0 _ 
[00391854] 3 | 7 10 3 1 9 5 4 11 5 _ 0 _ 
[00391855] 2 | 7 10 3 1 9 5 4 11 5 _ 0 2 
[00391856] 4 | _ 10 3 1 9 _ 4 11 5 9 0 _ 
[00391857] 3 | 7 10 3 1 9 _ 4 11 5 9 0 _ 
[00391858] 2 | 7 10 3 1 9 _ 4 11 5 9 0 2 
[00391859] 5 | _ 10 3 1 9 _ _ 11 5 0 0 _ 
[00391860] 4 | 6 10 3 1 9 _ _ 11 5 0 0 _ 
[00391861] 5 | _ 10 3 1 9 _ _ 11 5 10 0 _ 
[00391862] 4 | _ 10 3 1 9 _ _ 11 5 10 0 4 
[00391863] 3 | _ 10 3 1 9 6 _ 11 5 10 0 4 
[00391864] 2 | _ 10 3 1 9 6 7 11 5 10 0 4 
[00391865] 3 | _ 10 3 1 9 _ 6 11 5 10 0 4 
[00391866] 2 | _ 10 3 1 9 7 6 11 5 10 0 4 
[00391867] 5 | _ 10 3 1 9 _ _ 11 5 _ 0 5 
[00391868] 4 | 6 10 3 1 9 _ _ 11 5 _ 0 5 
[00391869] 6 | _ 10 3 1 9 _ _ 11 2 8 0 _ 
[00391870] 5 | 5 10 3 1 9 _ _ 11 2 8 0 _ 
[00391871] 4 | 5 10 3 1 9 _ _ 11 2 8 0 4 
[00391872] 3 | 5 10 3 1 9 6 _ 11 2 8 0 4 
[00391873] 2 | 5 10 3 1 9 6 7 11 2 8 0 4 
[00391874] 3 | 5 10 3 1 9 _ 6 11 2 8 0 4 
[00391875] 2 | 5 10 3 1 9 7 6 11 2 8 0 4 
[00391876] 5 | _ 10 3 1 9 4 _ 11 2 8 0 _ 
[00391877] 4 | 6 10 3 1 9 4 _ 11 2 8 0 _ 
[00391878] 4 | _ 10 3 1 9 4 5 11 2 8 0 _ 
[00391879] 3 | 7 10 3 1 9 4 5 11 2 8 0 _ 
[00391880] 5 | _ 10 3 1 9 _ 4 11 2 8 0 _ 
[00391881] 4 | 6 10 3 1 9 _ 4 11 2 8 0 _ 
[00391882] 4 | _ 10 3 1 9 5 4 11 2 8 0 _ 
[00391883] 3 | 7 10 3 1 9 5 4 11 2 8 0 _ 
[00391884] 5 | _ 10 3 1 9 _ _ 11 2 8 0 5 
[00391885] 4 | 6 10 3 1 9 _ _ 11 2 8 0 5 
[00391886] 6 | _ 10 3 1 9 _ _ 11 8 2 0 _ 
[00391887] 5 | 5 10 3 1 9 _ _ 11 8 2 0 _ 
[00391888] 4 | 5 10 3 1 9 _ _ 11 8 2 0 4 
[00391889] 3 | 5 10 3 1 9 6 _ 11 8 2 0 4 
[00391890] 2 | 5 10 3 1 9 6 7 11 8 2 0 4 
[00391891] 3 | 5 10 3 1 9 _ 6 11 8 2 0 4 
[00391892] 2 | 5 10 3 1 9 7 6 11 8 2 0 4 
[00391893] 5 | _ 10 3 1 9 4 _ 11 8 2 0 _ 
[00391894] 4 | 6 10 3 1 9 4 _ 11 8 2 0 _ 
[00391895] 4 | _ 10 3 1 9 4 5 11 8 2 0 _ 
[00391896] 3 | 7 10 3 1 9 4 5 11 8 2 0 _ 
[00391897] 5 | _ 10 3 1 9 _ 4 11 8 2 0 _ 
[00391898] 4 | 6 10 3 1 9 _ 4 11 8 2 0 _ 
[00391899] 4 | _ 10 3 1 9 5 4 11 8 2 0 _ 
[00391900] 3 | 7 10 3 1 9 5 4 11 8 2 0 _ 
[00391901] 5 | _ 10 3 1 9 _ _ 11 8 2 0 5 
[00391902] 4 | 6 10 3 1 9 _ _ 11 8 2 0 5 
[00391903] 6 | _ 10 3 1 9 _ _ 11 _ _ 0 6 
[00391904] 5 | 5 10 3 1 9 _ _ 11 _ _ 0 6 
[00391905] 4 | 5 10 3 1 9 _ _ 11 7 _ 0 6 
[00391906] 3 | 5 10 3 1 9 _ _ 11 7 4 0 6 
[00391907] 4 | 5 10 3 1 9 _ _ 11 4 8 0 6 
[00391908] 4 | 5 10 3 1 9 _ _ 11 8 4 0 6 
[00391909] 5 | _ 10 3 1 9 4 _ 11 _ _ 0 6 
[00391910] 4 | _ 10 3 1 9 4 5 11 _ _ 0 6 
[00391911] 3 | 7 10 3 1 9 4 5 11 _ _ 0 6 
[00391912] 3 | _ 10 3 1 9 4 5 11 8 _ 0 6 
[00391913] 2 | 8 10 3 1 9 4 5 11 8 _ 0 6 
[00391914] 2 | _ 10 3 1 9 4 5 11 8 10 0 6 
[00391915] 4 | _ 10 3 1 9 4 _ 11 7 _ 0 6 
[00391916] 3 | 7 10 3 1 9 4 _ 11 7 _ 0 6 
[00391917] 3 | _ 10 3 1 9 4 _ 11 7 10 0 6 
[00391918] 5 | _ 10 3 1 9 _ 4 11 _ _ 0 6 
[00391919] 4 | _ 10 3 1 9 5 4 11 _ _ 0 6 
[00391920] 3 | 7 10 3 1 9 5 4 11 _ _ 0 6 
[00391921] 3 | _ 10 3 1 9 5 4 11 8 _ 0 6 
[00391922] 2 | 8 10 3 1 9 5 4 11 8 _ 0 6 
[00391923] 2 | _ 10 3 1 9 5 4 11 8 10 0 6 
[00391924] 4 | _ 10 3 1 9 _ 4 11 7 _ 0 6 
[00391925] 3 | 7 10 3 1 9 _ 4 11 7 _ 0 6 
[00391926] 3 | _ 10 3 1 9 _ 4 11 7 10 0 6 
[00391927] 5 | _ 10 3 1 9 _ _ 11 2 7 0 6 
[00391928] 4 | _ 10 3 1 9 5 _ 11 2 7 0 6 
[00391929] 4 | _ 10 3 1 9 _ 5 11 2 7 0 6 
[00391930] 5 | _ 10 3 1 9 _ _ 11 7 2 0 6 
[00391931] 4 | _ 10 3 1 9 5 _ 11 7 2 0 6 
[00391932] 4 | _ 10 3 1 9 _ 5 11 7 2 0 6 
[00391933] 7 | _ 10 _ 1 9 2 _ 11 _ _ 0 _ 
[00391934] 6 | 4 10 _ 1 9 2 _ 11 _ _ 0 _ 
[00391935] 5 | 4 10 5 1 9 2 _ 11 _ _ 0 _ 
[00391936] 4 | 4 10 5 1 9 2 _ 11 7 _ 0 _ 
[00391937] 3 | 4 10 5 1 9 2 6 11 7 _ 0 _ 
[00391938] 3 | 4 10 5 1 9 2 _ 11 7 _ 0 3 
[00391939] 2 | 4 10 5 1 9 2 7 11 7 _ 0 3 
[00391940] 2 | 4 10 5 1 9 2 _ 11 7 9 0 3 
[00391941] 4 | 4 10 5 1 9 2 _ 11 3 7 0 _ 
[00391942] 3 | 4 10 5 1 9 2 6 11 3 7 0 _ 
[00391943] 4 | 4 10 5 1 9 2 _ 11 7 3 0 _ 
[00391944] 3 | 4 10 5 1 9 2 6 11 7 3 0 _ 
[00391945] 5 | 4 10 _ 1 9 2 _ 11 6 _ 0 _ 
[00391946] 4 | 4 10 6 1 9 2 _ 11 6 _ 0 _ 
[00391947] 3 | 4 10 6 1 9 2 _ 11 6 _ 0 3 
[00391948] 2 | 4 10 6 1 9 2 7 11 6 _ 0 3 
[00391949] 4 | 4 10 _ 1 9 2 5 11 6 _ 0 _ 
[00391950] 3 | 4 10 7 1 9 2 5 11 6 _ 0 _ 
[00391951] 2 | 4 10 7 1 9 2 5 11 6 8 0 _ 
[00391952] 3 | 4 10 _ 1 9 2 5 11 6 3 0 _ 
[00391953] 2 | 4 10 8 1 9 2 5 11 6 3 0 _ 
[00391954] 3 | 4 10 _ 1 9 2 5 11 6 _ 0 3 
[00391955] 2 | 4 10 8 1 9 2 5 11 6 _ 0 3 
[00391956] 1 | 4 10 8 1 9 2 5 11 6 7 0 3  *Graceful*
[00391956] 2 | 4 10 _ 1 9 2 5 11 6 8 0 3 
[00391957] 4 | 4 10 _ 1 9 2 _ 11 6 10 0 _ 
[00391958] 3 | 4 10 _ 1 9 2 _ 11 6 10 0 3 
[00391959] 2 | 4 10 _ 1 9 2 7 11 6 10 0 3 
[00391960] 5 | 4 10 _ 1 9 2 _ 11 3 8 0 _ 
[00391961] 4 | 4 10 6 1 9 2 _ 11 3 8 0 _ 
[00391962] 4 | 4 10 _ 1 9 2 5 11 3 8 0 _ 
[00391963] 3 | 4 10 7 1 9 2 5 11 3 8 0 _ 
[00391964] 5 | 4 10 _ 1 9 2 _ 11 8 3 0 _ 
[00391965] 4 | 4 10 6 1 9 2 _ 11 8 3 0 _ 
[00391966] 4 | 4 10 _ 1 9 2 5 11 8 3 0 _ 
[00391967] 3 | 4 10 7 1 9 2 5 11 8 3 0 _ 
[00391968] 5 | 4 10 _ 1 9 2 _ 11 _ _ 0 5 
[00391969] 4 | 4 10 6 1 9 2 _ 11 _ _ 0 5 
[00391970] 3 | 4 10 6 1 9 2 _ 11 8 _ 0 5 
[00391971] 2 | 4 10 6 1 9 2 7 11 8 _ 0 5 
[00391972] 4 | 4 10 _ 1 9 2 _ 11 7 _ 0 5 
[00391973] 3 | 4 10 7 1 9 2 _ 11 7 _ 0 5 
[00391974] 3 | 4 10 _ 1 9 2 6 11 7 _ 0 5 
[00391975] 2 | 4 10 8 1 9 2 6 11 7 _ 0 5 
[00391976] 3 | 4 10 _ 1 9 2 _ 11 7 10 0 5 
[00391977] 4 | 4 10 _ 1 9 2 _ 11 3 7 0 5 
[00391978] 3 | 4 10 _ 1 9 2 6 11 3 7 0 5 
[00391979] 2 | 4 10 8 1 9 2 6 11 3 7 0 5 
[00391980] 4 | 4 10 _ 1 9 2 _ 11 7 3 0 5 
[00391981] 3 | 4 10 _ 1 9 2 6 11 7 3 0 5 
[00391982] 2 | 4 10 8 1 9 2 6 11 7 3 0 5 
[00391983] 6 | _ 10 4 1 9 2 _ 11 _ _ 0 _ 
[00391984] 5 | 5 10 4 1 9 2 _ 11 _ _ 0 _ 
[00391985] 4 | 5 10 4 1 9 2 _ 11 7 _ 0 _ 
[00391986] 3 | 5 10 4 1 9 2 6 11 7 _ 0 _ 
[00391987] 3 | 5 10 4 1 9 2 _ 11 7 _ 0 3 
[00391988] 2 | 5 10 4 1 9 2 7 11 7 _ 0 3 
[00391989] 2 | 5 10 4 1 9 2 _ 11 7 9 0 3 
[00391990] 4 | 5 10 4 1 9 2 _ 11 3 7 0 _ 
[00391991] 3 | 5 10 4 1 9 2 6 11 3 7 0 _ 
[00391992] 4 | 5 10 4 1 9 2 _ 11 7 3 0 _ 
[00391993] 3 | 5 10 4 1 9 2 6 11 7 3 0 _ 
[00391994] 5 | _ 10 4 1 9 2 _ 11 6 _ 0 _ 
[00391995] 4 | 6 10 4 1 9 2 _ 11 6 _ 0 _ 
[00391996] 3 | 6 10 4 1 9 2 _ 11 6 _ 0 3 
[00391997] 2 | 6 10 4 1 9 2 7 11 6 _ 0 3 
[00391998] 4 | _ 10 4 1 9 2 5 11 6 _ 0 _ 
[00391999] 3 | 7 10 4 1 9 2 5 11 6 _ 0 _ 
[00392000] 2 | 7 10 4 1 9 2 5 11 6 8 0 _ 
[00392001] 3 | _ 10 4 1 9 2 5 11 6 3 0 _ 
[00392002] 2 | 8 10 4 1 9 2 5 11 6 3 0 _ 
[00392003] 3 | _ 10 4 1 9 2 5 11 6 _ 0 3 
[00392004] 2 | 8 10 4 1 9 2 5 11 6 _ 0 3 
[00392005] 1 | 8 10 4 1 9 2 5 11 6 7 0 3  *Graceful*
[00392005] 2 | _ 10 4 1 9 2 5 11 6 8 0 3 
[00392006] 4 | _ 10 4 1 9 2 _ 11 6 10 0 _ 
[00392007] 3 | _ 10 4 1 9 2 _ 11 6 10 0 3 
[00392008] 2 | _ 10 4 1 9 2 7 11 6 10 0 3 
[00392009] 5 | _ 10 4 1 9 2 _ 11 3 8 0 _ 
[00392010] 4 | 6 10 4 1 9 2 _ 11 3 8 0 _ 
[00392011] 4 | _ 10 4 1 9 2 5 11 3 8 0 _ 
[00392012] 3 | 7 10 4 1 9 2 5 11 3 8 0 _ 
[00392013] 5 | _ 10 4 1 9 2 _ 11 8 3 0 _ 
[00392014] 4 | 6 10 4 1 9 2 _ 11 8 3 0 _ 
[00392015] 4 | _ 10 4 1 9 2 5 11 8 3 0 _ 
[00392016] 3 | 7 10 4 1 9 2 5 11 8 3 0 _ 
[00392017] 5 | _ 10 4 1 9 2 _ 11 _ _ 0 5 
[00392018] 4 | 6 10 4 1 9 2 _ 11 _ _ 0 5 
[00392019] 3 | 6 10 4 1 9 2 _ 11 8 _ 0 5 
[00392020] 2 | 6 10 4 1 9 2 7 11 8 _ 0 5 
[00392021] 4 | _ 10 4 1 9 2 _ 11 7 _ 0 5 
[00392022] 3 | 7 10 4 1 9 2 _ 11 7 _ 0 5 
[00392023] 3 | _ 10 4 1 9 2 6 11 7 _ 0 5 
[00392024] 2 | 8 10 4 1 9 2 6 11 7 _ 0 5 
[00392025] 3 | _ 10 4 1 9 2 _ 11 7 10 0 5 
[00392026] 4 | _ 10 4 1 9 2 _ 11 3 7 0 5 
[00392027] 3 | _ 10 4 1 9 2 6 11 3 7 0 5 
[00392028] 2 | 8 10 4 1 9 2 6 11 3 7 0 5 
[00392029] 4 | _ 10 4 1 9 2 _ 11 7 3 0 5 
[00392030] 3 | _ 10 4 1 9 2 6 11 7 3 0 5 
[00392031] 2 | 8 10 4 1 9 2 6 11 7 3 0 5 
[00392032] 6 | _ 10 _ 1 9 2 3 11 _ _ 0 _ 
[00392033] 5 | 5 10 _ 1 9 2 3 11 _ _ 0 _ 
[00392034] 4 | 5 10 6 1 9 2 3 11 _ _ 0 _ 
[00392035] 3 | 5 10 6 1 9 2 3 11 8 _ 0 _ 
[00392036] 3 | 5 10 6 1 9 2 3 11 4 7 0 _ 
[00392037] 3 | 5 10 6 1 9 2 3 11 7 4 0 _ 
[00392038] 4 | 5 10 _ 1 9 2 3 11 7 _ 0 _ 
[00392039] 3 | 5 10 7 1 9 2 3 11 7 _ 0 _ 
[00392040] 3 | 5 10 _ 1 9 2 3 11 7 4 0 _ 
[00392041] 2 | 5 10 8 1 9 2 3 11 7 4 0 _ 
[00392042] 3 | 5 10 _ 1 9 2 3 11 7 10 0 _ 
[00392043] 4 | 5 10 _ 1 9 2 3 11 4 8 0 _ 
[00392044] 3 | 5 10 7 1 9 2 3 11 4 8 0 _ 
[00392045] 4 | 5 10 _ 1 9 2 3 11 8 4 0 _ 
[00392046] 3 | 5 10 7 1 9 2 3 11 8 4 0 _ 
[00392047] 4 | 5 10 _ 1 9 2 3 11 _ _ 0 4 
[00392048] 3 | 5 10 7 1 9 2 3 11 _ _ 0 4 
[00392049] 2 | 5 10 7 1 9 2 3 11 6 8 0 4 
[00392050] 2 | 5 10 7 1 9 2 3 11 8 6 0 4 
[00392051] 3 | 5 10 _ 1 9 2 3 11 8 _ 0 4 
[00392052] 2 | 5 10 8 1 9 2 3 11 8 _ 0 4 
[00392053] 2 | 5 10 _ 1 9 2 3 11 8 6 0 4 
[00392054] 2 | 5 10 _ 1 9 2 3 11 8 10 0 4 
[00392055] 5 | _ 10 5 1 9 2 3 11 _ _ 0 _ 
[00392056] 4 | 6 10 5 1 9 2 3 11 _ _ 0 _ 
[00392057] 3 | 6 10 5 1 9 2 3 11 8 _ 0 _ 
[00392058] 3 | 6 10 5 1 9 2 3 11 4 7 0 _ 
[00392059] 3 | 6 10 5 1 9 2 3 11 7 4 0 _ 
[00392060] 4 | _ 10 5 1 9 2 3 11 7 _ 0 _ 
[00392061] 3 | 7 10 5 1 9 2 3 11 7 _ 0 _ 
[00392062] 3 | _ 10 5 1 9 2 3 11 7 4 0 _ 
[00392063] 2 | 8 10 5 1 9 2 3 11 7 4 0 _ 
[00392064] 3 | _ 10 5 1 9 2 3 11 7 10 0 _ 
[00392065] 4 | _ 10 5 1 9 2 3 11 4 8 0 _ 
[00392066] 3 | 7 10 5 1 9 2 3 11 4 8 0 _ 
[00392067] 4 | _ 10 5 1 9 2 3 11 8 4 0 _ 
[00392068] 3 | 7 10 5 1 9 2 3 11 8 4 0 _ 
[00392069] 4 | _ 10 5 1 9 2 3 11 _ _ 0 4 
[00392070] 3 | 7 10 5 1 9 2 3 11 _ _ 0 4 
[00392071] 2 | 7 10 5 1 9 2 3 11 6 8 0 4 
[00392072] 2 | 7 10 5 1 9 2 3 11 8 6 0 4 
[00392073] 3 | _ 10 5 1 9 2 3 11 8 _ 0 4 
[00392074] 2 | 8 10 5 1 9 2 3 11 8 _ 0 4 
[00392075] 2 | _ 10 5 1 9 2 3 11 8 6 0 4 
[00392076] 2 | _ 10 5 1 9 2 3 11 8 10 0 4 
[00392077] 5 | _ 10 _ 1 9 2 3 11 6 _ 0 _ 
[00392078] 4 | 6 10 _ 1 9 2 3 11 6 _ 0 _ 
[00392079] 3 | 6 10 7 1 9 2 3 11 6 _ 0 _ 
[00392080] 4 | _ 10 6 1 9 2 3 11 6 _ 0 _ 
[00392081] 3 | 7 10 6 1 9 2 3 11 6 _ 0 _ 
[00392082] 4 | _ 10 _ 1 9 2 3 11 6 10 0 _ 
[00392083] 4 | _ 10 _ 1 9 2 3 11 6 _ 0 4 
[00392084] 3 | 7 10 _ 1 9 2 3 11 6 _ 0 4 
[00392085] 2 | 7 10 8 1 9 2 3 11 6 _ 0 4 
[00392086] 1 | 7 10 8 1 9 2 3 11 6 5 0 4  *Graceful*
[00392086] 2 | 7 10 _ 1 9 2 3 11 6 8 0 4 
[00392087] 3 | _ 10 7 1 9 2 3 11 6 _ 0 4 
[00392088] 2 | 8 10 7 1 9 2 3 11 6 _ 0 4 
[00392089] 1 | 8 10 7 1 9 2 3 11 6 5 0 4  *Graceful*
[00392089] 2 | _ 10 7 1 9 2 3 11 6 8 0 4 
[00392090] 5 | _ 10 _ 1 9 2 3 11 _ _ 0 5 
[00392091] 4 | 6 10 _ 1 9 2 3 11 _ _ 0 5 
[00392092] 3 | 6 10 7 1 9 2 3 11 _ _ 0 5 
[00392093] 3 | 6 10 _ 1 9 2 3 11 8 _ 0 5 
[00392094] 2 | 6 10 8 1 9 2 3 11 8 _ 0 5 
[00392095] 2 | 6 10 _ 1 9 2 3 11 8 10 0 5 
[00392096] 3 | 6 10 _ 1 9 2 3 11 4 7 0 5 
[00392097] 2 | 6 10 8 1 9 2 3 11 4 7 0 5 
[00392098] 3 | 6 10 _ 1 9 2 3 11 7 4 0 5 
[00392099] 2 | 6 10 8 1 9 2 3 11 7 4 0 5 
[00392100] 4 | _ 10 6 1 9 2 3 11 _ _ 0 5 
[00392101] 3 | 7 10 6 1 9 2 3 11 _ _ 0 5 
[00392102] 3 | _ 10 6 1 9 2 3 11 8 _ 0 5 
[00392103] 2 | 8 10 6 1 9 2 3 11 8 _ 0 5 
[00392104] 2 | _ 10 6 1 9 2 3 11 8 10 0 5 
[00392105] 3 | _ 10 6 1 9 2 3 11 4 7 0 5 
[00392106] 2 | 8 10 6 1 9 2 3 11 4 7 0 5 
[00392107] 3 | _ 10 6 1 9 2 3 11 7 4 0 5 
[00392108] 2 | 8 10 6 1 9 2 3 11 7 4 0 5 
[00392109] 4 | _ 10 _ 1 9 2 3 11 7 _ 0 5 
[00392110] 3 | 7 10 _ 1 9 2 3 11 7 _ 0 5 
[00392111] 2 | 7 10 8 1 9 2 3 11 7 _ 0 5 
[00392112] 3 | _ 10 7 1 9 2 3 11 7 _ 0 5 
[00392113] 2 | 8 10 7 1 9 2 3 11 7 _ 0 5 
[00392114] 3 | _ 10 _ 1 9 2 3 11 7 4 0 5 
[00392115] 2 | 8 10 _ 1 9 2 3 11 7 4 0 5 
[00392116] 2 | _ 10 8 1 9 2 3 11 7 4 0 5 
[00392117] 3 | _ 10 _ 1 9 2 3 11 7 10 0 5 
[00392118] 4 | _ 10 _ 1 9 2 3 11 4 8 0 5 
[00392119] 3 | 7 10 _ 1 9 2 3 11 4 8 0 5 
[00392120] 3 | _ 10 7 1 9 2 3 11 4 8 0 5 
[00392121] 4 | _ 10 _ 1 9 2 3 11 8 4 0 5 
[00392122] 3 | 7 10 _ 1 9 2 3 11 8 4 0 5 
[00392123] 3 | _ 10 7 1 9 2 3 11 8 4 0 5 
[00392124] 6 | _ 10 _ 1 9 2 _ 11 5 _ 0 _ 
[00392125] 5 | 5 10 _ 1 9 2 _ 11 5 _ 0 _ 
[00392126] 4 | 5 10 6 1 9 2 _ 11 5 _ 0 _ 
[00392127] 3 | 5 10 6 1 9 2 _ 11 5 _ 0 3 
[00392128] 2 | 5 10 6 1 9 2 7 11 5 _ 0 3 
[00392129] 4 | 5 10 _ 1 9 2 _ 11 5 _ 0 4 
[00392130] 3 | 5 10 7 1 9 2 _ 11 5 _ 0 4 
[00392131] 3 | 5 10 _ 1 9 2 6 11 5 _ 0 4 
[00392132] 2 | 5 10 8 1 9 2 6 11 5 _ 0 4 
[00392133] 5 | _ 10 5 1 9 2 _ 11 5 _ 0 _ 
[00392134] 4 | 6 10 5 1 9 2 _ 11 5 _ 0 _ 
[00392135] 3 | 6 10 5 1 9 2 _ 11 5 _ 0 3 
[00392136] 2 | 6 10 5 1 9 2 7 11 5 _ 0 3 
[00392137] 4 | _ 10 5 1 9 2 _ 11 5 _ 0 4 
[00392138] 3 | 7 10 5 1 9 2 _ 11 5 _ 0 4 
[00392139] 3 | _ 10 5 1 9 2 6 11 5 _ 0 4 
[00392140] 2 | 8 10 5 1 9 2 6 11 5 _ 0 4 
[00392141] 5 | _ 10 _ 1 9 2 4 11 5 _ 0 _ 
[00392142] 4 | 6 10 _ 1 9 2 4 11 5 _ 0 _ 
[00392143] 3 | 6 10 7 1 9 2 4 11 5 _ 0 _ 
[00392144] 2 | 6 10 7 1 9 2 4 11 5 3 0 _ 
[00392145] 3 | 6 10 _ 1 9 2 4 11 5 8 0 _ 
[00392146] 3 | 6 10 _ 1 9 2 4 11 5 _ 0 3 
[00392147] 2 | 6 10 8 1 9 2 4 11 5 _ 0 3 
[00392148] 2 | 6 10 _ 1 9 2 4 11 5 7 0 3 
[00392149] 4 | _ 10 6 1 9 2 4 11 5 _ 0 _ 
[00392150] 3 | 7 10 6 1 9 2 4 11 5 _ 0 _ 
[00392151] 2 | 7 10 6 1 9 2 4 11 5 3 0 _ 
[00392152] 3 | _ 10 6 1 9 2 4 11 5 8 0 _ 
[00392153] 3 | _ 10 6 1 9 2 4 11 5 _ 0 3 
[00392154] 2 | 8 10 6 1 9 2 4 11 5 _ 0 3 
[00392155] 2 | _ 10 6 1 9 2 4 11 5 7 0 3 
[00392156] 5 | _ 10 _ 1 9 2 _ 11 5 0 0 _ 
[00392157] 4 | 6 10 _ 1 9 2 _ 11 5 0 0 _ 
[00392158] 3 | 6 10 7 1 9 2 _ 11 5 0 0 _ 
[00392159] 4 | _ 10 6 1 9 2 _ 11 5 0 0 _ 
[00392160] 3 | 7 10 6 1 9 2 _ 11 5 0 0 _ 
[00392161] 5 | _ 10 _ 1 9 2 _ 11 5 10 0 _ 
[00392162] 4 | _ 10 _ 1 9 2 _ 11 5 10 0 4 
[00392163] 3 | _ 10 _ 1 9 2 6 11 5 10 0 4 
[00392164] 5 | _ 10 _ 1 9 2 _ 11 5 _ 0 5 
[00392165] 4 | 6 10 _ 1 9 2 _ 11 5 _ 0 5 
[00392166] 3 | 6 10 7 1 9 2 _ 11 5 _ 0 5 
[00392167] 4 | _ 10 6 1 9 2 _ 11 5 _ 0 5 
[00392168] 3 | 7 10 6 1 9 2 _ 11 5 _ 0 5 
[00392169] 6 | _ 10 _ 1 9 2 _ 11 _ _ 0 6 
[00392170] 5 | 5 10 _ 1 9 2 _ 11 _ _ 0 6 
[00392171] 4 | 5 10 _ 1 9 2 _ 11 7 _ 0 6 
[00392172] 3 | 5 10 7 1 9 2 _ 11 7 _ 0 6 
[00392173] 3 | 5 10 _ 1 9 2 _ 11 7 4 0 6 
[00392174] 2 | 5 10 8 1 9 2 _ 11 7 4 0 6 
[00392175] 3 | 5 10 _ 1 9 2 _ 11 7 10 0 6 
[00392176] 4 | 5 10 _ 1 9 2 _ 11 3 7 0 6 
[00392177] 4 | 5 10 _ 1 9 2 _ 11 4 8 0 6 
[00392178] 3 | 5 10 7 1 9 2 _ 11 4 8 0 6 
[00392179] 4 | 5 10 _ 1 9 2 _ 11 7 3 0 6 
[00392180] 4 | 5 10 _ 1 9 2 _ 11 8 4 0 6 
[00392181] 3 | 5 10 7 1 9 2 _ 11 8 4 0 6 
[00392182] 5 | _ 10 5 1 9 2 _ 11 _ _ 0 6 
[00392183] 4 | _ 10 5 1 9 2 _ 11 7 _ 0 6 
[00392184] 3 | 7 10 5 1 9 2 _ 11 7 _ 0 6 
[00392185] 3 | _ 10 5 1 9 2 _ 11 7 4 0 6 
[00392186] 2 | 8 10 5 1 9 2 _ 11 7 4 0 6 
[00392187] 3 | _ 10 5 1 9 2 _ 11 7 10 0 6 
[00392188] 4 | _ 10 5 1 9 2 _ 11 3 7 0 6 
[00392189] 4 | _ 10 5 1 9 2 _ 11 4 8 0 6 
[00392190] 3 | 7 10 5 1 9 2 _ 11 4 8 0 6 
[00392191] 4 | _ 10 5 1 9 2 _ 11 7 3 0 6 
[00392192] 4 | _ 10 5 1 9 2 _ 11 8 4 0 6 
[00392193] 3 | 7 10 5 1 9 2 _ 11 8 4 0 6 
[00392194] 5 | _ 10 _ 1 9 2 4 11 _ _ 0 6 
[00392195] 4 | _ 10 _ 1 9 2 4 11 7 _ 0 6 
[00392196] 3 | 7 10 _ 1 9 2 4 11 7 _ 0 6 
[00392197] 2 | 7 10 8 1 9 2 4 11 7 _ 0 6 
[00392198] 3 | _ 10 7 1 9 2 4 11 7 _ 0 6 
[00392199] 2 | 8 10 7 1 9 2 4 11 7 _ 0 6 
[00392200] 3 | _ 10 _ 1 9 2 4 11 7 10 0 6 
[00392201] 4 | _ 10 _ 1 9 2 4 11 3 7 0 6 
[00392202] 4 | _ 10 _ 1 9 2 4 11 7 3 0 6 
[00392203] 5 | _ 10 _ 1 9 2 _ 11 3 8 0 6 
[00392204] 4 | _ 10 _ 1 9 2 5 11 3 8 0 6 
[00392205] 3 | 7 10 _ 1 9 2 5 11 3 8 0 6 
[00392206] 3 | _ 10 7 1 9 2 5 11 3 8 0 6 
[00392207] 5 | _ 10 _ 1 9 2 _ 11 8 3 0 6 
