[00245974] 5 | _ 8 _ 0 10 _ 3 11 1 6 2 8 
[00245975] 5 | _ 8 _ 0 10 _ 3 11 4 9 2 8 
[00245976] 4 | _ 8 _ 0 10 6 3 11 4 9 2 8 
[00245977] 5 | _ 8 _ 0 10 _ 3 11 6 1 2 8 
[00245978] 5 | _ 8 _ 0 10 _ 3 11 9 4 2 8 
[00245979] 4 | _ 8 _ 0 10 6 3 11 9 4 2 8 
[00245980] 7 | _ 8 _ 0 10 _ _ 11 4 _ 2 _ 
[00245981] 6 | 2 8 _ 0 10 _ _ 11 4 _ 2 _ 
[00245982] 5 | 2 8 3 0 10 _ _ 11 4 _ 2 _ 
[00245983] 4 | 2 8 3 0 10 6 _ 11 4 _ 2 _ 
[00245984] 3 | 2 8 3 0 10 6 7 11 4 _ 2 _ 
[00245985] 3 | 2 8 3 0 10 6 _ 11 4 1 2 _ 
[00245986] 3 | 2 8 3 0 10 6 _ 11 4 7 2 _ 
[00245987] 4 | 2 8 3 0 10 _ 6 11 4 _ 2 _ 
[00245988] 3 | 2 8 3 0 10 7 6 11 4 _ 2 _ 
[00245989] 3 | 2 8 3 0 10 _ 6 11 4 1 2 _ 
[00245990] 3 | 2 8 3 0 10 _ 6 11 4 7 2 _ 
[00245991] 5 | 2 8 _ 0 10 5 _ 11 4 _ 2 _ 
[00245992] 4 | 2 8 4 0 10 5 _ 11 4 _ 2 _ 
[00245993] 3 | 2 8 4 0 10 5 7 11 4 _ 2 _ 
[00245994] 4 | 2 8 _ 0 10 5 6 11 4 _ 2 _ 
[00245995] 3 | 2 8 _ 0 10 5 6 11 4 1 2 _ 
[00245996] 3 | 2 8 _ 0 10 5 6 11 4 7 2 _ 
[00245997] 4 | 2 8 _ 0 10 5 _ 11 4 8 2 _ 
[00245998] 3 | 2 8 _ 0 10 5 7 11 4 8 2 _ 
[00245999] 5 | 2 8 _ 0 10 _ 5 11 4 _ 2 _ 
[00246000] 4 | 2 8 4 0 10 _ 5 11 4 _ 2 _ 
[00246001] 3 | 2 8 4 0 10 7 5 11 4 _ 2 _ 
[00246002] 4 | 2 8 _ 0 10 6 5 11 4 _ 2 _ 
[00246003] 3 | 2 8 _ 0 10 6 5 11 4 1 2 _ 
[00246004] 3 | 2 8 _ 0 10 6 5 11 4 7 2 _ 
[00246005] 4 | 2 8 _ 0 10 _ 5 11 4 8 2 _ 
[00246006] 3 | 2 8 _ 0 10 7 5 11 4 8 2 _ 
[00246007] 5 | 2 8 _ 0 10 _ _ 11 4 9 2 _ 
[00246008] 4 | 2 8 _ 0 10 6 _ 11 4 9 2 _ 
[00246009] 3 | 2 8 5 0 10 6 _ 11 4 9 2 _ 
[00246010] 3 | 2 8 _ 0 10 6 7 11 4 9 2 _ 
[00246011] 4 | 2 8 _ 0 10 _ 6 11 4 9 2 _ 
[00246012] 3 | 2 8 5 0 10 _ 6 11 4 9 2 _ 
[00246013] 3 | 2 8 _ 0 10 7 6 11 4 9 2 _ 
[00246014] 6 | _ 8 2 0 10 _ _ 11 4 _ 2 _ 
[00246015] 5 | 3 8 2 0 10 _ _ 11 4 _ 2 _ 
[00246016] 4 | 3 8 2 0 10 6 _ 11 4 _ 2 _ 
[00246017] 3 | 3 8 2 0 10 6 7 11 4 _ 2 _ 
[00246018] 3 | 3 8 2 0 10 6 _ 11 4 1 2 _ 
[00246019] 3 | 3 8 2 0 10 6 _ 11 4 7 2 _ 
[00246020] 4 | 3 8 2 0 10 _ 6 11 4 _ 2 _ 
[00246021] 3 | 3 8 2 0 10 7 6 11 4 _ 2 _ 
[00246022] 3 | 3 8 2 0 10 _ 6 11 4 1 2 _ 
[00246023] 3 | 3 8 2 0 10 _ 6 11 4 7 2 _ 
[00246024] 5 | _ 8 2 0 10 5 _ 11 4 _ 2 _ 
[00246025] 4 | 4 8 2 0 10 5 _ 11 4 _ 2 _ 
[00246026] 3 | 4 8 2 0 10 5 7 11 4 _ 2 _ 
[00246027] 4 | _ 8 2 0 10 5 6 11 4 _ 2 _ 
[00246028] 3 | _ 8 2 0 10 5 6 11 4 1 2 _ 
[00246029] 3 | _ 8 2 0 10 5 6 11 4 7 2 _ 
[00246030] 4 | _ 8 2 0 10 5 _ 11 4 8 2 _ 
[00246031] 3 | _ 8 2 0 10 5 7 11 4 8 2 _ 
[00246032] 5 | _ 8 2 0 10 _ 5 11 4 _ 2 _ 
[00246033] 4 | 4 8 2 0 10 _ 5 11 4 _ 2 _ 
[00246034] 3 | 4 8 2 0 10 7 5 11 4 _ 2 _ 
[00246035] 4 | _ 8 2 0 10 6 5 11 4 _ 2 _ 
[00246036] 3 | _ 8 2 0 10 6 5 11 4 1 2 _ 
[00246037] 3 | _ 8 2 0 10 6 5 11 4 7 2 _ 
[00246038] 4 | _ 8 2 0 10 _ 5 11 4 8 2 _ 
[00246039] 3 | _ 8 2 0 10 7 5 11 4 8 2 _ 
[00246040] 5 | _ 8 2 0 10 _ _ 11 4 9 2 _ 
[00246041] 4 | _ 8 2 0 10 6 _ 11 4 9 2 _ 
[00246042] 3 | 5 8 2 0 10 6 _ 11 4 9 2 _ 
[00246043] 3 | _ 8 2 0 10 6 7 11 4 9 2 _ 
[00246044] 4 | _ 8 2 0 10 _ 6 11 4 9 2 _ 
[00246045] 3 | 5 8 2 0 10 _ 6 11 4 9 2 _ 
[00246046] 3 | _ 8 2 0 10 7 6 11 4 9 2 _ 
[00246047] 6 | _ 8 _ 0 10 4 _ 11 4 _ 2 _ 
[00246048] 5 | 3 8 _ 0 10 4 _ 11 4 _ 2 _ 
[00246049] 4 | 3 8 _ 0 10 4 6 11 4 _ 2 _ 
[00246050] 3 | 3 8 5 0 10 4 6 11 4 _ 2 _ 
[00246051] 3 | 3 8 _ 0 10 4 6 11 4 _ 2 5 
[00246052] 4 | 3 8 _ 0 10 4 _ 11 4 _ 2 6 
[00246053] 3 | 3 8 5 0 10 4 _ 11 4 _ 2 6 
[00246054] 3 | 3 8 _ 0 10 4 7 11 4 _ 2 6 
[00246055] 5 | _ 8 3 0 10 4 _ 11 4 _ 2 _ 
[00246056] 4 | _ 8 3 0 10 4 6 11 4 _ 2 _ 
[00246057] 3 | 5 8 3 0 10 4 6 11 4 _ 2 _ 
[00246058] 3 | _ 8 3 0 10 4 6 11 4 _ 2 5 
[00246059] 4 | _ 8 3 0 10 4 _ 11 4 _ 2 6 
[00246060] 3 | 5 8 3 0 10 4 _ 11 4 _ 2 6 
[00246061] 3 | _ 8 3 0 10 4 7 11 4 _ 2 6 
[00246062] 5 | _ 8 _ 0 10 4 5 11 4 _ 2 _ 
[00246063] 4 | _ 8 _ 0 10 4 5 11 4 _ 2 6 
[00246064] 5 | _ 8 _ 0 10 4 _ 11 4 _ 2 7 
[00246065] 4 | _ 8 _ 0 10 4 6 11 4 _ 2 7 
[00246066] 3 | 5 8 _ 0 10 4 6 11 4 _ 2 7 
[00246067] 3 | _ 8 5 0 10 4 6 11 4 _ 2 7 
[00246068] 6 | _ 8 _ 0 10 _ 4 11 4 _ 2 _ 
[00246069] 5 | 3 8 _ 0 10 _ 4 11 4 _ 2 _ 
[00246070] 4 | 3 8 _ 0 10 6 4 11 4 _ 2 _ 
[00246071] 3 | 3 8 5 0 10 6 4 11 4 _ 2 _ 
[00246072] 3 | 3 8 _ 0 10 6 4 11 4 _ 2 5 
[00246073] 4 | 3 8 _ 0 10 _ 4 11 4 _ 2 6 
[00246074] 3 | 3 8 5 0 10 _ 4 11 4 _ 2 6 
[00246075] 3 | 3 8 _ 0 10 7 4 11 4 _ 2 6 
[00246076] 5 | _ 8 3 0 10 _ 4 11 4 _ 2 _ 
[00246077] 4 | _ 8 3 0 10 6 4 11 4 _ 2 _ 
[00246078] 3 | 5 8 3 0 10 6 4 11 4 _ 2 _ 
[00246079] 3 | _ 8 3 0 10 6 4 11 4 _ 2 5 
[00246080] 4 | _ 8 3 0 10 _ 4 11 4 _ 2 6 
[00246081] 3 | 5 8 3 0 10 _ 4 11 4 _ 2 6 
[00246082] 3 | _ 8 3 0 10 7 4 11 4 _ 2 6 
[00246083] 5 | _ 8 _ 0 10 5 4 11 4 _ 2 _ 
[00246084] 4 | _ 8 _ 0 10 5 4 11 4 _ 2 6 
[00246085] 5 | _ 8 _ 0 10 _ 4 11 4 _ 2 7 
[00246086] 4 | _ 8 _ 0 10 6 4 11 4 _ 2 7 
[00246087] 3 | 5 8 _ 0 10 6 4 11 4 _ 2 7 
[00246088] 3 | _ 8 5 0 10 6 4 11 4 _ 2 7 
[00246089] 6 | _ 8 _ 0 10 _ _ 11 4 10 2 _ 
[00246090] 5 | 3 8 _ 0 10 _ _ 11 4 10 2 _ 
[00246091] 4 | 3 8 _ 0 10 _ _ 11 4 10 2 6 
[00246092] 3 | 3 8 5 0 10 _ _ 11 4 10 2 6 
[00246093] 5 | _ 8 3 0 10 _ _ 11 4 10 2 _ 
[00246094] 4 | _ 8 3 0 10 _ _ 11 4 10 2 6 
[00246095] 3 | 5 8 3 0 10 _ _ 11 4 10 2 6 
[00246096] 5 | _ 8 _ 0 10 _ _ 11 4 10 2 7 
[00246097] 6 | _ 8 _ 0 10 _ _ 11 4 _ 2 8 
[00246098] 5 | _ 8 _ 0 10 5 _ 11 4 _ 2 8 
[00246099] 4 | _ 8 _ 0 10 5 6 11 4 _ 2 8 
[00246100] 3 | _ 8 _ 0 10 5 6 11 4 1 2 8 
[00246101] 3 | _ 8 _ 0 10 5 6 11 4 7 2 8 
[00246102] 5 | _ 8 _ 0 10 _ 5 11 4 _ 2 8 
[00246103] 4 | _ 8 _ 0 10 6 5 11 4 _ 2 8 
[00246104] 3 | _ 8 _ 0 10 6 5 11 4 1 2 8 
[00246105] 3 | _ 8 _ 0 10 6 5 11 4 7 2 8 
[00246106] 5 | _ 8 _ 0 10 _ _ 11 4 9 2 8 
[00246107] 4 | _ 8 _ 0 10 6 _ 11 4 9 2 8 
[00246108] 3 | _ 8 _ 0 10 6 7 11 4 9 2 8 
[00246109] 4 | _ 8 _ 0 10 _ 6 11 4 9 2 8 
[00246110] 3 | _ 8 _ 0 10 7 6 11 4 9 2 8 
[00246111] 7 | _ 8 _ 0 10 _ _ 11 _ _ 2 9 
[00246112] 6 | _ 8 _ 0 10 4 _ 11 _ _ 2 9 
[00246113] 5 | 3 8 _ 0 10 4 _ 11 _ _ 2 9 
[00246114] 4 | 3 8 _ 0 10 4 6 11 _ _ 2 9 
[00246115] 3 | 3 8 5 0 10 4 6 11 _ _ 2 9 
[00246116] 3 | 3 8 11 0 10 4 6 11 _ _ 2 9 
[00246117] 2 | 3 8 11 0 10 4 6 11 5 7 2 9 
[00246118] 2 | 3 8 11 0 10 4 6 11 7 5 2 9 
[00246119] 3 | 3 8 _ 0 10 4 6 11 8 _ 2 9 
[00246120] 4 | 3 8 _ 0 10 4 _ 11 7 _ 2 9 
[00246121] 3 | 3 8 5 0 10 4 _ 11 7 _ 2 9 
[00246122] 3 | 3 8 _ 0 10 4 7 11 7 _ 2 9 
[00246123] 2 | 3 8 6 0 10 4 7 11 7 _ 2 9 
[00246124] 3 | 3 8 _ 0 10 4 _ 11 7 10 2 9 
[00246125] 2 | 3 8 6 0 10 4 _ 11 7 10 2 9 
[00246126] 4 | 3 8 _ 0 10 4 _ 11 1 5 2 9 
[00246127] 3 | 3 8 _ 0 10 4 7 11 1 5 2 9 
[00246128] 2 | 3 8 6 0 10 4 7 11 1 5 2 9 
[00246129] 4 | 3 8 _ 0 10 4 _ 11 5 1 2 9 
[00246130] 3 | 3 8 _ 0 10 4 7 11 5 1 2 9 
[00246131] 2 | 3 8 6 0 10 4 7 11 5 1 2 9 
[00246132] 5 | _ 8 3 0 10 4 _ 11 _ _ 2 9 
[00246133] 4 | _ 8 3 0 10 4 6 11 _ _ 2 9 
[00246134] 3 | 5 8 3 0 10 4 6 11 _ _ 2 9 
[00246135] 3 | 11 8 3 0 10 4 6 11 _ _ 2 9 
[00246136] 2 | 11 8 3 0 10 4 6 11 5 7 2 9 
[00246137] 2 | 11 8 3 0 10 4 6 11 7 5 2 9 
[00246138] 3 | _ 8 3 0 10 4 6 11 8 _ 2 9 
[00246139] 4 | _ 8 3 0 10 4 _ 11 7 _ 2 9 
[00246140] 3 | 5 8 3 0 10 4 _ 11 7 _ 2 9 
[00246141] 3 | _ 8 3 0 10 4 7 11 7 _ 2 9 
[00246142] 2 | 6 8 3 0 10 4 7 11 7 _ 2 9 
[00246143] 3 | _ 8 3 0 10 4 _ 11 7 10 2 9 
[00246144] 2 | 6 8 3 0 10 4 _ 11 7 10 2 9 
[00246145] 4 | _ 8 3 0 10 4 _ 11 1 5 2 9 
[00246146] 3 | _ 8 3 0 10 4 7 11 1 5 2 9 
[00246147] 2 | 6 8 3 0 10 4 7 11 1 5 2 9 
[00246148] 4 | _ 8 3 0 10 4 _ 11 5 1 2 9 
[00246149] 3 | _ 8 3 0 10 4 7 11 5 1 2 9 
[00246150] 2 | 6 8 3 0 10 4 7 11 5 1 2 9 
[00246151] 5 | _ 8 _ 0 10 4 5 11 _ _ 2 9 
[00246152] 4 | _ 8 _ 0 10 4 5 11 7 _ 2 9 
[00246153] 4 | _ 8 _ 0 10 4 5 11 3 7 2 9 
[00246154] 4 | _ 8 _ 0 10 4 5 11 7 3 2 9 
[00246155] 5 | _ 8 _ 0 10 4 _ 11 6 _ 2 9 
[00246156] 4 | _ 8 _ 0 10 4 6 11 6 _ 2 9 
[00246157] 3 | 5 8 _ 0 10 4 6 11 6 _ 2 9 
[00246158] 3 | _ 8 5 0 10 4 6 11 6 _ 2 9 
[00246159] 4 | _ 8 _ 0 10 4 _ 11 6 10 2 9 
[00246160] 3 | 5 8 _ 0 10 4 _ 11 6 10 2 9 
[00246161] 3 | _ 8 5 0 10 4 _ 11 6 10 2 9 
[00246162] 5 | _ 8 _ 0 10 4 _ 11 1 6 2 9 
[00246163] 5 | _ 8 _ 0 10 4 _ 11 6 1 2 9 
[00246164] 6 | _ 8 _ 0 10 _ 4 11 _ _ 2 9 
[00246165] 5 | 3 8 _ 0 10 _ 4 11 _ _ 2 9 
[00246166] 4 | 3 8 _ 0 10 6 4 11 _ _ 2 9 
[00246167] 3 | 3 8 5 0 10 6 4 11 _ _ 2 9 
[00246168] 3 | 3 8 11 0 10 6 4 11 _ _ 2 9 
[00246169] 2 | 3 8 11 0 10 6 4 11 5 7 2 9 
[00246170] 2 | 3 8 11 0 10 6 4 11 7 5 2 9 
[00246171] 3 | 3 8 _ 0 10 6 4 11 8 _ 2 9 
[00246172] 4 | 3 8 _ 0 10 _ 4 11 7 _ 2 9 
[00246173] 3 | 3 8 5 0 10 _ 4 11 7 _ 2 9 
[00246174] 3 | 3 8 _ 0 10 7 4 11 7 _ 2 9 
[00246175] 2 | 3 8 6 0 10 7 4 11 7 _ 2 9 
[00246176] 3 | 3 8 _ 0 10 _ 4 11 7 10 2 9 
[00246177] 2 | 3 8 6 0 10 _ 4 11 7 10 2 9 
[00246178] 4 | 3 8 _ 0 10 _ 4 11 1 5 2 9 
[00246179] 3 | 3 8 _ 0 10 7 4 11 1 5 2 9 
[00246180] 2 | 3 8 6 0 10 7 4 11 1 5 2 9 
[00246181] 4 | 3 8 _ 0 10 _ 4 11 5 1 2 9 
[00246182] 3 | 3 8 _ 0 10 7 4 11 5 1 2 9 
[00246183] 2 | 3 8 6 0 10 7 4 11 5 1 2 9 
[00246184] 5 | _ 8 3 0 10 _ 4 11 _ _ 2 9 
[00246185] 4 | _ 8 3 0 10 6 4 11 _ _ 2 9 
[00246186] 3 | 5 8 3 0 10 6 4 11 _ _ 2 9 
[00246187] 3 | 11 8 3 0 10 6 4 11 _ _ 2 9 
[00246188] 2 | 11 8 3 0 10 6 4 11 5 7 2 9 
[00246189] 2 | 11 8 3 0 10 6 4 11 7 5 2 9 
[00246190] 3 | _ 8 3 0 10 6 4 11 8 _ 2 9 
[00246191] 4 | _ 8 3 0 10 _ 4 11 7 _ 2 9 
[00246192] 3 | 5 8 3 0 10 _ 4 11 7 _ 2 9 
[00246193] 3 | _ 8 3 0 10 7 4 11 7 _ 2 9 
[00246194] 2 | 6 8 3 0 10 7 4 11 7 _ 2 9 
[00246195] 3 | _ 8 3 0 10 _ 4 11 7 10 2 9 
[00246196] 2 | 6 8 3 0 10 _ 4 11 7 10 2 9 
[00246197] 4 | _ 8 3 0 10 _ 4 11 1 5 2 9 
[00246198] 3 | _ 8 3 0 10 7 4 11 1 5 2 9 
[00246199] 2 | 6 8 3 0 10 7 4 11 1 5 2 9 
[00246200] 4 | _ 8 3 0 10 _ 4 11 5 1 2 9 
[00246201] 3 | _ 8 3 0 10 7 4 11 5 1 2 9 
[00246202] 2 | 6 8 3 0 10 7 4 11 5 1 2 9 
[00246203] 5 | _ 8 _ 0 10 5 4 11 _ _ 2 9 
[00246204] 4 | _ 8 _ 0 10 5 4 11 7 _ 2 9 
[00246205] 4 | _ 8 _ 0 10 5 4 11 3 7 2 9 
[00246206] 4 | _ 8 _ 0 10 5 4 11 7 3 2 9 
[00246207] 5 | _ 8 _ 0 10 _ 4 11 6 _ 2 9 
[00246208] 4 | _ 8 _ 0 10 6 4 11 6 _ 2 9 
[00246209] 3 | 5 8 _ 0 10 6 4 11 6 _ 2 9 
[00246210] 3 | _ 8 5 0 10 6 4 11 6 _ 2 9 
[00246211] 4 | _ 8 _ 0 10 _ 4 11 6 10 2 9 
[00246212] 3 | 5 8 _ 0 10 _ 4 11 6 10 2 9 
[00246213] 3 | _ 8 5 0 10 _ 4 11 6 10 2 9 
[00246214] 5 | _ 8 _ 0 10 _ 4 11 1 6 2 9 
[00246215] 5 | _ 8 _ 0 10 _ 4 11 6 1 2 9 
[00246216] 6 | _ 8 _ 0 10 _ _ 11 5 _ 2 9 
[00246217] 5 | 3 8 _ 0 10 _ _ 11 5 _ 2 9 
[00246218] 4 | 3 8 4 0 10 _ _ 11 5 _ 2 9 
[00246219] 3 | 3 8 4 0 10 7 _ 11 5 _ 2 9 
[00246220] 3 | 3 8 4 0 10 _ 7 11 5 _ 2 9 
[00246221] 4 | 3 8 _ 0 10 6 _ 11 5 _ 2 9 
[00246222] 3 | 3 8 5 0 10 6 _ 11 5 _ 2 9 
[00246223] 3 | 3 8 _ 0 10 6 7 11 5 _ 2 9 
[00246224] 3 | 3 8 _ 0 10 6 _ 11 5 8 2 9 
[00246225] 4 | 3 8 _ 0 10 _ 6 11 5 _ 2 9 
[00246226] 3 | 3 8 5 0 10 _ 6 11 5 _ 2 9 
[00246227] 3 | 3 8 _ 0 10 7 6 11 5 _ 2 9 
[00246228] 3 | 3 8 _ 0 10 _ 6 11 5 8 2 9 
[00246229] 4 | 3 8 _ 0 10 _ _ 11 5 1 2 9 
[00246230] 3 | 3 8 _ 0 10 7 _ 11 5 1 2 9 
[00246231] 2 | 3 8 6 0 10 7 _ 11 5 1 2 9 
[00246232] 2 | 3 8 10 0 10 7 _ 11 5 1 2 9 
[00246233] 2 | 3 8 _ 0 10 7 8 11 5 1 2 9 
[00246234] 3 | 3 8 _ 0 10 _ 7 11 5 1 2 9 
[00246235] 2 | 3 8 6 0 10 _ 7 11 5 1 2 9 
[00246236] 2 | 3 8 10 0 10 _ 7 11 5 1 2 9 
[00246237] 2 | 3 8 _ 0 10 8 7 11 5 1 2 9 
[00246238] 5 | _ 8 3 0 10 _ _ 11 5 _ 2 9 
[00246239] 4 | 4 8 3 0 10 _ _ 11 5 _ 2 9 
[00246240] 3 | 4 8 3 0 10 7 _ 11 5 _ 2 9 
[00246241] 3 | 4 8 3 0 10 _ 7 11 5 _ 2 9 
[00246242] 4 | _ 8 3 0 10 6 _ 11 5 _ 2 9 
[00246243] 3 | 5 8 3 0 10 6 _ 11 5 _ 2 9 
[00246244] 3 | _ 8 3 0 10 6 7 11 5 _ 2 9 
[00246245] 3 | _ 8 3 0 10 6 _ 11 5 8 2 9 
[00246246] 4 | _ 8 3 0 10 _ 6 11 5 _ 2 9 
[00246247] 3 | 5 8 3 0 10 _ 6 11 5 _ 2 9 
[00246248] 3 | _ 8 3 0 10 7 6 11 5 _ 2 9 
[00246249] 3 | _ 8 3 0 10 _ 6 11 5 8 2 9 
[00246250] 4 | _ 8 3 0 10 _ _ 11 5 1 2 9 
[00246251] 3 | _ 8 3 0 10 7 _ 11 5 1 2 9 
[00246252] 2 | 6 8 3 0 10 7 _ 11 5 1 2 9 
[00246253] 2 | 10 8 3 0 10 7 _ 11 5 1 2 9 
[00246254] 2 | _ 8 3 0 10 7 8 11 5 1 2 9 
[00246255] 3 | _ 8 3 0 10 _ 7 11 5 1 2 9 
[00246256] 2 | 6 8 3 0 10 _ 7 11 5 1 2 9 
[00246257] 2 | 10 8 3 0 10 _ 7 11 5 1 2 9 
[00246258] 2 | _ 8 3 0 10 8 7 11 5 1 2 9 
[00246259] 5 | _ 8 _ 0 10 5 _ 11 5 _ 2 9 
[00246260] 4 | 4 8 _ 0 10 5 _ 11 5 _ 2 9 
[00246261] 3 | 4 8 _ 0 10 5 7 11 5 _ 2 9 
[00246262] 2 | 4 8 6 0 10 5 7 11 5 _ 2 9 
[00246263] 4 | _ 8 4 0 10 5 _ 11 5 _ 2 9 
[00246264] 3 | _ 8 4 0 10 5 7 11 5 _ 2 9 
[00246265] 2 | 6 8 4 0 10 5 7 11 5 _ 2 9 
[00246266] 4 | _ 8 _ 0 10 5 6 11 5 _ 2 9 
[00246267] 5 | _ 8 _ 0 10 _ 5 11 5 _ 2 9 
[00246268] 4 | 4 8 _ 0 10 _ 5 11 5 _ 2 9 
[00246269] 3 | 4 8 _ 0 10 7 5 11 5 _ 2 9 
[00246270] 2 | 4 8 6 0 10 7 5 11 5 _ 2 9 
[00246271] 4 | _ 8 4 0 10 _ 5 11 5 _ 2 9 
[00246272] 3 | _ 8 4 0 10 7 5 11 5 _ 2 9 
[00246273] 2 | 6 8 4 0 10 7 5 11 5 _ 2 9 
[00246274] 4 | _ 8 _ 0 10 6 5 11 5 _ 2 9 
[00246275] 5 | _ 8 _ 0 10 _ _ 11 5 10 2 9 
[00246276] 4 | 4 8 _ 0 10 _ _ 11 5 10 2 9 
[00246277] 4 | _ 8 4 0 10 _ _ 11 5 10 2 9 
[00246278] 6 | _ 8 _ 0 10 _ _ 11 1 7 2 9 
[00246279] 5 | 3 8 _ 0 10 _ _ 11 1 7 2 9 
[00246280] 4 | 3 8 4 0 10 _ _ 11 1 7 2 9 
[00246281] 4 | 3 8 _ 0 10 6 _ 11 1 7 2 9 
[00246282] 3 | 3 8 5 0 10 6 _ 11 1 7 2 9 
[00246283] 4 | 3 8 _ 0 10 _ 6 11 1 7 2 9 
[00246284] 3 | 3 8 5 0 10 _ 6 11 1 7 2 9 
[00246285] 5 | _ 8 3 0 10 _ _ 11 1 7 2 9 
[00246286] 4 | 4 8 3 0 10 _ _ 11 1 7 2 9 
[00246287] 4 | _ 8 3 0 10 6 _ 11 1 7 2 9 
[00246288] 3 | 5 8 3 0 10 6 _ 11 1 7 2 9 
[00246289] 4 | _ 8 3 0 10 _ 6 11 1 7 2 9 
[00246290] 3 | 5 8 3 0 10 _ 6 11 1 7 2 9 
[00246291] 5 | _ 8 _ 0 10 5 _ 11 1 7 2 9 
[00246292] 4 | 4 8 _ 0 10 5 _ 11 1 7 2 9 
[00246293] 4 | _ 8 4 0 10 5 _ 11 1 7 2 9 
[00246294] 4 | _ 8 _ 0 10 5 6 11 1 7 2 9 
[00246295] 5 | _ 8 _ 0 10 _ 5 11 1 7 2 9 
[00246296] 4 | 4 8 _ 0 10 _ 5 11 1 7 2 9 
[00246297] 4 | _ 8 4 0 10 _ 5 11 1 7 2 9 
[00246298] 4 | _ 8 _ 0 10 6 5 11 1 7 2 9 
[00246299] 6 | _ 8 _ 0 10 _ _ 11 7 1 2 9 
[00246300] 5 | 3 8 _ 0 10 _ _ 11 7 1 2 9 
[00246301] 4 | 3 8 4 0 10 _ _ 11 7 1 2 9 
[00246302] 4 | 3 8 _ 0 10 6 _ 11 7 1 2 9 
[00246303] 3 | 3 8 5 0 10 6 _ 11 7 1 2 9 
[00246304] 4 | 3 8 _ 0 10 _ 6 11 7 1 2 9 
[00246305] 3 | 3 8 5 0 10 _ 6 11 7 1 2 9 
[00246306] 5 | _ 8 3 0 10 _ _ 11 7 1 2 9 
[00246307] 4 | 4 8 3 0 10 _ _ 11 7 1 2 9 
[00246308] 4 | _ 8 3 0 10 6 _ 11 7 1 2 9 
[00246309] 3 | 5 8 3 0 10 6 _ 11 7 1 2 9 
[00246310] 4 | _ 8 3 0 10 _ 6 11 7 1 2 9 
[00246311] 3 | 5 8 3 0 10 _ 6 11 7 1 2 9 
[00246312] 5 | _ 8 _ 0 10 5 _ 11 7 1 2 9 
[00246313] 4 | 4 8 _ 0 10 5 _ 11 7 1 2 9 
[00246314] 4 | _ 8 4 0 10 5 _ 11 7 1 2 9 
[00246315] 4 | _ 8 _ 0 10 5 6 11 7 1 2 9 
[00246316] 5 | _ 8 _ 0 10 _ 5 11 7 1 2 9 
[00246317] 4 | 4 8 _ 0 10 _ 5 11 7 1 2 9 
[00246318] 4 | _ 8 4 0 10 _ 5 11 7 1 2 9 
[00246319] 4 | _ 8 _ 0 10 6 5 11 7 1 2 9 
[00246320] 8 | _ _ _ 0 10 2 _ 11 _ _ 2 _ 
[00246321] 7 | 1 8 _ 0 10 2 _ 11 _ _ 2 _ 
[00246322] 7 | 8 1 _ 0 10 2 _ 11 _ _ 2 _ 
[00246323] 6 | 8 1 7 0 10 2 _ 11 _ _ 2 _ 
[00246324] 5 | 8 1 7 0 10 2 5 11 _ _ 2 _ 
[00246325] 5 | 8 1 7 0 10 2 _ 11 6 _ 2 _ 
[00246326] 4 | 8 1 7 0 10 2 6 11 6 _ 2 _ 
[00246327] 4 | 8 1 7 0 10 2 _ 11 6 10 2 _ 
[00246328] 5 | 8 1 7 0 10 2 _ 11 4 9 2 _ 
[00246329] 4 | 8 1 7 0 10 2 6 11 4 9 2 _ 
[00246330] 5 | 8 1 7 0 10 2 _ 11 9 4 2 _ 
[00246331] 4 | 8 1 7 0 10 2 6 11 9 4 2 _ 
[00246332] 6 | 8 1 _ 0 10 2 4 11 _ _ 2 _ 
[00246333] 5 | 8 1 6 0 10 2 4 11 _ _ 2 _ 
[00246334] 4 | 8 1 6 0 10 2 4 11 7 _ 2 _ 
[00246335] 4 | 8 1 6 0 10 2 4 11 3 7 2 _ 
[00246336] 4 | 8 1 6 0 10 2 4 11 5 9 2 _ 
[00246337] 4 | 8 1 6 0 10 2 4 11 7 3 2 _ 
[00246338] 4 | 8 1 6 0 10 2 4 11 9 5 2 _ 
[00246339] 5 | 8 1 _ 0 10 2 4 11 6 _ 2 _ 
[00246340] 4 | 8 1 5 0 10 2 4 11 6 _ 2 _ 
[00246341] 3 | 8 1 5 0 10 2 4 11 6 3 2 _ 
[00246342] 3 | 8 1 5 0 10 2 4 11 6 9 2 _ 
[00246343] 6 | 8 1 _ 0 10 2 _ 11 5 _ 2 _ 
[00246344] 5 | 8 1 6 0 10 2 _ 11 5 _ 2 _ 
[00246345] 4 | 8 1 6 0 10 2 _ 11 5 9 2 _ 
[00246346] 3 | 8 1 6 0 10 2 7 11 5 9 2 _ 
[00246347] 5 | 8 1 _ 0 10 2 5 11 5 _ 2 _ 
[00246348] 5 | 8 1 _ 0 10 2 _ 11 5 10 2 _ 
[00246349] 6 | 8 1 _ 0 10 2 _ 11 3 9 2 _ 
[00246350] 5 | 8 1 6 0 10 2 _ 11 3 9 2 _ 
[00246351] 5 | 8 1 _ 0 10 2 5 11 3 9 2 _ 
[00246352] 6 | 8 1 _ 0 10 2 _ 11 9 3 2 _ 
[00246353] 5 | 8 1 6 0 10 2 _ 11 9 3 2 _ 
[00246354] 5 | 8 1 _ 0 10 2 5 11 9 3 2 _ 
[00246355] 7 | _ 1 8 0 10 2 _ 11 _ _ 2 _ 
[00246356] 6 | 7 1 8 0 10 2 _ 11 _ _ 2 _ 
[00246357] 5 | 7 1 8 0 10 2 5 11 _ _ 2 _ 
[00246358] 5 | 7 1 8 0 10 2 _ 11 6 _ 2 _ 
[00246359] 4 | 7 1 8 0 10 2 6 11 6 _ 2 _ 
[00246360] 4 | 7 1 8 0 10 2 _ 11 6 10 2 _ 
[00246361] 5 | 7 1 8 0 10 2 _ 11 4 9 2 _ 
[00246362] 4 | 7 1 8 0 10 2 6 11 4 9 2 _ 
[00246363] 5 | 7 1 8 0 10 2 _ 11 9 4 2 _ 
[00246364] 4 | 7 1 8 0 10 2 6 11 9 4 2 _ 
[00246365] 6 | _ 1 8 0 10 2 4 11 _ _ 2 _ 
[00246366] 5 | 6 1 8 0 10 2 4 11 _ _ 2 _ 
[00246367] 4 | 6 1 8 0 10 2 4 11 7 _ 2 _ 
[00246368] 4 | 6 1 8 0 10 2 4 11 3 7 2 _ 
[00246369] 4 | 6 1 8 0 10 2 4 11 5 9 2 _ 
[00246370] 4 | 6 1 8 0 10 2 4 11 7 3 2 _ 
[00246371] 4 | 6 1 8 0 10 2 4 11 9 5 2 _ 
[00246372] 5 | _ 1 8 0 10 2 4 11 6 _ 2 _ 
[00246373] 4 | 5 1 8 0 10 2 4 11 6 _ 2 _ 
[00246374] 3 | 5 1 8 0 10 2 4 11 6 3 2 _ 
[00246375] 3 | 5 1 8 0 10 2 4 11 6 9 2 _ 
[00246376] 6 | _ 1 8 0 10 2 _ 11 5 _ 2 _ 
[00246377] 5 | 6 1 8 0 10 2 _ 11 5 _ 2 _ 
[00246378] 4 | 6 1 8 0 10 2 _ 11 5 9 2 _ 
[00246379] 3 | 6 1 8 0 10 2 7 11 5 9 2 _ 
[00246380] 5 | _ 1 8 0 10 2 5 11 5 _ 2 _ 
[00246381] 5 | _ 1 8 0 10 2 _ 11 5 10 2 _ 
[00246382] 6 | _ 1 8 0 10 2 _ 11 3 9 2 _ 
[00246383] 5 | 6 1 8 0 10 2 _ 11 3 9 2 _ 
[00246384] 5 | _ 1 8 0 10 2 5 11 3 9 2 _ 
[00246385] 6 | _ 1 8 0 10 2 _ 11 9 3 2 _ 
[00246386] 5 | 6 1 8 0 10 2 _ 11 9 3 2 _ 
[00246387] 5 | _ 1 8 0 10 2 5 11 9 3 2 _ 
[00246388] 7 | _ 8 1 0 10 2 _ 11 _ _ 2 _ 
[00246389] 7 | _ 7 _ 0 10 2 _ 11 _ _ 2 _ 
[00246390] 6 | 1 7 _ 0 10 2 _ 11 _ _ 2 _ 
[00246391] 5 | 1 7 _ 0 10 2 5 11 _ _ 2 _ 
[00246392] 4 | 1 7 3 0 10 2 5 11 _ _ 2 _ 
[00246393] 3 | 1 7 3 0 10 2 5 11 8 _ 2 _ 
[00246394] 2 | 1 7 3 0 10 2 5 11 8 6 2 _ 
[00246395] 3 | 1 7 3 0 10 2 5 11 6 9 2 _ 
[00246396] 3 | 1 7 3 0 10 2 5 11 9 6 2 _ 
[00246397] 4 | 1 7 11 0 10 2 5 11 _ _ 2 _ 
[00246398] 3 | 1 7 11 0 10 2 5 11 3 6 2 _ 
[00246399] 3 | 1 7 11 0 10 2 5 11 6 9 2 _ 
[00246400] 3 | 1 7 11 0 10 2 5 11 6 3 2 _ 
[00246401] 3 | 1 7 11 0 10 2 5 11 9 6 2 _ 
[00246402] 4 | 1 7 _ 0 10 2 5 11 7 _ 2 _ 
[00246403] 3 | 1 7 4 0 10 2 5 11 7 _ 2 _ 
[00246404] 3 | 1 7 _ 0 10 2 5 11 7 4 2 _ 
[00246405] 4 | 1 7 _ 0 10 2 5 11 4 8 2 _ 
[00246406] 4 | 1 7 _ 0 10 2 5 11 8 4 2 _ 
[00246407] 5 | 1 7 _ 0 10 2 _ 11 6 _ 2 _ 
[00246408] 4 | 1 7 3 0 10 2 _ 11 6 _ 2 _ 
[00246409] 3 | 1 7 3 0 10 2 _ 11 6 9 2 _ 
[00246410] 2 | 1 7 3 0 10 2 8 11 6 9 2 _ 
[00246411] 4 | 1 7 _ 0 10 2 6 11 6 _ 2 _ 
[00246412] 3 | 1 7 4 0 10 2 6 11 6 _ 2 _ 
[00246413] 4 | 1 7 _ 0 10 2 _ 11 6 10 2 _ 
[00246414] 3 | 1 7 4 0 10 2 _ 11 6 10 2 _ 
[00246415] 5 | 1 7 _ 0 10 2 _ 11 3 8 2 _ 
[00246416] 4 | 1 7 _ 0 10 2 6 11 3 8 2 _ 
[00246417] 3 | 1 7 4 0 10 2 6 11 3 8 2 _ 
[00246418] 5 | 1 7 _ 0 10 2 _ 11 4 9 2 _ 
[00246419] 4 | 1 7 3 0 10 2 _ 11 4 9 2 _ 
[00246420] 4 | 1 7 _ 0 10 2 6 11 4 9 2 _ 
[00246421] 5 | 1 7 _ 0 10 2 _ 11 8 3 2 _ 
[00246422] 4 | 1 7 _ 0 10 2 6 11 8 3 2 _ 
[00246423] 3 | 1 7 4 0 10 2 6 11 8 3 2 _ 
[00246424] 5 | 1 7 _ 0 10 2 _ 11 9 4 2 _ 
[00246425] 4 | 1 7 3 0 10 2 _ 11 9 4 2 _ 
[00246426] 4 | 1 7 _ 0 10 2 6 11 9 4 2 _ 
[00246427] 6 | _ 7 1 0 10 2 _ 11 _ _ 2 _ 
[00246428] 5 | _ 7 1 0 10 2 5 11 _ _ 2 _ 
[00246429] 4 | 3 7 1 0 10 2 5 11 _ _ 2 _ 
[00246430] 3 | 3 7 1 0 10 2 5 11 8 _ 2 _ 
[00246431] 2 | 3 7 1 0 10 2 5 11 8 6 2 _ 
[00246432] 3 | 3 7 1 0 10 2 5 11 6 9 2 _ 
[00246433] 3 | 3 7 1 0 10 2 5 11 9 6 2 _ 
[00246434] 4 | 11 7 1 0 10 2 5 11 _ _ 2 _ 
[00246435] 3 | 11 7 1 0 10 2 5 11 3 6 2 _ 
[00246436] 3 | 11 7 1 0 10 2 5 11 6 9 2 _ 
[00246437] 3 | 11 7 1 0 10 2 5 11 6 3 2 _ 
[00246438] 3 | 11 7 1 0 10 2 5 11 9 6 2 _ 
[00246439] 4 | _ 7 1 0 10 2 5 11 7 _ 2 _ 
[00246440] 3 | 4 7 1 0 10 2 5 11 7 _ 2 _ 
[00246441] 3 | _ 7 1 0 10 2 5 11 7 4 2 _ 
[00246442] 4 | _ 7 1 0 10 2 5 11 4 8 2 _ 
[00246443] 4 | _ 7 1 0 10 2 5 11 8 4 2 _ 
[00246444] 5 | _ 7 1 0 10 2 _ 11 6 _ 2 _ 
[00246445] 4 | 3 7 1 0 10 2 _ 11 6 _ 2 _ 
[00246446] 3 | 3 7 1 0 10 2 _ 11 6 9 2 _ 
[00246447] 2 | 3 7 1 0 10 2 8 11 6 9 2 _ 
[00246448] 4 | _ 7 1 0 10 2 6 11 6 _ 2 _ 
[00246449] 3 | 4 7 1 0 10 2 6 11 6 _ 2 _ 
[00246450] 4 | _ 7 1 0 10 2 _ 11 6 10 2 _ 
[00246451] 3 | 4 7 1 0 10 2 _ 11 6 10 2 _ 
[00246452] 5 | _ 7 1 0 10 2 _ 11 3 8 2 _ 
[00246453] 4 | _ 7 1 0 10 2 6 11 3 8 2 _ 
[00246454] 3 | 4 7 1 0 10 2 6 11 3 8 2 _ 
[00246455] 5 | _ 7 1 0 10 2 _ 11 4 9 2 _ 
[00246456] 4 | 3 7 1 0 10 2 _ 11 4 9 2 _ 
[00246457] 4 | _ 7 1 0 10 2 6 11 4 9 2 _ 
[00246458] 5 | _ 7 1 0 10 2 _ 11 8 3 2 _ 
[00246459] 4 | _ 7 1 0 10 2 6 11 8 3 2 _ 
[00246460] 3 | 4 7 1 0 10 2 6 11 8 3 2 _ 
[00246461] 5 | _ 7 1 0 10 2 _ 11 9 4 2 _ 
[00246462] 4 | 3 7 1 0 10 2 _ 11 9 4 2 _ 
[00246463] 4 | _ 7 1 0 10 2 6 11 9 4 2 _ 
[00246464] 6 | _ 7 _ 0 10 2 4 11 _ _ 2 _ 
[00246465] 5 | _ 7 _ 0 10 2 4 11 6 _ 2 _ 
[00246466] 4 | 3 7 _ 0 10 2 4 11 6 _ 2 _ 
[00246467] 3 | 3 7 _ 0 10 2 4 11 6 9 2 _ 
[00246468] 2 | 3 7 5 0 10 2 4 11 6 9 2 _ 
[00246469] 4 | _ 7 3 0 10 2 4 11 6 _ 2 _ 
[00246470] 3 | _ 7 3 0 10 2 4 11 6 9 2 _ 
[00246471] 2 | 5 7 3 0 10 2 4 11 6 9 2 _ 
[00246472] 5 | _ 7 _ 0 10 2 4 11 1 6 2 _ 
[00246473] 4 | 3 7 _ 0 10 2 4 11 1 6 2 _ 
