[00344074] 3 | 6 2 8 9 10 5 7 0 11 1 8 _ 
[00344075] 4 | _ 2 8 9 10 5 6 0 11 1 8 _ 
[00344076] 5 | _ 2 8 9 5 _ 10 0 11 1 8 _ 
[00344077] 4 | 6 2 8 9 5 _ 10 0 11 1 8 _ 
[00344078] 5 | _ 2 8 9 10 _ 5 0 11 1 8 _ 
[00344079] 4 | 6 2 8 9 10 _ 5 0 11 1 8 _ 
[00344080] 3 | 6 2 8 9 10 7 5 0 11 1 8 _ 
[00344081] 4 | _ 2 8 9 10 6 5 0 11 1 8 _ 
[00344082] 6 | _ 2 _ 9 3 _ _ 0 11 1 8 _ 
[00344083] 5 | 7 2 _ 9 3 _ _ 0 11 1 8 _ 
[00344084] 4 | 7 2 6 9 3 _ _ 0 11 1 8 _ 
[00344085] 3 | 7 2 6 9 3 _ _ 0 11 1 8 5 
[00344086] 4 | 7 2 _ 9 3 _ _ 0 11 1 8 4 
[00344087] 3 | 7 2 5 9 3 _ _ 0 11 1 8 4 
[00344088] 3 | 7 2 _ 9 3 6 _ 0 11 1 8 4 
[00344089] 2 | 7 2 _ 9 3 6 5 0 11 1 8 4 
[00344090] 3 | 7 2 _ 9 3 _ 6 0 11 1 8 4 
[00344091] 2 | 7 2 _ 9 3 5 6 0 11 1 8 4 
[00344092] 5 | _ 2 7 9 3 _ _ 0 11 1 8 _ 
[00344093] 4 | 6 2 7 9 3 _ _ 0 11 1 8 _ 
[00344094] 3 | 6 2 7 9 3 _ _ 0 11 1 8 5 
[00344095] 4 | _ 2 7 9 3 _ _ 0 11 1 8 4 
[00344096] 3 | 5 2 7 9 3 _ _ 0 11 1 8 4 
[00344097] 3 | _ 2 7 9 3 6 _ 0 11 1 8 4 
[00344098] 2 | _ 2 7 9 3 6 5 0 11 1 8 4 
[00344099] 3 | _ 2 7 9 3 _ 6 0 11 1 8 4 
[00344100] 2 | _ 2 7 9 3 5 6 0 11 1 8 4 
[00344101] 5 | _ 2 _ 9 3 8 _ 0 11 1 8 _ 
[00344102] 4 | 6 2 _ 9 3 8 _ 0 11 1 8 _ 
[00344103] 3 | 6 2 5 9 3 8 _ 0 11 1 8 _ 
[00344104] 4 | _ 2 6 9 3 8 _ 0 11 1 8 _ 
[00344105] 3 | 5 2 6 9 3 8 _ 0 11 1 8 _ 
[00344106] 4 | _ 2 _ 9 3 8 7 0 11 1 8 _ 
[00344107] 3 | 5 2 _ 9 3 8 7 0 11 1 8 _ 
[00344108] 2 | 5 2 4 9 3 8 7 0 11 1 8 _ 
[00344109] 3 | _ 2 5 9 3 8 7 0 11 1 8 _ 
[00344110] 2 | 4 2 5 9 3 8 7 0 11 1 8 _ 
[00344111] 5 | _ 2 _ 9 3 _ 8 0 11 1 8 _ 
[00344112] 4 | 6 2 _ 9 3 _ 8 0 11 1 8 _ 
[00344113] 3 | 6 2 5 9 3 _ 8 0 11 1 8 _ 
[00344114] 4 | _ 2 6 9 3 _ 8 0 11 1 8 _ 
[00344115] 3 | 5 2 6 9 3 _ 8 0 11 1 8 _ 
[00344116] 4 | _ 2 _ 9 3 7 8 0 11 1 8 _ 
[00344117] 3 | 5 2 _ 9 3 7 8 0 11 1 8 _ 
[00344118] 2 | 5 2 4 9 3 7 8 0 11 1 8 _ 
[00344119] 3 | _ 2 5 9 3 7 8 0 11 1 8 _ 
[00344120] 2 | 4 2 5 9 3 7 8 0 11 1 8 _ 
[00344121] 5 | _ 2 _ 9 3 _ _ 0 11 1 8 3 
[00344122] 4 | 6 2 _ 9 3 _ _ 0 11 1 8 3 
[00344123] 3 | 6 2 5 9 3 _ _ 0 11 1 8 3 
[00344124] 4 | _ 2 6 9 3 _ _ 0 11 1 8 3 
[00344125] 3 | 5 2 6 9 3 _ _ 0 11 1 8 3 
[00344126] 6 | _ 2 _ 9 4 10 _ 0 11 1 8 _ 
[00344127] 5 | 7 2 _ 9 4 10 _ 0 11 1 8 _ 
[00344128] 4 | 7 2 6 9 4 10 _ 0 11 1 8 _ 
[00344129] 3 | 7 2 6 9 4 10 _ 0 11 1 8 5 
[00344130] 4 | 7 2 _ 9 4 10 8 0 11 1 8 _ 
[00344131] 3 | 7 2 5 9 4 10 8 0 11 1 8 _ 
[00344132] 4 | 7 2 _ 9 4 10 _ 0 11 1 8 4 
[00344133] 3 | 7 2 5 9 4 10 _ 0 11 1 8 4 
[00344134] 5 | _ 2 7 9 4 10 _ 0 11 1 8 _ 
[00344135] 4 | 6 2 7 9 4 10 _ 0 11 1 8 _ 
[00344136] 3 | 6 2 7 9 4 10 _ 0 11 1 8 5 
[00344137] 4 | _ 2 7 9 4 10 8 0 11 1 8 _ 
[00344138] 3 | 5 2 7 9 4 10 8 0 11 1 8 _ 
[00344139] 4 | _ 2 7 9 4 10 _ 0 11 1 8 4 
[00344140] 3 | 5 2 7 9 4 10 _ 0 11 1 8 4 
[00344141] 5 | _ 2 _ 9 4 10 _ 0 11 1 8 3 
[00344142] 4 | 6 2 _ 9 4 10 _ 0 11 1 8 3 
[00344143] 3 | 6 2 5 9 4 10 _ 0 11 1 8 3 
[00344144] 3 | 6 2 _ 9 4 10 7 0 11 1 8 3 
[00344145] 4 | _ 2 6 9 4 10 _ 0 11 1 8 3 
[00344146] 3 | 5 2 6 9 4 10 _ 0 11 1 8 3 
[00344147] 3 | _ 2 6 9 4 10 7 0 11 1 8 3 
[00344148] 6 | _ 2 _ 9 10 4 _ 0 11 1 8 _ 
[00344149] 5 | 7 2 _ 9 10 4 _ 0 11 1 8 _ 
[00344150] 4 | 7 2 6 9 10 4 _ 0 11 1 8 _ 
[00344151] 3 | 7 2 6 9 10 4 _ 0 11 1 8 5 
[00344152] 4 | 7 2 _ 9 10 4 6 0 11 1 8 _ 
[00344153] 3 | 7 2 5 9 10 4 6 0 11 1 8 _ 
[00344154] 3 | 7 2 _ 9 10 4 6 0 11 1 8 5 
[00344155] 5 | _ 2 7 9 10 4 _ 0 11 1 8 _ 
[00344156] 4 | 6 2 7 9 10 4 _ 0 11 1 8 _ 
[00344157] 3 | 6 2 7 9 10 4 _ 0 11 1 8 5 
[00344158] 4 | _ 2 7 9 10 4 6 0 11 1 8 _ 
[00344159] 3 | 5 2 7 9 10 4 6 0 11 1 8 _ 
[00344160] 3 | _ 2 7 9 10 4 6 0 11 1 8 5 
[00344161] 5 | _ 2 _ 9 10 4 5 0 11 1 8 _ 
[00344162] 4 | 6 2 _ 9 10 4 5 0 11 1 8 _ 
[00344163] 4 | _ 2 6 9 10 4 5 0 11 1 8 _ 
[00344164] 5 | _ 2 _ 9 10 4 _ 0 11 1 8 3 
[00344165] 4 | 6 2 _ 9 10 4 _ 0 11 1 8 3 
[00344166] 3 | 6 2 5 9 10 4 _ 0 11 1 8 3 
[00344167] 3 | 6 2 _ 9 10 4 7 0 11 1 8 3 
[00344168] 4 | _ 2 6 9 10 4 _ 0 11 1 8 3 
[00344169] 3 | 5 2 6 9 10 4 _ 0 11 1 8 3 
[00344170] 3 | _ 2 6 9 10 4 7 0 11 1 8 3 
[00344171] 4 | _ 2 _ 9 10 4 6 0 11 1 8 3 
[00344172] 3 | 5 2 _ 9 10 4 6 0 11 1 8 3 
[00344173] 3 | _ 2 5 9 10 4 6 0 11 1 8 3 
[00344174] 6 | _ 2 _ 9 4 _ 10 0 11 1 8 _ 
[00344175] 5 | 7 2 _ 9 4 _ 10 0 11 1 8 _ 
[00344176] 4 | 7 2 6 9 4 _ 10 0 11 1 8 _ 
[00344177] 3 | 7 2 6 9 4 _ 10 0 11 1 8 5 
[00344178] 4 | 7 2 _ 9 4 8 10 0 11 1 8 _ 
[00344179] 3 | 7 2 5 9 4 8 10 0 11 1 8 _ 
[00344180] 4 | 7 2 _ 9 4 _ 10 0 11 1 8 4 
[00344181] 3 | 7 2 5 9 4 _ 10 0 11 1 8 4 
[00344182] 5 | _ 2 7 9 4 _ 10 0 11 1 8 _ 
[00344183] 4 | 6 2 7 9 4 _ 10 0 11 1 8 _ 
[00344184] 3 | 6 2 7 9 4 _ 10 0 11 1 8 5 
[00344185] 4 | _ 2 7 9 4 8 10 0 11 1 8 _ 
[00344186] 3 | 5 2 7 9 4 8 10 0 11 1 8 _ 
[00344187] 4 | _ 2 7 9 4 _ 10 0 11 1 8 4 
[00344188] 3 | 5 2 7 9 4 _ 10 0 11 1 8 4 
[00344189] 5 | _ 2 _ 9 4 _ 10 0 11 1 8 3 
[00344190] 4 | 6 2 _ 9 4 _ 10 0 11 1 8 3 
[00344191] 3 | 6 2 5 9 4 _ 10 0 11 1 8 3 
[00344192] 3 | 6 2 _ 9 4 7 10 0 11 1 8 3 
[00344193] 4 | _ 2 6 9 4 _ 10 0 11 1 8 3 
[00344194] 3 | 5 2 6 9 4 _ 10 0 11 1 8 3 
[00344195] 3 | _ 2 6 9 4 7 10 0 11 1 8 3 
[00344196] 6 | _ 2 _ 9 10 _ 4 0 11 1 8 _ 
[00344197] 5 | 7 2 _ 9 10 _ 4 0 11 1 8 _ 
[00344198] 4 | 7 2 6 9 10 _ 4 0 11 1 8 _ 
[00344199] 3 | 7 2 6 9 10 _ 4 0 11 1 8 5 
[00344200] 4 | 7 2 _ 9 10 6 4 0 11 1 8 _ 
[00344201] 3 | 7 2 5 9 10 6 4 0 11 1 8 _ 
[00344202] 3 | 7 2 _ 9 10 6 4 0 11 1 8 5 
[00344203] 5 | _ 2 7 9 10 _ 4 0 11 1 8 _ 
[00344204] 4 | 6 2 7 9 10 _ 4 0 11 1 8 _ 
[00344205] 3 | 6 2 7 9 10 _ 4 0 11 1 8 5 
[00344206] 4 | _ 2 7 9 10 6 4 0 11 1 8 _ 
[00344207] 3 | 5 2 7 9 10 6 4 0 11 1 8 _ 
[00344208] 3 | _ 2 7 9 10 6 4 0 11 1 8 5 
[00344209] 5 | _ 2 _ 9 10 5 4 0 11 1 8 _ 
[00344210] 4 | 6 2 _ 9 10 5 4 0 11 1 8 _ 
[00344211] 4 | _ 2 6 9 10 5 4 0 11 1 8 _ 
[00344212] 5 | _ 2 _ 9 10 _ 4 0 11 1 8 3 
[00344213] 4 | 6 2 _ 9 10 _ 4 0 11 1 8 3 
[00344214] 3 | 6 2 5 9 10 _ 4 0 11 1 8 3 
[00344215] 3 | 6 2 _ 9 10 7 4 0 11 1 8 3 
[00344216] 4 | _ 2 6 9 10 _ 4 0 11 1 8 3 
[00344217] 3 | 5 2 6 9 10 _ 4 0 11 1 8 3 
[00344218] 3 | _ 2 6 9 10 7 4 0 11 1 8 3 
[00344219] 4 | _ 2 _ 9 10 6 4 0 11 1 8 3 
[00344220] 3 | 5 2 _ 9 10 6 4 0 11 1 8 3 
[00344221] 3 | _ 2 5 9 10 6 4 0 11 1 8 3 
[00344222] 6 | _ 2 _ 9 _ _ _ 0 11 1 8 2 
[00344223] 5 | _ 2 _ 9 4 _ _ 0 11 1 8 2 
[00344224] 5 | _ 2 _ 9 5 10 _ 0 11 1 8 2 
[00344225] 5 | _ 2 _ 9 10 5 _ 0 11 1 8 2 
[00344226] 4 | _ 2 _ 9 10 5 6 0 11 1 8 2 
[00344227] 5 | _ 2 _ 9 5 _ 10 0 11 1 8 2 
[00344228] 5 | _ 2 _ 9 10 _ 5 0 11 1 8 2 
[00344229] 4 | _ 2 _ 9 10 6 5 0 11 1 8 2 
[00344230] 7 | _ _ _ 9 2 _ _ 0 11 1 8 _ 
[00344231] 6 | 4 10 _ 9 2 _ _ 0 11 1 8 _ 
[00344232] 5 | 4 10 5 9 2 _ _ 0 11 1 8 _ 
[00344233] 4 | 4 10 5 9 2 6 _ 0 11 1 8 _ 
[00344234] 4 | 4 10 5 9 2 _ 6 0 11 1 8 _ 
[00344235] 5 | 4 10 _ 9 2 7 _ 0 11 1 8 _ 
[00344236] 4 | 4 10 6 9 2 7 _ 0 11 1 8 _ 
[00344237] 3 | 4 10 6 9 2 7 5 0 11 1 8 _ 
[00344238] 3 | 4 10 6 9 2 7 _ 0 11 1 8 5 
[00344239] 4 | 4 10 _ 9 2 7 6 0 11 1 8 _ 
[00344240] 3 | 4 10 _ 9 2 7 6 0 11 1 8 5 
[00344241] 5 | 4 10 _ 9 2 _ 7 0 11 1 8 _ 
[00344242] 4 | 4 10 6 9 2 _ 7 0 11 1 8 _ 
[00344243] 3 | 4 10 6 9 2 5 7 0 11 1 8 _ 
[00344244] 3 | 4 10 6 9 2 _ 7 0 11 1 8 5 
[00344245] 4 | 4 10 _ 9 2 6 7 0 11 1 8 _ 
[00344246] 3 | 4 10 _ 9 2 6 7 0 11 1 8 5 
[00344247] 5 | 4 10 _ 9 2 _ _ 0 11 1 8 3 
[00344248] 4 | 4 10 6 9 2 _ _ 0 11 1 8 3 
[00344249] 3 | 4 10 6 9 2 5 _ 0 11 1 8 3 
[00344250] 3 | 4 10 6 9 2 _ 5 0 11 1 8 3 
[00344251] 4 | 4 10 _ 9 2 6 _ 0 11 1 8 3 
[00344252] 3 | 4 10 7 9 2 6 _ 0 11 1 8 3 
[00344253] 3 | 4 10 _ 9 2 6 5 0 11 1 8 3 
[00344254] 4 | 4 10 _ 9 2 _ 6 0 11 1 8 3 
[00344255] 3 | 4 10 7 9 2 _ 6 0 11 1 8 3 
[00344256] 3 | 4 10 _ 9 2 5 6 0 11 1 8 3 
[00344257] 6 | 10 4 _ 9 2 _ _ 0 11 1 8 _ 
[00344258] 5 | 10 4 _ 9 2 7 _ 0 11 1 8 _ 
[00344259] 4 | 10 4 8 9 2 7 _ 0 11 1 8 _ 
[00344260] 3 | 10 4 8 9 2 7 5 0 11 1 8 _ 
[00344261] 4 | 10 4 _ 9 2 7 6 0 11 1 8 _ 
[00344262] 3 | 10 4 _ 9 2 7 6 0 11 1 8 5 
[00344263] 4 | 10 4 _ 9 2 7 _ 0 11 1 8 4 
[00344264] 3 | 10 4 _ 9 2 7 5 0 11 1 8 4 
[00344265] 5 | 10 4 _ 9 2 _ 7 0 11 1 8 _ 
[00344266] 4 | 10 4 8 9 2 _ 7 0 11 1 8 _ 
[00344267] 3 | 10 4 8 9 2 5 7 0 11 1 8 _ 
[00344268] 4 | 10 4 _ 9 2 6 7 0 11 1 8 _ 
[00344269] 3 | 10 4 _ 9 2 6 7 0 11 1 8 5 
[00344270] 4 | 10 4 _ 9 2 _ 7 0 11 1 8 4 
[00344271] 3 | 10 4 _ 9 2 5 7 0 11 1 8 4 
[00344272] 5 | 10 4 _ 9 2 _ _ 0 11 1 8 3 
[00344273] 4 | 10 4 _ 9 2 6 _ 0 11 1 8 3 
[00344274] 3 | 10 4 7 9 2 6 _ 0 11 1 8 3 
[00344275] 3 | 10 4 _ 9 2 6 5 0 11 1 8 3 
[00344276] 4 | 10 4 _ 9 2 _ 6 0 11 1 8 3 
[00344277] 3 | 10 4 7 9 2 _ 6 0 11 1 8 3 
[00344278] 3 | 10 4 _ 9 2 5 6 0 11 1 8 3 
[00344279] 6 | _ 4 10 9 2 _ _ 0 11 1 8 _ 
[00344280] 5 | _ 4 10 9 2 7 _ 0 11 1 8 _ 
[00344281] 4 | 8 4 10 9 2 7 _ 0 11 1 8 _ 
[00344282] 3 | 8 4 10 9 2 7 5 0 11 1 8 _ 
[00344283] 4 | _ 4 10 9 2 7 6 0 11 1 8 _ 
[00344284] 3 | _ 4 10 9 2 7 6 0 11 1 8 5 
[00344285] 4 | _ 4 10 9 2 7 _ 0 11 1 8 4 
[00344286] 3 | _ 4 10 9 2 7 5 0 11 1 8 4 
[00344287] 5 | _ 4 10 9 2 _ 7 0 11 1 8 _ 
[00344288] 4 | 8 4 10 9 2 _ 7 0 11 1 8 _ 
[00344289] 3 | 8 4 10 9 2 5 7 0 11 1 8 _ 
[00344290] 4 | _ 4 10 9 2 6 7 0 11 1 8 _ 
[00344291] 3 | _ 4 10 9 2 6 7 0 11 1 8 5 
[00344292] 4 | _ 4 10 9 2 _ 7 0 11 1 8 4 
[00344293] 3 | _ 4 10 9 2 5 7 0 11 1 8 4 
[00344294] 5 | _ 4 10 9 2 _ _ 0 11 1 8 3 
[00344295] 4 | _ 4 10 9 2 6 _ 0 11 1 8 3 
[00344296] 3 | 7 4 10 9 2 6 _ 0 11 1 8 3 
[00344297] 3 | _ 4 10 9 2 6 5 0 11 1 8 3 
[00344298] 4 | _ 4 10 9 2 _ 6 0 11 1 8 3 
[00344299] 3 | 7 4 10 9 2 _ 6 0 11 1 8 3 
[00344300] 3 | _ 4 10 9 2 5 6 0 11 1 8 3 
[00344301] 6 | _ 10 4 9 2 _ _ 0 11 1 8 _ 
[00344302] 5 | 5 10 4 9 2 _ _ 0 11 1 8 _ 
[00344303] 4 | 5 10 4 9 2 6 _ 0 11 1 8 _ 
[00344304] 4 | 5 10 4 9 2 _ 6 0 11 1 8 _ 
[00344305] 5 | _ 10 4 9 2 7 _ 0 11 1 8 _ 
[00344306] 4 | 6 10 4 9 2 7 _ 0 11 1 8 _ 
[00344307] 3 | 6 10 4 9 2 7 5 0 11 1 8 _ 
[00344308] 3 | 6 10 4 9 2 7 _ 0 11 1 8 5 
[00344309] 4 | _ 10 4 9 2 7 6 0 11 1 8 _ 
[00344310] 3 | _ 10 4 9 2 7 6 0 11 1 8 5 
[00344311] 5 | _ 10 4 9 2 _ 7 0 11 1 8 _ 
[00344312] 4 | 6 10 4 9 2 _ 7 0 11 1 8 _ 
[00344313] 3 | 6 10 4 9 2 5 7 0 11 1 8 _ 
[00344314] 3 | 6 10 4 9 2 _ 7 0 11 1 8 5 
[00344315] 4 | _ 10 4 9 2 6 7 0 11 1 8 _ 
[00344316] 3 | _ 10 4 9 2 6 7 0 11 1 8 5 
[00344317] 5 | _ 10 4 9 2 _ _ 0 11 1 8 3 
[00344318] 4 | 6 10 4 9 2 _ _ 0 11 1 8 3 
[00344319] 3 | 6 10 4 9 2 5 _ 0 11 1 8 3 
[00344320] 3 | 6 10 4 9 2 _ 5 0 11 1 8 3 
[00344321] 4 | _ 10 4 9 2 6 _ 0 11 1 8 3 
[00344322] 3 | 7 10 4 9 2 6 _ 0 11 1 8 3 
[00344323] 3 | _ 10 4 9 2 6 5 0 11 1 8 3 
[00344324] 4 | _ 10 4 9 2 _ 6 0 11 1 8 3 
[00344325] 3 | 7 10 4 9 2 _ 6 0 11 1 8 3 
[00344326] 3 | _ 10 4 9 2 5 6 0 11 1 8 3 
[00344327] 6 | _ 3 _ 9 2 _ _ 0 11 1 8 _ 
[00344328] 5 | 8 3 _ 9 2 _ _ 0 11 1 8 _ 
[00344329] 4 | 8 3 7 9 2 _ _ 0 11 1 8 _ 
[00344330] 3 | 8 3 7 9 2 5 _ 0 11 1 8 _ 
[00344331] 2 | 8 3 7 9 2 5 4 0 11 1 8 _ 
[00344332] 3 | 8 3 7 9 2 _ 5 0 11 1 8 _ 
[00344333] 2 | 8 3 7 9 2 4 5 0 11 1 8 _ 
[00344334] 4 | 8 3 _ 9 2 6 _ 0 11 1 8 _ 
[00344335] 3 | 8 3 _ 9 2 6 5 0 11 1 8 _ 
[00344336] 4 | 8 3 _ 9 2 _ 6 0 11 1 8 _ 
[00344337] 3 | 8 3 _ 9 2 5 6 0 11 1 8 _ 
[00344338] 5 | _ 3 8 9 2 _ _ 0 11 1 8 _ 
[00344339] 4 | 7 3 8 9 2 _ _ 0 11 1 8 _ 
[00344340] 3 | 7 3 8 9 2 5 _ 0 11 1 8 _ 
[00344341] 2 | 7 3 8 9 2 5 4 0 11 1 8 _ 
[00344342] 3 | 7 3 8 9 2 _ 5 0 11 1 8 _ 
[00344343] 2 | 7 3 8 9 2 4 5 0 11 1 8 _ 
[00344344] 4 | _ 3 8 9 2 6 _ 0 11 1 8 _ 
[00344345] 3 | _ 3 8 9 2 6 5 0 11 1 8 _ 
[00344346] 4 | _ 3 8 9 2 _ 6 0 11 1 8 _ 
[00344347] 3 | _ 3 8 9 2 5 6 0 11 1 8 _ 
[00344348] 5 | _ 3 _ 9 2 7 _ 0 11 1 8 _ 
[00344349] 4 | _ 3 _ 9 2 7 6 0 11 1 8 _ 
[00344350] 3 | _ 3 _ 9 2 7 6 0 11 1 8 5 
[00344351] 4 | _ 3 _ 9 2 7 _ 0 11 1 8 4 
[00344352] 3 | 6 3 _ 9 2 7 _ 0 11 1 8 4 
[00344353] 2 | 6 3 5 9 2 7 _ 0 11 1 8 4 
[00344354] 3 | _ 3 6 9 2 7 _ 0 11 1 8 4 
[00344355] 2 | 5 3 6 9 2 7 _ 0 11 1 8 4 
[00344356] 3 | _ 3 _ 9 2 7 5 0 11 1 8 4 
[00344357] 5 | _ 3 _ 9 2 _ 7 0 11 1 8 _ 
[00344358] 4 | _ 3 _ 9 2 6 7 0 11 1 8 _ 
[00344359] 3 | _ 3 _ 9 2 6 7 0 11 1 8 5 
[00344360] 4 | _ 3 _ 9 2 _ 7 0 11 1 8 4 
[00344361] 3 | 6 3 _ 9 2 _ 7 0 11 1 8 4 
[00344362] 2 | 6 3 5 9 2 _ 7 0 11 1 8 4 
[00344363] 3 | _ 3 6 9 2 _ 7 0 11 1 8 4 
[00344364] 2 | 5 3 6 9 2 _ 7 0 11 1 8 4 
[00344365] 3 | _ 3 _ 9 2 5 7 0 11 1 8 4 
[00344366] 5 | _ 3 _ 9 2 _ _ 0 11 1 8 3 
[00344367] 4 | _ 3 _ 9 2 6 _ 0 11 1 8 3 
[00344368] 3 | _ 3 _ 9 2 6 5 0 11 1 8 3 
[00344369] 4 | _ 3 _ 9 2 _ 6 0 11 1 8 3 
[00344370] 3 | _ 3 _ 9 2 5 6 0 11 1 8 3 
[00344371] 6 | _ _ _ 9 2 8 _ 0 11 1 8 _ 
[00344372] 5 | 5 10 _ 9 2 8 _ 0 11 1 8 _ 
[00344373] 4 | 5 10 6 9 2 8 _ 0 11 1 8 _ 
[00344374] 4 | 5 10 _ 9 2 8 6 0 11 1 8 _ 
[00344375] 3 | 5 10 7 9 2 8 6 0 11 1 8 _ 
[00344376] 5 | 10 5 _ 9 2 8 _ 0 11 1 8 _ 
[00344377] 4 | 10 5 _ 9 2 8 6 0 11 1 8 _ 
[00344378] 5 | _ 5 10 9 2 8 _ 0 11 1 8 _ 
[00344379] 4 | _ 5 10 9 2 8 6 0 11 1 8 _ 
[00344380] 5 | _ 10 5 9 2 8 _ 0 11 1 8 _ 
[00344381] 4 | 6 10 5 9 2 8 _ 0 11 1 8 _ 
[00344382] 4 | _ 10 5 9 2 8 6 0 11 1 8 _ 
[00344383] 3 | 7 10 5 9 2 8 6 0 11 1 8 _ 
[00344384] 5 | _ 4 _ 9 2 8 _ 0 11 1 8 _ 
[00344385] 4 | _ 4 _ 9 2 8 6 0 11 1 8 _ 
[00344386] 3 | 7 4 _ 9 2 8 6 0 11 1 8 _ 
[00344387] 3 | _ 4 7 9 2 8 6 0 11 1 8 _ 
[00344388] 5 | _ _ _ 9 2 8 7 0 11 1 8 _ 
[00344389] 4 | 6 10 _ 9 2 8 7 0 11 1 8 _ 
[00344390] 4 | 10 6 _ 9 2 8 7 0 11 1 8 _ 
[00344391] 3 | 10 6 3 9 2 8 7 0 11 1 8 _ 
[00344392] 4 | _ 6 10 9 2 8 7 0 11 1 8 _ 
[00344393] 3 | 3 6 10 9 2 8 7 0 11 1 8 _ 
[00344394] 4 | _ 10 6 9 2 8 7 0 11 1 8 _ 
[00344395] 4 | _ 5 _ 9 2 8 7 0 11 1 8 _ 
[00344396] 6 | _ _ _ 9 2 _ 8 0 11 1 8 _ 
[00344397] 5 | 5 10 _ 9 2 _ 8 0 11 1 8 _ 
[00344398] 4 | 5 10 6 9 2 _ 8 0 11 1 8 _ 
[00344399] 4 | 5 10 _ 9 2 6 8 0 11 1 8 _ 
[00344400] 3 | 5 10 7 9 2 6 8 0 11 1 8 _ 
[00344401] 5 | 10 5 _ 9 2 _ 8 0 11 1 8 _ 
[00344402] 4 | 10 5 _ 9 2 6 8 0 11 1 8 _ 
[00344403] 5 | _ 5 10 9 2 _ 8 0 11 1 8 _ 
[00344404] 4 | _ 5 10 9 2 6 8 0 11 1 8 _ 
[00344405] 5 | _ 10 5 9 2 _ 8 0 11 1 8 _ 
[00344406] 4 | 6 10 5 9 2 _ 8 0 11 1 8 _ 
[00344407] 4 | _ 10 5 9 2 6 8 0 11 1 8 _ 
[00344408] 3 | 7 10 5 9 2 6 8 0 11 1 8 _ 
[00344409] 5 | _ 4 _ 9 2 _ 8 0 11 1 8 _ 
[00344410] 4 | _ 4 _ 9 2 6 8 0 11 1 8 _ 
[00344411] 3 | 7 4 _ 9 2 6 8 0 11 1 8 _ 
[00344412] 3 | _ 4 7 9 2 6 8 0 11 1 8 _ 
[00344413] 5 | _ _ _ 9 2 7 8 0 11 1 8 _ 
[00344414] 4 | 6 10 _ 9 2 7 8 0 11 1 8 _ 
[00344415] 4 | 10 6 _ 9 2 7 8 0 11 1 8 _ 
[00344416] 3 | 10 6 3 9 2 7 8 0 11 1 8 _ 
[00344417] 4 | _ 6 10 9 2 7 8 0 11 1 8 _ 
[00344418] 3 | 3 6 10 9 2 7 8 0 11 1 8 _ 
[00344419] 4 | _ 10 6 9 2 7 8 0 11 1 8 _ 
[00344420] 4 | _ 5 _ 9 2 7 8 0 11 1 8 _ 
[00344421] 6 | _ _ _ 9 2 _ _ 0 11 1 8 2 
[00344422] 5 | 5 10 _ 9 2 _ _ 0 11 1 8 2 
[00344423] 4 | 5 10 6 9 2 _ _ 0 11 1 8 2 
[00344424] 5 | 10 5 _ 9 2 _ _ 0 11 1 8 2 
[00344425] 5 | _ 5 10 9 2 _ _ 0 11 1 8 2 
[00344426] 5 | _ 10 5 9 2 _ _ 0 11 1 8 2 
[00344427] 4 | 6 10 5 9 2 _ _ 0 11 1 8 2 
[00344428] 5 | _ 4 _ 9 2 _ _ 0 11 1 8 2 
[00344429] 7 | _ _ _ 9 3 10 _ 0 11 1 8 _ 
[00344430] 6 | _ 3 _ 9 3 10 _ 0 11 1 8 _ 
[00344431] 5 | 8 3 _ 9 3 10 _ 0 11 1 8 _ 
[00344432] 4 | 8 3 7 9 3 10 _ 0 11 1 8 _ 
[00344433] 4 | 8 3 _ 9 3 10 7 0 11 1 8 _ 
[00344434] 5 | _ 3 8 9 3 10 _ 0 11 1 8 _ 
[00344435] 4 | 7 3 8 9 3 10 _ 0 11 1 8 _ 
[00344436] 4 | _ 3 8 9 3 10 7 0 11 1 8 _ 
[00344437] 5 | _ 3 _ 9 3 10 8 0 11 1 8 _ 
[00344438] 5 | _ 3 _ 9 3 10 _ 0 11 1 8 3 
[00344439] 6 | _ _ _ 9 3 10 9 0 11 1 8 _ 
[00344440] 5 | 2 7 _ 9 3 10 9 0 11 1 8 _ 
[00344441] 4 | 2 7 _ 9 3 10 9 0 11 1 8 4 
[00344442] 5 | 7 2 _ 9 3 10 9 0 11 1 8 _ 
[00344443] 5 | _ 2 7 9 3 10 9 0 11 1 8 _ 
[00344444] 5 | _ 7 2 9 3 10 9 0 11 1 8 _ 
[00344445] 4 | _ 7 2 9 3 10 9 0 11 1 8 4 
[00344446] 6 | _ _ _ 9 3 10 _ 0 11 1 8 2 
[00344447] 5 | _ 4 _ 9 3 10 _ 0 11 1 8 2 
[00344448] 4 | _ 4 _ 9 3 10 7 0 11 1 8 2 
[00344449] 7 | _ _ _ 9 10 3 _ 0 11 1 8 _ 
[00344450] 6 | _ _ _ 9 10 3 4 0 11 1 8 _ 
[00344451] 5 | 2 7 _ 9 10 3 4 0 11 1 8 _ 
[00344452] 5 | 7 2 _ 9 10 3 4 0 11 1 8 _ 
[00344453] 5 | _ 2 7 9 10 3 4 0 11 1 8 _ 
[00344454] 5 | _ 7 2 9 10 3 4 0 11 1 8 _ 
[00344455] 6 | _ _ _ 9 10 3 _ 0 11 1 8 2 
[00344456] 5 | _ 4 _ 9 10 3 _ 0 11 1 8 2 
[00344457] 4 | _ 4 _ 9 10 3 6 0 11 1 8 2 
[00344458] 3 | 7 4 _ 9 10 3 6 0 11 1 8 2 
[00344459] 3 | _ 4 7 9 10 3 6 0 11 1 8 2 
[00344460] 5 | _ _ _ 9 10 3 5 0 11 1 8 2 
[00344461] 7 | _ _ _ 9 3 _ 10 0 11 1 8 _ 
[00344462] 6 | _ 3 _ 9 3 _ 10 0 11 1 8 _ 
[00344463] 5 | 8 3 _ 9 3 _ 10 0 11 1 8 _ 
[00344464] 4 | 8 3 7 9 3 _ 10 0 11 1 8 _ 
[00344465] 4 | 8 3 _ 9 3 7 10 0 11 1 8 _ 
[00344466] 5 | _ 3 8 9 3 _ 10 0 11 1 8 _ 
[00344467] 4 | 7 3 8 9 3 _ 10 0 11 1 8 _ 
[00344468] 4 | _ 3 8 9 3 7 10 0 11 1 8 _ 
[00344469] 5 | _ 3 _ 9 3 8 10 0 11 1 8 _ 
[00344470] 5 | _ 3 _ 9 3 _ 10 0 11 1 8 3 
[00344471] 6 | _ _ _ 9 3 9 10 0 11 1 8 _ 
[00344472] 5 | 2 7 _ 9 3 9 10 0 11 1 8 _ 
[00344473] 4 | 2 7 _ 9 3 9 10 0 11 1 8 4 
[00344474] 5 | 7 2 _ 9 3 9 10 0 11 1 8 _ 
[00344475] 5 | _ 2 7 9 3 9 10 0 11 1 8 _ 
[00344476] 5 | _ 7 2 9 3 9 10 0 11 1 8 _ 
[00344477] 4 | _ 7 2 9 3 9 10 0 11 1 8 4 
[00344478] 6 | _ _ _ 9 3 _ 10 0 11 1 8 2 
[00344479] 5 | _ 4 _ 9 3 _ 10 0 11 1 8 2 
[00344480] 4 | _ 4 _ 9 3 7 10 0 11 1 8 2 
[00344481] 7 | _ _ _ 9 10 _ 3 0 11 1 8 _ 
[00344482] 6 | _ _ _ 9 10 4 3 0 11 1 8 _ 
[00344483] 5 | 2 7 _ 9 10 4 3 0 11 1 8 _ 
[00344484] 5 | 7 2 _ 9 10 4 3 0 11 1 8 _ 
[00344485] 5 | _ 2 7 9 10 4 3 0 11 1 8 _ 
[00344486] 5 | _ 7 2 9 10 4 3 0 11 1 8 _ 
[00344487] 6 | _ _ _ 9 10 _ 3 0 11 1 8 2 
[00344488] 5 | _ 4 _ 9 10 _ 3 0 11 1 8 2 
[00344489] 4 | _ 4 _ 9 10 6 3 0 11 1 8 2 
[00344490] 3 | 7 4 _ 9 10 6 3 0 11 1 8 2 
[00344491] 3 | _ 4 7 9 10 6 3 0 11 1 8 2 
[00344492] 5 | _ _ _ 9 10 5 3 0 11 1 8 2 
[00344493] 8 | _ _ _ 9 _ _ _ 0 11 1 2 10 
[00344494] 8 | _ _ _ 9 _ _ _ 0 11 1 10 2 
[00344495] 9 | _ _ _ _ _ _ _ 0 11 1 9 _ 
[00344496] 8 | 2 10 _ _ _ _ _ 0 11 1 9 _ 
[00344497] 7 | 2 10 3 _ _ _ _ 0 11 1 9 _ 
[00344498] 6 | 2 10 3 4 _ _ _ 0 11 1 9 _ 
[00344499] 5 | 2 10 3 4 9 _ _ 0 11 1 9 _ 
[00344500] 4 | 2 10 3 4 9 5 _ 0 11 1 9 _ 
[00344501] 3 | 2 10 3 4 9 5 6 0 11 1 9 _ 
[00344502] 3 | 2 10 3 4 9 5 _ 0 11 1 9 6 
[00344503] 4 | 2 10 3 4 9 _ 5 0 11 1 9 _ 
[00344504] 3 | 2 10 3 4 9 6 5 0 11 1 9 _ 
[00344505] 3 | 2 10 3 4 9 _ 5 0 11 1 9 6 
[00344506] 4 | 2 10 3 4 9 _ _ 0 11 1 9 5 
[00344507] 5 | 2 10 3 4 _ _ _ 0 11 1 9 4 
[00344508] 6 | 2 10 3 6 _ _ _ 0 11 1 9 _ 
[00344509] 5 | 2 10 3 6 _ _ _ 0 11 1 9 4 
[00344510] 7 | 2 10 _ 3 _ _ _ 0 11 1 9 _ 
[00344511] 6 | 2 10 4 3 _ _ _ 0 11 1 9 _ 
[00344512] 5 | 2 10 4 3 8 _ _ 0 11 1 9 _ 
[00344513] 4 | 2 10 4 3 8 _ _ 0 11 1 9 5 
[00344514] 6 | 2 10 _ 3 9 _ _ 0 11 1 9 _ 
[00344515] 5 | 2 10 5 3 9 _ _ 0 11 1 9 _ 
[00344516] 5 | 2 10 _ 3 9 4 _ 0 11 1 9 _ 
[00344517] 4 | 2 10 6 3 9 4 _ 0 11 1 9 _ 
[00344518] 4 | 2 10 _ 3 9 4 5 0 11 1 9 _ 
[00344519] 3 | 2 10 7 3 9 4 5 0 11 1 9 _ 
[00344520] 4 | 2 10 _ 3 9 4 _ 0 11 1 9 5 
[00344521] 3 | 2 10 7 3 9 4 _ 0 11 1 9 5 
[00344522] 5 | 2 10 _ 3 9 _ 4 0 11 1 9 _ 
[00344523] 4 | 2 10 6 3 9 _ 4 0 11 1 9 _ 
[00344524] 4 | 2 10 _ 3 9 5 4 0 11 1 9 _ 
[00344525] 3 | 2 10 7 3 9 5 4 0 11 1 9 _ 
[00344526] 4 | 2 10 _ 3 9 _ 4 0 11 1 9 5 
[00344527] 3 | 2 10 7 3 9 _ 4 0 11 1 9 5 
[00344528] 5 | 2 10 _ 3 9 _ _ 0 11 1 9 4 
[00344529] 4 | 2 10 6 3 9 _ _ 0 11 1 9 4 
[00344530] 6 | 2 10 _ 3 _ _ _ 0 11 1 9 3 
[00344531] 5 | 2 10 5 3 _ _ _ 0 11 1 9 3 
[00344532] 4 | 2 10 5 3 4 8 _ 0 11 1 9 3 
[00344533] 3 | 2 10 5 3 4 8 7 0 11 1 9 3 
[00344534] 4 | 2 10 5 3 8 4 _ 0 11 1 9 3 
[00344535] 4 | 2 10 5 3 4 _ 8 0 11 1 9 3 
[00344536] 3 | 2 10 5 3 4 7 8 0 11 1 9 3 
[00344537] 4 | 2 10 5 3 8 _ 4 0 11 1 9 3 
[00344538] 7 | 2 10 _ 7 _ _ _ 0 11 1 9 _ 
[00344539] 6 | 2 10 4 7 _ _ _ 0 11 1 9 _ 
[00344540] 5 | 2 10 4 7 3 8 _ 0 11 1 9 _ 
[00344541] 4 | 2 10 4 7 3 8 _ 0 11 1 9 5 
[00344542] 3 | 2 10 4 7 3 8 6 0 11 1 9 5 
[00344543] 5 | 2 10 4 7 8 3 _ 0 11 1 9 _ 
[00344544] 4 | 2 10 4 7 8 3 _ 0 11 1 9 5 
[00344545] 5 | 2 10 4 7 3 _ 8 0 11 1 9 _ 
[00344546] 4 | 2 10 4 7 3 _ 8 0 11 1 9 5 
[00344547] 3 | 2 10 4 7 3 6 8 0 11 1 9 5 
[00344548] 5 | 2 10 4 7 8 _ 3 0 11 1 9 _ 
[00344549] 4 | 2 10 4 7 8 _ 3 0 11 1 9 5 
[00344550] 6 | 2 10 _ 7 _ _ _ 0 11 1 9 3 
[00344551] 5 | 2 10 5 7 _ _ _ 0 11 1 9 3 
[00344552] 4 | 2 10 5 7 4 8 _ 0 11 1 9 3 
[00344553] 4 | 2 10 5 7 8 4 _ 0 11 1 9 3 
[00344554] 4 | 2 10 5 7 4 _ 8 0 11 1 9 3 
[00344555] 4 | 2 10 5 7 8 _ 4 0 11 1 9 3 
[00344556] 8 | 10 2 _ _ _ _ _ 0 11 1 9 _ 
[00344557] 7 | 10 2 9 _ _ _ _ 0 11 1 9 _ 
[00344558] 6 | 10 2 9 8 _ _ _ 0 11 1 9 _ 
[00344559] 6 | 10 2 9 6 _ _ _ 0 11 1 9 _ 
[00344560] 5 | 10 2 9 6 3 8 _ 0 11 1 9 _ 
[00344561] 4 | 10 2 9 6 3 8 7 0 11 1 9 _ 
[00344562] 5 | 10 2 9 6 8 3 _ 0 11 1 9 _ 
[00344563] 4 | 10 2 9 6 8 3 4 0 11 1 9 _ 
[00344564] 5 | 10 2 9 6 3 _ 8 0 11 1 9 _ 
[00344565] 4 | 10 2 9 6 3 7 8 0 11 1 9 _ 
[00344566] 5 | 10 2 9 6 8 _ 3 0 11 1 9 _ 
[00344567] 4 | 10 2 9 6 8 4 3 0 11 1 9 _ 
[00344568] 7 | 10 2 _ 9 _ _ _ 0 11 1 9 _ 
[00344569] 7 | 10 2 _ 7 _ _ _ 0 11 1 9 _ 
[00344570] 6 | 10 2 8 7 _ _ _ 0 11 1 9 _ 
[00344571] 5 | 10 2 8 7 _ _ _ 0 11 1 9 4 
[00344572] 4 | 10 2 8 7 3 _ _ 0 11 1 9 4 
[00344573] 3 | 10 2 8 7 3 6 _ 0 11 1 9 4 
