[00274904] 3 | 7 1 10 11 6 _ 2 0 8 5 7 _ 
[00274905] 2 | 7 1 10 11 6 4 2 0 8 5 7 _ 
[00274906] 4 | 7 1 10 11 6 _ _ 0 8 4 7 _ 
[00274907] 3 | 7 1 10 11 6 3 _ 0 8 4 7 _ 
[00274908] 3 | 7 1 10 11 6 9 _ 0 8 4 7 _ 
[00274909] 3 | 7 1 10 11 6 _ 3 0 8 4 7 _ 
[00274910] 3 | 7 1 10 11 6 _ 9 0 8 4 7 _ 
[00274911] 5 | 7 1 10 11 4 9 _ 0 8 _ 7 _ 
[00274912] 4 | 7 1 10 11 4 9 8 0 8 _ 7 _ 
[00274913] 4 | 7 1 10 11 4 9 _ 0 8 4 7 _ 
[00274914] 5 | 7 1 10 11 9 4 _ 0 8 _ 7 _ 
[00274915] 4 | 7 1 10 11 9 4 5 0 8 _ 7 _ 
[00274916] 5 | 7 1 10 11 4 _ 9 0 8 _ 7 _ 
[00274917] 4 | 7 1 10 11 4 8 9 0 8 _ 7 _ 
[00274918] 4 | 7 1 10 11 4 _ 9 0 8 4 7 _ 
[00274919] 5 | 7 1 10 11 9 _ 4 0 8 _ 7 _ 
[00274920] 4 | 7 1 10 11 9 5 4 0 8 _ 7 _ 
[00274921] 5 | 7 1 10 11 _ _ _ 0 8 3 7 _ 
[00274922] 4 | 7 1 10 11 2 6 _ 0 8 3 7 _ 
[00274923] 3 | 7 1 10 11 2 6 5 0 8 3 7 _ 
[00274924] 4 | 7 1 10 11 5 9 _ 0 8 3 7 _ 
[00274925] 3 | 7 1 10 11 5 9 2 0 8 3 7 _ 
[00274926] 4 | 7 1 10 11 6 2 _ 0 8 3 7 _ 
[00274927] 3 | 7 1 10 11 6 2 9 0 8 3 7 _ 
[00274928] 4 | 7 1 10 11 9 5 _ 0 8 3 7 _ 
[00274929] 3 | 7 1 10 11 9 5 6 0 8 3 7 _ 
[00274930] 4 | 7 1 10 11 2 _ 6 0 8 3 7 _ 
[00274931] 3 | 7 1 10 11 2 5 6 0 8 3 7 _ 
[00274932] 4 | 7 1 10 11 5 _ 9 0 8 3 7 _ 
[00274933] 3 | 7 1 10 11 5 2 9 0 8 3 7 _ 
[00274934] 4 | 7 1 10 11 6 _ 2 0 8 3 7 _ 
[00274935] 3 | 7 1 10 11 6 9 2 0 8 3 7 _ 
[00274936] 4 | 7 1 10 11 9 _ 5 0 8 3 7 _ 
[00274937] 3 | 7 1 10 11 9 6 5 0 8 3 7 _ 
[00274938] 6 | _ 1 10 11 5 _ _ 0 8 _ 7 _ 
[00274939] 5 | 6 1 10 11 5 _ _ 0 8 _ 7 _ 
[00274940] 4 | 6 1 10 11 5 9 _ 0 8 _ 7 _ 
[00274941] 3 | 6 1 10 11 5 9 2 0 8 _ 7 _ 
[00274942] 3 | 6 1 10 11 5 9 8 0 8 _ 7 _ 
[00274943] 3 | 6 1 10 11 5 9 _ 0 8 5 7 _ 
[00274944] 3 | 6 1 10 11 5 9 _ 0 8 _ 7 4 
[00274945] 2 | 6 1 10 11 5 9 3 0 8 _ 7 4 
[00274946] 4 | 6 1 10 11 5 _ 9 0 8 _ 7 _ 
[00274947] 3 | 6 1 10 11 5 2 9 0 8 _ 7 _ 
[00274948] 3 | 6 1 10 11 5 8 9 0 8 _ 7 _ 
[00274949] 3 | 6 1 10 11 5 _ 9 0 8 5 7 _ 
[00274950] 3 | 6 1 10 11 5 _ 9 0 8 _ 7 4 
[00274951] 2 | 6 1 10 11 5 3 9 0 8 _ 7 4 
[00274952] 4 | 6 1 10 11 5 _ _ 0 8 4 7 _ 
[00274953] 3 | 6 1 10 11 5 2 _ 0 8 4 7 _ 
[00274954] 2 | 6 1 10 11 5 2 3 0 8 4 7 _ 
[00274955] 2 | 6 1 10 11 5 2 7 0 8 4 7 _ 
[00274956] 2 | 6 1 10 11 5 2 _ 0 8 4 7 5 
[00274957] 2 | 6 1 10 11 5 2 _ 0 8 4 7 9 
[00274958] 3 | 6 1 10 11 5 _ 2 0 8 4 7 _ 
[00274959] 2 | 6 1 10 11 5 3 2 0 8 4 7 _ 
[00274960] 2 | 6 1 10 11 5 7 2 0 8 4 7 _ 
[00274961] 2 | 6 1 10 11 5 _ 2 0 8 4 7 5 
[00274962] 2 | 6 1 10 11 5 _ 2 0 8 4 7 9 
[00274963] 4 | 6 1 10 11 5 _ _ 0 8 _ 7 3 
[00274964] 3 | 6 1 10 11 5 2 _ 0 8 _ 7 3 
[00274965] 3 | 6 1 10 11 5 8 _ 0 8 _ 7 3 
[00274966] 3 | 6 1 10 11 5 _ 2 0 8 _ 7 3 
[00274967] 3 | 6 1 10 11 5 _ 8 0 8 _ 7 3 
[00274968] 3 | 6 1 10 11 5 _ _ 0 8 5 7 3 
[00274969] 5 | _ 1 10 11 5 _ _ 0 8 3 7 _ 
[00274970] 4 | 5 1 10 11 5 _ _ 0 8 3 7 _ 
[00274971] 3 | 5 1 10 11 5 _ _ 0 8 3 7 4 
[00274972] 4 | _ 1 10 11 5 1 _ 0 8 3 7 _ 
[00274973] 3 | _ 1 10 11 5 1 2 0 8 3 7 _ 
[00274974] 2 | _ 1 10 11 5 1 2 0 8 3 7 9 
[00274975] 3 | _ 1 10 11 5 1 _ 0 8 3 7 4 
[00274976] 4 | _ 1 10 11 5 9 _ 0 8 3 7 _ 
[00274977] 3 | 4 1 10 11 5 9 _ 0 8 3 7 _ 
[00274978] 2 | 4 1 10 11 5 9 7 0 8 3 7 _ 
[00274979] 2 | 4 1 10 11 5 9 _ 0 8 3 7 5 
[00274980] 3 | _ 1 10 11 5 9 2 0 8 3 7 _ 
[00274981] 3 | _ 1 10 11 5 9 _ 0 8 3 7 4 
[00274982] 4 | _ 1 10 11 5 _ 1 0 8 3 7 _ 
[00274983] 3 | _ 1 10 11 5 2 1 0 8 3 7 _ 
[00274984] 2 | _ 1 10 11 5 2 1 0 8 3 7 9 
[00274985] 3 | _ 1 10 11 5 _ 1 0 8 3 7 4 
[00274986] 4 | _ 1 10 11 5 _ 9 0 8 3 7 _ 
[00274987] 3 | 4 1 10 11 5 _ 9 0 8 3 7 _ 
[00274988] 2 | 4 1 10 11 5 7 9 0 8 3 7 _ 
[00274989] 2 | 4 1 10 11 5 _ 9 0 8 3 7 5 
[00274990] 3 | _ 1 10 11 5 2 9 0 8 3 7 _ 
[00274991] 3 | _ 1 10 11 5 _ 9 0 8 3 7 4 
[00274992] 5 | _ 1 10 11 5 _ _ 0 8 _ 7 2 
[00274993] 4 | 5 1 10 11 5 _ _ 0 8 _ 7 2 
[00274994] 4 | _ 1 10 11 5 1 _ 0 8 _ 7 2 
[00274995] 3 | _ 1 10 11 5 1 8 0 8 _ 7 2 
[00274996] 3 | _ 1 10 11 5 1 _ 0 8 5 7 2 
[00274997] 4 | _ 1 10 11 5 9 _ 0 8 _ 7 2 
[00274998] 3 | 4 1 10 11 5 9 _ 0 8 _ 7 2 
[00274999] 2 | 4 1 10 11 5 9 3 0 8 _ 7 2 
[00275000] 2 | 4 1 10 11 5 9 _ 0 8 6 7 2 
[00275001] 3 | _ 1 10 11 5 9 8 0 8 _ 7 2 
[00275002] 2 | 3 1 10 11 5 9 8 0 8 _ 7 2 
[00275003] 3 | _ 1 10 11 5 9 _ 0 8 5 7 2 
[00275004] 2 | 3 1 10 11 5 9 _ 0 8 5 7 2 
[00275005] 4 | _ 1 10 11 5 _ 1 0 8 _ 7 2 
[00275006] 3 | _ 1 10 11 5 8 1 0 8 _ 7 2 
[00275007] 3 | _ 1 10 11 5 _ 1 0 8 5 7 2 
[00275008] 4 | _ 1 10 11 5 _ 9 0 8 _ 7 2 
[00275009] 3 | 4 1 10 11 5 _ 9 0 8 _ 7 2 
[00275010] 2 | 4 1 10 11 5 3 9 0 8 _ 7 2 
[00275011] 2 | 4 1 10 11 5 _ 9 0 8 6 7 2 
[00275012] 3 | _ 1 10 11 5 8 9 0 8 _ 7 2 
[00275013] 2 | 3 1 10 11 5 8 9 0 8 _ 7 2 
[00275014] 3 | _ 1 10 11 5 _ 9 0 8 5 7 2 
[00275015] 2 | 3 1 10 11 5 _ 9 0 8 5 7 2 
[00275016] 4 | _ 1 10 11 5 _ _ 0 8 4 7 2 
[00275017] 6 | _ 1 10 11 3 9 _ 0 8 _ 7 _ 
[00275018] 5 | 6 1 10 11 3 9 _ 0 8 _ 7 _ 
[00275019] 4 | 6 1 10 11 3 9 7 0 8 _ 7 _ 
[00275020] 3 | 6 1 10 11 3 9 7 0 8 5 7 _ 
[00275021] 4 | 6 1 10 11 3 9 _ 0 8 4 7 _ 
[00275022] 4 | 6 1 10 11 3 9 _ 0 8 _ 7 3 
[00275023] 3 | 6 1 10 11 3 9 _ 0 8 5 7 3 
[00275024] 5 | _ 1 10 11 3 9 8 0 8 _ 7 _ 
[00275025] 4 | 5 1 10 11 3 9 8 0 8 _ 7 _ 
[00275026] 3 | 5 1 10 11 3 9 8 0 8 _ 7 4 
[00275027] 5 | _ 1 10 11 3 9 _ 0 8 3 7 _ 
[00275028] 4 | 5 1 10 11 3 9 _ 0 8 3 7 _ 
[00275029] 3 | 5 1 10 11 3 9 _ 0 8 3 7 4 
[00275030] 5 | _ 1 10 11 3 9 _ 0 8 _ 7 2 
[00275031] 4 | 5 1 10 11 3 9 _ 0 8 _ 7 2 
[00275032] 3 | 5 1 10 11 3 9 6 0 8 _ 7 2 
[00275033] 4 | _ 1 10 11 3 9 _ 0 8 4 7 2 
[00275034] 3 | _ 1 10 11 3 9 6 0 8 4 7 2 
[00275035] 6 | _ 1 10 11 9 3 _ 0 8 _ 7 _ 
[00275036] 5 | 6 1 10 11 9 3 _ 0 8 _ 7 _ 
[00275037] 4 | 6 1 10 11 9 3 5 0 8 _ 7 _ 
[00275038] 3 | 6 1 10 11 9 3 5 0 8 _ 7 4 
[00275039] 4 | 6 1 10 11 9 3 _ 0 8 4 7 _ 
[00275040] 5 | _ 1 10 11 9 3 4 0 8 _ 7 _ 
[00275041] 4 | 5 1 10 11 9 3 4 0 8 _ 7 _ 
[00275042] 5 | _ 1 10 11 9 3 _ 0 8 _ 7 2 
[00275043] 4 | 5 1 10 11 9 3 _ 0 8 _ 7 2 
[00275044] 3 | 5 1 10 11 9 3 6 0 8 _ 7 2 
[00275045] 4 | _ 1 10 11 9 3 5 0 8 _ 7 2 
[00275046] 3 | 4 1 10 11 9 3 5 0 8 _ 7 2 
[00275047] 2 | 4 1 10 11 9 3 5 0 8 6 7 2 
[00275048] 4 | _ 1 10 11 9 3 _ 0 8 4 7 2 
[00275049] 3 | _ 1 10 11 9 3 6 0 8 4 7 2 
[00275050] 6 | _ 1 10 11 3 _ 9 0 8 _ 7 _ 
[00275051] 5 | 6 1 10 11 3 _ 9 0 8 _ 7 _ 
[00275052] 4 | 6 1 10 11 3 7 9 0 8 _ 7 _ 
[00275053] 3 | 6 1 10 11 3 7 9 0 8 5 7 _ 
[00275054] 4 | 6 1 10 11 3 _ 9 0 8 4 7 _ 
[00275055] 4 | 6 1 10 11 3 _ 9 0 8 _ 7 3 
[00275056] 3 | 6 1 10 11 3 _ 9 0 8 5 7 3 
[00275057] 5 | _ 1 10 11 3 8 9 0 8 _ 7 _ 
[00275058] 4 | 5 1 10 11 3 8 9 0 8 _ 7 _ 
[00275059] 3 | 5 1 10 11 3 8 9 0 8 _ 7 4 
[00275060] 5 | _ 1 10 11 3 _ 9 0 8 3 7 _ 
[00275061] 4 | 5 1 10 11 3 _ 9 0 8 3 7 _ 
[00275062] 3 | 5 1 10 11 3 _ 9 0 8 3 7 4 
[00275063] 5 | _ 1 10 11 3 _ 9 0 8 _ 7 2 
[00275064] 4 | 5 1 10 11 3 _ 9 0 8 _ 7 2 
[00275065] 3 | 5 1 10 11 3 6 9 0 8 _ 7 2 
[00275066] 4 | _ 1 10 11 3 _ 9 0 8 4 7 2 
[00275067] 3 | _ 1 10 11 3 6 9 0 8 4 7 2 
[00275068] 6 | _ 1 10 11 9 _ 3 0 8 _ 7 _ 
[00275069] 5 | 6 1 10 11 9 _ 3 0 8 _ 7 _ 
[00275070] 4 | 6 1 10 11 9 5 3 0 8 _ 7 _ 
[00275071] 3 | 6 1 10 11 9 5 3 0 8 _ 7 4 
[00275072] 4 | 6 1 10 11 9 _ 3 0 8 4 7 _ 
[00275073] 5 | _ 1 10 11 9 4 3 0 8 _ 7 _ 
[00275074] 4 | 5 1 10 11 9 4 3 0 8 _ 7 _ 
[00275075] 5 | _ 1 10 11 9 _ 3 0 8 _ 7 2 
[00275076] 4 | 5 1 10 11 9 _ 3 0 8 _ 7 2 
[00275077] 3 | 5 1 10 11 9 6 3 0 8 _ 7 2 
[00275078] 4 | _ 1 10 11 9 5 3 0 8 _ 7 2 
[00275079] 3 | 4 1 10 11 9 5 3 0 8 _ 7 2 
[00275080] 2 | 4 1 10 11 9 5 3 0 8 6 7 2 
[00275081] 4 | _ 1 10 11 9 _ 3 0 8 4 7 2 
[00275082] 3 | _ 1 10 11 9 6 3 0 8 4 7 2 
[00275083] 6 | _ 1 10 11 _ _ _ 0 8 2 7 _ 
[00275084] 5 | 6 1 10 11 _ _ _ 0 8 2 7 _ 
[00275085] 4 | 6 1 10 11 7 _ _ 0 8 2 7 _ 
[00275086] 3 | 6 1 10 11 7 4 _ 0 8 2 7 _ 
[00275087] 2 | 6 1 10 11 7 4 5 0 8 2 7 _ 
[00275088] 2 | 6 1 10 11 7 4 9 0 8 2 7 _ 
[00275089] 2 | 6 1 10 11 7 4 _ 0 8 2 7 5 
[00275090] 2 | 6 1 10 11 7 4 _ 0 8 2 7 9 
[00275091] 3 | 6 1 10 11 7 _ 4 0 8 2 7 _ 
[00275092] 2 | 6 1 10 11 7 5 4 0 8 2 7 _ 
[00275093] 2 | 6 1 10 11 7 9 4 0 8 2 7 _ 
[00275094] 2 | 6 1 10 11 7 _ 4 0 8 2 7 5 
[00275095] 2 | 6 1 10 11 7 _ 4 0 8 2 7 9 
[00275096] 3 | 6 1 10 11 7 _ _ 0 8 2 7 4 
[00275097] 4 | 6 1 10 11 5 9 _ 0 8 2 7 _ 
[00275098] 3 | 6 1 10 11 5 9 _ 0 8 2 7 4 
[00275099] 2 | 6 1 10 11 5 9 3 0 8 2 7 4 
[00275100] 4 | 6 1 10 11 9 5 _ 0 8 2 7 _ 
[00275101] 3 | 6 1 10 11 9 5 _ 0 8 2 7 4 
[00275102] 4 | 6 1 10 11 5 _ 9 0 8 2 7 _ 
[00275103] 3 | 6 1 10 11 5 _ 9 0 8 2 7 4 
[00275104] 2 | 6 1 10 11 5 3 9 0 8 2 7 4 
[00275105] 4 | 6 1 10 11 9 _ 5 0 8 2 7 _ 
[00275106] 3 | 6 1 10 11 9 _ 5 0 8 2 7 4 
[00275107] 4 | 6 1 10 11 _ _ _ 0 8 2 7 3 
[00275108] 4 | 6 1 10 11 _ _ _ 0 8 2 7 11 
[00275109] 5 | _ 1 10 11 6 _ _ 0 8 2 7 _ 
[00275110] 4 | 5 1 10 11 6 _ _ 0 8 2 7 _ 
[00275111] 3 | 5 1 10 11 6 3 _ 0 8 2 7 _ 
[00275112] 2 | 5 1 10 11 6 3 4 0 8 2 7 _ 
[00275113] 2 | 5 1 10 11 6 3 _ 0 8 2 7 9 
[00275114] 3 | 5 1 10 11 6 9 _ 0 8 2 7 _ 
[00275115] 2 | 5 1 10 11 6 9 4 0 8 2 7 _ 
[00275116] 3 | 5 1 10 11 6 _ 3 0 8 2 7 _ 
[00275117] 2 | 5 1 10 11 6 4 3 0 8 2 7 _ 
[00275118] 2 | 5 1 10 11 6 _ 3 0 8 2 7 9 
[00275119] 3 | 5 1 10 11 6 _ 9 0 8 2 7 _ 
[00275120] 2 | 5 1 10 11 6 4 9 0 8 2 7 _ 
[00275121] 3 | 5 1 10 11 6 _ _ 0 8 2 7 4 
[00275122] 4 | _ 1 10 11 6 _ _ 0 8 2 7 3 
[00275123] 3 | 4 1 10 11 6 _ _ 0 8 2 7 3 
[00275124] 3 | _ 1 10 11 6 9 _ 0 8 2 7 3 
[00275125] 2 | _ 1 10 11 6 9 4 0 8 2 7 3 
[00275126] 3 | _ 1 10 11 6 _ 9 0 8 2 7 3 
[00275127] 2 | _ 1 10 11 6 4 9 0 8 2 7 3 
[00275128] 5 | _ 1 10 11 4 9 _ 0 8 2 7 _ 
[00275129] 4 | 5 1 10 11 4 9 _ 0 8 2 7 _ 
[00275130] 3 | 5 1 10 11 4 9 7 0 8 2 7 _ 
[00275131] 3 | 5 1 10 11 4 9 _ 0 8 2 7 4 
[00275132] 4 | _ 1 10 11 4 9 _ 0 8 2 7 3 
[00275133] 3 | 4 1 10 11 4 9 _ 0 8 2 7 3 
[00275134] 3 | _ 1 10 11 4 9 1 0 8 2 7 3 
[00275135] 5 | _ 1 10 11 9 4 _ 0 8 2 7 _ 
[00275136] 4 | 5 1 10 11 9 4 _ 0 8 2 7 _ 
[00275137] 3 | 5 1 10 11 9 4 6 0 8 2 7 _ 
[00275138] 4 | _ 1 10 11 9 4 5 0 8 2 7 _ 
[00275139] 4 | _ 1 10 11 9 4 _ 0 8 2 7 3 
[00275140] 3 | _ 1 10 11 9 4 6 0 8 2 7 3 
[00275141] 5 | _ 1 10 11 4 _ 9 0 8 2 7 _ 
[00275142] 4 | 5 1 10 11 4 _ 9 0 8 2 7 _ 
[00275143] 3 | 5 1 10 11 4 7 9 0 8 2 7 _ 
[00275144] 3 | 5 1 10 11 4 _ 9 0 8 2 7 4 
[00275145] 4 | _ 1 10 11 4 _ 9 0 8 2 7 3 
[00275146] 3 | 4 1 10 11 4 _ 9 0 8 2 7 3 
[00275147] 3 | _ 1 10 11 4 1 9 0 8 2 7 3 
[00275148] 5 | _ 1 10 11 9 _ 4 0 8 2 7 _ 
[00275149] 4 | 5 1 10 11 9 _ 4 0 8 2 7 _ 
[00275150] 3 | 5 1 10 11 9 6 4 0 8 2 7 _ 
[00275151] 4 | _ 1 10 11 9 5 4 0 8 2 7 _ 
[00275152] 4 | _ 1 10 11 9 _ 4 0 8 2 7 3 
[00275153] 3 | _ 1 10 11 9 6 4 0 8 2 7 3 
[00275154] 6 | _ 1 10 11 _ _ _ 0 8 _ 7 1 
[00275155] 5 | _ 1 10 11 6 _ _ 0 8 _ 7 1 
[00275156] 4 | _ 1 10 11 6 2 _ 0 8 _ 7 1 
[00275157] 3 | _ 1 10 11 6 2 3 0 8 _ 7 1 
[00275158] 3 | _ 1 10 11 6 2 9 0 8 _ 7 1 
[00275159] 3 | _ 1 10 11 6 2 _ 0 8 5 7 1 
[00275160] 2 | _ 1 10 11 6 2 4 0 8 5 7 1 
[00275161] 4 | _ 1 10 11 6 _ 2 0 8 _ 7 1 
[00275162] 3 | _ 1 10 11 6 3 2 0 8 _ 7 1 
[00275163] 3 | _ 1 10 11 6 9 2 0 8 _ 7 1 
[00275164] 3 | _ 1 10 11 6 _ 2 0 8 5 7 1 
[00275165] 2 | _ 1 10 11 6 4 2 0 8 5 7 1 
[00275166] 4 | _ 1 10 11 6 _ _ 0 8 4 7 1 
[00275167] 3 | _ 1 10 11 6 3 _ 0 8 4 7 1 
[00275168] 3 | _ 1 10 11 6 9 _ 0 8 4 7 1 
[00275169] 3 | _ 1 10 11 6 _ 3 0 8 4 7 1 
[00275170] 3 | _ 1 10 11 6 _ 9 0 8 4 7 1 
[00275171] 5 | _ 1 10 11 4 9 _ 0 8 _ 7 1 
[00275172] 4 | _ 1 10 11 4 9 8 0 8 _ 7 1 
[00275173] 4 | _ 1 10 11 4 9 _ 0 8 4 7 1 
[00275174] 5 | _ 1 10 11 9 4 _ 0 8 _ 7 1 
[00275175] 4 | _ 1 10 11 9 4 5 0 8 _ 7 1 
[00275176] 5 | _ 1 10 11 4 _ 9 0 8 _ 7 1 
[00275177] 4 | _ 1 10 11 4 8 9 0 8 _ 7 1 
[00275178] 4 | _ 1 10 11 4 _ 9 0 8 4 7 1 
[00275179] 5 | _ 1 10 11 9 _ 4 0 8 _ 7 1 
[00275180] 4 | _ 1 10 11 9 5 4 0 8 _ 7 1 
[00275181] 5 | _ 1 10 11 _ _ _ 0 8 3 7 1 
[00275182] 4 | _ 1 10 11 2 6 _ 0 8 3 7 1 
[00275183] 3 | _ 1 10 11 2 6 5 0 8 3 7 1 
[00275184] 4 | _ 1 10 11 5 9 _ 0 8 3 7 1 
[00275185] 3 | _ 1 10 11 5 9 2 0 8 3 7 1 
[00275186] 4 | _ 1 10 11 6 2 _ 0 8 3 7 1 
[00275187] 3 | _ 1 10 11 6 2 9 0 8 3 7 1 
[00275188] 4 | _ 1 10 11 9 5 _ 0 8 3 7 1 
[00275189] 3 | _ 1 10 11 9 5 6 0 8 3 7 1 
[00275190] 4 | _ 1 10 11 2 _ 6 0 8 3 7 1 
[00275191] 3 | _ 1 10 11 2 5 6 0 8 3 7 1 
[00275192] 4 | _ 1 10 11 5 _ 9 0 8 3 7 1 
[00275193] 3 | _ 1 10 11 5 2 9 0 8 3 7 1 
[00275194] 4 | _ 1 10 11 6 _ 2 0 8 3 7 1 
[00275195] 3 | _ 1 10 11 6 9 2 0 8 3 7 1 
[00275196] 4 | _ 1 10 11 9 _ 5 0 8 3 7 1 
[00275197] 3 | _ 1 10 11 9 6 5 0 8 3 7 1 
[00275198] 7 | _ 1 10 11 _ _ _ 0 8 _ 2 9 
[00275199] 6 | 7 1 10 11 _ _ _ 0 8 _ 2 9 
[00275200] 5 | 7 1 10 11 6 _ _ 0 8 _ 2 9 
[00275201] 4 | 7 1 10 11 6 _ _ 0 8 4 2 9 
[00275202] 3 | 7 1 10 11 6 3 _ 0 8 4 2 9 
[00275203] 3 | 7 1 10 11 6 _ 3 0 8 4 2 9 
[00275204] 5 | 7 1 10 11 _ _ _ 0 8 3 2 9 
[00275205] 6 | _ 1 10 11 5 _ _ 0 8 _ 2 9 
[00275206] 5 | 6 1 10 11 5 _ _ 0 8 _ 2 9 
[00275207] 4 | 6 1 10 11 5 _ _ 0 8 4 2 9 
[00275208] 5 | _ 1 10 11 5 _ _ 0 8 3 2 9 
[00275209] 4 | 5 1 10 11 5 _ _ 0 8 3 2 9 
[00275210] 4 | _ 1 10 11 5 1 _ 0 8 3 2 9 
[00275211] 4 | _ 1 10 11 5 _ 1 0 8 3 2 9 
[00275212] 7 | _ 1 10 11 _ _ _ 0 8 _ 9 2 
[00275213] 6 | 7 1 10 11 _ _ _ 0 8 _ 9 2 
[00275214] 5 | 7 1 10 11 6 _ _ 0 8 _ 9 2 
[00275215] 4 | 7 1 10 11 6 _ _ 0 8 4 9 2 
[00275216] 3 | 7 1 10 11 6 3 _ 0 8 4 9 2 
[00275217] 3 | 7 1 10 11 6 _ 3 0 8 4 9 2 
[00275218] 5 | 7 1 10 11 _ _ _ 0 8 3 9 2 
[00275219] 6 | _ 1 10 11 5 _ _ 0 8 _ 9 2 
[00275220] 5 | 6 1 10 11 5 _ _ 0 8 _ 9 2 
[00275221] 4 | 6 1 10 11 5 _ _ 0 8 4 9 2 
[00275222] 5 | _ 1 10 11 5 _ _ 0 8 3 9 2 
[00275223] 4 | 5 1 10 11 5 _ _ 0 8 3 9 2 
[00275224] 4 | _ 1 10 11 5 1 _ 0 8 3 9 2 
[00275225] 4 | _ 1 10 11 5 _ 1 0 8 3 9 2 
[00275226] 8 | _ 1 10 11 _ _ _ 0 _ _ 8 _ 
[00275227] 7 | 8 1 10 11 _ _ _ 0 _ _ 8 _ 
[00275228] 6 | 8 1 10 11 5 _ _ 0 _ _ 8 _ 
[00275229] 5 | 8 1 10 11 5 0 _ 0 _ _ 8 _ 
[00275230] 4 | 8 1 10 11 5 0 9 0 _ _ 8 _ 
[00275231] 3 | 8 1 10 11 5 0 9 0 3 6 8 _ 
[00275232] 3 | 8 1 10 11 5 0 9 0 4 7 8 _ 
[00275233] 3 | 8 1 10 11 5 0 9 0 6 3 8 _ 
[00275234] 3 | 8 1 10 11 5 0 9 0 7 4 8 _ 
[00275235] 4 | 8 1 10 11 5 0 _ 0 2 6 8 _ 
[00275236] 4 | 8 1 10 11 5 0 _ 0 3 7 8 _ 
[00275237] 3 | 8 1 10 11 5 0 2 0 3 7 8 _ 
[00275238] 4 | 8 1 10 11 5 0 _ 0 6 2 8 _ 
[00275239] 4 | 8 1 10 11 5 0 _ 0 7 3 8 _ 
[00275240] 3 | 8 1 10 11 5 0 2 0 7 3 8 _ 
[00275241] 5 | 8 1 10 11 5 _ 0 0 _ _ 8 _ 
[00275242] 4 | 8 1 10 11 5 9 0 0 _ _ 8 _ 
[00275243] 3 | 8 1 10 11 5 9 0 0 3 6 8 _ 
[00275244] 3 | 8 1 10 11 5 9 0 0 4 7 8 _ 
[00275245] 3 | 8 1 10 11 5 9 0 0 6 3 8 _ 
[00275246] 3 | 8 1 10 11 5 9 0 0 7 4 8 _ 
[00275247] 4 | 8 1 10 11 5 _ 0 0 2 6 8 _ 
[00275248] 4 | 8 1 10 11 5 _ 0 0 3 7 8 _ 
[00275249] 3 | 8 1 10 11 5 2 0 0 3 7 8 _ 
[00275250] 4 | 8 1 10 11 5 _ 0 0 6 2 8 _ 
[00275251] 4 | 8 1 10 11 5 _ 0 0 7 3 8 _ 
[00275252] 3 | 8 1 10 11 5 2 0 0 7 3 8 _ 
[00275253] 5 | 8 1 10 11 5 _ _ 0 5 _ 8 _ 
[00275254] 4 | 8 1 10 11 5 9 _ 0 5 _ 8 _ 
[00275255] 3 | 8 1 10 11 5 9 2 0 5 _ 8 _ 
[00275256] 3 | 8 1 10 11 5 9 _ 0 5 2 8 _ 
[00275257] 4 | 8 1 10 11 5 _ 9 0 5 _ 8 _ 
[00275258] 3 | 8 1 10 11 5 2 9 0 5 _ 8 _ 
[00275259] 3 | 8 1 10 11 5 _ 9 0 5 2 8 _ 
[00275260] 4 | 8 1 10 11 5 _ _ 0 5 9 8 _ 
[00275261] 5 | 8 1 10 11 5 _ _ 0 2 7 8 _ 
[00275262] 4 | 8 1 10 11 5 9 _ 0 2 7 8 _ 
[00275263] 4 | 8 1 10 11 5 _ 9 0 2 7 8 _ 
[00275264] 5 | 8 1 10 11 5 _ _ 0 4 9 8 _ 
[00275265] 5 | 8 1 10 11 5 _ _ 0 7 2 8 _ 
[00275266] 4 | 8 1 10 11 5 9 _ 0 7 2 8 _ 
[00275267] 4 | 8 1 10 11 5 _ 9 0 7 2 8 _ 
[00275268] 5 | 8 1 10 11 5 _ _ 0 9 4 8 _ 
[00275269] 6 | 8 1 10 11 3 9 _ 0 _ _ 8 _ 
[00275270] 5 | 8 1 10 11 3 9 _ 0 5 _ 8 _ 
[00275271] 4 | 8 1 10 11 3 9 7 0 5 _ 8 _ 
[00275272] 3 | 8 1 10 11 3 9 7 0 5 2 8 _ 
[00275273] 5 | 8 1 10 11 3 9 _ 0 2 7 8 _ 
[00275274] 5 | 8 1 10 11 3 9 _ 0 7 2 8 _ 
[00275275] 6 | 8 1 10 11 9 3 _ 0 _ _ 8 _ 
[00275276] 5 | 8 1 10 11 9 3 4 0 _ _ 8 _ 
[00275277] 4 | 8 1 10 11 9 3 4 0 2 6 8 _ 
[00275278] 4 | 8 1 10 11 9 3 4 0 6 2 8 _ 
[00275279] 5 | 8 1 10 11 9 3 _ 0 5 _ 8 _ 
[00275280] 4 | 8 1 10 11 9 3 5 0 5 _ 8 _ 
[00275281] 4 | 8 1 10 11 9 3 _ 0 5 9 8 _ 
[00275282] 5 | 8 1 10 11 9 3 _ 0 2 7 8 _ 
[00275283] 4 | 8 1 10 11 9 3 5 0 2 7 8 _ 
[00275284] 5 | 8 1 10 11 9 3 _ 0 7 2 8 _ 
[00275285] 4 | 8 1 10 11 9 3 5 0 7 2 8 _ 
[00275286] 6 | 8 1 10 11 3 _ 9 0 _ _ 8 _ 
[00275287] 5 | 8 1 10 11 3 _ 9 0 5 _ 8 _ 
[00275288] 4 | 8 1 10 11 3 7 9 0 5 _ 8 _ 
[00275289] 3 | 8 1 10 11 3 7 9 0 5 2 8 _ 
[00275290] 5 | 8 1 10 11 3 _ 9 0 2 7 8 _ 
[00275291] 5 | 8 1 10 11 3 _ 9 0 7 2 8 _ 
[00275292] 6 | 8 1 10 11 9 _ 3 0 _ _ 8 _ 
[00275293] 5 | 8 1 10 11 9 4 3 0 _ _ 8 _ 
[00275294] 4 | 8 1 10 11 9 4 3 0 2 6 8 _ 
[00275295] 4 | 8 1 10 11 9 4 3 0 6 2 8 _ 
[00275296] 5 | 8 1 10 11 9 _ 3 0 5 _ 8 _ 
[00275297] 4 | 8 1 10 11 9 5 3 0 5 _ 8 _ 
[00275298] 4 | 8 1 10 11 9 _ 3 0 5 9 8 _ 
[00275299] 5 | 8 1 10 11 9 _ 3 0 2 7 8 _ 
[00275300] 4 | 8 1 10 11 9 5 3 0 2 7 8 _ 
[00275301] 5 | 8 1 10 11 9 _ 3 0 7 2 8 _ 
[00275302] 4 | 8 1 10 11 9 5 3 0 7 2 8 _ 
[00275303] 6 | 8 1 10 11 _ _ _ 0 6 _ 8 _ 
[00275304] 5 | 8 1 10 11 6 _ _ 0 6 _ 8 _ 
[00275305] 4 | 8 1 10 11 6 2 _ 0 6 _ 8 _ 
[00275306] 3 | 8 1 10 11 6 2 3 0 6 _ 8 _ 
[00275307] 3 | 8 1 10 11 6 2 9 0 6 _ 8 _ 
[00275308] 3 | 8 1 10 11 6 2 _ 0 6 3 8 _ 
[00275309] 3 | 8 1 10 11 6 2 _ 0 6 9 8 _ 
[00275310] 4 | 8 1 10 11 6 _ 2 0 6 _ 8 _ 
[00275311] 3 | 8 1 10 11 6 3 2 0 6 _ 8 _ 
[00275312] 3 | 8 1 10 11 6 9 2 0 6 _ 8 _ 
[00275313] 3 | 8 1 10 11 6 _ 2 0 6 3 8 _ 
[00275314] 3 | 8 1 10 11 6 _ 2 0 6 9 8 _ 
[00275315] 4 | 8 1 10 11 6 _ _ 0 6 2 8 _ 
[00275316] 5 | 8 1 10 11 2 7 _ 0 6 _ 8 _ 
[00275317] 4 | 8 1 10 11 2 7 6 0 6 _ 8 _ 
[00275318] 4 | 8 1 10 11 2 7 _ 0 6 2 8 _ 
[00275319] 5 | 8 1 10 11 4 9 _ 0 6 _ 8 _ 
[00275320] 4 | 8 1 10 11 4 9 _ 0 6 2 8 _ 
[00275321] 3 | 8 1 10 11 4 9 7 0 6 2 8 _ 
[00275322] 5 | 8 1 10 11 7 2 _ 0 6 _ 8 _ 
[00275323] 4 | 8 1 10 11 7 2 3 0 6 _ 8 _ 
[00275324] 3 | 8 1 10 11 7 2 3 0 6 9 8 _ 
[00275325] 5 | 8 1 10 11 9 4 _ 0 6 _ 8 _ 
[00275326] 4 | 8 1 10 11 9 4 5 0 6 _ 8 _ 
[00275327] 3 | 8 1 10 11 9 4 5 0 6 3 8 _ 
[00275328] 4 | 8 1 10 11 9 4 _ 0 6 2 8 _ 
[00275329] 5 | 8 1 10 11 2 _ 7 0 6 _ 8 _ 
[00275330] 4 | 8 1 10 11 2 6 7 0 6 _ 8 _ 
[00275331] 4 | 8 1 10 11 2 _ 7 0 6 2 8 _ 
[00275332] 5 | 8 1 10 11 4 _ 9 0 6 _ 8 _ 
[00275333] 4 | 8 1 10 11 4 _ 9 0 6 2 8 _ 
[00275334] 3 | 8 1 10 11 4 7 9 0 6 2 8 _ 
[00275335] 5 | 8 1 10 11 7 _ 2 0 6 _ 8 _ 
[00275336] 4 | 8 1 10 11 7 3 2 0 6 _ 8 _ 
[00275337] 3 | 8 1 10 11 7 3 2 0 6 9 8 _ 
[00275338] 5 | 8 1 10 11 9 _ 4 0 6 _ 8 _ 
[00275339] 4 | 8 1 10 11 9 5 4 0 6 _ 8 _ 
[00275340] 3 | 8 1 10 11 9 5 4 0 6 3 8 _ 
[00275341] 4 | 8 1 10 11 9 _ 4 0 6 2 8 _ 
[00275342] 5 | 8 1 10 11 _ _ _ 0 6 11 8 _ 
[00275343] 4 | 8 1 10 11 3 7 _ 0 6 11 8 _ 
[00275344] 4 | 8 1 10 11 5 9 _ 0 6 11 8 _ 
[00275345] 3 | 8 1 10 11 5 9 2 0 6 11 8 _ 
[00275346] 4 | 8 1 10 11 7 3 _ 0 6 11 8 _ 
[00275347] 3 | 8 1 10 11 7 3 4 0 6 11 8 _ 
[00275348] 4 | 8 1 10 11 9 5 _ 0 6 11 8 _ 
[00275349] 4 | 8 1 10 11 3 _ 7 0 6 11 8 _ 
[00275350] 4 | 8 1 10 11 5 _ 9 0 6 11 8 _ 
[00275351] 3 | 8 1 10 11 5 2 9 0 6 11 8 _ 
[00275352] 4 | 8 1 10 11 7 _ 3 0 6 11 8 _ 
[00275353] 3 | 8 1 10 11 7 4 3 0 6 11 8 _ 
[00275354] 4 | 8 1 10 11 9 _ 5 0 6 11 8 _ 
[00275355] 6 | 8 1 10 11 _ _ _ 0 3 9 8 _ 
[00275356] 5 | 8 1 10 11 6 _ _ 0 3 9 8 _ 
[00275357] 4 | 8 1 10 11 6 2 _ 0 3 9 8 _ 
[00275358] 4 | 8 1 10 11 6 _ 2 0 3 9 8 _ 
[00275359] 5 | 8 1 10 11 2 7 _ 0 3 9 8 _ 
[00275360] 4 | 8 1 10 11 2 7 6 0 3 9 8 _ 
[00275361] 5 | 8 1 10 11 7 2 _ 0 3 9 8 _ 
[00275362] 5 | 8 1 10 11 2 _ 7 0 3 9 8 _ 
[00275363] 4 | 8 1 10 11 2 6 7 0 3 9 8 _ 
[00275364] 5 | 8 1 10 11 7 _ 2 0 3 9 8 _ 
[00275365] 6 | 8 1 10 11 _ _ _ 0 9 3 8 _ 
[00275366] 5 | 8 1 10 11 6 _ _ 0 9 3 8 _ 
[00275367] 4 | 8 1 10 11 6 2 _ 0 9 3 8 _ 
[00275368] 4 | 8 1 10 11 6 _ 2 0 9 3 8 _ 
[00275369] 5 | 8 1 10 11 2 7 _ 0 9 3 8 _ 
[00275370] 4 | 8 1 10 11 2 7 6 0 9 3 8 _ 
[00275371] 5 | 8 1 10 11 7 2 _ 0 9 3 8 _ 
[00275372] 5 | 8 1 10 11 2 _ 7 0 9 3 8 _ 
[00275373] 4 | 8 1 10 11 2 6 7 0 9 3 8 _ 
[00275374] 5 | 8 1 10 11 7 _ 2 0 9 3 8 _ 
[00275375] 7 | _ 1 10 11 4 _ _ 0 _ _ 8 _ 
[00275376] 6 | 7 1 10 11 4 _ _ 0 _ _ 8 _ 
[00275377] 5 | 7 1 10 11 4 9 _ 0 _ _ 8 _ 
[00275378] 4 | 7 1 10 11 4 9 0 0 _ _ 8 _ 
[00275379] 3 | 7 1 10 11 4 9 0 0 2 5 8 _ 
[00275380] 2 | 7 1 10 11 4 9 0 0 2 5 8 6 
[00275381] 3 | 7 1 10 11 4 9 0 0 3 6 8 _ 
[00275382] 3 | 7 1 10 11 4 9 0 0 5 2 8 _ 
[00275383] 2 | 7 1 10 11 4 9 0 0 5 2 8 6 
[00275384] 3 | 7 1 10 11 4 9 0 0 6 3 8 _ 
[00275385] 3 | 7 1 10 11 4 9 0 0 _ _ 8 5 
[00275386] 4 | 7 1 10 11 4 9 8 0 _ _ 8 _ 
[00275387] 3 | 7 1 10 11 4 9 8 0 3 _ 8 _ 
[00275388] 2 | 7 1 10 11 4 9 8 0 3 5 8 _ 
[00275389] 3 | 7 1 10 11 4 9 8 0 2 5 8 _ 
[00275390] 3 | 7 1 10 11 4 9 8 0 3 6 8 _ 
[00275391] 3 | 7 1 10 11 4 9 8 0 5 2 8 _ 
[00275392] 3 | 7 1 10 11 4 9 8 0 6 3 8 _ 
[00275393] 4 | 7 1 10 11 4 9 _ 0 4 _ 8 _ 
[00275394] 3 | 7 1 10 11 4 9 _ 0 4 _ 8 5 
[00275395] 2 | 7 1 10 11 4 9 2 0 4 _ 8 5 
[00275396] 2 | 7 1 10 11 4 9 6 0 4 _ 8 5 
[00275397] 2 | 7 1 10 11 4 9 _ 0 4 2 8 5 
[00275398] 2 | 7 1 10 11 4 9 _ 0 4 6 8 5 
[00275399] 4 | 7 1 10 11 4 9 _ 0 2 6 8 _ 
[00275400] 3 | 7 1 10 11 4 9 _ 0 2 6 8 5 
[00275401] 4 | 7 1 10 11 4 9 _ 0 6 2 8 _ 
[00275402] 3 | 7 1 10 11 4 9 _ 0 6 2 8 5 
[00275403] 4 | 7 1 10 11 4 9 _ 0 _ _ 8 4 
