[00064857] 4 | 5 0 _ 11 3 _ 7 1 9 2 10 4 
[00064858] 3 | 5 0 3 11 3 _ 7 1 9 2 10 4 
[00064859] 3 | 5 0 _ 11 3 0 7 1 9 2 10 4 
[00064860] 3 | 5 0 _ 11 3 6 7 1 9 2 10 4 
[00064861] 4 | 5 0 _ 11 7 _ 3 1 9 2 10 4 
[00064862] 5 | _ 0 5 11 _ _ _ 1 9 2 10 4 
[00064863] 4 | _ 0 5 11 7 _ _ 1 9 2 10 4 
[00064864] 3 | 3 0 5 11 7 _ _ 1 9 2 10 4 
[00064865] 4 | _ 0 5 11 3 7 _ 1 9 2 10 4 
[00064866] 3 | 3 0 5 11 3 7 _ 1 9 2 10 4 
[00064867] 3 | _ 0 5 11 3 7 0 1 9 2 10 4 
[00064868] 3 | _ 0 5 11 3 7 6 1 9 2 10 4 
[00064869] 4 | _ 0 5 11 7 3 _ 1 9 2 10 4 
[00064870] 4 | _ 0 5 11 3 _ 7 1 9 2 10 4 
[00064871] 3 | 3 0 5 11 3 _ 7 1 9 2 10 4 
[00064872] 3 | _ 0 5 11 3 0 7 1 9 2 10 4 
[00064873] 3 | _ 0 5 11 3 6 7 1 9 2 10 4 
[00064874] 4 | _ 0 5 11 7 _ 3 1 9 2 10 4 
[00064875] 5 | _ 0 _ 11 6 _ _ 1 9 2 10 4 
[00064876] 5 | _ 0 _ 11 3 8 _ 1 9 2 10 4 
[00064877] 4 | _ 0 _ 11 3 8 7 1 9 2 10 4 
[00064878] 5 | _ 0 _ 11 8 3 _ 1 9 2 10 4 
[00064879] 5 | _ 0 _ 11 3 _ 8 1 9 2 10 4 
[00064880] 4 | _ 0 _ 11 3 7 8 1 9 2 10 4 
[00064881] 5 | _ 0 _ 11 8 _ 3 1 9 2 10 4 
[00064882] 7 | _ 0 _ 11 _ _ _ 1 9 _ 10 3 
[00064883] 6 | 6 0 _ 11 _ _ _ 1 9 _ 10 3 
[00064884] 5 | 6 0 5 11 _ _ _ 1 9 _ 10 3 
[00064885] 4 | 6 0 5 11 7 _ _ 1 9 _ 10 3 
[00064886] 3 | 6 0 5 11 7 4 _ 1 9 _ 10 3 
[00064887] 2 | 6 0 5 11 7 4 9 1 9 _ 10 3 
[00064888] 2 | 6 0 5 11 7 4 _ 1 9 7 10 3 
[00064889] 3 | 6 0 5 11 7 _ 4 1 9 _ 10 3 
[00064890] 2 | 6 0 5 11 7 9 4 1 9 _ 10 3 
[00064891] 2 | 6 0 5 11 7 _ 4 1 9 7 10 3 
[00064892] 4 | 6 0 5 11 4 8 _ 1 9 _ 10 3 
[00064893] 3 | 6 0 5 11 4 8 7 1 9 _ 10 3 
[00064894] 4 | 6 0 5 11 8 4 _ 1 9 _ 10 3 
[00064895] 4 | 6 0 5 11 4 _ 8 1 9 _ 10 3 
[00064896] 3 | 6 0 5 11 4 7 8 1 9 _ 10 3 
[00064897] 4 | 6 0 5 11 8 _ 4 1 9 _ 10 3 
[00064898] 5 | 6 0 _ 11 2 7 _ 1 9 _ 10 3 
[00064899] 4 | 6 0 4 11 2 7 _ 1 9 _ 10 3 
[00064900] 3 | 6 0 4 11 2 7 5 1 9 _ 10 3 
[00064901] 4 | 6 0 _ 11 2 7 _ 1 9 5 10 3 
[00064902] 5 | 6 0 _ 11 7 2 _ 1 9 _ 10 3 
[00064903] 4 | 6 0 4 11 7 2 _ 1 9 _ 10 3 
[00064904] 4 | 6 0 _ 11 7 2 _ 1 9 5 10 3 
[00064905] 3 | 6 0 _ 11 7 2 4 1 9 5 10 3 
[00064906] 5 | 6 0 _ 11 2 _ 7 1 9 _ 10 3 
[00064907] 4 | 6 0 4 11 2 _ 7 1 9 _ 10 3 
[00064908] 3 | 6 0 4 11 2 5 7 1 9 _ 10 3 
[00064909] 4 | 6 0 _ 11 2 _ 7 1 9 5 10 3 
[00064910] 5 | 6 0 _ 11 7 _ 2 1 9 _ 10 3 
[00064911] 4 | 6 0 4 11 7 _ 2 1 9 _ 10 3 
[00064912] 4 | 6 0 _ 11 7 _ 2 1 9 5 10 3 
[00064913] 3 | 6 0 _ 11 7 4 2 1 9 5 10 3 
[00064914] 5 | 6 0 _ 11 _ _ _ 1 9 4 10 3 
[00064915] 4 | 6 0 _ 11 7 _ _ 1 9 4 10 3 
[00064916] 6 | _ 0 6 11 _ _ _ 1 9 _ 10 3 
[00064917] 5 | 5 0 6 11 _ _ _ 1 9 _ 10 3 
[00064918] 4 | 5 0 6 11 7 _ _ 1 9 _ 10 3 
[00064919] 3 | 5 0 6 11 7 4 _ 1 9 _ 10 3 
[00064920] 2 | 5 0 6 11 7 4 9 1 9 _ 10 3 
[00064921] 2 | 5 0 6 11 7 4 _ 1 9 7 10 3 
[00064922] 3 | 5 0 6 11 7 _ 4 1 9 _ 10 3 
[00064923] 2 | 5 0 6 11 7 9 4 1 9 _ 10 3 
[00064924] 2 | 5 0 6 11 7 _ 4 1 9 7 10 3 
[00064925] 4 | 5 0 6 11 4 8 _ 1 9 _ 10 3 
[00064926] 3 | 5 0 6 11 4 8 7 1 9 _ 10 3 
[00064927] 4 | 5 0 6 11 8 4 _ 1 9 _ 10 3 
[00064928] 4 | 5 0 6 11 4 _ 8 1 9 _ 10 3 
[00064929] 3 | 5 0 6 11 4 7 8 1 9 _ 10 3 
[00064930] 4 | 5 0 6 11 8 _ 4 1 9 _ 10 3 
[00064931] 5 | _ 0 6 11 2 7 _ 1 9 _ 10 3 
[00064932] 4 | 4 0 6 11 2 7 _ 1 9 _ 10 3 
[00064933] 3 | 4 0 6 11 2 7 5 1 9 _ 10 3 
[00064934] 4 | _ 0 6 11 2 7 _ 1 9 5 10 3 
[00064935] 5 | _ 0 6 11 7 2 _ 1 9 _ 10 3 
[00064936] 4 | 4 0 6 11 7 2 _ 1 9 _ 10 3 
[00064937] 4 | _ 0 6 11 7 2 _ 1 9 5 10 3 
[00064938] 3 | _ 0 6 11 7 2 4 1 9 5 10 3 
[00064939] 5 | _ 0 6 11 2 _ 7 1 9 _ 10 3 
[00064940] 4 | 4 0 6 11 2 _ 7 1 9 _ 10 3 
[00064941] 3 | 4 0 6 11 2 5 7 1 9 _ 10 3 
[00064942] 4 | _ 0 6 11 2 _ 7 1 9 5 10 3 
[00064943] 5 | _ 0 6 11 7 _ 2 1 9 _ 10 3 
[00064944] 4 | 4 0 6 11 7 _ 2 1 9 _ 10 3 
[00064945] 4 | _ 0 6 11 7 _ 2 1 9 5 10 3 
[00064946] 3 | _ 0 6 11 7 4 2 1 9 5 10 3 
[00064947] 5 | _ 0 6 11 _ _ _ 1 9 4 10 3 
[00064948] 4 | _ 0 6 11 7 _ _ 1 9 4 10 3 
[00064949] 6 | _ 0 _ 11 5 _ _ 1 9 _ 10 3 
[00064950] 5 | 5 0 _ 11 5 _ _ 1 9 _ 10 3 
[00064951] 4 | 5 0 4 11 5 _ _ 1 9 _ 10 3 
[00064952] 3 | 5 0 4 11 5 _ _ 1 9 6 10 3 
[00064953] 5 | _ 0 5 11 5 _ _ 1 9 _ 10 3 
[00064954] 4 | 4 0 5 11 5 _ _ 1 9 _ 10 3 
[00064955] 3 | 4 0 5 11 5 _ _ 1 9 6 10 3 
[00064956] 5 | _ 0 _ 11 5 0 _ 1 9 _ 10 3 
[00064957] 4 | _ 0 _ 11 5 0 9 1 9 _ 10 3 
[00064958] 4 | _ 0 _ 11 5 0 _ 1 9 5 10 3 
[00064959] 5 | _ 0 _ 11 5 _ 0 1 9 _ 10 3 
[00064960] 4 | _ 0 _ 11 5 9 0 1 9 _ 10 3 
[00064961] 4 | _ 0 _ 11 5 _ 0 1 9 5 10 3 
[00064962] 5 | _ 0 _ 11 5 _ _ 1 9 4 10 3 
[00064963] 6 | _ 0 _ 11 2 8 _ 1 9 _ 10 3 
[00064964] 5 | 5 0 _ 11 2 8 _ 1 9 _ 10 3 
[00064965] 4 | 5 0 4 11 2 8 _ 1 9 _ 10 3 
[00064966] 3 | 5 0 4 11 2 8 _ 1 9 6 10 3 
[00064967] 4 | 5 0 _ 11 2 8 6 1 9 _ 10 3 
[00064968] 5 | _ 0 5 11 2 8 _ 1 9 _ 10 3 
[00064969] 4 | 4 0 5 11 2 8 _ 1 9 _ 10 3 
[00064970] 3 | 4 0 5 11 2 8 _ 1 9 6 10 3 
[00064971] 4 | _ 0 5 11 2 8 6 1 9 _ 10 3 
[00064972] 5 | _ 0 _ 11 2 8 7 1 9 _ 10 3 
[00064973] 4 | 4 0 _ 11 2 8 7 1 9 _ 10 3 
[00064974] 3 | 4 0 _ 11 2 8 7 1 9 6 10 3 
[00064975] 4 | _ 0 4 11 2 8 7 1 9 _ 10 3 
[00064976] 3 | _ 0 4 11 2 8 7 1 9 6 10 3 
[00064977] 4 | _ 0 _ 11 2 8 7 1 9 5 10 3 
[00064978] 5 | _ 0 _ 11 2 8 _ 1 9 4 10 3 
[00064979] 4 | _ 0 _ 11 2 8 6 1 9 4 10 3 
[00064980] 6 | _ 0 _ 11 8 2 _ 1 9 _ 10 3 
[00064981] 5 | 5 0 _ 11 8 2 _ 1 9 _ 10 3 
[00064982] 4 | 5 0 4 11 8 2 _ 1 9 _ 10 3 
[00064983] 3 | 5 0 4 11 8 2 _ 1 9 6 10 3 
[00064984] 4 | 5 0 _ 11 8 2 4 1 9 _ 10 3 
[00064985] 3 | 5 0 _ 11 8 2 4 1 9 6 10 3 
[00064986] 5 | _ 0 5 11 8 2 _ 1 9 _ 10 3 
[00064987] 4 | 4 0 5 11 8 2 _ 1 9 _ 10 3 
[00064988] 3 | 4 0 5 11 8 2 _ 1 9 6 10 3 
[00064989] 4 | _ 0 5 11 8 2 4 1 9 _ 10 3 
[00064990] 3 | _ 0 5 11 8 2 4 1 9 6 10 3 
[00064991] 5 | _ 0 _ 11 8 2 _ 1 9 4 10 3 
[00064992] 6 | _ 0 _ 11 2 _ 8 1 9 _ 10 3 
[00064993] 5 | 5 0 _ 11 2 _ 8 1 9 _ 10 3 
[00064994] 4 | 5 0 4 11 2 _ 8 1 9 _ 10 3 
[00064995] 3 | 5 0 4 11 2 _ 8 1 9 6 10 3 
[00064996] 4 | 5 0 _ 11 2 6 8 1 9 _ 10 3 
[00064997] 5 | _ 0 5 11 2 _ 8 1 9 _ 10 3 
[00064998] 4 | 4 0 5 11 2 _ 8 1 9 _ 10 3 
[00064999] 3 | 4 0 5 11 2 _ 8 1 9 6 10 3 
[00065000] 4 | _ 0 5 11 2 6 8 1 9 _ 10 3 
[00065001] 5 | _ 0 _ 11 2 7 8 1 9 _ 10 3 
[00065002] 4 | 4 0 _ 11 2 7 8 1 9 _ 10 3 
[00065003] 3 | 4 0 _ 11 2 7 8 1 9 6 10 3 
[00065004] 4 | _ 0 4 11 2 7 8 1 9 _ 10 3 
[00065005] 3 | _ 0 4 11 2 7 8 1 9 6 10 3 
[00065006] 4 | _ 0 _ 11 2 7 8 1 9 5 10 3 
[00065007] 5 | _ 0 _ 11 2 _ 8 1 9 4 10 3 
[00065008] 4 | _ 0 _ 11 2 6 8 1 9 4 10 3 
[00065009] 6 | _ 0 _ 11 8 _ 2 1 9 _ 10 3 
[00065010] 5 | 5 0 _ 11 8 _ 2 1 9 _ 10 3 
[00065011] 4 | 5 0 4 11 8 _ 2 1 9 _ 10 3 
[00065012] 3 | 5 0 4 11 8 _ 2 1 9 6 10 3 
[00065013] 4 | 5 0 _ 11 8 4 2 1 9 _ 10 3 
[00065014] 3 | 5 0 _ 11 8 4 2 1 9 6 10 3 
[00065015] 5 | _ 0 5 11 8 _ 2 1 9 _ 10 3 
[00065016] 4 | 4 0 5 11 8 _ 2 1 9 _ 10 3 
[00065017] 3 | 4 0 5 11 8 _ 2 1 9 6 10 3 
[00065018] 4 | _ 0 5 11 8 4 2 1 9 _ 10 3 
[00065019] 3 | _ 0 5 11 8 4 2 1 9 6 10 3 
[00065020] 5 | _ 0 _ 11 8 _ 2 1 9 4 10 3 
[00065021] 8 | _ 0 _ 11 _ _ _ 1 _ _ 10 2 
[00065022] 7 | 7 0 _ 11 _ _ _ 1 _ _ 10 2 
[00065023] 6 | 7 0 6 11 _ _ _ 1 _ _ 10 2 
[00065024] 5 | 7 0 6 11 3 8 _ 1 _ _ 10 2 
[00065025] 4 | 7 0 6 11 3 8 _ 1 5 _ 10 2 
[00065026] 4 | 7 0 6 11 3 8 _ 1 5 9 10 2 
[00065027] 4 | 7 0 6 11 3 8 _ 1 9 5 10 2 
[00065028] 5 | 7 0 6 11 4 9 _ 1 _ _ 10 2 
[00065029] 4 | 7 0 6 11 4 9 8 1 _ _ 10 2 
[00065030] 4 | 7 0 6 11 4 9 _ 1 5 _ 10 2 
[00065031] 3 | 7 0 6 11 4 9 _ 1 5 8 10 2 
[00065032] 5 | 7 0 6 11 8 3 _ 1 _ _ 10 2 
[00065033] 4 | 7 0 6 11 8 3 4 1 _ _ 10 2 
[00065034] 4 | 7 0 6 11 8 3 _ 1 5 _ 10 2 
[00065035] 3 | 7 0 6 11 8 3 5 1 5 _ 10 2 
[00065036] 3 | 7 0 6 11 8 3 _ 1 5 8 10 2 
[00065037] 4 | 7 0 6 11 8 3 _ 1 5 9 10 2 
[00065038] 4 | 7 0 6 11 8 3 _ 1 9 5 10 2 
[00065039] 5 | 7 0 6 11 9 4 _ 1 _ _ 10 2 
[00065040] 4 | 7 0 6 11 9 4 5 1 _ _ 10 2 
[00065041] 4 | 7 0 6 11 9 4 _ 1 5 _ 10 2 
[00065042] 3 | 7 0 6 11 9 4 _ 1 5 8 10 2 
[00065043] 5 | 7 0 6 11 3 _ 8 1 _ _ 10 2 
[00065044] 4 | 7 0 6 11 3 _ 8 1 5 _ 10 2 
[00065045] 4 | 7 0 6 11 3 _ 8 1 5 9 10 2 
[00065046] 4 | 7 0 6 11 3 _ 8 1 9 5 10 2 
[00065047] 5 | 7 0 6 11 4 _ 9 1 _ _ 10 2 
[00065048] 4 | 7 0 6 11 4 8 9 1 _ _ 10 2 
[00065049] 4 | 7 0 6 11 4 _ 9 1 5 _ 10 2 
[00065050] 3 | 7 0 6 11 4 _ 9 1 5 8 10 2 
[00065051] 5 | 7 0 6 11 8 _ 3 1 _ _ 10 2 
[00065052] 4 | 7 0 6 11 8 4 3 1 _ _ 10 2 
[00065053] 4 | 7 0 6 11 8 _ 3 1 5 _ 10 2 
[00065054] 3 | 7 0 6 11 8 5 3 1 5 _ 10 2 
[00065055] 3 | 7 0 6 11 8 _ 3 1 5 8 10 2 
[00065056] 4 | 7 0 6 11 8 _ 3 1 5 9 10 2 
[00065057] 4 | 7 0 6 11 8 _ 3 1 9 5 10 2 
[00065058] 5 | 7 0 6 11 9 _ 4 1 _ _ 10 2 
[00065059] 4 | 7 0 6 11 9 5 4 1 _ _ 10 2 
[00065060] 4 | 7 0 6 11 9 _ 4 1 5 _ 10 2 
[00065061] 3 | 7 0 6 11 9 _ 4 1 5 8 10 2 
[00065062] 5 | 7 0 6 11 _ _ _ 1 3 8 10 2 
[00065063] 4 | 7 0 6 11 5 9 _ 1 3 8 10 2 
[00065064] 4 | 7 0 6 11 9 5 _ 1 3 8 10 2 
[00065065] 4 | 7 0 6 11 5 _ 9 1 3 8 10 2 
[00065066] 4 | 7 0 6 11 9 _ 5 1 3 8 10 2 
[00065067] 5 | 7 0 6 11 _ _ _ 1 4 9 10 2 
[00065068] 5 | 7 0 6 11 _ _ _ 1 8 3 10 2 
[00065069] 4 | 7 0 6 11 5 9 _ 1 8 3 10 2 
[00065070] 4 | 7 0 6 11 9 5 _ 1 8 3 10 2 
[00065071] 4 | 7 0 6 11 5 _ 9 1 8 3 10 2 
[00065072] 4 | 7 0 6 11 9 _ 5 1 8 3 10 2 
[00065073] 5 | 7 0 6 11 _ _ _ 1 9 4 10 2 
[00065074] 6 | 7 0 _ 11 5 _ _ 1 _ _ 10 2 
[00065075] 5 | 7 0 5 11 5 _ _ 1 _ _ 10 2 
[00065076] 4 | 7 0 5 11 5 _ _ 1 4 8 10 2 
[00065077] 4 | 7 0 5 11 5 _ _ 1 8 4 10 2 
[00065078] 5 | 7 0 _ 11 5 0 _ 1 _ _ 10 2 
[00065079] 4 | 7 0 _ 11 5 0 1 1 _ _ 10 2 
[00065080] 3 | 7 0 _ 11 5 0 1 1 3 6 10 2 
[00065081] 3 | 7 0 _ 11 5 0 1 1 6 9 10 2 
[00065082] 3 | 7 0 _ 11 5 0 1 1 6 3 10 2 
[00065083] 3 | 7 0 _ 11 5 0 1 1 9 6 10 2 
[00065084] 4 | 7 0 _ 11 5 0 9 1 _ _ 10 2 
[00065085] 3 | 7 0 _ 11 5 0 9 1 4 _ 10 2 
[00065086] 2 | 7 0 _ 11 5 0 9 1 4 6 10 2 
[00065087] 3 | 7 0 _ 11 5 0 9 1 3 6 10 2 
[00065088] 3 | 7 0 _ 11 5 0 9 1 6 3 10 2 
[00065089] 4 | 7 0 _ 11 5 0 _ 1 5 _ 10 2 
[00065090] 3 | 7 0 _ 11 5 0 8 1 5 _ 10 2 
[00065091] 3 | 7 0 _ 11 5 0 _ 1 5 8 10 2 
[00065092] 4 | 7 0 _ 11 5 0 _ 1 4 8 10 2 
[00065093] 4 | 7 0 _ 11 5 0 _ 1 8 4 10 2 
[00065094] 5 | 7 0 _ 11 5 _ 0 1 _ _ 10 2 
[00065095] 4 | 7 0 _ 11 5 1 0 1 _ _ 10 2 
[00065096] 3 | 7 0 _ 11 5 1 0 1 3 6 10 2 
[00065097] 3 | 7 0 _ 11 5 1 0 1 6 9 10 2 
[00065098] 3 | 7 0 _ 11 5 1 0 1 6 3 10 2 
[00065099] 3 | 7 0 _ 11 5 1 0 1 9 6 10 2 
[00065100] 4 | 7 0 _ 11 5 9 0 1 _ _ 10 2 
[00065101] 3 | 7 0 _ 11 5 9 0 1 4 _ 10 2 
[00065102] 2 | 7 0 _ 11 5 9 0 1 4 6 10 2 
[00065103] 3 | 7 0 _ 11 5 9 0 1 3 6 10 2 
[00065104] 3 | 7 0 _ 11 5 9 0 1 6 3 10 2 
[00065105] 4 | 7 0 _ 11 5 _ 0 1 5 _ 10 2 
[00065106] 3 | 7 0 _ 11 5 8 0 1 5 _ 10 2 
[00065107] 3 | 7 0 _ 11 5 _ 0 1 5 8 10 2 
[00065108] 4 | 7 0 _ 11 5 _ 0 1 4 8 10 2 
[00065109] 4 | 7 0 _ 11 5 _ 0 1 8 4 10 2 
[00065110] 5 | 7 0 _ 11 5 _ _ 1 6 _ 10 2 
[00065111] 4 | 7 0 4 11 5 _ _ 1 6 _ 10 2 
[00065112] 3 | 7 0 4 11 5 8 _ 1 6 _ 10 2 
[00065113] 2 | 7 0 4 11 5 8 3 1 6 _ 10 2 
[00065114] 3 | 7 0 4 11 5 _ 8 1 6 _ 10 2 
[00065115] 2 | 7 0 4 11 5 3 8 1 6 _ 10 2 
[00065116] 3 | 7 0 4 11 5 _ _ 1 6 3 10 2 
[00065117] 3 | 7 0 4 11 5 _ _ 1 6 9 10 2 
[00065118] 2 | 7 0 4 11 5 3 _ 1 6 9 10 2 
[00065119] 2 | 7 0 4 11 5 _ 3 1 6 9 10 2 
[00065120] 4 | 7 0 _ 11 5 9 _ 1 6 _ 10 2 
[00065121] 3 | 7 0 3 11 5 9 _ 1 6 _ 10 2 
[00065122] 2 | 7 0 3 11 5 9 _ 1 6 4 10 2 
[00065123] 2 | 7 0 3 11 5 9 _ 1 6 8 10 2 
[00065124] 1 | 7 0 3 11 5 9 4 1 6 8 10 2  *Graceful*
[00065124] 3 | 7 0 _ 11 5 9 8 1 6 _ 10 2 
[00065125] 2 | 7 0 _ 11 5 9 8 1 6 4 10 2 
[00065126] 3 | 7 0 _ 11 5 9 _ 1 6 3 10 2 
[00065127] 4 | 7 0 _ 11 5 _ 9 1 6 _ 10 2 
[00065128] 3 | 7 0 3 11 5 _ 9 1 6 _ 10 2 
[00065129] 2 | 7 0 3 11 5 _ 9 1 6 4 10 2 
[00065130] 2 | 7 0 3 11 5 _ 9 1 6 8 10 2 
[00065131] 1 | 7 0 3 11 5 4 9 1 6 8 10 2  *Graceful*
[00065131] 3 | 7 0 _ 11 5 8 9 1 6 _ 10 2 
[00065132] 2 | 7 0 _ 11 5 8 9 1 6 4 10 2 
[00065133] 3 | 7 0 _ 11 5 _ 9 1 6 3 10 2 
[00065134] 5 | 7 0 _ 11 5 _ _ 1 3 8 10 2 
[00065135] 4 | 7 0 4 11 5 _ _ 1 3 8 10 2 
[00065136] 4 | 7 0 _ 11 5 9 _ 1 3 8 10 2 
[00065137] 4 | 7 0 _ 11 5 _ 9 1 3 8 10 2 
[00065138] 5 | 7 0 _ 11 5 _ _ 1 4 9 10 2 
[00065139] 5 | 7 0 _ 11 5 _ _ 1 8 3 10 2 
[00065140] 4 | 7 0 4 11 5 _ _ 1 8 3 10 2 
[00065141] 4 | 7 0 _ 11 5 9 _ 1 8 3 10 2 
[00065142] 4 | 7 0 _ 11 5 _ 9 1 8 3 10 2 
[00065143] 5 | 7 0 _ 11 5 _ _ 1 9 4 10 2 
[00065144] 6 | 7 0 _ 11 3 9 _ 1 _ _ 10 2 
[00065145] 5 | 7 0 5 11 3 9 _ 1 _ _ 10 2 
[00065146] 4 | 7 0 5 11 3 9 _ 1 4 8 10 2 
[00065147] 3 | 7 0 5 11 3 9 6 1 4 8 10 2 
[00065148] 4 | 7 0 5 11 3 9 _ 1 8 4 10 2 
[00065149] 3 | 7 0 5 11 3 9 6 1 8 4 10 2 
[00065150] 5 | 7 0 _ 11 3 9 8 1 _ _ 10 2 
[00065151] 4 | 7 0 4 11 3 9 8 1 _ _ 10 2 
[00065152] 4 | 7 0 _ 11 3 9 8 1 5 _ 10 2 
[00065153] 5 | 7 0 _ 11 3 9 _ 1 6 _ 10 2 
[00065154] 4 | 7 0 4 11 3 9 _ 1 6 _ 10 2 
[00065155] 3 | 7 0 4 11 3 9 6 1 6 _ 10 2 
[00065156] 3 | 7 0 4 11 3 9 _ 1 6 3 10 2 
[00065157] 6 | 7 0 _ 11 9 3 _ 1 _ _ 10 2 
[00065158] 5 | 7 0 5 11 9 3 _ 1 _ _ 10 2 
[00065159] 4 | 7 0 5 11 9 3 _ 1 4 8 10 2 
[00065160] 3 | 7 0 5 11 9 3 6 1 4 8 10 2 
[00065161] 4 | 7 0 5 11 9 3 _ 1 8 4 10 2 
[00065162] 3 | 7 0 5 11 9 3 6 1 8 4 10 2 
[00065163] 5 | 7 0 _ 11 9 3 4 1 _ _ 10 2 
[00065164] 4 | 7 0 _ 11 9 3 4 1 5 _ 10 2 
[00065165] 3 | 7 0 _ 11 9 3 4 1 5 8 10 2 
[00065166] 5 | 7 0 _ 11 9 3 _ 1 6 _ 10 2 
[00065167] 4 | 7 0 4 11 9 3 _ 1 6 _ 10 2 
[00065168] 3 | 7 0 4 11 9 3 6 1 6 _ 10 2 
[00065169] 3 | 7 0 4 11 9 3 _ 1 6 9 10 2 
[00065170] 4 | 7 0 _ 11 9 3 5 1 6 _ 10 2 
[00065171] 6 | 7 0 _ 11 3 _ 9 1 _ _ 10 2 
[00065172] 5 | 7 0 5 11 3 _ 9 1 _ _ 10 2 
[00065173] 4 | 7 0 5 11 3 _ 9 1 4 8 10 2 
[00065174] 3 | 7 0 5 11 3 6 9 1 4 8 10 2 
[00065175] 4 | 7 0 5 11 3 _ 9 1 8 4 10 2 
[00065176] 3 | 7 0 5 11 3 6 9 1 8 4 10 2 
[00065177] 5 | 7 0 _ 11 3 8 9 1 _ _ 10 2 
[00065178] 4 | 7 0 4 11 3 8 9 1 _ _ 10 2 
[00065179] 4 | 7 0 _ 11 3 8 9 1 5 _ 10 2 
[00065180] 5 | 7 0 _ 11 3 _ 9 1 6 _ 10 2 
[00065181] 4 | 7 0 4 11 3 _ 9 1 6 _ 10 2 
[00065182] 3 | 7 0 4 11 3 6 9 1 6 _ 10 2 
[00065183] 3 | 7 0 4 11 3 _ 9 1 6 3 10 2 
[00065184] 6 | 7 0 _ 11 9 _ 3 1 _ _ 10 2 
[00065185] 5 | 7 0 5 11 9 _ 3 1 _ _ 10 2 
[00065186] 4 | 7 0 5 11 9 _ 3 1 4 8 10 2 
[00065187] 3 | 7 0 5 11 9 6 3 1 4 8 10 2 
[00065188] 4 | 7 0 5 11 9 _ 3 1 8 4 10 2 
[00065189] 3 | 7 0 5 11 9 6 3 1 8 4 10 2 
[00065190] 5 | 7 0 _ 11 9 4 3 1 _ _ 10 2 
[00065191] 4 | 7 0 _ 11 9 4 3 1 5 _ 10 2 
[00065192] 3 | 7 0 _ 11 9 4 3 1 5 8 10 2 
[00065193] 5 | 7 0 _ 11 9 _ 3 1 6 _ 10 2 
[00065194] 4 | 7 0 4 11 9 _ 3 1 6 _ 10 2 
[00065195] 3 | 7 0 4 11 9 6 3 1 6 _ 10 2 
[00065196] 3 | 7 0 4 11 9 _ 3 1 6 9 10 2 
[00065197] 4 | 7 0 _ 11 9 5 3 1 6 _ 10 2 
[00065198] 6 | 7 0 _ 11 _ _ _ 1 3 9 10 2 
[00065199] 5 | 7 0 5 11 _ _ _ 1 3 9 10 2 
[00065200] 4 | 7 0 5 11 4 8 _ 1 3 9 10 2 
[00065201] 4 | 7 0 5 11 8 4 _ 1 3 9 10 2 
[00065202] 4 | 7 0 5 11 4 _ 8 1 3 9 10 2 
[00065203] 4 | 7 0 5 11 8 _ 4 1 3 9 10 2 
[00065204] 5 | 7 0 _ 11 6 _ _ 1 3 9 10 2 
[00065205] 4 | 7 0 4 11 6 _ _ 1 3 9 10 2 
[00065206] 6 | 7 0 _ 11 _ _ _ 1 9 3 10 2 
[00065207] 5 | 7 0 5 11 _ _ _ 1 9 3 10 2 
[00065208] 4 | 7 0 5 11 4 8 _ 1 9 3 10 2 
[00065209] 4 | 7 0 5 11 8 4 _ 1 9 3 10 2 
[00065210] 4 | 7 0 5 11 4 _ 8 1 9 3 10 2 
[00065211] 4 | 7 0 5 11 8 _ 4 1 9 3 10 2 
[00065212] 5 | 7 0 _ 11 6 _ _ 1 9 3 10 2 
[00065213] 4 | 7 0 4 11 6 _ _ 1 9 3 10 2 
[00065214] 7 | _ 0 7 11 _ _ _ 1 _ _ 10 2 
[00065215] 6 | 6 0 7 11 _ _ _ 1 _ _ 10 2 
[00065216] 5 | 6 0 7 11 3 8 _ 1 _ _ 10 2 
[00065217] 4 | 6 0 7 11 3 8 _ 1 5 _ 10 2 
[00065218] 4 | 6 0 7 11 3 8 _ 1 5 9 10 2 
[00065219] 4 | 6 0 7 11 3 8 _ 1 9 5 10 2 
[00065220] 5 | 6 0 7 11 4 9 _ 1 _ _ 10 2 
[00065221] 4 | 6 0 7 11 4 9 8 1 _ _ 10 2 
[00065222] 4 | 6 0 7 11 4 9 _ 1 5 _ 10 2 
[00065223] 3 | 6 0 7 11 4 9 _ 1 5 8 10 2 
[00065224] 5 | 6 0 7 11 8 3 _ 1 _ _ 10 2 
[00065225] 4 | 6 0 7 11 8 3 4 1 _ _ 10 2 
[00065226] 4 | 6 0 7 11 8 3 _ 1 5 _ 10 2 
[00065227] 3 | 6 0 7 11 8 3 5 1 5 _ 10 2 
[00065228] 3 | 6 0 7 11 8 3 _ 1 5 8 10 2 
[00065229] 4 | 6 0 7 11 8 3 _ 1 5 9 10 2 
[00065230] 4 | 6 0 7 11 8 3 _ 1 9 5 10 2 
[00065231] 5 | 6 0 7 11 9 4 _ 1 _ _ 10 2 
[00065232] 4 | 6 0 7 11 9 4 5 1 _ _ 10 2 
[00065233] 4 | 6 0 7 11 9 4 _ 1 5 _ 10 2 
[00065234] 3 | 6 0 7 11 9 4 _ 1 5 8 10 2 
[00065235] 5 | 6 0 7 11 3 _ 8 1 _ _ 10 2 
[00065236] 4 | 6 0 7 11 3 _ 8 1 5 _ 10 2 
[00065237] 4 | 6 0 7 11 3 _ 8 1 5 9 10 2 
[00065238] 4 | 6 0 7 11 3 _ 8 1 9 5 10 2 
[00065239] 5 | 6 0 7 11 4 _ 9 1 _ _ 10 2 
[00065240] 4 | 6 0 7 11 4 8 9 1 _ _ 10 2 
[00065241] 4 | 6 0 7 11 4 _ 9 1 5 _ 10 2 
[00065242] 3 | 6 0 7 11 4 _ 9 1 5 8 10 2 
[00065243] 5 | 6 0 7 11 8 _ 3 1 _ _ 10 2 
[00065244] 4 | 6 0 7 11 8 4 3 1 _ _ 10 2 
[00065245] 4 | 6 0 7 11 8 _ 3 1 5 _ 10 2 
[00065246] 3 | 6 0 7 11 8 5 3 1 5 _ 10 2 
[00065247] 3 | 6 0 7 11 8 _ 3 1 5 8 10 2 
[00065248] 4 | 6 0 7 11 8 _ 3 1 5 9 10 2 
[00065249] 4 | 6 0 7 11 8 _ 3 1 9 5 10 2 
[00065250] 5 | 6 0 7 11 9 _ 4 1 _ _ 10 2 
[00065251] 4 | 6 0 7 11 9 5 4 1 _ _ 10 2 
[00065252] 4 | 6 0 7 11 9 _ 4 1 5 _ 10 2 
[00065253] 3 | 6 0 7 11 9 _ 4 1 5 8 10 2 
[00065254] 5 | 6 0 7 11 _ _ _ 1 3 8 10 2 
[00065255] 4 | 6 0 7 11 5 9 _ 1 3 8 10 2 
[00065256] 4 | 6 0 7 11 9 5 _ 1 3 8 10 2 
[00065257] 4 | 6 0 7 11 5 _ 9 1 3 8 10 2 
[00065258] 4 | 6 0 7 11 9 _ 5 1 3 8 10 2 
[00065259] 5 | 6 0 7 11 _ _ _ 1 4 9 10 2 
[00065260] 5 | 6 0 7 11 _ _ _ 1 8 3 10 2 
[00065261] 4 | 6 0 7 11 5 9 _ 1 8 3 10 2 
[00065262] 4 | 6 0 7 11 9 5 _ 1 8 3 10 2 
[00065263] 4 | 6 0 7 11 5 _ 9 1 8 3 10 2 
[00065264] 4 | 6 0 7 11 9 _ 5 1 8 3 10 2 
[00065265] 5 | 6 0 7 11 _ _ _ 1 9 4 10 2 
[00065266] 6 | _ 0 7 11 5 _ _ 1 _ _ 10 2 
[00065267] 5 | 5 0 7 11 5 _ _ 1 _ _ 10 2 
[00065268] 4 | 5 0 7 11 5 _ _ 1 4 8 10 2 
[00065269] 4 | 5 0 7 11 5 _ _ 1 8 4 10 2 
[00065270] 5 | _ 0 7 11 5 0 _ 1 _ _ 10 2 
[00065271] 4 | _ 0 7 11 5 0 1 1 _ _ 10 2 
[00065272] 3 | _ 0 7 11 5 0 1 1 3 6 10 2 
[00065273] 3 | _ 0 7 11 5 0 1 1 6 9 10 2 
[00065274] 3 | _ 0 7 11 5 0 1 1 6 3 10 2 
[00065275] 3 | _ 0 7 11 5 0 1 1 9 6 10 2 
[00065276] 4 | _ 0 7 11 5 0 9 1 _ _ 10 2 
[00065277] 3 | _ 0 7 11 5 0 9 1 4 _ 10 2 
[00065278] 2 | _ 0 7 11 5 0 9 1 4 6 10 2 
[00065279] 3 | _ 0 7 11 5 0 9 1 3 6 10 2 
[00065280] 3 | _ 0 7 11 5 0 9 1 6 3 10 2 
[00065281] 4 | _ 0 7 11 5 0 _ 1 5 _ 10 2 
[00065282] 3 | _ 0 7 11 5 0 8 1 5 _ 10 2 
[00065283] 3 | _ 0 7 11 5 0 _ 1 5 8 10 2 
[00065284] 4 | _ 0 7 11 5 0 _ 1 4 8 10 2 
[00065285] 4 | _ 0 7 11 5 0 _ 1 8 4 10 2 
[00065286] 5 | _ 0 7 11 5 _ 0 1 _ _ 10 2 
[00065287] 4 | _ 0 7 11 5 1 0 1 _ _ 10 2 
[00065288] 3 | _ 0 7 11 5 1 0 1 3 6 10 2 
[00065289] 3 | _ 0 7 11 5 1 0 1 6 9 10 2 
[00065290] 3 | _ 0 7 11 5 1 0 1 6 3 10 2 
[00065291] 3 | _ 0 7 11 5 1 0 1 9 6 10 2 
[00065292] 4 | _ 0 7 11 5 9 0 1 _ _ 10 2 
[00065293] 3 | _ 0 7 11 5 9 0 1 4 _ 10 2 
[00065294] 2 | _ 0 7 11 5 9 0 1 4 6 10 2 
[00065295] 3 | _ 0 7 11 5 9 0 1 3 6 10 2 
[00065296] 3 | _ 0 7 11 5 9 0 1 6 3 10 2 
[00065297] 4 | _ 0 7 11 5 _ 0 1 5 _ 10 2 
[00065298] 3 | _ 0 7 11 5 8 0 1 5 _ 10 2 
[00065299] 3 | _ 0 7 11 5 _ 0 1 5 8 10 2 
[00065300] 4 | _ 0 7 11 5 _ 0 1 4 8 10 2 
[00065301] 4 | _ 0 7 11 5 _ 0 1 8 4 10 2 
[00065302] 5 | _ 0 7 11 5 _ _ 1 6 _ 10 2 
[00065303] 4 | 4 0 7 11 5 _ _ 1 6 _ 10 2 
[00065304] 3 | 4 0 7 11 5 8 _ 1 6 _ 10 2 
[00065305] 2 | 4 0 7 11 5 8 3 1 6 _ 10 2 
[00065306] 3 | 4 0 7 11 5 _ 8 1 6 _ 10 2 
[00065307] 2 | 4 0 7 11 5 3 8 1 6 _ 10 2 
[00065308] 3 | 4 0 7 11 5 _ _ 1 6 3 10 2 
[00065309] 3 | 4 0 7 11 5 _ _ 1 6 9 10 2 
[00065310] 2 | 4 0 7 11 5 3 _ 1 6 9 10 2 
[00065311] 2 | 4 0 7 11 5 _ 3 1 6 9 10 2 
[00065312] 4 | _ 0 7 11 5 9 _ 1 6 _ 10 2 
[00065313] 3 | 3 0 7 11 5 9 _ 1 6 _ 10 2 
[00065314] 2 | 3 0 7 11 5 9 _ 1 6 4 10 2 
[00065315] 2 | 3 0 7 11 5 9 _ 1 6 8 10 2 
[00065316] 1 | 3 0 7 11 5 9 4 1 6 8 10 2  *Graceful*
[00065316] 3 | _ 0 7 11 5 9 8 1 6 _ 10 2 
[00065317] 2 | _ 0 7 11 5 9 8 1 6 4 10 2 
[00065318] 3 | _ 0 7 11 5 9 _ 1 6 3 10 2 
[00065319] 4 | _ 0 7 11 5 _ 9 1 6 _ 10 2 
[00065320] 3 | 3 0 7 11 5 _ 9 1 6 _ 10 2 
[00065321] 2 | 3 0 7 11 5 _ 9 1 6 4 10 2 
[00065322] 2 | 3 0 7 11 5 _ 9 1 6 8 10 2 
[00065323] 1 | 3 0 7 11 5 4 9 1 6 8 10 2  *Graceful*
[00065323] 3 | _ 0 7 11 5 8 9 1 6 _ 10 2 
[00065324] 2 | _ 0 7 11 5 8 9 1 6 4 10 2 
[00065325] 3 | _ 0 7 11 5 _ 9 1 6 3 10 2 
[00065326] 5 | _ 0 7 11 5 _ _ 1 3 8 10 2 
[00065327] 4 | 4 0 7 11 5 _ _ 1 3 8 10 2 
[00065328] 4 | _ 0 7 11 5 9 _ 1 3 8 10 2 
[00065329] 4 | _ 0 7 11 5 _ 9 1 3 8 10 2 
[00065330] 5 | _ 0 7 11 5 _ _ 1 4 9 10 2 
[00065331] 5 | _ 0 7 11 5 _ _ 1 8 3 10 2 
[00065332] 4 | 4 0 7 11 5 _ _ 1 8 3 10 2 
[00065333] 4 | _ 0 7 11 5 9 _ 1 8 3 10 2 
[00065334] 4 | _ 0 7 11 5 _ 9 1 8 3 10 2 
[00065335] 5 | _ 0 7 11 5 _ _ 1 9 4 10 2 
[00065336] 6 | _ 0 7 11 3 9 _ 1 _ _ 10 2 
[00065337] 5 | 5 0 7 11 3 9 _ 1 _ _ 10 2 
[00065338] 4 | 5 0 7 11 3 9 _ 1 4 8 10 2 
[00065339] 3 | 5 0 7 11 3 9 6 1 4 8 10 2 
[00065340] 4 | 5 0 7 11 3 9 _ 1 8 4 10 2 
[00065341] 3 | 5 0 7 11 3 9 6 1 8 4 10 2 
[00065342] 5 | _ 0 7 11 3 9 8 1 _ _ 10 2 
[00065343] 4 | 4 0 7 11 3 9 8 1 _ _ 10 2 
[00065344] 4 | _ 0 7 11 3 9 8 1 5 _ 10 2 
[00065345] 5 | _ 0 7 11 3 9 _ 1 6 _ 10 2 
[00065346] 4 | 4 0 7 11 3 9 _ 1 6 _ 10 2 
[00065347] 3 | 4 0 7 11 3 9 6 1 6 _ 10 2 
[00065348] 3 | 4 0 7 11 3 9 _ 1 6 3 10 2 
[00065349] 6 | _ 0 7 11 9 3 _ 1 _ _ 10 2 
[00065350] 5 | 5 0 7 11 9 3 _ 1 _ _ 10 2 
[00065351] 4 | 5 0 7 11 9 3 _ 1 4 8 10 2 
[00065352] 3 | 5 0 7 11 9 3 6 1 4 8 10 2 
