[00147234] 3 | 5 1 10 11 0 8 6 4 9 2 7 _ 
[00147235] 4 | _ 1 10 11 0 8 6 4 9 2 3 7 
[00147236] 4 | _ 1 10 11 0 8 6 4 9 2 7 3 
[00147237] 6 | _ 1 10 11 0 8 _ 5 9 2 _ _ 
[00147238] 5 | 6 1 10 11 0 8 _ 5 9 2 _ _ 
[00147239] 4 | 6 1 10 11 0 8 4 5 9 2 _ _ 
[00147240] 4 | 6 1 10 11 0 8 _ 5 9 2 3 7 
[00147241] 4 | 6 1 10 11 0 8 _ 5 9 2 7 3 
[00147242] 5 | _ 1 10 11 0 8 5 5 9 2 _ _ 
[00147243] 4 | _ 1 10 11 0 8 5 5 9 2 3 7 
[00147244] 3 | 4 1 10 11 0 8 5 5 9 2 3 7 
[00147245] 4 | _ 1 10 11 0 8 5 5 9 2 7 3 
[00147246] 3 | 4 1 10 11 0 8 5 5 9 2 7 3 
[00147247] 5 | _ 1 10 11 0 8 _ 5 9 2 0 _ 
[00147248] 4 | _ 1 10 11 0 8 4 5 9 2 0 _ 
[00147249] 4 | _ 1 10 11 0 8 _ 5 9 2 0 4 
[00147250] 6 | _ 1 10 11 0 8 _ 3 9 2 _ _ 
[00147251] 5 | 6 1 10 11 0 8 _ 3 9 2 _ _ 
[00147252] 4 | 6 1 10 11 0 8 4 3 9 2 _ _ 
[00147253] 4 | 6 1 10 11 0 8 _ 3 9 2 7 _ 
[00147254] 3 | 6 1 10 11 0 8 _ 3 9 2 7 4 
[00147255] 5 | _ 1 10 11 0 8 5 3 9 2 _ _ 
[00147256] 4 | _ 1 10 11 0 8 5 3 9 2 7 _ 
[00147257] 3 | 4 1 10 11 0 8 5 3 9 2 7 _ 
[00147258] 3 | _ 1 10 11 0 8 5 3 9 2 7 4 
[00147259] 7 | _ 1 10 11 0 8 _ 2 _ _ 9 _ 
[00147260] 6 | 7 1 10 11 0 8 _ 2 _ _ 9 _ 
[00147261] 5 | 7 1 10 11 0 8 5 2 _ _ 9 _ 
[00147262] 4 | 7 1 10 11 0 8 5 2 6 _ 9 _ 
[00147263] 3 | 7 1 10 11 0 8 5 2 6 3 9 _ 
[00147264] 3 | 7 1 10 11 0 8 5 2 6 9 9 _ 
[00147265] 3 | 7 1 10 11 0 8 5 2 6 _ 9 6 
[00147266] 5 | 7 1 10 11 0 8 _ 2 _ _ 9 4 
[00147267] 4 | 7 1 10 11 0 8 _ 2 6 _ 9 4 
[00147268] 3 | 7 1 10 11 0 8 3 2 6 _ 9 4 
[00147269] 3 | 7 1 10 11 0 8 _ 2 6 3 9 4 
[00147270] 6 | _ 1 10 11 0 8 6 2 _ _ 9 _ 
[00147271] 5 | _ 1 10 11 0 8 6 2 7 _ 9 _ 
[00147272] 4 | 5 1 10 11 0 8 6 2 7 _ 9 _ 
[00147273] 3 | 5 1 10 11 0 8 6 2 7 4 9 _ 
[00147274] 4 | _ 1 10 11 0 8 6 2 7 3 9 _ 
[00147275] 3 | 4 1 10 11 0 8 6 2 7 3 9 _ 
[00147276] 4 | _ 1 10 11 0 8 6 2 7 _ 9 5 
[00147277] 3 | 4 1 10 11 0 8 6 2 7 _ 9 5 
[00147278] 3 | _ 1 10 11 0 8 6 2 7 4 9 5 
[00147279] 2 | 3 1 10 11 0 8 6 2 7 4 9 5 
[00147280] 5 | _ 1 10 11 0 8 6 2 _ _ 9 4 
[00147281] 4 | 5 1 10 11 0 8 6 2 _ _ 9 4 
[00147282] 4 | _ 1 10 11 0 8 6 2 3 7 9 4 
[00147283] 4 | _ 1 10 11 0 8 6 2 7 3 9 4 
[00147284] 6 | _ 1 10 11 0 8 _ 2 _ _ 9 3 
[00147285] 5 | 6 1 10 11 0 8 _ 2 _ _ 9 3 
[00147286] 4 | 6 1 10 11 0 8 4 2 _ _ 9 3 
[00147287] 3 | 6 1 10 11 0 8 4 2 5 _ 9 3 
[00147288] 2 | 6 1 10 11 0 8 4 2 5 7 9 3 
[00147289] 5 | _ 1 10 11 0 8 5 2 _ _ 9 3 
[00147290] 4 | _ 1 10 11 0 8 5 2 6 _ 9 3 
[00147291] 3 | 4 1 10 11 0 8 5 2 6 _ 9 3 
[00147292] 5 | _ 1 10 11 0 8 _ 2 7 _ 9 3 
[00147293] 4 | 5 1 10 11 0 8 _ 2 7 _ 9 3 
[00147294] 3 | 5 1 10 11 0 8 _ 2 7 4 9 3 
[00147295] 4 | _ 1 10 11 0 8 4 2 7 _ 9 3 
[00147296] 7 | _ 1 10 11 0 8 _ 9 _ _ 2 _ 
[00147297] 6 | 7 1 10 11 0 8 _ 9 _ _ 2 _ 
[00147298] 5 | 7 1 10 11 0 8 5 9 _ _ 2 _ 
[00147299] 4 | 7 1 10 11 0 8 5 9 _ _ 2 6 
[00147300] 5 | 7 1 10 11 0 8 _ 9 4 _ 2 _ 
[00147301] 4 | 7 1 10 11 0 8 4 9 4 _ 2 _ 
[00147302] 3 | 7 1 10 11 0 8 4 9 4 _ 2 5 
[00147303] 4 | 7 1 10 11 0 8 _ 9 4 0 2 _ 
[00147304] 3 | 7 1 10 11 0 8 _ 9 4 0 2 5 
[00147305] 4 | 7 1 10 11 0 8 _ 9 4 _ 2 6 
[00147306] 3 | 7 1 10 11 0 8 3 9 4 _ 2 6 
[00147307] 6 | _ 1 10 11 0 8 6 9 _ _ 2 _ 
[00147308] 5 | _ 1 10 11 0 8 6 9 4 _ 2 _ 
[00147309] 4 | 5 1 10 11 0 8 6 9 4 _ 2 _ 
[00147310] 3 | 5 1 10 11 0 8 6 9 4 7 2 _ 
[00147311] 5 | _ 1 10 11 0 8 6 9 _ _ 2 7 
[00147312] 4 | 5 1 10 11 0 8 6 9 _ _ 2 7 
[00147313] 4 | _ 1 10 11 0 8 6 9 5 _ 2 7 
[00147314] 3 | 4 1 10 11 0 8 6 9 5 _ 2 7 
[00147315] 2 | 4 1 10 11 0 8 6 9 5 3 2 7 
[00147316] 6 | _ 1 10 11 0 8 _ 9 3 _ 2 _ 
[00147317] 5 | 6 1 10 11 0 8 _ 9 3 _ 2 _ 
[00147318] 4 | 6 1 10 11 0 8 4 9 3 _ 2 _ 
[00147319] 3 | 6 1 10 11 0 8 4 9 3 _ 2 5 
[00147320] 4 | 6 1 10 11 0 8 _ 9 3 7 2 _ 
[00147321] 3 | 6 1 10 11 0 8 _ 9 3 7 2 5 
[00147322] 5 | _ 1 10 11 0 8 5 9 3 _ 2 _ 
[00147323] 4 | _ 1 10 11 0 8 5 9 3 7 2 _ 
[00147324] 3 | 4 1 10 11 0 8 5 9 3 7 2 _ 
[00147325] 4 | _ 1 10 11 0 8 5 9 3 _ 2 6 
[00147326] 3 | 4 1 10 11 0 8 5 9 3 _ 2 6 
[00147327] 5 | _ 1 10 11 0 8 _ 9 3 _ 2 7 
[00147328] 4 | 5 1 10 11 0 8 _ 9 3 _ 2 7 
[00147329] 3 | 5 1 10 11 0 8 3 9 3 _ 2 7 
[00147330] 3 | 5 1 10 11 0 8 _ 9 3 0 2 7 
[00147331] 3 | 5 1 10 11 0 8 _ 9 3 6 2 7 
[00147332] 4 | _ 1 10 11 0 8 4 9 3 _ 2 7 
[00147333] 3 | _ 1 10 11 0 8 4 9 3 6 2 7 
[00147334] 7 | _ 1 10 11 0 8 _ _ _ _ 2 9 
[00147335] 6 | 7 1 10 11 0 8 _ _ _ _ 2 9 
[00147336] 5 | 7 1 10 11 0 8 5 _ _ _ 2 9 
[00147337] 4 | 7 1 10 11 0 8 5 6 _ _ 2 9 
[00147338] 3 | 7 1 10 11 0 8 5 6 3 _ 2 9 
[00147339] 5 | 7 1 10 11 0 8 _ 6 _ _ 2 9 
[00147340] 4 | 7 1 10 11 0 8 4 6 _ _ 2 9 
[00147341] 3 | 7 1 10 11 0 8 4 6 3 _ 2 9 
[00147342] 2 | 7 1 10 11 0 8 4 6 3 5 2 9 
[00147343] 6 | _ 1 10 11 0 8 6 _ _ _ 2 9 
[00147344] 5 | _ 1 10 11 0 8 6 7 _ _ 2 9 
[00147345] 4 | 5 1 10 11 0 8 6 7 _ _ 2 9 
[00147346] 3 | 5 1 10 11 0 8 6 7 4 _ 2 9 
[00147347] 4 | _ 1 10 11 0 8 6 7 3 _ 2 9 
[00147348] 3 | 4 1 10 11 0 8 6 7 3 _ 2 9 
[00147349] 2 | 4 1 10 11 0 8 6 7 3 5 2 9 
[00147350] 6 | _ 1 10 11 0 8 _ 5 _ _ 2 9 
[00147351] 5 | 6 1 10 11 0 8 _ 5 _ _ 2 9 
[00147352] 4 | 6 1 10 11 0 8 4 5 _ _ 2 9 
[00147353] 4 | 6 1 10 11 0 8 _ 5 3 7 2 9 
[00147354] 4 | 6 1 10 11 0 8 _ 5 7 3 2 9 
[00147355] 5 | _ 1 10 11 0 8 5 5 _ _ 2 9 
[00147356] 4 | _ 1 10 11 0 8 5 5 3 7 2 9 
[00147357] 3 | 4 1 10 11 0 8 5 5 3 7 2 9 
[00147358] 4 | _ 1 10 11 0 8 5 5 7 3 2 9 
[00147359] 3 | 4 1 10 11 0 8 5 5 7 3 2 9 
[00147360] 5 | _ 1 10 11 0 8 _ 5 0 _ 2 9 
[00147361] 4 | _ 1 10 11 0 8 4 5 0 _ 2 9 
[00147362] 4 | _ 1 10 11 0 8 _ 5 0 4 2 9 
[00147363] 7 | _ 1 10 11 0 8 _ _ _ _ 9 2 
[00147364] 6 | 7 1 10 11 0 8 _ _ _ _ 9 2 
[00147365] 5 | 7 1 10 11 0 8 5 _ _ _ 9 2 
[00147366] 5 | 7 1 10 11 0 8 _ 6 _ _ 9 2 
[00147367] 4 | 7 1 10 11 0 8 4 6 _ _ 9 2 
[00147368] 3 | 7 1 10 11 0 8 4 6 3 _ 9 2 
[00147369] 2 | 7 1 10 11 0 8 4 6 3 5 9 2 
[00147370] 5 | 7 1 10 11 0 8 _ 4 _ _ 9 2 
[00147371] 4 | 7 1 10 11 0 8 4 4 _ _ 9 2 
[00147372] 3 | 7 1 10 11 0 8 4 4 3 6 9 2 
[00147373] 3 | 7 1 10 11 0 8 4 4 6 3 9 2 
[00147374] 4 | 7 1 10 11 0 8 _ 4 0 _ 9 2 
[00147375] 3 | 7 1 10 11 0 8 3 4 0 _ 9 2 
[00147376] 3 | 7 1 10 11 0 8 _ 4 0 3 9 2 
[00147377] 6 | _ 1 10 11 0 8 6 _ _ _ 9 2 
[00147378] 5 | _ 1 10 11 0 8 6 4 _ _ 9 2 
[00147379] 4 | 5 1 10 11 0 8 6 4 _ _ 9 2 
[00147380] 3 | 5 1 10 11 0 8 6 4 7 _ 9 2 
[00147381] 4 | _ 1 10 11 0 8 6 4 3 7 9 2 
[00147382] 4 | _ 1 10 11 0 8 6 4 7 3 9 2 
[00147383] 6 | _ 1 10 11 0 8 _ 5 _ _ 9 2 
[00147384] 5 | 6 1 10 11 0 8 _ 5 _ _ 9 2 
[00147385] 4 | 6 1 10 11 0 8 4 5 _ _ 9 2 
[00147386] 4 | 6 1 10 11 0 8 _ 5 3 7 9 2 
[00147387] 4 | 6 1 10 11 0 8 _ 5 7 3 9 2 
[00147388] 5 | _ 1 10 11 0 8 5 5 _ _ 9 2 
[00147389] 4 | _ 1 10 11 0 8 5 5 3 7 9 2 
[00147390] 3 | 4 1 10 11 0 8 5 5 3 7 9 2 
[00147391] 4 | _ 1 10 11 0 8 5 5 7 3 9 2 
[00147392] 3 | 4 1 10 11 0 8 5 5 7 3 9 2 
[00147393] 5 | _ 1 10 11 0 8 _ 5 0 _ 9 2 
[00147394] 4 | _ 1 10 11 0 8 4 5 0 _ 9 2 
[00147395] 4 | _ 1 10 11 0 8 _ 5 0 4 9 2 
[00147396] 6 | _ 1 10 11 0 8 _ 3 _ _ 9 2 
[00147397] 5 | 6 1 10 11 0 8 _ 3 _ _ 9 2 
[00147398] 4 | 6 1 10 11 0 8 4 3 _ _ 9 2 
[00147399] 4 | 6 1 10 11 0 8 _ 3 7 _ 9 2 
[00147400] 3 | 6 1 10 11 0 8 _ 3 7 4 9 2 
[00147401] 5 | _ 1 10 11 0 8 5 3 _ _ 9 2 
[00147402] 4 | _ 1 10 11 0 8 5 3 7 _ 9 2 
[00147403] 3 | 4 1 10 11 0 8 5 3 7 _ 9 2 
[00147404] 3 | _ 1 10 11 0 8 5 3 7 4 9 2 
[00147405] 8 | _ 1 10 11 0 _ 8 _ _ _ _ _ 
[00147406] 7 | _ 1 10 11 0 7 8 _ _ _ _ _ 
[00147407] 6 | _ 1 10 11 0 7 8 5 _ _ _ _ 
[00147408] 5 | 6 1 10 11 0 7 8 5 _ _ _ _ 
[00147409] 4 | 6 1 10 11 0 7 8 5 9 _ _ _ 
[00147410] 3 | 6 1 10 11 0 7 8 5 9 _ 2 _ 
[00147411] 2 | 6 1 10 11 0 7 8 5 9 _ 2 4 
[00147412] 4 | 6 1 10 11 0 7 8 5 _ _ 9 _ 
[00147413] 3 | 6 1 10 11 0 7 8 5 2 _ 9 _ 
[00147414] 2 | 6 1 10 11 0 7 8 5 2 4 9 _ 
[00147415] 5 | _ 1 10 11 0 7 8 5 4 9 _ _ 
[00147416] 4 | 5 1 10 11 0 7 8 5 4 9 _ _ 
[00147417] 3 | 5 1 10 11 0 7 8 5 4 9 3 6 
[00147418] 3 | 5 1 10 11 0 7 8 5 4 9 6 3 
[00147419] 4 | _ 1 10 11 0 7 8 5 4 9 1 _ 
[00147420] 4 | _ 1 10 11 0 7 8 5 4 9 2 6 
[00147421] 4 | _ 1 10 11 0 7 8 5 4 9 6 2 
[00147422] 5 | _ 1 10 11 0 7 8 5 9 4 _ _ 
[00147423] 4 | 5 1 10 11 0 7 8 5 9 4 _ _ 
[00147424] 3 | 5 1 10 11 0 7 8 5 9 4 3 6 
[00147425] 3 | 5 1 10 11 0 7 8 5 9 4 6 3 
[00147426] 4 | _ 1 10 11 0 7 8 5 9 4 1 _ 
[00147427] 4 | _ 1 10 11 0 7 8 5 9 4 2 6 
[00147428] 4 | _ 1 10 11 0 7 8 5 9 4 6 2 
[00147429] 5 | _ 1 10 11 0 7 8 5 _ _ 4 9 
[00147430] 4 | 5 1 10 11 0 7 8 5 _ _ 4 9 
[00147431] 3 | 5 1 10 11 0 7 8 5 3 6 4 9 
[00147432] 3 | 5 1 10 11 0 7 8 5 6 3 4 9 
[00147433] 4 | _ 1 10 11 0 7 8 5 1 _ 4 9 
[00147434] 4 | _ 1 10 11 0 7 8 5 2 6 4 9 
[00147435] 4 | _ 1 10 11 0 7 8 5 6 2 4 9 
[00147436] 5 | _ 1 10 11 0 7 8 5 _ _ 9 4 
[00147437] 4 | 5 1 10 11 0 7 8 5 _ _ 9 4 
[00147438] 3 | 5 1 10 11 0 7 8 5 3 6 9 4 
[00147439] 3 | 5 1 10 11 0 7 8 5 6 3 9 4 
[00147440] 4 | _ 1 10 11 0 7 8 5 1 _ 9 4 
[00147441] 4 | _ 1 10 11 0 7 8 5 2 6 9 4 
[00147442] 4 | _ 1 10 11 0 7 8 5 6 2 9 4 
[00147443] 6 | _ 1 10 11 0 7 8 3 9 _ _ _ 
[00147444] 5 | 6 1 10 11 0 7 8 3 9 _ _ _ 
[00147445] 4 | 6 1 10 11 0 7 8 3 9 5 _ _ 
[00147446] 5 | _ 1 10 11 0 7 8 3 9 4 _ _ 
[00147447] 4 | 5 1 10 11 0 7 8 3 9 4 _ _ 
[00147448] 3 | 5 1 10 11 0 7 8 3 9 4 6 _ 
[00147449] 4 | _ 1 10 11 0 7 8 3 9 4 2 6 
[00147450] 4 | _ 1 10 11 0 7 8 3 9 4 6 2 
[00147451] 6 | _ 1 10 11 0 7 8 9 3 _ _ _ 
[00147452] 5 | 6 1 10 11 0 7 8 9 3 _ _ _ 
[00147453] 4 | 6 1 10 11 0 7 8 9 3 _ 5 _ 
[00147454] 3 | 6 1 10 11 0 7 8 9 3 _ 5 2 
[00147455] 5 | _ 1 10 11 0 7 8 9 3 _ 4 _ 
[00147456] 4 | 5 1 10 11 0 7 8 9 3 _ 4 _ 
[00147457] 3 | 5 1 10 11 0 7 8 9 3 6 4 _ 
[00147458] 2 | 5 1 10 11 0 7 8 9 3 6 4 2 
[00147459] 6 | _ 1 10 11 0 7 8 _ 3 9 _ _ 
[00147460] 5 | 6 1 10 11 0 7 8 _ 3 9 _ _ 
[00147461] 5 | _ 1 10 11 0 7 8 6 3 9 _ _ 
[00147462] 4 | 5 1 10 11 0 7 8 6 3 9 _ _ 
[00147463] 4 | _ 1 10 11 0 7 8 6 3 9 2 _ 
[00147464] 3 | 4 1 10 11 0 7 8 6 3 9 2 _ 
[00147465] 3 | _ 1 10 11 0 7 8 6 3 9 2 5 
[00147466] 6 | _ 1 10 11 0 7 8 _ 9 3 _ _ 
[00147467] 5 | 6 1 10 11 0 7 8 _ 9 3 _ _ 
[00147468] 4 | 6 1 10 11 0 7 8 5 9 3 _ _ 
[00147469] 3 | 6 1 10 11 0 7 8 5 9 3 2 _ 
[00147470] 2 | 6 1 10 11 0 7 8 5 9 3 2 4 
[00147471] 5 | _ 1 10 11 0 7 8 6 9 3 _ _ 
[00147472] 4 | 5 1 10 11 0 7 8 6 9 3 _ _ 
[00147473] 4 | _ 1 10 11 0 7 8 6 9 3 2 _ 
[00147474] 3 | 4 1 10 11 0 7 8 6 9 3 2 _ 
[00147475] 3 | _ 1 10 11 0 7 8 6 9 3 2 5 
[00147476] 5 | _ 1 10 11 0 7 8 4 9 3 _ _ 
[00147477] 4 | 5 1 10 11 0 7 8 4 9 3 _ _ 
[00147478] 4 | _ 1 10 11 0 7 8 4 9 3 2 6 
[00147479] 4 | _ 1 10 11 0 7 8 4 9 3 6 2 
[00147480] 6 | _ 1 10 11 0 7 8 3 _ _ 9 _ 
[00147481] 5 | 6 1 10 11 0 7 8 3 _ _ 9 _ 
[00147482] 4 | 6 1 10 11 0 7 8 3 _ _ 9 5 
[00147483] 5 | _ 1 10 11 0 7 8 3 _ _ 9 4 
[00147484] 4 | 5 1 10 11 0 7 8 3 _ _ 9 4 
[00147485] 3 | 5 1 10 11 0 7 8 3 6 _ 9 4 
[00147486] 4 | _ 1 10 11 0 7 8 3 2 6 9 4 
[00147487] 4 | _ 1 10 11 0 7 8 3 6 2 9 4 
[00147488] 6 | _ 1 10 11 0 7 8 9 _ _ 3 _ 
[00147489] 5 | 6 1 10 11 0 7 8 9 _ _ 3 _ 
[00147490] 4 | 6 1 10 11 0 7 8 9 5 _ 3 _ 
[00147491] 3 | 6 1 10 11 0 7 8 9 5 2 3 _ 
[00147492] 5 | _ 1 10 11 0 7 8 9 4 _ 3 _ 
[00147493] 4 | 5 1 10 11 0 7 8 9 4 _ 3 _ 
[00147494] 3 | 5 1 10 11 0 7 8 9 4 _ 3 6 
[00147495] 2 | 5 1 10 11 0 7 8 9 4 2 3 6 
[00147496] 6 | _ 1 10 11 0 7 8 _ _ _ 3 9 
[00147497] 5 | 6 1 10 11 0 7 8 _ _ _ 3 9 
[00147498] 5 | _ 1 10 11 0 7 8 6 _ _ 3 9 
[00147499] 4 | 5 1 10 11 0 7 8 6 _ _ 3 9 
[00147500] 4 | _ 1 10 11 0 7 8 6 2 _ 3 9 
[00147501] 3 | 4 1 10 11 0 7 8 6 2 _ 3 9 
[00147502] 3 | _ 1 10 11 0 7 8 6 2 5 3 9 
[00147503] 6 | _ 1 10 11 0 7 8 _ _ _ 9 3 
[00147504] 5 | 6 1 10 11 0 7 8 _ _ _ 9 3 
[00147505] 4 | 6 1 10 11 0 7 8 5 _ _ 9 3 
[00147506] 3 | 6 1 10 11 0 7 8 5 2 _ 9 3 
[00147507] 2 | 6 1 10 11 0 7 8 5 2 4 9 3 
[00147508] 5 | _ 1 10 11 0 7 8 6 _ _ 9 3 
[00147509] 4 | 5 1 10 11 0 7 8 6 _ _ 9 3 
[00147510] 4 | _ 1 10 11 0 7 8 6 2 _ 9 3 
[00147511] 3 | 4 1 10 11 0 7 8 6 2 _ 9 3 
[00147512] 3 | _ 1 10 11 0 7 8 6 2 5 9 3 
[00147513] 5 | _ 1 10 11 0 7 8 4 _ _ 9 3 
[00147514] 4 | 5 1 10 11 0 7 8 4 _ _ 9 3 
[00147515] 4 | _ 1 10 11 0 7 8 4 2 6 9 3 
[00147516] 4 | _ 1 10 11 0 7 8 4 6 2 9 3 
[00147517] 7 | _ 1 10 11 0 _ 8 4 _ _ _ _ 
[00147518] 6 | 7 1 10 11 0 _ 8 4 _ _ _ _ 
[00147519] 5 | 7 1 10 11 0 5 8 4 _ _ _ _ 
[00147520] 4 | 7 1 10 11 0 5 8 4 2 6 _ _ 
[00147521] 4 | 7 1 10 11 0 5 8 4 6 2 _ _ 
[00147522] 4 | 7 1 10 11 0 5 8 4 _ _ 2 6 
[00147523] 4 | 7 1 10 11 0 5 8 4 _ _ 6 2 
[00147524] 5 | 7 1 10 11 0 _ 8 4 9 _ _ _ 
[00147525] 4 | 7 1 10 11 0 4 8 4 9 _ _ _ 
[00147526] 3 | 7 1 10 11 0 4 8 4 9 6 _ _ 
[00147527] 2 | 7 1 10 11 0 4 8 4 9 6 3 5 
[00147528] 1 | 7 1 10 11 0 4 8 4 9 6 3 5  *Graceful*
[00147528] 2 | 7 1 10 11 0 4 8 4 9 6 5 3 
[00147529] 1 | 7 1 10 11 0 4 8 4 9 6 5 3  *Graceful*
[00147529] 3 | 7 1 10 11 0 4 8 4 9 _ 2 5 
[00147530] 3 | 7 1 10 11 0 4 8 4 9 _ 3 6 
[00147531] 3 | 7 1 10 11 0 4 8 4 9 _ 5 2 
[00147532] 3 | 7 1 10 11 0 4 8 4 9 _ 6 3 
[00147533] 4 | 7 1 10 11 0 _ 8 4 9 5 _ _ 
[00147534] 3 | 7 1 10 11 0 3 8 4 9 5 _ _ 
[00147535] 2 | 7 1 10 11 0 3 8 4 9 5 2 _ 
[00147536] 2 | 7 1 10 11 0 3 8 4 9 5 6 _ 
[00147537] 3 | 7 1 10 11 0 _ 8 4 9 5 3 6 
[00147538] 2 | 7 1 10 11 0 2 8 4 9 5 3 6 
[00147539] 1 | 7 1 10 11 0 2 8 4 9 5 3 6  *Graceful*
[00147539] 3 | 7 1 10 11 0 _ 8 4 9 5 6 3 
[00147540] 2 | 7 1 10 11 0 2 8 4 9 5 6 3 
[00147541] 4 | 7 1 10 11 0 _ 8 4 9 _ 0 _ 
[00147542] 3 | 7 1 10 11 0 3 8 4 9 _ 0 _ 
[00147543] 3 | 7 1 10 11 0 _ 8 4 9 6 0 _ 
[00147544] 2 | 7 1 10 11 0 2 8 4 9 6 0 _ 
[00147545] 2 | 7 1 10 11 0 _ 8 4 9 6 0 2 
[00147546] 3 | 7 1 10 11 0 _ 8 4 9 _ 0 3 
[00147547] 4 | 7 1 10 11 0 _ 8 4 9 _ 2 6 
[00147548] 3 | 7 1 10 11 0 3 8 4 9 _ 2 6 
[00147549] 4 | 7 1 10 11 0 _ 8 4 9 _ 6 2 
[00147550] 3 | 7 1 10 11 0 3 8 4 9 _ 6 2 
[00147551] 5 | 7 1 10 11 0 _ 8 4 _ _ 9 _ 
[00147552] 4 | 7 1 10 11 0 4 8 4 _ _ 9 _ 
[00147553] 3 | 7 1 10 11 0 4 8 4 2 5 9 _ 
[00147554] 3 | 7 1 10 11 0 4 8 4 3 6 9 _ 
[00147555] 3 | 7 1 10 11 0 4 8 4 5 2 9 _ 
[00147556] 3 | 7 1 10 11 0 4 8 4 6 3 9 _ 
[00147557] 3 | 7 1 10 11 0 4 8 4 _ _ 9 6 
[00147558] 2 | 7 1 10 11 0 4 8 4 3 5 9 6 
[00147559] 1 | 7 1 10 11 0 4 8 4 3 5 9 6  *Graceful*
[00147559] 2 | 7 1 10 11 0 4 8 4 5 3 9 6 
[00147560] 1 | 7 1 10 11 0 4 8 4 5 3 9 6  *Graceful*
[00147560] 4 | 7 1 10 11 0 _ 8 4 0 _ 9 _ 
[00147561] 3 | 7 1 10 11 0 3 8 4 0 _ 9 _ 
[00147562] 3 | 7 1 10 11 0 _ 8 4 0 3 9 _ 
[00147563] 3 | 7 1 10 11 0 _ 8 4 0 _ 9 6 
[00147564] 2 | 7 1 10 11 0 2 8 4 0 _ 9 6 
[00147565] 2 | 7 1 10 11 0 _ 8 4 0 2 9 6 
[00147566] 4 | 7 1 10 11 0 _ 8 4 2 6 9 _ 
[00147567] 3 | 7 1 10 11 0 3 8 4 2 6 9 _ 
[00147568] 4 | 7 1 10 11 0 _ 8 4 6 2 9 _ 
[00147569] 3 | 7 1 10 11 0 3 8 4 6 2 9 _ 
[00147570] 4 | 7 1 10 11 0 _ 8 4 _ _ 9 5 
[00147571] 3 | 7 1 10 11 0 3 8 4 _ _ 9 5 
[00147572] 2 | 7 1 10 11 0 3 8 4 2 _ 9 5 
[00147573] 2 | 7 1 10 11 0 3 8 4 6 _ 9 5 
[00147574] 3 | 7 1 10 11 0 _ 8 4 3 6 9 5 
[00147575] 2 | 7 1 10 11 0 2 8 4 3 6 9 5 
[00147576] 1 | 7 1 10 11 0 2 8 4 3 6 9 5  *Graceful*
[00147576] 3 | 7 1 10 11 0 _ 8 4 6 3 9 5 
[00147577] 2 | 7 1 10 11 0 2 8 4 6 3 9 5 
[00147578] 6 | _ 1 10 11 0 6 8 4 _ _ _ _ 
[00147579] 5 | _ 1 10 11 0 6 8 4 9 _ _ _ 
[00147580] 4 | 5 1 10 11 0 6 8 4 9 _ _ _ 
[00147581] 3 | 5 1 10 11 0 6 8 4 9 _ 7 _ 
[00147582] 2 | 5 1 10 11 0 6 8 4 9 7 7 _ 
[00147583] 2 | 5 1 10 11 0 6 8 4 9 _ 7 9 
[00147584] 4 | _ 1 10 11 0 6 8 4 9 5 _ _ 
[00147585] 3 | 4 1 10 11 0 6 8 4 9 5 _ _ 
[00147586] 3 | _ 1 10 11 0 6 8 4 9 5 1 _ 
[00147587] 2 | 3 1 10 11 0 6 8 4 9 5 1 _ 
[00147588] 2 | _ 1 10 11 0 6 8 4 9 5 1 3 
[00147589] 3 | _ 1 10 11 0 6 8 4 9 5 7 _ 
[00147590] 2 | 3 1 10 11 0 6 8 4 9 5 7 _ 
[00147591] 4 | _ 1 10 11 0 6 8 4 9 _ 3 7 
[00147592] 4 | _ 1 10 11 0 6 8 4 9 _ 7 3 
[00147593] 5 | _ 1 10 11 0 6 8 4 2 7 _ _ 
[00147594] 4 | 5 1 10 11 0 6 8 4 2 7 _ _ 
[00147595] 4 | _ 1 10 11 0 6 8 4 2 7 5 9 
[00147596] 4 | _ 1 10 11 0 6 8 4 2 7 9 5 
[00147597] 5 | _ 1 10 11 0 6 8 4 7 2 _ _ 
[00147598] 4 | 5 1 10 11 0 6 8 4 7 2 _ _ 
[00147599] 4 | _ 1 10 11 0 6 8 4 7 2 5 9 
[00147600] 4 | _ 1 10 11 0 6 8 4 7 2 9 5 
[00147601] 5 | _ 1 10 11 0 6 8 4 _ _ 9 _ 
[00147602] 4 | 5 1 10 11 0 6 8 4 _ _ 9 _ 
[00147603] 3 | 5 1 10 11 0 6 8 4 7 _ 9 _ 
[00147604] 2 | 5 1 10 11 0 6 8 4 7 9 9 _ 
[00147605] 2 | 5 1 10 11 0 6 8 4 7 _ 9 7 
[00147606] 4 | _ 1 10 11 0 6 8 4 3 7 9 _ 
[00147607] 4 | _ 1 10 11 0 6 8 4 7 3 9 _ 
[00147608] 4 | _ 1 10 11 0 6 8 4 _ _ 9 5 
[00147609] 3 | 4 1 10 11 0 6 8 4 _ _ 9 5 
[00147610] 3 | _ 1 10 11 0 6 8 4 1 _ 9 5 
[00147611] 2 | 3 1 10 11 0 6 8 4 1 _ 9 5 
[00147612] 2 | _ 1 10 11 0 6 8 4 1 3 9 5 
[00147613] 3 | _ 1 10 11 0 6 8 4 7 _ 9 5 
[00147614] 2 | 3 1 10 11 0 6 8 4 7 _ 9 5 
[00147615] 5 | _ 1 10 11 0 6 8 4 _ _ 2 7 
[00147616] 4 | 5 1 10 11 0 6 8 4 _ _ 2 7 
[00147617] 4 | _ 1 10 11 0 6 8 4 5 9 2 7 
[00147618] 4 | _ 1 10 11 0 6 8 4 9 5 2 7 
[00147619] 5 | _ 1 10 11 0 6 8 4 _ _ 7 2 
[00147620] 4 | 5 1 10 11 0 6 8 4 _ _ 7 2 
[00147621] 4 | _ 1 10 11 0 6 8 4 5 9 7 2 
[00147622] 4 | _ 1 10 11 0 6 8 4 9 5 7 2 
[00147623] 6 | _ 1 10 11 0 _ 8 4 3 9 _ _ 
[00147624] 5 | 6 1 10 11 0 _ 8 4 3 9 _ _ 
[00147625] 4 | 6 1 10 11 0 4 8 4 3 9 _ _ 
[00147626] 3 | 6 1 10 11 0 4 8 4 3 9 2 5 
[00147627] 3 | 6 1 10 11 0 4 8 4 3 9 5 2 
[00147628] 4 | 6 1 10 11 0 _ 8 4 3 9 0 _ 
[00147629] 5 | _ 1 10 11 0 5 8 4 3 9 _ _ 
[00147630] 4 | _ 1 10 11 0 5 8 4 3 9 2 6 
[00147631] 4 | _ 1 10 11 0 5 8 4 3 9 6 2 
[00147632] 5 | _ 1 10 11 0 _ 8 4 3 9 2 7 
[00147633] 4 | 5 1 10 11 0 _ 8 4 3 9 2 7 
[00147634] 5 | _ 1 10 11 0 _ 8 4 3 9 7 2 
[00147635] 4 | 5 1 10 11 0 _ 8 4 3 9 7 2 
[00147636] 6 | _ 1 10 11 0 _ 8 4 9 3 _ _ 
[00147637] 5 | 6 1 10 11 0 _ 8 4 9 3 _ _ 
[00147638] 4 | 6 1 10 11 0 4 8 4 9 3 _ _ 
[00147639] 3 | 6 1 10 11 0 4 8 4 9 3 2 5 
[00147640] 3 | 6 1 10 11 0 4 8 4 9 3 5 2 
[00147641] 4 | 6 1 10 11 0 _ 8 4 9 3 0 _ 
[00147642] 5 | _ 1 10 11 0 5 8 4 9 3 _ _ 
[00147643] 4 | _ 1 10 11 0 5 8 4 9 3 2 6 
[00147644] 4 | _ 1 10 11 0 5 8 4 9 3 6 2 
[00147645] 5 | _ 1 10 11 0 _ 8 4 9 3 2 7 
[00147646] 4 | 5 1 10 11 0 _ 8 4 9 3 2 7 
[00147647] 5 | _ 1 10 11 0 _ 8 4 9 3 7 2 
[00147648] 4 | 5 1 10 11 0 _ 8 4 9 3 7 2 
[00147649] 6 | _ 1 10 11 0 _ 8 4 _ _ 3 9 
[00147650] 5 | 6 1 10 11 0 _ 8 4 _ _ 3 9 
[00147651] 4 | 6 1 10 11 0 4 8 4 _ _ 3 9 
[00147652] 3 | 6 1 10 11 0 4 8 4 2 5 3 9 
[00147653] 3 | 6 1 10 11 0 4 8 4 5 2 3 9 
[00147654] 4 | 6 1 10 11 0 _ 8 4 0 _ 3 9 
[00147655] 5 | _ 1 10 11 0 5 8 4 _ _ 3 9 
[00147656] 4 | _ 1 10 11 0 5 8 4 2 6 3 9 
[00147657] 4 | _ 1 10 11 0 5 8 4 6 2 3 9 
[00147658] 5 | _ 1 10 11 0 _ 8 4 2 7 3 9 
[00147659] 4 | 5 1 10 11 0 _ 8 4 2 7 3 9 
[00147660] 5 | _ 1 10 11 0 _ 8 4 7 2 3 9 
[00147661] 4 | 5 1 10 11 0 _ 8 4 7 2 3 9 
[00147662] 6 | _ 1 10 11 0 _ 8 4 _ _ 9 3 
[00147663] 5 | 6 1 10 11 0 _ 8 4 _ _ 9 3 
[00147664] 4 | 6 1 10 11 0 4 8 4 _ _ 9 3 
[00147665] 3 | 6 1 10 11 0 4 8 4 2 5 9 3 
[00147666] 3 | 6 1 10 11 0 4 8 4 5 2 9 3 
[00147667] 4 | 6 1 10 11 0 _ 8 4 0 _ 9 3 
[00147668] 5 | _ 1 10 11 0 5 8 4 _ _ 9 3 
[00147669] 4 | _ 1 10 11 0 5 8 4 2 6 9 3 
[00147670] 4 | _ 1 10 11 0 5 8 4 6 2 9 3 
[00147671] 5 | _ 1 10 11 0 _ 8 4 2 7 9 3 
[00147672] 4 | 5 1 10 11 0 _ 8 4 2 7 9 3 
[00147673] 5 | _ 1 10 11 0 _ 8 4 7 2 9 3 
[00147674] 4 | 5 1 10 11 0 _ 8 4 7 2 9 3 
[00147675] 7 | _ 1 10 11 0 _ 8 2 9 _ _ _ 
[00147676] 6 | 7 1 10 11 0 _ 8 2 9 _ _ _ 
[00147677] 5 | 7 1 10 11 0 5 8 2 9 _ _ _ 
[00147678] 4 | 7 1 10 11 0 5 8 2 9 _ 6 _ 
[00147679] 3 | 7 1 10 11 0 5 8 2 9 6 6 _ 
[00147680] 3 | 7 1 10 11 0 5 8 2 9 _ 6 3 
[00147681] 3 | 7 1 10 11 0 5 8 2 9 _ 6 9 
[00147682] 5 | 7 1 10 11 0 _ 8 2 9 4 _ _ 
[00147683] 4 | 7 1 10 11 0 _ 8 2 9 4 6 _ 
[00147684] 3 | 7 1 10 11 0 3 8 2 9 4 6 _ 
[00147685] 3 | 7 1 10 11 0 _ 8 2 9 4 6 3 
[00147686] 6 | _ 1 10 11 0 6 8 2 9 _ _ _ 
[00147687] 5 | _ 1 10 11 0 6 8 2 9 4 _ _ 
[00147688] 4 | 5 1 10 11 0 6 8 2 9 4 _ _ 
[00147689] 4 | _ 1 10 11 0 6 8 2 9 4 3 7 
[00147690] 4 | _ 1 10 11 0 6 8 2 9 4 7 3 
[00147691] 5 | _ 1 10 11 0 6 8 2 9 _ 7 _ 
[00147692] 4 | 5 1 10 11 0 6 8 2 9 _ 7 _ 
[00147693] 3 | 5 1 10 11 0 6 8 2 9 _ 7 4 
[00147694] 4 | _ 1 10 11 0 6 8 2 9 5 7 _ 
[00147695] 3 | 4 1 10 11 0 6 8 2 9 5 7 _ 
[00147696] 3 | _ 1 10 11 0 6 8 2 9 5 7 4 
[00147697] 2 | 3 1 10 11 0 6 8 2 9 5 7 4 
[00147698] 4 | _ 1 10 11 0 6 8 2 9 _ 7 3 
[00147699] 3 | 4 1 10 11 0 6 8 2 9 _ 7 3 
[00147700] 6 | _ 1 10 11 0 _ 8 2 9 3 _ _ 
[00147701] 5 | 6 1 10 11 0 _ 8 2 9 3 _ _ 
[00147702] 4 | 6 1 10 11 0 4 8 2 9 3 _ _ 
[00147703] 3 | 6 1 10 11 0 4 8 2 9 3 5 _ 
[00147704] 2 | 6 1 10 11 0 4 8 2 9 3 5 7 
[00147705] 5 | _ 1 10 11 0 5 8 2 9 3 _ _ 
[00147706] 4 | _ 1 10 11 0 5 8 2 9 3 6 _ 
[00147707] 3 | 4 1 10 11 0 5 8 2 9 3 6 _ 
[00147708] 5 | _ 1 10 11 0 _ 8 2 9 3 7 _ 
[00147709] 4 | 5 1 10 11 0 _ 8 2 9 3 7 _ 
[00147710] 3 | 5 1 10 11 0 _ 8 2 9 3 7 4 
[00147711] 4 | _ 1 10 11 0 4 8 2 9 3 7 _ 
[00147712] 7 | _ 1 10 11 0 _ 8 9 2 _ _ _ 
[00147713] 6 | 7 1 10 11 0 _ 8 9 2 _ _ _ 
[00147714] 5 | 7 1 10 11 0 5 8 9 2 _ _ _ 
[00147715] 4 | 7 1 10 11 0 5 8 9 2 6 _ _ 
[00147716] 5 | 7 1 10 11 0 _ 8 9 2 _ 4 _ 
[00147717] 4 | 7 1 10 11 0 4 8 9 2 _ 4 _ 
[00147718] 3 | 7 1 10 11 0 4 8 9 2 5 4 _ 
[00147719] 4 | 7 1 10 11 0 _ 8 9 2 6 4 _ 
[00147720] 3 | 7 1 10 11 0 3 8 9 2 6 4 _ 
[00147721] 4 | 7 1 10 11 0 _ 8 9 2 _ 4 0 
[00147722] 3 | 7 1 10 11 0 _ 8 9 2 5 4 0 
[00147723] 6 | _ 1 10 11 0 6 8 9 2 _ _ _ 
[00147724] 5 | _ 1 10 11 0 6 8 9 2 7 _ _ 
[00147725] 4 | 5 1 10 11 0 6 8 9 2 7 _ _ 
[00147726] 4 | _ 1 10 11 0 6 8 9 2 7 5 _ 
[00147727] 3 | 4 1 10 11 0 6 8 9 2 7 5 _ 
