[00231521] 6 | _ 9 1 0 10 _ _ 11 8 2 4 _ 
[00231522] 5 | 4 9 1 0 10 _ _ 11 8 2 4 _ 
[00231523] 4 | 4 9 1 0 10 6 _ 11 8 2 4 _ 
[00231524] 3 | 4 9 1 0 10 6 7 11 8 2 4 _ 
[00231525] 4 | 4 9 1 0 10 _ 6 11 8 2 4 _ 
[00231526] 3 | 4 9 1 0 10 7 6 11 8 2 4 _ 
[00231527] 5 | _ 9 1 0 10 5 _ 11 8 2 4 _ 
[00231528] 4 | _ 9 1 0 10 5 6 11 8 2 4 _ 
[00231529] 3 | _ 9 1 0 10 5 6 11 8 2 4 7 
[00231530] 5 | _ 9 1 0 10 _ 5 11 8 2 4 _ 
[00231531] 4 | _ 9 1 0 10 6 5 11 8 2 4 _ 
[00231532] 3 | _ 9 1 0 10 6 5 11 8 2 4 7 
[00231533] 5 | _ 9 1 0 10 _ _ 11 8 2 4 9 
[00231534] 4 | _ 9 1 0 10 6 _ 11 8 2 4 9 
[00231535] 3 | _ 9 1 0 10 6 7 11 8 2 4 9 
[00231536] 4 | _ 9 1 0 10 _ 6 11 8 2 4 9 
[00231537] 3 | _ 9 1 0 10 7 6 11 8 2 4 9 
[00231538] 6 | _ 9 1 0 10 _ _ 11 _ _ 4 10 
[00231539] 5 | _ 9 1 0 10 _ _ 11 6 _ 4 10 
[00231540] 4 | 5 9 1 0 10 _ _ 11 6 _ 4 10 
[00231541] 3 | 5 9 1 0 10 _ _ 11 6 3 4 10 
[00231542] 4 | _ 9 1 0 10 _ _ 11 6 2 4 10 
[00231543] 5 | _ 9 1 0 10 _ _ 11 2 7 4 10 
[00231544] 4 | 5 9 1 0 10 _ _ 11 2 7 4 10 
[00231545] 5 | _ 9 1 0 10 _ _ 11 3 8 4 10 
[00231546] 4 | 5 9 1 0 10 _ _ 11 3 8 4 10 
[00231547] 5 | _ 9 1 0 10 _ _ 11 7 2 4 10 
[00231548] 4 | 5 9 1 0 10 _ _ 11 7 2 4 10 
[00231549] 5 | _ 9 1 0 10 _ _ 11 8 3 4 10 
[00231550] 4 | 5 9 1 0 10 _ _ 11 8 3 4 10 
[00231551] 8 | _ 9 _ 0 10 2 _ 11 _ _ _ _ 
[00231552] 7 | _ 9 _ 0 10 2 3 11 _ _ _ _ 
[00231553] 6 | _ 9 _ 0 10 2 3 11 5 _ _ _ 
[00231554] 5 | 4 9 _ 0 10 2 3 11 5 _ _ _ 
[00231555] 4 | 4 9 5 0 10 2 3 11 5 _ _ _ 
[00231556] 3 | 4 9 5 0 10 2 3 11 5 _ 8 _ 
[00231557] 2 | 4 9 5 0 10 2 3 11 5 _ 8 6 
[00231558] 4 | 4 9 _ 0 10 2 3 11 5 1 _ _ 
[00231559] 3 | 4 9 6 0 10 2 3 11 5 1 _ _ 
[00231560] 3 | 4 9 _ 0 10 2 3 11 5 1 8 _ 
[00231561] 2 | 4 9 7 0 10 2 3 11 5 1 8 _ 
[00231562] 2 | 4 9 _ 0 10 2 3 11 5 1 8 6 
[00231563] 4 | 4 9 _ 0 10 2 3 11 5 9 _ _ 
[00231564] 3 | 4 9 _ 0 10 2 3 11 5 9 8 _ 
[00231565] 2 | 4 9 _ 0 10 2 3 11 5 9 8 6 
[00231566] 4 | 4 9 _ 0 10 2 3 11 5 _ 7 _ 
[00231567] 3 | 4 9 6 0 10 2 3 11 5 _ 7 _ 
[00231568] 2 | 4 9 6 0 10 2 3 11 5 7 7 _ 
[00231569] 2 | 4 9 6 0 10 2 3 11 5 _ 7 5 
[00231570] 3 | 4 9 _ 0 10 2 3 11 5 8 7 _ 
[00231571] 2 | 4 9 7 0 10 2 3 11 5 8 7 _ 
[00231572] 2 | 4 9 _ 0 10 2 3 11 5 8 7 9 
[00231573] 5 | _ 9 4 0 10 2 3 11 5 _ _ _ 
[00231574] 4 | 5 9 4 0 10 2 3 11 5 _ _ _ 
[00231575] 3 | 5 9 4 0 10 2 3 11 5 _ 8 _ 
[00231576] 2 | 5 9 4 0 10 2 3 11 5 _ 8 6 
[00231577] 4 | _ 9 4 0 10 2 3 11 5 1 _ _ 
[00231578] 3 | 6 9 4 0 10 2 3 11 5 1 _ _ 
[00231579] 3 | _ 9 4 0 10 2 3 11 5 1 8 _ 
[00231580] 2 | 7 9 4 0 10 2 3 11 5 1 8 _ 
[00231581] 2 | _ 9 4 0 10 2 3 11 5 1 8 6 
[00231582] 4 | _ 9 4 0 10 2 3 11 5 9 _ _ 
[00231583] 3 | _ 9 4 0 10 2 3 11 5 9 8 _ 
[00231584] 2 | _ 9 4 0 10 2 3 11 5 9 8 6 
[00231585] 4 | _ 9 4 0 10 2 3 11 5 _ 7 _ 
[00231586] 3 | 6 9 4 0 10 2 3 11 5 _ 7 _ 
[00231587] 2 | 6 9 4 0 10 2 3 11 5 7 7 _ 
[00231588] 2 | 6 9 4 0 10 2 3 11 5 _ 7 5 
[00231589] 3 | _ 9 4 0 10 2 3 11 5 8 7 _ 
[00231590] 2 | 7 9 4 0 10 2 3 11 5 8 7 _ 
[00231591] 2 | _ 9 4 0 10 2 3 11 5 8 7 9 
[00231592] 5 | _ 9 _ 0 10 2 3 11 5 _ 6 _ 
[00231593] 4 | 5 9 _ 0 10 2 3 11 5 _ 6 _ 
[00231594] 3 | 5 9 6 0 10 2 3 11 5 _ 6 _ 
[00231595] 3 | 5 9 _ 0 10 2 3 11 5 _ 6 9 
[00231596] 4 | _ 9 5 0 10 2 3 11 5 _ 6 _ 
[00231597] 3 | 6 9 5 0 10 2 3 11 5 _ 6 _ 
[00231598] 3 | _ 9 5 0 10 2 3 11 5 _ 6 9 
[00231599] 4 | _ 9 _ 0 10 2 3 11 5 1 6 _ 
[00231600] 3 | 6 9 _ 0 10 2 3 11 5 1 6 _ 
[00231601] 2 | 6 9 7 0 10 2 3 11 5 1 6 _ 
[00231602] 3 | _ 9 6 0 10 2 3 11 5 1 6 _ 
[00231603] 2 | 7 9 6 0 10 2 3 11 5 1 6 _ 
[00231604] 3 | _ 9 _ 0 10 2 3 11 5 1 6 9 
[00231605] 4 | _ 9 _ 0 10 2 3 11 5 9 6 _ 
[00231606] 5 | _ 9 _ 0 10 2 3 11 5 _ 1 6 
[00231607] 4 | 5 9 _ 0 10 2 3 11 5 _ 1 6 
[00231608] 4 | _ 9 5 0 10 2 3 11 5 _ 1 6 
[00231609] 4 | _ 9 _ 0 10 2 3 11 5 9 1 6 
[00231610] 5 | _ 9 _ 0 10 2 3 11 5 _ 6 1 
[00231611] 4 | 5 9 _ 0 10 2 3 11 5 _ 6 1 
[00231612] 4 | _ 9 5 0 10 2 3 11 5 _ 6 1 
[00231613] 4 | _ 9 _ 0 10 2 3 11 5 9 6 1 
[00231614] 6 | _ 9 _ 0 10 2 3 11 1 7 _ _ 
[00231615] 5 | 4 9 _ 0 10 2 3 11 1 7 _ _ 
[00231616] 4 | 4 9 5 0 10 2 3 11 1 7 _ _ 
[00231617] 3 | 4 9 5 0 10 2 3 11 1 7 8 _ 
[00231618] 2 | 4 9 5 0 10 2 3 11 1 7 8 6 
[00231619] 5 | _ 9 4 0 10 2 3 11 1 7 _ _ 
[00231620] 4 | 5 9 4 0 10 2 3 11 1 7 _ _ 
[00231621] 3 | 5 9 4 0 10 2 3 11 1 7 8 _ 
[00231622] 2 | 5 9 4 0 10 2 3 11 1 7 8 6 
[00231623] 5 | _ 9 _ 0 10 2 3 11 1 7 6 _ 
[00231624] 4 | 5 9 _ 0 10 2 3 11 1 7 6 _ 
[00231625] 3 | 5 9 6 0 10 2 3 11 1 7 6 _ 
[00231626] 3 | 5 9 _ 0 10 2 3 11 1 7 6 9 
[00231627] 4 | _ 9 5 0 10 2 3 11 1 7 6 _ 
[00231628] 3 | 6 9 5 0 10 2 3 11 1 7 6 _ 
[00231629] 3 | _ 9 5 0 10 2 3 11 1 7 6 9 
[00231630] 6 | _ 9 _ 0 10 2 3 11 7 1 _ _ 
[00231631] 5 | 4 9 _ 0 10 2 3 11 7 1 _ _ 
[00231632] 4 | 4 9 5 0 10 2 3 11 7 1 _ _ 
[00231633] 3 | 4 9 5 0 10 2 3 11 7 1 8 _ 
[00231634] 2 | 4 9 5 0 10 2 3 11 7 1 8 6 
[00231635] 5 | _ 9 4 0 10 2 3 11 7 1 _ _ 
[00231636] 4 | 5 9 4 0 10 2 3 11 7 1 _ _ 
[00231637] 3 | 5 9 4 0 10 2 3 11 7 1 8 _ 
[00231638] 2 | 5 9 4 0 10 2 3 11 7 1 8 6 
[00231639] 5 | _ 9 _ 0 10 2 3 11 7 1 6 _ 
[00231640] 4 | 5 9 _ 0 10 2 3 11 7 1 6 _ 
[00231641] 3 | 5 9 6 0 10 2 3 11 7 1 6 _ 
[00231642] 3 | 5 9 _ 0 10 2 3 11 7 1 6 9 
[00231643] 4 | _ 9 5 0 10 2 3 11 7 1 6 _ 
[00231644] 3 | 6 9 5 0 10 2 3 11 7 1 6 _ 
[00231645] 3 | _ 9 5 0 10 2 3 11 7 1 6 9 
[00231646] 6 | _ 9 _ 0 10 2 3 11 _ _ 5 _ 
[00231647] 5 | 4 9 _ 0 10 2 3 11 _ _ 5 _ 
[00231648] 4 | 4 9 5 0 10 2 3 11 _ _ 5 _ 
[00231649] 3 | 4 9 5 0 10 2 3 11 8 _ 5 _ 
[00231650] 2 | 4 9 5 0 10 2 3 11 8 6 5 _ 
[00231651] 4 | 4 9 _ 0 10 2 3 11 7 _ 5 _ 
[00231652] 3 | 4 9 6 0 10 2 3 11 7 _ 5 _ 
[00231653] 2 | 4 9 6 0 10 2 3 11 7 5 5 _ 
[00231654] 2 | 4 9 6 0 10 2 3 11 7 _ 5 7 
[00231655] 3 | 4 9 _ 0 10 2 3 11 7 _ 5 8 
[00231656] 2 | 4 9 7 0 10 2 3 11 7 _ 5 8 
[00231657] 2 | 4 9 _ 0 10 2 3 11 7 9 5 8 
[00231658] 4 | 4 9 _ 0 10 2 3 11 _ _ 5 1 
[00231659] 3 | 4 9 6 0 10 2 3 11 _ _ 5 1 
[00231660] 3 | 4 9 _ 0 10 2 3 11 8 _ 5 1 
[00231661] 2 | 4 9 7 0 10 2 3 11 8 _ 5 1 
[00231662] 2 | 4 9 _ 0 10 2 3 11 8 6 5 1 
[00231663] 4 | 4 9 _ 0 10 2 3 11 _ _ 5 9 
[00231664] 3 | 4 9 _ 0 10 2 3 11 8 _ 5 9 
[00231665] 2 | 4 9 _ 0 10 2 3 11 8 6 5 9 
[00231666] 5 | _ 9 4 0 10 2 3 11 _ _ 5 _ 
[00231667] 4 | 5 9 4 0 10 2 3 11 _ _ 5 _ 
[00231668] 3 | 5 9 4 0 10 2 3 11 8 _ 5 _ 
[00231669] 2 | 5 9 4 0 10 2 3 11 8 6 5 _ 
[00231670] 4 | _ 9 4 0 10 2 3 11 7 _ 5 _ 
[00231671] 3 | 6 9 4 0 10 2 3 11 7 _ 5 _ 
[00231672] 2 | 6 9 4 0 10 2 3 11 7 5 5 _ 
[00231673] 2 | 6 9 4 0 10 2 3 11 7 _ 5 7 
[00231674] 3 | _ 9 4 0 10 2 3 11 7 _ 5 8 
[00231675] 2 | 7 9 4 0 10 2 3 11 7 _ 5 8 
[00231676] 2 | _ 9 4 0 10 2 3 11 7 9 5 8 
[00231677] 4 | _ 9 4 0 10 2 3 11 _ _ 5 1 
[00231678] 3 | 6 9 4 0 10 2 3 11 _ _ 5 1 
[00231679] 3 | _ 9 4 0 10 2 3 11 8 _ 5 1 
[00231680] 2 | 7 9 4 0 10 2 3 11 8 _ 5 1 
[00231681] 2 | _ 9 4 0 10 2 3 11 8 6 5 1 
[00231682] 4 | _ 9 4 0 10 2 3 11 _ _ 5 9 
[00231683] 3 | _ 9 4 0 10 2 3 11 8 _ 5 9 
[00231684] 2 | _ 9 4 0 10 2 3 11 8 6 5 9 
[00231685] 5 | _ 9 _ 0 10 2 3 11 6 _ 5 _ 
[00231686] 4 | 5 9 _ 0 10 2 3 11 6 _ 5 _ 
[00231687] 3 | 5 9 6 0 10 2 3 11 6 _ 5 _ 
[00231688] 3 | 5 9 _ 0 10 2 3 11 6 9 5 _ 
[00231689] 4 | _ 9 5 0 10 2 3 11 6 _ 5 _ 
[00231690] 3 | 6 9 5 0 10 2 3 11 6 _ 5 _ 
[00231691] 3 | _ 9 5 0 10 2 3 11 6 9 5 _ 
[00231692] 4 | _ 9 _ 0 10 2 3 11 6 _ 5 1 
[00231693] 3 | 6 9 _ 0 10 2 3 11 6 _ 5 1 
[00231694] 2 | 6 9 7 0 10 2 3 11 6 _ 5 1 
[00231695] 3 | _ 9 6 0 10 2 3 11 6 _ 5 1 
[00231696] 2 | 7 9 6 0 10 2 3 11 6 _ 5 1 
[00231697] 3 | _ 9 _ 0 10 2 3 11 6 9 5 1 
[00231698] 4 | _ 9 _ 0 10 2 3 11 6 _ 5 9 
[00231699] 5 | _ 9 _ 0 10 2 3 11 1 6 5 _ 
[00231700] 4 | 5 9 _ 0 10 2 3 11 1 6 5 _ 
[00231701] 4 | _ 9 5 0 10 2 3 11 1 6 5 _ 
[00231702] 4 | _ 9 _ 0 10 2 3 11 1 6 5 9 
[00231703] 5 | _ 9 _ 0 10 2 3 11 6 1 5 _ 
[00231704] 4 | 5 9 _ 0 10 2 3 11 6 1 5 _ 
[00231705] 4 | _ 9 5 0 10 2 3 11 6 1 5 _ 
[00231706] 4 | _ 9 _ 0 10 2 3 11 6 1 5 9 
[00231707] 6 | _ 9 _ 0 10 2 3 11 _ _ 1 7 
[00231708] 5 | 4 9 _ 0 10 2 3 11 _ _ 1 7 
[00231709] 4 | 4 9 5 0 10 2 3 11 _ _ 1 7 
[00231710] 3 | 4 9 5 0 10 2 3 11 8 _ 1 7 
[00231711] 2 | 4 9 5 0 10 2 3 11 8 6 1 7 
[00231712] 5 | _ 9 4 0 10 2 3 11 _ _ 1 7 
[00231713] 4 | 5 9 4 0 10 2 3 11 _ _ 1 7 
[00231714] 3 | 5 9 4 0 10 2 3 11 8 _ 1 7 
[00231715] 2 | 5 9 4 0 10 2 3 11 8 6 1 7 
[00231716] 5 | _ 9 _ 0 10 2 3 11 6 _ 1 7 
[00231717] 4 | 5 9 _ 0 10 2 3 11 6 _ 1 7 
[00231718] 3 | 5 9 6 0 10 2 3 11 6 _ 1 7 
[00231719] 3 | 5 9 _ 0 10 2 3 11 6 9 1 7 
[00231720] 4 | _ 9 5 0 10 2 3 11 6 _ 1 7 
[00231721] 3 | 6 9 5 0 10 2 3 11 6 _ 1 7 
[00231722] 3 | _ 9 5 0 10 2 3 11 6 9 1 7 
[00231723] 6 | _ 9 _ 0 10 2 3 11 _ _ 7 1 
[00231724] 5 | 4 9 _ 0 10 2 3 11 _ _ 7 1 
[00231725] 4 | 4 9 5 0 10 2 3 11 _ _ 7 1 
[00231726] 3 | 4 9 5 0 10 2 3 11 8 _ 7 1 
[00231727] 2 | 4 9 5 0 10 2 3 11 8 6 7 1 
[00231728] 5 | _ 9 4 0 10 2 3 11 _ _ 7 1 
[00231729] 4 | 5 9 4 0 10 2 3 11 _ _ 7 1 
[00231730] 3 | 5 9 4 0 10 2 3 11 8 _ 7 1 
[00231731] 2 | 5 9 4 0 10 2 3 11 8 6 7 1 
[00231732] 5 | _ 9 _ 0 10 2 3 11 6 _ 7 1 
[00231733] 4 | 5 9 _ 0 10 2 3 11 6 _ 7 1 
[00231734] 3 | 5 9 6 0 10 2 3 11 6 _ 7 1 
[00231735] 3 | 5 9 _ 0 10 2 3 11 6 9 7 1 
[00231736] 4 | _ 9 5 0 10 2 3 11 6 _ 7 1 
[00231737] 3 | 6 9 5 0 10 2 3 11 6 _ 7 1 
[00231738] 3 | _ 9 5 0 10 2 3 11 6 9 7 1 
[00231739] 7 | _ 9 _ 0 10 2 _ 11 4 _ _ _ 
[00231740] 6 | 3 9 _ 0 10 2 _ 11 4 _ _ _ 
[00231741] 5 | 3 9 4 0 10 2 _ 11 4 _ _ _ 
[00231742] 4 | 3 9 4 0 10 2 6 11 4 _ _ _ 
[00231743] 3 | 3 9 4 0 10 2 6 11 4 _ 8 _ 
[00231744] 3 | 3 9 4 0 10 2 6 11 4 _ 5 8 
[00231745] 3 | 3 9 4 0 10 2 6 11 4 _ 8 5 
[00231746] 4 | 3 9 4 0 10 2 _ 11 4 _ 7 _ 
[00231747] 3 | 3 9 4 0 10 2 7 11 4 _ 7 _ 
[00231748] 3 | 3 9 4 0 10 2 _ 11 4 _ 7 10 
[00231749] 4 | 3 9 4 0 10 2 _ 11 4 _ 1 5 
[00231750] 3 | 3 9 4 0 10 2 7 11 4 _ 1 5 
[00231751] 4 | 3 9 4 0 10 2 _ 11 4 _ 5 1 
[00231752] 3 | 3 9 4 0 10 2 7 11 4 _ 5 1 
[00231753] 5 | 3 9 _ 0 10 2 5 11 4 _ _ _ 
[00231754] 4 | 3 9 _ 0 10 2 5 11 4 8 _ _ 
[00231755] 3 | 3 9 6 0 10 2 5 11 4 8 _ _ 
[00231756] 4 | 3 9 _ 0 10 2 5 11 4 _ 7 _ 
[00231757] 3 | 3 9 6 0 10 2 5 11 4 _ 7 _ 
[00231758] 3 | 3 9 _ 0 10 2 5 11 4 1 7 _ 
[00231759] 2 | 3 9 7 0 10 2 5 11 4 1 7 _ 
[00231760] 2 | 3 9 _ 0 10 2 5 11 4 1 7 9 
[00231761] 3 | 3 9 _ 0 10 2 5 11 4 7 7 _ 
[00231762] 3 | 3 9 _ 0 10 2 5 11 4 _ 7 4 
[00231763] 5 | 3 9 _ 0 10 2 _ 11 4 9 _ _ 
[00231764] 4 | 3 9 _ 0 10 2 6 11 4 9 _ _ 
[00231765] 3 | 3 9 _ 0 10 2 6 11 4 9 8 _ 
[00231766] 3 | 3 9 _ 0 10 2 6 11 4 9 5 8 
[00231767] 3 | 3 9 _ 0 10 2 6 11 4 9 8 5 
[00231768] 4 | 3 9 _ 0 10 2 _ 11 4 9 7 _ 
[00231769] 3 | 3 9 _ 0 10 2 7 11 4 9 7 _ 
[00231770] 3 | 3 9 _ 0 10 2 _ 11 4 9 7 10 
[00231771] 4 | 3 9 _ 0 10 2 _ 11 4 9 1 5 
[00231772] 3 | 3 9 _ 0 10 2 7 11 4 9 1 5 
[00231773] 4 | 3 9 _ 0 10 2 _ 11 4 9 5 1 
[00231774] 3 | 3 9 _ 0 10 2 7 11 4 9 5 1 
[00231775] 5 | 3 9 _ 0 10 2 _ 11 4 _ 6 _ 
[00231776] 4 | 3 9 5 0 10 2 _ 11 4 _ 6 _ 
[00231777] 3 | 3 9 5 0 10 2 7 11 4 _ 6 _ 
[00231778] 2 | 3 9 5 0 10 2 7 11 4 6 6 _ 
[00231779] 2 | 3 9 5 0 10 2 7 11 4 _ 6 4 
[00231780] 2 | 3 9 5 0 10 2 7 11 4 _ 6 8 
[00231781] 3 | 3 9 5 0 10 2 _ 11 4 1 6 _ 
[00231782] 2 | 3 9 5 0 10 2 8 11 4 1 6 _ 
[00231783] 1 | 3 9 5 0 10 2 8 11 4 1 6 7  *Graceful*
[00231783] 2 | 3 9 5 0 10 2 _ 11 4 1 6 8 
[00231784] 3 | 3 9 5 0 10 2 _ 11 4 7 6 _ 
[00231785] 2 | 3 9 5 0 10 2 8 11 4 7 6 _ 
[00231786] 2 | 3 9 5 0 10 2 _ 11 4 7 6 8 
[00231787] 4 | 3 9 _ 0 10 2 6 11 4 _ 6 _ 
[00231788] 3 | 3 9 _ 0 10 2 6 11 4 1 6 _ 
[00231789] 2 | 3 9 7 0 10 2 6 11 4 1 6 _ 
[00231790] 3 | 3 9 _ 0 10 2 6 11 4 7 6 _ 
[00231791] 4 | 3 9 _ 0 10 2 _ 11 4 8 6 _ 
[00231792] 3 | 3 9 6 0 10 2 _ 11 4 8 6 _ 
[00231793] 3 | 3 9 _ 0 10 2 7 11 4 8 6 _ 
[00231794] 3 | 3 9 _ 0 10 2 _ 11 4 8 6 9 
[00231795] 4 | 3 9 _ 0 10 2 _ 11 4 _ 6 10 
[00231796] 3 | 3 9 _ 0 10 2 _ 11 4 1 6 10 
[00231797] 2 | 3 9 7 0 10 2 _ 11 4 1 6 10 
[00231798] 3 | 3 9 _ 0 10 2 _ 11 4 7 6 10 
[00231799] 5 | 3 9 _ 0 10 2 _ 11 4 _ 1 6 
[00231800] 4 | 3 9 5 0 10 2 _ 11 4 _ 1 6 
[00231801] 3 | 3 9 5 0 10 2 7 11 4 _ 1 6 
[00231802] 3 | 3 9 5 0 10 2 _ 11 4 7 1 6 
[00231803] 2 | 3 9 5 0 10 2 8 11 4 7 1 6 
[00231804] 4 | 3 9 _ 0 10 2 _ 11 4 8 1 6 
[00231805] 3 | 3 9 _ 0 10 2 7 11 4 8 1 6 
[00231806] 5 | 3 9 _ 0 10 2 _ 11 4 _ 6 1 
[00231807] 4 | 3 9 5 0 10 2 _ 11 4 _ 6 1 
[00231808] 3 | 3 9 5 0 10 2 7 11 4 _ 6 1 
[00231809] 3 | 3 9 5 0 10 2 _ 11 4 7 6 1 
[00231810] 2 | 3 9 5 0 10 2 8 11 4 7 6 1 
[00231811] 4 | 3 9 _ 0 10 2 _ 11 4 8 6 1 
[00231812] 3 | 3 9 _ 0 10 2 7 11 4 8 6 1 
[00231813] 6 | _ 9 3 0 10 2 _ 11 4 _ _ _ 
[00231814] 5 | 4 9 3 0 10 2 _ 11 4 _ _ _ 
[00231815] 4 | 4 9 3 0 10 2 6 11 4 _ _ _ 
[00231816] 3 | 4 9 3 0 10 2 6 11 4 _ 8 _ 
[00231817] 3 | 4 9 3 0 10 2 6 11 4 _ 5 8 
[00231818] 3 | 4 9 3 0 10 2 6 11 4 _ 8 5 
[00231819] 4 | 4 9 3 0 10 2 _ 11 4 _ 7 _ 
[00231820] 3 | 4 9 3 0 10 2 7 11 4 _ 7 _ 
[00231821] 3 | 4 9 3 0 10 2 _ 11 4 _ 7 10 
[00231822] 4 | 4 9 3 0 10 2 _ 11 4 _ 1 5 
[00231823] 3 | 4 9 3 0 10 2 7 11 4 _ 1 5 
[00231824] 4 | 4 9 3 0 10 2 _ 11 4 _ 5 1 
[00231825] 3 | 4 9 3 0 10 2 7 11 4 _ 5 1 
[00231826] 5 | _ 9 3 0 10 2 5 11 4 _ _ _ 
[00231827] 4 | _ 9 3 0 10 2 5 11 4 8 _ _ 
[00231828] 3 | 6 9 3 0 10 2 5 11 4 8 _ _ 
[00231829] 4 | _ 9 3 0 10 2 5 11 4 _ 7 _ 
[00231830] 3 | 6 9 3 0 10 2 5 11 4 _ 7 _ 
[00231831] 3 | _ 9 3 0 10 2 5 11 4 1 7 _ 
[00231832] 2 | 7 9 3 0 10 2 5 11 4 1 7 _ 
[00231833] 2 | _ 9 3 0 10 2 5 11 4 1 7 9 
[00231834] 3 | _ 9 3 0 10 2 5 11 4 7 7 _ 
[00231835] 3 | _ 9 3 0 10 2 5 11 4 _ 7 4 
[00231836] 5 | _ 9 3 0 10 2 _ 11 4 9 _ _ 
[00231837] 4 | _ 9 3 0 10 2 6 11 4 9 _ _ 
[00231838] 3 | _ 9 3 0 10 2 6 11 4 9 8 _ 
[00231839] 3 | _ 9 3 0 10 2 6 11 4 9 5 8 
[00231840] 3 | _ 9 3 0 10 2 6 11 4 9 8 5 
[00231841] 4 | _ 9 3 0 10 2 _ 11 4 9 7 _ 
[00231842] 3 | _ 9 3 0 10 2 7 11 4 9 7 _ 
[00231843] 3 | _ 9 3 0 10 2 _ 11 4 9 7 10 
[00231844] 4 | _ 9 3 0 10 2 _ 11 4 9 1 5 
[00231845] 3 | _ 9 3 0 10 2 7 11 4 9 1 5 
[00231846] 4 | _ 9 3 0 10 2 _ 11 4 9 5 1 
[00231847] 3 | _ 9 3 0 10 2 7 11 4 9 5 1 
[00231848] 5 | _ 9 3 0 10 2 _ 11 4 _ 6 _ 
[00231849] 4 | 5 9 3 0 10 2 _ 11 4 _ 6 _ 
[00231850] 3 | 5 9 3 0 10 2 7 11 4 _ 6 _ 
[00231851] 2 | 5 9 3 0 10 2 7 11 4 6 6 _ 
[00231852] 2 | 5 9 3 0 10 2 7 11 4 _ 6 4 
[00231853] 2 | 5 9 3 0 10 2 7 11 4 _ 6 8 
[00231854] 3 | 5 9 3 0 10 2 _ 11 4 1 6 _ 
[00231855] 2 | 5 9 3 0 10 2 8 11 4 1 6 _ 
[00231856] 1 | 5 9 3 0 10 2 8 11 4 1 6 7  *Graceful*
[00231856] 2 | 5 9 3 0 10 2 _ 11 4 1 6 8 
[00231857] 3 | 5 9 3 0 10 2 _ 11 4 7 6 _ 
[00231858] 2 | 5 9 3 0 10 2 8 11 4 7 6 _ 
[00231859] 2 | 5 9 3 0 10 2 _ 11 4 7 6 8 
[00231860] 4 | _ 9 3 0 10 2 6 11 4 _ 6 _ 
[00231861] 3 | _ 9 3 0 10 2 6 11 4 1 6 _ 
[00231862] 2 | 7 9 3 0 10 2 6 11 4 1 6 _ 
[00231863] 3 | _ 9 3 0 10 2 6 11 4 7 6 _ 
[00231864] 4 | _ 9 3 0 10 2 _ 11 4 8 6 _ 
[00231865] 3 | 6 9 3 0 10 2 _ 11 4 8 6 _ 
[00231866] 3 | _ 9 3 0 10 2 7 11 4 8 6 _ 
[00231867] 3 | _ 9 3 0 10 2 _ 11 4 8 6 9 
[00231868] 4 | _ 9 3 0 10 2 _ 11 4 _ 6 10 
[00231869] 3 | _ 9 3 0 10 2 _ 11 4 1 6 10 
[00231870] 2 | 7 9 3 0 10 2 _ 11 4 1 6 10 
[00231871] 3 | _ 9 3 0 10 2 _ 11 4 7 6 10 
[00231872] 5 | _ 9 3 0 10 2 _ 11 4 _ 1 6 
[00231873] 4 | 5 9 3 0 10 2 _ 11 4 _ 1 6 
[00231874] 3 | 5 9 3 0 10 2 7 11 4 _ 1 6 
[00231875] 3 | 5 9 3 0 10 2 _ 11 4 7 1 6 
[00231876] 2 | 5 9 3 0 10 2 8 11 4 7 1 6 
[00231877] 4 | _ 9 3 0 10 2 _ 11 4 8 1 6 
[00231878] 3 | _ 9 3 0 10 2 7 11 4 8 1 6 
[00231879] 5 | _ 9 3 0 10 2 _ 11 4 _ 6 1 
[00231880] 4 | 5 9 3 0 10 2 _ 11 4 _ 6 1 
[00231881] 3 | 5 9 3 0 10 2 7 11 4 _ 6 1 
[00231882] 3 | 5 9 3 0 10 2 _ 11 4 7 6 1 
[00231883] 2 | 5 9 3 0 10 2 8 11 4 7 6 1 
[00231884] 4 | _ 9 3 0 10 2 _ 11 4 8 6 1 
[00231885] 3 | _ 9 3 0 10 2 7 11 4 8 6 1 
[00231886] 6 | _ 9 _ 0 10 2 4 11 4 _ _ _ 
[00231887] 5 | _ 9 _ 0 10 2 4 11 4 _ 6 _ 
[00231888] 4 | 5 9 _ 0 10 2 4 11 4 _ 6 _ 
[00231889] 3 | 5 9 6 0 10 2 4 11 4 _ 6 _ 
[00231890] 3 | 5 9 _ 0 10 2 4 11 4 _ 6 3 
[00231891] 2 | 5 9 7 0 10 2 4 11 4 _ 6 3 
[00231892] 3 | 5 9 _ 0 10 2 4 11 4 _ 6 9 
[00231893] 4 | _ 9 5 0 10 2 4 11 4 _ 6 _ 
[00231894] 3 | 6 9 5 0 10 2 4 11 4 _ 6 _ 
[00231895] 3 | _ 9 5 0 10 2 4 11 4 _ 6 3 
[00231896] 2 | 7 9 5 0 10 2 4 11 4 _ 6 3 
[00231897] 3 | _ 9 5 0 10 2 4 11 4 _ 6 9 
[00231898] 5 | _ 9 _ 0 10 2 4 11 4 _ 1 6 
[00231899] 4 | 5 9 _ 0 10 2 4 11 4 _ 1 6 
[00231900] 4 | _ 9 5 0 10 2 4 11 4 _ 1 6 
[00231901] 5 | _ 9 _ 0 10 2 4 11 4 _ 3 8 
[00231902] 4 | 5 9 _ 0 10 2 4 11 4 _ 3 8 
[00231903] 3 | 5 9 6 0 10 2 4 11 4 _ 3 8 
[00231904] 4 | _ 9 5 0 10 2 4 11 4 _ 3 8 
[00231905] 3 | 6 9 5 0 10 2 4 11 4 _ 3 8 
[00231906] 5 | _ 9 _ 0 10 2 4 11 4 _ 6 1 
[00231907] 4 | 5 9 _ 0 10 2 4 11 4 _ 6 1 
[00231908] 4 | _ 9 5 0 10 2 4 11 4 _ 6 1 
[00231909] 5 | _ 9 _ 0 10 2 4 11 4 _ 8 3 
[00231910] 4 | 5 9 _ 0 10 2 4 11 4 _ 8 3 
[00231911] 3 | 5 9 6 0 10 2 4 11 4 _ 8 3 
[00231912] 4 | _ 9 5 0 10 2 4 11 4 _ 8 3 
[00231913] 3 | 6 9 5 0 10 2 4 11 4 _ 8 3 
[00231914] 6 | _ 9 _ 0 10 2 _ 11 4 10 _ _ 
[00231915] 5 | _ 9 _ 0 10 2 _ 11 4 10 6 _ 
[00231916] 4 | 5 9 _ 0 10 2 _ 11 4 10 6 _ 
[00231917] 3 | 5 9 6 0 10 2 _ 11 4 10 6 _ 
[00231918] 3 | 5 9 _ 0 10 2 _ 11 4 10 6 3 
[00231919] 2 | 5 9 7 0 10 2 _ 11 4 10 6 3 
[00231920] 3 | 5 9 _ 0 10 2 _ 11 4 10 6 9 
[00231921] 4 | _ 9 5 0 10 2 _ 11 4 10 6 _ 
[00231922] 3 | 6 9 5 0 10 2 _ 11 4 10 6 _ 
[00231923] 3 | _ 9 5 0 10 2 _ 11 4 10 6 3 
[00231924] 2 | 7 9 5 0 10 2 _ 11 4 10 6 3 
[00231925] 3 | _ 9 5 0 10 2 _ 11 4 10 6 9 
[00231926] 5 | _ 9 _ 0 10 2 _ 11 4 10 1 6 
[00231927] 4 | 5 9 _ 0 10 2 _ 11 4 10 1 6 
[00231928] 4 | _ 9 5 0 10 2 _ 11 4 10 1 6 
[00231929] 5 | _ 9 _ 0 10 2 _ 11 4 10 3 8 
[00231930] 4 | 5 9 _ 0 10 2 _ 11 4 10 3 8 
[00231931] 3 | 5 9 6 0 10 2 _ 11 4 10 3 8 
[00231932] 4 | _ 9 5 0 10 2 _ 11 4 10 3 8 
[00231933] 3 | 6 9 5 0 10 2 _ 11 4 10 3 8 
[00231934] 5 | _ 9 _ 0 10 2 _ 11 4 10 6 1 
[00231935] 4 | 5 9 _ 0 10 2 _ 11 4 10 6 1 
[00231936] 4 | _ 9 5 0 10 2 _ 11 4 10 6 1 
[00231937] 5 | _ 9 _ 0 10 2 _ 11 4 10 8 3 
[00231938] 4 | 5 9 _ 0 10 2 _ 11 4 10 8 3 
[00231939] 3 | 5 9 6 0 10 2 _ 11 4 10 8 3 
[00231940] 4 | _ 9 5 0 10 2 _ 11 4 10 8 3 
[00231941] 3 | 6 9 5 0 10 2 _ 11 4 10 8 3 
[00231942] 6 | _ 9 _ 0 10 2 _ 11 4 _ 5 _ 
[00231943] 5 | 4 9 _ 0 10 2 _ 11 4 _ 5 _ 
[00231944] 4 | 4 9 5 0 10 2 _ 11 4 _ 5 _ 
[00231945] 3 | 4 9 5 0 10 2 7 11 4 _ 5 _ 
[00231946] 4 | 4 9 _ 0 10 2 6 11 4 _ 5 _ 
[00231947] 3 | 4 9 _ 0 10 2 6 11 4 _ 5 8 
[00231948] 2 | 4 9 7 0 10 2 6 11 4 _ 5 8 
[00231949] 4 | 4 9 _ 0 10 2 _ 11 4 _ 5 1 
[00231950] 3 | 4 9 6 0 10 2 _ 11 4 _ 5 1 
[00231951] 2 | 4 9 6 0 10 2 8 11 4 _ 5 1 
[00231952] 3 | 4 9 _ 0 10 2 7 11 4 _ 5 1 
[00231953] 4 | 4 9 _ 0 10 2 _ 11 4 _ 5 9 
[00231954] 3 | 4 9 _ 0 10 2 7 11 4 _ 5 9 
[00231955] 5 | _ 9 4 0 10 2 _ 11 4 _ 5 _ 
[00231956] 4 | 5 9 4 0 10 2 _ 11 4 _ 5 _ 
[00231957] 3 | 5 9 4 0 10 2 7 11 4 _ 5 _ 
[00231958] 4 | _ 9 4 0 10 2 6 11 4 _ 5 _ 
[00231959] 3 | _ 9 4 0 10 2 6 11 4 _ 5 8 
[00231960] 2 | 7 9 4 0 10 2 6 11 4 _ 5 8 
[00231961] 4 | _ 9 4 0 10 2 _ 11 4 _ 5 1 
[00231962] 3 | 6 9 4 0 10 2 _ 11 4 _ 5 1 
[00231963] 2 | 6 9 4 0 10 2 8 11 4 _ 5 1 
[00231964] 3 | _ 9 4 0 10 2 7 11 4 _ 5 1 
[00231965] 4 | _ 9 4 0 10 2 _ 11 4 _ 5 9 
[00231966] 3 | _ 9 4 0 10 2 7 11 4 _ 5 9 
[00231967] 5 | _ 9 _ 0 10 2 5 11 4 _ 5 _ 
[00231968] 4 | _ 9 _ 0 10 2 5 11 4 8 5 _ 
[00231969] 3 | 6 9 _ 0 10 2 5 11 4 8 5 _ 
[00231970] 2 | 6 9 7 0 10 2 5 11 4 8 5 _ 
[00231971] 3 | _ 9 6 0 10 2 5 11 4 8 5 _ 
[00231972] 2 | 7 9 6 0 10 2 5 11 4 8 5 _ 
[00231973] 5 | _ 9 _ 0 10 2 _ 11 4 9 5 _ 
[00231974] 4 | _ 9 _ 0 10 2 6 11 4 9 5 _ 
[00231975] 3 | _ 9 _ 0 10 2 6 11 4 9 5 8 
[00231976] 4 | _ 9 _ 0 10 2 _ 11 4 9 5 1 
[00231977] 3 | _ 9 _ 0 10 2 7 11 4 9 5 1 
[00231978] 5 | _ 9 _ 0 10 2 _ 11 4 _ 5 10 
[00231979] 4 | _ 9 _ 0 10 2 _ 11 4 8 5 10 
[00231980] 3 | 6 9 _ 0 10 2 _ 11 4 8 5 10 
[00231981] 2 | 6 9 7 0 10 2 _ 11 4 8 5 10 
[00231982] 3 | _ 9 6 0 10 2 _ 11 4 8 5 10 
[00231983] 2 | 7 9 6 0 10 2 _ 11 4 8 5 10 
[00231984] 6 | _ 9 _ 0 10 2 _ 11 4 _ 1 7 
[00231985] 5 | 4 9 _ 0 10 2 _ 11 4 _ 1 7 
[00231986] 4 | 4 9 5 0 10 2 _ 11 4 _ 1 7 
[00231987] 4 | 4 9 _ 0 10 2 6 11 4 _ 1 7 
[00231988] 5 | _ 9 4 0 10 2 _ 11 4 _ 1 7 
[00231989] 4 | 5 9 4 0 10 2 _ 11 4 _ 1 7 
[00231990] 4 | _ 9 4 0 10 2 6 11 4 _ 1 7 
[00231991] 5 | _ 9 _ 0 10 2 5 11 4 _ 1 7 
[00231992] 4 | _ 9 _ 0 10 2 5 11 4 8 1 7 
[00231993] 3 | 6 9 _ 0 10 2 5 11 4 8 1 7 
[00231994] 3 | _ 9 6 0 10 2 5 11 4 8 1 7 
[00231995] 5 | _ 9 _ 0 10 2 _ 11 4 9 1 7 
[00231996] 4 | _ 9 _ 0 10 2 6 11 4 9 1 7 
[00231997] 6 | _ 9 _ 0 10 2 _ 11 4 _ 7 1 
[00231998] 5 | 4 9 _ 0 10 2 _ 11 4 _ 7 1 
[00231999] 4 | 4 9 5 0 10 2 _ 11 4 _ 7 1 
[00232000] 4 | 4 9 _ 0 10 2 6 11 4 _ 7 1 
[00232001] 5 | _ 9 4 0 10 2 _ 11 4 _ 7 1 
[00232002] 4 | 5 9 4 0 10 2 _ 11 4 _ 7 1 
[00232003] 4 | _ 9 4 0 10 2 6 11 4 _ 7 1 
[00232004] 5 | _ 9 _ 0 10 2 5 11 4 _ 7 1 
[00232005] 4 | _ 9 _ 0 10 2 5 11 4 8 7 1 
[00232006] 3 | 6 9 _ 0 10 2 5 11 4 8 7 1 
[00232007] 3 | _ 9 6 0 10 2 5 11 4 8 7 1 
[00232008] 5 | _ 9 _ 0 10 2 _ 11 4 9 7 1 
[00232009] 4 | _ 9 _ 0 10 2 6 11 4 9 7 1 
[00232010] 7 | _ 9 _ 0 10 2 _ 11 1 8 _ _ 
[00232011] 6 | 3 9 _ 0 10 2 _ 11 1 8 _ _ 
[00232012] 5 | 3 9 4 0 10 2 _ 11 1 8 _ _ 
[00232013] 4 | 3 9 4 0 10 2 6 11 1 8 _ _ 
[00232014] 4 | 3 9 4 0 10 2 _ 11 1 8 7 _ 
[00232015] 3 | 3 9 4 0 10 2 7 11 1 8 7 _ 
[00232016] 3 | 3 9 4 0 10 2 _ 11 1 8 7 10 
[00232017] 5 | 3 9 _ 0 10 2 5 11 1 8 _ _ 
[00232018] 4 | 3 9 _ 0 10 2 5 11 1 8 7 _ 
