[00067853] 7 | 1 11 _ 0 9 _ 2 10 _ _ 2 _ 
[00067854] 6 | 1 11 5 0 9 _ 2 10 _ _ 2 _ 
[00067855] 5 | 1 11 5 0 9 4 2 10 _ _ 2 _ 
[00067856] 4 | 1 11 5 0 9 4 2 10 6 _ 2 _ 
[00067857] 3 | 1 11 5 0 9 4 2 10 6 3 2 _ 
[00067858] 4 | 1 11 5 0 9 4 2 10 3 7 2 _ 
[00067859] 4 | 1 11 5 0 9 4 2 10 7 3 2 _ 
[00067860] 5 | 1 11 5 0 9 _ 2 10 3 8 2 _ 
[00067861] 5 | 1 11 5 0 9 _ 2 10 8 3 2 _ 
[00067862] 6 | 1 11 _ 0 9 3 2 10 _ _ 2 _ 
[00067863] 5 | 1 11 6 0 9 3 2 10 _ _ 2 _ 
[00067864] 4 | 1 11 6 0 9 3 2 10 4 8 2 _ 
[00067865] 4 | 1 11 6 0 9 3 2 10 8 4 2 _ 
[00067866] 5 | 1 11 _ 0 9 3 2 10 5 _ 2 _ 
[00067867] 4 | 1 11 7 0 9 3 2 10 5 _ 2 _ 
[00067868] 3 | 1 11 7 0 9 3 2 10 5 8 2 _ 
[00067869] 6 | 1 11 _ 0 9 _ 2 10 4 _ 2 _ 
[00067870] 5 | 1 11 6 0 9 _ 2 10 4 _ 2 _ 
[00067871] 4 | 1 11 6 0 9 5 2 10 4 _ 2 _ 
[00067872] 3 | 1 11 6 0 9 5 2 10 4 7 2 _ 
[00067873] 4 | 1 11 6 0 9 _ 2 10 4 8 2 _ 
[00067874] 5 | 1 11 _ 0 9 4 2 10 4 _ 2 _ 
[00067875] 4 | 1 11 7 0 9 4 2 10 4 _ 2 _ 
[00067876] 5 | 1 11 _ 0 9 _ 2 10 4 9 2 _ 
[00067877] 4 | 1 11 7 0 9 _ 2 10 4 9 2 _ 
[00067878] 7 | 1 11 _ 0 9 _ _ 10 3 _ 2 _ 
[00067879] 6 | 1 11 5 0 9 _ _ 10 3 _ 2 _ 
[00067880] 5 | 1 11 5 0 9 4 _ 10 3 _ 2 _ 
[00067881] 4 | 1 11 5 0 9 4 _ 10 3 7 2 _ 
[00067882] 3 | 1 11 5 0 9 4 6 10 3 7 2 _ 
[00067883] 4 | 1 11 5 0 9 4 _ 10 3 _ 2 6 
[00067884] 5 | 1 11 5 0 9 _ 4 10 3 _ 2 _ 
[00067885] 4 | 1 11 5 0 9 _ 4 10 3 7 2 _ 
[00067886] 3 | 1 11 5 0 9 6 4 10 3 7 2 _ 
[00067887] 4 | 1 11 5 0 9 _ 4 10 3 _ 2 6 
[00067888] 5 | 1 11 5 0 9 _ _ 10 3 8 2 _ 
[00067889] 4 | 1 11 5 0 9 _ _ 10 3 8 2 6 
[00067890] 5 | 1 11 5 0 9 _ _ 10 3 _ 2 7 
[00067891] 6 | 1 11 _ 0 9 3 _ 10 3 _ 2 _ 
[00067892] 5 | 1 11 6 0 9 3 _ 10 3 _ 2 _ 
[00067893] 4 | 1 11 6 0 9 3 5 10 3 _ 2 _ 
[00067894] 5 | 1 11 _ 0 9 3 4 10 3 _ 2 _ 
[00067895] 4 | 1 11 7 0 9 3 4 10 3 _ 2 _ 
[00067896] 3 | 1 11 7 0 9 3 4 10 3 _ 2 5 
[00067897] 4 | 1 11 _ 0 9 3 4 10 3 _ 2 6 
[00067898] 3 | 1 11 8 0 9 3 4 10 3 _ 2 6 
[00067899] 5 | 1 11 _ 0 9 3 _ 10 3 _ 2 7 
[00067900] 4 | 1 11 _ 0 9 3 5 10 3 _ 2 7 
[00067901] 3 | 1 11 8 0 9 3 5 10 3 _ 2 7 
[00067902] 6 | 1 11 _ 0 9 _ 3 10 3 _ 2 _ 
[00067903] 5 | 1 11 6 0 9 _ 3 10 3 _ 2 _ 
[00067904] 4 | 1 11 6 0 9 5 3 10 3 _ 2 _ 
[00067905] 5 | 1 11 _ 0 9 4 3 10 3 _ 2 _ 
[00067906] 4 | 1 11 7 0 9 4 3 10 3 _ 2 _ 
[00067907] 3 | 1 11 7 0 9 4 3 10 3 _ 2 5 
[00067908] 4 | 1 11 _ 0 9 4 3 10 3 _ 2 6 
[00067909] 3 | 1 11 8 0 9 4 3 10 3 _ 2 6 
[00067910] 5 | 1 11 _ 0 9 _ 3 10 3 _ 2 7 
[00067911] 4 | 1 11 _ 0 9 5 3 10 3 _ 2 7 
[00067912] 3 | 1 11 8 0 9 5 3 10 3 _ 2 7 
[00067913] 6 | 1 11 _ 0 9 _ _ 10 3 9 2 _ 
[00067914] 5 | 1 11 6 0 9 _ _ 10 3 9 2 _ 
[00067915] 5 | 1 11 _ 0 9 _ _ 10 3 9 2 7 
[00067916] 6 | 1 11 _ 0 9 _ _ 10 3 _ 2 8 
[00067917] 5 | 1 11 6 0 9 _ _ 10 3 _ 2 8 
[00067918] 4 | 1 11 6 0 9 5 _ 10 3 _ 2 8 
[00067919] 4 | 1 11 6 0 9 _ 5 10 3 _ 2 8 
[00067920] 4 | 1 11 6 0 9 _ _ 10 3 7 2 8 
[00067921] 5 | 1 11 _ 0 9 4 _ 10 3 _ 2 8 
[00067922] 4 | 1 11 7 0 9 4 _ 10 3 _ 2 8 
[00067923] 3 | 1 11 7 0 9 4 6 10 3 _ 2 8 
[00067924] 2 | 1 11 7 0 9 4 6 10 3 5 2 8 
[00067925] 3 | 1 11 7 0 9 4 _ 10 3 6 2 8 
[00067926] 4 | 1 11 _ 0 9 4 5 10 3 _ 2 8 
[00067927] 3 | 1 11 _ 0 9 4 5 10 3 6 2 8 
[00067928] 4 | 1 11 _ 0 9 4 _ 10 3 7 2 8 
[00067929] 3 | 1 11 _ 0 9 4 6 10 3 7 2 8 
[00067930] 5 | 1 11 _ 0 9 _ 4 10 3 _ 2 8 
[00067931] 4 | 1 11 7 0 9 _ 4 10 3 _ 2 8 
[00067932] 3 | 1 11 7 0 9 6 4 10 3 _ 2 8 
[00067933] 2 | 1 11 7 0 9 6 4 10 3 5 2 8 
[00067934] 3 | 1 11 7 0 9 _ 4 10 3 6 2 8 
[00067935] 4 | 1 11 _ 0 9 5 4 10 3 _ 2 8 
[00067936] 3 | 1 11 _ 0 9 5 4 10 3 6 2 8 
[00067937] 4 | 1 11 _ 0 9 _ 4 10 3 7 2 8 
[00067938] 3 | 1 11 _ 0 9 6 4 10 3 7 2 8 
[00067939] 7 | 1 11 _ 0 9 _ _ 10 _ _ 2 9 
[00067940] 6 | 1 11 5 0 9 _ _ 10 _ _ 2 9 
[00067941] 5 | 1 11 5 0 9 _ _ 10 3 8 2 9 
[00067942] 5 | 1 11 5 0 9 _ _ 10 8 3 2 9 
[00067943] 6 | 1 11 _ 0 9 _ _ 10 4 _ 2 9 
[00067944] 5 | 1 11 6 0 9 _ _ 10 4 _ 2 9 
[00067945] 4 | 1 11 6 0 9 _ _ 10 4 8 2 9 
[00067946] 8 | 1 11 _ 0 9 _ _ _ _ _ 2 10 
[00067947] 7 | 1 11 4 0 9 _ _ _ _ _ 2 10 
[00067948] 6 | 1 11 4 0 9 3 _ _ _ _ 2 10 
[00067949] 5 | 1 11 4 0 9 3 _ 5 _ _ 2 10 
[00067950] 4 | 1 11 4 0 9 3 5 5 _ _ 2 10 
[00067951] 4 | 1 11 4 0 9 3 _ 5 9 _ 2 10 
[00067952] 3 | 1 11 4 0 9 3 6 5 9 _ 2 10 
[00067953] 3 | 1 11 4 0 9 3 _ 5 9 6 2 10 
[00067954] 5 | 1 11 4 0 9 3 _ 7 _ _ 2 10 
[00067955] 4 | 1 11 4 0 9 3 5 7 _ _ 2 10 
[00067956] 6 | 1 11 4 0 9 _ 3 _ _ _ 2 10 
[00067957] 5 | 1 11 4 0 9 _ 3 5 _ _ 2 10 
[00067958] 4 | 1 11 4 0 9 5 3 5 _ _ 2 10 
[00067959] 4 | 1 11 4 0 9 _ 3 5 9 _ 2 10 
[00067960] 3 | 1 11 4 0 9 6 3 5 9 _ 2 10 
[00067961] 3 | 1 11 4 0 9 _ 3 5 9 6 2 10 
[00067962] 5 | 1 11 4 0 9 _ 3 7 _ _ 2 10 
[00067963] 4 | 1 11 4 0 9 5 3 7 _ _ 2 10 
[00067964] 6 | 1 11 4 0 9 _ _ 6 _ _ 2 10 
[00067965] 5 | 1 11 4 0 9 _ _ 6 3 8 2 10 
[00067966] 4 | 1 11 4 0 9 5 _ 6 3 8 2 10 
[00067967] 4 | 1 11 4 0 9 _ 5 6 3 8 2 10 
[00067968] 5 | 1 11 4 0 9 _ _ 6 8 3 2 10 
[00067969] 4 | 1 11 4 0 9 5 _ 6 8 3 2 10 
[00067970] 4 | 1 11 4 0 9 _ 5 6 8 3 2 10 
[00067971] 6 | 1 11 4 0 9 _ _ 8 _ _ 2 10 
[00067972] 5 | 1 11 4 0 9 _ _ 8 3 _ 2 10 
[00067973] 4 | 1 11 4 0 9 5 _ 8 3 _ 2 10 
[00067974] 3 | 1 11 4 0 9 5 6 8 3 _ 2 10 
[00067975] 3 | 1 11 4 0 9 5 _ 8 3 6 2 10 
[00067976] 2 | 1 11 4 0 9 5 7 8 3 6 2 10 
[00067977] 4 | 1 11 4 0 9 _ 5 8 3 _ 2 10 
[00067978] 3 | 1 11 4 0 9 6 5 8 3 _ 2 10 
[00067979] 3 | 1 11 4 0 9 _ 5 8 3 6 2 10 
[00067980] 2 | 1 11 4 0 9 7 5 8 3 6 2 10 
[00067981] 4 | 1 11 4 0 9 _ _ 8 3 7 2 10 
[00067982] 3 | 1 11 4 0 9 6 _ 8 3 7 2 10 
[00067983] 3 | 1 11 4 0 9 _ 6 8 3 7 2 10 
[00067984] 7 | 1 11 _ 0 9 2 _ _ _ _ 2 10 
[00067985] 6 | 1 11 5 0 9 2 _ _ _ _ 2 10 
[00067986] 5 | 1 11 5 0 9 2 4 _ _ _ 2 10 
[00067987] 4 | 1 11 5 0 9 2 4 3 7 _ 2 10 
[00067988] 4 | 1 11 5 0 9 2 4 7 3 _ 2 10 
[00067989] 4 | 1 11 5 0 9 2 4 _ 3 7 2 10 
[00067990] 3 | 1 11 5 0 9 2 4 3 3 7 2 10 
[00067991] 3 | 1 11 5 0 9 2 4 0 3 7 2 10 
[00067992] 3 | 1 11 5 0 9 2 4 6 3 7 2 10 
[00067993] 4 | 1 11 5 0 9 2 4 _ 7 3 2 10 
[00067994] 5 | 1 11 5 0 9 2 _ 3 8 _ 2 10 
[00067995] 4 | 1 11 5 0 9 2 _ 3 8 4 2 10 
[00067996] 3 | 1 11 5 0 9 2 6 3 8 4 2 10 
[00067997] 5 | 1 11 5 0 9 2 _ 8 3 _ 2 10 
[00067998] 5 | 1 11 5 0 9 2 _ _ 3 8 2 10 
[00067999] 4 | 1 11 5 0 9 2 _ 4 3 8 2 10 
[00068000] 3 | 1 11 5 0 9 2 6 4 3 8 2 10 
[00068001] 4 | 1 11 5 0 9 2 _ 7 3 8 2 10 
[00068002] 5 | 1 11 5 0 9 2 _ _ 8 3 2 10 
[00068003] 4 | 1 11 5 0 9 2 _ 4 8 3 2 10 
[00068004] 4 | 1 11 5 0 9 2 _ 4 8 3 2 10 
[00068005] 3 | 1 11 5 0 9 2 6 4 8 3 2 10 
[00068006] 6 | 1 11 _ 0 9 2 3 _ _ _ 2 10 
[00068007] 5 | 1 11 6 0 9 2 3 _ _ _ 2 10 
[00068008] 4 | 1 11 6 0 9 2 3 4 _ _ 2 10 
[00068009] 3 | 1 11 6 0 9 2 3 4 7 _ 2 10 
[00068010] 2 | 1 11 6 0 9 2 3 4 7 5 2 10 
[00068011] 3 | 1 11 6 0 9 2 3 4 5 8 2 10 
[00068012] 3 | 1 11 6 0 9 2 3 4 8 5 2 10 
[00068013] 4 | 1 11 6 0 9 2 3 4 8 _ 2 10 
[00068014] 3 | 1 11 6 0 9 2 3 4 8 5 2 10 
[00068015] 4 | 1 11 6 0 9 2 3 8 4 _ 2 10 
[00068016] 4 | 1 11 6 0 9 2 3 _ 4 8 2 10 
[00068017] 3 | 1 11 6 0 9 2 3 7 4 8 2 10 
[00068018] 4 | 1 11 6 0 9 2 3 _ 8 4 2 10 
[00068019] 3 | 1 11 6 0 9 2 3 5 8 4 2 10 
[00068020] 5 | 1 11 _ 0 9 2 3 5 _ _ 2 10 
[00068021] 4 | 1 11 7 0 9 2 3 5 _ _ 2 10 
[00068022] 3 | 1 11 7 0 9 2 3 5 8 _ 2 10 
[00068023] 2 | 1 11 7 0 9 2 3 5 8 6 2 10 
[00068024] 4 | 1 11 _ 0 9 2 3 5 4 8 2 10 
[00068025] 4 | 1 11 _ 0 9 2 3 5 8 4 2 10 
[00068026] 6 | 1 11 _ 0 9 2 _ 6 _ _ 2 10 
[00068027] 5 | 1 11 6 0 9 2 _ 6 _ _ 2 10 
[00068028] 4 | 1 11 6 0 9 2 5 6 _ _ 2 10 
[00068029] 3 | 1 11 6 0 9 2 5 6 4 7 2 10 
[00068030] 3 | 1 11 6 0 9 2 5 6 7 4 2 10 
[00068031] 4 | 1 11 6 0 9 2 _ 6 3 7 2 10 
[00068032] 4 | 1 11 6 0 9 2 _ 6 4 8 2 10 
[00068033] 4 | 1 11 6 0 9 2 _ 6 7 3 2 10 
[00068034] 4 | 1 11 6 0 9 2 _ 6 8 4 2 10 
[00068035] 5 | 1 11 _ 0 9 2 4 6 _ _ 2 10 
[00068036] 4 | 1 11 7 0 9 2 4 6 _ _ 2 10 
[00068037] 3 | 1 11 7 0 9 2 4 6 3 _ 2 10 
[00068038] 2 | 1 11 7 0 9 2 4 6 3 5 2 10 
[00068039] 3 | 1 11 7 0 9 2 4 6 5 8 2 10 
[00068040] 3 | 1 11 7 0 9 2 4 6 8 5 2 10 
[00068041] 4 | 1 11 _ 0 9 2 4 6 3 7 2 10 
[00068042] 3 | 1 11 8 0 9 2 4 6 3 7 2 10 
[00068043] 4 | 1 11 _ 0 9 2 4 6 7 3 2 10 
[00068044] 3 | 1 11 8 0 9 2 4 6 7 3 2 10 
[00068045] 5 | 1 11 _ 0 9 2 _ 6 11 _ 2 10 
[00068046] 4 | 1 11 7 0 9 2 _ 6 11 _ 2 10 
[00068047] 4 | 1 11 _ 0 9 2 5 6 11 _ 2 10 
[00068048] 3 | 1 11 8 0 9 2 5 6 11 _ 2 10 
[00068049] 3 | 1 11 _ 0 9 2 5 6 11 8 2 10 
[00068050] 4 | 1 11 _ 0 9 2 _ 6 11 7 2 10 
[00068051] 5 | 1 11 _ 0 9 2 _ 6 3 8 2 10 
[00068052] 4 | 1 11 7 0 9 2 _ 6 3 8 2 10 
[00068053] 4 | 1 11 _ 0 9 2 5 6 3 8 2 10 
[00068054] 5 | 1 11 _ 0 9 2 _ 6 8 3 2 10 
[00068055] 4 | 1 11 7 0 9 2 _ 6 8 3 2 10 
[00068056] 4 | 1 11 _ 0 9 2 5 6 8 3 2 10 
[00068057] 7 | 1 11 _ 0 9 _ 2 _ _ _ 2 10 
[00068058] 6 | 1 11 5 0 9 _ 2 _ _ _ 2 10 
[00068059] 5 | 1 11 5 0 9 4 2 _ _ _ 2 10 
[00068060] 4 | 1 11 5 0 9 4 2 3 7 _ 2 10 
[00068061] 4 | 1 11 5 0 9 4 2 7 3 _ 2 10 
[00068062] 4 | 1 11 5 0 9 4 2 _ 3 7 2 10 
[00068063] 3 | 1 11 5 0 9 4 2 3 3 7 2 10 
[00068064] 3 | 1 11 5 0 9 4 2 0 3 7 2 10 
[00068065] 3 | 1 11 5 0 9 4 2 6 3 7 2 10 
[00068066] 4 | 1 11 5 0 9 4 2 _ 7 3 2 10 
[00068067] 5 | 1 11 5 0 9 _ 2 3 8 _ 2 10 
[00068068] 4 | 1 11 5 0 9 _ 2 3 8 4 2 10 
[00068069] 3 | 1 11 5 0 9 6 2 3 8 4 2 10 
[00068070] 5 | 1 11 5 0 9 _ 2 8 3 _ 2 10 
[00068071] 5 | 1 11 5 0 9 _ 2 _ 3 8 2 10 
[00068072] 4 | 1 11 5 0 9 _ 2 4 3 8 2 10 
[00068073] 3 | 1 11 5 0 9 6 2 4 3 8 2 10 
[00068074] 4 | 1 11 5 0 9 _ 2 7 3 8 2 10 
[00068075] 5 | 1 11 5 0 9 _ 2 _ 8 3 2 10 
[00068076] 4 | 1 11 5 0 9 _ 2 4 8 3 2 10 
[00068077] 4 | 1 11 5 0 9 _ 2 4 8 3 2 10 
[00068078] 3 | 1 11 5 0 9 6 2 4 8 3 2 10 
[00068079] 6 | 1 11 _ 0 9 3 2 _ _ _ 2 10 
[00068080] 5 | 1 11 6 0 9 3 2 _ _ _ 2 10 
[00068081] 4 | 1 11 6 0 9 3 2 4 _ _ 2 10 
[00068082] 3 | 1 11 6 0 9 3 2 4 7 _ 2 10 
[00068083] 2 | 1 11 6 0 9 3 2 4 7 5 2 10 
[00068084] 3 | 1 11 6 0 9 3 2 4 5 8 2 10 
[00068085] 3 | 1 11 6 0 9 3 2 4 8 5 2 10 
[00068086] 4 | 1 11 6 0 9 3 2 4 8 _ 2 10 
[00068087] 3 | 1 11 6 0 9 3 2 4 8 5 2 10 
[00068088] 4 | 1 11 6 0 9 3 2 8 4 _ 2 10 
[00068089] 4 | 1 11 6 0 9 3 2 _ 4 8 2 10 
[00068090] 3 | 1 11 6 0 9 3 2 7 4 8 2 10 
[00068091] 4 | 1 11 6 0 9 3 2 _ 8 4 2 10 
[00068092] 3 | 1 11 6 0 9 3 2 5 8 4 2 10 
[00068093] 5 | 1 11 _ 0 9 3 2 5 _ _ 2 10 
[00068094] 4 | 1 11 7 0 9 3 2 5 _ _ 2 10 
[00068095] 3 | 1 11 7 0 9 3 2 5 8 _ 2 10 
[00068096] 2 | 1 11 7 0 9 3 2 5 8 6 2 10 
[00068097] 4 | 1 11 _ 0 9 3 2 5 4 8 2 10 
[00068098] 4 | 1 11 _ 0 9 3 2 5 8 4 2 10 
[00068099] 6 | 1 11 _ 0 9 _ 2 6 _ _ 2 10 
[00068100] 5 | 1 11 6 0 9 _ 2 6 _ _ 2 10 
[00068101] 4 | 1 11 6 0 9 5 2 6 _ _ 2 10 
[00068102] 3 | 1 11 6 0 9 5 2 6 4 7 2 10 
[00068103] 3 | 1 11 6 0 9 5 2 6 7 4 2 10 
[00068104] 4 | 1 11 6 0 9 _ 2 6 3 7 2 10 
[00068105] 4 | 1 11 6 0 9 _ 2 6 4 8 2 10 
[00068106] 4 | 1 11 6 0 9 _ 2 6 7 3 2 10 
[00068107] 4 | 1 11 6 0 9 _ 2 6 8 4 2 10 
[00068108] 5 | 1 11 _ 0 9 4 2 6 _ _ 2 10 
[00068109] 4 | 1 11 7 0 9 4 2 6 _ _ 2 10 
[00068110] 3 | 1 11 7 0 9 4 2 6 3 _ 2 10 
[00068111] 2 | 1 11 7 0 9 4 2 6 3 5 2 10 
[00068112] 3 | 1 11 7 0 9 4 2 6 5 8 2 10 
[00068113] 3 | 1 11 7 0 9 4 2 6 8 5 2 10 
[00068114] 4 | 1 11 _ 0 9 4 2 6 3 7 2 10 
[00068115] 3 | 1 11 8 0 9 4 2 6 3 7 2 10 
[00068116] 4 | 1 11 _ 0 9 4 2 6 7 3 2 10 
[00068117] 3 | 1 11 8 0 9 4 2 6 7 3 2 10 
[00068118] 5 | 1 11 _ 0 9 _ 2 6 11 _ 2 10 
[00068119] 4 | 1 11 7 0 9 _ 2 6 11 _ 2 10 
[00068120] 4 | 1 11 _ 0 9 5 2 6 11 _ 2 10 
[00068121] 3 | 1 11 8 0 9 5 2 6 11 _ 2 10 
[00068122] 3 | 1 11 _ 0 9 5 2 6 11 8 2 10 
[00068123] 4 | 1 11 _ 0 9 _ 2 6 11 7 2 10 
[00068124] 5 | 1 11 _ 0 9 _ 2 6 3 8 2 10 
[00068125] 4 | 1 11 7 0 9 _ 2 6 3 8 2 10 
[00068126] 4 | 1 11 _ 0 9 5 2 6 3 8 2 10 
[00068127] 5 | 1 11 _ 0 9 _ 2 6 8 3 2 10 
[00068128] 4 | 1 11 7 0 9 _ 2 6 8 3 2 10 
[00068129] 4 | 1 11 _ 0 9 5 2 6 8 3 2 10 
[00068130] 7 | 1 11 _ 0 9 _ _ 7 _ _ 2 10 
[00068131] 6 | 1 11 5 0 9 _ _ 7 _ _ 2 10 
[00068132] 5 | 1 11 5 0 9 4 _ 7 _ _ 2 10 
[00068133] 4 | 1 11 5 0 9 4 _ 7 3 _ 2 10 
[00068134] 3 | 1 11 5 0 9 4 6 7 3 _ 2 10 
[00068135] 3 | 1 11 5 0 9 4 _ 7 3 6 2 10 
[00068136] 5 | 1 11 5 0 9 _ 4 7 _ _ 2 10 
[00068137] 4 | 1 11 5 0 9 _ 4 7 3 _ 2 10 
[00068138] 3 | 1 11 5 0 9 6 4 7 3 _ 2 10 
[00068139] 3 | 1 11 5 0 9 _ 4 7 3 6 2 10 
[00068140] 5 | 1 11 5 0 9 _ _ 7 3 8 2 10 
[00068141] 5 | 1 11 5 0 9 _ _ 7 8 3 2 10 
[00068142] 6 | 1 11 _ 0 9 3 _ 7 _ _ 2 10 
[00068143] 5 | 1 11 6 0 9 3 _ 7 _ _ 2 10 
[00068144] 4 | 1 11 6 0 9 3 5 7 _ _ 2 10 
[00068145] 3 | 1 11 6 0 9 3 5 7 4 _ 2 10 
[00068146] 4 | 1 11 6 0 9 3 _ 7 4 8 2 10 
[00068147] 4 | 1 11 6 0 9 3 _ 7 8 4 2 10 
[00068148] 5 | 1 11 _ 0 9 3 4 7 _ _ 2 10 
[00068149] 4 | 1 11 7 0 9 3 4 7 _ _ 2 10 
[00068150] 3 | 1 11 7 0 9 3 4 7 5 8 2 10 
[00068151] 3 | 1 11 7 0 9 3 4 7 8 5 2 10 
[00068152] 4 | 1 11 _ 0 9 3 4 7 11 _ 2 10 
[00068153] 3 | 1 11 8 0 9 3 4 7 11 _ 2 10 
[00068154] 3 | 1 11 _ 0 9 3 4 7 11 8 2 10 
[00068155] 6 | 1 11 _ 0 9 _ 3 7 _ _ 2 10 
[00068156] 5 | 1 11 6 0 9 _ 3 7 _ _ 2 10 
[00068157] 4 | 1 11 6 0 9 5 3 7 _ _ 2 10 
[00068158] 3 | 1 11 6 0 9 5 3 7 4 _ 2 10 
[00068159] 4 | 1 11 6 0 9 _ 3 7 4 8 2 10 
[00068160] 4 | 1 11 6 0 9 _ 3 7 8 4 2 10 
[00068161] 5 | 1 11 _ 0 9 4 3 7 _ _ 2 10 
[00068162] 4 | 1 11 7 0 9 4 3 7 _ _ 2 10 
[00068163] 3 | 1 11 7 0 9 4 3 7 5 8 2 10 
[00068164] 3 | 1 11 7 0 9 4 3 7 8 5 2 10 
[00068165] 4 | 1 11 _ 0 9 4 3 7 11 _ 2 10 
[00068166] 3 | 1 11 8 0 9 4 3 7 11 _ 2 10 
[00068167] 3 | 1 11 _ 0 9 4 3 7 11 8 2 10 
[00068168] 7 | 1 11 _ 0 9 _ _ 9 _ _ 2 10 
[00068169] 6 | 1 11 5 0 9 _ _ 9 _ _ 2 10 
[00068170] 5 | 1 11 5 0 9 4 _ 9 _ _ 2 10 
[00068171] 4 | 1 11 5 0 9 4 _ 9 3 7 2 10 
[00068172] 4 | 1 11 5 0 9 4 _ 9 7 3 2 10 
[00068173] 5 | 1 11 5 0 9 _ 4 9 _ _ 2 10 
[00068174] 4 | 1 11 5 0 9 _ 4 9 3 7 2 10 
[00068175] 4 | 1 11 5 0 9 _ 4 9 7 3 2 10 
[00068176] 5 | 1 11 5 0 9 _ _ 9 4 _ 2 10 
[00068177] 4 | 1 11 5 0 9 _ _ 9 4 8 2 10 
[00068178] 5 | 1 11 5 0 9 _ _ 9 3 8 2 10 
[00068179] 5 | 1 11 5 0 9 _ _ 9 8 3 2 10 
[00068180] 6 | 1 11 _ 0 9 3 _ 9 _ _ 2 10 
[00068181] 5 | 1 11 6 0 9 3 _ 9 _ _ 2 10 
[00068182] 4 | 1 11 6 0 9 3 5 9 _ _ 2 10 
[00068183] 3 | 1 11 6 0 9 3 5 9 4 7 2 10 
[00068184] 3 | 1 11 6 0 9 3 5 9 7 4 2 10 
[00068185] 4 | 1 11 6 0 9 3 _ 9 5 _ 2 10 
[00068186] 3 | 1 11 6 0 9 3 _ 9 5 8 2 10 
[00068187] 4 | 1 11 6 0 9 3 _ 9 4 8 2 10 
[00068188] 4 | 1 11 6 0 9 3 _ 9 8 4 2 10 
[00068189] 5 | 1 11 _ 0 9 3 4 9 _ _ 2 10 
[00068190] 4 | 1 11 7 0 9 3 4 9 _ _ 2 10 
[00068191] 3 | 1 11 7 0 9 3 4 9 5 8 2 10 
[00068192] 3 | 1 11 7 0 9 3 4 9 8 5 2 10 
[00068193] 5 | 1 11 _ 0 9 3 _ 9 4 _ 2 10 
[00068194] 4 | 1 11 7 0 9 3 _ 9 4 _ 2 10 
[00068195] 4 | 1 11 _ 0 9 3 _ 9 4 8 2 10 
[00068196] 6 | 1 11 _ 0 9 _ 3 9 _ _ 2 10 
[00068197] 5 | 1 11 6 0 9 _ 3 9 _ _ 2 10 
[00068198] 4 | 1 11 6 0 9 5 3 9 _ _ 2 10 
[00068199] 3 | 1 11 6 0 9 5 3 9 4 7 2 10 
[00068200] 3 | 1 11 6 0 9 5 3 9 7 4 2 10 
[00068201] 4 | 1 11 6 0 9 _ 3 9 5 _ 2 10 
[00068202] 3 | 1 11 6 0 9 _ 3 9 5 8 2 10 
[00068203] 4 | 1 11 6 0 9 _ 3 9 4 8 2 10 
[00068204] 4 | 1 11 6 0 9 _ 3 9 8 4 2 10 
[00068205] 5 | 1 11 _ 0 9 4 3 9 _ _ 2 10 
[00068206] 4 | 1 11 7 0 9 4 3 9 _ _ 2 10 
[00068207] 3 | 1 11 7 0 9 4 3 9 5 8 2 10 
[00068208] 3 | 1 11 7 0 9 4 3 9 8 5 2 10 
[00068209] 5 | 1 11 _ 0 9 _ 3 9 4 _ 2 10 
[00068210] 4 | 1 11 7 0 9 _ 3 9 4 _ 2 10 
[00068211] 4 | 1 11 _ 0 9 _ 3 9 4 8 2 10 
[00068212] 6 | 1 11 _ 0 9 _ _ 9 3 _ 2 10 
[00068213] 5 | 1 11 6 0 9 _ _ 9 3 _ 2 10 
[00068214] 4 | 1 11 6 0 9 _ _ 9 3 7 2 10 
[00068215] 5 | 1 11 _ 0 9 _ _ 9 3 8 2 10 
[00068216] 4 | 1 11 7 0 9 _ _ 9 3 8 2 10 
[00068217] 8 | 1 11 _ 0 9 _ _ _ _ _ 10 2 
[00068218] 7 | 1 11 4 0 9 _ _ _ _ _ 10 2 
[00068219] 6 | 1 11 4 0 9 3 _ _ _ _ 10 2 
[00068220] 5 | 1 11 4 0 9 3 _ 5 _ _ 10 2 
[00068221] 5 | 1 11 4 0 9 3 _ 5 _ _ 10 2 
[00068222] 4 | 1 11 4 0 9 3 5 5 _ _ 10 2 
[00068223] 4 | 1 11 4 0 9 3 _ 5 9 _ 10 2 
[00068224] 3 | 1 11 4 0 9 3 6 5 9 _ 10 2 
[00068225] 3 | 1 11 4 0 9 3 _ 5 9 6 10 2 
[00068226] 6 | 1 11 4 0 9 _ 3 _ _ _ 10 2 
[00068227] 5 | 1 11 4 0 9 _ 3 5 _ _ 10 2 
[00068228] 5 | 1 11 4 0 9 _ 3 5 _ _ 10 2 
[00068229] 4 | 1 11 4 0 9 5 3 5 _ _ 10 2 
[00068230] 4 | 1 11 4 0 9 _ 3 5 9 _ 10 2 
[00068231] 3 | 1 11 4 0 9 6 3 5 9 _ 10 2 
[00068232] 3 | 1 11 4 0 9 _ 3 5 9 6 10 2 
[00068233] 6 | 1 11 4 0 9 _ _ 6 _ _ 10 2 
[00068234] 5 | 1 11 4 0 9 _ _ 6 3 8 10 2 
[00068235] 4 | 1 11 4 0 9 5 _ 6 3 8 10 2 
[00068236] 4 | 1 11 4 0 9 _ 5 6 3 8 10 2 
[00068237] 5 | 1 11 4 0 9 _ _ 6 8 3 10 2 
[00068238] 4 | 1 11 4 0 9 5 _ 6 8 3 10 2 
[00068239] 4 | 1 11 4 0 9 _ 5 6 8 3 10 2 
[00068240] 7 | 1 11 _ 0 9 _ _ 7 _ _ 10 2 
[00068241] 6 | 1 11 5 0 9 _ _ 7 _ _ 10 2 
[00068242] 5 | 1 11 5 0 9 4 _ 7 _ _ 10 2 
[00068243] 4 | 1 11 5 0 9 4 _ 7 3 _ 10 2 
[00068244] 3 | 1 11 5 0 9 4 6 7 3 _ 10 2 
[00068245] 3 | 1 11 5 0 9 4 _ 7 3 6 10 2 
[00068246] 5 | 1 11 5 0 9 _ 4 7 _ _ 10 2 
[00068247] 4 | 1 11 5 0 9 _ 4 7 3 _ 10 2 
[00068248] 3 | 1 11 5 0 9 6 4 7 3 _ 10 2 
[00068249] 3 | 1 11 5 0 9 _ 4 7 3 6 10 2 
[00068250] 5 | 1 11 5 0 9 _ _ 7 3 8 10 2 
[00068251] 5 | 1 11 5 0 9 _ _ 7 8 3 10 2 
[00068252] 6 | 1 11 _ 0 9 3 _ 7 _ _ 10 2 
[00068253] 5 | 1 11 6 0 9 3 _ 7 _ _ 10 2 
[00068254] 4 | 1 11 6 0 9 3 5 7 _ _ 10 2 
[00068255] 3 | 1 11 6 0 9 3 5 7 4 _ 10 2 
[00068256] 4 | 1 11 6 0 9 3 _ 7 4 8 10 2 
[00068257] 4 | 1 11 6 0 9 3 _ 7 8 4 10 2 
[00068258] 5 | 1 11 _ 0 9 3 4 7 _ _ 10 2 
[00068259] 4 | 1 11 7 0 9 3 4 7 _ _ 10 2 
[00068260] 3 | 1 11 7 0 9 3 4 7 5 8 10 2 
[00068261] 3 | 1 11 7 0 9 3 4 7 8 5 10 2 
[00068262] 4 | 1 11 _ 0 9 3 4 7 11 _ 10 2 
[00068263] 3 | 1 11 8 0 9 3 4 7 11 _ 10 2 
[00068264] 3 | 1 11 _ 0 9 3 4 7 11 8 10 2 
[00068265] 6 | 1 11 _ 0 9 _ 3 7 _ _ 10 2 
[00068266] 5 | 1 11 6 0 9 _ 3 7 _ _ 10 2 
[00068267] 4 | 1 11 6 0 9 5 3 7 _ _ 10 2 
[00068268] 3 | 1 11 6 0 9 5 3 7 4 _ 10 2 
[00068269] 4 | 1 11 6 0 9 _ 3 7 4 8 10 2 
[00068270] 4 | 1 11 6 0 9 _ 3 7 8 4 10 2 
[00068271] 5 | 1 11 _ 0 9 4 3 7 _ _ 10 2 
[00068272] 4 | 1 11 7 0 9 4 3 7 _ _ 10 2 
[00068273] 3 | 1 11 7 0 9 4 3 7 5 8 10 2 
[00068274] 3 | 1 11 7 0 9 4 3 7 8 5 10 2 
[00068275] 4 | 1 11 _ 0 9 4 3 7 11 _ 10 2 
[00068276] 3 | 1 11 8 0 9 4 3 7 11 _ 10 2 
[00068277] 3 | 1 11 _ 0 9 4 3 7 11 8 10 2 
[00068278] 7 | 1 11 _ 0 9 _ _ 3 _ _ 10 2 
[00068279] 6 | 1 11 5 0 9 _ _ 3 _ _ 10 2 
[00068280] 5 | 1 11 5 0 9 4 _ 3 _ _ 10 2 
[00068281] 4 | 1 11 5 0 9 4 _ 3 7 _ 10 2 
[00068282] 3 | 1 11 5 0 9 4 6 3 7 _ 10 2 
[00068283] 5 | 1 11 5 0 9 _ 4 3 _ _ 10 2 
[00068284] 4 | 1 11 5 0 9 _ 4 3 7 _ 10 2 
[00068285] 3 | 1 11 5 0 9 6 4 3 7 _ 10 2 
[00068286] 5 | 1 11 5 0 9 _ _ 3 8 _ 10 2 
[00068287] 4 | 1 11 5 0 9 _ _ 3 8 4 10 2 
[00068288] 3 | 1 11 5 0 9 6 _ 3 8 4 10 2 
[00068289] 2 | 1 11 5 0 9 6 7 3 8 4 10 2 
[00068290] 3 | 1 11 5 0 9 _ 6 3 8 4 10 2 
[00068291] 2 | 1 11 5 0 9 7 6 3 8 4 10 2 
[00068292] 6 | 1 11 _ 0 9 3 _ 3 _ _ 10 2 
[00068293] 5 | 1 11 6 0 9 3 _ 3 _ _ 10 2 
[00068294] 4 | 1 11 6 0 9 3 5 3 _ _ 10 2 
[00068295] 3 | 1 11 6 0 9 3 5 3 4 7 10 2 
[00068296] 3 | 1 11 6 0 9 3 5 3 7 4 10 2 
[00068297] 4 | 1 11 6 0 9 3 _ 3 4 8 10 2 
[00068298] 4 | 1 11 6 0 9 3 _ 3 8 4 10 2 
[00068299] 5 | 1 11 _ 0 9 3 4 3 _ _ 10 2 
[00068300] 4 | 1 11 7 0 9 3 4 3 _ _ 10 2 
[00068301] 3 | 1 11 7 0 9 3 4 3 5 8 10 2 
[00068302] 3 | 1 11 7 0 9 3 4 3 8 5 10 2 
[00068303] 6 | 1 11 _ 0 9 _ 3 3 _ _ 10 2 
[00068304] 5 | 1 11 6 0 9 _ 3 3 _ _ 10 2 
[00068305] 4 | 1 11 6 0 9 5 3 3 _ _ 10 2 
[00068306] 3 | 1 11 6 0 9 5 3 3 4 7 10 2 
[00068307] 3 | 1 11 6 0 9 5 3 3 7 4 10 2 
[00068308] 4 | 1 11 6 0 9 _ 3 3 4 8 10 2 
[00068309] 4 | 1 11 6 0 9 _ 3 3 8 4 10 2 
[00068310] 5 | 1 11 _ 0 9 4 3 3 _ _ 10 2 
[00068311] 4 | 1 11 7 0 9 4 3 3 _ _ 10 2 
[00068312] 3 | 1 11 7 0 9 4 3 3 5 8 10 2 
[00068313] 3 | 1 11 7 0 9 4 3 3 8 5 10 2 
[00068314] 6 | 1 11 _ 0 9 _ _ 3 9 _ 10 2 
[00068315] 5 | 1 11 6 0 9 _ _ 3 9 _ 10 2 
[00068316] 4 | 1 11 6 0 9 5 _ 3 9 _ 10 2 
[00068317] 4 | 1 11 6 0 9 _ 5 3 9 _ 10 2 
[00068318] 4 | 1 11 6 0 9 _ _ 3 9 5 10 2 
[00068319] 5 | 1 11 _ 0 9 4 _ 3 9 _ 10 2 
[00068320] 4 | 1 11 7 0 9 4 _ 3 9 _ 10 2 
[00068321] 3 | 1 11 7 0 9 4 6 3 9 _ 10 2 
[00068322] 3 | 1 11 7 0 9 4 _ 3 9 6 10 2 
[00068323] 4 | 1 11 _ 0 9 4 5 3 9 _ 10 2 
[00068324] 3 | 1 11 8 0 9 4 5 3 9 _ 10 2 
[00068325] 4 | 1 11 _ 0 9 4 _ 3 9 5 10 2 
[00068326] 3 | 1 11 8 0 9 4 _ 3 9 5 10 2 
[00068327] 5 | 1 11 _ 0 9 _ 4 3 9 _ 10 2 
[00068328] 4 | 1 11 7 0 9 _ 4 3 9 _ 10 2 
[00068329] 3 | 1 11 7 0 9 6 4 3 9 _ 10 2 
[00068330] 3 | 1 11 7 0 9 _ 4 3 9 6 10 2 
[00068331] 4 | 1 11 _ 0 9 5 4 3 9 _ 10 2 
[00068332] 3 | 1 11 8 0 9 5 4 3 9 _ 10 2 
[00068333] 4 | 1 11 _ 0 9 _ 4 3 9 5 10 2 
[00068334] 3 | 1 11 8 0 9 _ 4 3 9 5 10 2 
[00068335] 5 | 1 11 _ 0 9 _ _ 3 9 4 10 2 
[00068336] 4 | 1 11 7 0 9 _ _ 3 9 4 10 2 
[00068337] 9 | 1 11 _ 0 _ _ _ 9 _ _ _ _ 
[00068338] 8 | 1 11 3 0 _ _ _ 9 _ _ _ _ 
[00068339] 7 | 1 11 3 0 7 _ _ 9 _ _ _ _ 
[00068340] 6 | 1 11 3 0 7 _ _ 9 2 8 _ _ 
[00068341] 5 | 1 11 3 0 7 _ _ 9 2 8 4 _ 
[00068342] 5 | 1 11 3 0 7 _ _ 9 2 8 5 10 
[00068343] 5 | 1 11 3 0 7 _ _ 9 2 8 10 5 
[00068344] 6 | 1 11 3 0 7 _ _ 9 4 10 _ _ 
[00068345] 5 | 1 11 3 0 7 2 _ 9 4 10 _ _ 
[00068346] 4 | 1 11 3 0 7 2 _ 9 4 10 5 _ 
[00068347] 3 | 1 11 3 0 7 2 _ 9 4 10 5 8 
[00068348] 5 | 1 11 3 0 7 _ 2 9 4 10 _ _ 
[00068349] 4 | 1 11 3 0 7 _ 2 9 4 10 5 _ 
[00068350] 3 | 1 11 3 0 7 _ 2 9 4 10 5 8 
[00068351] 6 | 1 11 3 0 7 _ _ 9 8 2 _ _ 
[00068352] 5 | 1 11 3 0 7 _ _ 9 8 2 4 _ 
