[00296304] 2 | 9 2 7 11 1 5 _ 0 8 10 6 3 
[00296305] 4 | 9 2 7 11 1 _ 5 0 8 _ 6 _ 
[00296306] 3 | 9 2 7 11 1 4 5 0 8 _ 6 _ 
[00296307] 2 | 9 2 7 11 1 4 5 0 8 6 6 _ 
[00296308] 2 | 9 2 7 11 1 4 5 0 8 10 6 _ 
[00296309] 2 | 9 2 7 11 1 4 5 0 8 _ 6 8 
[00296310] 3 | 9 2 7 11 1 _ 5 0 8 _ 6 3 
[00296311] 2 | 9 2 7 11 1 _ 5 0 8 10 6 3 
[00296312] 4 | 9 2 7 11 1 _ _ 0 8 4 6 _ 
[00296313] 3 | 9 2 7 11 1 _ _ 0 8 4 6 3 
[00296314] 4 | 9 2 7 11 1 _ _ 0 8 _ 6 10 
[00296315] 3 | 9 2 7 11 1 4 _ 0 8 _ 6 10 
[00296316] 2 | 9 2 7 11 1 4 3 0 8 _ 6 10 
[00296317] 3 | 9 2 7 11 1 _ 4 0 8 _ 6 10 
[00296318] 2 | 9 2 7 11 1 3 4 0 8 _ 6 10 
[00296319] 3 | 9 2 7 11 1 _ _ 0 8 5 6 10 
[00296320] 2 | 9 2 7 11 1 3 _ 0 8 5 6 10 
[00296321] 2 | 9 2 7 11 1 _ 3 0 8 5 6 10 
[00296322] 5 | 9 2 _ 11 1 6 _ 0 8 _ 6 _ 
[00296323] 4 | 9 2 _ 11 1 6 5 0 8 _ 6 _ 
[00296324] 4 | 9 2 _ 11 1 6 _ 0 8 4 6 _ 
[00296325] 3 | 9 2 5 11 1 6 _ 0 8 4 6 _ 
[00296326] 2 | 9 2 5 11 1 6 3 0 8 4 6 _ 
[00296327] 5 | 9 2 _ 11 1 _ 6 0 8 _ 6 _ 
[00296328] 4 | 9 2 _ 11 1 5 6 0 8 _ 6 _ 
[00296329] 4 | 9 2 _ 11 1 _ 6 0 8 4 6 _ 
[00296330] 3 | 9 2 5 11 1 _ 6 0 8 4 6 _ 
[00296331] 2 | 9 2 5 11 1 3 6 0 8 4 6 _ 
[00296332] 5 | 9 2 _ 11 1 _ _ 0 8 3 6 _ 
[00296333] 4 | 9 2 6 11 1 _ _ 0 8 3 6 _ 
[00296334] 3 | 9 2 6 11 1 4 _ 0 8 3 6 _ 
[00296335] 3 | 9 2 6 11 1 _ 4 0 8 3 6 _ 
[00296336] 4 | 9 2 _ 11 1 5 _ 0 8 3 6 _ 
[00296337] 3 | 9 2 _ 11 1 5 4 0 8 3 6 _ 
[00296338] 4 | 9 2 _ 11 1 _ 5 0 8 3 6 _ 
[00296339] 3 | 9 2 _ 11 1 4 5 0 8 3 6 _ 
[00296340] 4 | 9 2 _ 11 1 _ _ 0 8 3 6 2 
[00296341] 3 | 9 2 _ 11 1 4 _ 0 8 3 6 2 
[00296342] 3 | 9 2 _ 11 1 _ 4 0 8 3 6 2 
[00296343] 4 | 9 2 _ 11 1 _ _ 0 8 3 6 10 
[00296344] 3 | 9 2 5 11 1 _ _ 0 8 3 6 10 
[00296345] 3 | 9 2 _ 11 1 4 _ 0 8 3 6 10 
[00296346] 3 | 9 2 _ 11 1 _ 4 0 8 3 6 10 
[00296347] 5 | 9 2 _ 11 1 _ _ 0 8 _ 6 1 
[00296348] 4 | 9 2 _ 11 1 _ _ 0 8 4 6 1 
[00296349] 3 | 9 2 5 11 1 _ _ 0 8 4 6 1 
[00296350] 6 | 9 2 _ 11 1 _ _ 0 8 _ 4 10 
[00296351] 5 | 9 2 7 11 1 _ _ 0 8 _ 4 10 
[00296352] 4 | 9 2 7 11 1 5 _ 0 8 _ 4 10 
[00296353] 4 | 9 2 7 11 1 _ 5 0 8 _ 4 10 
[00296354] 5 | 9 2 _ 11 1 6 _ 0 8 _ 4 10 
[00296355] 4 | 9 2 _ 11 1 6 5 0 8 _ 4 10 
[00296356] 5 | 9 2 _ 11 1 _ 6 0 8 _ 4 10 
[00296357] 4 | 9 2 _ 11 1 5 6 0 8 _ 4 10 
[00296358] 5 | 9 2 _ 11 1 _ _ 0 8 3 4 10 
[00296359] 4 | 9 2 6 11 1 _ _ 0 8 3 4 10 
[00296360] 4 | 9 2 _ 11 1 5 _ 0 8 3 4 10 
[00296361] 4 | 9 2 _ 11 1 _ 5 0 8 3 4 10 
[00296362] 6 | 9 2 _ 11 1 _ _ 0 8 _ 10 4 
[00296363] 5 | 9 2 7 11 1 _ _ 0 8 _ 10 4 
[00296364] 4 | 9 2 7 11 1 5 _ 0 8 _ 10 4 
[00296365] 4 | 9 2 7 11 1 _ 5 0 8 _ 10 4 
[00296366] 5 | 9 2 _ 11 1 6 _ 0 8 _ 10 4 
[00296367] 4 | 9 2 _ 11 1 6 5 0 8 _ 10 4 
[00296368] 5 | 9 2 _ 11 1 _ 6 0 8 _ 10 4 
[00296369] 4 | 9 2 _ 11 1 5 6 0 8 _ 10 4 
[00296370] 5 | 9 2 _ 11 1 _ _ 0 8 3 10 4 
[00296371] 4 | 9 2 6 11 1 _ _ 0 8 3 10 4 
[00296372] 4 | 9 2 _ 11 1 5 _ 0 8 3 10 4 
[00296373] 4 | 9 2 _ 11 1 _ 5 0 8 3 10 4 
[00296374] 7 | _ 2 9 11 1 _ _ 0 8 _ _ _ 
[00296375] 6 | 8 2 9 11 1 _ _ 0 8 _ _ _ 
[00296376] 5 | 8 2 9 11 1 6 _ 0 8 _ _ _ 
[00296377] 4 | 8 2 9 11 1 6 5 0 8 _ _ _ 
[00296378] 3 | 8 2 9 11 1 6 5 0 8 _ 3 _ 
[00296379] 3 | 8 2 9 11 1 6 5 0 8 _ 4 7 
[00296380] 3 | 8 2 9 11 1 6 5 0 8 _ 7 10 
[00296381] 3 | 8 2 9 11 1 6 5 0 8 _ 7 4 
[00296382] 3 | 8 2 9 11 1 6 5 0 8 _ 10 7 
[00296383] 4 | 8 2 9 11 1 6 _ 0 8 _ 4 _ 
[00296384] 3 | 8 2 9 11 1 6 4 0 8 _ 4 _ 
[00296385] 3 | 8 2 9 11 1 6 _ 0 8 _ 4 1 
[00296386] 3 | 8 2 9 11 1 6 _ 0 8 _ 4 7 
[00296387] 2 | 8 2 9 11 1 6 3 0 8 _ 4 7 
[00296388] 4 | 8 2 9 11 1 6 _ 0 8 _ 3 7 
[00296389] 3 | 8 2 9 11 1 6 4 0 8 _ 3 7 
[00296390] 4 | 8 2 9 11 1 6 _ 0 8 _ 7 3 
[00296391] 3 | 8 2 9 11 1 6 4 0 8 _ 7 3 
[00296392] 5 | 8 2 9 11 1 _ 6 0 8 _ _ _ 
[00296393] 4 | 8 2 9 11 1 5 6 0 8 _ _ _ 
[00296394] 3 | 8 2 9 11 1 5 6 0 8 _ 3 _ 
[00296395] 3 | 8 2 9 11 1 5 6 0 8 _ 4 7 
[00296396] 3 | 8 2 9 11 1 5 6 0 8 _ 7 10 
[00296397] 3 | 8 2 9 11 1 5 6 0 8 _ 7 4 
[00296398] 3 | 8 2 9 11 1 5 6 0 8 _ 10 7 
[00296399] 4 | 8 2 9 11 1 _ 6 0 8 _ 4 _ 
[00296400] 3 | 8 2 9 11 1 4 6 0 8 _ 4 _ 
[00296401] 3 | 8 2 9 11 1 _ 6 0 8 _ 4 1 
[00296402] 3 | 8 2 9 11 1 _ 6 0 8 _ 4 7 
[00296403] 2 | 8 2 9 11 1 3 6 0 8 _ 4 7 
[00296404] 4 | 8 2 9 11 1 _ 6 0 8 _ 3 7 
[00296405] 3 | 8 2 9 11 1 4 6 0 8 _ 3 7 
[00296406] 4 | 8 2 9 11 1 _ 6 0 8 _ 7 3 
[00296407] 3 | 8 2 9 11 1 4 6 0 8 _ 7 3 
[00296408] 5 | 8 2 9 11 1 _ _ 0 8 _ 5 _ 
[00296409] 4 | 8 2 9 11 1 5 _ 0 8 _ 5 _ 
[00296410] 3 | 8 2 9 11 1 5 4 0 8 _ 5 _ 
[00296411] 4 | 8 2 9 11 1 _ 5 0 8 _ 5 _ 
[00296412] 3 | 8 2 9 11 1 4 5 0 8 _ 5 _ 
[00296413] 4 | 8 2 9 11 1 _ _ 0 8 _ 5 1 
[00296414] 5 | 8 2 9 11 1 _ _ 0 8 _ 5 10 
[00296415] 5 | 8 2 9 11 1 _ _ 0 8 _ 10 5 
[00296416] 6 | _ 2 9 11 1 7 _ 0 8 _ _ _ 
[00296417] 5 | _ 2 9 11 1 7 6 0 8 _ _ _ 
[00296418] 4 | _ 2 9 11 1 7 6 0 8 4 _ _ 
[00296419] 3 | 5 2 9 11 1 7 6 0 8 4 _ _ 
[00296420] 3 | _ 2 9 11 1 7 6 0 8 4 3 _ 
[00296421] 2 | _ 2 9 11 1 7 6 0 8 4 3 5 
[00296422] 4 | _ 2 9 11 1 7 6 0 8 _ 4 _ 
[00296423] 3 | 5 2 9 11 1 7 6 0 8 _ 4 _ 
[00296424] 2 | 5 2 9 11 1 7 6 0 8 10 4 _ 
[00296425] 1 | 5 2 9 11 1 7 6 0 8 10 4 3  *Graceful*
[00296425] 3 | _ 2 9 11 1 7 6 0 8 5 4 _ 
[00296426] 2 | 4 2 9 11 1 7 6 0 8 5 4 _ 
[00296427] 2 | _ 2 9 11 1 7 6 0 8 5 4 2 
[00296428] 5 | _ 2 9 11 1 7 _ 0 8 3 _ _ 
[00296429] 4 | 6 2 9 11 1 7 _ 0 8 3 _ _ 
[00296430] 3 | 6 2 9 11 1 7 4 0 8 3 _ _ 
[00296431] 4 | _ 2 9 11 1 7 5 0 8 3 _ _ 
[00296432] 4 | _ 2 9 11 1 7 _ 0 8 3 4 _ 
[00296433] 3 | 5 2 9 11 1 7 _ 0 8 3 4 _ 
[00296434] 2 | 5 2 9 11 1 7 _ 0 8 3 4 6 
[00296435] 3 | _ 2 9 11 1 7 4 0 8 3 4 _ 
[00296436] 3 | _ 2 9 11 1 7 _ 0 8 3 4 1 
[00296437] 4 | _ 2 9 11 1 7 _ 0 8 3 6 10 
[00296438] 3 | 5 2 9 11 1 7 _ 0 8 3 6 10 
[00296439] 3 | _ 2 9 11 1 7 4 0 8 3 6 10 
[00296440] 4 | _ 2 9 11 1 7 _ 0 8 3 10 6 
[00296441] 3 | 5 2 9 11 1 7 _ 0 8 3 10 6 
[00296442] 3 | _ 2 9 11 1 7 4 0 8 3 10 6 
[00296443] 5 | _ 2 9 11 1 7 _ 0 8 _ 5 _ 
[00296444] 4 | 6 2 9 11 1 7 _ 0 8 _ 5 _ 
[00296445] 3 | 6 2 9 11 1 7 4 0 8 _ 5 _ 
[00296446] 2 | 6 2 9 11 1 7 4 0 8 10 5 _ 
[00296447] 2 | 6 2 9 11 1 7 4 0 8 _ 5 3 
[00296448] 3 | 6 2 9 11 1 7 _ 0 8 5 5 _ 
[00296449] 2 | 6 2 9 11 1 7 3 0 8 5 5 _ 
[00296450] 3 | 6 2 9 11 1 7 _ 0 8 _ 5 8 
[00296451] 2 | 6 2 9 11 1 7 3 0 8 _ 5 8 
[00296452] 4 | _ 2 9 11 1 7 5 0 8 _ 5 _ 
[00296453] 4 | _ 2 9 11 1 7 _ 0 8 4 5 _ 
[00296454] 3 | 5 2 9 11 1 7 _ 0 8 4 5 _ 
[00296455] 2 | 5 2 9 11 1 7 3 0 8 4 5 _ 
[00296456] 3 | _ 2 9 11 1 7 _ 0 8 4 5 2 
[00296457] 2 | _ 2 9 11 1 7 3 0 8 4 5 2 
[00296458] 4 | _ 2 9 11 1 7 _ 0 8 _ 5 1 
[00296459] 5 | _ 2 9 11 1 7 _ 0 8 _ 5 10 
[00296460] 4 | 6 2 9 11 1 7 _ 0 8 _ 5 10 
[00296461] 3 | 6 2 9 11 1 7 4 0 8 _ 5 10 
[00296462] 4 | _ 2 9 11 1 7 _ 0 8 4 5 10 
[00296463] 5 | _ 2 9 11 1 7 _ 0 8 _ 10 5 
[00296464] 4 | 6 2 9 11 1 7 _ 0 8 _ 10 5 
[00296465] 3 | 6 2 9 11 1 7 4 0 8 _ 10 5 
[00296466] 4 | _ 2 9 11 1 7 _ 0 8 4 10 5 
[00296467] 6 | _ 2 9 11 1 _ 7 0 8 _ _ _ 
[00296468] 5 | _ 2 9 11 1 6 7 0 8 _ _ _ 
[00296469] 4 | _ 2 9 11 1 6 7 0 8 4 _ _ 
[00296470] 3 | 5 2 9 11 1 6 7 0 8 4 _ _ 
[00296471] 3 | _ 2 9 11 1 6 7 0 8 4 3 _ 
[00296472] 2 | _ 2 9 11 1 6 7 0 8 4 3 5 
[00296473] 4 | _ 2 9 11 1 6 7 0 8 _ 4 _ 
[00296474] 3 | 5 2 9 11 1 6 7 0 8 _ 4 _ 
[00296475] 2 | 5 2 9 11 1 6 7 0 8 10 4 _ 
[00296476] 1 | 5 2 9 11 1 6 7 0 8 10 4 3  *Graceful*
[00296476] 3 | _ 2 9 11 1 6 7 0 8 5 4 _ 
[00296477] 2 | 4 2 9 11 1 6 7 0 8 5 4 _ 
[00296478] 2 | _ 2 9 11 1 6 7 0 8 5 4 2 
[00296479] 5 | _ 2 9 11 1 _ 7 0 8 3 _ _ 
[00296480] 4 | 6 2 9 11 1 _ 7 0 8 3 _ _ 
[00296481] 3 | 6 2 9 11 1 4 7 0 8 3 _ _ 
[00296482] 4 | _ 2 9 11 1 5 7 0 8 3 _ _ 
[00296483] 4 | _ 2 9 11 1 _ 7 0 8 3 4 _ 
[00296484] 3 | 5 2 9 11 1 _ 7 0 8 3 4 _ 
[00296485] 2 | 5 2 9 11 1 _ 7 0 8 3 4 6 
[00296486] 3 | _ 2 9 11 1 4 7 0 8 3 4 _ 
[00296487] 3 | _ 2 9 11 1 _ 7 0 8 3 4 1 
[00296488] 4 | _ 2 9 11 1 _ 7 0 8 3 6 10 
[00296489] 3 | 5 2 9 11 1 _ 7 0 8 3 6 10 
[00296490] 3 | _ 2 9 11 1 4 7 0 8 3 6 10 
[00296491] 4 | _ 2 9 11 1 _ 7 0 8 3 10 6 
[00296492] 3 | 5 2 9 11 1 _ 7 0 8 3 10 6 
[00296493] 3 | _ 2 9 11 1 4 7 0 8 3 10 6 
[00296494] 5 | _ 2 9 11 1 _ 7 0 8 _ 5 _ 
[00296495] 4 | 6 2 9 11 1 _ 7 0 8 _ 5 _ 
[00296496] 3 | 6 2 9 11 1 4 7 0 8 _ 5 _ 
[00296497] 2 | 6 2 9 11 1 4 7 0 8 10 5 _ 
[00296498] 2 | 6 2 9 11 1 4 7 0 8 _ 5 3 
[00296499] 3 | 6 2 9 11 1 _ 7 0 8 5 5 _ 
[00296500] 2 | 6 2 9 11 1 3 7 0 8 5 5 _ 
[00296501] 3 | 6 2 9 11 1 _ 7 0 8 _ 5 8 
[00296502] 2 | 6 2 9 11 1 3 7 0 8 _ 5 8 
[00296503] 4 | _ 2 9 11 1 5 7 0 8 _ 5 _ 
[00296504] 4 | _ 2 9 11 1 _ 7 0 8 4 5 _ 
[00296505] 3 | 5 2 9 11 1 _ 7 0 8 4 5 _ 
[00296506] 2 | 5 2 9 11 1 3 7 0 8 4 5 _ 
[00296507] 3 | _ 2 9 11 1 _ 7 0 8 4 5 2 
[00296508] 2 | _ 2 9 11 1 3 7 0 8 4 5 2 
[00296509] 4 | _ 2 9 11 1 _ 7 0 8 _ 5 1 
[00296510] 5 | _ 2 9 11 1 _ 7 0 8 _ 5 10 
[00296511] 4 | 6 2 9 11 1 _ 7 0 8 _ 5 10 
[00296512] 3 | 6 2 9 11 1 4 7 0 8 _ 5 10 
[00296513] 4 | _ 2 9 11 1 _ 7 0 8 4 5 10 
[00296514] 5 | _ 2 9 11 1 _ 7 0 8 _ 10 5 
[00296515] 4 | 6 2 9 11 1 _ 7 0 8 _ 10 5 
[00296516] 3 | 6 2 9 11 1 4 7 0 8 _ 10 5 
[00296517] 4 | _ 2 9 11 1 _ 7 0 8 4 10 5 
[00296518] 6 | _ 2 9 11 1 _ _ 0 8 2 _ _ 
[00296519] 5 | _ 2 9 11 1 6 _ 0 8 2 _ _ 
[00296520] 4 | _ 2 9 11 1 6 5 0 8 2 _ _ 
[00296521] 3 | _ 2 9 11 1 6 5 0 8 2 3 _ 
[00296522] 3 | _ 2 9 11 1 6 5 0 8 2 4 7 
[00296523] 3 | _ 2 9 11 1 6 5 0 8 2 7 10 
[00296524] 3 | _ 2 9 11 1 6 5 0 8 2 7 4 
[00296525] 3 | _ 2 9 11 1 6 5 0 8 2 10 7 
[00296526] 4 | _ 2 9 11 1 6 _ 0 8 2 4 _ 
[00296527] 3 | _ 2 9 11 1 6 4 0 8 2 4 _ 
[00296528] 3 | _ 2 9 11 1 6 _ 0 8 2 4 1 
[00296529] 3 | _ 2 9 11 1 6 _ 0 8 2 4 7 
[00296530] 2 | _ 2 9 11 1 6 3 0 8 2 4 7 
[00296531] 4 | _ 2 9 11 1 6 _ 0 8 2 3 7 
[00296532] 3 | _ 2 9 11 1 6 4 0 8 2 3 7 
[00296533] 4 | _ 2 9 11 1 6 _ 0 8 2 7 3 
[00296534] 3 | _ 2 9 11 1 6 4 0 8 2 7 3 
[00296535] 5 | _ 2 9 11 1 _ 6 0 8 2 _ _ 
[00296536] 4 | _ 2 9 11 1 5 6 0 8 2 _ _ 
[00296537] 3 | _ 2 9 11 1 5 6 0 8 2 3 _ 
[00296538] 3 | _ 2 9 11 1 5 6 0 8 2 4 7 
[00296539] 3 | _ 2 9 11 1 5 6 0 8 2 7 10 
[00296540] 3 | _ 2 9 11 1 5 6 0 8 2 7 4 
[00296541] 3 | _ 2 9 11 1 5 6 0 8 2 10 7 
[00296542] 4 | _ 2 9 11 1 _ 6 0 8 2 4 _ 
[00296543] 3 | _ 2 9 11 1 4 6 0 8 2 4 _ 
[00296544] 3 | _ 2 9 11 1 _ 6 0 8 2 4 1 
[00296545] 3 | _ 2 9 11 1 _ 6 0 8 2 4 7 
[00296546] 2 | _ 2 9 11 1 3 6 0 8 2 4 7 
[00296547] 4 | _ 2 9 11 1 _ 6 0 8 2 3 7 
[00296548] 3 | _ 2 9 11 1 4 6 0 8 2 3 7 
[00296549] 4 | _ 2 9 11 1 _ 6 0 8 2 7 3 
[00296550] 3 | _ 2 9 11 1 4 6 0 8 2 7 3 
[00296551] 5 | _ 2 9 11 1 _ _ 0 8 2 5 _ 
[00296552] 4 | _ 2 9 11 1 5 _ 0 8 2 5 _ 
[00296553] 3 | _ 2 9 11 1 5 4 0 8 2 5 _ 
[00296554] 4 | _ 2 9 11 1 _ 5 0 8 2 5 _ 
[00296555] 3 | _ 2 9 11 1 4 5 0 8 2 5 _ 
[00296556] 4 | _ 2 9 11 1 _ _ 0 8 2 5 1 
[00296557] 5 | _ 2 9 11 1 _ _ 0 8 2 5 10 
[00296558] 5 | _ 2 9 11 1 _ _ 0 8 2 10 5 
[00296559] 6 | _ 2 9 11 1 _ _ 0 8 _ 6 _ 
[00296560] 5 | 7 2 9 11 1 _ _ 0 8 _ 6 _ 
[00296561] 4 | 7 2 9 11 1 5 _ 0 8 _ 6 _ 
[00296562] 3 | 7 2 9 11 1 5 4 0 8 _ 6 _ 
[00296563] 2 | 7 2 9 11 1 5 4 0 8 6 6 _ 
[00296564] 2 | 7 2 9 11 1 5 4 0 8 10 6 _ 
[00296565] 2 | 7 2 9 11 1 5 4 0 8 _ 6 8 
[00296566] 3 | 7 2 9 11 1 5 _ 0 8 _ 6 3 
[00296567] 2 | 7 2 9 11 1 5 _ 0 8 10 6 3 
[00296568] 4 | 7 2 9 11 1 _ 5 0 8 _ 6 _ 
[00296569] 3 | 7 2 9 11 1 4 5 0 8 _ 6 _ 
[00296570] 2 | 7 2 9 11 1 4 5 0 8 6 6 _ 
[00296571] 2 | 7 2 9 11 1 4 5 0 8 10 6 _ 
[00296572] 2 | 7 2 9 11 1 4 5 0 8 _ 6 8 
[00296573] 3 | 7 2 9 11 1 _ 5 0 8 _ 6 3 
[00296574] 2 | 7 2 9 11 1 _ 5 0 8 10 6 3 
[00296575] 4 | 7 2 9 11 1 _ _ 0 8 4 6 _ 
[00296576] 3 | 7 2 9 11 1 _ _ 0 8 4 6 3 
[00296577] 4 | 7 2 9 11 1 _ _ 0 8 _ 6 10 
[00296578] 3 | 7 2 9 11 1 4 _ 0 8 _ 6 10 
[00296579] 2 | 7 2 9 11 1 4 3 0 8 _ 6 10 
[00296580] 3 | 7 2 9 11 1 _ 4 0 8 _ 6 10 
[00296581] 2 | 7 2 9 11 1 3 4 0 8 _ 6 10 
[00296582] 3 | 7 2 9 11 1 _ _ 0 8 5 6 10 
[00296583] 2 | 7 2 9 11 1 3 _ 0 8 5 6 10 
[00296584] 2 | 7 2 9 11 1 _ 3 0 8 5 6 10 
[00296585] 5 | _ 2 9 11 1 6 _ 0 8 _ 6 _ 
[00296586] 4 | _ 2 9 11 1 6 5 0 8 _ 6 _ 
[00296587] 4 | _ 2 9 11 1 6 _ 0 8 4 6 _ 
[00296588] 3 | 5 2 9 11 1 6 _ 0 8 4 6 _ 
[00296589] 2 | 5 2 9 11 1 6 3 0 8 4 6 _ 
[00296590] 5 | _ 2 9 11 1 _ 6 0 8 _ 6 _ 
[00296591] 4 | _ 2 9 11 1 5 6 0 8 _ 6 _ 
[00296592] 4 | _ 2 9 11 1 _ 6 0 8 4 6 _ 
[00296593] 3 | 5 2 9 11 1 _ 6 0 8 4 6 _ 
[00296594] 2 | 5 2 9 11 1 3 6 0 8 4 6 _ 
[00296595] 5 | _ 2 9 11 1 _ _ 0 8 3 6 _ 
[00296596] 4 | 6 2 9 11 1 _ _ 0 8 3 6 _ 
[00296597] 3 | 6 2 9 11 1 4 _ 0 8 3 6 _ 
[00296598] 3 | 6 2 9 11 1 _ 4 0 8 3 6 _ 
[00296599] 4 | _ 2 9 11 1 5 _ 0 8 3 6 _ 
[00296600] 3 | _ 2 9 11 1 5 4 0 8 3 6 _ 
[00296601] 4 | _ 2 9 11 1 _ 5 0 8 3 6 _ 
[00296602] 3 | _ 2 9 11 1 4 5 0 8 3 6 _ 
[00296603] 4 | _ 2 9 11 1 _ _ 0 8 3 6 2 
[00296604] 3 | _ 2 9 11 1 4 _ 0 8 3 6 2 
[00296605] 3 | _ 2 9 11 1 _ 4 0 8 3 6 2 
[00296606] 4 | _ 2 9 11 1 _ _ 0 8 3 6 10 
[00296607] 3 | 5 2 9 11 1 _ _ 0 8 3 6 10 
[00296608] 3 | _ 2 9 11 1 4 _ 0 8 3 6 10 
[00296609] 3 | _ 2 9 11 1 _ 4 0 8 3 6 10 
[00296610] 5 | _ 2 9 11 1 _ _ 0 8 _ 6 1 
[00296611] 4 | _ 2 9 11 1 _ _ 0 8 4 6 1 
[00296612] 3 | 5 2 9 11 1 _ _ 0 8 4 6 1 
[00296613] 6 | _ 2 9 11 1 _ _ 0 8 _ 4 10 
[00296614] 5 | 7 2 9 11 1 _ _ 0 8 _ 4 10 
[00296615] 4 | 7 2 9 11 1 5 _ 0 8 _ 4 10 
[00296616] 4 | 7 2 9 11 1 _ 5 0 8 _ 4 10 
[00296617] 5 | _ 2 9 11 1 6 _ 0 8 _ 4 10 
[00296618] 4 | _ 2 9 11 1 6 5 0 8 _ 4 10 
[00296619] 5 | _ 2 9 11 1 _ 6 0 8 _ 4 10 
[00296620] 4 | _ 2 9 11 1 5 6 0 8 _ 4 10 
[00296621] 5 | _ 2 9 11 1 _ _ 0 8 3 4 10 
[00296622] 4 | 6 2 9 11 1 _ _ 0 8 3 4 10 
[00296623] 4 | _ 2 9 11 1 5 _ 0 8 3 4 10 
[00296624] 4 | _ 2 9 11 1 _ 5 0 8 3 4 10 
[00296625] 6 | _ 2 9 11 1 _ _ 0 8 _ 10 4 
[00296626] 5 | 7 2 9 11 1 _ _ 0 8 _ 10 4 
[00296627] 4 | 7 2 9 11 1 5 _ 0 8 _ 10 4 
[00296628] 4 | 7 2 9 11 1 _ 5 0 8 _ 10 4 
[00296629] 5 | _ 2 9 11 1 6 _ 0 8 _ 10 4 
[00296630] 4 | _ 2 9 11 1 6 5 0 8 _ 10 4 
[00296631] 5 | _ 2 9 11 1 _ 6 0 8 _ 10 4 
[00296632] 4 | _ 2 9 11 1 5 6 0 8 _ 10 4 
[00296633] 5 | _ 2 9 11 1 _ _ 0 8 3 10 4 
[00296634] 4 | 6 2 9 11 1 _ _ 0 8 3 10 4 
[00296635] 4 | _ 2 9 11 1 5 _ 0 8 3 10 4 
[00296636] 4 | _ 2 9 11 1 _ 5 0 8 3 10 4 
[00296637] 7 | _ 2 _ 11 1 8 _ 0 8 _ _ _ 
[00296638] 6 | _ 2 _ 11 1 8 7 0 8 _ _ _ 
[00296639] 5 | _ 2 _ 11 1 8 7 0 8 _ 5 _ 
[00296640] 4 | 6 2 _ 11 1 8 7 0 8 _ 5 _ 
[00296641] 3 | 6 2 5 11 1 8 7 0 8 _ 5 _ 
[00296642] 3 | 6 2 _ 11 1 8 7 0 8 _ 5 2 
[00296643] 4 | _ 2 6 11 1 8 7 0 8 _ 5 _ 
[00296644] 3 | 5 2 6 11 1 8 7 0 8 _ 5 _ 
[00296645] 3 | _ 2 6 11 1 8 7 0 8 _ 5 2 
[00296646] 4 | _ 2 _ 11 1 8 7 0 8 _ 5 9 
[00296647] 5 | _ 2 _ 11 1 8 7 0 8 _ 4 9 
[00296648] 4 | 6 2 _ 11 1 8 7 0 8 _ 4 9 
[00296649] 3 | 6 2 5 11 1 8 7 0 8 _ 4 9 
[00296650] 4 | _ 2 6 11 1 8 7 0 8 _ 4 9 
[00296651] 3 | 5 2 6 11 1 8 7 0 8 _ 4 9 
[00296652] 5 | _ 2 _ 11 1 8 7 0 8 _ 5 10 
[00296653] 4 | 6 2 _ 11 1 8 7 0 8 _ 5 10 
[00296654] 4 | _ 2 6 11 1 8 7 0 8 _ 5 10 
[00296655] 5 | _ 2 _ 11 1 8 7 0 8 _ 9 4 
[00296656] 4 | 6 2 _ 11 1 8 7 0 8 _ 9 4 
[00296657] 3 | 6 2 5 11 1 8 7 0 8 _ 9 4 
[00296658] 4 | _ 2 6 11 1 8 7 0 8 _ 9 4 
[00296659] 3 | 5 2 6 11 1 8 7 0 8 _ 9 4 
[00296660] 5 | _ 2 _ 11 1 8 7 0 8 _ 10 5 
[00296661] 4 | 6 2 _ 11 1 8 7 0 8 _ 10 5 
[00296662] 4 | _ 2 6 11 1 8 7 0 8 _ 10 5 
[00296663] 6 | _ 2 _ 11 1 8 _ 0 8 _ 6 _ 
[00296664] 5 | 7 2 _ 11 1 8 _ 0 8 _ 6 _ 
[00296665] 4 | 7 2 6 11 1 8 _ 0 8 _ 6 _ 
[00296666] 3 | 7 2 6 11 1 8 4 0 8 _ 6 _ 
[00296667] 4 | 7 2 _ 11 1 8 5 0 8 _ 6 _ 
[00296668] 3 | 7 2 _ 11 1 8 5 0 8 _ 6 3 
[00296669] 2 | 7 2 4 11 1 8 5 0 8 _ 6 3 
[00296670] 3 | 7 2 _ 11 1 8 5 0 8 _ 6 9 
[00296671] 2 | 7 2 4 11 1 8 5 0 8 _ 6 9 
[00296672] 4 | 7 2 _ 11 1 8 _ 0 8 _ 6 2 
[00296673] 3 | 7 2 _ 11 1 8 4 0 8 _ 6 2 
[00296674] 4 | 7 2 _ 11 1 8 _ 0 8 _ 6 10 
[00296675] 3 | 7 2 5 11 1 8 _ 0 8 _ 6 10 
[00296676] 2 | 7 2 5 11 1 8 3 0 8 _ 6 10 
[00296677] 3 | 7 2 _ 11 1 8 4 0 8 _ 6 10 
[00296678] 5 | _ 2 7 11 1 8 _ 0 8 _ 6 _ 
[00296679] 4 | 6 2 7 11 1 8 _ 0 8 _ 6 _ 
[00296680] 3 | 6 2 7 11 1 8 4 0 8 _ 6 _ 
[00296681] 4 | _ 2 7 11 1 8 5 0 8 _ 6 _ 
[00296682] 3 | _ 2 7 11 1 8 5 0 8 _ 6 3 
[00296683] 2 | 4 2 7 11 1 8 5 0 8 _ 6 3 
[00296684] 3 | _ 2 7 11 1 8 5 0 8 _ 6 9 
[00296685] 2 | 4 2 7 11 1 8 5 0 8 _ 6 9 
[00296686] 4 | _ 2 7 11 1 8 _ 0 8 _ 6 2 
[00296687] 3 | _ 2 7 11 1 8 4 0 8 _ 6 2 
[00296688] 4 | _ 2 7 11 1 8 _ 0 8 _ 6 10 
[00296689] 3 | 5 2 7 11 1 8 _ 0 8 _ 6 10 
[00296690] 2 | 5 2 7 11 1 8 3 0 8 _ 6 10 
[00296691] 3 | _ 2 7 11 1 8 4 0 8 _ 6 10 
[00296692] 5 | _ 2 _ 11 1 8 6 0 8 _ 6 _ 
[00296693] 5 | _ 2 _ 11 1 8 _ 0 8 _ 6 1 
[00296694] 6 | _ 2 _ 11 1 8 _ 0 8 _ 3 9 
[00296695] 5 | 7 2 _ 11 1 8 _ 0 8 _ 3 9 
[00296696] 4 | 7 2 6 11 1 8 _ 0 8 _ 3 9 
[00296697] 3 | 7 2 6 11 1 8 4 0 8 _ 3 9 
[00296698] 4 | 7 2 _ 11 1 8 5 0 8 _ 3 9 
[00296699] 5 | _ 2 7 11 1 8 _ 0 8 _ 3 9 
[00296700] 4 | 6 2 7 11 1 8 _ 0 8 _ 3 9 
[00296701] 3 | 6 2 7 11 1 8 4 0 8 _ 3 9 
[00296702] 4 | _ 2 7 11 1 8 5 0 8 _ 3 9 
[00296703] 5 | _ 2 _ 11 1 8 6 0 8 _ 3 9 
[00296704] 6 | _ 2 _ 11 1 8 _ 0 8 _ 4 10 
[00296705] 5 | 7 2 _ 11 1 8 _ 0 8 _ 4 10 
[00296706] 4 | 7 2 6 11 1 8 _ 0 8 _ 4 10 
[00296707] 4 | 7 2 _ 11 1 8 5 0 8 _ 4 10 
[00296708] 5 | _ 2 7 11 1 8 _ 0 8 _ 4 10 
[00296709] 4 | 6 2 7 11 1 8 _ 0 8 _ 4 10 
[00296710] 4 | _ 2 7 11 1 8 5 0 8 _ 4 10 
[00296711] 5 | _ 2 _ 11 1 8 6 0 8 _ 4 10 
[00296712] 6 | _ 2 _ 11 1 8 _ 0 8 _ 9 3 
[00296713] 5 | 7 2 _ 11 1 8 _ 0 8 _ 9 3 
[00296714] 4 | 7 2 6 11 1 8 _ 0 8 _ 9 3 
[00296715] 3 | 7 2 6 11 1 8 4 0 8 _ 9 3 
[00296716] 4 | 7 2 _ 11 1 8 5 0 8 _ 9 3 
[00296717] 5 | _ 2 7 11 1 8 _ 0 8 _ 9 3 
[00296718] 4 | 6 2 7 11 1 8 _ 0 8 _ 9 3 
[00296719] 3 | 6 2 7 11 1 8 4 0 8 _ 9 3 
[00296720] 4 | _ 2 7 11 1 8 5 0 8 _ 9 3 
[00296721] 5 | _ 2 _ 11 1 8 6 0 8 _ 9 3 
[00296722] 6 | _ 2 _ 11 1 8 _ 0 8 _ 10 4 
[00296723] 5 | 7 2 _ 11 1 8 _ 0 8 _ 10 4 
[00296724] 4 | 7 2 6 11 1 8 _ 0 8 _ 10 4 
[00296725] 4 | 7 2 _ 11 1 8 5 0 8 _ 10 4 
[00296726] 5 | _ 2 7 11 1 8 _ 0 8 _ 10 4 
[00296727] 4 | 6 2 7 11 1 8 _ 0 8 _ 10 4 
[00296728] 4 | _ 2 7 11 1 8 5 0 8 _ 10 4 
[00296729] 5 | _ 2 _ 11 1 8 6 0 8 _ 10 4 
[00296730] 7 | _ 2 _ 11 1 _ 8 0 8 _ _ _ 
[00296731] 6 | _ 2 _ 11 1 7 8 0 8 _ _ _ 
[00296732] 5 | _ 2 _ 11 1 7 8 0 8 _ 5 _ 
[00296733] 4 | 6 2 _ 11 1 7 8 0 8 _ 5 _ 
[00296734] 3 | 6 2 5 11 1 7 8 0 8 _ 5 _ 
[00296735] 3 | 6 2 _ 11 1 7 8 0 8 _ 5 2 
[00296736] 4 | _ 2 6 11 1 7 8 0 8 _ 5 _ 
[00296737] 3 | 5 2 6 11 1 7 8 0 8 _ 5 _ 
[00296738] 3 | _ 2 6 11 1 7 8 0 8 _ 5 2 
[00296739] 4 | _ 2 _ 11 1 7 8 0 8 _ 5 9 
[00296740] 5 | _ 2 _ 11 1 7 8 0 8 _ 4 9 
[00296741] 4 | 6 2 _ 11 1 7 8 0 8 _ 4 9 
[00296742] 3 | 6 2 5 11 1 7 8 0 8 _ 4 9 
[00296743] 4 | _ 2 6 11 1 7 8 0 8 _ 4 9 
[00296744] 3 | 5 2 6 11 1 7 8 0 8 _ 4 9 
[00296745] 5 | _ 2 _ 11 1 7 8 0 8 _ 5 10 
[00296746] 4 | 6 2 _ 11 1 7 8 0 8 _ 5 10 
[00296747] 4 | _ 2 6 11 1 7 8 0 8 _ 5 10 
[00296748] 5 | _ 2 _ 11 1 7 8 0 8 _ 9 4 
[00296749] 4 | 6 2 _ 11 1 7 8 0 8 _ 9 4 
[00296750] 3 | 6 2 5 11 1 7 8 0 8 _ 9 4 
[00296751] 4 | _ 2 6 11 1 7 8 0 8 _ 9 4 
[00296752] 3 | 5 2 6 11 1 7 8 0 8 _ 9 4 
[00296753] 5 | _ 2 _ 11 1 7 8 0 8 _ 10 5 
[00296754] 4 | 6 2 _ 11 1 7 8 0 8 _ 10 5 
[00296755] 4 | _ 2 6 11 1 7 8 0 8 _ 10 5 
[00296756] 6 | _ 2 _ 11 1 _ 8 0 8 _ 6 _ 
[00296757] 5 | 7 2 _ 11 1 _ 8 0 8 _ 6 _ 
[00296758] 4 | 7 2 6 11 1 _ 8 0 8 _ 6 _ 
[00296759] 3 | 7 2 6 11 1 4 8 0 8 _ 6 _ 
[00296760] 4 | 7 2 _ 11 1 5 8 0 8 _ 6 _ 
[00296761] 3 | 7 2 _ 11 1 5 8 0 8 _ 6 3 
[00296762] 2 | 7 2 4 11 1 5 8 0 8 _ 6 3 
[00296763] 3 | 7 2 _ 11 1 5 8 0 8 _ 6 9 
[00296764] 2 | 7 2 4 11 1 5 8 0 8 _ 6 9 
[00296765] 4 | 7 2 _ 11 1 _ 8 0 8 _ 6 2 
[00296766] 3 | 7 2 _ 11 1 4 8 0 8 _ 6 2 
[00296767] 4 | 7 2 _ 11 1 _ 8 0 8 _ 6 10 
[00296768] 3 | 7 2 5 11 1 _ 8 0 8 _ 6 10 
[00296769] 2 | 7 2 5 11 1 3 8 0 8 _ 6 10 
[00296770] 3 | 7 2 _ 11 1 4 8 0 8 _ 6 10 
[00296771] 5 | _ 2 7 11 1 _ 8 0 8 _ 6 _ 
[00296772] 4 | 6 2 7 11 1 _ 8 0 8 _ 6 _ 
[00296773] 3 | 6 2 7 11 1 4 8 0 8 _ 6 _ 
[00296774] 4 | _ 2 7 11 1 5 8 0 8 _ 6 _ 
[00296775] 3 | _ 2 7 11 1 5 8 0 8 _ 6 3 
[00296776] 2 | 4 2 7 11 1 5 8 0 8 _ 6 3 
[00296777] 3 | _ 2 7 11 1 5 8 0 8 _ 6 9 
[00296778] 2 | 4 2 7 11 1 5 8 0 8 _ 6 9 
[00296779] 4 | _ 2 7 11 1 _ 8 0 8 _ 6 2 
[00296780] 3 | _ 2 7 11 1 4 8 0 8 _ 6 2 
[00296781] 4 | _ 2 7 11 1 _ 8 0 8 _ 6 10 
[00296782] 3 | 5 2 7 11 1 _ 8 0 8 _ 6 10 
[00296783] 2 | 5 2 7 11 1 3 8 0 8 _ 6 10 
[00296784] 3 | _ 2 7 11 1 4 8 0 8 _ 6 10 
[00296785] 5 | _ 2 _ 11 1 6 8 0 8 _ 6 _ 
[00296786] 5 | _ 2 _ 11 1 _ 8 0 8 _ 6 1 
[00296787] 6 | _ 2 _ 11 1 _ 8 0 8 _ 3 9 
[00296788] 5 | 7 2 _ 11 1 _ 8 0 8 _ 3 9 
[00296789] 4 | 7 2 6 11 1 _ 8 0 8 _ 3 9 
[00296790] 3 | 7 2 6 11 1 4 8 0 8 _ 3 9 
[00296791] 4 | 7 2 _ 11 1 5 8 0 8 _ 3 9 
[00296792] 5 | _ 2 7 11 1 _ 8 0 8 _ 3 9 
[00296793] 4 | 6 2 7 11 1 _ 8 0 8 _ 3 9 
[00296794] 3 | 6 2 7 11 1 4 8 0 8 _ 3 9 
[00296795] 4 | _ 2 7 11 1 5 8 0 8 _ 3 9 
[00296796] 5 | _ 2 _ 11 1 6 8 0 8 _ 3 9 
[00296797] 6 | _ 2 _ 11 1 _ 8 0 8 _ 4 10 
[00296798] 5 | 7 2 _ 11 1 _ 8 0 8 _ 4 10 
[00296799] 4 | 7 2 6 11 1 _ 8 0 8 _ 4 10 
[00296800] 4 | 7 2 _ 11 1 5 8 0 8 _ 4 10 
[00296801] 5 | _ 2 7 11 1 _ 8 0 8 _ 4 10 
