[00234009] 4 | 4 9 2 0 10 _ 6 11 3 _ 7 1 
[00234010] 5 | _ 9 2 0 10 5 _ 11 3 _ 7 1 
[00234011] 4 | _ 9 2 0 10 5 6 11 3 _ 7 1 
[00234012] 5 | _ 9 2 0 10 _ 5 11 3 _ 7 1 
[00234013] 4 | _ 9 2 0 10 6 5 11 3 _ 7 1 
[00234014] 5 | _ 9 2 0 10 _ _ 11 3 8 7 1 
[00234015] 4 | 5 9 2 0 10 _ _ 11 3 8 7 1 
[00234016] 4 | _ 9 2 0 10 6 _ 11 3 8 7 1 
[00234017] 4 | _ 9 2 0 10 _ 6 11 3 8 7 1 
[00234018] 7 | _ 9 _ 0 10 3 _ 11 3 _ _ _ 
[00234019] 6 | _ 9 _ 0 10 3 4 11 3 _ _ _ 
[00234020] 5 | _ 9 _ 0 10 3 4 11 3 _ 6 _ 
[00234021] 4 | 5 9 _ 0 10 3 4 11 3 _ 6 _ 
[00234022] 3 | 5 9 6 0 10 3 4 11 3 _ 6 _ 
[00234023] 3 | 5 9 _ 0 10 3 4 11 3 _ 6 9 
[00234024] 4 | _ 9 5 0 10 3 4 11 3 _ 6 _ 
[00234025] 3 | 6 9 5 0 10 3 4 11 3 _ 6 _ 
[00234026] 3 | _ 9 5 0 10 3 4 11 3 _ 6 9 
[00234027] 4 | _ 9 _ 0 10 3 4 11 3 _ 6 2 
[00234028] 5 | _ 9 _ 0 10 3 4 11 3 _ 1 6 
[00234029] 4 | 5 9 _ 0 10 3 4 11 3 _ 1 6 
[00234030] 4 | _ 9 5 0 10 3 4 11 3 _ 1 6 
[00234031] 5 | _ 9 _ 0 10 3 4 11 3 _ 2 7 
[00234032] 4 | 5 9 _ 0 10 3 4 11 3 _ 2 7 
[00234033] 3 | 5 9 6 0 10 3 4 11 3 _ 2 7 
[00234034] 4 | _ 9 5 0 10 3 4 11 3 _ 2 7 
[00234035] 3 | 6 9 5 0 10 3 4 11 3 _ 2 7 
[00234036] 5 | _ 9 _ 0 10 3 4 11 3 _ 6 1 
[00234037] 4 | 5 9 _ 0 10 3 4 11 3 _ 6 1 
[00234038] 4 | _ 9 5 0 10 3 4 11 3 _ 6 1 
[00234039] 5 | _ 9 _ 0 10 3 4 11 3 _ 7 2 
[00234040] 4 | 5 9 _ 0 10 3 4 11 3 _ 7 2 
[00234041] 3 | 5 9 6 0 10 3 4 11 3 _ 7 2 
[00234042] 4 | _ 9 5 0 10 3 4 11 3 _ 7 2 
[00234043] 3 | 6 9 5 0 10 3 4 11 3 _ 7 2 
[00234044] 6 | _ 9 _ 0 10 3 _ 11 3 _ 5 _ 
[00234045] 5 | 4 9 _ 0 10 3 _ 11 3 _ 5 _ 
[00234046] 4 | 4 9 5 0 10 3 _ 11 3 _ 5 _ 
[00234047] 3 | 4 9 5 0 10 3 7 11 3 _ 5 _ 
[00234048] 4 | 4 9 _ 0 10 3 6 11 3 _ 5 _ 
[00234049] 3 | 4 9 _ 0 10 3 6 11 3 _ 5 2 
[00234050] 2 | 4 9 7 0 10 3 6 11 3 _ 5 2 
[00234051] 3 | 4 9 _ 0 10 3 6 11 3 _ 5 8 
[00234052] 2 | 4 9 7 0 10 3 6 11 3 _ 5 8 
[00234053] 4 | 4 9 _ 0 10 3 _ 11 3 _ 5 1 
[00234054] 3 | 4 9 6 0 10 3 _ 11 3 _ 5 1 
[00234055] 2 | 4 9 6 0 10 3 8 11 3 _ 5 1 
[00234056] 3 | 4 9 _ 0 10 3 7 11 3 _ 5 1 
[00234057] 4 | 4 9 _ 0 10 3 _ 11 3 _ 5 9 
[00234058] 3 | 4 9 _ 0 10 3 7 11 3 _ 5 9 
[00234059] 5 | _ 9 4 0 10 3 _ 11 3 _ 5 _ 
[00234060] 4 | 5 9 4 0 10 3 _ 11 3 _ 5 _ 
[00234061] 3 | 5 9 4 0 10 3 7 11 3 _ 5 _ 
[00234062] 4 | _ 9 4 0 10 3 6 11 3 _ 5 _ 
[00234063] 3 | _ 9 4 0 10 3 6 11 3 _ 5 2 
[00234064] 2 | 7 9 4 0 10 3 6 11 3 _ 5 2 
[00234065] 3 | _ 9 4 0 10 3 6 11 3 _ 5 8 
[00234066] 2 | 7 9 4 0 10 3 6 11 3 _ 5 8 
[00234067] 4 | _ 9 4 0 10 3 _ 11 3 _ 5 1 
[00234068] 3 | 6 9 4 0 10 3 _ 11 3 _ 5 1 
[00234069] 2 | 6 9 4 0 10 3 8 11 3 _ 5 1 
[00234070] 3 | _ 9 4 0 10 3 7 11 3 _ 5 1 
[00234071] 4 | _ 9 4 0 10 3 _ 11 3 _ 5 9 
[00234072] 3 | _ 9 4 0 10 3 7 11 3 _ 5 9 
[00234073] 5 | _ 9 _ 0 10 3 5 11 3 _ 5 _ 
[00234074] 5 | _ 9 _ 0 10 3 _ 11 3 _ 5 10 
[00234075] 6 | _ 9 _ 0 10 3 _ 11 3 _ 1 7 
[00234076] 5 | 4 9 _ 0 10 3 _ 11 3 _ 1 7 
[00234077] 4 | 4 9 5 0 10 3 _ 11 3 _ 1 7 
[00234078] 4 | 4 9 _ 0 10 3 6 11 3 _ 1 7 
[00234079] 5 | _ 9 4 0 10 3 _ 11 3 _ 1 7 
[00234080] 4 | 5 9 4 0 10 3 _ 11 3 _ 1 7 
[00234081] 4 | _ 9 4 0 10 3 6 11 3 _ 1 7 
[00234082] 5 | _ 9 _ 0 10 3 5 11 3 _ 1 7 
[00234083] 6 | _ 9 _ 0 10 3 _ 11 3 _ 2 8 
[00234084] 5 | 4 9 _ 0 10 3 _ 11 3 _ 2 8 
[00234085] 4 | 4 9 5 0 10 3 _ 11 3 _ 2 8 
[00234086] 3 | 4 9 5 0 10 3 7 11 3 _ 2 8 
[00234087] 4 | 4 9 _ 0 10 3 6 11 3 _ 2 8 
[00234088] 5 | _ 9 4 0 10 3 _ 11 3 _ 2 8 
[00234089] 4 | 5 9 4 0 10 3 _ 11 3 _ 2 8 
[00234090] 3 | 5 9 4 0 10 3 7 11 3 _ 2 8 
[00234091] 4 | _ 9 4 0 10 3 6 11 3 _ 2 8 
[00234092] 5 | _ 9 _ 0 10 3 5 11 3 _ 2 8 
[00234093] 6 | _ 9 _ 0 10 3 _ 11 3 _ 7 1 
[00234094] 5 | 4 9 _ 0 10 3 _ 11 3 _ 7 1 
[00234095] 4 | 4 9 5 0 10 3 _ 11 3 _ 7 1 
[00234096] 4 | 4 9 _ 0 10 3 6 11 3 _ 7 1 
[00234097] 5 | _ 9 4 0 10 3 _ 11 3 _ 7 1 
[00234098] 4 | 5 9 4 0 10 3 _ 11 3 _ 7 1 
[00234099] 4 | _ 9 4 0 10 3 6 11 3 _ 7 1 
[00234100] 5 | _ 9 _ 0 10 3 5 11 3 _ 7 1 
[00234101] 6 | _ 9 _ 0 10 3 _ 11 3 _ 8 2 
[00234102] 5 | 4 9 _ 0 10 3 _ 11 3 _ 8 2 
[00234103] 4 | 4 9 5 0 10 3 _ 11 3 _ 8 2 
[00234104] 3 | 4 9 5 0 10 3 7 11 3 _ 8 2 
[00234105] 4 | 4 9 _ 0 10 3 6 11 3 _ 8 2 
[00234106] 5 | _ 9 4 0 10 3 _ 11 3 _ 8 2 
[00234107] 4 | 5 9 4 0 10 3 _ 11 3 _ 8 2 
[00234108] 3 | 5 9 4 0 10 3 7 11 3 _ 8 2 
[00234109] 4 | _ 9 4 0 10 3 6 11 3 _ 8 2 
[00234110] 5 | _ 9 _ 0 10 3 5 11 3 _ 8 2 
[00234111] 7 | _ 9 _ 0 10 _ 3 11 3 _ _ _ 
[00234112] 6 | _ 9 _ 0 10 4 3 11 3 _ _ _ 
[00234113] 5 | _ 9 _ 0 10 4 3 11 3 _ 6 _ 
[00234114] 4 | 5 9 _ 0 10 4 3 11 3 _ 6 _ 
[00234115] 3 | 5 9 6 0 10 4 3 11 3 _ 6 _ 
[00234116] 3 | 5 9 _ 0 10 4 3 11 3 _ 6 9 
[00234117] 4 | _ 9 5 0 10 4 3 11 3 _ 6 _ 
[00234118] 3 | 6 9 5 0 10 4 3 11 3 _ 6 _ 
[00234119] 3 | _ 9 5 0 10 4 3 11 3 _ 6 9 
[00234120] 4 | _ 9 _ 0 10 4 3 11 3 _ 6 2 
[00234121] 5 | _ 9 _ 0 10 4 3 11 3 _ 1 6 
[00234122] 4 | 5 9 _ 0 10 4 3 11 3 _ 1 6 
[00234123] 4 | _ 9 5 0 10 4 3 11 3 _ 1 6 
[00234124] 5 | _ 9 _ 0 10 4 3 11 3 _ 2 7 
[00234125] 4 | 5 9 _ 0 10 4 3 11 3 _ 2 7 
[00234126] 3 | 5 9 6 0 10 4 3 11 3 _ 2 7 
[00234127] 4 | _ 9 5 0 10 4 3 11 3 _ 2 7 
[00234128] 3 | 6 9 5 0 10 4 3 11 3 _ 2 7 
[00234129] 5 | _ 9 _ 0 10 4 3 11 3 _ 6 1 
[00234130] 4 | 5 9 _ 0 10 4 3 11 3 _ 6 1 
[00234131] 4 | _ 9 5 0 10 4 3 11 3 _ 6 1 
[00234132] 5 | _ 9 _ 0 10 4 3 11 3 _ 7 2 
[00234133] 4 | 5 9 _ 0 10 4 3 11 3 _ 7 2 
[00234134] 3 | 5 9 6 0 10 4 3 11 3 _ 7 2 
[00234135] 4 | _ 9 5 0 10 4 3 11 3 _ 7 2 
[00234136] 3 | 6 9 5 0 10 4 3 11 3 _ 7 2 
[00234137] 6 | _ 9 _ 0 10 _ 3 11 3 _ 5 _ 
[00234138] 5 | 4 9 _ 0 10 _ 3 11 3 _ 5 _ 
[00234139] 4 | 4 9 5 0 10 _ 3 11 3 _ 5 _ 
[00234140] 3 | 4 9 5 0 10 7 3 11 3 _ 5 _ 
[00234141] 4 | 4 9 _ 0 10 6 3 11 3 _ 5 _ 
[00234142] 3 | 4 9 _ 0 10 6 3 11 3 _ 5 2 
[00234143] 2 | 4 9 7 0 10 6 3 11 3 _ 5 2 
[00234144] 3 | 4 9 _ 0 10 6 3 11 3 _ 5 8 
[00234145] 2 | 4 9 7 0 10 6 3 11 3 _ 5 8 
[00234146] 4 | 4 9 _ 0 10 _ 3 11 3 _ 5 1 
[00234147] 3 | 4 9 6 0 10 _ 3 11 3 _ 5 1 
[00234148] 2 | 4 9 6 0 10 8 3 11 3 _ 5 1 
[00234149] 3 | 4 9 _ 0 10 7 3 11 3 _ 5 1 
[00234150] 4 | 4 9 _ 0 10 _ 3 11 3 _ 5 9 
[00234151] 3 | 4 9 _ 0 10 7 3 11 3 _ 5 9 
[00234152] 5 | _ 9 4 0 10 _ 3 11 3 _ 5 _ 
[00234153] 4 | 5 9 4 0 10 _ 3 11 3 _ 5 _ 
[00234154] 3 | 5 9 4 0 10 7 3 11 3 _ 5 _ 
[00234155] 4 | _ 9 4 0 10 6 3 11 3 _ 5 _ 
[00234156] 3 | _ 9 4 0 10 6 3 11 3 _ 5 2 
[00234157] 2 | 7 9 4 0 10 6 3 11 3 _ 5 2 
[00234158] 3 | _ 9 4 0 10 6 3 11 3 _ 5 8 
[00234159] 2 | 7 9 4 0 10 6 3 11 3 _ 5 8 
[00234160] 4 | _ 9 4 0 10 _ 3 11 3 _ 5 1 
[00234161] 3 | 6 9 4 0 10 _ 3 11 3 _ 5 1 
[00234162] 2 | 6 9 4 0 10 8 3 11 3 _ 5 1 
[00234163] 3 | _ 9 4 0 10 7 3 11 3 _ 5 1 
[00234164] 4 | _ 9 4 0 10 _ 3 11 3 _ 5 9 
[00234165] 3 | _ 9 4 0 10 7 3 11 3 _ 5 9 
[00234166] 5 | _ 9 _ 0 10 5 3 11 3 _ 5 _ 
[00234167] 5 | _ 9 _ 0 10 _ 3 11 3 _ 5 10 
[00234168] 6 | _ 9 _ 0 10 _ 3 11 3 _ 1 7 
[00234169] 5 | 4 9 _ 0 10 _ 3 11 3 _ 1 7 
[00234170] 4 | 4 9 5 0 10 _ 3 11 3 _ 1 7 
[00234171] 4 | 4 9 _ 0 10 6 3 11 3 _ 1 7 
[00234172] 5 | _ 9 4 0 10 _ 3 11 3 _ 1 7 
[00234173] 4 | 5 9 4 0 10 _ 3 11 3 _ 1 7 
[00234174] 4 | _ 9 4 0 10 6 3 11 3 _ 1 7 
[00234175] 5 | _ 9 _ 0 10 5 3 11 3 _ 1 7 
[00234176] 6 | _ 9 _ 0 10 _ 3 11 3 _ 2 8 
[00234177] 5 | 4 9 _ 0 10 _ 3 11 3 _ 2 8 
[00234178] 4 | 4 9 5 0 10 _ 3 11 3 _ 2 8 
[00234179] 3 | 4 9 5 0 10 7 3 11 3 _ 2 8 
[00234180] 4 | 4 9 _ 0 10 6 3 11 3 _ 2 8 
[00234181] 5 | _ 9 4 0 10 _ 3 11 3 _ 2 8 
[00234182] 4 | 5 9 4 0 10 _ 3 11 3 _ 2 8 
[00234183] 3 | 5 9 4 0 10 7 3 11 3 _ 2 8 
[00234184] 4 | _ 9 4 0 10 6 3 11 3 _ 2 8 
[00234185] 5 | _ 9 _ 0 10 5 3 11 3 _ 2 8 
[00234186] 6 | _ 9 _ 0 10 _ 3 11 3 _ 7 1 
[00234187] 5 | 4 9 _ 0 10 _ 3 11 3 _ 7 1 
[00234188] 4 | 4 9 5 0 10 _ 3 11 3 _ 7 1 
[00234189] 4 | 4 9 _ 0 10 6 3 11 3 _ 7 1 
[00234190] 5 | _ 9 4 0 10 _ 3 11 3 _ 7 1 
[00234191] 4 | 5 9 4 0 10 _ 3 11 3 _ 7 1 
[00234192] 4 | _ 9 4 0 10 6 3 11 3 _ 7 1 
[00234193] 5 | _ 9 _ 0 10 5 3 11 3 _ 7 1 
[00234194] 6 | _ 9 _ 0 10 _ 3 11 3 _ 8 2 
[00234195] 5 | 4 9 _ 0 10 _ 3 11 3 _ 8 2 
[00234196] 4 | 4 9 5 0 10 _ 3 11 3 _ 8 2 
[00234197] 3 | 4 9 5 0 10 7 3 11 3 _ 8 2 
[00234198] 4 | 4 9 _ 0 10 6 3 11 3 _ 8 2 
[00234199] 5 | _ 9 4 0 10 _ 3 11 3 _ 8 2 
[00234200] 4 | 5 9 4 0 10 _ 3 11 3 _ 8 2 
[00234201] 3 | 5 9 4 0 10 7 3 11 3 _ 8 2 
[00234202] 4 | _ 9 4 0 10 6 3 11 3 _ 8 2 
[00234203] 5 | _ 9 _ 0 10 5 3 11 3 _ 8 2 
[00234204] 7 | _ 9 _ 0 10 _ _ 11 3 10 _ _ 
[00234205] 6 | _ 9 _ 0 10 _ _ 11 3 10 5 _ 
[00234206] 5 | 4 9 _ 0 10 _ _ 11 3 10 5 _ 
[00234207] 4 | 4 9 5 0 10 _ _ 11 3 10 5 _ 
[00234208] 4 | 4 9 _ 0 10 _ _ 11 3 10 5 1 
[00234209] 3 | 4 9 6 0 10 _ _ 11 3 10 5 1 
[00234210] 4 | 4 9 _ 0 10 _ _ 11 3 10 5 9 
[00234211] 5 | _ 9 4 0 10 _ _ 11 3 10 5 _ 
[00234212] 4 | 5 9 4 0 10 _ _ 11 3 10 5 _ 
[00234213] 4 | _ 9 4 0 10 _ _ 11 3 10 5 1 
[00234214] 3 | 6 9 4 0 10 _ _ 11 3 10 5 1 
[00234215] 4 | _ 9 4 0 10 _ _ 11 3 10 5 9 
[00234216] 6 | _ 9 _ 0 10 _ _ 11 3 10 1 7 
[00234217] 5 | 4 9 _ 0 10 _ _ 11 3 10 1 7 
[00234218] 4 | 4 9 5 0 10 _ _ 11 3 10 1 7 
[00234219] 5 | _ 9 4 0 10 _ _ 11 3 10 1 7 
[00234220] 4 | 5 9 4 0 10 _ _ 11 3 10 1 7 
[00234221] 6 | _ 9 _ 0 10 _ _ 11 3 10 2 8 
[00234222] 5 | 4 9 _ 0 10 _ _ 11 3 10 2 8 
[00234223] 4 | 4 9 5 0 10 _ _ 11 3 10 2 8 
[00234224] 5 | _ 9 4 0 10 _ _ 11 3 10 2 8 
[00234225] 4 | 5 9 4 0 10 _ _ 11 3 10 2 8 
[00234226] 6 | _ 9 _ 0 10 _ _ 11 3 10 7 1 
[00234227] 5 | 4 9 _ 0 10 _ _ 11 3 10 7 1 
[00234228] 4 | 4 9 5 0 10 _ _ 11 3 10 7 1 
[00234229] 5 | _ 9 4 0 10 _ _ 11 3 10 7 1 
[00234230] 4 | 5 9 4 0 10 _ _ 11 3 10 7 1 
[00234231] 6 | _ 9 _ 0 10 _ _ 11 3 10 8 2 
[00234232] 5 | 4 9 _ 0 10 _ _ 11 3 10 8 2 
[00234233] 4 | 4 9 5 0 10 _ _ 11 3 10 8 2 
[00234234] 5 | _ 9 4 0 10 _ _ 11 3 10 8 2 
[00234235] 4 | 5 9 4 0 10 _ _ 11 3 10 8 2 
[00234236] 7 | _ 9 _ 0 10 _ _ 11 3 _ 4 _ 
[00234237] 6 | 3 9 _ 0 10 _ _ 11 3 _ 4 _ 
[00234238] 5 | 3 9 4 0 10 _ _ 11 3 _ 4 _ 
[00234239] 4 | 3 9 4 0 10 6 _ 11 3 _ 4 _ 
[00234240] 3 | 3 9 4 0 10 6 7 11 3 _ 4 _ 
[00234241] 4 | 3 9 4 0 10 _ 6 11 3 _ 4 _ 
[00234242] 3 | 3 9 4 0 10 7 6 11 3 _ 4 _ 
[00234243] 5 | 3 9 _ 0 10 5 _ 11 3 _ 4 _ 
[00234244] 4 | 3 9 _ 0 10 5 6 11 3 _ 4 _ 
[00234245] 3 | 3 9 _ 0 10 5 6 11 3 _ 4 1 
[00234246] 2 | 3 9 7 0 10 5 6 11 3 _ 4 1 
[00234247] 3 | 3 9 _ 0 10 5 6 11 3 _ 4 7 
[00234248] 4 | 3 9 _ 0 10 5 _ 11 3 _ 4 8 
[00234249] 3 | 3 9 6 0 10 5 _ 11 3 _ 4 8 
[00234250] 3 | 3 9 _ 0 10 5 7 11 3 _ 4 8 
[00234251] 5 | 3 9 _ 0 10 _ 5 11 3 _ 4 _ 
[00234252] 4 | 3 9 _ 0 10 6 5 11 3 _ 4 _ 
[00234253] 3 | 3 9 _ 0 10 6 5 11 3 _ 4 1 
[00234254] 2 | 3 9 7 0 10 6 5 11 3 _ 4 1 
[00234255] 3 | 3 9 _ 0 10 6 5 11 3 _ 4 7 
[00234256] 4 | 3 9 _ 0 10 _ 5 11 3 _ 4 8 
[00234257] 3 | 3 9 6 0 10 _ 5 11 3 _ 4 8 
[00234258] 3 | 3 9 _ 0 10 7 5 11 3 _ 4 8 
[00234259] 5 | 3 9 _ 0 10 _ _ 11 3 _ 4 9 
[00234260] 4 | 3 9 _ 0 10 6 _ 11 3 _ 4 9 
[00234261] 3 | 3 9 _ 0 10 6 7 11 3 _ 4 9 
[00234262] 4 | 3 9 _ 0 10 _ 6 11 3 _ 4 9 
[00234263] 3 | 3 9 _ 0 10 7 6 11 3 _ 4 9 
[00234264] 6 | _ 9 3 0 10 _ _ 11 3 _ 4 _ 
[00234265] 5 | 4 9 3 0 10 _ _ 11 3 _ 4 _ 
[00234266] 4 | 4 9 3 0 10 6 _ 11 3 _ 4 _ 
[00234267] 3 | 4 9 3 0 10 6 7 11 3 _ 4 _ 
[00234268] 4 | 4 9 3 0 10 _ 6 11 3 _ 4 _ 
[00234269] 3 | 4 9 3 0 10 7 6 11 3 _ 4 _ 
[00234270] 5 | _ 9 3 0 10 5 _ 11 3 _ 4 _ 
[00234271] 4 | _ 9 3 0 10 5 6 11 3 _ 4 _ 
[00234272] 3 | _ 9 3 0 10 5 6 11 3 _ 4 1 
[00234273] 2 | 7 9 3 0 10 5 6 11 3 _ 4 1 
[00234274] 3 | _ 9 3 0 10 5 6 11 3 _ 4 7 
[00234275] 4 | _ 9 3 0 10 5 _ 11 3 _ 4 8 
[00234276] 3 | 6 9 3 0 10 5 _ 11 3 _ 4 8 
[00234277] 3 | _ 9 3 0 10 5 7 11 3 _ 4 8 
[00234278] 5 | _ 9 3 0 10 _ 5 11 3 _ 4 _ 
[00234279] 4 | _ 9 3 0 10 6 5 11 3 _ 4 _ 
[00234280] 3 | _ 9 3 0 10 6 5 11 3 _ 4 1 
[00234281] 2 | 7 9 3 0 10 6 5 11 3 _ 4 1 
[00234282] 3 | _ 9 3 0 10 6 5 11 3 _ 4 7 
[00234283] 4 | _ 9 3 0 10 _ 5 11 3 _ 4 8 
[00234284] 3 | 6 9 3 0 10 _ 5 11 3 _ 4 8 
[00234285] 3 | _ 9 3 0 10 7 5 11 3 _ 4 8 
[00234286] 5 | _ 9 3 0 10 _ _ 11 3 _ 4 9 
[00234287] 4 | _ 9 3 0 10 6 _ 11 3 _ 4 9 
[00234288] 3 | _ 9 3 0 10 6 7 11 3 _ 4 9 
[00234289] 4 | _ 9 3 0 10 _ 6 11 3 _ 4 9 
[00234290] 3 | _ 9 3 0 10 7 6 11 3 _ 4 9 
[00234291] 6 | _ 9 _ 0 10 4 _ 11 3 _ 4 _ 
[00234292] 5 | _ 9 _ 0 10 4 5 11 3 _ 4 _ 
[00234293] 4 | _ 9 _ 0 10 4 5 11 3 7 4 _ 
[00234294] 3 | 6 9 _ 0 10 4 5 11 3 7 4 _ 
[00234295] 3 | _ 9 6 0 10 4 5 11 3 7 4 _ 
[00234296] 5 | _ 9 _ 0 10 4 _ 11 3 8 4 _ 
[00234297] 4 | 5 9 _ 0 10 4 _ 11 3 8 4 _ 
[00234298] 3 | 5 9 6 0 10 4 _ 11 3 8 4 _ 
[00234299] 3 | 5 9 _ 0 10 4 7 11 3 8 4 _ 
[00234300] 4 | _ 9 5 0 10 4 _ 11 3 8 4 _ 
[00234301] 3 | 6 9 5 0 10 4 _ 11 3 8 4 _ 
[00234302] 3 | _ 9 5 0 10 4 7 11 3 8 4 _ 
[00234303] 4 | _ 9 _ 0 10 4 6 11 3 8 4 _ 
[00234304] 6 | _ 9 _ 0 10 _ 4 11 3 _ 4 _ 
[00234305] 5 | _ 9 _ 0 10 5 4 11 3 _ 4 _ 
[00234306] 4 | _ 9 _ 0 10 5 4 11 3 7 4 _ 
[00234307] 3 | 6 9 _ 0 10 5 4 11 3 7 4 _ 
[00234308] 3 | _ 9 6 0 10 5 4 11 3 7 4 _ 
[00234309] 5 | _ 9 _ 0 10 _ 4 11 3 8 4 _ 
[00234310] 4 | 5 9 _ 0 10 _ 4 11 3 8 4 _ 
[00234311] 3 | 5 9 6 0 10 _ 4 11 3 8 4 _ 
[00234312] 3 | 5 9 _ 0 10 7 4 11 3 8 4 _ 
[00234313] 4 | _ 9 5 0 10 _ 4 11 3 8 4 _ 
[00234314] 3 | 6 9 5 0 10 _ 4 11 3 8 4 _ 
[00234315] 3 | _ 9 5 0 10 7 4 11 3 8 4 _ 
[00234316] 4 | _ 9 _ 0 10 6 4 11 3 8 4 _ 
[00234317] 6 | _ 9 _ 0 10 _ _ 11 3 9 4 _ 
[00234318] 5 | _ 9 _ 0 10 5 _ 11 3 9 4 _ 
[00234319] 4 | _ 9 _ 0 10 5 6 11 3 9 4 _ 
[00234320] 3 | _ 9 _ 0 10 5 6 11 3 9 4 1 
[00234321] 3 | _ 9 _ 0 10 5 6 11 3 9 4 7 
[00234322] 4 | _ 9 _ 0 10 5 _ 11 3 9 4 8 
[00234323] 3 | _ 9 _ 0 10 5 7 11 3 9 4 8 
[00234324] 5 | _ 9 _ 0 10 _ 5 11 3 9 4 _ 
[00234325] 4 | _ 9 _ 0 10 6 5 11 3 9 4 _ 
[00234326] 3 | _ 9 _ 0 10 6 5 11 3 9 4 1 
[00234327] 3 | _ 9 _ 0 10 6 5 11 3 9 4 7 
[00234328] 4 | _ 9 _ 0 10 _ 5 11 3 9 4 8 
[00234329] 3 | _ 9 _ 0 10 7 5 11 3 9 4 8 
[00234330] 6 | _ 9 _ 0 10 _ _ 11 3 _ 4 10 
[00234331] 5 | _ 9 _ 0 10 _ _ 11 3 8 4 10 
[00234332] 4 | 5 9 _ 0 10 _ _ 11 3 8 4 10 
[00234333] 3 | 5 9 6 0 10 _ _ 11 3 8 4 10 
[00234334] 4 | _ 9 5 0 10 _ _ 11 3 8 4 10 
[00234335] 3 | 6 9 5 0 10 _ _ 11 3 8 4 10 
[00234336] 7 | _ 9 _ 0 10 _ _ 11 3 _ 1 8 
[00234337] 6 | 3 9 _ 0 10 _ _ 11 3 _ 1 8 
[00234338] 5 | 3 9 4 0 10 _ _ 11 3 _ 1 8 
[00234339] 4 | 3 9 4 0 10 6 _ 11 3 _ 1 8 
[00234340] 3 | 3 9 4 0 10 6 7 11 3 _ 1 8 
[00234341] 4 | 3 9 4 0 10 _ 6 11 3 _ 1 8 
[00234342] 3 | 3 9 4 0 10 7 6 11 3 _ 1 8 
[00234343] 5 | 3 9 _ 0 10 5 _ 11 3 _ 1 8 
[00234344] 4 | 3 9 _ 0 10 5 6 11 3 _ 1 8 
[00234345] 5 | 3 9 _ 0 10 _ 5 11 3 _ 1 8 
[00234346] 4 | 3 9 _ 0 10 6 5 11 3 _ 1 8 
[00234347] 6 | _ 9 3 0 10 _ _ 11 3 _ 1 8 
[00234348] 5 | 4 9 3 0 10 _ _ 11 3 _ 1 8 
[00234349] 4 | 4 9 3 0 10 6 _ 11 3 _ 1 8 
[00234350] 3 | 4 9 3 0 10 6 7 11 3 _ 1 8 
[00234351] 4 | 4 9 3 0 10 _ 6 11 3 _ 1 8 
[00234352] 3 | 4 9 3 0 10 7 6 11 3 _ 1 8 
[00234353] 5 | _ 9 3 0 10 5 _ 11 3 _ 1 8 
[00234354] 4 | _ 9 3 0 10 5 6 11 3 _ 1 8 
[00234355] 5 | _ 9 3 0 10 _ 5 11 3 _ 1 8 
[00234356] 4 | _ 9 3 0 10 6 5 11 3 _ 1 8 
[00234357] 6 | _ 9 _ 0 10 4 _ 11 3 _ 1 8 
[00234358] 5 | _ 9 _ 0 10 4 5 11 3 _ 1 8 
[00234359] 4 | _ 9 _ 0 10 4 5 11 3 7 1 8 
[00234360] 3 | 6 9 _ 0 10 4 5 11 3 7 1 8 
[00234361] 3 | _ 9 6 0 10 4 5 11 3 7 1 8 
[00234362] 6 | _ 9 _ 0 10 _ 4 11 3 _ 1 8 
[00234363] 5 | _ 9 _ 0 10 5 4 11 3 _ 1 8 
[00234364] 4 | _ 9 _ 0 10 5 4 11 3 7 1 8 
[00234365] 3 | 6 9 _ 0 10 5 4 11 3 7 1 8 
[00234366] 3 | _ 9 6 0 10 5 4 11 3 7 1 8 
[00234367] 6 | _ 9 _ 0 10 _ _ 11 3 9 1 8 
[00234368] 5 | _ 9 _ 0 10 5 _ 11 3 9 1 8 
[00234369] 4 | _ 9 _ 0 10 5 6 11 3 9 1 8 
[00234370] 5 | _ 9 _ 0 10 _ 5 11 3 9 1 8 
[00234371] 4 | _ 9 _ 0 10 6 5 11 3 9 1 8 
[00234372] 7 | _ 9 _ 0 10 _ _ 11 3 _ 8 1 
[00234373] 6 | 3 9 _ 0 10 _ _ 11 3 _ 8 1 
[00234374] 5 | 3 9 4 0 10 _ _ 11 3 _ 8 1 
[00234375] 4 | 3 9 4 0 10 6 _ 11 3 _ 8 1 
[00234376] 3 | 3 9 4 0 10 6 7 11 3 _ 8 1 
[00234377] 4 | 3 9 4 0 10 _ 6 11 3 _ 8 1 
[00234378] 3 | 3 9 4 0 10 7 6 11 3 _ 8 1 
[00234379] 5 | 3 9 _ 0 10 5 _ 11 3 _ 8 1 
[00234380] 4 | 3 9 _ 0 10 5 6 11 3 _ 8 1 
[00234381] 5 | 3 9 _ 0 10 _ 5 11 3 _ 8 1 
[00234382] 4 | 3 9 _ 0 10 6 5 11 3 _ 8 1 
[00234383] 6 | _ 9 3 0 10 _ _ 11 3 _ 8 1 
[00234384] 5 | 4 9 3 0 10 _ _ 11 3 _ 8 1 
[00234385] 4 | 4 9 3 0 10 6 _ 11 3 _ 8 1 
[00234386] 3 | 4 9 3 0 10 6 7 11 3 _ 8 1 
[00234387] 4 | 4 9 3 0 10 _ 6 11 3 _ 8 1 
[00234388] 3 | 4 9 3 0 10 7 6 11 3 _ 8 1 
[00234389] 5 | _ 9 3 0 10 5 _ 11 3 _ 8 1 
[00234390] 4 | _ 9 3 0 10 5 6 11 3 _ 8 1 
[00234391] 5 | _ 9 3 0 10 _ 5 11 3 _ 8 1 
[00234392] 4 | _ 9 3 0 10 6 5 11 3 _ 8 1 
[00234393] 6 | _ 9 _ 0 10 4 _ 11 3 _ 8 1 
[00234394] 5 | _ 9 _ 0 10 4 5 11 3 _ 8 1 
[00234395] 4 | _ 9 _ 0 10 4 5 11 3 7 8 1 
[00234396] 3 | 6 9 _ 0 10 4 5 11 3 7 8 1 
[00234397] 3 | _ 9 6 0 10 4 5 11 3 7 8 1 
[00234398] 6 | _ 9 _ 0 10 _ 4 11 3 _ 8 1 
[00234399] 5 | _ 9 _ 0 10 5 4 11 3 _ 8 1 
[00234400] 4 | _ 9 _ 0 10 5 4 11 3 7 8 1 
[00234401] 3 | 6 9 _ 0 10 5 4 11 3 7 8 1 
[00234402] 3 | _ 9 6 0 10 5 4 11 3 7 8 1 
[00234403] 6 | _ 9 _ 0 10 _ _ 11 3 9 8 1 
[00234404] 5 | _ 9 _ 0 10 5 _ 11 3 9 8 1 
[00234405] 4 | _ 9 _ 0 10 5 6 11 3 9 8 1 
[00234406] 5 | _ 9 _ 0 10 _ 5 11 3 9 8 1 
[00234407] 4 | _ 9 _ 0 10 6 5 11 3 9 8 1 
[00234408] 8 | _ 9 _ 0 10 _ _ 11 _ _ 3 _ 
[00234409] 7 | 2 9 _ 0 10 _ _ 11 _ _ 3 _ 
[00234410] 6 | 2 9 3 0 10 _ _ 11 _ _ 3 _ 
[00234411] 5 | 2 9 3 0 10 5 _ 11 _ _ 3 _ 
[00234412] 4 | 2 9 3 0 10 5 6 11 _ _ 3 _ 
[00234413] 3 | 2 9 3 0 10 5 6 11 8 _ 3 _ 
[00234414] 3 | 2 9 3 0 10 5 6 11 1 4 3 _ 
[00234415] 3 | 2 9 3 0 10 5 6 11 4 7 3 _ 
[00234416] 3 | 2 9 3 0 10 5 6 11 4 1 3 _ 
[00234417] 3 | 2 9 3 0 10 5 6 11 7 4 3 _ 
[00234418] 4 | 2 9 3 0 10 5 _ 11 7 _ 3 _ 
[00234419] 3 | 2 9 3 0 10 5 7 11 7 _ 3 _ 
[00234420] 3 | 2 9 3 0 10 5 _ 11 7 4 3 _ 
[00234421] 2 | 2 9 3 0 10 5 8 11 7 4 3 _ 
[00234422] 3 | 2 9 3 0 10 5 _ 11 7 10 3 _ 
[00234423] 4 | 2 9 3 0 10 5 _ 11 4 8 3 _ 
[00234424] 3 | 2 9 3 0 10 5 7 11 4 8 3 _ 
[00234425] 4 | 2 9 3 0 10 5 _ 11 8 4 3 _ 
[00234426] 3 | 2 9 3 0 10 5 7 11 8 4 3 _ 
[00234427] 5 | 2 9 3 0 10 _ 5 11 _ _ 3 _ 
[00234428] 4 | 2 9 3 0 10 6 5 11 _ _ 3 _ 
[00234429] 3 | 2 9 3 0 10 6 5 11 8 _ 3 _ 
[00234430] 3 | 2 9 3 0 10 6 5 11 1 4 3 _ 
[00234431] 3 | 2 9 3 0 10 6 5 11 4 7 3 _ 
[00234432] 3 | 2 9 3 0 10 6 5 11 4 1 3 _ 
[00234433] 3 | 2 9 3 0 10 6 5 11 7 4 3 _ 
[00234434] 4 | 2 9 3 0 10 _ 5 11 7 _ 3 _ 
[00234435] 3 | 2 9 3 0 10 7 5 11 7 _ 3 _ 
[00234436] 3 | 2 9 3 0 10 _ 5 11 7 4 3 _ 
[00234437] 2 | 2 9 3 0 10 8 5 11 7 4 3 _ 
[00234438] 3 | 2 9 3 0 10 _ 5 11 7 10 3 _ 
[00234439] 4 | 2 9 3 0 10 _ 5 11 4 8 3 _ 
[00234440] 3 | 2 9 3 0 10 7 5 11 4 8 3 _ 
[00234441] 4 | 2 9 3 0 10 _ 5 11 8 4 3 _ 
[00234442] 3 | 2 9 3 0 10 7 5 11 8 4 3 _ 
[00234443] 5 | 2 9 3 0 10 _ _ 11 6 _ 3 _ 
[00234444] 4 | 2 9 3 0 10 6 _ 11 6 _ 3 _ 
[00234445] 3 | 2 9 3 0 10 6 7 11 6 _ 3 _ 
[00234446] 4 | 2 9 3 0 10 _ 6 11 6 _ 3 _ 
[00234447] 3 | 2 9 3 0 10 7 6 11 6 _ 3 _ 
[00234448] 4 | 2 9 3 0 10 _ _ 11 6 10 3 _ 
[00234449] 5 | 2 9 3 0 10 _ _ 11 1 6 3 _ 
[00234450] 5 | 2 9 3 0 10 _ _ 11 6 1 3 _ 
[00234451] 6 | 2 9 _ 0 10 4 _ 11 _ _ 3 _ 
[00234452] 5 | 2 9 _ 0 10 4 5 11 _ _ 3 _ 
[00234453] 4 | 2 9 _ 0 10 4 5 11 7 _ 3 _ 
[00234454] 3 | 2 9 6 0 10 4 5 11 7 _ 3 _ 
[00234455] 2 | 2 9 6 0 10 4 5 11 7 _ 3 1 
[00234456] 1 | 2 9 6 0 10 4 5 11 7 8 3 1  *Graceful*
[00234456] 3 | 2 9 _ 0 10 4 5 11 7 _ 3 6 
[00234457] 2 | 2 9 7 0 10 4 5 11 7 _ 3 6 
[00234458] 2 | 2 9 _ 0 10 4 5 11 7 9 3 6 
[00234459] 4 | 2 9 _ 0 10 4 5 11 _ _ 3 7 
[00234460] 3 | 2 9 6 0 10 4 5 11 _ _ 3 7 
[00234461] 3 | 2 9 _ 0 10 4 5 11 8 _ 3 7 
[00234462] 2 | 2 9 _ 0 10 4 5 11 8 6 3 7 
[00234463] 5 | 2 9 _ 0 10 4 _ 11 6 _ 3 _ 
[00234464] 4 | 2 9 5 0 10 4 _ 11 6 _ 3 _ 
[00234465] 3 | 2 9 5 0 10 4 7 11 6 _ 3 _ 
[00234466] 2 | 2 9 5 0 10 4 7 11 6 8 3 _ 
[00234467] 2 | 2 9 5 0 10 4 7 11 6 _ 3 1 
[00234468] 3 | 2 9 5 0 10 4 _ 11 6 3 3 _ 
[00234469] 2 | 2 9 5 0 10 4 8 11 6 3 3 _ 
[00234470] 3 | 2 9 5 0 10 4 _ 11 6 _ 3 6 
[00234471] 2 | 2 9 5 0 10 4 8 11 6 _ 3 6 
[00234472] 4 | 2 9 _ 0 10 4 6 11 6 _ 3 _ 
[00234473] 4 | 2 9 _ 0 10 4 _ 11 6 10 3 _ 
[00234474] 4 | 2 9 _ 0 10 4 _ 11 6 _ 3 7 
[00234475] 3 | 2 9 6 0 10 4 _ 11 6 _ 3 7 
[00234476] 2 | 2 9 6 0 10 4 8 11 6 _ 3 7 
[00234477] 3 | 2 9 _ 0 10 4 _ 11 6 9 3 7 
[00234478] 2 | 2 9 _ 0 10 4 8 11 6 9 3 7 
[00234479] 5 | 2 9 _ 0 10 4 _ 11 1 6 3 _ 
[00234480] 4 | 2 9 5 0 10 4 _ 11 1 6 3 _ 
[00234481] 3 | 2 9 5 0 10 4 7 11 1 6 3 _ 
[00234482] 4 | 2 9 _ 0 10 4 _ 11 1 6 3 7 
[00234483] 5 | 2 9 _ 0 10 4 _ 11 6 1 3 _ 
[00234484] 4 | 2 9 5 0 10 4 _ 11 6 1 3 _ 
[00234485] 3 | 2 9 5 0 10 4 7 11 6 1 3 _ 
[00234486] 4 | 2 9 _ 0 10 4 _ 11 6 1 3 7 
[00234487] 5 | 2 9 _ 0 10 4 _ 11 _ _ 3 8 
[00234488] 4 | 2 9 5 0 10 4 _ 11 _ _ 3 8 
[00234489] 3 | 2 9 5 0 10 4 7 11 _ _ 3 8 
[00234490] 4 | 2 9 _ 0 10 4 6 11 _ _ 3 8 
[00234491] 4 | 2 9 _ 0 10 4 _ 11 7 _ 3 8 
[00234492] 3 | 2 9 6 0 10 4 _ 11 7 _ 3 8 
[00234493] 2 | 2 9 6 0 10 4 _ 11 7 5 3 8 
[00234494] 3 | 2 9 _ 0 10 4 7 11 7 _ 3 8 
[00234495] 3 | 2 9 _ 0 10 4 _ 11 7 10 3 8 
[00234496] 4 | 2 9 _ 0 10 4 _ 11 1 5 3 8 
[00234497] 3 | 2 9 6 0 10 4 _ 11 1 5 3 8 
[00234498] 3 | 2 9 _ 0 10 4 7 11 1 5 3 8 
[00234499] 4 | 2 9 _ 0 10 4 _ 11 5 1 3 8 
[00234500] 3 | 2 9 6 0 10 4 _ 11 5 1 3 8 
[00234501] 3 | 2 9 _ 0 10 4 7 11 5 1 3 8 
[00234502] 6 | 2 9 _ 0 10 _ 4 11 _ _ 3 _ 
[00234503] 5 | 2 9 _ 0 10 5 4 11 _ _ 3 _ 
[00234504] 4 | 2 9 _ 0 10 5 4 11 7 _ 3 _ 
[00234505] 3 | 2 9 6 0 10 5 4 11 7 _ 3 _ 
[00234506] 2 | 2 9 6 0 10 5 4 11 7 _ 3 1 
[00234507] 1 | 2 9 6 0 10 5 4 11 7 8 3 1  *Graceful*
[00234507] 3 | 2 9 _ 0 10 5 4 11 7 _ 3 6 
