[00180973] 3 | 3 8 4 11 0 _ 6 1 9 2 10 7 
[00180974] 4 | 3 8 _ 11 0 4 6 1 9 2 10 _ 
[00180975] 3 | 3 8 5 11 0 4 6 1 9 2 10 _ 
[00180976] 3 | 3 8 _ 11 0 4 6 1 9 2 10 7 
[00180977] 5 | 8 3 _ 11 0 _ 6 1 9 2 10 _ 
[00180978] 5 | _ 3 8 11 0 _ 6 1 9 2 10 _ 
[00180979] 5 | _ 8 3 11 0 _ 6 1 9 2 10 _ 
[00180980] 4 | 4 8 3 11 0 _ 6 1 9 2 10 _ 
[00180981] 3 | 4 8 3 11 0 _ 6 1 9 2 10 7 
[00180982] 4 | _ 8 3 11 0 4 6 1 9 2 10 _ 
[00180983] 3 | 5 8 3 11 0 4 6 1 9 2 10 _ 
[00180984] 3 | _ 8 3 11 0 4 6 1 9 2 10 7 
[00180985] 5 | _ _ _ 11 0 5 6 1 9 2 10 _ 
[00180986] 4 | 3 7 _ 11 0 5 6 1 9 2 10 _ 
[00180987] 4 | 4 8 _ 11 0 5 6 1 9 2 10 _ 
[00180988] 3 | 4 8 _ 11 0 5 6 1 9 2 10 7 
[00180989] 4 | 7 3 _ 11 0 5 6 1 9 2 10 _ 
[00180990] 4 | 8 4 _ 11 0 5 6 1 9 2 10 _ 
[00180991] 4 | _ 3 7 11 0 5 6 1 9 2 10 _ 
[00180992] 4 | _ 4 8 11 0 5 6 1 9 2 10 _ 
[00180993] 4 | _ 7 3 11 0 5 6 1 9 2 10 _ 
[00180994] 4 | _ 8 4 11 0 5 6 1 9 2 10 _ 
[00180995] 3 | _ 8 4 11 0 5 6 1 9 2 10 7 
[00180996] 4 | _ 7 _ 11 0 5 6 1 9 2 10 _ 
[00180997] 3 | 4 7 _ 11 0 5 6 1 9 2 10 _ 
[00180998] 2 | 4 7 _ 11 0 5 6 1 9 2 10 8 
[00180999] 3 | 10 7 _ 11 0 5 6 1 9 2 10 _ 
[00181000] 3 | _ 7 4 11 0 5 6 1 9 2 10 _ 
[00181001] 2 | _ 7 4 11 0 5 6 1 9 2 10 8 
[00181002] 3 | _ 7 10 11 0 5 6 1 9 2 10 _ 
[00181003] 3 | _ 7 _ 11 0 5 6 1 9 2 10 7 
[00181004] 5 | _ _ _ 11 0 _ 6 1 9 2 10 5 
[00181005] 4 | 3 7 _ 11 0 _ 6 1 9 2 10 5 
[00181006] 4 | 4 8 _ 11 0 _ 6 1 9 2 10 5 
[00181007] 3 | 4 8 _ 11 0 3 6 1 9 2 10 5 
[00181008] 4 | 7 3 _ 11 0 _ 6 1 9 2 10 5 
[00181009] 4 | 8 4 _ 11 0 _ 6 1 9 2 10 5 
[00181010] 4 | _ 3 7 11 0 _ 6 1 9 2 10 5 
[00181011] 4 | _ 4 8 11 0 _ 6 1 9 2 10 5 
[00181012] 4 | _ 7 3 11 0 _ 6 1 9 2 10 5 
[00181013] 4 | _ 8 4 11 0 _ 6 1 9 2 10 5 
[00181014] 3 | _ 8 4 11 0 3 6 1 9 2 10 5 
[00181015] 4 | _ 7 _ 11 0 _ 6 1 9 2 10 5 
[00181016] 3 | 4 7 _ 11 0 _ 6 1 9 2 10 5 
[00181017] 3 | _ 7 4 11 0 _ 6 1 9 2 10 5 
[00181018] 3 | _ 7 _ 11 0 3 6 1 9 2 10 5 
[00181019] 4 | _ _ _ 11 0 4 6 1 9 2 10 5 
[00181020] 3 | _ 8 _ 11 0 4 6 1 9 2 10 5 
[00181021] 6 | _ _ _ 11 0 _ _ 1 9 2 10 4 
[00181022] 5 | 3 8 _ 11 0 _ _ 1 9 2 10 4 
[00181023] 5 | 8 3 _ 11 0 _ _ 1 9 2 10 4 
[00181024] 5 | _ 3 8 11 0 _ _ 1 9 2 10 4 
[00181025] 5 | _ 8 3 11 0 _ _ 1 9 2 10 4 
[00181026] 5 | _ 6 _ 11 0 _ _ 1 9 2 10 4 
[00181027] 5 | _ _ _ 11 0 5 _ 1 9 2 10 4 
[00181028] 4 | 3 7 _ 11 0 5 _ 1 9 2 10 4 
[00181029] 4 | 7 3 _ 11 0 5 _ 1 9 2 10 4 
[00181030] 4 | _ 3 7 11 0 5 _ 1 9 2 10 4 
[00181031] 4 | _ 7 3 11 0 5 _ 1 9 2 10 4 
[00181032] 4 | _ 7 _ 11 0 5 _ 1 9 2 10 4 
[00181033] 3 | _ 7 _ 11 0 5 3 1 9 2 10 4 
[00181034] 5 | _ _ _ 11 0 _ 5 1 9 2 10 4 
[00181035] 4 | 3 7 _ 11 0 _ 5 1 9 2 10 4 
[00181036] 4 | 7 3 _ 11 0 _ 5 1 9 2 10 4 
[00181037] 4 | _ 3 7 11 0 _ 5 1 9 2 10 4 
[00181038] 4 | _ 7 3 11 0 _ 5 1 9 2 10 4 
[00181039] 4 | _ 7 _ 11 0 _ 5 1 9 2 10 4 
[00181040] 3 | _ 7 _ 11 0 3 5 1 9 2 10 4 
[00181041] 7 | _ _ _ 11 0 _ _ 1 9 _ 10 3 
[00181042] 6 | 2 8 _ 11 0 _ _ 1 9 _ 10 3 
[00181043] 5 | 2 8 _ 11 0 5 _ 1 9 _ 10 3 
[00181044] 4 | 2 8 4 11 0 5 _ 1 9 _ 10 3 
[00181045] 3 | 2 8 4 11 0 5 _ 1 9 6 10 3 
[00181046] 4 | 2 8 _ 11 0 5 4 1 9 _ 10 3 
[00181047] 3 | 2 8 _ 11 0 5 4 1 9 6 10 3 
[00181048] 5 | 2 8 _ 11 0 _ 5 1 9 _ 10 3 
[00181049] 4 | 2 8 4 11 0 _ 5 1 9 _ 10 3 
[00181050] 3 | 2 8 4 11 0 _ 5 1 9 6 10 3 
[00181051] 4 | 2 8 _ 11 0 4 5 1 9 _ 10 3 
[00181052] 3 | 2 8 _ 11 0 4 5 1 9 6 10 3 
[00181053] 5 | 2 8 _ 11 0 _ _ 1 9 4 10 3 
[00181054] 6 | 8 2 _ 11 0 _ _ 1 9 _ 10 3 
[00181055] 6 | _ 2 8 11 0 _ _ 1 9 _ 10 3 
[00181056] 6 | _ 8 2 11 0 _ _ 1 9 _ 10 3 
[00181057] 5 | _ 8 2 11 0 5 _ 1 9 _ 10 3 
[00181058] 4 | 4 8 2 11 0 5 _ 1 9 _ 10 3 
[00181059] 3 | 4 8 2 11 0 5 _ 1 9 6 10 3 
[00181060] 4 | _ 8 2 11 0 5 4 1 9 _ 10 3 
[00181061] 3 | _ 8 2 11 0 5 4 1 9 6 10 3 
[00181062] 5 | _ 8 2 11 0 _ 5 1 9 _ 10 3 
[00181063] 4 | 4 8 2 11 0 _ 5 1 9 _ 10 3 
[00181064] 3 | 4 8 2 11 0 _ 5 1 9 6 10 3 
[00181065] 4 | _ 8 2 11 0 4 5 1 9 _ 10 3 
[00181066] 3 | _ 8 2 11 0 4 5 1 9 6 10 3 
[00181067] 5 | _ 8 2 11 0 _ _ 1 9 4 10 3 
[00181068] 6 | _ 5 _ 11 0 _ _ 1 9 _ 10 3 
[00181069] 5 | 0 5 _ 11 0 _ _ 1 9 _ 10 3 
[00181070] 4 | 0 5 9 11 0 _ _ 1 9 _ 10 3 
[00181071] 4 | 0 5 _ 11 0 _ _ 1 9 5 10 3 
[00181072] 5 | _ 5 0 11 0 _ _ 1 9 _ 10 3 
[00181073] 4 | 9 5 0 11 0 _ _ 1 9 _ 10 3 
[00181074] 4 | _ 5 0 11 0 _ _ 1 9 5 10 3 
[00181075] 5 | _ 5 _ 11 0 5 _ 1 9 _ 10 3 
[00181076] 4 | _ 5 _ 11 0 5 4 1 9 _ 10 3 
[00181077] 3 | _ 5 _ 11 0 5 4 1 9 6 10 3 
[00181078] 5 | _ 5 _ 11 0 _ 5 1 9 _ 10 3 
[00181079] 4 | _ 5 _ 11 0 4 5 1 9 _ 10 3 
[00181080] 3 | _ 5 _ 11 0 4 5 1 9 6 10 3 
[00181081] 5 | _ 5 _ 11 0 _ _ 1 9 4 10 3 
[00181082] 6 | _ _ _ 11 0 6 _ 1 9 _ 10 3 
[00181083] 5 | 2 7 _ 11 0 6 _ 1 9 _ 10 3 
[00181084] 4 | 2 7 _ 11 0 6 4 1 9 _ 10 3 
[00181085] 4 | 2 7 _ 11 0 6 _ 1 9 5 10 3 
[00181086] 3 | 2 7 4 11 0 6 _ 1 9 5 10 3 
[00181087] 5 | 7 2 _ 11 0 6 _ 1 9 _ 10 3 
[00181088] 5 | _ 2 7 11 0 6 _ 1 9 _ 10 3 
[00181089] 5 | _ 7 2 11 0 6 _ 1 9 _ 10 3 
[00181090] 4 | _ 7 2 11 0 6 4 1 9 _ 10 3 
[00181091] 4 | _ 7 2 11 0 6 _ 1 9 5 10 3 
[00181092] 3 | 4 7 2 11 0 6 _ 1 9 5 10 3 
[00181093] 5 | _ _ _ 11 0 6 5 1 9 _ 10 3 
[00181094] 4 | 4 8 _ 11 0 6 5 1 9 _ 10 3 
[00181095] 4 | 8 4 _ 11 0 6 5 1 9 _ 10 3 
[00181096] 4 | _ 4 8 11 0 6 5 1 9 _ 10 3 
[00181097] 4 | _ 8 4 11 0 6 5 1 9 _ 10 3 
[00181098] 4 | _ 7 _ 11 0 6 5 1 9 _ 10 3 
[00181099] 3 | 4 7 _ 11 0 6 5 1 9 _ 10 3 
[00181100] 2 | 4 7 9 11 0 6 5 1 9 _ 10 3 
[00181101] 2 | 4 7 _ 11 0 6 5 1 9 7 10 3 
[00181102] 3 | _ 7 4 11 0 6 5 1 9 _ 10 3 
[00181103] 2 | 9 7 4 11 0 6 5 1 9 _ 10 3 
[00181104] 2 | _ 7 4 11 0 6 5 1 9 7 10 3 
[00181105] 5 | _ _ _ 11 0 6 _ 1 9 4 10 3 
[00181106] 4 | _ 7 _ 11 0 6 _ 1 9 4 10 3 
[00181107] 6 | _ _ _ 11 0 _ 6 1 9 _ 10 3 
[00181108] 5 | 2 7 _ 11 0 _ 6 1 9 _ 10 3 
[00181109] 4 | 2 7 _ 11 0 4 6 1 9 _ 10 3 
[00181110] 4 | 2 7 _ 11 0 _ 6 1 9 5 10 3 
[00181111] 3 | 2 7 4 11 0 _ 6 1 9 5 10 3 
[00181112] 5 | 7 2 _ 11 0 _ 6 1 9 _ 10 3 
[00181113] 5 | _ 2 7 11 0 _ 6 1 9 _ 10 3 
[00181114] 5 | _ 7 2 11 0 _ 6 1 9 _ 10 3 
[00181115] 4 | _ 7 2 11 0 4 6 1 9 _ 10 3 
[00181116] 4 | _ 7 2 11 0 _ 6 1 9 5 10 3 
[00181117] 3 | 4 7 2 11 0 _ 6 1 9 5 10 3 
[00181118] 5 | _ _ _ 11 0 5 6 1 9 _ 10 3 
[00181119] 4 | 4 8 _ 11 0 5 6 1 9 _ 10 3 
[00181120] 4 | 8 4 _ 11 0 5 6 1 9 _ 10 3 
[00181121] 4 | _ 4 8 11 0 5 6 1 9 _ 10 3 
[00181122] 4 | _ 8 4 11 0 5 6 1 9 _ 10 3 
[00181123] 4 | _ 7 _ 11 0 5 6 1 9 _ 10 3 
[00181124] 3 | 4 7 _ 11 0 5 6 1 9 _ 10 3 
[00181125] 2 | 4 7 9 11 0 5 6 1 9 _ 10 3 
[00181126] 2 | 4 7 _ 11 0 5 6 1 9 7 10 3 
[00181127] 3 | _ 7 4 11 0 5 6 1 9 _ 10 3 
[00181128] 2 | 9 7 4 11 0 5 6 1 9 _ 10 3 
[00181129] 2 | _ 7 4 11 0 5 6 1 9 7 10 3 
[00181130] 5 | _ _ _ 11 0 _ 6 1 9 4 10 3 
[00181131] 4 | _ 7 _ 11 0 _ 6 1 9 4 10 3 
[00181132] 8 | _ _ _ 11 0 _ _ 1 _ _ 10 2 
[00181133] 7 | _ 4 _ 11 0 _ _ 1 _ _ 10 2 
[00181134] 6 | _ 4 _ 11 0 6 _ 1 _ _ 10 2 
[00181135] 5 | 9 4 _ 11 0 6 _ 1 _ _ 10 2 
[00181136] 4 | 9 4 0 11 0 6 _ 1 _ _ 10 2 
[00181137] 3 | 9 4 0 11 0 6 _ 1 5 8 10 2 
[00181138] 3 | 9 4 0 11 0 6 _ 1 8 5 10 2 
[00181139] 4 | 9 4 8 11 0 6 _ 1 _ _ 10 2 
[00181140] 3 | 9 4 8 11 0 6 3 1 _ _ 10 2 
[00181141] 2 | 9 4 8 11 0 6 3 1 5 7 10 2 
[00181142] 2 | 9 4 8 11 0 6 3 1 7 5 10 2 
[00181143] 4 | 9 4 _ 11 0 6 4 1 _ _ 10 2 
[00181144] 3 | 9 4 _ 11 0 6 4 1 5 8 10 2 
[00181145] 3 | 9 4 _ 11 0 6 4 1 8 5 10 2 
[00181146] 4 | 9 4 _ 11 0 6 _ 1 5 _ 10 2 
[00181147] 3 | 9 4 7 11 0 6 _ 1 5 _ 10 2 
[00181148] 2 | 9 4 7 11 0 6 _ 1 5 3 10 2 
[00181149] 3 | 9 4 _ 11 0 6 3 1 5 _ 10 2 
[00181150] 2 | 9 4 _ 11 0 6 3 1 5 7 10 2 
[00181151] 3 | 9 4 _ 11 0 6 _ 1 5 8 10 2 
[00181152] 4 | 9 4 _ 11 0 6 _ 1 3 7 10 2 
[00181153] 4 | 9 4 _ 11 0 6 _ 1 7 3 10 2 
[00181154] 5 | _ 4 9 11 0 6 _ 1 _ _ 10 2 
[00181155] 4 | 0 4 9 11 0 6 _ 1 _ _ 10 2 
[00181156] 3 | 0 4 9 11 0 6 _ 1 5 8 10 2 
[00181157] 3 | 0 4 9 11 0 6 _ 1 8 5 10 2 
[00181158] 4 | 8 4 9 11 0 6 _ 1 _ _ 10 2 
[00181159] 3 | 8 4 9 11 0 6 3 1 _ _ 10 2 
[00181160] 2 | 8 4 9 11 0 6 3 1 5 7 10 2 
[00181161] 2 | 8 4 9 11 0 6 3 1 7 5 10 2 
[00181162] 4 | _ 4 9 11 0 6 4 1 _ _ 10 2 
[00181163] 3 | _ 4 9 11 0 6 4 1 5 8 10 2 
[00181164] 3 | _ 4 9 11 0 6 4 1 8 5 10 2 
[00181165] 4 | _ 4 9 11 0 6 _ 1 5 _ 10 2 
[00181166] 3 | 7 4 9 11 0 6 _ 1 5 _ 10 2 
[00181167] 2 | 7 4 9 11 0 6 _ 1 5 3 10 2 
[00181168] 3 | _ 4 9 11 0 6 3 1 5 _ 10 2 
[00181169] 2 | _ 4 9 11 0 6 3 1 5 7 10 2 
[00181170] 3 | _ 4 9 11 0 6 _ 1 5 8 10 2 
[00181171] 4 | _ 4 9 11 0 6 _ 1 3 7 10 2 
[00181172] 4 | _ 4 9 11 0 6 _ 1 7 3 10 2 
[00181173] 5 | _ 4 _ 11 0 6 5 1 _ _ 10 2 
[00181174] 4 | 8 4 _ 11 0 6 5 1 _ _ 10 2 
[00181175] 3 | 8 4 1 11 0 6 5 1 _ _ 10 2 
[00181176] 2 | 8 4 1 11 0 6 5 1 7 9 10 2 
[00181177] 2 | 8 4 1 11 0 6 5 1 9 7 10 2 
[00181178] 3 | 8 4 7 11 0 6 5 1 _ _ 10 2 
[00181179] 2 | 8 4 7 11 0 6 5 1 3 _ 10 2 
[00181180] 3 | 8 4 _ 11 0 6 5 1 4 _ 10 2 
[00181181] 4 | _ 4 8 11 0 6 5 1 _ _ 10 2 
[00181182] 3 | 1 4 8 11 0 6 5 1 _ _ 10 2 
[00181183] 2 | 1 4 8 11 0 6 5 1 7 9 10 2 
[00181184] 2 | 1 4 8 11 0 6 5 1 9 7 10 2 
[00181185] 3 | 7 4 8 11 0 6 5 1 _ _ 10 2 
[00181186] 2 | 7 4 8 11 0 6 5 1 3 _ 10 2 
[00181187] 3 | _ 4 8 11 0 6 5 1 4 _ 10 2 
[00181188] 4 | _ 4 _ 11 0 6 5 1 3 7 10 2 
[00181189] 4 | _ 4 _ 11 0 6 5 1 7 3 10 2 
[00181190] 5 | _ 4 _ 11 0 6 _ 1 3 8 10 2 
[00181191] 4 | 0 4 _ 11 0 6 _ 1 3 8 10 2 
[00181192] 3 | 0 4 7 11 0 6 _ 1 3 8 10 2 
[00181193] 4 | _ 4 0 11 0 6 _ 1 3 8 10 2 
[00181194] 3 | 7 4 0 11 0 6 _ 1 3 8 10 2 
[00181195] 4 | _ 4 _ 11 0 6 4 1 3 8 10 2 
[00181196] 5 | _ 4 _ 11 0 6 _ 1 8 3 10 2 
[00181197] 4 | 0 4 _ 11 0 6 _ 1 8 3 10 2 
[00181198] 3 | 0 4 7 11 0 6 _ 1 8 3 10 2 
[00181199] 4 | _ 4 0 11 0 6 _ 1 8 3 10 2 
[00181200] 3 | 7 4 0 11 0 6 _ 1 8 3 10 2 
[00181201] 4 | _ 4 _ 11 0 6 4 1 8 3 10 2 
[00181202] 6 | _ 4 _ 11 0 _ 6 1 _ _ 10 2 
[00181203] 5 | 9 4 _ 11 0 _ 6 1 _ _ 10 2 
[00181204] 4 | 9 4 0 11 0 _ 6 1 _ _ 10 2 
[00181205] 3 | 9 4 0 11 0 _ 6 1 5 8 10 2 
[00181206] 3 | 9 4 0 11 0 _ 6 1 8 5 10 2 
[00181207] 4 | 9 4 8 11 0 _ 6 1 _ _ 10 2 
[00181208] 3 | 9 4 8 11 0 3 6 1 _ _ 10 2 
[00181209] 2 | 9 4 8 11 0 3 6 1 5 7 10 2 
[00181210] 2 | 9 4 8 11 0 3 6 1 7 5 10 2 
[00181211] 4 | 9 4 _ 11 0 4 6 1 _ _ 10 2 
[00181212] 3 | 9 4 _ 11 0 4 6 1 5 8 10 2 
[00181213] 3 | 9 4 _ 11 0 4 6 1 8 5 10 2 
[00181214] 4 | 9 4 _ 11 0 _ 6 1 5 _ 10 2 
[00181215] 3 | 9 4 7 11 0 _ 6 1 5 _ 10 2 
[00181216] 2 | 9 4 7 11 0 _ 6 1 5 3 10 2 
[00181217] 3 | 9 4 _ 11 0 3 6 1 5 _ 10 2 
[00181218] 2 | 9 4 _ 11 0 3 6 1 5 7 10 2 
[00181219] 3 | 9 4 _ 11 0 _ 6 1 5 8 10 2 
[00181220] 4 | 9 4 _ 11 0 _ 6 1 3 7 10 2 
[00181221] 4 | 9 4 _ 11 0 _ 6 1 7 3 10 2 
[00181222] 5 | _ 4 9 11 0 _ 6 1 _ _ 10 2 
[00181223] 4 | 0 4 9 11 0 _ 6 1 _ _ 10 2 
[00181224] 3 | 0 4 9 11 0 _ 6 1 5 8 10 2 
[00181225] 3 | 0 4 9 11 0 _ 6 1 8 5 10 2 
[00181226] 4 | 8 4 9 11 0 _ 6 1 _ _ 10 2 
[00181227] 3 | 8 4 9 11 0 3 6 1 _ _ 10 2 
[00181228] 2 | 8 4 9 11 0 3 6 1 5 7 10 2 
[00181229] 2 | 8 4 9 11 0 3 6 1 7 5 10 2 
[00181230] 4 | _ 4 9 11 0 4 6 1 _ _ 10 2 
[00181231] 3 | _ 4 9 11 0 4 6 1 5 8 10 2 
[00181232] 3 | _ 4 9 11 0 4 6 1 8 5 10 2 
[00181233] 4 | _ 4 9 11 0 _ 6 1 5 _ 10 2 
[00181234] 3 | 7 4 9 11 0 _ 6 1 5 _ 10 2 
[00181235] 2 | 7 4 9 11 0 _ 6 1 5 3 10 2 
[00181236] 3 | _ 4 9 11 0 3 6 1 5 _ 10 2 
[00181237] 2 | _ 4 9 11 0 3 6 1 5 7 10 2 
[00181238] 3 | _ 4 9 11 0 _ 6 1 5 8 10 2 
[00181239] 4 | _ 4 9 11 0 _ 6 1 3 7 10 2 
[00181240] 4 | _ 4 9 11 0 _ 6 1 7 3 10 2 
[00181241] 5 | _ 4 _ 11 0 5 6 1 _ _ 10 2 
[00181242] 4 | 8 4 _ 11 0 5 6 1 _ _ 10 2 
[00181243] 3 | 8 4 1 11 0 5 6 1 _ _ 10 2 
[00181244] 2 | 8 4 1 11 0 5 6 1 7 9 10 2 
[00181245] 2 | 8 4 1 11 0 5 6 1 9 7 10 2 
[00181246] 3 | 8 4 7 11 0 5 6 1 _ _ 10 2 
[00181247] 2 | 8 4 7 11 0 5 6 1 3 _ 10 2 
[00181248] 3 | 8 4 _ 11 0 5 6 1 4 _ 10 2 
[00181249] 4 | _ 4 8 11 0 5 6 1 _ _ 10 2 
[00181250] 3 | 1 4 8 11 0 5 6 1 _ _ 10 2 
[00181251] 2 | 1 4 8 11 0 5 6 1 7 9 10 2 
[00181252] 2 | 1 4 8 11 0 5 6 1 9 7 10 2 
[00181253] 3 | 7 4 8 11 0 5 6 1 _ _ 10 2 
[00181254] 2 | 7 4 8 11 0 5 6 1 3 _ 10 2 
[00181255] 3 | _ 4 8 11 0 5 6 1 4 _ 10 2 
[00181256] 4 | _ 4 _ 11 0 5 6 1 3 7 10 2 
[00181257] 4 | _ 4 _ 11 0 5 6 1 7 3 10 2 
[00181258] 5 | _ 4 _ 11 0 _ 6 1 3 8 10 2 
[00181259] 4 | 0 4 _ 11 0 _ 6 1 3 8 10 2 
[00181260] 3 | 0 4 7 11 0 _ 6 1 3 8 10 2 
[00181261] 4 | _ 4 0 11 0 _ 6 1 3 8 10 2 
[00181262] 3 | 7 4 0 11 0 _ 6 1 3 8 10 2 
[00181263] 4 | _ 4 _ 11 0 4 6 1 3 8 10 2 
[00181264] 5 | _ 4 _ 11 0 _ 6 1 8 3 10 2 
[00181265] 4 | 0 4 _ 11 0 _ 6 1 8 3 10 2 
[00181266] 3 | 0 4 7 11 0 _ 6 1 8 3 10 2 
[00181267] 4 | _ 4 0 11 0 _ 6 1 8 3 10 2 
[00181268] 3 | 7 4 0 11 0 _ 6 1 8 3 10 2 
[00181269] 4 | _ 4 _ 11 0 4 6 1 8 3 10 2 
[00181270] 6 | _ 4 _ 11 0 _ _ 1 7 _ 10 2 
[00181271] 5 | 9 4 _ 11 0 _ _ 1 7 _ 10 2 
[00181272] 4 | 9 4 0 11 0 _ _ 1 7 _ 10 2 
[00181273] 4 | 9 4 8 11 0 _ _ 1 7 _ 10 2 
[00181274] 3 | 9 4 8 11 0 3 _ 1 7 _ 10 2 
[00181275] 2 | 9 4 8 11 0 3 _ 1 7 5 10 2 
[00181276] 3 | 9 4 8 11 0 _ 3 1 7 _ 10 2 
[00181277] 2 | 9 4 8 11 0 _ 3 1 7 5 10 2 
[00181278] 4 | 9 4 _ 11 0 4 _ 1 7 _ 10 2 
[00181279] 3 | 9 4 _ 11 0 4 3 1 7 _ 10 2 
[00181280] 2 | 9 4 _ 11 0 4 3 1 7 5 10 2 
[00181281] 4 | 9 4 _ 11 0 _ 4 1 7 _ 10 2 
[00181282] 3 | 9 4 _ 11 0 3 4 1 7 _ 10 2 
[00181283] 2 | 9 4 _ 11 0 3 4 1 7 5 10 2 
[00181284] 4 | 9 4 _ 11 0 _ _ 1 7 3 10 2 
[00181285] 5 | _ 4 9 11 0 _ _ 1 7 _ 10 2 
[00181286] 4 | 0 4 9 11 0 _ _ 1 7 _ 10 2 
[00181287] 4 | 8 4 9 11 0 _ _ 1 7 _ 10 2 
[00181288] 3 | 8 4 9 11 0 3 _ 1 7 _ 10 2 
[00181289] 2 | 8 4 9 11 0 3 _ 1 7 5 10 2 
[00181290] 3 | 8 4 9 11 0 _ 3 1 7 _ 10 2 
[00181291] 2 | 8 4 9 11 0 _ 3 1 7 5 10 2 
[00181292] 4 | _ 4 9 11 0 4 _ 1 7 _ 10 2 
[00181293] 3 | _ 4 9 11 0 4 3 1 7 _ 10 2 
[00181294] 2 | _ 4 9 11 0 4 3 1 7 5 10 2 
[00181295] 4 | _ 4 9 11 0 _ 4 1 7 _ 10 2 
[00181296] 3 | _ 4 9 11 0 3 4 1 7 _ 10 2 
[00181297] 2 | _ 4 9 11 0 3 4 1 7 5 10 2 
[00181298] 4 | _ 4 9 11 0 _ _ 1 7 3 10 2 
[00181299] 5 | _ 4 _ 11 0 5 _ 1 7 _ 10 2 
[00181300] 4 | 0 4 _ 11 0 5 _ 1 7 _ 10 2 
[00181301] 3 | 0 4 7 11 0 5 _ 1 7 _ 10 2 
[00181302] 3 | 0 4 _ 11 0 5 _ 1 7 4 10 2 
[00181303] 4 | 8 4 _ 11 0 5 _ 1 7 _ 10 2 
[00181304] 3 | 8 4 7 11 0 5 _ 1 7 _ 10 2 
[00181305] 3 | 8 4 _ 11 0 5 3 1 7 _ 10 2 
[00181306] 2 | 8 4 6 11 0 5 3 1 7 _ 10 2 
[00181307] 2 | 8 4 _ 11 0 5 3 1 7 9 10 2 
[00181308] 3 | 8 4 _ 11 0 5 _ 1 7 4 10 2 
[00181309] 4 | _ 4 0 11 0 5 _ 1 7 _ 10 2 
[00181310] 3 | 7 4 0 11 0 5 _ 1 7 _ 10 2 
[00181311] 3 | _ 4 0 11 0 5 _ 1 7 4 10 2 
[00181312] 4 | _ 4 8 11 0 5 _ 1 7 _ 10 2 
[00181313] 3 | 7 4 8 11 0 5 _ 1 7 _ 10 2 
[00181314] 3 | _ 4 8 11 0 5 3 1 7 _ 10 2 
[00181315] 2 | 6 4 8 11 0 5 3 1 7 _ 10 2 
[00181316] 2 | _ 4 8 11 0 5 3 1 7 9 10 2 
[00181317] 3 | _ 4 8 11 0 5 _ 1 7 4 10 2 
[00181318] 4 | _ 4 _ 11 0 5 4 1 7 _ 10 2 
[00181319] 4 | _ 4 _ 11 0 5 _ 1 7 3 10 2 
[00181320] 5 | _ 4 _ 11 0 _ 5 1 7 _ 10 2 
[00181321] 4 | 0 4 _ 11 0 _ 5 1 7 _ 10 2 
[00181322] 3 | 0 4 7 11 0 _ 5 1 7 _ 10 2 
[00181323] 3 | 0 4 _ 11 0 _ 5 1 7 4 10 2 
[00181324] 4 | 8 4 _ 11 0 _ 5 1 7 _ 10 2 
[00181325] 3 | 8 4 7 11 0 _ 5 1 7 _ 10 2 
[00181326] 3 | 8 4 _ 11 0 3 5 1 7 _ 10 2 
[00181327] 2 | 8 4 6 11 0 3 5 1 7 _ 10 2 
[00181328] 2 | 8 4 _ 11 0 3 5 1 7 9 10 2 
[00181329] 3 | 8 4 _ 11 0 _ 5 1 7 4 10 2 
[00181330] 4 | _ 4 0 11 0 _ 5 1 7 _ 10 2 
[00181331] 3 | 7 4 0 11 0 _ 5 1 7 _ 10 2 
[00181332] 3 | _ 4 0 11 0 _ 5 1 7 4 10 2 
[00181333] 4 | _ 4 8 11 0 _ 5 1 7 _ 10 2 
[00181334] 3 | 7 4 8 11 0 _ 5 1 7 _ 10 2 
[00181335] 3 | _ 4 8 11 0 3 5 1 7 _ 10 2 
[00181336] 2 | 6 4 8 11 0 3 5 1 7 _ 10 2 
[00181337] 2 | _ 4 8 11 0 3 5 1 7 9 10 2 
[00181338] 3 | _ 4 8 11 0 _ 5 1 7 4 10 2 
[00181339] 4 | _ 4 _ 11 0 4 5 1 7 _ 10 2 
[00181340] 4 | _ 4 _ 11 0 _ 5 1 7 3 10 2 
[00181341] 6 | _ 4 _ 11 0 _ _ 1 3 9 10 2 
[00181342] 5 | _ 4 _ 11 0 5 _ 1 3 9 10 2 
[00181343] 4 | 0 4 _ 11 0 5 _ 1 3 9 10 2 
[00181344] 3 | 0 4 7 11 0 5 _ 1 3 9 10 2 
[00181345] 4 | 8 4 _ 11 0 5 _ 1 3 9 10 2 
[00181346] 3 | 8 4 7 11 0 5 _ 1 3 9 10 2 
[00181347] 4 | _ 4 0 11 0 5 _ 1 3 9 10 2 
[00181348] 3 | 7 4 0 11 0 5 _ 1 3 9 10 2 
[00181349] 4 | _ 4 8 11 0 5 _ 1 3 9 10 2 
[00181350] 3 | 7 4 8 11 0 5 _ 1 3 9 10 2 
[00181351] 4 | _ 4 _ 11 0 5 4 1 3 9 10 2 
[00181352] 5 | _ 4 _ 11 0 _ 5 1 3 9 10 2 
[00181353] 4 | 0 4 _ 11 0 _ 5 1 3 9 10 2 
[00181354] 3 | 0 4 7 11 0 _ 5 1 3 9 10 2 
[00181355] 4 | 8 4 _ 11 0 _ 5 1 3 9 10 2 
[00181356] 3 | 8 4 7 11 0 _ 5 1 3 9 10 2 
[00181357] 4 | _ 4 0 11 0 _ 5 1 3 9 10 2 
[00181358] 3 | 7 4 0 11 0 _ 5 1 3 9 10 2 
[00181359] 4 | _ 4 8 11 0 _ 5 1 3 9 10 2 
[00181360] 3 | 7 4 8 11 0 _ 5 1 3 9 10 2 
[00181361] 4 | _ 4 _ 11 0 4 5 1 3 9 10 2 
[00181362] 6 | _ 4 _ 11 0 _ _ 1 9 3 10 2 
[00181363] 5 | _ 4 _ 11 0 5 _ 1 9 3 10 2 
[00181364] 4 | 0 4 _ 11 0 5 _ 1 9 3 10 2 
[00181365] 3 | 0 4 7 11 0 5 _ 1 9 3 10 2 
[00181366] 4 | 8 4 _ 11 0 5 _ 1 9 3 10 2 
[00181367] 3 | 8 4 7 11 0 5 _ 1 9 3 10 2 
[00181368] 4 | _ 4 0 11 0 5 _ 1 9 3 10 2 
[00181369] 3 | 7 4 0 11 0 5 _ 1 9 3 10 2 
[00181370] 4 | _ 4 8 11 0 5 _ 1 9 3 10 2 
[00181371] 3 | 7 4 8 11 0 5 _ 1 9 3 10 2 
[00181372] 4 | _ 4 _ 11 0 5 4 1 9 3 10 2 
[00181373] 5 | _ 4 _ 11 0 _ 5 1 9 3 10 2 
[00181374] 4 | 0 4 _ 11 0 _ 5 1 9 3 10 2 
[00181375] 3 | 0 4 7 11 0 _ 5 1 9 3 10 2 
[00181376] 4 | 8 4 _ 11 0 _ 5 1 9 3 10 2 
[00181377] 3 | 8 4 7 11 0 _ 5 1 9 3 10 2 
[00181378] 4 | _ 4 0 11 0 _ 5 1 9 3 10 2 
[00181379] 3 | 7 4 0 11 0 _ 5 1 9 3 10 2 
[00181380] 4 | _ 4 8 11 0 _ 5 1 9 3 10 2 
[00181381] 3 | 7 4 8 11 0 _ 5 1 9 3 10 2 
[00181382] 4 | _ 4 _ 11 0 4 5 1 9 3 10 2 
[00181383] 7 | _ _ _ 11 0 7 _ 1 _ _ 10 2 
[00181384] 6 | 3 9 _ 11 0 7 _ 1 _ _ 10 2 
[00181385] 5 | 3 9 4 11 0 7 _ 1 _ _ 10 2 
[00181386] 4 | 3 9 4 11 0 7 _ 1 5 _ 10 2 
[00181387] 3 | 3 9 4 11 0 7 _ 1 5 8 10 2 
[00181388] 5 | 3 9 _ 11 0 7 5 1 _ _ 10 2 
[00181389] 4 | 3 9 _ 11 0 7 5 1 4 8 10 2 
[00181390] 3 | 3 9 6 11 0 7 5 1 4 8 10 2 
[00181391] 4 | 3 9 _ 11 0 7 5 1 8 4 10 2 
[00181392] 3 | 3 9 6 11 0 7 5 1 8 4 10 2 
[00181393] 5 | 3 9 _ 11 0 7 _ 1 6 _ 10 2 
[00181394] 4 | 3 9 5 11 0 7 _ 1 6 _ 10 2 
[00181395] 4 | 3 9 _ 11 0 7 4 1 6 _ 10 2 
[00181396] 3 | 3 9 6 11 0 7 4 1 6 _ 10 2 
[00181397] 3 | 3 9 _ 11 0 7 4 1 6 9 10 2 
[00181398] 6 | 9 3 _ 11 0 7 _ 1 _ _ 10 2 
[00181399] 6 | _ 3 9 11 0 7 _ 1 _ _ 10 2 
[00181400] 6 | _ 9 3 11 0 7 _ 1 _ _ 10 2 
[00181401] 5 | 4 9 3 11 0 7 _ 1 _ _ 10 2 
[00181402] 4 | 4 9 3 11 0 7 _ 1 5 _ 10 2 
[00181403] 3 | 4 9 3 11 0 7 _ 1 5 8 10 2 
[00181404] 5 | _ 9 3 11 0 7 5 1 _ _ 10 2 
[00181405] 4 | _ 9 3 11 0 7 5 1 4 8 10 2 
[00181406] 3 | 6 9 3 11 0 7 5 1 4 8 10 2 
[00181407] 4 | _ 9 3 11 0 7 5 1 8 4 10 2 
[00181408] 3 | 6 9 3 11 0 7 5 1 8 4 10 2 
[00181409] 5 | _ 9 3 11 0 7 _ 1 6 _ 10 2 
[00181410] 4 | 5 9 3 11 0 7 _ 1 6 _ 10 2 
[00181411] 4 | _ 9 3 11 0 7 4 1 6 _ 10 2 
[00181412] 3 | 6 9 3 11 0 7 4 1 6 _ 10 2 
[00181413] 3 | _ 9 3 11 0 7 4 1 6 9 10 2 
[00181414] 6 | _ 5 _ 11 0 7 _ 1 _ _ 10 2 
[00181415] 5 | 0 5 _ 11 0 7 _ 1 _ _ 10 2 
[00181416] 4 | 0 5 1 11 0 7 _ 1 _ _ 10 2 
[00181417] 3 | 0 5 1 11 0 7 _ 1 3 6 10 2 
[00181418] 3 | 0 5 1 11 0 7 _ 1 6 9 10 2 
[00181419] 3 | 0 5 1 11 0 7 _ 1 6 3 10 2 
[00181420] 3 | 0 5 1 11 0 7 _ 1 9 6 10 2 
[00181421] 4 | 0 5 9 11 0 7 _ 1 _ _ 10 2 
[00181422] 3 | 0 5 9 11 0 7 _ 1 4 _ 10 2 
[00181423] 2 | 0 5 9 11 0 7 _ 1 4 6 10 2 
[00181424] 3 | 0 5 9 11 0 7 _ 1 3 6 10 2 
[00181425] 3 | 0 5 9 11 0 7 _ 1 6 3 10 2 
[00181426] 4 | 0 5 _ 11 0 7 _ 1 5 _ 10 2 
[00181427] 3 | 0 5 8 11 0 7 _ 1 5 _ 10 2 
[00181428] 3 | 0 5 _ 11 0 7 _ 1 5 8 10 2 
[00181429] 4 | 0 5 _ 11 0 7 _ 1 4 8 10 2 
[00181430] 4 | 0 5 _ 11 0 7 _ 1 8 4 10 2 
[00181431] 5 | _ 5 0 11 0 7 _ 1 _ _ 10 2 
[00181432] 4 | 1 5 0 11 0 7 _ 1 _ _ 10 2 
[00181433] 3 | 1 5 0 11 0 7 _ 1 3 6 10 2 
[00181434] 3 | 1 5 0 11 0 7 _ 1 6 9 10 2 
[00181435] 3 | 1 5 0 11 0 7 _ 1 6 3 10 2 
[00181436] 3 | 1 5 0 11 0 7 _ 1 9 6 10 2 
[00181437] 4 | 9 5 0 11 0 7 _ 1 _ _ 10 2 
[00181438] 3 | 9 5 0 11 0 7 _ 1 4 _ 10 2 
[00181439] 2 | 9 5 0 11 0 7 _ 1 4 6 10 2 
[00181440] 3 | 9 5 0 11 0 7 _ 1 3 6 10 2 
[00181441] 3 | 9 5 0 11 0 7 _ 1 6 3 10 2 
[00181442] 4 | _ 5 0 11 0 7 _ 1 5 _ 10 2 
[00181443] 3 | 8 5 0 11 0 7 _ 1 5 _ 10 2 
[00181444] 3 | _ 5 0 11 0 7 _ 1 5 8 10 2 
[00181445] 4 | _ 5 0 11 0 7 _ 1 4 8 10 2 
[00181446] 4 | _ 5 0 11 0 7 _ 1 8 4 10 2 
[00181447] 5 | _ 5 _ 11 0 7 5 1 _ _ 10 2 
[00181448] 4 | _ 5 _ 11 0 7 5 1 4 8 10 2 
[00181449] 4 | _ 5 _ 11 0 7 5 1 8 4 10 2 
[00181450] 5 | _ 5 _ 11 0 7 _ 1 6 _ 10 2 
[00181451] 4 | 9 5 _ 11 0 7 _ 1 6 _ 10 2 
[00181452] 3 | 9 5 8 11 0 7 _ 1 6 _ 10 2 
[00181453] 2 | 9 5 8 11 0 7 _ 1 6 4 10 2 
[00181454] 3 | 9 5 _ 11 0 7 3 1 6 _ 10 2 
[00181455] 2 | 9 5 _ 11 0 7 3 1 6 4 10 2 
[00181456] 2 | 9 5 _ 11 0 7 3 1 6 8 10 2 
[00181457] 1 | 9 5 4 11 0 7 3 1 6 8 10 2  *Graceful*
[00181457] 3 | 9 5 _ 11 0 7 _ 1 6 3 10 2 
[00181458] 4 | _ 5 9 11 0 7 _ 1 6 _ 10 2 
[00181459] 3 | 8 5 9 11 0 7 _ 1 6 _ 10 2 
[00181460] 2 | 8 5 9 11 0 7 _ 1 6 4 10 2 
[00181461] 3 | _ 5 9 11 0 7 3 1 6 _ 10 2 
[00181462] 2 | _ 5 9 11 0 7 3 1 6 4 10 2 
[00181463] 2 | _ 5 9 11 0 7 3 1 6 8 10 2 
[00181464] 1 | 4 5 9 11 0 7 3 1 6 8 10 2  *Graceful*
[00181464] 3 | _ 5 9 11 0 7 _ 1 6 3 10 2 
[00181465] 4 | _ 5 _ 11 0 7 4 1 6 _ 10 2 
[00181466] 3 | 8 5 _ 11 0 7 4 1 6 _ 10 2 
[00181467] 2 | 8 5 3 11 0 7 4 1 6 _ 10 2 
[00181468] 3 | _ 5 8 11 0 7 4 1 6 _ 10 2 
[00181469] 2 | 3 5 8 11 0 7 4 1 6 _ 10 2 
[00181470] 3 | _ 5 _ 11 0 7 4 1 6 3 10 2 
