[00109029] 4 | 4 10 1 0 11 3 _ 7 9 5 2 _ 
[00109030] 3 | 4 10 1 0 11 3 8 7 9 5 2 _ 
[00109031] 4 | 4 10 1 0 11 3 _ 7 _ _ 2 6 
[00109032] 3 | 4 10 1 0 11 3 8 7 _ _ 2 6 
[00109033] 2 | 4 10 1 0 11 3 8 7 5 _ 2 6 
[00109034] 2 | 4 10 1 0 11 3 8 7 9 _ 2 6 
[00109035] 3 | 4 10 1 0 11 3 _ 7 5 8 2 6 
[00109036] 2 | 4 10 1 0 11 3 9 7 5 8 2 6 
[00109037] 3 | 4 10 1 0 11 3 _ 7 8 5 2 6 
[00109038] 2 | 4 10 1 0 11 3 9 7 8 5 2 6 
[00109039] 1 | 4 10 1 0 11 3 9 7 8 5 2 6  *Graceful*
[00109039] 6 | _ 10 1 0 11 3 5 7 _ _ _ _ 
[00109040] 5 | _ 10 1 0 11 3 5 7 2 _ _ _ 
[00109041] 4 | 6 10 1 0 11 3 5 7 2 _ _ _ 
[00109042] 3 | 6 10 1 0 11 3 5 7 2 _ 4 _ 
[00109043] 2 | 6 10 1 0 11 3 5 7 2 4 4 _ 
[00109044] 2 | 6 10 1 0 11 3 5 7 2 _ 4 2 
[00109045] 4 | _ 10 1 0 11 3 5 7 2 6 _ _ 
[00109046] 3 | 7 10 1 0 11 3 5 7 2 6 _ _ 
[00109047] 3 | _ 10 1 0 11 3 5 7 2 6 4 _ 
[00109048] 2 | 8 10 1 0 11 3 5 7 2 6 4 _ 
[00109049] 3 | _ 10 1 0 11 3 5 7 2 6 10 _ 
[00109050] 2 | 8 10 1 0 11 3 5 7 2 6 10 _ 
[00109051] 2 | _ 10 1 0 11 3 5 7 2 6 10 8 
[00109052] 4 | _ 10 1 0 11 3 5 7 2 _ 4 8 
[00109053] 4 | _ 10 1 0 11 3 5 7 2 _ 8 4 
[00109054] 5 | _ 10 1 0 11 3 5 7 4 9 _ _ 
[00109055] 4 | 6 10 1 0 11 3 5 7 4 9 _ _ 
[00109056] 4 | _ 10 1 0 11 3 5 7 4 9 2 6 
[00109057] 4 | _ 10 1 0 11 3 5 7 4 9 6 2 
[00109058] 5 | _ 10 1 0 11 3 5 7 9 4 _ _ 
[00109059] 4 | 6 10 1 0 11 3 5 7 9 4 _ _ 
[00109060] 4 | _ 10 1 0 11 3 5 7 9 4 2 6 
[00109061] 4 | _ 10 1 0 11 3 5 7 9 4 6 2 
[00109062] 5 | _ 10 1 0 11 3 5 7 _ _ 2 _ 
[00109063] 4 | 6 10 1 0 11 3 5 7 _ _ 2 _ 
[00109064] 3 | 6 10 1 0 11 3 5 7 4 _ 2 _ 
[00109065] 2 | 6 10 1 0 11 3 5 7 4 2 2 _ 
[00109066] 2 | 6 10 1 0 11 3 5 7 4 _ 2 4 
[00109067] 4 | _ 10 1 0 11 3 5 7 4 8 2 _ 
[00109068] 4 | _ 10 1 0 11 3 5 7 8 4 2 _ 
[00109069] 4 | _ 10 1 0 11 3 5 7 _ _ 2 6 
[00109070] 3 | 7 10 1 0 11 3 5 7 _ _ 2 6 
[00109071] 3 | _ 10 1 0 11 3 5 7 4 _ 2 6 
[00109072] 2 | 8 10 1 0 11 3 5 7 4 _ 2 6 
[00109073] 3 | _ 10 1 0 11 3 5 7 10 _ 2 6 
[00109074] 2 | 8 10 1 0 11 3 5 7 10 _ 2 6 
[00109075] 2 | _ 10 1 0 11 3 5 7 10 8 2 6 
[00109076] 5 | _ 10 1 0 11 3 5 7 _ _ 4 9 
[00109077] 4 | 6 10 1 0 11 3 5 7 _ _ 4 9 
[00109078] 4 | _ 10 1 0 11 3 5 7 2 6 4 9 
[00109079] 4 | _ 10 1 0 11 3 5 7 6 2 4 9 
[00109080] 5 | _ 10 1 0 11 3 5 7 _ _ 9 4 
[00109081] 4 | 6 10 1 0 11 3 5 7 _ _ 9 4 
[00109082] 4 | _ 10 1 0 11 3 5 7 2 6 9 4 
[00109083] 4 | _ 10 1 0 11 3 5 7 6 2 9 4 
[00109084] 6 | _ 10 1 0 11 3 _ 7 2 8 _ _ 
[00109085] 5 | 5 10 1 0 11 3 _ 7 2 8 _ _ 
[00109086] 4 | 5 10 1 0 11 3 7 7 2 8 _ _ 
[00109087] 3 | 5 10 1 0 11 3 7 7 2 8 6 9 
[00109088] 3 | 5 10 1 0 11 3 7 7 2 8 9 6 
[00109089] 4 | 5 10 1 0 11 3 _ 7 2 8 11 _ 
[00109090] 5 | _ 10 1 0 11 3 6 7 2 8 _ _ 
[00109091] 4 | _ 10 1 0 11 3 6 7 2 8 5 9 
[00109092] 4 | _ 10 1 0 11 3 6 7 2 8 9 5 
[00109093] 5 | _ 10 1 0 11 3 _ 7 2 8 4 9 
[00109094] 4 | 6 10 1 0 11 3 _ 7 2 8 4 9 
[00109095] 5 | _ 10 1 0 11 3 _ 7 2 8 9 4 
[00109096] 4 | 6 10 1 0 11 3 _ 7 2 8 9 4 
[00109097] 6 | _ 10 1 0 11 3 _ 7 8 2 _ _ 
[00109098] 5 | 5 10 1 0 11 3 _ 7 8 2 _ _ 
[00109099] 4 | 5 10 1 0 11 3 7 7 8 2 _ _ 
[00109100] 3 | 5 10 1 0 11 3 7 7 8 2 6 9 
[00109101] 3 | 5 10 1 0 11 3 7 7 8 2 9 6 
[00109102] 4 | 5 10 1 0 11 3 _ 7 8 2 11 _ 
[00109103] 5 | _ 10 1 0 11 3 6 7 8 2 _ _ 
[00109104] 4 | _ 10 1 0 11 3 6 7 8 2 5 9 
[00109105] 4 | _ 10 1 0 11 3 6 7 8 2 9 5 
[00109106] 5 | _ 10 1 0 11 3 _ 7 8 2 4 9 
[00109107] 4 | 6 10 1 0 11 3 _ 7 8 2 4 9 
[00109108] 5 | _ 10 1 0 11 3 _ 7 8 2 9 4 
[00109109] 4 | 6 10 1 0 11 3 _ 7 8 2 9 4 
[00109110] 6 | _ 10 1 0 11 3 _ 7 _ _ 2 8 
[00109111] 5 | 5 10 1 0 11 3 _ 7 _ _ 2 8 
[00109112] 4 | 5 10 1 0 11 3 7 7 _ _ 2 8 
[00109113] 3 | 5 10 1 0 11 3 7 7 6 9 2 8 
[00109114] 3 | 5 10 1 0 11 3 7 7 9 6 2 8 
[00109115] 4 | 5 10 1 0 11 3 _ 7 11 _ 2 8 
[00109116] 5 | _ 10 1 0 11 3 6 7 _ _ 2 8 
[00109117] 4 | _ 10 1 0 11 3 6 7 5 9 2 8 
[00109118] 4 | _ 10 1 0 11 3 6 7 9 5 2 8 
[00109119] 5 | _ 10 1 0 11 3 _ 7 4 9 2 8 
[00109120] 4 | 6 10 1 0 11 3 _ 7 4 9 2 8 
[00109121] 5 | _ 10 1 0 11 3 _ 7 9 4 2 8 
[00109122] 4 | 6 10 1 0 11 3 _ 7 9 4 2 8 
[00109123] 6 | _ 10 1 0 11 3 _ 7 _ _ 8 2 
[00109124] 5 | 5 10 1 0 11 3 _ 7 _ _ 8 2 
[00109125] 4 | 5 10 1 0 11 3 7 7 _ _ 8 2 
[00109126] 3 | 5 10 1 0 11 3 7 7 6 9 8 2 
[00109127] 3 | 5 10 1 0 11 3 7 7 9 6 8 2 
[00109128] 4 | 5 10 1 0 11 3 _ 7 11 _ 8 2 
[00109129] 5 | _ 10 1 0 11 3 6 7 _ _ 8 2 
[00109130] 4 | _ 10 1 0 11 3 6 7 5 9 8 2 
[00109131] 4 | _ 10 1 0 11 3 6 7 9 5 8 2 
[00109132] 5 | _ 10 1 0 11 3 _ 7 4 9 8 2 
[00109133] 4 | 6 10 1 0 11 3 _ 7 4 9 8 2 
[00109134] 5 | _ 10 1 0 11 3 _ 7 9 4 8 2 
[00109135] 4 | 6 10 1 0 11 3 _ 7 9 4 8 2 
[00109136] 7 | _ 10 1 0 11 3 _ 2 9 _ _ _ 
[00109137] 6 | 4 10 1 0 11 3 _ 2 9 _ _ _ 
[00109138] 5 | 4 10 1 0 11 3 6 2 9 _ _ _ 
[00109139] 4 | 4 10 1 0 11 3 6 2 9 5 _ _ 
[00109140] 5 | 4 10 1 0 11 3 _ 2 9 _ 7 _ 
[00109141] 4 | 4 10 1 0 11 3 7 2 9 _ 7 _ 
[00109142] 3 | 4 10 1 0 11 3 7 2 9 6 7 _ 
[00109143] 4 | 4 10 1 0 11 3 _ 2 9 5 7 _ 
[00109144] 3 | 4 10 1 0 11 3 8 2 9 5 7 _ 
[00109145] 4 | 4 10 1 0 11 3 _ 2 9 _ 7 11 
[00109146] 3 | 4 10 1 0 11 3 _ 2 9 6 7 11 
[00109147] 6 | _ 10 1 0 11 3 5 2 9 _ _ _ 
[00109148] 5 | _ 10 1 0 11 3 5 2 9 4 _ _ 
[00109149] 4 | 6 10 1 0 11 3 5 2 9 4 _ _ 
[00109150] 4 | _ 10 1 0 11 3 5 2 9 4 6 _ 
[00109151] 3 | 7 10 1 0 11 3 5 2 9 4 6 _ 
[00109152] 2 | 7 10 1 0 11 3 5 2 9 4 6 8 
[00109153] 5 | _ 10 1 0 11 3 5 2 9 _ 7 _ 
[00109154] 4 | 6 10 1 0 11 3 5 2 9 _ 7 _ 
[00109155] 3 | 6 10 1 0 11 3 5 2 9 _ 7 4 
[00109156] 6 | _ 10 1 0 11 3 _ 2 9 _ 8 _ 
[00109157] 5 | 5 10 1 0 11 3 _ 2 9 _ 8 _ 
[00109158] 4 | 5 10 1 0 11 3 7 2 9 _ 8 _ 
[00109159] 3 | 5 10 1 0 11 3 7 2 9 6 8 _ 
[00109160] 4 | 5 10 1 0 11 3 _ 2 9 _ 8 4 
[00109161] 3 | 5 10 1 0 11 3 _ 2 9 6 8 4 
[00109162] 5 | _ 10 1 0 11 3 6 2 9 _ 8 _ 
[00109163] 4 | _ 10 1 0 11 3 6 2 9 5 8 _ 
[00109164] 3 | 7 10 1 0 11 3 6 2 9 5 8 _ 
[00109165] 4 | _ 10 1 0 11 3 6 2 9 _ 8 4 
[00109166] 3 | 7 10 1 0 11 3 6 2 9 _ 8 4 
[00109167] 5 | _ 10 1 0 11 3 _ 2 9 4 8 _ 
[00109168] 4 | 6 10 1 0 11 3 _ 2 9 4 8 _ 
[00109169] 3 | 6 10 1 0 11 3 8 2 9 4 8 _ 
[00109170] 3 | 6 10 1 0 11 3 _ 2 9 4 8 5 
[00109171] 3 | 6 10 1 0 11 3 _ 2 9 4 8 11 
[00109172] 4 | _ 10 1 0 11 3 7 2 9 4 8 _ 
[00109173] 3 | _ 10 1 0 11 3 7 2 9 4 8 5 
[00109174] 7 | _ 10 1 0 11 3 _ 9 2 _ _ _ 
[00109175] 6 | 4 10 1 0 11 3 _ 9 2 _ _ _ 
[00109176] 5 | 4 10 1 0 11 3 6 9 2 _ _ _ 
[00109177] 4 | 4 10 1 0 11 3 6 9 2 _ 5 _ 
[00109178] 3 | 4 10 1 0 11 3 6 9 2 5 5 _ 
[00109179] 3 | 4 10 1 0 11 3 6 9 2 _ 5 2 
[00109180] 3 | 4 10 1 0 11 3 6 9 2 _ 5 8 
[00109181] 5 | 4 10 1 0 11 3 _ 9 2 7 _ _ 
[00109182] 4 | 4 10 1 0 11 3 _ 9 2 7 5 _ 
[00109183] 3 | 4 10 1 0 11 3 8 9 2 7 5 _ 
[00109184] 3 | 4 10 1 0 11 3 _ 9 2 7 5 8 
[00109185] 6 | _ 10 1 0 11 3 5 9 2 _ _ _ 
[00109186] 5 | _ 10 1 0 11 3 5 9 2 7 _ _ 
[00109187] 4 | 6 10 1 0 11 3 5 9 2 7 _ _ 
[00109188] 4 | _ 10 1 0 11 3 5 9 2 7 4 8 
[00109189] 4 | _ 10 1 0 11 3 5 9 2 7 8 4 
[00109190] 5 | _ 10 1 0 11 3 5 9 2 _ 4 _ 
[00109191] 4 | 6 10 1 0 11 3 5 9 2 _ 4 _ 
[00109192] 3 | 6 10 1 0 11 3 5 9 2 _ 4 7 
[00109193] 4 | _ 10 1 0 11 3 5 9 2 6 4 _ 
[00109194] 3 | 7 10 1 0 11 3 5 9 2 6 4 _ 
[00109195] 3 | _ 10 1 0 11 3 5 9 2 6 4 7 
[00109196] 2 | 8 10 1 0 11 3 5 9 2 6 4 7 
[00109197] 4 | _ 10 1 0 11 3 5 9 2 _ 4 8 
[00109198] 3 | 7 10 1 0 11 3 5 9 2 _ 4 8 
[00109199] 6 | _ 10 1 0 11 3 _ 9 2 8 _ _ 
[00109200] 5 | 5 10 1 0 11 3 _ 9 2 8 _ _ 
[00109201] 4 | 5 10 1 0 11 3 7 9 2 8 _ _ 
[00109202] 3 | 5 10 1 0 11 3 7 9 2 8 6 _ 
[00109203] 2 | 5 10 1 0 11 3 7 9 2 8 6 4 
[00109204] 5 | _ 10 1 0 11 3 6 9 2 8 _ _ 
[00109205] 4 | _ 10 1 0 11 3 6 9 2 8 5 _ 
[00109206] 3 | 7 10 1 0 11 3 6 9 2 8 5 _ 
[00109207] 5 | _ 10 1 0 11 3 _ 9 2 8 4 _ 
[00109208] 4 | 6 10 1 0 11 3 _ 9 2 8 4 _ 
[00109209] 3 | 6 10 1 0 11 3 _ 9 2 8 4 7 
[00109210] 4 | _ 10 1 0 11 3 7 9 2 8 4 _ 
[00109211] 7 | _ 10 1 0 11 3 _ _ 2 9 _ _ 
[00109212] 6 | 4 10 1 0 11 3 _ _ 2 9 _ _ 
[00109213] 5 | 4 10 1 0 11 3 6 _ 2 9 _ _ 
[00109214] 5 | 4 10 1 0 11 3 _ 5 2 9 _ _ 
[00109215] 4 | 4 10 1 0 11 3 7 5 2 9 _ _ 
[00109216] 3 | 4 10 1 0 11 3 7 5 2 9 8 _ 
[00109217] 2 | 4 10 1 0 11 3 7 5 2 9 8 6 
[00109218] 5 | 4 10 1 0 11 3 _ 7 2 9 _ _ 
[00109219] 4 | 4 10 1 0 11 3 7 7 2 9 _ _ 
[00109220] 3 | 4 10 1 0 11 3 7 7 2 9 5 8 
[00109221] 3 | 4 10 1 0 11 3 7 7 2 9 8 5 
[00109222] 4 | 4 10 1 0 11 3 _ 7 2 9 11 _ 
[00109223] 3 | 4 10 1 0 11 3 8 7 2 9 11 _ 
[00109224] 3 | 4 10 1 0 11 3 _ 7 2 9 11 8 
[00109225] 6 | _ 10 1 0 11 3 5 _ 2 9 _ _ 
[00109226] 5 | _ 10 1 0 11 3 5 7 2 9 _ _ 
[00109227] 4 | 6 10 1 0 11 3 5 7 2 9 _ _ 
[00109228] 3 | 6 10 1 0 11 3 5 7 2 9 4 _ 
[00109229] 4 | _ 10 1 0 11 3 5 7 2 9 4 8 
[00109230] 4 | _ 10 1 0 11 3 5 7 2 9 8 4 
[00109231] 6 | _ 10 1 0 11 3 _ 6 2 9 _ _ 
[00109232] 5 | 5 10 1 0 11 3 _ 6 2 9 _ _ 
[00109233] 4 | 5 10 1 0 11 3 7 6 2 9 _ _ 
[00109234] 4 | 5 10 1 0 11 3 _ 6 2 9 4 8 
[00109235] 4 | 5 10 1 0 11 3 _ 6 2 9 8 4 
[00109236] 5 | _ 10 1 0 11 3 6 6 2 9 _ _ 
[00109237] 4 | _ 10 1 0 11 3 6 6 2 9 4 8 
[00109238] 3 | 7 10 1 0 11 3 6 6 2 9 4 8 
[00109239] 4 | _ 10 1 0 11 3 6 6 2 9 8 4 
[00109240] 3 | 7 10 1 0 11 3 6 6 2 9 8 4 
[00109241] 5 | _ 10 1 0 11 3 _ 6 2 9 11 _ 
[00109242] 4 | _ 10 1 0 11 3 7 6 2 9 11 _ 
[00109243] 4 | _ 10 1 0 11 3 _ 6 2 9 11 7 
[00109244] 6 | _ 10 1 0 11 3 _ 8 2 9 _ _ 
[00109245] 5 | 5 10 1 0 11 3 _ 8 2 9 _ _ 
[00109246] 4 | 5 10 1 0 11 3 7 8 2 9 _ _ 
[00109247] 4 | 5 10 1 0 11 3 _ 8 2 9 4 _ 
[00109248] 3 | 5 10 1 0 11 3 _ 8 2 9 4 7 
[00109249] 5 | _ 10 1 0 11 3 6 8 2 9 _ _ 
[00109250] 4 | _ 10 1 0 11 3 6 8 2 9 4 _ 
[00109251] 3 | 7 10 1 0 11 3 6 8 2 9 4 _ 
[00109252] 3 | _ 10 1 0 11 3 6 8 2 9 4 7 
[00109253] 7 | _ 10 1 0 11 3 _ _ 9 2 _ _ 
[00109254] 6 | 4 10 1 0 11 3 _ _ 9 2 _ _ 
[00109255] 5 | 4 10 1 0 11 3 6 _ 9 2 _ _ 
[00109256] 4 | 4 10 1 0 11 3 6 5 9 2 _ _ 
[00109257] 3 | 4 10 1 0 11 3 6 5 9 2 8 _ 
[00109258] 5 | 4 10 1 0 11 3 _ 5 9 2 _ _ 
[00109259] 4 | 4 10 1 0 11 3 7 5 9 2 _ _ 
[00109260] 3 | 4 10 1 0 11 3 7 5 9 2 8 _ 
[00109261] 2 | 4 10 1 0 11 3 7 5 9 2 8 6 
[00109262] 6 | _ 10 1 0 11 3 5 _ 9 2 _ _ 
[00109263] 5 | _ 10 1 0 11 3 5 4 9 2 _ _ 
[00109264] 4 | 6 10 1 0 11 3 5 4 9 2 _ _ 
[00109265] 3 | 6 10 1 0 11 3 5 4 9 2 7 _ 
[00109266] 4 | _ 10 1 0 11 3 5 4 9 2 8 _ 
[00109267] 3 | 7 10 1 0 11 3 5 4 9 2 8 _ 
[00109268] 2 | 7 10 1 0 11 3 5 4 9 2 8 6 
[00109269] 6 | _ 10 1 0 11 3 _ 6 9 2 _ _ 
[00109270] 5 | 5 10 1 0 11 3 _ 6 9 2 _ _ 
[00109271] 4 | 5 10 1 0 11 3 7 6 9 2 _ _ 
[00109272] 4 | 5 10 1 0 11 3 _ 6 9 2 4 8 
[00109273] 4 | 5 10 1 0 11 3 _ 6 9 2 8 4 
[00109274] 5 | _ 10 1 0 11 3 6 6 9 2 _ _ 
[00109275] 4 | _ 10 1 0 11 3 6 6 9 2 4 8 
[00109276] 3 | 7 10 1 0 11 3 6 6 9 2 4 8 
[00109277] 4 | _ 10 1 0 11 3 6 6 9 2 8 4 
[00109278] 3 | 7 10 1 0 11 3 6 6 9 2 8 4 
[00109279] 5 | _ 10 1 0 11 3 _ 6 9 2 11 _ 
[00109280] 4 | _ 10 1 0 11 3 7 6 9 2 11 _ 
[00109281] 4 | _ 10 1 0 11 3 _ 6 9 2 11 7 
[00109282] 7 | _ 10 1 0 11 3 _ 2 _ _ 9 _ 
[00109283] 6 | 4 10 1 0 11 3 _ 2 _ _ 9 _ 
[00109284] 5 | 4 10 1 0 11 3 6 2 _ _ 9 _ 
[00109285] 4 | 4 10 1 0 11 3 6 2 _ _ 9 5 
[00109286] 5 | 4 10 1 0 11 3 _ 2 7 _ 9 _ 
[00109287] 4 | 4 10 1 0 11 3 7 2 7 _ 9 _ 
[00109288] 3 | 4 10 1 0 11 3 7 2 7 _ 9 6 
[00109289] 4 | 4 10 1 0 11 3 _ 2 7 11 9 _ 
[00109290] 3 | 4 10 1 0 11 3 _ 2 7 11 9 6 
[00109291] 4 | 4 10 1 0 11 3 _ 2 7 _ 9 5 
[00109292] 3 | 4 10 1 0 11 3 8 2 7 _ 9 5 
[00109293] 6 | _ 10 1 0 11 3 5 2 _ _ 9 _ 
[00109294] 5 | _ 10 1 0 11 3 5 2 7 _ 9 _ 
[00109295] 4 | 6 10 1 0 11 3 5 2 7 _ 9 _ 
[00109296] 3 | 6 10 1 0 11 3 5 2 7 4 9 _ 
[00109297] 5 | _ 10 1 0 11 3 5 2 _ _ 9 4 
[00109298] 4 | 6 10 1 0 11 3 5 2 _ _ 9 4 
[00109299] 4 | _ 10 1 0 11 3 5 2 6 _ 9 4 
[00109300] 3 | 7 10 1 0 11 3 5 2 6 _ 9 4 
[00109301] 2 | 7 10 1 0 11 3 5 2 6 8 9 4 
[00109302] 6 | _ 10 1 0 11 3 _ 2 8 _ 9 _ 
[00109303] 5 | 5 10 1 0 11 3 _ 2 8 _ 9 _ 
[00109304] 4 | 5 10 1 0 11 3 7 2 8 _ 9 _ 
[00109305] 3 | 5 10 1 0 11 3 7 2 8 _ 9 6 
[00109306] 4 | 5 10 1 0 11 3 _ 2 8 4 9 _ 
[00109307] 3 | 5 10 1 0 11 3 _ 2 8 4 9 6 
[00109308] 5 | _ 10 1 0 11 3 6 2 8 _ 9 _ 
[00109309] 4 | _ 10 1 0 11 3 6 2 8 4 9 _ 
[00109310] 3 | 7 10 1 0 11 3 6 2 8 4 9 _ 
[00109311] 4 | _ 10 1 0 11 3 6 2 8 _ 9 5 
[00109312] 3 | 7 10 1 0 11 3 6 2 8 _ 9 5 
[00109313] 5 | _ 10 1 0 11 3 _ 2 8 _ 9 4 
[00109314] 4 | 6 10 1 0 11 3 _ 2 8 _ 9 4 
[00109315] 3 | 6 10 1 0 11 3 8 2 8 _ 9 4 
[00109316] 3 | 6 10 1 0 11 3 _ 2 8 5 9 4 
[00109317] 3 | 6 10 1 0 11 3 _ 2 8 11 9 4 
[00109318] 4 | _ 10 1 0 11 3 7 2 8 _ 9 4 
[00109319] 3 | _ 10 1 0 11 3 7 2 8 5 9 4 
[00109320] 7 | _ 10 1 0 11 3 _ 9 _ _ 2 _ 
[00109321] 6 | 4 10 1 0 11 3 _ 9 _ _ 2 _ 
[00109322] 5 | 4 10 1 0 11 3 6 9 _ _ 2 _ 
[00109323] 4 | 4 10 1 0 11 3 6 9 5 _ 2 _ 
[00109324] 3 | 4 10 1 0 11 3 6 9 5 2 2 _ 
[00109325] 3 | 4 10 1 0 11 3 6 9 5 8 2 _ 
[00109326] 3 | 4 10 1 0 11 3 6 9 5 _ 2 5 
[00109327] 5 | 4 10 1 0 11 3 _ 9 _ _ 2 7 
[00109328] 4 | 4 10 1 0 11 3 _ 9 5 _ 2 7 
[00109329] 3 | 4 10 1 0 11 3 8 9 5 _ 2 7 
[00109330] 3 | 4 10 1 0 11 3 _ 9 5 8 2 7 
[00109331] 6 | _ 10 1 0 11 3 5 9 _ _ 2 _ 
[00109332] 5 | _ 10 1 0 11 3 5 9 4 _ 2 _ 
[00109333] 4 | 6 10 1 0 11 3 5 9 4 _ 2 _ 
[00109334] 3 | 6 10 1 0 11 3 5 9 4 7 2 _ 
[00109335] 4 | _ 10 1 0 11 3 5 9 4 8 2 _ 
[00109336] 3 | 7 10 1 0 11 3 5 9 4 8 2 _ 
[00109337] 4 | _ 10 1 0 11 3 5 9 4 _ 2 6 
[00109338] 3 | 7 10 1 0 11 3 5 9 4 _ 2 6 
[00109339] 3 | _ 10 1 0 11 3 5 9 4 7 2 6 
[00109340] 2 | 8 10 1 0 11 3 5 9 4 7 2 6 
[00109341] 5 | _ 10 1 0 11 3 5 9 _ _ 2 7 
[00109342] 4 | 6 10 1 0 11 3 5 9 _ _ 2 7 
[00109343] 4 | _ 10 1 0 11 3 5 9 4 8 2 7 
[00109344] 4 | _ 10 1 0 11 3 5 9 8 4 2 7 
[00109345] 6 | _ 10 1 0 11 3 _ 9 _ _ 2 8 
[00109346] 5 | 5 10 1 0 11 3 _ 9 _ _ 2 8 
[00109347] 4 | 5 10 1 0 11 3 7 9 _ _ 2 8 
[00109348] 3 | 5 10 1 0 11 3 7 9 6 _ 2 8 
[00109349] 2 | 5 10 1 0 11 3 7 9 6 4 2 8 
[00109350] 5 | _ 10 1 0 11 3 6 9 _ _ 2 8 
[00109351] 4 | _ 10 1 0 11 3 6 9 5 _ 2 8 
[00109352] 3 | 7 10 1 0 11 3 6 9 5 _ 2 8 
[00109353] 5 | _ 10 1 0 11 3 _ 9 4 _ 2 8 
[00109354] 4 | 6 10 1 0 11 3 _ 9 4 _ 2 8 
[00109355] 3 | 6 10 1 0 11 3 _ 9 4 7 2 8 
[00109356] 4 | _ 10 1 0 11 3 7 9 4 _ 2 8 
[00109357] 7 | _ 10 1 0 11 3 _ _ _ _ 2 9 
[00109358] 6 | 4 10 1 0 11 3 _ _ _ _ 2 9 
[00109359] 5 | 4 10 1 0 11 3 6 _ _ _ 2 9 
[00109360] 5 | 4 10 1 0 11 3 _ 5 _ _ 2 9 
[00109361] 4 | 4 10 1 0 11 3 7 5 _ _ 2 9 
[00109362] 3 | 4 10 1 0 11 3 7 5 8 _ 2 9 
[00109363] 2 | 4 10 1 0 11 3 7 5 8 6 2 9 
[00109364] 5 | 4 10 1 0 11 3 _ 7 _ _ 2 9 
[00109365] 4 | 4 10 1 0 11 3 7 7 _ _ 2 9 
[00109366] 3 | 4 10 1 0 11 3 7 7 5 8 2 9 
[00109367] 3 | 4 10 1 0 11 3 7 7 8 5 2 9 
[00109368] 4 | 4 10 1 0 11 3 _ 7 11 _ 2 9 
[00109369] 3 | 4 10 1 0 11 3 8 7 11 _ 2 9 
[00109370] 3 | 4 10 1 0 11 3 _ 7 11 8 2 9 
[00109371] 6 | _ 10 1 0 11 3 5 _ _ _ 2 9 
[00109372] 5 | _ 10 1 0 11 3 5 7 _ _ 2 9 
[00109373] 4 | 6 10 1 0 11 3 5 7 _ _ 2 9 
[00109374] 3 | 6 10 1 0 11 3 5 7 4 _ 2 9 
[00109375] 4 | _ 10 1 0 11 3 5 7 4 8 2 9 
[00109376] 4 | _ 10 1 0 11 3 5 7 8 4 2 9 
[00109377] 6 | _ 10 1 0 11 3 _ 6 _ _ 2 9 
[00109378] 5 | 5 10 1 0 11 3 _ 6 _ _ 2 9 
[00109379] 4 | 5 10 1 0 11 3 7 6 _ _ 2 9 
[00109380] 4 | 5 10 1 0 11 3 _ 6 4 8 2 9 
[00109381] 4 | 5 10 1 0 11 3 _ 6 8 4 2 9 
[00109382] 5 | _ 10 1 0 11 3 6 6 _ _ 2 9 
[00109383] 4 | _ 10 1 0 11 3 6 6 4 8 2 9 
[00109384] 3 | 7 10 1 0 11 3 6 6 4 8 2 9 
[00109385] 4 | _ 10 1 0 11 3 6 6 8 4 2 9 
[00109386] 3 | 7 10 1 0 11 3 6 6 8 4 2 9 
[00109387] 5 | _ 10 1 0 11 3 _ 6 11 _ 2 9 
[00109388] 4 | _ 10 1 0 11 3 7 6 11 _ 2 9 
[00109389] 4 | _ 10 1 0 11 3 _ 6 11 7 2 9 
[00109390] 6 | _ 10 1 0 11 3 _ 8 _ _ 2 9 
[00109391] 5 | 5 10 1 0 11 3 _ 8 _ _ 2 9 
[00109392] 4 | 5 10 1 0 11 3 7 8 _ _ 2 9 
[00109393] 4 | 5 10 1 0 11 3 _ 8 4 _ 2 9 
[00109394] 3 | 5 10 1 0 11 3 _ 8 4 7 2 9 
[00109395] 5 | _ 10 1 0 11 3 6 8 _ _ 2 9 
[00109396] 4 | _ 10 1 0 11 3 6 8 4 _ 2 9 
[00109397] 3 | 7 10 1 0 11 3 6 8 4 _ 2 9 
[00109398] 3 | _ 10 1 0 11 3 6 8 4 7 2 9 
[00109399] 7 | _ 10 1 0 11 3 _ _ _ _ 9 2 
[00109400] 6 | 4 10 1 0 11 3 _ _ _ _ 9 2 
[00109401] 5 | 4 10 1 0 11 3 6 _ _ _ 9 2 
[00109402] 4 | 4 10 1 0 11 3 6 5 _ _ 9 2 
[00109403] 3 | 4 10 1 0 11 3 6 5 8 _ 9 2 
[00109404] 5 | 4 10 1 0 11 3 _ 5 _ _ 9 2 
[00109405] 4 | 4 10 1 0 11 3 7 5 _ _ 9 2 
[00109406] 3 | 4 10 1 0 11 3 7 5 8 _ 9 2 
[00109407] 2 | 4 10 1 0 11 3 7 5 8 6 9 2 
[00109408] 6 | _ 10 1 0 11 3 5 _ _ _ 9 2 
[00109409] 5 | _ 10 1 0 11 3 5 4 _ _ 9 2 
[00109410] 4 | 6 10 1 0 11 3 5 4 _ _ 9 2 
[00109411] 3 | 6 10 1 0 11 3 5 4 7 _ 9 2 
[00109412] 4 | _ 10 1 0 11 3 5 4 8 _ 9 2 
[00109413] 3 | 7 10 1 0 11 3 5 4 8 _ 9 2 
[00109414] 2 | 7 10 1 0 11 3 5 4 8 6 9 2 
[00109415] 6 | _ 10 1 0 11 3 _ 6 _ _ 9 2 
[00109416] 5 | 5 10 1 0 11 3 _ 6 _ _ 9 2 
[00109417] 4 | 5 10 1 0 11 3 7 6 _ _ 9 2 
[00109418] 4 | 5 10 1 0 11 3 _ 6 4 8 9 2 
[00109419] 4 | 5 10 1 0 11 3 _ 6 8 4 9 2 
[00109420] 5 | _ 10 1 0 11 3 6 6 _ _ 9 2 
[00109421] 4 | _ 10 1 0 11 3 6 6 4 8 9 2 
[00109422] 3 | 7 10 1 0 11 3 6 6 4 8 9 2 
[00109423] 4 | _ 10 1 0 11 3 6 6 8 4 9 2 
[00109424] 3 | 7 10 1 0 11 3 6 6 8 4 9 2 
[00109425] 5 | _ 10 1 0 11 3 _ 6 11 _ 9 2 
[00109426] 4 | _ 10 1 0 11 3 7 6 11 _ 9 2 
[00109427] 4 | _ 10 1 0 11 3 _ 6 11 7 9 2 
[00109428] 8 | _ 10 1 0 11 _ 3 _ _ _ _ _ 
[00109429] 7 | _ 10 1 0 11 4 3 _ _ _ _ _ 
[00109430] 6 | _ 10 1 0 11 4 3 6 _ _ _ _ 
[00109431] 5 | 5 10 1 0 11 4 3 6 _ _ _ _ 
[00109432] 4 | 5 10 1 0 11 4 3 6 2 _ _ _ 
[00109433] 3 | 5 10 1 0 11 4 3 6 2 _ 9 _ 
[00109434] 2 | 5 10 1 0 11 4 3 6 2 _ 9 7 
[00109435] 4 | 5 10 1 0 11 4 3 6 _ _ 2 _ 
[00109436] 3 | 5 10 1 0 11 4 3 6 9 _ 2 _ 
[00109437] 2 | 5 10 1 0 11 4 3 6 9 7 2 _ 
[00109438] 5 | _ 10 1 0 11 4 3 6 2 7 _ _ 
[00109439] 4 | 6 10 1 0 11 4 3 6 2 7 _ _ 
[00109440] 3 | 6 10 1 0 11 4 3 6 2 7 5 8 
[00109441] 3 | 6 10 1 0 11 4 3 6 2 7 8 5 
[00109442] 4 | _ 10 1 0 11 4 3 6 2 7 10 _ 
[00109443] 4 | _ 10 1 0 11 4 3 6 2 7 5 9 
[00109444] 4 | _ 10 1 0 11 4 3 6 2 7 9 5 
[00109445] 5 | _ 10 1 0 11 4 3 6 7 2 _ _ 
[00109446] 4 | 6 10 1 0 11 4 3 6 7 2 _ _ 
[00109447] 3 | 6 10 1 0 11 4 3 6 7 2 5 8 
[00109448] 3 | 6 10 1 0 11 4 3 6 7 2 8 5 
[00109449] 4 | _ 10 1 0 11 4 3 6 7 2 10 _ 
[00109450] 4 | _ 10 1 0 11 4 3 6 7 2 5 9 
[00109451] 4 | _ 10 1 0 11 4 3 6 7 2 9 5 
[00109452] 5 | _ 10 1 0 11 4 3 6 _ _ 2 7 
[00109453] 4 | 6 10 1 0 11 4 3 6 _ _ 2 7 
[00109454] 3 | 6 10 1 0 11 4 3 6 5 8 2 7 
[00109455] 3 | 6 10 1 0 11 4 3 6 8 5 2 7 
[00109456] 4 | _ 10 1 0 11 4 3 6 10 _ 2 7 
[00109457] 4 | _ 10 1 0 11 4 3 6 5 9 2 7 
[00109458] 4 | _ 10 1 0 11 4 3 6 9 5 2 7 
[00109459] 5 | _ 10 1 0 11 4 3 6 _ _ 7 2 
[00109460] 4 | 6 10 1 0 11 4 3 6 _ _ 7 2 
[00109461] 3 | 6 10 1 0 11 4 3 6 5 8 7 2 
[00109462] 3 | 6 10 1 0 11 4 3 6 8 5 7 2 
[00109463] 4 | _ 10 1 0 11 4 3 6 10 _ 7 2 
[00109464] 4 | _ 10 1 0 11 4 3 6 5 9 7 2 
[00109465] 4 | _ 10 1 0 11 4 3 6 9 5 7 2 
[00109466] 6 | _ 10 1 0 11 4 3 2 8 _ _ _ 
[00109467] 5 | 5 10 1 0 11 4 3 2 8 _ _ _ 
[00109468] 4 | 5 10 1 0 11 4 3 2 8 _ 6 _ 
[00109469] 3 | 5 10 1 0 11 4 3 2 8 _ 6 9 
[00109470] 5 | _ 10 1 0 11 4 3 2 8 _ 7 _ 
[00109471] 4 | 6 10 1 0 11 4 3 2 8 _ 7 _ 
[00109472] 3 | 6 10 1 0 11 4 3 2 8 5 7 _ 
[00109473] 2 | 6 10 1 0 11 4 3 2 8 5 7 9 
[00109474] 6 | _ 10 1 0 11 4 3 8 2 _ _ _ 
[00109475] 5 | 5 10 1 0 11 4 3 8 2 _ _ _ 
[00109476] 4 | 5 10 1 0 11 4 3 8 2 6 _ _ 
[00109477] 5 | _ 10 1 0 11 4 3 8 2 7 _ _ 
[00109478] 4 | 6 10 1 0 11 4 3 8 2 7 _ _ 
[00109479] 3 | 6 10 1 0 11 4 3 8 2 7 5 _ 
[00109480] 4 | _ 10 1 0 11 4 3 8 2 7 5 9 
[00109481] 4 | _ 10 1 0 11 4 3 8 2 7 9 5 
[00109482] 6 | _ 10 1 0 11 4 3 _ 2 8 _ _ 
[00109483] 5 | 5 10 1 0 11 4 3 _ 2 8 _ _ 
[00109484] 4 | 5 10 1 0 11 4 3 6 2 8 _ _ 
[00109485] 3 | 5 10 1 0 11 4 3 6 2 8 9 _ 
[00109486] 2 | 5 10 1 0 11 4 3 6 2 8 9 7 
[00109487] 5 | _ 10 1 0 11 4 3 5 2 8 _ _ 
[00109488] 4 | 6 10 1 0 11 4 3 5 2 8 _ _ 
[00109489] 4 | _ 10 1 0 11 4 3 5 2 8 9 _ 
[00109490] 3 | 7 10 1 0 11 4 3 5 2 8 9 _ 
[00109491] 3 | _ 10 1 0 11 4 3 5 2 8 9 6 
[00109492] 5 | _ 10 1 0 11 4 3 7 2 8 _ _ 
[00109493] 4 | 6 10 1 0 11 4 3 7 2 8 _ _ 
[00109494] 4 | _ 10 1 0 11 4 3 7 2 8 5 9 
[00109495] 4 | _ 10 1 0 11 4 3 7 2 8 9 5 
[00109496] 6 | _ 10 1 0 11 4 3 _ 8 2 _ _ 
[00109497] 5 | 5 10 1 0 11 4 3 _ 8 2 _ _ 
[00109498] 5 | _ 10 1 0 11 4 3 5 8 2 _ _ 
[00109499] 4 | 6 10 1 0 11 4 3 5 8 2 _ _ 
[00109500] 4 | _ 10 1 0 11 4 3 5 8 2 9 _ 
[00109501] 3 | 7 10 1 0 11 4 3 5 8 2 9 _ 
[00109502] 3 | _ 10 1 0 11 4 3 5 8 2 9 6 
[00109503] 6 | _ 10 1 0 11 4 3 2 _ _ 8 _ 
[00109504] 5 | 5 10 1 0 11 4 3 2 _ _ 8 _ 
[00109505] 4 | 5 10 1 0 11 4 3 2 6 _ 8 _ 
[00109506] 3 | 5 10 1 0 11 4 3 2 6 9 8 _ 
[00109507] 5 | _ 10 1 0 11 4 3 2 7 _ 8 _ 
[00109508] 4 | 6 10 1 0 11 4 3 2 7 _ 8 _ 
[00109509] 3 | 6 10 1 0 11 4 3 2 7 _ 8 5 
[00109510] 2 | 6 10 1 0 11 4 3 2 7 9 8 5 
[00109511] 6 | _ 10 1 0 11 4 3 8 _ _ 2 _ 
[00109512] 5 | 5 10 1 0 11 4 3 8 _ _ 2 _ 
[00109513] 4 | 5 10 1 0 11 4 3 8 _ _ 2 6 
[00109514] 5 | _ 10 1 0 11 4 3 8 _ _ 2 7 
[00109515] 4 | 6 10 1 0 11 4 3 8 _ _ 2 7 
[00109516] 3 | 6 10 1 0 11 4 3 8 5 _ 2 7 
[00109517] 4 | _ 10 1 0 11 4 3 8 5 9 2 7 
[00109518] 4 | _ 10 1 0 11 4 3 8 9 5 2 7 
[00109519] 6 | _ 10 1 0 11 4 3 _ _ _ 2 8 
[00109520] 5 | 5 10 1 0 11 4 3 _ _ _ 2 8 
[00109521] 4 | 5 10 1 0 11 4 3 6 _ _ 2 8 
[00109522] 3 | 5 10 1 0 11 4 3 6 9 _ 2 8 
[00109523] 2 | 5 10 1 0 11 4 3 6 9 7 2 8 
[00109524] 5 | _ 10 1 0 11 4 3 5 _ _ 2 8 
[00109525] 4 | 6 10 1 0 11 4 3 5 _ _ 2 8 
[00109526] 4 | _ 10 1 0 11 4 3 5 9 _ 2 8 
[00109527] 3 | 7 10 1 0 11 4 3 5 9 _ 2 8 
