[00169041] 4 | 7 2 9 11 0 6 _ 1 9 _ 5 _ 
[00169042] 3 | 7 2 9 11 0 6 3 1 9 _ 5 _ 
[00169043] 3 | 7 2 9 11 0 6 _ 1 9 _ 5 8 
[00169044] 4 | 7 2 9 11 0 6 _ 1 9 _ 4 8 
[00169045] 3 | 7 2 9 11 0 6 3 1 9 _ 4 8 
[00169046] 4 | 7 2 9 11 0 6 _ 1 9 _ 8 4 
[00169047] 3 | 7 2 9 11 0 6 3 1 9 _ 8 4 
[00169048] 5 | _ 2 9 11 0 6 5 1 9 _ _ _ 
[00169049] 4 | _ 2 9 11 0 6 5 1 9 _ 3 7 
[00169050] 4 | _ 2 9 11 0 6 5 1 9 _ 4 8 
[00169051] 4 | _ 2 9 11 0 6 5 1 9 _ 7 3 
[00169052] 4 | _ 2 9 11 0 6 5 1 9 _ 8 4 
[00169053] 5 | _ 2 9 11 0 6 _ 1 9 _ 3 8 
[00169054] 4 | _ 2 9 11 0 6 4 1 9 _ 3 8 
[00169055] 3 | 5 2 9 11 0 6 4 1 9 _ 3 8 
[00169056] 5 | _ 2 9 11 0 6 _ 1 9 _ 5 10 
[00169057] 4 | _ 2 9 11 0 6 4 1 9 _ 5 10 
[00169058] 5 | _ 2 9 11 0 6 _ 1 9 _ 8 3 
[00169059] 4 | _ 2 9 11 0 6 4 1 9 _ 8 3 
[00169060] 3 | 5 2 9 11 0 6 4 1 9 _ 8 3 
[00169061] 5 | _ 2 9 11 0 6 _ 1 9 _ 10 5 
[00169062] 4 | _ 2 9 11 0 6 4 1 9 _ 10 5 
[00169063] 6 | _ 2 9 11 0 _ 6 1 9 _ _ _ 
[00169064] 5 | 7 2 9 11 0 _ 6 1 9 _ _ _ 
[00169065] 4 | 7 2 9 11 0 4 6 1 9 _ _ _ 
[00169066] 3 | 7 2 9 11 0 4 6 1 9 _ 5 8 
[00169067] 3 | 7 2 9 11 0 4 6 1 9 _ 8 5 
[00169068] 4 | 7 2 9 11 0 _ 6 1 9 _ 5 _ 
[00169069] 3 | 7 2 9 11 0 3 6 1 9 _ 5 _ 
[00169070] 3 | 7 2 9 11 0 _ 6 1 9 _ 5 8 
[00169071] 4 | 7 2 9 11 0 _ 6 1 9 _ 4 8 
[00169072] 3 | 7 2 9 11 0 3 6 1 9 _ 4 8 
[00169073] 4 | 7 2 9 11 0 _ 6 1 9 _ 8 4 
[00169074] 3 | 7 2 9 11 0 3 6 1 9 _ 8 4 
[00169075] 5 | _ 2 9 11 0 5 6 1 9 _ _ _ 
[00169076] 4 | _ 2 9 11 0 5 6 1 9 _ 3 7 
[00169077] 4 | _ 2 9 11 0 5 6 1 9 _ 4 8 
[00169078] 4 | _ 2 9 11 0 5 6 1 9 _ 7 3 
[00169079] 4 | _ 2 9 11 0 5 6 1 9 _ 8 4 
[00169080] 5 | _ 2 9 11 0 _ 6 1 9 _ 3 8 
[00169081] 4 | _ 2 9 11 0 4 6 1 9 _ 3 8 
[00169082] 3 | 5 2 9 11 0 4 6 1 9 _ 3 8 
[00169083] 5 | _ 2 9 11 0 _ 6 1 9 _ 5 10 
[00169084] 4 | _ 2 9 11 0 4 6 1 9 _ 5 10 
[00169085] 5 | _ 2 9 11 0 _ 6 1 9 _ 8 3 
[00169086] 4 | _ 2 9 11 0 4 6 1 9 _ 8 3 
[00169087] 3 | 5 2 9 11 0 4 6 1 9 _ 8 3 
[00169088] 5 | _ 2 9 11 0 _ 6 1 9 _ 10 5 
[00169089] 4 | _ 2 9 11 0 4 6 1 9 _ 10 5 
[00169090] 6 | _ 2 9 11 0 _ _ 1 9 _ 7 _ 
[00169091] 5 | 7 2 9 11 0 _ _ 1 9 _ 7 _ 
[00169092] 4 | 7 2 9 11 0 4 _ 1 9 _ 7 _ 
[00169093] 3 | 7 2 9 11 0 4 3 1 9 _ 7 _ 
[00169094] 4 | 7 2 9 11 0 _ 4 1 9 _ 7 _ 
[00169095] 3 | 7 2 9 11 0 3 4 1 9 _ 7 _ 
[00169096] 5 | _ 2 9 11 0 5 _ 1 9 _ 7 _ 
[00169097] 4 | 6 2 9 11 0 5 _ 1 9 _ 7 _ 
[00169098] 3 | 6 2 9 11 0 5 3 1 9 _ 7 _ 
[00169099] 3 | 6 2 9 11 0 5 _ 1 9 _ 7 4 
[00169100] 3 | 6 2 9 11 0 5 _ 1 9 _ 7 10 
[00169101] 4 | _ 2 9 11 0 5 4 1 9 _ 7 _ 
[00169102] 3 | _ 2 9 11 0 5 4 1 9 _ 7 10 
[00169103] 4 | _ 2 9 11 0 5 _ 1 9 _ 7 3 
[00169104] 5 | _ 2 9 11 0 _ 5 1 9 _ 7 _ 
[00169105] 4 | 6 2 9 11 0 _ 5 1 9 _ 7 _ 
[00169106] 3 | 6 2 9 11 0 3 5 1 9 _ 7 _ 
[00169107] 3 | 6 2 9 11 0 _ 5 1 9 _ 7 4 
[00169108] 3 | 6 2 9 11 0 _ 5 1 9 _ 7 10 
[00169109] 4 | _ 2 9 11 0 4 5 1 9 _ 7 _ 
[00169110] 3 | _ 2 9 11 0 4 5 1 9 _ 7 10 
[00169111] 4 | _ 2 9 11 0 _ 5 1 9 _ 7 3 
[00169112] 5 | _ 2 9 11 0 _ _ 1 9 _ 7 2 
[00169113] 4 | _ 2 9 11 0 4 _ 1 9 _ 7 2 
[00169114] 3 | _ 2 9 11 0 4 3 1 9 _ 7 2 
[00169115] 4 | _ 2 9 11 0 _ 4 1 9 _ 7 2 
[00169116] 3 | _ 2 9 11 0 3 4 1 9 _ 7 2 
[00169117] 6 | _ 2 9 11 0 _ _ 1 9 _ 4 10 
[00169118] 5 | 7 2 9 11 0 _ _ 1 9 _ 4 10 
[00169119] 5 | _ 2 9 11 0 5 _ 1 9 _ 4 10 
[00169120] 4 | 6 2 9 11 0 5 _ 1 9 _ 4 10 
[00169121] 3 | 6 2 9 11 0 5 3 1 9 _ 4 10 
[00169122] 5 | _ 2 9 11 0 _ 5 1 9 _ 4 10 
[00169123] 4 | 6 2 9 11 0 _ 5 1 9 _ 4 10 
[00169124] 3 | 6 2 9 11 0 3 5 1 9 _ 4 10 
[00169125] 6 | _ 2 9 11 0 _ _ 1 9 _ 10 4 
[00169126] 5 | 7 2 9 11 0 _ _ 1 9 _ 10 4 
[00169127] 5 | _ 2 9 11 0 5 _ 1 9 _ 10 4 
[00169128] 4 | 6 2 9 11 0 5 _ 1 9 _ 10 4 
[00169129] 3 | 6 2 9 11 0 5 3 1 9 _ 10 4 
[00169130] 5 | _ 2 9 11 0 _ 5 1 9 _ 10 4 
[00169131] 4 | 6 2 9 11 0 _ 5 1 9 _ 10 4 
[00169132] 3 | 6 2 9 11 0 3 5 1 9 _ 10 4 
[00169133] 7 | _ 2 _ 11 0 7 _ 1 9 _ _ _ 
[00169134] 6 | 8 2 _ 11 0 7 _ 1 9 _ _ _ 
[00169135] 5 | 8 2 _ 11 0 7 5 1 9 _ _ _ 
[00169136] 4 | 8 2 6 11 0 7 5 1 9 _ _ _ 
[00169137] 3 | 8 2 6 11 0 7 5 1 9 _ 4 _ 
[00169138] 4 | 8 2 _ 11 0 7 5 1 9 _ 6 10 
[00169139] 4 | 8 2 _ 11 0 7 5 1 9 _ 10 6 
[00169140] 5 | 8 2 _ 11 0 7 _ 1 9 4 _ _ 
[00169141] 4 | 8 2 6 11 0 7 _ 1 9 4 _ _ 
[00169142] 3 | 8 2 6 11 0 7 3 1 9 4 _ _ 
[00169143] 4 | 8 2 _ 11 0 7 _ 1 9 4 5 _ 
[00169144] 3 | 8 2 5 11 0 7 _ 1 9 4 5 _ 
[00169145] 3 | 8 2 _ 11 0 7 3 1 9 4 5 _ 
[00169146] 3 | 8 2 _ 11 0 7 _ 1 9 4 5 2 
[00169147] 4 | 8 2 _ 11 0 7 _ 1 9 4 6 10 
[00169148] 3 | 8 2 5 11 0 7 _ 1 9 4 6 10 
[00169149] 3 | 8 2 _ 11 0 7 3 1 9 4 6 10 
[00169150] 4 | 8 2 _ 11 0 7 _ 1 9 4 10 6 
[00169151] 3 | 8 2 5 11 0 7 _ 1 9 4 10 6 
[00169152] 3 | 8 2 _ 11 0 7 3 1 9 4 10 6 
[00169153] 5 | 8 2 _ 11 0 7 _ 1 9 _ 6 _ 
[00169154] 4 | 8 2 6 11 0 7 _ 1 9 _ 6 _ 
[00169155] 3 | 8 2 6 11 0 7 3 1 9 _ 6 _ 
[00169156] 4 | 8 2 _ 11 0 7 4 1 9 _ 6 _ 
[00169157] 3 | 8 2 5 11 0 7 4 1 9 _ 6 _ 
[00169158] 3 | 8 2 _ 11 0 7 4 1 9 6 6 _ 
[00169159] 3 | 8 2 _ 11 0 7 4 1 9 _ 6 3 
[00169160] 3 | 8 2 _ 11 0 7 4 1 9 _ 6 9 
[00169161] 4 | 8 2 _ 11 0 7 _ 1 9 5 6 _ 
[00169162] 3 | 8 2 _ 11 0 7 3 1 9 5 6 _ 
[00169163] 2 | 8 2 4 11 0 7 3 1 9 5 6 _ 
[00169164] 2 | 8 2 _ 11 0 7 3 1 9 5 6 4 
[00169165] 3 | 8 2 _ 11 0 7 _ 1 9 5 6 3 
[00169166] 2 | 8 2 0 11 0 7 _ 1 9 5 6 3 
[00169167] 2 | 8 2 4 11 0 7 _ 1 9 5 6 3 
[00169168] 2 | 8 2 _ 11 0 7 2 1 9 5 6 3 
[00169169] 4 | 8 2 _ 11 0 7 _ 1 9 _ 6 2 
[00169170] 3 | 8 2 _ 11 0 7 3 1 9 _ 6 2 
[00169171] 4 | 8 2 _ 11 0 7 _ 1 9 _ 6 10 
[00169172] 3 | 8 2 5 11 0 7 _ 1 9 _ 6 10 
[00169173] 3 | 8 2 _ 11 0 7 3 1 9 _ 6 10 
[00169174] 2 | 8 2 4 11 0 7 3 1 9 _ 6 10 
[00169175] 5 | 8 2 _ 11 0 7 _ 1 9 _ 5 10 
[00169176] 4 | 8 2 6 11 0 7 _ 1 9 _ 5 10 
[00169177] 3 | 8 2 6 11 0 7 3 1 9 _ 5 10 
[00169178] 4 | 8 2 _ 11 0 7 4 1 9 _ 5 10 
[00169179] 3 | 8 2 _ 11 0 7 4 1 9 6 5 10 
[00169180] 5 | 8 2 _ 11 0 7 _ 1 9 _ 10 5 
[00169181] 4 | 8 2 6 11 0 7 _ 1 9 _ 10 5 
[00169182] 3 | 8 2 6 11 0 7 3 1 9 _ 10 5 
[00169183] 4 | 8 2 _ 11 0 7 4 1 9 _ 10 5 
[00169184] 3 | 8 2 _ 11 0 7 4 1 9 6 10 5 
[00169185] 6 | _ 2 8 11 0 7 _ 1 9 _ _ _ 
[00169186] 5 | _ 2 8 11 0 7 5 1 9 _ _ _ 
[00169187] 4 | 6 2 8 11 0 7 5 1 9 _ _ _ 
[00169188] 3 | 6 2 8 11 0 7 5 1 9 _ 4 _ 
[00169189] 4 | _ 2 8 11 0 7 5 1 9 _ 6 10 
[00169190] 4 | _ 2 8 11 0 7 5 1 9 _ 10 6 
[00169191] 5 | _ 2 8 11 0 7 _ 1 9 4 _ _ 
[00169192] 4 | 6 2 8 11 0 7 _ 1 9 4 _ _ 
[00169193] 3 | 6 2 8 11 0 7 3 1 9 4 _ _ 
[00169194] 4 | _ 2 8 11 0 7 _ 1 9 4 5 _ 
[00169195] 3 | 5 2 8 11 0 7 _ 1 9 4 5 _ 
[00169196] 3 | _ 2 8 11 0 7 3 1 9 4 5 _ 
[00169197] 3 | _ 2 8 11 0 7 _ 1 9 4 5 2 
[00169198] 4 | _ 2 8 11 0 7 _ 1 9 4 6 10 
[00169199] 3 | 5 2 8 11 0 7 _ 1 9 4 6 10 
[00169200] 3 | _ 2 8 11 0 7 3 1 9 4 6 10 
[00169201] 4 | _ 2 8 11 0 7 _ 1 9 4 10 6 
[00169202] 3 | 5 2 8 11 0 7 _ 1 9 4 10 6 
[00169203] 3 | _ 2 8 11 0 7 3 1 9 4 10 6 
[00169204] 5 | _ 2 8 11 0 7 _ 1 9 _ 6 _ 
[00169205] 4 | 6 2 8 11 0 7 _ 1 9 _ 6 _ 
[00169206] 3 | 6 2 8 11 0 7 3 1 9 _ 6 _ 
[00169207] 4 | _ 2 8 11 0 7 4 1 9 _ 6 _ 
[00169208] 3 | 5 2 8 11 0 7 4 1 9 _ 6 _ 
[00169209] 3 | _ 2 8 11 0 7 4 1 9 6 6 _ 
[00169210] 3 | _ 2 8 11 0 7 4 1 9 _ 6 3 
[00169211] 3 | _ 2 8 11 0 7 4 1 9 _ 6 9 
[00169212] 4 | _ 2 8 11 0 7 _ 1 9 5 6 _ 
[00169213] 3 | _ 2 8 11 0 7 3 1 9 5 6 _ 
[00169214] 2 | 4 2 8 11 0 7 3 1 9 5 6 _ 
[00169215] 2 | _ 2 8 11 0 7 3 1 9 5 6 4 
[00169216] 3 | _ 2 8 11 0 7 _ 1 9 5 6 3 
[00169217] 2 | 0 2 8 11 0 7 _ 1 9 5 6 3 
[00169218] 2 | 4 2 8 11 0 7 _ 1 9 5 6 3 
[00169219] 2 | _ 2 8 11 0 7 2 1 9 5 6 3 
[00169220] 4 | _ 2 8 11 0 7 _ 1 9 _ 6 2 
[00169221] 3 | _ 2 8 11 0 7 3 1 9 _ 6 2 
[00169222] 4 | _ 2 8 11 0 7 _ 1 9 _ 6 10 
[00169223] 3 | 5 2 8 11 0 7 _ 1 9 _ 6 10 
[00169224] 3 | _ 2 8 11 0 7 3 1 9 _ 6 10 
[00169225] 2 | 4 2 8 11 0 7 3 1 9 _ 6 10 
[00169226] 5 | _ 2 8 11 0 7 _ 1 9 _ 5 10 
[00169227] 4 | 6 2 8 11 0 7 _ 1 9 _ 5 10 
[00169228] 3 | 6 2 8 11 0 7 3 1 9 _ 5 10 
[00169229] 4 | _ 2 8 11 0 7 4 1 9 _ 5 10 
[00169230] 3 | _ 2 8 11 0 7 4 1 9 6 5 10 
[00169231] 5 | _ 2 8 11 0 7 _ 1 9 _ 10 5 
[00169232] 4 | 6 2 8 11 0 7 _ 1 9 _ 10 5 
[00169233] 3 | 6 2 8 11 0 7 3 1 9 _ 10 5 
[00169234] 4 | _ 2 8 11 0 7 4 1 9 _ 10 5 
[00169235] 3 | _ 2 8 11 0 7 4 1 9 6 10 5 
[00169236] 6 | _ 2 _ 11 0 7 6 1 9 _ _ _ 
[00169237] 5 | _ 2 _ 11 0 7 6 1 9 4 _ _ 
[00169238] 4 | _ 2 _ 11 0 7 6 1 9 4 5 _ 
[00169239] 3 | 5 2 _ 11 0 7 6 1 9 4 5 _ 
[00169240] 3 | _ 2 5 11 0 7 6 1 9 4 5 _ 
[00169241] 3 | _ 2 _ 11 0 7 6 1 9 4 5 2 
[00169242] 3 | _ 2 _ 11 0 7 6 1 9 4 5 8 
[00169243] 5 | _ 2 _ 11 0 7 6 1 9 _ 3 8 
[00169244] 4 | _ 2 _ 11 0 7 6 1 9 5 3 8 
[00169245] 5 | _ 2 _ 11 0 7 6 1 9 _ 5 10 
[00169246] 5 | _ 2 _ 11 0 7 6 1 9 _ 8 3 
[00169247] 4 | _ 2 _ 11 0 7 6 1 9 5 8 3 
[00169248] 5 | _ 2 _ 11 0 7 6 1 9 _ 10 5 
[00169249] 6 | _ 2 _ 11 0 7 _ 1 9 3 _ _ 
[00169250] 5 | _ 2 _ 11 0 7 5 1 9 3 _ _ 
[00169251] 4 | 6 2 _ 11 0 7 5 1 9 3 _ _ 
[00169252] 3 | 6 2 _ 11 0 7 5 1 9 3 4 _ 
[00169253] 2 | 6 2 4 11 0 7 5 1 9 3 4 _ 
[00169254] 2 | 6 2 _ 11 0 7 5 1 9 3 4 2 
[00169255] 4 | _ 2 6 11 0 7 5 1 9 3 _ _ 
[00169256] 3 | _ 2 6 11 0 7 5 1 9 3 4 _ 
[00169257] 2 | 4 2 6 11 0 7 5 1 9 3 4 _ 
[00169258] 2 | _ 2 6 11 0 7 5 1 9 3 4 2 
[00169259] 4 | _ 2 _ 11 0 7 5 1 9 3 4 8 
[00169260] 4 | _ 2 _ 11 0 7 5 1 9 3 6 10 
[00169261] 4 | _ 2 _ 11 0 7 5 1 9 3 8 4 
[00169262] 4 | _ 2 _ 11 0 7 5 1 9 3 10 6 
[00169263] 5 | _ 2 _ 11 0 7 _ 1 9 3 6 _ 
[00169264] 4 | 6 2 _ 11 0 7 _ 1 9 3 6 _ 
[00169265] 3 | 6 2 5 11 0 7 _ 1 9 3 6 _ 
[00169266] 4 | _ 2 6 11 0 7 _ 1 9 3 6 _ 
[00169267] 3 | 5 2 6 11 0 7 _ 1 9 3 6 _ 
[00169268] 4 | _ 2 _ 11 0 7 4 1 9 3 6 _ 
[00169269] 3 | 5 2 _ 11 0 7 4 1 9 3 6 _ 
[00169270] 2 | 5 2 _ 11 0 7 4 1 9 3 6 8 
[00169271] 3 | _ 2 5 11 0 7 4 1 9 3 6 _ 
[00169272] 2 | _ 2 5 11 0 7 4 1 9 3 6 8 
[00169273] 4 | _ 2 _ 11 0 7 _ 1 9 3 6 2 
[00169274] 4 | _ 2 _ 11 0 7 _ 1 9 3 6 10 
[00169275] 3 | 5 2 _ 11 0 7 _ 1 9 3 6 10 
[00169276] 2 | 5 2 0 11 0 7 _ 1 9 3 6 10 
[00169277] 2 | 5 2 4 11 0 7 _ 1 9 3 6 10 
[00169278] 2 | 5 2 _ 11 0 7 2 1 9 3 6 10 
[00169279] 3 | _ 2 5 11 0 7 _ 1 9 3 6 10 
[00169280] 2 | 0 2 5 11 0 7 _ 1 9 3 6 10 
[00169281] 2 | 4 2 5 11 0 7 _ 1 9 3 6 10 
[00169282] 2 | _ 2 5 11 0 7 2 1 9 3 6 10 
[00169283] 5 | _ 2 _ 11 0 7 _ 1 9 3 5 10 
[00169284] 4 | 6 2 _ 11 0 7 _ 1 9 3 5 10 
[00169285] 4 | _ 2 6 11 0 7 _ 1 9 3 5 10 
[00169286] 4 | _ 2 _ 11 0 7 4 1 9 3 5 10 
[00169287] 5 | _ 2 _ 11 0 7 _ 1 9 3 10 5 
[00169288] 4 | 6 2 _ 11 0 7 _ 1 9 3 10 5 
[00169289] 4 | _ 2 6 11 0 7 _ 1 9 3 10 5 
[00169290] 4 | _ 2 _ 11 0 7 4 1 9 3 10 5 
[00169291] 6 | _ 2 _ 11 0 7 _ 1 9 _ 4 10 
[00169292] 5 | _ 2 _ 11 0 7 5 1 9 _ 4 10 
[00169293] 4 | 6 2 _ 11 0 7 5 1 9 _ 4 10 
[00169294] 4 | _ 2 6 11 0 7 5 1 9 _ 4 10 
[00169295] 6 | _ 2 _ 11 0 7 _ 1 9 _ 10 4 
[00169296] 5 | _ 2 _ 11 0 7 5 1 9 _ 10 4 
[00169297] 4 | 6 2 _ 11 0 7 5 1 9 _ 10 4 
[00169298] 4 | _ 2 6 11 0 7 5 1 9 _ 10 4 
[00169299] 7 | _ 2 _ 11 0 _ 7 1 9 _ _ _ 
[00169300] 6 | 8 2 _ 11 0 _ 7 1 9 _ _ _ 
[00169301] 5 | 8 2 _ 11 0 5 7 1 9 _ _ _ 
[00169302] 4 | 8 2 6 11 0 5 7 1 9 _ _ _ 
[00169303] 3 | 8 2 6 11 0 5 7 1 9 _ 4 _ 
[00169304] 4 | 8 2 _ 11 0 5 7 1 9 _ 6 10 
[00169305] 4 | 8 2 _ 11 0 5 7 1 9 _ 10 6 
[00169306] 5 | 8 2 _ 11 0 _ 7 1 9 4 _ _ 
[00169307] 4 | 8 2 6 11 0 _ 7 1 9 4 _ _ 
[00169308] 3 | 8 2 6 11 0 3 7 1 9 4 _ _ 
[00169309] 4 | 8 2 _ 11 0 _ 7 1 9 4 5 _ 
[00169310] 3 | 8 2 5 11 0 _ 7 1 9 4 5 _ 
[00169311] 3 | 8 2 _ 11 0 3 7 1 9 4 5 _ 
[00169312] 3 | 8 2 _ 11 0 _ 7 1 9 4 5 2 
[00169313] 4 | 8 2 _ 11 0 _ 7 1 9 4 6 10 
[00169314] 3 | 8 2 5 11 0 _ 7 1 9 4 6 10 
[00169315] 3 | 8 2 _ 11 0 3 7 1 9 4 6 10 
[00169316] 4 | 8 2 _ 11 0 _ 7 1 9 4 10 6 
[00169317] 3 | 8 2 5 11 0 _ 7 1 9 4 10 6 
[00169318] 3 | 8 2 _ 11 0 3 7 1 9 4 10 6 
[00169319] 5 | 8 2 _ 11 0 _ 7 1 9 _ 6 _ 
[00169320] 4 | 8 2 6 11 0 _ 7 1 9 _ 6 _ 
[00169321] 3 | 8 2 6 11 0 3 7 1 9 _ 6 _ 
[00169322] 4 | 8 2 _ 11 0 4 7 1 9 _ 6 _ 
[00169323] 3 | 8 2 5 11 0 4 7 1 9 _ 6 _ 
[00169324] 3 | 8 2 _ 11 0 4 7 1 9 6 6 _ 
[00169325] 3 | 8 2 _ 11 0 4 7 1 9 _ 6 3 
[00169326] 3 | 8 2 _ 11 0 4 7 1 9 _ 6 9 
[00169327] 4 | 8 2 _ 11 0 _ 7 1 9 5 6 _ 
[00169328] 3 | 8 2 _ 11 0 3 7 1 9 5 6 _ 
[00169329] 2 | 8 2 4 11 0 3 7 1 9 5 6 _ 
[00169330] 2 | 8 2 _ 11 0 3 7 1 9 5 6 4 
[00169331] 3 | 8 2 _ 11 0 _ 7 1 9 5 6 3 
[00169332] 2 | 8 2 0 11 0 _ 7 1 9 5 6 3 
[00169333] 2 | 8 2 4 11 0 _ 7 1 9 5 6 3 
[00169334] 2 | 8 2 _ 11 0 2 7 1 9 5 6 3 
[00169335] 4 | 8 2 _ 11 0 _ 7 1 9 _ 6 2 
[00169336] 3 | 8 2 _ 11 0 3 7 1 9 _ 6 2 
[00169337] 4 | 8 2 _ 11 0 _ 7 1 9 _ 6 10 
[00169338] 3 | 8 2 5 11 0 _ 7 1 9 _ 6 10 
[00169339] 3 | 8 2 _ 11 0 3 7 1 9 _ 6 10 
[00169340] 2 | 8 2 4 11 0 3 7 1 9 _ 6 10 
[00169341] 5 | 8 2 _ 11 0 _ 7 1 9 _ 5 10 
[00169342] 4 | 8 2 6 11 0 _ 7 1 9 _ 5 10 
[00169343] 3 | 8 2 6 11 0 3 7 1 9 _ 5 10 
[00169344] 4 | 8 2 _ 11 0 4 7 1 9 _ 5 10 
[00169345] 3 | 8 2 _ 11 0 4 7 1 9 6 5 10 
[00169346] 5 | 8 2 _ 11 0 _ 7 1 9 _ 10 5 
[00169347] 4 | 8 2 6 11 0 _ 7 1 9 _ 10 5 
[00169348] 3 | 8 2 6 11 0 3 7 1 9 _ 10 5 
[00169349] 4 | 8 2 _ 11 0 4 7 1 9 _ 10 5 
[00169350] 3 | 8 2 _ 11 0 4 7 1 9 6 10 5 
[00169351] 6 | _ 2 8 11 0 _ 7 1 9 _ _ _ 
[00169352] 5 | _ 2 8 11 0 5 7 1 9 _ _ _ 
[00169353] 4 | 6 2 8 11 0 5 7 1 9 _ _ _ 
[00169354] 3 | 6 2 8 11 0 5 7 1 9 _ 4 _ 
[00169355] 4 | _ 2 8 11 0 5 7 1 9 _ 6 10 
[00169356] 4 | _ 2 8 11 0 5 7 1 9 _ 10 6 
[00169357] 5 | _ 2 8 11 0 _ 7 1 9 4 _ _ 
[00169358] 4 | 6 2 8 11 0 _ 7 1 9 4 _ _ 
[00169359] 3 | 6 2 8 11 0 3 7 1 9 4 _ _ 
[00169360] 4 | _ 2 8 11 0 _ 7 1 9 4 5 _ 
[00169361] 3 | 5 2 8 11 0 _ 7 1 9 4 5 _ 
[00169362] 3 | _ 2 8 11 0 3 7 1 9 4 5 _ 
[00169363] 3 | _ 2 8 11 0 _ 7 1 9 4 5 2 
[00169364] 4 | _ 2 8 11 0 _ 7 1 9 4 6 10 
[00169365] 3 | 5 2 8 11 0 _ 7 1 9 4 6 10 
[00169366] 3 | _ 2 8 11 0 3 7 1 9 4 6 10 
[00169367] 4 | _ 2 8 11 0 _ 7 1 9 4 10 6 
[00169368] 3 | 5 2 8 11 0 _ 7 1 9 4 10 6 
[00169369] 3 | _ 2 8 11 0 3 7 1 9 4 10 6 
[00169370] 5 | _ 2 8 11 0 _ 7 1 9 _ 6 _ 
[00169371] 4 | 6 2 8 11 0 _ 7 1 9 _ 6 _ 
[00169372] 3 | 6 2 8 11 0 3 7 1 9 _ 6 _ 
[00169373] 4 | _ 2 8 11 0 4 7 1 9 _ 6 _ 
[00169374] 3 | 5 2 8 11 0 4 7 1 9 _ 6 _ 
[00169375] 3 | _ 2 8 11 0 4 7 1 9 6 6 _ 
[00169376] 3 | _ 2 8 11 0 4 7 1 9 _ 6 3 
[00169377] 3 | _ 2 8 11 0 4 7 1 9 _ 6 9 
[00169378] 4 | _ 2 8 11 0 _ 7 1 9 5 6 _ 
[00169379] 3 | _ 2 8 11 0 3 7 1 9 5 6 _ 
[00169380] 2 | 4 2 8 11 0 3 7 1 9 5 6 _ 
[00169381] 2 | _ 2 8 11 0 3 7 1 9 5 6 4 
[00169382] 3 | _ 2 8 11 0 _ 7 1 9 5 6 3 
[00169383] 2 | 0 2 8 11 0 _ 7 1 9 5 6 3 
[00169384] 2 | 4 2 8 11 0 _ 7 1 9 5 6 3 
[00169385] 2 | _ 2 8 11 0 2 7 1 9 5 6 3 
[00169386] 4 | _ 2 8 11 0 _ 7 1 9 _ 6 2 
[00169387] 3 | _ 2 8 11 0 3 7 1 9 _ 6 2 
[00169388] 4 | _ 2 8 11 0 _ 7 1 9 _ 6 10 
[00169389] 3 | 5 2 8 11 0 _ 7 1 9 _ 6 10 
[00169390] 3 | _ 2 8 11 0 3 7 1 9 _ 6 10 
[00169391] 2 | 4 2 8 11 0 3 7 1 9 _ 6 10 
[00169392] 5 | _ 2 8 11 0 _ 7 1 9 _ 5 10 
[00169393] 4 | 6 2 8 11 0 _ 7 1 9 _ 5 10 
[00169394] 3 | 6 2 8 11 0 3 7 1 9 _ 5 10 
[00169395] 4 | _ 2 8 11 0 4 7 1 9 _ 5 10 
[00169396] 3 | _ 2 8 11 0 4 7 1 9 6 5 10 
[00169397] 5 | _ 2 8 11 0 _ 7 1 9 _ 10 5 
[00169398] 4 | 6 2 8 11 0 _ 7 1 9 _ 10 5 
[00169399] 3 | 6 2 8 11 0 3 7 1 9 _ 10 5 
[00169400] 4 | _ 2 8 11 0 4 7 1 9 _ 10 5 
[00169401] 3 | _ 2 8 11 0 4 7 1 9 6 10 5 
[00169402] 6 | _ 2 _ 11 0 6 7 1 9 _ _ _ 
[00169403] 5 | _ 2 _ 11 0 6 7 1 9 4 _ _ 
[00169404] 4 | _ 2 _ 11 0 6 7 1 9 4 5 _ 
[00169405] 3 | 5 2 _ 11 0 6 7 1 9 4 5 _ 
[00169406] 3 | _ 2 5 11 0 6 7 1 9 4 5 _ 
[00169407] 3 | _ 2 _ 11 0 6 7 1 9 4 5 2 
[00169408] 3 | _ 2 _ 11 0 6 7 1 9 4 5 8 
[00169409] 5 | _ 2 _ 11 0 6 7 1 9 _ 3 8 
[00169410] 4 | _ 2 _ 11 0 6 7 1 9 5 3 8 
[00169411] 5 | _ 2 _ 11 0 6 7 1 9 _ 5 10 
[00169412] 5 | _ 2 _ 11 0 6 7 1 9 _ 8 3 
[00169413] 4 | _ 2 _ 11 0 6 7 1 9 5 8 3 
[00169414] 5 | _ 2 _ 11 0 6 7 1 9 _ 10 5 
[00169415] 6 | _ 2 _ 11 0 _ 7 1 9 3 _ _ 
[00169416] 5 | _ 2 _ 11 0 5 7 1 9 3 _ _ 
[00169417] 4 | 6 2 _ 11 0 5 7 1 9 3 _ _ 
[00169418] 3 | 6 2 _ 11 0 5 7 1 9 3 4 _ 
[00169419] 2 | 6 2 4 11 0 5 7 1 9 3 4 _ 
[00169420] 2 | 6 2 _ 11 0 5 7 1 9 3 4 2 
[00169421] 4 | _ 2 6 11 0 5 7 1 9 3 _ _ 
[00169422] 3 | _ 2 6 11 0 5 7 1 9 3 4 _ 
[00169423] 2 | 4 2 6 11 0 5 7 1 9 3 4 _ 
[00169424] 2 | _ 2 6 11 0 5 7 1 9 3 4 2 
[00169425] 4 | _ 2 _ 11 0 5 7 1 9 3 4 8 
[00169426] 4 | _ 2 _ 11 0 5 7 1 9 3 6 10 
[00169427] 4 | _ 2 _ 11 0 5 7 1 9 3 8 4 
[00169428] 4 | _ 2 _ 11 0 5 7 1 9 3 10 6 
[00169429] 5 | _ 2 _ 11 0 _ 7 1 9 3 6 _ 
[00169430] 4 | 6 2 _ 11 0 _ 7 1 9 3 6 _ 
[00169431] 3 | 6 2 5 11 0 _ 7 1 9 3 6 _ 
[00169432] 4 | _ 2 6 11 0 _ 7 1 9 3 6 _ 
[00169433] 3 | 5 2 6 11 0 _ 7 1 9 3 6 _ 
[00169434] 4 | _ 2 _ 11 0 4 7 1 9 3 6 _ 
[00169435] 3 | 5 2 _ 11 0 4 7 1 9 3 6 _ 
[00169436] 2 | 5 2 _ 11 0 4 7 1 9 3 6 8 
[00169437] 3 | _ 2 5 11 0 4 7 1 9 3 6 _ 
[00169438] 2 | _ 2 5 11 0 4 7 1 9 3 6 8 
[00169439] 4 | _ 2 _ 11 0 _ 7 1 9 3 6 2 
[00169440] 4 | _ 2 _ 11 0 _ 7 1 9 3 6 10 
[00169441] 3 | 5 2 _ 11 0 _ 7 1 9 3 6 10 
[00169442] 2 | 5 2 0 11 0 _ 7 1 9 3 6 10 
[00169443] 2 | 5 2 4 11 0 _ 7 1 9 3 6 10 
[00169444] 2 | 5 2 _ 11 0 2 7 1 9 3 6 10 
[00169445] 3 | _ 2 5 11 0 _ 7 1 9 3 6 10 
[00169446] 2 | 0 2 5 11 0 _ 7 1 9 3 6 10 
[00169447] 2 | 4 2 5 11 0 _ 7 1 9 3 6 10 
[00169448] 2 | _ 2 5 11 0 2 7 1 9 3 6 10 
[00169449] 5 | _ 2 _ 11 0 _ 7 1 9 3 5 10 
[00169450] 4 | 6 2 _ 11 0 _ 7 1 9 3 5 10 
[00169451] 4 | _ 2 6 11 0 _ 7 1 9 3 5 10 
[00169452] 4 | _ 2 _ 11 0 4 7 1 9 3 5 10 
[00169453] 5 | _ 2 _ 11 0 _ 7 1 9 3 10 5 
[00169454] 4 | 6 2 _ 11 0 _ 7 1 9 3 10 5 
[00169455] 4 | _ 2 6 11 0 _ 7 1 9 3 10 5 
[00169456] 4 | _ 2 _ 11 0 4 7 1 9 3 10 5 
[00169457] 6 | _ 2 _ 11 0 _ 7 1 9 _ 4 10 
[00169458] 5 | _ 2 _ 11 0 5 7 1 9 _ 4 10 
[00169459] 4 | 6 2 _ 11 0 5 7 1 9 _ 4 10 
[00169460] 4 | _ 2 6 11 0 5 7 1 9 _ 4 10 
[00169461] 6 | _ 2 _ 11 0 _ 7 1 9 _ 10 4 
[00169462] 5 | _ 2 _ 11 0 5 7 1 9 _ 10 4 
[00169463] 4 | 6 2 _ 11 0 5 7 1 9 _ 10 4 
[00169464] 4 | _ 2 6 11 0 5 7 1 9 _ 10 4 
[00169465] 7 | _ 2 _ 11 0 _ _ 1 9 2 _ _ 
[00169466] 6 | _ 2 _ 11 0 6 _ 1 9 2 _ _ 
[00169467] 5 | _ 2 _ 11 0 6 5 1 9 2 _ _ 
[00169468] 4 | _ 2 _ 11 0 6 5 1 9 2 3 7 
[00169469] 4 | _ 2 _ 11 0 6 5 1 9 2 4 8 
[00169470] 4 | _ 2 _ 11 0 6 5 1 9 2 7 3 
[00169471] 4 | _ 2 _ 11 0 6 5 1 9 2 8 4 
[00169472] 5 | _ 2 _ 11 0 6 _ 1 9 2 3 8 
[00169473] 4 | _ 2 _ 11 0 6 4 1 9 2 3 8 
[00169474] 5 | _ 2 _ 11 0 6 _ 1 9 2 5 10 
[00169475] 4 | _ 2 _ 11 0 6 4 1 9 2 5 10 
[00169476] 5 | _ 2 _ 11 0 6 _ 1 9 2 8 3 
[00169477] 4 | _ 2 _ 11 0 6 4 1 9 2 8 3 
[00169478] 5 | _ 2 _ 11 0 6 _ 1 9 2 10 5 
[00169479] 4 | _ 2 _ 11 0 6 4 1 9 2 10 5 
[00169480] 6 | _ 2 _ 11 0 _ 6 1 9 2 _ _ 
[00169481] 5 | _ 2 _ 11 0 5 6 1 9 2 _ _ 
[00169482] 4 | _ 2 _ 11 0 5 6 1 9 2 3 7 
[00169483] 4 | _ 2 _ 11 0 5 6 1 9 2 4 8 
[00169484] 4 | _ 2 _ 11 0 5 6 1 9 2 7 3 
[00169485] 4 | _ 2 _ 11 0 5 6 1 9 2 8 4 
[00169486] 5 | _ 2 _ 11 0 _ 6 1 9 2 3 8 
[00169487] 4 | _ 2 _ 11 0 4 6 1 9 2 3 8 
[00169488] 5 | _ 2 _ 11 0 _ 6 1 9 2 5 10 
[00169489] 4 | _ 2 _ 11 0 4 6 1 9 2 5 10 
[00169490] 5 | _ 2 _ 11 0 _ 6 1 9 2 8 3 
[00169491] 4 | _ 2 _ 11 0 4 6 1 9 2 8 3 
[00169492] 5 | _ 2 _ 11 0 _ 6 1 9 2 10 5 
[00169493] 4 | _ 2 _ 11 0 4 6 1 9 2 10 5 
[00169494] 6 | _ 2 _ 11 0 _ _ 1 9 2 7 _ 
[00169495] 5 | _ 2 _ 11 0 5 _ 1 9 2 7 _ 
[00169496] 4 | _ 2 _ 11 0 5 4 1 9 2 7 _ 
[00169497] 3 | _ 2 _ 11 0 5 4 1 9 2 7 10 
[00169498] 4 | _ 2 _ 11 0 5 _ 1 9 2 7 3 
[00169499] 5 | _ 2 _ 11 0 _ 5 1 9 2 7 _ 
[00169500] 4 | _ 2 _ 11 0 4 5 1 9 2 7 _ 
[00169501] 3 | _ 2 _ 11 0 4 5 1 9 2 7 10 
[00169502] 4 | _ 2 _ 11 0 _ 5 1 9 2 7 3 
[00169503] 6 | _ 2 _ 11 0 _ _ 1 9 2 4 10 
[00169504] 5 | _ 2 _ 11 0 5 _ 1 9 2 4 10 
[00169505] 5 | _ 2 _ 11 0 _ 5 1 9 2 4 10 
[00169506] 6 | _ 2 _ 11 0 _ _ 1 9 2 10 4 
[00169507] 5 | _ 2 _ 11 0 5 _ 1 9 2 10 4 
[00169508] 5 | _ 2 _ 11 0 _ 5 1 9 2 10 4 
[00169509] 7 | _ 2 _ 11 0 _ _ 1 9 _ 8 _ 
[00169510] 6 | 8 2 _ 11 0 _ _ 1 9 _ 8 _ 
[00169511] 5 | 8 2 7 11 0 _ _ 1 9 _ 8 _ 
[00169512] 4 | 8 2 7 11 0 4 _ 1 9 _ 8 _ 
[00169513] 3 | 8 2 7 11 0 4 3 1 9 _ 8 _ 
[00169514] 3 | 8 2 7 11 0 4 _ 1 9 6 8 _ 
[00169515] 4 | 8 2 7 11 0 _ 4 1 9 _ 8 _ 
[00169516] 3 | 8 2 7 11 0 3 4 1 9 _ 8 _ 
[00169517] 3 | 8 2 7 11 0 _ 4 1 9 6 8 _ 
[00169518] 4 | 8 2 7 11 0 _ _ 1 9 5 8 _ 
[00169519] 3 | 8 2 7 11 0 3 _ 1 9 5 8 _ 
[00169520] 3 | 8 2 7 11 0 _ 3 1 9 5 8 _ 
[00169521] 5 | 8 2 _ 11 0 5 _ 1 9 _ 8 _ 
[00169522] 4 | 8 2 6 11 0 5 _ 1 9 _ 8 _ 
[00169523] 3 | 8 2 6 11 0 5 3 1 9 _ 8 _ 
[00169524] 2 | 8 2 6 11 0 5 3 1 9 7 8 _ 
[00169525] 4 | 8 2 _ 11 0 5 4 1 9 _ 8 _ 
[00169526] 3 | 8 2 _ 11 0 5 4 1 9 6 8 _ 
[00169527] 5 | 8 2 _ 11 0 _ 5 1 9 _ 8 _ 
[00169528] 4 | 8 2 6 11 0 _ 5 1 9 _ 8 _ 
[00169529] 3 | 8 2 6 11 0 3 5 1 9 _ 8 _ 
[00169530] 2 | 8 2 6 11 0 3 5 1 9 7 8 _ 
[00169531] 4 | 8 2 _ 11 0 4 5 1 9 _ 8 _ 
[00169532] 3 | 8 2 _ 11 0 4 5 1 9 6 8 _ 
[00169533] 5 | 8 2 _ 11 0 _ _ 1 9 4 8 _ 
[00169534] 4 | 8 2 6 11 0 _ _ 1 9 4 8 _ 
[00169535] 3 | 8 2 6 11 0 3 _ 1 9 4 8 _ 
[00169536] 3 | 8 2 6 11 0 _ 3 1 9 4 8 _ 
[00169537] 6 | _ 2 8 11 0 _ _ 1 9 _ 8 _ 
[00169538] 5 | 7 2 8 11 0 _ _ 1 9 _ 8 _ 
[00169539] 4 | 7 2 8 11 0 4 _ 1 9 _ 8 _ 
[00169540] 3 | 7 2 8 11 0 4 3 1 9 _ 8 _ 
