[00401104] 5 | _ 8 3 1 10 2 _ 11 5 _ 0 9 
[00401105] 4 | 4 8 3 1 10 2 _ 11 5 _ 0 9 
[00401106] 3 | 4 8 3 1 10 2 7 11 5 _ 0 9 
[00401107] 4 | _ 8 3 1 10 2 6 11 5 _ 0 9 
[00401108] 3 | 5 8 3 1 10 2 6 11 5 _ 0 9 
[00401109] 3 | _ 8 3 1 10 2 6 11 5 8 0 9 
[00401110] 5 | _ 8 _ 1 10 2 5 11 5 _ 0 9 
[00401111] 4 | 4 8 _ 1 10 2 5 11 5 _ 0 9 
[00401112] 4 | _ 8 4 1 10 2 5 11 5 _ 0 9 
[00401113] 5 | _ 8 _ 1 10 2 _ 11 5 10 0 9 
[00401114] 4 | 4 8 _ 1 10 2 _ 11 5 10 0 9 
[00401115] 4 | _ 8 4 1 10 2 _ 11 5 10 0 9 
[00401116] 7 | _ _ _ 1 10 2 3 11 _ _ 0 9 
[00401117] 6 | _ 7 _ 1 10 2 3 11 _ _ 0 9 
[00401118] 5 | _ 7 _ 1 10 2 3 11 6 _ 0 9 
[00401119] 6 | _ _ _ 1 10 2 3 11 5 _ 0 9 
[00401120] 5 | _ 6 _ 1 10 2 3 11 5 _ 0 9 
[00401121] 7 | _ _ _ 1 10 2 _ 11 4 _ 0 9 
[00401122] 6 | _ 7 _ 1 10 2 _ 11 4 _ 0 9 
[00401123] 5 | _ 7 _ 1 10 2 5 11 4 _ 0 9 
[00401124] 4 | 3 7 _ 1 10 2 5 11 4 _ 0 9 
[00401125] 3 | 3 7 4 1 10 2 5 11 4 _ 0 9 
[00401126] 3 | 3 7 _ 1 10 2 5 11 4 7 0 9 
[00401127] 4 | _ 7 3 1 10 2 5 11 4 _ 0 9 
[00401128] 3 | 4 7 3 1 10 2 5 11 4 _ 0 9 
[00401129] 3 | _ 7 3 1 10 2 5 11 4 7 0 9 
[00401130] 4 | _ 7 _ 1 10 2 5 11 4 8 0 9 
[00401131] 6 | _ _ _ 1 10 2 4 11 4 _ 0 9 
[00401132] 5 | 3 8 _ 1 10 2 4 11 4 _ 0 9 
[00401133] 5 | 8 3 _ 1 10 2 4 11 4 _ 0 9 
[00401134] 4 | 8 3 7 1 10 2 4 11 4 _ 0 9 
[00401135] 5 | _ 3 8 1 10 2 4 11 4 _ 0 9 
[00401136] 4 | 7 3 8 1 10 2 4 11 4 _ 0 9 
[00401137] 5 | _ 8 3 1 10 2 4 11 4 _ 0 9 
[00401138] 5 | _ 6 _ 1 10 2 4 11 4 _ 0 9 
[00401139] 6 | _ _ _ 1 10 2 _ 11 4 10 0 9 
[00401140] 5 | 3 8 _ 1 10 2 _ 11 4 10 0 9 
[00401141] 5 | 8 3 _ 1 10 2 _ 11 4 10 0 9 
[00401142] 4 | 8 3 7 1 10 2 _ 11 4 10 0 9 
[00401143] 5 | _ 3 8 1 10 2 _ 11 4 10 0 9 
[00401144] 4 | 7 3 8 1 10 2 _ 11 4 10 0 9 
[00401145] 5 | _ 8 3 1 10 2 _ 11 4 10 0 9 
[00401146] 5 | _ 6 _ 1 10 2 _ 11 4 10 0 9 
[00401147] 8 | _ _ _ 1 2 _ 10 11 _ _ 0 9 
[00401148] 7 | _ 8 _ 1 2 _ 10 11 _ _ 0 9 
[00401149] 6 | 2 8 _ 1 2 _ 10 11 _ _ 0 9 
[00401150] 5 | 2 8 3 1 2 _ 10 11 _ _ 0 9 
[00401151] 4 | 2 8 3 1 2 _ 10 11 7 _ 0 9 
[00401152] 3 | 2 8 3 1 2 _ 10 11 7 4 0 9 
[00401153] 5 | 2 8 _ 1 2 _ 10 11 6 _ 0 9 
[00401154] 4 | 2 8 4 1 2 _ 10 11 6 _ 0 9 
[00401155] 3 | 2 8 4 1 2 _ 10 11 6 3 0 9 
[00401156] 6 | _ 8 2 1 2 _ 10 11 _ _ 0 9 
[00401157] 5 | 3 8 2 1 2 _ 10 11 _ _ 0 9 
[00401158] 4 | 3 8 2 1 2 _ 10 11 7 _ 0 9 
[00401159] 3 | 3 8 2 1 2 _ 10 11 7 4 0 9 
[00401160] 5 | _ 8 2 1 2 _ 10 11 6 _ 0 9 
[00401161] 4 | 4 8 2 1 2 _ 10 11 6 _ 0 9 
[00401162] 3 | 4 8 2 1 2 _ 10 11 6 3 0 9 
[00401163] 6 | _ 8 _ 1 2 8 10 11 _ _ 0 9 
[00401164] 5 | _ 8 _ 1 2 8 10 11 6 _ 0 9 
[00401165] 6 | _ 8 _ 1 2 _ 10 11 5 _ 0 9 
[00401166] 5 | 3 8 _ 1 2 _ 10 11 5 _ 0 9 
[00401167] 4 | 3 8 4 1 2 _ 10 11 5 _ 0 9 
[00401168] 3 | 3 8 4 1 2 5 10 11 5 _ 0 9 
[00401169] 3 | 3 8 4 1 2 _ 10 11 5 2 0 9 
[00401170] 4 | 3 8 _ 1 2 6 10 11 5 _ 0 9 
[00401171] 3 | 3 8 5 1 2 6 10 11 5 _ 0 9 
[00401172] 3 | 3 8 _ 1 2 6 10 11 5 8 0 9 
[00401173] 5 | _ 8 3 1 2 _ 10 11 5 _ 0 9 
[00401174] 4 | 4 8 3 1 2 _ 10 11 5 _ 0 9 
[00401175] 3 | 4 8 3 1 2 5 10 11 5 _ 0 9 
[00401176] 3 | 4 8 3 1 2 _ 10 11 5 2 0 9 
[00401177] 4 | _ 8 3 1 2 6 10 11 5 _ 0 9 
[00401178] 3 | 5 8 3 1 2 6 10 11 5 _ 0 9 
[00401179] 3 | _ 8 3 1 2 6 10 11 5 8 0 9 
[00401180] 5 | _ 8 _ 1 2 7 10 11 5 _ 0 9 
[00401181] 4 | 4 8 _ 1 2 7 10 11 5 _ 0 9 
[00401182] 3 | 4 8 5 1 2 7 10 11 5 _ 0 9 
[00401183] 3 | 4 8 _ 1 2 7 10 11 5 8 0 9 
[00401184] 4 | _ 8 4 1 2 7 10 11 5 _ 0 9 
[00401185] 3 | 5 8 4 1 2 7 10 11 5 _ 0 9 
[00401186] 3 | _ 8 4 1 2 7 10 11 5 8 0 9 
[00401187] 7 | _ _ _ 1 2 _ 10 11 4 _ 0 9 
[00401188] 6 | _ 7 _ 1 2 _ 10 11 4 _ 0 9 
[00401189] 5 | 2 7 _ 1 2 _ 10 11 4 _ 0 9 
[00401190] 4 | 2 7 3 1 2 _ 10 11 4 _ 0 9 
[00401191] 4 | 2 7 _ 1 2 _ 10 11 4 8 0 9 
[00401192] 5 | _ 7 2 1 2 _ 10 11 4 _ 0 9 
[00401193] 4 | 3 7 2 1 2 _ 10 11 4 _ 0 9 
[00401194] 4 | _ 7 2 1 2 _ 10 11 4 8 0 9 
[00401195] 5 | _ 7 _ 1 2 7 10 11 4 _ 0 9 
[00401196] 4 | _ 7 _ 1 2 7 10 11 4 8 0 9 
[00401197] 6 | _ _ _ 1 2 8 10 11 4 _ 0 9 
[00401198] 5 | _ 6 _ 1 2 8 10 11 4 _ 0 9 
[00401199] 8 | _ _ _ 1 10 _ 2 11 _ _ 0 9 
[00401200] 7 | _ 8 _ 1 10 _ 2 11 _ _ 0 9 
[00401201] 6 | _ 8 _ 1 10 4 2 11 _ _ 0 9 
[00401202] 5 | 3 8 _ 1 10 4 2 11 _ _ 0 9 
[00401203] 4 | 3 8 _ 1 10 4 2 11 7 _ 0 9 
[00401204] 3 | 3 8 5 1 10 4 2 11 7 _ 0 9 
[00401205] 5 | _ 8 3 1 10 4 2 11 _ _ 0 9 
[00401206] 4 | _ 8 3 1 10 4 2 11 7 _ 0 9 
[00401207] 3 | 5 8 3 1 10 4 2 11 7 _ 0 9 
[00401208] 5 | _ 8 _ 1 10 4 2 11 6 _ 0 9 
[00401209] 6 | _ 8 _ 1 10 _ 2 11 5 _ 0 9 
[00401210] 5 | 3 8 _ 1 10 _ 2 11 5 _ 0 9 
[00401211] 4 | 3 8 4 1 10 _ 2 11 5 _ 0 9 
[00401212] 3 | 3 8 4 1 10 7 2 11 5 _ 0 9 
[00401213] 4 | 3 8 _ 1 10 6 2 11 5 _ 0 9 
[00401214] 3 | 3 8 5 1 10 6 2 11 5 _ 0 9 
[00401215] 3 | 3 8 _ 1 10 6 2 11 5 8 0 9 
[00401216] 5 | _ 8 3 1 10 _ 2 11 5 _ 0 9 
[00401217] 4 | 4 8 3 1 10 _ 2 11 5 _ 0 9 
[00401218] 3 | 4 8 3 1 10 7 2 11 5 _ 0 9 
[00401219] 4 | _ 8 3 1 10 6 2 11 5 _ 0 9 
[00401220] 3 | 5 8 3 1 10 6 2 11 5 _ 0 9 
[00401221] 3 | _ 8 3 1 10 6 2 11 5 8 0 9 
[00401222] 5 | _ 8 _ 1 10 5 2 11 5 _ 0 9 
[00401223] 4 | 4 8 _ 1 10 5 2 11 5 _ 0 9 
[00401224] 4 | _ 8 4 1 10 5 2 11 5 _ 0 9 
[00401225] 5 | _ 8 _ 1 10 _ 2 11 5 10 0 9 
[00401226] 4 | 4 8 _ 1 10 _ 2 11 5 10 0 9 
[00401227] 4 | _ 8 4 1 10 _ 2 11 5 10 0 9 
[00401228] 7 | _ _ _ 1 10 3 2 11 _ _ 0 9 
[00401229] 6 | _ 7 _ 1 10 3 2 11 _ _ 0 9 
[00401230] 5 | _ 7 _ 1 10 3 2 11 6 _ 0 9 
[00401231] 6 | _ _ _ 1 10 3 2 11 5 _ 0 9 
[00401232] 5 | _ 6 _ 1 10 3 2 11 5 _ 0 9 
[00401233] 7 | _ _ _ 1 10 _ 2 11 4 _ 0 9 
[00401234] 6 | _ 7 _ 1 10 _ 2 11 4 _ 0 9 
[00401235] 5 | _ 7 _ 1 10 5 2 11 4 _ 0 9 
[00401236] 4 | 3 7 _ 1 10 5 2 11 4 _ 0 9 
[00401237] 3 | 3 7 4 1 10 5 2 11 4 _ 0 9 
[00401238] 3 | 3 7 _ 1 10 5 2 11 4 7 0 9 
[00401239] 4 | _ 7 3 1 10 5 2 11 4 _ 0 9 
[00401240] 3 | 4 7 3 1 10 5 2 11 4 _ 0 9 
[00401241] 3 | _ 7 3 1 10 5 2 11 4 7 0 9 
[00401242] 4 | _ 7 _ 1 10 5 2 11 4 8 0 9 
[00401243] 6 | _ _ _ 1 10 4 2 11 4 _ 0 9 
[00401244] 5 | 3 8 _ 1 10 4 2 11 4 _ 0 9 
[00401245] 5 | 8 3 _ 1 10 4 2 11 4 _ 0 9 
[00401246] 4 | 8 3 7 1 10 4 2 11 4 _ 0 9 
[00401247] 5 | _ 3 8 1 10 4 2 11 4 _ 0 9 
[00401248] 4 | 7 3 8 1 10 4 2 11 4 _ 0 9 
[00401249] 5 | _ 8 3 1 10 4 2 11 4 _ 0 9 
[00401250] 5 | _ 6 _ 1 10 4 2 11 4 _ 0 9 
[00401251] 6 | _ _ _ 1 10 _ 2 11 4 10 0 9 
[00401252] 5 | 3 8 _ 1 10 _ 2 11 4 10 0 9 
[00401253] 5 | 8 3 _ 1 10 _ 2 11 4 10 0 9 
[00401254] 4 | 8 3 7 1 10 _ 2 11 4 10 0 9 
[00401255] 5 | _ 3 8 1 10 _ 2 11 4 10 0 9 
[00401256] 4 | 7 3 8 1 10 _ 2 11 4 10 0 9 
[00401257] 5 | _ 8 3 1 10 _ 2 11 4 10 0 9 
[00401258] 5 | _ 6 _ 1 10 _ 2 11 4 10 0 9 
[00401259] 8 | _ _ _ 1 _ _ _ 11 3 _ 0 9 
[00401260] 7 | _ 8 _ 1 _ _ _ 11 3 _ 0 9 
[00401261] 6 | 2 8 _ 1 _ _ _ 11 3 _ 0 9 
[00401262] 5 | 2 8 3 1 _ _ _ 11 3 _ 0 9 
[00401263] 4 | 2 8 3 1 5 _ _ 11 3 _ 0 9 
[00401264] 4 | 2 8 3 1 6 10 _ 11 3 _ 0 9 
[00401265] 4 | 2 8 3 1 10 6 _ 11 3 _ 0 9 
[00401266] 3 | 2 8 3 1 10 6 7 11 3 _ 0 9 
[00401267] 4 | 2 8 3 1 6 _ 10 11 3 _ 0 9 
[00401268] 4 | 2 8 3 1 10 _ 6 11 3 _ 0 9 
[00401269] 3 | 2 8 3 1 10 7 6 11 3 _ 0 9 
[00401270] 5 | 2 8 _ 1 6 _ _ 11 3 _ 0 9 
[00401271] 4 | 2 8 4 1 6 _ _ 11 3 _ 0 9 
[00401272] 3 | 2 8 4 1 6 3 _ 11 3 _ 0 9 
[00401273] 3 | 2 8 4 1 6 _ 3 11 3 _ 0 9 
[00401274] 3 | 2 8 4 1 6 _ _ 11 3 6 0 9 
[00401275] 4 | 2 8 _ 1 6 10 _ 11 3 _ 0 9 
[00401276] 3 | 2 8 5 1 6 10 _ 11 3 _ 0 9 
[00401277] 2 | 2 8 5 1 6 10 4 11 3 _ 0 9 
[00401278] 3 | 2 8 _ 1 6 10 3 11 3 _ 0 9 
[00401279] 3 | 2 8 _ 1 6 10 _ 11 3 6 0 9 
[00401280] 4 | 2 8 _ 1 6 _ 10 11 3 _ 0 9 
[00401281] 3 | 2 8 5 1 6 _ 10 11 3 _ 0 9 
[00401282] 2 | 2 8 5 1 6 4 10 11 3 _ 0 9 
[00401283] 3 | 2 8 _ 1 6 3 10 11 3 _ 0 9 
[00401284] 3 | 2 8 _ 1 6 _ 10 11 3 6 0 9 
[00401285] 4 | 2 8 _ 1 6 _ _ 11 3 7 0 9 
[00401286] 3 | 2 8 5 1 6 _ _ 11 3 7 0 9 
[00401287] 2 | 2 8 5 1 6 4 _ 11 3 7 0 9 
[00401288] 2 | 2 8 5 1 6 _ 4 11 3 7 0 9 
[00401289] 5 | 2 8 _ 1 5 10 _ 11 3 _ 0 9 
[00401290] 4 | 2 8 4 1 5 10 _ 11 3 _ 0 9 
[00401291] 3 | 2 8 4 1 5 10 _ 11 3 6 0 9 
[00401292] 2 | 2 8 4 1 5 10 7 11 3 6 0 9 
[00401293] 4 | 2 8 _ 1 5 10 _ 11 3 7 0 9 
[00401294] 3 | 2 8 5 1 5 10 _ 11 3 7 0 9 
[00401295] 3 | 2 8 _ 1 5 10 8 11 3 7 0 9 
[00401296] 5 | 2 8 _ 1 10 5 _ 11 3 _ 0 9 
[00401297] 4 | 2 8 4 1 10 5 _ 11 3 _ 0 9 
[00401298] 3 | 2 8 4 1 10 5 7 11 3 _ 0 9 
[00401299] 3 | 2 8 4 1 10 5 _ 11 3 6 0 9 
[00401300] 4 | 2 8 _ 1 10 5 6 11 3 _ 0 9 
[00401301] 4 | 2 8 _ 1 10 5 _ 11 3 7 0 9 
[00401302] 5 | 2 8 _ 1 5 _ 10 11 3 _ 0 9 
[00401303] 4 | 2 8 4 1 5 _ 10 11 3 _ 0 9 
[00401304] 3 | 2 8 4 1 5 _ 10 11 3 6 0 9 
[00401305] 2 | 2 8 4 1 5 7 10 11 3 6 0 9 
[00401306] 4 | 2 8 _ 1 5 _ 10 11 3 7 0 9 
[00401307] 3 | 2 8 5 1 5 _ 10 11 3 7 0 9 
[00401308] 3 | 2 8 _ 1 5 8 10 11 3 7 0 9 
[00401309] 5 | 2 8 _ 1 10 _ 5 11 3 _ 0 9 
[00401310] 4 | 2 8 4 1 10 _ 5 11 3 _ 0 9 
[00401311] 3 | 2 8 4 1 10 7 5 11 3 _ 0 9 
[00401312] 3 | 2 8 4 1 10 _ 5 11 3 6 0 9 
[00401313] 4 | 2 8 _ 1 10 6 5 11 3 _ 0 9 
[00401314] 4 | 2 8 _ 1 10 _ 5 11 3 7 0 9 
[00401315] 5 | 2 8 _ 1 _ _ _ 11 3 8 0 9 
[00401316] 4 | 2 8 _ 1 5 _ _ 11 3 8 0 9 
[00401317] 4 | 2 8 _ 1 6 10 _ 11 3 8 0 9 
[00401318] 4 | 2 8 _ 1 10 6 _ 11 3 8 0 9 
[00401319] 3 | 2 8 _ 1 10 6 7 11 3 8 0 9 
[00401320] 4 | 2 8 _ 1 6 _ 10 11 3 8 0 9 
[00401321] 4 | 2 8 _ 1 10 _ 6 11 3 8 0 9 
[00401322] 3 | 2 8 _ 1 10 7 6 11 3 8 0 9 
[00401323] 6 | _ 8 2 1 _ _ _ 11 3 _ 0 9 
[00401324] 5 | 3 8 2 1 _ _ _ 11 3 _ 0 9 
[00401325] 4 | 3 8 2 1 5 _ _ 11 3 _ 0 9 
[00401326] 4 | 3 8 2 1 6 10 _ 11 3 _ 0 9 
[00401327] 4 | 3 8 2 1 10 6 _ 11 3 _ 0 9 
[00401328] 3 | 3 8 2 1 10 6 7 11 3 _ 0 9 
[00401329] 4 | 3 8 2 1 6 _ 10 11 3 _ 0 9 
[00401330] 4 | 3 8 2 1 10 _ 6 11 3 _ 0 9 
[00401331] 3 | 3 8 2 1 10 7 6 11 3 _ 0 9 
[00401332] 5 | _ 8 2 1 6 _ _ 11 3 _ 0 9 
[00401333] 4 | 4 8 2 1 6 _ _ 11 3 _ 0 9 
[00401334] 3 | 4 8 2 1 6 3 _ 11 3 _ 0 9 
[00401335] 3 | 4 8 2 1 6 _ 3 11 3 _ 0 9 
[00401336] 3 | 4 8 2 1 6 _ _ 11 3 6 0 9 
[00401337] 4 | _ 8 2 1 6 10 _ 11 3 _ 0 9 
[00401338] 3 | 5 8 2 1 6 10 _ 11 3 _ 0 9 
[00401339] 2 | 5 8 2 1 6 10 4 11 3 _ 0 9 
[00401340] 3 | _ 8 2 1 6 10 3 11 3 _ 0 9 
[00401341] 3 | _ 8 2 1 6 10 _ 11 3 6 0 9 
[00401342] 4 | _ 8 2 1 6 _ 10 11 3 _ 0 9 
[00401343] 3 | 5 8 2 1 6 _ 10 11 3 _ 0 9 
[00401344] 2 | 5 8 2 1 6 4 10 11 3 _ 0 9 
[00401345] 3 | _ 8 2 1 6 3 10 11 3 _ 0 9 
[00401346] 3 | _ 8 2 1 6 _ 10 11 3 6 0 9 
[00401347] 4 | _ 8 2 1 6 _ _ 11 3 7 0 9 
[00401348] 3 | 5 8 2 1 6 _ _ 11 3 7 0 9 
[00401349] 2 | 5 8 2 1 6 4 _ 11 3 7 0 9 
[00401350] 2 | 5 8 2 1 6 _ 4 11 3 7 0 9 
[00401351] 5 | _ 8 2 1 5 10 _ 11 3 _ 0 9 
[00401352] 4 | 4 8 2 1 5 10 _ 11 3 _ 0 9 
[00401353] 3 | 4 8 2 1 5 10 _ 11 3 6 0 9 
[00401354] 2 | 4 8 2 1 5 10 7 11 3 6 0 9 
[00401355] 4 | _ 8 2 1 5 10 _ 11 3 7 0 9 
[00401356] 3 | 5 8 2 1 5 10 _ 11 3 7 0 9 
[00401357] 3 | _ 8 2 1 5 10 8 11 3 7 0 9 
[00401358] 5 | _ 8 2 1 10 5 _ 11 3 _ 0 9 
[00401359] 4 | 4 8 2 1 10 5 _ 11 3 _ 0 9 
[00401360] 3 | 4 8 2 1 10 5 7 11 3 _ 0 9 
[00401361] 3 | 4 8 2 1 10 5 _ 11 3 6 0 9 
[00401362] 4 | _ 8 2 1 10 5 6 11 3 _ 0 9 
[00401363] 4 | _ 8 2 1 10 5 _ 11 3 7 0 9 
[00401364] 5 | _ 8 2 1 5 _ 10 11 3 _ 0 9 
[00401365] 4 | 4 8 2 1 5 _ 10 11 3 _ 0 9 
[00401366] 3 | 4 8 2 1 5 _ 10 11 3 6 0 9 
[00401367] 2 | 4 8 2 1 5 7 10 11 3 6 0 9 
[00401368] 4 | _ 8 2 1 5 _ 10 11 3 7 0 9 
[00401369] 3 | 5 8 2 1 5 _ 10 11 3 7 0 9 
[00401370] 3 | _ 8 2 1 5 8 10 11 3 7 0 9 
[00401371] 5 | _ 8 2 1 10 _ 5 11 3 _ 0 9 
[00401372] 4 | 4 8 2 1 10 _ 5 11 3 _ 0 9 
[00401373] 3 | 4 8 2 1 10 7 5 11 3 _ 0 9 
[00401374] 3 | 4 8 2 1 10 _ 5 11 3 6 0 9 
[00401375] 4 | _ 8 2 1 10 6 5 11 3 _ 0 9 
[00401376] 4 | _ 8 2 1 10 _ 5 11 3 7 0 9 
[00401377] 5 | _ 8 2 1 _ _ _ 11 3 8 0 9 
[00401378] 4 | _ 8 2 1 5 _ _ 11 3 8 0 9 
[00401379] 4 | _ 8 2 1 6 10 _ 11 3 8 0 9 
[00401380] 4 | _ 8 2 1 10 6 _ 11 3 8 0 9 
[00401381] 3 | _ 8 2 1 10 6 7 11 3 8 0 9 
[00401382] 4 | _ 8 2 1 6 _ 10 11 3 8 0 9 
[00401383] 4 | _ 8 2 1 10 _ 6 11 3 8 0 9 
[00401384] 3 | _ 8 2 1 10 7 6 11 3 8 0 9 
[00401385] 6 | _ 8 _ 1 7 _ _ 11 3 _ 0 9 
[00401386] 5 | 3 8 _ 1 7 _ _ 11 3 _ 0 9 
[00401387] 4 | 3 8 4 1 7 _ _ 11 3 _ 0 9 
[00401388] 3 | 3 8 4 1 7 10 _ 11 3 _ 0 9 
[00401389] 2 | 3 8 4 1 7 10 5 11 3 _ 0 9 
[00401390] 3 | 3 8 4 1 7 _ 10 11 3 _ 0 9 
[00401391] 2 | 3 8 4 1 7 5 10 11 3 _ 0 9 
[00401392] 5 | _ 8 3 1 7 _ _ 11 3 _ 0 9 
[00401393] 4 | 4 8 3 1 7 _ _ 11 3 _ 0 9 
[00401394] 3 | 4 8 3 1 7 10 _ 11 3 _ 0 9 
[00401395] 2 | 4 8 3 1 7 10 5 11 3 _ 0 9 
[00401396] 3 | 4 8 3 1 7 _ 10 11 3 _ 0 9 
[00401397] 2 | 4 8 3 1 7 5 10 11 3 _ 0 9 
[00401398] 5 | _ 8 _ 1 7 2 _ 11 3 _ 0 9 
[00401399] 4 | 4 8 _ 1 7 2 _ 11 3 _ 0 9 
[00401400] 3 | 4 8 5 1 7 2 _ 11 3 _ 0 9 
[00401401] 3 | 4 8 _ 1 7 2 10 11 3 _ 0 9 
[00401402] 2 | 4 8 6 1 7 2 10 11 3 _ 0 9 
[00401403] 2 | 4 8 _ 1 7 2 10 11 3 5 0 9 
[00401404] 3 | 4 8 _ 1 7 2 _ 11 3 6 0 9 
[00401405] 2 | 4 8 10 1 7 2 _ 11 3 6 0 9 
[00401406] 2 | 4 8 _ 1 7 2 5 11 3 6 0 9 
[00401407] 4 | _ 8 4 1 7 2 _ 11 3 _ 0 9 
[00401408] 3 | 5 8 4 1 7 2 _ 11 3 _ 0 9 
[00401409] 3 | _ 8 4 1 7 2 10 11 3 _ 0 9 
[00401410] 2 | 6 8 4 1 7 2 10 11 3 _ 0 9 
[00401411] 2 | _ 8 4 1 7 2 10 11 3 5 0 9 
[00401412] 3 | _ 8 4 1 7 2 _ 11 3 6 0 9 
[00401413] 2 | 10 8 4 1 7 2 _ 11 3 6 0 9 
[00401414] 2 | _ 8 4 1 7 2 5 11 3 6 0 9 
[00401415] 4 | _ 8 _ 1 7 2 3 11 3 _ 0 9 
[00401416] 3 | 5 8 _ 1 7 2 3 11 3 _ 0 9 
[00401417] 2 | 5 8 6 1 7 2 3 11 3 _ 0 9 
[00401418] 2 | 5 8 10 1 7 2 3 11 3 _ 0 9 
[00401419] 3 | _ 8 5 1 7 2 3 11 3 _ 0 9 
[00401420] 2 | 6 8 5 1 7 2 3 11 3 _ 0 9 
[00401421] 2 | 10 8 5 1 7 2 3 11 3 _ 0 9 
[00401422] 4 | _ 8 _ 1 7 2 _ 11 3 7 0 9 
[00401423] 3 | 5 8 _ 1 7 2 _ 11 3 7 0 9 
[00401424] 2 | 5 8 6 1 7 2 _ 11 3 7 0 9 
[00401425] 2 | 5 8 10 1 7 2 _ 11 3 7 0 9 
[00401426] 3 | _ 8 5 1 7 2 _ 11 3 7 0 9 
[00401427] 2 | 6 8 5 1 7 2 _ 11 3 7 0 9 
[00401428] 2 | 10 8 5 1 7 2 _ 11 3 7 0 9 
[00401429] 5 | _ 8 _ 1 7 _ 2 11 3 _ 0 9 
[00401430] 4 | 4 8 _ 1 7 _ 2 11 3 _ 0 9 
[00401431] 3 | 4 8 5 1 7 _ 2 11 3 _ 0 9 
[00401432] 3 | 4 8 _ 1 7 10 2 11 3 _ 0 9 
[00401433] 2 | 4 8 6 1 7 10 2 11 3 _ 0 9 
[00401434] 2 | 4 8 _ 1 7 10 2 11 3 5 0 9 
[00401435] 3 | 4 8 _ 1 7 _ 2 11 3 6 0 9 
[00401436] 2 | 4 8 10 1 7 _ 2 11 3 6 0 9 
[00401437] 2 | 4 8 _ 1 7 5 2 11 3 6 0 9 
[00401438] 4 | _ 8 4 1 7 _ 2 11 3 _ 0 9 
[00401439] 3 | 5 8 4 1 7 _ 2 11 3 _ 0 9 
[00401440] 3 | _ 8 4 1 7 10 2 11 3 _ 0 9 
[00401441] 2 | 6 8 4 1 7 10 2 11 3 _ 0 9 
[00401442] 2 | _ 8 4 1 7 10 2 11 3 5 0 9 
[00401443] 3 | _ 8 4 1 7 _ 2 11 3 6 0 9 
[00401444] 2 | 10 8 4 1 7 _ 2 11 3 6 0 9 
[00401445] 2 | _ 8 4 1 7 5 2 11 3 6 0 9 
[00401446] 4 | _ 8 _ 1 7 3 2 11 3 _ 0 9 
[00401447] 3 | 5 8 _ 1 7 3 2 11 3 _ 0 9 
[00401448] 2 | 5 8 6 1 7 3 2 11 3 _ 0 9 
[00401449] 2 | 5 8 10 1 7 3 2 11 3 _ 0 9 
[00401450] 3 | _ 8 5 1 7 3 2 11 3 _ 0 9 
[00401451] 2 | 6 8 5 1 7 3 2 11 3 _ 0 9 
[00401452] 2 | 10 8 5 1 7 3 2 11 3 _ 0 9 
[00401453] 4 | _ 8 _ 1 7 _ 2 11 3 7 0 9 
[00401454] 3 | 5 8 _ 1 7 _ 2 11 3 7 0 9 
[00401455] 2 | 5 8 6 1 7 _ 2 11 3 7 0 9 
[00401456] 2 | 5 8 10 1 7 _ 2 11 3 7 0 9 
[00401457] 3 | _ 8 5 1 7 _ 2 11 3 7 0 9 
[00401458] 2 | 6 8 5 1 7 _ 2 11 3 7 0 9 
[00401459] 2 | 10 8 5 1 7 _ 2 11 3 7 0 9 
[00401460] 5 | _ 8 _ 1 7 _ _ 11 3 8 0 9 
[00401461] 6 | _ 8 _ 1 4 10 _ 11 3 _ 0 9 
[00401462] 5 | 3 8 _ 1 4 10 _ 11 3 _ 0 9 
[00401463] 4 | 3 8 4 1 4 10 _ 11 3 _ 0 9 
[00401464] 4 | 3 8 _ 1 4 10 8 11 3 _ 0 9 
[00401465] 5 | _ 8 3 1 4 10 _ 11 3 _ 0 9 
[00401466] 4 | 4 8 3 1 4 10 _ 11 3 _ 0 9 
[00401467] 4 | _ 8 3 1 4 10 8 11 3 _ 0 9 
[00401468] 5 | _ 8 _ 1 4 10 _ 11 3 8 0 9 
[00401469] 6 | _ 8 _ 1 10 4 _ 11 3 _ 0 9 
[00401470] 5 | 3 8 _ 1 10 4 _ 11 3 _ 0 9 
[00401471] 4 | 3 8 _ 1 10 4 6 11 3 _ 0 9 
[00401472] 3 | 3 8 5 1 10 4 6 11 3 _ 0 9 
[00401473] 5 | _ 8 3 1 10 4 _ 11 3 _ 0 9 
[00401474] 4 | _ 8 3 1 10 4 6 11 3 _ 0 9 
[00401475] 3 | 5 8 3 1 10 4 6 11 3 _ 0 9 
[00401476] 5 | _ 8 _ 1 10 4 5 11 3 _ 0 9 
[00401477] 4 | _ 8 _ 1 10 4 5 11 3 7 0 9 
[00401478] 5 | _ 8 _ 1 10 4 _ 11 3 8 0 9 
[00401479] 4 | _ 8 _ 1 10 4 6 11 3 8 0 9 
[00401480] 6 | _ 8 _ 1 4 _ 10 11 3 _ 0 9 
[00401481] 5 | 3 8 _ 1 4 _ 10 11 3 _ 0 9 
[00401482] 4 | 3 8 4 1 4 _ 10 11 3 _ 0 9 
[00401483] 4 | 3 8 _ 1 4 8 10 11 3 _ 0 9 
[00401484] 5 | _ 8 3 1 4 _ 10 11 3 _ 0 9 
[00401485] 4 | 4 8 3 1 4 _ 10 11 3 _ 0 9 
[00401486] 4 | _ 8 3 1 4 8 10 11 3 _ 0 9 
[00401487] 5 | _ 8 _ 1 4 _ 10 11 3 8 0 9 
[00401488] 6 | _ 8 _ 1 10 _ 4 11 3 _ 0 9 
[00401489] 5 | 3 8 _ 1 10 _ 4 11 3 _ 0 9 
[00401490] 4 | 3 8 _ 1 10 6 4 11 3 _ 0 9 
[00401491] 3 | 3 8 5 1 10 6 4 11 3 _ 0 9 
[00401492] 5 | _ 8 3 1 10 _ 4 11 3 _ 0 9 
[00401493] 4 | _ 8 3 1 10 6 4 11 3 _ 0 9 
[00401494] 3 | 5 8 3 1 10 6 4 11 3 _ 0 9 
[00401495] 5 | _ 8 _ 1 10 5 4 11 3 _ 0 9 
[00401496] 4 | _ 8 _ 1 10 5 4 11 3 7 0 9 
[00401497] 5 | _ 8 _ 1 10 _ 4 11 3 8 0 9 
[00401498] 4 | _ 8 _ 1 10 6 4 11 3 8 0 9 
[00401499] 7 | _ _ _ 1 8 _ _ 11 3 _ 0 9 
[00401500] 6 | 4 10 _ 1 8 _ _ 11 3 _ 0 9 
[00401501] 6 | 10 4 _ 1 8 _ _ 11 3 _ 0 9 
[00401502] 5 | 10 4 _ 1 8 3 _ 11 3 _ 0 9 
[00401503] 4 | 10 4 8 1 8 3 _ 11 3 _ 0 9 
[00401504] 4 | 10 4 _ 1 8 3 4 11 3 _ 0 9 
[00401505] 5 | 10 4 _ 1 8 _ 3 11 3 _ 0 9 
[00401506] 4 | 10 4 8 1 8 _ 3 11 3 _ 0 9 
[00401507] 4 | 10 4 _ 1 8 4 3 11 3 _ 0 9 
[00401508] 5 | 10 4 _ 1 8 _ _ 11 3 8 0 9 
[00401509] 6 | _ 4 10 1 8 _ _ 11 3 _ 0 9 
[00401510] 5 | _ 4 10 1 8 3 _ 11 3 _ 0 9 
[00401511] 4 | 8 4 10 1 8 3 _ 11 3 _ 0 9 
[00401512] 4 | _ 4 10 1 8 3 4 11 3 _ 0 9 
[00401513] 5 | _ 4 10 1 8 _ 3 11 3 _ 0 9 
[00401514] 4 | 8 4 10 1 8 _ 3 11 3 _ 0 9 
[00401515] 4 | _ 4 10 1 8 4 3 11 3 _ 0 9 
[00401516] 5 | _ 4 10 1 8 _ _ 11 3 8 0 9 
[00401517] 6 | _ 10 4 1 8 _ _ 11 3 _ 0 9 
[00401518] 6 | _ 7 _ 1 8 _ _ 11 3 _ 0 9 
[00401519] 5 | 2 7 _ 1 8 _ _ 11 3 _ 0 9 
[00401520] 4 | 2 7 3 1 8 _ _ 11 3 _ 0 9 
[00401521] 3 | 2 7 3 1 8 5 _ 11 3 _ 0 9 
[00401522] 2 | 2 7 3 1 8 5 6 11 3 _ 0 9 
[00401523] 2 | 2 7 3 1 8 5 10 11 3 _ 0 9 
[00401524] 3 | 2 7 3 1 8 _ 5 11 3 _ 0 9 
[00401525] 2 | 2 7 3 1 8 6 5 11 3 _ 0 9 
[00401526] 2 | 2 7 3 1 8 10 5 11 3 _ 0 9 
[00401527] 4 | 2 7 _ 1 8 4 _ 11 3 _ 0 9 
[00401528] 3 | 2 7 10 1 8 4 _ 11 3 _ 0 9 
[00401529] 2 | 2 7 10 1 8 4 6 11 3 _ 0 9 
[00401530] 2 | 2 7 10 1 8 4 _ 11 3 5 0 9 
[00401531] 3 | 2 7 _ 1 8 4 5 11 3 _ 0 9 
[00401532] 3 | 2 7 _ 1 8 4 _ 11 3 6 0 9 
[00401533] 2 | 2 7 5 1 8 4 _ 11 3 6 0 9 
[00401534] 2 | 2 7 _ 1 8 4 10 11 3 6 0 9 
[00401535] 4 | 2 7 _ 1 8 _ 4 11 3 _ 0 9 
[00401536] 3 | 2 7 10 1 8 _ 4 11 3 _ 0 9 
[00401537] 2 | 2 7 10 1 8 6 4 11 3 _ 0 9 
[00401538] 2 | 2 7 10 1 8 _ 4 11 3 5 0 9 
[00401539] 3 | 2 7 _ 1 8 5 4 11 3 _ 0 9 
[00401540] 3 | 2 7 _ 1 8 _ 4 11 3 6 0 9 
[00401541] 2 | 2 7 5 1 8 _ 4 11 3 6 0 9 
[00401542] 2 | 2 7 _ 1 8 10 4 11 3 6 0 9 
[00401543] 4 | 2 7 _ 1 8 _ _ 11 3 7 0 9 
[00401544] 3 | 2 7 _ 1 8 5 _ 11 3 7 0 9 
[00401545] 2 | 2 7 _ 1 8 5 6 11 3 7 0 9 
[00401546] 2 | 2 7 _ 1 8 5 10 11 3 7 0 9 
[00401547] 3 | 2 7 _ 1 8 _ 5 11 3 7 0 9 
[00401548] 2 | 2 7 _ 1 8 6 5 11 3 7 0 9 
[00401549] 2 | 2 7 _ 1 8 10 5 11 3 7 0 9 
[00401550] 5 | _ 7 2 1 8 _ _ 11 3 _ 0 9 
[00401551] 4 | 3 7 2 1 8 _ _ 11 3 _ 0 9 
[00401552] 3 | 3 7 2 1 8 5 _ 11 3 _ 0 9 
[00401553] 2 | 3 7 2 1 8 5 6 11 3 _ 0 9 
[00401554] 2 | 3 7 2 1 8 5 10 11 3 _ 0 9 
[00401555] 3 | 3 7 2 1 8 _ 5 11 3 _ 0 9 
[00401556] 2 | 3 7 2 1 8 6 5 11 3 _ 0 9 
[00401557] 2 | 3 7 2 1 8 10 5 11 3 _ 0 9 
[00401558] 4 | _ 7 2 1 8 4 _ 11 3 _ 0 9 
[00401559] 3 | 10 7 2 1 8 4 _ 11 3 _ 0 9 
[00401560] 2 | 10 7 2 1 8 4 6 11 3 _ 0 9 
[00401561] 2 | 10 7 2 1 8 4 _ 11 3 5 0 9 
[00401562] 3 | _ 7 2 1 8 4 5 11 3 _ 0 9 
[00401563] 3 | _ 7 2 1 8 4 _ 11 3 6 0 9 
[00401564] 2 | 5 7 2 1 8 4 _ 11 3 6 0 9 
[00401565] 2 | _ 7 2 1 8 4 10 11 3 6 0 9 
[00401566] 4 | _ 7 2 1 8 _ 4 11 3 _ 0 9 
[00401567] 3 | 10 7 2 1 8 _ 4 11 3 _ 0 9 
[00401568] 2 | 10 7 2 1 8 6 4 11 3 _ 0 9 
[00401569] 2 | 10 7 2 1 8 _ 4 11 3 5 0 9 
[00401570] 3 | _ 7 2 1 8 5 4 11 3 _ 0 9 
[00401571] 3 | _ 7 2 1 8 _ 4 11 3 6 0 9 
[00401572] 2 | 5 7 2 1 8 _ 4 11 3 6 0 9 
[00401573] 2 | _ 7 2 1 8 10 4 11 3 6 0 9 
[00401574] 4 | _ 7 2 1 8 _ _ 11 3 7 0 9 
[00401575] 3 | _ 7 2 1 8 5 _ 11 3 7 0 9 
[00401576] 2 | _ 7 2 1 8 5 6 11 3 7 0 9 
[00401577] 2 | _ 7 2 1 8 5 10 11 3 7 0 9 
[00401578] 3 | _ 7 2 1 8 _ 5 11 3 7 0 9 
[00401579] 2 | _ 7 2 1 8 6 5 11 3 7 0 9 
[00401580] 2 | _ 7 2 1 8 10 5 11 3 7 0 9 
[00401581] 5 | _ 7 _ 1 8 3 _ 11 3 _ 0 9 
[00401582] 4 | _ 7 _ 1 8 3 4 11 3 _ 0 9 
[00401583] 3 | 10 7 _ 1 8 3 4 11 3 _ 0 9 
[00401584] 2 | 10 7 5 1 8 3 4 11 3 _ 0 9 
[00401585] 3 | _ 7 10 1 8 3 4 11 3 _ 0 9 
[00401586] 2 | 5 7 10 1 8 3 4 11 3 _ 0 9 
[00401587] 5 | _ 7 _ 1 8 _ 3 11 3 _ 0 9 
[00401588] 4 | _ 7 _ 1 8 4 3 11 3 _ 0 9 
[00401589] 3 | 10 7 _ 1 8 4 3 11 3 _ 0 9 
[00401590] 2 | 10 7 5 1 8 4 3 11 3 _ 0 9 
[00401591] 3 | _ 7 10 1 8 4 3 11 3 _ 0 9 
[00401592] 2 | 5 7 10 1 8 4 3 11 3 _ 0 9 
[00401593] 5 | _ 7 _ 1 8 _ _ 11 3 8 0 9 
[00401594] 6 | _ _ _ 1 8 2 _ 11 3 _ 0 9 
[00401595] 5 | 5 10 _ 1 8 2 _ 11 3 _ 0 9 
[00401596] 5 | 10 5 _ 1 8 2 _ 11 3 _ 0 9 
[00401597] 4 | 10 5 _ 1 8 2 4 11 3 _ 0 9 
[00401598] 3 | 10 5 _ 1 8 2 4 11 3 6 0 9 
[00401599] 2 | 10 5 7 1 8 2 4 11 3 6 0 9 
[00401600] 4 | 10 5 _ 1 8 2 _ 11 3 7 0 9 
[00401601] 3 | 10 5 8 1 8 2 _ 11 3 7 0 9 
[00401602] 3 | 10 5 _ 1 8 2 5 11 3 7 0 9 
[00401603] 5 | _ 5 10 1 8 2 _ 11 3 _ 0 9 
