[00201193] 4 | _ 10 4 1 11 3 0 8 7 2 9 5 
[00201194] 5 | _ 10 4 1 11 3 0 8 _ _ 2 7 
[00201195] 4 | 6 10 4 1 11 3 0 8 _ _ 2 7 
[00201196] 3 | 6 10 4 1 11 3 0 8 5 _ 2 7 
[00201197] 4 | _ 10 4 1 11 3 0 8 5 9 2 7 
[00201198] 4 | _ 10 4 1 11 3 0 8 9 5 2 7 
[00201199] 5 | _ 10 4 1 11 3 0 8 _ _ 7 2 
[00201200] 4 | 6 10 4 1 11 3 0 8 _ _ 7 2 
[00201201] 3 | 6 10 4 1 11 3 0 8 5 _ 7 2 
[00201202] 4 | _ 10 4 1 11 3 0 8 5 9 7 2 
[00201203] 4 | _ 10 4 1 11 3 0 8 9 5 7 2 
[00201204] 6 | _ 10 _ 1 11 3 0 8 2 _ _ _ 
[00201205] 5 | 5 10 _ 1 11 3 0 8 2 _ _ _ 
[00201206] 4 | 5 10 6 1 11 3 0 8 2 _ _ _ 
[00201207] 3 | 5 10 6 1 11 3 0 8 2 _ 4 7 
[00201208] 3 | 5 10 6 1 11 3 0 8 2 _ 7 4 
[00201209] 4 | 5 10 _ 1 11 3 0 8 2 6 _ _ 
[00201210] 3 | 5 10 7 1 11 3 0 8 2 6 _ _ 
[00201211] 3 | 5 10 _ 1 11 3 0 8 2 6 4 7 
[00201212] 3 | 5 10 _ 1 11 3 0 8 2 6 7 4 
[00201213] 4 | 5 10 _ 1 11 3 0 8 2 _ 4 _ 
[00201214] 3 | 5 10 7 1 11 3 0 8 2 _ 4 _ 
[00201215] 2 | 5 10 7 1 11 3 0 8 2 4 4 _ 
[00201216] 2 | 5 10 7 1 11 3 0 8 2 _ 4 2 
[00201217] 2 | 5 10 7 1 11 3 0 8 2 _ 4 6 
[00201218] 3 | 5 10 _ 1 11 3 0 8 2 _ 4 7 
[00201219] 5 | _ 10 5 1 11 3 0 8 2 _ _ _ 
[00201220] 4 | 6 10 5 1 11 3 0 8 2 _ _ _ 
[00201221] 3 | 6 10 5 1 11 3 0 8 2 _ 4 7 
[00201222] 3 | 6 10 5 1 11 3 0 8 2 _ 7 4 
[00201223] 4 | _ 10 5 1 11 3 0 8 2 6 _ _ 
[00201224] 3 | 7 10 5 1 11 3 0 8 2 6 _ _ 
[00201225] 3 | _ 10 5 1 11 3 0 8 2 6 4 7 
[00201226] 3 | _ 10 5 1 11 3 0 8 2 6 7 4 
[00201227] 4 | _ 10 5 1 11 3 0 8 2 _ 4 _ 
[00201228] 3 | 7 10 5 1 11 3 0 8 2 _ 4 _ 
[00201229] 2 | 7 10 5 1 11 3 0 8 2 4 4 _ 
[00201230] 2 | 7 10 5 1 11 3 0 8 2 _ 4 2 
[00201231] 2 | 7 10 5 1 11 3 0 8 2 _ 4 6 
[00201232] 3 | _ 10 5 1 11 3 0 8 2 _ 4 7 
[00201233] 5 | _ 10 _ 1 11 3 0 8 2 7 _ _ 
[00201234] 4 | 6 10 _ 1 11 3 0 8 2 7 _ _ 
[00201235] 3 | 6 10 _ 1 11 3 0 8 2 7 5 _ 
[00201236] 4 | _ 10 6 1 11 3 0 8 2 7 _ _ 
[00201237] 3 | _ 10 6 1 11 3 0 8 2 7 5 _ 
[00201238] 4 | _ 10 _ 1 11 3 0 8 2 7 4 _ 
[00201239] 4 | _ 10 _ 1 11 3 0 8 2 7 5 9 
[00201240] 4 | _ 10 _ 1 11 3 0 8 2 7 9 5 
[00201241] 5 | _ 10 _ 1 11 3 0 8 2 _ 4 9 
[00201242] 4 | 6 10 _ 1 11 3 0 8 2 _ 4 9 
[00201243] 3 | 6 10 7 1 11 3 0 8 2 _ 4 9 
[00201244] 3 | 6 10 _ 1 11 3 0 8 2 5 4 9 
[00201245] 4 | _ 10 6 1 11 3 0 8 2 _ 4 9 
[00201246] 3 | 7 10 6 1 11 3 0 8 2 _ 4 9 
[00201247] 3 | _ 10 6 1 11 3 0 8 2 5 4 9 
[00201248] 4 | _ 10 _ 1 11 3 0 8 2 6 4 9 
[00201249] 3 | 7 10 _ 1 11 3 0 8 2 6 4 9 
[00201250] 3 | _ 10 7 1 11 3 0 8 2 6 4 9 
[00201251] 5 | _ 10 _ 1 11 3 0 8 2 _ 9 4 
[00201252] 4 | 6 10 _ 1 11 3 0 8 2 _ 9 4 
[00201253] 3 | 6 10 7 1 11 3 0 8 2 _ 9 4 
[00201254] 3 | 6 10 _ 1 11 3 0 8 2 5 9 4 
[00201255] 4 | _ 10 6 1 11 3 0 8 2 _ 9 4 
[00201256] 3 | 7 10 6 1 11 3 0 8 2 _ 9 4 
[00201257] 3 | _ 10 6 1 11 3 0 8 2 5 9 4 
[00201258] 4 | _ 10 _ 1 11 3 0 8 2 6 9 4 
[00201259] 3 | 7 10 _ 1 11 3 0 8 2 6 9 4 
[00201260] 3 | _ 10 7 1 11 3 0 8 2 6 9 4 
[00201261] 6 | _ 10 _ 1 11 3 0 8 _ _ 2 _ 
[00201262] 5 | 5 10 _ 1 11 3 0 8 _ _ 2 _ 
[00201263] 4 | 5 10 6 1 11 3 0 8 _ _ 2 _ 
[00201264] 3 | 5 10 6 1 11 3 0 8 4 7 2 _ 
[00201265] 3 | 5 10 6 1 11 3 0 8 7 4 2 _ 
[00201266] 4 | 5 10 _ 1 11 3 0 8 4 _ 2 _ 
[00201267] 3 | 5 10 7 1 11 3 0 8 4 _ 2 _ 
[00201268] 2 | 5 10 7 1 11 3 0 8 4 2 2 _ 
[00201269] 2 | 5 10 7 1 11 3 0 8 4 6 2 _ 
[00201270] 2 | 5 10 7 1 11 3 0 8 4 _ 2 4 
[00201271] 3 | 5 10 _ 1 11 3 0 8 4 7 2 _ 
[00201272] 4 | 5 10 _ 1 11 3 0 8 _ _ 2 6 
[00201273] 3 | 5 10 7 1 11 3 0 8 _ _ 2 6 
[00201274] 3 | 5 10 _ 1 11 3 0 8 4 7 2 6 
[00201275] 3 | 5 10 _ 1 11 3 0 8 7 4 2 6 
[00201276] 5 | _ 10 5 1 11 3 0 8 _ _ 2 _ 
[00201277] 4 | 6 10 5 1 11 3 0 8 _ _ 2 _ 
[00201278] 3 | 6 10 5 1 11 3 0 8 4 7 2 _ 
[00201279] 3 | 6 10 5 1 11 3 0 8 7 4 2 _ 
[00201280] 4 | _ 10 5 1 11 3 0 8 4 _ 2 _ 
[00201281] 3 | 7 10 5 1 11 3 0 8 4 _ 2 _ 
[00201282] 2 | 7 10 5 1 11 3 0 8 4 2 2 _ 
[00201283] 2 | 7 10 5 1 11 3 0 8 4 6 2 _ 
[00201284] 2 | 7 10 5 1 11 3 0 8 4 _ 2 4 
[00201285] 3 | _ 10 5 1 11 3 0 8 4 7 2 _ 
[00201286] 4 | _ 10 5 1 11 3 0 8 _ _ 2 6 
[00201287] 3 | 7 10 5 1 11 3 0 8 _ _ 2 6 
[00201288] 3 | _ 10 5 1 11 3 0 8 4 7 2 6 
[00201289] 3 | _ 10 5 1 11 3 0 8 7 4 2 6 
[00201290] 5 | _ 10 _ 1 11 3 0 8 4 9 2 _ 
[00201291] 4 | 6 10 _ 1 11 3 0 8 4 9 2 _ 
[00201292] 3 | 6 10 7 1 11 3 0 8 4 9 2 _ 
[00201293] 3 | 6 10 _ 1 11 3 0 8 4 9 2 5 
[00201294] 4 | _ 10 6 1 11 3 0 8 4 9 2 _ 
[00201295] 3 | 7 10 6 1 11 3 0 8 4 9 2 _ 
[00201296] 3 | _ 10 6 1 11 3 0 8 4 9 2 5 
[00201297] 4 | _ 10 _ 1 11 3 0 8 4 9 2 6 
[00201298] 3 | 7 10 _ 1 11 3 0 8 4 9 2 6 
[00201299] 3 | _ 10 7 1 11 3 0 8 4 9 2 6 
[00201300] 5 | _ 10 _ 1 11 3 0 8 9 4 2 _ 
[00201301] 4 | 6 10 _ 1 11 3 0 8 9 4 2 _ 
[00201302] 3 | 6 10 7 1 11 3 0 8 9 4 2 _ 
[00201303] 3 | 6 10 _ 1 11 3 0 8 9 4 2 5 
[00201304] 4 | _ 10 6 1 11 3 0 8 9 4 2 _ 
[00201305] 3 | 7 10 6 1 11 3 0 8 9 4 2 _ 
[00201306] 3 | _ 10 6 1 11 3 0 8 9 4 2 5 
[00201307] 4 | _ 10 _ 1 11 3 0 8 9 4 2 6 
[00201308] 3 | 7 10 _ 1 11 3 0 8 9 4 2 6 
[00201309] 3 | _ 10 7 1 11 3 0 8 9 4 2 6 
[00201310] 5 | _ 10 _ 1 11 3 0 8 _ _ 2 7 
[00201311] 4 | 6 10 _ 1 11 3 0 8 _ _ 2 7 
[00201312] 3 | 6 10 _ 1 11 3 0 8 5 _ 2 7 
[00201313] 4 | _ 10 6 1 11 3 0 8 _ _ 2 7 
[00201314] 3 | _ 10 6 1 11 3 0 8 5 _ 2 7 
[00201315] 4 | _ 10 _ 1 11 3 0 8 4 _ 2 7 
[00201316] 4 | _ 10 _ 1 11 3 0 8 5 9 2 7 
[00201317] 4 | _ 10 _ 1 11 3 0 8 9 5 2 7 
[00201318] 7 | _ 10 _ 1 11 3 0 2 9 _ _ _ 
[00201319] 6 | 4 10 _ 1 11 3 0 2 9 _ _ _ 
[00201320] 5 | 4 10 5 1 11 3 0 2 9 _ _ _ 
[00201321] 4 | 4 10 5 1 11 3 0 2 9 _ 6 _ 
[00201322] 3 | 4 10 5 1 11 3 0 2 9 6 6 _ 
[00201323] 3 | 4 10 5 1 11 3 0 2 9 _ 6 9 
[00201324] 5 | 4 10 _ 1 11 3 0 2 9 _ 7 _ 
[00201325] 4 | 4 10 6 1 11 3 0 2 9 _ 7 _ 
[00201326] 4 | 4 10 _ 1 11 3 0 2 9 5 7 _ 
[00201327] 3 | 4 10 7 1 11 3 0 2 9 5 7 _ 
[00201328] 3 | 4 10 _ 1 11 3 0 2 9 5 7 10 
[00201329] 6 | _ 10 4 1 11 3 0 2 9 _ _ _ 
[00201330] 5 | 5 10 4 1 11 3 0 2 9 _ _ _ 
[00201331] 4 | 5 10 4 1 11 3 0 2 9 _ 6 _ 
[00201332] 3 | 5 10 4 1 11 3 0 2 9 6 6 _ 
[00201333] 3 | 5 10 4 1 11 3 0 2 9 _ 6 9 
[00201334] 5 | _ 10 4 1 11 3 0 2 9 _ 7 _ 
[00201335] 4 | 6 10 4 1 11 3 0 2 9 _ 7 _ 
[00201336] 4 | _ 10 4 1 11 3 0 2 9 5 7 _ 
[00201337] 3 | 7 10 4 1 11 3 0 2 9 5 7 _ 
[00201338] 3 | _ 10 4 1 11 3 0 2 9 5 7 10 
[00201339] 6 | _ 10 _ 1 11 3 0 2 9 _ 8 _ 
[00201340] 5 | 5 10 _ 1 11 3 0 2 9 _ 8 _ 
[00201341] 4 | 5 10 6 1 11 3 0 2 9 _ 8 _ 
[00201342] 4 | 5 10 _ 1 11 3 0 2 9 _ 8 4 
[00201343] 3 | 5 10 7 1 11 3 0 2 9 _ 8 4 
[00201344] 3 | 5 10 _ 1 11 3 0 2 9 6 8 4 
[00201345] 5 | _ 10 5 1 11 3 0 2 9 _ 8 _ 
[00201346] 4 | 6 10 5 1 11 3 0 2 9 _ 8 _ 
[00201347] 4 | _ 10 5 1 11 3 0 2 9 _ 8 4 
[00201348] 3 | 7 10 5 1 11 3 0 2 9 _ 8 4 
[00201349] 3 | _ 10 5 1 11 3 0 2 9 6 8 4 
[00201350] 5 | _ 10 _ 1 11 3 0 2 9 4 8 _ 
[00201351] 4 | 6 10 _ 1 11 3 0 2 9 4 8 _ 
[00201352] 3 | 6 10 7 1 11 3 0 2 9 4 8 _ 
[00201353] 3 | 6 10 _ 1 11 3 0 2 9 4 8 5 
[00201354] 4 | _ 10 6 1 11 3 0 2 9 4 8 _ 
[00201355] 3 | 7 10 6 1 11 3 0 2 9 4 8 _ 
[00201356] 3 | _ 10 6 1 11 3 0 2 9 4 8 5 
[00201357] 7 | _ 10 _ 1 11 3 0 9 2 _ _ _ 
[00201358] 6 | 4 10 _ 1 11 3 0 9 2 _ _ _ 
[00201359] 5 | 4 10 5 1 11 3 0 9 2 _ _ _ 
[00201360] 4 | 4 10 5 1 11 3 0 9 2 6 _ _ 
[00201361] 5 | 4 10 _ 1 11 3 0 9 2 7 _ _ 
[00201362] 4 | 4 10 6 1 11 3 0 9 2 7 _ _ 
[00201363] 3 | 4 10 6 1 11 3 0 9 2 7 5 8 
[00201364] 3 | 4 10 6 1 11 3 0 9 2 7 8 5 
[00201365] 4 | 4 10 _ 1 11 3 0 9 2 7 5 _ 
[00201366] 3 | 4 10 _ 1 11 3 0 9 2 7 5 8 
[00201367] 6 | _ 10 4 1 11 3 0 9 2 _ _ _ 
[00201368] 5 | 5 10 4 1 11 3 0 9 2 _ _ _ 
[00201369] 4 | 5 10 4 1 11 3 0 9 2 6 _ _ 
[00201370] 5 | _ 10 4 1 11 3 0 9 2 7 _ _ 
[00201371] 4 | 6 10 4 1 11 3 0 9 2 7 _ _ 
[00201372] 3 | 6 10 4 1 11 3 0 9 2 7 5 8 
[00201373] 3 | 6 10 4 1 11 3 0 9 2 7 8 5 
[00201374] 4 | _ 10 4 1 11 3 0 9 2 7 5 _ 
[00201375] 3 | _ 10 4 1 11 3 0 9 2 7 5 8 
[00201376] 6 | _ 10 _ 1 11 3 0 9 2 8 _ _ 
[00201377] 5 | 5 10 _ 1 11 3 0 9 2 8 _ _ 
[00201378] 4 | 5 10 6 1 11 3 0 9 2 8 _ _ 
[00201379] 3 | 5 10 6 1 11 3 0 9 2 8 4 7 
[00201380] 3 | 5 10 6 1 11 3 0 9 2 8 7 4 
[00201381] 5 | _ 10 5 1 11 3 0 9 2 8 _ _ 
[00201382] 4 | 6 10 5 1 11 3 0 9 2 8 _ _ 
[00201383] 3 | 6 10 5 1 11 3 0 9 2 8 4 7 
[00201384] 3 | 6 10 5 1 11 3 0 9 2 8 7 4 
[00201385] 5 | _ 10 _ 1 11 3 0 9 2 8 4 _ 
[00201386] 4 | 6 10 _ 1 11 3 0 9 2 8 4 _ 
[00201387] 3 | 6 10 7 1 11 3 0 9 2 8 4 _ 
[00201388] 3 | 6 10 _ 1 11 3 0 9 2 8 4 7 
[00201389] 4 | _ 10 6 1 11 3 0 9 2 8 4 _ 
[00201390] 3 | 7 10 6 1 11 3 0 9 2 8 4 _ 
[00201391] 3 | _ 10 6 1 11 3 0 9 2 8 4 7 
[00201392] 7 | _ 10 _ 1 11 3 0 _ 2 9 _ _ 
[00201393] 6 | 4 10 _ 1 11 3 0 _ 2 9 _ _ 
[00201394] 5 | 4 10 5 1 11 3 0 _ 2 9 _ _ 
[00201395] 4 | 4 10 5 1 11 3 0 6 2 9 _ _ 
[00201396] 5 | 4 10 _ 1 11 3 0 6 2 9 _ _ 
[00201397] 4 | 4 10 6 1 11 3 0 6 2 9 _ _ 
[00201398] 3 | 4 10 6 1 11 3 0 6 2 9 5 8 
[00201399] 3 | 4 10 6 1 11 3 0 6 2 9 8 5 
[00201400] 4 | 4 10 _ 1 11 3 0 6 2 9 10 _ 
[00201401] 3 | 4 10 7 1 11 3 0 6 2 9 10 _ 
[00201402] 3 | 4 10 _ 1 11 3 0 6 2 9 10 7 
[00201403] 5 | 4 10 _ 1 11 3 0 7 2 9 _ _ 
[00201404] 4 | 4 10 6 1 11 3 0 7 2 9 _ _ 
[00201405] 3 | 4 10 6 1 11 3 0 7 2 9 5 8 
[00201406] 3 | 4 10 6 1 11 3 0 7 2 9 8 5 
[00201407] 6 | _ 10 4 1 11 3 0 _ 2 9 _ _ 
[00201408] 5 | 5 10 4 1 11 3 0 _ 2 9 _ _ 
[00201409] 4 | 5 10 4 1 11 3 0 6 2 9 _ _ 
[00201410] 5 | _ 10 4 1 11 3 0 6 2 9 _ _ 
[00201411] 4 | 6 10 4 1 11 3 0 6 2 9 _ _ 
[00201412] 3 | 6 10 4 1 11 3 0 6 2 9 5 8 
[00201413] 3 | 6 10 4 1 11 3 0 6 2 9 8 5 
[00201414] 4 | _ 10 4 1 11 3 0 6 2 9 10 _ 
[00201415] 3 | 7 10 4 1 11 3 0 6 2 9 10 _ 
[00201416] 3 | _ 10 4 1 11 3 0 6 2 9 10 7 
[00201417] 5 | _ 10 4 1 11 3 0 7 2 9 _ _ 
[00201418] 4 | 6 10 4 1 11 3 0 7 2 9 _ _ 
[00201419] 3 | 6 10 4 1 11 3 0 7 2 9 5 8 
[00201420] 3 | 6 10 4 1 11 3 0 7 2 9 8 5 
[00201421] 6 | _ 10 _ 1 11 3 0 7 2 9 _ _ 
[00201422] 5 | 5 10 _ 1 11 3 0 7 2 9 _ _ 
[00201423] 4 | 5 10 6 1 11 3 0 7 2 9 _ _ 
[00201424] 3 | 5 10 6 1 11 3 0 7 2 9 4 _ 
[00201425] 4 | 5 10 _ 1 11 3 0 7 2 9 4 8 
[00201426] 4 | 5 10 _ 1 11 3 0 7 2 9 8 4 
[00201427] 5 | _ 10 5 1 11 3 0 7 2 9 _ _ 
[00201428] 4 | 6 10 5 1 11 3 0 7 2 9 _ _ 
[00201429] 3 | 6 10 5 1 11 3 0 7 2 9 4 _ 
[00201430] 4 | _ 10 5 1 11 3 0 7 2 9 4 8 
[00201431] 4 | _ 10 5 1 11 3 0 7 2 9 8 4 
[00201432] 6 | _ 10 _ 1 11 3 0 8 2 9 _ _ 
[00201433] 5 | 5 10 _ 1 11 3 0 8 2 9 _ _ 
[00201434] 4 | 5 10 6 1 11 3 0 8 2 9 _ _ 
[00201435] 3 | 5 10 6 1 11 3 0 8 2 9 4 7 
[00201436] 3 | 5 10 6 1 11 3 0 8 2 9 7 4 
[00201437] 4 | 5 10 _ 1 11 3 0 8 2 9 4 _ 
[00201438] 3 | 5 10 7 1 11 3 0 8 2 9 4 _ 
[00201439] 2 | 5 10 7 1 11 3 0 8 2 9 4 6 
[00201440] 3 | 5 10 _ 1 11 3 0 8 2 9 4 7 
[00201441] 5 | _ 10 5 1 11 3 0 8 2 9 _ _ 
[00201442] 4 | 6 10 5 1 11 3 0 8 2 9 _ _ 
[00201443] 3 | 6 10 5 1 11 3 0 8 2 9 4 7 
[00201444] 3 | 6 10 5 1 11 3 0 8 2 9 7 4 
[00201445] 4 | _ 10 5 1 11 3 0 8 2 9 4 _ 
[00201446] 3 | 7 10 5 1 11 3 0 8 2 9 4 _ 
[00201447] 2 | 7 10 5 1 11 3 0 8 2 9 4 6 
[00201448] 3 | _ 10 5 1 11 3 0 8 2 9 4 7 
[00201449] 7 | _ 10 _ 1 11 3 0 _ 9 2 _ _ 
[00201450] 6 | 4 10 _ 1 11 3 0 _ 9 2 _ _ 
[00201451] 5 | 4 10 5 1 11 3 0 _ 9 2 _ _ 
[00201452] 5 | 4 10 _ 1 11 3 0 6 9 2 _ _ 
[00201453] 4 | 4 10 6 1 11 3 0 6 9 2 _ _ 
[00201454] 3 | 4 10 6 1 11 3 0 6 9 2 5 8 
[00201455] 3 | 4 10 6 1 11 3 0 6 9 2 8 5 
[00201456] 4 | 4 10 _ 1 11 3 0 6 9 2 10 _ 
[00201457] 3 | 4 10 7 1 11 3 0 6 9 2 10 _ 
[00201458] 3 | 4 10 _ 1 11 3 0 6 9 2 10 7 
[00201459] 6 | _ 10 4 1 11 3 0 _ 9 2 _ _ 
[00201460] 5 | 5 10 4 1 11 3 0 _ 9 2 _ _ 
[00201461] 5 | _ 10 4 1 11 3 0 6 9 2 _ _ 
[00201462] 4 | 6 10 4 1 11 3 0 6 9 2 _ _ 
[00201463] 3 | 6 10 4 1 11 3 0 6 9 2 5 8 
[00201464] 3 | 6 10 4 1 11 3 0 6 9 2 8 5 
[00201465] 4 | _ 10 4 1 11 3 0 6 9 2 10 _ 
[00201466] 3 | 7 10 4 1 11 3 0 6 9 2 10 _ 
[00201467] 3 | _ 10 4 1 11 3 0 6 9 2 10 7 
[00201468] 6 | _ 10 _ 1 11 3 0 7 9 2 _ _ 
[00201469] 5 | 5 10 _ 1 11 3 0 7 9 2 _ _ 
[00201470] 4 | 5 10 6 1 11 3 0 7 9 2 _ _ 
[00201471] 3 | 5 10 6 1 11 3 0 7 9 2 4 _ 
[00201472] 4 | 5 10 _ 1 11 3 0 7 9 2 4 8 
[00201473] 4 | 5 10 _ 1 11 3 0 7 9 2 8 4 
[00201474] 5 | _ 10 5 1 11 3 0 7 9 2 _ _ 
[00201475] 4 | 6 10 5 1 11 3 0 7 9 2 _ _ 
[00201476] 3 | 6 10 5 1 11 3 0 7 9 2 4 _ 
[00201477] 4 | _ 10 5 1 11 3 0 7 9 2 4 8 
[00201478] 4 | _ 10 5 1 11 3 0 7 9 2 8 4 
[00201479] 7 | _ 10 _ 1 11 3 0 2 _ _ 9 _ 
[00201480] 6 | 4 10 _ 1 11 3 0 2 _ _ 9 _ 
[00201481] 5 | 4 10 5 1 11 3 0 2 _ _ 9 _ 
[00201482] 4 | 4 10 5 1 11 3 0 2 6 _ 9 _ 
[00201483] 3 | 4 10 5 1 11 3 0 2 6 9 9 _ 
[00201484] 3 | 4 10 5 1 11 3 0 2 6 _ 9 6 
[00201485] 5 | 4 10 _ 1 11 3 0 2 7 _ 9 _ 
[00201486] 4 | 4 10 6 1 11 3 0 2 7 _ 9 _ 
[00201487] 4 | 4 10 _ 1 11 3 0 2 7 _ 9 5 
[00201488] 3 | 4 10 7 1 11 3 0 2 7 _ 9 5 
[00201489] 3 | 4 10 _ 1 11 3 0 2 7 10 9 5 
[00201490] 6 | _ 10 4 1 11 3 0 2 _ _ 9 _ 
[00201491] 5 | 5 10 4 1 11 3 0 2 _ _ 9 _ 
[00201492] 4 | 5 10 4 1 11 3 0 2 6 _ 9 _ 
[00201493] 3 | 5 10 4 1 11 3 0 2 6 9 9 _ 
[00201494] 3 | 5 10 4 1 11 3 0 2 6 _ 9 6 
[00201495] 5 | _ 10 4 1 11 3 0 2 7 _ 9 _ 
[00201496] 4 | 6 10 4 1 11 3 0 2 7 _ 9 _ 
[00201497] 4 | _ 10 4 1 11 3 0 2 7 _ 9 5 
[00201498] 3 | 7 10 4 1 11 3 0 2 7 _ 9 5 
[00201499] 3 | _ 10 4 1 11 3 0 2 7 10 9 5 
[00201500] 6 | _ 10 _ 1 11 3 0 2 8 _ 9 _ 
[00201501] 5 | 5 10 _ 1 11 3 0 2 8 _ 9 _ 
[00201502] 4 | 5 10 6 1 11 3 0 2 8 _ 9 _ 
[00201503] 4 | 5 10 _ 1 11 3 0 2 8 4 9 _ 
[00201504] 3 | 5 10 7 1 11 3 0 2 8 4 9 _ 
[00201505] 3 | 5 10 _ 1 11 3 0 2 8 4 9 6 
[00201506] 5 | _ 10 5 1 11 3 0 2 8 _ 9 _ 
[00201507] 4 | 6 10 5 1 11 3 0 2 8 _ 9 _ 
[00201508] 4 | _ 10 5 1 11 3 0 2 8 4 9 _ 
[00201509] 3 | 7 10 5 1 11 3 0 2 8 4 9 _ 
[00201510] 3 | _ 10 5 1 11 3 0 2 8 4 9 6 
[00201511] 5 | _ 10 _ 1 11 3 0 2 8 _ 9 4 
[00201512] 4 | 6 10 _ 1 11 3 0 2 8 _ 9 4 
[00201513] 3 | 6 10 7 1 11 3 0 2 8 _ 9 4 
[00201514] 3 | 6 10 _ 1 11 3 0 2 8 5 9 4 
[00201515] 4 | _ 10 6 1 11 3 0 2 8 _ 9 4 
[00201516] 3 | 7 10 6 1 11 3 0 2 8 _ 9 4 
[00201517] 3 | _ 10 6 1 11 3 0 2 8 5 9 4 
[00201518] 7 | _ 10 _ 1 11 3 0 9 _ _ 2 _ 
[00201519] 6 | 4 10 _ 1 11 3 0 9 _ _ 2 _ 
[00201520] 5 | 4 10 5 1 11 3 0 9 _ _ 2 _ 
[00201521] 4 | 4 10 5 1 11 3 0 9 _ _ 2 6 
[00201522] 5 | 4 10 _ 1 11 3 0 9 _ _ 2 7 
[00201523] 4 | 4 10 6 1 11 3 0 9 _ _ 2 7 
[00201524] 3 | 4 10 6 1 11 3 0 9 5 8 2 7 
[00201525] 3 | 4 10 6 1 11 3 0 9 8 5 2 7 
[00201526] 4 | 4 10 _ 1 11 3 0 9 5 _ 2 7 
[00201527] 3 | 4 10 _ 1 11 3 0 9 5 8 2 7 
[00201528] 6 | _ 10 4 1 11 3 0 9 _ _ 2 _ 
[00201529] 5 | 5 10 4 1 11 3 0 9 _ _ 2 _ 
[00201530] 4 | 5 10 4 1 11 3 0 9 _ _ 2 6 
[00201531] 5 | _ 10 4 1 11 3 0 9 _ _ 2 7 
[00201532] 4 | 6 10 4 1 11 3 0 9 _ _ 2 7 
[00201533] 3 | 6 10 4 1 11 3 0 9 5 8 2 7 
[00201534] 3 | 6 10 4 1 11 3 0 9 8 5 2 7 
[00201535] 4 | _ 10 4 1 11 3 0 9 5 _ 2 7 
[00201536] 3 | _ 10 4 1 11 3 0 9 5 8 2 7 
[00201537] 6 | _ 10 _ 1 11 3 0 9 _ _ 2 8 
[00201538] 5 | 5 10 _ 1 11 3 0 9 _ _ 2 8 
[00201539] 4 | 5 10 6 1 11 3 0 9 _ _ 2 8 
[00201540] 3 | 5 10 6 1 11 3 0 9 4 7 2 8 
[00201541] 3 | 5 10 6 1 11 3 0 9 7 4 2 8 
[00201542] 5 | _ 10 5 1 11 3 0 9 _ _ 2 8 
[00201543] 4 | 6 10 5 1 11 3 0 9 _ _ 2 8 
[00201544] 3 | 6 10 5 1 11 3 0 9 4 7 2 8 
[00201545] 3 | 6 10 5 1 11 3 0 9 7 4 2 8 
[00201546] 5 | _ 10 _ 1 11 3 0 9 4 _ 2 8 
[00201547] 4 | 6 10 _ 1 11 3 0 9 4 _ 2 8 
[00201548] 3 | 6 10 7 1 11 3 0 9 4 _ 2 8 
[00201549] 3 | 6 10 _ 1 11 3 0 9 4 7 2 8 
[00201550] 4 | _ 10 6 1 11 3 0 9 4 _ 2 8 
[00201551] 3 | 7 10 6 1 11 3 0 9 4 _ 2 8 
[00201552] 3 | _ 10 6 1 11 3 0 9 4 7 2 8 
[00201553] 7 | _ 10 _ 1 11 3 0 _ _ _ 2 9 
[00201554] 6 | 4 10 _ 1 11 3 0 _ _ _ 2 9 
[00201555] 5 | 4 10 5 1 11 3 0 _ _ _ 2 9 
[00201556] 4 | 4 10 5 1 11 3 0 6 _ _ 2 9 
[00201557] 5 | 4 10 _ 1 11 3 0 6 _ _ 2 9 
[00201558] 4 | 4 10 6 1 11 3 0 6 _ _ 2 9 
[00201559] 3 | 4 10 6 1 11 3 0 6 5 8 2 9 
[00201560] 3 | 4 10 6 1 11 3 0 6 8 5 2 9 
[00201561] 4 | 4 10 _ 1 11 3 0 6 10 _ 2 9 
[00201562] 3 | 4 10 7 1 11 3 0 6 10 _ 2 9 
[00201563] 3 | 4 10 _ 1 11 3 0 6 10 7 2 9 
[00201564] 5 | 4 10 _ 1 11 3 0 7 _ _ 2 9 
[00201565] 4 | 4 10 6 1 11 3 0 7 _ _ 2 9 
[00201566] 3 | 4 10 6 1 11 3 0 7 5 8 2 9 
[00201567] 3 | 4 10 6 1 11 3 0 7 8 5 2 9 
[00201568] 6 | _ 10 4 1 11 3 0 _ _ _ 2 9 
[00201569] 5 | 5 10 4 1 11 3 0 _ _ _ 2 9 
[00201570] 4 | 5 10 4 1 11 3 0 6 _ _ 2 9 
[00201571] 5 | _ 10 4 1 11 3 0 6 _ _ 2 9 
[00201572] 4 | 6 10 4 1 11 3 0 6 _ _ 2 9 
[00201573] 3 | 6 10 4 1 11 3 0 6 5 8 2 9 
[00201574] 3 | 6 10 4 1 11 3 0 6 8 5 2 9 
[00201575] 4 | _ 10 4 1 11 3 0 6 10 _ 2 9 
[00201576] 3 | 7 10 4 1 11 3 0 6 10 _ 2 9 
[00201577] 3 | _ 10 4 1 11 3 0 6 10 7 2 9 
[00201578] 5 | _ 10 4 1 11 3 0 7 _ _ 2 9 
[00201579] 4 | 6 10 4 1 11 3 0 7 _ _ 2 9 
[00201580] 3 | 6 10 4 1 11 3 0 7 5 8 2 9 
[00201581] 3 | 6 10 4 1 11 3 0 7 8 5 2 9 
[00201582] 6 | _ 10 _ 1 11 3 0 7 _ _ 2 9 
[00201583] 5 | 5 10 _ 1 11 3 0 7 _ _ 2 9 
[00201584] 4 | 5 10 6 1 11 3 0 7 _ _ 2 9 
[00201585] 3 | 5 10 6 1 11 3 0 7 4 _ 2 9 
[00201586] 4 | 5 10 _ 1 11 3 0 7 4 8 2 9 
[00201587] 4 | 5 10 _ 1 11 3 0 7 8 4 2 9 
[00201588] 5 | _ 10 5 1 11 3 0 7 _ _ 2 9 
[00201589] 4 | 6 10 5 1 11 3 0 7 _ _ 2 9 
[00201590] 3 | 6 10 5 1 11 3 0 7 4 _ 2 9 
[00201591] 4 | _ 10 5 1 11 3 0 7 4 8 2 9 
[00201592] 4 | _ 10 5 1 11 3 0 7 8 4 2 9 
[00201593] 6 | _ 10 _ 1 11 3 0 8 _ _ 2 9 
[00201594] 5 | 5 10 _ 1 11 3 0 8 _ _ 2 9 
[00201595] 4 | 5 10 6 1 11 3 0 8 _ _ 2 9 
[00201596] 3 | 5 10 6 1 11 3 0 8 4 7 2 9 
[00201597] 3 | 5 10 6 1 11 3 0 8 7 4 2 9 
[00201598] 4 | 5 10 _ 1 11 3 0 8 4 _ 2 9 
[00201599] 3 | 5 10 7 1 11 3 0 8 4 _ 2 9 
[00201600] 2 | 5 10 7 1 11 3 0 8 4 6 2 9 
[00201601] 3 | 5 10 _ 1 11 3 0 8 4 7 2 9 
[00201602] 5 | _ 10 5 1 11 3 0 8 _ _ 2 9 
[00201603] 4 | 6 10 5 1 11 3 0 8 _ _ 2 9 
[00201604] 3 | 6 10 5 1 11 3 0 8 4 7 2 9 
[00201605] 3 | 6 10 5 1 11 3 0 8 7 4 2 9 
[00201606] 4 | _ 10 5 1 11 3 0 8 4 _ 2 9 
[00201607] 3 | 7 10 5 1 11 3 0 8 4 _ 2 9 
[00201608] 2 | 7 10 5 1 11 3 0 8 4 6 2 9 
[00201609] 3 | _ 10 5 1 11 3 0 8 4 7 2 9 
[00201610] 7 | _ 10 _ 1 11 3 0 _ _ _ 9 2 
[00201611] 6 | 4 10 _ 1 11 3 0 _ _ _ 9 2 
[00201612] 5 | 4 10 5 1 11 3 0 _ _ _ 9 2 
[00201613] 5 | 4 10 _ 1 11 3 0 6 _ _ 9 2 
[00201614] 4 | 4 10 6 1 11 3 0 6 _ _ 9 2 
[00201615] 3 | 4 10 6 1 11 3 0 6 5 8 9 2 
[00201616] 3 | 4 10 6 1 11 3 0 6 8 5 9 2 
[00201617] 4 | 4 10 _ 1 11 3 0 6 10 _ 9 2 
[00201618] 3 | 4 10 7 1 11 3 0 6 10 _ 9 2 
[00201619] 3 | 4 10 _ 1 11 3 0 6 10 7 9 2 
[00201620] 6 | _ 10 4 1 11 3 0 _ _ _ 9 2 
[00201621] 5 | 5 10 4 1 11 3 0 _ _ _ 9 2 
[00201622] 5 | _ 10 4 1 11 3 0 6 _ _ 9 2 
[00201623] 4 | 6 10 4 1 11 3 0 6 _ _ 9 2 
[00201624] 3 | 6 10 4 1 11 3 0 6 5 8 9 2 
[00201625] 3 | 6 10 4 1 11 3 0 6 8 5 9 2 
[00201626] 4 | _ 10 4 1 11 3 0 6 10 _ 9 2 
[00201627] 3 | 7 10 4 1 11 3 0 6 10 _ 9 2 
[00201628] 3 | _ 10 4 1 11 3 0 6 10 7 9 2 
[00201629] 6 | _ 10 _ 1 11 3 0 7 _ _ 9 2 
[00201630] 5 | 5 10 _ 1 11 3 0 7 _ _ 9 2 
[00201631] 4 | 5 10 6 1 11 3 0 7 _ _ 9 2 
[00201632] 3 | 5 10 6 1 11 3 0 7 4 _ 9 2 
[00201633] 4 | 5 10 _ 1 11 3 0 7 4 8 9 2 
[00201634] 4 | 5 10 _ 1 11 3 0 7 8 4 9 2 
[00201635] 5 | _ 10 5 1 11 3 0 7 _ _ 9 2 
[00201636] 4 | 6 10 5 1 11 3 0 7 _ _ 9 2 
[00201637] 3 | 6 10 5 1 11 3 0 7 4 _ 9 2 
[00201638] 4 | _ 10 5 1 11 3 0 7 4 8 9 2 
[00201639] 4 | _ 10 5 1 11 3 0 7 8 4 9 2 
[00201640] 8 | _ 10 _ 1 11 _ 0 9 _ _ _ _ 
[00201641] 7 | 3 10 _ 1 11 _ 0 9 _ _ _ _ 
[00201642] 6 | 3 10 4 1 11 _ 0 9 _ _ _ _ 
[00201643] 5 | 3 10 4 1 11 6 0 9 _ _ _ _ 
[00201644] 4 | 3 10 4 1 11 6 0 9 5 _ _ _ 
[00201645] 3 | 3 10 4 1 11 6 0 9 5 2 _ _ 
[00201646] 2 | 3 10 4 1 11 6 0 9 5 2 7 _ 
[00201647] 1 | 3 10 4 1 11 6 0 9 5 2 7 8  *Graceful*
[00201647] 3 | 3 10 4 1 11 6 0 9 5 8 _ _ 
[00201648] 2 | 3 10 4 1 11 6 0 9 5 8 7 _ 
[00201649] 4 | 3 10 4 1 11 6 0 9 _ _ 5 _ 
[00201650] 3 | 3 10 4 1 11 6 0 9 _ _ 5 2 
[00201651] 2 | 3 10 4 1 11 6 0 9 7 _ 5 2 
[00201652] 1 | 3 10 4 1 11 6 0 9 7 8 5 2  *Graceful*
[00201652] 3 | 3 10 4 1 11 6 0 9 _ _ 5 8 
[00201653] 2 | 3 10 4 1 11 6 0 9 7 _ 5 8 
[00201654] 5 | 3 10 4 1 11 _ 0 9 2 7 _ _ 
[00201655] 4 | 3 10 4 1 11 _ 0 9 2 7 5 _ 
[00201656] 3 | 3 10 4 1 11 8 0 9 2 7 5 _ 
[00201657] 3 | 3 10 4 1 11 _ 0 9 2 7 5 8 
[00201658] 5 | 3 10 4 1 11 _ 0 9 7 2 _ _ 
[00201659] 4 | 3 10 4 1 11 _ 0 9 7 2 5 _ 
[00201660] 3 | 3 10 4 1 11 8 0 9 7 2 5 _ 
[00201661] 3 | 3 10 4 1 11 _ 0 9 7 2 5 8 
[00201662] 5 | 3 10 4 1 11 _ 0 9 _ _ 2 7 
[00201663] 4 | 3 10 4 1 11 _ 0 9 5 _ 2 7 
[00201664] 3 | 3 10 4 1 11 8 0 9 5 _ 2 7 
[00201665] 3 | 3 10 4 1 11 _ 0 9 5 8 2 7 
[00201666] 5 | 3 10 4 1 11 _ 0 9 _ _ 7 2 
[00201667] 4 | 3 10 4 1 11 _ 0 9 5 _ 7 2 
[00201668] 3 | 3 10 4 1 11 8 0 9 5 _ 7 2 
[00201669] 3 | 3 10 4 1 11 _ 0 9 5 8 7 2 
[00201670] 6 | 3 10 _ 1 11 5 0 9 _ _ _ _ 
[00201671] 5 | 3 10 _ 1 11 5 0 9 4 _ _ _ 
[00201672] 4 | 3 10 6 1 11 5 0 9 4 _ _ _ 
[00201673] 3 | 3 10 6 1 11 5 0 9 4 7 _ _ 
[00201674] 4 | 3 10 _ 1 11 5 0 9 4 8 _ _ 
[00201675] 3 | 3 10 7 1 11 5 0 9 4 8 _ _ 
[00201676] 3 | 3 10 _ 1 11 5 0 9 4 8 6 _ 
[00201677] 4 | 3 10 _ 1 11 5 0 9 4 _ 2 6 
[00201678] 3 | 3 10 7 1 11 5 0 9 4 _ 2 6 
[00201679] 3 | 3 10 _ 1 11 5 0 9 4 7 2 6 
[00201680] 2 | 3 10 8 1 11 5 0 9 4 7 2 6 
[00201681] 4 | 3 10 _ 1 11 5 0 9 4 _ 6 2 
[00201682] 3 | 3 10 7 1 11 5 0 9 4 _ 6 2 
[00201683] 3 | 3 10 _ 1 11 5 0 9 4 7 6 2 
[00201684] 2 | 3 10 8 1 11 5 0 9 4 7 6 2 
[00201685] 5 | 3 10 _ 1 11 5 0 9 2 7 _ _ 
[00201686] 4 | 3 10 6 1 11 5 0 9 2 7 _ _ 
[00201687] 4 | 3 10 _ 1 11 5 0 9 2 7 4 8 
[00201688] 4 | 3 10 _ 1 11 5 0 9 2 7 8 4 
[00201689] 5 | 3 10 _ 1 11 5 0 9 7 2 _ _ 
[00201690] 4 | 3 10 6 1 11 5 0 9 7 2 _ _ 
