[00033117] 3 | 6 0 10 11 3 8 _ 2 9 5 7 4 
[00033118] 2 | 6 0 10 11 3 8 1 2 9 5 7 4 
[00033119] 4 | 6 0 10 11 3 8 _ 2 9 _ 1 5 
[00033120] 4 | 6 0 10 11 3 8 _ 2 9 _ 5 1 
[00033121] 5 | 6 0 10 11 3 _ 8 2 9 _ _ _ 
[00033122] 4 | 6 0 10 11 3 7 8 2 9 _ _ _ 
[00033123] 3 | 6 0 10 11 3 7 8 2 9 _ 5 _ 
[00033124] 3 | 6 0 10 11 3 7 8 2 9 _ 1 4 
[00033125] 3 | 6 0 10 11 3 7 8 2 9 _ 4 1 
[00033126] 4 | 6 0 10 11 3 _ 8 2 9 5 _ _ 
[00033127] 3 | 6 0 10 11 3 _ 8 2 9 5 1 4 
[00033128] 3 | 6 0 10 11 3 _ 8 2 9 5 4 7 
[00033129] 2 | 6 0 10 11 3 1 8 2 9 5 4 7 
[00033130] 3 | 6 0 10 11 3 _ 8 2 9 5 4 1 
[00033131] 3 | 6 0 10 11 3 _ 8 2 9 5 7 4 
[00033132] 2 | 6 0 10 11 3 1 8 2 9 5 7 4 
[00033133] 4 | 6 0 10 11 3 _ 8 2 9 _ 1 5 
[00033134] 4 | 6 0 10 11 3 _ 8 2 9 _ 5 1 
[00033135] 5 | 6 0 10 11 3 _ _ 2 9 4 _ _ 
[00033136] 4 | 6 0 10 11 3 7 _ 2 9 4 _ _ 
[00033137] 3 | 6 0 10 11 3 7 _ 2 9 4 5 _ 
[00033138] 2 | 6 0 10 11 3 7 1 2 9 4 5 _ 
[00033139] 2 | 6 0 10 11 3 7 5 2 9 4 5 _ 
[00033140] 2 | 6 0 10 11 3 7 _ 2 9 4 5 3 
[00033141] 3 | 6 0 10 11 3 7 _ 2 9 4 5 8 
[00033142] 2 | 6 0 10 11 3 7 1 2 9 4 5 8 
[00033143] 3 | 6 0 10 11 3 7 _ 2 9 4 8 5 
[00033144] 2 | 6 0 10 11 3 7 1 2 9 4 8 5 
[00033145] 4 | 6 0 10 11 3 _ 7 2 9 4 _ _ 
[00033146] 3 | 6 0 10 11 3 _ 7 2 9 4 5 _ 
[00033147] 2 | 6 0 10 11 3 1 7 2 9 4 5 _ 
[00033148] 2 | 6 0 10 11 3 5 7 2 9 4 5 _ 
[00033149] 2 | 6 0 10 11 3 _ 7 2 9 4 5 3 
[00033150] 3 | 6 0 10 11 3 _ 7 2 9 4 5 8 
[00033151] 2 | 6 0 10 11 3 1 7 2 9 4 5 8 
[00033152] 3 | 6 0 10 11 3 _ 7 2 9 4 8 5 
[00033153] 2 | 6 0 10 11 3 1 7 2 9 4 8 5 
[00033154] 4 | 6 0 10 11 3 _ _ 2 9 4 1 5 
[00033155] 4 | 6 0 10 11 3 _ _ 2 9 4 5 1 
[00033156] 5 | 6 0 10 11 3 _ _ 2 9 _ 7 _ 
[00033157] 4 | 6 0 10 11 3 7 _ 2 9 _ 7 _ 
[00033158] 4 | 6 0 10 11 3 _ 7 2 9 _ 7 _ 
[00033159] 4 | 6 0 10 11 3 _ _ 2 9 5 7 _ 
[00033160] 3 | 6 0 10 11 3 _ _ 2 9 5 7 4 
[00033161] 2 | 6 0 10 11 3 1 _ 2 9 5 7 4 
[00033162] 2 | 6 0 10 11 3 _ 1 2 9 5 7 4 
[00033163] 4 | 6 0 10 11 3 _ _ 2 9 _ 7 3 
[00033164] 6 | _ 0 10 11 3 9 _ 2 9 _ _ _ 
[00033165] 5 | 5 0 10 11 3 9 _ 2 9 _ _ _ 
[00033166] 4 | 5 0 10 11 3 9 7 2 9 _ _ _ 
[00033167] 3 | 5 0 10 11 3 9 7 2 9 _ 1 4 
[00033168] 3 | 5 0 10 11 3 9 7 2 9 _ 4 1 
[00033169] 4 | 5 0 10 11 3 9 _ 2 9 _ 6 _ 
[00033170] 3 | 5 0 10 11 3 9 6 2 9 _ 6 _ 
[00033171] 3 | 5 0 10 11 3 9 _ 2 9 _ 6 3 
[00033172] 4 | 5 0 10 11 3 9 _ 2 9 _ 4 8 
[00033173] 3 | 5 0 10 11 3 9 6 2 9 _ 4 8 
[00033174] 4 | 5 0 10 11 3 9 _ 2 9 _ 8 4 
[00033175] 3 | 5 0 10 11 3 9 6 2 9 _ 8 4 
[00033176] 5 | _ 0 10 11 3 9 8 2 9 _ _ _ 
[00033177] 4 | 4 0 10 11 3 9 8 2 9 _ _ _ 
[00033178] 3 | 4 0 10 11 3 9 8 2 9 _ 5 _ 
[00033179] 2 | 4 0 10 11 3 9 8 2 9 _ 5 7 
[00033180] 4 | _ 0 10 11 3 9 8 2 9 _ 6 _ 
[00033181] 4 | _ 0 10 11 3 9 8 2 9 _ 1 5 
[00033182] 4 | _ 0 10 11 3 9 8 2 9 _ 5 1 
[00033183] 5 | _ 0 10 11 3 9 _ 2 9 _ 7 _ 
[00033184] 4 | 4 0 10 11 3 9 _ 2 9 _ 7 _ 
[00033185] 3 | 4 0 10 11 3 9 6 2 9 _ 7 _ 
[00033186] 2 | 4 0 10 11 3 9 6 2 9 _ 7 5 
[00033187] 4 | _ 0 10 11 3 9 7 2 9 _ 7 _ 
[00033188] 4 | _ 0 10 11 3 9 _ 2 9 _ 7 3 
[00033189] 5 | _ 0 10 11 3 9 _ 2 9 _ 1 6 
[00033190] 4 | 4 0 10 11 3 9 _ 2 9 _ 1 6 
[00033191] 4 | _ 0 10 11 3 9 7 2 9 _ 1 6 
[00033192] 5 | _ 0 10 11 3 9 _ 2 9 _ 6 1 
[00033193] 4 | 4 0 10 11 3 9 _ 2 9 _ 6 1 
[00033194] 4 | _ 0 10 11 3 9 7 2 9 _ 6 1 
[00033195] 6 | _ 0 10 11 3 _ 9 2 9 _ _ _ 
[00033196] 5 | 5 0 10 11 3 _ 9 2 9 _ _ _ 
[00033197] 4 | 5 0 10 11 3 7 9 2 9 _ _ _ 
[00033198] 3 | 5 0 10 11 3 7 9 2 9 _ 1 4 
[00033199] 3 | 5 0 10 11 3 7 9 2 9 _ 4 1 
[00033200] 4 | 5 0 10 11 3 _ 9 2 9 _ 6 _ 
[00033201] 3 | 5 0 10 11 3 6 9 2 9 _ 6 _ 
[00033202] 3 | 5 0 10 11 3 _ 9 2 9 _ 6 3 
[00033203] 4 | 5 0 10 11 3 _ 9 2 9 _ 4 8 
[00033204] 3 | 5 0 10 11 3 6 9 2 9 _ 4 8 
[00033205] 4 | 5 0 10 11 3 _ 9 2 9 _ 8 4 
[00033206] 3 | 5 0 10 11 3 6 9 2 9 _ 8 4 
[00033207] 5 | _ 0 10 11 3 8 9 2 9 _ _ _ 
[00033208] 4 | 4 0 10 11 3 8 9 2 9 _ _ _ 
[00033209] 3 | 4 0 10 11 3 8 9 2 9 _ 5 _ 
[00033210] 2 | 4 0 10 11 3 8 9 2 9 _ 5 7 
[00033211] 4 | _ 0 10 11 3 8 9 2 9 _ 6 _ 
[00033212] 4 | _ 0 10 11 3 8 9 2 9 _ 1 5 
[00033213] 4 | _ 0 10 11 3 8 9 2 9 _ 5 1 
[00033214] 5 | _ 0 10 11 3 _ 9 2 9 _ 7 _ 
[00033215] 4 | 4 0 10 11 3 _ 9 2 9 _ 7 _ 
[00033216] 3 | 4 0 10 11 3 6 9 2 9 _ 7 _ 
[00033217] 2 | 4 0 10 11 3 6 9 2 9 _ 7 5 
[00033218] 4 | _ 0 10 11 3 7 9 2 9 _ 7 _ 
[00033219] 4 | _ 0 10 11 3 _ 9 2 9 _ 7 3 
[00033220] 5 | _ 0 10 11 3 _ 9 2 9 _ 1 6 
[00033221] 4 | 4 0 10 11 3 _ 9 2 9 _ 1 6 
[00033222] 4 | _ 0 10 11 3 7 9 2 9 _ 1 6 
[00033223] 5 | _ 0 10 11 3 _ 9 2 9 _ 6 1 
[00033224] 4 | 4 0 10 11 3 _ 9 2 9 _ 6 1 
[00033225] 4 | _ 0 10 11 3 7 9 2 9 _ 6 1 
[00033226] 6 | _ 0 10 11 3 _ _ 2 9 3 _ _ 
[00033227] 5 | 5 0 10 11 3 _ _ 2 9 3 _ _ 
[00033228] 4 | 5 0 10 11 3 _ _ 2 9 3 6 _ 
[00033229] 4 | 5 0 10 11 3 _ _ 2 9 3 4 8 
[00033230] 4 | 5 0 10 11 3 _ _ 2 9 3 8 4 
[00033231] 5 | _ 0 10 11 3 _ _ 2 9 3 7 _ 
[00033232] 4 | 4 0 10 11 3 _ _ 2 9 3 7 _ 
[00033233] 5 | _ 0 10 11 3 _ _ 2 9 3 1 6 
[00033234] 4 | 4 0 10 11 3 _ _ 2 9 3 1 6 
[00033235] 5 | _ 0 10 11 3 _ _ 2 9 3 6 1 
[00033236] 4 | 4 0 10 11 3 _ _ 2 9 3 6 1 
[00033237] 6 | _ 0 10 11 3 _ _ 2 9 _ 8 _ 
[00033238] 5 | 5 0 10 11 3 _ _ 2 9 _ 8 _ 
[00033239] 4 | 5 0 10 11 3 7 _ 2 9 _ 8 _ 
[00033240] 3 | 5 0 10 11 3 7 6 2 9 _ 8 _ 
[00033241] 3 | 5 0 10 11 3 7 _ 2 9 6 8 _ 
[00033242] 2 | 5 0 10 11 3 7 1 2 9 6 8 _ 
[00033243] 4 | 5 0 10 11 3 _ 7 2 9 _ 8 _ 
[00033244] 3 | 5 0 10 11 3 6 7 2 9 _ 8 _ 
[00033245] 3 | 5 0 10 11 3 _ 7 2 9 6 8 _ 
[00033246] 2 | 5 0 10 11 3 1 7 2 9 6 8 _ 
[00033247] 4 | 5 0 10 11 3 _ _ 2 9 _ 8 4 
[00033248] 3 | 5 0 10 11 3 6 _ 2 9 _ 8 4 
[00033249] 2 | 5 0 10 11 3 6 1 2 9 _ 8 4 
[00033250] 2 | 5 0 10 11 3 6 _ 2 9 7 8 4 
[00033251] 3 | 5 0 10 11 3 _ 6 2 9 _ 8 4 
[00033252] 2 | 5 0 10 11 3 1 6 2 9 _ 8 4 
[00033253] 2 | 5 0 10 11 3 _ 6 2 9 7 8 4 
[00033254] 3 | 5 0 10 11 3 _ _ 2 9 6 8 4 
[00033255] 2 | 5 0 10 11 3 1 _ 2 9 6 8 4 
[00033256] 2 | 5 0 10 11 3 _ 1 2 9 6 8 4 
[00033257] 5 | _ 0 10 11 3 8 _ 2 9 _ 8 _ 
[00033258] 4 | 4 0 10 11 3 8 _ 2 9 _ 8 _ 
[00033259] 3 | 4 0 10 11 3 8 6 2 9 _ 8 _ 
[00033260] 2 | 4 0 10 11 3 8 6 2 9 7 8 _ 
[00033261] 3 | 4 0 10 11 3 8 _ 2 9 6 8 _ 
[00033262] 2 | 4 0 10 11 3 8 1 2 9 6 8 _ 
[00033263] 2 | 4 0 10 11 3 8 5 2 9 6 8 _ 
[00033264] 4 | _ 0 10 11 3 8 7 2 9 _ 8 _ 
[00033265] 3 | _ 0 10 11 3 8 7 2 9 6 8 _ 
[00033266] 4 | _ 0 10 11 3 8 _ 2 9 5 8 _ 
[00033267] 3 | 3 0 10 11 3 8 _ 2 9 5 8 _ 
[00033268] 3 | _ 0 10 11 3 8 0 2 9 5 8 _ 
[00033269] 3 | _ 0 10 11 3 8 6 2 9 5 8 _ 
[00033270] 5 | _ 0 10 11 3 _ 8 2 9 _ 8 _ 
[00033271] 4 | 4 0 10 11 3 _ 8 2 9 _ 8 _ 
[00033272] 3 | 4 0 10 11 3 6 8 2 9 _ 8 _ 
[00033273] 2 | 4 0 10 11 3 6 8 2 9 7 8 _ 
[00033274] 3 | 4 0 10 11 3 _ 8 2 9 6 8 _ 
[00033275] 2 | 4 0 10 11 3 1 8 2 9 6 8 _ 
[00033276] 2 | 4 0 10 11 3 5 8 2 9 6 8 _ 
[00033277] 4 | _ 0 10 11 3 7 8 2 9 _ 8 _ 
[00033278] 3 | _ 0 10 11 3 7 8 2 9 6 8 _ 
[00033279] 4 | _ 0 10 11 3 _ 8 2 9 5 8 _ 
[00033280] 3 | 3 0 10 11 3 _ 8 2 9 5 8 _ 
[00033281] 3 | _ 0 10 11 3 0 8 2 9 5 8 _ 
[00033282] 3 | _ 0 10 11 3 6 8 2 9 5 8 _ 
[00033283] 5 | _ 0 10 11 3 _ _ 2 9 4 8 _ 
[00033284] 4 | _ 0 10 11 3 7 _ 2 9 4 8 _ 
[00033285] 3 | 3 0 10 11 3 7 _ 2 9 4 8 _ 
[00033286] 2 | 3 0 10 11 3 7 _ 2 9 4 8 6 
[00033287] 3 | _ 0 10 11 3 7 0 2 9 4 8 _ 
[00033288] 2 | _ 0 10 11 3 7 0 2 9 4 8 6 
[00033289] 3 | _ 0 10 11 3 7 6 2 9 4 8 _ 
[00033290] 3 | _ 0 10 11 3 7 _ 2 9 4 8 5 
[00033291] 2 | _ 0 10 11 3 7 1 2 9 4 8 5 
[00033292] 4 | _ 0 10 11 3 _ 7 2 9 4 8 _ 
[00033293] 3 | 3 0 10 11 3 _ 7 2 9 4 8 _ 
[00033294] 2 | 3 0 10 11 3 _ 7 2 9 4 8 6 
[00033295] 3 | _ 0 10 11 3 0 7 2 9 4 8 _ 
[00033296] 2 | _ 0 10 11 3 0 7 2 9 4 8 6 
[00033297] 3 | _ 0 10 11 3 6 7 2 9 4 8 _ 
[00033298] 3 | _ 0 10 11 3 _ 7 2 9 4 8 5 
[00033299] 2 | _ 0 10 11 3 1 7 2 9 4 8 5 
[00033300] 5 | _ 0 10 11 3 _ _ 2 9 _ 8 3 
[00033301] 4 | 4 0 10 11 3 _ _ 2 9 _ 8 3 
[00033302] 3 | 4 0 10 11 3 _ _ 2 9 6 8 3 
[00033303] 4 | _ 0 10 11 3 _ _ 2 9 5 8 3 
[00033304] 6 | _ 0 10 11 3 _ _ 2 9 _ 1 7 
[00033305] 5 | 5 0 10 11 3 _ _ 2 9 _ 1 7 
[00033306] 5 | _ 0 10 11 3 8 _ 2 9 _ 1 7 
[00033307] 4 | 4 0 10 11 3 8 _ 2 9 _ 1 7 
[00033308] 3 | 4 0 10 11 3 8 6 2 9 _ 1 7 
[00033309] 3 | 4 0 10 11 3 8 _ 2 9 6 1 7 
[00033310] 2 | 4 0 10 11 3 8 5 2 9 6 1 7 
[00033311] 1 | 4 0 10 11 3 8 5 2 9 6 1 7  *Graceful*
[00033311] 4 | _ 0 10 11 3 8 _ 2 9 5 1 7 
[00033312] 3 | 3 0 10 11 3 8 _ 2 9 5 1 7 
[00033313] 3 | _ 0 10 11 3 8 0 2 9 5 1 7 
[00033314] 3 | _ 0 10 11 3 8 6 2 9 5 1 7 
[00033315] 5 | _ 0 10 11 3 _ 8 2 9 _ 1 7 
[00033316] 4 | 4 0 10 11 3 _ 8 2 9 _ 1 7 
[00033317] 3 | 4 0 10 11 3 6 8 2 9 _ 1 7 
[00033318] 3 | 4 0 10 11 3 _ 8 2 9 6 1 7 
[00033319] 2 | 4 0 10 11 3 5 8 2 9 6 1 7 
[00033320] 1 | 4 0 10 11 3 5 8 2 9 6 1 7  *Graceful*
[00033320] 4 | _ 0 10 11 3 _ 8 2 9 5 1 7 
[00033321] 3 | 3 0 10 11 3 _ 8 2 9 5 1 7 
[00033322] 3 | _ 0 10 11 3 0 8 2 9 5 1 7 
[00033323] 3 | _ 0 10 11 3 6 8 2 9 5 1 7 
[00033324] 5 | _ 0 10 11 3 _ _ 2 9 4 1 7 
[00033325] 6 | _ 0 10 11 3 _ _ 2 9 _ 7 1 
[00033326] 5 | 5 0 10 11 3 _ _ 2 9 _ 7 1 
[00033327] 5 | _ 0 10 11 3 8 _ 2 9 _ 7 1 
[00033328] 4 | 4 0 10 11 3 8 _ 2 9 _ 7 1 
[00033329] 3 | 4 0 10 11 3 8 6 2 9 _ 7 1 
[00033330] 3 | 4 0 10 11 3 8 _ 2 9 6 7 1 
[00033331] 2 | 4 0 10 11 3 8 5 2 9 6 7 1 
[00033332] 4 | _ 0 10 11 3 8 _ 2 9 5 7 1 
[00033333] 3 | 3 0 10 11 3 8 _ 2 9 5 7 1 
[00033334] 3 | _ 0 10 11 3 8 0 2 9 5 7 1 
[00033335] 3 | _ 0 10 11 3 8 6 2 9 5 7 1 
[00033336] 5 | _ 0 10 11 3 _ 8 2 9 _ 7 1 
[00033337] 4 | 4 0 10 11 3 _ 8 2 9 _ 7 1 
[00033338] 3 | 4 0 10 11 3 6 8 2 9 _ 7 1 
[00033339] 3 | 4 0 10 11 3 _ 8 2 9 6 7 1 
[00033340] 2 | 4 0 10 11 3 5 8 2 9 6 7 1 
[00033341] 4 | _ 0 10 11 3 _ 8 2 9 5 7 1 
[00033342] 3 | 3 0 10 11 3 _ 8 2 9 5 7 1 
[00033343] 3 | _ 0 10 11 3 0 8 2 9 5 7 1 
[00033344] 3 | _ 0 10 11 3 6 8 2 9 5 7 1 
[00033345] 5 | _ 0 10 11 3 _ _ 2 9 4 7 1 
[00033346] 7 | _ 0 10 11 3 _ _ 2 1 8 _ _ 
[00033347] 6 | 6 0 10 11 3 _ _ 2 1 8 _ _ 
[00033348] 5 | 6 0 10 11 3 _ _ 2 1 8 7 _ 
[00033349] 4 | 6 0 10 11 3 7 _ 2 1 8 7 _ 
[00033350] 4 | 6 0 10 11 3 _ 7 2 1 8 7 _ 
[00033351] 4 | 6 0 10 11 3 _ _ 2 1 8 7 3 
[00033352] 5 | 6 0 10 11 3 _ _ 2 1 8 4 9 
[00033353] 4 | 6 0 10 11 3 7 _ 2 1 8 4 9 
[00033354] 4 | 6 0 10 11 3 _ 7 2 1 8 4 9 
[00033355] 5 | 6 0 10 11 3 _ _ 2 1 8 9 4 
[00033356] 4 | 6 0 10 11 3 7 _ 2 1 8 9 4 
[00033357] 4 | 6 0 10 11 3 _ 7 2 1 8 9 4 
[00033358] 6 | _ 0 10 11 3 9 _ 2 1 8 _ _ 
[00033359] 5 | 5 0 10 11 3 9 _ 2 1 8 _ _ 
[00033360] 4 | 5 0 10 11 3 9 7 2 1 8 _ _ 
[00033361] 4 | 5 0 10 11 3 9 _ 2 1 8 6 _ 
[00033362] 3 | 5 0 10 11 3 9 6 2 1 8 6 _ 
[00033363] 3 | 5 0 10 11 3 9 _ 2 1 8 6 3 
[00033364] 5 | _ 0 10 11 3 9 _ 2 1 8 7 _ 
[00033365] 4 | 4 0 10 11 3 9 _ 2 1 8 7 _ 
[00033366] 3 | 4 0 10 11 3 9 6 2 1 8 7 _ 
[00033367] 2 | 4 0 10 11 3 9 6 2 1 8 7 5 
[00033368] 1 | 4 0 10 11 3 9 6 2 1 8 7 5  *Graceful*
[00033368] 4 | _ 0 10 11 3 9 7 2 1 8 7 _ 
[00033369] 4 | _ 0 10 11 3 9 _ 2 1 8 7 3 
[00033370] 6 | _ 0 10 11 3 _ 9 2 1 8 _ _ 
[00033371] 5 | 5 0 10 11 3 _ 9 2 1 8 _ _ 
[00033372] 4 | 5 0 10 11 3 7 9 2 1 8 _ _ 
[00033373] 4 | 5 0 10 11 3 _ 9 2 1 8 6 _ 
[00033374] 3 | 5 0 10 11 3 6 9 2 1 8 6 _ 
[00033375] 3 | 5 0 10 11 3 _ 9 2 1 8 6 3 
[00033376] 5 | _ 0 10 11 3 _ 9 2 1 8 7 _ 
[00033377] 4 | 4 0 10 11 3 _ 9 2 1 8 7 _ 
[00033378] 3 | 4 0 10 11 3 6 9 2 1 8 7 _ 
[00033379] 2 | 4 0 10 11 3 6 9 2 1 8 7 5 
[00033380] 1 | 4 0 10 11 3 6 9 2 1 8 7 5  *Graceful*
[00033380] 4 | _ 0 10 11 3 7 9 2 1 8 7 _ 
[00033381] 4 | _ 0 10 11 3 _ 9 2 1 8 7 3 
[00033382] 7 | _ 0 10 11 3 _ _ 2 8 1 _ _ 
[00033383] 6 | 6 0 10 11 3 _ _ 2 8 1 _ _ 
[00033384] 5 | 6 0 10 11 3 _ _ 2 8 1 7 _ 
[00033385] 4 | 6 0 10 11 3 7 _ 2 8 1 7 _ 
[00033386] 4 | 6 0 10 11 3 _ 7 2 8 1 7 _ 
[00033387] 4 | 6 0 10 11 3 _ _ 2 8 1 7 3 
[00033388] 5 | 6 0 10 11 3 _ _ 2 8 1 4 9 
[00033389] 4 | 6 0 10 11 3 7 _ 2 8 1 4 9 
[00033390] 4 | 6 0 10 11 3 _ 7 2 8 1 4 9 
[00033391] 5 | 6 0 10 11 3 _ _ 2 8 1 9 4 
[00033392] 4 | 6 0 10 11 3 7 _ 2 8 1 9 4 
[00033393] 4 | 6 0 10 11 3 _ 7 2 8 1 9 4 
[00033394] 6 | _ 0 10 11 3 9 _ 2 8 1 _ _ 
[00033395] 5 | 5 0 10 11 3 9 _ 2 8 1 _ _ 
[00033396] 4 | 5 0 10 11 3 9 7 2 8 1 _ _ 
[00033397] 4 | 5 0 10 11 3 9 _ 2 8 1 6 _ 
[00033398] 3 | 5 0 10 11 3 9 6 2 8 1 6 _ 
[00033399] 3 | 5 0 10 11 3 9 _ 2 8 1 6 3 
[00033400] 5 | _ 0 10 11 3 9 _ 2 8 1 7 _ 
[00033401] 4 | 4 0 10 11 3 9 _ 2 8 1 7 _ 
[00033402] 3 | 4 0 10 11 3 9 6 2 8 1 7 _ 
[00033403] 2 | 4 0 10 11 3 9 6 2 8 1 7 5 
[00033404] 4 | _ 0 10 11 3 9 7 2 8 1 7 _ 
[00033405] 4 | _ 0 10 11 3 9 _ 2 8 1 7 3 
[00033406] 6 | _ 0 10 11 3 _ 9 2 8 1 _ _ 
[00033407] 5 | 5 0 10 11 3 _ 9 2 8 1 _ _ 
[00033408] 4 | 5 0 10 11 3 7 9 2 8 1 _ _ 
[00033409] 4 | 5 0 10 11 3 _ 9 2 8 1 6 _ 
[00033410] 3 | 5 0 10 11 3 6 9 2 8 1 6 _ 
[00033411] 3 | 5 0 10 11 3 _ 9 2 8 1 6 3 
[00033412] 5 | _ 0 10 11 3 _ 9 2 8 1 7 _ 
[00033413] 4 | 4 0 10 11 3 _ 9 2 8 1 7 _ 
[00033414] 3 | 4 0 10 11 3 6 9 2 8 1 7 _ 
[00033415] 2 | 4 0 10 11 3 6 9 2 8 1 7 5 
[00033416] 4 | _ 0 10 11 3 7 9 2 8 1 7 _ 
[00033417] 4 | _ 0 10 11 3 _ 9 2 8 1 7 3 
[00033418] 7 | _ 0 10 11 3 _ _ 2 _ _ 9 _ 
[00033419] 6 | 6 0 10 11 3 _ _ 2 _ _ 9 _ 
[00033420] 5 | 6 0 10 11 3 8 _ 2 _ _ 9 _ 
[00033421] 4 | 6 0 10 11 3 8 7 2 _ _ 9 _ 
[00033422] 3 | 6 0 10 11 3 8 7 2 5 _ 9 _ 
[00033423] 3 | 6 0 10 11 3 8 7 2 1 4 9 _ 
[00033424] 3 | 6 0 10 11 3 8 7 2 4 1 9 _ 
[00033425] 4 | 6 0 10 11 3 8 _ 2 1 5 9 _ 
[00033426] 4 | 6 0 10 11 3 8 _ 2 5 1 9 _ 
[00033427] 4 | 6 0 10 11 3 8 _ 2 _ _ 9 5 
[00033428] 3 | 6 0 10 11 3 8 _ 2 1 4 9 5 
[00033429] 3 | 6 0 10 11 3 8 _ 2 4 7 9 5 
[00033430] 2 | 6 0 10 11 3 8 1 2 4 7 9 5 
[00033431] 3 | 6 0 10 11 3 8 _ 2 4 1 9 5 
[00033432] 3 | 6 0 10 11 3 8 _ 2 7 4 9 5 
[00033433] 2 | 6 0 10 11 3 8 1 2 7 4 9 5 
[00033434] 5 | 6 0 10 11 3 _ 8 2 _ _ 9 _ 
[00033435] 4 | 6 0 10 11 3 7 8 2 _ _ 9 _ 
[00033436] 3 | 6 0 10 11 3 7 8 2 5 _ 9 _ 
[00033437] 3 | 6 0 10 11 3 7 8 2 1 4 9 _ 
[00033438] 3 | 6 0 10 11 3 7 8 2 4 1 9 _ 
[00033439] 4 | 6 0 10 11 3 _ 8 2 1 5 9 _ 
[00033440] 4 | 6 0 10 11 3 _ 8 2 5 1 9 _ 
[00033441] 4 | 6 0 10 11 3 _ 8 2 _ _ 9 5 
[00033442] 3 | 6 0 10 11 3 _ 8 2 1 4 9 5 
[00033443] 3 | 6 0 10 11 3 _ 8 2 4 7 9 5 
[00033444] 2 | 6 0 10 11 3 1 8 2 4 7 9 5 
[00033445] 3 | 6 0 10 11 3 _ 8 2 4 1 9 5 
[00033446] 3 | 6 0 10 11 3 _ 8 2 7 4 9 5 
[00033447] 2 | 6 0 10 11 3 1 8 2 7 4 9 5 
[00033448] 5 | 6 0 10 11 3 _ _ 2 7 _ 9 _ 
[00033449] 4 | 6 0 10 11 3 7 _ 2 7 _ 9 _ 
[00033450] 4 | 6 0 10 11 3 _ 7 2 7 _ 9 _ 
[00033451] 4 | 6 0 10 11 3 _ _ 2 7 3 9 _ 
[00033452] 4 | 6 0 10 11 3 _ _ 2 7 _ 9 5 
[00033453] 3 | 6 0 10 11 3 _ _ 2 7 4 9 5 
[00033454] 2 | 6 0 10 11 3 1 _ 2 7 4 9 5 
[00033455] 2 | 6 0 10 11 3 _ 1 2 7 4 9 5 
[00033456] 5 | 6 0 10 11 3 _ _ 2 _ _ 9 4 
[00033457] 4 | 6 0 10 11 3 7 _ 2 _ _ 9 4 
[00033458] 3 | 6 0 10 11 3 7 _ 2 5 _ 9 4 
[00033459] 2 | 6 0 10 11 3 7 1 2 5 _ 9 4 
[00033460] 2 | 6 0 10 11 3 7 5 2 5 _ 9 4 
[00033461] 2 | 6 0 10 11 3 7 _ 2 5 3 9 4 
[00033462] 3 | 6 0 10 11 3 7 _ 2 5 8 9 4 
[00033463] 2 | 6 0 10 11 3 7 1 2 5 8 9 4 
[00033464] 3 | 6 0 10 11 3 7 _ 2 8 5 9 4 
[00033465] 2 | 6 0 10 11 3 7 1 2 8 5 9 4 
[00033466] 4 | 6 0 10 11 3 _ 7 2 _ _ 9 4 
[00033467] 3 | 6 0 10 11 3 _ 7 2 5 _ 9 4 
[00033468] 2 | 6 0 10 11 3 1 7 2 5 _ 9 4 
[00033469] 2 | 6 0 10 11 3 5 7 2 5 _ 9 4 
[00033470] 2 | 6 0 10 11 3 _ 7 2 5 3 9 4 
[00033471] 3 | 6 0 10 11 3 _ 7 2 5 8 9 4 
[00033472] 2 | 6 0 10 11 3 1 7 2 5 8 9 4 
[00033473] 3 | 6 0 10 11 3 _ 7 2 8 5 9 4 
[00033474] 2 | 6 0 10 11 3 1 7 2 8 5 9 4 
[00033475] 4 | 6 0 10 11 3 _ _ 2 1 5 9 4 
[00033476] 4 | 6 0 10 11 3 _ _ 2 5 1 9 4 
[00033477] 6 | _ 0 10 11 3 9 _ 2 _ _ 9 _ 
[00033478] 5 | 5 0 10 11 3 9 _ 2 _ _ 9 _ 
[00033479] 4 | 5 0 10 11 3 9 7 2 _ _ 9 _ 
[00033480] 3 | 5 0 10 11 3 9 7 2 1 4 9 _ 
[00033481] 3 | 5 0 10 11 3 9 7 2 4 1 9 _ 
[00033482] 4 | 5 0 10 11 3 9 _ 2 6 _ 9 _ 
[00033483] 3 | 5 0 10 11 3 9 6 2 6 _ 9 _ 
[00033484] 3 | 5 0 10 11 3 9 _ 2 6 3 9 _ 
[00033485] 4 | 5 0 10 11 3 9 _ 2 4 8 9 _ 
[00033486] 3 | 5 0 10 11 3 9 6 2 4 8 9 _ 
[00033487] 4 | 5 0 10 11 3 9 _ 2 8 4 9 _ 
[00033488] 3 | 5 0 10 11 3 9 6 2 8 4 9 _ 
[00033489] 5 | _ 0 10 11 3 9 8 2 _ _ 9 _ 
[00033490] 4 | 4 0 10 11 3 9 8 2 _ _ 9 _ 
[00033491] 3 | 4 0 10 11 3 9 8 2 5 _ 9 _ 
[00033492] 2 | 4 0 10 11 3 9 8 2 5 7 9 _ 
[00033493] 4 | _ 0 10 11 3 9 8 2 6 _ 9 _ 
[00033494] 4 | _ 0 10 11 3 9 8 2 1 5 9 _ 
[00033495] 4 | _ 0 10 11 3 9 8 2 5 1 9 _ 
[00033496] 5 | _ 0 10 11 3 9 _ 2 7 _ 9 _ 
[00033497] 4 | 4 0 10 11 3 9 _ 2 7 _ 9 _ 
[00033498] 3 | 4 0 10 11 3 9 6 2 7 _ 9 _ 
[00033499] 2 | 4 0 10 11 3 9 6 2 7 5 9 _ 
[00033500] 4 | _ 0 10 11 3 9 7 2 7 _ 9 _ 
[00033501] 4 | _ 0 10 11 3 9 _ 2 7 3 9 _ 
[00033502] 5 | _ 0 10 11 3 9 _ 2 1 6 9 _ 
[00033503] 4 | 4 0 10 11 3 9 _ 2 1 6 9 _ 
[00033504] 4 | _ 0 10 11 3 9 7 2 1 6 9 _ 
[00033505] 5 | _ 0 10 11 3 9 _ 2 6 1 9 _ 
[00033506] 4 | 4 0 10 11 3 9 _ 2 6 1 9 _ 
[00033507] 4 | _ 0 10 11 3 9 7 2 6 1 9 _ 
[00033508] 6 | _ 0 10 11 3 _ 9 2 _ _ 9 _ 
[00033509] 5 | 5 0 10 11 3 _ 9 2 _ _ 9 _ 
[00033510] 4 | 5 0 10 11 3 7 9 2 _ _ 9 _ 
[00033511] 3 | 5 0 10 11 3 7 9 2 1 4 9 _ 
[00033512] 3 | 5 0 10 11 3 7 9 2 4 1 9 _ 
[00033513] 4 | 5 0 10 11 3 _ 9 2 6 _ 9 _ 
[00033514] 3 | 5 0 10 11 3 6 9 2 6 _ 9 _ 
[00033515] 3 | 5 0 10 11 3 _ 9 2 6 3 9 _ 
[00033516] 4 | 5 0 10 11 3 _ 9 2 4 8 9 _ 
[00033517] 3 | 5 0 10 11 3 6 9 2 4 8 9 _ 
[00033518] 4 | 5 0 10 11 3 _ 9 2 8 4 9 _ 
[00033519] 3 | 5 0 10 11 3 6 9 2 8 4 9 _ 
[00033520] 5 | _ 0 10 11 3 8 9 2 _ _ 9 _ 
[00033521] 4 | 4 0 10 11 3 8 9 2 _ _ 9 _ 
[00033522] 3 | 4 0 10 11 3 8 9 2 5 _ 9 _ 
[00033523] 2 | 4 0 10 11 3 8 9 2 5 7 9 _ 
[00033524] 4 | _ 0 10 11 3 8 9 2 6 _ 9 _ 
[00033525] 4 | _ 0 10 11 3 8 9 2 1 5 9 _ 
[00033526] 4 | _ 0 10 11 3 8 9 2 5 1 9 _ 
[00033527] 5 | _ 0 10 11 3 _ 9 2 7 _ 9 _ 
[00033528] 4 | 4 0 10 11 3 _ 9 2 7 _ 9 _ 
[00033529] 3 | 4 0 10 11 3 6 9 2 7 _ 9 _ 
[00033530] 2 | 4 0 10 11 3 6 9 2 7 5 9 _ 
[00033531] 4 | _ 0 10 11 3 7 9 2 7 _ 9 _ 
[00033532] 4 | _ 0 10 11 3 _ 9 2 7 3 9 _ 
[00033533] 5 | _ 0 10 11 3 _ 9 2 1 6 9 _ 
[00033534] 4 | 4 0 10 11 3 _ 9 2 1 6 9 _ 
[00033535] 4 | _ 0 10 11 3 7 9 2 1 6 9 _ 
[00033536] 5 | _ 0 10 11 3 _ 9 2 6 1 9 _ 
[00033537] 4 | 4 0 10 11 3 _ 9 2 6 1 9 _ 
[00033538] 4 | _ 0 10 11 3 7 9 2 6 1 9 _ 
[00033539] 6 | _ 0 10 11 3 _ _ 2 8 _ 9 _ 
[00033540] 5 | 5 0 10 11 3 _ _ 2 8 _ 9 _ 
[00033541] 4 | 5 0 10 11 3 7 _ 2 8 _ 9 _ 
[00033542] 3 | 5 0 10 11 3 7 6 2 8 _ 9 _ 
[00033543] 3 | 5 0 10 11 3 7 _ 2 8 _ 9 6 
[00033544] 2 | 5 0 10 11 3 7 1 2 8 _ 9 6 
[00033545] 4 | 5 0 10 11 3 _ 7 2 8 _ 9 _ 
[00033546] 3 | 5 0 10 11 3 6 7 2 8 _ 9 _ 
[00033547] 3 | 5 0 10 11 3 _ 7 2 8 _ 9 6 
[00033548] 2 | 5 0 10 11 3 1 7 2 8 _ 9 6 
[00033549] 4 | 5 0 10 11 3 _ _ 2 8 4 9 _ 
[00033550] 3 | 5 0 10 11 3 6 _ 2 8 4 9 _ 
[00033551] 2 | 5 0 10 11 3 6 1 2 8 4 9 _ 
[00033552] 2 | 5 0 10 11 3 6 _ 2 8 4 9 7 
[00033553] 3 | 5 0 10 11 3 _ 6 2 8 4 9 _ 
[00033554] 2 | 5 0 10 11 3 1 6 2 8 4 9 _ 
[00033555] 2 | 5 0 10 11 3 _ 6 2 8 4 9 7 
[00033556] 3 | 5 0 10 11 3 _ _ 2 8 4 9 6 
[00033557] 2 | 5 0 10 11 3 1 _ 2 8 4 9 6 
[00033558] 2 | 5 0 10 11 3 _ 1 2 8 4 9 6 
[00033559] 5 | _ 0 10 11 3 8 _ 2 8 _ 9 _ 
[00033560] 4 | 4 0 10 11 3 8 _ 2 8 _ 9 _ 
[00033561] 3 | 4 0 10 11 3 8 6 2 8 _ 9 _ 
[00033562] 2 | 4 0 10 11 3 8 6 2 8 _ 9 7 
[00033563] 3 | 4 0 10 11 3 8 _ 2 8 _ 9 6 
[00033564] 2 | 4 0 10 11 3 8 1 2 8 _ 9 6 
[00033565] 2 | 4 0 10 11 3 8 5 2 8 _ 9 6 
[00033566] 4 | _ 0 10 11 3 8 7 2 8 _ 9 _ 
[00033567] 3 | _ 0 10 11 3 8 7 2 8 _ 9 6 
[00033568] 4 | _ 0 10 11 3 8 _ 2 8 _ 9 5 
[00033569] 3 | 3 0 10 11 3 8 _ 2 8 _ 9 5 
[00033570] 3 | _ 0 10 11 3 8 0 2 8 _ 9 5 
[00033571] 3 | _ 0 10 11 3 8 6 2 8 _ 9 5 
[00033572] 5 | _ 0 10 11 3 _ 8 2 8 _ 9 _ 
[00033573] 4 | 4 0 10 11 3 _ 8 2 8 _ 9 _ 
[00033574] 3 | 4 0 10 11 3 6 8 2 8 _ 9 _ 
[00033575] 2 | 4 0 10 11 3 6 8 2 8 _ 9 7 
[00033576] 3 | 4 0 10 11 3 _ 8 2 8 _ 9 6 
[00033577] 2 | 4 0 10 11 3 1 8 2 8 _ 9 6 
[00033578] 2 | 4 0 10 11 3 5 8 2 8 _ 9 6 
[00033579] 4 | _ 0 10 11 3 7 8 2 8 _ 9 _ 
[00033580] 3 | _ 0 10 11 3 7 8 2 8 _ 9 6 
[00033581] 4 | _ 0 10 11 3 _ 8 2 8 _ 9 5 
[00033582] 3 | 3 0 10 11 3 _ 8 2 8 _ 9 5 
[00033583] 3 | _ 0 10 11 3 0 8 2 8 _ 9 5 
[00033584] 3 | _ 0 10 11 3 6 8 2 8 _ 9 5 
[00033585] 5 | _ 0 10 11 3 _ _ 2 8 3 9 _ 
[00033586] 4 | 4 0 10 11 3 _ _ 2 8 3 9 _ 
[00033587] 3 | 4 0 10 11 3 _ _ 2 8 3 9 6 
[00033588] 4 | _ 0 10 11 3 _ _ 2 8 3 9 5 
[00033589] 5 | _ 0 10 11 3 _ _ 2 8 _ 9 4 
[00033590] 4 | _ 0 10 11 3 7 _ 2 8 _ 9 4 
[00033591] 3 | 3 0 10 11 3 7 _ 2 8 _ 9 4 
[00033592] 2 | 3 0 10 11 3 7 _ 2 8 6 9 4 
[00033593] 3 | _ 0 10 11 3 7 0 2 8 _ 9 4 
[00033594] 2 | _ 0 10 11 3 7 0 2 8 6 9 4 
[00033595] 3 | _ 0 10 11 3 7 6 2 8 _ 9 4 
[00033596] 3 | _ 0 10 11 3 7 _ 2 8 5 9 4 
[00033597] 2 | _ 0 10 11 3 7 1 2 8 5 9 4 
[00033598] 4 | _ 0 10 11 3 _ 7 2 8 _ 9 4 
[00033599] 3 | 3 0 10 11 3 _ 7 2 8 _ 9 4 
[00033600] 2 | 3 0 10 11 3 _ 7 2 8 6 9 4 
[00033601] 3 | _ 0 10 11 3 0 7 2 8 _ 9 4 
[00033602] 2 | _ 0 10 11 3 0 7 2 8 6 9 4 
[00033603] 3 | _ 0 10 11 3 6 7 2 8 _ 9 4 
[00033604] 3 | _ 0 10 11 3 _ 7 2 8 5 9 4 
[00033605] 2 | _ 0 10 11 3 1 7 2 8 5 9 4 
[00033606] 6 | _ 0 10 11 3 _ _ 2 1 7 9 _ 
[00033607] 5 | 5 0 10 11 3 _ _ 2 1 7 9 _ 
[00033608] 5 | _ 0 10 11 3 8 _ 2 1 7 9 _ 
[00033609] 4 | 4 0 10 11 3 8 _ 2 1 7 9 _ 
[00033610] 3 | 4 0 10 11 3 8 6 2 1 7 9 _ 
[00033611] 3 | 4 0 10 11 3 8 _ 2 1 7 9 6 
[00033612] 2 | 4 0 10 11 3 8 5 2 1 7 9 6 
