[00171533] 5 | _ 3 _ 11 0 9 _ 1 8 2 5 10 
[00171534] 4 | 7 3 _ 11 0 9 _ 1 8 2 5 10 
[00171535] 3 | 7 3 0 11 0 9 _ 1 8 2 5 10 
[00171536] 3 | 7 3 6 11 0 9 _ 1 8 2 5 10 
[00171537] 3 | 7 3 _ 11 0 9 3 1 8 2 5 10 
[00171538] 4 | _ 3 7 11 0 9 _ 1 8 2 5 10 
[00171539] 3 | 0 3 7 11 0 9 _ 1 8 2 5 10 
[00171540] 3 | 6 3 7 11 0 9 _ 1 8 2 5 10 
[00171541] 3 | _ 3 7 11 0 9 3 1 8 2 5 10 
[00171542] 4 | _ 3 _ 11 0 9 4 1 8 2 5 10 
[00171543] 3 | 6 3 _ 11 0 9 4 1 8 2 5 10 
[00171544] 3 | _ 3 6 11 0 9 4 1 8 2 5 10 
[00171545] 5 | _ 3 _ 11 0 9 _ 1 8 2 10 5 
[00171546] 4 | 7 3 _ 11 0 9 _ 1 8 2 10 5 
[00171547] 3 | 7 3 0 11 0 9 _ 1 8 2 10 5 
[00171548] 3 | 7 3 6 11 0 9 _ 1 8 2 10 5 
[00171549] 3 | 7 3 _ 11 0 9 3 1 8 2 10 5 
[00171550] 4 | _ 3 7 11 0 9 _ 1 8 2 10 5 
[00171551] 3 | 0 3 7 11 0 9 _ 1 8 2 10 5 
[00171552] 3 | 6 3 7 11 0 9 _ 1 8 2 10 5 
[00171553] 3 | _ 3 7 11 0 9 3 1 8 2 10 5 
[00171554] 4 | _ 3 _ 11 0 9 4 1 8 2 10 5 
[00171555] 3 | 6 3 _ 11 0 9 4 1 8 2 10 5 
[00171556] 3 | _ 3 6 11 0 9 4 1 8 2 10 5 
[00171557] 6 | _ 3 _ 11 0 9 _ 1 8 _ 7 _ 
[00171558] 5 | 8 3 _ 11 0 9 _ 1 8 _ 7 _ 
[00171559] 4 | 8 3 7 11 0 9 _ 1 8 _ 7 _ 
[00171560] 4 | 8 3 _ 11 0 9 4 1 8 _ 7 _ 
[00171561] 3 | 8 3 6 11 0 9 4 1 8 _ 7 _ 
[00171562] 2 | 8 3 6 11 0 9 4 1 8 _ 7 5 
[00171563] 3 | 8 3 _ 11 0 9 4 1 8 _ 7 10 
[00171564] 2 | 8 3 5 11 0 9 4 1 8 _ 7 10 
[00171565] 4 | 8 3 _ 11 0 9 _ 1 8 _ 7 3 
[00171566] 5 | _ 3 8 11 0 9 _ 1 8 _ 7 _ 
[00171567] 4 | 7 3 8 11 0 9 _ 1 8 _ 7 _ 
[00171568] 4 | _ 3 8 11 0 9 4 1 8 _ 7 _ 
[00171569] 3 | 6 3 8 11 0 9 4 1 8 _ 7 _ 
[00171570] 2 | 6 3 8 11 0 9 4 1 8 _ 7 5 
[00171571] 3 | _ 3 8 11 0 9 4 1 8 _ 7 10 
[00171572] 2 | 5 3 8 11 0 9 4 1 8 _ 7 10 
[00171573] 4 | _ 3 8 11 0 9 _ 1 8 _ 7 3 
[00171574] 5 | _ 3 _ 11 0 9 5 1 8 _ 7 _ 
[00171575] 4 | 7 3 _ 11 0 9 5 1 8 _ 7 _ 
[00171576] 3 | 7 3 6 11 0 9 5 1 8 _ 7 _ 
[00171577] 2 | 7 3 6 11 0 9 5 1 8 10 7 _ 
[00171578] 4 | _ 3 7 11 0 9 5 1 8 _ 7 _ 
[00171579] 3 | 6 3 7 11 0 9 5 1 8 _ 7 _ 
[00171580] 2 | 6 3 7 11 0 9 5 1 8 10 7 _ 
[00171581] 4 | _ 3 _ 11 0 9 5 1 8 4 7 _ 
[00171582] 3 | 6 3 _ 11 0 9 5 1 8 4 7 _ 
[00171583] 3 | _ 3 6 11 0 9 5 1 8 4 7 _ 
[00171584] 3 | _ 3 _ 11 0 9 5 1 8 4 7 10 
[00171585] 4 | _ 3 _ 11 0 9 5 1 8 _ 7 3 
[00171586] 5 | _ 3 _ 11 0 9 _ 1 8 3 7 _ 
[00171587] 4 | _ 3 _ 11 0 9 4 1 8 3 7 _ 
[00171588] 3 | _ 3 _ 11 0 9 4 1 8 3 7 10 
[00171589] 5 | _ 3 _ 11 0 9 _ 1 8 _ 7 2 
[00171590] 4 | _ 3 _ 11 0 9 4 1 8 _ 7 2 
[00171591] 3 | 6 3 _ 11 0 9 4 1 8 _ 7 2 
[00171592] 2 | 6 3 5 11 0 9 4 1 8 _ 7 2 
[00171593] 2 | 6 3 _ 11 0 9 4 1 8 10 7 2 
[00171594] 3 | _ 3 6 11 0 9 4 1 8 _ 7 2 
[00171595] 2 | 5 3 6 11 0 9 4 1 8 _ 7 2 
[00171596] 2 | _ 3 6 11 0 9 4 1 8 10 7 2 
[00171597] 3 | _ 3 _ 11 0 9 4 1 8 5 7 2 
[00171598] 4 | _ 3 _ 11 0 9 _ 1 8 4 7 2 
[00171599] 3 | 0 3 _ 11 0 9 _ 1 8 4 7 2 
[00171600] 2 | 0 3 5 11 0 9 _ 1 8 4 7 2 
[00171601] 3 | 6 3 _ 11 0 9 _ 1 8 4 7 2 
[00171602] 2 | 6 3 5 11 0 9 _ 1 8 4 7 2 
[00171603] 3 | _ 3 0 11 0 9 _ 1 8 4 7 2 
[00171604] 2 | 5 3 0 11 0 9 _ 1 8 4 7 2 
[00171605] 3 | _ 3 6 11 0 9 _ 1 8 4 7 2 
[00171606] 2 | 5 3 6 11 0 9 _ 1 8 4 7 2 
[00171607] 3 | _ 3 _ 11 0 9 3 1 8 4 7 2 
[00171608] 6 | _ 3 _ 11 0 9 _ 1 8 _ 4 10 
[00171609] 5 | 8 3 _ 11 0 9 _ 1 8 _ 4 10 
[00171610] 4 | 8 3 7 11 0 9 _ 1 8 _ 4 10 
[00171611] 5 | _ 3 8 11 0 9 _ 1 8 _ 4 10 
[00171612] 4 | 7 3 8 11 0 9 _ 1 8 _ 4 10 
[00171613] 5 | _ 3 _ 11 0 9 5 1 8 _ 4 10 
[00171614] 4 | 7 3 _ 11 0 9 5 1 8 _ 4 10 
[00171615] 3 | 7 3 6 11 0 9 5 1 8 _ 4 10 
[00171616] 4 | _ 3 7 11 0 9 5 1 8 _ 4 10 
[00171617] 3 | 6 3 7 11 0 9 5 1 8 _ 4 10 
[00171618] 5 | _ 3 _ 11 0 9 _ 1 8 3 4 10 
[00171619] 6 | _ 3 _ 11 0 9 _ 1 8 _ 10 4 
[00171620] 5 | 8 3 _ 11 0 9 _ 1 8 _ 10 4 
[00171621] 4 | 8 3 7 11 0 9 _ 1 8 _ 10 4 
[00171622] 5 | _ 3 8 11 0 9 _ 1 8 _ 10 4 
[00171623] 4 | 7 3 8 11 0 9 _ 1 8 _ 10 4 
[00171624] 5 | _ 3 _ 11 0 9 5 1 8 _ 10 4 
[00171625] 4 | 7 3 _ 11 0 9 5 1 8 _ 10 4 
[00171626] 3 | 7 3 6 11 0 9 5 1 8 _ 10 4 
[00171627] 4 | _ 3 7 11 0 9 5 1 8 _ 10 4 
[00171628] 3 | 6 3 7 11 0 9 5 1 8 _ 10 4 
[00171629] 5 | _ 3 _ 11 0 9 _ 1 8 3 10 4 
[00171630] 7 | _ 3 _ 11 0 9 _ 1 _ _ 8 _ 
[00171631] 6 | _ 3 _ 11 0 9 6 1 _ _ 8 _ 
[00171632] 5 | 8 3 _ 11 0 9 6 1 _ _ 8 _ 
[00171633] 4 | 8 3 7 11 0 9 6 1 _ _ 8 _ 
[00171634] 3 | 8 3 7 11 0 9 6 1 4 _ 8 _ 
[00171635] 2 | 8 3 7 11 0 9 6 1 4 2 8 _ 
[00171636] 3 | 8 3 7 11 0 9 6 1 2 5 8 _ 
[00171637] 3 | 8 3 7 11 0 9 6 1 5 2 8 _ 
[00171638] 4 | 8 3 _ 11 0 9 6 1 5 _ 8 _ 
[00171639] 3 | 8 3 _ 11 0 9 6 1 5 2 8 _ 
[00171640] 5 | _ 3 8 11 0 9 6 1 _ _ 8 _ 
[00171641] 4 | 7 3 8 11 0 9 6 1 _ _ 8 _ 
[00171642] 3 | 7 3 8 11 0 9 6 1 4 _ 8 _ 
[00171643] 2 | 7 3 8 11 0 9 6 1 4 2 8 _ 
[00171644] 3 | 7 3 8 11 0 9 6 1 2 5 8 _ 
[00171645] 3 | 7 3 8 11 0 9 6 1 5 2 8 _ 
[00171646] 4 | _ 3 8 11 0 9 6 1 5 _ 8 _ 
[00171647] 3 | _ 3 8 11 0 9 6 1 5 2 8 _ 
[00171648] 5 | _ 3 _ 11 0 9 6 1 2 7 8 _ 
[00171649] 4 | _ 3 _ 11 0 9 6 1 2 7 8 4 
[00171650] 5 | _ 3 _ 11 0 9 6 1 5 10 8 _ 
[00171651] 4 | 7 3 _ 11 0 9 6 1 5 10 8 _ 
[00171652] 4 | _ 3 7 11 0 9 6 1 5 10 8 _ 
[00171653] 4 | _ 3 _ 11 0 9 6 1 5 10 8 4 
[00171654] 5 | _ 3 _ 11 0 9 6 1 7 2 8 _ 
[00171655] 4 | _ 3 _ 11 0 9 6 1 7 2 8 4 
[00171656] 5 | _ 3 _ 11 0 9 6 1 10 5 8 _ 
[00171657] 4 | 7 3 _ 11 0 9 6 1 10 5 8 _ 
[00171658] 4 | _ 3 7 11 0 9 6 1 10 5 8 _ 
[00171659] 4 | _ 3 _ 11 0 9 6 1 10 5 8 4 
[00171660] 5 | _ 3 _ 11 0 9 6 1 _ _ 8 3 
[00171661] 4 | _ 3 _ 11 0 9 6 1 5 _ 8 3 
[00171662] 3 | _ 3 _ 11 0 9 6 1 5 2 8 3 
[00171663] 6 | _ 3 _ 11 0 9 _ 1 7 _ 8 _ 
[00171664] 5 | 8 3 _ 11 0 9 _ 1 7 _ 8 _ 
[00171665] 4 | 8 3 7 11 0 9 _ 1 7 _ 8 _ 
[00171666] 4 | 8 3 _ 11 0 9 4 1 7 _ 8 _ 
[00171667] 3 | 8 3 6 11 0 9 4 1 7 _ 8 _ 
[00171668] 2 | 8 3 6 11 0 9 4 1 7 5 8 _ 
[00171669] 3 | 8 3 _ 11 0 9 4 1 7 10 8 _ 
[00171670] 2 | 8 3 5 11 0 9 4 1 7 10 8 _ 
[00171671] 4 | 8 3 _ 11 0 9 _ 1 7 3 8 _ 
[00171672] 5 | _ 3 8 11 0 9 _ 1 7 _ 8 _ 
[00171673] 4 | 7 3 8 11 0 9 _ 1 7 _ 8 _ 
[00171674] 4 | _ 3 8 11 0 9 4 1 7 _ 8 _ 
[00171675] 3 | 6 3 8 11 0 9 4 1 7 _ 8 _ 
[00171676] 2 | 6 3 8 11 0 9 4 1 7 5 8 _ 
[00171677] 3 | _ 3 8 11 0 9 4 1 7 10 8 _ 
[00171678] 2 | 5 3 8 11 0 9 4 1 7 10 8 _ 
[00171679] 4 | _ 3 8 11 0 9 _ 1 7 3 8 _ 
[00171680] 5 | _ 3 _ 11 0 9 5 1 7 _ 8 _ 
[00171681] 4 | 7 3 _ 11 0 9 5 1 7 _ 8 _ 
[00171682] 3 | 7 3 6 11 0 9 5 1 7 _ 8 _ 
[00171683] 2 | 7 3 6 11 0 9 5 1 7 _ 8 10 
[00171684] 4 | _ 3 7 11 0 9 5 1 7 _ 8 _ 
[00171685] 3 | 6 3 7 11 0 9 5 1 7 _ 8 _ 
[00171686] 2 | 6 3 7 11 0 9 5 1 7 _ 8 10 
[00171687] 4 | _ 3 _ 11 0 9 5 1 7 3 8 _ 
[00171688] 4 | _ 3 _ 11 0 9 5 1 7 _ 8 4 
[00171689] 3 | 6 3 _ 11 0 9 5 1 7 _ 8 4 
[00171690] 3 | _ 3 6 11 0 9 5 1 7 _ 8 4 
[00171691] 3 | _ 3 _ 11 0 9 5 1 7 10 8 4 
[00171692] 5 | _ 3 _ 11 0 9 _ 1 7 2 8 _ 
[00171693] 4 | _ 3 _ 11 0 9 4 1 7 2 8 _ 
[00171694] 3 | 6 3 _ 11 0 9 4 1 7 2 8 _ 
[00171695] 2 | 6 3 5 11 0 9 4 1 7 2 8 _ 
[00171696] 2 | 6 3 _ 11 0 9 4 1 7 2 8 10 
[00171697] 3 | _ 3 6 11 0 9 4 1 7 2 8 _ 
[00171698] 2 | 5 3 6 11 0 9 4 1 7 2 8 _ 
[00171699] 2 | _ 3 6 11 0 9 4 1 7 2 8 10 
[00171700] 3 | _ 3 _ 11 0 9 4 1 7 2 8 5 
[00171701] 4 | _ 3 _ 11 0 9 _ 1 7 2 8 4 
[00171702] 3 | 0 3 _ 11 0 9 _ 1 7 2 8 4 
[00171703] 2 | 0 3 5 11 0 9 _ 1 7 2 8 4 
[00171704] 3 | 6 3 _ 11 0 9 _ 1 7 2 8 4 
[00171705] 2 | 6 3 5 11 0 9 _ 1 7 2 8 4 
[00171706] 3 | _ 3 0 11 0 9 _ 1 7 2 8 4 
[00171707] 2 | 5 3 0 11 0 9 _ 1 7 2 8 4 
[00171708] 3 | _ 3 6 11 0 9 _ 1 7 2 8 4 
[00171709] 2 | 5 3 6 11 0 9 _ 1 7 2 8 4 
[00171710] 3 | _ 3 _ 11 0 9 3 1 7 2 8 4 
[00171711] 5 | _ 3 _ 11 0 9 _ 1 7 _ 8 3 
[00171712] 4 | _ 3 _ 11 0 9 4 1 7 _ 8 3 
[00171713] 3 | _ 3 _ 11 0 9 4 1 7 10 8 3 
[00171714] 6 | _ 3 _ 11 0 9 _ 1 4 10 8 _ 
[00171715] 5 | 8 3 _ 11 0 9 _ 1 4 10 8 _ 
[00171716] 4 | 8 3 7 11 0 9 _ 1 4 10 8 _ 
[00171717] 5 | _ 3 8 11 0 9 _ 1 4 10 8 _ 
[00171718] 4 | 7 3 8 11 0 9 _ 1 4 10 8 _ 
[00171719] 5 | _ 3 _ 11 0 9 5 1 4 10 8 _ 
[00171720] 4 | 7 3 _ 11 0 9 5 1 4 10 8 _ 
[00171721] 3 | 7 3 6 11 0 9 5 1 4 10 8 _ 
[00171722] 4 | _ 3 7 11 0 9 5 1 4 10 8 _ 
[00171723] 3 | 6 3 7 11 0 9 5 1 4 10 8 _ 
[00171724] 5 | _ 3 _ 11 0 9 _ 1 4 10 8 3 
[00171725] 6 | _ 3 _ 11 0 9 _ 1 10 4 8 _ 
[00171726] 5 | 8 3 _ 11 0 9 _ 1 10 4 8 _ 
[00171727] 4 | 8 3 7 11 0 9 _ 1 10 4 8 _ 
[00171728] 5 | _ 3 8 11 0 9 _ 1 10 4 8 _ 
[00171729] 4 | 7 3 8 11 0 9 _ 1 10 4 8 _ 
[00171730] 5 | _ 3 _ 11 0 9 5 1 10 4 8 _ 
[00171731] 4 | 7 3 _ 11 0 9 5 1 10 4 8 _ 
[00171732] 3 | 7 3 6 11 0 9 5 1 10 4 8 _ 
[00171733] 4 | _ 3 7 11 0 9 5 1 10 4 8 _ 
[00171734] 3 | 6 3 7 11 0 9 5 1 10 4 8 _ 
[00171735] 5 | _ 3 _ 11 0 9 _ 1 10 4 8 3 
[00171736] 6 | _ 3 _ 11 0 9 _ 1 _ _ 8 2 
[00171737] 5 | _ 3 _ 11 0 9 5 1 _ _ 8 2 
[00171738] 4 | 7 3 _ 11 0 9 5 1 _ _ 8 2 
[00171739] 3 | 7 3 6 11 0 9 5 1 _ _ 8 2 
[00171740] 3 | 7 3 _ 11 0 9 5 1 4 _ 8 2 
[00171741] 2 | 7 3 _ 11 0 9 5 1 4 6 8 2 
[00171742] 4 | _ 3 7 11 0 9 5 1 _ _ 8 2 
[00171743] 3 | 6 3 7 11 0 9 5 1 _ _ 8 2 
[00171744] 3 | _ 3 7 11 0 9 5 1 4 _ 8 2 
[00171745] 2 | _ 3 7 11 0 9 5 1 4 6 8 2 
[00171746] 4 | _ 3 _ 11 0 9 5 1 6 10 8 2 
[00171747] 4 | _ 3 _ 11 0 9 5 1 10 6 8 2 
[00171748] 5 | _ 3 _ 11 0 9 _ 1 6 _ 8 2 
[00171749] 4 | 7 3 _ 11 0 9 _ 1 6 _ 8 2 
[00171750] 3 | 7 3 0 11 0 9 _ 1 6 _ 8 2 
[00171751] 2 | 7 3 0 11 0 9 _ 1 6 4 8 2 
[00171752] 3 | 7 3 6 11 0 9 _ 1 6 _ 8 2 
[00171753] 3 | 7 3 _ 11 0 9 3 1 6 _ 8 2 
[00171754] 2 | 7 3 _ 11 0 9 3 1 6 4 8 2 
[00171755] 3 | 7 3 _ 11 0 9 _ 1 6 3 8 2 
[00171756] 4 | _ 3 7 11 0 9 _ 1 6 _ 8 2 
[00171757] 3 | 0 3 7 11 0 9 _ 1 6 _ 8 2 
[00171758] 2 | 0 3 7 11 0 9 _ 1 6 4 8 2 
[00171759] 3 | 6 3 7 11 0 9 _ 1 6 _ 8 2 
[00171760] 3 | _ 3 7 11 0 9 3 1 6 _ 8 2 
[00171761] 2 | _ 3 7 11 0 9 3 1 6 4 8 2 
[00171762] 3 | _ 3 7 11 0 9 _ 1 6 3 8 2 
[00171763] 4 | _ 3 _ 11 0 9 4 1 6 _ 8 2 
[00171764] 3 | 6 3 _ 11 0 9 4 1 6 _ 8 2 
[00171765] 2 | 6 3 5 11 0 9 4 1 6 _ 8 2 
[00171766] 3 | _ 3 6 11 0 9 4 1 6 _ 8 2 
[00171767] 2 | 5 3 6 11 0 9 4 1 6 _ 8 2 
[00171768] 3 | _ 3 _ 11 0 9 4 1 6 3 8 2 
[00171769] 4 | _ 3 _ 11 0 9 _ 1 6 10 8 2 
[00171770] 3 | 0 3 _ 11 0 9 _ 1 6 10 8 2 
[00171771] 2 | 0 3 5 11 0 9 _ 1 6 10 8 2 
[00171772] 3 | _ 3 0 11 0 9 _ 1 6 10 8 2 
[00171773] 2 | 5 3 0 11 0 9 _ 1 6 10 8 2 
[00171774] 3 | _ 3 _ 11 0 9 3 1 6 10 8 2 
[00171775] 5 | _ 3 _ 11 0 9 _ 1 5 10 8 2 
[00171776] 4 | 7 3 _ 11 0 9 _ 1 5 10 8 2 
[00171777] 3 | 7 3 0 11 0 9 _ 1 5 10 8 2 
[00171778] 3 | 7 3 6 11 0 9 _ 1 5 10 8 2 
[00171779] 3 | 7 3 _ 11 0 9 3 1 5 10 8 2 
[00171780] 4 | _ 3 7 11 0 9 _ 1 5 10 8 2 
[00171781] 3 | 0 3 7 11 0 9 _ 1 5 10 8 2 
[00171782] 3 | 6 3 7 11 0 9 _ 1 5 10 8 2 
[00171783] 3 | _ 3 7 11 0 9 3 1 5 10 8 2 
[00171784] 4 | _ 3 _ 11 0 9 4 1 5 10 8 2 
[00171785] 3 | 6 3 _ 11 0 9 4 1 5 10 8 2 
[00171786] 3 | _ 3 6 11 0 9 4 1 5 10 8 2 
[00171787] 5 | _ 3 _ 11 0 9 _ 1 10 5 8 2 
[00171788] 4 | 7 3 _ 11 0 9 _ 1 10 5 8 2 
[00171789] 3 | 7 3 0 11 0 9 _ 1 10 5 8 2 
[00171790] 3 | 7 3 6 11 0 9 _ 1 10 5 8 2 
[00171791] 3 | 7 3 _ 11 0 9 3 1 10 5 8 2 
[00171792] 4 | _ 3 7 11 0 9 _ 1 10 5 8 2 
[00171793] 3 | 0 3 7 11 0 9 _ 1 10 5 8 2 
[00171794] 3 | 6 3 7 11 0 9 _ 1 10 5 8 2 
[00171795] 3 | _ 3 7 11 0 9 3 1 10 5 8 2 
[00171796] 4 | _ 3 _ 11 0 9 4 1 10 5 8 2 
[00171797] 3 | 6 3 _ 11 0 9 4 1 10 5 8 2 
[00171798] 3 | _ 3 6 11 0 9 4 1 10 5 8 2 
[00171799] 8 | _ _ _ 11 0 9 8 1 _ _ _ _ 
[00171800] 7 | 3 10 _ 11 0 9 8 1 _ _ _ _ 
[00171801] 6 | 3 10 4 11 0 9 8 1 _ _ _ _ 
[00171802] 5 | 3 10 4 11 0 9 8 1 6 _ _ _ 
[00171803] 4 | 3 10 4 11 0 9 8 1 6 2 _ _ 
[00171804] 4 | 3 10 4 11 0 9 8 1 6 _ 5 _ 
[00171805] 3 | 3 10 4 11 0 9 8 1 6 _ 5 2 
[00171806] 5 | 3 10 4 11 0 9 8 1 2 7 _ _ 
[00171807] 4 | 3 10 4 11 0 9 8 1 2 7 5 _ 
[00171808] 5 | 3 10 4 11 0 9 8 1 7 2 _ _ 
[00171809] 4 | 3 10 4 11 0 9 8 1 7 2 5 _ 
[00171810] 5 | 3 10 4 11 0 9 8 1 _ _ 6 _ 
[00171811] 4 | 3 10 4 11 0 9 8 1 5 _ 6 _ 
[00171812] 3 | 3 10 4 11 0 9 8 1 5 2 6 _ 
[00171813] 4 | 3 10 4 11 0 9 8 1 _ _ 6 2 
[00171814] 5 | 3 10 4 11 0 9 8 1 _ _ 2 7 
[00171815] 4 | 3 10 4 11 0 9 8 1 5 _ 2 7 
[00171816] 5 | 3 10 4 11 0 9 8 1 _ _ 7 2 
[00171817] 4 | 3 10 4 11 0 9 8 1 5 _ 7 2 
[00171818] 6 | 3 10 _ 11 0 9 8 1 7 _ _ _ 
[00171819] 5 | 3 10 5 11 0 9 8 1 7 _ _ _ 
[00171820] 4 | 3 10 5 11 0 9 8 1 7 _ 2 6 
[00171821] 3 | 3 10 5 11 0 9 8 1 7 4 2 6 
[00171822] 4 | 3 10 5 11 0 9 8 1 7 _ 6 2 
[00171823] 3 | 3 10 5 11 0 9 8 1 7 4 6 2 
[00171824] 5 | 3 10 _ 11 0 9 8 1 7 2 _ _ 
[00171825] 4 | 3 10 6 11 0 9 8 1 7 2 _ _ 
[00171826] 3 | 3 10 6 11 0 9 8 1 7 2 4 _ 
[00171827] 4 | 3 10 _ 11 0 9 8 1 7 2 5 _ 
[00171828] 5 | 3 10 _ 11 0 9 8 1 7 _ 6 _ 
[00171829] 4 | 3 10 6 11 0 9 8 1 7 _ 6 _ 
[00171830] 3 | 3 10 6 11 0 9 8 1 7 4 6 _ 
[00171831] 4 | 3 10 _ 11 0 9 8 1 7 _ 6 2 
[00171832] 3 | 3 10 7 11 0 9 8 1 7 _ 6 2 
[00171833] 3 | 3 10 _ 11 0 9 8 1 7 4 6 2 
[00171834] 3 | 3 10 _ 11 0 9 8 1 7 10 6 2 
[00171835] 4 | 3 10 _ 11 0 9 8 1 7 _ 6 10 
[00171836] 3 | 3 10 _ 11 0 9 8 1 7 4 6 10 
[00171837] 6 | 3 10 _ 11 0 9 8 1 _ _ 7 _ 
[00171838] 5 | 3 10 5 11 0 9 8 1 _ _ 7 _ 
[00171839] 4 | 3 10 5 11 0 9 8 1 2 6 7 _ 
[00171840] 3 | 3 10 5 11 0 9 8 1 2 6 7 4 
[00171841] 4 | 3 10 5 11 0 9 8 1 6 2 7 _ 
[00171842] 3 | 3 10 5 11 0 9 8 1 6 2 7 4 
[00171843] 5 | 3 10 _ 11 0 9 8 1 6 _ 7 _ 
[00171844] 4 | 3 10 6 11 0 9 8 1 6 _ 7 _ 
[00171845] 3 | 3 10 6 11 0 9 8 1 6 _ 7 4 
[00171846] 4 | 3 10 _ 11 0 9 8 1 6 2 7 _ 
[00171847] 3 | 3 10 7 11 0 9 8 1 6 2 7 _ 
[00171848] 3 | 3 10 _ 11 0 9 8 1 6 2 7 4 
[00171849] 3 | 3 10 _ 11 0 9 8 1 6 2 7 10 
[00171850] 4 | 3 10 _ 11 0 9 8 1 6 10 7 _ 
[00171851] 3 | 3 10 _ 11 0 9 8 1 6 10 7 4 
[00171852] 5 | 3 10 _ 11 0 9 8 1 _ _ 7 2 
[00171853] 4 | 3 10 6 11 0 9 8 1 _ _ 7 2 
[00171854] 3 | 3 10 6 11 0 9 8 1 4 _ 7 2 
[00171855] 4 | 3 10 _ 11 0 9 8 1 5 _ 7 2 
[00171856] 7 | 10 3 _ 11 0 9 8 1 _ _ _ _ 
[00171857] 7 | _ 3 10 11 0 9 8 1 _ _ _ _ 
[00171858] 7 | _ 10 3 11 0 9 8 1 _ _ _ _ 
[00171859] 6 | 4 10 3 11 0 9 8 1 _ _ _ _ 
[00171860] 5 | 4 10 3 11 0 9 8 1 6 _ _ _ 
[00171861] 4 | 4 10 3 11 0 9 8 1 6 2 _ _ 
[00171862] 4 | 4 10 3 11 0 9 8 1 6 _ 5 _ 
[00171863] 3 | 4 10 3 11 0 9 8 1 6 _ 5 2 
[00171864] 5 | 4 10 3 11 0 9 8 1 2 7 _ _ 
[00171865] 4 | 4 10 3 11 0 9 8 1 2 7 5 _ 
[00171866] 5 | 4 10 3 11 0 9 8 1 7 2 _ _ 
[00171867] 4 | 4 10 3 11 0 9 8 1 7 2 5 _ 
[00171868] 5 | 4 10 3 11 0 9 8 1 _ _ 6 _ 
[00171869] 4 | 4 10 3 11 0 9 8 1 5 _ 6 _ 
[00171870] 3 | 4 10 3 11 0 9 8 1 5 2 6 _ 
[00171871] 4 | 4 10 3 11 0 9 8 1 _ _ 6 2 
[00171872] 5 | 4 10 3 11 0 9 8 1 _ _ 2 7 
[00171873] 4 | 4 10 3 11 0 9 8 1 5 _ 2 7 
[00171874] 5 | 4 10 3 11 0 9 8 1 _ _ 7 2 
[00171875] 4 | 4 10 3 11 0 9 8 1 5 _ 7 2 
[00171876] 6 | _ 10 3 11 0 9 8 1 7 _ _ _ 
[00171877] 5 | 5 10 3 11 0 9 8 1 7 _ _ _ 
[00171878] 4 | 5 10 3 11 0 9 8 1 7 _ 2 6 
[00171879] 3 | 5 10 3 11 0 9 8 1 7 4 2 6 
[00171880] 4 | 5 10 3 11 0 9 8 1 7 _ 6 2 
[00171881] 3 | 5 10 3 11 0 9 8 1 7 4 6 2 
[00171882] 5 | _ 10 3 11 0 9 8 1 7 2 _ _ 
[00171883] 4 | 6 10 3 11 0 9 8 1 7 2 _ _ 
[00171884] 3 | 6 10 3 11 0 9 8 1 7 2 4 _ 
[00171885] 4 | _ 10 3 11 0 9 8 1 7 2 5 _ 
[00171886] 5 | _ 10 3 11 0 9 8 1 7 _ 6 _ 
[00171887] 4 | 6 10 3 11 0 9 8 1 7 _ 6 _ 
[00171888] 3 | 6 10 3 11 0 9 8 1 7 4 6 _ 
[00171889] 4 | _ 10 3 11 0 9 8 1 7 _ 6 2 
[00171890] 3 | 7 10 3 11 0 9 8 1 7 _ 6 2 
[00171891] 3 | _ 10 3 11 0 9 8 1 7 4 6 2 
[00171892] 3 | _ 10 3 11 0 9 8 1 7 10 6 2 
[00171893] 4 | _ 10 3 11 0 9 8 1 7 _ 6 10 
[00171894] 3 | _ 10 3 11 0 9 8 1 7 4 6 10 
[00171895] 6 | _ 10 3 11 0 9 8 1 _ _ 7 _ 
[00171896] 5 | 5 10 3 11 0 9 8 1 _ _ 7 _ 
[00171897] 4 | 5 10 3 11 0 9 8 1 2 6 7 _ 
[00171898] 3 | 5 10 3 11 0 9 8 1 2 6 7 4 
[00171899] 4 | 5 10 3 11 0 9 8 1 6 2 7 _ 
[00171900] 3 | 5 10 3 11 0 9 8 1 6 2 7 4 
[00171901] 5 | _ 10 3 11 0 9 8 1 6 _ 7 _ 
[00171902] 4 | 6 10 3 11 0 9 8 1 6 _ 7 _ 
[00171903] 3 | 6 10 3 11 0 9 8 1 6 _ 7 4 
[00171904] 4 | _ 10 3 11 0 9 8 1 6 2 7 _ 
[00171905] 3 | 7 10 3 11 0 9 8 1 6 2 7 _ 
[00171906] 3 | _ 10 3 11 0 9 8 1 6 2 7 4 
[00171907] 3 | _ 10 3 11 0 9 8 1 6 2 7 10 
[00171908] 4 | _ 10 3 11 0 9 8 1 6 10 7 _ 
[00171909] 3 | _ 10 3 11 0 9 8 1 6 10 7 4 
[00171910] 5 | _ 10 3 11 0 9 8 1 _ _ 7 2 
[00171911] 4 | 6 10 3 11 0 9 8 1 _ _ 7 2 
[00171912] 3 | 6 10 3 11 0 9 8 1 4 _ 7 2 
[00171913] 4 | _ 10 3 11 0 9 8 1 5 _ 7 2 
[00171914] 7 | _ 4 _ 11 0 9 8 1 _ _ _ _ 
[00171915] 6 | 10 4 _ 11 0 9 8 1 _ _ _ _ 
[00171916] 5 | 10 4 _ 11 0 9 8 1 6 _ _ _ 
[00171917] 4 | 10 4 _ 11 0 9 8 1 6 2 _ _ 
[00171918] 3 | 10 4 1 11 0 9 8 1 6 2 _ _ 
[00171919] 2 | 10 4 1 11 0 9 8 1 6 2 3 5 
[00171920] 2 | 10 4 1 11 0 9 8 1 6 2 5 7 
[00171921] 2 | 10 4 1 11 0 9 8 1 6 2 5 3 
[00171922] 2 | 10 4 1 11 0 9 8 1 6 2 7 5 
[00171923] 3 | 10 4 7 11 0 9 8 1 6 2 _ _ 
[00171924] 2 | 10 4 7 11 0 9 8 1 6 2 3 _ 
[00171925] 2 | 10 4 7 11 0 9 8 1 6 2 3 5 
[00171926] 2 | 10 4 7 11 0 9 8 1 6 2 5 3 
[00171927] 3 | 10 4 _ 11 0 9 8 1 6 2 4 _ 
[00171928] 4 | 10 4 _ 11 0 9 8 1 6 _ 5 _ 
[00171929] 3 | 10 4 7 11 0 9 8 1 6 _ 5 _ 
[00171930] 2 | 10 4 7 11 0 9 8 1 6 _ 5 3 
[00171931] 3 | 10 4 _ 11 0 9 8 1 6 3 5 _ 
[00171932] 2 | 10 4 2 11 0 9 8 1 6 3 5 _ 
[00171933] 2 | 10 4 _ 11 0 9 8 1 6 3 5 7 
[00171934] 3 | 10 4 _ 11 0 9 8 1 6 _ 5 2 
[00171935] 2 | 10 4 6 11 0 9 8 1 6 _ 5 2 
[00171936] 2 | 10 4 _ 11 0 9 8 1 6 4 5 2 
[00171937] 4 | 10 4 _ 11 0 9 8 1 6 _ 3 7 
[00171938] 4 | 10 4 _ 11 0 9 8 1 6 _ 7 3 
[00171939] 5 | 10 4 _ 11 0 9 8 1 2 7 _ _ 
[00171940] 4 | 10 4 _ 11 0 9 8 1 2 7 5 _ 
[00171941] 5 | 10 4 _ 11 0 9 8 1 7 2 _ _ 
[00171942] 4 | 10 4 _ 11 0 9 8 1 7 2 5 _ 
[00171943] 5 | 10 4 _ 11 0 9 8 1 _ _ 6 _ 
[00171944] 4 | 10 4 _ 11 0 9 8 1 5 _ 6 _ 
[00171945] 3 | 10 4 7 11 0 9 8 1 5 _ 6 _ 
[00171946] 2 | 10 4 7 11 0 9 8 1 5 3 6 _ 
[00171947] 3 | 10 4 _ 11 0 9 8 1 5 2 6 _ 
[00171948] 2 | 10 4 6 11 0 9 8 1 5 2 6 _ 
[00171949] 2 | 10 4 _ 11 0 9 8 1 5 2 6 4 
[00171950] 3 | 10 4 _ 11 0 9 8 1 5 _ 6 3 
[00171951] 2 | 10 4 2 11 0 9 8 1 5 _ 6 3 
[00171952] 2 | 10 4 _ 11 0 9 8 1 5 7 6 3 
[00171953] 4 | 10 4 _ 11 0 9 8 1 3 7 6 _ 
[00171954] 4 | 10 4 _ 11 0 9 8 1 7 3 6 _ 
[00171955] 4 | 10 4 _ 11 0 9 8 1 _ _ 6 2 
[00171956] 3 | 10 4 1 11 0 9 8 1 _ _ 6 2 
[00171957] 2 | 10 4 1 11 0 9 8 1 3 5 6 2 
[00171958] 2 | 10 4 1 11 0 9 8 1 5 7 6 2 
[00171959] 2 | 10 4 1 11 0 9 8 1 5 3 6 2 
[00171960] 2 | 10 4 1 11 0 9 8 1 7 5 6 2 
[00171961] 3 | 10 4 7 11 0 9 8 1 _ _ 6 2 
[00171962] 2 | 10 4 7 11 0 9 8 1 3 _ 6 2 
[00171963] 2 | 10 4 7 11 0 9 8 1 3 5 6 2 
[00171964] 2 | 10 4 7 11 0 9 8 1 5 3 6 2 
[00171965] 3 | 10 4 _ 11 0 9 8 1 4 _ 6 2 
[00171966] 5 | 10 4 _ 11 0 9 8 1 _ _ 2 7 
[00171967] 4 | 10 4 _ 11 0 9 8 1 5 _ 2 7 
[00171968] 5 | 10 4 _ 11 0 9 8 1 _ _ 7 2 
[00171969] 4 | 10 4 _ 11 0 9 8 1 5 _ 7 2 
[00171970] 6 | _ 4 10 11 0 9 8 1 _ _ _ _ 
[00171971] 5 | _ 4 10 11 0 9 8 1 6 _ _ _ 
[00171972] 4 | _ 4 10 11 0 9 8 1 6 2 _ _ 
[00171973] 3 | 1 4 10 11 0 9 8 1 6 2 _ _ 
[00171974] 2 | 1 4 10 11 0 9 8 1 6 2 3 5 
[00171975] 2 | 1 4 10 11 0 9 8 1 6 2 5 7 
[00171976] 2 | 1 4 10 11 0 9 8 1 6 2 5 3 
[00171977] 2 | 1 4 10 11 0 9 8 1 6 2 7 5 
[00171978] 3 | 7 4 10 11 0 9 8 1 6 2 _ _ 
[00171979] 2 | 7 4 10 11 0 9 8 1 6 2 3 _ 
[00171980] 2 | 7 4 10 11 0 9 8 1 6 2 3 5 
[00171981] 2 | 7 4 10 11 0 9 8 1 6 2 5 3 
[00171982] 3 | _ 4 10 11 0 9 8 1 6 2 4 _ 
[00171983] 4 | _ 4 10 11 0 9 8 1 6 _ 5 _ 
[00171984] 3 | 7 4 10 11 0 9 8 1 6 _ 5 _ 
[00171985] 2 | 7 4 10 11 0 9 8 1 6 _ 5 3 
[00171986] 3 | _ 4 10 11 0 9 8 1 6 3 5 _ 
[00171987] 2 | 2 4 10 11 0 9 8 1 6 3 5 _ 
[00171988] 2 | _ 4 10 11 0 9 8 1 6 3 5 7 
[00171989] 3 | _ 4 10 11 0 9 8 1 6 _ 5 2 
[00171990] 2 | 6 4 10 11 0 9 8 1 6 _ 5 2 
[00171991] 2 | _ 4 10 11 0 9 8 1 6 4 5 2 
[00171992] 4 | _ 4 10 11 0 9 8 1 6 _ 3 7 
[00171993] 4 | _ 4 10 11 0 9 8 1 6 _ 7 3 
[00171994] 5 | _ 4 10 11 0 9 8 1 2 7 _ _ 
[00171995] 4 | _ 4 10 11 0 9 8 1 2 7 5 _ 
[00171996] 5 | _ 4 10 11 0 9 8 1 7 2 _ _ 
[00171997] 4 | _ 4 10 11 0 9 8 1 7 2 5 _ 
[00171998] 5 | _ 4 10 11 0 9 8 1 _ _ 6 _ 
[00171999] 4 | _ 4 10 11 0 9 8 1 5 _ 6 _ 
[00172000] 3 | 7 4 10 11 0 9 8 1 5 _ 6 _ 
[00172001] 2 | 7 4 10 11 0 9 8 1 5 3 6 _ 
[00172002] 3 | _ 4 10 11 0 9 8 1 5 2 6 _ 
[00172003] 2 | 6 4 10 11 0 9 8 1 5 2 6 _ 
[00172004] 2 | _ 4 10 11 0 9 8 1 5 2 6 4 
[00172005] 3 | _ 4 10 11 0 9 8 1 5 _ 6 3 
[00172006] 2 | 2 4 10 11 0 9 8 1 5 _ 6 3 
[00172007] 2 | _ 4 10 11 0 9 8 1 5 7 6 3 
[00172008] 4 | _ 4 10 11 0 9 8 1 3 7 6 _ 
[00172009] 4 | _ 4 10 11 0 9 8 1 7 3 6 _ 
[00172010] 4 | _ 4 10 11 0 9 8 1 _ _ 6 2 
[00172011] 3 | 1 4 10 11 0 9 8 1 _ _ 6 2 
[00172012] 2 | 1 4 10 11 0 9 8 1 3 5 6 2 
[00172013] 2 | 1 4 10 11 0 9 8 1 5 7 6 2 
[00172014] 2 | 1 4 10 11 0 9 8 1 5 3 6 2 
[00172015] 2 | 1 4 10 11 0 9 8 1 7 5 6 2 
[00172016] 3 | 7 4 10 11 0 9 8 1 _ _ 6 2 
[00172017] 2 | 7 4 10 11 0 9 8 1 3 _ 6 2 
[00172018] 2 | 7 4 10 11 0 9 8 1 3 5 6 2 
[00172019] 2 | 7 4 10 11 0 9 8 1 5 3 6 2 
[00172020] 3 | _ 4 10 11 0 9 8 1 4 _ 6 2 
[00172021] 5 | _ 4 10 11 0 9 8 1 _ _ 2 7 
[00172022] 4 | _ 4 10 11 0 9 8 1 5 _ 2 7 
[00172023] 5 | _ 4 10 11 0 9 8 1 _ _ 7 2 
[00172024] 4 | _ 4 10 11 0 9 8 1 5 _ 7 2 
[00172025] 6 | _ 4 _ 11 0 9 8 1 7 _ _ _ 
[00172026] 5 | _ 4 _ 11 0 9 8 1 7 2 _ _ 
[00172027] 4 | _ 4 _ 11 0 9 8 1 7 2 5 _ 
[00172028] 4 | _ 4 _ 11 0 9 8 1 7 2 6 10 
[00172029] 4 | _ 4 _ 11 0 9 8 1 7 2 10 6 
[00172030] 5 | _ 4 _ 11 0 9 8 1 7 _ 6 _ 
[00172031] 4 | _ 4 _ 11 0 9 8 1 7 3 6 _ 
[00172032] 4 | _ 4 _ 11 0 9 8 1 7 _ 6 2 
