[00021713] 3 | 4 11 0 1 10 7 2 6 10 _ 3 9 
[00021714] 3 | 4 11 0 1 10 _ 2 6 10 7 3 9 
[00021715] 5 | 4 11 0 1 10 _ 2 8 _ _ 3 9 
[00021716] 4 | 4 11 0 1 10 6 2 8 _ _ 3 9 
[00021717] 3 | 4 11 0 1 10 6 2 8 5 _ 3 9 
[00021718] 2 | 4 11 0 1 10 6 2 8 5 7 3 9 
[00021719] 6 | 4 11 0 1 10 _ 2 _ _ _ 9 3 
[00021720] 5 | 4 11 0 1 10 5 2 _ _ _ 9 3 
[00021721] 5 | 4 11 0 1 10 _ 2 6 _ _ 9 3 
[00021722] 4 | 4 11 0 1 10 6 2 6 _ _ 9 3 
[00021723] 3 | 4 11 0 1 10 6 2 6 5 8 9 3 
[00021724] 3 | 4 11 0 1 10 6 2 6 8 5 9 3 
[00021725] 4 | 4 11 0 1 10 _ 2 6 10 _ 9 3 
[00021726] 3 | 4 11 0 1 10 7 2 6 10 _ 9 3 
[00021727] 3 | 4 11 0 1 10 _ 2 6 10 7 9 3 
[00021728] 7 | _ 11 0 1 10 3 2 _ _ _ _ _ 
[00021729] 6 | 5 11 0 1 10 3 2 _ _ _ _ _ 
[00021730] 5 | 5 11 0 1 10 3 2 6 _ _ _ _ 
[00021731] 4 | 5 11 0 1 10 3 2 6 4 8 _ _ 
[00021732] 3 | 5 11 0 1 10 3 2 6 4 8 9 _ 
[00021733] 2 | 5 11 0 1 10 3 2 6 4 8 9 7 
[00021734] 4 | 5 11 0 1 10 3 2 6 8 4 _ _ 
[00021735] 3 | 5 11 0 1 10 3 2 6 8 4 9 _ 
[00021736] 2 | 5 11 0 1 10 3 2 6 8 4 9 7 
[00021737] 4 | 5 11 0 1 10 3 2 6 _ _ 4 8 
[00021738] 3 | 5 11 0 1 10 3 2 6 9 _ 4 8 
[00021739] 2 | 5 11 0 1 10 3 2 6 9 7 4 8 
[00021740] 4 | 5 11 0 1 10 3 2 6 _ _ 8 4 
[00021741] 3 | 5 11 0 1 10 3 2 6 9 _ 8 4 
[00021742] 2 | 5 11 0 1 10 3 2 6 9 7 8 4 
[00021743] 5 | 5 11 0 1 10 3 2 4 9 _ _ _ 
[00021744] 4 | 5 11 0 1 10 3 2 4 9 _ 8 _ 
[00021745] 3 | 5 11 0 1 10 3 2 4 9 6 8 _ 
[00021746] 5 | 5 11 0 1 10 3 2 9 4 _ _ _ 
[00021747] 4 | 5 11 0 1 10 3 2 9 4 8 _ _ 
[00021748] 3 | 5 11 0 1 10 3 2 9 4 8 6 _ 
[00021749] 5 | 5 11 0 1 10 3 2 _ 4 9 _ _ 
[00021750] 4 | 5 11 0 1 10 3 2 8 4 9 _ _ 
[00021751] 5 | 5 11 0 1 10 3 2 _ 9 4 _ _ 
[00021752] 5 | 5 11 0 1 10 3 2 4 _ _ 9 _ 
[00021753] 4 | 5 11 0 1 10 3 2 4 8 _ 9 _ 
[00021754] 3 | 5 11 0 1 10 3 2 4 8 _ 9 6 
[00021755] 5 | 5 11 0 1 10 3 2 9 _ _ 4 _ 
[00021756] 4 | 5 11 0 1 10 3 2 9 _ _ 4 8 
[00021757] 3 | 5 11 0 1 10 3 2 9 6 _ 4 8 
[00021758] 5 | 5 11 0 1 10 3 2 _ _ _ 4 9 
[00021759] 4 | 5 11 0 1 10 3 2 8 _ _ 4 9 
[00021760] 5 | 5 11 0 1 10 3 2 _ _ _ 9 4 
[00021761] 6 | _ 11 0 1 10 3 2 7 _ _ _ _ 
[00021762] 5 | 6 11 0 1 10 3 2 7 _ _ _ _ 
[00021763] 4 | 6 11 0 1 10 3 2 7 4 8 _ _ 
[00021764] 4 | 6 11 0 1 10 3 2 7 5 9 _ _ 
[00021765] 3 | 6 11 0 1 10 3 2 7 5 9 4 _ 
[00021766] 4 | 6 11 0 1 10 3 2 7 8 4 _ _ 
[00021767] 4 | 6 11 0 1 10 3 2 7 9 5 _ _ 
[00021768] 3 | 6 11 0 1 10 3 2 7 9 5 4 _ 
[00021769] 4 | 6 11 0 1 10 3 2 7 _ _ 4 8 
[00021770] 4 | 6 11 0 1 10 3 2 7 _ _ 5 9 
[00021771] 3 | 6 11 0 1 10 3 2 7 4 _ 5 9 
[00021772] 4 | 6 11 0 1 10 3 2 7 _ _ 8 4 
[00021773] 4 | 6 11 0 1 10 3 2 7 _ _ 9 5 
[00021774] 3 | 6 11 0 1 10 3 2 7 4 _ 9 5 
[00021775] 5 | _ 11 0 1 10 3 2 7 4 9 _ _ 
[00021776] 4 | 7 11 0 1 10 3 2 7 4 9 _ _ 
[00021777] 3 | 7 11 0 1 10 3 2 7 4 9 5 8 
[00021778] 3 | 7 11 0 1 10 3 2 7 4 9 8 5 
[00021779] 4 | _ 11 0 1 10 3 2 7 4 9 11 _ 
[00021780] 3 | 8 11 0 1 10 3 2 7 4 9 11 _ 
[00021781] 3 | _ 11 0 1 10 3 2 7 4 9 11 8 
[00021782] 5 | _ 11 0 1 10 3 2 7 9 4 _ _ 
[00021783] 4 | 7 11 0 1 10 3 2 7 9 4 _ _ 
[00021784] 3 | 7 11 0 1 10 3 2 7 9 4 5 8 
[00021785] 3 | 7 11 0 1 10 3 2 7 9 4 8 5 
[00021786] 4 | _ 11 0 1 10 3 2 7 9 4 11 _ 
[00021787] 3 | 8 11 0 1 10 3 2 7 9 4 11 _ 
[00021788] 3 | _ 11 0 1 10 3 2 7 9 4 11 8 
[00021789] 5 | _ 11 0 1 10 3 2 7 _ _ 4 9 
[00021790] 4 | 7 11 0 1 10 3 2 7 _ _ 4 9 
[00021791] 3 | 7 11 0 1 10 3 2 7 5 8 4 9 
[00021792] 3 | 7 11 0 1 10 3 2 7 8 5 4 9 
[00021793] 4 | _ 11 0 1 10 3 2 7 11 _ 4 9 
[00021794] 3 | 8 11 0 1 10 3 2 7 11 _ 4 9 
[00021795] 3 | _ 11 0 1 10 3 2 7 11 8 4 9 
[00021796] 5 | _ 11 0 1 10 3 2 7 _ _ 9 4 
[00021797] 4 | 7 11 0 1 10 3 2 7 _ _ 9 4 
[00021798] 3 | 7 11 0 1 10 3 2 7 5 8 9 4 
[00021799] 3 | 7 11 0 1 10 3 2 7 8 5 9 4 
[00021800] 4 | _ 11 0 1 10 3 2 7 11 _ 9 4 
[00021801] 3 | 8 11 0 1 10 3 2 7 11 _ 9 4 
[00021802] 3 | _ 11 0 1 10 3 2 7 11 8 9 4 
[00021803] 7 | _ 11 0 1 10 _ 2 8 _ _ _ _ 
[00021804] 6 | 5 11 0 1 10 _ 2 8 _ _ _ _ 
[00021805] 5 | 5 11 0 1 10 _ 2 8 3 _ _ _ 
[00021806] 4 | 5 11 0 1 10 6 2 8 3 _ _ _ 
[00021807] 3 | 5 11 0 1 10 6 2 8 3 _ 4 7 
[00021808] 3 | 5 11 0 1 10 6 2 8 3 _ 7 4 
[00021809] 4 | 5 11 0 1 10 _ 2 8 3 7 _ _ 
[00021810] 3 | 5 11 0 1 10 _ 2 8 3 7 6 9 
[00021811] 3 | 5 11 0 1 10 _ 2 8 3 7 9 6 
[00021812] 4 | 5 11 0 1 10 _ 2 8 3 _ 4 _ 
[00021813] 3 | 5 11 0 1 10 7 2 8 3 _ 4 _ 
[00021814] 2 | 5 11 0 1 10 7 2 8 3 _ 4 6 
[00021815] 3 | 5 11 0 1 10 _ 2 8 3 6 4 _ 
[00021816] 3 | 5 11 0 1 10 _ 2 8 3 _ 4 7 
[00021817] 5 | 5 11 0 1 10 _ 2 8 4 9 _ _ 
[00021818] 4 | 5 11 0 1 10 6 2 8 4 9 _ _ 
[00021819] 4 | 5 11 0 1 10 _ 2 8 4 9 3 7 
[00021820] 4 | 5 11 0 1 10 _ 2 8 4 9 7 3 
[00021821] 5 | 5 11 0 1 10 _ 2 8 9 4 _ _ 
[00021822] 4 | 5 11 0 1 10 6 2 8 9 4 _ _ 
[00021823] 4 | 5 11 0 1 10 _ 2 8 9 4 3 7 
[00021824] 4 | 5 11 0 1 10 _ 2 8 9 4 7 3 
[00021825] 5 | 5 11 0 1 10 _ 2 8 _ _ 3 _ 
[00021826] 4 | 5 11 0 1 10 6 2 8 _ _ 3 _ 
[00021827] 3 | 5 11 0 1 10 6 2 8 4 7 3 _ 
[00021828] 3 | 5 11 0 1 10 6 2 8 7 4 3 _ 
[00021829] 4 | 5 11 0 1 10 _ 2 8 4 _ 3 _ 
[00021830] 3 | 5 11 0 1 10 7 2 8 4 _ 3 _ 
[00021831] 2 | 5 11 0 1 10 7 2 8 4 6 3 _ 
[00021832] 3 | 5 11 0 1 10 _ 2 8 4 7 3 _ 
[00021833] 3 | 5 11 0 1 10 _ 2 8 4 _ 3 6 
[00021834] 4 | 5 11 0 1 10 _ 2 8 _ _ 3 7 
[00021835] 3 | 5 11 0 1 10 _ 2 8 6 9 3 7 
[00021836] 3 | 5 11 0 1 10 _ 2 8 9 6 3 7 
[00021837] 5 | 5 11 0 1 10 _ 2 8 _ _ 4 9 
[00021838] 4 | 5 11 0 1 10 6 2 8 _ _ 4 9 
[00021839] 4 | 5 11 0 1 10 _ 2 8 3 7 4 9 
[00021840] 4 | 5 11 0 1 10 _ 2 8 7 3 4 9 
[00021841] 5 | 5 11 0 1 10 _ 2 8 _ _ 9 4 
[00021842] 4 | 5 11 0 1 10 6 2 8 _ _ 9 4 
[00021843] 4 | 5 11 0 1 10 _ 2 8 3 7 9 4 
[00021844] 4 | 5 11 0 1 10 _ 2 8 7 3 9 4 
[00021845] 6 | _ 11 0 1 10 4 2 8 _ _ _ _ 
[00021846] 5 | 6 11 0 1 10 4 2 8 _ _ _ _ 
[00021847] 4 | 6 11 0 1 10 4 2 8 3 7 _ _ 
[00021848] 3 | 6 11 0 1 10 4 2 8 3 7 5 _ 
[00021849] 4 | 6 11 0 1 10 4 2 8 5 9 _ _ 
[00021850] 4 | 6 11 0 1 10 4 2 8 7 3 _ _ 
[00021851] 3 | 6 11 0 1 10 4 2 8 7 3 5 _ 
[00021852] 4 | 6 11 0 1 10 4 2 8 9 5 _ _ 
[00021853] 4 | 6 11 0 1 10 4 2 8 _ _ 3 7 
[00021854] 3 | 6 11 0 1 10 4 2 8 5 _ 3 7 
[00021855] 4 | 6 11 0 1 10 4 2 8 _ _ 5 9 
[00021856] 4 | 6 11 0 1 10 4 2 8 _ _ 7 3 
[00021857] 3 | 6 11 0 1 10 4 2 8 5 _ 7 3 
[00021858] 4 | 6 11 0 1 10 4 2 8 _ _ 9 5 
[00021859] 5 | _ 11 0 1 10 4 2 8 3 _ _ _ 
[00021860] 4 | 7 11 0 1 10 4 2 8 3 _ _ _ 
[00021861] 3 | 7 11 0 1 10 4 2 8 3 6 _ _ 
[00021862] 3 | 7 11 0 1 10 4 2 8 3 _ 5 _ 
[00021863] 2 | 7 11 0 1 10 4 2 8 3 5 5 _ 
[00021864] 2 | 7 11 0 1 10 4 2 8 3 _ 5 3 
[00021865] 3 | 7 11 0 1 10 4 2 8 3 _ 6 9 
[00021866] 2 | 7 11 0 1 10 4 2 8 3 5 6 9 
[00021867] 3 | 7 11 0 1 10 4 2 8 3 _ 9 6 
[00021868] 2 | 7 11 0 1 10 4 2 8 3 5 9 6 
[00021869] 1 | 7 11 0 1 10 4 2 8 3 5 9 6  *Graceful*
[00021869] 4 | _ 11 0 1 10 4 2 8 3 7 _ _ 
[00021870] 3 | 8 11 0 1 10 4 2 8 3 7 _ _ 
[00021871] 3 | _ 11 0 1 10 4 2 8 3 7 5 _ 
[00021872] 2 | 9 11 0 1 10 4 2 8 3 7 5 _ 
[00021873] 1 | 9 11 0 1 10 4 2 8 3 7 5 6  *Graceful*
[00021873] 3 | _ 11 0 1 10 4 2 8 3 7 11 _ 
[00021874] 2 | 9 11 0 1 10 4 2 8 3 7 11 _ 
[00021875] 2 | _ 11 0 1 10 4 2 8 3 7 11 9 
[00021876] 3 | _ 11 0 1 10 4 2 8 3 7 6 9 
[00021877] 3 | _ 11 0 1 10 4 2 8 3 7 9 6 
[00021878] 4 | _ 11 0 1 10 4 2 8 3 _ 5 9 
[00021879] 3 | _ 11 0 1 10 4 2 8 3 6 5 9 
[00021880] 4 | _ 11 0 1 10 4 2 8 3 _ 9 5 
[00021881] 3 | _ 11 0 1 10 4 2 8 3 6 9 5 
[00021882] 5 | _ 11 0 1 10 4 2 8 _ _ 3 _ 
[00021883] 4 | 7 11 0 1 10 4 2 8 _ _ 3 _ 
[00021884] 3 | 7 11 0 1 10 4 2 8 5 _ 3 _ 
[00021885] 2 | 7 11 0 1 10 4 2 8 5 3 3 _ 
[00021886] 2 | 7 11 0 1 10 4 2 8 5 _ 3 5 
[00021887] 3 | 7 11 0 1 10 4 2 8 6 9 3 _ 
[00021888] 2 | 7 11 0 1 10 4 2 8 6 9 3 5 
[00021889] 3 | 7 11 0 1 10 4 2 8 9 6 3 _ 
[00021890] 2 | 7 11 0 1 10 4 2 8 9 6 3 5 
[00021891] 1 | 7 11 0 1 10 4 2 8 9 6 3 5  *Graceful*
[00021891] 3 | 7 11 0 1 10 4 2 8 _ _ 3 6 
[00021892] 4 | _ 11 0 1 10 4 2 8 5 9 3 _ 
[00021893] 3 | _ 11 0 1 10 4 2 8 5 9 3 6 
[00021894] 4 | _ 11 0 1 10 4 2 8 9 5 3 _ 
[00021895] 3 | _ 11 0 1 10 4 2 8 9 5 3 6 
[00021896] 4 | _ 11 0 1 10 4 2 8 _ _ 3 7 
[00021897] 3 | 8 11 0 1 10 4 2 8 _ _ 3 7 
[00021898] 3 | _ 11 0 1 10 4 2 8 5 _ 3 7 
[00021899] 2 | 9 11 0 1 10 4 2 8 5 _ 3 7 
[00021900] 1 | 9 11 0 1 10 4 2 8 5 6 3 7  *Graceful*
[00021900] 3 | _ 11 0 1 10 4 2 8 11 _ 3 7 
[00021901] 2 | 9 11 0 1 10 4 2 8 11 _ 3 7 
[00021902] 2 | _ 11 0 1 10 4 2 8 11 9 3 7 
[00021903] 3 | _ 11 0 1 10 4 2 8 6 9 3 7 
[00021904] 3 | _ 11 0 1 10 4 2 8 9 6 3 7 
[00021905] 6 | _ 11 0 1 10 _ 2 8 3 9 _ _ 
[00021906] 5 | 6 11 0 1 10 _ 2 8 3 9 _ _ 
[00021907] 4 | 6 11 0 1 10 _ 2 8 3 9 4 _ 
[00021908] 3 | 6 11 0 1 10 7 2 8 3 9 4 _ 
[00021909] 3 | 6 11 0 1 10 _ 2 8 3 9 4 7 
[00021910] 5 | _ 11 0 1 10 5 2 8 3 9 _ _ 
[00021911] 4 | 7 11 0 1 10 5 2 8 3 9 _ _ 
[00021912] 4 | _ 11 0 1 10 5 2 8 3 9 4 _ 
[00021913] 3 | _ 11 0 1 10 5 2 8 3 9 4 7 
[00021914] 6 | _ 11 0 1 10 _ 2 8 9 3 _ _ 
[00021915] 5 | 6 11 0 1 10 _ 2 8 9 3 _ _ 
[00021916] 4 | 6 11 0 1 10 _ 2 8 9 3 4 _ 
[00021917] 3 | 6 11 0 1 10 7 2 8 9 3 4 _ 
[00021918] 3 | 6 11 0 1 10 _ 2 8 9 3 4 7 
[00021919] 5 | _ 11 0 1 10 5 2 8 9 3 _ _ 
[00021920] 4 | 7 11 0 1 10 5 2 8 9 3 _ _ 
[00021921] 4 | _ 11 0 1 10 5 2 8 9 3 4 _ 
[00021922] 3 | _ 11 0 1 10 5 2 8 9 3 4 7 
[00021923] 6 | _ 11 0 1 10 _ 2 8 _ _ 3 9 
[00021924] 5 | 6 11 0 1 10 _ 2 8 _ _ 3 9 
[00021925] 4 | 6 11 0 1 10 _ 2 8 4 _ 3 9 
[00021926] 3 | 6 11 0 1 10 7 2 8 4 _ 3 9 
[00021927] 3 | 6 11 0 1 10 _ 2 8 4 7 3 9 
[00021928] 5 | _ 11 0 1 10 5 2 8 _ _ 3 9 
[00021929] 4 | 7 11 0 1 10 5 2 8 _ _ 3 9 
[00021930] 4 | _ 11 0 1 10 5 2 8 4 _ 3 9 
[00021931] 3 | _ 11 0 1 10 5 2 8 4 7 3 9 
[00021932] 6 | _ 11 0 1 10 _ 2 8 _ _ 9 3 
[00021933] 5 | 6 11 0 1 10 _ 2 8 _ _ 9 3 
[00021934] 4 | 6 11 0 1 10 _ 2 8 4 _ 9 3 
[00021935] 3 | 6 11 0 1 10 7 2 8 4 _ 9 3 
[00021936] 3 | 6 11 0 1 10 _ 2 8 4 7 9 3 
[00021937] 5 | _ 11 0 1 10 5 2 8 _ _ 9 3 
[00021938] 4 | 7 11 0 1 10 5 2 8 _ _ 9 3 
[00021939] 4 | _ 11 0 1 10 5 2 8 4 _ 9 3 
[00021940] 3 | _ 11 0 1 10 5 2 8 4 7 9 3 
[00021941] 8 | _ 11 0 1 10 _ _ 9 _ _ _ _ 
[00021942] 7 | 4 11 0 1 10 _ _ 9 _ _ _ _ 
[00021943] 6 | 4 11 0 1 10 _ _ 9 3 _ _ _ 
[00021944] 5 | 4 11 0 1 10 5 _ 9 3 _ _ _ 
[00021945] 4 | 4 11 0 1 10 5 6 9 3 _ _ _ 
[00021946] 4 | 4 11 0 1 10 5 _ 9 3 7 _ _ 
[00021947] 3 | 4 11 0 1 10 5 _ 9 3 7 6 _ 
[00021948] 2 | 4 11 0 1 10 5 8 9 3 7 6 _ 
[00021949] 2 | 4 11 0 1 10 5 _ 9 3 7 6 8 
[00021950] 4 | 4 11 0 1 10 5 _ 9 3 _ 2 6 
[00021951] 3 | 4 11 0 1 10 5 7 9 3 _ 2 6 
[00021952] 4 | 4 11 0 1 10 5 _ 9 3 _ 6 2 
[00021953] 3 | 4 11 0 1 10 5 7 9 3 _ 6 2 
[00021954] 5 | 4 11 0 1 10 _ 5 9 3 _ _ _ 
[00021955] 4 | 4 11 0 1 10 6 5 9 3 _ _ _ 
[00021956] 4 | 4 11 0 1 10 _ 5 9 3 7 _ _ 
[00021957] 3 | 4 11 0 1 10 _ 5 9 3 7 6 _ 
[00021958] 2 | 4 11 0 1 10 8 5 9 3 7 6 _ 
[00021959] 2 | 4 11 0 1 10 _ 5 9 3 7 6 8 
[00021960] 4 | 4 11 0 1 10 _ 5 9 3 _ 2 6 
[00021961] 3 | 4 11 0 1 10 7 5 9 3 _ 2 6 
[00021962] 4 | 4 11 0 1 10 _ 5 9 3 _ 6 2 
[00021963] 3 | 4 11 0 1 10 7 5 9 3 _ 6 2 
[00021964] 5 | 4 11 0 1 10 _ _ 9 3 8 _ _ 
[00021965] 4 | 4 11 0 1 10 6 _ 9 3 8 _ _ 
[00021966] 3 | 4 11 0 1 10 6 7 9 3 8 _ _ 
[00021967] 3 | 4 11 0 1 10 6 _ 9 3 8 2 5 
[00021968] 3 | 4 11 0 1 10 6 _ 9 3 8 5 2 
[00021969] 4 | 4 11 0 1 10 _ 6 9 3 8 _ _ 
[00021970] 3 | 4 11 0 1 10 7 6 9 3 8 _ _ 
[00021971] 3 | 4 11 0 1 10 _ 6 9 3 8 2 5 
[00021972] 3 | 4 11 0 1 10 _ 6 9 3 8 5 2 
[00021973] 4 | 4 11 0 1 10 _ _ 9 3 8 5 _ 
[00021974] 3 | 4 11 0 1 10 7 _ 9 3 8 5 _ 
[00021975] 3 | 4 11 0 1 10 _ 7 9 3 8 5 _ 
[00021976] 3 | 4 11 0 1 10 _ _ 9 3 8 5 2 
[00021977] 4 | 4 11 0 1 10 _ _ 9 3 8 2 6 
[00021978] 3 | 4 11 0 1 10 7 _ 9 3 8 2 6 
[00021979] 3 | 4 11 0 1 10 _ 7 9 3 8 2 6 
[00021980] 4 | 4 11 0 1 10 _ _ 9 3 8 6 2 
[00021981] 3 | 4 11 0 1 10 7 _ 9 3 8 6 2 
[00021982] 3 | 4 11 0 1 10 _ 7 9 3 8 6 2 
[00021983] 5 | 4 11 0 1 10 _ _ 9 3 _ 2 7 
[00021984] 4 | 4 11 0 1 10 6 _ 9 3 _ 2 7 
[00021985] 4 | 4 11 0 1 10 _ 6 9 3 _ 2 7 
[00021986] 5 | 4 11 0 1 10 _ _ 9 3 _ 7 2 
[00021987] 4 | 4 11 0 1 10 6 _ 9 3 _ 7 2 
[00021988] 4 | 4 11 0 1 10 _ 6 9 3 _ 7 2 
[00021989] 6 | 4 11 0 1 10 _ _ 9 2 8 _ _ 
[00021990] 5 | 4 11 0 1 10 5 _ 9 2 8 _ _ 
[00021991] 4 | 4 11 0 1 10 5 6 9 2 8 _ _ 
[00021992] 4 | 4 11 0 1 10 5 _ 9 2 8 3 7 
[00021993] 4 | 4 11 0 1 10 5 _ 9 2 8 7 3 
[00021994] 5 | 4 11 0 1 10 _ 5 9 2 8 _ _ 
[00021995] 4 | 4 11 0 1 10 6 5 9 2 8 _ _ 
[00021996] 4 | 4 11 0 1 10 _ 5 9 2 8 3 7 
[00021997] 4 | 4 11 0 1 10 _ 5 9 2 8 7 3 
[00021998] 6 | 4 11 0 1 10 _ _ 9 8 2 _ _ 
[00021999] 5 | 4 11 0 1 10 5 _ 9 8 2 _ _ 
[00022000] 4 | 4 11 0 1 10 5 6 9 8 2 _ _ 
[00022001] 4 | 4 11 0 1 10 5 _ 9 8 2 3 7 
[00022002] 4 | 4 11 0 1 10 5 _ 9 8 2 7 3 
[00022003] 5 | 4 11 0 1 10 _ 5 9 8 2 _ _ 
[00022004] 4 | 4 11 0 1 10 6 5 9 8 2 _ _ 
[00022005] 4 | 4 11 0 1 10 _ 5 9 8 2 3 7 
[00022006] 4 | 4 11 0 1 10 _ 5 9 8 2 7 3 
[00022007] 6 | 4 11 0 1 10 _ _ 9 _ _ 3 _ 
[00022008] 5 | 4 11 0 1 10 5 _ 9 _ _ 3 _ 
[00022009] 4 | 4 11 0 1 10 5 6 9 _ _ 3 _ 
[00022010] 4 | 4 11 0 1 10 5 _ 9 2 6 3 _ 
[00022011] 3 | 4 11 0 1 10 5 7 9 2 6 3 _ 
[00022012] 4 | 4 11 0 1 10 5 _ 9 6 2 3 _ 
[00022013] 3 | 4 11 0 1 10 5 7 9 6 2 3 _ 
[00022014] 4 | 4 11 0 1 10 5 _ 9 _ _ 3 7 
[00022015] 3 | 4 11 0 1 10 5 _ 9 6 _ 3 7 
[00022016] 2 | 4 11 0 1 10 5 8 9 6 _ 3 7 
[00022017] 2 | 4 11 0 1 10 5 _ 9 6 8 3 7 
[00022018] 5 | 4 11 0 1 10 _ 5 9 _ _ 3 _ 
[00022019] 4 | 4 11 0 1 10 6 5 9 _ _ 3 _ 
[00022020] 4 | 4 11 0 1 10 _ 5 9 2 6 3 _ 
[00022021] 3 | 4 11 0 1 10 7 5 9 2 6 3 _ 
[00022022] 4 | 4 11 0 1 10 _ 5 9 6 2 3 _ 
[00022023] 3 | 4 11 0 1 10 7 5 9 6 2 3 _ 
[00022024] 4 | 4 11 0 1 10 _ 5 9 _ _ 3 7 
[00022025] 3 | 4 11 0 1 10 _ 5 9 6 _ 3 7 
[00022026] 2 | 4 11 0 1 10 8 5 9 6 _ 3 7 
[00022027] 2 | 4 11 0 1 10 _ 5 9 6 8 3 7 
[00022028] 5 | 4 11 0 1 10 _ _ 9 2 7 3 _ 
[00022029] 4 | 4 11 0 1 10 6 _ 9 2 7 3 _ 
[00022030] 4 | 4 11 0 1 10 _ 6 9 2 7 3 _ 
[00022031] 5 | 4 11 0 1 10 _ _ 9 7 2 3 _ 
[00022032] 4 | 4 11 0 1 10 6 _ 9 7 2 3 _ 
[00022033] 4 | 4 11 0 1 10 _ 6 9 7 2 3 _ 
[00022034] 5 | 4 11 0 1 10 _ _ 9 _ _ 3 8 
[00022035] 4 | 4 11 0 1 10 6 _ 9 _ _ 3 8 
[00022036] 3 | 4 11 0 1 10 6 7 9 _ _ 3 8 
[00022037] 3 | 4 11 0 1 10 6 _ 9 2 5 3 8 
[00022038] 3 | 4 11 0 1 10 6 _ 9 5 2 3 8 
[00022039] 4 | 4 11 0 1 10 _ 6 9 _ _ 3 8 
[00022040] 3 | 4 11 0 1 10 7 6 9 _ _ 3 8 
[00022041] 3 | 4 11 0 1 10 _ 6 9 2 5 3 8 
[00022042] 3 | 4 11 0 1 10 _ 6 9 5 2 3 8 
[00022043] 4 | 4 11 0 1 10 _ _ 9 5 _ 3 8 
[00022044] 3 | 4 11 0 1 10 7 _ 9 5 _ 3 8 
[00022045] 3 | 4 11 0 1 10 _ 7 9 5 _ 3 8 
[00022046] 3 | 4 11 0 1 10 _ _ 9 5 2 3 8 
[00022047] 4 | 4 11 0 1 10 _ _ 9 2 6 3 8 
[00022048] 3 | 4 11 0 1 10 7 _ 9 2 6 3 8 
[00022049] 3 | 4 11 0 1 10 _ 7 9 2 6 3 8 
[00022050] 4 | 4 11 0 1 10 _ _ 9 6 2 3 8 
[00022051] 3 | 4 11 0 1 10 7 _ 9 6 2 3 8 
[00022052] 3 | 4 11 0 1 10 _ 7 9 6 2 3 8 
[00022053] 6 | 4 11 0 1 10 _ _ 9 _ _ 2 8 
[00022054] 5 | 4 11 0 1 10 5 _ 9 _ _ 2 8 
[00022055] 4 | 4 11 0 1 10 5 6 9 _ _ 2 8 
[00022056] 4 | 4 11 0 1 10 5 _ 9 3 7 2 8 
[00022057] 4 | 4 11 0 1 10 5 _ 9 7 3 2 8 
[00022058] 5 | 4 11 0 1 10 _ 5 9 _ _ 2 8 
[00022059] 4 | 4 11 0 1 10 6 5 9 _ _ 2 8 
[00022060] 4 | 4 11 0 1 10 _ 5 9 3 7 2 8 
[00022061] 4 | 4 11 0 1 10 _ 5 9 7 3 2 8 
[00022062] 6 | 4 11 0 1 10 _ _ 9 _ _ 8 2 
[00022063] 5 | 4 11 0 1 10 5 _ 9 _ _ 8 2 
[00022064] 4 | 4 11 0 1 10 5 6 9 _ _ 8 2 
[00022065] 4 | 4 11 0 1 10 5 _ 9 3 7 8 2 
[00022066] 4 | 4 11 0 1 10 5 _ 9 7 3 8 2 
[00022067] 5 | 4 11 0 1 10 _ 5 9 _ _ 8 2 
[00022068] 4 | 4 11 0 1 10 6 5 9 _ _ 8 2 
[00022069] 4 | 4 11 0 1 10 _ 5 9 3 7 8 2 
[00022070] 4 | 4 11 0 1 10 _ 5 9 7 3 8 2 
[00022071] 7 | _ 11 0 1 10 3 _ 9 _ _ _ _ 
[00022072] 6 | 5 11 0 1 10 3 _ 9 _ _ _ _ 
[00022073] 5 | 5 11 0 1 10 3 _ 9 4 _ _ _ 
[00022074] 4 | 5 11 0 1 10 3 6 9 4 _ _ _ 
[00022075] 3 | 5 11 0 1 10 3 6 9 4 7 _ _ 
[00022076] 4 | 5 11 0 1 10 3 _ 9 4 8 _ _ 
[00022077] 3 | 5 11 0 1 10 3 7 9 4 8 _ _ 
[00022078] 3 | 5 11 0 1 10 3 _ 9 4 8 6 _ 
[00022079] 4 | 5 11 0 1 10 3 _ 9 4 _ 2 6 
[00022080] 3 | 5 11 0 1 10 3 7 9 4 _ 2 6 
[00022081] 3 | 5 11 0 1 10 3 _ 9 4 7 2 6 
[00022082] 2 | 5 11 0 1 10 3 8 9 4 7 2 6 
[00022083] 4 | 5 11 0 1 10 3 _ 9 4 _ 6 2 
[00022084] 3 | 5 11 0 1 10 3 7 9 4 _ 6 2 
[00022085] 3 | 5 11 0 1 10 3 _ 9 4 7 6 2 
[00022086] 2 | 5 11 0 1 10 3 8 9 4 7 6 2 
[00022087] 5 | 5 11 0 1 10 3 _ 9 2 7 _ _ 
[00022088] 4 | 5 11 0 1 10 3 6 9 2 7 _ _ 
[00022089] 4 | 5 11 0 1 10 3 _ 9 2 7 4 8 
[00022090] 4 | 5 11 0 1 10 3 _ 9 2 7 8 4 
[00022091] 5 | 5 11 0 1 10 3 _ 9 7 2 _ _ 
[00022092] 4 | 5 11 0 1 10 3 6 9 7 2 _ _ 
[00022093] 4 | 5 11 0 1 10 3 _ 9 7 2 4 8 
[00022094] 4 | 5 11 0 1 10 3 _ 9 7 2 8 4 
[00022095] 5 | 5 11 0 1 10 3 _ 9 _ _ 4 _ 
[00022096] 4 | 5 11 0 1 10 3 6 9 _ _ 4 _ 
[00022097] 3 | 5 11 0 1 10 3 6 9 _ _ 4 7 
[00022098] 4 | 5 11 0 1 10 3 _ 9 2 6 4 _ 
[00022099] 3 | 5 11 0 1 10 3 7 9 2 6 4 _ 
[00022100] 3 | 5 11 0 1 10 3 _ 9 2 6 4 7 
[00022101] 2 | 5 11 0 1 10 3 8 9 2 6 4 7 
[00022102] 4 | 5 11 0 1 10 3 _ 9 6 2 4 _ 
[00022103] 3 | 5 11 0 1 10 3 7 9 6 2 4 _ 
[00022104] 3 | 5 11 0 1 10 3 _ 9 6 2 4 7 
[00022105] 2 | 5 11 0 1 10 3 8 9 6 2 4 7 
[00022106] 4 | 5 11 0 1 10 3 _ 9 _ _ 4 8 
[00022107] 3 | 5 11 0 1 10 3 7 9 _ _ 4 8 
[00022108] 3 | 5 11 0 1 10 3 _ 9 6 _ 4 8 
[00022109] 5 | 5 11 0 1 10 3 _ 9 _ _ 2 7 
[00022110] 4 | 5 11 0 1 10 3 6 9 _ _ 2 7 
[00022111] 4 | 5 11 0 1 10 3 _ 9 4 8 2 7 
[00022112] 4 | 5 11 0 1 10 3 _ 9 8 4 2 7 
[00022113] 5 | 5 11 0 1 10 3 _ 9 _ _ 7 2 
[00022114] 4 | 5 11 0 1 10 3 6 9 _ _ 7 2 
[00022115] 4 | 5 11 0 1 10 3 _ 9 4 8 7 2 
[00022116] 4 | 5 11 0 1 10 3 _ 9 8 4 7 2 
[00022117] 6 | _ 11 0 1 10 3 4 9 _ _ _ _ 
[00022118] 5 | 6 11 0 1 10 3 4 9 _ _ _ _ 
[00022119] 4 | 6 11 0 1 10 3 4 9 5 _ _ _ 
[00022120] 3 | 6 11 0 1 10 3 4 9 5 2 _ _ 
[00022121] 2 | 6 11 0 1 10 3 4 9 5 2 7 _ 
[00022122] 1 | 6 11 0 1 10 3 4 9 5 2 7 8  *Graceful*
[00022122] 3 | 6 11 0 1 10 3 4 9 5 8 _ _ 
[00022123] 2 | 6 11 0 1 10 3 4 9 5 8 7 _ 
[00022124] 4 | 6 11 0 1 10 3 4 9 _ _ 5 _ 
[00022125] 3 | 6 11 0 1 10 3 4 9 _ _ 5 2 
[00022126] 2 | 6 11 0 1 10 3 4 9 7 _ 5 2 
[00022127] 1 | 6 11 0 1 10 3 4 9 7 8 5 2  *Graceful*
[00022127] 3 | 6 11 0 1 10 3 4 9 _ _ 5 8 
[00022128] 2 | 6 11 0 1 10 3 4 9 7 _ 5 8 
[00022129] 5 | _ 11 0 1 10 3 4 9 2 7 _ _ 
[00022130] 4 | _ 11 0 1 10 3 4 9 2 7 5 _ 
[00022131] 3 | 8 11 0 1 10 3 4 9 2 7 5 _ 
[00022132] 3 | _ 11 0 1 10 3 4 9 2 7 5 8 
[00022133] 5 | _ 11 0 1 10 3 4 9 7 2 _ _ 
[00022134] 4 | _ 11 0 1 10 3 4 9 7 2 5 _ 
[00022135] 3 | 8 11 0 1 10 3 4 9 7 2 5 _ 
[00022136] 3 | _ 11 0 1 10 3 4 9 7 2 5 8 
[00022137] 5 | _ 11 0 1 10 3 4 9 _ _ 2 7 
[00022138] 4 | _ 11 0 1 10 3 4 9 5 _ 2 7 
[00022139] 3 | 8 11 0 1 10 3 4 9 5 _ 2 7 
[00022140] 3 | _ 11 0 1 10 3 4 9 5 8 2 7 
[00022141] 5 | _ 11 0 1 10 3 4 9 _ _ 7 2 
[00022142] 4 | _ 11 0 1 10 3 4 9 5 _ 7 2 
[00022143] 3 | 8 11 0 1 10 3 4 9 5 _ 7 2 
[00022144] 3 | _ 11 0 1 10 3 4 9 5 8 7 2 
[00022145] 6 | _ 11 0 1 10 3 _ 9 2 8 _ _ 
[00022146] 5 | 6 11 0 1 10 3 _ 9 2 8 _ _ 
[00022147] 4 | 6 11 0 1 10 3 _ 9 2 8 5 _ 
[00022148] 3 | 6 11 0 1 10 3 7 9 2 8 5 _ 
[00022149] 5 | _ 11 0 1 10 3 5 9 2 8 _ _ 
[00022150] 4 | 7 11 0 1 10 3 5 9 2 8 _ _ 
[00022151] 3 | 7 11 0 1 10 3 5 9 2 8 6 _ 
[00022152] 2 | 7 11 0 1 10 3 5 9 2 8 6 4 
[00022153] 5 | _ 11 0 1 10 3 _ 9 2 8 4 _ 
[00022154] 4 | 7 11 0 1 10 3 _ 9 2 8 4 _ 
[00022155] 4 | _ 11 0 1 10 3 6 9 2 8 4 _ 
[00022156] 3 | _ 11 0 1 10 3 6 9 2 8 4 7 
[00022157] 6 | _ 11 0 1 10 3 _ 9 8 2 _ _ 
[00022158] 5 | 6 11 0 1 10 3 _ 9 8 2 _ _ 
[00022159] 4 | 6 11 0 1 10 3 _ 9 8 2 5 _ 
[00022160] 3 | 6 11 0 1 10 3 7 9 8 2 5 _ 
[00022161] 5 | _ 11 0 1 10 3 5 9 8 2 _ _ 
[00022162] 4 | 7 11 0 1 10 3 5 9 8 2 _ _ 
[00022163] 3 | 7 11 0 1 10 3 5 9 8 2 6 _ 
[00022164] 2 | 7 11 0 1 10 3 5 9 8 2 6 4 
[00022165] 1 | 7 11 0 1 10 3 5 9 8 2 6 4  *Graceful*
[00022165] 5 | _ 11 0 1 10 3 _ 9 8 2 4 _ 
[00022166] 4 | 7 11 0 1 10 3 _ 9 8 2 4 _ 
[00022167] 4 | _ 11 0 1 10 3 6 9 8 2 4 _ 
[00022168] 3 | _ 11 0 1 10 3 6 9 8 2 4 7 
[00022169] 6 | _ 11 0 1 10 3 _ 9 _ _ 2 8 
[00022170] 5 | 6 11 0 1 10 3 _ 9 _ _ 2 8 
[00022171] 4 | 6 11 0 1 10 3 _ 9 5 _ 2 8 
[00022172] 3 | 6 11 0 1 10 3 7 9 5 _ 2 8 
[00022173] 5 | _ 11 0 1 10 3 5 9 _ _ 2 8 
[00022174] 4 | 7 11 0 1 10 3 5 9 _ _ 2 8 
[00022175] 3 | 7 11 0 1 10 3 5 9 6 _ 2 8 
[00022176] 2 | 7 11 0 1 10 3 5 9 6 4 2 8 
[00022177] 5 | _ 11 0 1 10 3 _ 9 4 _ 2 8 
[00022178] 4 | 7 11 0 1 10 3 _ 9 4 _ 2 8 
[00022179] 4 | _ 11 0 1 10 3 6 9 4 _ 2 8 
[00022180] 3 | _ 11 0 1 10 3 6 9 4 7 2 8 
[00022181] 6 | _ 11 0 1 10 3 _ 9 _ _ 8 2 
[00022182] 5 | 6 11 0 1 10 3 _ 9 _ _ 8 2 
[00022183] 4 | 6 11 0 1 10 3 _ 9 5 _ 8 2 
[00022184] 3 | 6 11 0 1 10 3 7 9 5 _ 8 2 
[00022185] 5 | _ 11 0 1 10 3 5 9 _ _ 8 2 
[00022186] 4 | 7 11 0 1 10 3 5 9 _ _ 8 2 
[00022187] 3 | 7 11 0 1 10 3 5 9 6 _ 8 2 
[00022188] 2 | 7 11 0 1 10 3 5 9 6 4 8 2 
[00022189] 1 | 7 11 0 1 10 3 5 9 6 4 8 2  *Graceful*
[00022189] 5 | _ 11 0 1 10 3 _ 9 4 _ 8 2 
[00022190] 4 | 7 11 0 1 10 3 _ 9 4 _ 8 2 
[00022191] 4 | _ 11 0 1 10 3 6 9 4 _ 8 2 
[00022192] 3 | _ 11 0 1 10 3 6 9 4 7 8 2 
[00022193] 7 | _ 11 0 1 10 _ 3 9 _ _ _ _ 
[00022194] 6 | 5 11 0 1 10 _ 3 9 _ _ _ _ 
[00022195] 5 | 5 11 0 1 10 _ 3 9 4 _ _ _ 
[00022196] 4 | 5 11 0 1 10 6 3 9 4 _ _ _ 
[00022197] 3 | 5 11 0 1 10 6 3 9 4 7 _ _ 
[00022198] 4 | 5 11 0 1 10 _ 3 9 4 8 _ _ 
[00022199] 3 | 5 11 0 1 10 7 3 9 4 8 _ _ 
[00022200] 3 | 5 11 0 1 10 _ 3 9 4 8 6 _ 
[00022201] 4 | 5 11 0 1 10 _ 3 9 4 _ 2 6 
[00022202] 3 | 5 11 0 1 10 7 3 9 4 _ 2 6 
[00022203] 3 | 5 11 0 1 10 _ 3 9 4 7 2 6 
[00022204] 2 | 5 11 0 1 10 8 3 9 4 7 2 6 
