[00162569] 4 | 9 2 8 11 0 4 10 1 9 _ 6 _ 
[00162570] 3 | 9 2 8 11 0 4 10 1 9 _ 6 3 
[00162571] 6 | 9 2 _ 11 0 6 10 1 9 _ _ _ 
[00162572] 5 | 9 2 7 11 0 6 10 1 9 _ _ _ 
[00162573] 4 | 9 2 7 11 0 6 10 1 9 _ 5 _ 
[00162574] 3 | 9 2 7 11 0 6 10 1 9 _ 5 8 
[00162575] 4 | 9 2 7 11 0 6 10 1 9 _ 4 8 
[00162576] 4 | 9 2 7 11 0 6 10 1 9 _ 8 4 
[00162577] 5 | 9 2 _ 11 0 6 10 1 9 _ 3 8 
[00162578] 5 | 9 2 _ 11 0 6 10 1 9 _ 8 3 
[00162579] 6 | 9 2 _ 11 0 _ 10 1 9 _ 7 _ 
[00162580] 5 | 9 2 7 11 0 _ 10 1 9 _ 7 _ 
[00162581] 4 | 9 2 7 11 0 4 10 1 9 _ 7 _ 
[00162582] 5 | 9 2 _ 11 0 5 10 1 9 _ 7 _ 
[00162583] 4 | 9 2 6 11 0 5 10 1 9 _ 7 _ 
[00162584] 3 | 9 2 6 11 0 5 10 1 9 _ 7 4 
[00162585] 4 | 9 2 _ 11 0 5 10 1 9 _ 7 3 
[00162586] 5 | 9 2 _ 11 0 _ 10 1 9 _ 7 2 
[00162587] 4 | 9 2 _ 11 0 4 10 1 9 _ 7 2 
[00162588] 7 | _ 2 9 11 0 _ 10 1 9 _ _ _ 
[00162589] 6 | 8 2 9 11 0 _ 10 1 9 _ _ _ 
[00162590] 5 | 8 2 9 11 0 5 10 1 9 _ _ _ 
[00162591] 4 | 8 2 9 11 0 5 10 1 9 _ 3 7 
[00162592] 4 | 8 2 9 11 0 5 10 1 9 _ 7 3 
[00162593] 5 | 8 2 9 11 0 _ 10 1 9 _ 6 _ 
[00162594] 4 | 8 2 9 11 0 4 10 1 9 _ 6 _ 
[00162595] 3 | 8 2 9 11 0 4 10 1 9 _ 6 3 
[00162596] 6 | _ 2 9 11 0 6 10 1 9 _ _ _ 
[00162597] 5 | 7 2 9 11 0 6 10 1 9 _ _ _ 
[00162598] 4 | 7 2 9 11 0 6 10 1 9 _ 5 _ 
[00162599] 3 | 7 2 9 11 0 6 10 1 9 _ 5 8 
[00162600] 4 | 7 2 9 11 0 6 10 1 9 _ 4 8 
[00162601] 4 | 7 2 9 11 0 6 10 1 9 _ 8 4 
[00162602] 5 | _ 2 9 11 0 6 10 1 9 _ 3 8 
[00162603] 5 | _ 2 9 11 0 6 10 1 9 _ 8 3 
[00162604] 6 | _ 2 9 11 0 _ 10 1 9 _ 7 _ 
[00162605] 5 | 7 2 9 11 0 _ 10 1 9 _ 7 _ 
[00162606] 4 | 7 2 9 11 0 4 10 1 9 _ 7 _ 
[00162607] 5 | _ 2 9 11 0 5 10 1 9 _ 7 _ 
[00162608] 4 | 6 2 9 11 0 5 10 1 9 _ 7 _ 
[00162609] 3 | 6 2 9 11 0 5 10 1 9 _ 7 4 
[00162610] 4 | _ 2 9 11 0 5 10 1 9 _ 7 3 
[00162611] 5 | _ 2 9 11 0 _ 10 1 9 _ 7 2 
[00162612] 4 | _ 2 9 11 0 4 10 1 9 _ 7 2 
[00162613] 7 | _ 2 _ 11 0 7 10 1 9 _ _ _ 
[00162614] 6 | 8 2 _ 11 0 7 10 1 9 _ _ _ 
[00162615] 5 | 8 2 _ 11 0 7 10 1 9 4 _ _ 
[00162616] 4 | 8 2 6 11 0 7 10 1 9 4 _ _ 
[00162617] 4 | 8 2 _ 11 0 7 10 1 9 4 5 _ 
[00162618] 3 | 8 2 5 11 0 7 10 1 9 4 5 _ 
[00162619] 3 | 8 2 _ 11 0 7 10 1 9 4 5 2 
[00162620] 5 | 8 2 _ 11 0 7 10 1 9 _ 6 _ 
[00162621] 4 | 8 2 6 11 0 7 10 1 9 _ 6 _ 
[00162622] 4 | 8 2 _ 11 0 7 10 1 9 5 6 _ 
[00162623] 3 | 8 2 _ 11 0 7 10 1 9 5 6 3 
[00162624] 2 | 8 2 4 11 0 7 10 1 9 5 6 3 
[00162625] 4 | 8 2 _ 11 0 7 10 1 9 _ 6 2 
[00162626] 6 | _ 2 8 11 0 7 10 1 9 _ _ _ 
[00162627] 5 | _ 2 8 11 0 7 10 1 9 4 _ _ 
[00162628] 4 | 6 2 8 11 0 7 10 1 9 4 _ _ 
[00162629] 4 | _ 2 8 11 0 7 10 1 9 4 5 _ 
[00162630] 3 | 5 2 8 11 0 7 10 1 9 4 5 _ 
[00162631] 3 | _ 2 8 11 0 7 10 1 9 4 5 2 
[00162632] 5 | _ 2 8 11 0 7 10 1 9 _ 6 _ 
[00162633] 4 | 6 2 8 11 0 7 10 1 9 _ 6 _ 
[00162634] 4 | _ 2 8 11 0 7 10 1 9 5 6 _ 
[00162635] 3 | _ 2 8 11 0 7 10 1 9 5 6 3 
[00162636] 2 | 4 2 8 11 0 7 10 1 9 5 6 3 
[00162637] 4 | _ 2 8 11 0 7 10 1 9 _ 6 2 
[00162638] 6 | _ 2 _ 11 0 7 10 1 9 3 _ _ 
[00162639] 5 | _ 2 _ 11 0 7 10 1 9 3 6 _ 
[00162640] 4 | 6 2 _ 11 0 7 10 1 9 3 6 _ 
[00162641] 3 | 6 2 5 11 0 7 10 1 9 3 6 _ 
[00162642] 4 | _ 2 6 11 0 7 10 1 9 3 6 _ 
[00162643] 3 | 5 2 6 11 0 7 10 1 9 3 6 _ 
[00162644] 4 | _ 2 _ 11 0 7 10 1 9 3 6 2 
[00162645] 7 | _ 2 _ 11 0 _ 10 1 9 2 _ _ 
[00162646] 6 | _ 2 _ 11 0 6 10 1 9 2 _ _ 
[00162647] 5 | _ 2 _ 11 0 6 10 1 9 2 3 8 
[00162648] 5 | _ 2 _ 11 0 6 10 1 9 2 8 3 
[00162649] 6 | _ 2 _ 11 0 _ 10 1 9 2 7 _ 
[00162650] 5 | _ 2 _ 11 0 5 10 1 9 2 7 _ 
[00162651] 4 | _ 2 _ 11 0 5 10 1 9 2 7 3 
[00162652] 7 | _ 2 _ 11 0 _ 10 1 9 _ 8 _ 
[00162653] 6 | 8 2 _ 11 0 _ 10 1 9 _ 8 _ 
[00162654] 5 | 8 2 7 11 0 _ 10 1 9 _ 8 _ 
[00162655] 4 | 8 2 7 11 0 4 10 1 9 _ 8 _ 
[00162656] 3 | 8 2 7 11 0 4 10 1 9 6 8 _ 
[00162657] 4 | 8 2 7 11 0 _ 10 1 9 5 8 _ 
[00162658] 3 | 8 2 7 11 0 3 10 1 9 5 8 _ 
[00162659] 5 | 8 2 _ 11 0 5 10 1 9 _ 8 _ 
[00162660] 4 | 8 2 6 11 0 5 10 1 9 _ 8 _ 
[00162661] 5 | 8 2 _ 11 0 _ 10 1 9 4 8 _ 
[00162662] 4 | 8 2 6 11 0 _ 10 1 9 4 8 _ 
[00162663] 3 | 8 2 6 11 0 3 10 1 9 4 8 _ 
[00162664] 6 | _ 2 8 11 0 _ 10 1 9 _ 8 _ 
[00162665] 5 | 7 2 8 11 0 _ 10 1 9 _ 8 _ 
[00162666] 4 | 7 2 8 11 0 4 10 1 9 _ 8 _ 
[00162667] 3 | 7 2 8 11 0 4 10 1 9 6 8 _ 
[00162668] 4 | 7 2 8 11 0 _ 10 1 9 5 8 _ 
[00162669] 3 | 7 2 8 11 0 3 10 1 9 5 8 _ 
[00162670] 5 | _ 2 8 11 0 5 10 1 9 _ 8 _ 
[00162671] 4 | 6 2 8 11 0 5 10 1 9 _ 8 _ 
[00162672] 5 | _ 2 8 11 0 _ 10 1 9 4 8 _ 
[00162673] 4 | 6 2 8 11 0 _ 10 1 9 4 8 _ 
[00162674] 3 | 6 2 8 11 0 3 10 1 9 4 8 _ 
[00162675] 6 | _ 2 _ 11 0 6 10 1 9 _ 8 _ 
[00162676] 5 | 7 2 _ 11 0 6 10 1 9 _ 8 _ 
[00162677] 4 | 7 2 _ 11 0 6 10 1 9 5 8 _ 
[00162678] 4 | 7 2 _ 11 0 6 10 1 9 _ 8 4 
[00162679] 3 | 7 2 5 11 0 6 10 1 9 _ 8 4 
[00162680] 5 | _ 2 7 11 0 6 10 1 9 _ 8 _ 
[00162681] 4 | _ 2 7 11 0 6 10 1 9 5 8 _ 
[00162682] 4 | _ 2 7 11 0 6 10 1 9 _ 8 4 
[00162683] 3 | 5 2 7 11 0 6 10 1 9 _ 8 4 
[00162684] 5 | _ 2 _ 11 0 6 10 1 9 4 8 _ 
[00162685] 5 | _ 2 _ 11 0 6 10 1 9 _ 8 3 
[00162686] 4 | _ 2 _ 11 0 6 10 1 9 5 8 3 
[00162687] 6 | _ 2 _ 11 0 _ 10 1 9 3 8 _ 
[00162688] 5 | 7 2 _ 11 0 _ 10 1 9 3 8 _ 
[00162689] 4 | 7 2 6 11 0 _ 10 1 9 3 8 _ 
[00162690] 3 | 7 2 6 11 0 _ 10 1 9 3 8 5 
[00162691] 4 | 7 2 _ 11 0 4 10 1 9 3 8 _ 
[00162692] 3 | 7 2 5 11 0 4 10 1 9 3 8 _ 
[00162693] 2 | 7 2 5 11 0 4 10 1 9 3 8 6 
[00162694] 3 | 7 2 _ 11 0 4 10 1 9 3 8 5 
[00162695] 4 | 7 2 _ 11 0 _ 10 1 9 3 8 4 
[00162696] 3 | 7 2 5 11 0 _ 10 1 9 3 8 4 
[00162697] 5 | _ 2 7 11 0 _ 10 1 9 3 8 _ 
[00162698] 4 | 6 2 7 11 0 _ 10 1 9 3 8 _ 
[00162699] 3 | 6 2 7 11 0 _ 10 1 9 3 8 5 
[00162700] 4 | _ 2 7 11 0 4 10 1 9 3 8 _ 
[00162701] 3 | 5 2 7 11 0 4 10 1 9 3 8 _ 
[00162702] 2 | 5 2 7 11 0 4 10 1 9 3 8 6 
[00162703] 3 | _ 2 7 11 0 4 10 1 9 3 8 5 
[00162704] 4 | _ 2 7 11 0 _ 10 1 9 3 8 4 
[00162705] 3 | 5 2 7 11 0 _ 10 1 9 3 8 4 
[00162706] 5 | _ 2 _ 11 0 5 10 1 9 3 8 _ 
[00162707] 4 | 6 2 _ 11 0 5 10 1 9 3 8 _ 
[00162708] 4 | _ 2 6 11 0 5 10 1 9 3 8 _ 
[00162709] 4 | _ 2 _ 11 0 5 10 1 9 3 8 4 
[00162710] 6 | _ 2 _ 11 0 _ 10 1 9 _ 8 2 
[00162711] 5 | _ 2 _ 11 0 5 10 1 9 _ 8 2 
[00162712] 5 | _ 2 _ 11 0 _ 10 1 9 4 8 2 
[00162713] 8 | _ 2 _ 11 0 _ 10 9 1 _ _ _ 
[00162714] 7 | 9 2 _ 11 0 _ 10 9 1 _ _ _ 
[00162715] 6 | 9 2 8 11 0 _ 10 9 1 _ _ _ 
[00162716] 5 | 9 2 8 11 0 5 10 9 1 _ _ _ 
[00162717] 4 | 9 2 8 11 0 5 10 9 1 _ 3 7 
[00162718] 3 | 9 2 8 11 0 5 10 9 1 4 3 7 
[00162719] 4 | 9 2 8 11 0 5 10 9 1 _ 7 3 
[00162720] 3 | 9 2 8 11 0 5 10 9 1 4 7 3 
[00162721] 5 | 9 2 8 11 0 _ 10 9 1 6 _ _ 
[00162722] 4 | 9 2 8 11 0 4 10 9 1 6 _ _ 
[00162723] 4 | 9 2 8 11 0 _ 10 9 1 6 3 7 
[00162724] 4 | 9 2 8 11 0 _ 10 9 1 6 7 3 
[00162725] 6 | 9 2 _ 11 0 6 10 9 1 _ _ _ 
[00162726] 5 | 9 2 7 11 0 6 10 9 1 _ _ _ 
[00162727] 4 | 9 2 7 11 0 6 10 9 1 5 _ _ 
[00162728] 4 | 9 2 7 11 0 6 10 9 1 _ 4 8 
[00162729] 4 | 9 2 7 11 0 6 10 9 1 _ 8 4 
[00162730] 5 | 9 2 _ 11 0 6 10 9 1 _ 3 8 
[00162731] 4 | 9 2 _ 11 0 6 10 9 1 5 3 8 
[00162732] 5 | 9 2 _ 11 0 6 10 9 1 _ 8 3 
[00162733] 4 | 9 2 _ 11 0 6 10 9 1 5 8 3 
[00162734] 6 | 9 2 _ 11 0 _ 10 9 1 7 _ _ 
[00162735] 5 | 9 2 _ 11 0 5 10 9 1 7 _ _ 
[00162736] 4 | 9 2 6 11 0 5 10 9 1 7 _ _ 
[00162737] 4 | 9 2 _ 11 0 5 10 9 1 7 4 8 
[00162738] 4 | 9 2 _ 11 0 5 10 9 1 7 8 4 
[00162739] 5 | 9 2 _ 11 0 _ 10 9 1 7 3 8 
[00162740] 4 | 9 2 6 11 0 _ 10 9 1 7 3 8 
[00162741] 4 | 9 2 _ 11 0 4 10 9 1 7 3 8 
[00162742] 3 | 9 2 5 11 0 4 10 9 1 7 3 8 
[00162743] 5 | 9 2 _ 11 0 _ 10 9 1 7 8 3 
[00162744] 4 | 9 2 6 11 0 _ 10 9 1 7 8 3 
[00162745] 4 | 9 2 _ 11 0 4 10 9 1 7 8 3 
[00162746] 3 | 9 2 5 11 0 4 10 9 1 7 8 3 
[00162747] 7 | _ 2 9 11 0 _ 10 9 1 _ _ _ 
[00162748] 6 | 8 2 9 11 0 _ 10 9 1 _ _ _ 
[00162749] 5 | 8 2 9 11 0 5 10 9 1 _ _ _ 
[00162750] 4 | 8 2 9 11 0 5 10 9 1 _ 3 7 
[00162751] 3 | 8 2 9 11 0 5 10 9 1 4 3 7 
[00162752] 4 | 8 2 9 11 0 5 10 9 1 _ 7 3 
[00162753] 3 | 8 2 9 11 0 5 10 9 1 4 7 3 
[00162754] 5 | 8 2 9 11 0 _ 10 9 1 6 _ _ 
[00162755] 4 | 8 2 9 11 0 4 10 9 1 6 _ _ 
[00162756] 4 | 8 2 9 11 0 _ 10 9 1 6 3 7 
[00162757] 4 | 8 2 9 11 0 _ 10 9 1 6 7 3 
[00162758] 6 | _ 2 9 11 0 6 10 9 1 _ _ _ 
[00162759] 5 | 7 2 9 11 0 6 10 9 1 _ _ _ 
[00162760] 4 | 7 2 9 11 0 6 10 9 1 5 _ _ 
[00162761] 4 | 7 2 9 11 0 6 10 9 1 _ 4 8 
[00162762] 4 | 7 2 9 11 0 6 10 9 1 _ 8 4 
[00162763] 5 | _ 2 9 11 0 6 10 9 1 _ 3 8 
[00162764] 4 | _ 2 9 11 0 6 10 9 1 5 3 8 
[00162765] 5 | _ 2 9 11 0 6 10 9 1 _ 8 3 
[00162766] 4 | _ 2 9 11 0 6 10 9 1 5 8 3 
[00162767] 6 | _ 2 9 11 0 _ 10 9 1 7 _ _ 
[00162768] 5 | _ 2 9 11 0 5 10 9 1 7 _ _ 
[00162769] 4 | 6 2 9 11 0 5 10 9 1 7 _ _ 
[00162770] 4 | _ 2 9 11 0 5 10 9 1 7 4 8 
[00162771] 4 | _ 2 9 11 0 5 10 9 1 7 8 4 
[00162772] 5 | _ 2 9 11 0 _ 10 9 1 7 3 8 
[00162773] 4 | 6 2 9 11 0 _ 10 9 1 7 3 8 
[00162774] 4 | _ 2 9 11 0 4 10 9 1 7 3 8 
[00162775] 3 | 5 2 9 11 0 4 10 9 1 7 3 8 
[00162776] 5 | _ 2 9 11 0 _ 10 9 1 7 8 3 
[00162777] 4 | 6 2 9 11 0 _ 10 9 1 7 8 3 
[00162778] 4 | _ 2 9 11 0 4 10 9 1 7 8 3 
[00162779] 3 | 5 2 9 11 0 4 10 9 1 7 8 3 
[00162780] 7 | _ 2 _ 11 0 7 10 9 1 _ _ _ 
[00162781] 6 | 8 2 _ 11 0 7 10 9 1 _ _ _ 
[00162782] 5 | 8 2 _ 11 0 7 10 9 1 6 _ _ 
[00162783] 4 | 8 2 _ 11 0 7 10 9 1 6 5 _ 
[00162784] 3 | 8 2 5 11 0 7 10 9 1 6 5 _ 
[00162785] 3 | 8 2 _ 11 0 7 10 9 1 6 5 2 
[00162786] 5 | 8 2 _ 11 0 7 10 9 1 _ 4 _ 
[00162787] 4 | 8 2 6 11 0 7 10 9 1 _ 4 _ 
[00162788] 3 | 8 2 6 11 0 7 10 9 1 4 4 _ 
[00162789] 3 | 8 2 6 11 0 7 10 9 1 _ 4 1 
[00162790] 4 | 8 2 _ 11 0 7 10 9 1 5 4 _ 
[00162791] 6 | _ 2 8 11 0 7 10 9 1 _ _ _ 
[00162792] 5 | _ 2 8 11 0 7 10 9 1 6 _ _ 
[00162793] 4 | _ 2 8 11 0 7 10 9 1 6 5 _ 
[00162794] 3 | 5 2 8 11 0 7 10 9 1 6 5 _ 
[00162795] 3 | _ 2 8 11 0 7 10 9 1 6 5 2 
[00162796] 5 | _ 2 8 11 0 7 10 9 1 _ 4 _ 
[00162797] 4 | 6 2 8 11 0 7 10 9 1 _ 4 _ 
[00162798] 3 | 6 2 8 11 0 7 10 9 1 4 4 _ 
[00162799] 3 | 6 2 8 11 0 7 10 9 1 _ 4 1 
[00162800] 4 | _ 2 8 11 0 7 10 9 1 5 4 _ 
[00162801] 6 | _ 2 _ 11 0 7 10 9 1 _ 3 _ 
[00162802] 5 | _ 2 _ 11 0 7 10 9 1 6 3 _ 
[00162803] 5 | _ 2 _ 11 0 7 10 9 1 _ 3 8 
[00162804] 4 | 6 2 _ 11 0 7 10 9 1 _ 3 8 
[00162805] 3 | 6 2 5 11 0 7 10 9 1 _ 3 8 
[00162806] 3 | 6 2 _ 11 0 7 10 9 1 4 3 8 
[00162807] 4 | _ 2 6 11 0 7 10 9 1 _ 3 8 
[00162808] 3 | 5 2 6 11 0 7 10 9 1 _ 3 8 
[00162809] 3 | _ 2 6 11 0 7 10 9 1 4 3 8 
[00162810] 4 | _ 2 _ 11 0 7 10 9 1 5 3 8 
[00162811] 7 | _ 2 _ 11 0 _ 10 9 1 8 _ _ 
[00162812] 6 | _ 2 _ 11 0 6 10 9 1 8 _ _ 
[00162813] 5 | 7 2 _ 11 0 6 10 9 1 8 _ _ 
[00162814] 4 | 7 2 _ 11 0 6 10 9 1 8 5 _ 
[00162815] 3 | 7 2 5 11 0 6 10 9 1 8 5 _ 
[00162816] 3 | 7 2 _ 11 0 6 10 9 1 8 5 2 
[00162817] 5 | _ 2 7 11 0 6 10 9 1 8 _ _ 
[00162818] 4 | _ 2 7 11 0 6 10 9 1 8 5 _ 
[00162819] 3 | 5 2 7 11 0 6 10 9 1 8 5 _ 
[00162820] 3 | _ 2 7 11 0 6 10 9 1 8 5 2 
[00162821] 5 | _ 2 _ 11 0 6 10 9 1 8 4 _ 
[00162822] 6 | _ 2 _ 11 0 _ 10 9 1 8 3 _ 
[00162823] 5 | 7 2 _ 11 0 _ 10 9 1 8 3 _ 
[00162824] 4 | 7 2 6 11 0 _ 10 9 1 8 3 _ 
[00162825] 3 | 7 2 6 11 0 3 10 9 1 8 3 _ 
[00162826] 3 | 7 2 6 11 0 _ 10 9 1 8 3 0 
[00162827] 4 | 7 2 _ 11 0 4 10 9 1 8 3 _ 
[00162828] 3 | 7 2 5 11 0 4 10 9 1 8 3 _ 
[00162829] 3 | 7 2 _ 11 0 4 10 9 1 8 3 6 
[00162830] 5 | _ 2 7 11 0 _ 10 9 1 8 3 _ 
[00162831] 4 | 6 2 7 11 0 _ 10 9 1 8 3 _ 
[00162832] 3 | 6 2 7 11 0 3 10 9 1 8 3 _ 
[00162833] 3 | 6 2 7 11 0 _ 10 9 1 8 3 0 
[00162834] 4 | _ 2 7 11 0 4 10 9 1 8 3 _ 
[00162835] 3 | 5 2 7 11 0 4 10 9 1 8 3 _ 
[00162836] 3 | _ 2 7 11 0 4 10 9 1 8 3 6 
[00162837] 5 | _ 2 _ 11 0 5 10 9 1 8 3 _ 
[00162838] 4 | 6 2 _ 11 0 5 10 9 1 8 3 _ 
[00162839] 4 | _ 2 6 11 0 5 10 9 1 8 3 _ 
[00162840] 4 | _ 2 _ 11 0 5 10 9 1 8 3 7 
[00162841] 7 | _ 2 _ 11 0 _ 10 9 1 _ 2 _ 
[00162842] 6 | 8 2 _ 11 0 _ 10 9 1 _ 2 _ 
[00162843] 5 | 8 2 7 11 0 _ 10 9 1 _ 2 _ 
[00162844] 4 | 8 2 7 11 0 4 10 9 1 _ 2 _ 
[00162845] 4 | 8 2 7 11 0 _ 10 9 1 5 2 _ 
[00162846] 3 | 8 2 7 11 0 3 10 9 1 5 2 _ 
[00162847] 5 | 8 2 _ 11 0 5 10 9 1 _ 2 _ 
[00162848] 4 | 8 2 6 11 0 5 10 9 1 _ 2 _ 
[00162849] 3 | 8 2 6 11 0 5 10 9 1 4 2 _ 
[00162850] 4 | 8 2 _ 11 0 5 10 9 1 _ 2 6 
[00162851] 3 | 8 2 _ 11 0 5 10 9 1 4 2 6 
[00162852] 5 | 8 2 _ 11 0 _ 10 9 1 6 2 _ 
[00162853] 4 | 8 2 _ 11 0 4 10 9 1 6 2 _ 
[00162854] 3 | 8 2 5 11 0 4 10 9 1 6 2 _ 
[00162855] 3 | 8 2 _ 11 0 4 10 9 1 6 2 5 
[00162856] 5 | 8 2 _ 11 0 _ 10 9 1 _ 2 7 
[00162857] 4 | 8 2 _ 11 0 4 10 9 1 _ 2 7 
[00162858] 4 | 8 2 _ 11 0 _ 10 9 1 5 2 7 
[00162859] 3 | 8 2 _ 11 0 3 10 9 1 5 2 7 
[00162860] 6 | _ 2 8 11 0 _ 10 9 1 _ 2 _ 
[00162861] 5 | 7 2 8 11 0 _ 10 9 1 _ 2 _ 
[00162862] 4 | 7 2 8 11 0 4 10 9 1 _ 2 _ 
[00162863] 4 | 7 2 8 11 0 _ 10 9 1 5 2 _ 
[00162864] 3 | 7 2 8 11 0 3 10 9 1 5 2 _ 
[00162865] 5 | _ 2 8 11 0 5 10 9 1 _ 2 _ 
[00162866] 4 | 6 2 8 11 0 5 10 9 1 _ 2 _ 
[00162867] 3 | 6 2 8 11 0 5 10 9 1 4 2 _ 
[00162868] 4 | _ 2 8 11 0 5 10 9 1 _ 2 6 
[00162869] 3 | _ 2 8 11 0 5 10 9 1 4 2 6 
[00162870] 5 | _ 2 8 11 0 _ 10 9 1 6 2 _ 
[00162871] 4 | _ 2 8 11 0 4 10 9 1 6 2 _ 
[00162872] 3 | 5 2 8 11 0 4 10 9 1 6 2 _ 
[00162873] 3 | _ 2 8 11 0 4 10 9 1 6 2 5 
[00162874] 5 | _ 2 8 11 0 _ 10 9 1 _ 2 7 
[00162875] 4 | _ 2 8 11 0 4 10 9 1 _ 2 7 
[00162876] 4 | _ 2 8 11 0 _ 10 9 1 5 2 7 
[00162877] 3 | _ 2 8 11 0 3 10 9 1 5 2 7 
[00162878] 6 | _ 2 _ 11 0 6 10 9 1 _ 2 _ 
[00162879] 5 | 7 2 _ 11 0 6 10 9 1 _ 2 _ 
[00162880] 4 | 7 2 _ 11 0 6 10 9 1 5 2 _ 
[00162881] 5 | _ 2 7 11 0 6 10 9 1 _ 2 _ 
[00162882] 4 | _ 2 7 11 0 6 10 9 1 5 2 _ 
[00162883] 5 | _ 2 _ 11 0 6 10 9 1 _ 2 7 
[00162884] 4 | _ 2 _ 11 0 6 10 9 1 5 2 7 
[00162885] 6 | _ 2 _ 11 0 _ 10 9 1 7 2 _ 
[00162886] 5 | _ 2 _ 11 0 5 10 9 1 7 2 _ 
[00162887] 4 | 6 2 _ 11 0 5 10 9 1 7 2 _ 
[00162888] 4 | _ 2 6 11 0 5 10 9 1 7 2 _ 
[00162889] 4 | _ 2 _ 11 0 5 10 9 1 7 2 6 
[00162890] 6 | _ 2 _ 11 0 _ 10 9 1 _ 2 8 
[00162891] 5 | _ 2 _ 11 0 5 10 9 1 _ 2 8 
[00162892] 5 | _ 2 _ 11 0 _ 10 9 1 6 2 8 
[00162893] 4 | _ 2 _ 11 0 4 10 9 1 6 2 8 
[00162894] 8 | _ 2 _ 11 0 _ 10 _ 1 9 _ _ 
[00162895] 7 | _ 2 _ 11 0 7 10 _ 1 9 _ _ 
[00162896] 6 | 8 2 _ 11 0 7 10 _ 1 9 _ _ 
[00162897] 5 | 8 2 _ 11 0 7 10 6 1 9 _ _ 
[00162898] 5 | 8 2 _ 11 0 7 10 6 1 9 _ _ 
[00162899] 4 | 8 2 6 11 0 7 10 6 1 9 _ _ 
[00162900] 4 | 8 2 _ 11 0 7 10 6 1 9 2 _ 
[00162901] 3 | 8 2 5 11 0 7 10 6 1 9 2 _ 
[00162902] 3 | 8 2 _ 11 0 7 10 6 1 9 2 5 
[00162903] 6 | _ 2 8 11 0 7 10 _ 1 9 _ _ 
[00162904] 5 | _ 2 8 11 0 7 10 6 1 9 _ _ 
[00162905] 5 | _ 2 8 11 0 7 10 6 1 9 _ _ 
[00162906] 4 | 6 2 8 11 0 7 10 6 1 9 _ _ 
[00162907] 4 | _ 2 8 11 0 7 10 6 1 9 2 _ 
[00162908] 3 | 5 2 8 11 0 7 10 6 1 9 2 _ 
[00162909] 3 | _ 2 8 11 0 7 10 6 1 9 2 5 
[00162910] 6 | _ 2 _ 11 0 7 10 5 1 9 _ _ 
[00162911] 5 | _ 2 _ 11 0 7 10 5 1 9 3 8 
[00162912] 4 | 6 2 _ 11 0 7 10 5 1 9 3 8 
[00162913] 4 | _ 2 6 11 0 7 10 5 1 9 3 8 
[00162914] 5 | _ 2 _ 11 0 7 10 5 1 9 8 3 
[00162915] 4 | 6 2 _ 11 0 7 10 5 1 9 8 3 
[00162916] 4 | _ 2 6 11 0 7 10 5 1 9 8 3 
[00162917] 7 | _ 2 _ 11 0 _ 10 4 1 9 _ _ 
[00162918] 6 | 8 2 _ 11 0 _ 10 4 1 9 _ _ 
[00162919] 5 | 8 2 7 11 0 _ 10 4 1 9 _ _ 
[00162920] 4 | 8 2 7 11 0 4 10 4 1 9 _ _ 
[00162921] 3 | 8 2 7 11 0 4 10 4 1 9 3 6 
[00162922] 3 | 8 2 7 11 0 4 10 4 1 9 6 3 
[00162923] 4 | 8 2 7 11 0 _ 10 4 1 9 0 _ 
[00162924] 3 | 8 2 7 11 0 3 10 4 1 9 0 _ 
[00162925] 3 | 8 2 7 11 0 _ 10 4 1 9 0 3 
[00162926] 5 | 8 2 _ 11 0 5 10 4 1 9 _ _ 
[00162927] 4 | 8 2 6 11 0 5 10 4 1 9 _ _ 
[00162928] 3 | 8 2 6 11 0 5 10 4 1 9 7 _ 
[00162929] 4 | 8 2 _ 11 0 5 10 4 1 9 3 7 
[00162930] 4 | 8 2 _ 11 0 5 10 4 1 9 7 3 
[00162931] 6 | _ 2 8 11 0 _ 10 4 1 9 _ _ 
[00162932] 5 | 7 2 8 11 0 _ 10 4 1 9 _ _ 
[00162933] 4 | 7 2 8 11 0 4 10 4 1 9 _ _ 
[00162934] 3 | 7 2 8 11 0 4 10 4 1 9 3 6 
[00162935] 3 | 7 2 8 11 0 4 10 4 1 9 6 3 
[00162936] 4 | 7 2 8 11 0 _ 10 4 1 9 0 _ 
[00162937] 3 | 7 2 8 11 0 3 10 4 1 9 0 _ 
[00162938] 3 | 7 2 8 11 0 _ 10 4 1 9 0 3 
[00162939] 5 | _ 2 8 11 0 5 10 4 1 9 _ _ 
[00162940] 4 | 6 2 8 11 0 5 10 4 1 9 _ _ 
[00162941] 3 | 6 2 8 11 0 5 10 4 1 9 7 _ 
[00162942] 4 | _ 2 8 11 0 5 10 4 1 9 3 7 
[00162943] 4 | _ 2 8 11 0 5 10 4 1 9 7 3 
[00162944] 6 | _ 2 _ 11 0 6 10 4 1 9 _ _ 
[00162945] 5 | 7 2 _ 11 0 6 10 4 1 9 _ _ 
[00162946] 4 | 7 2 _ 11 0 6 10 4 1 9 8 _ 
[00162947] 3 | 7 2 5 11 0 6 10 4 1 9 8 _ 
[00162948] 3 | 7 2 _ 11 0 6 10 4 1 9 8 5 
[00162949] 5 | _ 2 7 11 0 6 10 4 1 9 _ _ 
[00162950] 4 | _ 2 7 11 0 6 10 4 1 9 8 _ 
[00162951] 3 | 5 2 7 11 0 6 10 4 1 9 8 _ 
[00162952] 3 | _ 2 7 11 0 6 10 4 1 9 8 5 
[00162953] 5 | _ 2 _ 11 0 6 10 4 1 9 3 8 
[00162954] 5 | _ 2 _ 11 0 6 10 4 1 9 8 3 
[00162955] 7 | _ 2 _ 11 0 _ 10 8 1 9 _ _ 
[00162956] 6 | 8 2 _ 11 0 _ 10 8 1 9 _ _ 
[00162957] 5 | 8 2 7 11 0 _ 10 8 1 9 _ _ 
[00162958] 4 | 8 2 7 11 0 4 10 8 1 9 _ _ 
[00162959] 3 | 8 2 7 11 0 4 10 8 1 9 3 6 
[00162960] 3 | 8 2 7 11 0 4 10 8 1 9 6 3 
[00162961] 5 | 8 2 _ 11 0 5 10 8 1 9 _ _ 
[00162962] 4 | 8 2 6 11 0 5 10 8 1 9 _ _ 
[00162963] 3 | 8 2 6 11 0 5 10 8 1 9 4 7 
[00162964] 3 | 8 2 6 11 0 5 10 8 1 9 7 4 
[00162965] 4 | 8 2 _ 11 0 5 10 8 1 9 3 7 
[00162966] 4 | 8 2 _ 11 0 5 10 8 1 9 7 3 
[00162967] 6 | _ 2 8 11 0 _ 10 8 1 9 _ _ 
[00162968] 5 | 7 2 8 11 0 _ 10 8 1 9 _ _ 
[00162969] 4 | 7 2 8 11 0 4 10 8 1 9 _ _ 
[00162970] 3 | 7 2 8 11 0 4 10 8 1 9 3 6 
[00162971] 3 | 7 2 8 11 0 4 10 8 1 9 6 3 
[00162972] 5 | _ 2 8 11 0 5 10 8 1 9 _ _ 
[00162973] 4 | 6 2 8 11 0 5 10 8 1 9 _ _ 
[00162974] 3 | 6 2 8 11 0 5 10 8 1 9 4 7 
[00162975] 3 | 6 2 8 11 0 5 10 8 1 9 7 4 
[00162976] 4 | _ 2 8 11 0 5 10 8 1 9 3 7 
[00162977] 4 | _ 2 8 11 0 5 10 8 1 9 7 3 
[00162978] 6 | _ 2 _ 11 0 6 10 8 1 9 _ _ 
[00162979] 5 | 7 2 _ 11 0 6 10 8 1 9 _ _ 
[00162980] 4 | 7 2 _ 11 0 6 10 8 1 9 4 _ 
[00162981] 3 | 7 2 5 11 0 6 10 8 1 9 4 _ 
[00162982] 5 | _ 2 7 11 0 6 10 8 1 9 _ _ 
[00162983] 4 | _ 2 7 11 0 6 10 8 1 9 4 _ 
[00162984] 3 | 5 2 7 11 0 6 10 8 1 9 4 _ 
[00162985] 5 | _ 2 _ 11 0 6 10 8 1 9 3 _ 
[00162986] 4 | _ 2 _ 11 0 6 10 8 1 9 3 7 
[00162987] 3 | 5 2 _ 11 0 6 10 8 1 9 3 7 
[00162988] 2 | 5 2 4 11 0 6 10 8 1 9 3 7 
[00162989] 3 | _ 2 5 11 0 6 10 8 1 9 3 7 
[00162990] 2 | 4 2 5 11 0 6 10 8 1 9 3 7 
[00162991] 6 | _ 2 _ 11 0 _ 10 8 1 9 2 _ 
[00162992] 5 | 7 2 _ 11 0 _ 10 8 1 9 2 _ 
[00162993] 4 | 7 2 6 11 0 _ 10 8 1 9 2 _ 
[00162994] 3 | 7 2 6 11 0 3 10 8 1 9 2 _ 
[00162995] 4 | 7 2 _ 11 0 4 10 8 1 9 2 _ 
[00162996] 3 | 7 2 5 11 0 4 10 8 1 9 2 _ 
[00162997] 3 | 7 2 _ 11 0 4 10 8 1 9 2 5 
[00162998] 4 | 7 2 _ 11 0 _ 10 8 1 9 2 6 
[00162999] 3 | 7 2 _ 11 0 3 10 8 1 9 2 6 
[00163000] 5 | _ 2 7 11 0 _ 10 8 1 9 2 _ 
[00163001] 4 | 6 2 7 11 0 _ 10 8 1 9 2 _ 
[00163002] 3 | 6 2 7 11 0 3 10 8 1 9 2 _ 
[00163003] 4 | _ 2 7 11 0 4 10 8 1 9 2 _ 
[00163004] 3 | 5 2 7 11 0 4 10 8 1 9 2 _ 
[00163005] 3 | _ 2 7 11 0 4 10 8 1 9 2 5 
[00163006] 4 | _ 2 7 11 0 _ 10 8 1 9 2 6 
[00163007] 3 | _ 2 7 11 0 3 10 8 1 9 2 6 
[00163008] 5 | _ 2 _ 11 0 5 10 8 1 9 2 _ 
[00163009] 4 | 6 2 _ 11 0 5 10 8 1 9 2 _ 
[00163010] 4 | _ 2 6 11 0 5 10 8 1 9 2 _ 
[00163011] 4 | _ 2 _ 11 0 5 10 8 1 9 2 6 
[00163012] 5 | _ 2 _ 11 0 _ 10 8 1 9 2 7 
[00163013] 4 | _ 2 _ 11 0 4 10 8 1 9 2 7 
[00163014] 8 | _ 2 _ 11 0 _ 10 _ 9 1 _ _ 
[00163015] 7 | 9 2 _ 11 0 _ 10 _ 9 1 _ _ 
[00163016] 6 | 9 2 8 11 0 _ 10 _ 9 1 _ _ 
[00163017] 5 | 9 2 8 11 0 5 10 _ 9 1 _ _ 
[00163018] 4 | 9 2 8 11 0 5 10 7 9 1 _ _ 
[00163019] 3 | 9 2 8 11 0 5 10 7 9 1 4 _ 
[00163020] 2 | 9 2 8 11 0 5 10 7 9 1 4 6 
[00163021] 3 | 9 2 8 11 0 5 10 7 9 1 3 6 
[00163022] 3 | 9 2 8 11 0 5 10 7 9 1 6 3 
[00163023] 4 | 9 2 8 11 0 5 10 3 9 1 7 _ 
[00163024] 4 | 9 2 8 11 0 5 10 7 9 1 3 _ 
[00163025] 3 | 9 2 8 11 0 5 10 7 9 1 3 6 
[00163026] 4 | 9 2 8 11 0 5 10 _ 9 1 3 7 
[00163027] 3 | 9 2 8 11 0 5 10 6 9 1 3 7 
[00163028] 4 | 9 2 8 11 0 5 10 _ 9 1 7 3 
[00163029] 3 | 9 2 8 11 0 5 10 4 9 1 7 3 
[00163030] 5 | 9 2 8 11 0 _ 10 6 9 1 _ _ 
[00163031] 4 | 9 2 8 11 0 4 10 6 9 1 _ _ 
[00163032] 3 | 9 2 8 11 0 4 10 6 9 1 3 _ 
[00163033] 2 | 9 2 8 11 0 4 10 6 9 1 3 5 
[00163034] 4 | 9 2 8 11 0 _ 10 6 9 1 3 7 
[00163035] 4 | 9 2 8 11 0 _ 10 6 9 1 7 3 
[00163036] 6 | 9 2 _ 11 0 6 10 _ 9 1 _ _ 
[00163037] 5 | 9 2 7 11 0 6 10 _ 9 1 _ _ 
[00163038] 4 | 9 2 7 11 0 6 10 4 9 1 8 _ 
[00163039] 4 | 9 2 7 11 0 6 10 8 9 1 4 _ 
[00163040] 4 | 9 2 7 11 0 6 10 _ 9 1 4 8 
[00163041] 4 | 9 2 7 11 0 6 10 _ 9 1 8 4 
[00163042] 3 | 9 2 7 11 0 6 10 8 9 1 8 4 
[00163043] 3 | 9 2 7 11 0 6 10 5 9 1 8 4 
[00163044] 3 | 9 2 7 11 0 6 10 11 9 1 8 4 
[00163045] 5 | 9 2 _ 11 0 6 10 3 9 1 8 _ 
[00163046] 5 | 9 2 _ 11 0 6 10 8 9 1 3 _ 
[00163047] 4 | 9 2 _ 11 0 6 10 8 9 1 3 7 
[00163048] 3 | 9 2 5 11 0 6 10 8 9 1 3 7 
[00163049] 5 | 9 2 _ 11 0 6 10 _ 9 1 3 8 
[00163050] 4 | 9 2 _ 11 0 6 10 7 9 1 3 8 
[00163051] 4 | 9 2 _ 11 0 6 10 7 9 1 3 8 
[00163052] 3 | 9 2 5 11 0 6 10 7 9 1 3 8 
[00163053] 5 | 9 2 _ 11 0 6 10 _ 9 1 8 3 
[00163054] 4 | 9 2 _ 11 0 6 10 7 9 1 8 3 
[00163055] 3 | 9 2 5 11 0 6 10 7 9 1 8 3 
[00163056] 4 | 9 2 _ 11 0 6 10 4 9 1 8 3 
[00163057] 6 | 9 2 _ 11 0 _ 10 5 9 1 _ _ 
[00163058] 5 | 9 2 7 11 0 _ 10 5 9 1 _ _ 
[00163059] 4 | 9 2 7 11 0 4 10 5 9 1 _ _ 
[00163060] 3 | 9 2 7 11 0 4 10 5 9 1 8 _ 
[00163061] 2 | 9 2 7 11 0 4 10 5 9 1 8 6 
[00163062] 3 | 9 2 7 11 0 4 10 5 9 1 3 6 
[00163063] 3 | 9 2 7 11 0 4 10 5 9 1 6 3 
[00163064] 4 | 9 2 7 11 0 _ 10 5 9 1 4 8 
[00163065] 3 | 9 2 7 11 0 3 10 5 9 1 4 8 
[00163066] 4 | 9 2 7 11 0 _ 10 5 9 1 8 4 
[00163067] 3 | 9 2 7 11 0 3 10 5 9 1 8 4 
[00163068] 5 | 9 2 _ 11 0 5 10 5 9 1 _ _ 
