[00043001] 4 | _ 0 5 11 1 9 10 4 0 _ 8 2 
[00043002] 3 | 3 0 5 11 1 9 10 4 0 _ 8 2 
[00043003] 3 | _ 0 5 11 1 9 10 4 0 3 8 2 
[00043004] 4 | _ 0 5 11 1 9 10 4 3 7 8 2 
[00043005] 4 | _ 0 5 11 1 9 10 4 7 3 8 2 
[00043006] 8 | _ 0 _ 11 1 _ 10 3 _ _ _ _ 
[00043007] 7 | 7 0 _ 11 1 _ 10 3 _ _ _ _ 
[00043008] 6 | 7 0 6 11 1 _ 10 3 _ _ _ _ 
[00043009] 5 | 7 0 6 11 1 _ 10 3 8 _ _ _ 
[00043010] 4 | 7 0 6 11 1 5 10 3 8 _ _ _ 
[00043011] 4 | 7 0 6 11 1 _ 10 3 8 4 _ _ 
[00043012] 3 | 7 0 6 11 1 _ 10 3 8 4 2 5 
[00043013] 3 | 7 0 6 11 1 _ 10 3 8 4 5 2 
[00043014] 4 | 7 0 6 11 1 _ 10 3 8 _ 5 9 
[00043015] 3 | 7 0 6 11 1 4 10 3 8 _ 5 9 
[00043016] 4 | 7 0 6 11 1 _ 10 3 8 _ 9 5 
[00043017] 3 | 7 0 6 11 1 4 10 3 8 _ 9 5 
[00043018] 5 | 7 0 6 11 1 _ 10 3 4 9 _ _ 
[00043019] 4 | 7 0 6 11 1 5 10 3 4 9 _ _ 
[00043020] 5 | 7 0 6 11 1 _ 10 3 9 4 _ _ 
[00043021] 4 | 7 0 6 11 1 5 10 3 9 4 _ _ 
[00043022] 5 | 7 0 6 11 1 _ 10 3 _ _ 8 _ 
[00043023] 4 | 7 0 6 11 1 5 10 3 _ _ 8 _ 
[00043024] 4 | 7 0 6 11 1 _ 10 3 5 9 8 _ 
[00043025] 3 | 7 0 6 11 1 4 10 3 5 9 8 _ 
[00043026] 4 | 7 0 6 11 1 _ 10 3 9 5 8 _ 
[00043027] 3 | 7 0 6 11 1 4 10 3 9 5 8 _ 
[00043028] 4 | 7 0 6 11 1 _ 10 3 _ _ 8 4 
[00043029] 3 | 7 0 6 11 1 _ 10 3 2 5 8 4 
[00043030] 3 | 7 0 6 11 1 _ 10 3 5 2 8 4 
[00043031] 5 | 7 0 6 11 1 _ 10 3 _ _ 4 9 
[00043032] 4 | 7 0 6 11 1 5 10 3 _ _ 4 9 
[00043033] 5 | 7 0 6 11 1 _ 10 3 _ _ 9 4 
[00043034] 4 | 7 0 6 11 1 5 10 3 _ _ 9 4 
[00043035] 6 | 7 0 _ 11 1 _ 10 3 9 _ _ _ 
[00043036] 5 | 7 0 5 11 1 _ 10 3 9 _ _ _ 
[00043037] 4 | 7 0 5 11 1 _ 10 3 9 _ 2 6 
[00043038] 3 | 7 0 5 11 1 4 10 3 9 _ 2 6 
[00043039] 4 | 7 0 5 11 1 _ 10 3 9 _ 4 8 
[00043040] 3 | 7 0 5 11 1 _ 10 3 9 6 4 8 
[00043041] 4 | 7 0 5 11 1 _ 10 3 9 _ 6 2 
[00043042] 3 | 7 0 5 11 1 4 10 3 9 _ 6 2 
[00043043] 4 | 7 0 5 11 1 _ 10 3 9 _ 8 4 
[00043044] 3 | 7 0 5 11 1 _ 10 3 9 6 8 4 
[00043045] 5 | 7 0 _ 11 1 6 10 3 9 _ _ _ 
[00043046] 4 | 7 0 4 11 1 6 10 3 9 _ _ _ 
[00043047] 3 | 7 0 4 11 1 6 10 3 9 _ 2 5 
[00043048] 3 | 7 0 4 11 1 6 10 3 9 _ 5 8 
[00043049] 3 | 7 0 4 11 1 6 10 3 9 _ 5 2 
[00043050] 3 | 7 0 4 11 1 6 10 3 9 _ 8 5 
[00043051] 4 | 7 0 _ 11 1 6 10 3 9 5 _ _ 
[00043052] 3 | 7 0 3 11 1 6 10 3 9 5 _ _ 
[00043053] 2 | 7 0 3 11 1 6 10 3 9 5 2 4 
[00043054] 1 | 7 0 3 11 1 6 10 3 9 5 2 4  *Graceful*
[00043054] 2 | 7 0 3 11 1 6 10 3 9 5 4 2 
[00043055] 1 | 7 0 3 11 1 6 10 3 9 5 4 2  *Graceful*
[00043055] 3 | 7 0 _ 11 1 6 10 3 9 5 0 _ 
[00043056] 2 | 7 0 2 11 1 6 10 3 9 5 0 _ 
[00043057] 2 | 7 0 _ 11 1 6 10 3 9 5 0 2 
[00043058] 4 | 7 0 _ 11 1 6 10 3 9 _ 4 8 
[00043059] 4 | 7 0 _ 11 1 6 10 3 9 _ 8 4 
[00043060] 5 | 7 0 _ 11 1 _ 10 3 9 4 _ _ 
[00043061] 4 | 7 0 _ 11 1 5 10 3 9 4 _ _ 
[00043062] 3 | 7 0 3 11 1 5 10 3 9 4 _ _ 
[00043063] 2 | 7 0 3 11 1 5 10 3 9 4 6 8 
[00043064] 2 | 7 0 3 11 1 5 10 3 9 4 8 6 
[00043065] 3 | 7 0 _ 11 1 5 10 3 9 4 0 _ 
[00043066] 2 | 7 0 2 11 1 5 10 3 9 4 0 _ 
[00043067] 2 | 7 0 _ 11 1 5 10 3 9 4 0 2 
[00043068] 3 | 7 0 _ 11 1 5 10 3 9 4 6 _ 
[00043069] 2 | 7 0 2 11 1 5 10 3 9 4 6 _ 
[00043070] 2 | 7 0 _ 11 1 5 10 3 9 4 6 8 
[00043071] 4 | 7 0 _ 11 1 _ 10 3 9 4 2 6 
[00043072] 4 | 7 0 _ 11 1 _ 10 3 9 4 6 2 
[00043073] 5 | 7 0 _ 11 1 _ 10 3 9 _ 8 _ 
[00043074] 4 | 7 0 4 11 1 _ 10 3 9 _ 8 _ 
[00043075] 3 | 7 0 4 11 1 _ 10 3 9 6 8 _ 
[00043076] 3 | 7 0 4 11 1 _ 10 3 9 _ 8 5 
[00043077] 4 | 7 0 _ 11 1 5 10 3 9 _ 8 _ 
[00043078] 3 | 7 0 _ 11 1 5 10 3 9 6 8 _ 
[00043079] 2 | 7 0 2 11 1 5 10 3 9 6 8 _ 
[00043080] 4 | 7 0 _ 11 1 _ 10 3 9 5 8 _ 
[00043081] 3 | 7 0 _ 11 1 4 10 3 9 5 8 _ 
[00043082] 2 | 7 0 2 11 1 4 10 3 9 5 8 _ 
[00043083] 2 | 7 0 _ 11 1 4 10 3 9 5 8 6 
[00043084] 4 | 7 0 _ 11 1 _ 10 3 9 _ 8 4 
[00043085] 3 | 7 0 _ 11 1 _ 10 3 9 6 8 4 
[00043086] 2 | 7 0 2 11 1 _ 10 3 9 6 8 4 
[00043087] 6 | 7 0 _ 11 1 _ 10 3 2 8 _ _ 
[00043088] 5 | 7 0 5 11 1 _ 10 3 2 8 _ _ 
[00043089] 5 | 7 0 _ 11 1 6 10 3 2 8 _ _ 
[00043090] 4 | 7 0 4 11 1 6 10 3 2 8 _ _ 
[00043091] 4 | 7 0 _ 11 1 6 10 3 2 8 5 9 
[00043092] 4 | 7 0 _ 11 1 6 10 3 2 8 9 5 
[00043093] 5 | 7 0 _ 11 1 _ 10 3 2 8 4 9 
[00043094] 4 | 7 0 _ 11 1 5 10 3 2 8 4 9 
[00043095] 5 | 7 0 _ 11 1 _ 10 3 2 8 9 4 
[00043096] 4 | 7 0 _ 11 1 5 10 3 2 8 9 4 
[00043097] 6 | 7 0 _ 11 1 _ 10 3 8 2 _ _ 
[00043098] 5 | 7 0 5 11 1 _ 10 3 8 2 _ _ 
[00043099] 5 | 7 0 _ 11 1 6 10 3 8 2 _ _ 
[00043100] 4 | 7 0 4 11 1 6 10 3 8 2 _ _ 
[00043101] 4 | 7 0 _ 11 1 6 10 3 8 2 5 9 
[00043102] 4 | 7 0 _ 11 1 6 10 3 8 2 9 5 
[00043103] 5 | 7 0 _ 11 1 _ 10 3 8 2 4 9 
[00043104] 4 | 7 0 _ 11 1 5 10 3 8 2 4 9 
[00043105] 5 | 7 0 _ 11 1 _ 10 3 8 2 9 4 
[00043106] 4 | 7 0 _ 11 1 5 10 3 8 2 9 4 
[00043107] 6 | 7 0 _ 11 1 _ 10 3 _ _ 9 _ 
[00043108] 5 | 7 0 5 11 1 _ 10 3 _ _ 9 _ 
[00043109] 4 | 7 0 5 11 1 _ 10 3 2 6 9 _ 
[00043110] 3 | 7 0 5 11 1 4 10 3 2 6 9 _ 
[00043111] 4 | 7 0 5 11 1 _ 10 3 4 8 9 _ 
[00043112] 3 | 7 0 5 11 1 _ 10 3 4 8 9 6 
[00043113] 4 | 7 0 5 11 1 _ 10 3 6 2 9 _ 
[00043114] 3 | 7 0 5 11 1 4 10 3 6 2 9 _ 
[00043115] 4 | 7 0 5 11 1 _ 10 3 8 4 9 _ 
[00043116] 3 | 7 0 5 11 1 _ 10 3 8 4 9 6 
[00043117] 5 | 7 0 _ 11 1 6 10 3 _ _ 9 _ 
[00043118] 4 | 7 0 4 11 1 6 10 3 _ _ 9 _ 
[00043119] 3 | 7 0 4 11 1 6 10 3 2 5 9 _ 
[00043120] 3 | 7 0 4 11 1 6 10 3 5 8 9 _ 
[00043121] 3 | 7 0 4 11 1 6 10 3 5 2 9 _ 
[00043122] 3 | 7 0 4 11 1 6 10 3 8 5 9 _ 
[00043123] 4 | 7 0 _ 11 1 6 10 3 4 8 9 _ 
[00043124] 4 | 7 0 _ 11 1 6 10 3 8 4 9 _ 
[00043125] 4 | 7 0 _ 11 1 6 10 3 _ _ 9 5 
[00043126] 3 | 7 0 3 11 1 6 10 3 _ _ 9 5 
[00043127] 2 | 7 0 3 11 1 6 10 3 2 4 9 5 
[00043128] 1 | 7 0 3 11 1 6 10 3 2 4 9 5  *Graceful*
[00043128] 2 | 7 0 3 11 1 6 10 3 4 2 9 5 
[00043129] 1 | 7 0 3 11 1 6 10 3 4 2 9 5  *Graceful*
[00043129] 3 | 7 0 _ 11 1 6 10 3 0 _ 9 5 
[00043130] 2 | 7 0 2 11 1 6 10 3 0 _ 9 5 
[00043131] 2 | 7 0 _ 11 1 6 10 3 0 2 9 5 
[00043132] 5 | 7 0 _ 11 1 _ 10 3 8 _ 9 _ 
[00043133] 4 | 7 0 4 11 1 _ 10 3 8 _ 9 _ 
[00043134] 3 | 7 0 4 11 1 _ 10 3 8 5 9 _ 
[00043135] 3 | 7 0 4 11 1 _ 10 3 8 _ 9 6 
[00043136] 4 | 7 0 _ 11 1 5 10 3 8 _ 9 _ 
[00043137] 3 | 7 0 _ 11 1 5 10 3 8 _ 9 6 
[00043138] 2 | 7 0 2 11 1 5 10 3 8 _ 9 6 
[00043139] 4 | 7 0 _ 11 1 _ 10 3 8 4 9 _ 
[00043140] 3 | 7 0 _ 11 1 _ 10 3 8 4 9 6 
[00043141] 2 | 7 0 2 11 1 _ 10 3 8 4 9 6 
[00043142] 4 | 7 0 _ 11 1 _ 10 3 8 _ 9 5 
[00043143] 3 | 7 0 _ 11 1 4 10 3 8 _ 9 5 
[00043144] 2 | 7 0 2 11 1 4 10 3 8 _ 9 5 
[00043145] 2 | 7 0 _ 11 1 4 10 3 8 6 9 5 
[00043146] 5 | 7 0 _ 11 1 _ 10 3 _ _ 9 4 
[00043147] 4 | 7 0 _ 11 1 5 10 3 _ _ 9 4 
[00043148] 3 | 7 0 3 11 1 5 10 3 _ _ 9 4 
[00043149] 2 | 7 0 3 11 1 5 10 3 6 8 9 4 
[00043150] 2 | 7 0 3 11 1 5 10 3 8 6 9 4 
[00043151] 3 | 7 0 _ 11 1 5 10 3 0 _ 9 4 
[00043152] 2 | 7 0 2 11 1 5 10 3 0 _ 9 4 
[00043153] 2 | 7 0 _ 11 1 5 10 3 0 2 9 4 
[00043154] 3 | 7 0 _ 11 1 5 10 3 6 _ 9 4 
[00043155] 2 | 7 0 2 11 1 5 10 3 6 _ 9 4 
[00043156] 2 | 7 0 _ 11 1 5 10 3 6 8 9 4 
[00043157] 4 | 7 0 _ 11 1 _ 10 3 2 6 9 4 
[00043158] 4 | 7 0 _ 11 1 _ 10 3 6 2 9 4 
[00043159] 6 | 7 0 _ 11 1 _ 10 3 _ _ 2 8 
[00043160] 5 | 7 0 5 11 1 _ 10 3 _ _ 2 8 
[00043161] 5 | 7 0 _ 11 1 6 10 3 _ _ 2 8 
[00043162] 4 | 7 0 4 11 1 6 10 3 _ _ 2 8 
[00043163] 4 | 7 0 _ 11 1 6 10 3 5 9 2 8 
[00043164] 4 | 7 0 _ 11 1 6 10 3 9 5 2 8 
[00043165] 5 | 7 0 _ 11 1 _ 10 3 4 9 2 8 
[00043166] 4 | 7 0 _ 11 1 5 10 3 4 9 2 8 
[00043167] 5 | 7 0 _ 11 1 _ 10 3 9 4 2 8 
[00043168] 4 | 7 0 _ 11 1 5 10 3 9 4 2 8 
[00043169] 6 | 7 0 _ 11 1 _ 10 3 _ _ 8 2 
[00043170] 5 | 7 0 5 11 1 _ 10 3 _ _ 8 2 
[00043171] 5 | 7 0 _ 11 1 6 10 3 _ _ 8 2 
[00043172] 4 | 7 0 4 11 1 6 10 3 _ _ 8 2 
[00043173] 4 | 7 0 _ 11 1 6 10 3 5 9 8 2 
[00043174] 4 | 7 0 _ 11 1 6 10 3 9 5 8 2 
[00043175] 5 | 7 0 _ 11 1 _ 10 3 4 9 8 2 
[00043176] 4 | 7 0 _ 11 1 5 10 3 4 9 8 2 
[00043177] 5 | 7 0 _ 11 1 _ 10 3 9 4 8 2 
[00043178] 4 | 7 0 _ 11 1 5 10 3 9 4 8 2 
[00043179] 7 | _ 0 7 11 1 _ 10 3 _ _ _ _ 
[00043180] 6 | 6 0 7 11 1 _ 10 3 _ _ _ _ 
[00043181] 5 | 6 0 7 11 1 _ 10 3 8 _ _ _ 
[00043182] 4 | 6 0 7 11 1 5 10 3 8 _ _ _ 
[00043183] 4 | 6 0 7 11 1 _ 10 3 8 4 _ _ 
[00043184] 3 | 6 0 7 11 1 _ 10 3 8 4 2 5 
[00043185] 3 | 6 0 7 11 1 _ 10 3 8 4 5 2 
[00043186] 4 | 6 0 7 11 1 _ 10 3 8 _ 5 9 
[00043187] 3 | 6 0 7 11 1 4 10 3 8 _ 5 9 
[00043188] 4 | 6 0 7 11 1 _ 10 3 8 _ 9 5 
[00043189] 3 | 6 0 7 11 1 4 10 3 8 _ 9 5 
[00043190] 5 | 6 0 7 11 1 _ 10 3 4 9 _ _ 
[00043191] 4 | 6 0 7 11 1 5 10 3 4 9 _ _ 
[00043192] 5 | 6 0 7 11 1 _ 10 3 9 4 _ _ 
[00043193] 4 | 6 0 7 11 1 5 10 3 9 4 _ _ 
[00043194] 5 | 6 0 7 11 1 _ 10 3 _ _ 8 _ 
[00043195] 4 | 6 0 7 11 1 5 10 3 _ _ 8 _ 
[00043196] 4 | 6 0 7 11 1 _ 10 3 5 9 8 _ 
[00043197] 3 | 6 0 7 11 1 4 10 3 5 9 8 _ 
[00043198] 4 | 6 0 7 11 1 _ 10 3 9 5 8 _ 
[00043199] 3 | 6 0 7 11 1 4 10 3 9 5 8 _ 
[00043200] 4 | 6 0 7 11 1 _ 10 3 _ _ 8 4 
[00043201] 3 | 6 0 7 11 1 _ 10 3 2 5 8 4 
[00043202] 3 | 6 0 7 11 1 _ 10 3 5 2 8 4 
[00043203] 5 | 6 0 7 11 1 _ 10 3 _ _ 4 9 
[00043204] 4 | 6 0 7 11 1 5 10 3 _ _ 4 9 
[00043205] 5 | 6 0 7 11 1 _ 10 3 _ _ 9 4 
[00043206] 4 | 6 0 7 11 1 5 10 3 _ _ 9 4 
[00043207] 6 | _ 0 7 11 1 _ 10 3 9 _ _ _ 
[00043208] 5 | 5 0 7 11 1 _ 10 3 9 _ _ _ 
[00043209] 4 | 5 0 7 11 1 _ 10 3 9 _ 2 6 
[00043210] 3 | 5 0 7 11 1 4 10 3 9 _ 2 6 
[00043211] 4 | 5 0 7 11 1 _ 10 3 9 _ 4 8 
[00043212] 3 | 5 0 7 11 1 _ 10 3 9 6 4 8 
[00043213] 4 | 5 0 7 11 1 _ 10 3 9 _ 6 2 
[00043214] 3 | 5 0 7 11 1 4 10 3 9 _ 6 2 
[00043215] 4 | 5 0 7 11 1 _ 10 3 9 _ 8 4 
[00043216] 3 | 5 0 7 11 1 _ 10 3 9 6 8 4 
[00043217] 5 | _ 0 7 11 1 6 10 3 9 _ _ _ 
[00043218] 4 | 4 0 7 11 1 6 10 3 9 _ _ _ 
[00043219] 3 | 4 0 7 11 1 6 10 3 9 _ 2 5 
[00043220] 3 | 4 0 7 11 1 6 10 3 9 _ 5 8 
[00043221] 3 | 4 0 7 11 1 6 10 3 9 _ 5 2 
[00043222] 3 | 4 0 7 11 1 6 10 3 9 _ 8 5 
[00043223] 4 | _ 0 7 11 1 6 10 3 9 5 _ _ 
[00043224] 3 | 3 0 7 11 1 6 10 3 9 5 _ _ 
[00043225] 2 | 3 0 7 11 1 6 10 3 9 5 2 4 
[00043226] 1 | 3 0 7 11 1 6 10 3 9 5 2 4  *Graceful*
[00043226] 2 | 3 0 7 11 1 6 10 3 9 5 4 2 
[00043227] 1 | 3 0 7 11 1 6 10 3 9 5 4 2  *Graceful*
[00043227] 3 | _ 0 7 11 1 6 10 3 9 5 0 _ 
[00043228] 2 | 2 0 7 11 1 6 10 3 9 5 0 _ 
[00043229] 2 | _ 0 7 11 1 6 10 3 9 5 0 2 
[00043230] 4 | _ 0 7 11 1 6 10 3 9 _ 4 8 
[00043231] 4 | _ 0 7 11 1 6 10 3 9 _ 8 4 
[00043232] 5 | _ 0 7 11 1 _ 10 3 9 4 _ _ 
[00043233] 4 | _ 0 7 11 1 5 10 3 9 4 _ _ 
[00043234] 3 | 3 0 7 11 1 5 10 3 9 4 _ _ 
[00043235] 2 | 3 0 7 11 1 5 10 3 9 4 6 8 
[00043236] 2 | 3 0 7 11 1 5 10 3 9 4 8 6 
[00043237] 3 | _ 0 7 11 1 5 10 3 9 4 0 _ 
[00043238] 2 | 2 0 7 11 1 5 10 3 9 4 0 _ 
[00043239] 2 | _ 0 7 11 1 5 10 3 9 4 0 2 
[00043240] 3 | _ 0 7 11 1 5 10 3 9 4 6 _ 
[00043241] 2 | 2 0 7 11 1 5 10 3 9 4 6 _ 
[00043242] 2 | _ 0 7 11 1 5 10 3 9 4 6 8 
[00043243] 4 | _ 0 7 11 1 _ 10 3 9 4 2 6 
[00043244] 4 | _ 0 7 11 1 _ 10 3 9 4 6 2 
[00043245] 5 | _ 0 7 11 1 _ 10 3 9 _ 8 _ 
[00043246] 4 | 4 0 7 11 1 _ 10 3 9 _ 8 _ 
[00043247] 3 | 4 0 7 11 1 _ 10 3 9 6 8 _ 
[00043248] 3 | 4 0 7 11 1 _ 10 3 9 _ 8 5 
[00043249] 4 | _ 0 7 11 1 5 10 3 9 _ 8 _ 
[00043250] 3 | _ 0 7 11 1 5 10 3 9 6 8 _ 
[00043251] 2 | 2 0 7 11 1 5 10 3 9 6 8 _ 
[00043252] 4 | _ 0 7 11 1 _ 10 3 9 5 8 _ 
[00043253] 3 | _ 0 7 11 1 4 10 3 9 5 8 _ 
[00043254] 2 | 2 0 7 11 1 4 10 3 9 5 8 _ 
[00043255] 2 | _ 0 7 11 1 4 10 3 9 5 8 6 
[00043256] 4 | _ 0 7 11 1 _ 10 3 9 _ 8 4 
[00043257] 3 | _ 0 7 11 1 _ 10 3 9 6 8 4 
[00043258] 2 | 2 0 7 11 1 _ 10 3 9 6 8 4 
[00043259] 6 | _ 0 7 11 1 _ 10 3 2 8 _ _ 
[00043260] 5 | 5 0 7 11 1 _ 10 3 2 8 _ _ 
[00043261] 5 | _ 0 7 11 1 6 10 3 2 8 _ _ 
[00043262] 4 | 4 0 7 11 1 6 10 3 2 8 _ _ 
[00043263] 4 | _ 0 7 11 1 6 10 3 2 8 5 9 
[00043264] 4 | _ 0 7 11 1 6 10 3 2 8 9 5 
[00043265] 5 | _ 0 7 11 1 _ 10 3 2 8 4 9 
[00043266] 4 | _ 0 7 11 1 5 10 3 2 8 4 9 
[00043267] 5 | _ 0 7 11 1 _ 10 3 2 8 9 4 
[00043268] 4 | _ 0 7 11 1 5 10 3 2 8 9 4 
[00043269] 6 | _ 0 7 11 1 _ 10 3 8 2 _ _ 
[00043270] 5 | 5 0 7 11 1 _ 10 3 8 2 _ _ 
[00043271] 5 | _ 0 7 11 1 6 10 3 8 2 _ _ 
[00043272] 4 | 4 0 7 11 1 6 10 3 8 2 _ _ 
[00043273] 4 | _ 0 7 11 1 6 10 3 8 2 5 9 
[00043274] 4 | _ 0 7 11 1 6 10 3 8 2 9 5 
[00043275] 5 | _ 0 7 11 1 _ 10 3 8 2 4 9 
[00043276] 4 | _ 0 7 11 1 5 10 3 8 2 4 9 
[00043277] 5 | _ 0 7 11 1 _ 10 3 8 2 9 4 
[00043278] 4 | _ 0 7 11 1 5 10 3 8 2 9 4 
[00043279] 6 | _ 0 7 11 1 _ 10 3 _ _ 9 _ 
[00043280] 5 | 5 0 7 11 1 _ 10 3 _ _ 9 _ 
[00043281] 4 | 5 0 7 11 1 _ 10 3 2 6 9 _ 
[00043282] 3 | 5 0 7 11 1 4 10 3 2 6 9 _ 
[00043283] 4 | 5 0 7 11 1 _ 10 3 4 8 9 _ 
[00043284] 3 | 5 0 7 11 1 _ 10 3 4 8 9 6 
[00043285] 4 | 5 0 7 11 1 _ 10 3 6 2 9 _ 
[00043286] 3 | 5 0 7 11 1 4 10 3 6 2 9 _ 
[00043287] 4 | 5 0 7 11 1 _ 10 3 8 4 9 _ 
[00043288] 3 | 5 0 7 11 1 _ 10 3 8 4 9 6 
[00043289] 5 | _ 0 7 11 1 6 10 3 _ _ 9 _ 
[00043290] 4 | 4 0 7 11 1 6 10 3 _ _ 9 _ 
[00043291] 3 | 4 0 7 11 1 6 10 3 2 5 9 _ 
[00043292] 3 | 4 0 7 11 1 6 10 3 5 8 9 _ 
[00043293] 3 | 4 0 7 11 1 6 10 3 5 2 9 _ 
[00043294] 3 | 4 0 7 11 1 6 10 3 8 5 9 _ 
[00043295] 4 | _ 0 7 11 1 6 10 3 4 8 9 _ 
[00043296] 4 | _ 0 7 11 1 6 10 3 8 4 9 _ 
[00043297] 4 | _ 0 7 11 1 6 10 3 _ _ 9 5 
[00043298] 3 | 3 0 7 11 1 6 10 3 _ _ 9 5 
[00043299] 2 | 3 0 7 11 1 6 10 3 2 4 9 5 
[00043300] 1 | 3 0 7 11 1 6 10 3 2 4 9 5  *Graceful*
[00043300] 2 | 3 0 7 11 1 6 10 3 4 2 9 5 
[00043301] 1 | 3 0 7 11 1 6 10 3 4 2 9 5  *Graceful*
[00043301] 3 | _ 0 7 11 1 6 10 3 0 _ 9 5 
[00043302] 2 | 2 0 7 11 1 6 10 3 0 _ 9 5 
[00043303] 2 | _ 0 7 11 1 6 10 3 0 2 9 5 
[00043304] 5 | _ 0 7 11 1 _ 10 3 8 _ 9 _ 
[00043305] 4 | 4 0 7 11 1 _ 10 3 8 _ 9 _ 
[00043306] 3 | 4 0 7 11 1 _ 10 3 8 5 9 _ 
[00043307] 3 | 4 0 7 11 1 _ 10 3 8 _ 9 6 
[00043308] 4 | _ 0 7 11 1 5 10 3 8 _ 9 _ 
[00043309] 3 | _ 0 7 11 1 5 10 3 8 _ 9 6 
[00043310] 2 | 2 0 7 11 1 5 10 3 8 _ 9 6 
[00043311] 4 | _ 0 7 11 1 _ 10 3 8 4 9 _ 
[00043312] 3 | _ 0 7 11 1 _ 10 3 8 4 9 6 
[00043313] 2 | 2 0 7 11 1 _ 10 3 8 4 9 6 
[00043314] 4 | _ 0 7 11 1 _ 10 3 8 _ 9 5 
[00043315] 3 | _ 0 7 11 1 4 10 3 8 _ 9 5 
[00043316] 2 | 2 0 7 11 1 4 10 3 8 _ 9 5 
[00043317] 2 | _ 0 7 11 1 4 10 3 8 6 9 5 
[00043318] 5 | _ 0 7 11 1 _ 10 3 _ _ 9 4 
[00043319] 4 | _ 0 7 11 1 5 10 3 _ _ 9 4 
[00043320] 3 | 3 0 7 11 1 5 10 3 _ _ 9 4 
[00043321] 2 | 3 0 7 11 1 5 10 3 6 8 9 4 
[00043322] 2 | 3 0 7 11 1 5 10 3 8 6 9 4 
[00043323] 3 | _ 0 7 11 1 5 10 3 0 _ 9 4 
[00043324] 2 | 2 0 7 11 1 5 10 3 0 _ 9 4 
[00043325] 2 | _ 0 7 11 1 5 10 3 0 2 9 4 
[00043326] 3 | _ 0 7 11 1 5 10 3 6 _ 9 4 
[00043327] 2 | 2 0 7 11 1 5 10 3 6 _ 9 4 
[00043328] 2 | _ 0 7 11 1 5 10 3 6 8 9 4 
[00043329] 4 | _ 0 7 11 1 _ 10 3 2 6 9 4 
[00043330] 4 | _ 0 7 11 1 _ 10 3 6 2 9 4 
[00043331] 6 | _ 0 7 11 1 _ 10 3 _ _ 2 8 
[00043332] 5 | 5 0 7 11 1 _ 10 3 _ _ 2 8 
[00043333] 5 | _ 0 7 11 1 6 10 3 _ _ 2 8 
[00043334] 4 | 4 0 7 11 1 6 10 3 _ _ 2 8 
[00043335] 4 | _ 0 7 11 1 6 10 3 5 9 2 8 
[00043336] 4 | _ 0 7 11 1 6 10 3 9 5 2 8 
[00043337] 5 | _ 0 7 11 1 _ 10 3 4 9 2 8 
[00043338] 4 | _ 0 7 11 1 5 10 3 4 9 2 8 
[00043339] 5 | _ 0 7 11 1 _ 10 3 9 4 2 8 
[00043340] 4 | _ 0 7 11 1 5 10 3 9 4 2 8 
[00043341] 6 | _ 0 7 11 1 _ 10 3 _ _ 8 2 
[00043342] 5 | 5 0 7 11 1 _ 10 3 _ _ 8 2 
[00043343] 5 | _ 0 7 11 1 6 10 3 _ _ 8 2 
[00043344] 4 | 4 0 7 11 1 6 10 3 _ _ 8 2 
[00043345] 4 | _ 0 7 11 1 6 10 3 5 9 8 2 
[00043346] 4 | _ 0 7 11 1 6 10 3 9 5 8 2 
[00043347] 5 | _ 0 7 11 1 _ 10 3 4 9 8 2 
[00043348] 4 | _ 0 7 11 1 5 10 3 4 9 8 2 
[00043349] 5 | _ 0 7 11 1 _ 10 3 9 4 8 2 
[00043350] 4 | _ 0 7 11 1 5 10 3 9 4 8 2 
[00043351] 7 | _ 0 _ 11 1 8 10 3 _ _ _ _ 
[00043352] 6 | 6 0 _ 11 1 8 10 3 _ _ _ _ 
[00043353] 5 | 6 0 5 11 1 8 10 3 _ _ _ _ 
[00043354] 4 | 6 0 5 11 1 8 10 3 7 _ _ _ 
[00043355] 3 | 6 0 5 11 1 8 10 3 7 4 _ _ 
[00043356] 4 | 6 0 5 11 1 8 10 3 _ _ 7 _ 
[00043357] 3 | 6 0 5 11 1 8 10 3 _ _ 7 4 
[00043358] 5 | 6 0 _ 11 1 8 10 3 2 7 _ _ 
[00043359] 4 | 6 0 4 11 1 8 10 3 2 7 _ _ 
[00043360] 4 | 6 0 _ 11 1 8 10 3 2 7 5 9 
[00043361] 4 | 6 0 _ 11 1 8 10 3 2 7 9 5 
[00043362] 5 | 6 0 _ 11 1 8 10 3 4 9 _ _ 
[00043363] 4 | 6 0 _ 11 1 8 10 3 4 9 7 _ 
[00043364] 5 | 6 0 _ 11 1 8 10 3 7 2 _ _ 
[00043365] 4 | 6 0 4 11 1 8 10 3 7 2 _ _ 
[00043366] 4 | 6 0 _ 11 1 8 10 3 7 2 5 9 
[00043367] 4 | 6 0 _ 11 1 8 10 3 7 2 9 5 
[00043368] 5 | 6 0 _ 11 1 8 10 3 9 4 _ _ 
[00043369] 4 | 6 0 _ 11 1 8 10 3 9 4 7 _ 
[00043370] 5 | 6 0 _ 11 1 8 10 3 _ _ 2 7 
[00043371] 4 | 6 0 4 11 1 8 10 3 _ _ 2 7 
[00043372] 4 | 6 0 _ 11 1 8 10 3 5 9 2 7 
[00043373] 4 | 6 0 _ 11 1 8 10 3 9 5 2 7 
[00043374] 5 | 6 0 _ 11 1 8 10 3 _ _ 4 9 
[00043375] 4 | 6 0 _ 11 1 8 10 3 7 _ 4 9 
[00043376] 5 | 6 0 _ 11 1 8 10 3 _ _ 7 2 
[00043377] 4 | 6 0 4 11 1 8 10 3 _ _ 7 2 
[00043378] 4 | 6 0 _ 11 1 8 10 3 5 9 7 2 
[00043379] 4 | 6 0 _ 11 1 8 10 3 9 5 7 2 
[00043380] 5 | 6 0 _ 11 1 8 10 3 _ _ 9 4 
[00043381] 4 | 6 0 _ 11 1 8 10 3 7 _ 9 4 
[00043382] 6 | _ 0 6 11 1 8 10 3 _ _ _ _ 
[00043383] 5 | 5 0 6 11 1 8 10 3 _ _ _ _ 
[00043384] 4 | 5 0 6 11 1 8 10 3 7 _ _ _ 
[00043385] 3 | 5 0 6 11 1 8 10 3 7 4 _ _ 
[00043386] 4 | 5 0 6 11 1 8 10 3 _ _ 7 _ 
[00043387] 3 | 5 0 6 11 1 8 10 3 _ _ 7 4 
[00043388] 5 | _ 0 6 11 1 8 10 3 2 7 _ _ 
[00043389] 4 | 4 0 6 11 1 8 10 3 2 7 _ _ 
[00043390] 4 | _ 0 6 11 1 8 10 3 2 7 5 9 
[00043391] 4 | _ 0 6 11 1 8 10 3 2 7 9 5 
[00043392] 5 | _ 0 6 11 1 8 10 3 4 9 _ _ 
[00043393] 4 | _ 0 6 11 1 8 10 3 4 9 7 _ 
[00043394] 5 | _ 0 6 11 1 8 10 3 7 2 _ _ 
[00043395] 4 | 4 0 6 11 1 8 10 3 7 2 _ _ 
[00043396] 4 | _ 0 6 11 1 8 10 3 7 2 5 9 
[00043397] 4 | _ 0 6 11 1 8 10 3 7 2 9 5 
[00043398] 5 | _ 0 6 11 1 8 10 3 9 4 _ _ 
[00043399] 4 | _ 0 6 11 1 8 10 3 9 4 7 _ 
[00043400] 5 | _ 0 6 11 1 8 10 3 _ _ 2 7 
[00043401] 4 | 4 0 6 11 1 8 10 3 _ _ 2 7 
[00043402] 4 | _ 0 6 11 1 8 10 3 5 9 2 7 
[00043403] 4 | _ 0 6 11 1 8 10 3 9 5 2 7 
[00043404] 5 | _ 0 6 11 1 8 10 3 _ _ 4 9 
[00043405] 4 | _ 0 6 11 1 8 10 3 7 _ 4 9 
[00043406] 5 | _ 0 6 11 1 8 10 3 _ _ 7 2 
[00043407] 4 | 4 0 6 11 1 8 10 3 _ _ 7 2 
[00043408] 4 | _ 0 6 11 1 8 10 3 5 9 7 2 
[00043409] 4 | _ 0 6 11 1 8 10 3 9 5 7 2 
[00043410] 5 | _ 0 6 11 1 8 10 3 _ _ 9 4 
[00043411] 4 | _ 0 6 11 1 8 10 3 7 _ 9 4 
[00043412] 6 | _ 0 _ 11 1 8 10 3 9 _ _ _ 
[00043413] 5 | 5 0 _ 11 1 8 10 3 9 _ _ _ 
[00043414] 4 | 5 0 4 11 1 8 10 3 9 _ _ _ 
[00043415] 3 | 5 0 4 11 1 8 10 3 9 6 _ _ 
[00043416] 3 | 5 0 4 11 1 8 10 3 9 _ 6 _ 
[00043417] 2 | 5 0 4 11 1 8 10 3 9 7 6 _ 
[00043418] 4 | 5 0 _ 11 1 8 10 3 9 _ 7 _ 
[00043419] 3 | 5 0 _ 11 1 8 10 3 9 6 7 _ 
[00043420] 2 | 5 0 2 11 1 8 10 3 9 6 7 _ 
[00043421] 3 | 5 0 _ 11 1 8 10 3 9 _ 7 4 
[00043422] 2 | 5 0 2 11 1 8 10 3 9 _ 7 4 
[00043423] 4 | 5 0 _ 11 1 8 10 3 9 _ 2 6 
[00043424] 4 | 5 0 _ 11 1 8 10 3 9 _ 6 2 
[00043425] 5 | _ 0 5 11 1 8 10 3 9 _ _ _ 
[00043426] 4 | 4 0 5 11 1 8 10 3 9 _ _ _ 
[00043427] 3 | 4 0 5 11 1 8 10 3 9 6 _ _ 
[00043428] 3 | 4 0 5 11 1 8 10 3 9 _ 6 _ 
[00043429] 2 | 4 0 5 11 1 8 10 3 9 7 6 _ 
[00043430] 4 | _ 0 5 11 1 8 10 3 9 _ 7 _ 
[00043431] 3 | _ 0 5 11 1 8 10 3 9 6 7 _ 
[00043432] 2 | 2 0 5 11 1 8 10 3 9 6 7 _ 
[00043433] 3 | _ 0 5 11 1 8 10 3 9 _ 7 4 
[00043434] 2 | 2 0 5 11 1 8 10 3 9 _ 7 4 
[00043435] 4 | _ 0 5 11 1 8 10 3 9 _ 2 6 
[00043436] 4 | _ 0 5 11 1 8 10 3 9 _ 6 2 
[00043437] 5 | _ 0 _ 11 1 8 10 3 9 4 _ _ 
[00043438] 4 | _ 0 _ 11 1 8 10 3 9 4 7 _ 
[00043439] 4 | _ 0 _ 11 1 8 10 3 9 4 2 6 
[00043440] 4 | _ 0 _ 11 1 8 10 3 9 4 6 2 
[00043441] 5 | _ 0 _ 11 1 8 10 3 9 _ 2 7 
[00043442] 4 | 4 0 _ 11 1 8 10 3 9 _ 2 7 
[00043443] 3 | 4 0 _ 11 1 8 10 3 9 6 2 7 
[00043444] 4 | _ 0 4 11 1 8 10 3 9 _ 2 7 
[00043445] 3 | _ 0 4 11 1 8 10 3 9 6 2 7 
[00043446] 4 | _ 0 _ 11 1 8 10 3 9 5 2 7 
[00043447] 5 | _ 0 _ 11 1 8 10 3 9 _ 7 2 
[00043448] 4 | 4 0 _ 11 1 8 10 3 9 _ 7 2 
[00043449] 3 | 4 0 _ 11 1 8 10 3 9 6 7 2 
[00043450] 4 | _ 0 4 11 1 8 10 3 9 _ 7 2 
[00043451] 3 | _ 0 4 11 1 8 10 3 9 6 7 2 
[00043452] 4 | _ 0 _ 11 1 8 10 3 9 5 7 2 
[00043453] 6 | _ 0 _ 11 1 8 10 3 _ _ 9 _ 
[00043454] 5 | 5 0 _ 11 1 8 10 3 _ _ 9 _ 
[00043455] 4 | 5 0 4 11 1 8 10 3 _ _ 9 _ 
[00043456] 3 | 5 0 4 11 1 8 10 3 6 _ 9 _ 
[00043457] 2 | 5 0 4 11 1 8 10 3 6 _ 9 7 
[00043458] 3 | 5 0 4 11 1 8 10 3 _ _ 9 6 
[00043459] 4 | 5 0 _ 11 1 8 10 3 7 _ 9 _ 
[00043460] 3 | 5 0 _ 11 1 8 10 3 7 4 9 _ 
[00043461] 2 | 5 0 2 11 1 8 10 3 7 4 9 _ 
[00043462] 3 | 5 0 _ 11 1 8 10 3 7 _ 9 6 
[00043463] 2 | 5 0 2 11 1 8 10 3 7 _ 9 6 
[00043464] 4 | 5 0 _ 11 1 8 10 3 2 6 9 _ 
[00043465] 4 | 5 0 _ 11 1 8 10 3 6 2 9 _ 
[00043466] 5 | _ 0 5 11 1 8 10 3 _ _ 9 _ 
[00043467] 4 | 4 0 5 11 1 8 10 3 _ _ 9 _ 
[00043468] 3 | 4 0 5 11 1 8 10 3 6 _ 9 _ 
[00043469] 2 | 4 0 5 11 1 8 10 3 6 _ 9 7 
[00043470] 3 | 4 0 5 11 1 8 10 3 _ _ 9 6 
[00043471] 4 | _ 0 5 11 1 8 10 3 7 _ 9 _ 
[00043472] 3 | _ 0 5 11 1 8 10 3 7 4 9 _ 
[00043473] 2 | 2 0 5 11 1 8 10 3 7 4 9 _ 
[00043474] 3 | _ 0 5 11 1 8 10 3 7 _ 9 6 
[00043475] 2 | 2 0 5 11 1 8 10 3 7 _ 9 6 
[00043476] 4 | _ 0 5 11 1 8 10 3 2 6 9 _ 
[00043477] 4 | _ 0 5 11 1 8 10 3 6 2 9 _ 
[00043478] 5 | _ 0 _ 11 1 8 10 3 2 7 9 _ 
[00043479] 4 | 4 0 _ 11 1 8 10 3 2 7 9 _ 
[00043480] 3 | 4 0 _ 11 1 8 10 3 2 7 9 6 
[00043481] 4 | _ 0 4 11 1 8 10 3 2 7 9 _ 
[00043482] 3 | _ 0 4 11 1 8 10 3 2 7 9 6 
[00043483] 4 | _ 0 _ 11 1 8 10 3 2 7 9 5 
[00043484] 5 | _ 0 _ 11 1 8 10 3 7 2 9 _ 
[00043485] 4 | 4 0 _ 11 1 8 10 3 7 2 9 _ 
[00043486] 3 | 4 0 _ 11 1 8 10 3 7 2 9 6 
[00043487] 4 | _ 0 4 11 1 8 10 3 7 2 9 _ 
[00043488] 3 | _ 0 4 11 1 8 10 3 7 2 9 6 
[00043489] 4 | _ 0 _ 11 1 8 10 3 7 2 9 5 
[00043490] 5 | _ 0 _ 11 1 8 10 3 _ _ 9 4 
[00043491] 4 | _ 0 _ 11 1 8 10 3 7 _ 9 4 
[00043492] 4 | _ 0 _ 11 1 8 10 3 2 6 9 4 
