[00000000] 5 | 0 5 _ _ _ _ 
[00000001] 4 | 0 5 1 _ _ _ 
[00000002] 3 | 0 5 1 2 _ _ 
[00000003] 2 | 0 5 1 2 4 _ 
[00000004] 1 | 0 5 1 2 4 3  *Graceful*
[00000004] 2 | 0 5 1 2 _ 4 
[00000005] 1 | 0 5 1 2 3 4  *Graceful*
[00000005] 4 | 0 5 _ 1 _ _ 
[00000006] 3 | 0 5 2 1 _ _ 
[00000007] 2 | 0 5 2 1 3 _ 
[00000008] 2 | 0 5 2 1 _ 3 
[00000009] 3 | 0 5 _ 1 4 _ 
[00000010] 2 | 0 5 3 1 4 _ 
[00000011] 1 | 0 5 3 1 4 2  *Graceful*
[00000011] 2 | 0 5 _ 1 4 3 
[00000012] 3 | 0 5 _ 1 _ 4 
[00000013] 2 | 0 5 3 1 _ 4 
[00000014] 1 | 0 5 3 1 2 4  *Graceful*
[00000014] 2 | 0 5 _ 1 3 4 
[00000015] 5 | 5 0 _ _ _ _ 
[00000016] 4 | 5 0 4 _ _ _ 
[00000017] 3 | 5 0 4 3 _ _ 
[00000018] 2 | 5 0 4 3 1 _ 
[00000019] 1 | 5 0 4 3 1 2  *Graceful*
[00000019] 2 | 5 0 4 3 _ 1 
[00000020] 1 | 5 0 4 3 2 1  *Graceful*
[00000020] 4 | 5 0 _ 4 _ _ 
[00000021] 3 | 5 0 3 4 _ _ 
[00000022] 2 | 5 0 3 4 2 _ 
[00000023] 2 | 5 0 3 4 _ 2 
[00000024] 3 | 5 0 _ 4 1 _ 
[00000025] 2 | 5 0 2 4 1 _ 
[00000026] 1 | 5 0 2 4 1 3  *Graceful*
[00000026] 2 | 5 0 _ 4 1 2 
[00000027] 3 | 5 0 _ 4 _ 1 
[00000028] 2 | 5 0 2 4 _ 1 
[00000029] 1 | 5 0 2 4 3 1  *Graceful*
[00000029] 2 | 5 0 _ 4 2 1 
[00000030] 5 | _ 0 5 _ _ _ 
[00000031] 4 | 4 0 5 _ _ _ 
[00000032] 3 | 4 0 5 3 _ _ 
[00000033] 2 | 4 0 5 3 1 _ 
[00000034] 1 | 4 0 5 3 1 2  *Graceful*
[00000034] 2 | 4 0 5 3 _ 1 
[00000035] 1 | 4 0 5 3 2 1  *Graceful*
[00000035] 4 | _ 0 5 4 _ _ 
[00000036] 3 | 3 0 5 4 _ _ 
[00000037] 2 | 3 0 5 4 2 _ 
[00000038] 2 | 3 0 5 4 _ 2 
[00000039] 3 | _ 0 5 4 1 _ 
