4 | 6 1 _ _ 7 0 3 _ 
3 | 6 1 4 _ 7 0 3 _ 
2 | 6 1 4 2 7 0 3 _ 
2 | 6 1 4 _ 7 0 3 5 
3 | 6 1 2 5 7 0 3 _ 
3 | 6 1 5 2 7 0 3 _ 
5 | _ 1 6 _ 7 0 _ _ 
4 | 5 1 6 _ 7 0 _ _ 
3 | 5 1 6 3 7 0 _ _ 
2 | 5 1 6 3 7 0 2 4 
2 | 5 1 6 3 7 0 4 2 
3 | 5 1 6 _ 7 0 4 _ 
2 | 5 1 6 4 7 0 4 _ 
2 | 5 1 6 _ 7 0 4 2 
2 | 5 1 6 _ 7 0 4 6 
4 | _ 1 6 2 7 0 _ _ 
3 | 4 1 6 2 7 0 _ _ 
2 | 4 1 6 2 7 0 5 _ 
2 | 4 1 6 2 7 0 3 5 
2 | 4 1 6 2 7 0 5 3 
3 | _ 1 6 2 7 0 4 _ 
2 | 3 1 6 2 7 0 4 _ 
4 | _ 1 6 _ 7 0 3 _ 
3 | 4 1 6 _ 7 0 3 _ 
2 | 4 1 6 _ 7 0 3 5 
3 | _ 1 6 3 7 0 3 _ 
3 | _ 1 6 _ 7 0 3 6 
5 | _ 1 _ _ 7 0 2 _ 
4 | 5 1 _ _ 7 0 2 _ 
3 | 5 1 4 _ 7 0 2 _ 
2 | 5 1 4 2 7 0 2 _ 
2 | 5 1 4 6 7 0 2 _ 
2 | 5 1 4 _ 7 0 2 4 
3 | 5 1 3 6 7 0 2 _ 
2 | 5 1 3 6 7 0 2 4 
3 | 5 1 6 3 7 0 2 _ 
2 | 5 1 6 3 7 0 2 4 
4 | _ 1 5 _ 7 0 2 _ 
3 | 4 1 5 _ 7 0 2 _ 
2 | 4 1 5 3 7 0 2 _ 
3 | _ 1 5 2 7 0 2 _ 
2 | 3 1 5 2 7 0 2 _ 
3 | _ 1 5 _ 7 0 2 5 
2 | 3 1 5 _ 7 0 2 5 
4 | _ 1 _ _ 7 0 2 6 
3 | 4 1 _ _ 7 0 2 6 
2 | 4 1 3 _ 7 0 2 6 
2 | 4 1 3 5 7 0 2 6 
2 | 4 1 5 3 7 0 2 6 
3 | _ 1 4 _ 7 0 2 6 
2 | 3 1 4 _ 7 0 2 6 
6 | _ _ _ _ 7 0 1 _ 
5 | _ 2 _ _ 7 0 1 _ 
4 | 6 2 _ _ 7 0 1 _ 
3 | 6 2 5 _ 7 0 1 _ 
2 | 6 2 5 3 7 0 1 _ 
2 | 6 2 5 _ 7 0 1 3 
3 | 6 2 _ _ 7 0 1 4 
2 | 6 2 3 5 7 0 1 4 
1 | 6 2 3 5 7 0 1 4  *Graceful*
2 | 6 2 5 3 7 0 1 4 
4 | _ 2 6 _ 7 0 1 _ 
3 | 5 2 6 _ 7 0 1 _ 
2 | 5 2 6 4 7 0 1 _ 
2 | 5 2 6 _ 7 0 1 3 
3 | _ 2 6 3 7 0 1 _ 
2 | 4 2 6 3 7 0 1 _ 
3 | _ 2 6 _ 7 0 1 4 
4 | _ 2 _ _ 7 0 1 5 
3 | _ 2 3 6 7 0 1 5 
2 | 4 2 3 6 7 0 1 5 
1 | 4 2 3 6 7 0 1 5  *Graceful*
3 | _ 2 6 3 7 0 1 5 
2 | 4 2 6 3 7 0 1 5 
5 | _ _ _ _ 7 0 1 6 
4 | _ 3 _ _ 7 0 1 6 
3 | _ 3 2 5 7 0 1 6 
3 | _ 3 5 2 7 0 1 6 
7 | _ _ _ _ 0 _ 7 _ 
6 | _ 6 _ _ 0 _ 7 _ 
5 | 1 6 _ _ 0 _ 7 _ 
4 | 1 6 2 _ 0 _ 7 _ 
3 | 1 6 2 5 0 _ 7 _ 
3 | 1 6 2 _ 0 3 7 _ 
2 | 1 6 2 4 0 3 7 _ 
2 | 1 6 2 _ 0 3 7 5 
3 | 1 6 2 _ 0 _ 7 4 
2 | 1 6 2 0 0 _ 7 4 
2 | 1 6 2 _ 0 2 7 4 
4 | 1 6 _ _ 0 4 7 _ 
3 | 1 6 3 _ 0 4 7 _ 
2 | 1 6 3 5 0 4 7 _ 
2 | 1 6 3 _ 0 4 7 5 
3 | 1 6 2 5 0 4 7 _ 
3 | 1 6 5 2 0 4 7 _ 
4 | 1 6 _ _ 0 _ 7 3 
3 | 1 6 2 5 0 _ 7 3 
3 | 1 6 5 2 0 _ 7 3 
5 | _ 6 1 _ 0 _ 7 _ 
4 | 2 6 1 _ 0 _ 7 _ 
3 | 2 6 1 4 0 _ 7 _ 
2 | 2 6 1 4 0 _ 7 5 
3 | 2 6 1 _ 0 3 7 _ 
2 | 2 6 1 _ 0 3 7 5 
3 | 2 6 1 _ 0 _ 7 4 
2 | 2 6 1 3 0 _ 7 4 
4 | _ 6 1 5 0 _ 7 _ 
3 | 3 6 1 5 0 _ 7 _ 
2 | 3 6 1 5 0 2 7 _ 
3 | _ 6 1 5 0 3 7 _ 
2 | 4 6 1 5 0 3 7 _ 
3 | _ 6 1 5 0 _ 7 4 
2 | _ 6 1 5 0 2 7 4 
4 | _ 6 1 _ 0 4 7 _ 
3 | 3 6 1 _ 0 4 7 _ 
2 | 3 6 1 _ 0 4 7 5 
4 | _ 6 1 _ 0 _ 7 3 
3 | _ 6 1 4 0 _ 7 3 
2 | _ 6 1 4 0 2 7 3 
5 | _ 6 _ _ 0 5 7 _ 
4 | 2 6 _ _ 0 5 7 _ 
3 | 2 6 3 _ 0 5 7 _ 
2 | 2 6 3 1 0 5 7 _ 
3 | 2 6 1 4 0 5 7 _ 
3 | 2 6 4 1 0 5 7 _ 
3 | 2 6 _ _ 0 5 7 4 
2 | 2 6 1 3 0 5 7 4 
2 | 2 6 3 1 0 5 7 4 
4 | _ 6 2 _ 0 5 7 _ 
3 | 3 6 2 _ 0 5 7 _ 
2 | 3 6 2 4 0 5 7 _ 
3 | _ 6 2 _ 0 5 7 4 
4 | _ 6 _ _ 0 5 7 3 
3 | _ 6 1 4 0 5 7 3 
3 | _ 6 4 1 0 5 7 3 
5 | _ 6 _ _ 0 _ 7 2 
4 | _ 6 1 5 0 _ 7 2 
3 | 3 6 1 5 0 _ 7 2 
3 | _ 6 1 5 0 3 7 2 
2 | 4 6 1 5 0 3 7 2 
4 | _ 6 5 1 0 _ 7 2 
3 | 3 6 5 1 0 _ 7 2 
3 | _ 6 5 1 0 3 7 2 
2 | 4 6 5 1 0 3 7 2 
1 | 4 6 5 1 0 3 7 2  *Graceful*
4 | _ 6 _ _ 0 4 7 2 
3 | 3 6 _ _ 0 4 7 2 
3 | _ 6 3 _ 0 4 7 2 
2 | _ 6 3 1 0 4 7 2 
2 | _ 6 3 5 0 4 7 2 
6 | _ _ _ _ 0 6 7 _ 
5 | _ 5 _ _ 0 6 7 _ 
4 | 1 5 _ _ 0 6 7 _ 
3 | 1 5 2 _ 0 6 7 _ 
2 | 1 5 2 4 0 6 7 _ 
3 | 1 5 _ _ 0 6 7 4 
2 | 1 5 3 _ 0 6 7 4 
4 | _ 5 1 _ 0 6 7 _ 
3 | 2 5 1 _ 0 6 7 _ 
2 | 2 5 1 3 0 6 7 _ 
3 | _ 5 1 4 0 6 7 _ 
2 | 3 5 1 4 0 6 7 _ 
2 | 7 5 1 4 0 6 7 _ 
2 | _ 5 1 4 0 6 7 5 
3 | _ 5 1 _ 0 6 7 4 
2 | 3 5 1 _ 0 6 7 4 
2 | _ 5 1 3 0 6 7 4 
4 | _ 5 _ _ 0 6 7 3 
3 | 2 5 _ _ 0 6 7 3 
3 | _ 5 2 _ 0 6 7 3 
2 | _ 5 2 4 0 6 7 3 
3 | _ 5 1 4 0 6 7 3 
3 | _ 5 4 1 0 6 7 3 
5 | _ _ _ _ 0 6 7 2 
4 | 1 5 _ _ 0 6 7 2 
4 | 5 1 _ _ 0 6 7 2 
3 | 5 1 4 _ 0 6 7 2 
4 | _ 1 5 _ 0 6 7 2 
3 | 4 1 5 _ 0 6 7 2 
2 | 4 1 5 3 0 6 7 2 
1 | 4 1 5 3 0 6 7 2  *Graceful*
4 | _ 5 1 _ 0 6 7 2 
4 | _ _ 1 5 0 6 7 2 
3 | _ 4 1 5 0 6 7 2 
3 | _ 3 1 5 0 6 7 2 
4 | _ _ 5 1 0 6 7 2 
3 | _ 3 5 1 0 6 7 2 
4 | _ 4 _ _ 0 6 7 2 
3 | 1 4 _ _ 0 6 7 2 
2 | 1 4 3 5 0 6 7 2 
1 | 1 4 3 5 0 6 7 2  *Graceful*
2 | 1 4 5 3 0 6 7 2 
1 | 1 4 5 3 0 6 7 2  *Graceful*
3 | _ 4 1 _ 0 6 7 2 
2 | _ 4 1 3 0 6 7 2 
6 | _ _ _ _ 0 _ 7 1 
5 | _ 5 _ _ 0 _ 7 1 
4 | _ 5 2 6 0 _ 7 1 
3 | _ 5 2 6 0 3 7 1 
4 | _ 5 6 2 0 _ 7 1 
3 | _ 5 6 2 0 3 7 1 
4 | _ 5 _ _ 0 4 7 1 
3 | 2 5 _ _ 0 4 7 1 
2 | 2 5 3 _ 0 4 7 1 
3 | _ 5 2 _ 0 4 7 1 
2 | 3 5 2 _ 0 4 7 1 
3 | _ 5 3 6 0 4 7 1 
3 | _ 5 6 3 0 4 7 1 
5 | _ _ _ _ 0 5 7 1 
4 | 2 6 _ _ 0 5 7 1 
4 | 6 2 _ _ 0 5 7 1 
4 | _ 2 6 _ 0 5 7 1 
3 | _ 2 6 3 0 5 7 1 
2 | 4 2 6 3 0 5 7 1 
4 | _ 6 2 _ 0 5 7 1 
4 | _ _ 2 6 0 5 7 1 
3 | _ 3 2 6 0 5 7 1 
4 | _ _ 6 2 0 5 7 1 
3 | _ 3 6 2 0 5 7 1 
3 | _ 3 6 2 0 5 7 1 
4 | _ 4 _ _ 0 5 7 1 
3 | _ 4 3 6 0 5 7 1 
2 | 2 4 3 6 0 5 7 1 
1 | 2 4 3 6 0 5 7 1  *Graceful*
3 | _ 4 6 3 0 5 7 1 
2 | 2 4 6 3 0 5 7 1 
7 | _ _ _ _ 7 _ 0 _ 
6 | _ 1 _ _ 7 _ 0 _ 
5 | 6 1 _ _ 7 _ 0 _ 
4 | 6 1 5 _ 7 _ 0 _ 
3 | 6 1 5 2 7 _ 0 _ 
3 | 6 1 5 _ 7 4 0 _ 
2 | 6 1 5 3 7 4 0 _ 
2 | 6 1 5 _ 7 4 0 2 
3 | 6 1 5 _ 7 _ 0 3 
2 | 6 1 5 7 7 _ 0 3 
2 | 6 1 5 _ 7 5 0 3 
4 | 6 1 _ _ 7 3 0 _ 
3 | 6 1 4 _ 7 3 0 _ 
2 | 6 1 4 2 7 3 0 _ 
2 | 6 1 4 _ 7 3 0 2 
3 | 6 1 2 5 7 3 0 _ 
3 | 6 1 5 2 7 3 0 _ 
4 | 6 1 _ _ 7 _ 0 4 
3 | 6 1 2 5 7 _ 0 4 
3 | 6 1 5 2 7 _ 0 4 
5 | _ 1 6 _ 7 _ 0 _ 
4 | 5 1 6 _ 7 _ 0 _ 
3 | 5 1 6 3 7 _ 0 _ 
2 | 5 1 6 3 7 _ 0 2 
3 | 5 1 6 _ 7 4 0 _ 
2 | 5 1 6 _ 7 4 0 2 
3 | 5 1 6 _ 7 _ 0 3 
2 | 5 1 6 4 7 _ 0 3 
4 | _ 1 6 2 7 _ 0 _ 
3 | 4 1 6 2 7 _ 0 _ 
2 | 4 1 6 2 7 5 0 _ 
3 | _ 1 6 2 7 4 0 _ 
2 | 3 1 6 2 7 4 0 _ 
3 | _ 1 6 2 7 _ 0 3 
2 | _ 1 6 2 7 5 0 3 
4 | _ 1 6 _ 7 3 0 _ 
3 | 4 1 6 _ 7 3 0 _ 
2 | 4 1 6 _ 7 3 0 2 
4 | _ 1 6 _ 7 _ 0 4 
3 | _ 1 6 3 7 _ 0 4 
2 | _ 1 6 3 7 5 0 4 
5 | _ 1 _ _ 7 2 0 _ 
4 | 5 1 _ _ 7 2 0 _ 
3 | 5 1 4 _ 7 2 0 _ 
2 | 5 1 4 6 7 2 0 _ 
3 | 5 1 3 6 7 2 0 _ 
3 | 5 1 6 3 7 2 0 _ 
3 | 5 1 _ _ 7 2 0 3 
2 | 5 1 4 6 7 2 0 3 
2 | 5 1 6 4 7 2 0 3 
4 | _ 1 5 _ 7 2 0 _ 
3 | 4 1 5 _ 7 2 0 _ 
2 | 4 1 5 3 7 2 0 _ 
3 | _ 1 5 _ 7 2 0 3 
4 | _ 1 _ _ 7 2 0 4 
3 | _ 1 3 6 7 2 0 4 
3 | _ 1 6 3 7 2 0 4 
5 | _ 1 _ _ 7 _ 0 5 
4 | _ 1 2 6 7 _ 0 5 
3 | 4 1 2 6 7 _ 0 5 
3 | _ 1 2 6 7 4 0 5 
2 | 3 1 2 6 7 4 0 5 
1 | 3 1 2 6 7 4 0 5  *Graceful*
4 | _ 1 6 2 7 _ 0 5 
3 | 4 1 6 2 7 _ 0 5 
3 | _ 1 6 2 7 4 0 5 
2 | 3 1 6 2 7 4 0 5 
4 | _ 1 _ _ 7 3 0 5 
3 | 4 1 _ _ 7 3 0 5 
3 | _ 1 4 _ 7 3 0 5 
2 | _ 1 4 2 7 3 0 5 
2 | _ 1 4 6 7 3 0 5 
6 | _ _ _ _ 7 1 0 _ 
5 | _ 2 _ _ 7 1 0 _ 
4 | 6 2 _ _ 7 1 0 _ 
3 | 6 2 5 _ 7 1 0 _ 
2 | 6 2 5 3 7 1 0 _ 
3 | 6 2 _ _ 7 1 0 3 
2 | 6 2 4 _ 7 1 0 3 
4 | _ 2 6 _ 7 1 0 _ 
3 | 5 2 6 _ 7 1 0 _ 
2 | 5 2 6 4 7 1 0 _ 
3 | _ 2 6 3 7 1 0 _ 
2 | 0 2 6 3 7 1 0 _ 
2 | 4 2 6 3 7 1 0 _ 
2 | _ 2 6 3 7 1 0 2 
3 | _ 2 6 _ 7 1 0 3 
2 | 4 2 6 _ 7 1 0 3 
2 | _ 2 6 4 7 1 0 3 
4 | _ 2 _ _ 7 1 0 4 
3 | 5 2 _ _ 7 1 0 4 
3 | _ 2 5 _ 7 1 0 4 
2 | _ 2 5 3 7 1 0 4 
3 | _ 2 3 6 7 1 0 4 
3 | _ 2 6 3 7 1 0 4 
5 | _ _ _ _ 7 1 0 5 
4 | 2 6 _ _ 7 1 0 5 
3 | 2 6 3 _ 7 1 0 5 
4 | 6 2 _ _ 7 1 0 5 
4 | _ 2 6 _ 7 1 0 5 
4 | _ 6 2 _ 7 1 0 5 
3 | 3 6 2 _ 7 1 0 5 
2 | 3 6 2 4 7 1 0 5 
1 | 3 6 2 4 7 1 0 5  *Graceful*
4 | _ _ 2 6 7 1 0 5 
3 | _ 4 2 6 7 1 0 5 
4 | _ _ 6 2 7 1 0 5 
3 | _ 3 6 2 7 1 0 5 
3 | _ 4 6 2 7 1 0 5 
4 | _ 3 _ _ 7 1 0 5 
3 | 6 3 _ _ 7 1 0 5 
2 | 6 3 2 4 7 1 0 5 
1 | 6 3 2 4 7 1 0 5  *Graceful*
2 | 6 3 4 2 7 1 0 5 
1 | 6 3 4 2 7 1 0 5  *Graceful*
3 | _ 3 6 _ 7 1 0 5 
2 | _ 3 6 4 7 1 0 5 
6 | _ _ _ _ 7 _ 0 6 
5 | _ 2 _ _ 7 _ 0 6 
4 | _ 2 1 5 7 _ 0 6 
3 | _ 2 1 5 7 4 0 6 
4 | _ 2 5 1 7 _ 0 6 
3 | _ 2 5 1 7 4 0 6 
4 | _ 2 _ _ 7 3 0 6 
3 | 5 2 _ _ 7 3 0 6 
2 | 5 2 4 _ 7 3 0 6 
3 | _ 2 5 _ 7 3 0 6 
2 | 4 2 5 _ 7 3 0 6 
3 | _ 2 1 4 7 3 0 6 
3 | _ 2 4 1 7 3 0 6 
5 | _ _ _ _ 7 2 0 6 
4 | 1 5 _ _ 7 2 0 6 
4 | 5 1 _ _ 7 2 0 6 
4 | _ 1 5 _ 7 2 0 6 
4 | _ 5 1 _ 7 2 0 6 
3 | _ 5 1 4 7 2 0 6 
2 | 3 5 1 4 7 2 0 6 
4 | _ _ 1 5 7 2 0 6 
3 | _ 4 1 5 7 2 0 6 
3 | _ 4 1 5 7 2 0 6 
4 | _ _ 5 1 7 2 0 6 
3 | _ 4 5 1 7 2 0 6 
4 | _ 3 _ _ 7 2 0 6 
3 | _ 3 1 4 7 2 0 6 
2 | 5 3 1 4 7 2 0 6 
3 | _ 3 4 1 7 2 0 6 
2 | 5 3 4 1 7 2 0 6 
1 | 5 3 4 1 7 2 0 6  *Graceful*
7 | _ _ _ _ _ _ 0 7 
6 | _ _ _ _ 6 _ 0 7 
5 | _ 1 _ _ 6 _ 0 7 
4 | 5 1 _ _ 6 _ 0 7 
3 | 5 1 4 _ 6 _ 0 7 
2 | 5 1 4 2 6 _ 0 7 
2 | 5 1 4 6 6 _ 0 7 
2 | 5 1 4 _ 6 4 0 7 
3 | 5 1 _ _ 6 3 0 7 
2 | 5 1 2 4 6 3 0 7 
1 | 5 1 2 4 6 3 0 7  *Graceful*
2 | 5 1 4 2 6 3 0 7 
4 | _ 1 5 _ 6 _ 0 7 
3 | 4 1 5 _ 6 _ 0 7 
2 | 4 1 5 3 6 _ 0 7 
3 | _ 1 5 2 6 _ 0 7 
2 | 3 1 5 2 6 _ 0 7 
2 | _ 1 5 2 6 4 0 7 
3 | _ 1 5 _ 6 3 0 7 
4 | _ 1 _ _ 6 2 0 7 
3 | 4 1 _ _ 6 2 0 7 
2 | 4 1 3 _ 6 2 0 7 
2 | 4 1 3 5 6 2 0 7 
2 | 4 1 5 3 6 2 0 7 
3 | _ 1 4 _ 6 2 0 7 
2 | 3 1 4 _ 6 2 0 7 
