[00000842] 3 | 6 1 2 5 7 0 4 _ 
[00000843] 3 | 6 1 5 2 7 0 4 _ 
[00000844] 3 | 6 1 _ _ 7 0 4 3 
[00000845] 4 | 6 1 _ _ 7 0 _ 4 
[00000846] 3 | 6 1 2 5 7 0 _ 4 
[00000847] 3 | 6 1 5 2 7 0 _ 4 
[00000848] 3 | 6 1 _ _ 7 0 3 4 
[00000849] 5 | _ 1 6 _ 7 0 _ _ 
[00000850] 4 | 5 1 6 _ 7 0 _ _ 
[00000851] 3 | 5 1 6 3 7 0 _ _ 
[00000852] 2 | 5 1 6 3 7 0 2 _ 
[00000853] 2 | 5 1 6 3 7 0 _ 2 
[00000854] 3 | 5 1 6 _ 7 0 3 _ 
[00000855] 2 | 5 1 6 4 7 0 3 _ 
[00000856] 2 | 5 1 6 _ 7 0 3 2 
[00000857] 3 | 5 1 6 _ 7 0 _ 3 
[00000858] 2 | 5 1 6 4 7 0 _ 3 
[00000859] 2 | 5 1 6 _ 7 0 2 3 
[00000860] 4 | _ 1 6 2 7 0 _ _ 
[00000861] 3 | 4 1 6 2 7 0 _ _ 
[00000862] 3 | _ 1 6 2 7 0 3 _ 
[00000863] 3 | _ 1 6 2 7 0 _ 3 
[00000864] 4 | _ 1 6 _ 7 0 4 _ 
[00000865] 3 | _ 1 6 3 7 0 4 _ 
[00000866] 2 | _ 1 6 3 7 0 4 2 
[00000867] 3 | _ 1 6 _ 7 0 4 3 
[00000868] 4 | _ 1 6 _ 7 0 _ 4 
[00000869] 3 | _ 1 6 3 7 0 _ 4 
[00000870] 2 | _ 1 6 3 7 0 2 4 
[00000871] 3 | _ 1 6 _ 7 0 3 4 
[00000872] 5 | _ 1 _ _ 7 0 5 _ 
[00000873] 4 | _ 1 2 6 7 0 5 _ 
[00000874] 3 | 4 1 2 6 7 0 5 _ 
[00000875] 3 | _ 1 2 6 7 0 5 3 
[00000876] 4 | _ 1 6 2 7 0 5 _ 
[00000877] 3 | 4 1 6 2 7 0 5 _ 
[00000878] 3 | _ 1 6 2 7 0 5 3 
[00000879] 4 | _ 1 _ _ 7 0 5 4 
[00000880] 3 | _ 1 3 6 7 0 5 4 
[00000881] 3 | _ 1 6 3 7 0 5 4 
[00000882] 5 | _ 1 _ _ 7 0 _ 5 
[00000883] 4 | _ 1 2 6 7 0 _ 5 
[00000884] 3 | 4 1 2 6 7 0 _ 5 
[00000885] 3 | _ 1 2 6 7 0 3 5 
[00000886] 4 | _ 1 6 2 7 0 _ 5 
[00000887] 3 | 4 1 6 2 7 0 _ 5 
[00000888] 3 | _ 1 6 2 7 0 3 5 
[00000889] 4 | _ 1 _ _ 7 0 4 5 
[00000890] 3 | _ 1 3 6 7 0 4 5 
[00000891] 3 | _ 1 6 3 7 0 4 5 
