[00000564] 1 | 2 0 3 4 7 1 6 5  *Graceful*
[00000564] 5 | _ 0 _ _ 7 1 _ 6 
[00000565] 4 | 4 0 _ _ 7 1 _ 6 
[00000566] 3 | 4 0 3 _ 7 1 _ 6 
[00000567] 2 | 4 0 3 1 7 1 _ 6 
[00000568] 2 | 4 0 3 5 7 1 _ 6 
[00000569] 1 | 4 0 3 5 7 1 2 6  *Graceful*
[00000569] 2 | 4 0 3 _ 7 1 3 6 
[00000570] 3 | 4 0 2 5 7 1 _ 6 
[00000571] 2 | 4 0 2 5 7 1 3 6 
[00000572] 3 | 4 0 5 2 7 1 _ 6 
[00000573] 2 | 4 0 5 2 7 1 3 6 
[00000574] 4 | _ 0 4 _ 7 1 _ 6 
[00000575] 3 | 3 0 4 _ 7 1 _ 6 
[00000576] 2 | 3 0 4 2 7 1 _ 6 
[00000577] 3 | _ 0 4 1 7 1 _ 6 
[00000578] 2 | 2 0 4 1 7 1 _ 6 
[00000579] 3 | _ 0 4 _ 7 1 4 6 
[00000580] 2 | 2 0 4 _ 7 1 4 6 
[00000581] 4 | _ 0 _ _ 7 1 5 6 
[00000582] 3 | 3 0 _ _ 7 1 5 6 
[00000583] 2 | 3 0 2 _ 7 1 5 6 
[00000584] 2 | 3 0 2 4 7 1 5 6 
[00000585] 2 | 3 0 4 2 7 1 5 6 
[00000586] 3 | _ 0 3 _ 7 1 5 6 
[00000587] 2 | 2 0 3 _ 7 1 5 6 
[00000588] 1 | 2 0 3 4 7 1 5 6  *Graceful*
[00000588] 7 | _ 7 _ _ 0 _ _ _ 
[00000589] 6 | 1 7 _ _ 0 _ _ _ 
[00000590] 5 | 1 7 2 _ 0 _ _ _ 
[00000591] 4 | 1 7 2 6 0 _ _ _ 
[00000592] 3 | 1 7 2 6 0 3 _ _ 
[00000593] 2 | 1 7 2 6 0 3 5 _ 
[00000594] 1 | 1 7 2 6 0 3 5 4  *Graceful*
[00000594] 2 | 1 7 2 6 0 3 _ 5 
[00000595] 1 | 1 7 2 6 0 3 4 5  *Graceful*
[00000595] 4 | 1 7 2 _ 0 4 _ _ 
[00000596] 3 | 1 7 2 5 0 4 _ _ 
[00000597] 2 | 1 7 2 5 0 4 6 _ 
[00000598] 1 | 1 7 2 5 0 4 6 3  *Graceful*
[00000598] 2 | 1 7 2 5 0 4 _ 6 
[00000599] 1 | 1 7 2 5 0 4 3 6  *Graceful*
[00000599] 5 | 1 7 _ _ 0 5 _ _ 
[00000600] 4 | 1 7 3 _ 0 5 _ _ 
[00000601] 3 | 1 7 3 6 0 5 _ _ 
[00000602] 3 | 1 7 3 _ 0 5 2 _ 
[00000603] 2 | 1 7 3 5 0 5 2 _ 
[00000604] 2 | 1 7 3 _ 0 5 2 3 
[00000605] 3 | 1 7 3 _ 0 5 _ 2 
[00000606] 2 | 1 7 3 5 0 5 _ 2 
