[00000421] 2 | _ 6 0 7 1 5 3 2 
[00000422] 7 | _ _ 7 0 _ _ _ _ 
[00000423] 6 | _ 1 7 0 _ _ _ _ 
[00000424] 5 | 6 1 7 0 _ _ _ _ 
[00000425] 4 | 6 1 7 0 5 _ _ _ 
[00000426] 3 | 6 1 7 0 5 2 _ _ 
[00000427] 2 | 6 1 7 0 5 2 4 _ 
[00000428] 1 | 6 1 7 0 5 2 4 3  *Graceful*
[00000428] 2 | 6 1 7 0 5 2 _ 4 
[00000429] 1 | 6 1 7 0 5 2 3 4  *Graceful*
[00000429] 5 | _ 1 7 0 6 _ _ _ 
[00000430] 4 | 5 1 7 0 6 _ _ _ 
[00000431] 3 | 5 1 7 0 6 3 _ _ 
[00000432] 4 | _ 1 7 0 6 2 _ _ 
[00000433] 3 | 4 1 7 0 6 2 _ _ 
[00000434] 3 | _ 1 7 0 6 2 5 _ 
[00000435] 2 | 3 1 7 0 6 2 5 _ 
[00000436] 2 | _ 1 7 0 6 2 5 4 
[00000437] 3 | _ 1 7 0 6 2 _ 5 
[00000438] 2 | 3 1 7 0 6 2 _ 5 
[00000439] 2 | _ 1 7 0 6 2 4 5 
[00000440] 7 | _ 0 _ _ 7 _ _ _ 
[00000441] 6 | 6 0 _ _ 7 _ _ _ 
[00000442] 5 | 6 0 5 _ 7 _ _ _ 
[00000443] 4 | 6 0 5 1 7 _ _ _ 
[00000444] 3 | 6 0 5 1 7 4 _ _ 
[00000445] 2 | 6 0 5 1 7 4 2 _ 
[00000446] 1 | 6 0 5 1 7 4 2 3  *Graceful*
[00000446] 2 | 6 0 5 1 7 4 _ 2 
[00000447] 1 | 6 0 5 1 7 4 3 2  *Graceful*
[00000447] 4 | 6 0 5 _ 7 3 _ _ 
[00000448] 3 | 6 0 5 2 7 3 _ _ 
[00000449] 2 | 6 0 5 2 7 3 1 _ 
[00000450] 1 | 6 0 5 2 7 3 1 4  *Graceful*
[00000450] 2 | 6 0 5 2 7 3 _ 1 
[00000451] 1 | 6 0 5 2 7 3 4 1  *Graceful*
[00000451] 5 | 6 0 _ _ 7 2 _ _ 
[00000452] 4 | 6 0 4 _ 7 2 _ _ 
[00000453] 3 | 6 0 4 1 7 2 _ _ 
[00000454] 3 | 6 0 4 _ 7 2 5 _ 
[00000455] 2 | 6 0 4 2 7 2 5 _ 
[00000456] 2 | 6 0 4 _ 7 2 5 4 
[00000457] 3 | 6 0 4 _ 7 2 _ 5 
[00000458] 2 | 6 0 4 2 7 2 _ 5 
[00000459] 2 | 6 0 4 _ 7 2 4 5 
[00000460] 4 | 6 0 1 5 7 2 _ _ 
[00000461] 4 | 6 0 5 1 7 2 _ _ 
[00000462] 6 | _ 0 6 _ 7 _ _ _ 
[00000463] 5 | 5 0 6 _ 7 _ _ _ 
[00000464] 4 | 5 0 6 2 7 _ _ _ 
