[00000185] 5 | _ 0 7 1 5 _ _ _ 
[00000186] 4 | 4 0 7 1 5 _ _ _ 
[00000187] 3 | 4 0 7 1 5 2 _ _ 
[00000188] 3 | 4 0 7 1 5 3 6 _ 
[00000189] 3 | 4 0 7 1 5 6 3 _ 
[00000190] 3 | 4 0 7 1 5 3 _ 6 
[00000191] 3 | 4 0 7 1 5 6 _ 3 
[00000192] 4 | _ 0 7 1 5 2 6 _ 
[00000193] 3 | 3 0 7 1 5 2 6 _ 
[00000194] 2 | 3 0 7 1 5 2 6 4 
[00000195] 4 | _ 0 7 1 5 6 2 _ 
[00000196] 3 | 3 0 7 1 5 6 2 _ 
[00000197] 2 | 3 0 7 1 5 6 2 4 
[00000198] 1 | 3 0 7 1 5 6 2 4  *Graceful*
[00000198] 3 | _ 0 7 1 5 6 2 3 
[00000199] 4 | _ 0 7 1 5 2 _ 6 
[00000200] 3 | 3 0 7 1 5 2 _ 6 
[00000201] 2 | 3 0 7 1 5 2 4 6 
[00000202] 4 | _ 0 7 1 5 6 _ 2 
[00000203] 3 | 3 0 7 1 5 6 _ 2 
[00000204] 2 | 3 0 7 1 5 6 4 2 
[00000205] 1 | 3 0 7 1 5 6 4 2  *Graceful*
[00000205] 3 | _ 0 7 1 5 6 3 2 
[00000206] 6 | _ 0 7 _ 6 _ _ _ 
[00000207] 5 | 5 0 7 _ 6 _ _ _ 
[00000208] 4 | 5 0 7 3 6 _ _ _ 
[00000209] 3 | 5 0 7 3 6 1 4 _ 
[00000210] 3 | 5 0 7 3 6 4 1 _ 
[00000211] 2 | 5 0 7 3 6 4 1 2 
[00000212] 3 | 5 0 7 3 6 1 _ 4 
[00000213] 3 | 5 0 7 3 6 4 _ 1 
[00000214] 2 | 5 0 7 3 6 4 2 1 
[00000215] 4 | 5 0 7 _ 6 2 _ _ 
[00000216] 3 | 5 0 7 4 6 2 _ _ 
[00000217] 5 | _ 0 7 2 6 _ _ _ 
[00000218] 4 | 4 0 7 2 6 _ _ _ 
[00000219] 3 | 4 0 7 2 6 3 _ _ 
[00000220] 2 | 4 0 7 2 6 3 1 _ 
[00000221] 2 | 4 0 7 2 6 3 5 _ 
[00000222] 2 | 4 0 7 2 6 3 _ 1 
[00000223] 2 | 4 0 7 2 6 3 _ 5 
[00000224] 4 | _ 0 7 2 6 1 5 _ 
[00000225] 3 | 3 0 7 2 6 1 5 _ 
[00000226] 3 | _ 0 7 2 6 1 5 4 
[00000227] 4 | _ 0 7 2 6 5 1 _ 
[00000228] 3 | 3 0 7 2 6 5 1 _ 
[00000229] 4 | _ 0 7 2 6 1 _ 5 
[00000230] 3 | 3 0 7 2 6 1 _ 5 
[00000231] 3 | _ 0 7 2 6 1 4 5 
[00000232] 4 | _ 0 7 2 6 5 _ 1 
