[00000283] 2 | 1 7 0 5 4 6 3 2 
[00000284] 5 | 1 7 0 _ 2 _ _ _ 
[00000285] 4 | 1 7 0 4 2 _ _ _ 
[00000286] 3 | 1 7 0 4 2 5 _ _ 
[00000287] 2 | 1 7 0 4 2 5 3 _ 
[00000288] 1 | 1 7 0 4 2 5 3 6  *Graceful*
[00000288] 2 | 1 7 0 4 2 5 _ 3 
[00000289] 1 | 1 7 0 4 2 5 6 3  *Graceful*
[00000289] 3 | 1 7 0 4 2 3 6 _ 
[00000290] 2 | 1 7 0 4 2 3 6 5 
[00000291] 1 | 1 7 0 4 2 3 6 5  *Graceful*
[00000291] 3 | 1 7 0 4 2 6 3 _ 
[00000292] 3 | 1 7 0 4 2 3 _ 6 
[00000293] 2 | 1 7 0 4 2 3 5 6 
[00000294] 1 | 1 7 0 4 2 3 5 6  *Graceful*
[00000294] 3 | 1 7 0 4 2 6 _ 3 
[00000295] 4 | 1 7 0 _ 2 6 _ _ 
[00000296] 3 | 1 7 0 3 2 6 _ _ 
[00000297] 2 | 1 7 0 3 2 6 4 _ 
[00000298] 1 | 1 7 0 3 2 6 4 5  *Graceful*
[00000298] 2 | 1 7 0 3 2 6 _ 4 
[00000299] 1 | 1 7 0 3 2 6 5 4  *Graceful*
[00000299] 3 | 1 7 0 _ 2 6 3 _ 
[00000300] 2 | 1 7 0 _ 2 6 3 4 
[00000301] 3 | 1 7 0 _ 2 6 _ 3 
[00000302] 2 | 1 7 0 _ 2 6 4 3 
[00000303] 6 | _ 7 0 6 _ _ _ _ 
[00000304] 5 | 2 7 0 6 _ _ _ _ 
[00000305] 4 | 2 7 0 6 3 _ _ _ 
[00000306] 3 | 2 7 0 6 3 1 4 _ 
[00000307] 3 | 2 7 0 6 3 4 1 _ 
[00000308] 3 | 2 7 0 6 3 1 _ 4 
[00000309] 3 | 2 7 0 6 3 4 _ 1 
[00000310] 4 | 2 7 0 6 1 5 _ _ 
[00000311] 4 | 2 7 0 6 5 1 _ _ 
[00000312] 3 | 2 7 0 6 5 1 4 _ 
[00000313] 2 | 2 7 0 6 5 1 4 3 
[00000314] 3 | 2 7 0 6 5 1 _ 4 
[00000315] 2 | 2 7 0 6 5 1 3 4 
[00000316] 4 | 2 7 0 6 _ 1 5 _ 
[00000317] 3 | 2 7 0 6 4 1 5 _ 
[00000318] 3 | 2 7 0 6 4 1 5 _ 
[00000319] 2 | 2 7 0 6 4 1 5 3 
[00000320] 3 | 2 7 0 6 _ 1 5 4 
[00000321] 2 | 2 7 0 6 3 1 5 4 
[00000322] 4 | 2 7 0 6 _ 5 1 _ 
[00000323] 3 | 2 7 0 6 4 5 1 _ 
[00000324] 2 | 2 7 0 6 4 5 1 3 
[00000325] 1 | 2 7 0 6 4 5 1 3  *Graceful*
[00000325] 4 | 2 7 0 6 _ 1 _ 5 
