[00000423] 5 | _ _ 2 7 0 6 _ _ 
[00000424] 4 | 1 5 2 7 0 6 _ _ 
[00000425] 3 | 1 5 2 7 0 6 3 _ 
[00000426] 4 | 5 1 2 7 0 6 _ _ 
[00000427] 3 | 5 1 2 7 0 6 3 _ 
[00000428] 4 | _ 6 2 7 0 6 _ _ 
[00000429] 3 | 3 6 2 7 0 6 _ _ 
[00000430] 3 | _ 6 2 7 0 6 3 _ 
[00000431] 2 | _ 6 2 7 0 6 3 1 
[00000432] 2 | _ 6 2 7 0 6 3 5 
[00000433] 3 | _ 6 2 7 0 6 1 4 
[00000434] 3 | _ 6 2 7 0 6 4 1 
[00000435] 4 | _ _ 2 7 0 6 2 _ 
[00000436] 3 | 1 4 2 7 0 6 2 _ 
[00000437] 3 | 4 1 2 7 0 6 2 _ 
[00000438] 3 | _ 5 2 7 0 6 2 _ 
[00000439] 2 | 3 5 2 7 0 6 2 _ 
[00000440] 3 | _ _ 2 7 0 6 2 5 
[00000441] 2 | 1 3 2 7 0 6 2 5 
[00000442] 1 | 1 3 2 7 0 6 2 5  *Graceful*
[00000442] 2 | 3 1 2 7 0 6 2 5 
[00000443] 1 | 3 1 2 7 0 6 2 5  *Graceful*
[00000443] 4 | _ _ 2 7 0 6 1 5 
[00000444] 4 | _ _ 2 7 0 6 5 1 
[00000445] 5 | _ _ _ 7 0 6 1 _ 
[00000446] 4 | _ _ 3 7 0 6 1 _ 
[00000447] 3 | 2 5 3 7 0 6 1 _ 
[00000448] 3 | 5 2 3 7 0 6 1 _ 
[00000449] 3 | _ _ 3 7 0 6 1 4 
[00000450] 2 | _ 5 3 7 0 6 1 4 
[00000451] 4 | _ _ _ 7 0 6 1 5 
[00000452] 3 | _ _ 4 7 0 6 1 5 
[00000453] 2 | _ 2 4 7 0 6 1 5 
[00000454] 1 | 3 2 4 7 0 6 1 5  *Graceful*
[00000454] 7 | _ _ _ _ 0 7 _ _ 
[00000455] 6 | _ _ _ 6 0 7 _ _ 
[00000456] 5 | _ _ 1 6 0 7 _ _ 
[00000457] 4 | _ 5 1 6 0 7 _ _ 
[00000458] 3 | 2 5 1 6 0 7 _ _ 
[00000459] 3 | _ 5 1 6 0 7 4 _ 
[00000460] 2 | 3 5 1 6 0 7 4 _ 
[00000461] 2 | _ 5 1 6 0 7 4 2 
[00000462] 4 | _ _ 1 6 0 7 3 _ 
[00000463] 3 | 2 5 1 6 0 7 3 _ 
[00000464] 3 | 5 2 1 6 0 7 3 _ 
[00000465] 3 | _ 4 1 6 0 7 3 _ 
[00000466] 2 | 2 4 1 6 0 7 3 _ 
[00000467] 2 | _ 4 1 6 0 7 3 5 
[00000468] 5 | _ _ _ 6 0 7 2 _ 
[00000469] 4 | 1 5 _ 6 0 7 2 _ 
