[00000657] 3 | _ 5 1 4 6 0 7 2 
[00000658] 2 | 3 5 1 4 6 0 7 2 
[00000659] 3 | _ 5 1 3 6 0 7 2 
[00000660] 4 | _ _ 1 5 6 0 7 2 
[00000661] 3 | _ 4 1 5 6 0 7 2 
[00000662] 4 | _ _ 5 1 6 0 7 2 
[00000663] 6 | _ _ _ _ _ 0 7 1 
[00000664] 5 | _ _ _ _ 5 0 7 1 
[00000665] 4 | 2 6 _ _ 5 0 7 1 
[00000666] 3 | 2 6 3 _ 5 0 7 1 
[00000667] 2 | 2 6 3 5 5 0 7 1 
[00000668] 2 | 2 6 3 3 5 0 7 1 
[00000669] 4 | 6 2 _ _ 5 0 7 1 
[00000670] 3 | 6 2 5 _ 5 0 7 1 
[00000671] 2 | 6 2 5 3 5 0 7 1 
[00000672] 2 | 6 2 5 3 5 0 7 1 
[00000673] 3 | 6 2 _ 2 5 0 7 1 
[00000674] 2 | 6 2 4 2 5 0 7 1 
[00000675] 2 | 6 2 4 2 5 0 7 1 
[00000676] 4 | _ 2 6 _ 5 0 7 1 
[00000677] 3 | 5 2 6 _ 5 0 7 1 
[00000678] 2 | 5 2 6 4 5 0 7 1 
[00000679] 1 | 5 2 6 4 5 0 7 1  *Graceful*
[00000679] 3 | _ 2 6 3 5 0 7 1 
[00000680] 2 | 4 2 6 3 5 0 7 1 
[00000681] 3 | _ 2 6 2 5 0 7 1 
[00000682] 4 | _ 6 2 _ 5 0 7 1 
[00000683] 3 | 3 6 2 _ 5 0 7 1 
[00000684] 2 | 3 6 2 4 5 0 7 1 
[00000685] 1 | 3 6 2 4 5 0 7 1  *Graceful*
[00000685] 3 | _ 6 2 5 5 0 7 1 
[00000686] 2 | 4 6 2 5 5 0 7 1 
[00000687] 3 | _ 6 2 2 5 0 7 1 
[00000688] 2 | 4 6 2 2 5 0 7 1 
[00000689] 4 | _ _ 2 6 5 0 7 1 
[00000690] 4 | _ _ 6 2 5 0 7 1 
[00000691] 3 | _ 3 6 2 5 0 7 1 
[00000692] 7 | _ _ _ _ _ 7 0 _ 
[00000693] 6 | _ _ _ _ 1 7 0 _ 
[00000694] 5 | _ _ _ 6 1 7 0 _ 
[00000695] 4 | _ _ 2 6 1 7 0 _ 
[00000696] 3 | _ 5 2 6 1 7 0 _ 
[00000697] 2 | 3 5 2 6 1 7 0 _ 
[00000698] 3 | _ _ 2 6 1 7 0 3 
[00000699] 2 | _ 4 2 6 1 7 0 3 
[00000700] 1 | 5 4 2 6 1 7 0 3  *Graceful*
[00000700] 4 | _ _ _ 6 1 7 0 4 
[00000701] 3 | 2 5 _ 6 1 7 0 4 
[00000702] 2 | 2 5 3 6 1 7 0 4 
[00000703] 3 | 5 2 _ 6 1 7 0 4 
