[00000175] 2 | 2 4 1 6 0 4 _ 
[00000176] 2 | _ 4 1 6 0 4 2 
[00000177] 3 | _ _ 1 6 0 4 1 
[00000178] 2 | 3 5 1 6 0 4 1 
[00000179] 2 | 5 3 1 6 0 4 1 
[00000180] 5 | _ _ _ 6 0 5 _ 
[00000181] 4 | _ _ 2 6 0 5 _ 
[00000182] 3 | 1 4 2 6 0 5 _ 
[00000183] 2 | 1 4 2 6 0 5 3 
[00000184] 3 | 4 1 2 6 0 5 _ 
[00000185] 2 | 4 1 2 6 0 5 3 
[00000186] 1 | 4 1 2 6 0 5 3  *Graceful*
[00000186] 3 | _ 5 2 6 0 5 _ 
[00000187] 2 | 3 5 2 6 0 5 _ 
[00000188] 2 | _ 5 2 6 0 5 3 
[00000189] 3 | _ _ 2 6 0 5 2 
[00000190] 2 | 1 3 2 6 0 5 2 
[00000191] 1 | 1 3 2 6 0 5 2  *Graceful*
[00000191] 2 | 3 1 2 6 0 5 2 
[00000192] 1 | 3 1 2 6 0 5 2  *Graceful*
[00000192] 4 | _ _ _ 6 0 5 1 
[00000193] 3 | _ _ 3 6 0 5 1 
[00000194] 2 | 2 4 3 6 0 5 1 
[00000195] 1 | 2 4 3 6 0 5 1  *Graceful*
[00000195] 2 | 4 2 3 6 0 5 1 
[00000196] 1 | 4 2 3 6 0 5 1  *Graceful*
[00000196] 6 | _ _ _ _ 0 6 _ 
[00000197] 5 | _ _ _ 5 0 6 _ 
[00000198] 4 | _ _ 1 5 0 6 _ 
[00000199] 3 | _ 4 1 5 0 6 _ 
[00000200] 2 | 2 4 1 5 0 6 _ 
[00000201] 2 | 6 4 1 5 0 6 _ 
[00000202] 2 | _ 4 1 5 0 6 4 
[00000203] 3 | _ _ 1 5 0 6 3 
[00000204] 2 | 2 4 1 5 0 6 3 
[00000205] 2 | 4 2 1 5 0 6 3 
[00000206] 1 | 4 2 1 5 0 6 3  *Graceful*
[00000206] 4 | _ _ _ 5 0 6 2 
[00000207] 3 | 1 4 _ 5 0 6 2 
[00000208] 2 | 1 4 3 5 0 6 2 
[00000209] 1 | 1 4 3 5 0 6 2  *Graceful*
[00000209] 3 | 4 1 _ 5 0 6 2 
[00000210] 2 | 4 1 3 5 0 6 2 
[00000211] 2 | 4 1 3 5 0 6 2 
[00000212] 3 | _ 1 4 5 0 6 2 
[00000213] 2 | 3 1 4 5 0 6 2 
[00000214] 1 | 3 1 4 5 0 6 2  *Graceful*
[00000214] 3 | _ 4 1 5 0 6 2 
[00000215] 5 | _ _ _ _ 0 6 1 
[00000216] 4 | _ _ _ 4 0 6 1 
