[00008675] 5 | 7 1 _ 8 _ 3 _ 0 _ 
[00008676] 4 | 7 1 5 8 _ 3 _ 0 _ 
[00008677] 4 | 7 1 _ 8 4 3 _ 0 _ 
[00008678] 3 | 7 1 4 8 4 3 _ 0 _ 
[00008679] 2 | 7 1 4 8 4 3 _ 0 2 
[00008680] 3 | 7 1 _ 8 4 3 1 0 _ 
[00008681] 2 | 7 1 _ 8 4 3 1 0 2 
[00008682] 4 | 7 1 _ 8 2 3 6 0 _ 
[00008683] 3 | 7 1 4 8 2 3 6 0 _ 
[00008684] 4 | 7 1 _ 8 6 3 2 0 _ 
[00008685] 3 | 7 1 4 8 6 3 2 0 _ 
[00008686] 4 | 7 1 _ 8 _ 3 _ 0 4 
[00008687] 3 | 7 1 _ 8 5 3 _ 0 4 
[00008688] 3 | 7 1 _ 8 2 3 5 0 4 
[00008689] 3 | 7 1 _ 8 5 3 2 0 4 
[00008690] 5 | 7 1 _ 8 _ _ _ 0 5 
[00008691] 4 | 7 1 _ 8 4 _ _ 0 5 
[00008692] 3 | 7 1 4 8 4 _ _ 0 5 
[00008693] 2 | 7 1 4 8 4 6 _ 0 5 
[00008694] 3 | 7 1 _ 8 4 _ 1 0 5 
[00008695] 2 | 7 1 _ 8 4 6 1 0 5 
[00008696] 4 | 7 1 _ 8 2 _ 6 0 5 
[00008697] 3 | 7 1 4 8 2 _ 6 0 5 
[00008698] 4 | 7 1 _ 8 6 _ 2 0 5 
[00008699] 3 | 7 1 4 8 6 _ 2 0 5 
[00008700] 4 | 7 1 _ 8 _ 4 _ 0 5 
[00008701] 3 | 7 1 _ 8 3 4 6 0 5 
[00008702] 3 | 7 1 _ 8 6 4 3 0 5 
[00008703] 6 | _ 1 7 8 _ _ _ 0 _ 
[00008704] 5 | 6 1 7 8 _ _ _ 0 _ 
[00008705] 4 | 6 1 7 8 4 _ _ 0 _ 
[00008706] 3 | 6 1 7 8 4 5 _ 0 _ 
[00008707] 2 | 6 1 7 8 4 5 2 0 _ 
[00008708] 2 | 6 1 7 8 4 5 _ 0 2 
[00008709] 1 | 6 1 7 8 4 5 3 0 2  *Graceful*
[00008709] 3 | 6 1 7 8 4 _ _ 0 3 
[00008710] 2 | 6 1 7 8 4 _ 2 0 3 
[00008711] 4 | 6 1 7 8 _ 4 _ 0 _ 
[00008712] 3 | 6 1 7 8 5 4 _ 0 _ 
[00008713] 2 | 6 1 7 8 5 4 3 0 _ 
[00008714] 2 | 6 1 7 8 5 4 _ 0 2 
[00008715] 3 | 6 1 7 8 2 4 5 0 _ 
[00008716] 3 | 6 1 7 8 5 4 2 0 _ 
[00008717] 3 | 6 1 7 8 _ 4 _ 0 3 
[00008718] 4 | 6 1 7 8 _ _ _ 0 4 
[00008719] 3 | 6 1 7 8 5 _ _ 0 4 
[00008720] 2 | 6 1 7 8 5 _ 3 0 4 
[00008721] 3 | 6 1 7 8 2 _ 5 0 4 
[00008722] 3 | 6 1 7 8 5 _ 2 0 4 
[00008723] 3 | 6 1 7 8 _ 5 _ 0 4 
[00008724] 5 | _ 1 7 8 3 _ _ 0 _ 
[00008725] 4 | 5 1 7 8 3 _ _ 0 _ 
[00008726] 3 | 5 1 7 8 3 _ 0 0 _ 
[00008727] 2 | 5 1 7 8 3 6 0 0 _ 
[00008728] 3 | 5 1 7 8 3 _ 6 0 _ 
[00008729] 2 | 5 1 7 8 3 _ 6 0 2 
[00008730] 3 | 5 1 7 8 3 _ _ 0 3 
[00008731] 2 | 5 1 7 8 3 6 _ 0 3 
[00008732] 4 | _ 1 7 8 3 4 _ 0 _ 
[00008733] 3 | _ 1 7 8 3 4 0 0 _ 
[00008734] 3 | _ 1 7 8 3 4 6 0 _ 
[00008735] 2 | _ 1 7 8 3 4 6 0 2 
[00008736] 3 | _ 1 7 8 3 4 _ 0 3 
[00008737] 4 | _ 1 7 8 3 _ _ 0 4 
[00008738] 3 | _ 1 7 8 3 _ 6 0 4 
[00008739] 3 | _ 1 7 8 3 5 _ 0 4 
[00008740] 2 | 3 1 7 8 3 5 _ 0 4 
[00008741] 2 | _ 1 7 8 3 5 1 0 4 
[00008742] 5 | _ 1 7 8 _ 3 _ 0 _ 
[00008743] 4 | 5 1 7 8 _ 3 _ 0 _ 
[00008744] 4 | _ 1 7 8 4 3 _ 0 _ 
[00008745] 3 | 4 1 7 8 4 3 _ 0 _ 
[00008746] 2 | 4 1 7 8 4 3 _ 0 2 
[00008747] 3 | _ 1 7 8 4 3 1 0 _ 
[00008748] 2 | _ 1 7 8 4 3 1 0 2 
[00008749] 4 | _ 1 7 8 2 3 6 0 _ 
[00008750] 3 | 4 1 7 8 2 3 6 0 _ 
[00008751] 4 | _ 1 7 8 6 3 2 0 _ 
[00008752] 3 | 4 1 7 8 6 3 2 0 _ 
[00008753] 4 | _ 1 7 8 _ 3 _ 0 4 
[00008754] 3 | _ 1 7 8 5 3 _ 0 4 
[00008755] 3 | _ 1 7 8 2 3 5 0 4 
[00008756] 3 | _ 1 7 8 5 3 2 0 4 
[00008757] 5 | _ 1 7 8 _ _ _ 0 5 
[00008758] 4 | _ 1 7 8 4 _ _ 0 5 
[00008759] 3 | 4 1 7 8 4 _ _ 0 5 
[00008760] 2 | 4 1 7 8 4 6 _ 0 5 
[00008761] 3 | _ 1 7 8 4 _ 1 0 5 
[00008762] 2 | _ 1 7 8 4 6 1 0 5 
[00008763] 4 | _ 1 7 8 2 _ 6 0 5 
[00008764] 3 | 4 1 7 8 2 _ 6 0 5 
[00008765] 4 | _ 1 7 8 6 _ 2 0 5 
[00008766] 3 | 4 1 7 8 6 _ 2 0 5 
[00008767] 4 | _ 1 7 8 _ 4 _ 0 5 
[00008768] 3 | _ 1 7 8 3 4 6 0 5 
[00008769] 3 | _ 1 7 8 6 4 3 0 5 
[00008770] 6 | _ 1 _ 8 2 _ _ 0 _ 
[00008771] 5 | 6 1 _ 8 2 _ _ 0 _ 
[00008772] 4 | 6 1 5 8 2 _ _ 0 _ 
[00008773] 3 | 6 1 5 8 2 _ _ 0 3 
[00008774] 2 | 6 1 5 8 2 _ 4 0 3 
[00008775] 1 | 6 1 5 8 2 7 4 0 3  *Graceful*
[00008775] 4 | 6 1 _ 8 2 4 _ 0 _ 
[00008776] 3 | 6 1 _ 8 2 4 5 0 _ 
[00008777] 2 | 6 1 3 8 2 4 5 0 _ 
[00008778] 3 | 6 1 _ 8 2 4 _ 0 3 
[00008779] 4 | 6 1 _ 8 2 _ _ 0 4 
[00008780] 3 | 6 1 _ 8 2 _ 5 0 4 
[00008781] 2 | 6 1 3 8 2 _ 5 0 4 
[00008782] 1 | 6 1 3 8 2 7 5 0 4  *Graceful*
[00008782] 3 | 6 1 _ 8 2 5 _ 0 4 
[00008783] 2 | 6 1 3 8 2 5 _ 0 4 
[00008784] 5 | _ 1 6 8 2 _ _ 0 _ 
[00008785] 4 | 5 1 6 8 2 _ _ 0 _ 
[00008786] 3 | 5 1 6 8 2 _ _ 0 3 
[00008787] 2 | 5 1 6 8 2 _ 4 0 3 
[00008788] 1 | 5 1 6 8 2 7 4 0 3  *Graceful*
[00008788] 4 | _ 1 6 8 2 4 _ 0 _ 
[00008789] 3 | _ 1 6 8 2 4 5 0 _ 
[00008790] 2 | 3 1 6 8 2 4 5 0 _ 
[00008791] 3 | _ 1 6 8 2 4 _ 0 3 
[00008792] 4 | _ 1 6 8 2 _ _ 0 4 
[00008793] 3 | _ 1 6 8 2 _ 5 0 4 
[00008794] 2 | 3 1 6 8 2 _ 5 0 4 
[00008795] 1 | 3 1 6 8 2 7 5 0 4  *Graceful*
[00008795] 3 | _ 1 6 8 2 5 _ 0 4 
[00008796] 2 | 3 1 6 8 2 5 _ 0 4 
[00008797] 5 | _ 1 _ 8 2 _ 7 0 _ 
[00008798] 4 | 5 1 _ 8 2 _ 7 0 _ 
[00008799] 3 | 5 1 4 8 2 _ 7 0 _ 
[00008800] 2 | 5 1 4 8 2 6 7 0 _ 
[00008801] 3 | 5 1 _ 8 2 _ 7 0 3 
[00008802] 2 | 5 1 _ 8 2 6 7 0 3 
[00008803] 4 | _ 1 5 8 2 _ 7 0 _ 
[00008804] 3 | 4 1 5 8 2 _ 7 0 _ 
[00008805] 2 | 4 1 5 8 2 6 7 0 _ 
[00008806] 3 | _ 1 5 8 2 _ 7 0 3 
[00008807] 2 | _ 1 5 8 2 6 7 0 3 
[00008808] 4 | _ 1 _ 8 2 4 7 0 _ 
[00008809] 3 | _ 1 _ 8 2 4 7 0 3 
[00008810] 4 | _ 1 _ 8 2 _ 7 0 4 
[00008811] 3 | _ 1 _ 8 2 5 7 0 4 
[00008812] 2 | 3 1 _ 8 2 5 7 0 4 
[00008813] 2 | _ 1 3 8 2 5 7 0 4 
[00008814] 5 | _ 1 _ 8 2 3 _ 0 _ 
[00008815] 4 | 5 1 _ 8 2 3 _ 0 _ 
[00008816] 3 | 5 1 4 8 2 3 _ 0 _ 
[00008817] 2 | 5 1 4 8 2 3 0 0 _ 
[00008818] 2 | 5 1 4 8 2 3 _ 0 2 
[00008819] 4 | _ 1 5 8 2 3 _ 0 _ 
[00008820] 3 | 4 1 5 8 2 3 _ 0 _ 
[00008821] 2 | 4 1 5 8 2 3 0 0 _ 
[00008822] 2 | 4 1 5 8 2 3 _ 0 2 
[00008823] 4 | _ 1 _ 8 2 3 6 0 _ 
[00008824] 3 | 4 1 _ 8 2 3 6 0 _ 
[00008825] 3 | _ 1 4 8 2 3 6 0 _ 
[00008826] 4 | _ 1 _ 8 2 3 _ 0 4 
[00008827] 3 | _ 1 _ 8 2 3 5 0 4 
[00008828] 5 | _ 1 _ 8 2 _ _ 0 5 
[00008829] 4 | _ 1 _ 8 2 _ 6 0 5 
[00008830] 3 | 4 1 _ 8 2 _ 6 0 5 
[00008831] 2 | 4 1 3 8 2 _ 6 0 5 
[00008832] 1 | 4 1 3 8 2 7 6 0 5  *Graceful*
[00008832] 3 | _ 1 4 8 2 _ 6 0 5 
[00008833] 2 | 3 1 4 8 2 _ 6 0 5 
[00008834] 1 | 3 1 4 8 2 7 6 0 5  *Graceful*
[00008834] 4 | _ 1 _ 8 2 4 _ 0 5 
[00008835] 6 | _ 1 _ 8 _ 2 _ 0 _ 
[00008836] 5 | 6 1 _ 8 _ 2 _ 0 _ 
[00008837] 4 | 6 1 5 8 _ 2 _ 0 _ 
[00008838] 3 | 6 1 5 8 4 2 7 0 _ 
[00008839] 3 | 6 1 5 8 7 2 4 0 _ 
[00008840] 3 | 6 1 5 8 _ 2 _ 0 3 
[00008841] 4 | 6 1 _ 8 4 2 _ 0 _ 
[00008842] 3 | 6 1 4 8 4 2 _ 0 _ 
[00008843] 3 | 6 1 _ 8 4 2 1 0 _ 
[00008844] 3 | 6 1 _ 8 4 2 7 0 _ 
[00008845] 2 | 6 1 3 8 4 2 7 0 _ 
[00008846] 3 | 6 1 _ 8 4 2 _ 0 3 
[00008847] 4 | 6 1 _ 8 3 2 7 0 _ 
[00008848] 3 | 6 1 4 8 3 2 7 0 _ 
[00008849] 4 | 6 1 _ 8 7 2 3 0 _ 
[00008850] 3 | 6 1 4 8 7 2 3 0 _ 
[00008851] 4 | 6 1 _ 8 _ 2 _ 0 4 
[00008852] 3 | 6 1 _ 8 5 2 _ 0 4 
[00008853] 2 | 6 1 3 8 5 2 _ 0 4 
[00008854] 2 | 6 1 _ 8 5 2 3 0 4 
[00008855] 2 | 6 1 _ 8 5 2 7 0 4 
[00008856] 5 | _ 1 6 8 _ 2 _ 0 _ 
[00008857] 4 | 5 1 6 8 _ 2 _ 0 _ 
[00008858] 3 | 5 1 6 8 4 2 7 0 _ 
[00008859] 3 | 5 1 6 8 7 2 4 0 _ 
[00008860] 3 | 5 1 6 8 _ 2 _ 0 3 
[00008861] 4 | _ 1 6 8 4 2 _ 0 _ 
[00008862] 3 | 4 1 6 8 4 2 _ 0 _ 
[00008863] 3 | _ 1 6 8 4 2 1 0 _ 
[00008864] 3 | _ 1 6 8 4 2 7 0 _ 
[00008865] 2 | 3 1 6 8 4 2 7 0 _ 
[00008866] 3 | _ 1 6 8 4 2 _ 0 3 
[00008867] 4 | _ 1 6 8 3 2 7 0 _ 
[00008868] 3 | 4 1 6 8 3 2 7 0 _ 
[00008869] 4 | _ 1 6 8 7 2 3 0 _ 
[00008870] 3 | 4 1 6 8 7 2 3 0 _ 
[00008871] 4 | _ 1 6 8 _ 2 _ 0 4 
[00008872] 3 | _ 1 6 8 5 2 _ 0 4 
[00008873] 2 | 3 1 6 8 5 2 _ 0 4 
[00008874] 2 | _ 1 6 8 5 2 3 0 4 
[00008875] 2 | _ 1 6 8 5 2 7 0 4 
[00008876] 5 | _ 1 _ 8 3 2 _ 0 _ 
[00008877] 4 | 5 1 _ 8 3 2 _ 0 _ 
[00008878] 3 | 5 1 4 8 3 2 _ 0 _ 
[00008879] 3 | 5 1 _ 8 3 2 0 0 _ 
[00008880] 3 | 5 1 _ 8 3 2 6 0 _ 
[00008881] 3 | 5 1 _ 8 3 2 _ 0 3 
[00008882] 4 | _ 1 5 8 3 2 _ 0 _ 
[00008883] 3 | 4 1 5 8 3 2 _ 0 _ 
[00008884] 3 | _ 1 5 8 3 2 0 0 _ 
[00008885] 3 | _ 1 5 8 3 2 6 0 _ 
[00008886] 3 | _ 1 5 8 3 2 _ 0 3 
[00008887] 4 | _ 1 _ 8 3 2 7 0 _ 
[00008888] 3 | 4 1 _ 8 3 2 7 0 _ 
[00008889] 3 | _ 1 4 8 3 2 7 0 _ 
[00008890] 4 | _ 1 _ 8 3 2 _ 0 4 
[00008891] 3 | _ 1 _ 8 3 2 6 0 4 
[00008892] 5 | _ 1 _ 8 _ 2 _ 0 5 
[00008893] 4 | _ 1 _ 8 4 2 _ 0 5 
[00008894] 3 | 4 1 _ 8 4 2 _ 0 5 
[00008895] 2 | 4 1 3 8 4 2 _ 0 5 
[00008896] 3 | _ 1 4 8 4 2 _ 0 5 
[00008897] 2 | 3 1 4 8 4 2 _ 0 5 
[00008898] 3 | _ 1 _ 8 4 2 1 0 5 
[00008899] 3 | _ 1 _ 8 4 2 7 0 5 
[00008900] 2 | 3 1 _ 8 4 2 7 0 5 
[00008901] 2 | _ 1 3 8 4 2 7 0 5 
[00008902] 4 | _ 1 _ 8 3 2 7 0 5 
[00008903] 3 | 4 1 _ 8 3 2 7 0 5 
[00008904] 3 | _ 1 4 8 3 2 7 0 5 
[00008905] 4 | _ 1 _ 8 7 2 3 0 5 
[00008906] 3 | 4 1 _ 8 7 2 3 0 5 
[00008907] 3 | _ 1 4 8 7 2 3 0 5 
[00008908] 6 | _ 1 _ 8 _ _ _ 0 6 
[00008909] 5 | _ 1 _ 8 3 _ _ 0 6 
[00008910] 4 | 5 1 _ 8 3 _ _ 0 6 
[00008911] 3 | 5 1 4 8 3 _ _ 0 6 
[00008912] 4 | _ 1 5 8 3 _ _ 0 6 
[00008913] 3 | 4 1 5 8 3 _ _ 0 6 
[00008914] 4 | _ 1 _ 8 3 _ 7 0 6 
[00008915] 3 | 4 1 _ 8 3 _ 7 0 6 
[00008916] 3 | _ 1 4 8 3 _ 7 0 6 
[00008917] 3 | _ 1 _ 8 3 5 7 0 6 
[00008918] 4 | _ 1 _ 8 3 4 _ 0 6 
[00008919] 5 | _ 1 _ 8 2 _ 7 0 6 
[00008920] 4 | 5 1 _ 8 2 _ 7 0 6 
[00008921] 3 | 5 1 4 8 2 _ 7 0 6 
[00008922] 4 | _ 1 5 8 2 _ 7 0 6 
[00008923] 3 | 4 1 5 8 2 _ 7 0 6 
[00008924] 4 | _ 1 _ 8 2 4 7 0 6 
[00008925] 5 | _ 1 _ 8 7 _ 2 0 6 
[00008926] 4 | 5 1 _ 8 7 _ 2 0 6 
[00008927] 3 | 5 1 4 8 7 _ 2 0 6 
[00008928] 4 | _ 1 5 8 7 _ 2 0 6 
[00008929] 3 | 4 1 5 8 7 _ 2 0 6 
[00008930] 4 | _ 1 _ 8 7 4 2 0 6 
[00008931] 5 | _ 1 _ 8 _ 3 _ 0 6 
[00008932] 4 | 5 1 _ 8 _ 3 _ 0 6 
[00008933] 3 | 5 1 4 8 _ 3 _ 0 6 
[00008934] 3 | 5 1 _ 8 4 3 7 0 6 
[00008935] 3 | 5 1 _ 8 7 3 4 0 6 
[00008936] 4 | _ 1 5 8 _ 3 _ 0 6 
[00008937] 3 | 4 1 5 8 _ 3 _ 0 6 
[00008938] 3 | _ 1 5 8 4 3 7 0 6 
[00008939] 3 | _ 1 5 8 7 3 4 0 6 
[00008940] 4 | _ 1 _ 8 4 3 _ 0 6 
[00008941] 3 | 4 1 _ 8 4 3 _ 0 6 
[00008942] 3 | _ 1 4 8 4 3 _ 0 6 
[00008943] 3 | _ 1 _ 8 4 3 1 0 6 
[00008944] 3 | _ 1 _ 8 4 3 7 0 6 
[00008945] 7 | _ _ _ 8 1 _ _ 0 _ 
[00008946] 6 | _ 2 _ 8 1 _ _ 0 _ 
[00008947] 5 | 7 2 _ 8 1 _ _ 0 _ 
[00008948] 4 | 7 2 6 8 1 _ _ 0 _ 
[00008949] 3 | 7 2 6 8 1 _ 4 0 _ 
[00008950] 3 | 7 2 6 8 1 5 _ 0 _ 
[00008951] 2 | 7 2 6 8 1 5 3 0 _ 
[00008952] 3 | 7 2 6 8 1 _ _ 0 3 
[00008953] 4 | 7 2 _ 8 1 _ 5 0 _ 
[00008954] 3 | 7 2 _ 8 1 _ 5 0 3 
[00008955] 2 | 7 2 4 8 1 _ 5 0 3 
[00008956] 2 | 7 2 _ 8 1 6 5 0 3 
[00008957] 4 | 7 2 _ 8 1 4 _ 0 _ 
[00008958] 3 | 7 2 5 8 1 4 _ 0 _ 
[00008959] 2 | 7 2 5 8 1 4 3 0 _ 
[00008960] 3 | 7 2 _ 8 1 4 _ 0 3 
[00008961] 4 | 7 2 _ 8 1 _ _ 0 4 
[00008962] 3 | 7 2 5 8 1 _ _ 0 4 
[00008963] 2 | 7 2 5 8 1 _ 3 0 4 
[00008964] 2 | 7 2 5 8 1 6 _ 0 4 
[00008965] 3 | 7 2 _ 8 1 5 _ 0 4 
[00008966] 2 | 7 2 _ 8 1 5 3 0 4 
[00008967] 5 | _ 2 7 8 1 _ _ 0 _ 
[00008968] 4 | 6 2 7 8 1 _ _ 0 _ 
[00008969] 3 | 6 2 7 8 1 _ 4 0 _ 
[00008970] 3 | 6 2 7 8 1 5 _ 0 _ 
[00008971] 2 | 6 2 7 8 1 5 3 0 _ 
[00008972] 3 | 6 2 7 8 1 _ _ 0 3 
[00008973] 4 | _ 2 7 8 1 _ 5 0 _ 
[00008974] 3 | _ 2 7 8 1 _ 5 0 3 
[00008975] 2 | 4 2 7 8 1 _ 5 0 3 
[00008976] 2 | _ 2 7 8 1 6 5 0 3 
[00008977] 4 | _ 2 7 8 1 4 _ 0 _ 
[00008978] 3 | 5 2 7 8 1 4 _ 0 _ 
[00008979] 2 | 5 2 7 8 1 4 3 0 _ 
[00008980] 3 | _ 2 7 8 1 4 _ 0 3 
[00008981] 4 | _ 2 7 8 1 _ _ 0 4 
[00008982] 3 | 5 2 7 8 1 _ _ 0 4 
[00008983] 2 | 5 2 7 8 1 _ 3 0 4 
[00008984] 2 | 5 2 7 8 1 6 _ 0 4 
[00008985] 3 | _ 2 7 8 1 5 _ 0 4 
[00008986] 2 | _ 2 7 8 1 5 3 0 4 
[00008987] 5 | _ 2 _ 8 1 _ 6 0 _ 
[00008988] 4 | _ 2 _ 8 1 4 6 0 _ 
[00008989] 3 | 5 2 _ 8 1 4 6 0 _ 
[00008990] 2 | 5 2 0 8 1 4 6 0 _ 
[00008991] 2 | 5 2 _ 8 1 4 6 0 2 
[00008992] 3 | _ 2 5 8 1 4 6 0 _ 
[00008993] 2 | 0 2 5 8 1 4 6 0 _ 
[00008994] 2 | _ 2 5 8 1 4 6 0 2 
[00008995] 3 | _ 2 _ 8 1 4 6 0 3 
[00008996] 4 | _ 2 _ 8 1 _ 6 0 4 
[00008997] 3 | 5 2 _ 8 1 _ 6 0 4 
[00008998] 3 | _ 2 5 8 1 _ 6 0 4 
[00008999] 3 | _ 2 _ 8 1 5 6 0 4 
[00009000] 5 | _ 2 _ 8 1 3 _ 0 _ 
[00009001] 4 | 6 2 _ 8 1 3 _ 0 _ 
[00009002] 3 | 6 2 5 8 1 3 _ 0 _ 
[00009003] 3 | 6 2 _ 8 1 3 4 0 _ 
[00009004] 2 | 6 2 0 8 1 3 4 0 _ 
[00009005] 2 | 6 2 _ 8 1 3 4 0 2 
[00009006] 4 | _ 2 6 8 1 3 _ 0 _ 
[00009007] 3 | 5 2 6 8 1 3 _ 0 _ 
[00009008] 3 | _ 2 6 8 1 3 4 0 _ 
[00009009] 2 | 0 2 6 8 1 3 4 0 _ 
[00009010] 2 | _ 2 6 8 1 3 4 0 2 
[00009011] 4 | _ 2 _ 8 1 3 5 0 _ 
[00009012] 4 | _ 2 _ 8 1 3 _ 0 4 
[00009013] 3 | 5 2 _ 8 1 3 _ 0 4 
[00009014] 3 | _ 2 5 8 1 3 _ 0 4 
[00009015] 5 | _ 2 _ 8 1 _ _ 0 5 
[00009016] 4 | 6 2 _ 8 1 _ _ 0 5 
[00009017] 3 | 6 2 _ 8 1 _ 4 0 5 
[00009018] 4 | _ 2 6 8 1 _ _ 0 5 
[00009019] 3 | _ 2 6 8 1 _ 4 0 5 
[00009020] 4 | _ 2 _ 8 1 4 _ 0 5 
[00009021] 6 | _ _ _ 8 1 _ 7 0 _ 
[00009022] 5 | _ 3 _ 8 1 _ 7 0 _ 
[00009023] 4 | _ 3 _ 8 1 4 7 0 _ 
[00009024] 3 | 0 3 _ 8 1 4 7 0 _ 
[00009025] 2 | 0 3 5 8 1 4 7 0 _ 
[00009026] 3 | 6 3 _ 8 1 4 7 0 _ 
[00009027] 2 | 6 3 5 8 1 4 7 0 _ 
[00009028] 2 | 6 3 _ 8 1 4 7 0 2 
[00009029] 3 | _ 3 0 8 1 4 7 0 _ 
[00009030] 2 | 5 3 0 8 1 4 7 0 _ 
[00009031] 3 | _ 3 6 8 1 4 7 0 _ 
[00009032] 2 | 5 3 6 8 1 4 7 0 _ 
[00009033] 2 | _ 3 6 8 1 4 7 0 2 
[00009034] 3 | _ 3 _ 8 1 4 7 0 3 
[00009035] 4 | _ 3 _ 8 1 _ 7 0 4 
[00009036] 3 | 6 3 _ 8 1 _ 7 0 4 
[00009037] 2 | 6 3 5 8 1 _ 7 0 4 
[00009038] 3 | _ 3 6 8 1 _ 7 0 4 
[00009039] 2 | 5 3 6 8 1 _ 7 0 4 
[00009040] 3 | _ 3 _ 8 1 5 7 0 4 
[00009041] 5 | _ _ _ 8 1 3 7 0 _ 
[00009042] 4 | 2 6 _ 8 1 3 7 0 _ 
[00009043] 4 | 6 2 _ 8 1 3 7 0 _ 
[00009044] 4 | _ 2 6 8 1 3 7 0 _ 
[00009045] 4 | _ 6 2 8 1 3 7 0 _ 
[00009046] 4 | _ 4 _ 8 1 3 7 0 _ 
[00009047] 4 | _ _ _ 8 1 3 7 0 4 
[00009048] 3 | 2 5 _ 8 1 3 7 0 4 
[00009049] 3 | 5 2 _ 8 1 3 7 0 4 
[00009050] 3 | _ 2 5 8 1 3 7 0 4 
[00009051] 3 | _ 5 2 8 1 3 7 0 4 
[00009052] 3 | _ 5 _ 8 1 3 7 0 4 
[00009053] 5 | _ _ _ 8 1 _ 7 0 5 
[00009054] 4 | 2 6 _ 8 1 _ 7 0 5 
[00009055] 3 | 2 6 3 8 1 _ 7 0 5 
[00009056] 4 | 6 2 _ 8 1 _ 7 0 5 
[00009057] 4 | _ 2 6 8 1 _ 7 0 5 
[00009058] 4 | _ 6 2 8 1 _ 7 0 5 
[00009059] 3 | 3 6 2 8 1 _ 7 0 5 
[00009060] 4 | _ 4 _ 8 1 _ 7 0 5 
[00009061] 4 | _ _ _ 8 1 4 7 0 5 
[00009062] 3 | 3 6 _ 8 1 4 7 0 5 
[00009063] 3 | 6 3 _ 8 1 4 7 0 5 
[00009064] 3 | _ 3 6 8 1 4 7 0 5 
[00009065] 3 | _ 6 3 8 1 4 7 0 5 
[00009066] 6 | _ _ _ 8 1 2 _ 0 _ 
[00009067] 5 | _ 3 _ 8 1 2 _ 0 _ 
[00009068] 4 | 7 3 _ 8 1 2 _ 0 _ 
[00009069] 3 | 7 3 0 8 1 2 _ 0 _ 
[00009070] 3 | 7 3 6 8 1 2 _ 0 _ 
[00009071] 3 | 7 3 _ 8 1 2 4 0 _ 
[00009072] 2 | 7 3 5 8 1 2 4 0 _ 
[00009073] 3 | 7 3 _ 8 1 2 _ 0 3 
[00009074] 4 | _ 3 7 8 1 2 _ 0 _ 
[00009075] 3 | 0 3 7 8 1 2 _ 0 _ 
[00009076] 3 | 6 3 7 8 1 2 _ 0 _ 
[00009077] 3 | _ 3 7 8 1 2 4 0 _ 
[00009078] 2 | 5 3 7 8 1 2 4 0 _ 
[00009079] 3 | _ 3 7 8 1 2 _ 0 3 
[00009080] 4 | _ 3 _ 8 1 2 5 0 _ 
[00009081] 3 | 0 3 _ 8 1 2 5 0 _ 
[00009082] 3 | 6 3 _ 8 1 2 5 0 _ 
[00009083] 3 | _ 3 0 8 1 2 5 0 _ 
[00009084] 3 | _ 3 6 8 1 2 5 0 _ 
[00009085] 3 | _ 3 _ 8 1 2 5 0 3 
[00009086] 4 | _ 3 _ 8 1 2 _ 0 4 
[00009087] 3 | 6 3 _ 8 1 2 _ 0 4 
[00009088] 2 | 6 3 1 8 1 2 _ 0 4 
[00009089] 2 | 6 3 5 8 1 2 _ 0 4 
[00009090] 2 | 6 3 _ 8 1 2 3 0 4 
[00009091] 3 | _ 3 6 8 1 2 _ 0 4 
[00009092] 2 | 1 3 6 8 1 2 _ 0 4 
[00009093] 2 | 5 3 6 8 1 2 _ 0 4 
[00009094] 2 | _ 3 6 8 1 2 3 0 4 
[00009095] 5 | _ _ _ 8 1 2 6 0 _ 
[00009096] 4 | 3 7 _ 8 1 2 6 0 _ 
[00009097] 3 | 3 7 4 8 1 2 6 0 _ 
[00009098] 4 | 7 3 _ 8 1 2 6 0 _ 
[00009099] 4 | _ 3 7 8 1 2 6 0 _ 
[00009100] 4 | _ 7 3 8 1 2 6 0 _ 
[00009101] 3 | 4 7 3 8 1 2 6 0 _ 
[00009102] 4 | _ 4 _ 8 1 2 6 0 _ 
[00009103] 3 | 7 4 _ 8 1 2 6 0 _ 
[00009104] 3 | _ 4 7 8 1 2 6 0 _ 
[00009105] 3 | _ 4 _ 8 1 2 6 0 3 
[00009106] 4 | _ _ _ 8 1 2 6 0 4 
[00009107] 3 | _ 5 _ 8 1 2 6 0 4 
[00009108] 2 | 3 5 _ 8 1 2 6 0 4 
[00009109] 2 | 7 5 _ 8 1 2 6 0 4 
[00009110] 2 | _ 5 3 8 1 2 6 0 4 
[00009111] 2 | _ 5 7 8 1 2 6 0 4 
[00009112] 5 | _ _ _ 8 1 2 _ 0 5 
[00009113] 4 | 3 7 _ 8 1 2 _ 0 5 
[00009114] 3 | 3 7 4 8 1 2 _ 0 5 
[00009115] 3 | 3 7 _ 8 1 2 4 0 5 
[00009116] 4 | 7 3 _ 8 1 2 _ 0 5 
[00009117] 4 | _ 3 7 8 1 2 _ 0 5 
[00009118] 4 | _ 7 3 8 1 2 _ 0 5 
[00009119] 3 | 4 7 3 8 1 2 _ 0 5 
[00009120] 3 | _ 7 3 8 1 2 4 0 5 
[00009121] 4 | _ 4 _ 8 1 2 _ 0 5 
[00009122] 3 | 1 4 _ 8 1 2 _ 0 5 
[00009123] 2 | 1 4 6 8 1 2 _ 0 5 
[00009124] 3 | 7 4 _ 8 1 2 _ 0 5 
[00009125] 2 | 7 4 6 8 1 2 _ 0 5 
[00009126] 2 | 7 4 _ 8 1 2 3 0 5 
[00009127] 3 | _ 4 1 8 1 2 _ 0 5 
[00009128] 2 | 6 4 1 8 1 2 _ 0 5 
[00009129] 3 | _ 4 7 8 1 2 _ 0 5 
[00009130] 2 | 6 4 7 8 1 2 _ 0 5 
[00009131] 2 | _ 4 7 8 1 2 3 0 5 
[00009132] 3 | _ 4 _ 8 1 2 4 0 5 
[00009133] 6 | _ _ _ 8 1 _ _ 0 6 
[00009134] 5 | 2 7 _ 8 1 _ _ 0 6 
[00009135] 4 | 2 7 3 8 1 _ _ 0 6 
[00009136] 3 | 2 7 3 8 1 _ 4 0 6 
[00009137] 3 | 2 7 3 8 1 5 _ 0 6 
[00009138] 4 | 2 7 _ 8 1 _ 5 0 6 
[00009139] 3 | 2 7 4 8 1 _ 5 0 6 
[00009140] 4 | 2 7 _ 8 1 4 _ 0 6 
[00009141] 5 | 7 2 _ 8 1 _ _ 0 6 
[00009142] 5 | _ 2 7 8 1 _ _ 0 6 
[00009143] 5 | _ 7 2 8 1 _ _ 0 6 
[00009144] 4 | 3 7 2 8 1 _ _ 0 6 
[00009145] 3 | 3 7 2 8 1 _ 4 0 6 
[00009146] 3 | 3 7 2 8 1 5 _ 0 6 
[00009147] 4 | _ 7 2 8 1 _ 5 0 6 
[00009148] 3 | 4 7 2 8 1 _ 5 0 6 
[00009149] 4 | _ 7 2 8 1 4 _ 0 6 
[00009150] 5 | _ 3 _ 8 1 _ _ 0 6 
[00009151] 4 | 7 3 _ 8 1 _ _ 0 6 
[00009152] 3 | 7 3 _ 8 1 _ 4 0 6 
[00009153] 2 | 7 3 5 8 1 _ 4 0 6 
[00009154] 3 | 7 3 _ 8 1 5 _ 0 6 
[00009155] 2 | 7 3 1 8 1 5 _ 0 6 
[00009156] 2 | 7 3 _ 8 1 5 3 0 6 
[00009157] 4 | _ 3 7 8 1 _ _ 0 6 
[00009158] 3 | _ 3 7 8 1 _ 4 0 6 
[00009159] 2 | 5 3 7 8 1 _ 4 0 6 
[00009160] 3 | _ 3 7 8 1 5 _ 0 6 
[00009161] 2 | 1 3 7 8 1 5 _ 0 6 
[00009162] 2 | _ 3 7 8 1 5 3 0 6 
[00009163] 4 | _ 3 _ 8 1 _ 5 0 6 
[00009164] 4 | _ 3 _ 8 1 4 _ 0 6 
[00009165] 5 | _ _ _ 8 1 3 _ 0 6 
[00009166] 4 | _ 4 _ 8 1 3 _ 0 6 
[00009167] 3 | 1 4 _ 8 1 3 _ 0 6 
