[00006250] 1 | 4 1 6 7 0 5 8 3 2  *Graceful*
[00006250] 2 | 4 1 6 7 0 _ 8 3 5 
[00006251] 3 | _ 1 6 7 0 4 8 3 _ 
[00006252] 2 | 3 1 6 7 0 4 8 3 _ 
[00006253] 2 | _ 1 6 7 0 4 8 3 1 
[00006254] 2 | _ 1 6 7 0 4 8 3 5 
[00006255] 1 | 2 1 6 7 0 4 8 3 5  *Graceful*
[00006255] 5 | _ 1 _ 7 0 2 8 _ _ 
[00006256] 4 | 5 1 _ 7 0 2 8 _ _ 
[00006257] 3 | 5 1 4 7 0 2 8 _ _ 
[00006258] 3 | 5 1 _ 7 0 2 8 4 _ 
[00006259] 2 | 5 1 3 7 0 2 8 4 _ 
[00006260] 2 | 5 1 _ 7 0 2 8 4 6 
[00006261] 3 | 5 1 _ 7 0 2 8 3 6 
[00006262] 3 | 5 1 _ 7 0 2 8 6 3 
[00006263] 4 | _ 1 5 7 0 2 8 _ _ 
[00006264] 3 | 4 1 5 7 0 2 8 _ _ 
[00006265] 3 | _ 1 5 7 0 2 8 4 _ 
[00006266] 2 | 3 1 5 7 0 2 8 4 _ 
[00006267] 2 | _ 1 5 7 0 2 8 4 6 
[00006268] 3 | _ 1 5 7 0 2 8 3 6 
[00006269] 3 | _ 1 5 7 0 2 8 6 3 
[00006270] 4 | _ 1 _ 7 0 2 8 3 _ 
[00006271] 3 | 4 1 _ 7 0 2 8 3 _ 
[00006272] 2 | 4 1 3 7 0 2 8 3 _ 
[00006273] 2 | 4 1 _ 7 0 2 8 3 1 
[00006274] 2 | 4 1 _ 7 0 2 8 3 5 
[00006275] 3 | _ 1 4 7 0 2 8 3 _ 
[00006276] 2 | 3 1 4 7 0 2 8 3 _ 
[00006277] 2 | _ 1 4 7 0 2 8 3 1 
[00006278] 2 | _ 1 4 7 0 2 8 3 5 
[00006279] 3 | _ 1 _ 7 0 2 8 3 6 
[00006280] 5 | _ 1 _ 7 0 _ 8 2 _ 
[00006281] 4 | 5 1 _ 7 0 _ 8 2 _ 
[00006282] 3 | 5 1 4 7 0 _ 8 2 _ 
[00006283] 3 | 5 1 _ 7 0 4 8 2 _ 
[00006284] 2 | 5 1 3 7 0 4 8 2 _ 
[00006285] 4 | _ 1 5 7 0 _ 8 2 _ 
[00006286] 3 | 4 1 5 7 0 _ 8 2 _ 
[00006287] 3 | _ 1 5 7 0 4 8 2 _ 
[00006288] 2 | 3 1 5 7 0 4 8 2 _ 
[00006289] 4 | _ 1 _ 7 0 3 8 2 _ 
[00006290] 3 | 4 1 _ 7 0 3 8 2 _ 
[00006291] 3 | _ 1 4 7 0 3 8 2 _ 
[00006292] 3 | _ 1 _ 7 0 3 8 2 5 
[00006293] 4 | _ 1 _ 7 0 _ 8 2 6 
[00006294] 3 | 4 1 _ 7 0 _ 8 2 6 
[00006295] 2 | 4 1 3 7 0 _ 8 2 6 
[00006296] 2 | 4 1 _ 7 0 5 8 2 6 
[00006297] 3 | _ 1 4 7 0 _ 8 2 6 
[00006298] 2 | 3 1 4 7 0 _ 8 2 6 
[00006299] 2 | _ 1 4 7 0 5 8 2 6 
[00006300] 3 | _ 1 _ 7 0 4 8 2 6 
[00006301] 2 | 3 1 _ 7 0 4 8 2 6 
[00006302] 2 | _ 1 3 7 0 4 8 2 6 
[00006303] 6 | _ _ _ 7 0 1 8 _ _ 
[00006304] 5 | _ 2 _ 7 0 1 8 _ _ 
[00006305] 4 | 6 2 _ 7 0 1 8 _ _ 
[00006306] 3 | 6 2 5 7 0 1 8 _ _ 
[00006307] 3 | 6 2 _ 7 0 1 8 4 _ 
[00006308] 2 | 6 2 4 7 0 1 8 4 _ 
[00006309] 2 | 6 2 _ 7 0 1 8 4 2 
[00006310] 4 | _ 2 6 7 0 1 8 _ _ 
[00006311] 3 | 5 2 6 7 0 1 8 _ _ 
[00006312] 3 | _ 2 6 7 0 1 8 4 _ 
[00006313] 2 | 4 2 6 7 0 1 8 4 _ 
[00006314] 2 | _ 2 6 7 0 1 8 4 2 
[00006315] 4 | _ 2 _ 7 0 1 8 3 _ 
[00006316] 3 | 5 2 _ 7 0 1 8 3 _ 
[00006317] 2 | 5 2 4 7 0 1 8 3 _ 
[00006318] 3 | _ 2 5 7 0 1 8 3 _ 
[00006319] 2 | 4 2 5 7 0 1 8 3 _ 
[00006320] 3 | _ 2 _ 7 0 1 8 3 6 
[00006321] 2 | 4 2 _ 7 0 1 8 3 6 
[00006322] 2 | _ 2 4 7 0 1 8 3 6 
[00006323] 5 | _ _ _ 7 0 1 8 2 _ 
[00006324] 4 | _ 3 _ 7 0 1 8 2 _ 
[00006325] 3 | 6 3 _ 7 0 1 8 2 _ 
[00006326] 2 | 6 3 5 7 0 1 8 2 _ 
[00006327] 2 | 6 3 _ 7 0 1 8 2 4 
[00006328] 3 | _ 3 6 7 0 1 8 2 _ 
[00006329] 2 | 5 3 6 7 0 1 8 2 _ 
[00006330] 2 | _ 3 6 7 0 1 8 2 4 
[00006331] 3 | _ 3 _ 7 0 1 8 2 5 
[00006332] 4 | _ _ _ 7 0 1 8 2 6 
[00006333] 3 | _ 4 _ 7 0 1 8 2 6 
[00006334] 6 | _ _ _ 7 0 _ 8 1 _ 
[00006335] 5 | _ 2 _ 7 0 _ 8 1 _ 
[00006336] 4 | 6 2 _ 7 0 _ 8 1 _ 
[00006337] 3 | 6 2 5 7 0 _ 8 1 _ 
[00006338] 2 | 6 2 5 7 0 _ 8 1 3 
[00006339] 3 | 6 2 _ 7 0 4 8 1 _ 
[00006340] 2 | 6 2 _ 7 0 4 8 1 3 
[00006341] 3 | 6 2 _ 7 0 _ 8 1 4 
[00006342] 2 | 6 2 _ 7 0 5 8 1 4 
[00006343] 1 | 6 2 3 7 0 5 8 1 4  *Graceful*
[00006343] 4 | _ 2 6 7 0 _ 8 1 _ 
[00006344] 3 | 5 2 6 7 0 _ 8 1 _ 
[00006345] 2 | 5 2 6 7 0 _ 8 1 3 
[00006346] 3 | _ 2 6 7 0 4 8 1 _ 
[00006347] 2 | _ 2 6 7 0 4 8 1 3 
[00006348] 3 | _ 2 6 7 0 _ 8 1 4 
[00006349] 2 | _ 2 6 7 0 5 8 1 4 
[00006350] 1 | 3 2 6 7 0 5 8 1 4  *Graceful*
[00006350] 4 | _ 2 _ 7 0 3 8 1 _ 
[00006351] 3 | 5 2 _ 7 0 3 8 1 _ 
[00006352] 2 | 5 2 4 7 0 3 8 1 _ 
[00006353] 3 | _ 2 5 7 0 3 8 1 _ 
[00006354] 2 | 4 2 5 7 0 3 8 1 _ 
[00006355] 3 | _ 2 _ 7 0 3 8 1 4 
[00006356] 4 | _ 2 _ 7 0 _ 8 1 5 
[00006357] 3 | _ 2 _ 7 0 4 8 1 5 
[00006358] 5 | _ _ _ 7 0 2 8 1 _ 
[00006359] 4 | _ 3 _ 7 0 2 8 1 _ 
[00006360] 3 | 6 3 _ 7 0 2 8 1 _ 
[00006361] 2 | 6 3 1 7 0 2 8 1 _ 
[00006362] 2 | 6 3 5 7 0 2 8 1 _ 
[00006363] 2 | 6 3 _ 7 0 2 8 1 3 
[00006364] 3 | _ 3 6 7 0 2 8 1 _ 
[00006365] 2 | 1 3 6 7 0 2 8 1 _ 
[00006366] 2 | 5 3 6 7 0 2 8 1 _ 
[00006367] 2 | _ 3 6 7 0 2 8 1 3 
[00006368] 3 | _ 3 _ 7 0 2 8 1 4 
[00006369] 2 | 5 3 _ 7 0 2 8 1 4 
[00006370] 2 | _ 3 5 7 0 2 8 1 4 
[00006371] 4 | _ _ _ 7 0 2 8 1 5 
[00006372] 3 | 3 6 _ 7 0 2 8 1 5 
[00006373] 2 | 3 6 4 7 0 2 8 1 5 
[00006374] 1 | 3 6 4 7 0 2 8 1 5  *Graceful*
[00006374] 3 | 6 3 _ 7 0 2 8 1 5 
[00006375] 3 | _ 3 6 7 0 2 8 1 5 
[00006376] 3 | _ 6 3 7 0 2 8 1 5 
[00006377] 2 | 4 6 3 7 0 2 8 1 5 
[00006378] 1 | 4 6 3 7 0 2 8 1 5  *Graceful*
[00006378] 3 | _ 4 _ 7 0 2 8 1 5 
[00006379] 2 | 6 4 _ 7 0 2 8 1 5 
[00006380] 1 | 6 4 3 7 0 2 8 1 5  *Graceful*
[00006380] 2 | _ 4 6 7 0 2 8 1 5 
[00006381] 1 | 3 4 6 7 0 2 8 1 5  *Graceful*
[00006381] 5 | _ _ _ 7 0 _ 8 1 6 
[00006382] 4 | _ 3 _ 7 0 _ 8 1 6 
[00006383] 3 | _ 3 _ 7 0 4 8 1 6 
[00006384] 2 | 5 3 _ 7 0 4 8 1 6 
[00006385] 1 | 5 3 2 7 0 4 8 1 6  *Graceful*
[00006385] 2 | _ 3 5 7 0 4 8 1 6 
[00006386] 1 | 2 3 5 7 0 4 8 1 6  *Graceful*
[00006386] 4 | _ _ _ 7 0 3 8 1 6 
[00006387] 3 | 2 5 _ 7 0 3 8 1 6 
[00006388] 3 | 5 2 _ 7 0 3 8 1 6 
[00006389] 3 | _ 2 5 7 0 3 8 1 6 
[00006390] 3 | _ 5 2 7 0 3 8 1 6 
[00006391] 3 | _ 4 _ 7 0 3 8 1 6 
[00006392] 2 | 2 4 _ 7 0 3 8 1 6 
[00006393] 1 | 2 4 5 7 0 3 8 1 6  *Graceful*
[00006393] 2 | _ 4 2 7 0 3 8 1 6 
[00006394] 1 | 5 4 2 7 0 3 8 1 6  *Graceful*
[00006394] 8 | _ _ _ _ 8 _ 0 _ _ 
[00006395] 7 | _ _ _ 1 8 _ 0 _ _ 
[00006396] 6 | _ 7 _ 1 8 _ 0 _ _ 
[00006397] 5 | 2 7 _ 1 8 _ 0 _ _ 
[00006398] 4 | 2 7 3 1 8 _ 0 _ _ 
[00006399] 3 | 2 7 3 1 8 4 0 _ _ 
[00006400] 3 | 2 7 3 1 8 _ 0 4 _ 
[00006401] 2 | 2 7 3 1 8 _ 0 4 6 
[00006402] 4 | 2 7 _ 1 8 5 0 _ _ 
[00006403] 3 | 2 7 4 1 8 5 0 _ _ 
[00006404] 2 | 2 7 4 1 8 5 0 3 _ 
[00006405] 3 | 2 7 _ 1 8 5 0 4 _ 
[00006406] 2 | 2 7 _ 1 8 5 0 4 6 
[00006407] 3 | 2 7 _ 1 8 5 0 3 6 
[00006408] 3 | 2 7 _ 1 8 5 0 6 3 
[00006409] 4 | 2 7 _ 1 8 _ 0 5 _ 
[00006410] 3 | 2 7 4 1 8 _ 0 5 _ 
[00006411] 2 | 2 7 4 1 8 3 0 5 _ 
[00006412] 1 | 2 7 4 1 8 3 0 5 6  *Graceful*
[00006412] 2 | 2 7 4 1 8 _ 0 5 3 
[00006413] 3 | 2 7 _ 1 8 4 0 5 _ 
[00006414] 2 | 2 7 5 1 8 4 0 5 _ 
[00006415] 2 | 2 7 _ 1 8 4 0 5 3 
[00006416] 1 | 2 7 6 1 8 4 0 5 3  *Graceful*
[00006416] 2 | 2 7 _ 1 8 4 0 5 7 
[00006417] 5 | _ 7 2 1 8 _ 0 _ _ 
[00006418] 4 | 3 7 2 1 8 _ 0 _ _ 
[00006419] 3 | 3 7 2 1 8 4 0 _ _ 
[00006420] 3 | 3 7 2 1 8 _ 0 4 _ 
[00006421] 2 | 3 7 2 1 8 _ 0 4 6 
[00006422] 4 | _ 7 2 1 8 5 0 _ _ 
[00006423] 3 | 4 7 2 1 8 5 0 _ _ 
[00006424] 2 | 4 7 2 1 8 5 0 3 _ 
[00006425] 3 | _ 7 2 1 8 5 0 4 _ 
[00006426] 2 | _ 7 2 1 8 5 0 4 6 
[00006427] 3 | _ 7 2 1 8 5 0 3 6 
[00006428] 3 | _ 7 2 1 8 5 0 6 3 
[00006429] 4 | _ 7 2 1 8 _ 0 5 _ 
[00006430] 3 | 4 7 2 1 8 _ 0 5 _ 
[00006431] 2 | 4 7 2 1 8 3 0 5 _ 
[00006432] 1 | 4 7 2 1 8 3 0 5 6  *Graceful*
[00006432] 2 | 4 7 2 1 8 _ 0 5 3 
[00006433] 3 | _ 7 2 1 8 4 0 5 _ 
[00006434] 2 | 5 7 2 1 8 4 0 5 _ 
[00006435] 2 | _ 7 2 1 8 4 0 5 3 
[00006436] 1 | 6 7 2 1 8 4 0 5 3  *Graceful*
[00006436] 2 | _ 7 2 1 8 4 0 5 7 
[00006437] 5 | _ 7 _ 1 8 6 0 _ _ 
[00006438] 4 | 3 7 _ 1 8 6 0 _ _ 
[00006439] 3 | 3 7 4 1 8 6 0 _ _ 
[00006440] 3 | 3 7 _ 1 8 6 0 4 _ 
[00006441] 2 | 3 7 5 1 8 6 0 4 _ 
[00006442] 2 | 3 7 _ 1 8 6 0 4 2 
[00006443] 3 | 3 7 _ 1 8 6 0 2 5 
[00006444] 3 | 3 7 _ 1 8 6 0 5 2 
[00006445] 4 | _ 7 3 1 8 6 0 _ _ 
[00006446] 3 | 4 7 3 1 8 6 0 _ _ 
[00006447] 3 | _ 7 3 1 8 6 0 4 _ 
[00006448] 2 | 5 7 3 1 8 6 0 4 _ 
[00006449] 2 | _ 7 3 1 8 6 0 4 2 
[00006450] 3 | _ 7 3 1 8 6 0 2 5 
[00006451] 3 | _ 7 3 1 8 6 0 5 2 
[00006452] 4 | _ 7 _ 1 8 6 0 5 _ 
[00006453] 3 | 4 7 _ 1 8 6 0 5 _ 
[00006454] 2 | 4 7 5 1 8 6 0 5 _ 
[00006455] 2 | 4 7 _ 1 8 6 0 5 3 
[00006456] 2 | 4 7 _ 1 8 6 0 5 7 
[00006457] 3 | _ 7 4 1 8 6 0 5 _ 
[00006458] 2 | 5 7 4 1 8 6 0 5 _ 
[00006459] 2 | _ 7 4 1 8 6 0 5 3 
[00006460] 2 | _ 7 4 1 8 6 0 5 7 
[00006461] 3 | _ 7 _ 1 8 6 0 5 2 
[00006462] 5 | _ 7 _ 1 8 _ 0 6 _ 
[00006463] 4 | 3 7 _ 1 8 _ 0 6 _ 
[00006464] 3 | 3 7 4 1 8 _ 0 6 _ 
[00006465] 3 | 3 7 _ 1 8 4 0 6 _ 
[00006466] 2 | 3 7 5 1 8 4 0 6 _ 
[00006467] 4 | _ 7 3 1 8 _ 0 6 _ 
[00006468] 3 | 4 7 3 1 8 _ 0 6 _ 
[00006469] 3 | _ 7 3 1 8 4 0 6 _ 
[00006470] 2 | 5 7 3 1 8 4 0 6 _ 
[00006471] 4 | _ 7 _ 1 8 5 0 6 _ 
[00006472] 3 | 4 7 _ 1 8 5 0 6 _ 
[00006473] 3 | _ 7 4 1 8 5 0 6 _ 
[00006474] 3 | _ 7 _ 1 8 5 0 6 3 
[00006475] 4 | _ 7 _ 1 8 _ 0 6 2 
[00006476] 3 | 4 7 _ 1 8 _ 0 6 2 
[00006477] 2 | 4 7 5 1 8 _ 0 6 2 
[00006478] 2 | 4 7 _ 1 8 3 0 6 2 
[00006479] 3 | _ 7 4 1 8 _ 0 6 2 
[00006480] 2 | 5 7 4 1 8 _ 0 6 2 
[00006481] 2 | _ 7 4 1 8 3 0 6 2 
[00006482] 3 | _ 7 _ 1 8 4 0 6 2 
[00006483] 2 | 5 7 _ 1 8 4 0 6 2 
[00006484] 2 | _ 7 5 1 8 4 0 6 2 
[00006485] 6 | _ _ _ 1 8 7 0 _ _ 
[00006486] 5 | _ 6 _ 1 8 7 0 _ _ 
[00006487] 4 | 2 6 _ 1 8 7 0 _ _ 
[00006488] 3 | 2 6 3 1 8 7 0 _ _ 
[00006489] 3 | 2 6 _ 1 8 7 0 4 _ 
[00006490] 2 | 2 6 4 1 8 7 0 4 _ 
[00006491] 2 | 2 6 _ 1 8 7 0 4 6 
[00006492] 4 | _ 6 2 1 8 7 0 _ _ 
[00006493] 3 | 3 6 2 1 8 7 0 _ _ 
[00006494] 3 | _ 6 2 1 8 7 0 4 _ 
[00006495] 2 | 4 6 2 1 8 7 0 4 _ 
[00006496] 2 | _ 6 2 1 8 7 0 4 6 
[00006497] 4 | _ 6 _ 1 8 7 0 5 _ 
[00006498] 3 | 3 6 _ 1 8 7 0 5 _ 
[00006499] 2 | 3 6 4 1 8 7 0 5 _ 
[00006500] 3 | _ 6 3 1 8 7 0 5 _ 
[00006501] 2 | 4 6 3 1 8 7 0 5 _ 
[00006502] 3 | _ 6 _ 1 8 7 0 5 2 
[00006503] 2 | 4 6 _ 1 8 7 0 5 2 
[00006504] 2 | _ 6 4 1 8 7 0 5 2 
[00006505] 5 | _ _ _ 1 8 7 0 6 _ 
[00006506] 4 | _ 5 _ 1 8 7 0 6 _ 
[00006507] 3 | 2 5 _ 1 8 7 0 6 _ 
[00006508] 2 | 2 5 3 1 8 7 0 6 _ 
[00006509] 2 | 2 5 _ 1 8 7 0 6 4 
[00006510] 3 | _ 5 2 1 8 7 0 6 _ 
[00006511] 2 | 3 5 2 1 8 7 0 6 _ 
[00006512] 2 | _ 5 2 1 8 7 0 6 4 
[00006513] 3 | _ 5 _ 1 8 7 0 6 3 
[00006514] 4 | _ _ _ 1 8 7 0 6 2 
[00006515] 3 | _ 4 _ 1 8 7 0 6 2 
[00006516] 6 | _ _ _ 1 8 _ 0 7 _ 
[00006517] 5 | _ 6 _ 1 8 _ 0 7 _ 
[00006518] 4 | 2 6 _ 1 8 _ 0 7 _ 
[00006519] 3 | 2 6 3 1 8 _ 0 7 _ 
[00006520] 2 | 2 6 3 1 8 _ 0 7 5 
[00006521] 3 | 2 6 _ 1 8 4 0 7 _ 
[00006522] 2 | 2 6 _ 1 8 4 0 7 5 
[00006523] 3 | 2 6 _ 1 8 _ 0 7 4 
[00006524] 2 | 2 6 _ 1 8 3 0 7 4 
[00006525] 1 | 2 6 5 1 8 3 0 7 4  *Graceful*
[00006525] 4 | _ 6 2 1 8 _ 0 7 _ 
[00006526] 3 | 3 6 2 1 8 _ 0 7 _ 
[00006527] 2 | 3 6 2 1 8 _ 0 7 5 
[00006528] 3 | _ 6 2 1 8 4 0 7 _ 
[00006529] 2 | _ 6 2 1 8 4 0 7 5 
[00006530] 3 | _ 6 2 1 8 _ 0 7 4 
[00006531] 2 | _ 6 2 1 8 3 0 7 4 
[00006532] 1 | 5 6 2 1 8 3 0 7 4  *Graceful*
[00006532] 4 | _ 6 _ 1 8 5 0 7 _ 
[00006533] 3 | 3 6 _ 1 8 5 0 7 _ 
[00006534] 2 | 3 6 4 1 8 5 0 7 _ 
[00006535] 3 | _ 6 3 1 8 5 0 7 _ 
[00006536] 2 | 4 6 3 1 8 5 0 7 _ 
[00006537] 3 | _ 6 _ 1 8 5 0 7 4 
[00006538] 4 | _ 6 _ 1 8 _ 0 7 3 
[00006539] 3 | _ 6 _ 1 8 4 0 7 3 
[00006540] 5 | _ _ _ 1 8 6 0 7 _ 
[00006541] 4 | _ 5 _ 1 8 6 0 7 _ 
[00006542] 3 | 2 5 _ 1 8 6 0 7 _ 
[00006543] 2 | 2 5 3 1 8 6 0 7 _ 
[00006544] 2 | 2 5 7 1 8 6 0 7 _ 
[00006545] 2 | 2 5 _ 1 8 6 0 7 5 
[00006546] 3 | _ 5 2 1 8 6 0 7 _ 
[00006547] 2 | 3 5 2 1 8 6 0 7 _ 
[00006548] 2 | 7 5 2 1 8 6 0 7 _ 
[00006549] 2 | _ 5 2 1 8 6 0 7 5 
[00006550] 3 | _ 5 _ 1 8 6 0 7 4 
[00006551] 2 | 3 5 _ 1 8 6 0 7 4 
[00006552] 2 | _ 5 3 1 8 6 0 7 4 
[00006553] 4 | _ _ _ 1 8 6 0 7 3 
[00006554] 3 | 2 5 _ 1 8 6 0 7 3 
[00006555] 3 | 5 2 _ 1 8 6 0 7 3 
[00006556] 2 | 5 2 4 1 8 6 0 7 3 
[00006557] 1 | 5 2 4 1 8 6 0 7 3  *Graceful*
[00006557] 3 | _ 2 5 1 8 6 0 7 3 
[00006558] 2 | 4 2 5 1 8 6 0 7 3 
[00006559] 1 | 4 2 5 1 8 6 0 7 3  *Graceful*
[00006559] 3 | _ 5 2 1 8 6 0 7 3 
[00006560] 3 | _ 4 _ 1 8 6 0 7 3 
[00006561] 2 | 2 4 _ 1 8 6 0 7 3 
[00006562] 1 | 2 4 5 1 8 6 0 7 3  *Graceful*
[00006562] 2 | _ 4 2 1 8 6 0 7 3 
[00006563] 1 | 5 4 2 1 8 6 0 7 3  *Graceful*
[00006563] 5 | _ _ _ 1 8 _ 0 7 2 
[00006564] 4 | _ 5 _ 1 8 _ 0 7 2 
[00006565] 3 | _ 5 _ 1 8 4 0 7 2 
[00006566] 2 | 3 5 _ 1 8 4 0 7 2 
[00006567] 1 | 3 5 6 1 8 4 0 7 2  *Graceful*
[00006567] 2 | _ 5 3 1 8 4 0 7 2 
[00006568] 1 | 6 5 3 1 8 4 0 7 2  *Graceful*
[00006568] 4 | _ _ _ 1 8 5 0 7 2 
[00006569] 3 | 3 6 _ 1 8 5 0 7 2 
[00006570] 3 | 6 3 _ 1 8 5 0 7 2 
[00006571] 3 | _ 3 6 1 8 5 0 7 2 
[00006572] 3 | _ 6 3 1 8 5 0 7 2 
[00006573] 3 | _ 4 _ 1 8 5 0 7 2 
[00006574] 2 | 6 4 _ 1 8 5 0 7 2 
[00006575] 1 | 6 4 3 1 8 5 0 7 2  *Graceful*
[00006575] 2 | _ 4 6 1 8 5 0 7 2 
[00006576] 1 | 3 4 6 1 8 5 0 7 2  *Graceful*
[00006576] 8 | _ _ _ 0 _ 8 _ _ _ 
[00006577] 7 | _ 7 _ 0 _ 8 _ _ _ 
[00006578] 6 | 1 7 _ 0 _ 8 _ _ _ 
[00006579] 5 | 1 7 2 0 _ 8 _ _ _ 
[00006580] 4 | 1 7 2 0 4 8 _ _ _ 
[00006581] 3 | 1 7 2 0 4 8 _ 3 _ 
[00006582] 2 | 1 7 2 0 4 8 6 3 _ 
[00006583] 2 | 1 7 2 0 4 8 _ 3 5 
[00006584] 3 | 1 7 2 0 4 8 _ 3 6 
[00006585] 3 | 1 7 2 0 4 8 _ 6 3 
[00006586] 4 | 1 7 2 0 _ 8 _ 4 _ 
[00006587] 3 | 1 7 2 0 3 8 _ 4 _ 
[00006588] 2 | 1 7 2 0 3 8 5 4 _ 
[00006589] 2 | 1 7 2 0 3 8 _ 4 6 
[00006590] 3 | 1 7 2 0 3 8 6 4 _ 
[00006591] 3 | 1 7 2 0 6 8 3 4 _ 
[00006592] 5 | 1 7 _ 0 5 8 _ _ _ 
[00006593] 4 | 1 7 3 0 5 8 _ _ _ 
[00006594] 3 | 1 7 3 0 5 8 2 _ _ 
[00006595] 2 | 1 7 3 0 5 8 2 4 6 
[00006596] 2 | 1 7 3 0 5 8 2 6 4 
[00006597] 4 | 1 7 _ 0 5 8 _ 4 _ 
[00006598] 3 | 1 7 4 0 5 8 _ 4 _ 
[00006599] 2 | 1 7 4 0 5 8 3 4 _ 
[00006600] 3 | 1 7 _ 0 5 8 2 4 _ 
[00006601] 2 | 1 7 _ 0 5 8 2 4 6 
[00006602] 3 | 1 7 _ 0 5 8 _ 4 7 
[00006603] 2 | 1 7 _ 0 5 8 3 4 7 
[00006604] 4 | 1 7 _ 0 5 8 _ 2 6 
[00006605] 3 | 1 7 4 0 5 8 _ 2 6 
[00006606] 2 | 1 7 4 0 5 8 3 2 6 
[00006607] 4 | 1 7 _ 0 5 8 _ 6 2 
[00006608] 3 | 1 7 4 0 5 8 _ 6 2 
[00006609] 2 | 1 7 4 0 5 8 3 6 2 
[00006610] 5 | 1 7 _ 0 _ 8 _ 5 _ 
[00006611] 4 | 1 7 3 0 _ 8 _ 5 _ 
[00006612] 3 | 1 7 3 0 _ 8 _ 5 2 
[00006613] 2 | 1 7 3 0 4 8 6 5 2 
[00006614] 2 | 1 7 3 0 6 8 4 5 2 
[00006615] 4 | 1 7 _ 0 4 8 _ 5 _ 
[00006616] 3 | 1 7 4 0 4 8 _ 5 _ 
[00006617] 2 | 1 7 4 0 4 8 _ 5 3 
[00006618] 3 | 1 7 _ 0 4 8 7 5 _ 
[00006619] 2 | 1 7 _ 0 4 8 7 5 3 
[00006620] 3 | 1 7 _ 0 4 8 _ 5 2 
[00006621] 2 | 1 7 _ 0 4 8 6 5 2 
[00006622] 4 | 1 7 _ 0 2 8 6 5 _ 
[00006623] 3 | 1 7 4 0 2 8 6 5 _ 
[00006624] 2 | 1 7 4 0 2 8 6 5 3 
[00006625] 4 | 1 7 _ 0 6 8 2 5 _ 
[00006626] 3 | 1 7 4 0 6 8 2 5 _ 
[00006627] 2 | 1 7 4 0 6 8 2 5 3 
[00006628] 6 | _ 7 1 0 _ 8 _ _ _ 
[00006629] 5 | 2 7 1 0 _ 8 _ _ _ 
[00006630] 4 | 2 7 1 0 4 8 _ _ _ 
[00006631] 3 | 2 7 1 0 4 8 _ 3 _ 
[00006632] 2 | 2 7 1 0 4 8 6 3 _ 
[00006633] 2 | 2 7 1 0 4 8 _ 3 5 
[00006634] 3 | 2 7 1 0 4 8 _ 3 6 
[00006635] 3 | 2 7 1 0 4 8 _ 6 3 
[00006636] 4 | 2 7 1 0 _ 8 _ 4 _ 
[00006637] 3 | 2 7 1 0 3 8 _ 4 _ 
[00006638] 2 | 2 7 1 0 3 8 5 4 _ 
[00006639] 2 | 2 7 1 0 3 8 _ 4 6 
[00006640] 3 | 2 7 1 0 3 8 6 4 _ 
[00006641] 3 | 2 7 1 0 6 8 3 4 _ 
[00006642] 5 | _ 7 1 0 5 8 _ _ _ 
[00006643] 4 | 3 7 1 0 5 8 _ _ _ 
[00006644] 3 | 3 7 1 0 5 8 2 _ _ 
[00006645] 2 | 3 7 1 0 5 8 2 4 6 
[00006646] 2 | 3 7 1 0 5 8 2 6 4 
[00006647] 4 | _ 7 1 0 5 8 _ 4 _ 
[00006648] 3 | 4 7 1 0 5 8 _ 4 _ 
[00006649] 2 | 4 7 1 0 5 8 3 4 _ 
[00006650] 3 | _ 7 1 0 5 8 2 4 _ 
[00006651] 2 | _ 7 1 0 5 8 2 4 6 
[00006652] 3 | _ 7 1 0 5 8 _ 4 7 
[00006653] 2 | _ 7 1 0 5 8 3 4 7 
[00006654] 4 | _ 7 1 0 5 8 _ 2 6 
[00006655] 3 | 4 7 1 0 5 8 _ 2 6 
[00006656] 2 | 4 7 1 0 5 8 3 2 6 
[00006657] 4 | _ 7 1 0 5 8 _ 6 2 
[00006658] 3 | 4 7 1 0 5 8 _ 6 2 
[00006659] 2 | 4 7 1 0 5 8 3 6 2 
[00006660] 5 | _ 7 1 0 _ 8 _ 5 _ 
[00006661] 4 | 3 7 1 0 _ 8 _ 5 _ 
[00006662] 3 | 3 7 1 0 _ 8 _ 5 2 
[00006663] 2 | 3 7 1 0 4 8 6 5 2 
[00006664] 2 | 3 7 1 0 6 8 4 5 2 
[00006665] 4 | _ 7 1 0 4 8 _ 5 _ 
[00006666] 3 | 4 7 1 0 4 8 _ 5 _ 
[00006667] 2 | 4 7 1 0 4 8 _ 5 3 
[00006668] 3 | _ 7 1 0 4 8 7 5 _ 
[00006669] 2 | _ 7 1 0 4 8 7 5 3 
[00006670] 3 | _ 7 1 0 4 8 _ 5 2 
[00006671] 2 | _ 7 1 0 4 8 6 5 2 
[00006672] 4 | _ 7 1 0 2 8 6 5 _ 
[00006673] 3 | 4 7 1 0 2 8 6 5 _ 
[00006674] 2 | 4 7 1 0 2 8 6 5 3 
[00006675] 4 | _ 7 1 0 6 8 2 5 _ 
[00006676] 3 | 4 7 1 0 6 8 2 5 _ 
[00006677] 2 | 4 7 1 0 6 8 2 5 3 
[00006678] 6 | _ 7 _ 0 6 8 _ _ _ 
[00006679] 5 | 2 7 _ 0 6 8 _ _ _ 
[00006680] 4 | 2 7 3 0 6 8 _ _ _ 
[00006681] 3 | 2 7 3 0 6 8 _ 1 4 
[00006682] 3 | 2 7 3 0 6 8 _ 4 1 
[00006683] 4 | 2 7 _ 0 6 8 _ 4 _ 
[00006684] 3 | 2 7 4 0 6 8 _ 4 _ 
[00006685] 3 | 2 7 _ 0 6 8 3 4 _ 
[00006686] 2 | 2 7 5 0 6 8 3 4 _ 
[00006687] 3 | 2 7 _ 0 6 8 _ 4 1 
[00006688] 2 | 2 7 5 0 6 8 _ 4 1 
[00006689] 3 | 2 7 _ 0 6 8 _ 4 7 
[00006690] 4 | 2 7 _ 0 6 8 _ 1 5 
[00006691] 3 | 2 7 4 0 6 8 _ 1 5 
[00006692] 3 | 2 7 _ 0 6 8 3 1 5 
[00006693] 4 | 2 7 _ 0 6 8 _ 5 1 
[00006694] 3 | 2 7 4 0 6 8 _ 5 1 
[00006695] 3 | 2 7 _ 0 6 8 3 5 1 
[00006696] 5 | _ 7 2 0 6 8 _ _ _ 
[00006697] 4 | 3 7 2 0 6 8 _ _ _ 
[00006698] 3 | 3 7 2 0 6 8 _ 1 4 
[00006699] 3 | 3 7 2 0 6 8 _ 4 1 
[00006700] 4 | _ 7 2 0 6 8 _ 4 _ 
[00006701] 3 | 4 7 2 0 6 8 _ 4 _ 
[00006702] 3 | _ 7 2 0 6 8 3 4 _ 
[00006703] 2 | 5 7 2 0 6 8 3 4 _ 
[00006704] 3 | _ 7 2 0 6 8 _ 4 1 
[00006705] 2 | 5 7 2 0 6 8 _ 4 1 
[00006706] 3 | _ 7 2 0 6 8 _ 4 7 
[00006707] 4 | _ 7 2 0 6 8 _ 1 5 
[00006708] 3 | 4 7 2 0 6 8 _ 1 5 
[00006709] 3 | _ 7 2 0 6 8 3 1 5 
[00006710] 4 | _ 7 2 0 6 8 _ 5 1 
[00006711] 3 | 4 7 2 0 6 8 _ 5 1 
[00006712] 3 | _ 7 2 0 6 8 3 5 1 
[00006713] 5 | _ 7 _ 0 6 8 1 _ _ 
[00006714] 4 | 3 7 _ 0 6 8 1 _ _ 
[00006715] 3 | 3 7 4 0 6 8 1 _ _ 
[00006716] 2 | 3 7 4 0 6 8 1 2 _ 
[00006717] 3 | 3 7 _ 0 6 8 1 2 5 
[00006718] 3 | 3 7 _ 0 6 8 1 5 2 
[00006719] 4 | _ 7 3 0 6 8 1 _ _ 
[00006720] 3 | 4 7 3 0 6 8 1 _ _ 
[00006721] 2 | 4 7 3 0 6 8 1 2 _ 
[00006722] 3 | _ 7 3 0 6 8 1 2 5 
[00006723] 3 | _ 7 3 0 6 8 1 5 2 
