[00000464] 3 | 8 0 6 7 4 3 _ 2 _ 
[00000465] 2 | 8 0 6 7 4 3 2 2 _ 
[00000466] 2 | 8 0 6 7 4 3 _ 2 4 
[00000467] 3 | 8 0 6 7 1 3 4 2 _ 
[00000468] 3 | 8 0 6 7 4 3 1 2 _ 
[00000469] 3 | 8 0 6 7 _ 3 _ 2 5 
[00000470] 6 | 8 0 _ 7 1 _ _ _ _ 
[00000471] 5 | 8 0 5 7 1 _ _ _ _ 
[00000472] 4 | 8 0 5 7 1 3 _ _ _ 
[00000473] 3 | 8 0 5 7 1 3 4 _ _ 
[00000474] 3 | 8 0 5 7 1 3 _ 4 _ 
[00000475] 2 | 8 0 5 7 1 3 _ 4 2 
[00000476] 2 | 8 0 5 7 1 3 _ 4 6 
[00000477] 1 | 8 0 5 7 1 3 2 4 6  *Graceful*
[00000477] 4 | 8 0 5 7 1 _ _ 3 _ 
[00000478] 3 | 8 0 5 7 1 _ 4 3 _ 
[00000479] 3 | 8 0 5 7 1 4 _ 3 _ 
[00000480] 2 | 8 0 5 7 1 4 3 3 _ 
[00000481] 2 | 8 0 5 7 1 4 _ 3 1 
[00000482] 3 | 8 0 5 7 1 _ _ 3 6 
[00000483] 4 | 8 0 5 7 1 _ _ 2 6 
[00000484] 3 | 8 0 5 7 1 _ 4 2 6 
[00000485] 3 | 8 0 5 7 1 4 _ 2 6 
[00000486] 2 | 8 0 5 7 1 4 3 2 6 
[00000487] 4 | 8 0 5 7 1 _ _ 6 2 
[00000488] 3 | 8 0 5 7 1 _ 4 6 2 
[00000489] 3 | 8 0 5 7 1 4 _ 6 2 
[00000490] 2 | 8 0 5 7 1 4 3 6 2 
[00000491] 1 | 8 0 5 7 1 4 3 6 2  *Graceful*
[00000491] 5 | 8 0 _ 7 1 _ 6 _ _ 
[00000492] 4 | 8 0 4 7 1 _ 6 _ _ 
[00000493] 3 | 8 0 4 7 1 _ 6 2 5 
[00000494] 3 | 8 0 4 7 1 _ 6 5 2 
[00000495] 4 | 8 0 _ 7 1 3 6 _ _ 
[00000496] 3 | 8 0 _ 7 1 3 6 4 _ 
[00000497] 2 | 8 0 2 7 1 3 6 4 _ 
[00000498] 1 | 8 0 2 7 1 3 6 4 5  *Graceful*
[00000498] 2 | 8 0 _ 7 1 3 6 4 2 
[00000499] 3 | 8 0 _ 7 1 3 6 2 5 
[00000500] 3 | 8 0 _ 7 1 3 6 5 2 
[00000501] 4 | 8 0 _ 7 1 _ 6 3 _ 
[00000502] 3 | 8 0 3 7 1 _ 6 3 _ 
[00000503] 2 | 8 0 3 7 1 5 6 3 _ 
[00000504] 3 | 8 0 _ 7 1 4 6 3 _ 
[00000505] 2 | 8 0 2 7 1 4 6 3 _ 
[00000506] 2 | 8 0 _ 7 1 4 6 3 5 
[00000507] 3 | 8 0 _ 7 1 _ 6 3 0 
[00000508] 2 | 8 0 _ 7 1 5 6 3 0 
[00000509] 5 | 8 0 _ 7 1 2 _ _ _ 
[00000510] 4 | 8 0 4 7 1 2 _ _ _ 
[00000511] 3 | 8 0 4 7 1 2 _ 3 6 
[00000512] 3 | 8 0 4 7 1 2 _ 6 3 
[00000513] 4 | 8 0 _ 7 1 2 5 _ _ 
[00000514] 3 | 8 0 3 7 1 2 5 _ _ 
[00000515] 2 | 8 0 3 7 1 2 5 4 6 
[00000516] 2 | 8 0 3 7 1 2 5 6 4 
[00000517] 1 | 8 0 3 7 1 2 5 6 4  *Graceful*
[00000517] 3 | 8 0 _ 7 1 2 5 4 _ 
[00000518] 2 | 8 0 _ 7 1 2 5 4 6 
[00000519] 3 | 8 0 _ 7 1 2 5 3 6 
[00000520] 3 | 8 0 _ 7 1 2 5 6 3 
[00000521] 4 | 8 0 _ 7 1 2 _ 3 _ 
[00000522] 3 | 8 0 3 7 1 2 _ 3 _ 
[00000523] 3 | 8 0 _ 7 1 2 4 3 _ 
[00000524] 2 | 8 0 _ 7 1 2 4 3 5 
[00000525] 3 | 8 0 _ 7 1 2 _ 3 0 
[00000526] 3 | 8 0 _ 7 1 2 _ 3 6 
[00000527] 5 | 8 0 _ 7 1 _ _ 2 _ 
[00000528] 4 | 8 0 4 7 1 _ _ 2 _ 
[00000529] 3 | 8 0 4 7 1 _ _ 2 5 
[00000530] 2 | 8 0 4 7 1 _ 3 2 5 
[00000531] 1 | 8 0 4 7 1 6 3 2 5  *Graceful*
[00000531] 4 | 8 0 _ 7 1 _ 5 2 _ 
[00000532] 3 | 8 0 3 7 1 _ 5 2 _ 
[00000533] 2 | 8 0 3 7 1 _ 5 2 4 
[00000534] 1 | 8 0 3 7 1 6 5 2 4  *Graceful*
[00000534] 3 | 8 0 _ 7 1 4 5 2 _ 
[00000535] 2 | 8 0 2 7 1 4 5 2 _ 
[00000536] 2 | 8 0 _ 7 1 4 5 2 0 
[00000537] 4 | 8 0 _ 7 1 3 _ 2 _ 
[00000538] 3 | 8 0 _ 7 1 3 4 2 _ 
[00000539] 2 | 8 0 2 7 1 3 4 2 _ 
[00000540] 2 | 8 0 _ 7 1 3 4 2 0 
[00000541] 3 | 8 0 _ 7 1 3 _ 2 5 
[00000542] 4 | 8 0 _ 7 1 _ _ 2 6 
[00000543] 3 | 8 0 3 7 1 _ _ 2 6 
[00000544] 2 | 8 0 3 7 1 5 _ 2 6 
[00000545] 3 | 8 0 _ 7 1 _ 4 2 6 
[00000546] 2 | 8 0 _ 7 1 5 4 2 6 
[00000547] 3 | 8 0 _ 7 1 4 _ 2 6 
[00000548] 2 | 8 0 _ 7 1 4 3 2 6 
[00000549] 6 | 8 0 _ 7 _ 1 _ _ _ 
[00000550] 5 | 8 0 5 7 _ 1 _ _ _ 
[00000551] 4 | 8 0 5 7 3 1 _ _ _ 
[00000552] 3 | 8 0 5 7 3 1 6 _ _ 
[00000553] 2 | 8 0 5 7 3 1 6 2 4 
[00000554] 2 | 8 0 5 7 3 1 6 4 2 
[00000555] 3 | 8 0 5 7 3 1 _ 4 _ 
[00000556] 2 | 8 0 5 7 3 1 _ 4 2 
[00000557] 2 | 8 0 5 7 3 1 _ 4 6 
[00000558] 1 | 8 0 5 7 3 1 2 4 6  *Graceful*
[00000558] 4 | 8 0 5 7 2 1 6 _ _ 
[00000559] 3 | 8 0 5 7 2 1 6 4 _ 
[00000560] 4 | 8 0 5 7 6 1 2 _ _ 
[00000561] 3 | 8 0 5 7 6 1 2 4 _ 
[00000562] 4 | 8 0 5 7 _ 1 _ 3 _ 
[00000563] 3 | 8 0 5 7 4 1 _ 3 _ 
[00000564] 2 | 8 0 5 7 4 1 2 3 _ 
[00000565] 2 | 8 0 5 7 4 1 6 3 _ 
[00000566] 1 | 8 0 5 7 4 1 6 3 2  *Graceful*
[00000566] 3 | 8 0 5 7 _ 1 _ 3 6 
[00000567] 2 | 8 0 5 7 2 1 4 3 6 
[00000568] 2 | 8 0 5 7 4 1 2 3 6 
[00000569] 4 | 8 0 5 7 _ 1 _ 2 6 
[00000570] 3 | 8 0 5 7 4 1 _ 2 6 
[00000571] 4 | 8 0 5 7 _ 1 _ 6 2 
[00000572] 3 | 8 0 5 7 4 1 _ 6 2 
[00000573] 5 | 8 0 _ 7 2 1 _ _ _ 
[00000574] 4 | 8 0 4 7 2 1 _ _ _ 
[00000575] 3 | 8 0 4 7 2 1 5 _ _ 
[00000576] 3 | 8 0 4 7 2 1 _ 3 6 
[00000577] 3 | 8 0 4 7 2 1 _ 6 3 
[00000578] 4 | 8 0 _ 7 2 1 6 _ _ 
[00000579] 3 | 8 0 3 7 2 1 6 _ _ 
[00000580] 2 | 8 0 3 7 2 1 6 5 _ 
[00000581] 1 | 8 0 3 7 2 1 6 5 4  *Graceful*
[00000581] 3 | 8 0 _ 7 2 1 6 4 _ 
[00000582] 4 | 8 0 _ 7 2 1 _ 3 _ 
[00000583] 3 | 8 0 3 7 2 1 _ 3 _ 
[00000584] 2 | 8 0 3 7 2 1 4 3 _ 
[00000585] 3 | 8 0 _ 7 2 1 5 3 _ 
[00000586] 3 | 8 0 _ 7 2 1 _ 3 0 
[00000587] 2 | 8 0 _ 7 2 1 4 3 0 
[00000588] 3 | 8 0 _ 7 2 1 _ 3 6 
[00000589] 2 | 8 0 2 7 2 1 _ 3 6 
[00000590] 2 | 8 0 _ 7 2 1 0 3 6 
[00000591] 2 | 8 0 _ 7 2 1 4 3 6 
[00000592] 5 | 8 0 _ 7 _ 1 _ 2 _ 
[00000593] 4 | 8 0 4 7 _ 1 _ 2 _ 
[00000594] 3 | 8 0 4 7 3 1 6 2 _ 
[00000595] 3 | 8 0 4 7 6 1 3 2 _ 
[00000596] 3 | 8 0 4 7 _ 1 _ 2 5 
[00000597] 4 | 8 0 _ 7 3 1 _ 2 _ 
[00000598] 3 | 8 0 3 7 3 1 _ 2 _ 
[00000599] 2 | 8 0 3 7 3 1 _ 2 4 
[00000600] 3 | 8 0 _ 7 3 1 0 2 _ 
[00000601] 2 | 8 0 _ 7 3 1 0 2 4 
[00000602] 3 | 8 0 _ 7 3 1 6 2 _ 
[00000603] 2 | 8 0 2 7 3 1 6 2 _ 
[00000604] 2 | 8 0 _ 7 3 1 6 2 0 
[00000605] 2 | 8 0 _ 7 3 1 6 2 4 
[00000606] 3 | 8 0 _ 7 3 1 _ 2 5 
[00000607] 4 | 8 0 _ 7 _ 1 _ 2 6 
[00000608] 3 | 8 0 3 7 _ 1 _ 2 6 
[00000609] 2 | 8 0 3 7 5 1 _ 2 6 
[00000610] 1 | 8 0 3 7 5 1 4 2 6  *Graceful*
[00000610] 3 | 8 0 _ 7 4 1 _ 2 6 
[00000611] 6 | 8 0 _ 7 _ _ _ 1 _ 
[00000612] 5 | 8 0 5 7 _ _ _ 1 _ 
[00000613] 4 | 8 0 5 7 3 _ _ 1 _ 
[00000614] 3 | 8 0 5 7 3 _ 6 1 _ 
[00000615] 3 | 8 0 5 7 3 4 _ 1 _ 
[00000616] 2 | 8 0 5 7 3 4 1 1 _ 
[00000617] 2 | 8 0 5 7 3 4 _ 1 3 
[00000618] 3 | 8 0 5 7 3 _ _ 1 4 
[00000619] 4 | 8 0 5 7 2 _ 6 1 _ 
[00000620] 3 | 8 0 5 7 2 4 6 1 _ 
[00000621] 2 | 8 0 5 7 2 4 6 1 3 
[00000622] 3 | 8 0 5 7 2 _ 6 1 4 
[00000623] 4 | 8 0 5 7 6 _ 2 1 _ 
[00000624] 3 | 8 0 5 7 6 4 2 1 _ 
[00000625] 2 | 8 0 5 7 6 4 2 1 3 
[00000626] 1 | 8 0 5 7 6 4 2 1 3  *Graceful*
[00000626] 3 | 8 0 5 7 6 _ 2 1 4 
[00000627] 4 | 8 0 5 7 _ 3 _ 1 _ 
[00000628] 3 | 8 0 5 7 4 3 _ 1 _ 
[00000629] 2 | 8 0 5 7 4 3 2 1 _ 
[00000630] 2 | 8 0 5 7 4 3 6 1 _ 
[00000631] 1 | 8 0 5 7 4 3 6 1 2  *Graceful*
[00000631] 3 | 8 0 5 7 _ 3 _ 1 4 
[00000632] 5 | 8 0 _ 7 2 _ _ 1 _ 
[00000633] 4 | 8 0 4 7 2 _ _ 1 _ 
[00000634] 3 | 8 0 4 7 2 _ 5 1 _ 
[00000635] 2 | 8 0 4 7 2 _ 5 1 3 
[00000636] 1 | 8 0 4 7 2 6 5 1 3  *Graceful*
[00000636] 4 | 8 0 _ 7 2 _ 6 1 _ 
[00000637] 3 | 8 0 3 7 2 _ 6 1 _ 
[00000638] 2 | 8 0 3 7 2 5 6 1 _ 
[00000639] 3 | 8 0 _ 7 2 4 6 1 _ 
[00000640] 2 | 8 0 _ 7 2 4 6 1 3 
[00000641] 3 | 8 0 _ 7 2 _ 6 1 4 
[00000642] 2 | 8 0 _ 7 2 5 6 1 4 
[00000643] 4 | 8 0 _ 7 2 3 _ 1 _ 
[00000644] 3 | 8 0 _ 7 2 3 5 1 _ 
[00000645] 3 | 8 0 _ 7 2 3 _ 1 4 
[00000646] 2 | 8 0 2 7 2 3 _ 1 4 
[00000647] 2 | 8 0 _ 7 2 3 0 1 4 
[00000648] 4 | 8 0 _ 7 2 _ _ 1 5 
[00000649] 3 | 8 0 3 7 2 _ _ 1 5 
[00000650] 2 | 8 0 3 7 2 _ 4 1 5 
[00000651] 1 | 8 0 3 7 2 6 4 1 5  *Graceful*
[00000651] 3 | 8 0 _ 7 2 4 _ 1 5 
[00000652] 2 | 8 0 2 7 2 4 _ 1 5 
[00000653] 2 | 8 0 _ 7 2 4 0 1 5 
[00000654] 5 | 8 0 _ 7 _ 2 _ 1 _ 
[00000655] 4 | 8 0 4 7 _ 2 _ 1 _ 
[00000656] 3 | 8 0 4 7 3 2 6 1 _ 
[00000657] 3 | 8 0 4 7 6 2 3 1 _ 
[00000658] 4 | 8 0 _ 7 3 2 _ 1 _ 
[00000659] 3 | 8 0 3 7 3 2 _ 1 _ 
[00000660] 3 | 8 0 _ 7 3 2 0 1 _ 
[00000661] 3 | 8 0 _ 7 3 2 6 1 _ 
[00000662] 3 | 8 0 _ 7 3 2 _ 1 4 
[00000663] 2 | 8 0 _ 7 3 2 5 1 4 
[00000664] 4 | 8 0 _ 7 _ 2 _ 1 5 
[00000665] 3 | 8 0 3 7 _ 2 _ 1 5 
[00000666] 2 | 8 0 3 7 4 2 6 1 5 
[00000667] 2 | 8 0 3 7 6 2 4 1 5 
[00000668] 1 | 8 0 3 7 6 2 4 1 5  *Graceful*
[00000668] 3 | 8 0 _ 7 4 2 _ 1 5 
[00000669] 2 | 8 0 _ 7 4 2 6 1 5 
[00000670] 3 | 8 0 _ 7 3 2 6 1 5 
[00000671] 3 | 8 0 _ 7 6 2 3 1 5 
[00000672] 5 | 8 0 _ 7 _ _ _ 1 6 
[00000673] 4 | 8 0 4 7 _ _ _ 1 6 
[00000674] 3 | 8 0 4 7 2 _ 5 1 6 
[00000675] 3 | 8 0 4 7 5 _ 2 1 6 
[00000676] 4 | 8 0 _ 7 3 _ _ 1 6 
[00000677] 3 | 8 0 3 7 3 _ _ 1 6 
[00000678] 2 | 8 0 3 7 3 5 _ 1 6 
[00000679] 3 | 8 0 _ 7 3 _ 0 1 6 
[00000680] 2 | 8 0 _ 7 3 5 0 1 6 
[00000681] 3 | 8 0 _ 7 3 4 _ 1 6 
[00000682] 2 | 8 0 2 7 3 4 _ 1 6 
[00000683] 2 | 8 0 _ 7 3 4 5 1 6 
[00000684] 4 | 8 0 _ 7 _ 3 _ 1 6 
[00000685] 3 | 8 0 _ 7 4 3 _ 1 6 
[00000686] 2 | 8 0 2 7 4 3 _ 1 6 
[00000687] 1 | 8 0 2 7 4 3 5 1 6  *Graceful*
[00000687] 2 | 8 0 _ 7 4 3 2 1 6 
[00000688] 3 | 8 0 _ 7 2 3 5 1 6 
[00000689] 3 | 8 0 _ 7 5 3 2 1 6 
[00000690] 8 | _ 0 8 _ _ _ _ _ _ 
[00000691] 7 | 7 0 8 _ _ _ _ _ _ 
[00000692] 6 | 7 0 8 6 _ _ _ _ _ 
[00000693] 5 | 7 0 8 6 1 _ _ _ _ 
[00000694] 4 | 7 0 8 6 1 _ 5 _ _ 
[00000695] 3 | 7 0 8 6 1 3 5 _ _ 
[00000696] 2 | 7 0 8 6 1 3 5 4 _ 
[00000697] 2 | 7 0 8 6 1 3 5 2 4 
[00000698] 2 | 7 0 8 6 1 3 5 4 2 
[00000699] 3 | 7 0 8 6 1 _ 5 3 _ 
[00000700] 2 | 7 0 8 6 1 4 5 3 _ 
[00000701] 1 | 7 0 8 6 1 4 5 3 2  *Graceful*
[00000701] 4 | 7 0 8 6 1 2 _ _ _ 
[00000702] 3 | 7 0 8 6 1 2 4 _ _ 
[00000703] 2 | 7 0 8 6 1 2 4 3 5 
[00000704] 2 | 7 0 8 6 1 2 4 5 3 
[00000705] 1 | 7 0 8 6 1 2 4 5 3  *Graceful*
[00000705] 3 | 7 0 8 6 1 2 _ 3 _ 
[00000706] 2 | 7 0 8 6 1 2 3 3 _ 
[00000707] 2 | 7 0 8 6 1 2 _ 3 1 
[00000708] 2 | 7 0 8 6 1 2 _ 3 5 
[00000709] 4 | 7 0 8 6 1 _ _ 2 _ 
[00000710] 3 | 7 0 8 6 1 _ 4 2 _ 
[00000711] 3 | 7 0 8 6 1 3 _ 2 _ 
[00000712] 2 | 7 0 8 6 1 3 _ 2 4 
[00000713] 3 | 7 0 8 6 1 _ _ 2 5 
[00000714] 2 | 7 0 8 6 1 _ 3 2 5 
[00000715] 2 | 7 0 8 6 1 4 _ 2 5 
[00000716] 5 | 7 0 8 6 _ 1 _ _ _ 
[00000717] 4 | 7 0 8 6 2 1 _ _ _ 
[00000718] 3 | 7 0 8 6 2 1 5 _ _ 
[00000719] 2 | 7 0 8 6 2 1 5 4 _ 
[00000720] 1 | 7 0 8 6 2 1 5 4 3  *Graceful*
[00000720] 3 | 7 0 8 6 2 1 _ 3 _ 
[00000721] 2 | 7 0 8 6 2 1 4 3 _ 
[00000722] 2 | 7 0 8 6 2 1 _ 3 5 
[00000723] 4 | 7 0 8 6 _ 1 _ 2 _ 
[00000724] 3 | 7 0 8 6 3 1 _ 2 _ 
[00000725] 2 | 7 0 8 6 3 1 5 2 _ 
[00000726] 2 | 7 0 8 6 3 1 _ 2 4 
[00000727] 3 | 7 0 8 6 _ 1 _ 2 5 
[00000728] 2 | 7 0 8 6 4 1 _ 2 5 
[00000729] 1 | 7 0 8 6 4 1 3 2 5  *Graceful*
[00000729] 5 | 7 0 8 6 _ _ _ 1 _ 
[00000730] 4 | 7 0 8 6 2 _ _ 1 _ 
[00000731] 3 | 7 0 8 6 2 _ 5 1 _ 
[00000732] 2 | 7 0 8 6 2 4 5 1 _ 
[00000733] 2 | 7 0 8 6 2 _ 5 1 3 
[00000734] 3 | 7 0 8 6 2 3 _ 1 _ 
[00000735] 2 | 7 0 8 6 2 3 4 1 _ 
[00000736] 3 | 7 0 8 6 2 _ _ 1 4 
[00000737] 4 | 7 0 8 6 _ 2 _ 1 _ 
[00000738] 3 | 7 0 8 6 3 2 _ 1 _ 
[00000739] 2 | 7 0 8 6 3 2 1 1 _ 
[00000740] 2 | 7 0 8 6 3 2 5 1 _ 
[00000741] 2 | 7 0 8 6 3 2 _ 1 3 
[00000742] 3 | 7 0 8 6 _ 2 _ 1 4 
[00000743] 2 | 7 0 8 6 3 2 5 1 4 
[00000744] 2 | 7 0 8 6 5 2 3 1 4 
[00000745] 1 | 7 0 8 6 5 2 3 1 4  *Graceful*
[00000745] 4 | 7 0 8 6 _ _ _ 1 5 
[00000746] 3 | 7 0 8 6 3 _ _ 1 5 
[00000747] 2 | 7 0 8 6 3 4 _ 1 5 
[00000748] 1 | 7 0 8 6 3 4 2 1 5  *Graceful*
[00000748] 3 | 7 0 8 6 _ 3 _ 1 5 
[00000749] 2 | 7 0 8 6 4 3 _ 1 5 
[00000750] 2 | 7 0 8 6 2 3 4 1 5 
[00000751] 2 | 7 0 8 6 4 3 2 1 5 
[00000752] 7 | _ 0 8 7 _ _ _ _ _ 
[00000753] 6 | 6 0 8 7 _ _ _ _ _ 
[00000754] 5 | 6 0 8 7 2 _ _ _ _ 
[00000755] 4 | 6 0 8 7 2 3 _ _ _ 
[00000756] 3 | 6 0 8 7 2 3 5 _ _ 
[00000757] 3 | 6 0 8 7 2 3 _ 4 _ 
[00000758] 2 | 6 0 8 7 2 3 4 4 _ 
[00000759] 2 | 6 0 8 7 2 3 _ 4 2 
[00000760] 3 | 6 0 8 7 2 3 _ 1 4 
[00000761] 3 | 6 0 8 7 2 3 _ 4 1 
[00000762] 4 | 6 0 8 7 2 _ _ 3 _ 
[00000763] 3 | 6 0 8 7 2 _ 5 3 _ 
[00000764] 2 | 6 0 8 7 2 _ 5 3 1 
[00000765] 3 | 6 0 8 7 2 4 _ 3 _ 
[00000766] 2 | 6 0 8 7 2 4 _ 3 1 
[00000767] 2 | 6 0 8 7 2 4 _ 3 5 
[00000768] 1 | 6 0 8 7 2 4 1 3 5  *Graceful*
[00000768] 4 | 6 0 8 7 2 _ _ 1 5 
[00000769] 3 | 6 0 8 7 2 4 _ 1 5 
[00000770] 4 | 6 0 8 7 2 _ _ 5 1 
[00000771] 3 | 6 0 8 7 2 4 _ 5 1 
[00000772] 5 | 6 0 8 7 _ 2 _ _ _ 
[00000773] 4 | 6 0 8 7 3 2 _ _ _ 
[00000774] 3 | 6 0 8 7 3 2 _ 4 _ 
[00000775] 2 | 6 0 8 7 3 2 1 4 _ 
[00000776] 1 | 6 0 8 7 3 2 1 4 5  *Graceful*
[00000776] 2 | 6 0 8 7 3 2 5 4 _ 
[00000777] 3 | 6 0 8 7 3 2 _ 1 4 
[00000778] 2 | 6 0 8 7 3 2 5 1 4 
[00000779] 3 | 6 0 8 7 3 2 _ 4 1 
[00000780] 2 | 6 0 8 7 3 2 5 4 1 
[00000781] 4 | 6 0 8 7 1 2 5 _ _ 
[00000782] 3 | 6 0 8 7 1 2 5 4 _ 
[00000783] 4 | 6 0 8 7 5 2 1 _ _ 
[00000784] 3 | 6 0 8 7 5 2 1 4 _ 
[00000785] 4 | 6 0 8 7 _ 2 _ 3 _ 
[00000786] 3 | 6 0 8 7 4 2 _ 3 _ 
[00000787] 2 | 6 0 8 7 4 2 _ 3 1 
[00000788] 1 | 6 0 8 7 4 2 5 3 1  *Graceful*
[00000788] 2 | 6 0 8 7 4 2 _ 3 5 
[00000789] 3 | 6 0 8 7 1 2 4 3 _ 
[00000790] 2 | 6 0 8 7 1 2 4 3 5 
[00000791] 3 | 6 0 8 7 4 2 1 3 _ 
[00000792] 2 | 6 0 8 7 4 2 1 3 5 
[00000793] 4 | 6 0 8 7 _ 2 _ 1 5 
[00000794] 3 | 6 0 8 7 4 2 _ 1 5 
[00000795] 4 | 6 0 8 7 _ 2 _ 5 1 
[00000796] 3 | 6 0 8 7 4 2 _ 5 1 
[00000797] 5 | 6 0 8 7 _ _ _ 2 _ 
[00000798] 4 | 6 0 8 7 3 _ _ 2 _ 
[00000799] 3 | 6 0 8 7 3 4 _ 2 _ 
[00000800] 2 | 6 0 8 7 3 4 1 2 _ 
[00000801] 2 | 6 0 8 7 3 4 5 2 _ 
[00000802] 1 | 6 0 8 7 3 4 5 2 1  *Graceful*
[00000802] 3 | 6 0 8 7 3 _ _ 2 5 
[00000803] 2 | 6 0 8 7 3 _ 1 2 5 
[00000804] 4 | 6 0 8 7 1 _ 5 2 _ 
[00000805] 3 | 6 0 8 7 1 4 5 2 _ 
[00000806] 4 | 6 0 8 7 5 _ 1 2 _ 
[00000807] 3 | 6 0 8 7 5 4 1 2 _ 
[00000808] 4 | 6 0 8 7 _ 3 _ 2 _ 
[00000809] 3 | 6 0 8 7 4 3 _ 2 _ 
[00000810] 2 | 6 0 8 7 4 3 2 2 _ 
[00000811] 2 | 6 0 8 7 4 3 _ 2 4 
[00000812] 3 | 6 0 8 7 1 3 4 2 _ 
[00000813] 3 | 6 0 8 7 4 3 1 2 _ 
[00000814] 3 | 6 0 8 7 _ 3 _ 2 5 
[00000815] 6 | _ 0 8 7 1 _ _ _ _ 
[00000816] 5 | 5 0 8 7 1 _ _ _ _ 
[00000817] 4 | 5 0 8 7 1 3 _ _ _ 
[00000818] 3 | 5 0 8 7 1 3 4 _ _ 
[00000819] 3 | 5 0 8 7 1 3 _ 4 _ 
[00000820] 2 | 5 0 8 7 1 3 _ 4 2 
[00000821] 2 | 5 0 8 7 1 3 _ 4 6 
[00000822] 1 | 5 0 8 7 1 3 2 4 6  *Graceful*
[00000822] 4 | 5 0 8 7 1 _ _ 3 _ 
[00000823] 3 | 5 0 8 7 1 _ 4 3 _ 
[00000824] 3 | 5 0 8 7 1 4 _ 3 _ 
[00000825] 2 | 5 0 8 7 1 4 3 3 _ 
[00000826] 2 | 5 0 8 7 1 4 _ 3 1 
[00000827] 3 | 5 0 8 7 1 _ _ 3 6 
[00000828] 4 | 5 0 8 7 1 _ _ 2 6 
[00000829] 3 | 5 0 8 7 1 _ 4 2 6 
[00000830] 3 | 5 0 8 7 1 4 _ 2 6 
[00000831] 2 | 5 0 8 7 1 4 3 2 6 
[00000832] 4 | 5 0 8 7 1 _ _ 6 2 
[00000833] 3 | 5 0 8 7 1 _ 4 6 2 
[00000834] 3 | 5 0 8 7 1 4 _ 6 2 
[00000835] 2 | 5 0 8 7 1 4 3 6 2 
[00000836] 1 | 5 0 8 7 1 4 3 6 2  *Graceful*
[00000836] 5 | _ 0 8 7 1 _ 6 _ _ 
[00000837] 4 | 4 0 8 7 1 _ 6 _ _ 
[00000838] 3 | 4 0 8 7 1 _ 6 2 5 
[00000839] 3 | 4 0 8 7 1 _ 6 5 2 
[00000840] 4 | _ 0 8 7 1 3 6 _ _ 
[00000841] 3 | _ 0 8 7 1 3 6 4 _ 
[00000842] 2 | 2 0 8 7 1 3 6 4 _ 
[00000843] 1 | 2 0 8 7 1 3 6 4 5  *Graceful*
[00000843] 2 | _ 0 8 7 1 3 6 4 2 
[00000844] 3 | _ 0 8 7 1 3 6 2 5 
[00000845] 3 | _ 0 8 7 1 3 6 5 2 
[00000846] 4 | _ 0 8 7 1 _ 6 3 _ 
[00000847] 3 | 3 0 8 7 1 _ 6 3 _ 
[00000848] 2 | 3 0 8 7 1 5 6 3 _ 
[00000849] 3 | _ 0 8 7 1 4 6 3 _ 
[00000850] 2 | 2 0 8 7 1 4 6 3 _ 
[00000851] 2 | _ 0 8 7 1 4 6 3 5 
[00000852] 3 | _ 0 8 7 1 _ 6 3 0 
[00000853] 2 | _ 0 8 7 1 5 6 3 0 
[00000854] 5 | _ 0 8 7 1 2 _ _ _ 
[00000855] 4 | 4 0 8 7 1 2 _ _ _ 
[00000856] 3 | 4 0 8 7 1 2 _ 3 6 
[00000857] 3 | 4 0 8 7 1 2 _ 6 3 
[00000858] 4 | _ 0 8 7 1 2 5 _ _ 
[00000859] 3 | 3 0 8 7 1 2 5 _ _ 
[00000860] 2 | 3 0 8 7 1 2 5 4 6 
[00000861] 2 | 3 0 8 7 1 2 5 6 4 
[00000862] 1 | 3 0 8 7 1 2 5 6 4  *Graceful*
[00000862] 3 | _ 0 8 7 1 2 5 4 _ 
[00000863] 2 | _ 0 8 7 1 2 5 4 6 
[00000864] 3 | _ 0 8 7 1 2 5 3 6 
[00000865] 3 | _ 0 8 7 1 2 5 6 3 
[00000866] 4 | _ 0 8 7 1 2 _ 3 _ 
[00000867] 3 | 3 0 8 7 1 2 _ 3 _ 
[00000868] 3 | _ 0 8 7 1 2 4 3 _ 
[00000869] 2 | _ 0 8 7 1 2 4 3 5 
[00000870] 3 | _ 0 8 7 1 2 _ 3 0 
[00000871] 3 | _ 0 8 7 1 2 _ 3 6 
[00000872] 5 | _ 0 8 7 1 _ _ 2 _ 
[00000873] 4 | 4 0 8 7 1 _ _ 2 _ 
[00000874] 3 | 4 0 8 7 1 _ _ 2 5 
[00000875] 2 | 4 0 8 7 1 _ 3 2 5 
[00000876] 1 | 4 0 8 7 1 6 3 2 5  *Graceful*
[00000876] 4 | _ 0 8 7 1 _ 5 2 _ 
[00000877] 3 | 3 0 8 7 1 _ 5 2 _ 
[00000878] 2 | 3 0 8 7 1 _ 5 2 4 
[00000879] 1 | 3 0 8 7 1 6 5 2 4  *Graceful*
[00000879] 3 | _ 0 8 7 1 4 5 2 _ 
[00000880] 2 | 2 0 8 7 1 4 5 2 _ 
[00000881] 2 | _ 0 8 7 1 4 5 2 0 
[00000882] 4 | _ 0 8 7 1 3 _ 2 _ 
[00000883] 3 | _ 0 8 7 1 3 4 2 _ 
[00000884] 2 | 2 0 8 7 1 3 4 2 _ 
[00000885] 2 | _ 0 8 7 1 3 4 2 0 
[00000886] 3 | _ 0 8 7 1 3 _ 2 5 
[00000887] 4 | _ 0 8 7 1 _ _ 2 6 
[00000888] 3 | 3 0 8 7 1 _ _ 2 6 
[00000889] 2 | 3 0 8 7 1 5 _ 2 6 
[00000890] 3 | _ 0 8 7 1 _ 4 2 6 
[00000891] 2 | _ 0 8 7 1 5 4 2 6 
[00000892] 3 | _ 0 8 7 1 4 _ 2 6 
[00000893] 2 | _ 0 8 7 1 4 3 2 6 
[00000894] 6 | _ 0 8 7 _ 1 _ _ _ 
[00000895] 5 | 5 0 8 7 _ 1 _ _ _ 
[00000896] 4 | 5 0 8 7 3 1 _ _ _ 
[00000897] 3 | 5 0 8 7 3 1 6 _ _ 
[00000898] 2 | 5 0 8 7 3 1 6 2 4 
[00000899] 2 | 5 0 8 7 3 1 6 4 2 
[00000900] 3 | 5 0 8 7 3 1 _ 4 _ 
[00000901] 2 | 5 0 8 7 3 1 _ 4 2 
[00000902] 2 | 5 0 8 7 3 1 _ 4 6 
[00000903] 1 | 5 0 8 7 3 1 2 4 6  *Graceful*
[00000903] 4 | 5 0 8 7 2 1 6 _ _ 
[00000904] 3 | 5 0 8 7 2 1 6 4 _ 
[00000905] 4 | 5 0 8 7 6 1 2 _ _ 
[00000906] 3 | 5 0 8 7 6 1 2 4 _ 
[00000907] 4 | 5 0 8 7 _ 1 _ 3 _ 
[00000908] 3 | 5 0 8 7 4 1 _ 3 _ 
[00000909] 2 | 5 0 8 7 4 1 2 3 _ 
[00000910] 2 | 5 0 8 7 4 1 6 3 _ 
[00000911] 1 | 5 0 8 7 4 1 6 3 2  *Graceful*
[00000911] 3 | 5 0 8 7 _ 1 _ 3 6 
[00000912] 2 | 5 0 8 7 2 1 4 3 6 
[00000913] 2 | 5 0 8 7 4 1 2 3 6 
[00000914] 4 | 5 0 8 7 _ 1 _ 2 6 
[00000915] 3 | 5 0 8 7 4 1 _ 2 6 
[00000916] 4 | 5 0 8 7 _ 1 _ 6 2 
[00000917] 3 | 5 0 8 7 4 1 _ 6 2 
[00000918] 5 | _ 0 8 7 2 1 _ _ _ 
[00000919] 4 | 4 0 8 7 2 1 _ _ _ 
[00000920] 3 | 4 0 8 7 2 1 5 _ _ 
[00000921] 3 | 4 0 8 7 2 1 _ 3 6 
[00000922] 3 | 4 0 8 7 2 1 _ 6 3 
[00000923] 4 | _ 0 8 7 2 1 6 _ _ 
[00000924] 3 | 3 0 8 7 2 1 6 _ _ 
[00000925] 2 | 3 0 8 7 2 1 6 5 _ 
[00000926] 1 | 3 0 8 7 2 1 6 5 4  *Graceful*
[00000926] 3 | _ 0 8 7 2 1 6 4 _ 
[00000927] 4 | _ 0 8 7 2 1 _ 3 _ 
[00000928] 3 | 3 0 8 7 2 1 _ 3 _ 
