[00000098] 2 | 0 8 2 _ 1 5 7 6 3 
[00000099] 4 | 0 8 2 _ 1 3 7 6 _ 
[00000100] 3 | 0 8 2 5 1 3 7 6 _ 
[00000101] 2 | 0 8 2 5 1 3 7 6 4 
[00000102] 4 | 0 8 2 _ 1 7 3 6 _ 
[00000103] 3 | 0 8 2 5 1 7 3 6 _ 
[00000104] 2 | 0 8 2 5 1 7 3 6 4 
[00000105] 4 | 0 8 2 _ 1 _ _ 6 2 
[00000106] 3 | 0 8 2 _ 1 4 _ 6 2 
[00000107] 3 | 0 8 2 _ 1 4 7 6 2 
[00000108] 3 | 0 8 2 _ 1 7 4 6 2 
[00000109] 6 | 0 8 _ _ 1 7 _ _ _ 
[00000110] 5 | 0 8 3 _ 1 7 _ _ _ 
[00000111] 4 | 0 8 3 7 1 7 _ _ _ 
[00000112] 3 | 0 8 3 7 1 7 _ 4 _ 
[00000113] 2 | 0 8 3 7 1 7 _ 4 2 
[00000114] 2 | 0 8 3 7 1 7 _ 4 6 
[00000115] 3 | 0 8 3 7 1 7 _ 2 5 
[00000116] 3 | 0 8 3 7 1 7 _ 5 2 
[00000117] 4 | 0 8 3 _ 1 7 3 _ _ 
[00000118] 3 | 0 8 3 _ 1 7 3 4 _ 
[00000119] 2 | 0 8 3 _ 1 7 3 4 2 
[00000120] 2 | 0 8 3 _ 1 7 3 4 6 
[00000121] 3 | 0 8 3 _ 1 7 3 2 5 
[00000122] 3 | 0 8 3 _ 1 7 3 5 2 
[00000123] 4 | 0 8 3 _ 1 7 _ 5 _ 
[00000124] 3 | 0 8 3 6 1 7 _ 5 _ 
[00000125] 2 | 0 8 3 6 1 7 5 5 _ 
[00000126] 2 | 0 8 3 6 1 7 _ 5 7 
[00000127] 3 | 0 8 3 _ 1 7 4 5 _ 
[00000128] 2 | 0 8 3 5 1 7 4 5 _ 
[00000129] 2 | 0 8 3 _ 1 7 4 5 3 
[00000130] 3 | 0 8 3 _ 1 7 _ 5 2 
[00000131] 4 | 0 8 3 _ 1 7 _ 2 6 
[00000132] 3 | 0 8 3 _ 1 7 4 2 6 
[00000133] 2 | 0 8 3 5 1 7 4 2 6 
[00000134] 1 | 0 8 3 5 1 7 4 2 6  *Graceful*
[00000134] 4 | 0 8 3 _ 1 7 _ 6 2 
[00000135] 3 | 0 8 3 _ 1 7 4 6 2 
[00000136] 2 | 0 8 3 5 1 7 4 6 2 
[00000137] 5 | 0 8 _ _ 1 7 2 _ _ 
[00000138] 4 | 0 8 4 _ 1 7 2 _ _ 
[00000139] 3 | 0 8 4 1 1 7 2 _ _ 
[00000140] 2 | 0 8 4 1 1 7 2 3 5 
[00000141] 2 | 0 8 4 1 1 7 2 5 3 
[00000142] 3 | 0 8 4 _ 1 7 2 4 _ 
[00000143] 2 | 0 8 4 6 1 7 2 4 _ 
[00000144] 2 | 0 8 4 _ 1 7 2 4 6 
[00000145] 3 | 0 8 4 _ 1 7 2 3 6 
[00000146] 3 | 0 8 4 _ 1 7 2 6 3 
