[00002473] 2 | 1 8 2 6 0 3 _ 5 7 
[00002474] 1 | 1 8 2 6 0 3 4 5 7  *Graceful*
[00002474] 3 | 1 8 2 6 0 4 7 5 _ 
[00002475] 2 | 1 8 2 6 0 4 7 5 3 
[00002476] 3 | 1 8 2 6 0 7 4 5 _ 
[00002477] 2 | 1 8 2 6 0 7 4 5 3 
[00002478] 4 | 1 8 2 _ 0 4 _ 5 _ 
[00002479] 3 | 1 8 2 5 0 4 _ 5 _ 
[00002480] 2 | 1 8 2 5 0 4 6 5 _ 
[00002481] 3 | 1 8 2 _ 0 4 7 5 _ 
[00002482] 2 | 1 8 2 _ 0 4 7 5 3 
[00002483] 3 | 1 8 2 _ 0 4 _ 5 2 
[00002484] 2 | 1 8 2 _ 0 4 6 5 2 
[00002485] 4 | 1 8 2 _ 0 3 7 5 _ 
[00002486] 3 | 1 8 2 5 0 3 7 5 _ 
[00002487] 3 | 1 8 2 _ 0 3 7 5 2 
[00002488] 4 | 1 8 2 _ 0 7 3 5 _ 
[00002489] 3 | 1 8 2 5 0 7 3 5 _ 
[00002490] 3 | 1 8 2 _ 0 7 3 5 2 
[00002491] 6 | 1 8 _ _ 0 6 _ _ _ 
[00002492] 5 | 1 8 3 _ 0 6 _ _ _ 
[00002493] 4 | 1 8 3 7 0 6 _ _ _ 
[00002494] 3 | 1 8 3 7 0 6 _ 2 5 
[00002495] 2 | 1 8 3 7 0 6 4 2 5 
[00002496] 3 | 1 8 3 7 0 6 _ 5 2 
[00002497] 2 | 1 8 3 7 0 6 4 5 2 
[00002498] 4 | 1 8 3 _ 0 6 2 _ _ 
[00002499] 3 | 1 8 3 0 0 6 2 _ _ 
[00002500] 2 | 1 8 3 0 0 6 2 5 7 
[00002501] 2 | 1 8 3 0 0 6 2 7 5 
[00002502] 3 | 1 8 3 _ 0 6 2 3 _ 
[00002503] 2 | 1 8 3 5 0 6 2 3 _ 
[00002504] 2 | 1 8 3 _ 0 6 2 3 5 
[00002505] 3 | 1 8 3 _ 0 6 2 4 7 
[00002506] 2 | 1 8 3 5 0 6 2 4 7 
[00002507] 3 | 1 8 3 _ 0 6 2 7 4 
[00002508] 2 | 1 8 3 5 0 6 2 7 4 
[00002509] 4 | 1 8 3 _ 0 6 _ 4 _ 
[00002510] 3 | 1 8 3 6 0 6 _ 4 _ 
[00002511] 2 | 1 8 3 6 0 6 _ 4 2 
[00002512] 3 | 1 8 3 _ 0 6 3 4 _ 
[00002513] 2 | 1 8 3 _ 0 6 3 4 2 
[00002514] 3 | 1 8 3 _ 0 6 _ 4 7 
[00002515] 2 | 1 8 3 5 0 6 _ 4 7 
[00002516] 5 | 1 8 2 7 0 6 _ _ _ 
[00002517] 4 | 1 8 2 7 0 6 _ 4 _ 
[00002518] 3 | 1 8 2 7 0 6 3 4 _ 
[00002519] 5 | 1 8 7 2 0 6 _ _ _ 
[00002520] 4 | 1 8 7 2 0 6 _ 4 _ 
[00002521] 3 | 1 8 7 2 0 6 3 4 _ 
