[00002132] 3 | _ 0 3 6 8 1 5 2 7 
[00002133] 3 | _ 0 6 3 8 1 5 2 7 
[00002134] 7 | _ 0 _ _ 8 _ _ 1 _ 
[00002135] 6 | 6 0 _ _ 8 _ _ 1 _ 
[00002136] 5 | 6 0 5 _ 8 _ _ 1 _ 
[00002137] 4 | 6 0 5 1 8 _ _ 1 _ 
[00002138] 3 | 6 0 5 1 8 4 7 1 _ 
[00002139] 3 | 6 0 5 1 8 7 4 1 _ 
[00002140] 4 | 6 0 5 _ 8 4 _ 1 _ 
[00002141] 3 | 6 0 5 2 8 4 _ 1 _ 
[00002142] 2 | 6 0 5 2 8 4 _ 1 3 
[00002143] 3 | 6 0 5 _ 8 4 1 1 _ 
[00002144] 2 | 6 0 5 3 8 4 1 1 _ 
[00002145] 2 | 6 0 5 7 8 4 1 1 _ 
[00002146] 3 | 6 0 5 _ 8 4 7 1 _ 
[00002147] 2 | 6 0 5 3 8 4 7 1 _ 
[00002148] 1 | 6 0 5 3 8 4 7 1 2  *Graceful*
[00002148] 2 | 6 0 5 _ 8 4 7 1 3 
[00002149] 3 | 6 0 5 _ 8 4 _ 1 4 
[00002150] 2 | 6 0 5 3 8 4 _ 1 4 
[00002151] 2 | 6 0 5 7 8 4 _ 1 4 
[00002152] 4 | 6 0 5 _ 8 3 7 1 _ 
[00002153] 3 | 6 0 5 2 8 3 7 1 _ 
[00002154] 3 | 6 0 5 _ 8 3 7 1 4 
[00002155] 4 | 6 0 5 _ 8 7 3 1 _ 
[00002156] 3 | 6 0 5 2 8 7 3 1 _ 
[00002157] 3 | 6 0 5 _ 8 7 3 1 4 
[00002158] 4 | 6 0 5 _ 8 _ _ 1 5 
[00002159] 3 | 6 0 5 _ 8 4 7 1 5 
[00002160] 3 | 6 0 5 _ 8 7 4 1 5 
[00002161] 5 | 6 0 2 7 8 _ _ 1 _ 
[00002162] 4 | 6 0 2 7 8 4 _ 1 _ 
[00002163] 3 | 6 0 2 7 8 4 1 1 _ 
[00002164] 3 | 6 0 2 7 8 4 _ 1 4 
[00002165] 4 | 6 0 2 7 8 _ _ 1 5 
[00002166] 5 | 6 0 7 2 8 _ _ 1 _ 
[00002167] 4 | 6 0 7 2 8 4 _ 1 _ 
[00002168] 3 | 6 0 7 2 8 4 1 1 _ 
[00002169] 3 | 6 0 7 2 8 4 _ 1 4 
[00002170] 4 | 6 0 7 2 8 _ _ 1 5 
[00002171] 5 | 6 0 _ _ 8 3 _ 1 _ 
[00002172] 4 | 6 0 4 _ 8 3 _ 1 _ 
[00002173] 3 | 6 0 4 1 8 3 _ 1 _ 
[00002174] 2 | 6 0 4 1 8 3 5 1 _ 
[00002175] 3 | 6 0 4 7 8 3 _ 1 _ 
[00002176] 2 | 6 0 4 7 8 3 1 1 _ 
[00002177] 2 | 6 0 4 7 8 3 5 1 _ 
[00002178] 1 | 6 0 4 7 8 3 5 1 2  *Graceful*
[00002178] 2 | 6 0 4 7 8 3 _ 1 3 
[00002179] 3 | 6 0 4 _ 8 3 _ 1 4 
