[00004540] 3 | _ 7 3 6 1 8 0 6 _ 
[00004541] 2 | 5 7 3 6 1 8 0 6 _ 
[00004542] 3 | _ 7 3 _ 1 8 0 6 3 
[00004543] 2 | 5 7 3 _ 1 8 0 6 3 
[00004544] 4 | _ 7 _ _ 1 8 0 6 2 
[00004545] 3 | 4 7 _ _ 1 8 0 6 2 
[00004546] 2 | 4 7 5 _ 1 8 0 6 2 
[00004547] 2 | 4 7 3 5 1 8 0 6 2 
[00004548] 2 | 4 7 5 3 1 8 0 6 2 
[00004549] 3 | _ 7 4 _ 1 8 0 6 2 
[00004550] 2 | 5 7 4 _ 1 8 0 6 2 
[00004551] 1 | 5 7 4 3 1 8 0 6 2  *Graceful*
[00004551] 6 | _ _ _ _ 1 8 0 7 _ 
[00004552] 5 | _ 6 _ _ 1 8 0 7 _ 
[00004553] 4 | 2 6 _ _ 1 8 0 7 _ 
[00004554] 3 | 2 6 3 _ 1 8 0 7 _ 
[00004555] 2 | 2 6 3 5 1 8 0 7 _ 
[00004556] 2 | 2 6 3 _ 1 8 0 7 5 
[00004557] 1 | 2 6 3 4 1 8 0 7 5  *Graceful*
[00004557] 3 | 2 6 _ _ 1 8 0 7 4 
[00004558] 2 | 2 6 3 5 1 8 0 7 4 
[00004559] 2 | 2 6 5 3 1 8 0 7 4 
[00004560] 1 | 2 6 5 3 1 8 0 7 4  *Graceful*
[00004560] 4 | _ 6 2 _ 1 8 0 7 _ 
[00004561] 3 | 3 6 2 _ 1 8 0 7 _ 
[00004562] 2 | 3 6 2 4 1 8 0 7 _ 
[00004563] 2 | 3 6 2 _ 1 8 0 7 5 
[00004564] 3 | _ 6 2 5 1 8 0 7 _ 
[00004565] 2 | 4 6 2 5 1 8 0 7 _ 
[00004566] 3 | _ 6 2 _ 1 8 0 7 4 
[00004567] 4 | _ 6 _ _ 1 8 0 7 3 
[00004568] 3 | _ 6 2 5 1 8 0 7 3 
[00004569] 2 | 4 6 2 5 1 8 0 7 3 
[00004570] 3 | _ 6 5 2 1 8 0 7 3 
[00004571] 2 | 4 6 5 2 1 8 0 7 3 
[00004572] 1 | 4 6 5 2 1 8 0 7 3  *Graceful*
[00004572] 5 | _ _ _ _ 1 8 0 7 2 
[00004573] 4 | _ 5 _ _ 1 8 0 7 2 
[00004574] 3 | _ 5 3 6 1 8 0 7 2 
[00004575] 3 | _ 5 6 3 1 8 0 7 2 
[00004576] 8 | _ _ _ _ 0 _ _ 8 _ 
[00004577] 7 | _ 7 _ _ 0 _ _ 8 _ 
[00004578] 6 | 1 7 _ _ 0 _ _ 8 _ 
[00004579] 5 | 1 7 2 _ 0 _ _ 8 _ 
[00004580] 4 | 1 7 2 6 0 _ _ 8 _ 
[00004581] 3 | 1 7 2 6 0 3 _ 8 _ 
[00004582] 2 | 1 7 2 6 0 3 5 8 _ 
[00004583] 3 | 1 7 2 6 0 _ _ 8 5 
[00004584] 4 | 1 7 2 _ 0 4 _ 8 _ 
[00004585] 3 | 1 7 2 5 0 4 _ 8 _ 
