[00004209] 2 | 5 2 6 _ 8 0 7 3 1 
[00004210] 3 | _ 2 6 3 8 0 7 3 _ 
[00004211] 2 | 4 2 6 3 8 0 7 3 _ 
[00004212] 3 | _ 2 6 _ 8 0 7 3 6 
[00004213] 2 | 4 2 6 _ 8 0 7 3 6 
[00004214] 4 | _ 2 1 5 8 0 7 3 _ 
[00004215] 3 | _ 2 1 5 8 0 7 3 6 
[00004216] 2 | 4 2 1 5 8 0 7 3 6 
[00004217] 1 | 4 2 1 5 8 0 7 3 6  *Graceful*
[00004217] 4 | _ 2 5 1 8 0 7 3 _ 
[00004218] 3 | _ 2 5 1 8 0 7 3 6 
[00004219] 2 | 4 2 5 1 8 0 7 3 6 
[00004220] 5 | _ 2 _ _ 8 0 7 1 6 
[00004221] 5 | _ 2 _ _ 8 0 7 6 1 
[00004222] 6 | _ _ _ _ 8 0 7 2 _ 
[00004223] 5 | 1 6 _ _ 8 0 7 2 _ 
[00004224] 4 | 1 6 2 _ 8 0 7 2 _ 
[00004225] 3 | 1 6 2 5 8 0 7 2 _ 
[00004226] 3 | 1 6 2 _ 8 0 7 2 5 
[00004227] 4 | 1 6 _ _ 8 0 7 2 6 
[00004228] 5 | 6 1 _ _ 8 0 7 2 _ 
[00004229] 5 | _ 1 6 _ 8 0 7 2 _ 
[00004230] 5 | _ 6 1 _ 8 0 7 2 _ 
[00004231] 4 | 2 6 1 _ 8 0 7 2 _ 
[00004232] 3 | 2 6 1 4 8 0 7 2 _ 
[00004233] 4 | _ 6 1 5 8 0 7 2 _ 
[00004234] 3 | 3 6 1 5 8 0 7 2 _ 
[00004235] 2 | 3 6 1 5 8 0 7 2 4 
[00004236] 4 | _ 6 1 _ 8 0 7 2 6 
[00004237] 3 | _ 6 1 4 8 0 7 2 6 
[00004238] 5 | _ _ 1 6 8 0 7 2 _ 
[00004239] 4 | _ 5 1 6 8 0 7 2 _ 
[00004240] 3 | 2 5 1 6 8 0 7 2 _ 
[00004241] 3 | _ 5 1 6 8 0 7 2 5 
[00004242] 4 | _ 4 1 6 8 0 7 2 _ 
[00004243] 3 | _ 4 1 6 8 0 7 2 5 
[00004244] 5 | _ _ 6 1 8 0 7 2 _ 
[00004245] 4 | _ 2 6 1 8 0 7 2 _ 
[00004246] 4 | _ 4 6 1 8 0 7 2 _ 
[00004247] 3 | _ 4 6 1 8 0 7 2 5 
[00004248] 4 | _ _ 6 1 8 0 7 2 6 
[00004249] 3 | _ 5 6 1 8 0 7 2 6 
[00004250] 2 | 3 5 6 1 8 0 7 2 6 
[00004251] 1 | 3 5 6 1 8 0 7 2 6  *Graceful*
[00004251] 5 | _ 3 _ _ 8 0 7 2 _ 
[00004252] 4 | _ 3 1 5 8 0 7 2 _ 
[00004253] 3 | 6 3 1 5 8 0 7 2 _ 
[00004254] 2 | 6 3 1 5 8 0 7 2 4 
[00004255] 4 | _ 3 5 1 8 0 7 2 _ 
[00004256] 3 | 6 3 5 1 8 0 7 2 _ 
