[00005444] 2 | 4 2 6 _ 8 3 6 0 7 
[00005445] 4 | _ 2 1 5 8 3 _ 0 7 
[00005446] 3 | _ 2 1 5 8 3 6 0 7 
[00005447] 2 | 4 2 1 5 8 3 6 0 7 
[00005448] 1 | 4 2 1 5 8 3 6 0 7  *Graceful*
[00005448] 4 | _ 2 5 1 8 3 _ 0 7 
[00005449] 3 | _ 2 5 1 8 3 6 0 7 
[00005450] 2 | 4 2 5 1 8 3 6 0 7 
[00005451] 5 | _ 2 _ _ 8 1 6 0 7 
[00005452] 5 | _ 2 _ _ 8 6 1 0 7 
[00005453] 6 | _ _ _ _ 8 2 _ 0 7 
[00005454] 5 | 1 6 _ _ 8 2 _ 0 7 
[00005455] 4 | 1 6 2 _ 8 2 _ 0 7 
[00005456] 3 | 1 6 2 5 8 2 _ 0 7 
[00005457] 3 | 1 6 2 _ 8 2 5 0 7 
[00005458] 4 | 1 6 _ _ 8 2 6 0 7 
[00005459] 5 | 6 1 _ _ 8 2 _ 0 7 
[00005460] 5 | _ 1 6 _ 8 2 _ 0 7 
[00005461] 5 | _ 6 1 _ 8 2 _ 0 7 
[00005462] 4 | 2 6 1 _ 8 2 _ 0 7 
[00005463] 3 | 2 6 1 4 8 2 _ 0 7 
[00005464] 4 | _ 6 1 5 8 2 _ 0 7 
[00005465] 3 | 3 6 1 5 8 2 _ 0 7 
[00005466] 2 | 3 6 1 5 8 2 4 0 7 
[00005467] 4 | _ 6 1 _ 8 2 6 0 7 
[00005468] 3 | _ 6 1 4 8 2 6 0 7 
[00005469] 5 | _ _ 1 6 8 2 _ 0 7 
[00005470] 4 | _ 5 1 6 8 2 _ 0 7 
[00005471] 3 | 2 5 1 6 8 2 _ 0 7 
[00005472] 3 | _ 5 1 6 8 2 5 0 7 
[00005473] 4 | _ 4 1 6 8 2 _ 0 7 
[00005474] 3 | _ 4 1 6 8 2 5 0 7 
[00005475] 5 | _ _ 6 1 8 2 _ 0 7 
[00005476] 4 | _ 2 6 1 8 2 _ 0 7 
[00005477] 4 | _ 4 6 1 8 2 _ 0 7 
[00005478] 3 | _ 4 6 1 8 2 5 0 7 
[00005479] 4 | _ _ 6 1 8 2 6 0 7 
[00005480] 3 | _ 5 6 1 8 2 6 0 7 
[00005481] 2 | 3 5 6 1 8 2 6 0 7 
[00005482] 1 | 3 5 6 1 8 2 6 0 7  *Graceful*
[00005482] 5 | _ 3 _ _ 8 2 _ 0 7 
[00005483] 4 | _ 3 1 5 8 2 _ 0 7 
[00005484] 3 | 6 3 1 5 8 2 _ 0 7 
[00005485] 2 | 6 3 1 5 8 2 4 0 7 
[00005486] 4 | _ 3 5 1 8 2 _ 0 7 
[00005487] 3 | 6 3 5 1 8 2 _ 0 7 
[00005488] 2 | 6 3 5 1 8 2 4 0 7 
[00005489] 4 | _ 3 _ _ 8 2 6 0 7 
[00005490] 3 | _ 3 1 4 8 2 6 0 7 
[00005491] 2 | 5 3 1 4 8 2 6 0 7 
