[00003827] 3 | 2 6 1 4 0 8 _ 7 _ 
[00003828] 2 | 2 6 1 4 0 8 _ 7 5 
[00003829] 3 | 2 6 1 _ 0 8 5 7 _ 
[00003830] 2 | 2 6 1 3 0 8 5 7 _ 
[00003831] 3 | 2 6 1 _ 0 8 _ 7 4 
[00003832] 2 | 2 6 1 3 0 8 _ 7 4 
[00003833] 4 | _ 6 1 5 0 8 _ 7 _ 
[00003834] 3 | 3 6 1 5 0 8 _ 7 _ 
[00003835] 3 | _ 6 1 5 0 8 _ 7 4 
[00003836] 2 | 8 6 1 5 0 8 _ 7 4 
[00003837] 2 | _ 6 1 5 0 8 6 7 4 
[00003838] 4 | _ 6 1 _ 0 8 4 7 _ 
[00003839] 3 | 3 6 1 _ 0 8 4 7 _ 
[00003840] 2 | 3 6 1 _ 0 8 4 7 5 
[00003841] 1 | 3 6 1 2 0 8 4 7 5  *Graceful*
[00003841] 4 | _ 6 1 _ 0 8 _ 7 3 
[00003842] 3 | _ 6 1 4 0 8 _ 7 3 
[00003843] 2 | 8 6 1 4 0 8 _ 7 3 
[00003844] 2 | _ 6 1 4 0 8 6 7 3 
[00003845] 3 | _ 6 1 _ 0 8 5 7 3 
[00003846] 2 | 4 6 1 _ 0 8 5 7 3 
[00003847] 1 | 4 6 1 2 0 8 5 7 3  *Graceful*
[00003847] 5 | _ 6 _ _ 0 8 3 7 _ 
[00003848] 4 | 2 6 _ _ 0 8 3 7 _ 
[00003849] 3 | 2 6 1 4 0 8 3 7 _ 
[00003850] 2 | 2 6 1 4 0 8 3 7 5 
[00003851] 3 | 2 6 4 1 0 8 3 7 _ 
[00003852] 2 | 2 6 4 1 0 8 3 7 5 
[00003853] 3 | 2 6 _ _ 0 8 3 7 4 
[00003854] 4 | _ 6 2 _ 0 8 3 7 _ 
[00003855] 3 | _ 6 2 5 0 8 3 7 _ 
[00003856] 2 | 4 6 2 5 0 8 3 7 _ 
[00003857] 3 | _ 6 2 _ 0 8 3 7 4 
[00003858] 4 | _ 6 1 5 0 8 3 7 _ 
[00003859] 3 | _ 6 1 5 0 8 3 7 4 
[00003860] 4 | _ 6 5 1 0 8 3 7 _ 
[00003861] 3 | _ 6 5 1 0 8 3 7 4 
[00003862] 5 | _ 6 _ _ 0 8 _ 7 2 
[00003863] 4 | _ 6 1 5 0 8 _ 7 2 
[00003864] 3 | 3 6 1 5 0 8 _ 7 2 
[00003865] 4 | _ 6 5 1 0 8 _ 7 2 
[00003866] 3 | 3 6 5 1 0 8 _ 7 2 
[00003867] 4 | _ 6 _ _ 0 8 4 7 2 
[00003868] 3 | 3 6 _ _ 0 8 4 7 2 
[00003869] 3 | _ 6 3 _ 0 8 4 7 2 
[00003870] 2 | _ 6 3 1 0 8 4 7 2 
[00003871] 1 | 5 6 3 1 0 8 4 7 2  *Graceful*
[00003871] 2 | _ 6 3 5 0 8 4 7 2 
[00003872] 6 | _ _ _ _ 0 8 2 7 _ 
[00003873] 5 | 1 6 _ _ 0 8 2 7 _ 
