[00000638] 4 | 4 0 8 1 6 2 7 _ _ 
[00000639] 3 | 4 0 8 1 6 2 7 3 _ 
[00000640] 2 | 4 0 8 1 6 2 7 3 5 
[00000641] 5 | _ 0 8 1 6 7 2 _ _ 
[00000642] 4 | 4 0 8 1 6 7 2 _ _ 
[00000643] 3 | 4 0 8 1 6 7 2 3 _ 
[00000644] 2 | 4 0 8 1 6 7 2 3 5 
[00000645] 1 | 4 0 8 1 6 7 2 3 5  *Graceful*
[00000645] 5 | _ 0 8 1 6 _ _ 2 7 
[00000646] 4 | 4 0 8 1 6 _ _ 2 7 
[00000647] 3 | 4 0 8 1 6 3 _ 2 7 
[00000648] 2 | 4 0 8 1 6 3 5 2 7 
[00000649] 5 | _ 0 8 1 6 _ _ 7 2 
[00000650] 4 | 4 0 8 1 6 _ _ 7 2 
[00000651] 3 | 4 0 8 1 6 3 _ 7 2 
[00000652] 2 | 4 0 8 1 6 3 5 7 2 
[00000653] 1 | 4 0 8 1 6 3 5 7 2  *Graceful*
[00000653] 7 | _ 0 8 _ 7 _ _ _ _ 
[00000654] 6 | 6 0 8 _ 7 _ _ _ _ 
[00000655] 5 | 6 0 8 3 7 _ _ _ _ 
[00000656] 4 | 6 0 8 3 7 1 5 _ _ 
[00000657] 3 | 6 0 8 3 7 1 5 4 _ 
[00000658] 2 | 6 0 8 3 7 1 5 4 2 
[00000659] 4 | 6 0 8 3 7 5 1 _ _ 
[00000660] 3 | 6 0 8 3 7 5 1 4 _ 
[00000661] 2 | 6 0 8 3 7 5 1 4 2 
[00000662] 4 | 6 0 8 3 7 _ _ 1 5 
[00000663] 3 | 6 0 8 3 7 4 _ 1 5 
[00000664] 2 | 6 0 8 3 7 4 2 1 5 
[00000665] 4 | 6 0 8 3 7 _ _ 5 1 
[00000666] 3 | 6 0 8 3 7 4 _ 5 1 
[00000667] 2 | 6 0 8 3 7 4 2 5 1 
[00000668] 5 | 6 0 8 _ 7 2 _ _ _ 
[00000669] 4 | 6 0 8 4 7 2 _ _ _ 
[00000670] 3 | 6 0 8 4 7 2 5 _ _ 
[00000671] 2 | 6 0 8 4 7 2 5 1 3 
[00000672] 2 | 6 0 8 4 7 2 5 3 1 
[00000673] 4 | 6 0 8 _ 7 2 _ 3 _ 
[00000674] 3 | 6 0 8 5 7 2 _ 3 _ 
[00000675] 2 | 6 0 8 5 7 2 4 3 _ 
[00000676] 2 | 6 0 8 5 7 2 _ 3 1 
[00000677] 3 | 6 0 8 _ 7 2 5 3 _ 
[00000678] 2 | 6 0 8 _ 7 2 5 3 1 
[00000679] 4 | 6 0 8 _ 7 2 _ 1 5 
[00000680] 4 | 6 0 8 _ 7 2 _ 5 1 
[00000681] 5 | 6 0 8 _ 7 _ _ 2 _ 
[00000682] 4 | 6 0 8 4 7 _ _ 2 _ 
[00000683] 3 | 6 0 8 4 7 _ _ 2 5 
[00000684] 2 | 6 0 8 4 7 1 3 2 5 
[00000685] 2 | 6 0 8 4 7 3 1 2 5 
