[00000048] 7 | 0 8 _ _ 1 _ _ _ _ 
[00000049] 6 | 0 8 2 _ 1 _ _ _ _ 
[00000050] 5 | 0 8 2 7 1 _ _ _ _ 
[00000051] 4 | 0 8 2 7 1 5 _ _ _ 
[00000052] 3 | 0 8 2 7 1 5 _ 4 _ 
[00000053] 2 | 0 8 2 7 1 5 3 4 _ 
[00000054] 2 | 0 8 2 7 1 5 _ 4 6 
[00000055] 3 | 0 8 2 7 1 5 _ 3 6 
[00000056] 3 | 0 8 2 7 1 5 _ 6 3 
[00000057] 4 | 0 8 2 7 1 _ _ 5 _ 
[00000058] 3 | 0 8 2 7 1 4 _ 5 _ 
[00000059] 2 | 0 8 2 7 1 4 6 5 _ 
[00000060] 2 | 0 8 2 7 1 4 _ 5 3 
[00000061] 3 | 0 8 2 7 1 3 6 5 _ 
[00000062] 3 | 0 8 2 7 1 6 3 5 _ 
[00000063] 5 | 0 8 2 _ 1 6 _ _ _ 
[00000064] 4 | 0 8 2 6 1 6 _ _ _ 
[00000065] 3 | 0 8 2 6 1 6 _ 4 _ 
[00000066] 3 | 0 8 2 6 1 6 _ 4 7 
[00000067] 3 | 0 8 2 6 1 6 _ 7 4 
[00000068] 4 | 0 8 2 _ 1 6 2 _ _ 
[00000069] 3 | 0 8 2 _ 1 6 2 4 _ 
[00000070] 3 | 0 8 2 _ 1 6 2 4 7 
[00000071] 3 | 0 8 2 _ 1 6 2 7 4 
[00000072] 4 | 0 8 2 _ 1 6 _ 5 _ 
[00000073] 3 | 0 8 2 5 1 6 _ 5 _ 
[00000074] 2 | 0 8 2 5 1 6 4 5 _ 
[00000075] 3 | 0 8 2 _ 1 6 3 5 _ 
[00000076] 2 | 0 8 2 4 1 6 3 5 _ 
[00000077] 2 | 0 8 2 _ 1 6 3 5 7 
[00000078] 3 | 0 8 2 _ 1 6 _ 5 2 
[00000079] 2 | 0 8 2 _ 1 6 4 5 2 
[00000080] 4 | 0 8 2 _ 1 6 _ 3 7 
[00000081] 3 | 0 8 2 5 1 6 _ 3 7 
[00000082] 2 | 0 8 2 5 1 6 4 3 7 
[00000083] 4 | 0 8 2 _ 1 6 _ 7 3 
[00000084] 3 | 0 8 2 5 1 6 _ 7 3 
[00000085] 2 | 0 8 2 5 1 6 4 7 3 
[00000086] 5 | 0 8 2 _ 1 _ _ 6 _ 
[00000087] 4 | 0 8 2 6 1 _ _ 6 _ 
[00000088] 3 | 0 8 2 6 1 4 _ 6 _ 
[00000089] 3 | 0 8 2 6 1 4 7 6 _ 
[00000090] 3 | 0 8 2 6 1 7 4 6 _ 
[00000091] 4 | 0 8 2 _ 1 5 _ 6 _ 
[00000092] 3 | 0 8 2 5 1 5 _ 6 _ 
[00000093] 2 | 0 8 2 5 1 5 _ 6 4 
[00000094] 3 | 0 8 2 _ 1 5 2 6 _ 
[00000095] 2 | 0 8 2 _ 1 5 2 6 4 
[00000096] 3 | 0 8 2 _ 1 5 _ 6 3 
[00000097] 2 | 0 8 2 4 1 5 _ 6 3 
