[00002812] 1 | 7 8 1 4 0 6 2 5 3  *Graceful*
[00002812] 2 | _ 8 1 4 0 6 2 5 7 
[00002813] 3 | _ 8 1 _ 0 6 2 5 8 
[00002814] 2 | _ 8 1 3 0 6 2 5 8 
[00002815] 4 | _ 8 1 _ 0 6 _ 5 1 
[00002816] 3 | _ 8 1 _ 0 6 3 5 1 
[00002817] 5 | _ 8 1 _ 0 6 _ 2 7 
[00002818] 4 | 4 8 1 _ 0 6 _ 2 7 
[00002819] 3 | 4 8 1 _ 0 6 3 2 7 
[00002820] 4 | _ 8 1 5 0 6 _ 2 7 
[00002821] 3 | _ 8 1 5 0 6 3 2 7 
[00002822] 5 | _ 8 1 _ 0 6 _ 7 2 
[00002823] 4 | 4 8 1 _ 0 6 _ 7 2 
[00002824] 3 | 4 8 1 _ 0 6 3 7 2 
[00002825] 4 | _ 8 1 5 0 6 _ 7 2 
[00002826] 3 | _ 8 1 5 0 6 3 7 2 
[00002827] 6 | _ 8 1 _ 0 _ _ 6 _ 
[00002828] 5 | 3 8 1 _ 0 _ _ 6 _ 
[00002829] 4 | 3 8 1 5 0 _ _ 6 _ 
[00002830] 3 | 3 8 1 5 0 4 7 6 _ 
[00002831] 3 | 3 8 1 5 0 7 4 6 _ 
[00002832] 4 | 3 8 1 _ 0 4 _ 6 _ 
[00002833] 3 | 3 8 1 4 0 4 _ 6 _ 
[00002834] 3 | 3 8 1 _ 0 4 1 6 _ 
[00002835] 3 | 3 8 1 _ 0 4 7 6 _ 
[00002836] 4 | 3 8 1 _ 0 _ _ 6 2 
[00002837] 3 | 3 8 1 4 0 _ _ 6 2 
[00002838] 2 | 3 8 1 4 0 5 7 6 2 
[00002839] 2 | 3 8 1 4 0 7 5 6 2 
[00002840] 3 | 3 8 1 _ 0 4 7 6 2 
[00002841] 3 | 3 8 1 _ 0 7 4 6 2 
[00002842] 5 | _ 8 1 6 0 _ _ 6 _ 
[00002843] 4 | 4 8 1 6 0 _ _ 6 _ 
[00002844] 3 | 4 8 1 6 0 3 _ 6 _ 
[00002845] 2 | 4 8 1 6 0 3 5 6 _ 
[00002846] 3 | 4 8 1 6 0 2 5 6 _ 
[00002847] 3 | 4 8 1 6 0 5 2 6 _ 
[00002848] 4 | _ 8 1 6 0 4 _ 6 _ 
[00002849] 3 | 5 8 1 6 0 4 _ 6 _ 
[00002850] 2 | 5 8 1 6 0 4 2 6 _ 
[00002851] 3 | _ 8 1 6 0 4 7 6 _ 
[00002852] 4 | _ 8 1 6 0 3 7 6 _ 
[00002853] 3 | 5 8 1 6 0 3 7 6 _ 
[00002854] 4 | _ 8 1 6 0 7 3 6 _ 
[00002855] 3 | 5 8 1 6 0 7 3 6 _ 
[00002856] 5 | _ 8 1 _ 0 5 _ 6 _ 
[00002857] 4 | 4 8 1 _ 0 5 _ 6 _ 
[00002858] 3 | 4 8 1 _ 0 5 2 6 _ 
[00002859] 2 | 4 8 1 3 0 5 2 6 _ 
[00002860] 1 | 4 8 1 3 0 5 2 6 7  *Graceful*
[00002860] 3 | 4 8 1 _ 0 5 _ 6 3 
