[00004921] 2 | 6 1 5 3 0 7 4 8 2 
[00004922] 1 | 6 1 5 3 0 7 4 8 2  *Graceful*
[00004922] 4 | 6 1 _ _ 0 7 3 8 2 
[00004923] 3 | 6 1 4 _ 0 7 3 8 2 
[00004924] 5 | _ 1 6 _ 0 7 _ 8 2 
[00004925] 4 | 5 1 6 _ 0 7 _ 8 2 
[00004926] 3 | 5 1 6 3 0 7 _ 8 2 
[00004927] 3 | 5 1 6 _ 0 7 4 8 2 
[00004928] 4 | _ 1 6 _ 0 7 3 8 2 
[00004929] 3 | 4 1 6 _ 0 7 3 8 2 
[00004930] 5 | _ 6 1 _ 0 7 _ 8 2 
[00004931] 5 | _ _ 1 6 0 7 _ 8 2 
[00004932] 4 | _ 5 1 6 0 7 _ 8 2 
[00004933] 4 | _ 4 1 6 0 7 _ 8 2 
[00004934] 3 | 7 4 1 6 0 7 _ 8 2 
[00004935] 3 | _ 4 1 6 0 7 4 8 2 
[00004936] 4 | _ _ 1 6 0 7 3 8 2 
[00004937] 3 | _ 4 1 6 0 7 3 8 2 
[00004938] 5 | _ _ 6 1 0 7 _ 8 2 
[00004939] 4 | _ 4 6 1 0 7 _ 8 2 
[00004940] 3 | 7 4 6 1 0 7 _ 8 2 
[00004941] 3 | _ 4 6 1 0 7 4 8 2 
[00004942] 4 | _ _ 6 1 0 7 3 8 2 
[00004943] 5 | _ 5 _ _ 0 7 _ 8 2 
[00004944] 4 | 1 5 _ _ 0 7 _ 8 2 
[00004945] 3 | 1 5 3 6 0 7 _ 8 2 
[00004946] 3 | 1 5 6 3 0 7 _ 8 2 
[00004947] 3 | 1 5 _ _ 0 7 4 8 2 
[00004948] 2 | 1 5 3 _ 0 7 4 8 2 
[00004949] 4 | _ 5 1 _ 0 7 _ 8 2 
[00004950] 3 | _ 5 1 4 0 7 _ 8 2 
[00004951] 2 | 3 5 1 4 0 7 _ 8 2 
[00004952] 1 | 3 5 1 4 0 7 6 8 2  *Graceful*
[00004952] 2 | 7 5 1 4 0 7 _ 8 2 
[00004953] 2 | _ 5 1 4 0 7 5 8 2 
[00004954] 3 | _ 5 1 _ 0 7 4 8 2 
[00004955] 2 | 3 5 1 _ 0 7 4 8 2 
[00004956] 2 | _ 5 1 3 0 7 4 8 2 
[00004957] 1 | 6 5 1 3 0 7 4 8 2  *Graceful*
[00004957] 4 | _ 5 _ _ 0 7 3 8 2 
[00004958] 3 | _ 5 1 4 0 7 3 8 2 
[00004959] 3 | _ 5 4 1 0 7 3 8 2 
[00004960] 7 | _ _ _ _ 0 _ _ 8 1 
[00004961] 6 | _ 6 _ _ 0 _ _ 8 1 
[00004962] 5 | _ 6 2 7 0 _ _ 8 1 
[00004963] 4 | _ 6 2 7 0 4 _ 8 1 
[00004964] 3 | 3 6 2 7 0 4 _ 8 1 
[00004965] 5 | _ 6 7 2 0 _ _ 8 1 
[00004966] 4 | _ 6 7 2 0 4 _ 8 1 
[00004967] 3 | 3 6 7 2 0 4 _ 8 1 
