[00000686] 4 | 6 0 8 _ 7 3 _ 2 _ 
[00000687] 3 | 6 0 8 5 7 3 _ 2 _ 
[00000688] 2 | 6 0 8 5 7 3 1 2 _ 
[00000689] 2 | 6 0 8 5 7 3 _ 2 4 
[00000690] 3 | 6 0 8 _ 7 3 _ 2 5 
[00000691] 2 | 6 0 8 _ 7 3 1 2 5 
[00000692] 4 | 6 0 8 _ 7 1 5 2 _ 
[00000693] 4 | 6 0 8 _ 7 5 1 2 _ 
[00000694] 6 | _ 0 8 2 7 _ _ _ _ 
[00000695] 5 | 5 0 8 2 7 _ _ _ _ 
[00000696] 4 | 5 0 8 2 7 3 _ _ _ 
[00000697] 3 | 5 0 8 2 7 3 6 _ _ 
[00000698] 3 | 5 0 8 2 7 3 _ 4 _ 
[00000699] 2 | 5 0 8 2 7 3 1 4 _ 
[00000700] 2 | 5 0 8 2 7 3 _ 4 6 
[00000701] 3 | 5 0 8 2 7 3 _ 1 4 
[00000702] 3 | 5 0 8 2 7 3 _ 4 1 
[00000703] 4 | 5 0 8 2 7 _ _ 3 _ 
[00000704] 3 | 5 0 8 2 7 4 _ 3 _ 
[00000705] 2 | 5 0 8 2 7 4 6 3 _ 
[00000706] 2 | 5 0 8 2 7 4 _ 3 1 
[00000707] 3 | 5 0 8 2 7 1 4 3 _ 
[00000708] 3 | 5 0 8 2 7 4 1 3 _ 
[00000709] 3 | 5 0 8 2 7 _ _ 3 6 
[00000710] 5 | _ 0 8 2 7 1 6 _ _ 
[00000711] 4 | 4 0 8 2 7 1 6 _ _ 
[00000712] 4 | _ 0 8 2 7 1 6 3 _ 
[00000713] 3 | 3 0 8 2 7 1 6 3 _ 
[00000714] 3 | _ 0 8 2 7 1 6 3 0 
[00000715] 5 | _ 0 8 2 7 6 1 _ _ 
[00000716] 4 | 4 0 8 2 7 6 1 _ _ 
[00000717] 4 | _ 0 8 2 7 6 1 3 _ 
[00000718] 3 | 3 0 8 2 7 6 1 3 _ 
[00000719] 3 | _ 0 8 2 7 6 1 3 0 
[00000720] 5 | _ 0 8 2 7 _ _ 1 6 
[00000721] 4 | 4 0 8 2 7 _ _ 1 6 
[00000722] 4 | _ 0 8 2 7 3 _ 1 6 
[00000723] 3 | 3 0 8 2 7 3 _ 1 6 
[00000724] 3 | _ 0 8 2 7 3 0 1 6 
[00000725] 5 | _ 0 8 2 7 _ _ 6 1 
[00000726] 4 | 4 0 8 2 7 _ _ 6 1 
[00000727] 4 | _ 0 8 2 7 3 _ 6 1 
[00000728] 3 | 3 0 8 2 7 3 _ 6 1 
[00000729] 3 | _ 0 8 2 7 3 0 6 1 
[00000730] 6 | _ 0 8 _ 7 1 _ _ _ 
[00000731] 5 | 5 0 8 _ 7 1 _ _ _ 
[00000732] 4 | 5 0 8 4 7 1 _ _ _ 
[00000733] 3 | 5 0 8 4 7 1 _ 3 6 
[00000734] 3 | 5 0 8 4 7 1 _ 6 3 
[00000735] 4 | 5 0 8 _ 7 1 _ 3 _ 
