[00000492] 2 | 8 0 2 4 7 3 0 1 6 
[00000493] 2 | 8 0 4 2 7 3 0 1 6 
[00000494] 8 | _ 0 8 _ _ _ _ _ _ 
[00000495] 7 | 7 0 8 _ _ _ _ _ _ 
[00000496] 6 | 7 0 8 2 _ _ _ _ _ 
[00000497] 5 | 7 0 8 2 5 _ _ _ _ 
[00000498] 4 | 7 0 8 2 5 1 _ _ _ 
[00000499] 3 | 7 0 8 2 5 1 4 _ _ 
[00000500] 2 | 7 0 8 2 5 1 4 3 _ 
[00000501] 3 | 7 0 8 2 5 1 _ 3 6 
[00000502] 3 | 7 0 8 2 5 1 _ 6 3 
[00000503] 4 | 7 0 8 2 5 _ _ 1 _ 
[00000504] 3 | 7 0 8 2 5 3 6 1 _ 
[00000505] 3 | 7 0 8 2 5 6 3 1 _ 
[00000506] 3 | 7 0 8 2 5 _ _ 1 4 
[00000507] 2 | 7 0 8 2 5 3 _ 1 4 
[00000508] 5 | 7 0 8 2 1 6 _ _ _ 
[00000509] 4 | 7 0 8 2 1 6 _ 5 _ 
[00000510] 3 | 7 0 8 2 1 6 3 5 _ 
[00000511] 5 | 7 0 8 2 6 1 _ _ _ 
[00000512] 4 | 7 0 8 2 6 1 5 _ _ 
[00000513] 3 | 7 0 8 2 6 1 5 3 _ 
[00000514] 5 | 7 0 8 2 _ 1 6 _ _ 
[00000515] 4 | 7 0 8 2 4 1 6 _ _ 
[00000516] 4 | 7 0 8 2 5 1 6 _ _ 
[00000517] 5 | 7 0 8 2 _ 6 1 _ _ 
[00000518] 4 | 7 0 8 2 4 6 1 _ _ 
[00000519] 5 | 7 0 8 2 1 _ _ 6 _ 
[00000520] 4 | 7 0 8 2 1 5 _ 6 _ 
[00000521] 3 | 7 0 8 2 1 5 _ 6 3 
[00000522] 5 | 7 0 8 2 6 _ _ 1 _ 
[00000523] 4 | 7 0 8 2 6 _ _ 1 5 
[00000524] 3 | 7 0 8 2 6 3 _ 1 5 
[00000525] 5 | 7 0 8 2 _ _ _ 1 6 
[00000526] 4 | 7 0 8 2 4 _ _ 1 6 
[00000527] 4 | 7 0 8 2 5 _ _ 1 6 
[00000528] 5 | 7 0 8 2 _ _ _ 6 1 
[00000529] 4 | 7 0 8 2 4 _ _ 6 1 
[00000530] 6 | 7 0 8 _ 6 _ _ _ _ 
[00000531] 5 | 7 0 8 3 6 _ _ _ _ 
[00000532] 4 | 7 0 8 3 6 2 _ _ _ 
[00000533] 3 | 7 0 8 3 6 2 5 _ _ 
[00000534] 2 | 7 0 8 3 6 2 5 4 _ 
[00000535] 3 | 7 0 8 3 6 2 _ 1 4 
[00000536] 3 | 7 0 8 3 6 2 _ 4 1 
[00000537] 4 | 7 0 8 3 6 1 5 _ _ 
[00000538] 4 | 7 0 8 3 6 5 1 _ _ 
[00000539] 4 | 7 0 8 3 6 _ _ 2 _ 
[00000540] 3 | 7 0 8 3 6 1 4 2 _ 
[00000541] 3 | 7 0 8 3 6 4 1 2 _ 
