[00002522] 5 | 1 8 _ _ 0 6 _ 5 _ 
[00002523] 4 | 1 8 4 _ 0 6 _ 5 _ 
[00002524] 3 | 1 8 4 7 0 6 _ 5 _ 
[00002525] 2 | 1 8 4 7 0 6 _ 5 3 
[00002526] 3 | 1 8 4 _ 0 6 3 5 _ 
[00002527] 2 | 1 8 4 2 0 6 3 5 _ 
[00002528] 2 | 1 8 4 _ 0 6 3 5 7 
[00002529] 3 | 1 8 4 _ 0 6 _ 5 2 
[00002530] 2 | 1 8 4 6 0 6 _ 5 2 
[00002531] 2 | 1 8 4 _ 0 6 4 5 2 
[00002532] 4 | 1 8 3 7 0 6 _ 5 _ 
[00002533] 3 | 1 8 3 7 0 6 _ 5 2 
[00002534] 2 | 1 8 3 7 0 6 4 5 2 
[00002535] 4 | 1 8 7 3 0 6 _ 5 _ 
[00002536] 3 | 1 8 7 3 0 6 _ 5 2 
[00002537] 2 | 1 8 7 3 0 6 4 5 2 
[00002538] 1 | 1 8 7 3 0 6 4 5 2  *Graceful*
[00002538] 4 | 1 8 _ _ 0 6 2 5 _ 
[00002539] 3 | 1 8 5 _ 0 6 2 5 _ 
[00002540] 2 | 1 8 5 3 0 6 2 5 _ 
[00002541] 2 | 1 8 5 7 0 6 2 5 _ 
[00002542] 2 | 1 8 5 _ 0 6 2 5 3 
[00002543] 2 | 1 8 5 _ 0 6 2 5 7 
[00002544] 3 | 1 8 4 7 0 6 2 5 _ 
[00002545] 2 | 1 8 4 7 0 6 2 5 3 
[00002546] 3 | 1 8 7 4 0 6 2 5 _ 
[00002547] 2 | 1 8 7 4 0 6 2 5 3 
[00002548] 1 | 1 8 7 4 0 6 2 5 3  *Graceful*
[00002548] 3 | 1 8 _ _ 0 6 2 5 8 
[00002549] 5 | 1 8 _ _ 0 6 _ 2 7 
[00002550] 4 | 1 8 4 _ 0 6 _ 2 7 
[00002551] 3 | 1 8 4 _ 0 6 3 2 7 
[00002552] 5 | 1 8 _ _ 0 6 _ 7 2 
[00002553] 4 | 1 8 4 _ 0 6 _ 7 2 
[00002554] 3 | 1 8 4 _ 0 6 3 7 2 
[00002555] 6 | 1 8 _ _ 0 _ _ 6 _ 
[00002556] 5 | 1 8 3 _ 0 _ _ 6 _ 
[00002557] 4 | 1 8 3 7 0 _ _ 6 _ 
[00002558] 3 | 1 8 3 7 0 2 5 6 _ 
[00002559] 2 | 1 8 3 7 0 2 5 6 4 
[00002560] 3 | 1 8 3 7 0 5 2 6 _ 
[00002561] 2 | 1 8 3 7 0 5 2 6 4 
[00002562] 4 | 1 8 3 _ 0 4 _ 6 _ 
[00002563] 3 | 1 8 3 6 0 4 _ 6 _ 
[00002564] 2 | 1 8 3 6 0 4 2 6 _ 
[00002565] 3 | 1 8 3 _ 0 4 7 6 _ 
[00002566] 2 | 1 8 3 5 0 4 7 6 _ 
[00002567] 3 | 1 8 3 _ 0 4 _ 6 3 
[00002568] 2 | 1 8 3 _ 0 4 2 6 3 
[00002569] 4 | 1 8 3 _ 0 _ _ 6 2 
