[00000833] 4 | _ 0 8 _ 7 2 _ 1 5 
[00000834] 3 | 3 0 8 _ 7 2 _ 1 5 
[00000835] 2 | 3 0 8 6 7 2 _ 1 5 
[00000836] 2 | 3 0 8 _ 7 2 4 1 5 
[00000837] 5 | _ 0 8 _ 7 _ _ 1 6 
[00000838] 4 | 4 0 8 _ 7 _ _ 1 6 
[00000839] 3 | 4 0 8 5 7 _ _ 1 6 
[00000840] 3 | 4 0 8 _ 7 2 5 1 6 
[00000841] 3 | 4 0 8 _ 7 5 2 1 6 
[00000842] 4 | _ 0 8 4 7 _ _ 1 6 
[00000843] 3 | 3 0 8 4 7 _ _ 1 6 
[00000844] 2 | 3 0 8 4 7 5 _ 1 6 
[00000845] 3 | _ 0 8 4 7 2 5 1 6 
[00000846] 3 | _ 0 8 4 7 5 2 1 6 
[00000847] 4 | _ 0 8 _ 7 3 _ 1 6 
[00000848] 3 | 3 0 8 _ 7 3 _ 1 6 
[00000849] 3 | _ 0 8 5 7 3 _ 1 6 
[00000850] 2 | 2 0 8 5 7 3 _ 1 6 
[00000851] 1 | 2 0 8 5 7 3 4 1 6  *Graceful*
[00000851] 3 | _ 0 8 _ 7 3 0 1 6 
[00000852] 8 | _ 8 0 _ _ _ _ _ _ 
[00000853] 7 | 1 8 0 _ _ _ _ _ _ 
[00000854] 6 | 1 8 0 6 _ _ _ _ _ 
[00000855] 5 | 1 8 0 6 3 _ _ _ _ 
[00000856] 4 | 1 8 0 6 3 7 _ _ _ 
[00000857] 3 | 1 8 0 6 3 7 4 _ _ 
[00000858] 2 | 1 8 0 6 3 7 4 5 _ 
[00000859] 3 | 1 8 0 6 3 7 _ 2 5 
[00000860] 3 | 1 8 0 6 3 7 _ 5 2 
[00000861] 4 | 1 8 0 6 3 _ _ 7 _ 
[00000862] 3 | 1 8 0 6 3 2 5 7 _ 
[00000863] 3 | 1 8 0 6 3 5 2 7 _ 
[00000864] 3 | 1 8 0 6 3 _ _ 7 4 
[00000865] 2 | 1 8 0 6 3 5 _ 7 4 
[00000866] 5 | 1 8 0 6 2 7 _ _ _ 
[00000867] 4 | 1 8 0 6 2 7 3 _ _ 
[00000868] 3 | 1 8 0 6 2 7 3 5 _ 
[00000869] 5 | 1 8 0 6 7 2 _ _ _ 
[00000870] 4 | 1 8 0 6 7 2 _ 3 _ 
[00000871] 3 | 1 8 0 6 7 2 5 3 _ 
[00000872] 5 | 1 8 0 6 _ 2 7 _ _ 
[00000873] 4 | 1 8 0 6 4 2 7 _ _ 
[00000874] 5 | 1 8 0 6 _ 7 2 _ _ 
[00000875] 4 | 1 8 0 6 4 7 2 _ _ 
[00000876] 4 | 1 8 0 6 3 7 2 _ _ 
[00000877] 5 | 1 8 0 6 2 _ _ 7 _ 
[00000878] 4 | 1 8 0 6 2 _ _ 7 3 
[00000879] 3 | 1 8 0 6 2 5 _ 7 3 
[00000880] 5 | 1 8 0 6 7 _ _ 2 _ 
[00000881] 4 | 1 8 0 6 7 3 _ 2 _ 
