[00005350] 3 | 0 3 6 2 8 1 7 0 _ 
[00005351] 3 | _ 3 6 2 8 1 7 0 3 
[00005352] 4 | _ 3 _ _ 8 1 7 0 4 
[00005353] 3 | 6 3 _ _ 8 1 7 0 4 
[00005354] 2 | 6 3 5 _ 8 1 7 0 4 
[00005355] 3 | _ 3 6 _ 8 1 7 0 4 
[00005356] 2 | 5 3 6 _ 8 1 7 0 4 
[00005357] 3 | _ 3 2 5 8 1 7 0 4 
[00005358] 3 | _ 3 5 2 8 1 7 0 4 
[00005359] 5 | _ _ _ _ 8 1 7 0 5 
[00005360] 4 | 2 6 _ _ 8 1 7 0 5 
[00005361] 3 | 2 6 3 _ 8 1 7 0 5 
[00005362] 4 | 6 2 _ _ 8 1 7 0 5 
[00005363] 4 | _ 2 6 _ 8 1 7 0 5 
[00005364] 4 | _ 6 2 _ 8 1 7 0 5 
[00005365] 3 | 3 6 2 _ 8 1 7 0 5 
[00005366] 2 | 3 6 2 4 8 1 7 0 5 
[00005367] 4 | _ _ 2 6 8 1 7 0 5 
[00005368] 4 | _ _ 6 2 8 1 7 0 5 
[00005369] 3 | _ 3 6 2 8 1 7 0 5 
[00005370] 4 | _ 4 _ _ 8 1 7 0 5 
[00005371] 3 | _ 4 3 6 8 1 7 0 5 
[00005372] 2 | 2 4 3 6 8 1 7 0 5 
[00005373] 1 | 2 4 3 6 8 1 7 0 5  *Graceful*
[00005373] 3 | _ 4 6 3 8 1 7 0 5 
[00005374] 2 | 2 4 6 3 8 1 7 0 5 
[00005375] 6 | _ _ _ _ 8 1 _ 0 6 
[00005376] 5 | 2 7 _ _ 8 1 _ 0 6 
[00005377] 4 | 2 7 3 _ 8 1 _ 0 6 
[00005378] 3 | 2 7 3 _ 8 1 4 0 6 
[00005379] 2 | 2 7 3 5 8 1 4 0 6 
[00005380] 1 | 2 7 3 5 8 1 4 0 6  *Graceful*
[00005380] 4 | 2 7 _ _ 8 1 5 0 6 
[00005381] 3 | 2 7 4 _ 8 1 5 0 6 
[00005382] 5 | 7 2 _ _ 8 1 _ 0 6 
[00005383] 5 | _ 2 7 _ 8 1 _ 0 6 
[00005384] 5 | _ 7 2 _ 8 1 _ 0 6 
[00005385] 4 | 3 7 2 _ 8 1 _ 0 6 
[00005386] 3 | 3 7 2 5 8 1 _ 0 6 
[00005387] 3 | 3 7 2 _ 8 1 4 0 6 
[00005388] 4 | _ 7 2 _ 8 1 5 0 6 
[00005389] 3 | 4 7 2 _ 8 1 5 0 6 
[00005390] 5 | _ _ 2 7 8 1 _ 0 6 
[00005391] 4 | _ 4 2 7 8 1 _ 0 6 
[00005392] 3 | 1 4 2 7 8 1 _ 0 6 
[00005393] 3 | _ 4 2 7 8 1 4 0 6 
[00005394] 4 | _ _ 2 7 8 1 5 0 6 
[00005395] 5 | _ _ 7 2 8 1 _ 0 6 
[00005396] 4 | _ 3 7 2 8 1 _ 0 6 
[00005397] 4 | _ 4 7 2 8 1 _ 0 6 
