[00001267] 3 | 3 7 0 8 1 4 _ 6 _ 
[00001268] 2 | 3 7 0 8 1 4 2 6 _ 
[00001269] 1 | 3 7 0 8 1 4 2 6 5  *Graceful*
[00001269] 2 | 3 7 0 8 1 4 6 6 _ 
[00001270] 2 | 3 7 0 8 1 4 _ 6 4 
[00001271] 3 | 3 7 0 8 1 2 5 6 _ 
[00001272] 2 | 3 7 0 8 1 2 5 6 4 
[00001273] 1 | 3 7 0 8 1 2 5 6 4  *Graceful*
[00001273] 3 | 3 7 0 8 1 5 2 6 _ 
[00001274] 2 | 3 7 0 8 1 5 2 6 4 
[00001275] 4 | _ 7 0 8 1 5 _ 6 _ 
[00001276] 3 | 4 7 0 8 1 5 _ 6 _ 
[00001277] 2 | 4 7 0 8 1 5 3 6 _ 
[00001278] 3 | _ 7 0 8 1 5 2 6 _ 
[00001279] 2 | _ 7 0 8 1 5 2 6 4 
[00001280] 3 | _ 7 0 8 1 5 _ 6 3 
[00001281] 2 | 5 7 0 8 1 5 _ 6 3 
[00001282] 2 | _ 7 0 8 1 5 7 6 3 
[00001283] 4 | _ 7 0 8 1 _ _ 6 2 
[00001284] 3 | 4 7 0 8 1 _ _ 6 2 
[00001285] 2 | 4 7 0 8 1 3 _ 6 2 
[00001286] 2 | 4 7 0 8 1 3 5 6 2 
[00001287] 2 | 4 7 0 8 1 5 3 6 2 
[00001288] 3 | _ 7 0 8 1 4 _ 6 2 
[00001289] 2 | 5 7 0 8 1 4 _ 6 2 
[00001290] 1 | 5 7 0 8 1 4 3 6 2  *Graceful*
[00001290] 8 | _ _ 8 0 _ _ _ _ _ 
[00001291] 7 | _ 1 8 0 _ _ _ _ _ 
[00001292] 6 | 7 1 8 0 _ _ _ _ _ 
[00001293] 5 | 7 1 8 0 6 _ _ _ _ 
[00001294] 4 | 7 1 8 0 6 2 _ _ _ 
[00001295] 3 | 7 1 8 0 6 2 5 _ _ 
[00001296] 2 | 7 1 8 0 6 2 5 4 _ 
[00001297] 1 | 7 1 8 0 6 2 5 4 3  *Graceful*
[00001297] 3 | 7 1 8 0 6 2 _ 3 _ 
[00001298] 2 | 7 1 8 0 6 2 4 3 _ 
[00001299] 2 | 7 1 8 0 6 2 _ 3 5 
[00001300] 4 | 7 1 8 0 6 _ _ 2 _ 
[00001301] 3 | 7 1 8 0 6 3 _ 2 _ 
[00001302] 2 | 7 1 8 0 6 3 5 2 _ 
[00001303] 2 | 7 1 8 0 6 3 _ 2 4 
[00001304] 3 | 7 1 8 0 6 _ _ 2 5 
[00001305] 2 | 7 1 8 0 6 4 _ 2 5 
[00001306] 1 | 7 1 8 0 6 4 3 2 5  *Graceful*
[00001306] 6 | _ 1 8 0 7 _ _ _ _ 
[00001307] 5 | 6 1 8 0 7 _ _ _ _ 
[00001308] 4 | 6 1 8 0 7 3 _ _ _ 
[00001309] 3 | 6 1 8 0 7 3 _ 4 _ 
[00001310] 2 | 6 1 8 0 7 3 5 4 _ 
[00001311] 2 | 6 1 8 0 7 3 _ 4 2 
