[00005633] 3 | 4 7 _ _ 1 6 2 8 0 
[00005634] 2 | 4 7 5 _ 1 6 2 8 0 
[00005635] 2 | 4 7 3 5 1 6 2 8 0 
[00005636] 2 | 4 7 5 3 1 6 2 8 0 
[00005637] 3 | _ 7 4 _ 1 6 2 8 0 
[00005638] 2 | 5 7 4 _ 1 6 2 8 0 
[00005639] 1 | 5 7 4 3 1 6 2 8 0  *Graceful*
[00005639] 6 | _ _ _ _ 1 7 _ 8 0 
[00005640] 5 | _ 6 _ _ 1 7 _ 8 0 
[00005641] 4 | 2 6 _ _ 1 7 _ 8 0 
[00005642] 3 | 2 6 3 _ 1 7 _ 8 0 
[00005643] 2 | 2 6 3 5 1 7 _ 8 0 
[00005644] 2 | 2 6 3 _ 1 7 5 8 0 
[00005645] 1 | 2 6 3 4 1 7 5 8 0  *Graceful*
[00005645] 3 | 2 6 _ _ 1 7 4 8 0 
[00005646] 2 | 2 6 3 5 1 7 4 8 0 
[00005647] 2 | 2 6 5 3 1 7 4 8 0 
[00005648] 1 | 2 6 5 3 1 7 4 8 0  *Graceful*
[00005648] 4 | _ 6 2 _ 1 7 _ 8 0 
[00005649] 3 | 3 6 2 _ 1 7 _ 8 0 
[00005650] 2 | 3 6 2 4 1 7 _ 8 0 
[00005651] 2 | 3 6 2 _ 1 7 5 8 0 
[00005652] 3 | _ 6 2 5 1 7 _ 8 0 
[00005653] 2 | 4 6 2 5 1 7 _ 8 0 
[00005654] 3 | _ 6 2 _ 1 7 4 8 0 
[00005655] 4 | _ 6 _ _ 1 7 3 8 0 
[00005656] 3 | _ 6 2 5 1 7 3 8 0 
[00005657] 2 | 4 6 2 5 1 7 3 8 0 
[00005658] 3 | _ 6 5 2 1 7 3 8 0 
[00005659] 2 | 4 6 5 2 1 7 3 8 0 
[00005660] 1 | 4 6 5 2 1 7 3 8 0  *Graceful*
[00005660] 5 | _ _ _ _ 1 7 2 8 0 
[00005661] 4 | _ 5 _ _ 1 7 2 8 0 
[00005662] 3 | _ 5 3 6 1 7 2 8 0 
[00005663] 3 | _ 5 6 3 1 7 2 8 0 
