[00002082] 2 | 4 0 5 2 8 1 3 2 _ 
[00002083] 3 | 4 0 5 _ 8 1 _ 2 5 
[00002084] 2 | 4 0 5 _ 8 1 3 2 5 
[00002085] 4 | _ 0 5 1 8 1 _ 2 _ 
[00002086] 3 | 3 0 5 1 8 1 _ 2 _ 
[00002087] 2 | 3 0 5 1 8 1 _ 2 4 
[00002088] 4 | _ 0 5 _ 8 1 5 2 _ 
[00002089] 3 | 3 0 5 _ 8 1 5 2 _ 
[00002090] 2 | 3 0 5 _ 8 1 5 2 4 
[00002091] 4 | _ 0 5 _ 8 1 _ 2 6 
[00002092] 3 | 3 0 5 _ 8 1 _ 2 6 
[00002093] 2 | 3 0 5 7 8 1 _ 2 6 
[00002094] 3 | _ 0 5 _ 8 1 4 2 6 
[00002095] 2 | _ 0 5 3 8 1 4 2 6 
[00002096] 2 | _ 0 5 7 8 1 4 2 6 
[00002097] 5 | _ 0 _ _ 8 1 6 2 _ 
[00002098] 4 | 4 0 _ _ 8 1 6 2 _ 
[00002099] 3 | 4 0 3 _ 8 1 6 2 _ 
[00002100] 2 | 4 0 3 5 8 1 6 2 _ 
[00002101] 3 | 4 0 _ _ 8 1 6 2 5 
[00002102] 4 | _ 0 4 _ 8 1 6 2 _ 
[00002103] 3 | 3 0 4 _ 8 1 6 2 _ 
[00002104] 2 | 3 0 4 2 8 1 6 2 _ 
[00002105] 2 | 3 0 4 _ 8 1 6 2 4 
[00002106] 3 | _ 0 4 7 8 1 6 2 _ 
[00002107] 2 | 2 0 4 7 8 1 6 2 _ 
[00002108] 2 | _ 0 4 7 8 1 6 2 0 
[00002109] 3 | _ 0 4 _ 8 1 6 2 5 
[00002110] 4 | _ 0 3 7 8 1 6 2 _ 
[00002111] 3 | _ 0 3 7 8 1 6 2 5 
[00002112] 4 | _ 0 7 3 8 1 6 2 _ 
[00002113] 3 | _ 0 7 3 8 1 6 2 5 
[00002114] 5 | _ 0 _ _ 8 1 _ 2 7 
[00002115] 4 | 4 0 _ _ 8 1 _ 2 7 
[00002116] 3 | 4 0 3 _ 8 1 _ 2 7 
[00002117] 2 | 4 0 3 1 8 1 _ 2 7 
[00002118] 2 | 4 0 3 5 8 1 _ 2 7 
[00002119] 2 | 4 0 3 _ 8 1 3 2 7 
[00002120] 3 | 4 0 3 6 8 1 _ 2 7 
[00002121] 3 | 4 0 6 3 8 1 _ 2 7 
[00002122] 4 | _ 0 4 _ 8 1 _ 2 7 
[00002123] 3 | 3 0 4 _ 8 1 _ 2 7 
[00002124] 2 | 3 0 4 6 8 1 _ 2 7 
[00002125] 3 | _ 0 4 1 8 1 _ 2 7 
[00002126] 3 | _ 0 4 _ 8 1 4 2 7 
[00002127] 4 | _ 0 _ _ 8 1 5 2 7 
[00002128] 3 | 3 0 _ _ 8 1 5 2 7 
[00002129] 2 | 3 0 4 6 8 1 5 2 7 
[00002130] 2 | 3 0 6 4 8 1 5 2 7 
[00002131] 3 | _ 0 3 _ 8 1 5 2 7 
