[00005492] 3 | _ 3 4 1 8 2 6 0 7 
[00005493] 2 | 5 3 4 1 8 2 6 0 7 
[00005494] 1 | 5 3 4 1 8 2 6 0 7  *Graceful*
[00005494] 8 | _ _ _ _ _ _ _ 0 8 
[00005495] 7 | _ _ _ _ 7 _ _ 0 8 
[00005496] 6 | _ 1 _ _ 7 _ _ 0 8 
[00005497] 5 | 6 1 _ _ 7 _ _ 0 8 
[00005498] 4 | 6 1 5 _ 7 _ _ 0 8 
[00005499] 3 | 6 1 5 2 7 _ _ 0 8 
[00005500] 3 | 6 1 5 _ 7 4 _ 0 8 
[00005501] 2 | 6 1 5 3 7 4 _ 0 8 
[00005502] 2 | 6 1 5 _ 7 4 2 0 8 
[00005503] 4 | 6 1 _ _ 7 3 _ 0 8 
[00005504] 3 | 6 1 4 _ 7 3 _ 0 8 
[00005505] 2 | 6 1 4 2 7 3 _ 0 8 
[00005506] 2 | 6 1 4 _ 7 3 5 0 8 
[00005507] 3 | 6 1 2 5 7 3 _ 0 8 
[00005508] 3 | 6 1 5 2 7 3 _ 0 8 
[00005509] 5 | _ 1 6 _ 7 _ _ 0 8 
[00005510] 4 | 5 1 6 _ 7 _ _ 0 8 
[00005511] 3 | 5 1 6 3 7 _ _ 0 8 
[00005512] 2 | 5 1 6 3 7 2 4 0 8 
[00005513] 2 | 5 1 6 3 7 4 2 0 8 
[00005514] 3 | 5 1 6 _ 7 4 _ 0 8 
[00005515] 2 | 5 1 6 4 7 4 _ 0 8 
[00005516] 2 | 5 1 6 _ 7 4 2 0 8 
[00005517] 2 | 5 1 6 _ 7 4 6 0 8 
[00005518] 4 | _ 1 6 2 7 _ _ 0 8 
[00005519] 3 | 4 1 6 2 7 _ _ 0 8 
[00005520] 2 | 4 1 6 2 7 5 _ 0 8 
[00005521] 2 | 4 1 6 2 7 3 5 0 8 
[00005522] 2 | 4 1 6 2 7 5 3 0 8 
[00005523] 3 | _ 1 6 2 7 4 _ 0 8 
[00005524] 2 | 3 1 6 2 7 4 _ 0 8 
[00005525] 1 | 3 1 6 2 7 4 5 0 8  *Graceful*
[00005525] 4 | _ 1 6 _ 7 3 _ 0 8 
[00005526] 3 | 4 1 6 _ 7 3 _ 0 8 
[00005527] 2 | 4 1 6 _ 7 3 5 0 8 
[00005528] 3 | _ 1 6 3 7 3 _ 0 8 
[00005529] 3 | _ 1 6 _ 7 3 6 0 8 
[00005530] 5 | _ 1 _ _ 7 2 _ 0 8 
[00005531] 4 | 5 1 _ _ 7 2 _ 0 8 
[00005532] 3 | 5 1 4 _ 7 2 _ 0 8 
[00005533] 2 | 5 1 4 2 7 2 _ 0 8 
[00005534] 2 | 5 1 4 6 7 2 _ 0 8 
[00005535] 1 | 5 1 4 6 7 2 3 0 8  *Graceful*
[00005535] 2 | 5 1 4 _ 7 2 4 0 8 
[00005536] 3 | 5 1 3 6 7 2 _ 0 8 
[00005537] 2 | 5 1 3 6 7 2 4 0 8 
[00005538] 3 | 5 1 6 3 7 2 _ 0 8 
