[00002957] 5 | 2 8 _ _ 0 7 _ 1 6 
[00002958] 4 | 2 8 4 _ 0 7 _ 1 6 
[00002959] 3 | 2 8 4 7 0 7 _ 1 6 
[00002960] 3 | 2 8 4 _ 0 7 4 1 6 
[00002961] 4 | 2 8 _ _ 0 7 3 1 6 
[00002962] 3 | 2 8 5 _ 0 7 3 1 6 
[00002963] 5 | 2 8 _ _ 0 7 _ 6 1 
[00002964] 4 | 2 8 4 _ 0 7 _ 6 1 
[00002965] 3 | 2 8 4 7 0 7 _ 6 1 
[00002966] 3 | 2 8 4 _ 0 7 4 6 1 
[00002967] 4 | 2 8 _ _ 0 7 3 6 1 
[00002968] 3 | 2 8 5 _ 0 7 3 6 1 
[00002969] 6 | _ 8 2 _ 0 7 _ _ _ 
[00002970] 5 | 3 8 2 _ 0 7 _ _ _ 
[00002971] 4 | 3 8 2 6 0 7 _ _ _ 
[00002972] 3 | 3 8 2 6 0 7 4 _ _ 
[00002973] 3 | 3 8 2 6 0 7 _ 1 4 
[00002974] 2 | 3 8 2 6 0 7 5 1 4 
[00002975] 1 | 3 8 2 6 0 7 5 1 4  *Graceful*
[00002975] 3 | 3 8 2 6 0 7 _ 4 1 
[00002976] 2 | 3 8 2 6 0 7 5 4 1 
[00002977] 4 | 3 8 2 _ 0 7 _ 4 _ 
[00002978] 3 | 3 8 2 5 0 7 _ 4 _ 
[00002979] 2 | 3 8 2 5 0 7 _ 4 6 
[00002980] 3 | 3 8 2 _ 0 7 4 4 _ 
[00002981] 3 | 3 8 2 _ 0 7 _ 4 1 
[00002982] 2 | 3 8 2 _ 0 7 5 4 1 
[00002983] 3 | 3 8 2 _ 0 7 _ 4 7 
[00002984] 4 | 3 8 2 _ 0 7 _ 1 5 
[00002985] 3 | 3 8 2 _ 0 7 4 1 5 
[00002986] 4 | 3 8 2 _ 0 7 _ 5 1 
[00002987] 3 | 3 8 2 _ 0 7 4 5 1 
[00002988] 5 | _ 8 2 7 0 7 _ _ _ 
[00002989] 4 | 4 8 2 7 0 7 _ _ _ 
[00002990] 3 | 4 8 2 7 0 7 _ 3 _ 
[00002991] 2 | 4 8 2 7 0 7 _ 3 1 
[00002992] 2 | 4 8 2 7 0 7 _ 3 5 
[00002993] 3 | 4 8 2 7 0 7 _ 3 6 
[00002994] 3 | 4 8 2 7 0 7 _ 6 3 
[00002995] 4 | _ 8 2 7 0 7 _ 4 _ 
[00002996] 3 | 5 8 2 7 0 7 _ 4 _ 
[00002997] 2 | 5 8 2 7 0 7 _ 4 6 
[00002998] 3 | _ 8 2 7 0 7 _ 4 1 
[00002999] 2 | 6 8 2 7 0 7 _ 4 1 
[00003000] 4 | _ 8 2 7 0 7 _ 1 5 
[00003001] 4 | _ 8 2 7 0 7 _ 5 1 
[00003002] 5 | _ 8 2 _ 0 7 2 _ _ 
[00003003] 4 | 4 8 2 _ 0 7 2 _ _ 
[00003004] 3 | 4 8 2 _ 0 7 2 3 _ 
[00003005] 2 | 4 8 2 _ 0 7 2 3 1 
