[00004586] 2 | 1 7 2 5 0 4 6 8 _ 
[00004587] 2 | 1 7 2 5 0 4 _ 8 6 
[00004588] 1 | 1 7 2 5 0 4 3 8 6  *Graceful*
[00004588] 3 | 1 7 2 _ 0 4 _ 8 5 
[00004589] 2 | 1 7 2 4 0 4 _ 8 5 
[00004590] 2 | 1 7 2 _ 0 4 2 8 5 
[00004591] 2 | 1 7 2 _ 0 4 6 8 5 
[00004592] 1 | 1 7 2 3 0 4 6 8 5  *Graceful*
[00004592] 4 | 1 7 2 _ 0 _ _ 8 4 
[00004593] 3 | 1 7 2 5 0 _ _ 8 4 
[00004594] 3 | 1 7 2 _ 0 3 _ 8 4 
[00004595] 2 | 1 7 2 _ 0 3 5 8 4 
[00004596] 3 | 1 7 2 _ 0 3 6 8 4 
[00004597] 3 | 1 7 2 _ 0 6 3 8 4 
[00004598] 5 | 1 7 _ _ 0 5 _ 8 _ 
[00004599] 4 | 1 7 3 _ 0 5 _ 8 _ 
[00004600] 3 | 1 7 3 6 0 5 _ 8 _ 
[00004601] 3 | 1 7 3 _ 0 5 2 8 _ 
[00004602] 2 | 1 7 3 _ 0 5 2 8 6 
[00004603] 1 | 1 7 3 4 0 5 2 8 6  *Graceful*
[00004603] 3 | 1 7 3 _ 0 5 8 8 _ 
[00004604] 3 | 1 7 3 _ 0 5 _ 8 5 
[00004605] 4 | 1 7 2 6 0 5 _ 8 _ 
[00004606] 3 | 1 7 2 6 0 5 8 8 _ 
[00004607] 3 | 1 7 2 6 0 5 _ 8 5 
[00004608] 4 | 1 7 6 2 0 5 _ 8 _ 
[00004609] 3 | 1 7 6 2 0 5 8 8 _ 
[00004610] 3 | 1 7 6 2 0 5 _ 8 5 
[00004611] 4 | 1 7 _ _ 0 5 _ 8 4 
[00004612] 3 | 1 7 3 6 0 5 _ 8 4 
[00004613] 3 | 1 7 6 3 0 5 _ 8 4 
[00004614] 3 | 1 7 _ _ 0 5 2 8 4 
[00004615] 5 | 1 7 _ _ 0 _ _ 8 3 
[00004616] 4 | 1 7 2 6 0 _ _ 8 3 
[00004617] 4 | 1 7 6 2 0 _ _ 8 3 
[00004618] 4 | 1 7 _ _ 0 4 _ 8 3 
[00004619] 3 | 1 7 4 _ 0 4 _ 8 3 
[00004620] 2 | 1 7 4 2 0 4 _ 8 3 
[00004621] 2 | 1 7 4 6 0 4 _ 8 3 
[00004622] 2 | 1 7 4 _ 0 4 2 8 3 
[00004623] 2 | 1 7 4 _ 0 4 6 8 3 
[00004624] 3 | 1 7 2 5 0 4 _ 8 3 
[00004625] 2 | 1 7 2 5 0 4 6 8 3 
[00004626] 3 | 1 7 5 2 0 4 _ 8 3 
[00004627] 2 | 1 7 5 2 0 4 6 8 3 
[00004628] 3 | 1 7 _ _ 0 4 7 8 3 
[00004629] 4 | 1 7 _ _ 0 2 6 8 3 
[00004630] 3 | 1 7 4 _ 0 2 6 8 3 
[00004631] 4 | 1 7 _ _ 0 6 2 8 3 
[00004632] 3 | 1 7 4 _ 0 6 2 8 3 
