[00004492] 7 | _ _ _ _ 1 8 0 _ _ 
[00004493] 6 | _ 7 _ _ 1 8 0 _ _ 
[00004494] 5 | 2 7 _ _ 1 8 0 _ _ 
[00004495] 4 | 2 7 3 _ 1 8 0 _ _ 
[00004496] 3 | 2 7 3 6 1 8 0 _ _ 
[00004497] 3 | 2 7 3 _ 1 8 0 4 _ 
[00004498] 2 | 2 7 3 5 1 8 0 4 _ 
[00004499] 2 | 2 7 3 _ 1 8 0 4 6 
[00004500] 4 | 2 7 _ _ 1 8 0 5 _ 
[00004501] 3 | 2 7 4 _ 1 8 0 5 _ 
[00004502] 2 | 2 7 4 6 1 8 0 5 _ 
[00004503] 2 | 2 7 4 _ 1 8 0 5 3 
[00004504] 3 | 2 7 3 6 1 8 0 5 _ 
[00004505] 3 | 2 7 6 3 1 8 0 5 _ 
[00004506] 5 | _ 7 2 _ 1 8 0 _ _ 
[00004507] 4 | 3 7 2 _ 1 8 0 _ _ 
[00004508] 3 | 3 7 2 5 1 8 0 _ _ 
[00004509] 2 | 3 7 2 5 1 8 0 4 6 
[00004510] 2 | 3 7 2 5 1 8 0 6 4 
[00004511] 3 | 3 7 2 _ 1 8 0 4 _ 
[00004512] 2 | 3 7 2 4 1 8 0 4 _ 
[00004513] 2 | 3 7 2 _ 1 8 0 4 2 
[00004514] 2 | 3 7 2 _ 1 8 0 4 6 
[00004515] 4 | _ 7 2 6 1 8 0 _ _ 
[00004516] 3 | 4 7 2 6 1 8 0 _ _ 
[00004517] 2 | 4 7 2 6 1 8 0 3 _ 
[00004518] 2 | 4 7 2 6 1 8 0 3 5 
[00004519] 2 | 4 7 2 6 1 8 0 5 3 
[00004520] 3 | _ 7 2 6 1 8 0 4 _ 
[00004521] 2 | 5 7 2 6 1 8 0 4 _ 
[00004522] 1 | 5 7 2 6 1 8 0 4 3  *Graceful*
[00004522] 4 | _ 7 2 _ 1 8 0 5 _ 
[00004523] 3 | 4 7 2 _ 1 8 0 5 _ 
[00004524] 2 | 4 7 2 _ 1 8 0 5 3 
[00004525] 3 | _ 7 2 5 1 8 0 5 _ 
[00004526] 3 | _ 7 2 _ 1 8 0 5 2 
[00004527] 5 | _ 7 _ _ 1 8 0 6 _ 
[00004528] 4 | 3 7 _ _ 1 8 0 6 _ 
[00004529] 3 | 3 7 4 _ 1 8 0 6 _ 
[00004530] 2 | 3 7 4 2 1 8 0 6 _ 
[00004531] 1 | 3 7 4 2 1 8 0 6 5  *Graceful*
[00004531] 2 | 3 7 4 6 1 8 0 6 _ 
[00004532] 2 | 3 7 4 _ 1 8 0 6 4 
[00004533] 3 | 3 7 2 5 1 8 0 6 _ 
[00004534] 2 | 3 7 2 5 1 8 0 6 4 
[00004535] 3 | 3 7 5 2 1 8 0 6 _ 
[00004536] 2 | 3 7 5 2 1 8 0 6 4 
[00004537] 4 | _ 7 3 _ 1 8 0 6 _ 
[00004538] 3 | 4 7 3 _ 1 8 0 6 _ 
[00004539] 2 | 4 7 3 5 1 8 0 6 _ 
