[00000147] 4 | 0 8 _ _ 1 7 2 5 _ 
[00000148] 3 | 0 8 5 _ 1 7 2 5 _ 
[00000149] 2 | 0 8 5 3 1 7 2 5 _ 
[00000150] 2 | 0 8 5 _ 1 7 2 5 3 
[00000151] 3 | 0 8 3 6 1 7 2 5 _ 
[00000152] 3 | 0 8 6 3 1 7 2 5 _ 
[00000153] 3 | 0 8 _ _ 1 7 2 5 8 
[00000154] 2 | 0 8 4 6 1 7 2 5 8 
[00000155] 2 | 0 8 6 4 1 7 2 5 8 
[00000156] 5 | 0 8 _ _ 1 7 _ 6 _ 
[00000157] 4 | 0 8 4 _ 1 7 _ 6 _ 
[00000158] 3 | 0 8 4 7 1 7 _ 6 _ 
[00000159] 3 | 0 8 4 _ 1 7 4 6 _ 
[00000160] 3 | 0 8 4 _ 1 7 _ 6 3 
[00000161] 2 | 0 8 4 2 1 7 _ 6 3 
[00000162] 2 | 0 8 4 _ 1 7 5 6 3 
[00000163] 4 | 0 8 _ _ 1 7 3 6 _ 
[00000164] 3 | 0 8 5 _ 1 7 3 6 _ 
[00000165] 2 | 0 8 5 _ 1 7 3 6 4 
[00000166] 3 | 0 8 2 5 1 7 3 6 _ 
[00000167] 2 | 0 8 2 5 1 7 3 6 4 
[00000168] 3 | 0 8 5 2 1 7 3 6 _ 
[00000169] 2 | 0 8 5 2 1 7 3 6 4 
[00000170] 4 | 0 8 _ _ 1 7 _ 6 2 
[00000171] 3 | 0 8 5 _ 1 7 _ 6 2 
[00000172] 2 | 0 8 5 3 1 7 _ 6 2 
[00000173] 2 | 0 8 5 7 1 7 _ 6 2 
[00000174] 2 | 0 8 5 _ 1 7 5 6 2 
[00000175] 3 | 0 8 _ _ 1 7 4 6 2 
[00000176] 2 | 0 8 3 5 1 7 4 6 2 
[00000177] 2 | 0 8 5 3 1 7 4 6 2 
[00000178] 6 | 0 8 _ _ 1 _ _ 7 _ 
[00000179] 5 | 0 8 3 _ 1 _ _ 7 _ 
[00000180] 4 | 0 8 3 7 1 _ _ 7 _ 
[00000181] 3 | 0 8 3 7 1 4 _ 7 _ 
[00000182] 2 | 0 8 3 7 1 4 2 7 _ 
[00000183] 2 | 0 8 3 7 1 4 6 7 _ 
[00000184] 3 | 0 8 3 7 1 2 5 7 _ 
[00000185] 3 | 0 8 3 7 1 5 2 7 _ 
[00000186] 4 | 0 8 3 _ 1 5 _ 7 _ 
[00000187] 3 | 0 8 3 6 1 5 _ 7 _ 
[00000188] 2 | 0 8 3 6 1 5 7 7 _ 
[00000189] 2 | 0 8 3 6 1 5 _ 7 5 
[00000190] 3 | 0 8 3 _ 1 5 2 7 _ 
[00000191] 3 | 0 8 3 _ 1 5 _ 7 4 
[00000192] 2 | 0 8 3 5 1 5 _ 7 4 
[00000193] 2 | 0 8 3 _ 1 5 3 7 4 
[00000194] 4 | 0 8 3 _ 1 2 6 7 _ 
[00000195] 3 | 0 8 3 _ 1 2 6 7 4 
[00000196] 2 | 0 8 3 5 1 2 6 7 4 
