[00003588] 3 | 4 7 1 5 0 8 3 _ _ 
[00003589] 2 | 4 7 1 5 0 8 3 2 _ 
[00003590] 4 | _ 7 1 _ 0 8 3 4 _ 
[00003591] 3 | 4 7 1 _ 0 8 3 4 _ 
[00003592] 3 | _ 7 1 4 0 8 3 4 _ 
[00003593] 2 | 5 7 1 4 0 8 3 4 _ 
[00003594] 3 | _ 7 1 _ 0 8 3 4 1 
[00003595] 2 | 5 7 1 _ 0 8 3 4 1 
[00003596] 3 | _ 7 1 _ 0 8 3 4 7 
[00003597] 4 | _ 7 1 _ 0 8 3 2 6 
[00003598] 3 | 4 7 1 _ 0 8 3 2 6 
[00003599] 3 | _ 7 1 4 0 8 3 2 6 
[00003600] 2 | 5 7 1 4 0 8 3 2 6 
[00003601] 4 | _ 7 1 _ 0 8 3 6 2 
[00003602] 3 | 4 7 1 _ 0 8 3 6 2 
[00003603] 3 | _ 7 1 4 0 8 3 6 2 
[00003604] 2 | 5 7 1 4 0 8 3 6 2 
[00003605] 5 | _ 7 1 _ 0 8 _ 5 _ 
[00003606] 4 | 3 7 1 _ 0 8 _ 5 _ 
[00003607] 3 | 3 7 1 4 0 8 _ 5 _ 
[00003608] 2 | 3 7 1 4 0 8 6 5 _ 
[00003609] 3 | 3 7 1 _ 0 8 5 5 _ 
[00003610] 3 | 3 7 1 _ 0 8 _ 5 2 
[00003611] 2 | 3 7 1 _ 0 8 6 5 2 
[00003612] 3 | 3 7 1 _ 0 8 _ 5 8 
[00003613] 4 | _ 7 1 5 0 8 _ 5 _ 
[00003614] 3 | 4 7 1 5 0 8 _ 5 _ 
[00003615] 2 | 4 7 1 5 0 8 6 5 _ 
[00003616] 4 | _ 7 1 _ 0 8 4 5 _ 
[00003617] 3 | _ 7 1 _ 0 8 4 5 2 
[00003618] 2 | _ 7 1 3 0 8 4 5 2 
[00003619] 1 | 6 7 1 3 0 8 4 5 2  *Graceful*
[00003619] 4 | _ 7 1 _ 0 8 _ 5 1 
[00003620] 3 | 4 7 1 _ 0 8 _ 5 1 
[00003621] 2 | 4 7 1 _ 0 8 6 5 1 
[00003622] 6 | _ 7 _ _ 0 8 2 _ _ 
[00003623] 5 | _ 7 1 6 0 8 2 _ _ 
[00003624] 4 | 3 7 1 6 0 8 2 _ _ 
[00003625] 4 | _ 7 1 6 0 8 2 4 _ 
[00003626] 3 | 4 7 1 6 0 8 2 4 _ 
[00003627] 3 | _ 7 1 6 0 8 2 4 7 
[00003628] 5 | _ 7 6 1 0 8 2 _ _ 
[00003629] 4 | 3 7 6 1 0 8 2 _ _ 
[00003630] 4 | _ 7 6 1 0 8 2 4 _ 
[00003631] 3 | 4 7 6 1 0 8 2 4 _ 
[00003632] 3 | _ 7 6 1 0 8 2 4 7 
[00003633] 5 | _ 7 _ _ 0 8 2 5 _ 
[00003634] 4 | 3 7 _ _ 0 8 2 5 _ 
[00003635] 3 | 3 7 4 _ 0 8 2 5 _ 
[00003636] 2 | 3 7 4 6 0 8 2 5 _ 
