[00004257] 2 | 6 3 5 1 8 0 7 2 4 
[00004258] 4 | _ 3 _ _ 8 0 7 2 6 
[00004259] 3 | _ 3 1 4 8 0 7 2 6 
[00004260] 2 | 5 3 1 4 8 0 7 2 6 
[00004261] 3 | _ 3 4 1 8 0 7 2 6 
[00004262] 2 | 5 3 4 1 8 0 7 2 6 
[00004263] 1 | 5 3 4 1 8 0 7 2 6  *Graceful*
[00004263] 7 | _ _ _ _ 8 0 _ 1 _ 
[00004264] 6 | _ 2 _ _ 8 0 _ 1 _ 
[00004265] 5 | 7 2 _ _ 8 0 _ 1 _ 
[00004266] 4 | 7 2 6 _ 8 0 _ 1 _ 
[00004267] 3 | 7 2 6 3 8 0 _ 1 _ 
[00004268] 3 | 7 2 6 _ 8 0 3 1 _ 
[00004269] 2 | 7 2 6 4 8 0 3 1 _ 
[00004270] 3 | 7 2 6 _ 8 0 _ 1 4 
[00004271] 4 | 7 2 _ _ 8 0 4 1 _ 
[00004272] 3 | 7 2 5 _ 8 0 4 1 _ 
[00004273] 2 | 7 2 5 3 8 0 4 1 _ 
[00004274] 2 | 7 2 5 _ 8 0 4 1 3 
[00004275] 1 | 7 2 5 6 8 0 4 1 3  *Graceful*
[00004275] 3 | 7 2 3 6 8 0 4 1 _ 
[00004276] 3 | 7 2 6 3 8 0 4 1 _ 
[00004277] 4 | 7 2 _ _ 8 0 _ 1 5 
[00004278] 3 | 7 2 3 6 8 0 _ 1 5 
[00004279] 3 | 7 2 6 3 8 0 _ 1 5 
[00004280] 3 | 7 2 _ _ 8 0 3 1 5 
[00004281] 2 | 7 2 4 _ 8 0 3 1 5 
[00004282] 2 | 7 2 4 6 8 0 3 1 5 
[00004283] 2 | 7 2 6 4 8 0 3 1 5 
[00004284] 5 | _ 2 7 _ 8 0 _ 1 _ 
[00004285] 4 | 6 2 7 _ 8 0 _ 1 _ 
[00004286] 3 | 6 2 7 4 8 0 _ 1 _ 
[00004287] 2 | 6 2 7 4 8 0 _ 1 3 
[00004288] 3 | 6 2 7 _ 8 0 3 1 _ 
[00004289] 2 | 6 2 7 5 8 0 3 1 _ 
[00004290] 3 | 6 2 7 _ 8 0 _ 1 4 
[00004291] 2 | 6 2 7 5 8 0 _ 1 4 
[00004292] 4 | _ 2 7 3 8 0 _ 1 _ 
[00004293] 3 | 5 2 7 3 8 0 _ 1 _ 
[00004294] 3 | _ 2 7 3 8 0 _ 1 4 
[00004295] 2 | 0 2 7 3 8 0 _ 1 4 
[00004296] 2 | _ 2 7 3 8 0 2 1 4 
[00004297] 4 | _ 2 7 _ 8 0 4 1 _ 
[00004298] 3 | 5 2 7 _ 8 0 4 1 _ 
[00004299] 2 | 5 2 7 _ 8 0 4 1 3 
[00004300] 1 | 5 2 7 6 8 0 4 1 3  *Graceful*
[00004300] 4 | _ 2 7 _ 8 0 _ 1 5 
[00004301] 3 | _ 2 7 4 8 0 _ 1 5 
[00004302] 2 | 0 2 7 4 8 0 _ 1 5 
[00004303] 2 | _ 2 7 4 8 0 2 1 5 
