[00000000] 8 | 0 8 _ _ _ _ _ _ _ 
[00000001] 7 | 0 8 1 _ _ _ _ _ _ 
[00000002] 6 | 0 8 1 7 _ _ _ _ _ 
[00000003] 5 | 0 8 1 7 3 _ _ _ _ 
[00000004] 4 | 0 8 1 7 3 2 6 _ _ 
[00000005] 4 | 0 8 1 7 3 6 2 _ _ 
[00000006] 4 | 0 8 1 7 3 _ _ 2 6 
[00000007] 4 | 0 8 1 7 3 _ _ 6 2 
[00000008] 6 | 0 8 1 _ 2 _ _ _ _ 
[00000009] 5 | 0 8 1 6 2 _ _ _ _ 
[00000010] 4 | 0 8 1 6 2 3 7 _ _ 
[00000011] 3 | 0 8 1 6 2 3 7 5 _ 
[00000012] 4 | 0 8 1 6 2 7 3 _ _ 
[00000013] 3 | 0 8 1 6 2 7 3 5 _ 
[00000014] 4 | 0 8 1 6 2 _ _ 3 7 
[00000015] 3 | 0 8 1 6 2 5 _ 3 7 
[00000016] 4 | 0 8 1 6 2 _ _ 7 3 
[00000017] 3 | 0 8 1 6 2 5 _ 7 3 
[00000018] 5 | 0 8 1 _ 2 7 _ _ _ 
[00000019] 4 | 0 8 1 5 2 7 _ _ _ 
[00000020] 3 | 0 8 1 5 2 7 4 _ _ 
[00000021] 3 | 0 8 1 5 2 7 _ 3 6 
[00000022] 3 | 0 8 1 5 2 7 _ 6 3 
[00000023] 4 | 0 8 1 _ 2 7 3 _ _ 
[00000024] 3 | 0 8 1 4 2 7 3 _ _ 
[00000025] 3 | 0 8 1 _ 2 7 3 5 _ 
[00000026] 4 | 0 8 1 _ 2 7 _ 6 _ 
[00000027] 3 | 0 8 1 4 2 7 _ 6 _ 
[00000028] 2 | 0 8 1 4 2 7 5 6 _ 
[00000029] 3 | 0 8 1 _ 2 7 4 6 _ 
[00000030] 2 | 0 8 1 3 2 7 4 6 _ 
[00000031] 1 | 0 8 1 3 2 7 4 6 5  *Graceful*
[00000031] 3 | 0 8 1 _ 2 7 _ 6 3 
[00000032] 2 | 0 8 1 _ 2 7 5 6 3 
[00000033] 5 | 0 8 1 _ 2 _ _ 7 _ 
[00000034] 4 | 0 8 1 5 2 _ _ 7 _ 
[00000035] 3 | 0 8 1 5 2 3 6 7 _ 
[00000036] 3 | 0 8 1 5 2 6 3 7 _ 
[00000037] 3 | 0 8 1 5 2 _ _ 7 4 
[00000038] 4 | 0 8 1 _ 2 6 _ 7 _ 
[00000039] 3 | 0 8 1 4 2 6 _ 7 _ 
[00000040] 2 | 0 8 1 4 2 6 _ 7 5 
[00000041] 3 | 0 8 1 _ 2 6 3 7 _ 
[00000042] 2 | 0 8 1 _ 2 6 3 7 5 
[00000043] 3 | 0 8 1 _ 2 6 _ 7 4 
[00000044] 2 | 0 8 1 3 2 6 _ 7 4 
[00000045] 1 | 0 8 1 3 2 6 5 7 4  *Graceful*
[00000045] 4 | 0 8 1 _ 2 _ _ 7 3 
[00000046] 3 | 0 8 1 4 2 _ _ 7 3 
[00000047] 3 | 0 8 1 _ 2 5 _ 7 3 
