[00004304] 3 | _ 2 7 _ 8 0 3 1 5 
[00004305] 2 | 4 2 7 _ 8 0 3 1 5 
[00004306] 1 | 4 2 7 6 8 0 3 1 5  *Graceful*
[00004306] 5 | _ 2 _ _ 8 0 5 1 _ 
[00004307] 4 | 6 2 _ _ 8 0 5 1 _ 
[00004308] 3 | 6 2 4 7 8 0 5 1 _ 
[00004309] 2 | 6 2 4 7 8 0 5 1 3 
[00004310] 3 | 6 2 7 4 8 0 5 1 _ 
[00004311] 2 | 6 2 7 4 8 0 5 1 3 
[00004312] 3 | 6 2 _ _ 8 0 5 1 4 
[00004313] 4 | _ 2 6 _ 8 0 5 1 _ 
[00004314] 3 | _ 2 6 3 8 0 5 1 _ 
[00004315] 2 | 4 2 6 3 8 0 5 1 _ 
[00004316] 3 | _ 2 6 _ 8 0 5 1 4 
[00004317] 4 | _ 2 3 7 8 0 5 1 _ 
[00004318] 3 | _ 2 3 7 8 0 5 1 4 
[00004319] 4 | _ 2 7 3 8 0 5 1 _ 
[00004320] 3 | _ 2 7 3 8 0 5 1 4 
[00004321] 5 | _ 2 _ _ 8 0 _ 1 6 
[00004322] 4 | _ 2 3 7 8 0 _ 1 6 
[00004323] 3 | 5 2 3 7 8 0 _ 1 6 
[00004324] 4 | _ 2 7 3 8 0 _ 1 6 
[00004325] 3 | 5 2 7 3 8 0 _ 1 6 
[00004326] 4 | _ 2 _ _ 8 0 4 1 6 
[00004327] 3 | 5 2 _ _ 8 0 4 1 6 
[00004328] 3 | _ 2 5 _ 8 0 4 1 6 
[00004329] 2 | _ 2 5 3 8 0 4 1 6 
[00004330] 2 | _ 2 5 7 8 0 4 1 6 
[00004331] 1 | 3 2 5 7 8 0 4 1 6  *Graceful*
[00004331] 6 | _ _ _ _ 8 0 6 1 _ 
[00004332] 5 | 2 7 _ _ 8 0 6 1 _ 
[00004333] 4 | 2 7 3 _ 8 0 6 1 _ 
[00004334] 3 | 2 7 3 _ 8 0 6 1 4 
[00004335] 2 | 2 7 3 5 8 0 6 1 4 
[00004336] 1 | 2 7 3 5 8 0 6 1 4  *Graceful*
[00004336] 4 | 2 7 _ _ 8 0 6 1 5 
[00004337] 3 | 2 7 4 _ 8 0 6 1 5 
[00004338] 5 | 7 2 _ _ 8 0 6 1 _ 
[00004339] 5 | _ 2 7 _ 8 0 6 1 _ 
[00004340] 5 | _ 7 2 _ 8 0 6 1 _ 
[00004341] 4 | 3 7 2 _ 8 0 6 1 _ 
[00004342] 3 | 3 7 2 5 8 0 6 1 _ 
[00004343] 3 | 3 7 2 _ 8 0 6 1 4 
[00004344] 4 | _ 7 2 _ 8 0 6 1 5 
[00004345] 3 | 4 7 2 _ 8 0 6 1 5 
[00004346] 5 | _ _ 2 7 8 0 6 1 _ 
[00004347] 4 | _ 4 2 7 8 0 6 1 _ 
[00004348] 3 | 1 4 2 7 8 0 6 1 _ 
[00004349] 3 | _ 4 2 7 8 0 6 1 4 
[00004350] 4 | _ _ 2 7 8 0 6 1 5 
