[00003874] 5 | 6 1 _ _ 0 8 2 7 _ 
[00003875] 4 | 6 1 5 _ 0 8 2 7 _ 
[00003876] 3 | 6 1 5 _ 0 8 2 7 4 
[00003877] 2 | 6 1 5 3 0 8 2 7 4 
[00003878] 1 | 6 1 5 3 0 8 2 7 4  *Graceful*
[00003878] 4 | 6 1 _ _ 0 8 2 7 3 
[00003879] 3 | 6 1 4 _ 0 8 2 7 3 
[00003880] 5 | _ 1 6 _ 0 8 2 7 _ 
[00003881] 4 | 5 1 6 _ 0 8 2 7 _ 
[00003882] 3 | 5 1 6 3 0 8 2 7 _ 
[00003883] 3 | 5 1 6 _ 0 8 2 7 4 
[00003884] 4 | _ 1 6 _ 0 8 2 7 3 
[00003885] 3 | 4 1 6 _ 0 8 2 7 3 
[00003886] 5 | _ 6 1 _ 0 8 2 7 _ 
[00003887] 5 | _ _ 1 6 0 8 2 7 _ 
[00003888] 4 | _ 5 1 6 0 8 2 7 _ 
[00003889] 4 | _ 4 1 6 0 8 2 7 _ 
[00003890] 3 | 7 4 1 6 0 8 2 7 _ 
[00003891] 3 | _ 4 1 6 0 8 2 7 4 
[00003892] 4 | _ _ 1 6 0 8 2 7 3 
[00003893] 3 | _ 4 1 6 0 8 2 7 3 
[00003894] 5 | _ _ 6 1 0 8 2 7 _ 
[00003895] 4 | _ 4 6 1 0 8 2 7 _ 
[00003896] 3 | 7 4 6 1 0 8 2 7 _ 
[00003897] 3 | _ 4 6 1 0 8 2 7 4 
[00003898] 4 | _ _ 6 1 0 8 2 7 3 
[00003899] 5 | _ 5 _ _ 0 8 2 7 _ 
[00003900] 4 | 1 5 _ _ 0 8 2 7 _ 
[00003901] 3 | 1 5 3 6 0 8 2 7 _ 
[00003902] 3 | 1 5 6 3 0 8 2 7 _ 
[00003903] 3 | 1 5 _ _ 0 8 2 7 4 
[00003904] 2 | 1 5 3 _ 0 8 2 7 4 
[00003905] 4 | _ 5 1 _ 0 8 2 7 _ 
[00003906] 3 | _ 5 1 4 0 8 2 7 _ 
[00003907] 2 | 3 5 1 4 0 8 2 7 _ 
[00003908] 1 | 3 5 1 4 0 8 2 7 6  *Graceful*
[00003908] 2 | 7 5 1 4 0 8 2 7 _ 
[00003909] 2 | _ 5 1 4 0 8 2 7 5 
[00003910] 3 | _ 5 1 _ 0 8 2 7 4 
[00003911] 2 | 3 5 1 _ 0 8 2 7 4 
[00003912] 2 | _ 5 1 3 0 8 2 7 4 
[00003913] 1 | 6 5 1 3 0 8 2 7 4  *Graceful*
[00003913] 4 | _ 5 _ _ 0 8 2 7 3 
[00003914] 3 | _ 5 1 4 0 8 2 7 3 
[00003915] 3 | _ 5 4 1 0 8 2 7 3 
[00003916] 6 | _ _ _ _ 0 8 _ 7 1 
[00003917] 5 | _ 5 _ _ 0 8 _ 7 1 
[00003918] 4 | _ 5 2 6 0 8 _ 7 1 
[00003919] 3 | 8 5 2 6 0 8 _ 7 1 
[00003920] 3 | _ 5 2 6 0 8 5 7 1 
