[00005109] 2 | 6 1 7 5 8 5 _ 0 4 
[00005110] 2 | 6 1 7 _ 8 5 3 0 4 
[00005111] 2 | 6 1 7 _ 8 5 7 0 4 
[00005112] 3 | 6 1 7 _ 8 2 5 0 4 
[00005113] 3 | 6 1 7 _ 8 5 2 0 4 
[00005114] 5 | _ 1 7 2 8 _ _ 0 _ 
[00005115] 4 | 5 1 7 2 8 _ _ 0 _ 
[00005116] 3 | 5 1 7 2 8 3 6 0 _ 
[00005117] 3 | 5 1 7 2 8 6 3 0 _ 
[00005118] 3 | 5 1 7 2 8 _ _ 0 3 
[00005119] 2 | 5 1 7 2 8 6 _ 0 3 
[00005120] 2 | 5 1 7 2 8 4 6 0 3 
[00005121] 2 | 5 1 7 2 8 6 4 0 3 
[00005122] 4 | _ 1 7 2 8 4 _ 0 _ 
[00005123] 3 | 4 1 7 2 8 4 _ 0 _ 
[00005124] 3 | _ 1 7 2 8 4 1 0 _ 
[00005125] 3 | _ 1 7 2 8 4 _ 0 3 
[00005126] 2 | _ 1 7 2 8 4 6 0 3 
[00005127] 4 | _ 1 7 2 8 _ _ 0 4 
[00005128] 3 | _ 1 7 2 8 5 _ 0 4 
[00005129] 2 | 3 1 7 2 8 5 _ 0 4 
[00005130] 1 | 3 1 7 2 8 5 6 0 4  *Graceful*
[00005130] 2 | _ 1 7 2 8 5 3 0 4 
[00005131] 3 | _ 1 7 2 8 3 6 0 4 
[00005132] 3 | _ 1 7 2 8 6 3 0 4 
[00005133] 5 | _ 1 7 _ 8 3 _ 0 _ 
[00005134] 4 | 5 1 7 _ 8 3 _ 0 _ 
[00005135] 3 | 5 1 7 4 8 3 _ 0 _ 
[00005136] 2 | 5 1 7 4 8 3 _ 0 2 
[00005137] 3 | 5 1 7 _ 8 3 0 0 _ 
[00005138] 3 | 5 1 7 _ 8 3 6 0 _ 
[00005139] 2 | 5 1 7 _ 8 3 6 0 2 
[00005140] 3 | 5 1 7 _ 8 3 _ 0 3 
[00005141] 4 | _ 1 7 3 8 3 _ 0 _ 
[00005142] 3 | 4 1 7 3 8 3 _ 0 _ 
[00005143] 2 | 4 1 7 3 8 3 _ 0 2 
[00005144] 4 | _ 1 7 _ 8 3 7 0 _ 
[00005145] 3 | 4 1 7 _ 8 3 7 0 _ 
[00005146] 2 | 4 1 7 _ 8 3 7 0 2 
[00005147] 4 | _ 1 7 _ 8 3 _ 0 4 
[00005148] 3 | _ 1 7 _ 8 3 6 0 4 
[00005149] 2 | _ 1 7 5 8 3 6 0 4 
[00005150] 1 | 2 1 7 5 8 3 6 0 4  *Graceful*
[00005150] 5 | _ 1 7 _ 8 _ _ 0 5 
[00005151] 4 | _ 1 7 3 8 _ _ 0 5 
[00005152] 3 | 4 1 7 3 8 _ _ 0 5 
[00005153] 2 | 4 1 7 3 8 6 _ 0 5 
[00005154] 4 | _ 1 7 _ 8 4 _ 0 5 
[00005155] 3 | 4 1 7 _ 8 4 _ 0 5 
[00005156] 3 | _ 1 7 4 8 4 _ 0 5 
