[00004681] 3 | 3 7 1 _ 0 5 _ 8 5 
[00004682] 4 | _ 7 1 5 0 5 _ 8 _ 
[00004683] 3 | 4 7 1 5 0 5 _ 8 _ 
[00004684] 2 | 4 7 1 5 0 5 _ 8 6 
[00004685] 4 | _ 7 1 _ 0 5 1 8 _ 
[00004686] 3 | 4 7 1 _ 0 5 1 8 _ 
[00004687] 2 | 4 7 1 _ 0 5 1 8 6 
[00004688] 4 | _ 7 1 _ 0 5 _ 8 4 
[00004689] 3 | _ 7 1 _ 0 5 2 8 4 
[00004690] 2 | _ 7 1 3 0 5 2 8 4 
[00004691] 1 | 6 7 1 3 0 5 2 8 4  *Graceful*
[00004691] 5 | _ 7 1 _ 0 _ _ 8 3 
[00004692] 4 | _ 7 1 5 0 _ _ 8 3 
[00004693] 3 | 4 7 1 5 0 _ _ 8 3 
[00004694] 2 | 4 7 1 5 0 2 _ 8 3 
[00004695] 4 | _ 7 1 _ 0 4 _ 8 3 
[00004696] 3 | 4 7 1 _ 0 4 _ 8 3 
[00004697] 3 | _ 7 1 4 0 4 _ 8 3 
[00004698] 2 | 5 7 1 4 0 4 _ 8 3 
[00004699] 3 | _ 7 1 _ 0 4 1 8 3 
[00004700] 2 | 5 7 1 _ 0 4 1 8 3 
[00004701] 3 | _ 7 1 _ 0 4 7 8 3 
[00004702] 4 | _ 7 1 _ 0 2 6 8 3 
[00004703] 3 | 4 7 1 _ 0 2 6 8 3 
[00004704] 3 | _ 7 1 4 0 2 6 8 3 
[00004705] 2 | 5 7 1 4 0 2 6 8 3 
[00004706] 4 | _ 7 1 _ 0 6 2 8 3 
[00004707] 3 | 4 7 1 _ 0 6 2 8 3 
[00004708] 3 | _ 7 1 4 0 6 2 8 3 
[00004709] 2 | 5 7 1 4 0 6 2 8 3 
[00004710] 6 | _ 7 _ _ 0 6 _ 8 _ 
[00004711] 5 | 2 7 _ _ 0 6 _ 8 _ 
[00004712] 4 | 2 7 3 _ 0 6 _ 8 _ 
[00004713] 3 | 2 7 3 6 0 6 _ 8 _ 
[00004714] 3 | 2 7 3 _ 0 6 3 8 _ 
[00004715] 3 | 2 7 3 _ 0 6 _ 8 5 
[00004716] 2 | 2 7 3 1 0 6 _ 8 5 
[00004717] 2 | 2 7 3 _ 0 6 4 8 5 
[00004718] 4 | 2 7 1 5 0 6 _ 8 _ 
[00004719] 3 | 2 7 1 5 0 6 3 8 _ 
[00004720] 4 | 2 7 5 1 0 6 _ 8 _ 
[00004721] 3 | 2 7 5 1 0 6 3 8 _ 
[00004722] 4 | 2 7 _ _ 0 6 _ 8 4 
[00004723] 3 | 2 7 _ _ 0 6 3 8 4 
[00004724] 2 | 2 7 5 _ 0 6 3 8 4 
[00004725] 5 | _ 7 2 _ 0 6 _ 8 _ 
[00004726] 4 | 3 7 2 _ 0 6 _ 8 _ 
[00004727] 3 | 3 7 2 5 0 6 _ 8 _ 
[00004728] 2 | 3 7 2 5 0 6 4 8 _ 
[00004729] 2 | 3 7 2 5 0 6 8 8 _ 
