[00003201] 2 | 2 8 3 6 0 4 _ 7 5 
[00003202] 3 | 2 8 3 _ 0 4 1 7 _ 
[00003203] 2 | 2 8 3 5 0 4 1 7 _ 
[00003204] 1 | 2 8 3 5 0 4 1 7 6  *Graceful*
[00003204] 2 | 2 8 3 _ 0 4 1 7 5 
[00003205] 3 | 2 8 3 _ 0 4 7 7 _ 
[00003206] 2 | 2 8 3 1 0 4 7 7 _ 
[00003207] 2 | 2 8 3 5 0 4 7 7 _ 
[00003208] 3 | 2 8 3 _ 0 4 _ 7 4 
[00003209] 2 | 2 8 3 1 0 4 _ 7 4 
[00003210] 2 | 2 8 3 5 0 4 _ 7 4 
[00003211] 4 | 2 8 3 _ 0 1 5 7 _ 
[00003212] 3 | 2 8 3 6 0 1 5 7 _ 
[00003213] 3 | 2 8 3 _ 0 1 5 7 4 
[00003214] 4 | 2 8 3 _ 0 5 1 7 _ 
[00003215] 3 | 2 8 3 6 0 5 1 7 _ 
[00003216] 3 | 2 8 3 _ 0 5 1 7 4 
[00003217] 4 | 2 8 3 _ 0 _ _ 7 3 
[00003218] 3 | 2 8 3 _ 0 1 4 7 3 
[00003219] 3 | 2 8 3 _ 0 4 1 7 3 
[00003220] 5 | 2 8 1 6 0 _ _ 7 _ 
[00003221] 4 | 2 8 1 6 0 4 _ 7 _ 
[00003222] 3 | 2 8 1 6 0 4 7 7 _ 
[00003223] 3 | 2 8 1 6 0 4 _ 7 4 
[00003224] 4 | 2 8 1 6 0 _ _ 7 3 
[00003225] 5 | 2 8 6 1 0 _ _ 7 _ 
[00003226] 4 | 2 8 6 1 0 4 _ 7 _ 
[00003227] 3 | 2 8 6 1 0 4 7 7 _ 
[00003228] 3 | 2 8 6 1 0 4 _ 7 4 
[00003229] 4 | 2 8 6 1 0 _ _ 7 3 
[00003230] 5 | 2 8 _ _ 0 5 _ 7 _ 
[00003231] 4 | 2 8 4 _ 0 5 _ 7 _ 
[00003232] 3 | 2 8 4 1 0 5 _ 7 _ 
[00003233] 2 | 2 8 4 1 0 5 3 7 _ 
[00003234] 1 | 2 8 4 1 0 5 3 7 6  *Graceful*
[00003234] 2 | 2 8 4 1 0 5 7 7 _ 
[00003235] 2 | 2 8 4 1 0 5 _ 7 5 
[00003236] 3 | 2 8 4 7 0 5 _ 7 _ 
[00003237] 2 | 2 8 4 7 0 5 3 7 _ 
[00003238] 3 | 2 8 4 _ 0 5 _ 7 4 
[00003239] 2 | 2 8 4 _ 0 5 3 7 4 
[00003240] 4 | 2 8 _ _ 0 5 1 7 _ 
[00003241] 3 | 2 8 3 6 0 5 1 7 _ 
[00003242] 3 | 2 8 6 3 0 5 1 7 _ 
[00003243] 3 | 2 8 _ _ 0 5 1 7 4 
[00003244] 2 | 2 8 6 _ 0 5 1 7 4 
[00003245] 4 | 2 8 _ _ 0 5 _ 7 3 
[00003246] 3 | 2 8 5 _ 0 5 _ 7 3 
[00003247] 3 | 2 8 1 4 0 5 _ 7 3 
[00003248] 3 | 2 8 4 1 0 5 _ 7 3 
