[00002716] 4 | _ 8 1 7 0 5 _ 4 _ 
[00002717] 3 | 5 8 1 7 0 5 _ 4 _ 
[00002718] 2 | 5 8 1 7 0 5 _ 4 2 
[00002719] 2 | 5 8 1 7 0 5 _ 4 6 
[00002720] 3 | _ 8 1 7 0 5 2 4 _ 
[00002721] 2 | 6 8 1 7 0 5 2 4 _ 
[00002722] 1 | 6 8 1 7 0 5 2 4 3  *Graceful*
[00002722] 2 | _ 8 1 7 0 5 2 4 6 
[00002723] 3 | _ 8 1 7 0 5 8 4 _ 
[00002724] 2 | _ 8 1 7 0 5 8 4 2 
[00002725] 2 | _ 8 1 7 0 5 8 4 6 
[00002726] 4 | _ 8 1 7 0 5 _ 2 6 
[00002727] 3 | 5 8 1 7 0 5 _ 2 6 
[00002728] 3 | _ 8 1 7 0 5 8 2 6 
[00002729] 4 | _ 8 1 7 0 5 _ 6 2 
[00002730] 3 | 5 8 1 7 0 5 _ 6 2 
[00002731] 3 | _ 8 1 7 0 5 8 6 2 
[00002732] 5 | _ 8 1 7 0 _ _ 5 _ 
[00002733] 4 | 4 8 1 7 0 _ _ 5 _ 
[00002734] 3 | 4 8 1 7 0 3 _ 5 _ 
[00002735] 2 | 4 8 1 7 0 3 5 5 _ 
[00002736] 2 | 4 8 1 7 0 3 _ 5 3 
[00002737] 3 | 4 8 1 7 0 3 6 5 _ 
[00002738] 3 | 4 8 1 7 0 6 3 5 _ 
[00002739] 3 | 4 8 1 7 0 _ _ 5 2 
[00002740] 4 | _ 8 1 7 0 4 _ 5 _ 
[00002741] 3 | 5 8 1 7 0 4 _ 5 _ 
[00002742] 2 | 5 8 1 7 0 4 2 5 _ 
[00002743] 2 | 5 8 1 7 0 4 6 5 _ 
[00002744] 3 | _ 8 1 7 0 4 _ 5 2 
[00002745] 2 | 6 8 1 7 0 4 _ 5 2 
[00002746] 1 | 6 8 1 7 0 4 3 5 2  *Graceful*
[00002746] 2 | _ 8 1 7 0 4 6 5 2 
[00002747] 3 | _ 8 1 7 0 4 _ 5 8 
[00002748] 2 | _ 8 1 7 0 4 2 5 8 
[00002749] 2 | _ 8 1 7 0 4 6 5 8 
[00002750] 4 | _ 8 1 7 0 2 6 5 _ 
[00002751] 3 | 5 8 1 7 0 2 6 5 _ 
[00002752] 3 | _ 8 1 7 0 2 6 5 8 
[00002753] 4 | _ 8 1 7 0 6 2 5 _ 
[00002754] 3 | 5 8 1 7 0 6 2 5 _ 
[00002755] 3 | _ 8 1 7 0 6 2 5 8 
[00002756] 6 | _ 8 1 _ 0 6 _ _ _ 
[00002757] 5 | 3 8 1 _ 0 6 _ _ _ 
[00002758] 4 | 3 8 1 5 0 6 _ _ _ 
[00002759] 3 | 3 8 1 5 0 6 _ 4 7 
[00002760] 3 | 3 8 1 5 0 6 _ 7 4 
[00002761] 4 | 3 8 1 _ 0 6 2 _ _ 
[00002762] 3 | 3 8 1 4 0 6 2 _ _ 
[00002763] 2 | 3 8 1 4 0 6 2 5 7 
