[00001076] 3 | 5 8 0 6 1 7 2 5 _ 
[00001077] 3 | _ 8 0 6 1 7 2 5 8 
[00001078] 5 | _ 8 0 6 1 _ _ 2 7 
[00001079] 4 | 4 8 0 6 1 _ _ 2 7 
[00001080] 4 | _ 8 0 6 1 5 _ 2 7 
[00001081] 3 | 5 8 0 6 1 5 _ 2 7 
[00001082] 3 | _ 8 0 6 1 5 8 2 7 
[00001083] 5 | _ 8 0 6 1 _ _ 7 2 
[00001084] 4 | 4 8 0 6 1 _ _ 7 2 
[00001085] 4 | _ 8 0 6 1 5 _ 7 2 
[00001086] 3 | 5 8 0 6 1 5 _ 7 2 
[00001087] 3 | _ 8 0 6 1 5 8 7 2 
[00001088] 6 | _ 8 0 _ 1 7 _ _ _ 
[00001089] 5 | 3 8 0 _ 1 7 _ _ _ 
[00001090] 4 | 3 8 0 4 1 7 _ _ _ 
[00001091] 3 | 3 8 0 4 1 7 _ 2 5 
[00001092] 3 | 3 8 0 4 1 7 _ 5 2 
[00001093] 4 | 3 8 0 _ 1 7 _ 5 _ 
[00001094] 3 | 3 8 0 _ 1 7 4 5 _ 
[00001095] 2 | 3 8 0 2 1 7 4 5 _ 
[00001096] 1 | 3 8 0 2 1 7 4 5 6  *Graceful*
[00001096] 3 | 3 8 0 _ 1 7 _ 5 2 
[00001097] 4 | 3 8 0 _ 1 7 _ 2 6 
[00001098] 3 | 3 8 0 _ 1 7 4 2 6 
[00001099] 4 | 3 8 0 _ 1 7 _ 6 2 
[00001100] 3 | 3 8 0 _ 1 7 4 6 2 
[00001101] 5 | _ 8 0 5 1 7 _ _ _ 
[00001102] 4 | 4 8 0 5 1 7 _ _ _ 
[00001103] 3 | 4 8 0 5 1 7 _ 3 6 
[00001104] 3 | 4 8 0 5 1 7 _ 6 3 
[00001105] 4 | _ 8 0 5 1 7 3 _ _ 
[00001106] 3 | _ 8 0 5 1 7 3 4 _ 
[00001107] 2 | 6 8 0 5 1 7 3 4 _ 
[00001108] 2 | _ 8 0 5 1 7 3 4 2 
[00001109] 2 | _ 8 0 5 1 7 3 4 6 
[00001110] 4 | _ 8 0 5 1 7 _ 2 6 
[00001111] 3 | _ 8 0 5 1 7 4 2 6 
[00001112] 4 | _ 8 0 5 1 7 _ 6 2 
[00001113] 3 | _ 8 0 5 1 7 4 6 2 
[00001114] 5 | _ 8 0 _ 1 7 2 _ _ 
[00001115] 4 | 4 8 0 _ 1 7 2 _ _ 
[00001116] 3 | 4 8 0 3 1 7 2 _ _ 
[00001117] 3 | 4 8 0 _ 1 7 2 3 6 
[00001118] 3 | 4 8 0 _ 1 7 2 6 3 
[00001119] 4 | _ 8 0 4 1 7 2 _ _ 
[00001120] 3 | 5 8 0 4 1 7 2 _ _ 
[00001121] 2 | 5 8 0 4 1 7 2 3 _ 
[00001122] 3 | _ 8 0 4 1 7 2 3 6 
[00001123] 3 | _ 8 0 4 1 7 2 6 3 
[00001124] 4 | _ 8 0 _ 1 7 2 5 _ 
