[00003493] 3 | 1 7 2 6 0 8 5 _ _ 
[00003494] 3 | 1 7 2 6 0 8 _ 3 _ 
[00003495] 2 | 1 7 2 6 0 8 _ 3 5 
[00003496] 4 | 1 7 2 _ 0 8 4 _ _ 
[00003497] 3 | 1 7 2 5 0 8 4 _ _ 
[00003498] 3 | 1 7 2 _ 0 8 4 3 _ 
[00003499] 2 | 1 7 2 _ 0 8 4 3 5 
[00003500] 3 | 1 7 2 _ 0 8 4 3 6 
[00003501] 3 | 1 7 2 _ 0 8 4 6 3 
[00003502] 4 | 1 7 2 _ 0 8 _ 4 _ 
[00003503] 3 | 1 7 2 5 0 8 _ 4 _ 
[00003504] 2 | 1 7 2 5 0 8 6 4 _ 
[00003505] 1 | 1 7 2 5 0 8 6 4 3  *Graceful*
[00003505] 2 | 1 7 2 5 0 8 _ 4 6 
[00003506] 3 | 1 7 2 _ 0 8 5 4 _ 
[00003507] 2 | 1 7 2 4 0 8 5 4 _ 
[00003508] 2 | 1 7 2 _ 0 8 5 4 2 
[00003509] 2 | 1 7 2 _ 0 8 5 4 6 
[00003510] 1 | 1 7 2 3 0 8 5 4 6  *Graceful*
[00003510] 5 | 1 7 _ _ 0 8 3 _ _ 
[00003511] 4 | 1 7 2 6 0 8 3 _ _ 
[00003512] 4 | 1 7 6 2 0 8 3 _ _ 
[00003513] 4 | 1 7 _ _ 0 8 3 4 _ 
[00003514] 3 | 1 7 4 _ 0 8 3 4 _ 
[00003515] 2 | 1 7 4 2 0 8 3 4 _ 
[00003516] 2 | 1 7 4 6 0 8 3 4 _ 
[00003517] 2 | 1 7 4 _ 0 8 3 4 2 
[00003518] 2 | 1 7 4 _ 0 8 3 4 6 
[00003519] 3 | 1 7 2 5 0 8 3 4 _ 
[00003520] 2 | 1 7 2 5 0 8 3 4 6 
[00003521] 3 | 1 7 5 2 0 8 3 4 _ 
[00003522] 2 | 1 7 5 2 0 8 3 4 6 
[00003523] 3 | 1 7 _ _ 0 8 3 4 7 
[00003524] 4 | 1 7 _ _ 0 8 3 2 6 
[00003525] 3 | 1 7 4 _ 0 8 3 2 6 
[00003526] 4 | 1 7 _ _ 0 8 3 6 2 
[00003527] 3 | 1 7 4 _ 0 8 3 6 2 
[00003528] 5 | 1 7 _ _ 0 8 _ 5 _ 
[00003529] 4 | 1 7 3 _ 0 8 _ 5 _ 
[00003530] 3 | 1 7 3 6 0 8 _ 5 _ 
[00003531] 3 | 1 7 3 _ 0 8 5 5 _ 
[00003532] 3 | 1 7 3 _ 0 8 _ 5 2 
[00003533] 2 | 1 7 3 _ 0 8 6 5 2 
[00003534] 1 | 1 7 3 4 0 8 6 5 2  *Graceful*
[00003534] 3 | 1 7 3 _ 0 8 _ 5 8 
[00003535] 4 | 1 7 2 6 0 8 _ 5 _ 
[00003536] 3 | 1 7 2 6 0 8 5 5 _ 
[00003537] 3 | 1 7 2 6 0 8 _ 5 8 
[00003538] 4 | 1 7 6 2 0 8 _ 5 _ 
[00003539] 3 | 1 7 6 2 0 8 5 5 _ 
