[00003054] 3 | 3 8 4 _ 0 7 1 2 5 
[00003055] 2 | 3 8 4 6 0 7 1 2 5 
[00003056] 3 | 3 8 4 _ 0 7 1 5 2 
[00003057] 2 | 3 8 4 6 0 7 1 5 2 
[00003058] 4 | 3 8 2 6 0 7 1 _ _ 
[00003059] 4 | 3 8 6 2 0 7 1 _ _ 
[00003060] 4 | 3 8 _ _ 0 7 1 4 _ 
[00003061] 3 | 3 8 5 _ 0 7 1 4 _ 
[00003062] 2 | 3 8 5 _ 0 7 1 4 2 
[00003063] 1 | 3 8 5 6 0 7 1 4 2  *Graceful*
[00003063] 2 | 3 8 5 _ 0 7 1 4 6 
[00003064] 3 | 3 8 2 5 0 7 1 4 _ 
[00003065] 2 | 3 8 2 5 0 7 1 4 6 
[00003066] 3 | 3 8 5 2 0 7 1 4 _ 
[00003067] 2 | 3 8 5 2 0 7 1 4 6 
[00003068] 4 | 3 8 _ _ 0 7 1 2 6 
[00003069] 3 | 3 8 5 _ 0 7 1 2 6 
[00003070] 4 | 3 8 _ _ 0 7 1 6 2 
[00003071] 3 | 3 8 5 _ 0 7 1 6 2 
[00003072] 5 | _ 8 3 _ 0 7 1 _ _ 
[00003073] 4 | 4 8 3 _ 0 7 1 _ _ 
[00003074] 3 | 4 8 3 0 0 7 1 _ _ 
[00003075] 3 | 4 8 3 6 0 7 1 _ _ 
[00003076] 2 | 4 8 3 6 0 7 1 2 _ 
[00003077] 3 | 4 8 3 _ 0 7 1 3 _ 
[00003078] 2 | 4 8 3 5 0 7 1 3 _ 
[00003079] 2 | 4 8 3 _ 0 7 1 3 5 
[00003080] 3 | 4 8 3 _ 0 7 1 2 5 
[00003081] 3 | 4 8 3 _ 0 7 1 5 2 
[00003082] 4 | _ 8 3 _ 0 7 1 4 _ 
[00003083] 3 | 5 8 3 _ 0 7 1 4 _ 
[00003084] 2 | 5 8 3 _ 0 7 1 4 2 
[00003085] 2 | 5 8 3 _ 0 7 1 4 6 
[00003086] 1 | 5 8 3 2 0 7 1 4 6  *Graceful*
[00003086] 3 | _ 8 3 6 0 7 1 4 _ 
[00003087] 2 | _ 8 3 6 0 7 1 4 2 
[00003088] 4 | _ 8 3 _ 0 7 1 2 6 
[00003089] 3 | 5 8 3 _ 0 7 1 2 6 
[00003090] 4 | _ 8 3 _ 0 7 1 6 2 
[00003091] 3 | 5 8 3 _ 0 7 1 6 2 
[00003092] 5 | _ 8 _ _ 0 7 1 5 _ 
[00003093] 4 | 4 8 _ _ 0 7 1 5 _ 
[00003094] 3 | 4 8 5 _ 0 7 1 5 _ 
[00003095] 2 | 4 8 5 3 0 7 1 5 _ 
[00003096] 2 | 4 8 5 _ 0 7 1 5 3 
[00003097] 3 | 4 8 3 6 0 7 1 5 _ 
[00003098] 3 | 4 8 6 3 0 7 1 5 _ 
[00003099] 3 | 4 8 _ _ 0 7 1 5 2 
[00003100] 2 | 4 8 6 _ 0 7 1 5 2 
[00003101] 3 | 4 8 _ _ 0 7 1 5 8 
