[00000443] 2 | 8 0 5 3 7 2 6 1 4 
[00000444] 4 | 8 0 5 _ 7 6 2 1 _ 
[00000445] 3 | 8 0 5 _ 7 6 2 1 4 
[00000446] 2 | 8 0 5 3 7 6 2 1 4 
[00000447] 1 | 8 0 5 3 7 6 2 1 4  *Graceful*
[00000447] 4 | 8 0 5 _ 7 _ _ 1 5 
[00000448] 3 | 8 0 5 _ 7 4 _ 1 5 
[00000449] 2 | 8 0 5 _ 7 4 2 1 5 
[00000450] 2 | 8 0 5 _ 7 4 6 1 5 
[00000451] 3 | 8 0 5 _ 7 3 6 1 5 
[00000452] 3 | 8 0 5 _ 7 6 3 1 5 
[00000453] 5 | 8 0 _ _ 7 2 _ 1 _ 
[00000454] 4 | 8 0 4 _ 7 2 _ 1 _ 
[00000455] 3 | 8 0 4 1 7 2 _ 1 _ 
[00000456] 3 | 8 0 4 _ 7 2 5 1 _ 
[00000457] 2 | 8 0 4 6 7 2 5 1 _ 
[00000458] 2 | 8 0 4 _ 7 2 5 1 3 
[00000459] 3 | 8 0 4 _ 7 2 _ 1 4 
[00000460] 4 | 8 0 _ _ 7 2 6 1 _ 
[00000461] 3 | 8 0 3 _ 7 2 6 1 _ 
[00000462] 2 | 8 0 3 1 7 2 6 1 _ 
[00000463] 2 | 8 0 3 5 7 2 6 1 _ 
[00000464] 2 | 8 0 3 _ 7 2 6 1 3 
[00000465] 3 | 8 0 _ _ 7 2 6 1 4 
[00000466] 2 | 8 0 3 5 7 2 6 1 4 
[00000467] 2 | 8 0 5 3 7 2 6 1 4 
[00000468] 4 | 8 0 _ _ 7 2 _ 1 5 
[00000469] 3 | 8 0 3 _ 7 2 _ 1 5 
[00000470] 2 | 8 0 3 _ 7 2 4 1 5 
[00000471] 3 | 8 0 3 6 7 2 _ 1 5 
[00000472] 2 | 8 0 3 6 7 2 4 1 5 
[00000473] 3 | 8 0 6 3 7 2 _ 1 5 
[00000474] 2 | 8 0 6 3 7 2 4 1 5 
[00000475] 5 | 8 0 _ _ 7 _ _ 1 6 
[00000476] 4 | 8 0 4 _ 7 _ _ 1 6 
[00000477] 3 | 8 0 4 7 7 _ _ 1 6 
[00000478] 2 | 8 0 4 7 7 3 5 1 6 
[00000479] 2 | 8 0 4 7 7 5 3 1 6 
[00000480] 3 | 8 0 4 _ 7 4 _ 1 6 
[00000481] 2 | 8 0 4 2 7 4 _ 1 6 
[00000482] 2 | 8 0 4 _ 7 4 2 1 6 
[00000483] 3 | 8 0 4 _ 7 2 5 1 6 
[00000484] 3 | 8 0 4 _ 7 5 2 1 6 
[00000485] 4 | 8 0 _ _ 7 3 _ 1 6 
[00000486] 3 | 8 0 3 _ 7 3 _ 1 6 
[00000487] 2 | 8 0 3 5 7 3 _ 1 6 
[00000488] 2 | 8 0 3 _ 7 3 5 1 6 
[00000489] 3 | 8 0 2 5 7 3 _ 1 6 
[00000490] 3 | 8 0 5 2 7 3 _ 1 6 
[00000491] 3 | 8 0 _ _ 7 3 0 1 6 
