[00002861] 2 | 4 8 1 _ 0 5 7 6 3 
[00002862] 1 | 4 8 1 2 0 5 7 6 3  *Graceful*
[00002862] 4 | _ 8 1 5 0 5 _ 6 _ 
[00002863] 3 | _ 8 1 5 0 5 _ 6 3 
[00002864] 4 | _ 8 1 _ 0 5 1 6 _ 
[00002865] 3 | _ 8 1 _ 0 5 1 6 3 
[00002866] 4 | _ 8 1 _ 0 5 _ 6 2 
[00002867] 3 | 5 8 1 _ 0 5 _ 6 2 
[00002868] 2 | 5 8 1 3 0 5 _ 6 2 
[00002869] 3 | _ 8 1 4 0 5 _ 6 2 
[00002870] 2 | _ 8 1 4 0 5 3 6 2 
[00002871] 1 | 7 8 1 4 0 5 3 6 2  *Graceful*
[00002871] 2 | _ 8 1 4 0 5 7 6 2 
[00002872] 3 | _ 8 1 _ 0 5 8 6 2 
[00002873] 2 | _ 8 1 3 0 5 8 6 2 
[00002874] 5 | _ 8 1 _ 0 2 7 6 _ 
[00002875] 4 | 4 8 1 _ 0 2 7 6 _ 
[00002876] 3 | 4 8 1 _ 0 2 7 6 3 
[00002877] 4 | _ 8 1 5 0 2 7 6 _ 
[00002878] 3 | _ 8 1 5 0 2 7 6 3 
[00002879] 5 | _ 8 1 _ 0 7 2 6 _ 
[00002880] 4 | 4 8 1 _ 0 7 2 6 _ 
[00002881] 3 | 4 8 1 _ 0 7 2 6 3 
[00002882] 4 | _ 8 1 5 0 7 2 6 _ 
[00002883] 3 | _ 8 1 5 0 7 2 6 3 
[00002884] 5 | _ 8 1 _ 0 _ _ 6 1 
[00002885] 4 | 4 8 1 _ 0 _ _ 6 1 
[00002886] 3 | 4 8 1 _ 0 3 _ 6 1 
[00002887] 2 | 4 8 1 _ 0 3 5 6 1 
[00002888] 3 | 4 8 1 _ 0 2 5 6 1 
[00002889] 3 | 4 8 1 _ 0 5 2 6 1 
[00002890] 4 | _ 8 1 _ 0 4 _ 6 1 
[00002891] 3 | 5 8 1 _ 0 4 _ 6 1 
[00002892] 2 | 5 8 1 _ 0 4 2 6 1 
[00002893] 3 | _ 8 1 _ 0 4 7 6 1 
[00002894] 4 | _ 8 1 _ 0 3 7 6 1 
[00002895] 3 | 5 8 1 _ 0 3 7 6 1 
[00002896] 4 | _ 8 1 _ 0 7 3 6 1 
[00002897] 3 | 5 8 1 _ 0 7 3 6 1 
[00002898] 7 | _ 8 _ _ 0 7 _ _ _ 
[00002899] 6 | 2 8 _ _ 0 7 _ _ _ 
[00002900] 5 | 2 8 3 _ 0 7 _ _ _ 
[00002901] 4 | 2 8 3 7 0 7 _ _ _ 
[00002902] 3 | 2 8 3 7 0 7 _ 1 4 
[00002903] 3 | 2 8 3 7 0 7 _ 4 1 
[00002904] 4 | 2 8 3 _ 0 7 3 _ _ 
[00002905] 3 | 2 8 3 _ 0 7 3 1 4 
[00002906] 3 | 2 8 3 _ 0 7 3 4 1 
[00002907] 4 | 2 8 3 _ 0 7 _ 4 _ 
[00002908] 3 | 2 8 3 6 0 7 _ 4 _ 
