[00002376] 2 | 5 0 3 6 8 4 2 1 7 
[00002377] 3 | 5 0 6 3 8 4 _ 1 7 
[00002378] 2 | 5 0 6 3 8 4 2 1 7 
[00002379] 4 | 5 0 _ _ 8 2 6 1 7 
[00002380] 3 | 5 0 3 _ 8 2 6 1 7 
[00002381] 4 | 5 0 _ _ 8 6 2 1 7 
[00002382] 3 | 5 0 3 _ 8 6 2 1 7 
[00002383] 5 | _ 0 5 _ 8 _ _ 1 7 
[00002384] 4 | 4 0 5 _ 8 _ _ 1 7 
[00002385] 3 | 4 0 5 2 8 _ _ 1 7 
[00002386] 2 | 4 0 5 2 8 6 _ 1 7 
[00002387] 3 | 4 0 5 8 8 _ _ 1 7 
[00002388] 3 | 4 0 5 _ 8 5 _ 1 7 
[00002389] 2 | 4 0 5 3 8 5 _ 1 7 
[00002390] 2 | 4 0 5 _ 8 5 3 1 7 
[00002391] 3 | 4 0 5 _ 8 3 6 1 7 
[00002392] 3 | 4 0 5 _ 8 6 3 1 7 
[00002393] 4 | _ 0 5 _ 8 4 _ 1 7 
[00002394] 3 | 3 0 5 _ 8 4 _ 1 7 
[00002395] 2 | 3 0 5 _ 8 4 2 1 7 
[00002396] 1 | 3 0 5 6 8 4 2 1 7  *Graceful*
[00002396] 2 | 3 0 5 _ 8 4 6 1 7 
[00002397] 3 | _ 0 5 2 8 4 _ 1 7 
[00002398] 2 | _ 0 5 2 8 4 6 1 7 
[00002399] 4 | _ 0 5 _ 8 2 6 1 7 
[00002400] 3 | 3 0 5 _ 8 2 6 1 7 
[00002401] 4 | _ 0 5 _ 8 6 2 1 7 
[00002402] 3 | 3 0 5 _ 8 6 2 1 7 
[00002403] 5 | _ 0 _ _ 8 3 _ 1 7 
[00002404] 4 | 4 0 _ _ 8 3 _ 1 7 
[00002405] 3 | 4 0 3 _ 8 3 _ 1 7 
[00002406] 2 | 4 0 3 5 8 3 _ 1 7 
[00002407] 2 | 4 0 3 _ 8 3 5 1 7 
[00002408] 3 | 4 0 2 5 8 3 _ 1 7 
[00002409] 3 | 4 0 5 2 8 3 _ 1 7 
[00002410] 3 | 4 0 _ _ 8 3 0 1 7 
[00002411] 3 | 4 0 _ _ 8 3 6 1 7 
[00002412] 2 | 4 0 2 _ 8 3 6 1 7 
[00002413] 4 | _ 0 4 _ 8 3 _ 1 7 
[00002414] 3 | 3 0 4 _ 8 3 _ 1 7 
[00002415] 2 | 3 0 4 2 8 3 _ 1 7 
[00002416] 2 | 3 0 4 6 8 3 _ 1 7 
[00002417] 3 | _ 0 4 _ 8 3 0 1 7 
[00002418] 2 | _ 0 4 2 8 3 0 1 7 
[00002419] 2 | _ 0 4 6 8 3 0 1 7 
[00002420] 3 | _ 0 4 _ 8 3 6 1 7 
[00002421] 2 | 2 0 4 _ 8 3 6 1 7 
[00002422] 1 | 2 0 4 5 8 3 6 1 7  *Graceful*
[00002422] 2 | _ 0 4 2 8 3 6 1 7 
[00002423] 4 | _ 0 2 6 8 3 _ 1 7 
