[00004447] 1 | 5 1 4 6 7 0 8 2 3  *Graceful*
[00004447] 2 | 5 1 4 _ 7 0 8 2 4 
[00004448] 3 | 5 1 3 6 7 0 8 2 _ 
[00004449] 2 | 5 1 3 6 7 0 8 2 4 
[00004450] 3 | 5 1 6 3 7 0 8 2 _ 
[00004451] 2 | 5 1 6 3 7 0 8 2 4 
[00004452] 4 | _ 1 5 _ 7 0 8 2 _ 
[00004453] 3 | 4 1 5 _ 7 0 8 2 _ 
[00004454] 2 | 4 1 5 3 7 0 8 2 _ 
[00004455] 3 | _ 1 5 2 7 0 8 2 _ 
[00004456] 2 | 3 1 5 2 7 0 8 2 _ 
[00004457] 3 | _ 1 5 _ 7 0 8 2 5 
[00004458] 2 | 3 1 5 _ 7 0 8 2 5 
[00004459] 4 | _ 1 _ _ 7 0 8 2 6 
[00004460] 3 | 4 1 _ _ 7 0 8 2 6 
[00004461] 2 | 4 1 3 _ 7 0 8 2 6 
[00004462] 2 | 4 1 3 5 7 0 8 2 6 
[00004463] 2 | 4 1 5 3 7 0 8 2 6 
[00004464] 3 | _ 1 4 _ 7 0 8 2 6 
[00004465] 2 | 3 1 4 _ 7 0 8 2 6 
[00004466] 1 | 3 1 4 5 7 0 8 2 6  *Graceful*
[00004466] 6 | _ _ _ _ 7 0 8 1 _ 
[00004467] 5 | _ 2 _ _ 7 0 8 1 _ 
[00004468] 4 | 6 2 _ _ 7 0 8 1 _ 
[00004469] 3 | 6 2 5 _ 7 0 8 1 _ 
[00004470] 2 | 6 2 5 3 7 0 8 1 _ 
[00004471] 2 | 6 2 5 _ 7 0 8 1 3 
[00004472] 1 | 6 2 5 4 7 0 8 1 3  *Graceful*
[00004472] 3 | 6 2 _ _ 7 0 8 1 4 
[00004473] 2 | 6 2 3 5 7 0 8 1 4 
[00004474] 1 | 6 2 3 5 7 0 8 1 4  *Graceful*
[00004474] 2 | 6 2 5 3 7 0 8 1 4 
[00004475] 4 | _ 2 6 _ 7 0 8 1 _ 
[00004476] 3 | 5 2 6 _ 7 0 8 1 _ 
[00004477] 2 | 5 2 6 4 7 0 8 1 _ 
[00004478] 2 | 5 2 6 _ 7 0 8 1 3 
[00004479] 3 | _ 2 6 3 7 0 8 1 _ 
[00004480] 2 | 4 2 6 3 7 0 8 1 _ 
[00004481] 3 | _ 2 6 _ 7 0 8 1 4 
[00004482] 4 | _ 2 _ _ 7 0 8 1 5 
[00004483] 3 | _ 2 3 6 7 0 8 1 5 
[00004484] 2 | 4 2 3 6 7 0 8 1 5 
[00004485] 1 | 4 2 3 6 7 0 8 1 5  *Graceful*
[00004485] 3 | _ 2 6 3 7 0 8 1 5 
[00004486] 2 | 4 2 6 3 7 0 8 1 5 
[00004487] 5 | _ _ _ _ 7 0 8 1 6 
[00004488] 4 | _ 3 _ _ 7 0 8 1 6 
[00004489] 3 | _ 3 2 5 7 0 8 1 6 
[00004490] 3 | _ 3 5 2 7 0 8 1 6 
[00004491] 8 | _ _ _ _ _ 8 0 _ _ 
