[00005061] 3 | 7 1 5 _ 8 3 6 0 _ 
[00005062] 2 | 7 1 5 _ 8 3 6 0 2 
[00005063] 1 | 7 1 5 4 8 3 6 0 2  *Graceful*
[00005063] 3 | 7 1 5 _ 8 3 _ 0 3 
[00005064] 4 | 7 1 2 6 8 3 _ 0 _ 
[00005065] 3 | 7 1 2 6 8 3 0 0 _ 
[00005066] 3 | 7 1 2 6 8 3 _ 0 3 
[00005067] 4 | 7 1 6 2 8 3 _ 0 _ 
[00005068] 3 | 7 1 6 2 8 3 0 0 _ 
[00005069] 3 | 7 1 6 2 8 3 _ 0 3 
[00005070] 4 | 7 1 _ _ 8 3 _ 0 4 
[00005071] 3 | 7 1 2 5 8 3 _ 0 4 
[00005072] 3 | 7 1 5 2 8 3 _ 0 4 
[00005073] 3 | 7 1 _ _ 8 3 6 0 4 
[00005074] 5 | 7 1 _ _ 8 _ _ 0 5 
[00005075] 4 | 7 1 2 6 8 _ _ 0 5 
[00005076] 4 | 7 1 6 2 8 _ _ 0 5 
[00005077] 4 | 7 1 _ _ 8 4 _ 0 5 
[00005078] 3 | 7 1 4 _ 8 4 _ 0 5 
[00005079] 2 | 7 1 4 2 8 4 _ 0 5 
[00005080] 2 | 7 1 4 6 8 4 _ 0 5 
[00005081] 2 | 7 1 4 _ 8 4 2 0 5 
[00005082] 2 | 7 1 4 _ 8 4 6 0 5 
[00005083] 3 | 7 1 3 6 8 4 _ 0 5 
[00005084] 2 | 7 1 3 6 8 4 2 0 5 
[00005085] 3 | 7 1 6 3 8 4 _ 0 5 
[00005086] 2 | 7 1 6 3 8 4 2 0 5 
[00005087] 3 | 7 1 _ _ 8 4 1 0 5 
[00005088] 4 | 7 1 _ _ 8 2 6 0 5 
[00005089] 3 | 7 1 4 _ 8 2 6 0 5 
[00005090] 4 | 7 1 _ _ 8 6 2 0 5 
[00005091] 3 | 7 1 4 _ 8 6 2 0 5 
[00005092] 6 | _ 1 7 _ 8 _ _ 0 _ 
[00005093] 5 | 6 1 7 _ 8 _ _ 0 _ 
[00005094] 4 | 6 1 7 3 8 _ _ 0 _ 
[00005095] 3 | 6 1 7 3 8 5 _ 0 _ 
[00005096] 2 | 6 1 7 3 8 5 _ 0 2 
[00005097] 1 | 6 1 7 3 8 5 4 0 2  *Graceful*
[00005097] 3 | 6 1 7 3 8 2 5 0 _ 
[00005098] 3 | 6 1 7 3 8 5 2 0 _ 
[00005099] 4 | 6 1 7 _ 8 4 _ 0 _ 
[00005100] 3 | 6 1 7 4 8 4 _ 0 _ 
[00005101] 2 | 6 1 7 4 8 4 _ 0 2 
[00005102] 3 | 6 1 7 _ 8 4 7 0 _ 
[00005103] 2 | 6 1 7 _ 8 4 7 0 2 
[00005104] 3 | 6 1 7 _ 8 4 _ 0 3 
[00005105] 2 | 6 1 7 5 8 4 _ 0 3 
[00005106] 2 | 6 1 7 _ 8 4 2 0 3 
[00005107] 4 | 6 1 7 _ 8 _ _ 0 4 
[00005108] 3 | 6 1 7 _ 8 5 _ 0 4 
