[00002061] 5 | _ 7 2 _ 1 8 0 6 _ 
[00002062] 4 | 3 7 2 _ 1 8 0 6 _ 
[00002063] 3 | 3 7 2 5 1 8 0 6 _ 
[00002064] 3 | 3 7 2 4 1 8 0 6 _ 
[00002065] 4 | _ 7 2 6 1 8 0 6 _ 
[00002066] 4 | _ 7 2 5 1 8 0 6 _ 
[00002067] 3 | 4 7 2 5 1 8 0 6 _ 
[00002068] 3 | _ 7 2 5 1 8 0 6 3 
[00002069] 4 | _ 7 2 _ 1 8 0 6 2 
[00002070] 3 | 4 7 2 _ 1 8 0 6 2 
[00002071] 2 | 4 7 2 3 1 8 0 6 2 
[00002072] 1 | 4 7 2 3 1 8 0 6 2  *Graceful*
[00002072] 3 | _ 7 2 4 1 8 0 6 2 
[00002073] 2 | 5 7 2 4 1 8 0 6 2 
[00002074] 5 | _ _ 2 7 1 8 0 6 _ 
[00002075] 5 | _ _ 7 2 1 8 0 6 _ 
[00002076] 4 | _ 3 7 2 1 8 0 6 _ 
[00002077] 3 | 6 3 7 2 1 8 0 6 _ 
[00002078] 3 | _ 3 7 2 1 8 0 6 3 
[00002079] 5 | _ _ _ 6 1 8 0 6 _ 
[00002080] 4 | 3 7 _ 6 1 8 0 6 _ 
[00002081] 3 | 3 7 4 6 1 8 0 6 _ 
[00002082] 4 | 7 3 _ 6 1 8 0 6 _ 
[00002083] 3 | 7 3 6 6 1 8 0 6 _ 
[00002084] 3 | 7 3 3 6 1 8 0 6 _ 
[00002085] 3 | 7 3 _ 6 1 8 0 6 3 
[00002086] 4 | _ 3 7 6 1 8 0 6 _ 
[00002087] 4 | _ 7 3 6 1 8 0 6 _ 
[00002088] 3 | 4 7 3 6 1 8 0 6 _ 
[00002089] 4 | _ _ 2 6 1 8 0 6 _ 
[00002090] 3 | 4 7 2 6 1 8 0 6 _ 
[00002091] 3 | 7 4 2 6 1 8 0 6 _ 
[00002092] 3 | _ 5 2 6 1 8 0 6 _ 
[00002093] 2 | 3 5 2 6 1 8 0 6 _ 
[00002094] 2 | 7 5 2 6 1 8 0 6 _ 
[00002095] 4 | _ _ _ 6 1 8 0 6 2 
[00002096] 3 | 4 7 _ 6 1 8 0 6 2 
[00002097] 2 | 4 7 5 6 1 8 0 6 2 
[00002098] 1 | 4 7 5 6 1 8 0 6 2  *Graceful*
[00002098] 3 | 7 4 _ 6 1 8 0 6 2 
[00002099] 3 | _ 4 7 6 1 8 0 6 2 
[00002100] 3 | _ 7 4 6 1 8 0 6 2 
[00002101] 2 | 5 7 4 6 1 8 0 6 2 
[00002102] 5 | _ _ _ _ 1 8 0 6 1 
[00002103] 4 | 3 7 _ _ 1 8 0 6 1 
[00002104] 3 | 3 7 4 _ 1 8 0 6 1 
[00002105] 2 | 3 7 4 2 1 8 0 6 1 
[00002106] 1 | 3 7 4 2 1 8 0 6 1  *Graceful*
[00002106] 3 | 3 7 2 5 1 8 0 6 1 
[00002107] 3 | 3 7 5 2 1 8 0 6 1 
