[00001628] 4 | _ 1 6 2 8 0 7 3 _ 
[00001629] 3 | 4 1 6 2 8 0 7 3 _ 
[00001630] 2 | 4 1 6 2 8 0 7 3 5 
[00001631] 5 | _ 6 1 2 8 0 7 _ _ 
[00001632] 4 | _ 6 1 2 8 0 7 3 _ 
[00001633] 3 | 3 6 1 2 8 0 7 3 _ 
[00001634] 3 | _ 6 1 2 8 0 7 3 6 
[00001635] 5 | _ _ 7 2 8 0 7 _ _ 
[00001636] 4 | 1 5 7 2 8 0 7 _ _ 
[00001637] 3 | 1 5 7 2 8 0 7 3 6 
[00001638] 3 | 1 5 7 2 8 0 7 6 3 
[00001639] 4 | 5 1 7 2 8 0 7 _ _ 
[00001640] 4 | _ 3 7 2 8 0 7 _ _ 
[00001641] 3 | 6 3 7 2 8 0 7 _ _ 
[00001642] 3 | _ 3 7 2 8 0 7 1 4 
[00001643] 2 | 5 3 7 2 8 0 7 1 4 
[00001644] 3 | _ 3 7 2 8 0 7 4 1 
[00001645] 2 | 5 3 7 2 8 0 7 4 1 
[00001646] 4 | _ _ 7 2 8 0 7 3 _ 
[00001647] 3 | 1 4 7 2 8 0 7 3 _ 
[00001648] 3 | 4 1 7 2 8 0 7 3 _ 
[00001649] 3 | _ _ 7 2 8 0 7 3 6 
[00001650] 4 | _ _ 7 2 8 0 7 1 5 
[00001651] 3 | 3 6 7 2 8 0 7 1 5 
[00001652] 3 | 6 3 7 2 8 0 7 1 5 
[00001653] 4 | _ _ 7 2 8 0 7 5 1 
[00001654] 3 | 3 6 7 2 8 0 7 5 1 
[00001655] 3 | 6 3 7 2 8 0 7 5 1 
[00001656] 5 | _ _ _ 2 8 0 7 2 _ 
[00001657] 4 | 1 5 _ 2 8 0 7 2 _ 
[00001658] 3 | 1 5 2 2 8 0 7 2 _ 
[00001659] 3 | 1 5 5 2 8 0 7 2 _ 
[00001660] 3 | 1 5 _ 2 8 0 7 2 5 
[00001661] 4 | 5 1 _ 2 8 0 7 2 _ 
[00001662] 3 | 5 1 4 2 8 0 7 2 _ 
[00001663] 4 | _ 1 5 2 8 0 7 2 _ 
[00001664] 3 | 4 1 5 2 8 0 7 2 _ 
[00001665] 4 | _ 5 1 2 8 0 7 2 _ 
[00001666] 4 | _ _ 6 2 8 0 7 2 _ 
[00001667] 3 | 1 4 6 2 8 0 7 2 _ 
[00001668] 3 | 4 1 6 2 8 0 7 2 _ 
[00001669] 3 | _ 3 6 2 8 0 7 2 _ 
[00001670] 2 | 1 3 6 2 8 0 7 2 _ 
[00001671] 2 | 5 3 6 2 8 0 7 2 _ 
[00001672] 4 | _ _ _ 2 8 0 7 2 6 
[00001673] 3 | 1 4 _ 2 8 0 7 2 6 
[00001674] 3 | 4 1 _ 2 8 0 7 2 6 
[00001675] 2 | 4 1 3 2 8 0 7 2 6 
[00001676] 1 | 4 1 3 2 8 0 7 2 6  *Graceful*
[00001676] 3 | _ 1 4 2 8 0 7 2 6 
