[00000758] 3 | _ 1 8 0 6 3 6 2 7 
[00000759] 3 | _ 1 8 0 6 3 6 2 7 
[00000760] 5 | _ 1 8 0 6 _ _ 7 2 
[00000761] 4 | 5 1 8 0 6 _ _ 7 2 
[00000762] 3 | 5 1 8 0 6 3 _ 7 2 
[00000763] 3 | 5 1 8 0 6 _ 4 7 2 
[00000764] 2 | 5 1 8 0 6 4 4 7 2 
[00000765] 2 | 5 1 8 0 6 6 4 7 2 
[00000766] 4 | _ 1 8 0 6 _ 3 7 2 
[00000767] 3 | 4 1 8 0 6 _ 3 7 2 
[00000768] 2 | 4 1 8 0 6 5 3 7 2 
[00000769] 1 | 4 1 8 0 6 5 3 7 2  *Graceful*
[00000769] 3 | _ 1 8 0 6 3 3 7 2 
[00000770] 3 | _ 1 8 0 6 6 3 7 2 
[00000771] 7 | _ _ 8 0 7 _ _ _ _ 
[00000772] 6 | _ 2 8 0 7 _ _ _ _ 
[00000773] 5 | 7 2 8 0 7 _ _ _ _ 
[00000774] 4 | 7 2 8 0 7 1 5 _ _ 
[00000775] 3 | 7 2 8 0 7 1 5 3 6 
[00000776] 3 | 7 2 8 0 7 1 5 6 3 
[00000777] 4 | 7 2 8 0 7 5 1 _ _ 
[00000778] 3 | 7 2 8 0 7 5 1 4 _ 
[00000779] 2 | 7 2 8 0 7 5 1 4 6 
[00000780] 3 | 7 2 8 0 7 5 1 3 6 
[00000781] 3 | 7 2 8 0 7 5 1 6 3 
[00000782] 4 | 7 2 8 0 7 _ 1 5 _ 
[00000783] 3 | 7 2 8 0 7 4 1 5 _ 
[00000784] 2 | 7 2 8 0 7 4 1 5 3 
[00000785] 4 | 7 2 8 0 7 _ 5 1 _ 
[00000786] 3 | 7 2 8 0 7 _ 5 1 4 
[00000787] 2 | 7 2 8 0 7 3 5 1 4 
[00000788] 4 | 7 2 8 0 7 _ _ 1 5 
[00000789] 3 | 7 2 8 0 7 3 6 1 5 
[00000790] 3 | 7 2 8 0 7 6 3 1 5 
[00000791] 3 | 7 2 8 0 7 _ 4 1 5 
[00000792] 2 | 7 2 8 0 7 6 4 1 5 
[00000793] 1 | 7 2 8 0 7 6 4 1 5  *Graceful*
[00000793] 4 | 7 2 8 0 7 _ _ 5 1 
[00000794] 3 | 7 2 8 0 7 3 6 5 1 
[00000795] 3 | 7 2 8 0 7 6 3 5 1 
[00000796] 5 | _ 2 8 0 7 2 _ _ _ 
[00000797] 4 | 6 2 8 0 7 2 _ _ _ 
[00000798] 3 | 6 2 8 0 7 2 1 4 _ 
[00000799] 3 | 6 2 8 0 7 2 4 1 _ 
[00000800] 2 | 6 2 8 0 7 2 4 1 3 
[00000801] 3 | 6 2 8 0 7 2 _ 1 4 
[00000802] 2 | 6 2 8 0 7 2 3 1 4 
[00000803] 1 | 6 2 8 0 7 2 3 1 4  *Graceful*
[00000803] 3 | 6 2 8 0 7 2 _ 4 1 
[00000804] 4 | _ 2 8 0 7 2 6 _ _ 
