[00001337] 3 | _ 5 1 7 0 8 3 6 _ 
[00001338] 2 | _ 5 1 7 0 8 3 6 4 
[00001339] 4 | _ _ 1 7 0 8 3 2 6 
[00001340] 3 | _ 4 1 7 0 8 3 2 6 
[00001341] 4 | _ _ 1 7 0 8 3 6 2 
[00001342] 3 | _ 4 1 7 0 8 3 6 2 
[00001343] 6 | _ _ _ 7 0 8 2 _ _ 
[00001344] 5 | 1 6 _ 7 0 8 2 _ _ 
[00001345] 4 | 1 6 2 7 0 8 2 _ _ 
[00001346] 4 | 1 6 3 7 0 8 2 _ _ 
[00001347] 3 | 1 6 3 7 0 8 2 5 _ 
[00001348] 4 | 1 6 _ 7 0 8 2 6 _ 
[00001349] 3 | 1 6 3 7 0 8 2 6 _ 
[00001350] 3 | 1 6 4 7 0 8 2 6 _ 
[00001351] 3 | 1 6 _ 7 0 8 2 6 3 
[00001352] 2 | 1 6 5 7 0 8 2 6 3 
[00001353] 1 | 1 6 5 7 0 8 2 6 3  *Graceful*
[00001353] 5 | 6 1 _ 7 0 8 2 _ _ 
[00001354] 4 | 6 1 5 7 0 8 2 _ _ 
[00001355] 4 | 6 1 3 7 0 8 2 _ _ 
[00001356] 3 | 6 1 3 7 0 8 2 5 _ 
[00001357] 5 | _ 1 6 7 0 8 2 _ _ 
[00001358] 4 | 5 1 6 7 0 8 2 _ _ 
[00001359] 5 | _ 6 1 7 0 8 2 _ _ 
[00001360] 5 | _ _ 2 7 0 8 2 _ _ 
[00001361] 4 | 1 5 2 7 0 8 2 _ _ 
[00001362] 3 | 1 5 2 7 0 8 2 3 6 
[00001363] 3 | 1 5 2 7 0 8 2 6 3 
[00001364] 4 | 5 1 2 7 0 8 2 _ _ 
[00001365] 3 | 5 1 2 7 0 8 2 3 6 
[00001366] 3 | 5 1 2 7 0 8 2 6 3 
[00001367] 4 | _ 6 2 7 0 8 2 _ _ 
[00001368] 3 | 3 6 2 7 0 8 2 _ _ 
[00001369] 3 | _ 6 2 7 0 8 2 1 4 
[00001370] 3 | _ 6 2 7 0 8 2 4 1 
[00001371] 4 | _ _ 2 7 0 8 2 6 _ 
[00001372] 3 | 1 4 2 7 0 8 2 6 _ 
[00001373] 3 | 4 1 2 7 0 8 2 6 _ 
[00001374] 3 | _ _ 2 7 0 8 2 6 3 
[00001375] 4 | _ _ 2 7 0 8 2 1 5 
[00001376] 3 | 3 6 2 7 0 8 2 1 5 
[00001377] 3 | 6 3 2 7 0 8 2 1 5 
[00001378] 4 | _ _ 2 7 0 8 2 5 1 
[00001379] 3 | 3 6 2 7 0 8 2 5 1 
[00001380] 3 | 6 3 2 7 0 8 2 5 1 
[00001381] 5 | _ _ _ 7 0 8 2 7 _ 
[00001382] 4 | 1 5 _ 7 0 8 2 7 _ 
[00001383] 3 | 1 5 4 7 0 8 2 7 _ 
[00001384] 3 | 1 5 _ 7 0 8 2 7 4 
[00001385] 2 | 1 5 3 7 0 8 2 7 4 
