[00000234] 2 | 1 8 0 6 2 5 3 2 7 
[00000235] 1 | 1 8 0 6 2 5 3 2 7  *Graceful*
[00000235] 3 | 1 8 0 6 2 _ 5 2 7 
[00000236] 2 | 1 8 0 6 2 3 5 2 7 
[00000237] 1 | 1 8 0 6 2 3 5 2 7  *Graceful*
[00000237] 4 | 1 8 0 6 _ _ 6 2 7 
[00000238] 3 | 1 8 0 6 3 _ 6 2 7 
[00000239] 2 | 1 8 0 6 3 5 6 2 7 
[00000240] 1 | 1 8 0 6 3 5 6 2 7  *Graceful*
[00000240] 3 | 1 8 0 6 _ 3 6 2 7 
[00000241] 2 | 1 8 0 6 5 3 6 2 7 
[00000242] 1 | 1 8 0 6 5 3 6 2 7  *Graceful*
[00000242] 5 | 1 8 0 6 _ _ _ 7 2 
[00000243] 4 | 1 8 0 6 _ _ 3 7 2 
[00000244] 3 | 1 8 0 6 3 _ 3 7 2 
[00000245] 2 | 1 8 0 6 3 5 3 7 2 
[00000246] 2 | 1 8 0 6 3 5 3 7 2 
[00000247] 3 | 1 8 0 6 _ 6 3 7 2 
[00000248] 2 | 1 8 0 6 4 6 3 7 2 
[00000249] 2 | 1 8 0 6 4 6 3 7 2 
[00000250] 7 | _ 8 0 7 _ _ _ _ _ 
[00000251] 6 | 2 8 0 7 _ _ _ _ _ 
[00000252] 5 | 2 8 0 7 1 6 _ _ _ 
[00000253] 5 | 2 8 0 7 6 1 _ _ _ 
[00000254] 4 | 2 8 0 7 6 1 5 _ _ 
[00000255] 5 | 2 8 0 7 _ 1 6 _ _ 
[00000256] 4 | 2 8 0 7 3 1 6 _ _ 
[00000257] 4 | 2 8 0 7 5 1 6 _ _ 
[00000258] 3 | 2 8 0 7 5 1 6 3 _ 
[00000259] 5 | 2 8 0 7 _ 6 1 _ _ 
[00000260] 4 | 2 8 0 7 3 6 1 _ _ 
[00000261] 3 | 2 8 0 7 3 6 1 4 _ 
[00000262] 4 | 2 8 0 7 _ 6 1 5 _ 
[00000263] 3 | 2 8 0 7 4 6 1 5 _ 
[00000264] 2 | 2 8 0 7 4 6 1 5 3 
[00000265] 3 | 2 8 0 7 3 6 1 5 _ 
[00000266] 5 | 2 8 0 7 _ _ 1 6 _ 
[00000267] 4 | 2 8 0 7 3 _ 1 6 _ 
[00000268] 3 | 2 8 0 7 3 6 1 6 _ 
[00000269] 3 | 2 8 0 7 3 4 1 6 _ 
[00000270] 3 | 2 8 0 7 3 _ 1 6 3 
[00000271] 4 | 2 8 0 7 _ 5 1 6 _ 
[00000272] 3 | 2 8 0 7 4 5 1 6 _ 
[00000273] 3 | 2 8 0 7 _ 5 1 6 3 
[00000274] 2 | 2 8 0 7 5 5 1 6 3 
[00000275] 2 | 2 8 0 7 7 5 1 6 3 
[00000276] 5 | 2 8 0 7 _ _ 6 1 _ 
[00000277] 4 | 2 8 0 7 3 _ 6 1 _ 
[00000278] 3 | 2 8 0 7 3 6 6 1 _ 
[00000279] 3 | 2 8 0 7 3 3 6 1 _ 
