[00002252] 2 | 4 2 6 3 3 8 0 7 1 
[00002253] 3 | _ 2 6 6 3 8 0 7 1 
[00002254] 2 | 4 2 6 6 3 8 0 7 1 
[00002255] 4 | _ 6 2 _ 3 8 0 7 1 
[00002256] 3 | 3 6 2 _ 3 8 0 7 1 
[00002257] 2 | 3 6 2 4 3 8 0 7 1 
[00002258] 1 | 3 6 2 4 3 8 0 7 1  *Graceful*
[00002258] 3 | _ 6 2 5 3 8 0 7 1 
[00002259] 2 | 4 6 2 5 3 8 0 7 1 
[00002260] 3 | _ 6 2 6 3 8 0 7 1 
[00002261] 4 | _ _ 2 6 3 8 0 7 1 
[00002262] 3 | _ 5 2 6 3 8 0 7 1 
[00002263] 4 | _ _ 6 2 3 8 0 7 1 
[00002264] 8 | _ _ _ _ _ _ 0 8 _ 
[00002265] 7 | _ _ _ _ _ 7 0 8 _ 
[00002266] 6 | _ _ _ _ 1 7 0 8 _ 
[00002267] 5 | _ _ _ 6 1 7 0 8 _ 
[00002268] 4 | _ _ 2 6 1 7 0 8 _ 
[00002269] 3 | _ 5 2 6 1 7 0 8 _ 
[00002270] 2 | 3 5 2 6 1 7 0 8 _ 
[00002271] 3 | _ _ 2 6 1 7 0 8 5 
[00002272] 2 | _ 4 2 6 1 7 0 8 5 
[00002273] 1 | 3 4 2 6 1 7 0 8 5  *Graceful*
[00002273] 4 | _ _ _ 6 1 7 0 8 4 
[00002274] 3 | 2 5 _ 6 1 7 0 8 4 
[00002275] 2 | 2 5 3 6 1 7 0 8 4 
[00002276] 3 | 5 2 _ 6 1 7 0 8 4 
[00002277] 3 | _ 2 5 6 1 7 0 8 4 
[00002278] 3 | _ 5 2 6 1 7 0 8 4 
[00002279] 3 | _ _ 3 6 1 7 0 8 4 
[00002280] 2 | _ 5 3 6 1 7 0 8 4 
[00002281] 5 | _ _ _ _ 1 7 0 8 3 
[00002282] 4 | 2 6 _ _ 1 7 0 8 3 
[00002283] 3 | 2 6 _ 4 1 7 0 8 3 
[00002284] 2 | 2 6 4 4 1 7 0 8 3 
[00002285] 2 | 2 6 6 4 1 7 0 8 3 
[00002286] 4 | 6 2 _ _ 1 7 0 8 3 
[00002287] 3 | 6 2 5 _ 1 7 0 8 3 
[00002288] 3 | 6 2 _ 4 1 7 0 8 3 
[00002289] 2 | 6 2 4 4 1 7 0 8 3 
[00002290] 2 | 6 2 2 4 1 7 0 8 3 
[00002291] 4 | _ 2 6 _ 1 7 0 8 3 
[00002292] 3 | 5 2 6 _ 1 7 0 8 3 
[00002293] 2 | 5 2 6 4 1 7 0 8 3 
[00002294] 3 | _ 2 6 4 1 7 0 8 3 
[00002295] 4 | _ 6 2 _ 1 7 0 8 3 
[00002296] 3 | _ 6 2 5 1 7 0 8 3 
[00002297] 3 | _ 6 2 4 1 7 0 8 3 
[00002298] 4 | _ _ 2 6 1 7 0 8 3 
[00002299] 4 | _ _ 6 2 1 7 0 8 3 
