[00000614] 3 | _ 5 0 8 1 7 4 6 2 
[00000615] 2 | 3 5 0 8 1 7 4 6 2 
[00000616] 3 | _ 5 0 8 1 7 3 6 2 
[00000617] 5 | _ _ 0 8 1 7 2 _ _ 
[00000618] 4 | _ 4 0 8 1 7 2 _ _ 
[00000619] 3 | _ 4 0 8 1 7 2 5 _ 
[00000620] 2 | 6 4 0 8 1 7 2 5 _ 
[00000621] 2 | _ 4 0 8 1 7 2 5 3 
[00000622] 3 | _ 4 0 8 1 7 2 3 6 
[00000623] 3 | _ 4 0 8 1 7 2 6 3 
[00000624] 4 | _ _ 0 8 1 7 2 6 _ 
[00000625] 3 | _ 3 0 8 1 7 2 6 _ 
[00000626] 2 | 5 3 0 8 1 7 2 6 _ 
[00000627] 2 | _ 3 0 8 1 7 2 6 4 
[00000628] 3 | _ _ 0 8 1 7 2 6 3 
[00000629] 8 | _ _ 8 0 _ _ _ _ _ 
[00000630] 7 | _ 1 8 0 _ _ _ _ _ 
[00000631] 6 | 7 1 8 0 _ _ _ _ _ 
[00000632] 5 | 7 1 8 0 5 _ _ _ _ 
[00000633] 4 | 7 1 8 0 5 2 6 _ _ 
[00000634] 3 | 7 1 8 0 5 2 6 3 _ 
[00000635] 4 | 7 1 8 0 5 6 2 _ _ 
[00000636] 4 | 7 1 8 0 5 _ 2 6 _ 
[00000637] 3 | 7 1 8 0 5 2 2 6 _ 
[00000638] 2 | 7 1 8 0 5 2 2 6 4 
[00000639] 3 | 7 1 8 0 5 5 2 6 _ 
[00000640] 2 | 7 1 8 0 5 5 2 6 4 
[00000641] 3 | 7 1 8 0 5 _ 2 6 3 
[00000642] 2 | 7 1 8 0 5 4 2 6 3 
[00000643] 1 | 7 1 8 0 5 4 2 6 3  *Graceful*
[00000643] 4 | 7 1 8 0 5 _ 6 2 _ 
[00000644] 3 | 7 1 8 0 5 2 6 2 _ 
[00000645] 3 | 7 1 8 0 5 3 6 2 _ 
[00000646] 2 | 7 1 8 0 5 3 6 2 4 
[00000647] 3 | 7 1 8 0 5 _ 6 2 5 
[00000648] 2 | 7 1 8 0 5 4 6 2 5 
[00000649] 1 | 7 1 8 0 5 4 6 2 5  *Graceful*
[00000649] 4 | 7 1 8 0 5 _ _ 2 6 
[00000650] 3 | 7 1 8 0 5 2 _ 2 6 
[00000651] 2 | 7 1 8 0 5 2 4 2 6 
[00000652] 2 | 7 1 8 0 5 2 4 2 6 
[00000653] 3 | 7 1 8 0 5 _ 5 2 6 
[00000654] 2 | 7 1 8 0 5 3 5 2 6 
[00000655] 2 | 7 1 8 0 5 3 5 2 6 
[00000656] 4 | 7 1 8 0 5 _ _ 6 2 
[00000657] 3 | 7 1 8 0 5 _ 3 6 2 
[00000658] 2 | 7 1 8 0 5 3 3 6 2 
[00000659] 2 | 7 1 8 0 5 5 3 6 2 
[00000660] 6 | _ 1 8 0 6 _ _ _ _ 
[00000661] 5 | 6 1 8 0 6 _ _ _ _ 
