[00000091] 4 | 6 0 8 1 5 2 7 _ _ 
[00000092] 3 | 6 0 8 1 5 2 7 4 _ 
[00000093] 4 | 6 0 8 1 _ 2 7 3 _ 
[00000094] 3 | 6 0 8 1 4 2 7 3 _ 
[00000095] 2 | 6 0 8 1 4 2 7 3 5 
[00000096] 3 | 6 0 8 1 5 2 7 3 _ 
[00000097] 5 | 6 0 8 1 _ 7 2 _ _ 
[00000098] 4 | 6 0 8 1 5 7 2 _ _ 
[00000099] 4 | 6 0 8 1 3 7 2 _ _ 
[00000100] 3 | 6 0 8 1 3 7 2 5 _ 
[00000101] 5 | 6 0 8 1 _ _ 2 7 _ 
[00000102] 4 | 6 0 8 1 5 _ 2 7 _ 
[00000103] 3 | 6 0 8 1 5 2 2 7 _ 
[00000104] 3 | 6 0 8 1 5 5 2 7 _ 
[00000105] 3 | 6 0 8 1 5 _ 2 7 4 
[00000106] 2 | 6 0 8 1 5 3 2 7 4 
[00000107] 1 | 6 0 8 1 5 3 2 7 4  *Graceful*
[00000107] 4 | 6 0 8 1 _ _ 2 7 3 
[00000108] 3 | 6 0 8 1 4 _ 2 7 3 
[00000109] 2 | 6 0 8 1 4 2 2 7 3 
[00000110] 2 | 6 0 8 1 4 4 2 7 3 
[00000111] 3 | 6 0 8 1 _ 5 2 7 3 
[00000112] 5 | 6 0 8 1 _ _ 7 2 _ 
[00000113] 4 | 6 0 8 1 5 _ 7 2 _ 
[00000114] 3 | 6 0 8 1 5 2 7 2 _ 
[00000115] 3 | 6 0 8 1 5 4 7 2 _ 
[00000116] 3 | 6 0 8 1 5 _ 7 2 5 
[00000117] 4 | 6 0 8 1 _ 3 7 2 _ 
[00000118] 3 | 6 0 8 1 4 3 7 2 _ 
[00000119] 3 | 6 0 8 1 _ 3 7 2 5 
[00000120] 2 | 6 0 8 1 3 3 7 2 5 
[00000121] 2 | 6 0 8 1 1 3 7 2 5 
[00000122] 5 | 6 0 8 1 _ _ _ 2 7 
[00000123] 4 | 6 0 8 1 5 _ _ 2 7 
[00000124] 3 | 6 0 8 1 5 2 _ 2 7 
[00000125] 2 | 6 0 8 1 5 2 4 2 7 
[00000126] 2 | 6 0 8 1 5 2 4 2 7 
[00000127] 3 | 6 0 8 1 5 _ 5 2 7 
[00000128] 2 | 6 0 8 1 5 3 5 2 7 
[00000129] 2 | 6 0 8 1 5 3 5 2 7 
[00000130] 5 | 6 0 8 1 _ _ _ 7 2 
[00000131] 4 | 6 0 8 1 5 _ _ 7 2 
[00000132] 3 | 6 0 8 1 5 _ 4 7 2 
[00000133] 2 | 6 0 8 1 5 3 4 7 2 
[00000134] 1 | 6 0 8 1 5 3 4 7 2  *Graceful*
[00000134] 4 | 6 0 8 1 _ _ 3 7 2 
[00000135] 3 | 6 0 8 1 4 _ 3 7 2 
[00000136] 2 | 6 0 8 1 4 5 3 7 2 
[00000137] 1 | 6 0 8 1 4 5 3 7 2  *Graceful*
[00000137] 6 | _ 0 8 1 7 _ _ _ _ 
