[00000518] 2 | 2 6 0 8 1 6 5 7 4 
[00000519] 1 | 2 6 0 8 1 6 5 7 4  *Graceful*
[00000519] 4 | _ 6 0 8 1 6 2 _ _ 
[00000520] 3 | _ 6 0 8 1 6 2 5 _ 
[00000521] 2 | _ 6 0 8 1 6 2 5 3 
[00000522] 2 | _ 6 0 8 1 6 2 5 7 
[00000523] 3 | _ 6 0 8 1 6 2 4 7 
[00000524] 3 | _ 6 0 8 1 6 2 7 4 
[00000525] 4 | _ 6 0 8 1 6 3 7 _ 
[00000526] 3 | _ 6 0 8 1 6 3 7 4 
[00000527] 4 | _ 6 0 8 1 6 7 3 _ 
[00000528] 4 | _ 6 0 8 1 6 _ 3 7 
[00000529] 3 | 3 6 0 8 1 6 _ 3 7 
[00000530] 3 | _ 6 0 8 1 6 3 3 7 
[00000531] 3 | _ 6 0 8 1 6 6 3 7 
[00000532] 4 | _ 6 0 8 1 6 _ 7 3 
[00000533] 3 | _ 6 0 8 1 6 4 7 3 
[00000534] 5 | _ 6 0 8 1 2 7 _ _ 
[00000535] 4 | _ 6 0 8 1 2 7 3 _ 
[00000536] 3 | 3 6 0 8 1 2 7 3 _ 
[00000537] 3 | _ 6 0 8 1 2 7 3 6 
[00000538] 5 | _ 6 0 8 1 7 2 _ _ 
[00000539] 4 | 2 6 0 8 1 7 2 _ _ 
[00000540] 4 | _ 6 0 8 1 7 2 6 _ 
[00000541] 3 | 3 6 0 8 1 7 2 6 _ 
[00000542] 3 | _ 6 0 8 1 7 2 6 3 
[00000543] 5 | _ 6 0 8 1 _ 2 7 _ 
[00000544] 4 | 2 6 0 8 1 _ 2 7 _ 
[00000545] 3 | 2 6 0 8 1 4 2 7 _ 
[00000546] 2 | 2 6 0 8 1 4 2 7 5 
[00000547] 3 | 2 6 0 8 1 _ 2 7 4 
[00000548] 2 | 2 6 0 8 1 3 2 7 4 
[00000549] 1 | 2 6 0 8 1 3 2 7 4  *Graceful*
[00000549] 4 | _ 6 0 8 1 5 2 7 _ 
[00000550] 3 | 3 6 0 8 1 5 2 7 _ 
[00000551] 3 | _ 6 0 8 1 5 2 7 4 
[00000552] 4 | _ 6 0 8 1 6 2 7 _ 
[00000553] 3 | _ 6 0 8 1 6 2 7 4 
[00000554] 4 | _ 6 0 8 1 _ 2 7 3 
[00000555] 3 | _ 6 0 8 1 4 2 7 3 
[00000556] 3 | _ 6 0 8 1 5 2 7 3 
[00000557] 2 | 4 6 0 8 1 5 2 7 3 
[00000558] 5 | _ 6 0 8 1 _ 7 2 _ 
[00000559] 4 | 2 6 0 8 1 _ 7 2 _ 
[00000560] 3 | 2 6 0 8 1 4 7 2 _ 
[00000561] 3 | 2 6 0 8 1 4 7 2 _ 
[00000562] 4 | _ 6 0 8 1 5 7 2 _ 
[00000563] 3 | 3 6 0 8 1 5 7 2 _ 
[00000564] 2 | 3 6 0 8 1 5 7 2 4 
[00000565] 4 | _ 6 0 8 1 3 7 2 _ 
