[00001291] 3 | _ 6 2 8 0 7 3 6 1 
[00001292] 4 | _ _ 2 8 0 7 3 6 1 
[00001293] 3 | _ 5 2 8 0 7 3 6 1 
[00001294] 4 | _ _ 2 8 0 7 2 6 1 
[00001295] 6 | _ _ _ 8 0 7 1 _ _ 
[00001296] 5 | _ _ 3 8 0 7 1 _ _ 
[00001297] 4 | 2 6 3 8 0 7 1 _ _ 
[00001298] 3 | 2 6 3 8 0 7 1 4 _ 
[00001299] 4 | 6 2 3 8 0 7 1 _ _ 
[00001300] 3 | 6 2 3 8 0 7 1 4 _ 
[00001301] 4 | _ _ 3 8 0 7 1 5 _ 
[00001302] 3 | _ 6 3 8 0 7 1 5 _ 
[00001303] 2 | 4 6 3 8 0 7 1 5 _ 
[00001304] 3 | _ _ 3 8 0 7 1 5 2 
[00001305] 2 | 4 6 3 8 0 7 1 5 2 
[00001306] 2 | 6 4 3 8 0 7 1 5 2 
[00001307] 1 | 6 4 3 8 0 7 1 5 2  *Graceful*
[00001307] 4 | _ _ 3 8 0 7 1 2 6 
[00001308] 4 | _ _ 3 8 0 7 1 6 2 
[00001309] 5 | _ _ _ 8 0 7 1 6 _ 
[00001310] 4 | _ _ 4 8 0 7 1 6 _ 
[00001311] 3 | 2 5 4 8 0 7 1 6 _ 
[00001312] 3 | 5 2 4 8 0 7 1 6 _ 
[00001313] 3 | _ _ 4 8 0 7 1 6 3 
[00001314] 2 | _ 2 4 8 0 7 1 6 3 
[00001315] 4 | _ _ _ 8 0 7 1 6 2 
[00001316] 3 | _ _ 5 8 0 7 1 6 2 
[00001317] 2 | _ 3 5 8 0 7 1 6 2 
[00001318] 1 | 4 3 5 8 0 7 1 6 2  *Graceful*
[00001318] 8 | _ _ _ _ 0 8 _ _ _ 
[00001319] 7 | _ _ _ 7 0 8 _ _ _ 
[00001320] 6 | _ _ 1 7 0 8 _ _ _ 
[00001321] 5 | _ 6 1 7 0 8 _ _ _ 
[00001322] 4 | 2 6 1 7 0 8 _ _ _ 
[00001323] 3 | 2 6 1 7 0 8 5 _ _ 
[00001324] 2 | 2 6 1 7 0 8 5 3 _ 
[00001325] 1 | 2 6 1 7 0 8 5 3 4  *Graceful*
[00001325] 4 | _ 6 1 7 0 8 4 _ _ 
[00001326] 3 | 3 6 1 7 0 8 4 _ _ 
[00001327] 2 | 3 6 1 7 0 8 4 2 _ 
[00001328] 3 | _ 6 1 7 0 8 4 2 5 
[00001329] 3 | _ 6 1 7 0 8 4 5 2 
[00001330] 5 | _ _ 1 7 0 8 3 _ _ 
[00001331] 4 | 2 6 1 7 0 8 3 _ _ 
[00001332] 4 | 6 2 1 7 0 8 3 _ _ 
[00001333] 4 | _ 5 1 7 0 8 3 _ _ 
[00001334] 3 | 2 5 1 7 0 8 3 _ _ 
[00001335] 2 | 2 5 1 7 0 8 3 4 6 
[00001336] 1 | 2 5 1 7 0 8 3 4 6  *Graceful*
[00001336] 2 | 2 5 1 7 0 8 3 6 4 
