[00000710] 4 | 5 1 8 0 6 2 7 _ _ 
[00000711] 3 | 5 1 8 0 6 2 7 4 _ 
[00000712] 4 | _ 1 8 0 6 2 7 3 _ 
[00000713] 3 | 4 1 8 0 6 2 7 3 _ 
[00000714] 2 | 4 1 8 0 6 2 7 3 5 
[00000715] 5 | _ 1 8 0 6 7 2 _ _ 
[00000716] 4 | 5 1 8 0 6 7 2 _ _ 
[00000717] 5 | _ 1 8 0 6 _ 2 7 _ 
[00000718] 4 | 5 1 8 0 6 _ 2 7 _ 
[00000719] 3 | 5 1 8 0 6 3 2 7 _ 
[00000720] 3 | 5 1 8 0 6 _ 2 7 4 
[00000721] 4 | _ 1 8 0 6 2 2 7 _ 
[00000722] 3 | 4 1 8 0 6 2 2 7 _ 
[00000723] 2 | 4 1 8 0 6 2 2 7 5 
[00000724] 3 | _ 1 8 0 6 2 2 7 4 
[00000725] 2 | 3 1 8 0 6 2 2 7 4 
[00000726] 4 | _ 1 8 0 6 6 2 7 _ 
[00000727] 3 | 4 1 8 0 6 6 2 7 _ 
[00000728] 2 | 4 1 8 0 6 6 2 7 5 
[00000729] 3 | _ 1 8 0 6 6 2 7 4 
[00000730] 2 | 3 1 8 0 6 6 2 7 4 
[00000731] 4 | _ 1 8 0 6 _ 2 7 3 
[00000732] 3 | 4 1 8 0 6 _ 2 7 3 
[00000733] 3 | _ 1 8 0 6 5 2 7 3 
[00000734] 5 | _ 1 8 0 6 _ 7 2 _ 
[00000735] 4 | 5 1 8 0 6 _ 7 2 _ 
[00000736] 3 | 5 1 8 0 6 3 7 2 _ 
[00000737] 3 | 5 1 8 0 6 4 7 2 _ 
[00000738] 4 | _ 1 8 0 6 2 7 2 _ 
[00000739] 4 | _ 1 8 0 6 3 7 2 _ 
[00000740] 3 | 4 1 8 0 6 3 7 2 _ 
[00000741] 3 | _ 1 8 0 6 3 7 2 5 
[00000742] 4 | _ 1 8 0 6 _ 7 2 6 
[00000743] 3 | 4 1 8 0 6 _ 7 2 6 
[00000744] 2 | 4 1 8 0 6 5 7 2 6 
[00000745] 1 | 4 1 8 0 6 5 7 2 6  *Graceful*
[00000745] 3 | _ 1 8 0 6 4 7 2 6 
[00000746] 2 | 3 1 8 0 6 4 7 2 6 
[00000747] 5 | _ 1 8 0 6 _ _ 2 7 
[00000748] 4 | 5 1 8 0 6 _ _ 2 7 
[00000749] 3 | 5 1 8 0 6 3 _ 2 7 
[00000750] 2 | 5 1 8 0 6 3 4 2 7 
[00000751] 1 | 5 1 8 0 6 3 4 2 7  *Graceful*
[00000751] 4 | _ 1 8 0 6 2 _ 2 7 
[00000752] 3 | 4 1 8 0 6 2 _ 2 7 
[00000753] 3 | _ 1 8 0 6 2 5 2 7 
[00000754] 3 | _ 1 8 0 6 2 5 2 7 
[00000755] 2 | 3 1 8 0 6 2 5 2 7 
[00000756] 4 | _ 1 8 0 6 _ 6 2 7 
[00000757] 3 | 4 1 8 0 6 _ 6 2 7 
