[00001048] 3 | 4 1 6 0 8 1 _ 7 3 
[00001049] 2 | 4 1 6 0 8 1 5 7 3 
[00001050] 3 | _ 1 6 0 8 1 4 7 3 
[00001051] 3 | _ 1 6 0 8 1 4 7 3 
[00001052] 5 | _ _ 6 0 8 1 6 _ _ 
[00001053] 4 | 3 7 6 0 8 1 6 _ _ 
[00001054] 3 | 3 7 6 0 8 1 6 2 5 
[00001055] 3 | 3 7 6 0 8 1 6 5 2 
[00001056] 4 | 7 3 6 0 8 1 6 _ _ 
[00001057] 3 | 7 3 6 0 8 1 6 2 5 
[00001058] 3 | 7 3 6 0 8 1 6 5 2 
[00001059] 4 | _ 2 6 0 8 1 6 _ _ 
[00001060] 3 | 5 2 6 0 8 1 6 _ _ 
[00001061] 3 | _ 2 6 0 8 1 6 4 7 
[00001062] 3 | _ 2 6 0 8 1 6 7 4 
[00001063] 4 | _ _ 6 0 8 1 6 2 _ 
[00001064] 3 | 4 7 6 0 8 1 6 2 _ 
[00001065] 3 | 7 4 6 0 8 1 6 2 _ 
[00001066] 3 | _ _ 6 0 8 1 6 2 5 
[00001067] 4 | _ _ 6 0 8 1 6 3 7 
[00001068] 3 | 2 5 6 0 8 1 6 3 7 
[00001069] 3 | 5 2 6 0 8 1 6 3 7 
[00001070] 4 | _ _ 6 0 8 1 6 7 3 
[00001071] 3 | 2 5 6 0 8 1 6 7 3 
[00001072] 3 | 5 2 6 0 8 1 6 7 3 
[00001073] 5 | _ _ 6 0 8 1 2 7 _ 
[00001074] 4 | _ _ 6 0 8 1 2 7 3 
[00001075] 5 | _ _ 6 0 8 1 7 2 _ 
[00001076] 4 | _ 2 6 0 8 1 7 2 _ 
[00001077] 3 | 5 2 6 0 8 1 7 2 _ 
[00001078] 3 | _ 2 6 0 8 1 7 2 5 
[00001079] 4 | _ _ 6 0 8 1 7 2 6 
[00001080] 5 | _ _ 6 0 8 1 _ 2 7 
[00001081] 4 | _ 2 6 0 8 1 _ 2 7 
[00001082] 3 | 5 2 6 0 8 1 _ 2 7 
[00001083] 2 | 5 2 6 0 8 1 3 2 7 
[00001084] 1 | 5 2 6 0 8 1 3 2 7  *Graceful*
[00001084] 3 | _ 2 6 0 8 1 4 2 7 
[00001085] 3 | _ 2 6 0 8 1 5 2 7 
[00001086] 4 | _ _ 6 0 8 1 5 2 7 
[00001087] 3 | _ 3 6 0 8 1 5 2 7 
[00001088] 4 | _ _ 6 0 8 1 6 2 7 
[00001089] 5 | _ _ 6 0 8 1 _ 7 2 
[00001090] 4 | _ _ 6 0 8 1 5 7 2 
[00001091] 3 | _ 3 6 0 8 1 5 7 2 
[00001092] 4 | _ _ 6 0 8 1 3 7 2 
[00001093] 6 | _ _ _ 0 8 1 7 _ _ 
[00001094] 5 | _ _ 5 0 8 1 7 _ _ 
[00001095] 4 | 2 6 5 0 8 1 7 _ _ 
[00001096] 3 | 2 6 5 0 8 1 7 4 _ 
