[00002347] 4 | _ _ 1 6 3 7 0 8 2 
[00002348] 3 | _ 4 1 6 3 7 0 8 2 
[00002349] 5 | _ _ 6 1 _ 7 0 8 2 
[00002350] 4 | _ _ 6 1 5 7 0 8 2 
[00002351] 3 | _ 3 6 1 5 7 0 8 2 
[00002352] 4 | _ _ 6 1 3 7 0 8 2 
[00002353] 5 | _ _ _ 1 6 7 0 8 2 
[00002354] 4 | _ _ 5 1 6 7 0 8 2 
[00002355] 5 | _ _ _ 6 1 7 0 8 2 
[00002356] 7 | _ _ _ _ _ _ 0 8 1 
[00002357] 6 | _ _ _ _ _ 6 0 8 1 
[00002358] 5 | 2 7 _ _ _ 6 0 8 1 
[00002359] 4 | 2 7 3 _ _ 6 0 8 1 
[00002360] 3 | 2 7 3 6 _ 6 0 8 1 
[00002361] 2 | 2 7 3 6 4 6 0 8 1 
[00002362] 2 | 2 7 3 6 4 6 0 8 1 
[00002363] 3 | 2 7 3 _ 3 6 0 8 1 
[00002364] 2 | 2 7 3 5 3 6 0 8 1 
[00002365] 2 | 2 7 3 5 3 6 0 8 1 
[00002366] 5 | 7 2 _ _ _ 6 0 8 1 
[00002367] 4 | 7 2 6 _ _ 6 0 8 1 
[00002368] 3 | 7 2 6 3 _ 6 0 8 1 
[00002369] 2 | 7 2 6 3 5 6 0 8 1 
[00002370] 1 | 7 2 6 3 5 6 0 8 1  *Graceful*
[00002370] 3 | 7 2 6 _ 3 6 0 8 1 
[00002371] 2 | 7 2 6 5 3 6 0 8 1 
[00002372] 1 | 7 2 6 5 3 6 0 8 1  *Graceful*
[00002372] 4 | 7 2 _ _ 2 6 0 8 1 
[00002373] 3 | 7 2 5 _ 2 6 0 8 1 
[00002374] 2 | 7 2 5 3 2 6 0 8 1 
[00002375] 1 | 7 2 5 3 2 6 0 8 1  *Graceful*
[00002375] 3 | 7 2 _ 5 2 6 0 8 1 
[00002376] 2 | 7 2 3 5 2 6 0 8 1 
[00002377] 1 | 7 2 3 5 2 6 0 8 1  *Graceful*
[00002377] 5 | _ 2 7 _ _ 6 0 8 1 
[00002378] 4 | 6 2 7 _ _ 6 0 8 1 
[00002379] 3 | 6 2 7 4 _ 6 0 8 1 
[00002380] 4 | _ 2 7 3 _ 6 0 8 1 
[00002381] 3 | 5 2 7 3 _ 6 0 8 1 
[00002382] 2 | 5 2 7 3 4 6 0 8 1 
[00002383] 1 | 5 2 7 3 4 6 0 8 1  *Graceful*
[00002383] 3 | _ 2 7 3 6 6 0 8 1 
[00002384] 2 | 4 2 7 3 6 6 0 8 1 
[00002385] 3 | _ 2 7 3 3 6 0 8 1 
[00002386] 2 | 4 2 7 3 3 6 0 8 1 
[00002387] 4 | _ 2 7 _ 2 6 0 8 1 
[00002388] 3 | 5 2 7 _ 2 6 0 8 1 
[00002389] 3 | _ 2 7 4 2 6 0 8 1 
[00002390] 3 | _ 2 7 5 2 6 0 8 1 
[00002391] 5 | _ 7 2 _ _ 6 0 8 1 
