[00002108] 4 | 7 3 _ _ 1 8 0 6 1 
[00002109] 3 | 7 3 2 5 1 8 0 6 1 
[00002110] 3 | 7 3 5 2 1 8 0 6 1 
[00002111] 4 | _ 3 7 _ 1 8 0 6 1 
[00002112] 3 | _ 3 7 4 1 8 0 6 1 
[00002113] 4 | _ 7 3 _ 1 8 0 6 1 
[00002114] 3 | 4 7 3 _ 1 8 0 6 1 
[00002115] 2 | 4 7 3 5 1 8 0 6 1 
[00002116] 4 | _ _ 3 7 1 8 0 6 1 
[00002117] 4 | _ _ 7 3 1 8 0 6 1 
[00002118] 3 | 2 5 7 3 1 8 0 6 1 
[00002119] 3 | 5 2 7 3 1 8 0 6 1 
[00002120] 3 | _ 4 7 3 1 8 0 6 1 
[00002121] 2 | 2 4 7 3 1 8 0 6 1 
[00002122] 7 | _ _ _ _ _ 8 0 7 _ 
[00002123] 6 | _ _ _ _ 2 8 0 7 _ 
[00002124] 5 | 1 6 _ _ 2 8 0 7 _ 
[00002125] 4 | 1 6 2 _ 2 8 0 7 _ 
[00002126] 3 | 1 6 2 5 2 8 0 7 _ 
[00002127] 3 | 1 6 2 5 2 8 0 7 _ 
[00002128] 3 | 1 6 2 _ 2 8 0 7 4 
[00002129] 4 | 1 6 _ 6 2 8 0 7 _ 
[00002130] 3 | 1 6 3 6 2 8 0 7 _ 
[00002131] 3 | 1 6 3 6 2 8 0 7 _ 
[00002132] 2 | 1 6 3 6 2 8 0 7 5 
[00002133] 3 | 1 6 _ 6 2 8 0 7 4 
[00002134] 4 | 1 6 _ _ 2 8 0 7 3 
[00002135] 3 | 1 6 _ 5 2 8 0 7 3 
[00002136] 2 | 1 6 4 5 2 8 0 7 3 
[00002137] 1 | 1 6 4 5 2 8 0 7 3  *Graceful*
[00002137] 5 | 6 1 _ _ 2 8 0 7 _ 
[00002138] 4 | 6 1 5 _ 2 8 0 7 _ 
[00002139] 3 | 6 1 5 2 2 8 0 7 _ 
[00002140] 3 | 6 1 5 5 2 8 0 7 _ 
[00002141] 3 | 6 1 5 _ 2 8 0 7 4 
[00002142] 2 | 6 1 5 3 2 8 0 7 4 
[00002143] 1 | 6 1 5 3 2 8 0 7 4  *Graceful*
[00002143] 4 | 6 1 _ _ 2 8 0 7 3 
[00002144] 3 | 6 1 4 _ 2 8 0 7 3 
[00002145] 2 | 6 1 4 2 2 8 0 7 3 
[00002146] 2 | 6 1 4 4 2 8 0 7 3 
[00002147] 3 | 6 1 _ 5 2 8 0 7 3 
[00002148] 5 | _ 1 6 _ 2 8 0 7 _ 
[00002149] 4 | 5 1 6 _ 2 8 0 7 _ 
[00002150] 3 | 5 1 6 3 2 8 0 7 _ 
[00002151] 3 | 5 1 6 _ 2 8 0 7 4 
[00002152] 4 | _ 1 6 2 2 8 0 7 _ 
[00002153] 3 | 4 1 6 2 2 8 0 7 _ 
[00002154] 2 | 4 1 6 2 2 8 0 7 5 
[00002155] 3 | _ 1 6 2 2 8 0 7 4 
