[00000805] 3 | _ 2 8 0 7 2 6 3 _ 
[00000806] 2 | _ 2 8 0 7 2 6 3 1 
[00000807] 2 | _ 2 8 0 7 2 6 3 5 
[00000808] 3 | _ 2 8 0 7 2 6 1 4 
[00000809] 3 | _ 2 8 0 7 2 6 4 1 
[00000810] 4 | _ 2 8 0 7 2 1 5 _ 
[00000811] 4 | _ 2 8 0 7 2 5 1 _ 
[00000812] 3 | _ 2 8 0 7 2 5 1 4 
[00000813] 4 | _ 2 8 0 7 2 _ 1 5 
[00000814] 3 | _ 2 8 0 7 2 4 1 5 
[00000815] 4 | _ 2 8 0 7 2 _ 5 1 
[00000816] 3 | 5 2 8 0 7 2 _ 5 1 
[00000817] 3 | _ 2 8 0 7 2 5 5 1 
[00000818] 3 | _ 2 8 0 7 2 2 5 1 
[00000819] 5 | _ 2 8 0 7 1 6 _ _ 
[00000820] 4 | 6 2 8 0 7 1 6 _ _ 
[00000821] 4 | _ 2 8 0 7 1 6 2 _ 
[00000822] 3 | 5 2 8 0 7 1 6 2 _ 
[00000823] 3 | _ 2 8 0 7 1 6 2 5 
[00000824] 5 | _ 2 8 0 7 6 1 _ _ 
[00000825] 4 | _ 2 8 0 7 6 1 5 _ 
[00000826] 3 | 5 2 8 0 7 6 1 5 _ 
[00000827] 3 | _ 2 8 0 7 6 1 5 2 
[00000828] 5 | _ 2 8 0 7 _ 1 6 _ 
[00000829] 4 | 6 2 8 0 7 _ 1 6 _ 
[00000830] 3 | 6 2 8 0 7 4 1 6 _ 
[00000831] 3 | 6 2 8 0 7 4 1 6 _ 
[00000832] 4 | _ 2 8 0 7 3 1 6 _ 
[00000833] 3 | 5 2 8 0 7 3 1 6 _ 
[00000834] 2 | 5 2 8 0 7 3 1 6 4 
[00000835] 4 | _ 2 8 0 7 5 1 6 _ 
[00000836] 3 | _ 2 8 0 7 5 1 6 3 
[00000837] 2 | 4 2 8 0 7 5 1 6 3 
[00000838] 4 | _ 2 8 0 7 _ 1 6 2 
[00000839] 3 | _ 2 8 0 7 4 1 6 2 
[00000840] 3 | _ 2 8 0 7 4 1 6 2 
[00000841] 5 | _ 2 8 0 7 _ 6 1 _ 
[00000842] 4 | 6 2 8 0 7 _ 6 1 _ 
[00000843] 3 | 6 2 8 0 7 4 6 1 _ 
[00000844] 2 | 6 2 8 0 7 4 6 1 3 
[00000845] 3 | 6 2 8 0 7 _ 6 1 4 
[00000846] 2 | 6 2 8 0 7 5 6 1 4 
[00000847] 1 | 6 2 8 0 7 5 6 1 4  *Graceful*
[00000847] 4 | _ 2 8 0 7 3 6 1 _ 
[00000848] 3 | 5 2 8 0 7 3 6 1 _ 
[00000849] 3 | _ 2 8 0 7 3 6 1 4 
[00000850] 4 | _ 2 8 0 7 2 6 1 _ 
[00000851] 3 | _ 2 8 0 7 2 6 1 4 
[00000852] 4 | _ 2 8 0 7 _ 6 1 5 
[00000853] 3 | _ 2 8 0 7 4 6 1 5 
