[00000422] 2 | 4 7 0 8 2 7 3 5 1 
[00000423] 3 | _ 7 0 8 2 7 4 5 1 
[00000424] 5 | _ 7 0 8 2 1 6 _ _ 
[00000425] 4 | 3 7 0 8 2 1 6 _ _ 
[00000426] 5 | _ 7 0 8 2 6 1 _ _ 
[00000427] 4 | 3 7 0 8 2 6 1 _ _ 
[00000428] 3 | 3 7 0 8 2 6 1 4 _ 
[00000429] 4 | _ 7 0 8 2 6 1 5 _ 
[00000430] 3 | 4 7 0 8 2 6 1 5 _ 
[00000431] 2 | 4 7 0 8 2 6 1 5 3 
[00000432] 5 | _ 7 0 8 2 _ 1 6 _ 
[00000433] 4 | 3 7 0 8 2 _ 1 6 _ 
[00000434] 3 | 3 7 0 8 2 5 1 6 _ 
[00000435] 3 | 3 7 0 8 2 4 1 6 _ 
[00000436] 4 | _ 7 0 8 2 6 1 6 _ 
[00000437] 4 | _ 7 0 8 2 5 1 6 _ 
[00000438] 3 | 4 7 0 8 2 5 1 6 _ 
[00000439] 3 | _ 7 0 8 2 5 1 6 3 
[00000440] 4 | _ 7 0 8 2 _ 1 6 2 
[00000441] 3 | 4 7 0 8 2 _ 1 6 2 
[00000442] 2 | 4 7 0 8 2 3 1 6 2 
[00000443] 1 | 4 7 0 8 2 3 1 6 2  *Graceful*
[00000443] 3 | _ 7 0 8 2 4 1 6 2 
[00000444] 2 | 5 7 0 8 2 4 1 6 2 
[00000445] 5 | _ 7 0 8 2 _ 6 1 _ 
[00000446] 4 | 3 7 0 8 2 _ 6 1 _ 
[00000447] 3 | 3 7 0 8 2 5 6 1 _ 
[00000448] 3 | 3 7 0 8 2 _ 6 1 4 
[00000449] 4 | _ 7 0 8 2 6 6 1 _ 
[00000450] 3 | 4 7 0 8 2 6 6 1 _ 
[00000451] 2 | 4 7 0 8 2 6 6 1 3 
[00000452] 3 | _ 7 0 8 2 6 6 1 4 
[00000453] 2 | 5 7 0 8 2 6 6 1 4 
[00000454] 4 | _ 7 0 8 2 2 6 1 _ 
[00000455] 3 | 4 7 0 8 2 2 6 1 _ 
[00000456] 2 | 4 7 0 8 2 2 6 1 3 
[00000457] 3 | _ 7 0 8 2 2 6 1 4 
[00000458] 2 | 5 7 0 8 2 2 6 1 4 
[00000459] 4 | _ 7 0 8 2 _ 6 1 5 
[00000460] 3 | 4 7 0 8 2 _ 6 1 5 
[00000461] 3 | _ 7 0 8 2 3 6 1 5 
[00000462] 5 | _ 7 0 8 2 _ _ 1 6 
[00000463] 4 | 3 7 0 8 2 _ _ 1 6 
[00000464] 3 | 3 7 0 8 2 5 _ 1 6 
[00000465] 3 | 3 7 0 8 2 _ 4 1 6 
[00000466] 2 | 3 7 0 8 2 4 4 1 6 
[00000467] 2 | 3 7 0 8 2 2 4 1 6 
[00000468] 4 | _ 7 0 8 2 _ 5 1 6 
[00000469] 3 | 4 7 0 8 2 _ 5 1 6 
[00000470] 2 | 4 7 0 8 2 3 5 1 6 
