[00001242] 4 | _ 7 2 8 0 7 1 5 _ 
[00001243] 4 | _ 7 2 8 0 7 5 1 _ 
[00001244] 3 | _ 7 2 8 0 7 5 1 4 
[00001245] 4 | _ 7 2 8 0 7 _ 1 5 
[00001246] 3 | 4 7 2 8 0 7 _ 1 5 
[00001247] 2 | 4 7 2 8 0 7 3 1 5 
[00001248] 3 | _ 7 2 8 0 7 4 1 5 
[00001249] 3 | _ 7 2 8 0 7 4 1 5 
[00001250] 4 | _ 7 2 8 0 7 _ 5 1 
[00001251] 3 | 4 7 2 8 0 7 _ 5 1 
[00001252] 2 | 4 7 2 8 0 7 3 5 1 
[00001253] 3 | _ 7 2 8 0 7 4 5 1 
[00001254] 5 | _ _ 2 8 0 7 2 _ _ 
[00001255] 4 | 1 5 2 8 0 7 2 _ _ 
[00001256] 3 | 1 5 2 8 0 7 2 3 6 
[00001257] 3 | 1 5 2 8 0 7 2 6 3 
[00001258] 4 | 5 1 2 8 0 7 2 _ _ 
[00001259] 3 | 5 1 2 8 0 7 2 3 6 
[00001260] 3 | 5 1 2 8 0 7 2 6 3 
[00001261] 4 | _ 6 2 8 0 7 2 _ _ 
[00001262] 3 | 3 6 2 8 0 7 2 _ _ 
[00001263] 3 | _ 6 2 8 0 7 2 1 4 
[00001264] 3 | _ 6 2 8 0 7 2 4 1 
[00001265] 4 | _ _ 2 8 0 7 2 6 _ 
[00001266] 3 | 1 4 2 8 0 7 2 6 _ 
[00001267] 3 | 4 1 2 8 0 7 2 6 _ 
[00001268] 3 | _ _ 2 8 0 7 2 6 3 
[00001269] 4 | _ _ 2 8 0 7 2 1 5 
[00001270] 3 | 3 6 2 8 0 7 2 1 5 
[00001271] 3 | 6 3 2 8 0 7 2 1 5 
[00001272] 4 | _ _ 2 8 0 7 2 5 1 
[00001273] 3 | 3 6 2 8 0 7 2 5 1 
[00001274] 3 | 6 3 2 8 0 7 2 5 1 
[00001275] 5 | _ _ 2 8 0 7 1 6 _ 
[00001276] 4 | _ 6 2 8 0 7 1 6 _ 
[00001277] 3 | 3 6 2 8 0 7 1 6 _ 
[00001278] 3 | _ 6 2 8 0 7 1 6 3 
[00001279] 4 | _ _ 2 8 0 7 1 6 2 
[00001280] 5 | _ _ 2 8 0 7 6 1 _ 
[00001281] 4 | _ _ 2 8 0 7 6 1 5 
[00001282] 5 | _ _ 2 8 0 7 _ 1 6 
[00001283] 4 | _ _ 2 8 0 7 3 1 6 
[00001284] 3 | _ 5 2 8 0 7 3 1 6 
[00001285] 4 | _ _ 2 8 0 7 5 1 6 
[00001286] 5 | _ _ 2 8 0 7 _ 6 1 
[00001287] 4 | _ 6 2 8 0 7 _ 6 1 
[00001288] 3 | 3 6 2 8 0 7 _ 6 1 
[00001289] 2 | 3 6 2 8 0 7 5 6 1 
[00001290] 1 | 3 6 2 8 0 7 5 6 1  *Graceful*
[00001290] 3 | _ 6 2 8 0 7 4 6 1 
