[00000280] 3 | 2 8 0 7 3 _ 6 1 4 
[00000281] 2 | 2 8 0 7 3 5 6 1 4 
[00000282] 1 | 2 8 0 7 3 5 6 1 4  *Graceful*
[00000282] 4 | 2 8 0 7 _ _ 6 1 5 
[00000283] 3 | 2 8 0 7 4 _ 6 1 5 
[00000284] 2 | 2 8 0 7 4 6 6 1 5 
[00000285] 2 | 2 8 0 7 4 4 6 1 5 
[00000286] 3 | 2 8 0 7 _ 3 6 1 5 
[00000287] 5 | 2 8 0 7 _ _ _ 1 6 
[00000288] 4 | 2 8 0 7 3 _ _ 1 6 
[00000289] 3 | 2 8 0 7 3 _ 4 1 6 
[00000290] 2 | 2 8 0 7 3 5 4 1 6 
[00000291] 1 | 2 8 0 7 3 5 4 1 6  *Graceful*
[00000291] 4 | 2 8 0 7 _ _ 5 1 6 
[00000292] 3 | 2 8 0 7 4 _ 5 1 6 
[00000293] 2 | 2 8 0 7 4 3 5 1 6 
[00000294] 1 | 2 8 0 7 4 3 5 1 6  *Graceful*
[00000294] 5 | 2 8 0 7 _ _ _ 6 1 
[00000295] 4 | 2 8 0 7 3 _ _ 6 1 
[00000296] 3 | 2 8 0 7 3 6 _ 6 1 
[00000297] 2 | 2 8 0 7 3 6 4 6 1 
[00000298] 2 | 2 8 0 7 3 6 4 6 1 
[00000299] 3 | 2 8 0 7 3 _ 3 6 1 
[00000300] 2 | 2 8 0 7 3 5 3 6 1 
[00000301] 2 | 2 8 0 7 3 5 3 6 1 
[00000302] 6 | _ 8 0 7 1 _ _ _ _ 
[00000303] 5 | 3 8 0 7 1 _ _ _ _ 
[00000304] 4 | 3 8 0 7 1 5 _ _ _ 
[00000305] 3 | 3 8 0 7 1 5 2 _ _ 
[00000306] 2 | 3 8 0 7 1 5 2 4 _ 
[00000307] 2 | 3 8 0 7 1 5 2 4 6 
[00000308] 2 | 3 8 0 7 1 5 2 6 4 
[00000309] 4 | 3 8 0 7 1 2 6 _ _ 
[00000310] 4 | 3 8 0 7 1 6 2 _ _ 
[00000311] 3 | 3 8 0 7 1 6 2 5 _ 
[00000312] 4 | 3 8 0 7 1 _ 2 6 _ 
[00000313] 3 | 3 8 0 7 1 4 2 6 _ 
[00000314] 3 | 3 8 0 7 1 5 2 6 _ 
[00000315] 2 | 3 8 0 7 1 5 2 6 4 
[00000316] 4 | 3 8 0 7 1 _ 6 2 _ 
[00000317] 3 | 3 8 0 7 1 4 6 2 _ 
[00000318] 3 | 3 8 0 7 1 _ 6 2 5 
[00000319] 2 | 3 8 0 7 1 4 6 2 5 
[00000320] 4 | 3 8 0 7 1 _ _ 2 6 
[00000321] 3 | 3 8 0 7 1 4 _ 2 6 
[00000322] 2 | 3 8 0 7 1 4 2 2 6 
[00000323] 2 | 3 8 0 7 1 4 4 2 6 
[00000324] 3 | 3 8 0 7 1 _ 5 2 6 
[00000325] 4 | 3 8 0 7 1 _ _ 6 2 
[00000326] 3 | 3 8 0 7 1 4 _ 6 2 
