7 | 0 7 _ _ _ _ _ _ 
6 | 0 7 1 _ _ _ _ _ 
5 | 0 7 1 6 _ _ _ _ 
4 | 0 7 1 6 3 _ _ _ 
3 | 0 7 1 6 3 2 5 _ 
2 | 0 7 1 6 3 2 5 4 
1 | 0 7 1 6 3 2 5 4  *Graceful*
3 | 0 7 1 6 3 5 2 _ 
3 | 0 7 1 6 3 2 _ 5 
2 | 0 7 1 6 3 2 4 5 
1 | 0 7 1 6 3 2 4 5  *Graceful*
3 | 0 7 1 6 3 5 _ 2 
5 | 0 7 1 _ 2 _ _ _ 
4 | 0 7 1 5 2 _ _ _ 
3 | 0 7 1 5 2 3 6 _ 
3 | 0 7 1 5 2 6 3 _ 
2 | 0 7 1 5 2 6 3 4 
3 | 0 7 1 5 2 3 _ 6 
3 | 0 7 1 5 2 6 _ 3 
2 | 0 7 1 5 2 6 4 3 
4 | 0 7 1 _ 2 6 _ _ 
3 | 0 7 1 4 2 6 _ _ 
3 | 0 7 1 _ 2 6 3 _ 
2 | 0 7 1 _ 2 6 3 4 
3 | 0 7 1 _ 2 6 _ 3 
2 | 0 7 1 _ 2 6 4 3 
6 | 0 7 _ _ 1 _ _ _ 
5 | 0 7 2 _ 1 _ _ _ 
4 | 0 7 2 6 1 _ _ _ 
3 | 0 7 2 6 1 4 _ _ 
4 | 0 7 2 _ 1 5 _ _ 
3 | 0 7 2 5 1 5 _ _ 
3 | 0 7 2 _ 1 5 2 _ 
2 | 0 7 2 _ 1 5 2 3 
3 | 0 7 2 _ 1 5 _ 2 
2 | 0 7 2 _ 1 5 3 2 
5 | 0 7 _ _ 1 6 _ _ 
4 | 0 7 3 _ 1 6 _ _ 
3 | 0 7 3 6 1 6 _ _ 
3 | 0 7 3 _ 1 6 3 _ 
2 | 0 7 3 _ 1 6 3 4 
3 | 0 7 3 _ 1 6 _ 3 
2 | 0 7 3 _ 1 6 4 3 
4 | 0 7 _ _ 1 6 2 _ 
3 | 0 7 4 _ 1 6 2 _ 
2 | 0 7 4 6 1 6 2 _ 
2 | 0 7 4 _ 1 6 2 4 
3 | 0 7 _ _ 1 6 2 3 
2 | 0 7 5 _ 1 6 2 3 
4 | 0 7 _ _ 1 6 _ 2 
3 | 0 7 4 _ 1 6 _ 2 
2 | 0 7 4 6 1 6 _ 2 
2 | 0 7 4 _ 1 6 4 2 
3 | 0 7 _ _ 1 6 3 2 
2 | 0 7 5 _ 1 6 3 2 
7 | 7 0 _ _ _ _ _ _ 
6 | 7 0 6 _ _ _ _ _ 
5 | 7 0 6 1 _ _ _ _ 
4 | 7 0 6 1 4 _ _ _ 
3 | 7 0 6 1 4 2 5 _ 
3 | 7 0 6 1 4 5 2 _ 
2 | 7 0 6 1 4 5 2 3 
1 | 7 0 6 1 4 5 2 3  *Graceful*
3 | 7 0 6 1 4 2 _ 5 
3 | 7 0 6 1 4 5 _ 2 
2 | 7 0 6 1 4 5 3 2 
1 | 7 0 6 1 4 5 3 2  *Graceful*
5 | 7 0 6 _ 5 _ _ _ 
4 | 7 0 6 2 5 _ _ _ 
3 | 7 0 6 2 5 1 4 _ 
2 | 7 0 6 2 5 1 4 3 
3 | 7 0 6 2 5 4 1 _ 
3 | 7 0 6 2 5 1 _ 4 
2 | 7 0 6 2 5 1 3 4 
3 | 7 0 6 2 5 4 _ 1 
4 | 7 0 6 _ 5 1 _ _ 
3 | 7 0 6 3 5 1 _ _ 
3 | 7 0 6 _ 5 1 4 _ 
2 | 7 0 6 _ 5 1 4 3 
3 | 7 0 6 _ 5 1 _ 4 
2 | 7 0 6 _ 5 1 3 4 
6 | 7 0 _ _ 6 _ _ _ 
5 | 7 0 5 _ 6 _ _ _ 
4 | 7 0 5 1 6 _ _ _ 
3 | 7 0 5 1 6 3 _ _ 
4 | 7 0 5 _ 6 2 _ _ 
3 | 7 0 5 2 6 2 _ _ 
3 | 7 0 5 _ 6 2 5 _ 
2 | 7 0 5 _ 6 2 5 4 
3 | 7 0 5 _ 6 2 _ 5 
2 | 7 0 5 _ 6 2 4 5 
5 | 7 0 _ _ 6 1 _ _ 
4 | 7 0 4 _ 6 1 _ _ 
3 | 7 0 4 1 6 1 _ _ 
3 | 7 0 4 _ 6 1 4 _ 
2 | 7 0 4 _ 6 1 4 3 
3 | 7 0 4 _ 6 1 _ 4 
2 | 7 0 4 _ 6 1 3 4 
4 | 7 0 _ _ 6 1 5 _ 
3 | 7 0 3 _ 6 1 5 _ 
2 | 7 0 3 1 6 1 5 _ 
2 | 7 0 3 _ 6 1 5 3 
3 | 7 0 _ _ 6 1 5 4 
2 | 7 0 2 _ 6 1 5 4 
4 | 7 0 _ _ 6 1 _ 5 
3 | 7 0 3 _ 6 1 _ 5 
2 | 7 0 3 1 6 1 _ 5 
2 | 7 0 3 _ 6 1 3 5 
3 | 7 0 _ _ 6 1 4 5 
2 | 7 0 2 _ 6 1 4 5 
7 | _ 0 7 _ _ _ _ _ 
6 | 6 0 7 _ _ _ _ _ 
5 | 6 0 7 2 _ _ _ _ 
4 | 6 0 7 2 4 _ _ _ 
3 | 6 0 7 2 4 1 _ _ 
2 | 6 0 7 2 4 1 3 _ 
2 | 6 0 7 2 4 1 _ 3 
4 | 6 0 7 2 1 5 _ _ 
4 | 6 0 7 2 5 1 _ _ 
3 | 6 0 7 2 5 1 4 _ 
2 | 6 0 7 2 5 1 4 3 
3 | 6 0 7 2 5 1 _ 4 
2 | 6 0 7 2 5 1 3 4 
4 | 6 0 7 2 _ 1 5 _ 
3 | 6 0 7 2 3 1 5 _ 
3 | 6 0 7 2 4 1 5 _ 
2 | 6 0 7 2 4 1 5 3 
3 | 6 0 7 2 _ 1 5 4 
2 | 6 0 7 2 3 1 5 4 
4 | 6 0 7 2 _ 5 1 _ 
3 | 6 0 7 2 3 5 1 _ 
4 | 6 0 7 2 _ 1 _ 5 
3 | 6 0 7 2 3 1 _ 5 
3 | 6 0 7 2 4 1 _ 5 
2 | 6 0 7 2 4 1 3 5 
3 | 6 0 7 2 _ 1 4 5 
2 | 6 0 7 2 3 1 4 5 
4 | 6 0 7 2 _ 5 _ 1 
3 | 6 0 7 2 3 5 _ 1 
5 | 6 0 7 _ 5 _ _ _ 
4 | 6 0 7 3 5 _ _ _ 
3 | 6 0 7 3 5 2 _ _ 
2 | 6 0 7 3 5 2 4 _ 
2 | 6 0 7 3 5 2 _ 4 
3 | 6 0 7 3 5 1 4 _ 
3 | 6 0 7 3 5 4 1 _ 
2 | 6 0 7 3 5 4 1 2 
1 | 6 0 7 3 5 4 1 2  *Graceful*
3 | 6 0 7 3 5 1 _ 4 
3 | 6 0 7 3 5 4 _ 1 
2 | 6 0 7 3 5 4 2 1 
1 | 6 0 7 3 5 4 2 1  *Graceful*
4 | 6 0 7 _ 5 1 _ _ 
3 | 6 0 7 4 5 1 _ _ 
2 | 6 0 7 4 5 1 3 _ 
2 | 6 0 7 4 5 1 _ 3 
3 | 6 0 7 _ 5 1 4 _ 
2 | 6 0 7 _ 5 1 4 3 
3 | 6 0 7 _ 5 1 _ 4 
2 | 6 0 7 _ 5 1 3 4 
6 | _ 0 7 1 _ _ _ _ 
5 | 5 0 7 1 _ _ _ _ 
4 | 5 0 7 1 4 _ _ _ 
3 | 5 0 7 1 4 3 6 _ 
3 | 5 0 7 1 4 6 3 _ 
3 | 5 0 7 1 4 3 _ 6 
3 | 5 0 7 1 4 6 _ 3 
4 | 5 0 7 1 2 6 _ _ 
3 | 5 0 7 1 2 6 3 _ 
2 | 5 0 7 1 2 6 3 4 
3 | 5 0 7 1 2 6 _ 3 
2 | 5 0 7 1 2 6 4 3 
4 | 5 0 7 1 6 2 _ _ 
4 | 5 0 7 1 _ 2 6 _ 
3 | 5 0 7 1 3 2 6 _ 
2 | 5 0 7 1 3 2 6 4 
1 | 5 0 7 1 3 2 6 4  *Graceful*
4 | 5 0 7 1 _ 6 2 _ 
3 | 5 0 7 1 3 6 2 _ 
3 | 5 0 7 1 3 6 2 _ 
2 | 5 0 7 1 3 6 2 4 
3 | 5 0 7 1 _ 6 2 3 
2 | 5 0 7 1 4 6 2 3 
4 | 5 0 7 1 _ 2 _ 6 
3 | 5 0 7 1 3 2 _ 6 
2 | 5 0 7 1 3 2 4 6 
1 | 5 0 7 1 3 2 4 6  *Graceful*
4 | 5 0 7 1 _ 6 _ 2 
3 | 5 0 7 1 3 6 _ 2 
3 | 5 0 7 1 3 6 _ 2 
2 | 5 0 7 1 3 6 4 2 
3 | 5 0 7 1 _ 6 3 2 
2 | 5 0 7 1 4 6 3 2 
5 | _ 0 7 1 5 _ _ _ 
4 | 4 0 7 1 5 _ _ _ 
3 | 4 0 7 1 5 2 _ _ 
3 | 4 0 7 1 5 3 6 _ 
3 | 4 0 7 1 5 6 3 _ 
3 | 4 0 7 1 5 3 _ 6 
3 | 4 0 7 1 5 6 _ 3 
4 | _ 0 7 1 5 2 6 _ 
3 | 3 0 7 1 5 2 6 _ 
2 | 3 0 7 1 5 2 6 4 
4 | _ 0 7 1 5 6 2 _ 
3 | 3 0 7 1 5 6 2 _ 
2 | 3 0 7 1 5 6 2 4 
1 | 3 0 7 1 5 6 2 4  *Graceful*
3 | _ 0 7 1 5 6 2 3 
4 | _ 0 7 1 5 2 _ 6 
3 | 3 0 7 1 5 2 _ 6 
2 | 3 0 7 1 5 2 4 6 
4 | _ 0 7 1 5 6 _ 2 
3 | 3 0 7 1 5 6 _ 2 
2 | 3 0 7 1 5 6 4 2 
1 | 3 0 7 1 5 6 4 2  *Graceful*
3 | _ 0 7 1 5 6 3 2 
6 | _ 0 7 _ 6 _ _ _ 
5 | 5 0 7 _ 6 _ _ _ 
4 | 5 0 7 3 6 _ _ _ 
3 | 5 0 7 3 6 1 4 _ 
3 | 5 0 7 3 6 4 1 _ 
2 | 5 0 7 3 6 4 1 2 
3 | 5 0 7 3 6 1 _ 4 
3 | 5 0 7 3 6 4 _ 1 
2 | 5 0 7 3 6 4 2 1 
4 | 5 0 7 _ 6 2 _ _ 
3 | 5 0 7 4 6 2 _ _ 
5 | _ 0 7 2 6 _ _ _ 
4 | 4 0 7 2 6 _ _ _ 
3 | 4 0 7 2 6 3 _ _ 
2 | 4 0 7 2 6 3 1 _ 
2 | 4 0 7 2 6 3 5 _ 
2 | 4 0 7 2 6 3 _ 1 
2 | 4 0 7 2 6 3 _ 5 
4 | _ 0 7 2 6 1 5 _ 
3 | 3 0 7 2 6 1 5 _ 
3 | _ 0 7 2 6 1 5 4 
4 | _ 0 7 2 6 5 1 _ 
3 | 3 0 7 2 6 5 1 _ 
4 | _ 0 7 2 6 1 _ 5 
3 | 3 0 7 2 6 1 _ 5 
3 | _ 0 7 2 6 1 4 5 
4 | _ 0 7 2 6 5 _ 1 
3 | 3 0 7 2 6 5 _ 1 
5 | _ 0 7 _ 6 1 _ _ 
4 | 4 0 7 _ 6 1 _ _ 
4 | _ 0 7 3 6 1 _ _ 
3 | _ 0 7 3 6 1 4 _ 
2 | 2 0 7 3 6 1 4 _ 
3 | _ 0 7 3 6 1 _ 4 
2 | 2 0 7 3 6 1 _ 4 
4 | _ 0 7 _ 6 1 5 _ 
3 | 3 0 7 _ 6 1 5 _ 
3 | _ 0 7 4 6 1 5 _ 
2 | 2 0 7 4 6 1 5 _ 
2 | _ 0 7 4 6 1 5 3 
3 | _ 0 7 _ 6 1 5 4 
2 | 2 0 7 _ 6 1 5 4 
4 | _ 0 7 _ 6 1 _ 5 
3 | 3 0 7 _ 6 1 _ 5 
3 | _ 0 7 4 6 1 _ 5 
2 | 2 0 7 4 6 1 _ 5 
2 | _ 0 7 4 6 1 3 5 
3 | _ 0 7 _ 6 1 4 5 
2 | 2 0 7 _ 6 1 4 5 
7 | _ 7 0 _ _ _ _ _ 
6 | 1 7 0 _ _ _ _ _ 
5 | 1 7 0 5 _ _ _ _ 
4 | 1 7 0 5 3 _ _ _ 
3 | 1 7 0 5 3 6 _ _ 
2 | 1 7 0 5 3 6 4 _ 
2 | 1 7 0 5 3 6 _ 4 
4 | 1 7 0 5 2 6 _ _ 
3 | 1 7 0 5 2 6 3 _ 
2 | 1 7 0 5 2 6 3 4 
3 | 1 7 0 5 2 6 _ 3 
2 | 1 7 0 5 2 6 4 3 
4 | 1 7 0 5 6 2 _ _ 
4 | 1 7 0 5 _ 2 6 _ 
3 | 1 7 0 5 4 2 6 _ 
4 | 1 7 0 5 _ 6 2 _ 
3 | 1 7 0 5 4 6 2 _ 
3 | 1 7 0 5 3 6 2 _ 
2 | 1 7 0 5 3 6 2 4 
3 | 1 7 0 5 _ 6 2 3 
2 | 1 7 0 5 4 6 2 3 
4 | 1 7 0 5 _ 2 _ 6 
3 | 1 7 0 5 4 2 _ 6 
4 | 1 7 0 5 _ 6 _ 2 
3 | 1 7 0 5 4 6 _ 2 
3 | 1 7 0 5 3 6 _ 2 
2 | 1 7 0 5 3 6 4 2 
3 | 1 7 0 5 _ 6 3 2 
2 | 1 7 0 5 4 6 3 2 
5 | 1 7 0 _ 2 _ _ _ 
4 | 1 7 0 4 2 _ _ _ 
3 | 1 7 0 4 2 5 _ _ 
2 | 1 7 0 4 2 5 3 _ 
2 | 1 7 0 4 2 5 _ 3 
3 | 1 7 0 4 2 3 6 _ 
2 | 1 7 0 4 2 3 6 5 
1 | 1 7 0 4 2 3 6 5  *Graceful*
3 | 1 7 0 4 2 6 3 _ 
3 | 1 7 0 4 2 3 _ 6 
2 | 1 7 0 4 2 3 5 6 
1 | 1 7 0 4 2 3 5 6  *Graceful*
3 | 1 7 0 4 2 6 _ 3 
4 | 1 7 0 _ 2 6 _ _ 
3 | 1 7 0 3 2 6 _ _ 
2 | 1 7 0 3 2 6 4 _ 
2 | 1 7 0 3 2 6 _ 4 
3 | 1 7 0 _ 2 6 3 _ 
2 | 1 7 0 _ 2 6 3 4 
3 | 1 7 0 _ 2 6 _ 3 
2 | 1 7 0 _ 2 6 4 3 
6 | _ 7 0 6 _ _ _ _ 
5 | 2 7 0 6 _ _ _ _ 
4 | 2 7 0 6 3 _ _ _ 
3 | 2 7 0 6 3 1 4 _ 
3 | 2 7 0 6 3 4 1 _ 
3 | 2 7 0 6 3 1 _ 4 
3 | 2 7 0 6 3 4 _ 1 
4 | 2 7 0 6 1 5 _ _ 
4 | 2 7 0 6 5 1 _ _ 
3 | 2 7 0 6 5 1 4 _ 
2 | 2 7 0 6 5 1 4 3 
3 | 2 7 0 6 5 1 _ 4 
2 | 2 7 0 6 5 1 3 4 
4 | 2 7 0 6 _ 1 5 _ 
3 | 2 7 0 6 4 1 5 _ 
3 | 2 7 0 6 4 1 5 _ 
2 | 2 7 0 6 4 1 5 3 
3 | 2 7 0 6 _ 1 5 4 
2 | 2 7 0 6 3 1 5 4 
4 | 2 7 0 6 _ 5 1 _ 
3 | 2 7 0 6 4 5 1 _ 
2 | 2 7 0 6 4 5 1 3 
1 | 2 7 0 6 4 5 1 3  *Graceful*
4 | 2 7 0 6 _ 1 _ 5 
3 | 2 7 0 6 4 1 _ 5 
3 | 2 7 0 6 4 1 _ 5 
2 | 2 7 0 6 4 1 3 5 
3 | 2 7 0 6 _ 1 4 5 
2 | 2 7 0 6 3 1 4 5 
4 | 2 7 0 6 _ 5 _ 1 
3 | 2 7 0 6 4 5 _ 1 
2 | 2 7 0 6 4 5 3 1 
1 | 2 7 0 6 4 5 3 1  *Graceful*
5 | _ 7 0 6 2 _ _ _ 
4 | 3 7 0 6 2 _ _ _ 
3 | 3 7 0 6 2 5 _ _ 
3 | 3 7 0 6 2 1 4 _ 
3 | 3 7 0 6 2 4 1 _ 
3 | 3 7 0 6 2 1 _ 4 
3 | 3 7 0 6 2 4 _ 1 
4 | _ 7 0 6 2 1 5 _ 
3 | 4 7 0 6 2 1 5 _ 
2 | 4 7 0 6 2 1 5 3 
1 | 4 7 0 6 2 1 5 3  *Graceful*
3 | _ 7 0 6 2 1 5 4 
4 | _ 7 0 6 2 5 1 _ 
3 | 4 7 0 6 2 5 1 _ 
2 | 4 7 0 6 2 5 1 3 
4 | _ 7 0 6 2 1 _ 5 
3 | 4 7 0 6 2 1 _ 5 
2 | 4 7 0 6 2 1 3 5 
1 | 4 7 0 6 2 1 3 5  *Graceful*
3 | _ 7 0 6 2 1 4 5 
4 | _ 7 0 6 2 5 _ 1 
3 | 4 7 0 6 2 5 _ 1 
2 | 4 7 0 6 2 5 3 1 
6 | _ 7 0 _ 1 _ _ _ 
5 | 2 7 0 _ 1 _ _ _ 
4 | 2 7 0 4 1 _ _ _ 
3 | 2 7 0 4 1 3 6 _ 
2 | 2 7 0 4 1 3 6 5 
3 | 2 7 0 4 1 6 3 _ 
3 | 2 7 0 4 1 3 _ 6 
2 | 2 7 0 4 1 3 5 6 
3 | 2 7 0 4 1 6 _ 3 
4 | 2 7 0 _ 1 5 _ _ 
3 | 2 7 0 3 1 5 _ _ 
5 | _ 7 0 5 1 _ _ _ 
4 | 3 7 0 5 1 _ _ _ 
3 | 3 7 0 5 1 4 _ _ 
2 | 3 7 0 5 1 4 2 _ 
2 | 3 7 0 5 1 4 6 _ 
2 | 3 7 0 5 1 4 _ 2 
2 | 3 7 0 5 1 4 _ 6 
4 | _ 7 0 5 1 2 6 _ 
3 | 4 7 0 5 1 2 6 _ 
4 | _ 7 0 5 1 6 2 _ 
3 | 4 7 0 5 1 6 2 _ 
3 | _ 7 0 5 1 6 2 3 
4 | _ 7 0 5 1 2 _ 6 
3 | 4 7 0 5 1 2 _ 6 
4 | _ 7 0 5 1 6 _ 2 
3 | 4 7 0 5 1 6 _ 2 
3 | _ 7 0 5 1 6 3 2 
5 | _ 7 0 _ 1 6 _ _ 
