[00004667] 2 | 3 7 2 4 5 0 8 6 _ 
[00004668] 2 | 3 7 2 _ 5 0 8 6 4 
[00004669] 1 | 3 7 2 1 5 0 8 6 4  *Graceful*
[00004669] 4 | _ 7 2 6 _ 0 8 6 _ 
[00004670] 3 | 4 7 2 6 _ 0 8 6 _ 
[00004671] 3 | _ 7 2 6 5 0 8 6 _ 
[00004672] 4 | _ 7 2 _ 6 0 8 6 _ 
[00004673] 3 | 4 7 2 _ 6 0 8 6 _ 
[00004674] 3 | _ 7 2 5 6 0 8 6 _ 
[00004675] 4 | _ 7 2 _ _ 0 8 6 2 
[00004676] 3 | 4 7 2 _ _ 0 8 6 2 
[00004677] 5 | _ 7 _ _ _ 0 8 6 1 
[00004678] 4 | 3 7 _ _ _ 0 8 6 1 
[00004679] 3 | 3 7 4 _ _ 0 8 6 1 
[00004680] 2 | 3 7 4 2 _ 0 8 6 1 
[00004681] 1 | 3 7 4 2 5 0 8 6 1  *Graceful*
[00004681] 2 | 3 7 4 _ 2 0 8 6 1 
[00004682] 1 | 3 7 4 5 2 0 8 6 1  *Graceful*
[00004682] 3 | 3 7 2 5 _ 0 8 6 1 
[00004683] 2 | 3 7 2 5 4 0 8 6 1 
[00004684] 3 | 3 7 5 2 _ 0 8 6 1 
[00004685] 3 | 3 7 2 _ 5 0 8 6 1 
[00004686] 2 | 3 7 2 4 5 0 8 6 1 
[00004687] 3 | 3 7 5 _ 2 0 8 6 1 
[00004688] 4 | _ 7 3 _ _ 0 8 6 1 
[00004689] 3 | 4 7 3 _ _ 0 8 6 1 
[00004690] 2 | 4 7 3 5 _ 0 8 6 1 
[00004691] 1 | 4 7 3 5 2 0 8 6 1  *Graceful*
[00004691] 2 | 4 7 3 _ 5 0 8 6 1 
[00004692] 1 | 4 7 3 2 5 0 8 6 1  *Graceful*
[00004692] 7 | _ _ _ _ _ 0 8 7 _ 
[00004693] 6 | _ 6 _ _ _ 0 8 7 _ 
[00004694] 5 | 1 6 _ _ _ 0 8 7 _ 
[00004695] 4 | 1 6 2 _ _ 0 8 7 _ 
[00004696] 3 | 1 6 2 5 _ 0 8 7 _ 
[00004697] 2 | 1 6 2 5 4 0 8 7 _ 
[00004698] 3 | 1 6 2 _ 5 0 8 7 _ 
[00004699] 2 | 1 6 2 4 5 0 8 7 _ 
[00004700] 3 | 1 6 2 _ _ 0 8 7 4 
[00004701] 4 | 1 6 _ _ _ 0 8 7 3 
[00004702] 3 | 1 6 2 5 _ 0 8 7 3 
[00004703] 2 | 1 6 2 5 4 0 8 7 3 
[00004704] 3 | 1 6 5 2 _ 0 8 7 3 
[00004705] 3 | 1 6 2 _ 5 0 8 7 3 
[00004706] 2 | 1 6 2 4 5 0 8 7 3 
[00004707] 3 | 1 6 5 _ 2 0 8 7 3 
[00004708] 5 | _ 6 1 _ _ 0 8 7 _ 
[00004709] 4 | 2 6 1 _ _ 0 8 7 _ 
[00004710] 3 | 2 6 1 4 _ 0 8 7 _ 
[00004711] 2 | 2 6 1 4 3 0 8 7 _ 
