[00005233] 3 | 3 6 1 5 _ 0 7 8 _ 
[00005234] 3 | _ 6 1 5 4 0 7 8 _ 
[00005235] 2 | 8 6 1 5 4 0 7 8 _ 
[00005236] 2 | _ 6 1 5 4 0 7 8 6 
[00005237] 4 | _ 6 1 _ 5 0 7 8 _ 
[00005238] 3 | 3 6 1 _ 5 0 7 8 _ 
[00005239] 3 | _ 6 1 4 5 0 7 8 _ 
[00005240] 2 | 8 6 1 4 5 0 7 8 _ 
[00005241] 2 | _ 6 1 4 5 0 7 8 6 
[00005242] 4 | _ 6 1 _ _ 0 7 8 4 
[00005243] 3 | 3 6 1 _ _ 0 7 8 4 
[00005244] 5 | _ 6 _ _ _ 0 7 8 3 
[00005245] 4 | 2 6 _ _ _ 0 7 8 3 
[00005246] 3 | 2 6 1 4 _ 0 7 8 3 
[00005247] 3 | 2 6 4 1 _ 0 7 8 3 
[00005248] 3 | 2 6 1 _ 4 0 7 8 3 
[00005249] 3 | 2 6 4 _ 1 0 7 8 3 
[00005250] 4 | _ 6 2 _ _ 0 7 8 3 
[00005251] 3 | _ 6 2 5 _ 0 7 8 3 
[00005252] 2 | 4 6 2 5 _ 0 7 8 3 
[00005253] 1 | 4 6 2 5 1 0 7 8 3  *Graceful*
[00005253] 2 | _ 6 2 5 4 0 7 8 3 
[00005254] 3 | _ 6 2 _ 5 0 7 8 3 
[00005255] 2 | 4 6 2 _ 5 0 7 8 3 
[00005256] 1 | 4 6 2 1 5 0 7 8 3  *Graceful*
[00005256] 2 | _ 6 2 4 5 0 7 8 3 
[00005257] 4 | _ 6 1 5 _ 0 7 8 3 
[00005258] 3 | _ 6 1 5 4 0 7 8 3 
[00005259] 4 | _ 6 5 1 _ 0 7 8 3 
[00005260] 3 | _ 6 5 1 2 0 7 8 3 
[00005261] 2 | 4 6 5 1 2 0 7 8 3 
[00005262] 1 | 4 6 5 1 2 0 7 8 3  *Graceful*
[00005262] 4 | _ 6 1 _ 5 0 7 8 3 
[00005263] 3 | _ 6 1 4 5 0 7 8 3 
[00005264] 4 | _ 6 5 _ 1 0 7 8 3 
[00005265] 3 | _ 6 5 2 1 0 7 8 3 
[00005266] 2 | 4 6 5 2 1 0 7 8 3 
[00005267] 1 | 4 6 5 2 1 0 7 8 3  *Graceful*
[00005267] 6 | _ _ _ _ _ 0 7 8 2 
[00005268] 5 | 1 6 _ _ _ 0 7 8 2 
[00005269] 5 | 6 1 _ _ _ 0 7 8 2 
[00005270] 4 | 6 1 5 _ _ 0 7 8 2 
[00005271] 5 | _ 1 6 _ _ 0 7 8 2 
[00005272] 4 | 5 1 6 _ _ 0 7 8 2 
[00005273] 3 | 5 1 6 3 _ 0 7 8 2 
[00005274] 2 | 5 1 6 3 4 0 7 8 2 
[00005275] 1 | 5 1 6 3 4 0 7 8 2  *Graceful*
[00005275] 3 | 5 1 6 _ 3 0 7 8 2 
[00005276] 2 | 5 1 6 4 3 0 7 8 2 
[00005277] 1 | 5 1 6 4 3 0 7 8 2  *Graceful*
[00005277] 5 | _ 6 1 _ _ 0 7 8 2 
