[00003156] 2 | 2 0 7 _ 1 8 3 4 7 
[00003157] 4 | _ 0 7 _ 1 8 3 2 6 
[00003158] 3 | _ 0 7 4 1 8 3 2 6 
[00003159] 4 | _ 0 7 _ 1 8 3 6 2 
[00003160] 3 | _ 0 7 4 1 8 3 6 2 
[00003161] 5 | _ 0 7 _ 1 8 _ 3 _ 
[00003162] 4 | 4 0 7 _ 1 8 _ 3 _ 
[00003163] 3 | 4 0 7 _ 1 8 5 3 _ 
[00003164] 3 | 4 0 7 _ 1 8 _ 3 6 
[00003165] 2 | 4 0 7 5 1 8 _ 3 6 
[00003166] 4 | _ 0 7 3 1 8 _ 3 _ 
[00003167] 3 | _ 0 7 3 1 8 5 3 _ 
[00003168] 2 | 2 0 7 3 1 8 5 3 _ 
[00003169] 4 | _ 0 7 _ 1 8 4 3 _ 
[00003170] 3 | 3 0 7 _ 1 8 4 3 _ 
[00003171] 2 | 3 0 7 5 1 8 4 3 _ 
[00003172] 3 | _ 0 7 _ 1 8 4 3 0 
[00003173] 2 | _ 0 7 5 1 8 4 3 0 
[00003174] 3 | _ 0 7 _ 1 8 4 3 6 
[00003175] 2 | 2 0 7 _ 1 8 4 3 6 
[00003176] 2 | _ 0 7 5 1 8 4 3 6 
[00003177] 4 | _ 0 7 _ 1 8 _ 3 7 
[00003178] 3 | _ 0 7 _ 1 8 5 3 7 
[00003179] 2 | 2 0 7 _ 1 8 5 3 7 
[00003180] 6 | _ 0 7 _ _ 8 2 _ _ 
[00003181] 5 | 5 0 7 _ _ 8 2 _ _ 
[00003182] 4 | 5 0 7 3 _ 8 2 _ _ 
[00003183] 3 | 5 0 7 3 4 8 2 _ _ 
[00003184] 2 | 5 0 7 3 4 8 2 6 _ 
[00003185] 3 | 5 0 7 3 _ 8 2 1 4 
[00003186] 3 | 5 0 7 3 _ 8 2 4 1 
[00003187] 4 | 5 0 7 _ 3 8 2 _ _ 
[00003188] 3 | 5 0 7 4 3 8 2 _ _ 
[00003189] 2 | 5 0 7 4 3 8 2 6 _ 
[00003190] 3 | 5 0 7 _ 3 8 2 1 4 
[00003191] 3 | 5 0 7 _ 3 8 2 4 1 
[00003192] 4 | 5 0 7 _ _ 8 2 4 _ 
[00003193] 3 | 5 0 7 4 _ 8 2 4 _ 
[00003194] 3 | 5 0 7 _ 4 8 2 4 _ 
[00003195] 3 | 5 0 7 _ _ 8 2 4 1 
[00003196] 3 | 5 0 7 _ _ 8 2 4 7 
[00003197] 5 | _ 0 7 _ _ 8 2 3 _ 
[00003198] 4 | 4 0 7 _ _ 8 2 3 _ 
[00003199] 3 | 4 0 7 _ _ 8 2 3 6 
[00003200] 2 | 4 0 7 5 _ 8 2 3 6 
[00003201] 2 | 4 0 7 _ 5 8 2 3 6 
[00003202] 4 | _ 0 7 3 _ 8 2 3 _ 
[00003203] 3 | _ 0 7 3 4 8 2 3 _ 
[00003204] 4 | _ 0 7 _ 3 8 2 3 _ 
[00003205] 3 | _ 0 7 4 3 8 2 3 _ 
