[00002960] 3 | 7 0 5 _ 1 8 3 2 5 
[00002961] 4 | 7 0 _ _ _ 8 3 2 6 
[00002962] 3 | 7 0 1 4 _ 8 3 2 6 
[00002963] 3 | 7 0 4 1 _ 8 3 2 6 
[00002964] 3 | 7 0 1 _ 4 8 3 2 6 
[00002965] 3 | 7 0 4 _ 1 8 3 2 6 
[00002966] 7 | _ 0 7 _ _ 8 _ _ _ 
[00002967] 6 | 6 0 7 _ _ 8 _ _ _ 
[00002968] 5 | 6 0 7 2 _ 8 _ _ _ 
[00002969] 4 | 6 0 7 2 3 8 _ _ _ 
[00002970] 3 | 6 0 7 2 3 8 5 _ _ 
[00002971] 3 | 6 0 7 2 3 8 _ 5 _ 
[00002972] 3 | 6 0 7 2 3 8 _ 1 4 
[00002973] 3 | 6 0 7 2 3 8 _ 4 1 
[00002974] 4 | 6 0 7 2 _ 8 4 _ _ 
[00002975] 3 | 6 0 7 2 _ 8 4 5 _ 
[00002976] 2 | 6 0 7 2 5 8 4 5 _ 
[00002977] 2 | 6 0 7 2 _ 8 4 5 3 
[00002978] 2 | 6 0 7 2 _ 8 4 5 7 
[00002979] 4 | 6 0 7 2 _ 8 _ 4 _ 
[00002980] 3 | 6 0 7 2 4 8 _ 4 _ 
[00002981] 3 | 6 0 7 2 _ 8 5 4 _ 
[00002982] 3 | 6 0 7 2 _ 8 _ 4 1 
[00002983] 2 | 6 0 7 2 5 8 _ 4 1 
[00002984] 3 | 6 0 7 2 _ 8 _ 4 7 
[00002985] 4 | 6 0 7 2 _ 8 _ 1 5 
[00002986] 3 | 6 0 7 2 4 8 _ 1 5 
[00002987] 4 | 6 0 7 2 _ 8 _ 5 1 
[00002988] 3 | 6 0 7 2 4 8 _ 5 1 
[00002989] 5 | 6 0 7 _ 2 8 _ _ _ 
[00002990] 4 | 6 0 7 3 2 8 _ _ _ 
[00002991] 3 | 6 0 7 3 2 8 5 _ _ 
[00002992] 3 | 6 0 7 3 2 8 _ 5 _ 
[00002993] 3 | 6 0 7 3 2 8 _ 1 4 
[00002994] 3 | 6 0 7 3 2 8 _ 4 1 
[00002995] 4 | 6 0 7 _ 2 8 4 _ _ 
[00002996] 3 | 6 0 7 _ 2 8 4 5 _ 
[00002997] 2 | 6 0 7 5 2 8 4 5 _ 
[00002998] 2 | 6 0 7 _ 2 8 4 5 3 
[00002999] 2 | 6 0 7 _ 2 8 4 5 7 
[00003000] 4 | 6 0 7 _ 2 8 _ 4 _ 
[00003001] 3 | 6 0 7 4 2 8 _ 4 _ 
[00003002] 3 | 6 0 7 _ 2 8 5 4 _ 
[00003003] 3 | 6 0 7 _ 2 8 _ 4 1 
[00003004] 2 | 6 0 7 5 2 8 _ 4 1 
[00003005] 3 | 6 0 7 _ 2 8 _ 4 7 
[00003006] 4 | 6 0 7 _ 2 8 _ 1 5 
[00003007] 3 | 6 0 7 4 2 8 _ 1 5 
[00003008] 4 | 6 0 7 _ 2 8 _ 5 1 
[00003009] 3 | 6 0 7 4 2 8 _ 5 1 
