[00002300] 4 | 5 1 8 0 3 7 _ _ _ 
[00002301] 3 | 5 1 8 0 3 7 4 _ _ 
[00002302] 3 | 5 1 8 0 3 7 _ 4 _ 
[00002303] 2 | 5 1 8 0 3 7 _ 4 2 
[00002304] 1 | 5 1 8 0 3 7 6 4 2  *Graceful*
[00002304] 2 | 5 1 8 0 3 7 _ 4 6 
[00002305] 4 | _ 1 8 0 3 7 _ 2 6 
[00002306] 3 | 4 1 8 0 3 7 _ 2 6 
[00002307] 2 | 4 1 8 0 3 7 5 2 6 
[00002308] 3 | _ 1 8 0 3 7 4 2 6 
[00002309] 4 | _ 1 8 0 3 7 _ 6 2 
[00002310] 3 | 4 1 8 0 3 7 _ 6 2 
[00002311] 2 | 4 1 8 0 3 7 5 6 2 
[00002312] 1 | 4 1 8 0 3 7 5 6 2  *Graceful*
[00002312] 3 | _ 1 8 0 3 7 4 6 2 
[00002313] 5 | _ 1 8 0 _ 7 2 _ _ 
[00002314] 4 | 5 1 8 0 _ 7 2 _ _ 
[00002315] 3 | 5 1 8 0 _ 7 2 4 _ 
[00002316] 2 | 5 1 8 0 6 7 2 4 _ 
[00002317] 1 | 5 1 8 0 6 7 2 4 3  *Graceful*
[00002317] 2 | 5 1 8 0 _ 7 2 4 6 
[00002318] 3 | 5 1 8 0 _ 7 2 3 6 
[00002319] 3 | 5 1 8 0 _ 7 2 6 3 
[00002320] 4 | _ 1 8 0 4 7 2 _ _ 
[00002321] 3 | _ 1 8 0 4 7 2 3 6 
[00002322] 3 | _ 1 8 0 4 7 2 6 3 
[00002323] 4 | _ 1 8 0 _ 7 2 3 _ 
[00002324] 3 | 4 1 8 0 _ 7 2 3 _ 
[00002325] 2 | 4 1 8 0 6 7 2 3 _ 
[00002326] 2 | 4 1 8 0 _ 7 2 3 5 
[00002327] 3 | _ 1 8 0 5 7 2 3 _ 
[00002328] 2 | 3 1 8 0 5 7 2 3 _ 
[00002329] 2 | _ 1 8 0 5 7 2 3 1 
[00002330] 3 | _ 1 8 0 _ 7 2 3 6 
[00002331] 5 | _ 1 8 0 _ 7 _ 2 _ 
[00002332] 4 | 5 1 8 0 _ 7 _ 2 _ 
[00002333] 3 | 5 1 8 0 _ 7 4 2 _ 
[00002334] 2 | 5 1 8 0 6 7 4 2 _ 
[00002335] 1 | 5 1 8 0 6 7 4 2 3  *Graceful*
[00002335] 4 | _ 1 8 0 4 7 _ 2 _ 
[00002336] 3 | _ 1 8 0 4 7 _ 2 5 
[00002337] 2 | 3 1 8 0 4 7 _ 2 5 
[00002338] 1 | 3 1 8 0 4 7 6 2 5  *Graceful*
[00002338] 4 | _ 1 8 0 _ 7 3 2 _ 
[00002339] 3 | 4 1 8 0 _ 7 3 2 _ 
[00002340] 2 | 4 1 8 0 6 7 3 2 _ 
[00002341] 3 | _ 1 8 0 5 7 3 2 _ 
[00002342] 2 | _ 1 8 0 5 7 3 2 4 
[00002343] 3 | _ 1 8 0 _ 7 3 2 5 
[00002344] 2 | _ 1 8 0 6 7 3 2 5 
