[00004762] 2 | 7 1 6 2 4 8 0 5 _ 
[00004763] 2 | 7 1 6 2 _ 8 0 5 3 
[00004764] 4 | 7 1 6 _ 2 8 0 _ _ 
[00004765] 3 | 7 1 6 3 2 8 0 _ _ 
[00004766] 3 | 7 1 6 _ 2 8 0 5 _ 
[00004767] 2 | 7 1 6 4 2 8 0 5 _ 
[00004768] 2 | 7 1 6 _ 2 8 0 5 3 
[00004769] 4 | 7 1 6 _ _ 8 0 4 _ 
[00004770] 3 | 7 1 6 3 _ 8 0 4 _ 
[00004771] 2 | 7 1 6 3 4 8 0 4 _ 
[00004772] 2 | 7 1 6 3 _ 8 0 4 2 
[00004773] 1 | 7 1 6 3 5 8 0 4 2  *Graceful*
[00004773] 2 | 7 1 6 3 _ 8 0 4 6 
[00004774] 3 | 7 1 6 _ 3 8 0 4 _ 
[00004775] 2 | 7 1 6 4 3 8 0 4 _ 
[00004776] 2 | 7 1 6 _ 3 8 0 4 2 
[00004777] 1 | 7 1 6 5 3 8 0 4 2  *Graceful*
[00004777] 2 | 7 1 6 _ 3 8 0 4 6 
[00004778] 5 | 7 1 _ _ _ 8 0 3 _ 
[00004779] 4 | 7 1 5 _ _ 8 0 3 _ 
[00004780] 3 | 7 1 5 2 _ 8 0 3 _ 
[00004781] 2 | 7 1 5 2 3 8 0 3 _ 
[00004782] 2 | 7 1 5 2 _ 8 0 3 5 
[00004783] 3 | 7 1 5 _ 2 8 0 3 _ 
[00004784] 2 | 7 1 5 3 2 8 0 3 _ 
[00004785] 2 | 7 1 5 _ 2 8 0 3 5 
[00004786] 3 | 7 1 5 _ _ 8 0 3 6 
[00004787] 4 | 7 1 2 6 _ 8 0 3 _ 
[00004788] 3 | 7 1 2 6 5 8 0 3 _ 
[00004789] 4 | 7 1 6 2 _ 8 0 3 _ 
[00004790] 3 | 7 1 6 2 3 8 0 3 _ 
[00004791] 3 | 7 1 6 2 _ 8 0 3 6 
[00004792] 4 | 7 1 2 _ 6 8 0 3 _ 
[00004793] 3 | 7 1 2 5 6 8 0 3 _ 
[00004794] 4 | 7 1 6 _ 2 8 0 3 _ 
[00004795] 3 | 7 1 6 3 2 8 0 3 _ 
[00004796] 3 | 7 1 6 _ 2 8 0 3 6 
[00004797] 6 | _ 1 7 _ _ 8 0 _ _ 
[00004798] 5 | 6 1 7 _ _ 8 0 _ _ 
[00004799] 4 | 6 1 7 3 _ 8 0 _ _ 
[00004800] 3 | 6 1 7 3 4 8 0 _ _ 
[00004801] 3 | 6 1 7 3 _ 8 0 5 _ 
[00004802] 2 | 6 1 7 3 5 8 0 5 _ 
[00004803] 2 | 6 1 7 3 _ 8 0 5 7 
[00004804] 3 | 6 1 7 3 _ 8 0 2 5 
[00004805] 3 | 6 1 7 3 _ 8 0 5 2 
[00004806] 4 | 6 1 7 _ 3 8 0 _ _ 
[00004807] 3 | 6 1 7 4 3 8 0 _ _ 
[00004808] 3 | 6 1 7 _ 3 8 0 5 _ 
[00004809] 2 | 6 1 7 5 3 8 0 5 _ 
