[00005278] 5 | _ _ 1 6 _ 0 7 8 2 
[00005279] 4 | _ 5 1 6 _ 0 7 8 2 
[00005280] 4 | _ _ 1 6 5 0 7 8 2 
[00005281] 3 | _ 4 1 6 5 0 7 8 2 
[00005282] 3 | _ 3 1 6 5 0 7 8 2 
[00005283] 4 | _ 4 1 6 _ 0 7 8 2 
[00005284] 3 | 1 4 1 6 _ 0 7 8 2 
[00005285] 3 | _ 4 1 6 4 0 7 8 2 
[00005286] 5 | _ _ 6 1 _ 0 7 8 2 
[00005287] 4 | _ 4 6 1 _ 0 7 8 2 
[00005288] 3 | _ 4 6 1 3 0 7 8 2 
[00005289] 5 | _ _ 1 _ 6 0 7 8 2 
[00005290] 4 | _ 5 1 _ 6 0 7 8 2 
[00005291] 4 | _ _ 1 5 6 0 7 8 2 
[00005292] 3 | _ 4 1 5 6 0 7 8 2 
[00005293] 3 | _ 3 1 5 6 0 7 8 2 
[00005294] 4 | _ 4 1 _ 6 0 7 8 2 
[00005295] 3 | 1 4 1 _ 6 0 7 8 2 
[00005296] 3 | _ 4 1 4 6 0 7 8 2 
[00005297] 5 | _ _ 6 _ 1 0 7 8 2 
[00005298] 4 | _ 4 6 _ 1 0 7 8 2 
[00005299] 3 | _ 4 6 3 1 0 7 8 2 
[00005300] 5 | _ 5 _ _ _ 0 7 8 2 
[00005301] 4 | 1 5 _ _ _ 0 7 8 2 
[00005302] 3 | 1 5 3 6 _ 0 7 8 2 
[00005303] 3 | 1 5 6 3 _ 0 7 8 2 
[00005304] 2 | 1 5 6 3 4 0 7 8 2 
[00005305] 1 | 1 5 6 3 4 0 7 8 2  *Graceful*
[00005305] 3 | 1 5 3 _ 6 0 7 8 2 
[00005306] 3 | 1 5 6 _ 3 0 7 8 2 
[00005307] 2 | 1 5 6 4 3 0 7 8 2 
[00005308] 1 | 1 5 6 4 3 0 7 8 2  *Graceful*
[00005308] 4 | _ 5 1 _ _ 0 7 8 2 
[00005309] 3 | _ 5 1 4 _ 0 7 8 2 
[00005310] 2 | 3 5 1 4 _ 0 7 8 2 
[00005311] 2 | _ 5 1 4 3 0 7 8 2 
[00005312] 1 | 6 5 1 4 3 0 7 8 2  *Graceful*
[00005312] 3 | _ 5 1 _ 4 0 7 8 2 
[00005313] 2 | 3 5 1 _ 4 0 7 8 2 
[00005314] 2 | _ 5 1 3 4 0 7 8 2 
[00005315] 1 | 6 5 1 3 4 0 7 8 2  *Graceful*
[00005315] 7 | _ _ _ _ _ 0 _ 8 1 
[00005316] 6 | _ 6 _ _ _ 0 _ 8 1 
[00005317] 5 | _ 6 2 7 _ 0 _ 8 1 
[00005318] 4 | 2 6 2 7 _ 0 _ 8 1 
[00005319] 3 | 2 6 2 7 _ 0 3 8 1 
[00005320] 4 | _ 6 2 7 6 0 _ 8 1 
[00005321] 3 | _ 6 2 7 6 0 3 8 1 
[00005322] 4 | _ 6 2 7 _ 0 4 8 1 
[00005323] 3 | 3 6 2 7 _ 0 4 8 1 
