[00002160] 3 | _ 7 0 8 3 1 5 6 _ 
[00002161] 2 | _ 7 0 8 3 1 5 6 4 
[00002162] 3 | _ 7 0 8 _ 1 5 6 3 
[00002163] 2 | _ 7 0 8 2 1 5 6 3 
[00002164] 4 | _ 7 0 8 _ 1 _ 6 2 
[00002165] 3 | 4 7 0 8 _ 1 _ 6 2 
[00002166] 2 | 4 7 0 8 _ 1 3 6 2 
[00002167] 3 | _ 7 0 8 3 1 _ 6 2 
[00002168] 2 | 5 7 0 8 3 1 _ 6 2 
[00002169] 3 | _ 7 0 8 _ 1 4 6 2 
[00002170] 2 | 5 7 0 8 _ 1 4 6 2 
[00002171] 7 | _ _ 0 8 7 _ _ _ _ 
[00002172] 6 | _ 6 0 8 7 _ _ _ _ 
[00002173] 5 | 1 6 0 8 7 _ _ _ _ 
[00002174] 4 | 1 6 0 8 7 2 _ _ _ 
[00002175] 3 | 1 6 0 8 7 2 5 _ _ 
[00002176] 2 | 1 6 0 8 7 2 5 4 _ 
[00002177] 1 | 1 6 0 8 7 2 5 4 3  *Graceful*
[00002177] 3 | 1 6 0 8 7 2 _ 5 _ 
[00002178] 2 | 1 6 0 8 7 2 4 5 _ 
[00002179] 2 | 1 6 0 8 7 2 _ 5 3 
[00002180] 5 | _ 6 0 8 7 1 _ _ _ 
[00002181] 4 | 2 6 0 8 7 1 _ _ _ 
[00002182] 3 | 2 6 0 8 7 1 4 _ _ 
[00002183] 2 | 2 6 0 8 7 1 4 3 _ 
[00002184] 2 | 2 6 0 8 7 1 4 3 5 
[00002185] 2 | 2 6 0 8 7 1 4 5 3 
[00002186] 3 | 2 6 0 8 7 1 _ 4 _ 
[00002187] 2 | 2 6 0 8 7 1 3 4 _ 
[00002188] 1 | 2 6 0 8 7 1 3 4 5  *Graceful*
[00002188] 4 | _ 6 0 8 7 1 5 _ _ 
[00002189] 3 | 3 6 0 8 7 1 5 _ _ 
[00002190] 2 | 3 6 0 8 7 1 5 2 4 
[00002191] 1 | 3 6 0 8 7 1 5 2 4  *Graceful*
[00002191] 2 | 3 6 0 8 7 1 5 4 2 
[00002192] 3 | _ 6 0 8 7 1 5 4 _ 
[00002193] 2 | 4 6 0 8 7 1 5 4 _ 
[00002194] 2 | _ 6 0 8 7 1 5 4 2 
[00002195] 2 | _ 6 0 8 7 1 5 4 6 
[00002196] 4 | _ 6 0 8 7 1 _ 5 _ 
[00002197] 3 | 3 6 0 8 7 1 _ 5 _ 
[00002198] 3 | _ 6 0 8 7 1 4 5 _ 
[00002199] 2 | _ 6 0 8 7 1 4 5 3 
[00002200] 3 | _ 6 0 8 7 1 _ 5 2 
[00002201] 2 | 4 6 0 8 7 1 _ 5 2 
[00002202] 2 | _ 6 0 8 7 1 3 5 2 
[00002203] 8 | _ _ 8 0 _ _ _ _ _ 
[00002204] 7 | _ 1 8 0 _ _ _ _ _ 
[00002205] 6 | 7 1 8 0 _ _ _ _ _ 
[00002206] 5 | 7 1 8 0 3 _ _ _ _ 
