[00002392] 1 | 1 7 0 5 8 3 6 4 2  *Graceful*
[00002392] 3 | 1 7 0 5 8 3 _ 6 _ 
[00002393] 2 | 1 7 0 5 8 3 _ 6 4 
[00002394] 1 | 1 7 0 5 8 3 2 6 4  *Graceful*
[00002394] 4 | 1 7 0 5 8 2 6 _ _ 
[00002395] 4 | 1 7 0 5 8 6 2 _ _ 
[00002396] 3 | 1 7 0 5 8 6 2 3 _ 
[00002397] 4 | 1 7 0 5 8 2 _ 6 _ 
[00002398] 3 | 1 7 0 5 8 2 _ 6 3 
[00002399] 2 | 1 7 0 5 8 2 4 6 3 
[00002400] 4 | 1 7 0 5 8 6 _ 2 _ 
[00002401] 3 | 1 7 0 5 8 6 3 2 _ 
[00002402] 2 | 1 7 0 5 8 6 3 2 4 
[00002403] 1 | 1 7 0 5 8 6 3 2 4  *Graceful*
[00002403] 4 | 1 7 0 5 8 _ _ 2 6 
[00002404] 3 | 1 7 0 5 8 4 _ 2 6 
[00002405] 4 | 1 7 0 5 8 _ _ 6 2 
[00002406] 3 | 1 7 0 5 8 4 _ 6 2 
[00002407] 3 | 1 7 0 5 8 3 _ 6 2 
[00002408] 5 | 1 7 0 _ 8 2 _ _ _ 
[00002409] 4 | 1 7 0 4 8 2 _ _ _ 
[00002410] 3 | 1 7 0 4 8 2 5 _ _ 
[00002411] 3 | 1 7 0 4 8 2 _ 5 _ 
[00002412] 2 | 1 7 0 4 8 2 _ 5 3 
[00002413] 3 | 1 7 0 4 8 2 _ 3 6 
[00002414] 3 | 1 7 0 4 8 2 _ 6 3 
[00002415] 4 | 1 7 0 _ 8 2 6 _ _ 
[00002416] 3 | 1 7 0 3 8 2 6 _ _ 
[00002417] 2 | 1 7 0 3 8 2 6 4 _ 
[00002418] 1 | 1 7 0 3 8 2 6 4 5  *Graceful*
[00002418] 3 | 1 7 0 _ 8 2 6 5 _ 
[00002419] 2 | 1 7 0 _ 8 2 6 5 3 
[00002420] 4 | 1 7 0 _ 8 2 _ 6 _ 
[00002421] 3 | 1 7 0 3 8 2 _ 6 _ 
[00002422] 2 | 1 7 0 3 8 2 4 6 _ 
[00002423] 1 | 1 7 0 3 8 2 4 6 5  *Graceful*
[00002423] 2 | 1 7 0 3 8 2 _ 6 4 
[00002424] 3 | 1 7 0 _ 8 2 5 6 _ 
[00002425] 2 | 1 7 0 _ 8 2 5 6 4 
[00002426] 3 | 1 7 0 _ 8 2 _ 6 3 
[00002427] 2 | 1 7 0 2 8 2 _ 6 3 
[00002428] 2 | 1 7 0 _ 8 2 0 6 3 
[00002429] 2 | 1 7 0 _ 8 2 4 6 3 
[00002430] 6 | _ 7 0 6 8 _ _ _ _ 
[00002431] 5 | 2 7 0 6 8 _ _ _ _ 
[00002432] 4 | 2 7 0 6 8 3 _ _ _ 
[00002433] 3 | 2 7 0 6 8 3 _ 1 4 
[00002434] 2 | 2 7 0 6 8 3 5 1 4 
[00002435] 3 | 2 7 0 6 8 3 _ 4 1 
[00002436] 2 | 2 7 0 6 8 3 5 4 1 
