[00002862] 3 | 7 0 4 _ 1 8 2 3 _ 
[00002863] 2 | 7 0 4 6 1 8 2 3 _ 
[00002864] 2 | 7 0 4 _ 1 8 2 3 5 
[00002865] 3 | 7 0 4 _ _ 8 2 3 6 
[00002866] 4 | 7 0 1 5 _ 8 2 3 _ 
[00002867] 3 | 7 0 1 5 4 8 2 3 _ 
[00002868] 3 | 7 0 1 5 _ 8 2 3 6 
[00002869] 4 | 7 0 5 1 _ 8 2 3 _ 
[00002870] 3 | 7 0 5 1 _ 8 2 3 6 
[00002871] 4 | 7 0 1 _ 5 8 2 3 _ 
[00002872] 3 | 7 0 1 4 5 8 2 3 _ 
[00002873] 3 | 7 0 1 _ 5 8 2 3 6 
[00002874] 4 | 7 0 5 _ 1 8 2 3 _ 
[00002875] 3 | 7 0 5 _ 1 8 2 3 6 
[00002876] 5 | 7 0 _ _ _ 8 2 1 6 
[00002877] 4 | 7 0 4 _ _ 8 2 1 6 
[00002878] 5 | 7 0 _ _ _ 8 2 6 1 
[00002879] 4 | 7 0 4 _ _ 8 2 6 1 
[00002880] 6 | 7 0 _ _ _ 8 _ 2 _ 
[00002881] 5 | 7 0 5 _ _ 8 _ 2 _ 
[00002882] 4 | 7 0 5 1 _ 8 _ 2 _ 
[00002883] 3 | 7 0 5 1 2 8 _ 2 _ 
[00002884] 2 | 7 0 5 1 2 8 6 2 _ 
[00002885] 3 | 7 0 5 1 8 8 _ 2 _ 
[00002886] 2 | 7 0 5 1 8 8 _ 2 4 
[00002887] 3 | 7 0 5 1 _ 8 5 2 _ 
[00002888] 2 | 7 0 5 1 _ 8 5 2 4 
[00002889] 3 | 7 0 5 1 _ 8 _ 2 5 
[00002890] 2 | 7 0 5 1 _ 8 6 2 5 
[00002891] 4 | 7 0 5 _ 1 8 _ 2 _ 
[00002892] 3 | 7 0 5 2 1 8 _ 2 _ 
[00002893] 2 | 7 0 5 2 1 8 6 2 _ 
[00002894] 3 | 7 0 5 8 1 8 _ 2 _ 
[00002895] 2 | 7 0 5 8 1 8 _ 2 4 
[00002896] 3 | 7 0 5 _ 1 8 5 2 _ 
[00002897] 2 | 7 0 5 _ 1 8 5 2 4 
[00002898] 3 | 7 0 5 _ 1 8 _ 2 5 
[00002899] 2 | 7 0 5 _ 1 8 6 2 5 
[00002900] 4 | 7 0 5 _ _ 8 4 2 _ 
[00002901] 3 | 7 0 5 2 _ 8 4 2 _ 
[00002902] 2 | 7 0 5 2 3 8 4 2 _ 
[00002903] 3 | 7 0 5 _ 2 8 4 2 _ 
[00002904] 2 | 7 0 5 3 2 8 4 2 _ 
[00002905] 3 | 7 0 5 _ _ 8 4 2 5 
[00002906] 4 | 7 0 5 _ _ 8 _ 2 6 
[00002907] 3 | 7 0 5 8 _ 8 _ 2 6 
[00002908] 2 | 7 0 5 8 3 8 _ 2 6 
[00002909] 3 | 7 0 5 _ 8 8 _ 2 6 
[00002910] 2 | 7 0 5 3 8 8 _ 2 6 
[00002911] 3 | 7 0 5 _ _ 8 5 2 6 
