[00004858] 4 | 5 1 7 _ _ 8 0 3 _ 
[00004859] 3 | 5 1 7 4 _ 8 0 3 _ 
[00004860] 3 | 5 1 7 _ 4 8 0 3 _ 
[00004861] 3 | 5 1 7 _ _ 8 0 3 6 
[00004862] 4 | _ 1 7 3 _ 8 0 3 _ 
[00004863] 3 | 4 1 7 3 _ 8 0 3 _ 
[00004864] 2 | 4 1 7 3 5 8 0 3 _ 
[00004865] 3 | _ 1 7 3 4 8 0 3 _ 
[00004866] 4 | _ 1 7 _ 3 8 0 3 _ 
[00004867] 3 | 4 1 7 _ 3 8 0 3 _ 
[00004868] 2 | 4 1 7 5 3 8 0 3 _ 
[00004869] 3 | _ 1 7 4 3 8 0 3 _ 
[00004870] 4 | _ 1 7 _ _ 8 0 3 7 
[00004871] 3 | 4 1 7 _ _ 8 0 3 7 
[00004872] 6 | _ 1 _ _ _ 8 0 2 _ 
[00004873] 5 | 6 1 _ _ _ 8 0 2 _ 
[00004874] 4 | 6 1 5 _ _ 8 0 2 _ 
[00004875] 3 | 6 1 5 2 _ 8 0 2 _ 
[00004876] 2 | 6 1 5 2 3 8 0 2 _ 
[00004877] 2 | 6 1 5 2 7 8 0 2 _ 
[00004878] 3 | 6 1 5 _ 2 8 0 2 _ 
[00004879] 2 | 6 1 5 3 2 8 0 2 _ 
[00004880] 2 | 6 1 5 7 2 8 0 2 _ 
[00004881] 3 | 6 1 5 _ _ 8 0 2 5 
[00004882] 4 | 6 1 3 7 _ 8 0 2 _ 
[00004883] 3 | 6 1 3 7 _ 8 0 2 5 
[00004884] 4 | 6 1 7 3 _ 8 0 2 _ 
[00004885] 3 | 6 1 7 3 4 8 0 2 _ 
[00004886] 3 | 6 1 7 3 _ 8 0 2 5 
[00004887] 4 | 6 1 3 _ 7 8 0 2 _ 
[00004888] 3 | 6 1 3 _ 7 8 0 2 5 
[00004889] 4 | 6 1 7 _ 3 8 0 2 _ 
[00004890] 3 | 6 1 7 4 3 8 0 2 _ 
[00004891] 3 | 6 1 7 _ 3 8 0 2 5 
[00004892] 5 | _ 1 6 _ _ 8 0 2 _ 
[00004893] 4 | 5 1 6 _ _ 8 0 2 _ 
[00004894] 3 | 5 1 6 3 _ 8 0 2 _ 
[00004895] 2 | 5 1 6 3 4 8 0 2 _ 
[00004896] 2 | 5 1 6 3 _ 8 0 2 4 
[00004897] 1 | 5 1 6 3 7 8 0 2 4  *Graceful*
[00004897] 3 | 5 1 6 _ 3 8 0 2 _ 
[00004898] 2 | 5 1 6 4 3 8 0 2 _ 
[00004899] 2 | 5 1 6 _ 3 8 0 2 4 
[00004900] 1 | 5 1 6 7 3 8 0 2 4  *Graceful*
[00004900] 4 | _ 1 6 2 _ 8 0 2 _ 
[00004901] 3 | 4 1 6 2 _ 8 0 2 _ 
[00004902] 3 | _ 1 6 2 3 8 0 2 _ 
[00004903] 4 | _ 1 6 _ 2 8 0 2 _ 
[00004904] 3 | 4 1 6 _ 2 8 0 2 _ 
[00004905] 3 | _ 1 6 3 2 8 0 2 _ 
