[00003301] 2 | 6 0 4 7 _ 8 1 3 5 
[00003302] 3 | 6 0 4 _ 7 8 1 3 _ 
[00003303] 2 | 6 0 4 2 7 8 1 3 _ 
[00003304] 2 | 6 0 4 _ 7 8 1 3 5 
[00003305] 4 | 6 0 _ _ _ 8 1 3 7 
[00003306] 3 | 6 0 2 5 _ 8 1 3 7 
[00003307] 2 | 6 0 2 5 4 8 1 3 7 
[00003308] 3 | 6 0 5 2 _ 8 1 3 7 
[00003309] 3 | 6 0 2 _ 5 8 1 3 7 
[00003310] 2 | 6 0 2 4 5 8 1 3 7 
[00003311] 3 | 6 0 5 _ 2 8 1 3 7 
[00003312] 5 | 6 0 _ _ _ 8 1 2 7 
[00003313] 4 | 6 0 4 _ _ 8 1 2 7 
[00003314] 5 | 6 0 _ _ _ 8 1 7 2 
[00003315] 4 | 6 0 4 _ _ 8 1 7 2 
[00003316] 6 | _ 0 6 _ _ 8 1 _ _ 
[00003317] 5 | 5 0 6 _ _ 8 1 _ _ 
[00003318] 4 | 5 0 6 2 _ 8 1 _ _ 
[00003319] 3 | 5 0 6 2 3 8 1 _ _ 
[00003320] 3 | 5 0 6 2 _ 8 1 4 7 
[00003321] 3 | 5 0 6 2 _ 8 1 7 4 
[00003322] 4 | 5 0 6 _ 2 8 1 _ _ 
[00003323] 3 | 5 0 6 3 2 8 1 _ _ 
[00003324] 3 | 5 0 6 _ 2 8 1 4 7 
[00003325] 3 | 5 0 6 _ 2 8 1 7 4 
[00003326] 4 | 5 0 6 _ _ 8 1 4 _ 
[00003327] 3 | 5 0 6 3 _ 8 1 4 _ 
[00003328] 2 | 5 0 6 3 4 8 1 4 _ 
[00003329] 2 | 5 0 6 3 _ 8 1 4 2 
[00003330] 1 | 5 0 6 3 7 8 1 4 2  *Graceful*
[00003330] 2 | 5 0 6 3 _ 8 1 4 6 
[00003331] 3 | 5 0 6 _ 3 8 1 4 _ 
[00003332] 2 | 5 0 6 4 3 8 1 4 _ 
[00003333] 2 | 5 0 6 _ 3 8 1 4 2 
[00003334] 1 | 5 0 6 7 3 8 1 4 2  *Graceful*
[00003334] 2 | 5 0 6 _ 3 8 1 4 6 
[00003335] 3 | 5 0 6 _ _ 8 1 4 7 
[00003336] 4 | 5 0 6 _ _ 8 1 3 7 
[00003337] 4 | 5 0 6 _ _ 8 1 7 3 
[00003338] 5 | _ 0 6 _ _ 8 1 3 _ 
[00003339] 4 | 4 0 6 _ _ 8 1 3 _ 
[00003340] 3 | 4 0 6 3 _ 8 1 3 _ 
[00003341] 3 | 4 0 6 _ 3 8 1 3 _ 
[00003342] 3 | 4 0 6 _ _ 8 1 3 6 
[00003343] 4 | _ 0 6 2 _ 8 1 3 _ 
[00003344] 3 | 3 0 6 2 _ 8 1 3 _ 
[00003345] 2 | 3 0 6 2 4 8 1 3 _ 
[00003346] 3 | _ 0 6 2 3 8 1 3 _ 
[00003347] 3 | _ 0 6 2 _ 8 1 3 0 
[00003348] 2 | _ 0 6 2 4 8 1 3 0 
