[00002622] 3 | 6 1 8 2 0 3 _ 7 4 
[00002623] 2 | 6 1 8 2 0 3 5 7 4 
[00002624] 4 | 6 1 8 2 0 7 _ 3 _ 
[00002625] 3 | 6 1 8 2 0 7 4 3 _ 
[00002626] 2 | 6 1 8 2 0 7 4 3 5 
[00002627] 4 | 6 1 8 2 0 _ _ 3 7 
[00002628] 3 | 6 1 8 2 0 4 _ 3 7 
[00002629] 4 | 6 1 8 2 0 _ _ 7 3 
[00002630] 3 | 6 1 8 2 0 4 _ 7 3 
[00002631] 3 | 6 1 8 2 0 4 _ 7 3 
[00002632] 5 | _ 1 8 2 0 6 _ _ _ 
[00002633] 4 | 5 1 8 2 0 6 _ _ _ 
[00002634] 3 | 5 1 8 2 0 6 3 _ _ 
[00002635] 2 | 5 1 8 2 0 6 3 4 _ 
[00002636] 3 | 5 1 8 2 0 6 _ 3 _ 
[00002637] 2 | 5 1 8 2 0 6 4 3 _ 
[00002638] 3 | 5 1 8 2 0 6 _ 4 7 
[00002639] 3 | 5 1 8 2 0 6 _ 7 4 
[00002640] 4 | _ 1 8 2 0 6 _ 3 7 
[00002641] 3 | 4 1 8 2 0 6 _ 3 7 
[00002642] 4 | _ 1 8 2 0 6 _ 7 3 
[00002643] 3 | 4 1 8 2 0 6 _ 7 3 
[00002644] 6 | _ 1 8 _ 0 7 _ _ _ 
[00002645] 5 | 6 1 8 _ 0 7 _ _ _ 
[00002646] 4 | 6 1 8 4 0 7 _ _ _ 
[00002647] 3 | 6 1 8 4 0 7 _ 2 5 
[00002648] 3 | 6 1 8 4 0 7 _ 5 2 
[00002649] 4 | 6 1 8 _ 0 7 3 _ _ 
[00002650] 3 | 6 1 8 5 0 7 3 _ _ 
[00002651] 2 | 6 1 8 5 0 7 3 2 4 
[00002652] 2 | 6 1 8 5 0 7 3 4 2 
[00002653] 3 | 6 1 8 _ 0 7 3 4 _ 
[00002654] 2 | 6 1 8 _ 0 7 3 4 2 
[00002655] 3 | 6 1 8 _ 0 7 3 2 5 
[00002656] 3 | 6 1 8 _ 0 7 3 5 2 
[00002657] 4 | 6 1 8 _ 0 7 _ 3 _ 
[00002658] 3 | 6 1 8 5 0 7 _ 3 _ 
[00002659] 3 | 6 1 8 _ 0 7 4 3 _ 
[00002660] 2 | 6 1 8 _ 0 7 4 3 5 
[00002661] 5 | _ 1 8 3 0 7 _ _ _ 
[00002662] 4 | 5 1 8 3 0 7 _ _ _ 
[00002663] 3 | 5 1 8 3 0 7 4 _ _ 
[00002664] 3 | 5 1 8 3 0 7 _ 4 _ 
[00002665] 2 | 5 1 8 3 0 7 _ 4 2 
[00002666] 1 | 5 1 8 3 0 7 6 4 2  *Graceful*
[00002666] 2 | 5 1 8 3 0 7 _ 4 6 
[00002667] 4 | _ 1 8 3 0 7 _ 2 6 
[00002668] 3 | 4 1 8 3 0 7 _ 2 6 
[00002669] 2 | 4 1 8 3 0 7 5 2 6 
[00002670] 3 | _ 1 8 3 0 7 4 2 6 
