[00001924] 4 | _ 8 0 _ 5 1 7 2 6 
[00001925] 3 | _ 8 0 3 5 1 7 2 6 
[00001926] 4 | _ 8 0 _ 5 1 7 6 2 
[00001927] 3 | _ 8 0 3 5 1 7 6 2 
[00001928] 5 | _ 8 0 _ _ 1 7 6 _ 
[00001929] 4 | 4 8 0 _ _ 1 7 6 _ 
[00001930] 3 | 4 8 0 3 _ 1 7 6 _ 
[00001931] 2 | 4 8 0 3 2 1 7 6 _ 
[00001932] 1 | 4 8 0 3 2 1 7 6 5  *Graceful*
[00001932] 3 | 4 8 0 _ 3 1 7 6 _ 
[00001933] 2 | 4 8 0 2 3 1 7 6 _ 
[00001934] 1 | 4 8 0 2 3 1 7 6 5  *Graceful*
[00001934] 3 | 4 8 0 _ _ 1 7 6 3 
[00001935] 2 | 4 8 0 2 _ 1 7 6 3 
[00001936] 2 | 4 8 0 _ 2 1 7 6 3 
[00001937] 4 | _ 8 0 4 _ 1 7 6 _ 
[00001938] 3 | 5 8 0 4 _ 1 7 6 _ 
[00001939] 2 | 5 8 0 4 2 1 7 6 _ 
[00001940] 3 | _ 8 0 4 3 1 7 6 _ 
[00001941] 2 | 6 8 0 4 3 1 7 6 _ 
[00001942] 2 | _ 8 0 4 3 1 7 6 8 
[00001943] 3 | _ 8 0 4 _ 1 7 6 3 
[00001944] 2 | _ 8 0 4 2 1 7 6 3 
[00001945] 4 | _ 8 0 _ 4 1 7 6 _ 
[00001946] 3 | 5 8 0 _ 4 1 7 6 _ 
[00001947] 2 | 5 8 0 2 4 1 7 6 _ 
[00001948] 3 | _ 8 0 3 4 1 7 6 _ 
[00001949] 2 | 6 8 0 3 4 1 7 6 _ 
[00001950] 2 | _ 8 0 3 4 1 7 6 8 
[00001951] 3 | _ 8 0 _ 4 1 7 6 3 
[00001952] 2 | _ 8 0 2 4 1 7 6 3 
[00001953] 4 | _ 8 0 _ _ 1 7 6 2 
[00001954] 3 | 5 8 0 _ _ 1 7 6 2 
[00001955] 3 | _ 8 0 3 _ 1 7 6 2 
[00001956] 3 | _ 8 0 _ 3 1 7 6 2 
[00001957] 6 | _ 8 0 _ _ 1 _ 7 _ 
[00001958] 5 | 3 8 0 _ _ 1 _ 7 _ 
[00001959] 4 | 3 8 0 4 _ 1 _ 7 _ 
[00001960] 4 | 3 8 0 _ 4 1 _ 7 _ 
[00001961] 4 | 3 8 0 _ _ 1 5 7 _ 
[00001962] 3 | 3 8 0 _ _ 1 5 7 4 
[00001963] 2 | 3 8 0 2 _ 1 5 7 4 
[00001964] 2 | 3 8 0 _ 2 1 5 7 4 
[00001965] 5 | _ 8 0 5 _ 1 _ 7 _ 
[00001966] 4 | 4 8 0 5 _ 1 _ 7 _ 
[00001967] 3 | 4 8 0 5 3 1 _ 7 _ 
[00001968] 4 | _ 8 0 5 4 1 _ 7 _ 
[00001969] 4 | _ 8 0 5 _ 1 _ 7 3 
[00001970] 3 | _ 8 0 5 _ 1 4 7 3 
[00001971] 2 | 6 8 0 5 _ 1 4 7 3 
