[00004227] 5 | _ 8 2 _ _ 0 7 5 _ 
[00004228] 4 | 4 8 2 _ _ 0 7 5 _ 
[00004229] 3 | 4 8 2 5 _ 0 7 5 _ 
[00004230] 3 | 4 8 2 _ 5 0 7 5 _ 
[00004231] 3 | 4 8 2 _ _ 0 7 5 2 
[00004232] 4 | _ 8 2 6 _ 0 7 5 _ 
[00004233] 3 | 5 8 2 6 _ 0 7 5 _ 
[00004234] 2 | 5 8 2 6 4 0 7 5 _ 
[00004235] 3 | _ 8 2 6 5 0 7 5 _ 
[00004236] 3 | _ 8 2 6 _ 0 7 5 2 
[00004237] 3 | _ 8 2 6 _ 0 7 5 8 
[00004238] 2 | _ 8 2 6 4 0 7 5 8 
[00004239] 4 | _ 8 2 _ 6 0 7 5 _ 
[00004240] 3 | 5 8 2 _ 6 0 7 5 _ 
[00004241] 2 | 5 8 2 4 6 0 7 5 _ 
[00004242] 3 | _ 8 2 5 6 0 7 5 _ 
[00004243] 3 | _ 8 2 _ 6 0 7 5 2 
[00004244] 3 | _ 8 2 _ 6 0 7 5 8 
[00004245] 2 | _ 8 2 4 6 0 7 5 8 
[00004246] 4 | _ 8 2 _ _ 0 7 5 1 
[00004247] 5 | _ 8 2 _ _ 0 7 1 6 
[00004248] 4 | 4 8 2 _ _ 0 7 1 6 
[00004249] 3 | 4 8 2 5 _ 0 7 1 6 
[00004250] 3 | 4 8 2 _ 5 0 7 1 6 
[00004251] 5 | _ 8 2 _ _ 0 7 6 1 
[00004252] 4 | 4 8 2 _ _ 0 7 6 1 
[00004253] 3 | 4 8 2 5 _ 0 7 6 1 
[00004254] 3 | 4 8 2 _ 5 0 7 6 1 
[00004255] 6 | _ 8 _ _ _ 0 7 6 _ 
[00004256] 5 | 3 8 _ _ _ 0 7 6 _ 
[00004257] 4 | 3 8 4 _ _ 0 7 6 _ 
[00004258] 3 | 3 8 4 1 _ 0 7 6 _ 
[00004259] 2 | 3 8 4 1 2 0 7 6 _ 
[00004260] 1 | 3 8 4 1 2 0 7 6 5  *Graceful*
[00004260] 2 | 3 8 4 1 6 0 7 6 _ 
[00004261] 2 | 3 8 4 1 _ 0 7 6 4 
[00004262] 3 | 3 8 4 _ 1 0 7 6 _ 
[00004263] 2 | 3 8 4 2 1 0 7 6 _ 
[00004264] 1 | 3 8 4 2 1 0 7 6 5  *Graceful*
[00004264] 2 | 3 8 4 6 1 0 7 6 _ 
[00004265] 2 | 3 8 4 _ 1 0 7 6 4 
[00004266] 4 | 3 8 1 5 _ 0 7 6 _ 
[00004267] 3 | 3 8 1 5 4 0 7 6 _ 
[00004268] 4 | 3 8 5 1 _ 0 7 6 _ 
[00004269] 3 | 3 8 5 1 2 0 7 6 _ 
[00004270] 2 | 3 8 5 1 2 0 7 6 4 
[00004271] 4 | 3 8 1 _ 5 0 7 6 _ 
[00004272] 3 | 3 8 1 4 5 0 7 6 _ 
[00004273] 4 | 3 8 5 _ 1 0 7 6 _ 
[00004274] 3 | 3 8 5 2 1 0 7 6 _ 
