[00004321] 4 | 2 8 3 _ _ 0 4 7 _ 
[00004322] 3 | 2 8 3 6 _ 0 4 7 _ 
[00004323] 2 | 2 8 3 6 1 0 4 7 _ 
[00004324] 2 | 2 8 3 6 5 0 4 7 _ 
[00004325] 2 | 2 8 3 6 _ 0 4 7 5 
[00004326] 3 | 2 8 3 _ 6 0 4 7 _ 
[00004327] 2 | 2 8 3 1 6 0 4 7 _ 
[00004328] 2 | 2 8 3 5 6 0 4 7 _ 
[00004329] 2 | 2 8 3 _ 6 0 4 7 5 
[00004330] 4 | 2 8 3 _ _ 0 _ 7 3 
[00004331] 5 | 2 8 1 6 _ 0 _ 7 _ 
[00004332] 4 | 2 8 1 6 5 0 _ 7 _ 
[00004333] 3 | 2 8 1 6 5 0 3 7 _ 
[00004334] 3 | 2 8 1 6 5 0 _ 7 4 
[00004335] 4 | 2 8 1 6 _ 0 4 7 _ 
[00004336] 4 | 2 8 1 6 _ 0 _ 7 3 
[00004337] 3 | 2 8 1 6 4 0 _ 7 3 
[00004338] 5 | 2 8 6 1 _ 0 _ 7 _ 
[00004339] 4 | 2 8 6 1 _ 0 4 7 _ 
[00004340] 3 | 2 8 6 1 3 0 4 7 _ 
[00004341] 2 | 2 8 6 1 3 0 4 7 5 
[00004342] 4 | 2 8 6 1 _ 0 _ 7 3 
[00004343] 5 | 2 8 1 _ 6 0 _ 7 _ 
[00004344] 4 | 2 8 1 5 6 0 _ 7 _ 
[00004345] 3 | 2 8 1 5 6 0 3 7 _ 
[00004346] 3 | 2 8 1 5 6 0 _ 7 4 
[00004347] 4 | 2 8 1 _ 6 0 4 7 _ 
[00004348] 4 | 2 8 1 _ 6 0 _ 7 3 
[00004349] 3 | 2 8 1 4 6 0 _ 7 3 
[00004350] 5 | 2 8 6 _ 1 0 _ 7 _ 
[00004351] 4 | 2 8 6 _ 1 0 4 7 _ 
[00004352] 3 | 2 8 6 3 1 0 4 7 _ 
[00004353] 2 | 2 8 6 3 1 0 4 7 5 
[00004354] 4 | 2 8 6 _ 1 0 _ 7 3 
[00004355] 5 | 2 8 _ _ _ 0 5 7 _ 
[00004356] 4 | 2 8 4 _ _ 0 5 7 _ 
[00004357] 3 | 2 8 4 1 _ 0 5 7 _ 
[00004358] 2 | 2 8 4 1 6 0 5 7 _ 
[00004359] 3 | 2 8 4 7 _ 0 5 7 _ 
[00004360] 2 | 2 8 4 7 6 0 5 7 _ 
[00004361] 3 | 2 8 4 _ 1 0 5 7 _ 
[00004362] 2 | 2 8 4 6 1 0 5 7 _ 
[00004363] 3 | 2 8 4 _ 7 0 5 7 _ 
[00004364] 2 | 2 8 4 6 7 0 5 7 _ 
[00004365] 3 | 2 8 4 _ _ 0 5 7 4 
[00004366] 4 | 2 8 _ _ _ 0 5 7 3 
[00004367] 3 | 2 8 1 4 _ 0 5 7 3 
[00004368] 3 | 2 8 4 1 _ 0 5 7 3 
[00004369] 2 | 2 8 4 1 6 0 5 7 3 
[00004370] 3 | 2 8 1 _ 4 0 5 7 3 
