[00004617] 4 | _ 7 1 _ 6 0 8 4 _ 
[00004618] 3 | 4 7 1 _ 6 0 8 4 _ 
[00004619] 2 | 4 7 1 3 6 0 8 4 _ 
[00004620] 3 | _ 7 1 4 6 0 8 4 _ 
[00004621] 2 | 5 7 1 4 6 0 8 4 _ 
[00004622] 3 | _ 7 1 _ 6 0 8 4 1 
[00004623] 2 | 5 7 1 _ 6 0 8 4 1 
[00004624] 3 | _ 7 1 _ 6 0 8 4 7 
[00004625] 2 | _ 7 1 3 6 0 8 4 7 
[00004626] 5 | _ 7 1 _ _ 0 8 5 _ 
[00004627] 4 | 3 7 1 _ _ 0 8 5 _ 
[00004628] 3 | 3 7 1 4 _ 0 8 5 _ 
[00004629] 3 | 3 7 1 _ 4 0 8 5 _ 
[00004630] 3 | 3 7 1 _ _ 0 8 5 2 
[00004631] 4 | _ 7 1 5 _ 0 8 5 _ 
[00004632] 3 | 4 7 1 5 _ 0 8 5 _ 
[00004633] 2 | 4 7 1 5 3 0 8 5 _ 
[00004634] 3 | _ 7 1 5 4 0 8 5 _ 
[00004635] 4 | _ 7 1 _ 5 0 8 5 _ 
[00004636] 3 | 4 7 1 _ 5 0 8 5 _ 
[00004637] 2 | 4 7 1 3 5 0 8 5 _ 
[00004638] 3 | _ 7 1 4 5 0 8 5 _ 
[00004639] 4 | _ 7 1 _ _ 0 8 5 1 
[00004640] 3 | 4 7 1 _ _ 0 8 5 1 
[00004641] 6 | _ 7 _ _ _ 0 8 6 _ 
[00004642] 5 | 2 7 _ _ _ 0 8 6 _ 
[00004643] 4 | 2 7 3 _ _ 0 8 6 _ 
[00004644] 3 | 2 7 3 6 _ 0 8 6 _ 
[00004645] 2 | 2 7 3 6 1 0 8 6 _ 
[00004646] 2 | 2 7 3 6 5 0 8 6 _ 
[00004647] 3 | 2 7 3 _ 6 0 8 6 _ 
[00004648] 2 | 2 7 3 1 6 0 8 6 _ 
[00004649] 2 | 2 7 3 5 6 0 8 6 _ 
[00004650] 3 | 2 7 3 _ _ 0 8 6 3 
[00004651] 4 | 2 7 1 5 _ 0 8 6 _ 
[00004652] 3 | 2 7 1 5 4 0 8 6 _ 
[00004653] 3 | 2 7 1 5 _ 0 8 6 3 
[00004654] 4 | 2 7 5 1 _ 0 8 6 _ 
[00004655] 3 | 2 7 5 1 _ 0 8 6 3 
[00004656] 4 | 2 7 1 _ 5 0 8 6 _ 
[00004657] 3 | 2 7 1 4 5 0 8 6 _ 
[00004658] 3 | 2 7 1 _ 5 0 8 6 3 
[00004659] 4 | 2 7 5 _ 1 0 8 6 _ 
[00004660] 3 | 2 7 5 _ 1 0 8 6 3 
[00004661] 5 | _ 7 2 _ _ 0 8 6 _ 
[00004662] 4 | 3 7 2 _ _ 0 8 6 _ 
[00004663] 3 | 3 7 2 5 _ 0 8 6 _ 
[00004664] 2 | 3 7 2 5 4 0 8 6 _ 
[00004665] 2 | 3 7 2 5 _ 0 8 6 4 
[00004666] 1 | 3 7 2 5 1 0 8 6 4  *Graceful*
[00004666] 3 | 3 7 2 _ 5 0 8 6 _ 
