[00000371] 2 | 8 0 6 2 1 7 4 5 _ 
[00000372] 2 | 8 0 6 2 1 7 4 3 5 
[00000373] 2 | 8 0 6 2 1 7 4 5 3 
[00000374] 3 | 8 0 6 2 1 7 _ 4 _ 
[00000375] 2 | 8 0 6 2 1 7 5 4 _ 
[00000376] 1 | 8 0 6 2 1 7 5 4 3  *Graceful*
[00000376] 4 | 8 0 6 _ 1 7 3 _ _ 
[00000377] 3 | 8 0 6 _ 1 7 3 4 _ 
[00000378] 2 | 8 0 6 4 1 7 3 4 _ 
[00000379] 2 | 8 0 6 _ 1 7 3 4 2 
[00000380] 1 | 8 0 6 5 1 7 3 4 2  *Graceful*
[00000380] 2 | 8 0 6 _ 1 7 3 4 6 
[00000381] 3 | 8 0 6 _ 1 7 3 2 5 
[00000382] 2 | 8 0 6 4 1 7 3 2 5 
[00000383] 3 | 8 0 6 _ 1 7 3 5 2 
[00000384] 2 | 8 0 6 4 1 7 3 5 2 
[00000385] 4 | 8 0 6 _ 1 7 _ 3 _ 
[00000386] 3 | 8 0 6 3 1 7 _ 3 _ 
[00000387] 2 | 8 0 6 3 1 7 5 3 _ 
[00000388] 3 | 8 0 6 _ 1 7 4 3 _ 
[00000389] 2 | 8 0 6 _ 1 7 4 3 5 
[00000390] 3 | 8 0 6 _ 1 7 _ 3 6 
[00000391] 2 | 8 0 6 _ 1 7 5 3 6 
[00000392] 5 | 8 0 6 _ _ 7 2 _ _ 
[00000393] 4 | 8 0 6 _ _ 7 2 3 _ 
[00000394] 3 | 8 0 6 3 _ 7 2 3 _ 
[00000395] 2 | 8 0 6 3 4 7 2 3 _ 
[00000396] 3 | 8 0 6 _ 3 7 2 3 _ 
[00000397] 2 | 8 0 6 4 3 7 2 3 _ 
[00000398] 3 | 8 0 6 _ _ 7 2 3 6 
[00000399] 4 | 8 0 6 _ _ 7 2 1 5 
[00000400] 3 | 8 0 6 3 _ 7 2 1 5 
[00000401] 2 | 8 0 6 3 4 7 2 1 5 
[00000402] 3 | 8 0 6 _ 3 7 2 1 5 
[00000403] 2 | 8 0 6 4 3 7 2 1 5 
[00000404] 4 | 8 0 6 _ _ 7 2 5 1 
[00000405] 3 | 8 0 6 3 _ 7 2 5 1 
[00000406] 2 | 8 0 6 3 4 7 2 5 1 
[00000407] 3 | 8 0 6 _ 3 7 2 5 1 
[00000408] 2 | 8 0 6 4 3 7 2 5 1 
[00000409] 5 | 8 0 6 _ _ 7 _ 2 _ 
[00000410] 4 | 8 0 6 2 _ 7 _ 2 _ 
[00000411] 3 | 8 0 6 2 3 7 _ 2 _ 
[00000412] 2 | 8 0 6 2 3 7 5 2 _ 
[00000413] 3 | 8 0 6 2 _ 7 4 2 _ 
[00000414] 4 | 8 0 6 _ 2 7 _ 2 _ 
[00000415] 3 | 8 0 6 3 2 7 _ 2 _ 
[00000416] 2 | 8 0 6 3 2 7 5 2 _ 
[00000417] 3 | 8 0 6 _ 2 7 4 2 _ 
[00000418] 4 | 8 0 6 _ _ 7 3 2 _ 
