[00004133] 4 | _ 8 1 _ 6 0 4 6 _ 
[00004134] 3 | 5 8 1 _ 6 0 4 6 _ 
[00004135] 2 | 5 8 1 3 6 0 4 6 _ 
[00004136] 5 | _ 8 1 _ _ 0 5 6 _ 
[00004137] 4 | 4 8 1 _ _ 0 5 6 _ 
[00004138] 3 | 4 8 1 _ _ 0 5 6 3 
[00004139] 4 | _ 8 1 _ _ 0 5 6 2 
[00004140] 3 | _ 8 1 4 _ 0 5 6 2 
[00004141] 2 | _ 8 1 4 3 0 5 6 2 
[00004142] 1 | 7 8 1 4 3 0 5 6 2  *Graceful*
[00004142] 3 | _ 8 1 _ 4 0 5 6 2 
[00004143] 2 | _ 8 1 3 4 0 5 6 2 
[00004144] 1 | 7 8 1 3 4 0 5 6 2  *Graceful*
[00004144] 5 | _ 8 1 _ _ 0 _ 6 1 
[00004145] 4 | 4 8 1 _ _ 0 _ 6 1 
[00004146] 3 | 4 8 1 _ _ 0 3 6 1 
[00004147] 4 | _ 8 1 _ _ 0 4 6 1 
[00004148] 3 | 5 8 1 _ _ 0 4 6 1 
[00004149] 7 | _ 8 _ _ _ 0 7 _ _ 
[00004150] 6 | 2 8 _ _ _ 0 7 _ _ 
[00004151] 5 | 2 8 3 _ _ 0 7 _ _ 
[00004152] 4 | 2 8 3 _ _ 0 7 4 _ 
[00004153] 3 | 2 8 3 6 _ 0 7 4 _ 
[00004154] 2 | 2 8 3 6 1 0 7 4 _ 
[00004155] 1 | 2 8 3 6 1 0 7 4 5  *Graceful*
[00004155] 2 | 2 8 3 6 5 0 7 4 _ 
[00004156] 3 | 2 8 3 _ 6 0 7 4 _ 
[00004157] 2 | 2 8 3 1 6 0 7 4 _ 
[00004158] 1 | 2 8 3 1 6 0 7 4 5  *Graceful*
[00004158] 2 | 2 8 3 5 6 0 7 4 _ 
[00004159] 3 | 2 8 3 _ _ 0 7 4 1 
[00004160] 2 | 2 8 3 5 _ 0 7 4 1 
[00004161] 2 | 2 8 3 _ 5 0 7 4 1 
[00004162] 4 | 2 8 3 _ _ 0 7 1 5 
[00004163] 3 | 2 8 3 6 _ 0 7 1 5 
[00004164] 3 | 2 8 3 _ 6 0 7 1 5 
[00004165] 4 | 2 8 3 _ _ 0 7 5 1 
[00004166] 3 | 2 8 3 6 _ 0 7 5 1 
[00004167] 3 | 2 8 3 _ 6 0 7 5 1 
[00004168] 5 | 2 8 1 6 _ 0 7 _ _ 
[00004169] 4 | 2 8 1 6 5 0 7 _ _ 
[00004170] 3 | 2 8 1 6 5 0 7 3 _ 
[00004171] 4 | 2 8 1 6 _ 0 7 4 _ 
[00004172] 3 | 2 8 1 6 4 0 7 4 _ 
[00004173] 3 | 2 8 1 6 _ 0 7 4 1 
[00004174] 5 | 2 8 6 1 _ 0 7 _ _ 
[00004175] 4 | 2 8 6 1 _ 0 7 4 _ 
[00004176] 3 | 2 8 6 1 3 0 7 4 _ 
[00004177] 5 | 2 8 1 _ 6 0 7 _ _ 
[00004178] 4 | 2 8 1 5 6 0 7 _ _ 
