[00005652] 2 | 6 2 7 5 4 8 1 0 _ 
[00005653] 3 | 6 2 7 _ _ 8 1 0 3 
[00005654] 2 | 6 2 7 5 _ 8 1 0 3 
[00005655] 2 | 6 2 7 _ 5 8 1 0 3 
[00005656] 4 | _ 2 7 3 _ 8 1 0 _ 
[00005657] 3 | 5 2 7 3 _ 8 1 0 _ 
[00005658] 3 | _ 2 7 3 4 8 1 0 _ 
[00005659] 2 | 0 2 7 3 4 8 1 0 _ 
[00005660] 2 | _ 2 7 3 4 8 1 0 2 
[00005661] 4 | _ 2 7 _ 3 8 1 0 _ 
[00005662] 3 | 5 2 7 _ 3 8 1 0 _ 
[00005663] 3 | _ 2 7 4 3 8 1 0 _ 
[00005664] 2 | 0 2 7 4 3 8 1 0 _ 
[00005665] 2 | _ 2 7 4 3 8 1 0 2 
[00005666] 4 | _ 2 7 _ _ 8 1 0 4 
[00005667] 3 | 5 2 7 _ _ 8 1 0 4 
[00005668] 5 | _ 2 _ _ _ 8 1 0 5 
[00005669] 4 | 6 2 _ _ _ 8 1 0 5 
[00005670] 3 | 6 2 4 7 _ 8 1 0 5 
[00005671] 3 | 6 2 7 4 _ 8 1 0 5 
[00005672] 3 | 6 2 4 _ 7 8 1 0 5 
[00005673] 3 | 6 2 7 _ 4 8 1 0 5 
[00005674] 4 | _ 2 6 _ _ 8 1 0 5 
[00005675] 3 | _ 2 6 3 _ 8 1 0 5 
[00005676] 2 | 4 2 6 3 _ 8 1 0 5 
[00005677] 1 | 4 2 6 3 7 8 1 0 5  *Graceful*
[00005677] 2 | _ 2 6 3 4 8 1 0 5 
[00005678] 3 | _ 2 6 _ 3 8 1 0 5 
[00005679] 2 | 4 2 6 _ 3 8 1 0 5 
[00005680] 1 | 4 2 6 7 3 8 1 0 5  *Graceful*
[00005680] 2 | _ 2 6 4 3 8 1 0 5 
[00005681] 4 | _ 2 3 7 _ 8 1 0 5 
[00005682] 3 | _ 2 3 7 6 8 1 0 5 
[00005683] 2 | 4 2 3 7 6 8 1 0 5 
[00005684] 1 | 4 2 3 7 6 8 1 0 5  *Graceful*
[00005684] 4 | _ 2 7 3 _ 8 1 0 5 
[00005685] 3 | _ 2 7 3 4 8 1 0 5 
[00005686] 4 | _ 2 3 _ 7 8 1 0 5 
[00005687] 3 | _ 2 3 6 7 8 1 0 5 
[00005688] 2 | 4 2 3 6 7 8 1 0 5 
[00005689] 1 | 4 2 3 6 7 8 1 0 5  *Graceful*
[00005689] 4 | _ 2 7 _ 3 8 1 0 5 
[00005690] 3 | _ 2 7 4 3 8 1 0 5 
[00005691] 6 | _ _ _ _ _ 8 1 0 6 
[00005692] 5 | 2 7 _ _ _ 8 1 0 6 
[00005693] 4 | 2 7 3 _ _ 8 1 0 6 
[00005694] 5 | 7 2 _ _ _ 8 1 0 6 
[00005695] 5 | _ 2 7 _ _ 8 1 0 6 
[00005696] 5 | _ 7 2 _ _ 8 1 0 6 
[00005697] 4 | 3 7 2 _ _ 8 1 0 6 
