[00001679] 4 | 2 8 0 4 7 _ _ 6 1 
[00001680] 3 | 2 8 0 4 7 5 _ 6 1 
[00001681] 2 | 2 8 0 4 7 5 3 6 1 
[00001682] 1 | 2 8 0 4 7 5 3 6 1  *Graceful*
[00001682] 3 | 2 8 0 4 7 3 _ 6 1 
[00001683] 2 | 2 8 0 4 7 3 5 6 1 
[00001684] 4 | 2 8 0 _ 7 4 _ 6 1 
[00001685] 3 | 2 8 0 3 7 4 _ 6 1 
[00001686] 6 | _ 8 0 6 7 _ _ _ _ 
[00001687] 5 | 3 8 0 6 7 _ _ _ _ 
[00001688] 4 | 3 8 0 6 7 4 _ _ _ 
[00001689] 3 | 3 8 0 6 7 4 1 _ _ 
[00001690] 2 | 3 8 0 6 7 4 1 2 _ 
[00001691] 3 | 3 8 0 6 7 4 _ 1 _ 
[00001692] 2 | 3 8 0 6 7 4 2 1 _ 
[00001693] 3 | 3 8 0 6 7 4 _ 2 5 
[00001694] 3 | 3 8 0 6 7 4 _ 5 2 
[00001695] 4 | 3 8 0 6 7 1 5 _ _ 
[00001696] 3 | 3 8 0 6 7 1 5 4 _ 
[00001697] 2 | 3 8 0 6 7 1 5 4 2 
[00001698] 4 | 3 8 0 6 7 5 1 _ _ 
[00001699] 3 | 3 8 0 6 7 5 1 2 _ 
[00001700] 2 | 3 8 0 6 7 5 1 2 4 
[00001701] 4 | 3 8 0 6 7 1 _ 5 _ 
[00001702] 3 | 3 8 0 6 7 1 4 5 _ 
[00001703] 3 | 3 8 0 6 7 1 _ 5 2 
[00001704] 4 | 3 8 0 6 7 5 _ 1 _ 
[00001705] 3 | 3 8 0 6 7 5 2 1 _ 
[00001706] 3 | 3 8 0 6 7 5 _ 1 4 
[00001707] 4 | 3 8 0 6 7 _ _ 1 5 
[00001708] 3 | 3 8 0 6 7 4 _ 1 5 
[00001709] 2 | 3 8 0 6 7 4 2 1 5 
[00001710] 4 | 3 8 0 6 7 _ _ 5 1 
[00001711] 3 | 3 8 0 6 7 5 _ 5 1 
[00001712] 3 | 3 8 0 6 7 2 _ 5 1 
[00001713] 2 | 3 8 0 6 7 2 4 5 1 
[00001714] 3 | 3 8 0 6 7 8 _ 5 1 
[00001715] 5 | _ 8 0 6 7 3 _ _ _ 
[00001716] 4 | 4 8 0 6 7 3 _ _ _ 
[00001717] 3 | 4 8 0 6 7 3 _ 2 5 
[00001718] 2 | 4 8 0 6 7 3 1 2 5 
[00001719] 1 | 4 8 0 6 7 3 1 2 5  *Graceful*
[00001719] 3 | 4 8 0 6 7 3 _ 5 2 
[00001720] 2 | 4 8 0 6 7 3 1 5 2 
[00001721] 4 | _ 8 0 6 7 3 _ 1 5 
[00001722] 4 | _ 8 0 6 7 3 _ 5 1 
[00001723] 6 | _ 8 0 _ 7 2 _ _ _ 
[00001724] 5 | 3 8 0 _ 7 2 _ _ _ 
[00001725] 4 | 3 8 0 4 7 2 _ _ _ 
[00001726] 3 | 3 8 0 4 7 2 5 _ _ 
