[00001289] 3 | 1 8 0 6 _ 3 7 5 2 
[00001290] 4 | 1 8 0 6 _ 3 _ 7 _ 
[00001291] 3 | 1 8 0 6 3 3 _ 7 _ 
[00001292] 2 | 1 8 0 6 3 3 _ 7 5 
[00001293] 3 | 1 8 0 6 _ 3 0 7 _ 
[00001294] 2 | 1 8 0 6 _ 3 0 7 5 
[00001295] 3 | 1 8 0 6 _ 3 _ 7 4 
[00001296] 2 | 1 8 0 6 2 3 _ 7 4 
[00001297] 2 | 1 8 0 6 _ 3 5 7 4 
[00001298] 5 | 1 8 0 6 _ 2 7 _ _ 
[00001299] 4 | 1 8 0 6 4 2 7 _ _ 
[00001300] 3 | 1 8 0 6 4 2 7 5 _ 
[00001301] 2 | 1 8 0 6 4 2 7 5 3 
[00001302] 5 | 1 8 0 6 _ 7 2 _ _ 
[00001303] 4 | 1 8 0 6 4 7 2 _ _ 
[00001304] 4 | 1 8 0 6 _ 7 2 3 _ 
[00001305] 3 | 1 8 0 6 3 7 2 3 _ 
[00001306] 3 | 1 8 0 6 _ 7 2 3 0 
[00001307] 5 | 1 8 0 6 _ 2 _ 7 _ 
[00001308] 4 | 1 8 0 6 4 2 _ 7 _ 
[00001309] 3 | 1 8 0 6 4 2 5 7 _ 
[00001310] 4 | 1 8 0 6 _ 2 _ 7 3 
[00001311] 3 | 1 8 0 6 _ 2 5 7 3 
[00001312] 5 | 1 8 0 6 _ 7 _ 2 _ 
[00001313] 4 | 1 8 0 6 4 7 _ 2 _ 
[00001314] 3 | 1 8 0 6 4 7 _ 2 5 
[00001315] 4 | 1 8 0 6 _ 7 3 2 _ 
[00001316] 3 | 1 8 0 6 _ 7 3 2 5 
[00001317] 5 | 1 8 0 6 _ _ _ 2 7 
[00001318] 4 | 1 8 0 6 4 _ _ 2 7 
[00001319] 3 | 1 8 0 6 4 5 _ 2 7 
[00001320] 3 | 1 8 0 6 4 5 _ 2 7 
[00001321] 2 | 1 8 0 6 4 5 3 2 7 
[00001322] 4 | 1 8 0 6 _ 4 _ 2 7 
[00001323] 3 | 1 8 0 6 3 4 _ 2 7 
[00001324] 5 | 1 8 0 6 _ _ _ 7 2 
[00001325] 4 | 1 8 0 6 4 _ _ 7 2 
[00001326] 3 | 1 8 0 6 4 5 _ 7 2 
[00001327] 2 | 1 8 0 6 4 5 3 7 2 
[00001328] 4 | 1 8 0 6 _ 4 _ 7 2 
[00001329] 3 | 1 8 0 6 3 4 _ 7 2 
[00001330] 4 | 1 8 0 6 _ 3 _ 7 2 
[00001331] 3 | 1 8 0 6 3 3 _ 7 2 
[00001332] 3 | 1 8 0 6 _ 3 0 7 2 
[00001333] 6 | 1 8 0 _ 6 _ _ _ _ 
[00001334] 5 | 1 8 0 5 6 _ _ _ _ 
[00001335] 4 | 1 8 0 5 6 4 _ _ _ 
[00001336] 3 | 1 8 0 5 6 4 7 _ _ 
[00001337] 2 | 1 8 0 5 6 4 7 2 _ 
[00001338] 1 | 1 8 0 5 6 4 7 2 3  *Graceful*
[00001338] 3 | 1 8 0 5 6 4 _ 7 _ 
