[00000607] 5 | 7 0 8 _ 2 1 6 _ _ 
[00000608] 4 | 7 0 8 4 2 1 6 _ _ 
[00000609] 4 | 7 0 8 _ 2 1 6 5 _ 
[00000610] 3 | 7 0 8 5 2 1 6 5 _ 
[00000611] 3 | 7 0 8 _ 2 1 6 5 8 
[00000612] 5 | 7 0 8 _ 2 6 1 _ _ 
[00000613] 4 | 7 0 8 4 2 6 1 _ _ 
[00000614] 3 | 7 0 8 4 2 6 1 3 _ 
[00000615] 2 | 7 0 8 4 2 6 1 3 5 
[00000616] 5 | 7 0 8 _ 2 1 _ 6 _ 
[00000617] 4 | 7 0 8 4 2 1 _ 6 _ 
[00000618] 3 | 7 0 8 4 2 1 _ 6 3 
[00000619] 4 | 7 0 8 _ 2 1 5 6 _ 
[00000620] 3 | 7 0 8 _ 2 1 5 6 3 
[00000621] 5 | 7 0 8 _ 2 6 _ 1 _ 
[00000622] 4 | 7 0 8 4 2 6 _ 1 _ 
[00000623] 3 | 7 0 8 4 2 6 3 1 _ 
[00000624] 4 | 7 0 8 _ 2 6 _ 1 5 
[00000625] 3 | 7 0 8 _ 2 6 3 1 5 
[00000626] 5 | 7 0 8 _ 2 _ _ 1 6 
[00000627] 4 | 7 0 8 4 2 _ _ 1 6 
[00000628] 3 | 7 0 8 4 2 3 _ 1 6 
[00000629] 2 | 7 0 8 4 2 3 5 1 6 
[00000630] 4 | 7 0 8 _ 2 4 _ 1 6 
[00000631] 3 | 7 0 8 5 2 4 _ 1 6 
[00000632] 4 | 7 0 8 _ 2 5 _ 1 6 
[00000633] 3 | 7 0 8 5 2 5 _ 1 6 
[00000634] 3 | 7 0 8 _ 2 5 8 1 6 
[00000635] 5 | 7 0 8 _ 2 _ _ 6 1 
[00000636] 4 | 7 0 8 4 2 _ _ 6 1 
[00000637] 3 | 7 0 8 4 2 3 _ 6 1 
[00000638] 3 | 7 0 8 4 2 3 _ 6 1 
[00000639] 2 | 7 0 8 4 2 3 5 6 1 
[00000640] 4 | 7 0 8 _ 2 4 _ 6 1 
[00000641] 3 | 7 0 8 5 2 4 _ 6 1 
[00000642] 6 | 7 0 8 _ _ 6 _ _ _ 
[00000643] 5 | 7 0 8 3 _ 6 _ _ _ 
[00000644] 4 | 7 0 8 3 4 6 _ _ _ 
[00000645] 3 | 7 0 8 3 4 6 _ 2 5 
[00000646] 3 | 7 0 8 3 4 6 _ 5 2 
[00000647] 4 | 7 0 8 3 _ 6 2 _ _ 
[00000648] 3 | 7 0 8 3 5 6 2 _ _ 
[00000649] 2 | 7 0 8 3 5 6 2 4 _ 
[00000650] 3 | 7 0 8 3 _ 6 2 1 4 
[00000651] 3 | 7 0 8 3 _ 6 2 4 1 
[00000652] 4 | 7 0 8 3 _ 6 _ 2 _ 
[00000653] 3 | 7 0 8 3 5 6 _ 2 _ 
[00000654] 2 | 7 0 8 3 5 6 4 2 _ 
[00000655] 1 | 7 0 8 3 5 6 4 2 1  *Graceful*
[00000655] 2 | 7 0 8 3 5 6 _ 2 4 
