[00002814] 3 | 7 0 6 3 _ 8 4 3 _ 
[00002815] 3 | 7 0 6 _ 3 8 4 3 _ 
[00002816] 3 | 7 0 6 _ _ 8 4 3 6 
[00002817] 6 | 7 0 _ _ _ 8 2 _ _ 
[00002818] 5 | 7 0 5 _ _ 8 2 _ _ 
[00002819] 4 | 7 0 5 1 _ 8 2 _ _ 
[00002820] 3 | 7 0 5 1 8 8 2 _ _ 
[00002821] 2 | 7 0 5 1 8 8 2 4 6 
[00002822] 2 | 7 0 5 1 8 8 2 6 4 
[00002823] 3 | 7 0 5 1 _ 8 2 5 _ 
[00002824] 2 | 7 0 5 1 3 8 2 5 _ 
[00002825] 2 | 7 0 5 1 _ 8 2 5 3 
[00002826] 3 | 7 0 5 1 _ 8 2 3 6 
[00002827] 3 | 7 0 5 1 _ 8 2 6 3 
[00002828] 4 | 7 0 5 _ 1 8 2 _ _ 
[00002829] 3 | 7 0 5 8 1 8 2 _ _ 
[00002830] 2 | 7 0 5 8 1 8 2 4 6 
[00002831] 2 | 7 0 5 8 1 8 2 6 4 
[00002832] 3 | 7 0 5 _ 1 8 2 5 _ 
[00002833] 2 | 7 0 5 3 1 8 2 5 _ 
[00002834] 2 | 7 0 5 _ 1 8 2 5 3 
[00002835] 3 | 7 0 5 _ 1 8 2 3 6 
[00002836] 3 | 7 0 5 _ 1 8 2 6 3 
[00002837] 4 | 7 0 5 _ _ 8 2 4 _ 
[00002838] 3 | 7 0 5 _ _ 8 2 4 1 
[00002839] 2 | 7 0 5 3 _ 8 2 4 1 
[00002840] 1 | 7 0 5 3 6 8 2 4 1  *Graceful*
[00002840] 2 | 7 0 5 _ 3 8 2 4 1 
[00002841] 1 | 7 0 5 6 3 8 2 4 1  *Graceful*
[00002841] 5 | 7 0 1 6 _ 8 2 _ _ 
[00002842] 4 | 7 0 1 6 5 8 2 _ _ 
[00002843] 4 | 7 0 1 6 _ 8 2 4 _ 
[00002844] 3 | 7 0 1 6 4 8 2 4 _ 
[00002845] 3 | 7 0 1 6 _ 8 2 4 1 
[00002846] 5 | 7 0 6 1 _ 8 2 _ _ 
[00002847] 4 | 7 0 6 1 _ 8 2 4 _ 
[00002848] 3 | 7 0 6 1 3 8 2 4 _ 
[00002849] 5 | 7 0 1 _ 6 8 2 _ _ 
[00002850] 4 | 7 0 1 5 6 8 2 _ _ 
[00002851] 4 | 7 0 1 _ 6 8 2 4 _ 
[00002852] 3 | 7 0 1 4 6 8 2 4 _ 
[00002853] 3 | 7 0 1 _ 6 8 2 4 1 
[00002854] 5 | 7 0 6 _ 1 8 2 _ _ 
[00002855] 4 | 7 0 6 _ 1 8 2 4 _ 
[00002856] 3 | 7 0 6 3 1 8 2 4 _ 
[00002857] 5 | 7 0 _ _ _ 8 2 3 _ 
[00002858] 4 | 7 0 4 _ _ 8 2 3 _ 
[00002859] 3 | 7 0 4 1 _ 8 2 3 _ 
[00002860] 2 | 7 0 4 1 6 8 2 3 _ 
[00002861] 2 | 7 0 4 1 _ 8 2 3 5 
