[00001581] 2 | 4 8 0 7 6 3 1 5 2 
[00001582] 4 | _ 8 0 7 6 3 _ 1 5 
[00001583] 4 | _ 8 0 7 6 3 _ 5 1 
[00001584] 6 | _ 8 0 7 _ 2 _ _ _ 
[00001585] 5 | 3 8 0 7 _ 2 _ _ _ 
[00001586] 4 | 3 8 0 7 4 2 _ _ _ 
[00001587] 3 | 3 8 0 7 4 2 5 _ _ 
[00001588] 3 | 3 8 0 7 4 2 _ 5 _ 
[00001589] 4 | 3 8 0 7 _ 2 6 _ _ 
[00001590] 3 | 3 8 0 7 _ 2 6 5 _ 
[00001591] 3 | 3 8 0 7 _ 2 6 1 4 
[00001592] 3 | 3 8 0 7 _ 2 6 4 1 
[00001593] 4 | 3 8 0 7 _ 2 _ 6 _ 
[00001594] 3 | 3 8 0 7 _ 2 5 6 _ 
[00001595] 2 | 3 8 0 7 _ 2 5 6 4 
[00001596] 1 | 3 8 0 7 1 2 5 6 4  *Graceful*
[00001596] 4 | 3 8 0 7 _ 2 _ 1 5 
[00001597] 4 | 3 8 0 7 _ 2 _ 5 1 
[00001598] 5 | _ 8 0 7 5 2 _ _ _ 
[00001599] 4 | 4 8 0 7 5 2 _ _ _ 
[00001600] 3 | 4 8 0 7 5 2 _ 3 6 
[00001601] 3 | 4 8 0 7 5 2 _ 6 3 
[00001602] 4 | _ 8 0 7 5 2 6 _ _ 
[00001603] 3 | _ 8 0 7 5 2 6 1 4 
[00001604] 3 | _ 8 0 7 5 2 6 4 1 
[00001605] 4 | _ 8 0 7 5 2 _ 6 _ 
[00001606] 3 | _ 8 0 7 5 2 _ 6 3 
[00001607] 2 | _ 8 0 7 5 2 4 6 3 
[00001608] 5 | _ 8 0 7 _ 2 _ 1 6 
[00001609] 4 | 4 8 0 7 _ 2 _ 1 6 
[00001610] 3 | 4 8 0 7 3 2 _ 1 6 
[00001611] 3 | 4 8 0 7 _ 2 5 1 6 
[00001612] 4 | _ 8 0 7 4 2 _ 1 6 
[00001613] 3 | 5 8 0 7 4 2 _ 1 6 
[00001614] 3 | _ 8 0 7 4 2 5 1 6 
[00001615] 5 | _ 8 0 7 _ 2 _ 6 1 
[00001616] 4 | 4 8 0 7 _ 2 _ 6 1 
[00001617] 3 | 4 8 0 7 3 2 _ 6 1 
[00001618] 3 | 4 8 0 7 _ 2 5 6 1 
[00001619] 4 | _ 8 0 7 4 2 _ 6 1 
[00001620] 3 | 5 8 0 7 4 2 _ 6 1 
[00001621] 3 | _ 8 0 7 4 2 5 6 1 
[00001622] 7 | _ 8 0 _ 7 _ _ _ _ 
[00001623] 6 | 2 8 0 _ 7 _ _ _ _ 
[00001624] 5 | 2 8 0 5 7 _ _ _ _ 
[00001625] 4 | 2 8 0 5 7 4 _ _ _ 
[00001626] 3 | 2 8 0 5 7 4 1 _ _ 
[00001627] 2 | 2 8 0 5 7 4 1 6 _ 
[00001628] 3 | 2 8 0 5 7 4 _ 1 _ 
[00001629] 2 | 2 8 0 5 7 4 6 1 _ 
