[00003349] 3 | _ 0 6 2 _ 8 1 3 6 
[00003350] 4 | _ 0 6 _ 2 8 1 3 _ 
[00003351] 3 | 3 0 6 _ 2 8 1 3 _ 
[00003352] 2 | 3 0 6 4 2 8 1 3 _ 
[00003353] 3 | _ 0 6 3 2 8 1 3 _ 
[00003354] 3 | _ 0 6 _ 2 8 1 3 0 
[00003355] 2 | _ 0 6 4 2 8 1 3 0 
[00003356] 3 | _ 0 6 _ 2 8 1 3 6 
[00003357] 4 | _ 0 6 _ _ 8 1 3 7 
[00003358] 5 | _ 0 6 _ _ 8 1 2 7 
[00003359] 4 | 4 0 6 _ _ 8 1 2 7 
[00003360] 3 | 4 0 6 3 _ 8 1 2 7 
[00003361] 3 | 4 0 6 _ 3 8 1 2 7 
[00003362] 5 | _ 0 6 _ _ 8 1 7 2 
[00003363] 4 | 4 0 6 _ _ 8 1 7 2 
[00003364] 3 | 4 0 6 3 _ 8 1 7 2 
[00003365] 3 | 4 0 6 _ 3 8 1 7 2 
[00003366] 6 | _ 0 _ _ _ 8 1 2 _ 
[00003367] 5 | 5 0 _ _ _ 8 1 2 _ 
[00003368] 4 | 5 0 4 _ _ 8 1 2 _ 
[00003369] 3 | 5 0 4 7 _ 8 1 2 _ 
[00003370] 2 | 5 0 4 7 2 8 1 2 _ 
[00003371] 2 | 5 0 4 7 6 8 1 2 _ 
[00003372] 1 | 5 0 4 7 6 8 1 2 3  *Graceful*
[00003372] 2 | 5 0 4 7 _ 8 1 2 4 
[00003373] 3 | 5 0 4 _ 7 8 1 2 _ 
[00003374] 2 | 5 0 4 2 7 8 1 2 _ 
[00003375] 2 | 5 0 4 6 7 8 1 2 _ 
[00003376] 1 | 5 0 4 6 7 8 1 2 3  *Graceful*
[00003376] 2 | 5 0 4 _ 7 8 1 2 4 
[00003377] 4 | 5 0 3 7 _ 8 1 2 _ 
[00003378] 3 | 5 0 3 7 6 8 1 2 _ 
[00003379] 2 | 5 0 3 7 6 8 1 2 4 
[00003380] 4 | 5 0 7 3 _ 8 1 2 _ 
[00003381] 3 | 5 0 7 3 4 8 1 2 _ 
[00003382] 4 | 5 0 3 _ 7 8 1 2 _ 
[00003383] 3 | 5 0 3 6 7 8 1 2 _ 
[00003384] 2 | 5 0 3 6 7 8 1 2 4 
[00003385] 4 | 5 0 7 _ 3 8 1 2 _ 
[00003386] 3 | 5 0 7 4 3 8 1 2 _ 
[00003387] 4 | 5 0 _ _ _ 8 1 2 6 
[00003388] 3 | 5 0 3 _ _ 8 1 2 6 
[00003389] 3 | 5 0 4 7 _ 8 1 2 6 
[00003390] 3 | 5 0 7 4 _ 8 1 2 6 
[00003391] 3 | 5 0 4 _ 7 8 1 2 6 
[00003392] 3 | 5 0 7 _ 4 8 1 2 6 
[00003393] 5 | _ 0 5 _ _ 8 1 2 _ 
[00003394] 4 | 4 0 5 _ _ 8 1 2 _ 
[00003395] 3 | 4 0 5 2 _ 8 1 2 _ 
[00003396] 2 | 4 0 5 2 3 8 1 2 _ 
