[00005742] 4 | _ 2 1 6 5 8 _ 0 7 
[00005743] 4 | _ 2 1 6 _ 8 4 0 7 
[00005744] 3 | 5 2 1 6 _ 8 4 0 7 
[00005745] 2 | 5 2 1 6 3 8 4 0 7 
[00005746] 1 | 5 2 1 6 3 8 4 0 7  *Graceful*
[00005746] 5 | _ 2 6 1 _ 8 _ 0 7 
[00005747] 4 | 6 2 6 1 _ 8 _ 0 7 
[00005748] 3 | 6 2 6 1 _ 8 5 0 7 
[00005749] 4 | _ 2 6 1 2 8 _ 0 7 
[00005750] 3 | _ 2 6 1 2 8 5 0 7 
[00005751] 4 | _ 2 6 1 _ 8 4 0 7 
[00005752] 3 | 5 2 6 1 _ 8 4 0 7 
[00005753] 3 | _ 2 6 1 3 8 4 0 7 
[00005754] 5 | _ 2 1 _ 6 8 _ 0 7 
[00005755] 4 | _ 2 1 5 6 8 _ 0 7 
[00005756] 4 | _ 2 1 _ 6 8 4 0 7 
[00005757] 3 | 5 2 1 _ 6 8 4 0 7 
[00005758] 2 | 5 2 1 3 6 8 4 0 7 
[00005759] 1 | 5 2 1 3 6 8 4 0 7  *Graceful*
[00005759] 5 | _ 2 6 _ 1 8 _ 0 7 
[00005760] 4 | 6 2 6 _ 1 8 _ 0 7 
[00005761] 3 | 6 2 6 _ 1 8 5 0 7 
[00005762] 4 | _ 2 6 2 1 8 _ 0 7 
[00005763] 3 | _ 2 6 2 1 8 5 0 7 
[00005764] 4 | _ 2 6 _ 1 8 4 0 7 
[00005765] 3 | 5 2 6 _ 1 8 4 0 7 
[00005766] 3 | _ 2 6 3 1 8 4 0 7 
[00005767] 5 | _ 2 _ _ _ 8 3 0 7 
[00005768] 4 | 6 2 _ _ _ 8 3 0 7 
[00005769] 3 | 6 2 5 _ _ 8 3 0 7 
[00005770] 3 | 6 2 1 4 _ 8 3 0 7 
[00005771] 3 | 6 2 4 1 _ 8 3 0 7 
[00005772] 3 | 6 2 1 _ 4 8 3 0 7 
[00005773] 3 | 6 2 4 _ 1 8 3 0 7 
[00005774] 4 | _ 2 6 _ _ 8 3 0 7 
[00005775] 3 | 5 2 6 _ _ 8 3 0 7 
[00005776] 2 | 5 2 6 4 _ 8 3 0 7 
[00005777] 2 | 5 2 6 _ 4 8 3 0 7 
[00005778] 4 | _ 2 1 5 _ 8 3 0 7 
[00005779] 3 | _ 2 1 5 4 8 3 0 7 
[00005780] 4 | _ 2 5 1 _ 8 3 0 7 
[00005781] 3 | 5 2 5 1 _ 8 3 0 7 
[00005782] 3 | _ 2 5 1 2 8 3 0 7 
[00005783] 4 | _ 2 1 _ 5 8 3 0 7 
[00005784] 3 | _ 2 1 4 5 8 3 0 7 
[00005785] 4 | _ 2 5 _ 1 8 3 0 7 
[00005786] 3 | 5 2 5 _ 1 8 3 0 7 
[00005787] 3 | _ 2 5 2 1 8 3 0 7 
[00005788] 6 | _ _ _ _ _ 8 2 0 7 
[00005789] 5 | 1 6 _ _ _ 8 2 0 7 
