[00005372] 3 | 5 2 7 _ 3 0 6 8 1 
[00005373] 3 | _ 2 7 4 3 0 6 8 1 
[00005374] 5 | _ 7 2 _ _ 0 6 8 1 
[00005375] 5 | _ _ 2 7 _ 0 6 8 1 
[00005376] 4 | _ 4 2 7 _ 0 6 8 1 
[00005377] 3 | _ 4 2 7 5 0 6 8 1 
[00005378] 5 | _ _ 7 2 _ 0 6 8 1 
[00005379] 4 | _ 3 7 2 _ 0 6 8 1 
[00005380] 3 | _ 3 7 2 4 0 6 8 1 
[00005381] 2 | 5 3 7 2 4 0 6 8 1 
[00005382] 4 | _ _ 7 2 3 0 6 8 1 
[00005383] 3 | _ 4 7 2 3 0 6 8 1 
[00005384] 4 | _ 4 7 2 _ 0 6 8 1 
[00005385] 3 | 7 4 7 2 _ 0 6 8 1 
[00005386] 3 | _ 4 7 2 4 0 6 8 1 
[00005387] 5 | _ _ 2 _ 7 0 6 8 1 
[00005388] 4 | _ 4 2 _ 7 0 6 8 1 
[00005389] 3 | _ 4 2 5 7 0 6 8 1 
[00005390] 5 | _ _ 7 _ 2 0 6 8 1 
[00005391] 4 | _ 3 7 _ 2 0 6 8 1 
[00005392] 3 | _ 3 7 4 2 0 6 8 1 
[00005393] 2 | 5 3 7 4 2 0 6 8 1 
[00005394] 4 | _ _ 7 3 2 0 6 8 1 
[00005395] 3 | _ 4 7 3 2 0 6 8 1 
[00005396] 4 | _ 4 7 _ 2 0 6 8 1 
[00005397] 3 | 7 4 7 _ 2 0 6 8 1 
[00005398] 3 | _ 4 7 4 2 0 6 8 1 
[00005399] 5 | _ 5 _ _ _ 0 6 8 1 
[00005400] 4 | _ 5 3 7 _ 0 6 8 1 
[00005401] 3 | 2 5 3 7 _ 0 6 8 1 
[00005402] 4 | _ 5 7 3 _ 0 6 8 1 
[00005403] 3 | 2 5 7 3 _ 0 6 8 1 
[00005404] 3 | _ 5 7 3 4 0 6 8 1 
[00005405] 4 | _ 5 3 _ 7 0 6 8 1 
[00005406] 3 | 2 5 3 _ 7 0 6 8 1 
[00005407] 4 | _ 5 7 _ 3 0 6 8 1 
[00005408] 3 | 2 5 7 _ 3 0 6 8 1 
[00005409] 3 | _ 5 7 4 3 0 6 8 1 
[00005410] 8 | _ _ _ _ _ 8 _ 0 _ 
[00005411] 7 | _ 1 _ _ _ 8 _ 0 _ 
[00005412] 6 | 7 1 _ _ _ 8 _ 0 _ 
[00005413] 5 | 7 1 6 _ _ 8 _ 0 _ 
[00005414] 4 | 7 1 6 2 _ 8 _ 0 _ 
[00005415] 3 | 7 1 6 2 3 8 _ 0 _ 
[00005416] 3 | 7 1 6 2 _ 8 5 0 _ 
[00005417] 2 | 7 1 6 2 4 8 5 0 _ 
[00005418] 3 | 7 1 6 2 _ 8 _ 0 3 
[00005419] 2 | 7 1 6 2 4 8 _ 0 3 
[00005420] 2 | 7 1 6 2 8 8 _ 0 3 
[00005421] 2 | 7 1 6 2 _ 8 6 0 3 
